text,top_class,hate_speech,offensive_language,neither
moist,neither,0.03945320844208391,0.33037608806864915,0.630170703489267
"I can tell, and this is 100% butts.",neither,0.04590295808990604,0.29123961522381075,0.6628574266862831
lupoK lupoK lupoK lupoK lupoK lupoK lupoK lupoK lupoK lupoK lupoK,neither,0.03945320844208391,0.33037608806864915,0.630170703489267
!destiny trials elo,neither,0.03945320844208391,0.33037608806864915,0.630170703489267
MOIST BUTTS @CelestialPoodle,neither,0.03945320844208391,0.33037608806864915,0.630170703489267
moister than moisture?,neither,0.03896525118373017,0.3386579962098789,0.6223767526063909
@TheSlowestBr0 dude I'm sooooo HYPE and I dont even snipe,neither,0.03833291551531961,0.3141471860598347,0.6475198984248458
I will fight anyone who says that word,neither,0.0378708035805547,0.3984540659478372,0.5636751304716081
!destiny elo,neither,0.03945320844208391,0.33037608806864915,0.630170703489267
!destiny Trials KD,neither,0.03945320844208391,0.33037608806864915,0.630170703489267
Y'ALL NASTY,neither,0.04267620206083446,0.4559396471200766,0.5013841508190888
leahFITE leahFITE leahFITE,neither,0.03945320844208391,0.33037608806864915,0.630170703489267
MOIST,neither,0.03945320844208391,0.33037608806864915,0.630170703489267
@Royalwolf7 I got blindsided by that announcement and was moist,neither,0.03494685149641015,0.41217311357406317,0.5528800349295268
I'm afraid to ask what my elo is lol,neither,0.03795047168100185,0.4507619498306804,0.5112875784883177
seddhir has just re-subscribed to the stream for 3 months in a row!,neither,0.047209768464342786,0.28926846116331856,0.6635217703723386
gjakeF gjakeF gjakeF gjakeF gjakeF gjakeF gjakeF gjakeF gjakeF gjakeF lupoK lupoK lupoK lupoK lupoK lupoK lupoK lupoK lupoK lupoK lupoK lupoLOVE lupoLOVE lupoLOVE lupoLOVE lupoLOVE lupoLOVE lupoLOVE lupoLOVE,neither,0.03945320844208391,0.33037608806864915,0.630170703489267
!subhype,neither,0.03945320844208391,0.33037608806864915,0.630170703489267
lupoK lupoK lupoK lupoK lupoK BULLCRAP lupoHYPE lupoLOVE lupoHYPE lupoLOVE lupoHYPE lupoLOVE lupoHYPE lupoLOVE lupoHYPE lupoLOVE lupoHYPE lupoLOVE lupoHYPE lupoLOVE lupoHYPE lupoLOVE lupoHYPE lupoLOVE lupoHYPE BULLCRAP lupoK lupoK lupoK lupoK lupoK,neither,0.03945320844208391,0.33037608806864915,0.630170703489267
@Wynced i'll fight you the most,neither,0.05838501504733193,0.3634833544976168,0.5781316304550513
@DrLupo you look a little low on coins Kappa,neither,0.049403164189408585,0.3754267939418323,0.5751700418687592
@DrLupo you wanna give me a couple hundred of those coins?,neither,0.0621965913982594,0.33821537943513524,0.5995880291666054
"@CelestialPoodle, You better! How puppy feels?",neither,0.05396492672144513,0.37155483481137386,0.574480238467181
@TheSlowestBr0 I haven't even watched the trailer yet. See chat talkin about it yesterday and almost jumped out of my seat,neither,0.0786494587638914,0.39339612075381036,0.5279544204822982
lol,neither,0.020706217963973744,0.4882283491876925,0.4910654328483337
"@DrLupo, dammit, there's gonna be posts on dtg now because of you",neither,0.04767921644730043,0.37781984201367813,0.5745009415390214
xlxlegendzxlx has just re-subscribed to the stream for 4 months in a row!,neither,0.047209768464342786,0.28926846116331856,0.6635217703723386
guys who won the xbox tourney?,neither,0.03894838446162798,0.3758553936974342,0.585196221840938
g,neither,0.03945320844208391,0.33037608806864915,0.630170703489267
!subhype,neither,0.03945320844208391,0.33037608806864915,0.630170703489267
lupoK lupoK lupoK lupoK lupoK BULLCRAP lupoHYPE lupoLOVE lupoHYPE lupoLOVE lupoHYPE lupoLOVE lupoHYPE lupoLOVE lupoHYPE lupoLOVE lupoHYPE lupoLOVE lupoHYPE lupoLOVE lupoHYPE lupoLOVE lupoHYPE lupoLOVE lupoHYPE BULLCRAP lupoK lupoK lupoK lupoK lupoK,neither,0.03945320844208391,0.33037608806864915,0.630170703489267
SeemsGood,neither,0.03945320844208391,0.33037608806864915,0.630170703489267
Peepee tingles when I watch you play gjakeK,neither,0.05270075194858366,0.4564544445178147,0.49084480353360155
triplePLS,neither,0.03945320844208391,0.33037608806864915,0.630170703489267
@drlupo there actually is a notification bug ahahah spampsn it is,neither,0.05016267207453593,0.29701327508682634,0.6528240528386378
@drlupo you SAVAGE!,neither,0.06541616649355869,0.4011596190927565,0.5334242144136848
terrible,neither,0.03945320844208391,0.33037608806864915,0.630170703489267
Downloaded the xbox app just so I can message him too.,neither,0.036004968058120965,0.3611912738300877,0.6028037581117914
"Yes, I play on mouse and keyboard. For information, try !mnk or !whymnk. Thanks!",neither,0.03348933748276678,0.2927381170528408,0.6737725454643925
lol,neither,0.020706217963973744,0.4882283491876925,0.4910654328483337
"i've been spammed a couple of times, cant believe peope would actually money for this crap that you can easily turn off",neither,0.028929589486526543,0.342776400706584,0.6282940098068894
@mo9eeba1 ikr,neither,0.03945320844208391,0.33037608806864915,0.630170703489267
!song,neither,0.038601720699969956,0.3448280572582511,0.616570222041779
"Royalwolf7 -> ""Martin Garrix & Bebe Rexha - In The Name Of Love (Official Video)"" by Martin Garrix is the current song. It was requested by bigjohnson12140 - https://youtu.be/RnBT9uUYb1w",neither,0.04334107429784984,0.3247415889794887,0.6319173367226615
the taikonaut helmet in year 3 lupoK,neither,0.038029138800435694,0.30389578649620663,0.6580750747033577
My Pepee is so un flaccid. From the epic thing of doing things,neither,0.03634278542117611,0.391223164863299,0.5724340497155249
!oprah,neither,0.03945320844208391,0.33037608806864915,0.630170703489267
"You get a headshot, and you get a headshot! Everybody gets HEADSHOTS!!!! https://clips.twitch.tv/drlupo/FrailScorpionDendiFace",neither,0.058552946774368855,0.37011820668929835,0.5713288465363329
!oprah,neither,0.03945320844208391,0.33037608806864915,0.630170703489267
"Gonna bounce, have a good one strim, @DrLupo. I'll keep an eye out for the reveal lupoLOVE",neither,0.035318770531925794,0.3610366204394129,0.6036446090286612
@DrLupo thanks again man and best of luck to you guys (NINJAfastThumbs),neither,0.051564798427840106,0.375702817448544,0.5727323841236159
Multi-Stream Link: http://kadgar.net/live/drlupo/,neither,0.03993770193144703,0.2602568920393204,0.6998054060292326
"@DanMcClain, night!",neither,0.02550723072422885,0.32941079269047424,0.6450819765852968
damnit,neither,0.03945320844208391,0.33037608806864915,0.630170703489267
lupoCORN lupoCORN lupoCORN lupoCORN lupoCORN,neither,0.03945320844208391,0.33037608806864915,0.630170703489267
bye dan!,neither,0.03945320844208391,0.33037608806864915,0.630170703489267
"@SteveGives, lupoK",neither,0.03945320844208391,0.33037608806864915,0.630170703489267
!butts,neither,0.03945320844208391,0.33037608806864915,0.630170703489267
Yours is nice. lupoYE,neither,0.04954555635252868,0.3269048668315529,0.6235495768159186
both doesn't know?,neither,0.03945320844208391,0.33037608806864915,0.630170703489267
gjakeSnipe gjakeSnipe gjakeSnipe gjakeSnipe gjakeSnipe gjakeSnipe gjakeSnipe gjakeSnipe gjakeSnipe gjakeSnipe gjakeSnipe truevHeadshot truevHeadshot truevHeadshot truevHeadshot truevHeadshot truevHeadshot truevHeadshot truevHeadshot truevHeadshot truevHeadshot truevHeadshot truevHeadshot truevHeadshot truevHeadshot truevHeadshot,neither,0.03945320844208391,0.33037608806864915,0.630170703489267
"@Marcossaccardo, correct",neither,0.03945320844208391,0.33037608806864915,0.630170703489267
@Siulaim I won't screw up the title on my way out lupoYE,neither,0.025380610226144643,0.4357053547446434,0.538914035029212
"@DanMcClain, tbh, i think all of the mods have done that at some point lol",neither,0.02589623036522491,0.4721151441326108,0.5019886255021643
!song,neither,0.038601720699969956,0.3448280572582511,0.616570222041779
"Royalwolf7 -> ""La Roux 'In For The Kill' - Skrillex remix"" by Skrillex is the current song. It was requested by DrLupo - https://youtu.be/CpEOErRV-u4",neither,0.15483996088420804,0.2853129976336276,0.5598470414821644
Damn I love sweet potato casserole...,offensive_language,0.04184020593559461,0.7078038525900159,0.25035594147438944
Sup,neither,0.03945320844208391,0.33037608806864915,0.630170703489267
how is it going @drlupo ? Hope all is well,neither,0.10100334912989928,0.30196561587059473,0.597031034999506
!bt DrLupo,neither,0.03945320844208391,0.33037608806864915,0.630170703489267
davydedu07 ( ＾◡＾)っ(‿|‿) DrLupo,neither,0.03945320844208391,0.33037608806864915,0.630170703489267
daaaaaaamn,neither,0.03945320844208391,0.33037608806864915,0.630170703489267
hhahahahahaha,neither,0.03945320844208391,0.33037608806864915,0.630170703489267
whats up!,neither,0.03597034933595279,0.4023906385329718,0.5616390121310755
lupoHYPE lupoHYPE lupoHEY lupoHEY lupoHEY lupoLOVE,neither,0.03945320844208391,0.33037608806864915,0.630170703489267
nice,neither,0.03945320844208391,0.33037608806864915,0.630170703489267
lol lupo,neither,0.020706217963973744,0.4882283491876925,0.4910654328483337
gjakeLg gjakeLg gjakeLg gjakeLg gjakeLg gjakeLg gjakeLg gjakeLg gjakeLg truevHeadshot truevHeadshot truevHeadshot truevHeadshot truevHeadshot truevHeadshot truevHeadshot truevHeadshot truevHeadshot truevHeadshot truevHeadshot truevHeadshot truevHeadshot truevHeadshot gjakeSnipe gjakeSnipe gjakeSnipe gjakeSnipe gjakeSnipe gjakeSnipe gjakeSnipe gjakeSnipe gjakeSnipe gjakeSnipe gjakeSnipe gjakeSnipe,neither,0.03945320844208391,0.33037608806864915,0.630170703489267
dont choke it,neither,0.037726448692509545,0.3309699999281365,0.631303551379354
the unbroken,neither,0.03613032604487659,0.2619290779399786,0.7019405960151449
"lupoK lupoCHOO 3W, 0L, Mercy Used: No lupoCHOO lupoK",neither,0.03863476957711121,0.3442671315624675,0.6170980988604212
"@ozekken, lupoLOVE ggs man",offensive_language,0.040018442559345856,0.5018538837344726,0.4581276737061815
Rip!!!!!!!,neither,0.03945320844208391,0.33037608806864915,0.630170703489267
xD 15!,neither,0.03945320844208391,0.33037608806864915,0.630170703489267
"@mo9eeba1, k i won't",neither,0.03945320844208391,0.33037608806864915,0.630170703489267
that failed head glitch doe,neither,0.03549862121511406,0.38064769823825,0.5838536805466359
lupoPLS,neither,0.03945320844208391,0.33037608806864915,0.630170703489267
save tha clip,neither,0.03945320844208391,0.33037608806864915,0.630170703489267
lol,neither,0.020706217963973744,0.4882283491876925,0.4910654328483337
AYOOO,neither,0.03945320844208391,0.33037608806864915,0.630170703489267
labDONUT labDONUT labDONUT labDONUT,neither,0.03945320844208391,0.33037608806864915,0.630170703489267
dayum you went unbroken,neither,0.05871369920030586,0.3841335049528446,0.5571527958468495
lupoPLS lupoPLS lupoPLS lupoPLS lupoPLS lupoPLS lupoPLS lupoPLS lupoPLS lupoPLS lupoPLS lupoPLS,neither,0.03945320844208391,0.33037608806864915,0.630170703489267
noice bb,neither,0.03945320844208391,0.33037608806864915,0.630170703489267
sh55MOM sh55MOM sh55MOM sh55MOM,neither,0.03945320844208391,0.33037608806864915,0.630170703489267
sneaky run?,neither,0.03945320844208391,0.33037608806864915,0.630170703489267
walnuts,neither,0.03945320844208391,0.33037608806864915,0.630170703489267
"Lmao ""we didn't do shit""",offensive_language,0.029378461508990532,0.9700416460557731,0.0005798924352363088
teaDino,neither,0.03945320844208391,0.33037608806864915,0.630170703489267
You're awesome Lupo!,neither,0.10176143665553994,0.3501038203401265,0.5481347430043336
UNBROKE,neither,0.03945320844208391,0.33037608806864915,0.630170703489267
"@bigjohnson12140, no u",neither,0.036918905254960256,0.37338982715841207,0.5896912675866277
lupoPLS,neither,0.03945320844208391,0.33037608806864915,0.630170703489267
realy like this remix,neither,0.05330544342117896,0.3522387996789258,0.5944557568998953
"You did that earlier too, right @DrLupo ?",neither,0.04890710182097952,0.4365734746123663,0.5145194235666541
"@FLGater, lupoK yesterday",neither,0.03945320844208391,0.33037608806864915,0.630170703489267
Remember your MadCatz controller! @drlupo,neither,0.07130188129458997,0.321526868121567,0.6071712505838431
do you know elusive?,neither,0.08324301800863958,0.4293846570591668,0.48737232493219357
"Yes, I play on mouse and keyboard. For information, try !mnk or !whymnk. Thanks!",neither,0.03348933748276678,0.2927381170528408,0.6737725454643925
No head glitch here. Was just trying to actually get a kill lmao. Gg drlupo,neither,0.28736412631701364,0.25853295541442967,0.4541029182685568
DAmn fine stuff sir @DrLupo,offensive_language,0.04464141712716644,0.7467185939678761,0.20863998890495744
i know him from the last two days of failing to run with him,neither,0.03647614412564482,0.32649646888414197,0.6370273869902132
SKRILLEX,neither,0.03945320844208391,0.33037608806864915,0.630170703489267
Btw this is demonmind lmao,neither,0.0475357297503211,0.34832834262385115,0.6041359276258277
or did you play with him before,neither,0.037580804843922296,0.4715411580247825,0.49087803713129524
"@j_scott82, hahaha, gg man! i was on fire, sorry about that.",neither,0.03293576053152801,0.4459493764210829,0.5211148630473891
"@DrLupo that was some good plays last game, but you can do better lupoK",neither,0.03803624687980919,0.37636902553343776,0.585594727586753
LETS FUCKING GO,offensive_language,0.1098961779793749,0.889951275628114,0.0001525463925110468
oh okay,neither,0.04703582915716655,0.25935202142858715,0.6936121494142462
"@j_scott82, lupoLOVE",neither,0.03945320844208391,0.33037608806864915,0.630170703489267
dubsteps!!!,neither,0.03945320844208391,0.33037608806864915,0.630170703489267
@drlupo I'm having trouble finding trials teams on lfg where should I look to find a pvp clan that's still populated with daily players,neither,0.042156049638799896,0.3361220507079363,0.6217218996532639
how many unbrokens have u gotten in trials @drlupo,neither,0.03893197837744319,0.3392227225676739,0.621845299054883
Fuckin love you bro,offensive_language,0.09749499590378892,0.9008420621706811,0.00166294192552993
why do you no longer do runs with rambo?,neither,0.034288967622611036,0.40432951277498524,0.5613815196024037
good evening @drlupo and chat,neither,0.0381754083598944,0.2949859105559468,0.6668386810841588
lupo with the sexual innuendo lulz,neither,0.025416540909428922,0.35681269330971727,0.6177707657808539
what does unbroken do exactly?,neither,0.03060354945727658,0.457050988962495,0.5123454615802283
"@mo9eeba1, ramb doesn't play much lately. busy with school",neither,0.029214066604058574,0.3579879143646273,0.6127980190313143
just a fancy medal,neither,0.03548953400432749,0.3489780767330088,0.6155323892626637
!setup,neither,0.03945320844208391,0.33037608806864915,0.630170703489267
Try the !buildx1 or !buildps commands!,neither,0.03814255297471983,0.3060970703417898,0.6557603766834904
"@MrsDrLupo, lupoHEY lupoWIFE I feel like its been forever since we've talked!",neither,0.024590526065376404,0.33324706875760335,0.6421624051770204
Wow,neither,0.03945320844208391,0.33037608806864915,0.630170703489267
also tell your brother I say hey,neither,0.06659040769197554,0.32284460831395917,0.6105649839940652
Ramb is my soul animal,neither,0.03454899980098454,0.4162508999146813,0.5492001002843341
"Hahahahhahaha ""damn!""",offensive_language,0.042479326866149344,0.9516554255713155,0.005865247562535126
"@ItsTaylorTime, hiiiii how you!?",offensive_language,0.09606007884474042,0.46897323178395467,0.4349666893713049
!buildps,neither,0.03945320844208391,0.33037608806864915,0.630170703489267
lowkey,neither,0.03945320844208391,0.33037608806864915,0.630170703489267
and your brother!,neither,0.08808702602767932,0.2601540714756819,0.6517589024966387
"﻿ Businessman24: DrLupo-'s build is Nightstalker [Spike Grenade, Better Control, Black Hole, Envenomed, Path Forbidden, Lockdown, Way of the Nomad, Keen Scout].",neither,0.052301478217815715,0.31343093461744387,0.6342675871647404
I say Hi to all of your brothers,neither,0.08111846396306303,0.383512778488725,0.535368757548212
lupoHEY,neither,0.03945320844208391,0.33037608806864915,0.630170703489267
lmao that crouch,neither,0.030393733713186894,0.44179634569455856,0.5278099205922546
!special,neither,0.11023555225710363,0.29265026762434604,0.5971141801185504
Try the !specialx1 or !specialps commands!,neither,0.03814255297471983,0.3060970703417898,0.6557603766834904
hahahahaha,neither,0.03945320844208391,0.33037608806864915,0.630170703489267
"@MrsDrLupo, home lol so I'm great. I love traveling but its always nice to come home.",neither,0.02946103801457792,0.4234296519009933,0.5471093100844288
How are you?,neither,0.19156335723385254,0.31525141242459664,0.49318523034155076
!specialx1,neither,0.03945320844208391,0.33037608806864915,0.630170703489267
"﻿ dippyd0g: DrLupo's special is But Not Forgotten [400] [Arc Damage, Linear Compensator, Injection Mold, Single Point Sling, Hidden Hand].",neither,0.055018323709655904,0.3270346124780026,0.6179470638123414
so savage,neither,0.03940828896139536,0.39018524630103246,0.5704064647375721
tripleDN,neither,0.03945320844208391,0.33037608806864915,0.630170703489267
Back to back unbroken??,neither,0.04788647555766292,0.32548579805027766,0.6266277263920593
lupoLOVE lupoLOVE lupoLOVE,neither,0.03945320844208391,0.33037608806864915,0.630170703489267
holy cow a phantom,neither,0.03945320844208391,0.33037608806864915,0.630170703489267
Chiver2007 has just subscribed to the stream!,neither,0.04068416685379741,0.3246301012664504,0.6346857318797522
!subhype,neither,0.03945320844208391,0.33037608806864915,0.630170703489267
lupoK lupoK lupoK lupoK lupoK BULLCRAP lupoHYPE lupoLOVE lupoHYPE lupoLOVE lupoHYPE lupoLOVE lupoHYPE lupoLOVE lupoHYPE lupoLOVE lupoHYPE lupoLOVE lupoHYPE lupoLOVE lupoHYPE lupoLOVE lupoHYPE lupoLOVE lupoHYPE BULLCRAP lupoK lupoK lupoK lupoK lupoK,neither,0.03945320844208391,0.33037608806864915,0.630170703489267
!subhype,neither,0.03945320844208391,0.33037608806864915,0.630170703489267
"phantom cow, what?",neither,0.04409426107893886,0.3270326436144394,0.6288730953066217
"Yes, I play on mouse and keyboard. For information, try !mnk or !whymnk. Thanks!",neither,0.03348933748276678,0.2927381170528408,0.6737725454643925
Lupo! stop! xD,offensive_language,0.03955985943432937,0.5175432020074249,0.44289693855824575
What console are you on today?,neither,0.0870358587589428,0.31139229761476017,0.601571843626297
xbox,neither,0.03945320844208391,0.33037608806864915,0.630170703489267
And hello everyone and @drlupo,neither,0.03268999086378724,0.3591887394905514,0.6081212696456614
they're not givin up the unbroken,neither,0.05139232171321707,0.340654091558275,0.607953586728508
i just realized i left a cup of tea steeping on the counter for the last half hour laceFail,neither,0.03213018241470378,0.3168020407024753,0.6510677768828209
"@mollymayisme, rip",neither,0.03945320844208391,0.33037608806864915,0.630170703489267
hello @mborquez69,neither,0.03945320844208391,0.33037608806864915,0.630170703489267
I heard this is the station for the train to Lithaus?,neither,0.04453564543164803,0.2837335718137821,0.6717307827545699
oooo hot chocolate sounds good,neither,0.038849812948364204,0.33058362344800324,0.6305665636036325
"@Chrisg2003bt, lupoCHOO",neither,0.03945320844208391,0.33037608806864915,0.630170703489267
@mollymayisme but that's what microwaves are for OSsloth,neither,0.05305019910648872,0.30553141879074747,0.6414183821027638
@Siulaim i know. brownRIP,neither,0.03945320844208391,0.33037608806864915,0.630170703489267
@puhpuhpanda hey!!,neither,0.03945320844208391,0.33037608806864915,0.630170703489267
