text,top_class,hate_speech,offensive_language,neither
"@Nunomiguel25, english only in chat please",neither,0.03945320844208391,0.33037608806864915,0.630170703489267
"@kjhovey, How you doing? You been hoveyLurk ing around these parts for a while?",neither,0.06514597770535398,0.4289739936471931,0.505880028647453
@kjhovey @drlupo aww this is cute wylP 😂,neither,0.05033373463079266,0.29606414850714136,0.6536021168620659
@xalexauditorex I almost always lurk in streams :p,neither,0.037847094009258356,0.3804464683453412,0.5817064376454004
AHHHH ShazBotstix,neither,0.03945320844208391,0.33037608806864915,0.630170703489267
@siulaim is my friend dude didnt say nothing bad,neither,0.03160085307857961,0.42725536000535386,0.5411437869160667
i'm learning some shitss :D,neither,0.030716757467055683,0.345760819836804,0.6235224226961402
@carisa_the_killer me KappaHD,neither,0.018491955366437673,0.460246435692358,0.5212616089412043
"@Nunomiguel25, yeah i know b/c i checked bb. but i don't want to have to check a different language constantly to make sure people aren't saying bad things. lupoLOVE",neither,0.04005968402790363,0.4339932365406481,0.5259470794314484
@captainvitss lolol,neither,0.03945320844208391,0.33037608806864915,0.630170703489267
is car short for carriage ?,neither,0.041065194310953027,0.29583073448662695,0.66310407120242
"Yes, I play on mouse and keyboard. For information, try !mnk or !whymnk. Thanks!",neither,0.03348933748276678,0.2927381170528408,0.6737725454643925
"@Tolga87, eh?",neither,0.03945320844208391,0.33037608806864915,0.630170703489267
God damn that snipe,offensive_language,0.04118920691952934,0.7833388646736714,0.1754719284067993
That Titan is sads,neither,0.05154613418987003,0.42924314326430335,0.5192107225458266
"@Tolga87, you mean on his keyboard?",neither,0.08336066979338203,0.38995468108320236,0.5266846491234156
tf just happend,neither,0.03498846305058419,0.35143239114757874,0.613579145801837
umm..let's not,neither,0.02276255648628846,0.37035589197448954,0.606881551539222
no i mean in general. like a police car,neither,0.04726983331291832,0.3544938901407682,0.5982362765463135
"@Tolga87, uh....idk, i think it's just its own word",neither,0.047106270606596674,0.33582701687070715,0.6170667125226961
@siulaim relax dude i am an adult i know my behavior,neither,0.0310751022618284,0.3904475217020634,0.578477376036108
"@kjhovey, I was just wondering because @DrLupo & me touched butts earlier, didn't want you to see & get jealous lupoNERD",neither,0.03493138731604159,0.410465868164512,0.5546027445194462
but idk maybe it was initially,neither,0.03442291035387317,0.34354268204247485,0.6220344076036519
"@Siulaim, relax dude lupoK lupoK lupoK lupoK lupoK lupoK lupoK lupoK lupoK lupoK lupoK lupoK",neither,0.03945320844208391,0.33037608806864915,0.630170703489267
lol ok,neither,0.027859758896749676,0.41944359081641786,0.5526966502868326
muttut has just re-subscribed to the stream for 4 months in a row!,neither,0.047209768464342786,0.28926846116331856,0.6635217703723386
"@Mai7Viac, lupoK",neither,0.03945320844208391,0.33037608806864915,0.630170703489267
"@siulaim Yeah ""dude"" relax KappaHD",neither,0.023768245955883338,0.4391962299602086,0.5370355240839081
@xalexauditorex you're never around for me to touch your butt anymore ;_;,neither,0.08947393537955381,0.39412248285675744,0.5164035817636887
lol,neither,0.020706217963973744,0.4882283491876925,0.4910654328483337
"@kjhovey, I've been taking care of our baby, that thing requires lots of attention lupoCRY",neither,0.024958001543225295,0.3442815109803895,0.6307604874763851
CRISPY MUTHER trucking shots,neither,0.03945320844208391,0.33037608806864915,0.630170703489267
Then tough other peoples butts kjhovey Kappa b,neither,0.03945320844208391,0.33037608806864915,0.630170703489267
at least he was kind enough to say sorry,neither,0.04821527593271817,0.3453850069189317,0.6063997171483502
he could have been a divk,neither,0.04526230963933465,0.3460903939592738,0.6086472964013915
!subhype,neither,0.03945320844208391,0.33037608806864915,0.630170703489267
lupoK lupoK lupoK lupoK lupoK BULLCRAP lupoHYPE lupoLOVE lupoHYPE lupoLOVE lupoHYPE lupoLOVE lupoHYPE lupoLOVE lupoHYPE lupoLOVE lupoHYPE lupoLOVE lupoHYPE lupoLOVE lupoHYPE lupoLOVE lupoHYPE lupoLOVE lupoHYPE BULLCRAP lupoK lupoK lupoK lupoK lupoK,neither,0.03945320844208391,0.33037608806864915,0.630170703489267
PHD IN DOMESHOTS HELL YEAH lupoCAW,offensive_language,0.024580209844297065,0.863501505646414,0.11191828450928878
lets fukin Goo!!,neither,0.038627017742664034,0.34439870042371185,0.616974281833624
lupo knows the fallen,neither,0.03856169263678971,0.3140708091858684,0.6473674981773418
"@xalexauditorex haha, the thing is just always pooping",neither,0.03565540166331644,0.45104123410365987,0.5133033642330236
!song,neither,0.038601720699969956,0.3448280572582511,0.616570222041779
"LUPEE5000 -> ""Reece Low - Circus [ Ministry Of Sound ]"" by DanceCondoMusic is the current song. It was requested by DrLupo - https://youtu.be/TFtbuufWszY",neither,0.04330687141118124,0.373341803833183,0.5833513247556359
good plays,neither,0.038603349900201235,0.3306683933919781,0.6307282567078207
one butt touch for that,neither,0.032933071004932424,0.4051574162580356,0.5619095127370318
Hey @nanabatman,neither,0.03945320844208391,0.33037608806864915,0.630170703489267
Is that titan lagging? I swear he just telepunched,neither,0.04326255766724355,0.38017608217191934,0.576561360160837
"@kjhovey, It's true, the diapers get all icky & loodexy, @Ps_Petrucci can tell you all about that OSsloth",offensive_language,0.04711694901406147,0.5189248490428285,0.4339582019431099
dat playdoe,neither,0.03945320844208391,0.33037608806864915,0.630170703489267
@kjhovey hey dude looking to get a good Zelda game to start playing. Any recommendations from the Zelda king?,neither,0.04441190112975416,0.2985563047569108,0.657031794113335
Hovey! hoveyLove,neither,0.03945320844208391,0.33037608806864915,0.630170703489267
lol,neither,0.020706217963973744,0.4882283491876925,0.4910654328483337
hahahahaha,neither,0.03945320844208391,0.33037608806864915,0.630170703489267
hes just messing around or what,neither,0.03988223563053623,0.34435760984235886,0.615760154527105
LOL,neither,0.020706217963973744,0.4882283491876925,0.4910654328483337
that man looked like swiss cheese by the end of that engagement,neither,0.04085743951518419,0.4522881362078914,0.5068544242769245
lupoHYPE ninjasHYPE rambHYPE ninjasHYPE lupoHYPE ninjasHYPE rambHYPE ninjasHYPE lupoHYPE,neither,0.03945320844208391,0.33037608806864915,0.630170703489267
HYPE lupoCHOO lupoCAW lupoBOT HYPE,neither,0.03945320844208391,0.33037608806864915,0.630170703489267
HYPE lupoNP lupoNP lupoNP HYPE,neither,0.03945320844208391,0.33037608806864915,0.630170703489267
"Hawkmoon, you're just not good enough anniFEELS",neither,0.074584608531193,0.37975838551446595,0.5456570059543409
so much bullet,neither,0.03508184982703806,0.3832678380074042,0.5816503121655577
And what a crispy snipe it was tripleGG,neither,0.041707333660413494,0.2985777885621851,0.6597148777774015
"@kjhovey, Can confirm, @XAlexAuditoreX is ICKY and LOODEXY!",neither,0.04752532220859208,0.28176530659710275,0.6707093711943052
HYPE lupoPLS lupoCAW lupoNERD HYPE,neither,0.03945320844208391,0.33037608806864915,0.630170703489267
HYPE lupoNP lupoNP lupoNP HYPE,neither,0.03945320844208391,0.33037608806864915,0.630170703489267
these guys are getting wreckkkkkedd,offensive_language,0.08432507891080807,0.46030393965373073,0.4553709814354612
This man is il,neither,0.048126196939099856,0.3942663501102073,0.5576074529506929
tripleSL,neither,0.03945320844208391,0.33037608806864915,0.630170703489267
I smell an Unbroken anniBAD,neither,0.03991191159288063,0.3225906984797991,0.6374973899273204
"@Ps_Petrucci, anniBAD",neither,0.03945320844208391,0.33037608806864915,0.630170703489267
poshWUT,neither,0.03945320844208391,0.33037608806864915,0.630170703489267
I love watching juggs fly.,neither,0.03624433455194408,0.3453632417040743,0.6183924237439816
jesus the ghost bullets,neither,0.03870775262898402,0.31679699324512556,0.6444952541258905
"@XAlexAuditoreX, next week, first card of the week, you and I????",neither,0.042101290600695916,0.32953547778529707,0.6283632316140071
NOOOOOOOOOOOO,neither,0.03945320844208391,0.33037608806864915,0.630170703489267
"@Montsylvania, I love juggs too",neither,0.033889975192101275,0.36270656056286993,0.6034034642450288
rip unbroken,neither,0.03945320844208391,0.33037608806864915,0.630170703489267
@Montsylvania always,neither,0.03557448528484342,0.4519132619047061,0.5125122528104504
bingFeels bingFeels,neither,0.03945320844208391,0.33037608806864915,0.630170703489267
Ghost bullets,neither,0.03945320844208391,0.33037608806864915,0.630170703489267
"Yes, I play on mouse and keyboard. For information, try !mnk or !whymnk. Thanks!",neither,0.03348933748276678,0.2927381170528408,0.6737725454643925
??,neither,0.03945320844208391,0.33037608806864915,0.630170703489267
"@Ps_Petrucci, Sounds like a deal, I'll be free all evening too SeemsGood",neither,0.04859092023057322,0.3996515805241943,0.5517574992452323
!whymnk,neither,0.03945320844208391,0.33037608806864915,0.630170703489267
"Originally, I looked for an alternate input method that would allow me to rez/move/shoot/jump/etc at the same time. I also get hand cramps after playing for too long with a controller. I've put 4000+ hours over ~18 months into learning to play this way on Destiny. I also own an Elite controller. More info: https://goo.gl/DK62Er",neither,0.0347322164813712,0.33008293347562484,0.635184850043004
yo @XAlexAuditoreX lupoCRY lupoCRY,offensive_language,0.04010381111145228,0.5271105317972344,0.4327856570913131
"@XAlexAuditoreX, you jinxed it! Kappa",neither,0.05719212547160444,0.387105175002453,0.5557026995259425
sketch 4Head,neither,0.03945320844208391,0.33037608806864915,0.630170703489267
flying juggs?!?! where?!?!?!,neither,0.04180952453094384,0.2903832545457332,0.667807220923323
is it okay to say fuck in this stream?,offensive_language,0.18567138852611315,0.8079288667422271,0.006399744731659893
@citrus_breaker 2d or 3d?,neither,0.03945320844208391,0.33037608806864915,0.630170703489267
!caw,neither,0.03945320844208391,0.33037608806864915,0.630170703489267
"lupoCAW CAW CAW, CAW CAW! lupoCAW",neither,0.03945320844208391,0.33037608806864915,0.630170703489267
taylor's awake,neither,0.03945320844208391,0.33037608806864915,0.630170703489267
"@Tuckerg17, True, blame me anniFEELS",neither,0.03141989800187203,0.3742245145891888,0.5943555874089391
"@Tolga87, fuck yeah",offensive_language,0.10370730243492932,0.8962908387340361,1.8588310345579474e-06
gatsby ShazBotstix,neither,0.03945320844208391,0.33037608806864915,0.630170703489267
@inexorableace bb hoveyLove,neither,0.03945320844208391,0.33037608806864915,0.630170703489267
why the fuck not @Tolga87 ?,offensive_language,0.13091069567079852,0.8690731107470916,1.6193582109869834e-05
bingLUL,neither,0.03945320844208391,0.33037608806864915,0.630170703489267
SuperVinlin,neither,0.03945320844208391,0.33037608806864915,0.630170703489267
@kjhovey alright cool!,neither,0.03945320844208391,0.33037608806864915,0.630170703489267
Kappa,neither,0.03945320844208391,0.33037608806864915,0.630170703489267
"Oh look, it's @kjhovey, in whose stream I was lurking earlier today.",neither,0.04156512769023391,0.29065512412945915,0.6677797481803069
It's all your fault lupoLOVE @XAlexAuditoreX,neither,0.0834677447341093,0.41324840388882855,0.5032838513770622
ok. how's everyone doing? i'm bored as fuck,offensive_language,0.10859561358741635,0.8847138478633629,0.0066905385492207125
"@XAlexAuditoreX, I have friday's off so, anytime should be good!!! I don't know why we are talking in Lupo's chat, when we have discord and party chat and all other methods of communication.. but whatevs",neither,0.040893200506331925,0.37710653769715047,0.5820002617965176
"@Tuckerg17, lupoLOVE",neither,0.03945320844208391,0.33037608806864915,0.630170703489267
how do you use mnk on xb1/,offensive_language,0.01568082004351339,0.5284117525460609,0.4559074274104258
i dunno taylor. some streamers tend to get uncomfortable,neither,0.03733468587885872,0.344348403319072,0.6183169108020694
"@Tolga87, I am great. Watching lupo. Watching mav. Watching my wife taunt our cat.",neither,0.032690161638632344,0.3587998077574965,0.6085100306038711
"@Boozinski, using a xim4",neither,0.03325886872151324,0.43551019906520444,0.5312309322132823
!mnk through the xim4 @Boozinski,neither,0.03801758066652302,0.3036702911560384,0.6583121281774386
Razer DeathAdder 3500 @ 3500 DPI: http://goo.gl/6xOrtz // CMStorm Quickfire Pro: http://goo.gl/L2oiTF // XIM4 Adapter: www.xim4.com // XIM4 STv1 Settings: http://imgur.com/a/90cnX // XIM4 STv2 Settings: http://imgur.com/a/aUWTG,neither,0.03524030400118552,0.17813458567086496,0.7866251103279496
@montsylvania i was watching lupo too. he was 1v3'ing,neither,0.043439972456396025,0.33572057858261506,0.6208394489609889
ok kool ty,neither,0.039410861539160964,0.3310948255278616,0.6294943129329775
"@citrus_breaker that's not a game title, aha. I'm asking do you want a 2d or 3d style zelda?",neither,0.04464587906808903,0.3512174165071083,0.6041367044248026
np,neither,0.03945320844208391,0.33037608806864915,0.630170703489267
"@Tolga87, just stay respectful and there no problem here :)",neither,0.06501797492941096,0.2709688461704782,0.664013178900111
dude's ridiculously good,neither,0.03843906907215841,0.3307248971019384,0.6308360338259033
"@Ps_Petrucci, Nah it's cool, @kjhovey already knows I cheated on him with Lupo so at this point it's cool if he sees us together too OSsloth",neither,0.03673910783487248,0.41552832587489563,0.5477325662902318
Multi-Stream Link: http://kadgar.net/live/drlupo/,neither,0.03993770193144703,0.2602568920393204,0.6998054060292326
@montsylvania I appreciate you lurking <3,neither,0.05522097812161007,0.37492416663985784,0.569854855238532
Link to the past and ocarina of time are great. And the original legend is zelda also.,neither,0.056742923163644404,0.2527112059675379,0.6905458708688177
@itstaylortime cool. thx,neither,0.03945320844208391,0.33037608806864915,0.630170703489267
"@kjhovey, no problemo!",neither,0.036918905254960256,0.37338982715841207,0.5896912675866277
"@XAlexAuditoreX, that's good, I would not want @kjhovey mad at us... he would blap our faces with NLB.... Loodex everywhere!!",neither,0.048933204799233965,0.37835542698276786,0.5727113682179982
"@Montsylvania, english only in chat lupoK",neither,0.03945320844208391,0.33037608806864915,0.630170703489267
"@Ps_Petrucci, Imagine the scenes anniFEELS",neither,0.03865224350935766,0.3157638259668468,0.6455839305237956
"@ps_petrucci I have the strangest mental image atm, lol",neither,0.03306747551186302,0.362918813856204,0.6040137106319329
"@kjhovey, It's intended lupoYE",neither,0.037828236809968684,0.3309349903269868,0.6312367728630445
trolololololol,neither,0.03945320844208391,0.33037608806864915,0.630170703489267
i have never played this game. can you still get nice loot and have fun even if you don't finish 1st?,neither,0.03862430476562368,0.41001663024102625,0.5513590649933501
lupoHYPE ninjasHYPE rambHYPE ninjasHYPE lupoHYPE ninjasHYPE rambHYPE ninjasHYPE lupoHYPE,neither,0.03945320844208391,0.33037608806864915,0.630170703489267
wow,neither,0.03945320844208391,0.33037608806864915,0.630170703489267
oh no,neither,0.04751210705993949,0.26629718932274826,0.6861907036173122
lupoHYPE lupoHYPE LETS GO lupoHYPE lupoHYPE,neither,0.039984317429425154,0.35542799280679366,0.6045876897637812
That guy wanted you so bad LUL,neither,0.04496405430493281,0.4490139242703852,0.5060220214246819
the slam was soooooo off. ouch on him.,neither,0.03685325764068158,0.33130951014771254,0.6318372322116058
"@Montsylvania, obvs kidding :P",neither,0.03945320844208391,0.33037608806864915,0.630170703489267
"@kjhovey, it's worse than you can possible imagine... Alex with ICKY LOODEX!!! not pretty",neither,0.044562442073882054,0.3003750323753125,0.6550625255508054
lupoHYPE lupoHYPE GOOOOOOO IIIIIIIN lupoHYPE lupoHYPE,neither,0.03945320844208391,0.33037608806864915,0.630170703489267
gjakeHype gjakeHype gjakeHype gjakeHype gjakeHype gjakeHype gjakeHype gjakeHype gjakeHype gjakeHype gjakeHype gjakeHype gjakeHype gjakeHype gjakeHype gjakeHype gjakeHype gjakeHype,neither,0.03945320844208391,0.33037608806864915,0.630170703489267
"@Ps_Petrucci, Oh god anniWTF",neither,0.047523175703714664,0.25506489023357065,0.6974119340627147
"Yes, I play on mouse and keyboard. For information, try !mnk or !whymnk. Thanks!",neither,0.03348933748276678,0.2927381170528408,0.6737725454643925
lupoHYPE ninjasHYPE rambHYPE ninjasHYPE lupoHYPE ninjasHYPE rambHYPE ninjasHYPE lupoHYPE,neither,0.03945320844208391,0.33037608806864915,0.630170703489267
Lupo still using the settings on xim4,neither,0.03002265224339618,0.4209744532162849,0.549002894540319
!xim @Nunomiguel25,neither,0.03945320844208391,0.33037608806864915,0.630170703489267
Razer DeathAdder 3500 @ 3500 DPI: http://goo.gl/6xOrtz // CMStorm Quickfire Pro: http://goo.gl/L2oiTF // XIM4 Adapter: www.xim4.com // XIM4 STv1 Settings: http://imgur.com/a/90cnX // XIM4 STv2 Settings: http://imgur.com/a/aUWTG,neither,0.03524030400118552,0.17813458567086496,0.7866251103279496
yep @Nunomiguel25,neither,0.03945320844208391,0.33037608806864915,0.630170703489267
@mai7viac thanks,neither,0.035884468650613,0.3004919205142699,0.6636236108351171
"@Siulaim, you're hired.",neither,0.09310843986961562,0.34827293524758574,0.5586186248827987
"Follow me @ twitter.com/DrLupoOnTwitch for stream notifications, updates, and banter about Destiny.",neither,0.03064500239345661,0.38605513054092555,0.583299867065618
"@Montsylvania, lupoK",neither,0.03945320844208391,0.33037608806864915,0.630170703489267
that headshot was nasty rooAww,neither,0.03390333906817971,0.3921871938239689,0.5739094671078515
1 more,neither,0.044084690295906365,0.306805713525994,0.6491095961780997
wow,neither,0.03945320844208391,0.33037608806864915,0.630170703489267
that snipe,neither,0.035126807190173845,0.3775266654705279,0.5873465273392982
That sweep was so nive,neither,0.03502582838581055,0.4272267602938567,0.5377474113203327
lupoBOT,neither,0.03945320844208391,0.33037608806864915,0.630170703489267
those sniper sooo dirty,neither,0.06691367622034655,0.2551175645010401,0.6779687592786133
caw caw,neither,0.03945320844208391,0.33037608806864915,0.630170703489267
fuuuuuuuu,neither,0.03945320844208391,0.33037608806864915,0.630170703489267
yeesh,neither,0.03945320844208391,0.33037608806864915,0.630170703489267
LEGGOOOOOOO,neither,0.03945320844208391,0.33037608806864915,0.630170703489267
man oh man,neither,0.04646483711314496,0.42435721122072695,0.529177951666128
that drag scope 0.0,neither,0.03609042407473356,0.36686557752162213,0.5970439984036442
lupoHYPE ninjasHYPE rambHYPE ninjasHYPE lupoHYPE ninjasHYPE rambHYPE ninjasHYPE lupoHYPE,neither,0.03945320844208391,0.33037608806864915,0.630170703489267
Nice plays,neither,0.03945320844208391,0.33037608806864915,0.630170703489267
HYPE lupoPLS lupoCAW lupoNERD HYPE,neither,0.03945320844208391,0.33037608806864915,0.630170703489267
HYPE lupoNP lupoNP lupoNP HYPE,neither,0.03945320844208391,0.33037608806864915,0.630170703489267
SICKKKK,neither,0.03945320844208391,0.33037608806864915,0.630170703489267
"Damn Lupo, very nice",offensive_language,0.04486304997546598,0.833119139368884,0.12201781065564993
Lego,neither,0.03945320844208391,0.33037608806864915,0.630170703489267
CAN WE BRING BACK lupoBOT FOR THAT CAUSE BEEP BOOP THAT WAS FUCKING NASTY lupoBOT,offensive_language,0.07604453972790733,0.8981142409595666,0.02584121931252611
good shiz,neither,0.037820165765928906,0.33093776632913474,0.6312420679049364
holy shit,offensive_language,0.04257650662097627,0.9573463282193174,7.716515970639687e-05
