text,top_class,hate_speech,offensive_language,neither
Kappa,neither,0.03945320844208391,0.33037608806864915,0.630170703489267
lupoHEY,neither,0.03945320844208391,0.33037608806864915,0.630170703489267
lel,neither,0.03945320844208391,0.33037608806864915,0.630170703489267
!subhype,neither,0.03945320844208391,0.33037608806864915,0.630170703489267
lupoK lupoK lupoK lupoK lupoK BULLCRAP lupoHYPE lupoLOVE lupoHYPE lupoLOVE lupoHYPE lupoLOVE lupoHYPE lupoLOVE lupoHYPE lupoLOVE lupoHYPE lupoLOVE lupoHYPE lupoLOVE lupoHYPE lupoLOVE lupoHYPE lupoLOVE lupoHYPE BULLCRAP lupoK lupoK lupoK lupoK lupoK,neither,0.03945320844208391,0.33037608806864915,0.630170703489267
I won see that keyboard TheThing,neither,0.03591315183087777,0.3688207150858005,0.5952661330833218
gigzLOL gigzLOL gigzLOL gigzLOL gigzLOL gigzLOL gigzLOL,neither,0.03945320844208391,0.33037608806864915,0.630170703489267
!bt chat,neither,0.03945320844208391,0.33037608806864915,0.630170703489267
assassysin ( ＾◡＾)っ(‿|‿) chat,neither,0.03945320844208391,0.33037608806864915,0.630170703489267
@DrLupo if I bribe you with pizza can I slither in lupoK,neither,0.023233067155915152,0.48345310773942507,0.4933138251046598
@the_heroic_lord no u,neither,0.036918905254960256,0.37338982715841207,0.5896912675866277
A game like destiny @drlupo,neither,0.05051153616133406,0.29937538029440897,0.650113083544257
Want*,neither,0.04006735011429477,0.3199525011091858,0.6399801487765195
Hi,neither,0.03945320844208391,0.33037608806864915,0.630170703489267
Keyboard TheThing,neither,0.03945320844208391,0.33037608806864915,0.630170703489267
it's widows court i think,neither,0.038678254826647156,0.32311239235230477,0.6382093528210482
lupoK,neither,0.03945320844208391,0.33037608806864915,0.630170703489267
wylP wylP wylP wylP gigzDAB,neither,0.03945320844208391,0.33037608806864915,0.630170703489267
lol,neither,0.020706217963973744,0.4882283491876925,0.4910654328483337
widows court,neither,0.03945320844208391,0.33037608806864915,0.630170703489267
@twifts huLLo,neither,0.03945320844208391,0.33037608806864915,0.630170703489267
get ur swaglock glasses on @drlupo,neither,0.06163969062444181,0.34512635622684085,0.5932339531487173
"wait, keyboard?",neither,0.03945320844208391,0.33037608806864915,0.630170703489267
Lupo just tweeted it.,neither,0.03216173397929955,0.35817534015709834,0.609662925863602
what's that,neither,0.04275675352240927,0.41454745267075815,0.5426957938068324
"Dangit forgot to mention this, but @DrLupo you are officially my 2nd FOREVER SUB, meaning I will never leave this community.. GG on the Charity stream as well.",neither,0.046602011856582665,0.3860849966862701,0.5673129914571473
!sr the less I know the better tame impala,neither,0.037673937829203134,0.29685772956309364,0.6654683326077032
"El_GUAP0_ -> ""Tame Impala The Less I Know The Better (no intro) Optional Subs"" by AIV Cat has been added to the queue in position #1",neither,0.041360839718884074,0.33166867335310285,0.626970486928013
@daltonbeedabbin you don't love me shush Kappa,neither,0.04311334286346926,0.431518417412332,0.5253682397241987
Kappa,neither,0.03945320844208391,0.33037608806864915,0.630170703489267
yeah its on!,neither,0.013641749410328684,0.48746851591519386,0.49888973467447745
I will give you a whole pizza if I can slither in lupoK,neither,0.03576627171176227,0.3966899411812484,0.5675437871069893
BloodTrail,neither,0.03945320844208391,0.33037608806864915,0.630170703489267
GONNA DAB ON EM.,neither,0.035807896029457366,0.38856262026525423,0.5756294837052884
@twifts wow,neither,0.03945320844208391,0.33037608806864915,0.630170703489267
Kappa,neither,0.03945320844208391,0.33037608806864915,0.630170703489267
Those glasses are dope AF,neither,0.09164179197103195,0.2302486898687656,0.6781095181602026
lupo if u wanna go fast switch to bones of eao from your graviton it really helps make hunters just move like hell,offensive_language,0.04907439864696871,0.5632125758238707,0.3877130255291605
Swaglasses equipped,neither,0.03945320844208391,0.33037608806864915,0.630170703489267
oh the shades are back haha,neither,0.06212850075279596,0.29665417491094526,0.6412173243362587
I'll show you once it's completely done lupoNERD,neither,0.06652111574174403,0.3142369585106291,0.6192419257476269
wait what are the rules here? sorry talking to the gf,neither,0.10749081716449987,0.24782488130900726,0.6446843015264929
+10 to swag,neither,0.04466533493550038,0.37137151267003177,0.5839631523944679
YO I GOT THE JOHN CENA TAB IN TRIALS REPORT! Lit af,neither,0.03811192253287866,0.3911097595502292,0.5707783179168922
"You can still donate here: https://goo.gl/Hdz8qx // All donations go straight to the Make-A-Wish Foundation and are tax deductible! (PayPal or Credit Card accepted.) // Donations post-charity-stream do not get tagged for ""John Cena"" on DestinyTrialsReport.com // More information about the Make-A-Wish Foundation: http://www.wish.org",neither,0.05804005502884668,0.2929036970058141,0.6490562479653392
gigzLOL gigzDAB gigzDAB gigzDAB gigzDAB,neither,0.03945320844208391,0.33037608806864915,0.630170703489267
Same @unbelievablezhd shit is OP,offensive_language,0.054353690519398756,0.9445437826362872,0.0011025268443140331
"Lupo needs to survive til cap point spawns, he cant attack in any way @OmegaSlice",neither,0.04627508423007913,0.32761264452259725,0.6261122712473237
this looks so much fun,neither,0.035306875097728764,0.3807064704072724,0.5839866544949988
gigzDAB gigzDAB,neither,0.03945320844208391,0.33037608806864915,0.630170703489267
Whoa those glasses are OP,neither,0.08368923486091985,0.24167362559387442,0.6746371395452058
team of 6 is around 200-210 light,neither,0.04501320295807452,0.32846375099770136,0.626523046044224
Are we getting drunk lupo right now? I approve!,neither,0.05343969685025977,0.36554855107359635,0.5810117520761439
shoulda been on a titan,neither,0.03571442490983512,0.3531834897366124,0.6111020853535525
just sk8 into the wind,neither,0.03368964050412983,0.3356354526410732,0.630674906854797
They should all use the thorn,offensive_language,0.015862470943784394,0.5714811692230228,0.4126563598331928
"""im right up his ass"" hahahaahaha",offensive_language,0.1544110927338064,0.8452169016276943,0.00037200563849934857
lol,neither,0.020706217963973744,0.4882283491876925,0.4910654328483337
!pew,neither,0.03945320844208391,0.33037608806864915,0.630170703489267
http://i.imgur.com/O5ZDh5I.gif,neither,0.0364481805509037,0.2303424311669227,0.7332093882821735
"Lupo has to loop back around and just hang out wit my them, change his shader each game lol",neither,0.046820317998059836,0.4661698438374177,0.4870098381645224
LMAO,neither,0.03705015143476208,0.3711622369619404,0.5917876116032975
if they all use thorn he doesn't regain his health,offensive_language,0.019997208355971772,0.5020415361589169,0.4779612554851114
can you not shoot them?,neither,0.1365083549334225,0.2880448647864176,0.5754467802801598
Play Danger Zone it will go good with the shades Kappa,neither,0.03291028882715295,0.33105294320512263,0.6360367679677245
HOW IS HE STILL ALIVE,neither,0.05404517413724597,0.34059720280795946,0.6053576230547946
Can I suggest low recovery to give them a better chance? @drlupo,neither,0.05296030330079731,0.32002473881424265,0.62701495788496
@mo9eeba1 just survive,neither,0.03385382169014356,0.35707996827140936,0.6090662100384471
!title,neither,0.03945320844208391,0.33037608806864915,0.630170703489267
"Mai7Viac -> Current Stream Title: [X1] 1V6 - ""I Shouldn't Be Alive.""",neither,0.039744118969419616,0.33281213537112003,0.6274437456594604
arse*,neither,0.03945320844208391,0.33037608806864915,0.630170703489267
250 light maybe.,neither,0.03945320844208391,0.33037608806864915,0.630170703489267
250,neither,0.03945320844208391,0.33037608806864915,0.630170703489267
"Yes, I play on mouse and keyboard. For information, try !mnk or !whymnk. Thanks!",neither,0.03348933748276678,0.2927381170528408,0.6737725454643925
@daltonbeedabbin wow,neither,0.03945320844208391,0.33037608806864915,0.630170703489267
tell scottish he has a very tasty looking booty,neither,0.03937326082057665,0.38935273125021613,0.5712740079292071
Do they have HUD on?,neither,0.03638171135124014,0.364331106170009,0.5992871824787508
@drlupo change shaders halfway through,neither,0.03945320844208391,0.33037608806864915,0.630170703489267
play tomorrow @twifts,neither,0.03945320844208391,0.33037608806864915,0.630170703489267
no,neither,0.036918905254960256,0.37338982715841207,0.5896912675866277
they don't have hud,neither,0.038495497076089236,0.3466309493770746,0.6148735535468363
just tuned in - what is the go with this one?,neither,0.03571018694424349,0.3881526420879242,0.5761371709678322
Running cinebench while watching a strim. Yolo,neither,0.03945320844208391,0.33037608806864915,0.630170703489267
@daltonbeedabbin play what? Cod?,neither,0.045362104000216515,0.3261506298929364,0.628487266106847
LOLOLOL,neither,0.03945320844208391,0.33037608806864915,0.630170703489267
!sr mind over matter young the guant,neither,0.03332738044718086,0.3638214104221437,0.6028512091306755
"El_GUAP0_ -> ""Young the Giant: Mind Over Matter [OFFICIAL VIDEO]"" by Fueled By Ramen has been added to the queue in position #1",neither,0.04240759446933608,0.3350909087938447,0.6225014967368192
Definitely change shader each game,neither,0.038843269525308775,0.29346294084295865,0.6676937896317326
!song,neither,0.038601720699969956,0.3448280572582511,0.616570222041779
Lol BUSTED,neither,0.030011385417585263,0.4003396692418452,0.5696489453405696
@twifts K,neither,0.03945320844208391,0.33037608806864915,0.630170703489267
@daltonbeedabbin k,neither,0.03945320844208391,0.33037608806864915,0.630170703489267
Kappa,neither,0.03945320844208391,0.33037608806864915,0.630170703489267
lets do some pick ups er somethin @twifts,neither,0.037082257852263774,0.2972584701433792,0.6656592720043571
centsikes has just re-subscribed to the stream for 5 months in a row!,neither,0.047209768464342786,0.28926846116331856,0.6635217703723386
Can you tether them @DrLupo ?,neither,0.1408829555605785,0.398726089355725,0.4603909550836965
"@DrLupo, Scottish has watched stream to much",neither,0.04173107794413961,0.32268099836440717,0.6355879236914531
Multi-Stream Link: http://kadgar.net/live/drlupo/,neither,0.03993770193144703,0.2602568920393204,0.6998054060292326
he know you,neither,0.09927903592162467,0.42457742111828406,0.47614354296009126
"Ok, I'm behind and I need to know what's happening. This looks hilarious",neither,0.0464325989121867,0.30134841784028277,0.6522189832475306
!background,neither,0.03945320844208391,0.33037608806864915,0.630170703489267
NEXT ON COPS!,neither,0.035255138406714896,0.3616813703521711,0.6030634912411139
They need titans that can keep up with you,neither,0.03602269898319351,0.4725253096680087,0.49145199134879775
this is hilarious hahaha,neither,0.04796438783417484,0.3290594938354091,0.622976118330416
"@Stratguy85, they have low level, lupo can't do attack and has to survive till cap",neither,0.0435671499905713,0.3041198550340037,0.6523129949754252
Alright,neither,0.03945320844208391,0.33037608806864915,0.630170703489267
whats the rule for cap? if you can survive to it they have to give it to you?,neither,0.04891737562086339,0.3763738230908927,0.574708801288244
Sounds good,neither,0.03854999574512859,0.3306867443324945,0.6307632599223769
yeah heroic,neither,0.023507678412445245,0.4412251867422846,0.5352671348452701
@the_heroic_lord yup,neither,0.03945320844208391,0.33037608806864915,0.630170703489267
yeah,offensive_language,0.013968601452186464,0.5182923869769311,0.4677390115708824
Just start wearing the level 3 gear they picked up from the boxes @DrLupo,neither,0.03504929688365398,0.34189237098138986,0.6230583321349561
Are they not allowed to cut you off,neither,0.09600301383373606,0.32668753899064046,0.5773094471756235
@Mai7Viac thanks sorry for asking,neither,0.03222828885557515,0.28880884443118204,0.6789628667132429
LL 3 gear xD,neither,0.03945320844208391,0.33037608806864915,0.630170703489267
np dude lol,neither,0.031771734480844464,0.3860378912673263,0.5821903742518292
you can jump up on a lamppost back spawn,neither,0.04770309423498861,0.4238655319847045,0.5284313737803067
You know theyre all screen watching stream. they gonna find you anywhere you stay more than 10 seconds haha,neither,0.06666897821637797,0.45246121713473,0.480869804648892
@the_heroic_lord <3,neither,0.03945320844208391,0.33037608806864915,0.630170703489267
lol that's amazing,neither,0.026231731327948128,0.4481589734977928,0.525609295174259
"@twifts, they can, but it's hard because they have no hud",offensive_language,0.027989744245023804,0.5346415680350551,0.437368687719921
O,neither,0.03945320844208391,0.33037608806864915,0.630170703489267
imma cut you off if you dont pley tomorrow ): @twifts,neither,0.04718808778950141,0.4679871422985758,0.48482476991192275
@twifts lupoLOVe,neither,0.03945320844208391,0.33037608806864915,0.630170703489267
lupoLOVe,neither,0.03945320844208391,0.33037608806864915,0.630170703489267
"You can still donate here: https://goo.gl/Hdz8qx // All donations go straight to the Make-A-Wish Foundation and are tax deductible! (PayPal or Credit Card accepted.) // Donations post-charity-stream do not get tagged for ""John Cena"" on DestinyTrialsReport.com // More information about the Make-A-Wish Foundation: http://www.wish.org",neither,0.05804005502884668,0.2929036970058141,0.6490562479653392
SeemsGood,neither,0.03945320844208391,0.33037608806864915,0.630170703489267
lupoLOVE,neither,0.03945320844208391,0.33037608806864915,0.630170703489267
@daltonbeedabbin I willl always love dalton Kappa,neither,0.03499489015996727,0.3972870061362412,0.5677181037037915
YAY! HE DIED!,neither,0.044945916315025904,0.32848689395971536,0.6265671897252587
H1n1santa has just subscribed to the stream!,neither,0.04068416685379741,0.3246301012664504,0.6346857318797522
But he hates me,neither,0.03288575819767535,0.38450953584660647,0.5826047059557182
lupoHYPE lupoHYPE THANKS FOR THE SUB lupoHYPE lupoHYPE,neither,0.031417131681781243,0.27457466652234797,0.6940082017958709
lupoHYPE lupoHYPE THANKS FOR THE SUB lupoHYPE lupoHYPE,neither,0.031417131681781243,0.27457466652234797,0.6940082017958709
!hype,neither,0.03945320844208391,0.33037608806864915,0.630170703489267
no you dont @twifts FrostyThump,neither,0.07163080957133519,0.4488974218712902,0.4794717685573746
hi @drlupo Kappa /,neither,0.03945320844208391,0.33037608806864915,0.630170703489267
!song,neither,0.038601720699969956,0.3448280572582511,0.616570222041779
"source_four -> ""Young the Giant: Mind Over Matter [OFFICIAL VIDEO]"" by Fueled By Ramen is the current song. It was requested by El_GUAP0_ - https://youtu.be/KWWRGmWKkfI",neither,0.04245429361060731,0.3611661228903024,0.5963795834990903
!subhype,neither,0.03945320844208391,0.33037608806864915,0.630170703489267
lupoK lupoK lupoK lupoK lupoK BULLCRAP lupoHYPE lupoLOVE lupoHYPE lupoLOVE lupoHYPE lupoLOVE lupoHYPE lupoLOVE lupoHYPE lupoLOVE lupoHYPE lupoLOVE lupoHYPE lupoLOVE lupoHYPE lupoLOVE lupoHYPE lupoLOVE lupoHYPE BULLCRAP lupoK lupoK lupoK lupoK lupoK,neither,0.03945320844208391,0.33037608806864915,0.630170703489267
OMG,neither,0.03945320844208391,0.33037608806864915,0.630170703489267
turn to the right,neither,0.046341688228751676,0.3281147072688702,0.6255436045023781
@drlupo is it best of 7 still since map didn't change,neither,0.031690546356775,0.36390660151167364,0.6044028521315513
@daltonbeedabbin you don't love me Kappa,neither,0.04311334286346926,0.431518417412332,0.5253682397241987
Why is that a spot,neither,0.03000136837491593,0.3941407228510259,0.5758579087740582
"@DrLupo, just sit in mid planter",neither,0.034956463360957625,0.3515899478036367,0.6134535888354058
REALLY THATS DIRTY,neither,0.03945320844208391,0.33037608806864915,0.630170703489267
SUB HYPE SUB HYPE lupoHYPE lupoHYPE lupoHYPE lupoHYPE lupoHYPE lupoHYPE,neither,0.03945320844208391,0.33037608806864915,0.630170703489267
3rd person,neither,0.03945320844208391,0.33037608806864915,0.630170703489267
This game mode. I approve casTBH,neither,0.03881854889890384,0.29781124339671916,0.663370207704377
sit down?,neither,0.03945320844208391,0.33037608806864915,0.630170703489267
i fucking hate destinys matchmaking. why can i never be put IN the good team,offensive_language,0.27764062369692155,0.7195603429376598,0.002799033365418663
@DrLupo I wanna show you a spot on Exodus Blue if you'll let me,neither,0.035181445693512683,0.4579696348530765,0.5068489194534108
"Yes, I play on mouse and keyboard. For information, try !mnk or !whymnk. Thanks!",neither,0.03348933748276678,0.2927381170528408,0.6737725454643925
and they might use stream to their advantage,neither,0.021247910602591624,0.366434596612693,0.6123174927847153
Streamer hacks Kappa,neither,0.03945320844208391,0.33037608806864915,0.630170703489267
@twifts shoot people with me,neither,0.0741920333630296,0.34227671811031035,0.5835312485266602
@daltonbeedabbin love me then I willb,neither,0.024830017710069034,0.4132115999078567,0.5619583823820742
@fatherartorias show me your spot bb,neither,0.07362893405673084,0.2913768940879715,0.6349941718552976
this is so funny lmao,neither,0.04649994214883023,0.42359373007899087,0.5299063277721787
are they not watching stream?! hahaha,neither,0.05866288465143767,0.2972066012316197,0.6441305141169427
@twifts iLy ):,neither,0.03945320844208391,0.33037608806864915,0.630170703489267
if they look at stream you are screwed,neither,0.0531529920930927,0.3925606473834335,0.5542863605234737
lol,neither,0.020706217963973744,0.4882283491876925,0.4910654328483337
Maybe lupoK,neither,0.03945320844208391,0.33037608806864915,0.630170703489267
LOOOOOOOOL,neither,0.03945320844208391,0.33037608806864915,0.630170703489267
dalton ill shoot you with future people Kappa,neither,0.08364321001745538,0.3405842278788976,0.575772562103647
They need to start playing the mind games,neither,0.044051274946366036,0.31273704296386867,0.6432116820897653
Sad face wowv,neither,0.03945320844208391,0.33037608806864915,0.630170703489267
Really enjoyed the 24 hr stream. Really appreciate what you do dude!,neither,0.05096272304792352,0.3414283256606346,0.607608951291442
Since they can hear you,neither,0.0598748100035781,0.3803662253798141,0.5597589646166078
Lupo taking a knee in the bushes lolololol,neither,0.038745180114923235,0.31749167313098864,0.6437631467540882
Hater shades?,neither,0.03945320844208391,0.33037608806864915,0.630170703489267
"@oral_s3x, lol rekt",neither,0.020706217963973744,0.4882283491876925,0.4910654328483337
Keep doing it until they realize xD,neither,0.03690783842211344,0.35312050148635454,0.609971660091532
