text,top_class,hate_speech,offensive_language,neither
"@Siulaim, YEP YEP YEp",neither,0.03945320844208391,0.33037608806864915,0.630170703489267
I got a keyboard and am playing on it,neither,0.03431443498084063,0.34486461110299754,0.6208209539161619
"See ya @DrLupo I'm of to bed, keep up the good stuffs",offensive_language,0.028592452302621106,0.5678301466310439,0.40357740106633505
so better question....any mods not drinking rn?,neither,0.038443078019081575,0.3672262211002292,0.5943307008806892
"@Oozypunk Just so you're aware. If you do a shot every $50, starting at $16050, that's 180 shots by $25000.",offensive_language,0.04913646972534944,0.49281735730957177,0.4580461729650787
lupoK,neither,0.03945320844208391,0.33037608806864915,0.630170703489267
im not @Siulaim,neither,0.03538113873388505,0.40243864917510247,0.5621802120910123
ok good,neither,0.03838891738135901,0.3320475228121136,0.6295635598065273
haha,neither,0.03186685585600258,0.45913629025701075,0.5089968538869867
someone will be sober,neither,0.04143937208640147,0.3090535958222399,0.6495070320913586
"@charged__particle, im not going that long lupoK",neither,0.03136304949019942,0.43987033874517295,0.5287666117646277
!pc,neither,0.03945320844208391,0.33037608806864915,0.630170703489267
PC Parts List - https://pcpartpicker.com/list/Bfj2WX,neither,0.03945320844208391,0.33037608806864915,0.630170703489267
I drank enough last night to last me... a week lupoK @Siulaim,neither,0.0337682143125554,0.3528431028465259,0.6133886828409187
welp First shot lupoHYPE,neither,0.03279282751232388,0.33266689848617426,0.634540274001502
"@Huskeezee, lupoK",neither,0.03945320844208391,0.33037608806864915,0.630170703489267
"@Siulaim, im tots not drinking",neither,0.03759827698365913,0.36272055379507423,0.5996811692212667
"@Oozypunk good, ambulances not recommended",neither,0.037465025274644875,0.33566583838561553,0.6268691363397397
so lupo's actually playing with kimdotcom right now?,neither,0.028412485173695545,0.42572863545938866,0.5458588793669158
!uptime,neither,0.03945320844208391,0.33037608806864915,0.630170703489267
9 hours 32 minutes 3 seconds,neither,0.03945320844208391,0.33037608806864915,0.630170703489267
correct! @itscrespo,neither,0.03945320844208391,0.33037608806864915,0.630170703489267
taylor not drinking? i don't believe you lupoK,neither,0.0520369075641977,0.37474794484662255,0.5732151475891798
@itscrespo Yes,neither,0.03945320844208391,0.33037608806864915,0.630170703489267
amazing haha,neither,0.03452568863502721,0.41400895899635093,0.5514653523686218
"Yes, I play on mouse and keyboard. For information, try !mnk or !whymnk. Thanks!",neither,0.03348933748276678,0.2927381170528408,0.6737725454643925
What are the top donations do we know? 700 whatever has to be up there right?,neither,0.05920056533392434,0.3053557826357741,0.6354436520303015
Cough,neither,0.03945320844208391,0.33037608806864915,0.630170703489267
"@itscrespo, yup!",neither,0.03945320844208391,0.33037608806864915,0.630170703489267
The legend himself,neither,0.038543678737936855,0.3137328431259989,0.6477234781360642
1k is top donation,neither,0.054490441010454,0.32520409424702695,0.6203054647425191
!uptime,neither,0.03945320844208391,0.33037608806864915,0.630170703489267
top single donation,neither,0.03945320844208391,0.33037608806864915,0.630170703489267
single donation yes,neither,0.03945320844208391,0.33037608806864915,0.630170703489267
im so tired of stormcallers,neither,0.038323844961708584,0.4294472502745031,0.5322289047637884
"$1.17 donation, nice choice in number",neither,0.03945320844208391,0.33037608806864915,0.630170703489267
!charity,neither,0.03945320844208391,0.33037608806864915,0.630170703489267
Donate: https://goo.gl/Hdz8qx // All donations go straight to the Make-A-Wish Foundation and are tax deductible! (PayPal or Credit Card accepted.) // Include your XBL GT or PSN ID in the donation message for a special badge on DestinyTrialsReport.com! // More information about the Make-A-Wish Foundation: http://www.wish.org,neither,0.06331708384194863,0.2837939068155443,0.652889009342507
Don't worry doc! He's been doing that to me all day as well,neither,0.039049642142297315,0.4367254733611742,0.5242248844965286
Who doesn't love some MC ;),neither,0.03053334973344606,0.4128244831886067,0.5566421670779473
"@Robstak, we're not actually sure what the cumulative top donations are :/",neither,0.06890148236941736,0.3632116084225498,0.5678869092080329
i fucking love you @Drlupo,offensive_language,0.16218800285742635,0.8378110842395786,9.129029950197489e-07
"@Drlupo, Will giveaways be done at random times? Need to plan out my dinner so I don't miss anything.",neither,0.030612753159476834,0.4191356025005349,0.5502516443399883
@siulaim well Third has at least $1501,neither,0.03911727764790595,0.3453936402405767,0.6154890821115172
good plaaaays,neither,0.037820165765928906,0.33093776632913474,0.6312420679049364
oh cmon,neither,0.04535734983354261,0.27438591475104485,0.6802567354154126
!hype,neither,0.03945320844208391,0.33037608806864915,0.630170703489267
NICE PLAYS,neither,0.03945320844208391,0.33037608806864915,0.630170703489267
@khaleeldjdav what about mc,neither,0.04358385293276598,0.3552643590151151,0.601151788052119
"that's a safe comment, no? Kappa",neither,0.03593130019106179,0.37244535188259165,0.5916233479263466
what in,neither,0.05366996681301642,0.32064373244772343,0.6256863007392601
LET'S GOOOOOO,neither,0.01259774405356427,0.402817721707079,0.5845845342393566
PogChamp,neither,0.03945320844208391,0.33037608806864915,0.630170703489267
https://clips.twitch.tv/drlupo/PoorOstrichBORT,neither,0.03945320844208391,0.33037608806864915,0.630170703489267
the,neither,0.03613032604487659,0.2619290779399786,0.7019405960151449
ERm,neither,0.03945320844208391,0.33037608806864915,0.630170703489267
LET'S GOOOOOOOOOOO,neither,0.01259774405356427,0.402817721707079,0.5845845342393566
Jesus,neither,0.03945320844208391,0.33037608806864915,0.630170703489267
lupoHYPE lupoHYPE lupoHYPE lupoHYPE lupoHYPE lupoHYPE lupoHYPE lupoHYPE lupoHYPE lupoHYPE lupoHYPE,neither,0.03945320844208391,0.33037608806864915,0.630170703489267
Guys.,neither,0.03922184957078739,0.3343028519130907,0.6264752985161218
holy guacamole,neither,0.03945320844208391,0.33037608806864915,0.630170703489267
lupoHYPE lupoHYPE lupoHYPE lupoHYPE lupoHYPE lupoHYPE lupoHYPE,neither,0.03945320844208391,0.33037608806864915,0.630170703489267
ndsHYPE ndsHYPE ndsHYPE ndsHYPE ndsHYPE ndsHYPE ndsHYPE ndsHYPE,neither,0.03945320844208391,0.33037608806864915,0.630170703489267
LETSS FUCKING GOOO,offensive_language,0.10816772023574688,0.8912101372551614,0.000622142509091592
lupoHYPE,neither,0.03945320844208391,0.33037608806864915,0.630170703489267
OH MY,neither,0.02748693229954249,0.40236076101129065,0.5701523066891669
PogChamp,neither,0.03945320844208391,0.33037608806864915,0.630170703489267
I cant do that many shots.,neither,0.03710346506031851,0.3689190012764628,0.5939775336632187
LEEETS GO,neither,0.04276165647058889,0.34190019769565555,0.6153381458337556
1000 bungieHYPE bungieHYPE bungieHYPE bungieHYPE,neither,0.03945320844208391,0.33037608806864915,0.630170703489267
LET'S,neither,0.01259774405356427,0.402817721707079,0.5845845342393566
ndsHYPE ndsHYPE ndsHYPE ndsHYPE ndsHYPE ndsHYPE ndsHYPE ndsHYPE ndsHYPE ndsHYPE ndsHYPE ndsHYPE ndsHYPE ndsHYPE ndsHYPE ndsHYPE ndsHYPE ndsHYPE ndsHYPE ndsHYPE ndsHYPE,neither,0.03945320844208391,0.33037608806864915,0.630170703489267
GO,neither,0.04276165647058889,0.34190019769565555,0.6153381458337556
loganHYPE loganHYPE loganHYPE loganHYPE loganHYPE loganHYPE loganHYPE loganHYPE,neither,0.03945320844208391,0.33037608806864915,0.630170703489267
$17k gg,neither,0.03945320844208391,0.33037608806864915,0.630170703489267
lupoHYPE lupoHYPE lupoHYPE lupoHYPE lupoHYPE lupoHYPE lupoHYPE lupoHYPE lupoHYPE lupoHYPE lupoHYPE lupoHYPE,neither,0.03945320844208391,0.33037608806864915,0.630170703489267
lupoHYPE lupoHYPE lupoHYPE lupoHYPE,neither,0.03945320844208391,0.33037608806864915,0.630170703489267
ndsHYPE ndsHYPE ndsHYPE ndsHYPE ndsHYPE ndsHYPE ndsHYPE ndsHYPE ndsHYPE ndsHYPE ndsHYPE ndsHYPE ndsHYPE ndsHYPE ndsHYPE ndsHYPE ndsHYPE ndsHYPE ndsHYPE,neither,0.03945320844208391,0.33037608806864915,0.630170703489267
ill just do 1 for that.,neither,0.026089876716969305,0.3669722325398316,0.6069378907431991
17k,neither,0.03945320844208391,0.33037608806864915,0.630170703489267
"@Cozmo_BNG, !!! lupoHYPE",neither,0.03945320844208391,0.33037608806864915,0.630170703489267
lupoHYPE lupoHYPE lupoHYPE lupoHYPE lupoHYPE lupoHYPE lupoHYPE lupoHYPE lupoHYPE lupoHYPE lupoHYPE lupoHYPE lupoHYPE lupoHYPE lupoHYPE lupoHYPE lupoHYPE lupoHYPE lupoHYPE,neither,0.03945320844208391,0.33037608806864915,0.630170703489267
gopHYPE gopHYPE gopHYPE gopHYPE gopHYPE gopHYPE gopHYPE gopHYPE gopHYPE gopHYPE gopHYPE gopHYPE gopHYPE gopHYPE gopHYPE gopHYPE gopHYPE,neither,0.03945320844208391,0.33037608806864915,0.630170703489267
Holy crap.. $25k hype!,neither,0.03945320844208391,0.33037608806864915,0.630170703489267
ndsHYPE ndsHYPE ndsHYPE ndsHYPE ndsHYPE ndsHYPE ndsHYPE ndsHYPE ndsHYPE ndsHYPE ndsHYPE ndsHYPE ndsHYPE ndsHYPE ndsHYPE ndsHYPE,neither,0.03945320844208391,0.33037608806864915,0.630170703489267
lupoHYPE lupoHYPE lupoHYPE lupoHYPE lupoHYPE lupoHYPE lupoHYPE lupoHYPE lupoHYPE lupoHYPE lupoHYPE lupoHYPE lupoHYPE lupoHYPE lupoHYPE lupoHYPE lupoHYPE lupoHYPE lupoHYPE lupoHYPE lupoHYPE lupoHYPE lupoHYPE lupoHYPE,neither,0.03945320844208391,0.33037608806864915,0.630170703489267
lupoHYPE lupoHYPE lupoHYPE lupoHYPE lupoHYPE lupoHYPE lupoHYPE lupoHYPE,neither,0.03945320844208391,0.33037608806864915,0.630170703489267
PogChamp,neither,0.03945320844208391,0.33037608806864915,0.630170703489267
Lets goooooooooo,neither,0.0381375099945381,0.3527069244228318,0.6091555655826302
YES @Oozypunk,neither,0.03945320844208391,0.33037608806864915,0.630170703489267
"@CCkun91, PogChamp",neither,0.03945320844208391,0.33037608806864915,0.630170703489267
@oozypunk 2 at least,neither,0.03823585756874653,0.36735290568172996,0.5944112367495235
"@Oozypunk, Thats a safe one.",neither,0.03847489177998188,0.36629971896227537,0.5952253892577427
"@CCkun91, PogChamp",neither,0.03945320844208391,0.33037608806864915,0.630170703489267
"@CCkun91, PogChamp",neither,0.03945320844208391,0.33037608806864915,0.630170703489267
"@CCkun91, PogChamp",neither,0.03945320844208391,0.33037608806864915,0.630170703489267
"@Corrupt_Identity, Corrupt <3",neither,0.03945320844208391,0.33037608806864915,0.630170703489267
"@CCkun91, PogChamp",neither,0.03945320844208391,0.33037608806864915,0.630170703489267
"@CCkun91, PogChamp",neither,0.03945320844208391,0.33037608806864915,0.630170703489267
"@CCkun91, PogChamp",neither,0.03945320844208391,0.33037608806864915,0.630170703489267
"@CCkun91, PogChamp",neither,0.03945320844208391,0.33037608806864915,0.630170703489267
"@CCkun91, PogChamp",neither,0.03945320844208391,0.33037608806864915,0.630170703489267
"@CCkun91, PogChamp",neither,0.03945320844208391,0.33037608806864915,0.630170703489267
"@CCkun91, PogChamp",neither,0.03945320844208391,0.33037608806864915,0.630170703489267
"@CCkun91, PogChamp",neither,0.03945320844208391,0.33037608806864915,0.630170703489267
"@CCkun91, PogChamp",neither,0.03945320844208391,0.33037608806864915,0.630170703489267
"@CCkun91, PogChamp",neither,0.03945320844208391,0.33037608806864915,0.630170703489267
"@CCkun91, PogChamp",neither,0.03945320844208391,0.33037608806864915,0.630170703489267
"only 20 shots, you can do it Kappa @Oozypunk",neither,0.05151734145186146,0.36078779824646956,0.5876948603016691
"@CCkun91, PogChamp",neither,0.03945320844208391,0.33037608806864915,0.630170703489267
Multi-Stream Link: http://kadgar.net/live/drlupo/,neither,0.03993770193144703,0.2602568920393204,0.6998054060292326
$17k! lupoHYPE,neither,0.03945320844208391,0.33037608806864915,0.630170703489267
is @drlupo going to manage to get ANOTHER bungie signed ghost edition for a tie?,neither,0.06796811228531816,0.29328961820694616,0.6387422695077356
$17k! lupoHYPE,neither,0.03945320844208391,0.33037608806864915,0.630170703489267
$17k! lupoHYPE,neither,0.03945320844208391,0.33037608806864915,0.630170703489267
gjakeHype gjakeHype gjakeHype gjakeHype,neither,0.03945320844208391,0.33037608806864915,0.630170703489267
"@sv3n_gay, hey bb <3",neither,0.03945320844208391,0.33037608806864915,0.630170703489267
$17k! lupoHYPE,neither,0.03945320844208391,0.33037608806864915,0.630170703489267
lupoLOVE lupoLOVE lupoLOVE lupoLOVE lupoLOVE lupoLOVE lupoLOVE lupoLOVE lupoHYPE lupoHYPE lupoHYPE lupoHYPE lupoHYPE lupoHYPE lupoHYPE lupoHYPE,neither,0.03945320844208391,0.33037608806864915,0.630170703489267
"@Jmelnick15, ill do 2.",neither,0.041648951224208454,0.3296208714387682,0.6287301773370233
gjakeCash gjakeCash gjakeCash gjakeCash gjakeCash gjakeCash gjakeCash gjakeCash gjakeCash gjakeCash gjakeCash gjakeCash gjakeCash gjakeCash gjakeCash gjakeCash gjakeCash gjakeCash gjakeCash gjakeCash gjakeCash gjakeCash gjakeCash gjakeCash gjakeCash gjakeCash gjakeCash gjakeCash gjakeCash gjakeCash gjakeCash gjakeCash gjakeCash gjakeCash gjakeCash gjakeCash gjakeCash gjakeCash gjakeCash gjakeCash gjakeCash,neither,0.03945320844208391,0.33037608806864915,0.630170703489267
lupoHYPE,neither,0.03945320844208391,0.33037608806864915,0.630170703489267
$17K lupoHYPE,neither,0.03945320844208391,0.33037608806864915,0.630170703489267
$17K lupoHYPE,neither,0.03945320844208391,0.33037608806864915,0.630170703489267
PogChamp,neither,0.03945320844208391,0.33037608806864915,0.630170703489267
$17K lupoHYPE,neither,0.03945320844208391,0.33037608806864915,0.630170703489267
lupo is unstoppable right now,neither,0.05163911979833078,0.35505676405786096,0.5933041161438083
https://clips.twitch.tv/drlupo/PoorOstrichBORT,neither,0.03945320844208391,0.33037608806864915,0.630170703489267
$17K lupoHYPE,neither,0.03945320844208391,0.33037608806864915,0.630170703489267
$17K lupoHYPE,neither,0.03945320844208391,0.33037608806864915,0.630170703489267
PogChamp PogChamp PogChamp PogChamp PogChamp PogChamp PogChamp PogChamp PogChamp PogChamp PogChamp PogChamp PogChamp,neither,0.03945320844208391,0.33037608806864915,0.630170703489267
$17K lupoHYPE,neither,0.03945320844208391,0.33037608806864915,0.630170703489267
$17K lupoHYPE,neither,0.03945320844208391,0.33037608806864915,0.630170703489267
$17K lupoHYPE,neither,0.03945320844208391,0.33037608806864915,0.630170703489267
$17K lupoHYPE,neither,0.03945320844208391,0.33037608806864915,0.630170703489267
$17K lupoHYPE,neither,0.03945320844208391,0.33037608806864915,0.630170703489267
$17K lupoHYPE,neither,0.03945320844208391,0.33037608806864915,0.630170703489267
3 shots in a row lupoHYPW,neither,0.03945320844208391,0.33037608806864915,0.630170703489267
$17K lupoHYPE,neither,0.03945320844208391,0.33037608806864915,0.630170703489267
credit card kun KappaPride,neither,0.03945320844208391,0.33037608806864915,0.630170703489267
gjakeCash gjakeCash gjakeCash gjakeCash gjakeCash gjakeCash gjakeCash gjakeCash gjakeCash gjakeCash gjakeCash gjakeCash gjakeCash gjakeCash gjakeCash gjakeCash gjakeCash gjakeCash gjakeCash gjakeCash,neither,0.03945320844208391,0.33037608806864915,0.630170703489267
$17K lupoHYPE,neither,0.03945320844208391,0.33037608806864915,0.630170703489267
$17K lupoHYPE,neither,0.03945320844208391,0.33037608806864915,0.630170703489267
@oozypunk ndsLOVE,neither,0.03945320844208391,0.33037608806864915,0.630170703489267
"@Oozypunk That's worth at LEAST 2 shots, yeah? for 1k?",neither,0.021401229116722143,0.4339375445114989,0.5446612263717789
"@Oozypunk, thats 20 shots buddy lupoK",neither,0.03945320844208391,0.33037608806864915,0.630170703489267
PogChamp PogChamp PogChamp PogChamp PogChamp PogChamp PogChamp PogChamp PogChamp PogChamp PogChamp PogChamp PogChamp PogChamp PogChamp PogChamp PogChamp PogChamp PogChamp PogChamp PogChamp PogChamp PogChamp PogChamp PogChamp PogChamp,neither,0.03945320844208391,0.33037608806864915,0.630170703489267
gjakeCash gjakeCash gjakeCash gjakeCash gjakeCash,neither,0.03945320844208391,0.33037608806864915,0.630170703489267
@Mc_aj16 someone commented on the $1.17 donation... :P,neither,0.036351323369345385,0.32797215497950827,0.6356765216511463
F for @Oozypunk 's liver,neither,0.032764864206104964,0.296993156639892,0.670241979154003
17k PogChamp,neither,0.03945320844208391,0.33037608806864915,0.630170703489267
F,neither,0.03945320844208391,0.33037608806864915,0.630170703489267
F,neither,0.03945320844208391,0.33037608806864915,0.630170703489267
F,neither,0.03945320844208391,0.33037608806864915,0.630170703489267
F,neither,0.03945320844208391,0.33037608806864915,0.630170703489267
!charity,neither,0.03945320844208391,0.33037608806864915,0.630170703489267
F,neither,0.03945320844208391,0.33037608806864915,0.630170703489267
Donate: https://goo.gl/Hdz8qx // All donations go straight to the Make-A-Wish Foundation and are tax deductible! (PayPal or Credit Card accepted.) // Include your XBL GT or PSN ID in the donation message for a special badge on DestinyTrialsReport.com! // More information about the Make-A-Wish Foundation: http://www.wish.org,neither,0.06331708384194863,0.2837939068155443,0.652889009342507
"@Corrupt_Identity, how u doing bb?",neither,0.03945320844208391,0.33037608806864915,0.630170703489267
@corrupt_identity ndsLOVE,neither,0.03945320844208391,0.33037608806864915,0.630170703489267
i can eat 1000 cheesesticks np,neither,0.0396826582293633,0.32648172636229034,0.6338356154083463
f,neither,0.03945320844208391,0.33037608806864915,0.630170703489267
F,neither,0.03945320844208391,0.33037608806864915,0.630170703489267
@ItsTaylorTime We don't want a hospital trip.,neither,0.039522510622527374,0.32919984920224493,0.6312776401752277
OMG,neither,0.03945320844208391,0.33037608806864915,0.630170703489267
FUSIONS FOR DAYS,neither,0.030312227751772097,0.2848613402067586,0.6848264320414694
hahahahaha,neither,0.03945320844208391,0.33037608806864915,0.630170703489267
lupoVOOP,neither,0.03945320844208391,0.33037608806864915,0.630170703489267
lupoVOOP,neither,0.03945320844208391,0.33037608806864915,0.630170703489267
lupoVOOP,neither,0.03945320844208391,0.33037608806864915,0.630170703489267
#VOOP,neither,0.03945320844208391,0.33037608806864915,0.630170703489267
lupoVOOP,neither,0.03945320844208391,0.33037608806864915,0.630170703489267
"@Oozypunk I mean, it's for charity after all.. Think of the children.",neither,0.03479644318321666,0.3364641394656688,0.6287394173511146
and F for @ifrosteei 's digestive system,neither,0.03380427433112786,0.2725760952973181,0.693619630371554
F,neither,0.03945320844208391,0.33037608806864915,0.630170703489267
Hi @Cozmo_BNG,neither,0.03945320844208391,0.33037608806864915,0.630170703489267
lupoVOOP lupoVOOP lupoVOOP lupoVOOP lupoVOOP lupoVOOP,neither,0.03945320844208391,0.33037608806864915,0.630170703489267
#voopnation,neither,0.03945320844208391,0.33037608806864915,0.630170703489267
!card,neither,0.03945320844208391,0.33037608806864915,0.630170703489267
No card,neither,0.03831339492610202,0.3497216981110983,0.6119649069627997
lupoVOOP,neither,0.03945320844208391,0.33037608806864915,0.630170703489267
for tha kidz,neither,0.031240231661292497,0.2894386358662819,0.6793211324724256
you playing 3v3,neither,0.07614762090341906,0.4267166463105106,0.4971357327860704
$17k so far man~,neither,0.03958351719224982,0.4288124383343454,0.5316040444734047
lupoVOOP lupoVOOP lupoVOOP lupoVOOP lupoVOOP lupoVOOP lupoVOOP lupoVOOP,neither,0.03945320844208391,0.33037608806864915,0.630170703489267
That has to be a saladins vigil lol,neither,0.032800619272628125,0.45426108926598335,0.5129382914613886
@drlupo How much is Kim donating?,neither,0.043624564650196054,0.3289413673886271,0.6274340679611768
FailFish,neither,0.03945320844208391,0.33037608806864915,0.630170703489267
what fushion riffle us Kim dot com using??,neither,0.06664872287212921,0.36788619766893244,0.5654650794589383
"@sv3n_gay, good good and yourself?",neither,0.037391392663234886,0.2907706818295662,0.6718379255071988
"@Jmelnick15, tripleDN",neither,0.03945320844208391,0.33037608806864915,0.630170703489267
@drlupo What fusion??,neither,0.057770773616808734,0.3180719994247239,0.6241572269584672
yo shoe update the Sherpa bot,neither,0.03880466995768048,0.36827207259668493,0.5929232574456347
!sherpee auto,neither,0.03945320844208391,0.33037608806864915,0.630170703489267
"I'm sorry, I had a problem with that command. If this persists, unjoin me then rejoin me.",neither,0.015800442332180337,0.4573902877896462,0.5268092698781734
I love that somehow somebody started doing shots for a children's charity lol...,neither,0.02903663308701851,0.37139343121445084,0.5995699356985308
"@DrLupo, need to rejoin TSB",neither,0.05540472761621201,0.3179541454987824,0.6266411268850055
@corrupt_identity Why you always look so scared ndsSAD,offensive_language,0.04154811259918978,0.508212248401011,0.45023963899979924
Kim is using the Trials fusion,neither,0.042682717356738724,0.38047406926901733,0.5768432133742439
"Hello, I'm here to help with your ToO sherpa needs. Use command !sherpahelp to get started. A card is currently active.",neither,0.05373616933464522,0.3788639134129974,0.5673999172523573
"i'm kinda geekin out right now, lots of respect for kdc, gjakeLove @Drlupo",neither,0.03240332881806916,0.3328884660556666,0.6347082051262642
@drlupo have you seen cammycake's we are number one video?,neither,0.09145880982414879,0.28306567178374137,0.6254755183921098
Donate: https://goo.gl/Hdz8qx // All donations go straight to the Make-A-Wish Foundation and are tax deductible! (PayPal or Credit Card accepted.) // Include your XBL GT or PSN ID in the donation message for a special badge on DestinyTrialsReport.com! // More information about the Make-A-Wish Foundation: http://www.wish.org,neither,0.06331708384194863,0.2837939068155443,0.652889009342507
Stellar vestige,neither,0.03945320844208391,0.33037608806864915,0.630170703489267
!complete,neither,0.03945320844208391,0.33037608806864915,0.630170703489267
Card complete.,neither,0.03945320844208391,0.33037608806864915,0.630170703489267
alright. 3 shots down lupoCRY im going to die.,neither,0.15406631072334082,0.20917543700159663,0.6367582522750624
!sherpee auto,neither,0.03945320844208391,0.33037608806864915,0.630170703489267
or my liver is.,neither,0.03456696777901055,0.41592827400234667,0.5495047582186429
"lupoK lupoCHOO 1W, 0L, Mercy Used: No lupoCHOO lupoK",neither,0.03863476957711121,0.3442671315624675,0.6170980988604212
oozy jeez,neither,0.03945320844208391,0.33037608806864915,0.630170703489267
"@DrLupo, nevermind",neither,0.03945320844208391,0.33037608806864915,0.630170703489267
@Oozypunk Good Luck,neither,0.038607236521895655,0.330667056604554,0.6307257068735503
or maybe you just did it mid game,neither,0.04564492071224978,0.3471361756878882,0.6072189035998621
idk,neither,0.03945320844208391,0.33037608806864915,0.630170703489267
!badges,neither,0.03945320844208391,0.33037608806864915,0.630170703489267
Subscriber Loyalty Badges! // http://imgur.com/9QI7S85,neither,0.03688899891428048,0.2469230419690196,0.7161879591167
pewww pewww,neither,0.03945320844208391,0.33037608806864915,0.630170703489267
@Oozypunk water is your friend. <3,neither,0.09585907194544213,0.31349594348646515,0.5906449845680928
@oozypunk what are drinking for?,neither,0.0704953689939683,0.24029743694949132,0.6892071940565403
The batman kid? That was super cool,neither,0.03568691311446413,0.35503928116104233,0.6092738057244935
!uptime,neither,0.03945320844208391,0.33037608806864915,0.630170703489267
9 hours 36 minutes 50 seconds,neither,0.03945320844208391,0.33037608806864915,0.630170703489267
"@P3wninn00bz, he's taking a shot for every $50",neither,0.03852729229420891,0.3041634217705872,0.6573092859352038
"@P3wninn00bz, every $50 donation or higher ill take a shot.",neither,0.03945320844208391,0.33037608806864915,0.630170703489267
wtf oozy,offensive_language,0.04410695246022759,0.7898861884776351,0.16600685906213722
oh fffffuuuuuuuuuuuuuu,neither,0.051363287716059566,0.22255663153133606,0.7260800807526044
dont die,neither,0.3169934425097455,0.07213886206022982,0.6108676954300246
"@Siulaim, im chaning the rules for my health",neither,0.025362923555137445,0.3845434084837021,0.5900936679611604
I want to see how a drunk mod acts. Please continue pounding whiskey shots.,neither,0.043005551888167556,0.32628696571405547,0.6307074823977769
we need you oozy,neither,0.07374366034751853,0.4245877570538975,0.5016685825985839
oh good $50 or higher,neither,0.043322495417505776,0.28770867208906736,0.6689688324934269
you're a good mod,neither,0.13765547900451902,0.35712851260497763,0.5052160083905034
"Yes, I play on mouse and keyboard. For information, try !mnk or !whymnk. Thanks!",neither,0.03348933748276678,0.2927381170528408,0.6737725454643925
damn I can't get the trials fushion to drop,offensive_language,0.06675070848106096,0.7983285647920159,0.1349207267269231
i was actually worred about you,neither,0.06035528646741937,0.43824444076482677,0.5014002727677538
Make a Wish YouTube: https://www.youtube.com/user/MakeAWishFoundation,neither,0.03945320844208391,0.33037608806864915,0.630170703489267
I've heard the name but who exactly is Kim dot com?,neither,0.02690237629325527,0.3483516768159077,0.6247459468908372
!whymnk,neither,0.03945320844208391,0.33037608806864915,0.630170703489267
"Originally, I looked for an alternate input method that would allow me to rez/move/shoot/jump/etc at the same time. I also get hand cramps after playing for too long with a controller. I've put 4000+ hours over ~18 months into learning to play this way on Destiny. I also own an Elite controller. More info: https://goo.gl/DK62Er",neither,0.0347322164813712,0.33008293347562484,0.635184850043004
you playing 3v3,neither,0.07614762090341906,0.4267166463105106,0.4971357327860704
"@Corrupt_Identity, having a great time thank you <3",neither,0.05110046479467552,0.3714638661075586,0.5774356690977659
lupo! how was you and the familys new year?,neither,0.05428126744290534,0.24345725512870486,0.7022614774283898
!johncena,neither,0.03945320844208391,0.33037608806864915,0.630170703489267
!mnk,neither,0.03945320844208391,0.33037608806864915,0.630170703489267
Razer DeathAdder 3500 @ 3500 DPI: http://goo.gl/6xOrtz // CMStorm Quickfire Pro: http://goo.gl/L2oiTF // XIM4 Adapter: www.xim4.com // XIM4 STv1 Settings: http://imgur.com/a/90cnX // XIM4 STv2 Settings: http://imgur.com/a/aUWTG,neither,0.03524030400118552,0.17813458567086496,0.7866251103279496
founder of Megaupload @Jmelnick15,neither,0.03945320844208391,0.33037608806864915,0.630170703489267
Do a card with John Cena! He deserves it,neither,0.03440157006414717,0.35751041748042617,0.6080880124554267
"@Jmelnick15, megaupload. or i'd recommend checking wikipedia for more info",neither,0.03638677923016447,0.30250083632236513,0.6611123844474704
!whymnk,neither,0.03945320844208391,0.33037608806864915,0.630170703489267
@huskeezee Is that an app?,neither,0.04423873890576083,0.36785949176814986,0.5879017693260893
What nationality is Kim? German?,neither,0.053349806679232926,0.3236629626265286,0.6229872306942384
i think so?,neither,0.040564643702812306,0.4056013163067219,0.5538340399904659
"I remind wikipedia for more info on Kim, like Siu said",neither,0.041100648585649366,0.32110289076726195,0.6377964606470887
Kiwi i think,neither,0.04078787600207219,0.3077232963708793,0.6514888276270485
The accent sounds German to me,neither,0.03769979325867224,0.34492893767096866,0.617371269070359
"for reals though guys, he has a wikipedia page, go there",neither,0.03962789628932121,0.2816287362532858,0.678743367457393
!charity,neither,0.03945320844208391,0.33037608806864915,0.630170703489267
Donate: https://goo.gl/Hdz8qx // All donations go straight to the Make-A-Wish Foundation and are tax deductible! (PayPal or Credit Card accepted.) // Include your XBL GT or PSN ID in the donation message for a special badge on DestinyTrialsReport.com! // More information about the Make-A-Wish Foundation: http://www.wish.org,neither,0.06331708384194863,0.2837939068155443,0.652889009342507
RaccAttack,neither,0.03945320844208391,0.33037608806864915,0.630170703489267
"oh god, my typing is already going downhill",neither,0.03746699716975836,0.3919097352226463,0.5706232676075953
@kobe2610 kiwi aka new 9,neither,0.044055836471892,0.2141138562638225,0.7418303072642856
@huskeezee @siulaim Thanks guys,neither,0.03655862387837074,0.3098941200382932,0.6535472560833362
"@DrLupo YOu should tweet at john cena, everyone RT's and get him on stream!",offensive_language,0.04526667343077022,0.48081238046795755,0.4739209461012722
finally figured out how to do tricks on my sparrow lupoYE,neither,0.03145785472286637,0.4091024962867033,0.5594396489904303
*new Zealand,neither,0.04660400397451208,0.1401930676750457,0.8132029283504423
that was filthy,neither,0.034637718379237944,0.38385332524043914,0.5815089563803229
Dear goddddddddd,neither,0.03945320844208391,0.33037608806864915,0.630170703489267
You just nKuched them lol,offensive_language,0.06994575886542136,0.539004350585568,0.3910498905490108
!commands,neither,0.03945320844208391,0.33037608806864915,0.630170703489267
Senatours -> The bot commands for this channel are available at https://beta.nightbot.tv/t/drlupo/commands,neither,0.04695462833040224,0.29561718809185006,0.6574281835777477
JUMP WTFFFFFF,neither,0.03945320844208391,0.33037608806864915,0.630170703489267
Crispy,neither,0.03945320844208391,0.33037608806864915,0.630170703489267
that freakin snipe,neither,0.03622862888609952,0.3653433101790168,0.5984280609348839
the shotttttt fuck,offensive_language,0.31255729367621293,0.6874427038301136,2.493673431948408e-09
"@CCkun91, Thank you frr getting me tipsy early lupoK",neither,0.04212600596009846,0.4428730409356477,0.5150009531042538
"@godofthunderzeus, well that's where he is now. i think he was born in germany or somewhere around there",neither,0.04916488676499896,0.30531175167853364,0.6455233615564674
!uptime,neither,0.03945320844208391,0.33037608806864915,0.630170703489267
9 hours 39 minutes 15 seconds,neither,0.03945320844208391,0.33037608806864915,0.630170703489267
tweet him!,neither,0.039246113733325226,0.3338910257504056,0.6268628605162692
You are freaking cold,neither,0.09347518219943302,0.32693646724318703,0.5795883505573799
Can somebody plz tweet john cena???? Lol,neither,0.03360829410419553,0.3696650220649636,0.5967266838308408
tweet the show,neither,0.060324775069284915,0.20626059242198422,0.733414632508731
!secondaryx1,neither,0.03945320844208391,0.33037608806864915,0.630170703489267
!add,neither,0.03945320844208391,0.33037608806864915,0.630170703489267
"I don't add people on either console unless we play together often, do sherpa runs together, or have had intimate relations. lupoWIFE",neither,0.04932084610270229,0.3399474104382853,0.6107317434590125
"﻿ Chimaera96: DrLupo's special is But Not Forgotten [400] [Arc Damage, Linear Compensator, Injection Mold, Single Point Sling, Hidden Hand].",neither,0.055018323709655904,0.3270346124780026,0.6179470638123414
@siulaim ok cool,neither,0.03938398024040809,0.33155107132229716,0.6290649484372947
"lupoK lupoCHOO 3W, 0L, Mercy Used: No lupoCHOO lupoK",neither,0.03863476957711121,0.3442671315624675,0.6170980988604212
I'm starting to get the feeling that I'm not the only lubricated viewer this evening.,neither,0.038666213992111564,0.34451112458735367,0.6168226614205347
LEGGOOOO,neither,0.03945320844208391,0.33037608806864915,0.630170703489267
lupoK,neither,0.03945320844208391,0.33037608806864915,0.630170703489267
"@charged__particle, lupoK",neither,0.03945320844208391,0.33037608806864915,0.630170703489267
hahahahahahaha,neither,0.03945320844208391,0.33037608806864915,0.630170703489267
@drlupo why the GBF sniper rifle over like long bow,neither,0.03329976224276157,0.343858610275875,0.6228416274813633
John cena plays destiny??? @drluoo,neither,0.03945320844208391,0.33037608806864915,0.630170703489267
that self res lol,neither,0.02509140430094089,0.4595727094404526,0.5153358862586066
lupoK lupoK lupoK lupoK lupoK lupoK lupoK lupoK lupoK lupoK lupoK lupoK lupoK lupoK lupoK lupoK lupoK lupoK lupoK lupoK lupoK lupoK lupoK lupoK lupoK lupoK lupoK lupoK lupoK lupoK,neither,0.03945320844208391,0.33037608806864915,0.630170703489267
confirmed,neither,0.03945320844208391,0.33037608806864915,0.630170703489267
@Siulaim YA BUDDY,offensive_language,0.0235220236821029,0.6246129732366091,0.35186500308128793
You didn't say the magic word!,neither,0.036496158945365134,0.39716061879743103,0.5663432222572037
"@nubberts88, the BNF he has on xbox has very fast handling",neither,0.04078025885286882,0.31935857010856544,0.6398611710385657
Remember everyone ever $50+ donation gets me closer to being hammered. lupoHYPE,neither,0.032613172952364114,0.423293049033754,0.5440937780138819
"Holy crap, amazing play sir",neither,0.03945320844208391,0.33037608806864915,0.630170703489267
the big show plays destiny?,neither,0.034892222818160935,0.30674501169328783,0.6583627654885512
@DrLupo what console are you on right now>,neither,0.08624286343045723,0.3524765943304861,0.5612805422390567
?*,neither,0.03945320844208391,0.33037608806864915,0.630170703489267
xbox,neither,0.03945320844208391,0.33037608806864915,0.630170703489267
@itstaylortime On PS yes,neither,0.03466307084973851,0.3538210008146397,0.6115159283356217
Well technically any three points make a triangle soo lupoK,neither,0.03945320844208391,0.33037608806864915,0.630170703489267
@itstaylortime correct,neither,0.03945320844208391,0.33037608806864915,0.630170703489267
@taekwonjoe1220 Xbox,neither,0.03945320844208391,0.33037608806864915,0.630170703489267
hey @Cozmo_BNG poshLUV,neither,0.03945320844208391,0.33037608806864915,0.630170703489267
@siulaim hmm I never tried it,neither,0.034314444716599994,0.37028070781093875,0.5954048474724614
moon2SMUG,neither,0.03945320844208391,0.33037608806864915,0.630170703489267
Only 8K away!!!!,neither,0.04163691782223417,0.29331284086015,0.6650502413176159
@oozypunk how drunk are you right now? Scale of 1 to john daly?,neither,0.08234983390329556,0.3382048423170811,0.5794453237796233
Oh wait. It's any three make a plane. Never mind lol,neither,0.03409725281725704,0.36069027088935973,0.6052124762933832
"@Robstak, only 3 in. sober.",neither,0.03945320844208391,0.33037608806864915,0.630170703489267
single donation,neither,0.03945320844208391,0.33037608806864915,0.630170703489267
Paul's a super nice guy! I've met him a few times.,neither,0.02492526390625746,0.32433407112455936,0.6507406649691833
Is cozmo a developer? What's his position at destiny?,neither,0.07632838372829939,0.34396415516265755,0.579707461109043
How are you today @Cozmo_BNG,neither,0.12454406383264742,0.2833588637529451,0.5920970724144076
"@Robstak HAHAHA, ""Jon daly""",neither,0.03945320844208391,0.33037608806864915,0.630170703489267
Community Manager @Broglobe,neither,0.03945320844208391,0.33037608806864915,0.630170703489267
HIGHEST DONATION FOR PS4 DURING THIS CARD GETS TO PLAY WITH LUPO AND COZMO,neither,0.03247860219577557,0.31053395040671755,0.6569874473975069
@DrLupo make sure you say single donation,offensive_language,0.04908353018046424,0.5236307094252401,0.42728576039429567
Oh shit,offensive_language,0.04652059265363964,0.9534729203614298,6.486984930600159e-06
@cozmo_bng Is a lad,neither,0.051124007078731534,0.3263619652460026,0.6225140276752659
!uptime,neither,0.03945320844208391,0.33037608806864915,0.630170703489267
9 hours 41 minutes 17 seconds,neither,0.03945320844208391,0.33037608806864915,0.630170703489267
HIGHEST DONATION FOR PS4 DURING THIS CARD GETS TO PLAY WITH LUPO AND COZMO,neither,0.03247860219577557,0.31053395040671755,0.6569874473975069
Community Manager @Broglobe,neither,0.03945320844208391,0.33037608806864915,0.630170703489267
:O,neither,0.03945320844208391,0.33037608806864915,0.630170703489267
HIGHEST DONATION FOR PS4 DURING THIS CARD GETS TO PLAY WITH LUPO AND COZMO,neither,0.03247860219577557,0.31053395040671755,0.6569874473975069
yesss,neither,0.03945320844208391,0.33037608806864915,0.630170703489267
Ahh okay,neither,0.03945320844208391,0.33037608806864915,0.630170703489267
ninjasGASM ninjasGASM ninjasGASM ninjasGASM ninjasGASM ninjasGASM ninjasGASM ninjasGASM ninjasGASM ninjasGASM ninjasGASM ninjasGASM ninjasGASM ninjasGASM ninjasGASM ninjasGASM,neither,0.03945320844208391,0.33037608806864915,0.630170703489267
lupoHEY,neither,0.03945320844208391,0.33037608806864915,0.630170703489267
"can confirm, Cozmo is pretty awesome",neither,0.046275247389768896,0.32435666064470997,0.629368091965521
damn lupo trying to bank me lol,offensive_language,0.036236714813362894,0.808958121056836,0.15480516412980108
HIGHEST SINGLE DONATION FOR PS4 DURING THIS CARD GETS TO PLAY WITH LUPO AND COZMO,neither,0.03276501379012298,0.3113119110529812,0.6559230751568957
Cozmo is super chill,neither,0.049324151767625425,0.3269810180209417,0.6236948302114328
"@DrLupo, are we counting cck's 1k donation?",neither,0.06986391735892677,0.2816138845041547,0.6485221981369185
I know that guy!,neither,0.033328870683105895,0.40149492902141765,0.5651762002954763
i played rumble against Cozmo,neither,0.041201003192992594,0.3007114497649073,0.6580875470421002
"@Oozypunk maybe not so sober after this card, depending on highest donation..?",neither,0.03696292556075766,0.3680815153962712,0.5949555590429711
ooooh good question,neither,0.038603349900201235,0.3306683933919781,0.6307282567078207
"@Siulaim, Does mine count?",neither,0.025990988586576908,0.45647816532555174,0.5175308460878715
PogChamp,neither,0.03945320844208391,0.33037608806864915,0.630170703489267
https://clips.twitch.tv/drlupo/PoorOstrichBORT,neither,0.03945320844208391,0.33037608806864915,0.630170703489267
