text,top_class,hate_speech,offensive_language,neither
Ah,neither,0.03945320844208391,0.33037608806864915,0.630170703489267
I didn't even make the friends list guys FeelsBadMan,neither,0.026881014774951677,0.3652990554244577,0.6078199298005906
"@Robstak, she has a bit of the blue merle on her back and she has a quarter blue in one eye.",offensive_language,0.03749467205648912,0.4965541893648656,0.4659511385786452
Cosmo thanks for making Modoc go 2-12 :3,neither,0.033920649720302835,0.28138127744684427,0.6846980728328529
lupoRNG@Cozmo_BNG teftHi,neither,0.03945320844208391,0.33037608806864915,0.630170703489267
!bt @CorruptSynergy,neither,0.03945320844208391,0.33037608806864915,0.630170703489267
LOL,neither,0.020706217963973744,0.4882283491876925,0.4910654328483337
Siulaim ( ＾◡＾)っ(‿|‿) @CorruptSynergy,neither,0.03945320844208391,0.33037608806864915,0.630170703489267
lol,neither,0.020706217963973744,0.4882283491876925,0.4910654328483337
BNG Cozmo,neither,0.03945320844208391,0.33037608806864915,0.630170703489267
Ask him about how shit the meta is,offensive_language,0.053770451692732445,0.9448190369025166,0.0014105114047510497
THIRD,neither,0.03945320844208391,0.33037608806864915,0.630170703489267
everyone notice the pause in chat while everyone went to go add cozmo?,neither,0.03661339483559966,0.4213449747723784,0.5420416303920219
lol rip,neither,0.02958781151373683,0.4038776379912608,0.5665345504950025
Multi-Stream Link: http://kadgar.net/live/drlupo/,neither,0.03993770193144703,0.2602568920393204,0.6998054060292326
AHHHHhahahaha,neither,0.03945320844208391,0.33037608806864915,0.630170703489267
can i play?,neither,0.039941075854229305,0.3220957048520548,0.6379632192937158
did not mean to enter lupo rng,neither,0.04443323673876218,0.33129904476630356,0.6242677184949343
@Pacate_ What? Seriously?,neither,0.047775059138037035,0.32450485476496066,0.6277200860970021
I fucking love @ThirdEchelon,offensive_language,0.11648011222273229,0.8835189513217083,9.364555593352872e-07
The real prize is to play with Third,neither,0.03470885473112218,0.42830888301622744,0.5369822622526506
my B,offensive_language,0.011017215557639733,0.6062201221254095,0.3827626623169507
Raffle,neither,0.03945320844208391,0.33037608806864915,0.630170703489267
@Pacate_ Tell me everything,neither,0.030003216627177927,0.382664053025941,0.5873327303468812
hahahahah@NobodyJustBrad,neither,0.03945320844208391,0.33037608806864915,0.630170703489267
forreal @sharklad93,neither,0.03945320844208391,0.33037608806864915,0.630170703489267
Kappa,neither,0.03945320844208391,0.33037608806864915,0.630170703489267
LMFAO.,neither,0.05470637918084239,0.32512982320825545,0.6201637976109021
"@CorruptSynergy, But you did it for the keeds FeelsGoodMan",neither,0.04186770660876807,0.33393699657651554,0.6241952968147163
Cosmo is the real winner here,neither,0.08642317502000803,0.3872433531558119,0.5263334718241801
How do we enter raffle,neither,0.040759501441558856,0.33257107773407446,0.6266694208243666
"@troyster238, no raffle currently",neither,0.038371243456029464,0.348739857585597,0.6128888989583736
@mrsdrlupo mine is identical to the wikipedia one :),neither,0.05813554261578995,0.3395654763430496,0.6022989810411604
@ttvmicah you not here about that,offensive_language,0.14901599232333207,0.4278598433357974,0.42312416434087047
!sherpee auto,neither,0.03945320844208391,0.33037608806864915,0.630170703489267
Hear,neither,0.03945320844208391,0.33037608806864915,0.630170703489267
"lupoK lupoCHOO 1W, 0L, Mercy Used: No lupoCHOO lupoK",neither,0.03863476957711121,0.3442671315624675,0.6170980988604212
777,neither,0.03945320844208391,0.33037608806864915,0.630170703489267
:: friend request spam for cozmo ::,neither,0.034571413673082425,0.30598579705977347,0.6594427892671441
txwppkiultg -> You've been timed out for posting a link. Ask first. Unless you're spam. [warning],neither,0.037212331828085185,0.34488937712100365,0.6178982910509111
There isn't a raffle right now @troyster238,neither,0.03836634059201509,0.30338338319394453,0.6582502762140403
RIP lol,neither,0.02958781151373683,0.4038776379912608,0.5665345504950025
!donate,neither,0.03945320844208391,0.33037608806864915,0.630170703489267
Donate: https://goo.gl/Hdz8qx // All donations go straight to the Make-A-Wish Foundation and are tax deductible! (PayPal or Credit Card accepted.) // Include your XBL GT or PSN ID in the donation message for a special badge on DestinyTrialsReport.com! // More information about the Make-A-Wish Foundation: http://www.wish.org,neither,0.06331708384194863,0.2837939068155443,0.652889009342507
Your forgot the gjakeH,neither,0.08887300136628744,0.2921677623812759,0.6189592362524368
@DrLupo Clean out your postmaster before I have an anxiety attack gdi,neither,0.05226662902085617,0.38374239139073196,0.5639909795884117
@Pacate_ No I didn't. When and how?,neither,0.015417481088473475,0.40415581523828054,0.580426703673246
does anyone want to trials 4 cu,neither,0.029967961226864043,0.46260789706122785,0.5074241417119081
MAKE SURE TO INCLUDE YOUR GT/PSN IN YOUR DONATION TO GET AN AWESOME BADGE ON DTR,neither,0.08576992415662088,0.4244616748536682,0.4897684009897109
Never forget gjakeH,neither,0.033981532632119824,0.3865108991422029,0.5795075682256773
So do we just join or what,neither,0.04103968561463841,0.3896540189629681,0.5693062954223935
bro this stream is the tits. you are the man,neither,0.08311701018030154,0.3461175531921653,0.5707654366275331
fun,neither,0.03945320844208391,0.33037608806864915,0.630170703489267
@drlupo did my donation came throught,neither,0.029638989318022106,0.40560002664369293,0.5647609840382849
?,neither,0.03945320844208391,0.33037608806864915,0.630170703489267
WHY IS MATADOR OVERPOWERED ASK HIM,neither,0.03521655438706774,0.34399804666379025,0.620785398949142
gjakeH gjakeH,neither,0.03945320844208391,0.33037608806864915,0.630170703489267
Yo I just versed you,offensive_language,0.06370235643102003,0.6367487281856766,0.29954891538330336
@DrLupo would your recommend the xim4? I know you did a vid on it,neither,0.06992007235776608,0.34902441742524326,0.5810555102169905
gjakeH gjakeK gjakeF,neither,0.03945320844208391,0.33037608806864915,0.630170703489267
love you dr lupo...,neither,0.05692905594716782,0.4118250936126231,0.531245850440209
NOW,neither,0.03945320844208391,0.33037608806864915,0.630170703489267
he would @justahopeful,neither,0.048828258075642374,0.3172449605766473,0.6339267813477103
"@nicolas7356, sure did!",offensive_language,0.03200698474447208,0.5051243961785434,0.4628686190769844
What kind of badge is it?,neither,0.050811402412056006,0.3246426571748823,0.6245459404130617
"@troyster238, top donator gets into the game",neither,0.03806337924732208,0.27552267474626674,0.6864139460064111
AMPEnergyCherry,neither,0.03945320844208391,0.33037608806864915,0.630170703489267
he's using it now @justahopeful,neither,0.03913490595290673,0.4064937069237476,0.5543713871233457
lupoK im drunk right meow.,neither,0.037850670767680616,0.3754788757329241,0.5866704534993953
@sharklad93 gdi = god dang it?,neither,0.03691900222377106,0.33124771779468004,0.631833279981549
"@mrbeannnnnnnnnnnn, John Cena and it does his theme",neither,0.04171736318855413,0.4064462847527836,0.5518363520586623
ask him whens destiny 2 Kappa,neither,0.03936276834711936,0.33191109251003703,0.6287261391428436
!donate,neither,0.03945320844208391,0.33037608806864915,0.630170703489267
Donate: https://goo.gl/Hdz8qx // All donations go straight to the Make-A-Wish Foundation and are tax deductible! (PayPal or Credit Card accepted.) // Include your XBL GT or PSN ID in the donation message for a special badge on DestinyTrialsReport.com! // More information about the Make-A-Wish Foundation: http://www.wish.org,neither,0.06331708384194863,0.2837939068155443,0.652889009342507
"@troyster238, which was Third Echelon with the 1k",neither,0.028524389271299917,0.3518344867134409,0.6196411240152592
@ttvmicah old bungie bounty clash 2-12 against LAB and cosmo,neither,0.039741310154851786,0.29589324290263674,0.6643654469425115
@E4Efrt yee boi,neither,0.03945320844208391,0.33037608806864915,0.630170703489267
GG lupo,neither,0.03945320844208391,0.33037608806864915,0.630170703489267
HOLY SHIT I'M TIRED,offensive_language,0.044000364619209476,0.9552730287390796,0.0007266066417108558
all these things are true man take them to heart,offensive_language,0.10432150071344017,0.46301855264481634,0.43265994664174356
I HAVE SO MANY questions rn,neither,0.038925991980048945,0.37827048816282,0.5828035198571312
lmao,neither,0.03705015143476208,0.3711622369619404,0.5917876116032975
"Yes, I play on mouse and keyboard. For information, try !mnk or !whymnk. Thanks!",neither,0.03348933748276678,0.2927381170528408,0.6737725454643925
@Huskeezee i know hes using it :P i can hear it,neither,0.03447684429307441,0.3802067405599688,0.585316415146957
!uptime,neither,0.03945320844208391,0.33037608806864915,0.630170703489267
10 hours 47 minutes 22 seconds,neither,0.03945320844208391,0.33037608806864915,0.630170703489267
@IAmNotScottish fight it...fight the feeling,neither,0.03758844517811746,0.317553690453913,0.6448578643679694
But he never has a working mic ThirdEchelon,neither,0.03781216785976805,0.3654108769800199,0.596776955160212
"@IAmNotScottish, Didnt I just see you in Ninja's chat earlier?",neither,0.04641224193705928,0.37610261009916784,0.577485147963773
@Huskeezee have you used it,neither,0.06157407683861761,0.41730948768368065,0.5211164354777017
@Pacate_ That made my night.,neither,0.016958628502870342,0.4810372957290857,0.5020040757680441
I have not @justahopeful,neither,0.03563357487968968,0.3598737608519793,0.604492664268331
"""he's showing offline....like he's offline""",neither,0.06548067153377685,0.34127580066722707,0.593243527798996
"@FiresThatBurn, I'm everywhere.",neither,0.03945320844208391,0.33037608806864915,0.630170703489267
How did you organise this? I would love to do this myself with a different game ( I could never play Destiny for twenty-four hours! haha) .,neither,0.035363929263263434,0.38272555347799203,0.5819105172587445
cozmo got shy,neither,0.04127243455305841,0.07813485704451399,0.8805927084024275
Get Boons,neither,0.03779508335914271,0.3585187980877974,0.6036861185530599
cozmo ps4?,neither,0.03945320844208391,0.33037608806864915,0.630170703489267
"So, I'm not crazy, ""Rick & Morty"" is awesome, right???",neither,0.03449633063362119,0.4628595930757816,0.5026440762905972
@ttvmicah his GT was skipzy? Or something like that,neither,0.08620478663196081,0.43780524183034963,0.47598997153768957
"@IAmNotScottish, Doubt Celestial is here though, she probably isnt everywhere",neither,0.07215684352190614,0.3662728042968328,0.5615703521812612
Skixpy,neither,0.03945320844208391,0.33037608806864915,0.630170703489267
Donate: https://goo.gl/Hdz8qx // All donations go straight to the Make-A-Wish Foundation and are tax deductible! (PayPal or Credit Card accepted.) // Include your XBL GT or PSN ID in the donation message for a special badge on DestinyTrialsReport.com! // More information about the Make-A-Wish Foundation: http://www.wish.org,neither,0.06331708384194863,0.2837939068155443,0.652889009342507
!uppme,neither,0.03945320844208391,0.33037608806864915,0.630170703489267
That,neither,0.026110925149043836,0.4791292047641166,0.4947598700868395
Cozmo get's nervous when he's live,neither,0.03793877803218279,0.37978853521833883,0.5822726867494784
!uptime,neither,0.03945320844208391,0.33037608806864915,0.630170703489267
10 hours 48 minutes 15 seconds,neither,0.03945320844208391,0.33037608806864915,0.630170703489267
xbox,neither,0.03945320844208391,0.33037608806864915,0.630170703489267
"@DrLupo, does it matter that TSB was started before you had a card?",offensive_language,0.0323633047658269,0.511258774069819,0.4563779211643541
lets have some fun man BloodTrail BloodTrail MVGame,neither,0.030584848812144134,0.42691722109117936,0.5424979300966766
How do we join up with him,neither,0.02867306946893563,0.413644695313532,0.5576822352175322
I just have one question for Cozmo and chat...do you want a butt touch KappaPride,neither,0.043866111177451074,0.37145387866289564,0.5846800101596533
NERFFFFFFFFFFFF MAPADORSSSSS,neither,0.03945320844208391,0.33037608806864915,0.630170703489267
!uptime,neither,0.03945320844208391,0.33037608806864915,0.630170703489267
@charged__particle rick and morty is one of the best shows of the last few years.,neither,0.04177443172457458,0.30056466685983035,0.6576609014155951
!bt @Cozmo_BNG,neither,0.03945320844208391,0.33037608806864915,0.630170703489267
itsdwoi ( ＾◡＾)っ(‿|‿) @Cozmo_BNG,neither,0.03945320844208391,0.33037608806864915,0.630170703489267
!card,neither,0.03945320844208391,0.33037608806864915,0.630170703489267
"lupoK lupoCHOO 1W, 0L, Mercy Used: No lupoCHOO lupoK",neither,0.03863476957711121,0.3442671315624675,0.6170980988604212
ocd,neither,0.03945320844208391,0.33037608806864915,0.630170703489267
someone say third?,neither,0.03945320844208391,0.33037608806864915,0.630170703489267
"@Siulaim, should be good",neither,0.06227787712790715,0.40632227581485547,0.5313998470572373
"@ThirdEchelon,",neither,0.03945320844208391,0.33037608806864915,0.630170703489267
lupoK,neither,0.03945320844208391,0.33037608806864915,0.630170703489267
Can you show a timer next to the donate bar?,neither,0.07422345173230338,0.2916429960989899,0.6341335521687066
can @Cozmo_BNG touch my butt? id be honored,neither,0.03380603603281775,0.4478407961253491,0.5183531678418332
!raffle,neither,0.03945320844208391,0.33037608806864915,0.630170703489267
"Selection for Trials is RANDOM using a raffle system and a keyword (lupoRNG). No need to follow, donate, etc. It will not get you priority, ever. One flawless run per winner, per weekend.",neither,0.04410271778449435,0.3517188081615785,0.6041784740539271
"@Herzer91 I don't know you, but I love you.",offensive_language,0.08303525885416409,0.5151736324157307,0.4017911087301054
@Wolf_King_IV everyone always loves a good butt touch,neither,0.0361190911424369,0.47997540075574285,0.4839055081018202
SST @Huskeezee,neither,0.03945320844208391,0.33037608806864915,0.630170703489267
!bt @Herzer91,neither,0.03945320844208391,0.33037608806864915,0.630170703489267
whats lupos fastest trials run?,neither,0.03945320844208391,0.33037608806864915,0.630170703489267
charged__particle ( ＾◡＾)っ(‿|‿) @Herzer91,neither,0.03945320844208391,0.33037608806864915,0.630170703489267
"Follow me @ twitter.com/DrLupoOnTwitch for stream notifications, updates, and banter about Destiny.",neither,0.03064500239345661,0.38605513054092555,0.583299867065618
the emblems omg haha,neither,0.033329662513054345,0.39904767334257146,0.567622664144374
777777 HAIL the 7,neither,0.03839939302560993,0.311011251109799,0.6505893558645911
@DrLupo Cozmo had a IRL Deathmatch with Deej for that emblem,neither,0.022892717526408205,0.37298900415493,0.6041182783186617
i dont have that emblem anymore @Cozmo_BNG ldrCRI poshFEELS,neither,0.03442873460663403,0.38898663829707947,0.5765846270962864
@wolf_king_iv Yes!! you get a butt touch he gets a butt touch she gets a butt touch you ALL get a butt touch,neither,0.058350799849194286,0.4683626573323216,0.4732865428184841
praise 7,neither,0.03945320844208391,0.33037608806864915,0.630170703489267
!7,neither,0.03945320844208391,0.33037608806864915,0.630170703489267
!uptime,neither,0.03945320844208391,0.33037608806864915,0.630170703489267
10 hours 49 minutes 56 seconds,neither,0.03945320844208391,0.33037608806864915,0.630170703489267
#7sForCozmo,neither,0.03945320844208391,0.33037608806864915,0.630170703489267
#7sForCozmo,neither,0.03945320844208391,0.33037608806864915,0.630170703489267
#7sForCozmo,neither,0.03945320844208391,0.33037608806864915,0.630170703489267
dump out those 7s,neither,0.055448158362294775,0.2835272407000501,0.661024600937655
#7sForCozmo,neither,0.03945320844208391,0.33037608806864915,0.630170703489267
#7sForCozmo,neither,0.03945320844208391,0.33037608806864915,0.630170703489267
#7S OUT,neither,0.034523929831964555,0.3494192596525726,0.6160568105154628
#7sForCozmo,neither,0.03945320844208391,0.33037608806864915,0.630170703489267
!donate,neither,0.03945320844208391,0.33037608806864915,0.630170703489267
Donate: https://goo.gl/Hdz8qx // All donations go straight to the Make-A-Wish Foundation and are tax deductible! (PayPal or Credit Card accepted.) // Include your XBL GT or PSN ID in the donation message for a special badge on DestinyTrialsReport.com! // More information about the Make-A-Wish Foundation: http://www.wish.org,neither,0.06331708384194863,0.2837939068155443,0.652889009342507
#7sForCozmo,neither,0.03945320844208391,0.33037608806864915,0.630170703489267
777 butts,neither,0.03945320844208391,0.33037608806864915,0.630170703489267
!donate,neither,0.03945320844208391,0.33037608806864915,0.630170703489267
Guess I should get to know who Kim is now protagSHRUG,neither,0.06646285968474705,0.4277760851610134,0.5057610551542396
777777,neither,0.03945320844208391,0.33037608806864915,0.630170703489267
777 for the butts,neither,0.031922378168810744,0.2805413494080832,0.6875362724231061
lupo7,neither,0.03945320844208391,0.33037608806864915,0.630170703489267
777,neither,0.03945320844208391,0.33037608806864915,0.630170703489267
mmm sobering beans strim believe.,neither,0.03945320844208391,0.33037608806864915,0.630170703489267
77777777,neither,0.03945320844208391,0.33037608806864915,0.630170703489267
D7CKS out for cozmo,neither,0.021524235488889716,0.30827789867241007,0.6701978658387002
#7sForCozmo,neither,0.03945320844208391,0.33037608806864915,0.630170703489267
7,neither,0.03945320844208391,0.33037608806864915,0.630170703489267
needs to be a thing xD,neither,0.048922693179349705,0.3300446806916913,0.621032626128959
77777,neither,0.03945320844208391,0.33037608806864915,0.630170703489267
"@CorruptSynergy, lupoK",neither,0.03945320844208391,0.33037608806864915,0.630170703489267
@charged__particle lupoLOVE lupoLOVE lupoLOVE lupoLOVE,neither,0.03945320844208391,0.33037608806864915,0.630170703489267
POST MASTER. ITS RIGHT THERE.,neither,0.03351928257992362,0.311368866593326,0.6551118508267504
primalfyre has just re-subscribed to the stream for 7 months in a row!,neither,0.047209768464342786,0.28926846116331856,0.6635217703723386
Eat me,neither,0.026801614416457953,0.40259111009519505,0.5706072754883469
!subhype,neither,0.03945320844208391,0.33037608806864915,0.630170703489267
lupoK lupoK lupoK lupoK lupoK BULLCRAP lupoHYPE lupoLOVE lupoHYPE lupoLOVE lupoHYPE lupoLOVE lupoHYPE lupoLOVE lupoHYPE lupoLOVE lupoHYPE lupoLOVE lupoHYPE lupoLOVE lupoHYPE lupoLOVE lupoHYPE lupoLOVE lupoHYPE BULLCRAP lupoK lupoK lupoK lupoK lupoK,neither,0.03945320844208391,0.33037608806864915,0.630170703489267
7777777,neither,0.03945320844208391,0.33037608806864915,0.630170703489267
okay thats all my 7 before I get slapped,offensive_language,0.02858921201646337,0.5098797325267508,0.4615310554567859
#7sForCozmo,neither,0.03945320844208391,0.33037608806864915,0.630170703489267
#7thColumn,neither,0.03945320844208391,0.33037608806864915,0.630170703489267
swag locks only,neither,0.03639093687053546,0.38235082852978575,0.5812582345996787
!donate,neither,0.03945320844208391,0.33037608806864915,0.630170703489267
Donate: https://goo.gl/Hdz8qx // All donations go straight to the Make-A-Wish Foundation and are tax deductible! (PayPal or Credit Card accepted.) // Include your XBL GT or PSN ID in the donation message for a special badge on DestinyTrialsReport.com! // More information about the Make-A-Wish Foundation: http://www.wish.org,neither,0.06331708384194863,0.2837939068155443,0.652889009342507
"@DrLupo, DAB ON EM",neither,0.03648503123741523,0.3446511184450665,0.6188638503175182
raffle?,neither,0.03945320844208391,0.33037608806864915,0.630170703489267
Lupo are you gonna do viewer trials on Xbox this stream,neither,0.0741439970150432,0.3802506906280081,0.5456053123569488
Pleashornt,neither,0.03945320844208391,0.33037608806864915,0.630170703489267
are you on pc,neither,0.09721866342261645,0.3434567891583434,0.5593245474190401
my poor emblem @So_CasuaI,neither,0.02406074411737,0.45615965923161345,0.5197795966510165
WHAT ARE THOSE!!!,neither,0.1893614871253316,0.14811175675074117,0.6625267561239273
Xim 4?,neither,0.03945320844208391,0.33037608806864915,0.630170703489267
"@deliriousgamingyt, yup! there have been a couple viewer raffles already",neither,0.0379184648127574,0.32201139026749603,0.6400701449197467
Can you get it back,neither,0.0637444150854345,0.4149480349955099,0.5213075499190556
#7sForCozmo,neither,0.03945320844208391,0.33037608806864915,0.630170703489267
yes @ussvader,neither,0.03945320844208391,0.33037608806864915,0.630170703489267
what does cozmo do at bungie jw ive never really heard about what everybody does,neither,0.028249193284851447,0.48362928576887665,0.48812152094627187
#7sForCozmo,neither,0.03945320844208391,0.33037608806864915,0.630170703489267
#7sForCozmo,neither,0.03945320844208391,0.33037608806864915,0.630170703489267
#7sForCozmo,neither,0.03945320844208391,0.33037608806864915,0.630170703489267
#7sForCozmo,neither,0.03945320844208391,0.33037608806864915,0.630170703489267
Dab on em FOR THE KIDS!!!,neither,0.03163966438132276,0.3040560044418108,0.6643043311768664
DAB,neither,0.03945320844208391,0.33037608806864915,0.630170703489267
Dab,neither,0.03945320844208391,0.33037608806864915,0.630170703489267
Where's the Swaglock @DrLupo ?,neither,0.041253817407288125,0.23395106775790875,0.724795114834803
SNORLAX DAB jsowCRINGE,neither,0.03945320844208391,0.33037608806864915,0.630170703489267
"@Cgivens0410, lupoLOVE",neither,0.03945320844208391,0.33037608806864915,0.630170703489267
#7sForCozmo,neither,0.03945320844208391,0.33037608806864915,0.630170703489267
"@zach34_40, he's a community manager, like Deej",neither,0.05535612393063505,0.34263700749734904,0.6020068685720159
"For every Dab Emote, I wanna see you rock an IRL Dab. I'll pop $1 per dab per win",neither,0.042445853512823074,0.3240271810687724,0.6335269654184046
#7sForCozmo,neither,0.03945320844208391,0.33037608806864915,0.630170703489267
"@DrLupo, QUEENBREAKER'S BOW WHEN? lupoK",neither,0.027204458084324614,0.3943157712605003,0.5784797706551751
uhoh - #incomingDABs,neither,0.03945320844208391,0.33037608806864915,0.630170703489267
!charity,neither,0.03945320844208391,0.33037608806864915,0.630170703489267
Donate: https://goo.gl/Hdz8qx // All donations go straight to the Make-A-Wish Foundation and are tax deductible! (PayPal or Credit Card accepted.) // Include your XBL GT or PSN ID in the donation message for a special badge on DestinyTrialsReport.com! // More information about the Make-A-Wish Foundation: http://www.wish.org,neither,0.06331708384194863,0.2837939068155443,0.652889009342507
@drlupo why you always do charity stream when I'm broke???,neither,0.03331649857575688,0.4488393619980293,0.5178441394262137
BRB gotta pee.,neither,0.03792478335956243,0.35631745059064673,0.6057577660497909
"@Cgivens0410, lupoHYPE",neither,0.03945320844208391,0.33037608806864915,0.630170703489267
7s out for cozmo,neither,0.02923487279214214,0.3163301842325973,0.6544349429752606
"@DrLupo, $1 per IRL DAB from @sharklad93",neither,0.040211065792746456,0.31751327097782756,0.642275663229426
i wish there were more streams like this,neither,0.04969399643950173,0.2845231238603914,0.665782879700107
!@DrLupo i got to 7 wins only :(,neither,0.04568957520221041,0.37824586144210853,0.576064563355681
Wich Converter do you use ?,offensive_language,0.014403024909314761,0.5551585851457613,0.43043838994492384
"@imagoMatt Can you get it back, and lets sweat please",neither,0.048863373055867146,0.3454204911267687,0.605716135817364
#7sForCozmo,neither,0.03945320844208391,0.33037608806864915,0.630170703489267
THE 7S ARE REAL!,neither,0.054551887773858596,0.3893857193136086,0.5560623929125329
a,neither,0.03945320844208391,0.33037608806864915,0.630170703489267
"@Klorydon72, he uses a !xim adapter",neither,0.04674238746439987,0.3278690051531787,0.6253886073824214
nope i cant it account locked @So_CasuaI,neither,0.03831237889865794,0.33076847166205947,0.6309191494392827
#7sForCozmo,neither,0.03945320844208391,0.33037608806864915,0.630170703489267
#7sForCozmo,neither,0.03945320844208391,0.33037608806864915,0.630170703489267
#7sForCozmo,neither,0.03945320844208391,0.33037608806864915,0.630170703489267
lupoLOVE lupoLOVE lupoLOVE lupoLOVE lupoLOVE lupoLOVE lupoLOVE lupoLOVE @Cgivens0410,neither,0.03945320844208391,0.33037608806864915,0.630170703489267
when will it show up just wondering?,neither,0.035788057332377214,0.3509261814579276,0.6132857612096952
@drlupo Xbox?,neither,0.03945320844208391,0.33037608806864915,0.630170703489267
@oozypunk still conscious hype sh55HYPE sh55HYPE sh55HYPE,neither,0.03866574323554018,0.343741427744121,0.617592829020339
those dabs tho,neither,0.07417780464648538,0.23180409910199234,0.6940180962515222
7S!!!!,neither,0.03945320844208391,0.33037608806864915,0.630170703489267
@DrLupo I will liquidate my bank account and cri,neither,0.03158183618892226,0.3445378317896234,0.6238803320214544
#7sForCozmo,neither,0.03945320844208391,0.33037608806864915,0.630170703489267
#7sForCozmo,neither,0.03945320844208391,0.33037608806864915,0.630170703489267
all da 7s!,offensive_language,0.08044383842663469,0.5518782032872972,0.36767795828606814
"@rayray_i_be, lupoHYPE",neither,0.03945320844208391,0.33037608806864915,0.630170703489267
#7sOutForCozmo,neither,0.03945320844208391,0.33037608806864915,0.630170703489267
@imagoMatt Sweat,neither,0.03945320844208391,0.33037608806864915,0.630170703489267
#7sOutForCozmo,neither,0.03945320844208391,0.33037608806864915,0.630170703489267
#7sOutForCozmo,neither,0.03945320844208391,0.33037608806864915,0.630170703489267
#7sOutForCozmo,neither,0.03945320844208391,0.33037608806864915,0.630170703489267
!donate,neither,0.03945320844208391,0.33037608806864915,0.630170703489267
LOL,neither,0.020706217963973744,0.4882283491876925,0.4910654328483337
Donate: https://goo.gl/Hdz8qx // All donations go straight to the Make-A-Wish Foundation and are tax deductible! (PayPal or Credit Card accepted.) // Include your XBL GT or PSN ID in the donation message for a special badge on DestinyTrialsReport.com! // More information about the Make-A-Wish Foundation: http://www.wish.org,neither,0.06331708384194863,0.2837939068155443,0.652889009342507
lupoNERD lupoLOVE lupoLOVE lupoLOVE lupoLOVE lupoLOVE @SteveGives,neither,0.03945320844208391,0.33037608806864915,0.630170703489267
Flawless dabbing,neither,0.03945320844208391,0.33037608806864915,0.630170703489267
They Costa Ober 100 or not😅,neither,0.03832359415398165,0.3346120317851018,0.6270643740609165
"@sharklad93 I already have, i cant even do a $1",neither,0.03829730596707925,0.37303627985888554,0.5886664141740352
Everyone who can afford it lets make that the dream -- lets all do $1/dab/win,neither,0.03458932381349683,0.4623409474679044,0.5030697287185989
@drlupo please explain 777 for those who may not know what is that,neither,0.06017631226407957,0.3106276454251357,0.6291960423107846
"this is waaaaay later than i usually stay up, #MakeAWishLove",neither,0.04258701815232069,0.3710828756327958,0.5863301062148835
Hi Third! @thirdechelon,neither,0.03945320844208391,0.33037608806864915,0.630170703489267
@DrLupo don't read my message out loud...was more for you,neither,0.034003151874673246,0.40808495899367586,0.5579118891316509
"Yes, I play on mouse and keyboard. For information, try !mnk or !whymnk. Thanks!",neither,0.03348933748276678,0.2927381170528408,0.6737725454643925
lupoNINJA,neither,0.03945320844208391,0.33037608806864915,0.630170703489267
daptage is real,offensive_language,0.04041000456888273,0.5570104255617636,0.4025795698693536
why 7.77 and not 777?,neither,0.020060737176815138,0.29623635243219615,0.6837029103909887
Who's better at destiny? Deej or Cozmo?,neither,0.03927022594059806,0.41559226901386764,0.5451375050455344
"@Legu314, bungie has a thing for 7s",neither,0.035280541231117526,0.3033059312438423,0.6614135275250402
Will Swag-lock be making an appearance this stream? I'm sure he'd be able to bring all the money for the kids.,neither,0.03924373355111073,0.3909408308094156,0.5698154356394736
"@MissNebulosity, lupoHEY",neither,0.03945320844208391,0.33037608806864915,0.630170703489267
Back to lurking! See you all in the morning! lupoLURK lupoLOVE,neither,0.07341421077864417,0.2923091151707912,0.6342766740505645
lol,neither,0.020706217963973744,0.4882283491876925,0.4910654328483337
!whymnk,neither,0.03945320844208391,0.33037608806864915,0.630170703489267
"Originally, I looked for an alternate input method that would allow me to rez/move/shoot/jump/etc at the same time. I also get hand cramps after playing for too long with a controller. I've put 4000+ hours over ~18 months into learning to play this way on Destiny. I also own an Elite controller. More info: https://goo.gl/DK62Er",neither,0.0347322164813712,0.33008293347562484,0.635184850043004
!mnk,neither,0.03945320844208391,0.33037608806864915,0.630170703489267
Razer DeathAdder 3500 @ 3500 DPI: http://goo.gl/6xOrtz // CMStorm Quickfire Pro: http://goo.gl/L2oiTF // XIM4 Adapter: www.xim4.com // XIM4 STv1 Settings: http://imgur.com/a/90cnX // XIM4 STv2 Settings: http://imgur.com/a/aUWTG,neither,0.03524030400118552,0.17813458567086496,0.7866251103279496
Bungies favorite number is 7 @legu314 and they're playing with a community manager from bungie,neither,0.04624475912819283,0.30165752577837285,0.6520977150934344
lupoLOVE,neither,0.03945320844208391,0.33037608806864915,0.630170703489267
it's all good lol,offensive_language,0.02810214849658661,0.5398169778541475,0.43208087364926584
"@MrsDrLupo, night!",neither,0.02550723072422885,0.32941079269047424,0.6450819765852968
"@DrLupo, any chance of strimmah health tonight?",neither,0.037262686790918,0.31203294178171953,0.6507043714273624
#7sForCozmo,neither,0.03945320844208391,0.33037608806864915,0.630170703489267
@Legu314 Bungie has a boner for the number 7,neither,0.03488154745041401,0.2936911904364146,0.6714272621131715
Night @mrsdrlupo,neither,0.02550723072422885,0.32941079269047424,0.6450819765852968
"@DCA_RD, becaue people can afford $7.77 easier than $777.00",neither,0.05994969989124596,0.3308356671830212,0.609214632925733
"@Wolf_King_IV, lupoLOVE",neither,0.03945320844208391,0.33037608806864915,0.630170703489267
night night! @MrsDrLupo,neither,0.02550723072422885,0.32941079269047424,0.6450819765852968
@MrsDrLupo have a nice night!,neither,0.029785452163905175,0.3414644408991113,0.6287501069369835
@MrsDrLupo Good Night lupoLOVE,neither,0.027408777718339543,0.3300282295872874,0.6425629926943731
WHY!!!!,neither,0.016768318525353994,0.3685911158159394,0.6146405656587067
"@MelodyGames, I like that donation :D",offensive_language,0.059860103124402354,0.4872665818744376,0.45287331500116007
@DrLupo I need a hypeman real quick -- Everyone who can afford it lets make that the dream -- lets all do $1/dab/win,offensive_language,0.032105133630182886,0.5010689442002548,0.4668259221695621
"yeah, have to go buy a new car this week, so rip my funds for a little",neither,0.026348311967219658,0.40399136915813344,0.5696603188746471
"@SteveGives, <3",neither,0.03945320844208391,0.33037608806864915,0.630170703489267
"okay, now what's deej's gt?",neither,0.05239525392328538,0.37871269951996206,0.5688920465567526
!donate,neither,0.03945320844208391,0.33037608806864915,0.630170703489267
"@IAmNotScottish, so right bb",neither,0.03837927984111304,0.3973825724631772,0.5642381476957097
Donate: https://goo.gl/Hdz8qx // All donations go straight to the Make-A-Wish Foundation and are tax deductible! (PayPal or Credit Card accepted.) // Include your XBL GT or PSN ID in the donation message for a special badge on DestinyTrialsReport.com! // More information about the Make-A-Wish Foundation: http://www.wish.org,neither,0.06331708384194863,0.2837939068155443,0.652889009342507
"@MrsDrLupo, Night! rambZZZ lupoLOVE",neither,0.02550723072422885,0.32941079269047424,0.6450819765852968
3 of coins? burnRAGE burnRAGE burnRAGE burnRAGE burnRAGE burnRAGE burnRAGE burnRAGE,neither,0.03945320844208391,0.33037608806864915,0.630170703489267
@Huskeezee lupoLOVE,neither,0.03945320844208391,0.33037608806864915,0.630170703489267
lupoK,neither,0.03945320844208391,0.33037608806864915,0.630170703489267
@charged__particle thx iknow just wanted others who maynot,neither,0.03676838949636656,0.38740509755832186,0.5758265129453116
$777.77 ftfy @d0cr3d,neither,0.03945320844208391,0.33037608806864915,0.630170703489267
WHAT,neither,0.057770773616808734,0.3180719994247239,0.6241572269584672
confirmed mike and ikes performance enhancing candy lol,neither,0.03380860110302003,0.33872917581102896,0.627462223085951
MEL COMING IN HOT,neither,0.03945320844208391,0.33037608806864915,0.630170703489267
scottish??,neither,0.03945320844208391,0.33037608806864915,0.630170703489267
THAT'S AWESOME,neither,0.03419525192306799,0.38790559219732307,0.5778991558796089
"@Cozmo_BNG, DONT FORGET YOUR THREE OF COINS? IS THAT SOME SORT OF SICK JOKE???",neither,0.05133766240670029,0.35496429272817936,0.5936980448651205
HIGHEST DONATION DURING THIS CARD GETS XBOX DESIGN LABS CONTROLLER,neither,0.039403067621638144,0.33122710864872756,0.6293698237296342
I have to call it a night stream! I'll tune in in the morning when i get to work! Keep the donations coming in! Later @DrLupo and chat!,neither,0.0381252313742348,0.26805372320300064,0.6938210454227645
lupoLOVE,neither,0.03945320844208391,0.33037608806864915,0.630170703489267
XBOX DESIGN LAB CONTROLLER lupoHYPE,neither,0.03945320844208391,0.33037608806864915,0.630170703489267
"@Legu314 I'm sorry I can't tell you ""why"" though.",neither,0.04189866490567349,0.392996251197148,0.5651050838971785
@MelodyGames hello there <3,neither,0.03937036753510788,0.27621722592919734,0.6844124065356949
"@Wolf_King_IV, hai cutie! <3",neither,0.03945320844208391,0.33037608806864915,0.630170703489267
@MissNebulosity welcome back!,neither,0.03945320844208391,0.33037608806864915,0.630170703489267
https://xboxdesignlab.xbox.com/,neither,0.03945320844208391,0.33037608806864915,0.630170703489267
https://xboxdesignlab.xbox.com/,neither,0.03945320844208391,0.33037608806864915,0.630170703489267
syn7HYPE controller hype! syn7HYPE,neither,0.03945320844208391,0.33037608806864915,0.630170703489267
"lmfao ""did i do it wrong?""",neither,0.04708905668753872,0.32774976971061515,0.6251611736018461
my design xbox controller is my favorite thing ever <3,neither,0.03032956199044273,0.42721213356712,0.5424583044424373
@MelodyGames too sweet <3,neither,0.039089788765276294,0.33654426843385266,0.6243659428008711
Donate: https://goo.gl/Hdz8qx // All donations go straight to the Make-A-Wish Foundation and are tax deductible! (PayPal or Credit Card accepted.) // Include your XBL GT or PSN ID in the donation message for a special badge on DestinyTrialsReport.com! // More information about the Make-A-Wish Foundation: http://www.wish.org,neither,0.06331708384194863,0.2837939068155443,0.652889009342507
"@drlupo hello! Hope you, the Mrs, and little Lupo had a great New Years!",neither,0.07526628430269905,0.17961011883885145,0.7451235968584495
"@Wolf_King_IV, triplePLS",neither,0.03945320844208391,0.33037608806864915,0.630170703489267
Hey @100TinyOwls !,neither,0.03945320844208391,0.33037608806864915,0.630170703489267
!swear,neither,0.03945320844208391,0.33037608806864915,0.630170703489267
"SteveGives -> The command ""!swearjar"" has been edited successfully.",neither,0.038833348848055345,0.31701785589488446,0.6441487952570603
@DrLupo how ya hanging in there buddy?,offensive_language,0.027340108876638642,0.5024048599338286,0.47025503118953277
LOL @SteveGives,neither,0.020706217963973744,0.4882283491876925,0.4910654328483337
luoIGNIT,neither,0.03945320844208391,0.33037608806864915,0.630170703489267
"@DrLupo, gotcha lupoiYE",neither,0.03945320844208391,0.33037608806864915,0.630170703489267
fuck,offensive_language,0.34803241646388117,0.6519675835059184,3.0200377847433446e-11
lupoYE,neither,0.03945320844208391,0.33037608806864915,0.630170703489267
!swearjar,neither,0.03945320844208391,0.33037608806864915,0.630170703489267
swear jar count: 7,neither,0.03945320844208391,0.33037608806864915,0.630170703489267
lupoIGNIT,neither,0.03945320844208391,0.33037608806864915,0.630170703489267
!swearjar,neither,0.03945320844208391,0.33037608806864915,0.630170703489267
also FUCK,offensive_language,0.20600255575258347,0.7939835940708757,1.385017654081644e-05
Hey girl lupoLOVE @100TinyOwls,neither,0.030598286926141412,0.41854428735554666,0.5508574257183118
Sub only?,neither,0.03945320844208391,0.33037608806864915,0.630170703489267
"@SteveGives, i'm so glad you notice this lupoK",neither,0.056249786427829455,0.42982596841380716,0.5139242451583633
Almost at $20k,neither,0.038663345769781164,0.35441571061776694,0.606920943612452
lupoK,neither,0.03945320844208391,0.33037608806864915,0.630170703489267
good noight guis,neither,0.037820165765928906,0.33093776632913474,0.6312420679049364
who is lupo playing with??,neither,0.034427841198590776,0.46215014886312183,0.5034220099382873
goodnight @MrsDrLupo,neither,0.03945320844208391,0.33037608806864915,0.630170703489267
BANNED,neither,0.03945320844208391,0.33037608806864915,0.630170703489267
Multi-Stream Link: http://kadgar.net/live/drlupo/,neither,0.03993770193144703,0.2602568920393204,0.6998054060292326
