text,top_class,hate_speech,offensive_language,neither
@withoutenmity you can check on planet destiny's database,neither,0.05041618462120488,0.37738479734774466,0.5721990180310503
kim dot com pulled the finger at me driving past the sky tower in auckland once,neither,0.0349697711692975,0.3439857212752924,0.6210445075554101
lupoLOVE lupoLOVE lupoLOVE lupoLOVE lupoLOVE,neither,0.03945320844208391,0.33037608806864915,0.630170703489267
"@IAmNotScottish, thanks bud lupoLOVE",neither,0.0370375940472103,0.31014804412560226,0.6528143618271873
@drlupo pls take rss to the shack. i beg of you,neither,0.059478670772726366,0.34922475306799644,0.591296576159277
@mai7viac sweet thanks,neither,0.03688101886252514,0.3088369036874084,0.6542820774500665
the war on Ocd begins,neither,0.0367828686217642,0.3282779012258351,0.6349392301524007
!charity,neither,0.03945320844208391,0.33037608806864915,0.630170703489267
Donate: https://goo.gl/Hdz8qx // All donations go straight to the Make-A-Wish Foundation and are tax deductible! (PayPal or Credit Card accepted.) // Include your XBL GT or PSN ID in the donation message for a special badge on DestinyTrialsReport.com! // More information about the Make-A-Wish Foundation: http://www.wish.org,neither,0.06331708384194863,0.2837939068155443,0.652889009342507
Lupo you ever tbagged?,neither,0.08480656709941399,0.44588523995468105,0.46930819294590503
Nah it's ok @P3wninn00bz <3,neither,0.03755172756781956,0.3321320114784145,0.630316260953766
should be Weyloran's due to base AA,neither,0.05524429996805711,0.35761216610144253,0.5871435339305003
and what was the reason,neither,0.04437893825117798,0.2630695997690858,0.6925514619797363
only when bagged on @ziino7,neither,0.02794944422659846,0.39009682391428924,0.5819537318591123
Crud,neither,0.03945320844208391,0.33037608806864915,0.630170703489267
"@ziino7, when someone else starts it, he sometimes does",neither,0.025511054254716007,0.45426894565892545,0.5202200000863585
@rss but. but. you only went once!,neither,0.04737656330121421,0.3962680180015347,0.556355418697251
Oh crud,neither,0.051363287716059566,0.22255663153133606,0.7260800807526044
Crud hype,neither,0.03945320844208391,0.33037608806864915,0.630170703489267
That's ok :),neither,0.033022836365048616,0.4015560529768852,0.5654211106580661
weylorans has the most possible aim assist in the game,neither,0.03812633140712577,0.2746581016587768,0.6872155669340976
#crud hype,neither,0.03945320844208391,0.33037608806864915,0.630170703489267
@rss lupoLOVE lupoLOVE lupoLOVE,neither,0.03945320844208391,0.33037608806864915,0.630170703489267
with the right rolls,neither,0.026905599081551303,0.37069209722583124,0.6024023036926175
feelsgood,neither,0.03945320844208391,0.33037608806864915,0.630170703489267
Other people want to play with the good Dr. They should get that chance!,neither,0.05726428706144561,0.39236082264002475,0.5503748902985297
what controller scheme do you guys use? Do you go claw?jumper?puppeteer?,neither,0.038076958525507625,0.4327884871065385,0.529134554367954
hey lupo,neither,0.03945320844208391,0.33037608806864915,0.630170703489267
Yall like watching farming gamers play Farming simulator 17 sometime around 1 PM UTC check him out,neither,0.041349649038853756,0.36070484726444696,0.5979455036966992
Hi lupo,neither,0.03945320844208391,0.33037608806864915,0.630170703489267
@forcelegacy I play claw with puppeteer,neither,0.02888720554038716,0.36715168682429816,0.6039611076353146
farmergaz,neither,0.03945320844208391,0.33037608806864915,0.630170703489267
"@Iml84dinner, lupoLOVE lupoLOVE",neither,0.03945320844208391,0.33037608806864915,0.630170703489267
"@Iml84dinner, lupoLOVE lupoLOVE",neither,0.03945320844208391,0.33037608806864915,0.630170703489267
hey guys :),neither,0.03929207127355727,0.33311100635304525,0.6275969223733975
#siccraid vioH vioH vioH vioH vioH vioH vioH vioH vioH vioH vioH burnHYPE burnHYPE burnHYPE burnHYPE burnHYPE burnHYPE burnHYPE burnHYPE burnHYPE burnHYPE burnHYPE burnHYPE ndsHYPE ndsHYPE ndsHYPE ndsHYPE ndsHYPE ndsHYPE ndsHYPE ndsSICC ndsSICC ndsSICC ndsSICC ndsSICC ndsSICC ndsSICC ndsSICC ndsSICC ndsSICC ndsSICC ndsSICC ndsSICC ndsSICC ndsSICC ndsSICC ndsSICC ndsSICC ndsSICC ndsSICC ndsSICC,neither,0.03945320844208391,0.33037608806864915,0.630170703489267
"@rss we need 1 for Crota, you down? KappaClaus",neither,0.04992116197345702,0.34389541679457203,0.6061834212319711
@forcelegacy pupetter and switch x with l1 (grenade with jump),neither,0.022207887358574128,0.3587041827271428,0.6190879299142832
CurseLit ndsSICC CurseLit ndsSICC CurseLit ndsSICC CurseLit ndsSICC CurseLit ndsSICC CurseLit ndsSICC CurseLit ndsSICC CurseLit ndsSICC CurseLit ndsSICC CurseLit ndsSICC CurseLit ndsSICC CurseLit ndsSICC CurseLit ndsSICC CurseLit ndsSICC CurseLit ndsSICC CurseLit ndsSICC CurseLit ndsSICC CurseLit ndsSICC CurseLit ndsSICC CurseLit ndsSICC CurseLit ndsSICC CurseLit ndsSICC CurseLit ndsSICC CurseLit ndsSICC CurseLit ndsSICC CurseLit ndsSICC CurseLit ndsSICC,neither,0.03945320844208391,0.33037608806864915,0.630170703489267
Lol,neither,0.020706217963973744,0.4882283491876925,0.4910654328483337
#sicc raid,neither,0.03945320844208391,0.33037608806864915,0.630170703489267
#SiccRaid CurseLit#SiccRaid CurseLit#SiccRaid CurseLit,neither,0.03945320844208391,0.33037608806864915,0.630170703489267
O,neither,0.03945320844208391,0.33037608806864915,0.630170703489267
ndsSICC Raid!!!!!,neither,0.03945320844208391,0.33037608806864915,0.630170703489267
lupoHEY lupoHEY lupoHEY lupoHEY lupoHEY,neither,0.03945320844208391,0.33037608806864915,0.630170703489267
ndsSICC ndsSICC ndsSICC ndsSICC ndsSICC ndsSICC ndsSICC ndsSICC ndsSICC ndsSICC ndsSICC ndsSICC ndsSICC ndsSICC ndsSICC ndsSICC ndsSICC ndsSICC ndsSICC ndsSICC ndsSICC ndsSICC ndsSICC ndsSICC ndsSICC ndsSICC ndsSICC ndsSICC ndsSICC ndsSICC ndsSICC ndsSICC ndsSICC ndsSICC,neither,0.03945320844208391,0.33037608806864915,0.630170703489267
"Yes, I play on mouse and keyboard. For information, try !mnk or !whymnk. Thanks!",neither,0.03348933748276678,0.2927381170528408,0.6737725454643925
WELCOME RAIDERS,neither,0.03945320844208391,0.33037608806864915,0.630170703489267
CurseLit ndsSICC CurseLit ndsSICC CurseLit ndsSICC CurseLit ndsSICC CurseLit ndsSICC CurseLit ndsSICC CurseLit ndsSICC CurseLit ndsSICC CurseLit ndsSICC CurseLit ndsSICC CurseLit ndsSICC CurseLit ndsSICC CurseLit ndsSICC CurseLit ndsSICC CurseLit ndsSICC CurseLit ndsSICC CurseLit ndsSICC CurseLit ndsSICC CurseLit ndsSICC CurseLit ndsSICC CurseLit ndsSICC CurseLit ndsSICC CurseLit ndsSICC CurseLit ndsSICC CurseLit ndsSICC CurseLit ndsSICC CurseLit,neither,0.03945320844208391,0.33037608806864915,0.630170703489267
SICC RAID!!!! <3 bleedPurple <3 bleedPurple <3 bleedPurple,neither,0.03945320844208391,0.33037608806864915,0.630170703489267
!shoutout nds_talon,neither,0.03945320844208391,0.33037608806864915,0.630170703489267
Go check out nds_talon at twitch.tv/nds_talon !,neither,0.03640958550220151,0.36433771577039514,0.5992526987274034
thickHYPE kgothHYPE dattoHYPE tripleLG gigzHYPE drdaveNUGG destinyCrisp destinyPope kraftBUD loriiROCK broskiHype luminHype hoveyHype labSUCCESS gekWut teftHype spazzyA typhHYPE ohanaPRO djkYup ndsHYPE deIlluminatree jsnHYPE loganHYPE,neither,0.03945320844208391,0.33037608806864915,0.630170703489267
CurseLit ndsSICC CurseLit ndsSICC CurseLit ndsSICC CurseLit ndsSICC CurseLit ndsSICC CurseLit ndsSICC CurseLit ndsSICC CurseLit ndsSICC CurseLit ndsSICC CurseLit ndsSICC CurseLit ndsSICC CurseLit ndsSICC CurseLit ndsSICC CurseLit ndsSICC CurseLit ndsSICC CurseLit ndsSICC CurseLit ndsSICC CurseLit ndsSICC CurseLit ndsSICC CurseLit ndsSICC CurseLit ndsSICC CurseLit ndsSICC CurseLit ndsSICC CurseLit ndsSICC CurseLit ndsSICC CurseLit ndsSICC CurseLit ndsSICC,neither,0.03945320844208391,0.33037608806864915,0.630170703489267
welcome raiders,neither,0.03945320844208391,0.33037608806864915,0.630170703489267
ndsSICC ndsSICC ndsSICC ndsSICC ndsSICC ndsSICC ndsSICC ndsSICC ndsSICC ndsSICC ndsSICC ndsSICC ndsSICC ndsSICC ndsSICC ndsSICC ndsSICC ndsSICC ndsSICC ndsSICC ndsSICC ndsSICC ndsSICC ndsSICC ndsSICC ndsSICC ndsSICC ndsSICC ndsSICC ndsSICC ndsSICC ndsSICC ndsSICC ndsSICC ndsSICC ndsSICC ndsSICC ndsSICC ndsSICC ndsSICC ndsSICC ndsSICC,neither,0.03945320844208391,0.33037608806864915,0.630170703489267
WELCOME RAIDERS,neither,0.03945320844208391,0.33037608806864915,0.630170703489267
ndsSICC <3,neither,0.03945320844208391,0.33037608806864915,0.630170703489267
SICC RAID!!!! <3 bleedPurple <3 bleedPurple,neither,0.03945320844208391,0.33037608806864915,0.630170703489267
"@ImSiccWidIt, lupoLOVe lupoLOVE",neither,0.03945320844208391,0.33037608806864915,0.630170703489267
"@ImSiccWidIt, lupoLOVe lupoLOVE",neither,0.03945320844208391,0.33037608806864915,0.630170703489267
thanks guys,neither,0.03655862387837074,0.3098941200382932,0.6535472560833362
Sicc,neither,0.03945320844208391,0.33037608806864915,0.630170703489267
"@ImSiccWidIt, lupoLOVe lupoLOVE",neither,0.03945320844208391,0.33037608806864915,0.630170703489267
!mnk,neither,0.03945320844208391,0.33037608806864915,0.630170703489267
Razer DeathAdder 3500 @ 3500 DPI: http://goo.gl/6xOrtz // CMStorm Quickfire Pro: http://goo.gl/L2oiTF // XIM4 Adapter: www.xim4.com // XIM4 STv1 Settings: http://imgur.com/a/90cnX // XIM4 STv2 Settings: http://imgur.com/a/aUWTG,neither,0.03524030400118552,0.17813458567086496,0.7866251103279496
woah,neither,0.03945320844208391,0.33037608806864915,0.630170703489267
#siccraid vioH vioH vioH vioH vioH vioH vioH vioH vioH vioH vioH burnHYPE burnHYPE burnHYPE burnHYPE burnHYPE burnHYPE burnHYPE burnHYPE burnHYPE burnHYPE burnHYPE burnHYPE ndsHYPE ndsHYPE ndsHYPE ndsHYPE ndsHYPE ndsHYPE ndsHYPE ndsSICC ndsSICC ndsSICC ndsSICC ndsSICC ndsSICC ndsSICC ndsSICC ndsSICC ndsSICC ndsSICC ndsSICC ndsSICC ndsSICC ndsSICC ndsSICC ndsSICC ndsSICC ndsSICC ndsSICC ndsSICC,neither,0.03945320844208391,0.33037608806864915,0.630170703489267
SICC RAID!!!,neither,0.03945320844208391,0.33037608806864915,0.630170703489267
ndsSICC Raid ndsSICC Raid ndsSICC Raid ndsSICC Raid ndsSICC Raid ndsSICC Raid ndsSICC Raid ndsSICC Raid ndsSICC Raid ndsSICC Raid ndsSICC Raid,neither,0.03945320844208391,0.33037608806864915,0.630170703489267
thickHYPE kgothHYPE dattoHYPE tripleLG gigzHYPE drdaveNUGG destinyCrisp destinyPope kraftBUD loriiROCK broskiHype luminHype hoveyHype labSUCCESS gekWut teftHype spazzyA typhHYPE ohanaPRO djkYup ndsHYPE deIlluminatree jsnHYPE loganHYPE,neither,0.03945320844208391,0.33037608806864915,0.630170703489267
CurseLit ndsSICC CurseLit ndsSICC CurseLit ndsSICC CurseLit ndsSICC CurseLit ndsSICC CurseLit ndsSICC CurseLit ndsSICC CurseLit ndsSICC CurseLit ndsSICC CurseLit ndsSICC CurseLit ndsSICC CurseLit ndsSICC CurseLit ndsSICC CurseLit ndsSICC CurseLit ndsSICC CurseLit ndsSICC CurseLit ndsSICC CurseLit ndsSICC CurseLit ndsSICC CurseLit ndsSICC CurseLit ndsSICC CurseLit ndsSICC CurseLit ndsSICC CurseLit ndsSICC CurseLit ndsSICC CurseLit ndsSICC CurseLit ndsSICC,neither,0.03945320844208391,0.33037608806864915,0.630170703489267
SICC RAID!!!! <3 bleedPurple <3 bleedPurple <3 bleedPurple,neither,0.03945320844208391,0.33037608806864915,0.630170703489267
ndsSICC raid,neither,0.03945320844208391,0.33037608806864915,0.630170703489267
Who's Kim dot com? No offense,neither,0.03926304918013483,0.38355646123372966,0.5771804895861354
!shoutout imsiccwidlt,neither,0.03945320844208391,0.33037608806864915,0.630170703489267
Go check out imsiccwidlt at twitch.tv/imsiccwidlt !,neither,0.03640958550220151,0.36433771577039514,0.5992526987274034
ndsSICC Raid ndsSICC Raid ndsSICC Raid ndsSICC Raid ndsSICC Raid ndsSICC Raid ndsSICC Raid,neither,0.03945320844208391,0.33037608806864915,0.630170703489267
#sicc raid ndsSICC ndsSICC ndsSICC ndsSICC ndsSICC ndsSICC ndsSICC ndsSICC ndsSICC ndsSICC ndsSICC ndsSICC ndsSICC ndsSICC ndsSICC ndsSICC ndsSICC ndsSICC ndsSICC ndsSICC ndsSICC ndsSICC ndsSICC ndsSICC ndsSICC ndsSICC ndsSICC ndsSICC ndsSICC ndsSICC ndsSICC ndsSICC ndsSICC ndsSICC ndsSICC,neither,0.03945320844208391,0.33037608806864915,0.630170703489267
"@Smartandress2oo2, google it, it will explain better lol",neither,0.03271169417681521,0.3543470222441767,0.6129412835790081
"@Smartandress2oo2, check wikipedia",neither,0.03945320844208391,0.33037608806864915,0.630170703489267
Ok pol,neither,0.03935517884257045,0.3320399062092607,0.6286049149481688
CoolStoryBob,neither,0.03945320844208391,0.33037608806864915,0.630170703489267
Lol*,neither,0.020706217963973744,0.4882283491876925,0.4910654328483337
ndsSICC ndsSICC ndsSICC ndsSICC ndsSICC ndsSICC ndsSICC ndsSICC ndsSICC ndsSICC ndsSICC ndsSICC ndsSICC ndsSICC ndsSICC ndsSICC ndsSICC ndsSICC ndsSICC ndsSICC ndsSICC ndsSICC ndsSICC ndsSICC ndsSICC ndsSICC ndsSICC ndsSICC ndsSICC ndsSICC ndsSICC ndsSICC,neither,0.03945320844208391,0.33037608806864915,0.630170703489267
CurseLit ndsSICC CurseLit ndsSICC CurseLit ndsSICC CurseLit ndsSICC CurseLit ndsSICC CurseLit ndsSICC CurseLit ndsSICC CurseLit ndsSICC CurseLit ndsSICC CurseLit ndsSICC CurseLit ndsSICC CurseLit ndsSICC CurseLit ndsSICC CurseLit ndsSICC CurseLit ndsSICC CurseLit ndsSICC CurseLit ndsSICC CurseLit ndsSICC CurseLit ndsSICC CurseLit ndsSICC CurseLit ndsSICC CurseLit ndsSICC CurseLit ndsSICC CurseLit ndsSICC CurseLit ndsSICC CurseLit ndsSICC CurseLit ndsSICC,neither,0.03945320844208391,0.33037608806864915,0.630170703489267
dysHype dysHype dysHype dysHype dysHype dysHype dysHype dysHype dysHype dysHype dysHype dysHype dysHype dysHype dysHype dysHype dysHype dysHype dysHype dysHype dysHype dysHype dysHype dysHype dysHype dysHype dysHype dysHype dysHype dysHype dysHype dysHype dysHype dysHype dysHype dysHype,neither,0.03945320844208391,0.33037608806864915,0.630170703489267
is that NDS talons's riad,neither,0.05154613418987003,0.42924314326430335,0.5192107225458266
holy shit its 340?!,offensive_language,0.03560049352919708,0.9640185426262747,0.0003809638445281541
Law school has that effect on me too.,neither,0.02971689483181304,0.3977605772792494,0.5725225278889374
talk.,neither,0.011110422634366193,0.34012447178344374,0.64876510558219
talk,neither,0.011110422634366193,0.34012447178344374,0.64876510558219
dysHype dysHype dysHype dysHype dysHype dysHype dysHype dysHype dysHype dysHype,neither,0.03945320844208391,0.33037608806864915,0.630170703489267
Jheez we hit 25k nice,neither,0.039256305204285635,0.33371804989058784,0.6270256449051266
talktyyy.,neither,0.03945320844208391,0.33037608806864915,0.630170703489267
!charity,neither,0.03945320844208391,0.33037608806864915,0.630170703489267
Donate: https://goo.gl/Hdz8qx // All donations go straight to the Make-A-Wish Foundation and are tax deductible! (PayPal or Credit Card accepted.) // Include your XBL GT or PSN ID in the donation message for a special badge on DestinyTrialsReport.com! // More information about the Make-A-Wish Foundation: http://www.wish.org,neither,0.06331708384194863,0.2837939068155443,0.652889009342507
im old as balls and i dont know who he is either,offensive_language,0.053002426751934284,0.5092825914920879,0.4377149817559778
Kim dot com is a genius and a legend,neither,0.0439108184591115,0.30347923910969016,0.6526099424311982
"wait, did this guy create mega upload",neither,0.03910629977499886,0.3362640335085591,0.6246296667164422
Donate: https://goo.gl/Hdz8qx // All donations go straight to the Make-A-Wish Foundation and are tax deductible! (PayPal or Credit Card accepted.) // Include your XBL GT or PSN ID in the donation message for a special badge on DestinyTrialsReport.com! // More information about the Make-A-Wish Foundation: http://www.wish.org,neither,0.06331708384194863,0.2837939068155443,0.652889009342507
ALL DONATIONS GO STRAIGHT TO MAKE A WISH,neither,0.047461112565280406,0.3876158926163478,0.5649229948183717
"@pTreeTV, yes",neither,0.03945320844208391,0.33037608806864915,0.630170703489267
@ptreetv yes sir,neither,0.03945320844208391,0.33037608806864915,0.630170703489267
that guy,neither,0.032320111450793595,0.41345824141993653,0.5542216471292698
WHAT a LEGEND,neither,0.046763429900579426,0.32518979200864945,0.6280467780907711
AND IF YOU INCLUDE YOUR GT/PSN IN THE DONATION MSG YOU GET A JOHN CENA BADGE ON DTR,neither,0.062029649701499906,0.4176736825401697,0.5202966677583305
That is awesome!!,neither,0.044625028035607146,0.38055477549368516,0.5748201964707076
Mega upload2? Holy crap,neither,0.03945320844208391,0.33037608806864915,0.630170703489267
wait he was associated with Megauploads?,neither,0.03108400858492826,0.3787635549769363,0.5901524364381353
nlb sidearm is my favorite loadout now,neither,0.033437858012370175,0.4363285442057073,0.5302335977819226
"@gnomesmuggle, he WAS megaupload",neither,0.05146879482188518,0.330414785376812,0.6181164198013028
"er, IS",neither,0.05123134903440858,0.3263250454252152,0.6224436055403763
the whole time.... ninjasHYPE kraftBUD kraftH kraftNANO,neither,0.03668980245286835,0.3352426465902134,0.6280675509569181
"@gnomesmuggle, mega racer is megaupload",neither,0.05005952611256733,0.3267280890626825,0.6232123848247502
Crud,neither,0.03945320844208391,0.33037608806864915,0.630170703489267
OMG! I love him!!!,neither,0.03570792329262365,0.35009993191387506,0.6141921447935014
How do we enter the raffle,neither,0.039823931571186834,0.3163069796948832,0.64386908873393
!charity,neither,0.03945320844208391,0.33037608806864915,0.630170703489267
Donate: https://goo.gl/Hdz8qx // All donations go straight to the Make-A-Wish Foundation and are tax deductible! (PayPal or Credit Card accepted.) // Include your XBL GT or PSN ID in the donation message for a special badge on DestinyTrialsReport.com! // More information about the Make-A-Wish Foundation: http://www.wish.org,neither,0.06331708384194863,0.2837939068155443,0.652889009342507
What happens if I donated and it will take 3-5 days to go through?,neither,0.0463188568508322,0.3180095274869485,0.6356716156622193
"@DrWiCiD, yes, you've said that. Enough. More than enough.",neither,0.02927691502331949,0.36994795915939876,0.6007751258172818
"@oasisoverkill, no raffle quite yet",neither,0.038580581834606865,0.3451868389715052,0.616232579193888
"@DrLupo I have practice in the morning, can you play cena for me before i g to bed",neither,0.04616774809336881,0.3024504859525555,0.6513817659540757
Wow Kim is famous,neither,0.04722020417950365,0.32770466207428117,0.6250751337462153
And really tall,neither,0.03852392413495047,0.28235680437543437,0.6791192714896152
@DrLupo I gotta go to bed unfortunately bb. Ill be lurking tho. Is there anything else I have to do for the John Cena thingy?,neither,0.043805176189999004,0.3116351595667468,0.6445596642432541
"@maxcook996, overseas?",neither,0.03945320844208391,0.33037608806864915,0.630170703489267
We get a badge for donating?,neither,0.032854948506463685,0.31189500746608084,0.6552500440274553
hey there buds,neither,0.03938029150373122,0.2895147936586555,0.6711049148376133
"@mattsenemar, you're all good",offensive_language,0.13322743681372148,0.4996862362855335,0.36708632690074516
lupo is gonna have so much youtube content from this stream...,neither,0.041316197927440075,0.38430702012509604,0.5743767819474639
@siulaim I'm from England payed through PayPal,neither,0.04029301149075093,0.31612243862146155,0.6435845498877876
"@DrLupo, have a great stream man thank you for everything you do for the community you are an incredible person",neither,0.07085914786378872,0.35050734766546926,0.578633504470742
Kk.,neither,0.03945320844208391,0.33037608806864915,0.630170703489267
!charity,neither,0.03945320844208391,0.33037608806864915,0.630170703489267
Donate: https://goo.gl/Hdz8qx // All donations go straight to the Make-A-Wish Foundation and are tax deductible! (PayPal or Credit Card accepted.) // Include your XBL GT or PSN ID in the donation message for a special badge on DestinyTrialsReport.com! // More information about the Make-A-Wish Foundation: http://www.wish.org,neither,0.06331708384194863,0.2837939068155443,0.652889009342507
"@maxcook996, yeah sometimes that takes a while",neither,0.02309346806559996,0.4569289431233928,0.5199775888110072
@Siulaim thank you bb.,neither,0.056569537053094594,0.387589590314071,0.5558408726328344
yw,neither,0.03945320844208391,0.33037608806864915,0.630170703489267
R u doing carries,neither,0.03945320844208391,0.33037608806864915,0.630170703489267
Multi-Stream Link: http://kadgar.net/live/drlupo/t1riot,neither,0.03993770193144703,0.2602568920393204,0.6998054060292326
"@oasisoverkill, probably later",neither,0.037958461678662285,0.35574584162211315,0.6062956966992247
Everyone have a happy new year.,neither,0.03652707946392379,0.3560454337855256,0.6074274867505507
laterrrr.,neither,0.03945320844208391,0.33037608806864915,0.630170703489267
do you have to donate a certain amount for the badge?,neither,0.04877595228149617,0.32826061932387873,0.6229634283946252
Wait a minute. Kim Dot Com doesn't have Paypal!?!?!?!,neither,0.03911165462788477,0.3361731476800326,0.6247151976920825
@cowman500 1.00$+,neither,0.03945320844208391,0.33037608806864915,0.630170703489267
Can we get it signed by Kim? lupoPLS,neither,0.038901902264410045,0.37525781360836497,0.585840284127225
"@Siulaim why you still awake, wheren't you going to slep?",offensive_language,0.06253807638629286,0.47983015912973953,0.4576317644839676
MAKE SURE TO INCLUDE YOUR GT/PSN IN THE DONATION MSG TO GET THE BADGE ON DTR,neither,0.06037034378601605,0.41315553644714414,0.5264741197668399
"@gnomesmuggle, technically i'm in bed",neither,0.03945320844208391,0.33037608806864915,0.630170703489267
"@Royalwolf7, outside the USA, paypal isn't that big. Source: I go to school with a lot of foreigners who don't have paypal",neither,0.026385772404117755,0.4346547170246412,0.538959510571241
i just took my laptop with me,neither,0.016644818528060358,0.47673965384194156,0.5066155276299981
"Yes, I play on mouse and keyboard. For information, try !mnk or !whymnk. Thanks!",neither,0.03348933748276678,0.2927381170528408,0.6737725454643925
he better sign it,neither,0.04383517239551777,0.3288689297274659,0.6272958978770163
lol lupo knows me too well,neither,0.025189736347775212,0.4302316760784266,0.5445785875737982
"@Siulaim, lupoDADFACE",neither,0.03945320844208391,0.33037608806864915,0.630170703489267
"@Mai7Viac, lupoK",neither,0.03945320844208391,0.33037608806864915,0.630170703489267
@DrLupo MAKE HIM SIGN IT,neither,0.03776101134765506,0.333460845839168,0.628778142813177
Kim seems like a really cool guy,neither,0.04764154984027641,0.3493426384447103,0.6030158117150133
inb4 500$+ dono,neither,0.03945320844208391,0.33037608806864915,0.630170703489267
HES GOTTA SIGN IT!!!,neither,0.0365029863694949,0.35871978011843225,0.6047772335120729
"so, is he using a new Elite controller or Scuf?",neither,0.04743655654870816,0.34018636859319473,0.6123770748580971
yasssssss,neither,0.03945320844208391,0.33037608806864915,0.630170703489267
HIGHEST DONATION GETS KIM DOT COM'S SIGNED ELITE CONTROLLER,neither,0.03945320844208391,0.33037608806864915,0.630170703489267
PogChamp,neither,0.03945320844208391,0.33037608806864915,0.630170703489267
@Mai7Viac Wow. The more you know. *NBC Jingle*,neither,0.055554022692027125,0.3459644760020454,0.5984815013059275
https://clips.twitch.tv/drlupo/PoorOstrichBORT,neither,0.03945320844208391,0.33037608806864915,0.630170703489267
Who is kim dot com,neither,0.046452468719279674,0.37936487991354295,0.5741826513671774
HIGHEST SINGLE DONATION GETS KIM DOT COM'S SIGNED ELITE CONTROLLER,neither,0.03945320844208391,0.33037608806864915,0.630170703489267
just the largest dono before the end of the card?,neither,0.03273546093983507,0.3550506943813568,0.6122138446788082
"@Naddz_LV, lupoLOVE",neither,0.03945320844208391,0.33037608806864915,0.630170703489267
HIGHEST SINGLE DONATION DURING THIS CARD GETS KIM DOT COM'S SIGNED ELITE CONTROLLER,neither,0.039411536328583935,0.3310833725902938,0.6295050910811224
!multi,neither,0.03945320844208391,0.33037608806864915,0.630170703489267
Multi-Stream Link: http://kadgar.net/live/drlupo/t1riot,neither,0.03993770193144703,0.2602568920393204,0.6998054060292326
^,neither,0.03945320844208391,0.33037608806864915,0.630170703489267
there we go,neither,0.04083933629015207,0.27628362646603744,0.6828770372438104
!charit<,neither,0.03945320844208391,0.33037608806864915,0.630170703489267
!charity,neither,0.03945320844208391,0.33037608806864915,0.630170703489267
Donate: https://goo.gl/Hdz8qx // All donations go straight to the Make-A-Wish Foundation and are tax deductible! (PayPal or Credit Card accepted.) // Include your XBL GT or PSN ID in the donation message for a special badge on DestinyTrialsReport.com! // More information about the Make-A-Wish Foundation: http://www.wish.org,neither,0.06331708384194863,0.2837939068155443,0.652889009342507
@Mai7Viac triple3HEAD,neither,0.03945320844208391,0.33037608806864915,0.630170703489267
"lol he actually just made me laugh. ""sign the controller young man""",neither,0.029329058583167162,0.4462530879719504,0.5244178534448825
!charity,neither,0.03945320844208391,0.33037608806864915,0.630170703489267
!donate,neither,0.03945320844208391,0.33037608806864915,0.630170703489267
Donate: https://goo.gl/Hdz8qx // All donations go straight to the Make-A-Wish Foundation and are tax deductible! (PayPal or Credit Card accepted.) // Include your XBL GT or PSN ID in the donation message for a special badge on DestinyTrialsReport.com! // More information about the Make-A-Wish Foundation: http://www.wish.org,neither,0.06331708384194863,0.2837939068155443,0.652889009342507
HIGHEST SINGLE DONATION DURING THIS CARD GETS KIM DOT COM'S SIGNED ELITE CONTROLLER,neither,0.039411536328583935,0.3310833725902938,0.6295050910811224
does the highest donator get to play with him next card too?,neither,0.026215213266990063,0.43913134338797094,0.5346534433450391
!charity,neither,0.03945320844208391,0.33037608806864915,0.630170703489267
Donate: https://goo.gl/Hdz8qx // All donations go straight to the Make-A-Wish Foundation and are tax deductible! (PayPal or Credit Card accepted.) // Include your XBL GT or PSN ID in the donation message for a special badge on DestinyTrialsReport.com! // More information about the Make-A-Wish Foundation: http://www.wish.org,neither,0.06331708384194863,0.2837939068155443,0.652889009342507
"@Yyz1992, no",neither,0.036918905254960256,0.37338982715841207,0.5896912675866277
"@Yyz1992, not that he's said",neither,0.03931762710621853,0.3940761505443923,0.5666062223493892
HIGHEST SINGLE DONATION DURING THIS CARD GETS KIM DOT COM'S SIGNED ELITE CONTROLLER,neither,0.039411536328583935,0.3310833725902938,0.6295050910811224
MAKE SURE TO INCLUDE YOUR GT/PSN IN THE DONATION MSG TO GET THE BADGE ON DTR,neither,0.06037034378601605,0.41315553644714414,0.5264741197668399
Donate: https://goo.gl/Hdz8qx // All donations go straight to the Make-A-Wish Foundation and are tax deductible! (PayPal or Credit Card accepted.) // Include your XBL GT or PSN ID in the donation message for a special badge on DestinyTrialsReport.com! // More information about the Make-A-Wish Foundation: http://www.wish.org,neither,0.06331708384194863,0.2837939068155443,0.652889009342507
!settings,neither,0.03945320844208391,0.33037608806864915,0.630170703489267
can we right normal donation aswell a our gamertag @drlupo,neither,0.03867206485300915,0.34591097227175704,0.6154169628752338
!xim,neither,0.03945320844208391,0.33037608806864915,0.630170703489267
Razer DeathAdder 3500 @ 3500 DPI: http://goo.gl/6xOrtz // CMStorm Quickfire Pro: http://goo.gl/L2oiTF // XIM4 Adapter: www.xim4.com // XIM4 STv1 Settings: http://imgur.com/a/90cnX // XIM4 STv2 Settings: http://imgur.com/a/aUWTG,neither,0.03524030400118552,0.17813458567086496,0.7866251103279496
"@Viiper_CH, lupoLOVE lupoLOVE",neither,0.03945320844208391,0.33037608806864915,0.630170703489267
I can't donate 😭😭😭😭😭😭😭😭😭😭😭😭😭😞😞😞😞😞😞😞😞😭😭😭😭😭,neither,0.039790281568276235,0.32465507742640515,0.6355546410053187
!charitr,neither,0.03945320844208391,0.33037608806864915,0.630170703489267
@kwik621 lupoLOVE,neither,0.03945320844208391,0.33037608806864915,0.630170703489267
"Heading to bed Lupo, great games and congrats on the success for the cause!",neither,0.03542780383181377,0.29039312982602056,0.6741790663421656
@oasisoverkill Why?,neither,0.016768318525353994,0.3685911158159394,0.6146405656587067
is there raffles?,neither,0.058135835131279276,0.24227746891369034,0.6995866959550303
not right now @XxlllBarxX,neither,0.03605846492699166,0.3660957816352361,0.5978457534377724
I remember seeing pics of Kim's massive compound when it got raided or whatever,neither,0.0332972060991843,0.3769396483410603,0.5897631455597555
!charity,neither,0.03945320844208391,0.33037608806864915,0.630170703489267
Donate: https://goo.gl/Hdz8qx // All donations go straight to the Make-A-Wish Foundation and are tax deductible! (PayPal or Credit Card accepted.) // Include your XBL GT or PSN ID in the donation message for a special badge on DestinyTrialsReport.com! // More information about the Make-A-Wish Foundation: http://www.wish.org,neither,0.06331708384194863,0.2837939068155443,0.652889009342507
no raffle currently but there will be later,neither,0.037412869054232724,0.29708693226993027,0.665500198675837
HIGHEST SINGLE DONATION DURING THIS CARD GETS KIM DOT COM'S SIGNED ELITE CONTROLLER,neither,0.039411536328583935,0.3310833725902938,0.6295050910811224
Hi,neither,0.03945320844208391,0.33037608806864915,0.630170703489267
!secondary,neither,0.03945320844208391,0.33037608806864915,0.630170703489267
Try the !secondaryx1 or !secondaryps commands!,neither,0.03814255297471983,0.3060970703417898,0.6557603766834904
hi,neither,0.03945320844208391,0.33037608806864915,0.630170703489267
im not allowed to donate sadly,neither,0.04323351688175046,0.3597538012351081,0.5970126818831415
I've played you before DrLupo that's how I found you lol,offensive_language,0.02790563441008889,0.5087000328440595,0.46339433274585173
No money and no credit card,neither,0.03755117297634896,0.3206841833245308,0.6417646436991203
!secondaryx1,neither,0.03945320844208391,0.33037608806864915,0.630170703489267
"﻿ ChookyWookiee: DrLupo's special is But Not Forgotten [400] [Arc Damage, Linear Compensator, Injection Mold, Single Point Sling, Hidden Hand].",neither,0.055018323709655904,0.3270346124780026,0.6179470638123414
!uptime,neither,0.03945320844208391,0.33037608806864915,0.630170703489267
16 hours 2 minutes 5 seconds,neither,0.03945320844208391,0.33037608806864915,0.630170703489267
"Yes, I play on mouse and keyboard. For information, try !mnk or !whymnk. Thanks!",neither,0.03348933748276678,0.2927381170528408,0.6737725454643925
I think TC is trying to see what he can get out of it for that BOMB he bout to drop so he gets that controller,neither,0.052722559053379976,0.40028394834362335,0.5469934926029968
@DrLupo do you know roughly how long it'll take them to give out the badges?,neither,0.061645918643273644,0.34909337660866446,0.5892607047480618
lupoK,neither,0.03945320844208391,0.33037608806864915,0.630170703489267
@oasisoverkill Paypal?;),neither,0.03945320844208391,0.33037608806864915,0.630170703489267
"@Mai7Viac, lupoK",neither,0.03945320844208391,0.33037608806864915,0.630170703489267
!mnk,neither,0.03945320844208391,0.33037608806864915,0.630170703489267
Razer DeathAdder 3500 @ 3500 DPI: http://goo.gl/6xOrtz // CMStorm Quickfire Pro: http://goo.gl/L2oiTF // XIM4 Adapter: www.xim4.com // XIM4 STv1 Settings: http://imgur.com/a/90cnX // XIM4 STv2 Settings: http://imgur.com/a/aUWTG,neither,0.03524030400118552,0.17813458567086496,0.7866251103279496
!whymnk,neither,0.03945320844208391,0.33037608806864915,0.630170703489267
"Originally, I looked for an alternate input method that would allow me to rez/move/shoot/jump/etc at the same time. I also get hand cramps after playing for too long with a controller. I've put 4000+ hours over ~18 months into learning to play this way on Destiny. I also own an Elite controller. More info: https://goo.gl/DK62Er",neither,0.0347322164813712,0.33008293347562484,0.635184850043004
!charity,neither,0.03945320844208391,0.33037608806864915,0.630170703489267
Donate: https://goo.gl/Hdz8qx // All donations go straight to the Make-A-Wish Foundation and are tax deductible! (PayPal or Credit Card accepted.) // Include your XBL GT or PSN ID in the donation message for a special badge on DestinyTrialsReport.com! // More information about the Make-A-Wish Foundation: http://www.wish.org,neither,0.06331708384194863,0.2837939068155443,0.652889009342507
