text,top_class,hate_speech,offensive_language,neither
!card,neither,0.03945320844208391,0.33037608806864915,0.630170703489267
JAKE,neither,0.03945320844208391,0.33037608806864915,0.630170703489267
"@IAmNotScottish combination of the memorable ""they're all one shot if you hit them in the face, in my defense"" line and the sweet quickscope super snipe",neither,0.042234111079853205,0.39887261140932573,0.558893277510821
oh god,neither,0.047523175703714664,0.25506489023357065,0.6974119340627147
JAKE,neither,0.03945320844208391,0.33037608806864915,0.630170703489267
"@DrLupo, was that not 8 wins?",neither,0.03355976507283042,0.38589916538947455,0.580541069537695
@mrsdrlupo sorry I didn't see what you wrote until now!,neither,0.04178429103962952,0.39856538815846887,0.5596503208019016
Omg playing Jake,neither,0.03945320844208391,0.33037608806864915,0.630170703489267
Destroy them!!!!!!!!!!!,neither,0.05682249657886386,0.32082605547990145,0.6223514479412348
You got this lupo!,offensive_language,0.07992678652273469,0.5679123887647478,0.35216082471251753
KICK HIS a**,neither,0.08242135704469718,0.33160370983880527,0.5859749331164976
Jake,neither,0.03945320844208391,0.33037608806864915,0.630170703489267
@drlupo - imma need you to help me get my son to the lighthouse.,neither,0.04353346118634139,0.45035240549668254,0.5061141333169761
Jake,neither,0.03945320844208391,0.33037608806864915,0.630170703489267
the dude using a shotgun sending hate mail for missing headshots. lul,neither,0.10008033627209106,0.28241113180565985,0.617508531922249
"Yoooo, this is going to be fun",neither,0.0517807849278519,0.35250676383958146,0.5957124512325667
How do you decide who you're carrying,neither,0.09646256647014104,0.4437998446431739,0.459737588886685
"@pinkmommy, its ok! :) is this your first?",neither,0.0628957689932588,0.3271538871440176,0.6099503438627236
Hate mail PogChamp,neither,0.3381600243265896,0.19023561278982903,0.47160436288358143
poop on jake please lupoK,neither,0.037008978892345036,0.34207274788154873,0.6209182732261064
!rng @lobcity_boiii,neither,0.03945320844208391,0.33037608806864915,0.630170703489267
"Selection for Trials is RANDOM using a raffle system and a keyword (lupoRNG). No need to follow, donate, etc. It will not get you priority, ever. One flawless run per winner, per weekend.",neither,0.04410271778449435,0.3517188081615785,0.6041784740539271
Yo I heard Jake smells like milk. Lupo can you bathe him with your bullets?,neither,0.06421896010411006,0.42056176740765494,0.5152192724882348
i watching both streams THIS IS EPIC,neither,0.04529677504383095,0.3295053578471669,0.625197867109002
Who's perspective should I watch??,neither,0.05924140689857829,0.431879132354699,0.5088794607467229
presscircle has just re-subscribed to the stream for 5 months in a row!,neither,0.047209768464342786,0.28926846116331856,0.6635217703723386
This should be good,neither,0.05968669086584345,0.40118080967885633,0.5391324994553003
Good luck Lupo,neither,0.038607236521895655,0.330667056604554,0.6307257068735503
#EPIC ALERT,neither,0.03945320844208391,0.33037608806864915,0.630170703489267
GL,neither,0.03945320844208391,0.33037608806864915,0.630170703489267
@mrsdrlupo yes!!,neither,0.03945320844208391,0.33037608806864915,0.630170703489267
EPIC MATCH ALERT,neither,0.03945320844208391,0.33037608806864915,0.630170703489267
MashSquare just subscribed.,neither,0.02667013123193722,0.39600456006212814,0.5773253087059346
gjakeHype lupoHYPE,neither,0.03945320844208391,0.33037608806864915,0.630170703489267
Jerknader Jake!,neither,0.03945320844208391,0.33037608806864915,0.630170703489267
Gernader Jake!,neither,0.03945320844208391,0.33037608806864915,0.630170703489267
!subhype,neither,0.03945320844208391,0.33037608806864915,0.630170703489267
"I mean, ilu Jake!",neither,0.03945320844208391,0.33037608806864915,0.630170703489267
lupoK lupoK lupoK lupoK lupoK BULLCRAP lupoHYPE lupoLOVE lupoHYPE lupoLOVE lupoHYPE lupoLOVE lupoHYPE lupoLOVE lupoHYPE lupoLOVE lupoHYPE lupoLOVE lupoHYPE lupoLOVE lupoHYPE lupoLOVE lupoHYPE lupoLOVE lupoHYPE BULLCRAP lupoK lupoK lupoK lupoK lupoK,neither,0.03945320844208391,0.33037608806864915,0.630170703489267
LUL,neither,0.03945320844208391,0.33037608806864915,0.630170703489267
im double screening this!,neither,0.03823254722589352,0.37409873736689137,0.5876687154072152
butts vs booty incoming,neither,0.03466299160223267,0.411678569310684,0.5536584390870833
Good luck. I am from Jake's stream.,neither,0.039603218841912896,0.31789753924306857,0.6424992419150185
"@pinkmommy, well lemme know if you have any questions about things! We only have one kiddo, but I've been around kids for about 20 years :)",neither,0.021681355786409787,0.40012879850186206,0.5781898457117282
lupoRNG,neither,0.03945320844208391,0.33037608806864915,0.630170703489267
Is he playing keyboard and mouse DansGame,neither,0.04956603879705787,0.2965455792571407,0.6538883819458016
"@Nikeelitelbj, thanks bb. same to jake",neither,0.04339998656194705,0.3187500977002235,0.6378499157378293
"@knutsack83, yes",neither,0.03945320844208391,0.33037608806864915,0.630170703489267
Hit a snipe on Jake like you did on Truth last week lupoK,neither,0.05193601155405805,0.38529091252680187,0.56277307591914
K,neither,0.03945320844208391,0.33037608806864915,0.630170703489267
"@knutsack83, Yes.",neither,0.03945320844208391,0.33037608806864915,0.630170703489267
tripleSL,neither,0.03945320844208391,0.33037608806864915,0.630170703489267
K,neither,0.03945320844208391,0.33037608806864915,0.630170703489267
"Yes, I play on mouse and keyboard. For information, try !mnk or !whymnk. Thanks!",neither,0.03348933748276678,0.2927381170528408,0.6737725454643925
@mrsdrlupo he sleeps pretty good but he's grunting through out the night,neither,0.03495442082649661,0.33470391255970894,0.6303416666137944
Got mad thumbs,neither,0.037215069195386925,0.4115192580721726,0.5512656727324404
good shit,offensive_language,0.040452760017332466,0.9595458593745861,1.3806080814494439e-06
I missed the racing didn't I,neither,0.026915057689724943,0.35279001297117063,0.6202949293391045
griznasty13 has just re-subscribed to the stream for 5 months in a row!,neither,0.047209768464342786,0.28926846116331856,0.6635217703723386
Good stuff,neither,0.03858300747992897,0.3306753900831237,0.6307416024369474
Jerknader Grate.,neither,0.03945320844208391,0.33037608806864915,0.630170703489267
Good plays,neither,0.038603349900201235,0.3306683933919781,0.6307282567078207
"@DanMcClain, yeah",offensive_language,0.013968601452186464,0.5182923869769311,0.4677390115708824
!subhype,neither,0.03945320844208391,0.33037608806864915,0.630170703489267
lupoK lupoK lupoK lupoK lupoK BULLCRAP lupoHYPE lupoLOVE lupoHYPE lupoLOVE lupoHYPE lupoLOVE lupoHYPE lupoLOVE lupoHYPE lupoLOVE lupoHYPE lupoLOVE lupoHYPE lupoLOVE lupoHYPE lupoLOVE lupoHYPE lupoLOVE lupoHYPE BULLCRAP lupoK lupoK lupoK lupoK lupoK,neither,0.03945320844208391,0.33037608806864915,0.630170703489267
Incoming: Lupo's Serious Face,neither,0.03945320844208391,0.33037608806864915,0.630170703489267
"@DanMcClain, yessir",neither,0.03945320844208391,0.33037608806864915,0.630170703489267
"@pinkmommy, like just the noise or bc he is having a hard time breathing?",offensive_language,0.04291849942384389,0.490072728145746,0.46700877243041006
lupo is focused,neither,0.04912624121044723,0.3270490885368631,0.6238246702526896
!sens,neither,0.03945320844208391,0.33037608806864915,0.630170703489267
is lupo doing a double?,neither,0.049661733132225994,0.3268649083096587,0.6234733585581153
"Mouse and Keyboard - 10 sensitivity. !mnk for more information. // Controller - 5/6/7 sensitivity, default control scheme, claw grip.",neither,0.0373653456474308,0.2984784366301005,0.6641562177224688
Trials looks like it isn't butts if peopl don't camp and hardscope the whole time,neither,0.030813448710094355,0.3506079892123208,0.6185785620775848
!sensitivity,neither,0.03945320844208391,0.33037608806864915,0.630170703489267
https://www.youtube.com/c/DrLupoTV,neither,0.03945320844208391,0.33037608806864915,0.630170703489267
"@DanMcClain, Dan ! rooHappy",neither,0.03945320844208391,0.33037608806864915,0.630170703489267
I'm watching both,neither,0.03945320844208391,0.33037608806864915,0.630170703489267
Same time,neither,0.038953830155602526,0.3760287068045814,0.5850174630398162
@coolpuppper yeah,offensive_language,0.013968601452186464,0.5182923869769311,0.4677390115708824
!card,neither,0.03945320844208391,0.33037608806864915,0.630170703489267
"lupoK lupoCHOO 7W, 0L, Mercy Used: Yes lupoCHOO lupoK",neither,0.03945320844208391,0.33037608806864915,0.630170703489267
He's just having fun with different classes,neither,0.031370591355114254,0.3731211082365877,0.5955083004082982
"@Heatseekingviking okay,thanks! :)",neither,0.03678379827047317,0.30802279096628465,0.6551934107632421
He's going for most sticks this weekend,neither,0.03730513158083306,0.3282978399289033,0.6343970284902637
"@n0wex_plays, thanks bb same to jake",neither,0.04339998656194705,0.3187500977002235,0.6378499157378293
are you using keyboard?,neither,0.08011963693682071,0.39191326363931495,0.5279670994238642
"@ElmPro, he is",neither,0.0817087036342036,0.3158424856208871,0.6024488107449093
"Two men I want, one game of destiny who will succeed",neither,0.04032791299099419,0.33884401803188474,0.6208280689771211
That's cool,neither,0.0331105145141573,0.4000689531361105,0.5668205323497322
Good match to start watching,neither,0.04510132335337221,0.32690388620221156,0.6279947904444162
gl,neither,0.03945320844208391,0.33037608806864915,0.630170703489267
@bladerocks123 lupoHEY,neither,0.03945320844208391,0.33037608806864915,0.630170703489267
@mrsdrlupo just the noise. But his gums are a little pale idk if that means anything.,neither,0.044173133127727686,0.3688476070661656,0.5869792598061067
good timing!,neither,0.03875228192880013,0.33061716883797504,0.6306305492332248
Jake also has a rule this weekend that everybody that kills him needs to tbag him because he is using sticks,neither,0.04274984250696469,0.38972339275722157,0.5675267647358139
lupoHEY,neither,0.03945320844208391,0.33037608806864915,0.630170703489267
"@Yyz1992, lol",neither,0.020706217963973744,0.4882283491876925,0.4910654328483337
"I heard you're talkin trash, fruit lupo gjakeH",neither,0.07638996077215807,0.169704432763854,0.753905606463988
"@that_hanes_guy, lupo has a better butt",neither,0.04617186620106418,0.37304787400938905,0.5807802597895467
lol,neither,0.020706217963973744,0.4882283491876925,0.4910654328483337
Make a play( they building super),neither,0.03945320844208391,0.33037608806864915,0.630170703489267
@go_sail_a_boat No trash gjakeF,neither,0.04208432344004901,0.05410872129205181,0.9038069552678991
"@Go_sail_a_boat, let's maybe not go with that nickname",neither,0.019117171068049346,0.42301463499544534,0.5578681939365053
he is scared lol I was watching his stream,neither,0.06337710890524274,0.3703542613727686,0.5662686297219887
Sail boat lupoPLS,neither,0.03945320844208391,0.33037608806864915,0.630170703489267
God damn this is a great matchup,offensive_language,0.05310025072309642,0.7796307951440306,0.16726895413287318
"Yes, I play on mouse and keyboard. For information, try !mnk or !whymnk. Thanks!",neither,0.03348933748276678,0.2927381170528408,0.6737725454643925
Ugg this is the map this week,neither,0.04425686375519162,0.3193176410850695,0.6364254951597389
best of luck to both of you,neither,0.06093596207378233,0.3591037506832261,0.5799602872429915
They're all sitting on the zone,neither,0.05320819699509539,0.3627936629065099,0.5839981400983947
I call him it all the time @Siulaim,neither,0.037024558336826004,0.41743465422907766,0.5455407874340965
Why play aggressive when you can get super energy?,neither,0.03368252302008149,0.40866883869128257,0.5576486382886359
gjakeH,neither,0.03945320844208391,0.33037608806864915,0.630170703489267
"@Go_sail_a_boat, yeah but i think he's told you not to",offensive_language,0.041632826486689645,0.4860925897159952,0.4722745837973152
"@Drlupo, I found a lamp that's shaped like a butt, and turns on when you slap the cheek. I immediately thought of you.",neither,0.05435258825638964,0.37447710830680103,0.5711703034368093
Getting salty,neither,0.0346203543621659,0.4124022345489468,0.5529774110888874
This is what trials has become,neither,0.05669315745427922,0.3165600021006452,0.6267468404450756
Wtf,offensive_language,0.04410695246022759,0.7898861884776351,0.16600685906213722
What was that!!?,neither,0.041736715604486524,0.40105550120025046,0.557207783195263
gjakeH gjakeH gjakeH,neither,0.03945320844208391,0.33037608806864915,0.630170703489267
I take it back,neither,0.037277537682145034,0.3311244010096857,0.6315980613081693
pshh,neither,0.03945320844208391,0.33037608806864915,0.630170703489267
What's fruit lupo??,neither,0.046763429900579426,0.32518979200864945,0.6280467780907711
fair enough,neither,0.03945320844208391,0.33037608806864915,0.630170703489267
gg,neither,0.03945320844208391,0.33037608806864915,0.630170703489267
ily,neither,0.03945320844208391,0.33037608806864915,0.630170703489267
good plays,neither,0.038603349900201235,0.3306683933919781,0.6307282567078207
Jake always plays for super energy in a 3v1.,neither,0.034217898616432096,0.34596392547088317,0.6198181759126847
Yeeeee,neither,0.03945320844208391,0.33037608806864915,0.630170703489267
"Good afternoon, folks. lupoK",neither,0.038854797738209525,0.33058190895019496,0.6305632933115956
This song,neither,0.03854389284817469,0.34580954682188375,0.6156465603299416
Bubble is cheap,neither,0.047463291052835116,0.32762105335164743,0.6249156555955175
nothing but butt touches,neither,0.03812394932834632,0.4122914743603655,0.5495845763112882
I belive in u lupo,neither,0.03945320844208391,0.33037608806864915,0.630170703489267
"""Aggressively icebreaker and regen super energy"" pro mlg strats",neither,0.03877229019960971,0.29643185355227764,0.6647958562481127
"That's an annoying way to play, pullin for you",neither,0.04811205290475788,0.36266982272181864,0.5892181243734235
Does DrLupo use a keyboard?,offensive_language,0.010402887280091328,0.503824899219041,0.4857722135008678
I prefer fruit pebbles,neither,0.03945320844208391,0.33037608806864915,0.630170703489267
"@Monkeyboyx99x, yes",neither,0.03945320844208391,0.33037608806864915,0.630170703489267
Camping Skorris?,neither,0.03945320844208391,0.33037608806864915,0.630170703489267
lupoLOVE lupoLOVE,neither,0.03945320844208391,0.33037608806864915,0.630170703489267
"@monkeyboy989, yes",neither,0.03945320844208391,0.33037608806864915,0.630170703489267
!mnk,neither,0.03945320844208391,0.33037608806864915,0.630170703489267
Kk,neither,0.03945320844208391,0.33037608806864915,0.630170703489267
Razer DeathAdder 3500 @ 3500 DPI: http://goo.gl/6xOrtz // CMStorm Quickfire Pro: http://goo.gl/L2oiTF // XIM4 Adapter: www.xim4.com // XIM4 STv1 Settings: http://imgur.com/a/90cnX // XIM4 STv2 Settings: http://imgur.com/a/aUWTG,neither,0.03524030400118552,0.17813458567086496,0.7866251103279496
!yesmnk,neither,0.03945320844208391,0.33037608806864915,0.630170703489267
Benvengeance17 has just subscribed to the stream!,neither,0.04068416685379741,0.3246301012664504,0.6346857318797522
@wynced lol I'm glad I'm not the only one that thought that,neither,0.027897519075554666,0.3770061738965934,0.595096307027852
Yo @DrLupo youre cute,neither,0.05468231726511217,0.3722804813947981,0.5730372013400898
!subhype,neither,0.03945320844208391,0.33037608806864915,0.630170703489267
lupoK lupoK lupoK lupoK lupoK BULLCRAP lupoHYPE lupoLOVE lupoHYPE lupoLOVE lupoHYPE lupoLOVE lupoHYPE lupoLOVE lupoHYPE lupoLOVE lupoHYPE lupoLOVE lupoHYPE lupoLOVE lupoHYPE lupoLOVE lupoHYPE lupoLOVE lupoHYPE BULLCRAP lupoK lupoK lupoK lupoK lupoK,neither,0.03945320844208391,0.33037608806864915,0.630170703489267
THAT'S THE TICKET!,neither,0.03404756208431211,0.3602122933017378,0.6057401446139501
"Chat, no trash talk. At all",neither,0.025017411570658142,0.23266027750734095,0.7423223109220008
"i like Jake, I just think he does the things he complains about all the time.",neither,0.0375127035754709,0.4593331229003148,0.5031541735242143
Multi-Stream Link: http://kadgar.net/live/drlupo/,neither,0.03993770193144703,0.2602568920393204,0.6998054060292326
"@MollyGo, Hahaha did you see it too?!",neither,0.054935645227127815,0.38608301120514055,0.5589813435677315
Trials was not like this last year,neither,0.04964640177518633,0.35780291281916443,0.5925506854056491
!whymnk,neither,0.03945320844208391,0.33037608806864915,0.630170703489267
"Originally, I looked for an alternate input method that would allow me to rez/move/shoot/jump/etc at the same time. I also get hand cramps after playing for too long with a controller. I've put 4000+ hours over ~18 months into learning to play this way on Destiny. I also own an Elite controller. More info: https://goo.gl/DK62Er",neither,0.0347322164813712,0.33008293347562484,0.635184850043004
lupoHYPE lupoHYPE lupoHYPE lupoHYPE,neither,0.03945320844208391,0.33037608806864915,0.630170703489267
@mrsdrlupo if you get a chance I whispered you.,offensive_language,0.05002429476204394,0.5443203143003893,0.40565539093756686
DansGame,neither,0.03945320844208391,0.33037608806864915,0.630170703489267
NO TRASH TALK. AT ALL,neither,0.021273052576695456,0.20199045352629622,0.7767364938970084
What was that lol,neither,0.029606019458071925,0.46846636928371854,0.5019276112582095
I find that trash just isn't trash without a banana peel. @Siulaim Kappa,neither,0.0393652509422793,0.12535180466221263,0.8352829443955081
"@pinkmommy, I have mine turned off so lemme whisper you first. here.",neither,0.07344910954257579,0.3729918550130377,0.5535590354443866
"Legit question, why pop bubble on cap point when you have a 3v1?",neither,0.03357573470703145,0.3939743721557852,0.5724498931371833
@hiphurae he just has fun because he hates sweating all the time,neither,0.04306508998169559,0.3819018008320172,0.5750331091862871
"@wynced yea, and they come in different colors too!",neither,0.037350156821732615,0.32601307851260675,0.6366367646656607
wut,neither,0.03945320844208391,0.33037608806864915,0.630170703489267
HELLO burnLOVE,neither,0.03945320844208391,0.33037608806864915,0.630170703489267
"@MissGigglesss, lupoHEY",neither,0.03945320844208391,0.33037608806864915,0.630170703489267
"@nanabatman1335, Super energy.",neither,0.03945320844208391,0.33037608806864915,0.630170703489267
Trials is competitive. Your opponents don't have an obligation to make the match fun for you. This is directed at chat,neither,0.07517926414926153,0.3299860141999178,0.5948347216508207
"@nanabatman1335, against Lupo that's not dumb.",neither,0.03506922172191859,0.35711047577019644,0.6078203025078849
"@nanabatman1335, generate orbs for the other person",neither,0.03379509798034395,0.29291897847408704,0.673285923545569
@drlupo Jake has his bubble again,neither,0.058148605654346736,0.35131113778644,0.5905402565592133
"Yes, I play on mouse and keyboard. For information, try !mnk or !whymnk. Thanks!",neither,0.03348933748276678,0.2927381170528408,0.6737725454643925
He can pop them from afar while they try to cap.,neither,0.06347309589051345,0.28617330734104873,0.6503535967684378
@go_sail_a_boat butt touches?,neither,0.044425489353456485,0.3720133282613994,0.5835611823851442
@siulaim rambHI rambHI,neither,0.03945320844208391,0.33037608806864915,0.630170703489267
o,neither,0.03945320844208391,0.33037608806864915,0.630170703489267
@nanabatman1335 Because it's dr god damn lupo,offensive_language,0.04328311729221666,0.7763459857714363,0.18037089693634709
Hi :).,neither,0.03945320844208391,0.33037608806864915,0.630170703489267
he using suppressers,neither,0.04128586535203663,0.4197959570041974,0.538918177643766
you are awesome lupo,neither,0.12243855078132387,0.32432579323358574,0.5532356559850904
"@allgood_gamer, Shush",neither,0.03945320844208391,0.33037608806864915,0.630170703489267
"@MissGigglesss, rambHI",neither,0.03945320844208391,0.33037608806864915,0.630170703489267
@IAmNotScottish played you in rumble the other day,neither,0.057117134899844615,0.3434290716910039,0.5994537934091515
@MissGigglesss lupoHEY,neither,0.03945320844208391,0.33037608806864915,0.630170703489267
Jake complains a lot about stick grenades yet he's using them,neither,0.04730617018536426,0.3796973649334996,0.5729964648811361
cuz they have no respect,neither,0.03797891452978788,0.3553987033608237,0.6066223821093883
"@Nikeelitelbj Yea you're right. Sometimes its just nice to see him get his. Idk if that's trash talk, if it is, sorry mods.",neither,0.0334749784032784,0.33813134114508303,0.6283936804516385
Are you you playing on keyboard?,neither,0.10983120830146512,0.38830215437227356,0.5018666373262614
"@laxmaster38, no need to stream snipe",neither,0.04389144831349137,0.33718719240767286,0.6189213592788358
@darklist404 no,neither,0.036918905254960256,0.37338982715841207,0.5896912675866277
poopklown has just re-subscribed to the stream for 4 months in a row!,neither,0.047209768464342786,0.28926846116331856,0.6635217703723386
Jake says not to talk trash. Repeatedly. Can't help some people........,neither,0.04077377064230532,0.21627347035314246,0.7429527590045523
Hola Lupo,neither,0.03945320844208391,0.33037608806864915,0.630170703489267
@MissGigglesss killyWEENIE,neither,0.03945320844208391,0.33037608806864915,0.630170703489267
!subhype,neither,0.03945320844208391,0.33037608806864915,0.630170703489267
lupoK lupoK lupoK lupoK lupoK BULLCRAP lupoHYPE lupoLOVE lupoHYPE lupoLOVE lupoHYPE lupoLOVE lupoHYPE lupoLOVE lupoHYPE lupoLOVE lupoHYPE lupoLOVE lupoHYPE lupoLOVE lupoHYPE lupoLOVE lupoHYPE lupoLOVE lupoHYPE BULLCRAP lupoK lupoK lupoK lupoK lupoK,neither,0.03945320844208391,0.33037608806864915,0.630170703489267
gjakeJs1 gjakeJs2 no talking shit. Dr Lupo is one of my favourite streamers as well,offensive_language,0.04402167150116292,0.9397502954011565,0.016228033097680467
@galaxyj15 lots of em!,neither,0.03945320844208391,0.33037608806864915,0.630170703489267
"@Samiam3356, Hope you dicked me, hard.",offensive_language,0.06768775249023962,0.5307690505420284,0.40154319696773205
Im from jakes stream no trash coming from this mouth all about that love lupo catLove,neither,0.03754485797524614,0.3024015447028835,0.6600535973218704
Jake hates the people that talk trash. Ignore them. You guys are both equally amazing.,neither,0.07159277251486722,0.24122516812088535,0.6871820593642475
"Anyone who came from jake's channel is stupid as hell, he is literally saying ""no matter what happens be respectful""",offensive_language,0.10349482841102609,0.49903800818716415,0.3974671634018098
@DrLupo anyone talking trash claiming to be a jungle squad member are obviously a fraud. You're an amazing person and jake and jungle squad love you!,neither,0.0706657826754722,0.2356151901236811,0.6937190272008467
Jake did ask them not to jump over and chat shit.,offensive_language,0.0639647317678422,0.9055594303856924,0.030475837846465376
"@knutsack83, lupoLOVE",neither,0.03945320844208391,0.33037608806864915,0.630170703489267
@drlupo jake has his bubble again,neither,0.058148605654346736,0.35131113778644,0.5905402565592133
"Follow me @ twitter.com/DrLupoOnTwitch for stream notifications, updates, and banter about Destiny.",neither,0.03064500239345661,0.38605513054092555,0.583299867065618
gjakeLurk,neither,0.03945320844208391,0.33037608806864915,0.630170703489267
@IAmNotScottish haha I think you have had better days.,neither,0.04951815356971603,0.4404968668265544,0.5099849796037296
lupoHYPE,neither,0.03945320844208391,0.33037608806864915,0.630170703489267
Haters gonna hate,neither,0.292614548604651,0.2604235390236191,0.44696191237172994
lupoLURK,neither,0.03945320844208391,0.33037608806864915,0.630170703489267
hey is greg sippel,neither,0.048332911750214265,0.3273219509168377,0.6243451373329482
yeah it sucks cause the entire game Jake's been saying be respectful and some people just don't get the message,neither,0.02934839647841832,0.36978383004029486,0.600867773481287
He is asking people to be respectful too in his stream,neither,0.10552131144831983,0.3236339901317543,0.5708446984199259
"I guess that works, I'm no where near as good as jake or lupo, just seems easier to use the bubble in a close round as opposed to one you have a good shot at winning, i get it tho, thanks guys",neither,0.02808477081227701,0.4325757325379605,0.5393394966497626
Jake vs lupo no way,neither,0.038786666367397714,0.34399017940846627,0.6172231542241361
jake and lupo don't hate each other....at least from my knowledge I know they are both friends,neither,0.12294074054005756,0.27709289433757034,0.5999663651223721
I'm enjoying going back in forth from the streams. But I prefer Lupo over Jake.,neither,0.03545406255544163,0.3329622753906659,0.6315836620538924
"@Samiam3356, Everyone has off days lupoK",neither,0.03365129191584158,0.4288497533145252,0.5374989547696333
how was he alive there!! hha,neither,0.044904261900928014,0.28732336032068834,0.6677723777783836
The comeback is real!,neither,0.038571870671078055,0.4374688866811805,0.5239592426477413
ggs,neither,0.03945320844208391,0.33037608806864915,0.630170703489267
@IAmNotScottish that is almost everyday for me,neither,0.030242552967879626,0.3760224629946535,0.5937349840374669
leggo,neither,0.03945320844208391,0.33037608806864915,0.630170703489267
"not talking trash, but want lupo to win lupoHYPE butt slap lupoCORN",neither,0.046334411669168914,0.20290658880509704,0.7507589995257341
Good luck,neither,0.038607236521895655,0.330667056604554,0.6307257068735503
@drlupo don't listen to anyone that's supposedly in the jungle squad talking trash to you. Nothing but respect,neither,0.050715212030240535,0.27969215096401556,0.6695926370057439
the competition is so real. great game dudes,neither,0.03693459862366451,0.38080553059356465,0.5822598707827709
you got this!,offensive_language,0.07992678652273469,0.5679123887647478,0.35216082471251753
