text,top_class,hate_speech,offensive_language,neither
"@beatnik28 You might be able to get away with Smallbore on a Luna, but not much else",neither,0.038210223831963576,0.4003153660211669,0.5614744101468695
"@Seraphv2, i don't think anyone would argue that braced is better than rifled. just that it does appear to be viable now. rifled may not make or break a roll like it used to",neither,0.038670911241671095,0.4254880628241175,0.5358410259342113
"@DovaKiten ay I'm always down to shoot faces with cool people, feel free to add me and inv whenever",neither,0.05808658939205247,0.33810483620567355,0.603808574402274
"@beatnik28 true.. I just get a lot of pallies that suck.. like LitC, smallbore + icarus",neither,0.06032983457136756,0.4171423671611035,0.522527798267529
"@beatnik28 Even still, you'd need RF to compensate",neither,0.05509848050772745,0.38133202104706704,0.5635694984452055
so no range at all,offensive_language,0.039597589486815785,0.4980007076015201,0.462401702911664
kreygasm1 swiftrage1 cheer1 cheer1 cheer1 cheer1 cheer1 cheer1 cheer1 cheer1,neither,0.03945320844208391,0.33037608806864915,0.630170703489267
"@xastey, i would definitely hang on to a LITC, smallbore, icarus pally now. give it a go",neither,0.041501860329129774,0.33727221814423675,0.6212259215266336
"@thesmokingrotoscope yeah my Luna is SB & RF. Totally different story, imo. And choose maps accordingly rambPLS",neither,0.02932999321964811,0.399741041325911,0.5709289654544408
"@LANAAAAAAAA love you lupoLOVE once I actually get it, im just gunna collect gamertags from chat and do a massive friending rampage lolol",neither,0.041904297151126764,0.35768785276167564,0.6004078500871977
smaller maps might be good,neither,0.039306608290510116,0.33343229145218695,0.6272611002573029
so if you stay at A and C lanes they always spawn c?,neither,0.03333245641669688,0.4502530420088645,0.5164145015744386
@ramblinnn lupoHEY rambLOVE,neither,0.03945320844208391,0.33037608806864915,0.630170703489267
@DovaKiten I'm so sorry I only just saw your whispers! I AM SO EXCITED TO FINALLY PLAY WITH YOU that sounds funny but i don't care lupoLOVE,neither,0.04991032107928992,0.45264032877631327,0.49744935014439684
"@DovaKiten Hell yeah dude, that would be awesome",offensive_language,0.02647271990711733,0.7186469142458289,0.25488036584705365
"@beatnik28 Definitely. You'll want the range on something like Rusted Lands or Exodus, but you'll be fine on Anomaly",neither,0.05756974139524388,0.4005446185448279,0.5418856400599281
Shoe is absolutely right. Thats a great roll to experiment,neither,0.047724669077478105,0.32059756333666073,0.6316777675858611
lupoLOVE,neither,0.03945320844208391,0.33037608806864915,0.630170703489267
the playsssssss,neither,0.03613032604487659,0.2619290779399786,0.7019405960151449
JESUS. CALM DOWN LUPO,neither,0.03945320844208391,0.33037608806864915,0.630170703489267
@saoirseorlaith whoa.. super inappropriate PogChamp,neither,0.03945320844208391,0.33037608806864915,0.630170703489267
TRIPLE PogChamp CAP PogChamp,neither,0.03945320844208391,0.33037608806864915,0.630170703489267
@Siulaim yeah I'll try it on pubs its ok on small maps,neither,0.023069175841836376,0.41721530196651757,0.5597155221916459
"@DovaKiten, Don't expect to add me lupoK",neither,0.03804182409931378,0.36505789413199086,0.5969002817686954
MONSTER PLAYS,neither,0.03945320844208391,0.33037608806864915,0.630170703489267
Lupo pew pewin the mans PogChamp,neither,0.038189321764368164,0.30699900157265414,0.6548116766629778
LUPO WHAT??,neither,0.057770773616808734,0.3180719994247239,0.6241572269584672
Do u play with mouse and keyboard,neither,0.03151137444016597,0.32748625174868434,0.6410023738111497
Damnnnnnn @drlupo !,neither,0.03945320844208391,0.33037608806864915,0.630170703489267
he does @acegamesftw,offensive_language,0.02570365254277602,0.5058221806089295,0.4684741668482945
how goes the tourney?,neither,0.03821724296836512,0.30753589980205304,0.6542468572295819
"In the meantime, is there a genera consensus as to what playlist offer the most Lunas? I've never had a good one, and I'd like to have a comparison between it and my Pali",neither,0.03224617435201647,0.34313329546114363,0.6246205301868398
@thesmokingrotoscope yessir :),neither,0.03945320844208391,0.33037608806864915,0.630170703489267
@huskeezee k thanks,neither,0.035884468650613,0.3004919205142699,0.6636236108351171
@beatnik28 i'm edgy like that lupoYE Kappa,neither,0.04641592143210869,0.3939589024047331,0.5596251761631582
@SaoirseOrlaith I CANT WAIT!! rooHappy,neither,0.03945320844208391,0.33037608806864915,0.630170703489267
These guys really aren't that good,neither,0.04304147429078849,0.45061551675233497,0.5063430089568765
@GregSippel It's going well. Round 1 was a bye and they're up 2 games in round 2,neither,0.0448471271953399,0.33676150138837285,0.6183913714162872
"dylion, in response to your insulting question. yes. i'm super dumb",neither,0.06853389554780345,0.32064157440034796,0.6108245300518487
Dova is too holly for me.,neither,0.030345818109434094,0.3493662640813325,0.6202879178092334
@IAmNotScottish Good! Didnt want to be your friend anyways lupoK,neither,0.07247640328442755,0.3196206775470787,0.6079029191684937
"@saoirseorlaith girl, you cray 💁🏼",neither,0.04904561742196818,0.45629888272607905,0.4946554998519528
lupoK,neither,0.03945320844208391,0.33037608806864915,0.630170703489267
but love you,offensive_language,0.05910836614323913,0.4863327517480149,0.45455888210874595
lupoK,neither,0.03945320844208391,0.33037608806864915,0.630170703489267
@thesmokingrotoscope classic 3s is what most people farm or ffa,neither,0.07814887342935467,0.3211804577609171,0.6006706688097283
"@thy_calm, nothing wrong with that",neither,0.02175965841438743,0.46441821946859196,0.5138221221170206
@dovakiten save yourself,neither,0.03945320844208391,0.33037608806864915,0.630170703489267
@thy_calm there good lupos team is better,neither,0.047534463539012056,0.28254683362179944,0.6699187028391885
Crispy 3-0 wylK,neither,0.03945320844208391,0.33037608806864915,0.630170703489267
This is gonna be Ugly lupoLURK,neither,0.25289267535194215,0.14362193290069616,0.6034853917473615
"@TheSmokingRotoscope, thats what i like to hear",neither,0.07182034756302148,0.3373056597827769,0.5908739926542016
Hot,neither,0.03945320844208391,0.33037608806864915,0.630170703489267
"@thy_calm SurV was one of my old teammates. Amicable fellow, but likely one of our weakest members",neither,0.031229873936235948,0.4115668209883926,0.5572033050753715
lupoCORN,neither,0.03945320844208391,0.33037608806864915,0.630170703489267
Sniping in 4s is fun as hell,offensive_language,0.04642594106101082,0.6795817337366649,0.27399232520232436
"@ethanisonfire Well, then it appears my luck is poor.",neither,0.03521433619593896,0.3883660917335159,0.5764195720705452
@thesmokingrotoscope what Clan,neither,0.04622678436787283,0.32555606078567784,0.6282171548464492
JEEBUS,neither,0.03945320844208391,0.33037608806864915,0.630170703489267
Oh I typed that cause I thought that it was sub only chat..,neither,0.037802091229030325,0.31064462923321723,0.6515532795377524
did it the other day.. some dirty snipes cause no one expects it,neither,0.03049976244014072,0.3680903448745972,0.601409892685262
10,neither,0.03945320844208391,0.33037608806864915,0.630170703489267
LOOOOOOL,neither,0.03945320844208391,0.33037608806864915,0.630170703489267
has he died yet...?,neither,0.045546102487952905,0.32144626218080985,0.6330076353312373
"@epiczgaming23 Sabbath, now defunct",neither,0.03945320844208391,0.33037608806864915,0.630170703489267
Nope,neither,0.03945320844208391,0.33037608806864915,0.630170703489267
No,neither,0.036918905254960256,0.37338982715841207,0.5896912675866277
"who are those kids, what kind of tourney is this",neither,0.12044453626171456,0.2711198105633474,0.6084356531749382
fucking insane....,offensive_language,0.11040509721682133,0.8893604051091775,0.00023449767400117861
we ran out of medals coming up,neither,0.0328734377098984,0.39890289568849685,0.5682236666016047
"@rayv1400, this is qualifiers",neither,0.06444388513749441,0.32581973129223984,0.6097363835702658
@rayv1400 4v4,neither,0.03945320844208391,0.33037608806864915,0.630170703489267
DEFENDER medal? Never seen that before lol,neither,0.02606507363800221,0.47472811539440635,0.4992068109675914
lupo gonna end up with 50 kills,neither,0.028351190708022663,0.4394421904857417,0.5322066188062357
This is freaking nuts!,neither,0.0471614051765829,0.3291965461686957,0.6236420486547215
Lol,neither,0.020706217963973744,0.4882283491876925,0.4910654328483337
"@thy_calm but I hope you stand by your statement (""hot"") lupoK",neither,0.13567499718658535,0.3053828265806559,0.5589421762327588
@aiexauditore me either. lupoWAT,neither,0.02823579925417884,0.3935150192128705,0.5782491815329508
Strength of the Lupo Kappa,neither,0.03868946014303817,0.3164569069500182,0.6448536329069438
AND JUICY,neither,0.038448419023825814,0.277791940581765,0.6837596403944092
Yeah because you never play OBJ @aiexauditore satLol,offensive_language,0.03062043527191609,0.5338538728126232,0.43552569191546076
"How awkward would it be if the ""someone should probably do something about DrLupo"" came up in the killfeed?? lol",neither,0.02691558701369501,0.44750823038285514,0.5255761826034498
@AIexAuditore Likely get it for getting so many kills while an enemy is sieging a flag,neither,0.03686162349884777,0.37564575249413823,0.587492624007014
@thy_calm exactly,neither,0.03945320844208391,0.33037608806864915,0.630170703489267
GET IT!? Kappa,neither,0.0373787803259868,0.3404603090236685,0.6221609106503446
"And chat, to answer all the questions about this team. I get the impression this wasn't the team they wanted to play with. They were really delayed with starting and mentioned one of them might be drunk.",neither,0.03801223933160543,0.3462145655103323,0.6157731951580622
"look at this warlock, doesn't even jump",neither,0.03939680628816125,0.3676259568833786,0.5929772368284602
if lupo gets a we ran out of medals I'm Uninstalling destiny,neither,0.023542454516712764,0.3868195518022729,0.5896379936810143
not sure if that was a joke or not,offensive_language,0.019695913689060224,0.5024277315780976,0.4778763547328422
"Yes, I play on mouse and keyboard. Check out the following document for information - https://goo.gl/RO16qv",neither,0.03231817406256562,0.3029948665949632,0.6646869593424711
@xxseawolf268xx lupoK,neither,0.03945320844208391,0.33037608806864915,0.630170703489267
"@Freefalling227, free that's not even OBJ that's just 'Lupo has defended ___'",neither,0.029505163263259204,0.4179010137251988,0.5525938230115419
HOLY SHIT,offensive_language,0.04257650662097627,0.9573463282193174,7.716515970639687e-05
15,neither,0.03945320844208391,0.33037608806864915,0.630170703489267
they can't kill him lol,hate_speech,0.47739595685085795,0.20420216712135905,0.3184018760277829
LOOOOL JUKES,neither,0.03945320844208391,0.33037608806864915,0.630170703489267
1t,neither,0.03945320844208391,0.33037608806864915,0.630170703489267
lord,neither,0.03945320844208391,0.33037608806864915,0.630170703489267
"damn, Lupo ate his Wheaties this morning",offensive_language,0.09456061048716284,0.725302594839427,0.18013679467341018
Ohhh! Let's go!!!,neither,0.01806316484133749,0.39391011985298136,0.5880267153056813
15,neither,0.03945320844208391,0.33037608806864915,0.630170703489267
"@Siulaim, whose team is drunk?",neither,0.047070109535745884,0.32775628650494976,0.6251736039593043
15 STREAK,neither,0.03945320844208391,0.33037608806864915,0.630170703489267
damn the jukes,offensive_language,0.0427501341826669,0.9427979260483309,0.014451939769002237
THE FUCK,offensive_language,0.31255729367621293,0.6874427038301136,2.493673431948408e-09
THE DODGES,neither,0.03843498882663835,0.31168514531390124,0.6498798658594604
You get it from defending other people multiple times,neither,0.07462467706436231,0.35429106059399135,0.5710842623416464
@Siulaim seriously? I wasnt aware of that at all,neither,0.03707967942907425,0.43473681417307786,0.5281835063978478
16,neither,0.03945320844208391,0.33037608806864915,0.630170703489267
HE's a damn ghost!,offensive_language,0.05184206014930293,0.8259738841897473,0.12218405566094981
100% will uninstall,neither,0.04152207804464394,0.29526197159379314,0.6632159503615629
17,neither,0.03945320844208391,0.33037608806864915,0.630170703489267
They want him dead so bad but just can't kill him wylF,neither,0.21803292649326578,0.29445088885214155,0.48751618465459273
not enough time for the 25,neither,0.03154766320765466,0.31260494055318566,0.6558473962391598
Is Lupo actually going to go Unbroken?,neither,0.05821167090159764,0.3582008113271013,0.583587517771301
"@RubyRubay, the other team. again, they might have just been joking. the team leader did say that his team was kind screwing him over @DovaKiten",neither,0.04138441230617799,0.3627933823012553,0.5958222053925667
17,neither,0.03945320844208391,0.33037608806864915,0.630170703489267
hey guys Scarce here,neither,0.07873192585632492,0.2994945007901211,0.621773573353554
Lupo going off blessTealizard,neither,0.036757398603757895,0.3761310165280884,0.5871115848681538
Strength of the Lupo again,neither,0.03672217880875662,0.3457369052471091,0.6175409159441344
luminHYPE luminHYPE luminHYPE luminHYPE,neither,0.03945320844208391,0.33037608806864915,0.630170703489267
18,neither,0.03945320844208391,0.33037608806864915,0.630170703489267
That's a shame,neither,0.03422672189597161,0.38755389974202165,0.5782193783620068
comeon 25,neither,0.03945320844208391,0.33037608806864915,0.630170703489267
If he runs out of medals...,neither,0.022912591931173315,0.40044064416742675,0.5766467639013999
7 More,neither,0.044084690295906365,0.306805713525994,0.6491095961780997
@rubyrubay lupoHEY,neither,0.03945320844208391,0.33037608806864915,0.630170703489267
"@RubyRubay, yeah",offensive_language,0.013968601452186464,0.5182923869769311,0.4677390115708824
with a sniper,neither,0.01332993187238274,0.44459218524224076,0.5420778828853765
@Siulaim That really stinks. Of all the teams to go against too when that happens. Feel bad for them,neither,0.046624654915642334,0.3909805628868597,0.5623947821974978
25 pls!!! lupoK,neither,0.03945320844208391,0.33037608806864915,0.630170703489267
6 more,neither,0.044084690295906365,0.306805713525994,0.6491095961780997
"@mollymayisme, lupoHEY",neither,0.03945320844208391,0.33037608806864915,0.630170703489267
in a tourney,neither,0.03945320844208391,0.33037608806864915,0.630170703489267
5,neither,0.03945320844208391,0.33037608806864915,0.630170703489267
Overwatch Kappa,neither,0.03945320844208391,0.33037608806864915,0.630170703489267
18,neither,0.03945320844208391,0.33037608806864915,0.630170703489267
19,neither,0.03945320844208391,0.33037608806864915,0.630170703489267
Also hai @RubyRubay rooHappy,neither,0.03945320844208391,0.33037608806864915,0.630170703489267
someone clip it if he goes unbroken,neither,0.027258398211496542,0.3750582003731239,0.5976834014153796
@huskeezee lupoK,neither,0.03945320844208391,0.33037608806864915,0.630170703489267
lupoK,neither,0.03945320844208391,0.33037608806864915,0.630170703489267
"dude his hand canon has no recoil, is it because he aims with a mouse?",neither,0.05584843509033242,0.3600922621578832,0.5840593027517843
@epiczgaming23 duhhh,neither,0.03945320844208391,0.33037608806864915,0.630170703489267
"Yes, I play on mouse and keyboard. Check out the following document for information - https://goo.gl/RO16qv",neither,0.03231817406256562,0.3029948665949632,0.6646869593424711
4,neither,0.03945320844208391,0.33037608806864915,0.630170703489267
20,neither,0.03945320844208391,0.33037608806864915,0.630170703489267
@clonetrooper9926 brace frame,neither,0.03945320844208391,0.33037608806864915,0.630170703489267
@clonetrooper9926 braced frame,neither,0.03945320844208391,0.33037608806864915,0.630170703489267
"@clonetrooper9926, Braced Frame.",neither,0.03945320844208391,0.33037608806864915,0.630170703489267
OH MAN,neither,0.0497452509521963,0.354443561064239,0.5958111879835646
"Unbroken, come on",neither,0.031465329865955356,0.4061586881471455,0.562375981986899
LOOOOL,neither,0.03945320844208391,0.33037608806864915,0.630170703489267
HOLY HELL,offensive_language,0.04183669911814072,0.8081177332907072,0.15004556759115203
gg,neither,0.03945320844208391,0.33037608806864915,0.630170703489267
nah not enough ticks,neither,0.03784997830756353,0.3364161709551204,0.625733850737316
YO,offensive_language,0.04010381111145228,0.5271105317972344,0.4327856570913131
LET'S GO,neither,0.01806316484133749,0.39391011985298136,0.5880267153056813
WOOOO,neither,0.03945320844208391,0.33037608806864915,0.630170703489267
omg,neither,0.03945320844208391,0.33037608806864915,0.630170703489267
LOLOL,neither,0.03945320844208391,0.33037608806864915,0.630170703489267
DAMN,offensive_language,0.042479326866149344,0.9516554255713155,0.005865247562535126
@DrLupo SAVE THIS GAME,neither,0.038538129811330264,0.2814021341312317,0.680059736057438
wow.,neither,0.03945320844208391,0.33037608806864915,0.630170703489267
Should've challenged him on bridge lol,neither,0.020439086076820386,0.3994933486089876,0.580067565314192
UNBROKEN,neither,0.03945320844208391,0.33037608806864915,0.630170703489267
damn,offensive_language,0.042479326866149344,0.9516554255713155,0.005865247562535126
GG,neither,0.03945320844208391,0.33037608806864915,0.630170703489267
LUL,neither,0.03945320844208391,0.33037608806864915,0.630170703489267
LETS GO!!!!!,neither,0.039984317429425154,0.35542799280679366,0.6045876897637812
Nice!,neither,0.03945320844208391,0.33037608806864915,0.630170703489267
outstanding,neither,0.03945320844208391,0.33037608806864915,0.630170703489267
very close to we ran out of medals,neither,0.04087874346755758,0.34314992239978953,0.6159713341326528
20,neither,0.03945320844208391,0.33037608806864915,0.630170703489267
lupoHYPE,neither,0.03945320844208391,0.33037608806864915,0.630170703489267
slow clap,neither,0.03945320844208391,0.33037608806864915,0.630170703489267
Damn,offensive_language,0.042479326866149344,0.9516554255713155,0.005865247562535126
lupoHYPE lupoHYPE lupoHYPE lupoHYPE,neither,0.03945320844208391,0.33037608806864915,0.630170703489267
Wtf hahaha,offensive_language,0.04308892452661781,0.6481221743079882,0.308788901165394
sooo close,neither,0.03945320844208391,0.33037608806864915,0.630170703489267
lupoHYPE,neither,0.03945320844208391,0.33037608806864915,0.630170703489267
lupoHYPE,neither,0.03945320844208391,0.33037608806864915,0.630170703489267
FUCKING INSANE,offensive_language,0.11040509721682133,0.8893604051091775,0.00023449767400117861
outrageous...,neither,0.03945320844208391,0.33037608806864915,0.630170703489267
My son lupo,neither,0.02249418853386377,0.4715630647504391,0.5059427467156972
LET'S GOOOO,neither,0.024028385875293705,0.36420730681166985,0.6117643073130364
wow,neither,0.03945320844208391,0.33037608806864915,0.630170703489267
Lupo is on one today,neither,0.043076797006103645,0.3569031978813111,0.6000200051125852
big plaaays,neither,0.013558625667907201,0.4542814836427737,0.532159890689319
Yoooooo,neither,0.03945320844208391,0.33037608806864915,0.630170703489267
doctorWARCRY doctorWARCRY doctorWARCRY doctorWARCRY doctorWARCRY doctorWARCRY doctorWARCRY doctorWARCRY doctorWARCRY,neither,0.03945320844208391,0.33037608806864915,0.630170703489267
GG,neither,0.03945320844208391,0.33037608806864915,0.630170703489267
that poor other team,neither,0.035494135042282056,0.3734532006921392,0.5910526642655787
lupoHYPE lupoHYPE lupoHYPE lupoHYPE lupoHYPE lupoHYPE lupoHYPE,neither,0.03945320844208391,0.33037608806864915,0.630170703489267
!Primary,neither,0.03945320844208391,0.33037608806864915,0.630170703489267
...,neither,0.03945320844208391,0.33037608806864915,0.630170703489267
Try the !primaryx1 or !primaryps commands!,neither,0.03814255297471983,0.3060970703417898,0.6557603766834904
21,neither,0.03945320844208391,0.33037608806864915,0.630170703489267
lupoHYPE lupoHYPE lupoHYPE lupoHYPE lupoHYPE lupoHYPE lupoHYPE lupoHYPE lupoHYPE lupoHYPE lupoHYPE lupoHYPE,neither,0.03945320844208391,0.33037608806864915,0.630170703489267
Good fucking game,offensive_language,0.11973350229256999,0.8801844057544175,8.209195301266567e-05
HYPE,neither,0.03945320844208391,0.33037608806864915,0.630170703489267
lupoHYPE lupoHYPE lupoHYPE lupoHYPE lupoHYPE lupoHYPE lupoHYPE lupoHYPE lupoHYPE lupoHYPE lupoHYPE lupoHYPE lupoHYPE lupoHYPE lupoHYPE lupoHYPE lupoHYPE lupoHYPE lupoHYPE lupoHYPE lupoHYPE lupoHYPE lupoHYPE lupoHYPE lupoHYPE lupoHYPE,neither,0.03945320844208391,0.33037608806864915,0.630170703489267
@drlupo lupoCORN lupoCORN lupoCORN lupoCORN lupoHYPE lupoHYPE lupoHYPE lupoHYPE lupoHYPE lupoHYPE lupoHYPE,neither,0.03945320844208391,0.33037608806864915,0.630170703489267
lupoHYPE lupoHYPE lupoHYPE lupoHYPE lupoHYPE lupoHYPE lupoHYPE,neither,0.03945320844208391,0.33037608806864915,0.630170703489267
lupoK lupoK lupoK lupoK lupoK lupoK lupoK lupoK lupoK lupoK lupoK lupoK lupoK lupoK lupoK lupoK lupoK lupoK lupoK lupoK lupoK,neither,0.03945320844208391,0.33037608806864915,0.630170703489267
lupoHYPE lupoHYPE lupoHYPE lupoHYPE lupoHYPE lupoHYPE lupoHYPE lupoHYPE lupoHYPE lupoHYPE lupoHYPE lupoHYPE lupoHYPE lupoHYPE lupoHYPE lupoHYPE lupoHYPE lupoHYPE lupoHYPE lupoHYPE lupoHYPE lupoHYPE lupoHYPE lupoHYPE lupoHYPE,neither,0.03945320844208391,0.33037608806864915,0.630170703489267
Let's go! lupoHYPE lupoHYPE lupoHYPE lupoHYPE lupoHYPE lupoHYPE lupoHYPE lupoHYPE,neither,0.01806316484133749,0.39391011985298136,0.5880267153056813
Kappa Kappa Kappa Kappa Kappa Kappa Kappa Kappa Kappa Kappa Kappa Kappa Kappa Kappa Kappa Kappa,neither,0.03945320844208391,0.33037608806864915,0.630170703489267
lupoHYPE lupoHYPE lupoHYPE lupoHYPE lupoHYPE lupoHYPE lupoHYPE lupoHYPE lupoHYPE,neither,0.03945320844208391,0.33037608806864915,0.630170703489267
snapsHYPE snapsHYPE snapsHYPE lupoHYPE lupoHYPE lupoHYPE,neither,0.03945320844208391,0.33037608806864915,0.630170703489267
G fucking G,offensive_language,0.16642190182174219,0.8335780959705128,2.207744944905971e-09
lucky 7s,neither,0.03945320844208391,0.33037608806864915,0.630170703489267
GG lupoHYPE lupoHYPE lupoHYPE lupoHYPE lupoHYPE lupoHYPE lupoHYPE lupoHYPE lupoHYPE,neither,0.03945320844208391,0.33037608806864915,0.630170703489267
Multi-Stream Link: http://kadgar.net/live/drlupo/Gen_e_us/TheTrueVanguard,neither,0.03993770193144703,0.2602568920393204,0.6998054060292326
lupoHYPE lupoHYPE lupoHYPE lupoHYPE lupoHYPE lupoHYPE lupoHYPE lupoHYPE lupoHYPE lupoHYPE lupoHYPE lupoHYPE lupoHYPE lupoHYPE lupoHYPE lupoHYPE lupoHYPE lupoHYPE lupoHYPE lupoHYPE lupoHYPE lupoHYPE lupoHYPE lupoHYPE lupoHYPE lupoHYPE,neither,0.03945320844208391,0.33037608806864915,0.630170703489267
OMG ... I('m so horny right now,neither,0.03849521885891855,0.3900078948367765,0.571496886304305
lupoHYPE lupoHYPE lupoHYPE lupoHYPE lupoHYPE lupoHYPE lupoHYPE lupoHYPE lupoHYPE lupoHYPE lupoHYPE lupoHYPE lupoHYPE lupoHYPE lupoHYPE lupoHYPE lupoHYPE lupoHYPE lupoHYPE lupoHYPE lupoHYPE lupoHYPE lupoHYPE lupoHYPE lupoHYPE lupoHYPE,neither,0.03945320844208391,0.33037608806864915,0.630170703489267
"That was okay, I guess.",neither,0.03446581294044681,0.3863773920428569,0.5791567950166964
lupoHYPE lupoHYPE lupoHYPE lupoHYPE lupoHYPE lupoHYPE lupoHYPE lupoHYPE lupoHYPE,neither,0.03945320844208391,0.33037608806864915,0.630170703489267
what the actual fuck,offensive_language,0.20190457058925115,0.7976150486425899,0.000480380768159026
Jesus,neither,0.03945320844208391,0.33037608806864915,0.630170703489267
Wtf,offensive_language,0.04410695246022759,0.7898861884776351,0.16600685906213722
lupoHYPE lupoHYPE lupoHYPE lupoHYPE lupoHYPE lupoHYPE lupoHYPE lupoHYPE lupoHYPE lupoHYPE lupoHYPE lupoHYPE lupoHYPE lupoHYPE lupoHYPE lupoHYPE lupoHYPE lupoHYPE lupoHYPE lupoHYPE lupoHYPE lupoHYPE lupoHYPE lupoHYPE lupoHYPE lupoHYPE,neither,0.03945320844208391,0.33037608806864915,0.630170703489267
AND THE CROWD GOES WILD,neither,0.03808458093639705,0.2823518541482824,0.6795635649153206
PRAISE 7,neither,0.03945320844208391,0.33037608806864915,0.630170703489267
lupoK lupoK lupoK lupoK lupoHYPE lupoHYPE lupoHYPE lupoHYPE lupoHYPE lupoHYPE lupoHYPE lupoHYPE lupoHYPE lupoHYPE lupoHYPE lupoHYPE lupoHYPE lupoHYPE lupoHYPE lupoHYPE lupoHYPE lupoHYPE lupoHYPE,neither,0.03945320844208391,0.33037608806864915,0.630170703489267
lupoHYPE lupoHYPE lupoHYPE lupoHYPE lupoHYPE lupoHYPE lupoHYPE lupoHYPE lupoHYPE lupoHYPE lupoHYPE lupoHYPE lupoHYPE lupoHYPE lupoHYPE lupoHYPE lupoHYPE lupoHYPE lupoHYPE lupoHYPE lupoHYPE lupoHYPE lupoHYPE lupoHYPE lupoHYPE lupoHYPE,neither,0.03945320844208391,0.33037608806864915,0.630170703489267
Yooooooo I just chummed Kapp CoolStoryBob a,neither,0.02667013123193722,0.39600456006212814,0.5773253087059346
brownGG brownGG brownGG brownGG brownGG brownGG brownGG brownGG brownGG,neither,0.03945320844208391,0.33037608806864915,0.630170703489267
Smokeshow blessTealizard,neither,0.03945320844208391,0.33037608806864915,0.630170703489267
PRAISE 7,neither,0.03945320844208391,0.33037608806864915,0.630170703489267
lupoHYPE lupoHYPE lupoHYPE lupoHYPE lupoHYPE lupoHYPE lupoHYPE lupoHYPE lupoHYPE lupoHYPE lupoHYPE lupoHYPE lupoHYPE lupoHYPE lupoHYPE lupoHYPE lupoHYPE lupoHYPE lupoHYPE lupoHYPE lupoHYPE lupoHYPE lupoHYPE lupoHYPE lupoHYPE lupoHYPE lupoHYPE lupoHYPE lupoHYPE lupoHYPE lupoHYPE lupoHYPE,neither,0.03945320844208391,0.33037608806864915,0.630170703489267
