text,top_class,hate_speech,offensive_language,neither
"Well, that's cause you can't see my fat butt lupoK",offensive_language,0.1351879721891802,0.43567028200948504,0.4291417458013347
@dovakiten I'm great lupoPLS how are you?,neither,0.11395617513291117,0.2813925742015527,0.6046512506655362
!bt @mollymayisme,neither,0.03945320844208391,0.33037608806864915,0.630170703489267
Mai7Viac ( ＾◡＾)っ(‿|‿) $(touser),neither,0.03945320844208391,0.33037608806864915,0.630170703489267
how sad will rocky be if you get a win like this?,neither,0.043288977002626364,0.41417235146877657,0.542538671528597
"@Metriq, sounds good.",neither,0.03854999574512859,0.3306867443324945,0.6307632599223769
!bt @mai7viac,neither,0.03945320844208391,0.33037608806864915,0.630170703489267
mollymayisme ( ＾◡＾)っ(‿|‿) $(touser),neither,0.03945320844208391,0.33037608806864915,0.630170703489267
or will he deliberately sabotage before then?,neither,0.042643910703325384,0.37307762352201834,0.5842784657746564
(Touser) getting all the butt touches today,neither,0.03870616887244428,0.4398624471634471,0.5214313839641086
We are all $(touser) on this blessed day.,neither,0.06335114497617556,0.3563746158462315,0.5802742391775929
"and in that moment, we were all $(touser)",neither,0.03639608286468336,0.37739733027291206,0.5862065868624045
I love when Nightbot ignores variables,neither,0.019202093416196546,0.4451968148232439,0.5356010917605595
"@Mai7Viac, Ask the mrs's if they've seen Moana yet, If not, I know what to do.",neither,0.014998918702319954,0.370405096041574,0.614595985256106
"See, here's the trick: if they get a win, it only counts as 1/3 for Rocky... which still rounds down to 0",neither,0.04311959917335656,0.34365824689526153,0.6132221539313819
^,neither,0.03945320844208391,0.33037608806864915,0.630170703489267
They giving Rocky a calculator and saying you control driving .... teftPog teftPog teftPog teftPog teftPog teftPog teftPog teftPog teftPog teftPog,neither,0.0426436384247124,0.33306471132670257,0.6242916502485851
I don't know where she is atm,neither,0.050497011203480144,0.37541240288647926,0.5740905859100406
@mollymayisme Im pretty great too! Loving the weekend lupoPLS,neither,0.03659028100814137,0.3265431200403557,0.6368665989515029
ahhh yes that makes sense @source_four,neither,0.036346765429022904,0.3638304965160896,0.5998227380548875
I'll control tails,neither,0.03945320844208391,0.33037608806864915,0.630170703489267
You'd think with all of those mods sitting in one room doing nothing they could fix the BT command lupoK,neither,0.05232015436381195,0.40400525345976585,0.5436745921764223
@dovakiten that's good!!,neither,0.030536405018845077,0.4167083680611383,0.5527552269200167
tell rocky to check his phone Kappa,neither,0.06244469149360917,0.32874990455875136,0.6088054039476395
H3Z1,neither,0.03945320844208391,0.33037608806864915,0.630170703489267
!bt @Sir_shreds_alot,neither,0.03945320844208391,0.33037608806864915,0.630170703489267
source_four ( ＾◡＾)っ(‿|‿) $(touser),neither,0.03945320844208391,0.33037608806864915,0.630170703489267
@mai7viac lupoK,neither,0.03945320844208391,0.33037608806864915,0.630170703489267
nightbutt,neither,0.03945320844208391,0.33037608806864915,0.630170703489267
"@Sir_shreds_alot, Your asking alot.",neither,0.07513464116762171,0.320451454193077,0.6044139046393013
youre,neither,0.05768671545047293,0.3241047489000141,0.618208535649513
"@mollymayisme, that's me sitting on the floor.",neither,0.02690187647403893,0.40054343781539214,0.5725546857105689
lol,neither,0.020706217963973744,0.4882283491876925,0.4910654328483337
:D,neither,0.03945320844208391,0.33037608806864915,0.630170703489267
1D1R1N,neither,0.03945320844208391,0.33037608806864915,0.630170703489267
@DrLupo your basement is a nerdy sausagefest right now!,neither,0.07160135509499974,0.33490009208914784,0.5934985528158525
@mai7viac I see u lupoPLS,neither,0.03945320844208391,0.33037608806864915,0.630170703489267
"soon i'm late, who all is at his house right now hahaha",neither,0.06536634192983218,0.45732307474719897,0.4773105833229688
soooo*,neither,0.03945320844208391,0.33037608806864915,0.630170703489267
R D R R,neither,0.03945320844208391,0.33037608806864915,0.630170703489267
!guestlist @Chef_bo_yardee,neither,0.03945320844208391,0.33037608806864915,0.630170703489267
"RockyWrecks, Ninja_with_no_L, KaphSeen, ItsTaylorTime, Rubyrubay, Yaganub, Mai7Viac, Lady Ruthless, Montsylvania and his wife, SaoirseOrlaith and her fiancé, and of course MrsDrLupo and DrLupo",neither,0.044084285357166554,0.35485985505673845,0.6010558595860951
hardee har har,neither,0.03945320844208391,0.33037608806864915,0.630170703489267
Spoon up and play,neither,0.03396612894932239,0.3451168381706074,0.6209170328800702
"@Mai7Viac, Is the butt impression in Lupo's chair as warm and deep as I'd imagine?",neither,0.04263185266555015,0.35272094266415577,0.6046472046702942
WHY DO I NEVER NOTICE COMMANDS,neither,0.026411431441890034,0.38598000761282186,0.587608560945288
@tdubbs there are five women here. It's just the dudes who are camhogs.,neither,0.1364730754066296,0.2900517388148481,0.5734751857785223
now put on skorris,neither,0.03517011140938153,0.3512367307037397,0.613593157886879
@DrLupo the barber shop trio XD,neither,0.038602261925757005,0.3148305201159101,0.6465672179583328
thanks homie @source_four,neither,0.036928978000059835,0.30923850733059793,0.6538325146693423
"@Husky_Raid, his butt is certainly firm and supple",neither,0.06992192894837153,0.32521315979538756,0.6048649112562408
lupoPLS,neither,0.03945320844208391,0.33037608806864915,0.630170703489267
"@Chef_bo_yardee, I added it like 10 minutes ago lol",neither,0.03954502580667217,0.3851992940876557,0.5752556801056721
!crafty,neither,0.03945320844208391,0.33037608806864915,0.630170703489267
Rip,neither,0.03945320844208391,0.33037608806864915,0.630170703489267
!krafty,neither,0.03945320844208391,0.33037608806864915,0.630170703489267
um,neither,0.03945320844208391,0.33037608806864915,0.630170703489267
"@Montsylvania lol, group picture later?",neither,0.03241870272070247,0.3809386983786303,0.5866425989006672
"@Drlupo, by any chance you stopped by your PO box? my gift arrived today",neither,0.05513863770234023,0.42959350936148144,0.5152678529361784
!firstwin,neither,0.03945320844208391,0.33037608806864915,0.630170703489267
dammit,neither,0.03945320844208391,0.33037608806864915,0.630170703489267
!kraftyy,neither,0.03945320844208391,0.33037608806864915,0.630170703489267
?,neither,0.03945320844208391,0.33037608806864915,0.630170703489267
Probably!,neither,0.037248874780404465,0.3677893831597844,0.5949617420598112
"@Leafstorm11 okay good, i was feeling dumb haha",neither,0.03531450646978039,0.39227551167284064,0.5724099818573789
!krafty,neither,0.03945320844208391,0.33037608806864915,0.630170703489267
IT'S THERE SOMEWHERE,neither,0.037625240754445934,0.279179894148886,0.683194865096668
!h1,neither,0.03945320844208391,0.33037608806864915,0.630170703489267
!commands,neither,0.03945320844208391,0.33037608806864915,0.630170703489267
leafstorm11 -> The bot commands for this channel are available at https://beta.nightbot.tv/t/drlupo/commands,neither,0.04695462833040224,0.29561718809185006,0.6574281835777477
watching a mind meld in the making.,neither,0.039281757904623744,0.30073467110543867,0.6599835709899378
!h1z1win,neither,0.03945320844208391,0.33037608806864915,0.630170703489267
First win clip: https://clips.twitch.tv/ManlyCulturedHornetFUNgineer . Kraftyy kill that happened along the way. Lupo POV: https://clips.twitch.tv/OriginalDreamyHornetBlargNaut Kraftyy's POV: https://clips.twitch.tv/BoringPatientTildeRlyTho,neither,0.06950365649752166,0.3139942390415832,0.616502104460895
THERE IT IS,neither,0.051988479486451335,0.2532541473775745,0.6947573731359742
!h1z1win NAILED IT,neither,0.03772653554390317,0.33096997005595963,0.6313034944001372
@Mai7Viac nuuuuu,neither,0.03945320844208391,0.33037608806864915,0.630170703489267
cool no wories,neither,0.03810314400352901,0.35329020497834573,0.6086066510181254
@sir_shreds_alot I'm not doing nothing im playing with charlie,neither,0.004271763972313092,0.06254931269176113,0.9331789233359257
!guestlist,neither,0.03945320844208391,0.33037608806864915,0.630170703489267
"RockyWrecks, Ninja_with_no_L, KaphSeen, ItsTaylorTime, Rubyrubay, Yaganub, Mai7Viac, Lady Ruthless, Montsylvania and his wife, SaoirseOrlaith and her fiancé, and of course MrsDrLupo and DrLupo",neither,0.044084285357166554,0.35485985505673845,0.6010558595860951
Twin Galaxies in the lobby :o,neither,0.038657073374416755,0.315853860980101,0.6454890656454823
!zoom,neither,0.03945320844208391,0.33037608806864915,0.630170703489267
The box above DrLupo's facecam is a zoomed in view of what he's seeing. It can sometimes be difficult to see what's happening in long distance H1Z1 fights.,neither,0.05138185610298348,0.31669353991450466,0.6319246039825117
LUL,neither,0.03945320844208391,0.33037608806864915,0.630170703489267
!replay,neither,0.03945320844208391,0.33037608806864915,0.630170703489267
!replay,neither,0.03945320844208391,0.33037608806864915,0.630170703489267
OFF TO A GOOD START,neither,0.04754141022852361,0.32546148237510125,0.6269971073963753
!replay,neither,0.03945320844208391,0.33037608806864915,0.630170703489267
Replay activated!,neither,0.03945320844208391,0.33037608806864915,0.630170703489267
!replay,neither,0.03945320844208391,0.33037608806864915,0.630170703489267
!replay,neither,0.03945320844208391,0.33037608806864915,0.630170703489267
RIP,neither,0.03945320844208391,0.33037608806864915,0.630170703489267
SeemsGood,neither,0.03945320844208391,0.33037608806864915,0.630170703489267
PERFECT/10,neither,0.03945320844208391,0.33037608806864915,0.630170703489267
!replay,neither,0.03945320844208391,0.33037608806864915,0.630170703489267
!replay,neither,0.03945320844208391,0.33037608806864915,0.630170703489267
!replay,neither,0.03945320844208391,0.33037608806864915,0.630170703489267
!replay,neither,0.03945320844208391,0.33037608806864915,0.630170703489267
!replay,neither,0.03945320844208391,0.33037608806864915,0.630170703489267
"@DrLupo, remember if you guys get a win with rocky, It doesnt count as his solo win.",neither,0.03873939138535065,0.42139798398945943,0.53986262462519
!guest,neither,0.03945320844208391,0.33037608806864915,0.630170703489267
Finally an H1Z1 stream where I am guaranteed to see a win,neither,0.04489453281018264,0.30488162160349125,0.6502238455863263
Big plays PogChamp,neither,0.021467331913120533,0.406749623559997,0.5717830445268823
Somebody donate 4.20 Kappa,neither,0.03945320844208391,0.33037608806864915,0.630170703489267
LUL,neither,0.03945320844208391,0.33037608806864915,0.630170703489267
"@Husky_Raid, well, Rocky is one the team",neither,0.04478129338757192,0.34067563547845947,0.6145430711339686
"@Husky_Raid, ofc 3 is better than one",neither,0.04855972397315759,0.37787801158838263,0.5735622644384597
"@Mai7Viac, oh wait he has real buttons? Kappa",neither,0.041727385462705525,0.3734009740979755,0.5848716404393189
supposedly,neither,0.03945320844208391,0.33037608806864915,0.630170703489267
!game,neither,0.03826383497213389,0.24674689817812728,0.7149892668497387
mr_gingerz -> drlupo is playing H1Z1: King of the Kill,neither,0.41120419005491116,0.16444126885371496,0.4243545410913739
Isn't letting Rocky do this severely diminish your chances?,neither,0.05874553074966511,0.3259161761244221,0.6153382931259128
!title,neither,0.03945320844208391,0.33037608806864915,0.630170703489267
mr_gingerz -> Current Stream Title: 3 PLEBS PLAY TOGETHER,neither,0.03945320844208391,0.33037608806864915,0.630170703489267
"welp, house emergency, so I'm gonna miss the rest of the festivities, have a good night.",neither,0.02967349893236919,0.3689899797352003,0.6013365213324305
diminishing*,neither,0.03945320844208391,0.33037608806864915,0.630170703489267
LUL,neither,0.03945320844208391,0.33037608806864915,0.630170703489267
LUL,neither,0.03945320844208391,0.33037608806864915,0.630170703489267
hope everything is okay,neither,0.09863797869832618,0.20337105534211045,0.6979909659595633
worth,neither,0.03945320844208391,0.33037608806864915,0.630170703489267
best alert tbh,neither,0.03862345211580093,0.32342781541979726,0.637948732464402
CHARLIE IS SO CUTE IRL,neither,0.006915697159300934,0.0331570681893512,0.959927234651348
Cuter than Ninja? Don't believe it...,neither,0.03774183357453748,0.3379195595268212,0.6243386068986414
def,neither,0.03945320844208391,0.33037608806864915,0.630170703489267
I can hear boy giggles lupoPLS,neither,0.03970578917231115,0.3260891338935146,0.6342050769341742
!zoom,neither,0.03945320844208391,0.33037608806864915,0.630170703489267
The box above DrLupo's facecam is a zoomed in view of what he's seeing. It can sometimes be difficult to see what's happening in long distance H1Z1 fights.,neither,0.05138185610298348,0.31669353991450466,0.6319246039825117
there's only like one person here who would think so,neither,0.09045808331618241,0.37620601298715756,0.5333359036966601
That's just me lupoK,offensive_language,0.016441164284497402,0.5015249540103994,0.4820338817051031
@mollymayisme we're playing :-D,neither,0.0662924616817405,0.29415521809141437,0.6395523202268452
TK-tier driving confirmed,neither,0.03945320844208391,0.33037608806864915,0.630170703489267
@rubyrubay lupoPLS,neither,0.03945320844208391,0.33037608806864915,0.630170703489267
"leaking pipe is destroying my office, have no water now",neither,0.03543575684477586,0.3997514491536333,0.5648127940015908
YES!,neither,0.03945320844208391,0.33037608806864915,0.630170703489267
!replay,neither,0.03945320844208391,0.33037608806864915,0.630170703489267
PogChamp,neither,0.03945320844208391,0.33037608806864915,0.630170703489267
https://clips.twitch.tv/drlupo/PoorOstrichBORT,neither,0.03945320844208391,0.33037608806864915,0.630170703489267
FUCKING HYPE!,offensive_language,0.11220529433663448,0.8876767712165464,0.00011793444681912712
lupoHYPE lupoHYPE lupoHYPE lupoHYPE lupoHYPE,neither,0.03945320844208391,0.33037608806864915,0.630170703489267
lupoHYPE,neither,0.03945320844208391,0.33037608806864915,0.630170703489267
!replay,neither,0.03945320844208391,0.33037608806864915,0.630170703489267
GET REKT!,neither,0.03779508335914271,0.3585187980877974,0.6036861185530599
!replay,neither,0.03945320844208391,0.33037608806864915,0.630170703489267
Replay activated!,neither,0.03945320844208391,0.33037608806864915,0.630170703489267
!replay,neither,0.03945320844208391,0.33037608806864915,0.630170703489267
YEEEEEEEEEE,neither,0.03945320844208391,0.33037608806864915,0.630170703489267
lupoHYPE lupoHYPE lupoHYPE lupoHYPE lupoHYPE lupoHYPE lupoHYPE lupoHYPE,neither,0.03945320844208391,0.33037608806864915,0.630170703489267
!replay,neither,0.03945320844208391,0.33037608806864915,0.630170703489267
!replay,neither,0.03945320844208391,0.33037608806864915,0.630170703489267
!replay,neither,0.03945320844208391,0.33037608806864915,0.630170703489267
ninjasHYPE ninjasHYPE ninjasHYPE ninjasHYPE ninjasHYPE,neither,0.03945320844208391,0.33037608806864915,0.630170703489267
mavPEW,neither,0.03945320844208391,0.33037608806864915,0.630170703489267
LUL,neither,0.03945320844208391,0.33037608806864915,0.630170703489267
lupoHYPE lupoHYPE lupoHYPE lupoHYPE lupoHYPE,neither,0.03945320844208391,0.33037608806864915,0.630170703489267
anniDATASS anniDATASS anniDATASS,neither,0.03945320844208391,0.33037608806864915,0.630170703489267
MORE KILLS THAN ROCKYS CAREER! lupoHYPE,neither,0.04069429774844517,0.32858250996471644,0.6307231922868384
That reaction was great!,neither,0.03384404011580801,0.3480650013112927,0.6180909585728993
!replay,neither,0.03945320844208391,0.33037608806864915,0.630170703489267
lupoHYPE lupoHYPE lupoHYPE lupoHYPE lupoHYPE lupoHYPE lupoHYPE lupoHYPE lupoHYPE lupoHYPE lupoHYPE lupoHYPE,neither,0.03945320844208391,0.33037608806864915,0.630170703489267
Who's doing what?,neither,0.048780378348656825,0.4202360941679252,0.5309835274834179
taylor lmao,neither,0.038229014143608304,0.35115386020631095,0.6106171256500809
if Rocky gets a win does it still count as a full win? LUL,neither,0.029060721970014344,0.4375644240329704,0.5333748539970152
"Ninja is moving, lupo is pulling trigger and changing thing, rocky is aiming and crouch/prone",neither,0.05019542786381055,0.2908691651575575,0.6589354069786318
"Wait, would this count as a solo win for Rocky, since he's playing? ABORT, ABORT!",neither,0.03736506172517339,0.3295535247097738,0.633081413565053
SeemsGood,neither,0.03945320844208391,0.33037608806864915,0.630170703489267
lupoHEY,neither,0.03945320844208391,0.33037608806864915,0.630170703489267
That copypasta lupoK,neither,0.026110925149043836,0.4791292047641166,0.4947598700868395
Mods ban their ones lupoYE,neither,0.03945320844208391,0.33037608806864915,0.630170703489267
lupoK,neither,0.03945320844208391,0.33037608806864915,0.630170703489267
lupoHEY,neither,0.03945320844208391,0.33037608806864915,0.630170703489267
Lappa,neither,0.03945320844208391,0.33037608806864915,0.630170703489267
These needs downstairs are so loud.,neither,0.07184180706896277,0.39222706615369785,0.5359311267773393
Kappa,neither,0.03945320844208391,0.33037608806864915,0.630170703489267
"@bladeee__, bingHeart missgLOVE missgLURK",neither,0.03945320844208391,0.33037608806864915,0.630170703489267
"@source_four, tbh we just ban everything and let the hate fuel us",neither,0.132032213472149,0.26102798988613035,0.6069397966417206
"Oooo, Giggles' emotes...",neither,0.03945320844208391,0.33037608806864915,0.630170703489267
They're cute. Might sub for emotes.,neither,0.05036936179458674,0.25292528104379264,0.6967053571616205
