text,top_class,hate_speech,offensive_language,neither
"Ruby, was the music THAT loud earlier today? For me, while it wasnt quiet, it really wasnt overbearing",neither,0.030701211034700363,0.33673706847257795,0.6325617204927216
!sherpee auto,neither,0.03945320844208391,0.33037608806864915,0.630170703489267
"lupoK lupoCHOO 1W, 0L, Mercy Used: No lupoCHOO lupoK",neither,0.03863476957711121,0.3442671315624675,0.6170980988604212
lupoK lupoK lupoK,neither,0.03945320844208391,0.33037608806864915,0.630170703489267
yessssssssssssss,neither,0.03945320844208391,0.33037608806864915,0.630170703489267
"@404N00BNotFound, it was annoyingly loud",neither,0.03742157976656235,0.33375155159915604,0.6288268686342816
GoodLuck KID!!!,neither,0.03875993150207,0.34214280704932193,0.619097261448608
"@404N00BNotFound, But I don't like music when I'm trying to listen to the game.",neither,0.04514718414926228,0.33552348455386877,0.619329331296869
But when I went into party EVERYONE instantly commented on it lol,neither,0.023848356983702655,0.45659184484977905,0.5195597981665184
Heh.,neither,0.03945320844208391,0.33037608806864915,0.630170703489267
poshP,neither,0.03945320844208391,0.33037608806864915,0.630170703489267
@DrLupo lovin the new mic its sexy,neither,0.03657491005357633,0.25083666917329484,0.7125884207731288
This kid lupoLOVE,neither,0.03868269963887848,0.34345363332678364,0.6178636670343379
Knight Hack gonna wreck some scrubs,neither,0.03386947510192063,0.36770677237581517,0.5984237525222642
I think he is freaking out. @DrLupo lol,neither,0.0398874077908243,0.3841169203538875,0.5759956718552882
Secret rum @drlupo?,neither,0.03945320844208391,0.33037608806864915,0.630170703489267
This kid is the man,neither,0.04779269167557472,0.3904138898298166,0.5617934184946087
Did this kid run to turn his console on? casLUL,neither,0.05980823930731272,0.34395207277210976,0.5962396879205775
He is very excited,neither,0.05484646759985287,0.32508164037711884,0.6200718920230283
@kameronincheese lupoHEY,neither,0.03945320844208391,0.33037608806864915,0.630170703489267
this kid is trying not to explode with hype right now,neither,0.03882080560994427,0.37042117298639476,0.590758021403661
sounds like a constant climax,neither,0.05058112924185528,0.3464898440248537,0.6029290267332909
@404N00BNotFound I did when I was picked and shook for a solid two hours.,neither,0.030368369353353068,0.313432974556637,0.6561986560900099
MrsLupo with the clutch snack,neither,0.0290529085151933,0.3490319436521905,0.6219151478326163
@swifteepenguin lupoYE,neither,0.03945320844208391,0.33037608806864915,0.630170703489267
@DrLupo I guess I understand trialsssss but H1!!!!!!!,neither,0.03501101278673472,0.34888223426512655,0.6161067529481387
"The first time I ""played"" with lupo i was so nervous i couldnt do squat",neither,0.028066470832332796,0.38571384139255854,0.5862196877751087
@404N00BNotFound completely understand,neither,0.03945320844208391,0.33037608806864915,0.630170703489267
Dude first time lupo picked me I was shitting myself,neither,0.029331445569269476,0.3733343644807599,0.5973341899499707
Okay fine..jelybeans are fine,neither,0.05935455970262929,0.29441555028837135,0.6462298900089994
Got better the more i played but it was SOO nerveracking the first time,neither,0.03028828159747514,0.35502281161881105,0.6146889067837137
Overwatch makes me sad,neither,0.030744513409008974,0.3779838469084895,0.5912716396825016
Jelly beans? Juice filled sour patch kids GTFO ME brahW brahW brahW,neither,0.03565192422464093,0.3503107060209169,0.6140373697544421
"I played with lupo once, it was simultaneously awesome and nerve wracking",neither,0.031260637667836606,0.32967011459504225,0.6390692477371211
u on keyboard and mouse,neither,0.03639462011577753,0.30750410991105803,0.6561012699731644
He is @promityy,neither,0.0817087036342036,0.3158424856208871,0.6024488107449093
Yes @promityy,neither,0.03945320844208391,0.33037608806864915,0.630170703489267
!mnk @promityy,neither,0.03945320844208391,0.33037608806864915,0.630170703489267
Please see the following document for information - https://goo.gl/RO16qv,neither,0.0345857189484732,0.2981514932382405,0.6672627878132864
nicee,neither,0.03945320844208391,0.33037608806864915,0.630170703489267
How much do you think is a good amount to spend on a starter PC? DrLupo,neither,0.0543160569843988,0.3552935951793462,0.590390347836255
Like to Play H1Z1,neither,0.07848372313450695,0.3490169039569196,0.5724993729085736
I see stream faster on laptop and chat faster on phone lupoLONK,neither,0.03642022426837424,0.32377992302353975,0.639799852708086
come on kid clutch it!!!,neither,0.03394513358843718,0.37380633509094646,0.5922485313206164
"@404N00BNotFound, use both problem solved Kappa",neither,0.016729021734783085,0.40697396630604454,0.5762970119591725
Thank you luminHUG,neither,0.07325166854587051,0.43632638485078484,0.49042194660334476
"this kid clutched, love it",neither,0.03364439071960528,0.35830815920552156,0.6080474500748733
Let's go Knight!,neither,0.02498349448790304,0.3685740732729016,0.6064424322391954
I am @Leafstorm11,neither,0.03902346103501681,0.3305238979082658,0.6304526410567174
Yooooo he got it,neither,0.041979730359538794,0.3751828261763261,0.5828374434641351
casChamp,neither,0.03945320844208391,0.33037608806864915,0.630170703489267
the plays,neither,0.0381955476471936,0.307118819326112,0.6546856330266944
Lmao,neither,0.03705015143476208,0.3711622369619404,0.5917876116032975
Be sure to subscribe for weekly exclusive content! // YouTube.com/c/DrLupoTV,neither,0.03607934268655164,0.39387224821783723,0.5700484090956113
I am replying on laptop before it even appears on my screen lupoBAD,neither,0.028083106292389585,0.4284694152046091,0.5434474785030013
"@DrLupo, did we ever figure out if there is gonna be a dickens run soon?",neither,0.0289811581045906,0.38045504553448184,0.5905637963609275
so lupo i took your advice and found a monitor with a 4ms refresh rate. I'm now a potato in the crucible as I keep over-dragging my shots,neither,0.0363610294407599,0.390649269949852,0.5729897006093881
Ram is a bottom?,neither,0.04695430523408841,0.3277961169145657,0.6252495778513457
Kid is way better than me,neither,0.03851495743150609,0.37977044820255895,0.581714594365935
"@drlupo did you see the Fallout MLG YT video? Lol ""ninja w/ no l ... more like NINJA GETTING THAT L"" lupoLIT",neither,0.04575278565140683,0.38651606833717056,0.5677311460114227
Oh hey bb @CKeighty9 casHey,neither,0.04446531948368871,0.2825415324696291,0.6729931480466823
sweet. you know I'll be there,neither,0.05798750804415559,0.33414934362568643,0.607863148330158
@404n00bnotfound lupoLOVE,neither,0.03945320844208391,0.33037608806864915,0.630170703489267
4ms? Why not 1ms.,neither,0.019254511639927464,0.36928594044212826,0.6114595479179443
"@Krajiix, because I only had $150 available for a monitor unfortunately",neither,0.0354594558639124,0.3104173492733774,0.6541231948627102
Getting used to double digits!,neither,0.04121105738579731,0.3830049297158947,0.575784012898308
lupoOLD,neither,0.03945320844208391,0.33037608806864915,0.630170703489267
"yeah 4ms is on the higher side, not that it matter much anywa",neither,0.022181471423685102,0.45218695464955266,0.5256315739267623
lol,neither,0.020706217963973744,0.4882283491876925,0.4910654328483337
This kid has KNOWLEDGE!,neither,0.039368696990503764,0.33181046795927743,0.6288208350502188
Good lord,neither,0.038603349900201235,0.3306683933919781,0.6307282567078207
what was the fact?,neither,0.045405621922361306,0.30711789253366756,0.6474764855439711
"lupoK lupoCHOO 3W, 0L, Mercy Used: No lupoCHOO lupoK",neither,0.03863476957711121,0.3442671315624675,0.6170980988604212
"Follow me @ twitter.com/DrLupoOnTwitch for stream notifications, updates, and banter about Destiny.",neither,0.03064500239345661,0.38605513054092555,0.583299867065618
Oh man those recess days,neither,0.06742787088926246,0.2781781817717027,0.6543939473390348
i love random facts,neither,0.036476030197260235,0.3442500505391279,0.619273919263612
Trumps 11 year old son has same birthday,neither,0.040433035297303424,0.3312206923760195,0.6283462723266771
Oh,neither,0.051363287716059566,0.22255663153133606,0.7260800807526044
yo this kid is ten and he's allowed to watch this stream with talk of Caiou and bob ross yikes,neither,0.03459972195371853,0.3442020729819388,0.6211982050643428
"@RubyRubay, that barron trump has the same birthday as lupo",neither,0.03519292866561621,0.376960296105404,0.5878467752289799
Disappointing,neither,0.03945320844208391,0.33037608806864915,0.630170703489267
This kid learns during recess? MVP,neither,0.03910292247915376,0.33632135503309024,0.6245757224877561
Bunk bed buddies,neither,0.03945320844208391,0.33037608806864915,0.630170703489267
They're both 1 month off the best birthday ever,neither,0.05114401008243814,0.29219012848324816,0.6566658614343136
SO MUCH MORE ROOM FOR ACTIVITIES,neither,0.03268988469056516,0.33315868387570907,0.6341514314337258
Hitler's?,neither,0.03945320844208391,0.33037608806864915,0.630170703489267
Come on @mrsdrlupo let the man have a bunk bed lupoK lupoLONK,neither,0.024801434159165452,0.42163747087198805,0.5535610949688465
April 21 is national surprise drug test day lupoK,neither,0.044405828348453,0.3202568564980487,0.6353373151534982
"@Fender_RTL, he can share with Charlie.",neither,0.0033853987573854126,0.02475026639053396,0.9718643348520807
"@404N00BNotFound, at this point, is it really a surprise?",neither,0.04438048577091929,0.3510753537418904,0.6045441604871903
This is actually a baby lupo.,neither,0.049669455080582146,0.3287608326446379,0.6215697122747799
i wish i was that cool when i was ten,neither,0.02918213570798349,0.40218337083452244,0.568634493457494
Kids got a fucking better setup than me,offensive_language,0.08005220770169655,0.9143084303228738,0.005639361975429614
!h1z1,neither,0.03945320844208391,0.33037608806864915,0.630170703489267
800 DPI - 11% Mouse - 8% Aiming // Guide: https://goo.gl/n3OaeA,neither,0.03945320844208391,0.33037608806864915,0.630170703489267
Overwatch? What does he main?,neither,0.03361371955267928,0.46201440822489975,0.504371872222421
@drlupo he's cooler than you lupoLONK moon2GOTTEM moon2GOTTEM lupoK,neither,0.06603095627878862,0.3887607064135358,0.5452083373076757
Same @emceefishy,neither,0.04148851938089603,0.3488915597363099,0.609619920882794
I'm jealous of this kid @drlupo. Set up that wrecks mine lupoLONK,neither,0.0342514316157615,0.40735974236660977,0.5583888260176287
bet his kd is better than mine lol,neither,0.05685266269125623,0.3755287616314181,0.5676185756773258
He's probably a gm in overwatch,neither,0.04367691052982925,0.3485710239938368,0.607752065476334
bedtime,neither,0.03945320844208391,0.33037608806864915,0.630170703489267
Got that 4300 SR,offensive_language,0.028661199679847142,0.5193443158887573,0.45199448443139556
Mom!! I'm playing with Lupo!!,neither,0.02657348574464799,0.3764905138645607,0.5969360003907913
5000+ sr,neither,0.03945320844208391,0.33037608806864915,0.630170703489267
Dude I'm so jealous of this kid rn,neither,0.03901701977449356,0.3723593019118608,0.5886236783136458
"@MrsDrLupo, please take those Jellybeans away from Lupo, throw them in the trash and say ""April Fools You Mean To Your Viewers garbage can."" Thanks in advance lupoK lupoLONK",neither,0.08663844628098917,0.17988007459554817,0.7334814791234626
My PC is goddamn 7 years old,neither,0.035795088177496034,0.39402255700558647,0.5701823548169176
"@Sir_shreds_alot, haha its already a joke on him bc they're the icky flavors left. haha",neither,0.03704617631417179,0.40501748225700546,0.5579363414288228
"@MrsDrLupo, Yeah Got Him! Suck on those trash jellybeans lupo",neither,0.060481719972716855,0.24678196018965626,0.6927363198376268
!xur,neither,0.03945320844208391,0.33037608806864915,0.630170703489267
"﻿GregSippel: Xur is selling: [Exotic Gear: No Land Beyond, Ruin Wings, Fr0st-EE5, Astrocyte Verse, Legacy Engram]. Xur is located at: Near the Crucible Quartermaster.",neither,0.04487941106304092,0.3367341259457039,0.6183864629912551
"@MrsDrLupo, That's honestly the best thing to do. Eat the ones you like then pass them along lupoLIT",neither,0.06790520784147713,0.3555479168067441,0.5765468753517788
The ONLY way to eat jelly beans TBH @Leafs29_xbl,neither,0.04343609114466094,0.3170685366642355,0.6394953721911035
whoops wrong leaf,neither,0.03945320844208391,0.33037608806864915,0.630170703489267
@Leafstorm11,neither,0.03945320844208391,0.33037608806864915,0.630170703489267
Lol,neither,0.020706217963973744,0.4882283491876925,0.4910654328483337
The best way to eat jellybeans is to not eat them lupoYE,neither,0.06867228321611418,0.30176669084341073,0.6295610259404751
