text,top_class,hate_speech,offensive_language,neither
What you eating Ben?,neither,0.06565873279322536,0.37574040934750413,0.5586008578592705
gun range WutFace,neither,0.03945320844208391,0.33037608806864915,0.630170703489267
I am surprised I have not seen a obvious pot head streamer yet. althought im new here,neither,0.062338430402021264,0.3006217360374472,0.6370398335605316
@sir_shreds_alot how long was it sitting on the macbook?,neither,0.03445531370791325,0.3284263930721181,0.6371182932199686
chat - i'm out for a while to go do work. you stay classy and keep the love coming for Doc,neither,0.03999860625686947,0.30587140408220564,0.654129989660925
thathawkzguy lupoLOVE,neither,0.03945320844208391,0.33037608806864915,0.630170703489267
@DrLupo what do you think? Too hot?,neither,0.07052996701647668,0.37220933161353925,0.5572607013699841
@thathawkzguy missgHI missgHI missgHI,neither,0.03945320844208391,0.33037608806864915,0.630170703489267
lupoLOVE lupoK,neither,0.03945320844208391,0.33037608806864915,0.630170703489267
thick1 thick2,neither,0.03945320844208391,0.33037608806864915,0.630170703489267
Maybe don't try any of the others then,neither,0.038739123633123575,0.31737936508136727,0.6438815112855093
JoshOG is sponsored by WeedMaps if i'm not mistaken,neither,0.03065569368395963,0.40628876168003286,0.5630555446360075
"@lanaaaaaaaa yeah unless someone copied the name, I was Trash ELO Jodii and I was playing w fetti yetti",neither,0.030221502462728846,0.25182644344366134,0.7179520540936097
@jros2011 bout 5 mins it's now sitting on a fan,neither,0.03309015589395642,0.40311153644653375,0.5637983076595098
Sup hot wheels??,neither,0.03945320844208391,0.33037608806864915,0.630170703489267
What did I miss?,neither,0.03686804772469507,0.32860615125000875,0.6345258010252961
thats hilarious,neither,0.03945320844208391,0.33037608806864915,0.630170703489267
@stevegives you send him some beef jerkey?,neither,0.045268445756171824,0.3954857112475719,0.5592458429962561
yes he is sponsored by weedmaps,neither,0.053581353027103235,0.3663360130729862,0.5800826338999105
I can't wait to get home to play been like a whole 16 hours and I'm losing my mind. I'm addicted,neither,0.04408698391442286,0.3614484603026893,0.5944645557828877
cheer4300 Ok that was fun but time to go out with a bang. Red starfish HYPE! Bring on the bit spamming!,neither,0.02905109836427238,0.39486124511790105,0.5760876565178266
@sir_shreds_alot might want to try some rice too,neither,0.041107896240691146,0.2738296007270122,0.6850625030322965
Cheer 1 cheer1 cheer1 cheer1 cheer1,neither,0.03945320844208391,0.33037608806864915,0.630170703489267
"1) what is weed maps, 2) does twitch ban for smoking on stream?",neither,0.030550255520463667,0.4401955901324921,0.5292541543470441
and cheer1 cuz i can't type,neither,0.038827851657774616,0.2765886519566811,0.6845834963855444
"@Jodii3moons ohhhhh I do remember your fireteam, yeah my friends and i were in a groove yesterday",neither,0.03559924684365321,0.41001923439491544,0.5543815187614313
"man, gunslinger style",neither,0.03964116332260495,0.4121245675736152,0.5482342691037799
are. you. serious?,neither,0.13806745670329626,0.3226084233782426,0.5393241199184611
HOLY PISTOLA,neither,0.03945320844208391,0.33037608806864915,0.630170703489267
@jros2011 I'll have to go get some from the store lol.,neither,0.050473214722978436,0.3661944820063326,0.583332303270689
pistol plays!!,neither,0.03945320844208391,0.33037608806864915,0.630170703489267
lol it truly is a shooting range,neither,0.03783858986747974,0.37066457483259346,0.5914968352999269
"This year, DrLupo's GuardianCon charity stream time slot is Monday, June 26th, from 8 AM to Noon Eastern. Want to support a cause that Lupo supports and help save the kids? Save your donation money for his time slot. This year - we're going big. Donations goals TBD.",neither,0.06185818628216377,0.34009188775109095,0.5980499259667453
YOU KILLED MY COUSIN!!!!!!!!!,offensive_language,0.04168671187512821,0.48530570278479396,0.47300758534007786
TURNT,neither,0.03945320844208391,0.33037608806864915,0.630170703489267
jesus made that look easy,neither,0.037466811607710655,0.3682849755782298,0.5942482128140595
Pistol is OP,neither,0.047204031933976674,0.3277102244511059,0.6250857436149174
yo John Wick wassup,neither,0.1432302281407914,0.2421786265798945,0.614591145279314
!replay,neither,0.03945320844208391,0.33037608806864915,0.630170703489267
Replay activated!,neither,0.03945320844208391,0.33037608806864915,0.630170703489267
"the bits are powering lupo, confirmed",neither,0.06981391261024984,0.2594455489016252,0.6707405384881249
wait...nm that was my cousins cousin....i didnt like him,neither,0.03488588894189422,0.4309901530293812,0.5341239580287246
protip - dont go to gunrange when lupo goes to gunrange,neither,0.042898215724591855,0.3768261517309283,0.5802756325444799
John Wick LUL,neither,0.03945320844208391,0.33037608806864915,0.630170703489267
@sir_shreds_alot when in doubt try rice lupoYE,neither,0.034142098457913814,0.3063314674935255,0.6595264340485608
Red starfish hype!,neither,0.03925419024131729,0.3287095352781389,0.6320362744805438
Kappa Kappa Kappa,neither,0.03945320844208391,0.33037608806864915,0.630170703489267
@Jodii3moons i'm pretty sure i've played against fetti yetti before too and i remembered him being pretty good so we got focused and weren't trying to dick around,offensive_language,0.03186602760121127,0.6112886066867314,0.3568453657120574
Need nerf,neither,0.03925821651158884,0.3287432507470284,0.6319985327413827
lupoCREEP,neither,0.03945320844208391,0.33037608806864915,0.630170703489267
Chat challenge has been issued. What are we going to do about it??,neither,0.06088011317528931,0.331243121097173,0.6078767657275377
Give me dat red,neither,0.03105774992443912,0.37371723119607203,0.5952250188794889
There it goes,neither,0.03745797801461688,0.27450367712496215,0.6880383448604208
lupoCRINGE lupoCRINGE lupoCRINGE,neither,0.03945320844208391,0.33037608806864915,0.630170703489267
@drlupo you destroyed those dudes with a pistol... lupoGG lupoGG,neither,0.060844263166160484,0.3385733108395256,0.600582425994314
@drlupo that wormwood works great!,neither,0.03347347357416146,0.3477408187244693,0.6187857077013693
Be sure to subscribe for weekly exclusive content! // YouTube.com/c/DrLupoTV,neither,0.03607934268655164,0.39387224821783723,0.5700484090956113
damn Jasper haha,offensive_language,0.04139771729123618,0.7958727104097626,0.16272957229900117
@JasperTheJester Go 2 more bits bro and you are Top Cheer of the day baby.,neither,0.07378386276792011,0.2709403177548279,0.655275819477252
That was very hot lupoBOOTY lupoBOOTY,neither,0.035044957925054916,0.37924877544438357,0.5857062666305616
"git gud, use fry pan",neither,0.016041142785943138,0.4102862066413041,0.5736726505727529
snipe every damn game @drlupo please teach me your ways,offensive_language,0.06358671074329048,0.5637069449423874,0.3727063443143222
Watch an ad and get those last few bitties. @JasperTheJester,neither,0.05839290014442496,0.2607172081679659,0.680889891687609
ok chat...i dont know what you guys did to lupo while i was out running errands this morning....but you guys rock missgLOVE missgLOVE missgLOVE missgLOVE missgLOVE lupoLOVE lupoLOVE lupoLOVE lupoLOVE lupoLOVE,neither,0.06525785623675516,0.3197615735588189,0.614980570204426
"Follow me @ twitter.com/DrLupoOnTwitch for stream notifications, updates, and banter about Destiny.",neither,0.03064500239345661,0.38605513054092555,0.583299867065618
lupoWIFE!,neither,0.03945320844208391,0.33037608806864915,0.630170703489267
damnit,neither,0.03945320844208391,0.33037608806864915,0.630170703489267
lupoWIFE,neither,0.03945320844208391,0.33037608806864915,0.630170703489267
i mean you should probably roll with the pistol after that start,neither,0.04456690804386058,0.4439384710256338,0.5114946209305057
ew,neither,0.03945320844208391,0.33037608806864915,0.630170703489267
lupoWIFE,neither,0.03945320844208391,0.33037608806864915,0.630170703489267
lupoWIFE,neither,0.03945320844208391,0.33037608806864915,0.630170703489267
moon2PLSNO,neither,0.03945320844208391,0.33037608806864915,0.630170703489267
lupoWIFE,neither,0.03945320844208391,0.33037608806864915,0.630170703489267
@lanaaaaaaaa yeah I don't think we even made it close haha ggs though!,neither,0.024776405606793908,0.4565080992474984,0.5187154951457077
Pistol only chicken dinner challenge,neither,0.03945320844208391,0.33037608806864915,0.630170703489267
"@Jodii3moons gg's dude, hope the rest of your card went well",neither,0.0966815081886106,0.22744705045348457,0.6758714413579048
cheer5 I watched an AD! I feel dirty... but top cheer of the day time.,neither,0.03683727810637668,0.3262454509049068,0.6369172709887165
"@jros2011 it happened to my cousin's wife, he said he left it in front of a fan for 2 days and it worked, but the battery was fried so it has to stay plugged in",neither,0.037099376331359006,0.343265605387719,0.619635018280922
why are you so lucky @drlupo right off the bat,neither,0.059770797822784674,0.3820595101283657,0.5581696920488496
!multi,neither,0.03945320844208391,0.33037608806864915,0.630170703489267
Multi-Stream Link: http://kadgar.net/live/drlupo/chrisg2003bt,neither,0.03993770193144703,0.2602568920393204,0.6998054060292326
@Jodii3moons although i think it was your third who got pretty salty after that game. I could be mistaken. my friends and i got a laugh out of that,neither,0.03747245320573561,0.43173345617319575,0.5307940906210687
DO TRICKS,neither,0.041332372392251376,0.32972975741599136,0.6289378701917572
DON'T DO IT!,neither,0.039377995407586006,0.330401957280152,0.630220047312262
"@JasperTheJester Don't feel dirty, I watch the ads on my desktop muted and then have the stream on my iPad with headphones on. So I don't even have to hear it.",neither,0.025601269125046542,0.425452663048757,0.5489460678261965
brb gotta pay bills lupoCRY,neither,0.03808664863214736,0.353570174480181,0.6083431768876716
@sir_shreds_alot rice will suck up the moisture so might save the battery,neither,0.05214596500101341,0.3137732773576926,0.634080757641294
ON THE PENIS,neither,0.03467554537208135,0.3268883402973054,0.6384361143306133
penis slapping engaged,neither,0.03945320844208391,0.33037608806864915,0.630170703489267
"regardless of that, it's great to have a positive interaction with people in destiny. it seems to happen less and less lately @Jodii3moons",neither,0.045905348349977226,0.33567336910410445,0.6184212825459182
GET OFF THE DEATH MACHINE!,neither,0.038209898053547416,0.3237339262177432,0.6380561757287093
Lol having flashbacks?,neither,0.03204608515480608,0.38386550078698706,0.5840884140582068
Harry and Lloyd,neither,0.038441359955864444,0.2773569151883754,0.6842017248557603
WEEEEEEEEEEEEEEEEEEEEEEEEEEE,neither,0.03945320844208391,0.33037608806864915,0.630170703489267
shoot out his tire,neither,0.0841827012685408,0.28579248284322895,0.6300248158882302
PENIS SLAPS ARE ENGAGED,neither,0.05843806683897039,0.2958499324918417,0.6457120006691879
chat wants backflips AND penis slaps,neither,0.03886023836966462,0.30113946427972454,0.6600002973506108
The bit spam is dead. Sad now.,neither,0.04487426889574514,0.3159407731141464,0.6391849579901084
this nerd gumpNOM,neither,0.0393416744334776,0.3322691112752657,0.6283892142912568
penis slapper is locked and loaded!,neither,0.044263030184763165,0.30156464645952513,0.6541723233557116
@JasperTheJester but you have a nice new butthole,neither,0.05357232967604349,0.3050408076605433,0.6413868626634133
what up dudes lupoHEY,neither,0.04309007536534694,0.3969539331071728,0.5599559915274802
Hey jada,neither,0.03945320844208391,0.33037608806864915,0.630170703489267
!replay,neither,0.03945320844208391,0.33037608806864915,0.630170703489267
Replay activated!,neither,0.03945320844208391,0.33037608806864915,0.630170703489267
OMG,neither,0.03945320844208391,0.33037608806864915,0.630170703489267
JADA,neither,0.03945320844208391,0.33037608806864915,0.630170703489267
PogChamp,neither,0.03945320844208391,0.33037608806864915,0.630170703489267
WWWWWHHHHHAAAAAAAAAAAA,neither,0.03945320844208391,0.33037608806864915,0.630170703489267
JADAAAAAAAAAAA,neither,0.03945320844208391,0.33037608806864915,0.630170703489267
LANAAAAAAAAAAAAAAAA,neither,0.03945320844208391,0.33037608806864915,0.630170703489267
lupoBOT lupoBOT lupoBOT,neither,0.03945320844208391,0.33037608806864915,0.630170703489267
HOLY CRAP,neither,0.03945320844208391,0.33037608806864915,0.630170703489267
OOOOOOO,neither,0.03945320844208391,0.33037608806864915,0.630170703489267
HOLY CRAP,neither,0.03945320844208391,0.33037608806864915,0.630170703489267
Nice!,neither,0.03945320844208391,0.33037608806864915,0.630170703489267
!instant replay,neither,0.03945320844208391,0.33037608806864915,0.630170703489267
@DrLupo change top cheer of the day baby to @JasperTheJester with the 10005 bits! W00t Jasper!,neither,0.035335972122916205,0.3223650332653325,0.6422989946117512
@LANAAAAAAAA Its worn out and red.,neither,0.02685117697654797,0.3022735124793922,0.6708753105440597
WHAT?! LANA,neither,0.04634447332206036,0.3254755592165292,0.6281799674614104
"He can't render that far, lol",neither,0.032193742267655354,0.43110523189067057,0.5367010258416741
*danger zone*,neither,0.03945320844208391,0.33037608806864915,0.630170703489267
stop this madness. please.,neither,0.03930791467831705,0.40337928665461575,0.5573127986670673
lupoCAW,neither,0.03945320844208391,0.33037608806864915,0.630170703489267
"wtf man, stop aim botting",offensive_language,0.04237186667239623,0.6929639328430818,0.2646642004845221
W.....T....FFF,neither,0.03945320844208391,0.33037608806864915,0.630170703489267
without even re-zeroing,neither,0.06326999161985597,0.3129234985253117,0.6238065098548323
god damnit lana,neither,0.03945320844208391,0.33037608806864915,0.630170703489267
Wasn't with a pistol tho so Kappa Kappa Kappa Kappa,neither,0.035031008399738425,0.35631454371321536,0.6086544478870461
DRBITLUPO,neither,0.03945320844208391,0.33037608806864915,0.630170703489267
go to sleeeeeeeeep,neither,0.060965455381551105,0.3298518015889414,0.6091827430295076
THEY HAD FAMILIES,neither,0.03945320844208391,0.33037608806864915,0.630170703489267
lupoPLS,neither,0.03945320844208391,0.33037608806864915,0.630170703489267
!aimbot,neither,0.03945320844208391,0.33037608806864915,0.630170703489267
"Service ""AIMBOT_EXE"" started successfully, returned status code 0.",neither,0.03945320844208391,0.33037608806864915,0.630170703489267
OMFG! Lupo with the Longbow!,neither,0.02573434081997772,0.3560990781386686,0.6181665810413537
JESUS CHRIST,neither,0.03945320844208391,0.33037608806864915,0.630170703489267
RED ZONE,neither,0.03925233128871613,0.3286939686483887,0.6320537000628953
@lanaaaaaaaa gumpB you're cute,neither,0.13131573211429082,0.3005209500464852,0.568163317839224
I would be so pissed right now,neither,0.03825903033978211,0.39004790290303637,0.5716930667571815
@DrLupo Get to a TREE!!,neither,0.0479855615294983,0.3367256542841177,0.6152887841863839
@Jadahawk ur fecking cuuuute,neither,0.11135830178054541,0.3056446292181725,0.5829970690012822
RED ZONE,neither,0.03925233128871613,0.3286939686483887,0.6320537000628953
lupoPLS,neither,0.03945320844208391,0.33037608806864915,0.630170703489267
lupoBOOTY lupoBOOTY lupoBOOTY lupoBOOTY lupoBOOTY lupoGG lupoGG lupoGG lupoGG,neither,0.03945320844208391,0.33037608806864915,0.630170703489267
Replay fail,neither,0.03945320844208391,0.33037608806864915,0.630170703489267
This game is so good,neither,0.047917700184111976,0.3296972521174817,0.6223850476984063
@lanaaaaaaaa are you going to GC gumpNOM,neither,0.10097921911669272,0.348810313462787,0.5502104674205203
!replay,neither,0.03945320844208391,0.33037608806864915,0.630170703489267
Replay activated!,neither,0.03945320844208391,0.33037608806864915,0.630170703489267
LUL chris's excitement about the motorbike is awesome,neither,0.042938481282031385,0.33549508828693364,0.6215664304310351
@DrLupo run him over in the dacia,neither,0.03493842971747947,0.316667170880869,0.6483943994016514
how did you see them in the first place,neither,0.06350890824292614,0.30149988727279015,0.6349912044842837
CLENCHED BUTTHOLE,neither,0.03945320844208391,0.33037608806864915,0.630170703489267
omfg chris just whizzed by on the bike going weeeeeee,neither,0.033348424093319395,0.3938703632299228,0.5727812126767579
!replay,neither,0.03945320844208391,0.33037608806864915,0.630170703489267
"@Jadahawk LUL i wish. no monies, no car, and getting married in august makes for a no no for GC",neither,0.0316148719127289,0.3422448110797858,0.6261403170074853
gumpGASM,neither,0.03945320844208391,0.33037608806864915,0.630170703489267
It's gonna be so fun for y'all tho,neither,0.029976578395249386,0.46481643090198965,0.505206990702761
@vibronium is there any other bunghole?,neither,0.04977369207076407,0.2758501894551395,0.6743761184740964
@DrLupo Take these bitties in your face son! Get !bittied kreygasm1 kreygasm1 kreygasm1 kreygasm1 kreygasm1,neither,0.07351488014203326,0.3883383588353807,0.5381467610225861
"This game has everything, long shots, pistol kills, explosions!!!",neither,0.03909139279415297,0.30257559116479926,0.6583330160410479
@lanaaaaaaaa murdPLS I'll have fun for you,neither,0.04870433998312602,0.35255468616566493,0.5987409738512091
@Jadahawk you better. touch this pleb's ass for me will ya,offensive_language,0.06204731916867834,0.9351128296975525,0.0028398511337692283
@Jadahawk with you around? no,offensive_language,0.04163797181393525,0.4885504583072128,0.4698115698788521
@lanaaaaaaaa spazzyGoldencreep I'll wear all my tanktops when I do,offensive_language,0.022422791119319104,0.5439275797528493,0.43364962912783145
can we please find out the distance of that shot,neither,0.03602468218556748,0.29236504233866156,0.671610275475771
@vibronium ClappyDerp,neither,0.03945320844208391,0.33037608806864915,0.630170703489267
@Jadahawk awww HELL YEAH,offensive_language,0.02718915810310323,0.7592636943569882,0.2135471475399086
lupoYE,neither,0.03945320844208391,0.33037608806864915,0.630170703489267
is he hunting for mobie dick?,offensive_language,0.07444341851239603,0.8179324438685597,0.10762413761904434
@Jadahawk vibYEYE,neither,0.03945320844208391,0.33037608806864915,0.630170703489267
emphasis on the dick,offensive_language,0.04590204111610405,0.9499319484297045,0.004166010454191464
@vibronium gumpB,neither,0.03945320844208391,0.33037608806864915,0.630170703489267
@DrLupo did you see the stock trading stream? the chat votes and buys/sells real stock with this guys money lol,neither,0.03366342664268614,0.39721269615499544,0.5691238772023184
@nsody thats kinda cool lol,neither,0.03179309991728198,0.3858681780136429,0.5823387220690751
