text,top_class,hate_speech,offensive_language,neither
McDonalds vs TBell lupoTHINK,neither,0.03945320844208391,0.33037608806864915,0.630170703489267
Anyone know the song that just played?,neither,0.031550754308222316,0.37592108039853855,0.592528165293239
@TragicPineapple right?,neither,0.03719022913728602,0.3744360956046963,0.5883736752580178
!song,neither,0.038601720699969956,0.3448280572582511,0.616570222041779
"@TrigaHappyClown -> ""J-Kraken - Coast To Coast"" by EDM Broadcast is the current song. It was requested by DrLupo - https://youtu.be/efR_oCGzz0M",neither,0.04546938020496628,0.3636935486299429,0.5908370711650908
@trigahappyclown TacoDonalds,neither,0.03945320844208391,0.33037608806864915,0.630170703489267
OMG this pack of gushers has different colors,neither,0.039676993859861634,0.3265778654955601,0.6337451406445783
i vote @Fade_away15 as president of this club. Do i hear s second?,neither,0.03895624121103264,0.3542465683370594,0.606797190451908
lupoLOVE,neither,0.03945320844208391,0.33037608806864915,0.630170703489267
Hope I didn’t offend... was just curious as I know what being overloaded is like. Sorry if I did,neither,0.040697839415583054,0.3746026929183548,0.5846994676660621
how are those able to compare?,neither,0.09921455713182249,0.23067419553156138,0.6701112473366161
lupoPLS lupoPLS lupoPLS,neither,0.03945320844208391,0.33037608806864915,0.630170703489267
"this is like the ""massage clinic waiting room"" playlist",neither,0.05107708529038488,0.3284172896185991,0.6205056250910159
"I'd consider myself more of a rhino than a giraffe. im always short, fat, and horny.",neither,0.08597473981938154,0.28714446121049453,0.6268807989701239
clickty clackity,neither,0.03945320844208391,0.33037608806864915,0.630170703489267
@drlupo appreciate the content. hope you and the fam are doing good. keep spanking da azz,neither,0.1216567168419227,0.27186110969424887,0.6064821734638285
LUL,neither,0.03945320844208391,0.33037608806864915,0.630170703489267
@rightturn007 lmao,neither,0.03705015143476208,0.3711622369619404,0.5917876116032975
!playlist,neither,0.03945320844208391,0.33037608806864915,0.630170703489267
@TragicPineapple -> The song playlist for this channel is available at https://beta.nightbot.tv/t/drlupo/song_requests/playlist,neither,0.0390529687634197,0.32337912980213795,0.6375679014344424
LUL thanks,neither,0.037328737276664754,0.31258604004565615,0.6500852226776791
Follow PUBG MOBILE on Twitter - https://twitter.com/pubgmobile,offensive_language,0.03685138780013895,0.4860377727819695,0.47711083941789145
lol,neither,0.020706217963973744,0.4882283491876925,0.4910654328483337
much love to the Lupo family @DrLupo and @mods @nightbot @chat Love and appreciate you all,neither,0.04587491159257214,0.3516582471835462,0.6024668412238816
ooh progressive house music,neither,0.03945320844208391,0.33037608806864915,0.630170703489267
I'm prepping a playlist for a 80's themed dance I'm DJing tonight #shootmenow,neither,0.033556714191429866,0.2953163165210934,0.6711269692874766
with dubstep,neither,0.027334455349230877,0.37335740503004416,0.599308139620725
Follow PUBG MOBILE on Facebook - https://www.facebook.com/PUBGMOBILE,neither,0.023436026769680318,0.3810836527060924,0.5954803205242274
ill literally do anything to try and brighten DrLupos day 😢,neither,0.04588964753448147,0.2833704636641949,0.6707398888013237
@TioN8 You got this lupoYE,offensive_language,0.07992678652273469,0.5679123887647478,0.35216082471251753
Yah!!! More winner winners,neither,0.0412011853481651,0.3212496678398382,0.6375491468119966
@tion8 even though there was no second to that vote I appreciate. Let’s just put that vote off until later LUL,neither,0.029756804795790476,0.3800690271911654,0.5901741680130441
i pooed a little bit,neither,0.03905013116900093,0.33721736134072455,0.6237325074902746
Pantless gameplay again?,neither,0.0358555699129713,0.3914374029960717,0.5727070270909569
Pretty cool that pubg has the daily login,neither,0.03569202366860039,0.346681055417335,0.6176269209140645
Pubg lupoHYPE lupoHYPE lupoHYPE lupoHYPE,neither,0.03945320844208391,0.33037608806864915,0.630170703489267
AYYY WINNER lupoGG WINNER lupoGG CHICKEN lupoCAW DINNER,neither,0.03945320844208391,0.33037608806864915,0.630170703489267
facebook dying as we speak,neither,0.02534039876097719,0.3962075928492598,0.578452008389763
@Lupo i tried playing pubg mobile last night....you make it look easy Lupo,neither,0.0438823506978361,0.35966302588247795,0.596454623419686
AAAAAAAAAAAAHHHHHHHHHH facebook stopped!!!! im scared,neither,0.025839609422163404,0.39515447027100586,0.5790059203068308
Literally just click their heads missgHEHE,neither,0.035804012612882435,0.34744991149120996,0.6167460758959076
PUBG mobile let's get it!,neither,0.02384378888930573,0.3702235858173416,0.6059326252933527
@narwhalman428 Welcome bud lupoHEY,neither,0.03945320844208391,0.33037608806864915,0.630170703489267
Did you get pants yet?,neither,0.05576342966659797,0.38751796347093886,0.5567186068624631
lupoTRIG,neither,0.03945320844208391,0.33037608806864915,0.630170703489267
Literally booping them to death lupoDERP,neither,0.06519749101693315,0.31649863910654585,0.6183038698765209
lupoNP lupoNP lupoNP,neither,0.03945320844208391,0.33037608806864915,0.630170703489267
@Fade_away15 (throws a point and wink),neither,0.038799217283795616,0.2978864741512519,0.6633143085649525
pubg overlay is lookin good,neither,0.05014433492568403,0.3266989194228925,0.6231567456514235
lupoLOVE lupoLOVE lupoLOVE lupoLOVE lupoLOVE lupoLOVE,neither,0.03945320844208391,0.33037608806864915,0.630170703489267
pinch to zoom,neither,0.048130220539261186,0.32534975247243236,0.6265200269883066
I'm a rhino. and also kidnap proof.,neither,0.038791099410058504,0.2974492169899596,0.6637596835999819
Doubt he got any pants LOL,neither,0.035868610603742024,0.41340745344303365,0.5507239359532243
"@drlupo it's a recurring problem, don't worry about me",neither,0.030107698049816632,0.3930363204337362,0.5768559815164471
lol Pubg Mobile,neither,0.031120645729857982,0.3912535864736078,0.5776257677965343
Lets get them thumbs a going,neither,0.051686996077188414,0.3764249914731886,0.571888012449623
lol,neither,0.020706217963973744,0.4882283491876925,0.4910654328483337
lupoNP lupoNP lupoNP lupoNP,neither,0.03945320844208391,0.33037608806864915,0.630170703489267
i play on my tablet,neither,0.026501820809113983,0.4266140633153147,0.5468841158755714
"Yup, no pants LUL",neither,0.03881227421990026,0.3412544145241344,0.6199333112559654
Not using mouse and keyboard Lupo? :o,neither,0.03510941222183307,0.3539281980882531,0.6109623896899139
"if the intent was to make us poop we'd know....well shit, that confirms it. Lupo has found the brown note.",offensive_language,0.05919389435082235,0.8685171739499805,0.07228893169919716
thats a sexy overlay,neither,0.03945320844208391,0.33037608806864915,0.630170703489267
casLove,neither,0.03945320844208391,0.33037608806864915,0.630170703489267
is this also only on ios?,neither,0.04384137290687615,0.34160463136217145,0.6145539957309524
lupoNP,neither,0.03945320844208391,0.33037608806864915,0.630170703489267
pants are overrated.,neither,0.06557503388527303,0.28510415228403846,0.6493208138306885
lupoNP lupoNP lupoNP lupoNP lupoNP lupoNP lupoNP lupoNP lupoNP lupoNP lupoNP lupoNP lupoNP lupoNP lupoNP,neither,0.03945320844208391,0.33037608806864915,0.630170703489267
No pants BibleThump just go in the nude it's fine Kappa,neither,0.03537292998489153,0.3449190919036542,0.6197079781114543
"My better half, MrsDrLupo, also streams! Be sure to check out her channel as well: Twitch.tv/MrsDrLupo lupoWIFE lupoLOVE",offensive_language,0.028153703405259814,0.5433300926303247,0.4285162039644156
the bulge,neither,0.03613032604487659,0.2619290779399786,0.7019405960151449
um kachow? lupoCRINGE,neither,0.03945320844208391,0.33037608806864915,0.630170703489267
"the first time I tried pubg mobile, I got second and it was awesome haha way better than I ever do on console LUL",neither,0.031727830441299315,0.3752432038924285,0.5930289656662722
How does he stream the mobile ?,neither,0.03155428324535644,0.4137837770989256,0.5546619396557179
Hope your day gets better @drlupo awesome stream today despite the issues. your bros are awesome,neither,0.10562039857266169,0.2284580332342387,0.6659215681930996
That is the winning strats. Who needs pants?,neither,0.04222072650654649,0.4004414053979467,0.5573378680955068
Stalber hype! @drlupo,neither,0.03945320844208391,0.33037608806864915,0.630170703489267
@DrLupo GET SOME PANTS ON,neither,0.02707956489659752,0.37285499865078203,0.6000654364526204
@tion8 LUL,neither,0.03945320844208391,0.33037608806864915,0.630170703489267
@sqevilduckling Nope. Android too,neither,0.03917812662107465,0.3350449444775219,0.6257769289014034
HELLO JUST FOLLOWED TO YOU,neither,0.05865946702049809,0.3953546808586365,0.5459858521208655
You play against bot,neither,0.05647212118229606,0.35033948842808676,0.5931883903896171
lupoNP lupoNP lupoNP lupoNP lupoNP lupoNP lupoNP lupoNP lupoNP lupoNP lupoNP lupoNP lupoNP lupoNP,neither,0.03945320844208391,0.33037608806864915,0.630170703489267
Managed to get those sexy jeans shorts,neither,0.06653898876643283,0.27598226504193274,0.6574787461916346
DoritosChip,neither,0.03945320844208391,0.33037608806864915,0.630170703489267
No pants action again ooooooo yes,neither,0.0372680289291309,0.36746428726755187,0.5952676838033172
I still don't have pants either LUL @DrLupo,neither,0.038391659656759794,0.34839334137716527,0.613214998966075
pubg mobile > fortnite mobile,neither,0.03945320844208391,0.33037608806864915,0.630170703489267
Does that bulge deflect bullets?,neither,0.025985934573704496,0.46125528169701746,0.5127587837292781
dude i have no pants too,neither,0.037871025670197504,0.357229858875559,0.6048991154542435
@drlupo how do you steam this,neither,0.05801791639565107,0.3785335130887143,0.5634485705156346
@Dr_Rubik word,neither,0.03945320844208391,0.33037608806864915,0.630170703489267
lupoNP,neither,0.03945320844208391,0.33037608806864915,0.630170703489267
"@DrLupo ""Bro would you mind putting on some pants? I find it a little wierd that I have to ask twice!"" (The Hangover)",neither,0.042067204562693146,0.3339322687925737,0.624000526644733
Pubg mobile LUL,neither,0.03945320844208391,0.33037608806864915,0.630170703489267
finny go now c ya lupoCHOO lupoCHOO,offensive_language,0.023115882444883454,0.6704860062895104,0.3063981112656061
@dojoxx Bulge scares oppnents. Stun them,neither,0.055706994145864455,0.32140236741147765,0.6228906384426578
@dojoxx I shoots bullets LUL,neither,0.03945320844208391,0.33037608806864915,0.630170703489267
truevOhai lupo and chat.,neither,0.038434791122928746,0.27695075939240005,0.6846144494846712
@DrLupo YOU NEED PANTS,neither,0.06278539683208556,0.39274497562755323,0.5444696275403612
is that uncle jessie from full house?,neither,0.1575947150312774,0.23329179755441457,0.6091134874143079
can i turn menu music off?,neither,0.039687132092098704,0.32640579323581925,0.6339070746720821
I love PUBG mobile. It's be rad,neither,0.03650273358529062,0.34405216590582316,0.6194451005088863
@DrLupo THINGS ARE HANGING OUT,neither,0.06027229441493082,0.3002497066849229,0.6394779989001462
pubg mobile more stable then xbox release,neither,0.04060465973278968,0.3243320199538515,0.6350633203133588
@DrLupo No pants? TOS?,neither,0.03829694490548582,0.35000089789208805,0.6117021572024262
No pants!,neither,0.03829694490548582,0.35000089789208805,0.6117021572024262
@freshlikewill XD,neither,0.03945320844208391,0.33037608806864915,0.630170703489267
PUBG,neither,0.03945320844208391,0.33037608806864915,0.630170703489267
"The game is good, only problem is that at higher levels people use emulators to play it on pc",neither,0.03616796138960526,0.3848446544596227,0.578987384150772
No pantssss! LUL,neither,0.03852177801590115,0.3461848932406789,0.6152933287434199
lupoBOOTY hanging out,neither,0.03374542950434394,0.3526069913118615,0.6136475791837946
sheriffDANCE,neither,0.03945320844208391,0.33037608806864915,0.630170703489267
LOOL,neither,0.03945320844208391,0.33037608806864915,0.630170703489267
nice bulge tho,neither,0.033918526646760185,0.3429884374452948,0.623093035907945
I personally enjoyed the combat hot pants yesterday,neither,0.03886819237903605,0.3197642634127078,0.6413675442082563
lupoNP lupoNP lupoNP,neither,0.03945320844208391,0.33037608806864915,0.630170703489267
just sayin,neither,0.03299219943910187,0.36145405897048866,0.6055537415904094
"holy heck, it looks so smooth",neither,0.03842355664737075,0.3622795857098766,0.5992968576427525
No pants! you have to play with pants off always,neither,0.042817841587102834,0.4293191148281851,0.5278630435847121
No pants party!,neither,0.03852653011862146,0.34610423765551535,0.6153692322258631
"Bro, you don't need pants",neither,0.057204907089257705,0.37880574519884674,0.5639893477118955
WHY ARE YOU ON THE PHONE!!!,neither,0.07117766954450953,0.34502739839605817,0.5837949320594323
Let it all hang out,neither,0.020763093394226183,0.4653854696143829,0.5138514369913908
We did,neither,0.03918699010528788,0.334894508018573,0.6259185018761392
that sounds like the avengers movie theme low key,neither,0.04390224376643051,0.3314555031686921,0.6246422530648773
you dont need pants to build,neither,0.061487581303411185,0.365479094660051,0.5730333240365377
so I'm kinda curious @DrLupo -- how are you doing the screen capture off the phone? I have a pixel as well,neither,0.058696702513624834,0.35698611714523565,0.5843171803411394
lupoNP lupoNP,neither,0.03945320844208391,0.33037608806864915,0.630170703489267
@drlupo I just got this twitch hoodie I ordered from amazon. And with amazon prime I got free two day shipping! Can you imagine if amazon prime had other cool perks?,neither,0.03139822142410179,0.3888629550684087,0.5797388235074894
do people stream snipe on the phone too?,neither,0.05656812787063608,0.32930126354066286,0.6141306085887012
lupoNP lupoNP lupoNP lupoNP lupoNP lupoNP,neither,0.03945320844208391,0.33037608806864915,0.630170703489267
(taking off pants as well),neither,0.037654757544032594,0.360900493391411,0.6014447490645566
Is it all mobile players v mobile players?,neither,0.043231217257086854,0.36161908106913554,0.5951497016737776
I can’t play on mobile my aim is just garbage on there,neither,0.031072424782579166,0.37957200380036926,0.5893555714170515
player runknown's running simulator Kappa,neither,0.03556841061849944,0.39631124564929904,0.5681203437322015
How is it on mobile Lupo?,neither,0.04276472302994479,0.3415010011549462,0.6157342758151091
pants have been off,neither,0.038536805329032045,0.34592984051868547,0.6155333541522825
!subcount,neither,0.03945320844208391,0.33037608806864915,0.630170703489267
@tion8 what are pants? LUL,neither,0.06929401084238732,0.28614223097805735,0.6445637581795554
There are currently 13936 subscribers.,neither,0.07087749722926778,0.23135887718097997,0.6977636255897524
Best mobile shooter? You haven’t played fortnite mobile bud! casAyy,neither,0.04592032329819338,0.3466419484127211,0.6074377282890855
You sure you are on your wifi network and not on cell service? :P,neither,0.09044075273943872,0.4252604428243637,0.4842988044361975
@DrLupo have you tried playing using cell connectivity at all? I always worry how the games would handle latency from that.,neither,0.04164459410242894,0.4706016005139803,0.48775380538359064
Roznok was pretty good,neither,0.03839424188029654,0.33354480577185425,0.6280609523478492
!prime,neither,0.03945320844208391,0.33037608806864915,0.630170703489267
Have Amazon Prime? Subscribe for free. 1. Click here and link your account: https://twitch.amazon.com/prime 2. Click the subscribe button and select Amazon Prime as your payment method. 3. Done. 4. See this clip for more info: https://clips.twitch.tv/FrailVictoriousMilkRedCoat,neither,0.057724775856073184,0.29347558562064524,0.6487996385232816
From what I hear it runs great,neither,0.04189162621612299,0.2915280429124204,0.6665803308714566
lupoOLD,neither,0.03945320844208391,0.33037608806864915,0.630170703489267
inb4 Lupo banned for going no pants on stream! Kappa,neither,0.03358138495281409,0.34308617503083105,0.6233324400163548
@Fade_away15 lol,neither,0.020706217963973744,0.4882283491876925,0.4910654328483337
pants off party on,neither,0.036536146863458234,0.34439844249003604,0.6190654106465058
cuppWow cuppWow cuppWow cuppWow oh my this looks so strange majinLUL,neither,0.03331813302776257,0.40615237658504355,0.5605294903871939
AI till lvl 20,neither,0.03945320844208391,0.33037608806864915,0.630170703489267
i love the mobile game,neither,0.03551101146603541,0.28973286500717077,0.6747561235267937
"I play it errday, it's a great port",neither,0.036230582250048514,0.3132895264284685,0.6504798913214829
iprime,neither,0.03945320844208391,0.33037608806864915,0.630170703489267
@PrimeauxGaming more lols,neither,0.044084690295906365,0.306805713525994,0.6491095961780997
Whats the minimum to play it do you know off the top of your head Lupo?,neither,0.07391788844688281,0.34402838354746157,0.5820537280056557
"@DrLupo thanks, I'll definitely try it out./",neither,0.03281821457094383,0.3292075706250436,0.6379742148040126
runs better than the actual game OMEGALUL,neither,0.037977685180487074,0.2921009648699968,0.6699213499495161
Support the stream! Subscribe to DrLupo [ http://subs.twitch.tv/drlupo ] // Tip [ https://twitch.streamlabs.com/DrLupo ] // Merch [ http://www.designbyhumans.com/shop/DrLupo/ ] // Subscribe to MrsDrLupo [ http://subs.twitch.tv/mrsdrlupo ] // Chairs from SecretLab [ https://tinyurl.com/yb7lt5f7 ],neither,0.04605562669634255,0.24605681412327948,0.7078875591803779
"yeah I thought it would be sketchy, but its actually pretty cool. no pants included",neither,0.02603156732598379,0.3530805452587735,0.6208878874152427
just gave us the crotch shot lupoCREEP lupoCRINGE,neither,0.062367708365465124,0.32912699447058064,0.6085052971639544
pubg good game betterer than that fortnites buullshit,neither,0.03291623363101972,0.3399496308518363,0.627134135517144
ya'll make me laugh.... that's why I hang here,offensive_language,0.03447426342637606,0.5487790083378925,0.4167467282357315
is this cross platform or just phone users,neither,0.04124989035673946,0.34297354085311044,0.6157765687901501
pants? what are those?,neither,0.12980486510213982,0.19572508098500138,0.6744700539128587
It’s ok gamings always better without pants Kappa,neither,0.037246608666471,0.3693589402703966,0.5933944510631324
I wanted to try this but still stuck on a Galaxy S5 with no space left on it :(,neither,0.030387633883378725,0.38537493176741733,0.5842374343492039
Those flat trees,neither,0.06342132145021057,0.2630145516276095,0.6735641269221799
Just phone,neither,0.03213246713991344,0.36589418750232855,0.6019733453577579
How about Fortnite mobile Kappa Kappa jk I love both fortnite and pubg mobile LUL LUL,neither,0.037737242427713036,0.3300987125492293,0.6321640450230576
Thanks,neither,0.035884468650613,0.3004919205142699,0.6636236108351171
lupoHYPE lupoHYPE lupoHYPE,neither,0.03945320844208391,0.33037608806864915,0.630170703489267
Just build,neither,0.03379592431671097,0.3573715497773988,0.6088325259058901
Has anyone seen the Mike Rowe QVC commercials he did in the 90's? I wish Lupo reviewed these games like that lul,neither,0.04801987068159451,0.36621340031636485,0.5857667290020406
That was no bot,neither,0.0347437803039405,0.3874501564316624,0.5778060632643971
dat death animation lol,neither,0.03044410891342548,0.3967646697813946,0.5727912213051799
"Not going to lie, this looks rought.",neither,0.04285869736595755,0.3602834599607001,0.5968578426733424
Twitter.com/DrLupoOnTwitch // Instagram.com/DrLupoOnTwitch // Facebook.com/DrLupoOnTwitch // YouTube.com/c/DrLupoTV // DrLupo.tv,neither,0.0330820553548599,0.39148113808821783,0.5754368065569223
but pants tho,neither,0.03137946454153651,0.35221753412848983,0.6164030013299736
haha,neither,0.03186685585600258,0.45913629025701075,0.5089968538869867
the game actually runs pretty well,neither,0.038274365328326634,0.2849991257581667,0.6767265089135067
trying to build was your first mistake,neither,0.06140392830760362,0.3246703438998966,0.6139257277924998
What is this shit,offensive_language,0.07073449800710616,0.9292520078707203,1.349412217360376e-05
Mr Lupo could you react to my video? Its on Fortnite and i worked pretty hard on it :3,offensive_language,0.03320984238812922,0.4834826314393991,0.48330752617247175
i think the broadcasting software just makes it look laggy,neither,0.035722299129540586,0.3267621338659002,0.6375155670045592
@tion8 same here. It’s always so fun and chat can be lovely lupoPLS lupoLOVE,neither,0.06547254042574237,0.34899684116041163,0.585530618413846
@drlupo what do you use to screen capture this,neither,0.030329543716711302,0.4368424187804746,0.5328280375028142
you should have built LUL,neither,0.06759449347973265,0.4184219799431677,0.5139835265770997
at least you got a kill,hate_speech,0.5655807005307955,0.23975984363870784,0.19465945583049674
Is a hand-cam possible to see how you're hitting the screen?,neither,0.07422423225649062,0.3224499291435594,0.6033258385999499
Why didn’t you build Kappa,neither,0.02920410089085352,0.4165055637427241,0.5542903353664224
The luck of the day continues,neither,0.03843608073995598,0.29192527635159643,0.6696386429084475
DRpewpew gamer pro,neither,0.03945320844208391,0.33037608806864915,0.630170703489267
Me,neither,0.018491955366437673,0.460246435692358,0.5212616089412043
@jaeffinger lol,neither,0.020706217963973744,0.4882283491876925,0.4910654328483337
that huge bulge made you less aerodynamic.,neither,0.05092255049988118,0.4194303936434357,0.5296470558566831
Yea I did I enjoyed it,neither,0.03800802502790447,0.3338195169075092,0.6281724580645863
played yesterday on iphone and it was perfect,neither,0.03559505072911692,0.31173115075058333,0.6526737985202997
I played 2 games yesterday after i downloaded. you make it look incredibly easier then it is,neither,0.051510805945197004,0.35208286991483523,0.5964063241399677
Been playing for a while it’s cool,neither,0.032542389211009985,0.30826955109720694,0.659188059691783
I downloaded it after the stream and really like it. Looks good!,neither,0.042399123989297655,0.30431944972378916,0.6532814262869132
"i DL'd it, but didn't play it, yet",neither,0.02252138673258735,0.3801292677382653,0.5973493455291473
is anyone else hearing a squeaking sound,neither,0.04627036545515484,0.32803135516701176,0.6256982793778335
cause ive been playing the game for a few days and no lag so far but maybe im playing against bots still... dunno but its fun tho,neither,0.02967769220784368,0.3366856265993644,0.6336366811927919
runs amazing on my asus tablet,neither,0.02912667678245638,0.4049132931061647,0.5659600301113789
my phone can't handle it :(,neither,0.02697976609220521,0.4168711500324532,0.5561490838753417
Not gonna’ lie - the mobile version of PUBG is smoother than the Xbox version lupoCRY,neither,0.04092113949244585,0.341788115998704,0.6172907445088502
@DrLupo Hey how and when did you get into rogue,neither,0.04095371111000945,0.3747810805304982,0.5842652083594924
I love this game. mobile and console,neither,0.03640312994331859,0.28336488987779407,0.6802319801788873
@drlupo have you tried fortnite mobile?,neither,0.05482680244180623,0.38466082026196097,0.5605123772962328
Lvl 15 in 2 days,neither,0.03945320844208391,0.33037608806864915,0.630170703489267
@DrLupo I did! Was pretty solid. Definitely takes a bit to get used to controls though.,neither,0.04619232755740945,0.3318678326649553,0.6219398397776352
"Are you only playing against mobile players, @drlupo ?",neither,0.07535983565561244,0.31017737679897217,0.6144627875454154
I always like landing at apartments on mobile,neither,0.04368883429453976,0.43266500744799896,0.5236461582574613
I tried it. It played super smooth,neither,0.03741534555351753,0.33107700256345773,0.6315076518830247
i played it quite a bit i love it,neither,0.03518322327608786,0.3413292296981827,0.6234875470257295
lupoYE,neither,0.03945320844208391,0.33037608806864915,0.630170703489267
@rooney1030 same,neither,0.04148851938089603,0.3488915597363099,0.609619920882794
mobile players Kappa,neither,0.03945320844208391,0.33037608806864915,0.630170703489267
@Stubbornleech25 my buddy plays the game on his J3 on low settings and can still play it,neither,0.03867675421799386,0.3461728798215629,0.6151503659604431
@DrLupo Can we have an under the desk cam? KappaPride,neither,0.038753504314436624,0.31993986163305116,0.6413066340525123
Is the screen smaller today than yesterday?,neither,0.04318323095065696,0.3070164075343392,0.6498003615150038
!phone,neither,0.03945320844208391,0.33037608806864915,0.630170703489267
hello,neither,0.03945320844208391,0.33037608806864915,0.630170703489267
I think they' both fine,neither,0.0400323141272141,0.3205471532465848,0.6394205326262011
Weirdly enough the only thing I do have is pants,neither,0.046230320465950776,0.32166829255035867,0.6321013869836904
Tencent knows mobile,neither,0.03945320844208391,0.33037608806864915,0.630170703489267
I agree,neither,0.03945320844208391,0.33037608806864915,0.630170703489267
I love the random clashes on mobile when you just chilling and a firefight of 5 peoples just starts in a middle of the field lol,neither,0.031098472788877604,0.3853083997388628,0.5835931274722597
got 4 kills my first time,neither,0.022269804939289328,0.4729733571083157,0.5047568379523949
Got ya I’ll have to check it out,offensive_language,0.026186635143674832,0.6024499308637272,0.371363433992598
