text,top_class,hate_speech,offensive_language,neither
That was all tims fault,neither,0.03660199593137996,0.4689460459795038,0.4944519580891162
Wait is that actually deadmau5?,neither,0.04410819984694042,0.37607265585630983,0.5798191442967497
he was so close to getting one pellet to hit for a dropped-off .25 HP headshot,neither,0.04304352821128045,0.3870100467835096,0.5699464250052101
speaking of coffee,neither,0.04961307925517919,0.1579365652204875,0.7924503555243333
he didn't optimize his shot chat,neither,0.049070615152309996,0.3701176003943956,0.5808117844532944
Oh nooooo,neither,0.04546305824073122,0.2734269899288309,0.6811099518304378
!whereistim,neither,0.03945320844208391,0.33037608806864915,0.630170703489267
Probably Down.,neither,0.03772518113020071,0.35970522134322364,0.6025695975265757
lupoAIM lupoAIM lupoAIM lupoAIM lupoAIM lupoAIM lupoAIM lupoAIM,neither,0.03945320844208391,0.33037608806864915,0.630170703489267
chat would have died if he got a knock,neither,0.028118683194293694,0.4028221252860717,0.5690591915196346
add ninja,neither,0.03945320844208391,0.33037608806864915,0.630170703489267
have you guys heard of DrLupo's Lifeline Coffee? Kappa,neither,0.05752838787354341,0.2554200405387324,0.6870515715877242
1.5 damage,neither,0.03945320844208391,0.33037608806864915,0.630170703489267
then epic would have some splainin to do,neither,0.03754077548316891,0.3422137903963812,0.6202454341204497
How many ounces do you think the Dr drinks a day? 64oz?,neither,0.05059782343884745,0.33144433206070395,0.6179578445004485
@DrLupo add ninja,neither,0.03945320844208391,0.33037608806864915,0.630170703489267
"Did Tim get his ""thick guy?""",neither,0.05908408439993708,0.34531896027353837,0.5955969553265247
@Ty_Is_Lost OMG that is great!,neither,0.04184304482567884,0.3457507849856193,0.6124061701887018
Hey @DrLupo,neither,0.03945320844208391,0.33037608806864915,0.630170703489267
can't believe they're playing with Dead,neither,0.04295568843576101,0.33459011542245826,0.6224541961417808
lupoDERP lupoDERP,neither,0.03945320844208391,0.33037608806864915,0.630170703489267
@Yung_Jefe98 Team is full.,neither,0.08299395799909234,0.31540042770868854,0.601605614292219
Hate to see you go back t love watching you leave lupoBOOTY,neither,0.33054074528210275,0.3210273484629453,0.348431906254952
fortnite and the gaming industry is absolutely insane,neither,0.043549424572166776,0.29278849938980833,0.663662076038025
!multi,neither,0.03945320844208391,0.33037608806864915,0.630170703489267
Multi-Stream Link: http://kadgar.net/live/drlupo/timthetatman/thetruevanguard,neither,0.03993770193144703,0.2602568920393204,0.6998054060292326
!multi,neither,0.03945320844208391,0.33037608806864915,0.630170703489267
lupoCHAIR lupoCHAIR lupoCHAIR lupoCHAIR lupoCHAIR lupoCHAIR lupoCHAIR lupoCHAIR lupoCHAIR lupoCHAIR lupoCHAIR lupoCHAIR lupoCHAIR lupoCHAIR lupoCHAIR lupoCHAIR lupoCHAIR,neither,0.03945320844208391,0.33037608806864915,0.630170703489267
rip $10,neither,0.03945320844208391,0.33037608806864915,0.630170703489267
lupoCRY,neither,0.03945320844208391,0.33037608806864915,0.630170703489267
currently listening to the fornite podcast,neither,0.045230606344492545,0.31062334369633365,0.6441460499591738
what's deadmau5 twitch link?,neither,0.04421513357801771,0.3269480154698853,0.628836850952097
cheer100 cheer100 cheer100,neither,0.03945320844208391,0.33037608806864915,0.630170703489267
what a swuad,neither,0.057770773616808734,0.3180719994247239,0.6241572269584672
squad,neither,0.03945320844208391,0.33037608806864915,0.630170703489267
I'm here every day lupoSHRUG haha,neither,0.08804275536374587,0.3494299302318539,0.5625273144044003
@Better_boxy which and who's podcast?,neither,0.038922301903589744,0.3586873127092227,0.6023903853871876
@DrinkMoreOvaltine_ its @deadmau5 but he's currently not streaming,neither,0.0350368903637842,0.34201005450468064,0.6229530551315352
wow optimize the lobby Epic Kappa,neither,0.0388413589253217,0.3192698825678939,0.6418887585067844
lol,neither,0.020706217963973744,0.4882283491876925,0.4910654328483337
5 Man Squad! EPIC get on it!!! lol,neither,0.0299370215663946,0.44478821581248157,0.5252747626211237
I love you,offensive_language,0.079837142191777,0.5038574454704381,0.4163054123377849
What's up Lupo,neither,0.04549209283961305,0.43877665191533993,0.5157312552450469
"oh wait, is the floating weapon bug fixed yet?",neither,0.04640995505187362,0.29221468928496797,0.6613753556631584
no more loses with the squad,neither,0.03057913645178618,0.35087402972168485,0.6185468338265289
Would the game be broken if squads were 5?,neither,0.026494173471117422,0.31261653846955806,0.6608892880593245
lupoDERP lupoDERP lupoDERP lupoDERP,neither,0.03945320844208391,0.33037608806864915,0.630170703489267
Hey Lupo!!! Hope you're having a good stream so far. I'll be here for the day,neither,0.12814358654613142,0.23099095991073507,0.6408654535431335
"@DrLupo Boss Key Productions, the studio founded by Gears of War creator Cliff Bleszinski and developer of LawBreakers, has revealed Radical Heights, a ""free *X-TREME Early Access* battle royale shooter,"" which will be available on Steam Early Access on April 10.",neither,0.03910953007321181,0.31266974712935386,0.6482207227974344
I have to go to class but I don’t want to miss this!!,neither,0.04713358312550384,0.3390876014349126,0.6137788154395835
@DrLupo lmk if deadmau5 needs someone to gift him a sub lupoCRINGE,neither,0.029849050348675462,0.37014567253400527,0.6000052771173192
@Krigom fortnite community podcast fet @DrLupo,neither,0.03945320844208391,0.33037608806864915,0.630170703489267
What did the sub train end up going till the other night?,neither,0.03430167551942552,0.3550209658212791,0.6106773586592953
@DrinkMoreOvaltine_ its deadmau5 but hes offline right now,neither,0.029945481433908815,0.36025532275524047,0.6097991958108507
@DrLupo can you try to convince joel to come to GC18 lupoK,neither,0.06748942442198196,0.3669701683824423,0.5655404071955757
There would only be 20 teams! @n0Question,neither,0.0392242521256777,0.29246698604369975,0.6683087618306225
what happed to the skull flag? cheer100 cheer100 cheer100,neither,0.049890823297703106,0.3092987674439548,0.6408104092583421
thank you,neither,0.07325166854587051,0.43632638485078484,0.49042194660334476
@ickling lupoPLS,neither,0.03945320844208391,0.33037608806864915,0.630170703489267
2200 something,neither,0.03945320844208391,0.33037608806864915,0.630170703489267
!subtrain,neither,0.03945320844208391,0.33037608806864915,0.630170703489267
Add me on XBOX if you want to play daddyreed,neither,0.03176198525176901,0.4470674205945854,0.5211705941536455
!train,neither,0.03945320844208391,0.33037608806864915,0.630170703489267
Thank EAS,neither,0.03869991029225249,0.3431615236228004,0.6181385660849471
lupoCHOO The train went to 2257 lupoLOVE and we WILL beat it lupoCHOO https://clips.twitch.tv/RockyGleamingWafflePoooound,neither,0.04200307158577632,0.2858201583691423,0.6721767700450813
@waxorchard -> You've been timed out for posting a link. Ask first. Unless you're spam. [warning],neither,0.037212331828085185,0.34488937712100365,0.6178982910509111
!gear,neither,0.03945320844208391,0.33037608806864915,0.630170703489267
lupoOLD lupoOLD lupoOLD lupoOLD lupoOLD,neither,0.03945320844208391,0.33037608806864915,0.630170703489267
@dersec1_ I guess that game play has been done already? I cant remember if that was a limited game mode.,neither,0.02677639449112322,0.37072469262794566,0.602498912880931
lupoOLD lupoOLD lupoOLD lupoOLD lupoOLD,neither,0.03945320844208391,0.33037608806864915,0.630170703489267
lupoOLD,neither,0.03945320844208391,0.33037608806864915,0.630170703489267
lupoOLD lupoOLD lupoOLD lupoOLD,neither,0.03945320844208391,0.33037608806864915,0.630170703489267
lol old man lupo,offensive_language,0.029201032779799237,0.5025558776277955,0.46824308959240524
lupoOLD lupoOLD lupoOLD,neither,0.03945320844208391,0.33037608806864915,0.630170703489267
Holy moly 2257 subtrain? I had to leave around 1k that’s crazy,neither,0.03246442713566754,0.44330081417711664,0.5242347586872157
lupoOLD lupoOLD lupoOLD lupoOLD,neither,0.03945320844208391,0.33037608806864915,0.630170703489267
lupoOLD lupoOLD lupoOLD lupoOLD lupoOLD lupoOLD,neither,0.03945320844208391,0.33037608806864915,0.630170703489267
!Subcount,neither,0.03945320844208391,0.33037608806864915,0.630170703489267
lupoOLD lupoOLD lupoOLD lupoOLD lupoOLD lupoOLD lupoOLD lupoOLD lupoOLD lupoOLD lupoOLD lupoOLD lupoOLD,neither,0.03945320844208391,0.33037608806864915,0.630170703489267
There are currently 16370 subscribers.,neither,0.07087749722926778,0.23135887718097997,0.6977636255897524
is derpmau5 who i think it is?,neither,0.0630845152735838,0.3947267007660736,0.5421887839603425
!commands,neither,0.03945320844208391,0.33037608806864915,0.630170703489267
lupoOLD lupoOLD lupoOLD lupoOLD lupoOLD lupoOLD lupoOLD lupoOLD lupoOLD,neither,0.03945320844208391,0.33037608806864915,0.630170703489267
@gabebarbosa -> The bot commands for this channel are available at https://beta.nightbot.tv/t/drlupo/commands,neither,0.04695462833040224,0.29561718809185006,0.6574281835777477
lupoOLD lupoOLD lupoOLD lupoOLD,neither,0.03945320844208391,0.33037608806864915,0.630170703489267
lupoOLD lupoOLD,neither,0.03945320844208391,0.33037608806864915,0.630170703489267
lupoOLD,neither,0.03945320844208391,0.33037608806864915,0.630170703489267
@kittykat_086 lupoHEY lupoMEOW lupoLOVE,neither,0.03945320844208391,0.33037608806864915,0.630170703489267
lupoS lupoS lupoS lupoS,neither,0.03945320844208391,0.33037608806864915,0.630170703489267
! lupoOLD lupoOLD lupoOLD lupoOLD lupoOLD,neither,0.03945320844208391,0.33037608806864915,0.630170703489267
!multi,neither,0.03945320844208391,0.33037608806864915,0.630170703489267
lupoOLD,neither,0.03945320844208391,0.33037608806864915,0.630170703489267
Multi-Stream Link: http://kadgar.net/live/drlupo/timthetatman/thetruevanguard,neither,0.03993770193144703,0.2602568920393204,0.6998054060292326
lupoOLD lupoOLD lupoOLD lupoOLD lupoOLD lupoOLD lupoOLD lupoOLD,neither,0.03945320844208391,0.33037608806864915,0.630170703489267
@GucciGross yes,neither,0.03945320844208391,0.33037608806864915,0.630170703489267
lupoOLD lupoOLD lupoOLD lupoOLD lupoOLD lupoOLD lupoOLD lupoOLD lupoOLD lupoOLD lupoOLD lupoOLD lupoOLD,neither,0.03945320844208391,0.33037608806864915,0.630170703489267
millions for 30... nahh maybe 0,neither,0.03496047854454458,0.3079266459947873,0.6571128754606681
20*,neither,0.03945320844208391,0.33037608806864915,0.630170703489267
@GucciGross Yes,neither,0.03945320844208391,0.33037608806864915,0.630170703489267
Old Mau5,neither,0.03945320844208391,0.33037608806864915,0.630170703489267
lupoS,neither,0.03945320844208391,0.33037608806864915,0.630170703489267
Hasnt been done yet! But I dont think they will do a 5 man squad! @n0Question,neither,0.03876970491808199,0.3695450142320523,0.5916852808498658
i just wish i had a million $$,neither,0.03478715906326221,0.3524251953977152,0.6127876455390224
@Ickling Hi and thank you!,neither,0.05709979034361426,0.33930857220699345,0.6035916374493923
yup,neither,0.03945320844208391,0.33037608806864915,0.630170703489267
@Better_boxy msg me the link tho,neither,0.03033315012490269,0.3550224052759113,0.6146444445991861
@Spratzerino Thank you! just got back had to check,neither,0.05453835019793437,0.43969023167574034,0.5057714181263254
!cam,neither,0.03945320844208391,0.33037608806864915,0.630170703489267
Face - GoPro HERO4 - https://goo.gl/p9oKDK // Keyboard - Logitech C920 - https://goo.gl/oqrzX0,neither,0.03945320844208391,0.33037608806864915,0.630170703489267
lupoLURK lupoLURK lupoLURK lupoLURK lupoLURK lupoLURK lupoLURK lupoLURK lupoLURK lupoLURK,neither,0.03945320844208391,0.33037608806864915,0.630170703489267
@Shyttle how do you pronounce your name? is it like I think?,neither,0.11655202064994835,0.36047313867555175,0.5229748406745
@dersec1_ I’d do a 5 man aqua... wait wut lupoS,neither,0.04061215162132559,0.3771982201566514,0.582189628222023
"TrueVanguard can only play for another hour or so, I’m sure Ninja will want in on this",neither,0.0539595735836322,0.36636407770809976,0.579676348708268
"@Ickling i will take that as a "" Hi Gucci! i hope you have a wonderful day!""",neither,0.07271564945797329,0.3116460254596919,0.6156383250823348
"My better half, MrsDrLupo, also streams! Be sure to check out her channel as well: Twitch.tv/MrsDrLupo lupoWIFE lupoLOVE",offensive_language,0.028153703405259814,0.5433300926303247,0.4285162039644156
!capture,neither,0.03945320844208391,0.33037608806864915,0.630170703489267
Magewell Pro Capture Dual HDMI // http://www.magewell.com/pro-capture-dual-hdmi,neither,0.03790504957446214,0.2820390345383337,0.6800559158872043
!click,neither,0.03945320844208391,0.33037608806864915,0.630170703489267
Autocorrect lupoTRIG,neither,0.03945320844208391,0.33037608806864915,0.630170703489267
ORANGE????,neither,0.03945320844208391,0.33037608806864915,0.630170703489267
Thats called an ORGY BB! @Zachlc10 lupoDERP,neither,0.039738561403831564,0.3255329035959044,0.634728535000264
@eas_1972 lupoLOVE kingrichLuv,neither,0.03945320844208391,0.33037608806864915,0.630170703489267
Change your stream title... Sell out bro,neither,0.05533800289731954,0.3364156360543378,0.6082463610483426
Wowee,neither,0.03945320844208391,0.33037608806864915,0.630170703489267
lupoLURK,neither,0.03945320844208391,0.33037608806864915,0.630170703489267
"@DrLupo wait, are we about to have an orange vs gold debate about the legendary coloring?",neither,0.05334251523732051,0.3273517110641847,0.6193057736984947
orange lupoCRINGE,neither,0.03945320844208391,0.33037608806864915,0.630170703489267
@GucciGross yes,neither,0.03945320844208391,0.33037608806864915,0.630170703489267
Lupoooooo it's GOOOOLLLLLDDDDD,neither,0.034373745257138544,0.33212314837979673,0.6335031063630647
@dersec1_ snapsPOG,neither,0.03945320844208391,0.33037608806864915,0.630170703489267
@skitsoguy lupoHEY lupoYE,neither,0.03945320844208391,0.33037608806864915,0.630170703489267
@dersec1_ I think im thinking the 20 vs 20 mode then did. or one of those game plays.,neither,0.04871044996443591,0.29488047982707766,0.6564090702084864
@DrLupo why not just make it a 5 man squad OMEGALUL lupoTHINK,neither,0.024496944259240625,0.4259864659336347,0.5495165898071248
Does deadmau5 know about twitch prime Lupo? KappaHD KappaHD KappaHD,neither,0.02805098447634264,0.4443263808816703,0.527622634641987
hiya @insLaneVR,neither,0.03945320844208391,0.33037608806864915,0.630170703489267
nightbot needs a !click,neither,0.03945320844208391,0.33037608806864915,0.630170703489267
"It's amber, everyone knows",neither,0.03283412711353438,0.4237064836329457,0.5434593892535199
@Ickling never change you are wonderful. I mean that honestly.,neither,0.06518345905420973,0.3917358980890195,0.5430806428567709
gold,neither,0.03945320844208391,0.33037608806864915,0.630170703489267
yeah they did a 50 vs 50 mode @n0Question,neither,0.029689235106870642,0.394964366090989,0.5753463988021403
@GucciGross ...yes,neither,0.03945320844208391,0.33037608806864915,0.630170703489267
thats why they had an All Gold Mode,neither,0.03251092040951844,0.38963097800576085,0.5778581015847207
@pickle2268 lupoHEY man lupoYE,offensive_language,0.040018442559345856,0.5018538837344726,0.4581276737061815
LUL i forgot i subscribed earlier lupoCHAIR,neither,0.03945320844208391,0.33037608806864915,0.630170703489267
is derpmau5 Joel??????,neither,0.0495192247997867,0.32691392345999004,0.6235668517402233
see my name? that's also amber,neither,0.027200432669512817,0.43684699463166365,0.5359525726988236
I am shook. Tim is still alive,neither,0.04441130209341775,0.3391591734460262,0.6164295244605561
"i call it orange to describe, cold in a game calling",neither,0.042384769455775705,0.29969268966740653,0.6579225408768178
You should change your strim title so people know you're playing with deadmau5,offensive_language,0.17548663696160877,0.45603301181600403,0.3684803512223872
Lupo I am not sure but does joel know about twitch prime?,neither,0.02624383337192372,0.48660313128434557,0.48715303534373067
@eas_1972 is that symbol for being an awesome person gifting subs?,neither,0.034495220915850264,0.3517471858789058,0.6137575932052439
@insLaneVR havent I seen you in BAS stream?,neither,0.05326218413408501,0.3696563760007191,0.577081439865196
The color is actually a darkish yellow,neither,0.013190895706062253,0.027165356370159776,0.9596437479237779
@DrLupo deadmau5 saw my request and didnt accept feelsbadman,neither,0.03067076502128589,0.36190219304235793,0.6074270419363562
@pickle2268 How's the fam doing?,neither,0.03845994808394956,0.3121566909970148,0.6493833609190357
oh is he playing with mau5,neither,0.046478818421570506,0.31120669385291627,0.6423144877255131
can i post a link to Deadmau5 music for chat?,neither,0.039674875343667246,0.3023968605158857,0.657928264140447
Wait....what is this “twitch prime”?,neither,0.05008191143866105,0.3263420692478628,0.6235760193134761
TIM's mud flap is down,neither,0.04658266773934358,0.3279239400906698,0.6254933921699867
STW is pretty good for learning builds and movement for sure though,neither,0.032941601394292,0.35251819777837023,0.6145402008273378
nice,neither,0.03945320844208391,0.33037608806864915,0.630170703489267
lupoAIM lupoAIM lupoAIM lupoAIM lupoAIM lupoAIM lupoAIM lupoAIM lupoAIM lupoAIM lupoAIM lupoAIM lupoAIM lupoAIM lupoAIM lupoAIM lupoAIM lupoAIM lupoAIM,neither,0.03945320844208391,0.33037608806864915,0.630170703489267
it would help with building wouldn't it?,neither,0.02887883734537233,0.35540529795463716,0.6157158646999904
ruby tinged amber,neither,0.03945320844208391,0.33037608806864915,0.630170703489267
yes it is @insLaneVR,neither,0.0504428408951861,0.3265962495318096,0.6229609095730043
"Save the World def helps with building skills tho. And shooting mechanics are the same, which helps for aiming",neither,0.03823994147153707,0.2943784720987787,0.6673815864296843
!butts,neither,0.03945320844208391,0.33037608806864915,0.630170703489267
Yours is nice. lupoYE,neither,0.04954555635252868,0.3269048668315529,0.6235495768159186
@dersec1_ im sure they did a 20 v 20 mode also.,neither,0.03559029153266033,0.42674991691619,0.5376597915511497
@eas_1972 you gifted me a sub to King Richard's!,neither,0.04877982912099296,0.3844716573124766,0.5667485135665304
!subtrain,neither,0.03945320844208391,0.33037608806864915,0.630170703489267
!nopants,neither,0.03945320844208391,0.33037608806864915,0.630170703489267
This is a PANTS lupoNP PROHIBITED lupoNP ZONE.,neither,0.04769390005781971,0.3291059247870841,0.6232001751550962
@PulledATurk for sure,neither,0.02401742335574164,0.4711104313852341,0.5048721452590242
didn't know there was another game type,neither,0.05704720895050449,0.24072783965648364,0.7022249513930118
oh ... lol I thought your name looked familiar,neither,0.06212626938278729,0.2521098485900049,0.6857638820272078
@DrLupo Lol I was stationed in Korea when I was 18!,neither,0.024680610417879972,0.4277042028219184,0.5476151867602017
"Might have, I dont remember all the modes they have had lol @n0Question",neither,0.033198413296426886,0.42660319047032275,0.5401983962332504
!subtrain,neither,0.03945320844208391,0.33037608806864915,0.630170703489267
are they playing with dead maus?,neither,0.0502504918626871,0.3223675138281188,0.6273819943091941
@SolarShrapnel its a PvE tower defense mode . you gotta buy it,neither,0.04254456269607248,0.3814340782454178,0.5760213590585096
@DrLupo hey whats up?,neither,0.036571476693687426,0.38904843232797925,0.5743800909783333
chat shouuld I make a montage of every time Ive danced with lupo?,neither,0.031436168688448535,0.36780831454468765,0.6007555167668638
lupoHEY chat,neither,0.03945320844208391,0.33037608806864915,0.630170703489267
@riperoniipeperonii yes DeadMau5 or however you spell,neither,0.05381841788096635,0.37115983403145003,0.5750217480875837
@JamesAndGames couldnt hurt LUL,neither,0.03945320844208391,0.33037608806864915,0.630170703489267
Is deadmaus a streamer @chat or just a friend of Tim’s?,neither,0.041774163071557166,0.3447545234143169,0.6134713135141259
Dream team,neither,0.03945320844208391,0.33037608806864915,0.630170703489267
"yeah, we were talking about rpg an grenade launcher sharing ammo RIP",neither,0.029472722872627345,0.3941124254041749,0.5764148517231977
This chat is so well behaved. Are you all adults?,neither,0.08132993377284371,0.411627202258852,0.5070428639683043
"bravely bold sir robin, rode forth from camelot!",neither,0.04007705876620604,0.31978771994868893,0.6401352212851049
@skitsoguy everyone is doing well thanks for asking. How’s life treating you and your family,neither,0.05832017861628357,0.3856766765603151,0.5560031448234013
love TV,neither,0.035516565931796557,0.34889246370729815,0.6155909703609053
@Bobotage lupoHEY,neither,0.03945320844208391,0.33037608806864915,0.630170703489267
"@munificentmike I think just a friend, second time on FN",neither,0.032421425644058505,0.3717723102593096,0.5958062640966317
@JackLalanneOfET a fair number,neither,0.03945320844208391,0.33037608806864915,0.630170703489267
@drlupo what did the train get to do you know? Did it continue after you got off?,neither,0.06790012446543885,0.40385189884276024,0.5282479766918008
"@munificentmike Deadmau5 is an EDM musician, streamer, and friend of the program.",neither,0.04439571300243235,0.2841838074293309,0.6714204795682368
@jacklalanneofet define “adult”,neither,0.03945320844208391,0.33037608806864915,0.630170703489267
@jacklalanneofet generally a pretty mature crowd in here. most days.,neither,0.07141802440092328,0.3031475686830867,0.6254344069159901
lupoOLD lupoOLD lupoOLD lupoOLD lupoOLD,neither,0.03945320844208391,0.33037608806864915,0.630170703489267
@kittykat_086 lupoHEY,neither,0.03945320844208391,0.33037608806864915,0.630170703489267
@Ickling would it be funny or cringey in your opinion,neither,0.06365791815526486,0.3372841300707721,0.5990579517739628
@Bobotage ayy the bobster's here,neither,0.09491213855319584,0.2696117340600285,0.6354761273867757
Send forth the holy hand grenades,neither,0.03875589656693102,0.31769029515335157,0.6435538082797174
@JamesAndGames yes,neither,0.03945320844208391,0.33037608806864915,0.630170703489267
@drlupo you are only as old as you feel,neither,0.10050092706698328,0.4322717850969355,0.46722728783608114
!train,neither,0.03945320844208391,0.33037608806864915,0.630170703489267
lupoCHOO The train went to 2257 lupoLOVE and we WILL beat it lupoCHOO https://clips.twitch.tv/RockyGleamingWafflePoooound,neither,0.04200307158577632,0.2858201583691423,0.6721767700450813
!wins,neither,0.03945320844208391,0.33037608806864915,0.630170703489267
"All of them, duh. lupoK https://doesdrlupoeverlose.com/",neither,0.05350276340979495,0.3850223445005899,0.5614748920896151
@Krigom lupoHEY,neither,0.03945320844208391,0.33037608806864915,0.630170703489267
@Ickling BOTH LUL,neither,0.03945320844208391,0.33037608806864915,0.630170703489267
He’s doing better than I do lol @jwilds1,neither,0.03728388838111477,0.3909134781965578,0.5718026334223275
!multi,neither,0.03945320844208391,0.33037608806864915,0.630170703489267
Multi-Stream Link: http://kadgar.net/live/drlupo/timthetatman/thetruevanguard,neither,0.03993770193144703,0.2602568920393204,0.6998054060292326
haha,neither,0.03186685585600258,0.45913629025701075,0.5089968538869867
what no blue burst?,neither,0.04573798535434867,0.3437889848484346,0.6104730297972167
ooof,neither,0.03945320844208391,0.33037608806864915,0.630170703489267
@blazerthree_ adult in nature and/or age,neither,0.03882535595567158,0.2992870987555414,0.661887545288787
TRAP!!!!!! Lupo,neither,0.03945320844208391,0.33037608806864915,0.630170703489267
@DrLupo Just flesh wound,neither,0.03407457890027895,0.35597125435319504,0.6099541667465259
just gave tim all his sniper amo and that is all the bullets he has lol,neither,0.051457981248950985,0.4354909503179041,0.513051068433145
trap hurty,neither,0.03945320844208391,0.33037608806864915,0.630170703489267
Blue burst,neither,0.03945320844208391,0.33037608806864915,0.630170703489267
hey lupo there's a trap right there fyi,neither,0.038778668485636034,0.28631414914927633,0.6749071823650875
@pickle2268 Good to hear man. We good out here besides the heat I cant complain LUL,neither,0.06005484569879361,0.3418911538596743,0.5980540004415322
"youre awesome lupo, love the screaming, makes us feel like youre as scared as we are lmao",neither,0.08634879937427055,0.3450945298529508,0.5685566707727787
here to contribute my click,neither,0.06826880821756774,0.36589515266221495,0.5658360391202174
Twitter.com/DrLupoOnTwitch // Instagram.com/DrLupoOnTwitch // Facebook.com/DrLupoOnTwitch // YouTube.com/c/DrLupoTV // DrLupo.tv,neither,0.0330820553548599,0.39148113808821783,0.5754368065569223
+1 click,neither,0.03945320844208391,0.33037608806864915,0.630170703489267
lupoCREEP,neither,0.03945320844208391,0.33037608806864915,0.630170703489267
I enjoy the chat. It's a good chat.,neither,0.03759945611274305,0.32047330031845844,0.6419272435687984
Good job everybody,neither,0.03867558283875508,0.3306435491721245,0.6306808679891205
