text,top_class,hate_speech,offensive_language,neither
lupoHYPE lupoHYPE lupoHYPE lupoHYPE lupoHYPE,neither,0.03945320844208391,0.33037608806864915,0.630170703489267
Tim's down,neither,0.03945320844208391,0.33037608806864915,0.630170703489267
yeet,neither,0.03945320844208391,0.33037608806864915,0.630170703489267
@DrLupo When dose the !prime loot go live? for fortnite.,neither,0.03140929486108854,0.33405119160834545,0.6345395135305659
lupoDERP lupoDERP lupoDERP lupoDERP lupoDERP lupoDERP lupoDERP lupoDERP,neither,0.03945320844208391,0.33037608806864915,0.630170703489267
lupoHYPE lupoHYPE lupoHYPE,neither,0.03945320844208391,0.33037608806864915,0.630170703489267
"@ShmuGGz Ohh cool, thanks",neither,0.03740707765941402,0.31324205232482216,0.6493508700157637
Easy wins,neither,0.03945320844208391,0.33037608806864915,0.630170703489267
"@Gtjerz17 yeah, I know",offensive_language,0.017136462268396963,0.4924392800863144,0.49042425764528863
1688 sub train! That's insane!! LOVE it!,neither,0.03347439923231325,0.37246410505398814,0.5940614957136986
yay super stoked to watch this stream! good luck on games my man!,neither,0.03719784919532373,0.41209088732333243,0.5507112634813437
Activey loading,neither,0.03945320844208391,0.33037608806864915,0.630170703489267
lupoHYPE lupoHYPE lupoHYPE lupoHYPE,neither,0.03945320844208391,0.33037608806864915,0.630170703489267
so no WoW tonight?,neither,0.03531522362036184,0.3671128243485283,0.5975719520311099
lupoHYPE lupoHYPE lupoHYPE lupoHYPE lupoHYPE lupoHYPE lupoHYPE lupoHYPE lupoHYPE lupoHYPE,neither,0.03945320844208391,0.33037608806864915,0.630170703489267
POGGERS when did he get over 30k?,neither,0.032342585958845614,0.3784334836461346,0.5892239303950199
@DarraghTheWalsh It was dirty,neither,0.037264833354868,0.33401758707285933,0.6287175795722728
Support the stream! Subscribe to DrLupo [ http://subs.twitch.tv/drlupo ] // Tip [ https://twitch.streamlabs.com/DrLupo ] // Merch [ http://www.designbyhumans.com/shop/DrLupo/ ] // Subscribe to MrsDrLupo [ http://subs.twitch.tv/mrsdrlupo ] // Chairs from SecretLab [ https://tinyurl.com/yb7lt5f7 ],neither,0.04605562669634255,0.24605681412327948,0.7078875591803779
do you have a pee bottle?,neither,0.056356801645438215,0.3831538943699738,0.560489303984588
I hope you enjoy the time.. I really like this game,neither,0.10800844543625004,0.2409226427790788,0.6510689117846712
@theiji already came out,neither,0.03311500929320394,0.3718908320433178,0.5949941586634783
@theiji its already live,neither,0.035858812431424025,0.35247141319387704,0.6116697743746989
lupoHYPE lupoHYPE lupoHYPE lupoHYPE lupoHYPE lupoHYPE,neither,0.03945320844208391,0.33037608806864915,0.630170703489267
@Gtjerz17 -> You've been timed out for posting a link. Ask first. Unless you're spam. [warning],neither,0.037212331828085185,0.34488937712100365,0.6178982910509111
is it tournament time?,neither,0.04476502044102969,0.3475769109310361,0.6076580686279343
PICKUP TIMMMMMMMM,neither,0.03945320844208391,0.33037608806864915,0.630170703489267
Here we go boiz! EZ dolla dolla billz!,neither,0.060519439118377566,0.31523974299734814,0.6242408178842743
You have to win I bet my house on this,neither,0.043876863457632094,0.4726268612655932,0.4834962752767748
Chat is the tournament for fun?,neither,0.03992481960048171,0.2946703618328531,0.6654048185666651
@Seanruk We hit 30k yesterday,neither,0.039322868422643924,0.33258829835889037,0.6280888332184656
#BeatTheTrain!,neither,0.03945320844208391,0.33037608806864915,0.630170703489267
i never got it :/,neither,0.029232327752840945,0.46863577346592067,0.5021318987812383
DansGame LUL @n8terf,neither,0.03945320844208391,0.33037608806864915,0.630170703489267
!Train,neither,0.03945320844208391,0.33037608806864915,0.630170703489267
"lupoCHOO lupoCHOO The sub train went to 2385, and we will beat it! lupoCHOO lupoCHOO",neither,0.042839482621780334,0.27298509512253855,0.6841754222556811
!subcount,neither,0.03945320844208391,0.33037608806864915,0.630170703489267
such a good game,neither,0.038086012912011316,0.27284605294443365,0.689067934143555
There are currently 32285 subscribers.,neither,0.07087749722926778,0.23135887718097997,0.6977636255897524
I wonder how often they are gonna run into games with each other\,neither,0.044513893829386544,0.35481451553024695,0.6006715906403665
wierd,neither,0.03945320844208391,0.33037608806864915,0.630170703489267
tatman,neither,0.03945320844208391,0.33037608806864915,0.630170703489267
That sub train though,neither,0.03598776626058914,0.36799744406236395,0.5960147896770469
@DrLupo Best name for alt character!,neither,0.034389643243002734,0.3031468345663765,0.6624635221906208
Seems organized... lupoCRINGE,neither,0.03945320844208391,0.33037608806864915,0.630170703489267
@theiji go to twitch tv/prime/fortnite to claim,neither,0.04959807086044783,0.3276568768538514,0.6227450522857007
@DrLupo how long is your stream delay?,neither,0.08164847428489178,0.315834914973042,0.6025166107420663
@DrLupo when are going to have evening streams or is that over?,neither,0.050827260854994165,0.38018054290345976,0.5689921962415461
This just in........Tim eneds a revive,neither,0.03562524725950366,0.3492801456798705,0.6150946070606259
is it just you 6 or a full 100 people?,neither,0.13273433508568594,0.3704566124894551,0.4968090524248591
!subtrain,neither,0.03945320844208391,0.33037608806864915,0.630170703489267
@DrLupo you and shroud are in the same game,neither,0.09989083977550593,0.21478709863781648,0.6853220615866776
Use that sub on Lupo!!!,neither,0.010100505687324892,0.4750010067222703,0.5148984875904049
!subcount,neither,0.03945320844208391,0.33037608806864915,0.630170703489267
"just tuned in, do you all support mass orders on the ATW shirt?",neither,0.06424836286653193,0.4021582307265892,0.5335934064068789
!subcount,neither,0.03945320844208391,0.33037608806864915,0.630170703489267
What's the prize?,neither,0.04484728314677494,0.30721344948863305,0.6479392673645921
#AllTheWork via DBH - http://dbh.la/allthework // #AllTheWork via Meta Threads - https://goo.gl/N7ek65 // 100% of profit goes to St Jude!,neither,0.04417559914343678,0.11711238300096234,0.838712017855601
#SubtoTim bc most likely #TimisDOWN,neither,0.03945320844208391,0.33037608806864915,0.630170703489267
lololol,neither,0.03945320844208391,0.33037608806864915,0.630170703489267
@drlupo friggin comic idea you rocket ride tim but the rocket and powerful enough to keep him up so it stops before it goes to the enemy,neither,0.04342266239544597,0.37628789437347576,0.5802894432310783
summit already confirmed cheating,neither,0.03868899485238627,0.34334678712435823,0.6179642180232555
@JintanYS I would imagine it's highly likely since not many people are playing this game,neither,0.06897355192832529,0.280438751502477,0.6505876965691977
lup omegalul nice name @DrLupo,neither,0.03945320844208391,0.33037608806864915,0.630170703489267
its random games guys. its not meant to pit them against each other,neither,0.04262619876640043,0.31775124418650985,0.6396225570470898
Now I kind of feel bad for saying yesterday that I hoped today wasn't Radical Heights. It was [mostly] a joke. LUL,neither,0.030182175991268406,0.3282269807221909,0.6415908432865407
this music tho rambCool,neither,0.03422000966596394,0.34411102167295055,0.6216689686610856
iis this fortnite\pubg lol,neither,0.02394315614253107,0.4567305188996092,0.5193263249578598
awesome start SeemsGood LUL,neither,0.03945320844208391,0.33037608806864915,0.630170703489267
this game SO reminds me of 'The Running Man',neither,0.03248814534431567,0.39538168542128443,0.5721301692343999
ay i did it,neither,0.03787867123268282,0.3309176436163146,0.6312036851510024
xD,neither,0.03945320844208391,0.33037608806864915,0.630170703489267
Don't MYTH it!!,neither,0.03791871748534349,0.33090386987367953,0.6311774126409769
Fro or perm @drlupo,neither,0.03945320844208391,0.33037608806864915,0.630170703489267
!primeskins,neither,0.03945320844208391,0.33037608806864915,0.630170703489267
so what exactly is the deal with this challenge,neither,0.0391116069189117,0.37509447657821754,0.5857939165028707
LUPO *clap* *clap* LUPO *clap* *clap* LUPO *clap* *clap* LUPO *clap* *clap*,neither,0.03945320844208391,0.33037608806864915,0.630170703489267
Twitter.com/DrLupoOnTwitch // Instagram.com/DrLupoOnTwitch // Facebook.com/DrLupoOnTwitch // YouTube.com/c/DrLupoTV // DrLupo.tv,neither,0.0330820553548599,0.39148113808821783,0.5754368065569223
Hey Chat How Are You All? lupoR lupoR lupoR,neither,0.09701173539777129,0.4084536784474202,0.4945345861548086
Tim is frozen in the lobby lol,neither,0.03830199931891118,0.35537395392666876,0.6063240467544201
nope not that ig,neither,0.0342402214385501,0.37836781768415406,0.5873919608772958
lupoHYPE lupoHYPE lupoHYPE lupoHYPE lupoHYPE lupoHYPE,neither,0.03945320844208391,0.33037608806864915,0.630170703489267
lupoHYPE lupoHYPE lupoHYPE,neither,0.03945320844208391,0.33037608806864915,0.630170703489267
@yamanryan56,neither,0.03945320844208391,0.33037608806864915,0.630170703489267
Pretty sure Shroud is in your game,neither,0.07408555525314561,0.40724459957439624,0.5186698451724582
!prime,neither,0.03945320844208391,0.33037608806864915,0.630170703489267
Have Amazon Prime? Subscribe for free. 1. Click here and link your account: https://twitch.amazon.com/prime 2. Click the subscribe button and select Amazon Prime as your payment method. 3. Done. 4. See this clip for more info: https://clips.twitch.tv/FrailVictoriousMilkRedCoat,neither,0.057724775856073184,0.29347558562064524,0.6487996385232816
The most epic loot right now,neither,0.03776102784333317,0.3323823808328252,0.6298565913238416
fuck,offensive_language,0.34803241646388117,0.6519675835059184,3.0200377847433446e-11
lets go lupo!!!,neither,0.039984317429425154,0.35542799280679366,0.6045876897637812
!commands,neither,0.03945320844208391,0.33037608806864915,0.630170703489267
ok you persuaded me to do it lmao,neither,0.054857743414858724,0.44524212950966335,0.49990012707547793
@prospering_hd -> The bot commands for this channel are available at https://beta.nightbot.tv/t/drlupo/commands,neither,0.04695462833040224,0.29561718809185006,0.6574281835777477
my goodness this game,neither,0.02784137056769053,0.37305070645677124,0.5991079229755383
@yamanryan56 doing good. how are you?,neither,0.11163586893912969,0.3259162422667678,0.5624478887941025
Get that CASH,neither,0.03389060053362353,0.39531194663376595,0.5707974528326105
lupoHYPE lupoHYPE lupoHYPE lupoHYPE lupoHYPE lupoHYPE lupoHYPE lupoHYPE lupoHYPE lupoHYPE,neither,0.03945320844208391,0.33037608806864915,0.630170703489267
And he's dead,neither,0.04653397889658044,0.27140998737255045,0.6820560337308692
multitwitch is my best friend right now,neither,0.033083734436217864,0.4206120140485208,0.5463042515152613
LUL shroud just got rekt,neither,0.03352321775713449,0.40029384558266706,0.5661829366601985
"Slow play, get the cash and bank it. to Win.",neither,0.04143158119300998,0.2965089081217483,0.6620595106852417
#melted,neither,0.03945320844208391,0.33037608806864915,0.630170703489267
!skin,neither,0.03945320844208391,0.33037608806864915,0.630170703489267
Get exclusive Fortnite loot by linking your Epic Games Account and Twitch accounts here: https://goo.gl/BLtiaP,neither,0.08064217923219472,0.3112352158730932,0.608122604894712
there we go,neither,0.04083933629015207,0.27628362646603744,0.6828770372438104
lol lupos alt account is called Sub2Tim?,neither,0.03888320277627516,0.37293370651389124,0.5881830907098337
is this game free to play?,neither,0.05595748109173751,0.28128121178384313,0.6627613071244194
I love how people from this chat get angry for no reason,neither,0.05020823435243634,0.3215478789061714,0.6282438867413923
There needs to be a multi command for the players in this lol,neither,0.03372995363664784,0.3077179060709771,0.658552140292375
#worthit,neither,0.03945320844208391,0.33037608806864915,0.630170703489267
When are they adding parachute pants?,neither,0.047551827115031094,0.33339509515390653,0.6190530777310624
who was that? anybody know,neither,0.035724900800186726,0.447463396318583,0.5168117028812302
!subcount,neither,0.03945320844208391,0.33037608806864915,0.630170703489267
There are currently 32288 subscribers.,neither,0.07087749722926778,0.23135887718097997,0.6977636255897524
that gun is as average as lupo,neither,0.03917053096266799,0.41207929099459084,0.5487501780427412
@globfather76 how dare you say that lupoTRIG lupoTRIG lupoTRIG lupoTRIG,neither,0.053155486184194294,0.43542588801810234,0.5114186257977035
That pole looked like llama,neither,0.04417935504487289,0.37464396766684527,0.5811766772882818
Ay i finally subbed xD,neither,0.03945320844208391,0.33037608806864915,0.630170703489267
llama 210!!!,neither,0.03945320844208391,0.33037608806864915,0.630170703489267
lupoHYPE lupoHYPE lupoHYPE,neither,0.03945320844208391,0.33037608806864915,0.630170703489267
32k subs?????,neither,0.03945320844208391,0.33037608806864915,0.630170703489267
is this the tournament or Just warm up?,neither,0.03876591301832989,0.37276585211797253,0.5884682348636976
@globfather76 maybe you shouldn't be an ass and people wouldn't get angry at you LUL,offensive_language,0.1734441167812469,0.7885248712283844,0.03803101199036865
sub2tim,neither,0.03945320844208391,0.33037608806864915,0.630170703489267
#AllTheWork via DBH - http://dbh.la/allthework // #AllTheWork via Meta Threads - https://goo.gl/N7ek65 // 100% of profit goes to St Jude!,neither,0.04417559914343678,0.11711238300096234,0.838712017855601
@darkvanom1905 tournament,neither,0.03945320844208391,0.33037608806864915,0.630170703489267
I Am Good Thanks @lowkeypopoki lupoK lupoR lupoR,neither,0.03592431589681103,0.30936106456210477,0.6547146195410841
@wadewatts2 it's true. I said I wanted to see fortnite and people start bashing me as a bad person.,neither,0.049061397138146806,0.3470362611296495,0.6039023417322036
NO THE FRO IS GONE!,neither,0.04577347692701694,0.3269922129286955,0.6272343101442874
ow shoe,neither,0.03945320844208391,0.33037608806864915,0.630170703489267
streamer loots,neither,0.03945320844208391,0.33037608806864915,0.630170703489267
DO YOU THINK THIS GAME WILL END UP BEATING FORTNITE?,neither,0.05238274161781687,0.3467460490865744,0.6008712092956087
stacked,neither,0.03945320844208391,0.33037608806864915,0.630170703489267
@ShmuGGz That's too logical for Twitch chat,neither,0.03282880218662825,0.34051057496948595,0.6266606228438858
is this game new dr lupo?,neither,0.05073066571391709,0.2042922309722238,0.7449771033138591
But it's covering the perm!!!,neither,0.034800890992728754,0.3251327774800493,0.640066331527222
No way,neither,0.03814847073940352,0.35698458620139334,0.6048669430592032
lupoLURK,neither,0.03945320844208391,0.33037608806864915,0.630170703489267
@DrLupo Farm some mats bro,neither,0.03300413608020332,0.34144483306506557,0.6255510308547311
Rad,neither,0.03945320844208391,0.33037608806864915,0.630170703489267
@melfi24 ty man,neither,0.03961933983461771,0.4054141257912207,0.5549665343741617
@shmuggz all I said is i wanted to watch fortnite. But thanks,neither,0.05495770504304715,0.3718823366566093,0.5731599583003436
"so who is apart of this challenge, i know @DrLupo, tim, summit, and shroud but is anyone else",neither,0.04575247530720834,0.3675350913158181,0.5867124333769735
LUL @Stubbornleech25 i still have hope occasionally.,neither,0.06428400464073888,0.2624144317978027,0.6733015635614584
lupoCREEP lupoCREEP @lady_wallflower,neither,0.03945320844208391,0.33037608806864915,0.630170703489267
@globfather76 so go watch fortnite?,neither,0.04994402950348169,0.40103696872058864,0.5490190017759297
This game is painful to watch,neither,0.059492240532681144,0.28673287370627215,0.6537748857610468
#,neither,0.03945320844208391,0.33037608806864915,0.630170703489267
llama 210,neither,0.03945320844208391,0.33037608806864915,0.630170703489267
lupoCREEP lupoCREEP,neither,0.03945320844208391,0.33037608806864915,0.630170703489267
just build Kappa,neither,0.03550692006841722,0.34889334721641246,0.6155997327151703
lupoHEY,neither,0.03945320844208391,0.33037608806864915,0.630170703489267
no fall damage?,neither,0.0386261685676785,0.34441311313938655,0.6169607182929349
"@globfather76 welp, good thing this is LUPO's stream and his decisions... go find someone who's playing fortnite if you want to watch that. SeemsGood",neither,0.06098035678713355,0.36391028419888144,0.575109359013985
llama 210,neither,0.03945320844208391,0.33037608806864915,0.630170703489267
@DrLupo Gets All the Loot,neither,0.04062501281453154,0.41740804909149753,0.5419669380939709
this game is so 80's it makes my face hurt,neither,0.03438364217470935,0.3917734833431777,0.573842874482113
radical heights when fortnite isnt down??,neither,0.03265015836967627,0.3639748331265161,0.6033750085038078
is it just me but when he starts engaging I think build build build..,neither,0.034031521882155434,0.37142555007536093,0.5945429280424838
"This is Lupo's stream, he will do what he finds fun at this moment. So this is what he wants.",neither,0.0631064834465588,0.3421006161812685,0.5947929003721728
i love this game so happy,neither,0.03522861057850323,0.34773386215195,0.6170375272695469
recycle the one you dont want? @DrLupo,neither,0.06081792671678754,0.41080933816525556,0.5283727351179569
agreed @TheAutokreig,neither,0.03945320844208391,0.33037608806864915,0.630170703489267
more money that way,neither,0.03700532696918395,0.37103576123092075,0.5919589117998953
@globfather76 dude just watch another fortnite streamer for a little while and ben maybe will go back to fort,neither,0.06837514919926735,0.24658730654372987,0.6850375442570028
emote mode in 3...2...,neither,0.03945320844208391,0.33037608806864915,0.630170703489267
@drlupo does this game have prone?,neither,0.026974017198616584,0.4147687947054486,0.5582571880959347
@melfi24 damn sorry I made 1 comment,offensive_language,0.04481484853889,0.7809725012137652,0.17421265024734486
@ShmuGGz I lost all hope for Twitch chat a long time ago but usually Lupo's isn't too bad,neither,0.04810028388807777,0.30451786649786633,0.647381849614056
radical heights is fun af i am so ok with this,neither,0.036497100581262196,0.380441942716644,0.5830609567020939
This game is not that bad. Appreciate the fact this game is in its 6th month of development and already runs better than rust or h1 did. lololol,neither,0.0379032282726438,0.3069468003682979,0.6551499713590583
Get jacked!,neither,0.03779508335914271,0.3585187980877974,0.6036861185530599
@DrLupo You should be grabbing extra and duplicate gold weapons to recycle them for the $$$$$,neither,0.06850937695741581,0.31323378918632994,0.6182568338562543
!multi,neither,0.03945320844208391,0.33037608806864915,0.630170703489267
Yes it has proms,neither,0.03802994778539771,0.3215115744591676,0.6404584777554345
Multi-Stream Link: http://kadgar.net/live/drlupo/timthetatman,neither,0.03993770193144703,0.2602568920393204,0.6998054060292326
Prone,neither,0.03945320844208391,0.33037608806864915,0.630170703489267
lupoCREEP,neither,0.03945320844208391,0.33037608806864915,0.630170703489267
"Honestly chat, if you're looking for Fortnite gameplay AND still want to support Lupo, go watch and sub to his YouTube.",neither,0.08839441177553213,0.30211573943272746,0.6094898487917405
!setmulti,neither,0.03945320844208391,0.33037608806864915,0.630170703489267
"@Siulaim -> The command ""!multi"" has been edited successfully.",neither,0.038911921397275694,0.31874189408574216,0.6423461845169822
@globfather76 but you wont let it go. go find a other stream if you want to watch fortnite,neither,0.042466202614143904,0.39340834963939414,0.564125447746462
i have never played but i can imagine its always nice to change things up,neither,0.03253035051438987,0.4252387621430483,0.5422308873425618
FortLlama FortLlama FortLlama FortLlama FortLlama FortLlama FortLlama FortLlama FortLlama FortLlama FortLlama FortLlama FortLlama FortLlama,neither,0.03945320844208391,0.33037608806864915,0.630170703489267
LUPO can do what he wants. that's all good. sorry everyone is getting but hurt over me saying I wanted to see fortnite lol.,offensive_language,0.030677507070167052,0.5089858115616879,0.460336681368145
Can’t you sell guns in this?,neither,0.05657213468175435,0.37467776244926965,0.568750102868976
You need more wood! @drlupo,neither,0.060770776109063264,0.3692916864789899,0.5699375374119469
"This game is cool, just let it sink in lupoTRIG",neither,0.027686111949754125,0.3381860157690379,0.6341278722812079
lupoYE lupoTHINK @Kaph,neither,0.03945320844208391,0.33037608806864915,0.630170703489267
Do you only get the in game money if you win or do you keep what you had up until elimination??,offensive_language,0.06920946096468952,0.47913434327065113,0.4516561957646594
@globfather76 DrLupo is playing another game. You can watch another streamer. It doesn’t mean you don’t support DrLupo. Maybe try it out and see if you like watching this game.,neither,0.1449717242108968,0.28500523305392783,0.5700230427351752
its the breaking bad van,neither,0.030787684414147174,0.31847383962013753,0.6507384759657154
That was too close lupoS,neither,0.03452881770343053,0.3868340986354553,0.5786370836611142
is that a trampoline lol,offensive_language,0.031234764458235025,0.5001993007836095,0.46856593475815556
Whew,neither,0.03945320844208391,0.33037608806864915,0.630170703489267
Snacking burgers,neither,0.03945320844208391,0.33037608806864915,0.630170703489267
LUPO AUG!!!,neither,0.03945320844208391,0.33037608806864915,0.630170703489267
royal with cheese... love the simpsons reference,neither,0.03034138088992904,0.3517750621404032,0.6178835569696678
lupoHYPE lupoHYPE lupoHYPE,neither,0.03945320844208391,0.33037608806864915,0.630170703489267
!keyboard,neither,0.03945320844208391,0.33037608806864915,0.630170703489267
CMStorm Quickfire Rapid: http://amzn.to/2zE9FC2 // Logitech G513: http://amzn.to/2FM5GYb,neither,0.054540986868527604,0.0953510767306877,0.8501079364007846
Walter white in that RV,hate_speech,0.656721437994567,0.342320860003352,0.0009577020020811944
I love your name Sub2Tim LUL,neither,0.06501970428061185,0.3349593523831338,0.6000209433362543
Llama 300,neither,0.03945320844208391,0.33037608806864915,0.630170703489267
wtf is this game,offensive_language,0.05290743976225659,0.564264653433393,0.3828279068043504
nooooo,neither,0.03945320844208391,0.33037608806864915,0.630170703489267
I wish I could eat a burger in one bite haha,neither,0.03600194797289185,0.39990895280734984,0.5640890992197584
please,neither,0.03945320844208391,0.33037608806864915,0.630170703489267
@chat why feed him responses to continue the convo,neither,0.03540220619207942,0.32904857358005885,0.6355492202278618
llama,neither,0.03945320844208391,0.33037608806864915,0.630170703489267
Isnt that a pulp fiction reference?,neither,0.036631393179545384,0.3609172397846263,0.6024513670358285
lupo1 lupo2,neither,0.03945320844208391,0.33037608806864915,0.630170703489267
@itsfataldestiny same hahaha,neither,0.04068059059325081,0.34155580380888506,0.617763605597864
it is,neither,0.059603583318096655,0.32344545014120724,0.616950966540696
FortLlama FortLlama FortLlama FortLlama FortLlama FortLlama FortLlama,neither,0.03945320844208391,0.33037608806864915,0.630170703489267
BEHAVE CHAT,neither,0.03945320844208391,0.33037608806864915,0.630170703489267
@DoodlesDad yes,neither,0.03945320844208391,0.33037608806864915,0.630170703489267
Everyone is cool. We’re fine. lupo3 lupo3 lupo3 Can we get a smile in chat??,neither,0.05053277285005129,0.38024058002836436,0.5692266471215842
lupoBUSH lupoBUSH lupoBUSH lupoBUSH,neither,0.03945320844208391,0.33037608806864915,0.630170703489267
@doodlesdad yes it is,neither,0.0504428408951861,0.3265962495318096,0.6229609095730043
lets goooo lupo!!,neither,0.03868305123800957,0.34344766577192837,0.6178692829900622
lupoK,neither,0.03945320844208391,0.33037608806864915,0.630170703489267
lupo are there any games that you are not good at?,neither,0.10135031516127266,0.3083398087829708,0.5903098760557566
lupoBUSH lupoBUSH lupoBUSH,neither,0.03945320844208391,0.33037608806864915,0.630170703489267
lupoK,neither,0.03945320844208391,0.33037608806864915,0.630170703489267
lupo3 lupo3 lupo3 lupo3 lupo3,neither,0.03945320844208391,0.33037608806864915,0.630170703489267
!whereistim,neither,0.03945320844208391,0.33037608806864915,0.630170703489267
Probably Down.,neither,0.03772518113020071,0.35970522134322364,0.6025695975265757
Love you lupo lupoLOVE,offensive_language,0.079837142191777,0.5038574454704381,0.4163054123377849
lupo3,neither,0.03945320844208391,0.33037608806864915,0.630170703489267
lupo3 lupo3 lupo3 lupoYE,neither,0.03945320844208391,0.33037608806864915,0.630170703489267
lupo3 lupo3 lupo3 lupo3 lupo3 lupo3 lupo3 lupo3 lupo3 lupo3 lupo3 lupo3 lupo3 lupo3 lupo3,neither,0.03945320844208391,0.33037608806864915,0.630170703489267
"dat lupoBOOTY has me all ""stupid sexy flanders""",neither,0.12277996035408764,0.3129589372071746,0.5642611024387377
lupo3,neither,0.03945320844208391,0.33037608806864915,0.630170703489267
lupo3 lupo3 lupo3,neither,0.03945320844208391,0.33037608806864915,0.630170703489267
lupoK,neither,0.03945320844208391,0.33037608806864915,0.630170703489267
lupo3 lupo3 lupo3 lupo3,neither,0.03945320844208391,0.33037608806864915,0.630170703489267
Come on chat spam those lupo3 lupo3 lupo3,neither,0.05541929145625445,0.3040700333230748,0.6405106752206707
CLICK THEIR HEADS!,neither,0.03945320844208391,0.33037608806864915,0.630170703489267
lupo3 lupo3,neither,0.03945320844208391,0.33037608806864915,0.630170703489267
lupo3 lupo3 lupo3 lupo3 lupo3,neither,0.03945320844208391,0.33037608806864915,0.630170703489267
this game looks decent for alpha build,neither,0.03506572845327765,0.2853997357579806,0.6795345357887418
lupo3 lupo3 lupo3 lupo3 lupo3 lupo3 lupo3 lupo3 lupo3 lupo3 lupo3 lupo3 lupo3,neither,0.03945320844208391,0.33037608806864915,0.630170703489267
lupo3 lupo3 lupo3,neither,0.03945320844208391,0.33037608806864915,0.630170703489267
everyone lupo3 now or your banned,neither,0.05934270025372418,0.41527069665611305,0.5253866030901628
lupo3 lupo3 lupo3 lupo3 lupo3 lupo3 lupo3 lupo3 lupo3,neither,0.03945320844208391,0.33037608806864915,0.630170703489267
@artastic23 lupoCRINGE lupoDERP I cant freaking smile,neither,0.03945320844208391,0.33037608806864915,0.630170703489267
lupo3 lupo3 lupo3 lupo3,neither,0.03945320844208391,0.33037608806864915,0.630170703489267
lupo3 lupo3 lupo3 lupo3,neither,0.03945320844208391,0.33037608806864915,0.630170703489267
@twitchtvmac he is average at all games,neither,0.05462986113586368,0.4174653559294821,0.5279047829346544
Tim's bunny hopping and stunting around on his BMX bike. OMEGALUL,neither,0.050252346249993654,0.31659134383855286,0.6331563099114534
lupo3 lupo3 lupo3 lupo3 lupo3 lupo3 lupo3 lupo3 lupo3 lupo3 lupo3 lupo3 lupo3 lupo3 lupo3,neither,0.03945320844208391,0.33037608806864915,0.630170703489267
chat is he playing in tournament now?,neither,0.05001369963449208,0.3267438508898934,0.6232424494756146
Is this a PC only game? Looks kinda fun and I’d like to try it out on Xbox,neither,0.04763029197035796,0.3064326527881832,0.6459370552414587
lupo3,neither,0.03945320844208391,0.33037608806864915,0.630170703489267
lupo3 lupo3 lupo3 lupo3 lupo3 lupo3 lupo3,neither,0.03945320844208391,0.33037608806864915,0.630170703489267
this is fun...,neither,0.0524291893344324,0.3282568956619589,0.6193139150036087
#AllTheWork via DBH - http://dbh.la/allthework // #AllTheWork via Meta Threads - https://goo.gl/N7ek65 // 100% of profit goes to St Jude!,neither,0.04417559914343678,0.11711238300096234,0.838712017855601
Y'ALL some lames. I do support Lupo I watch every day. sorry I said I wanted to see fortnite jokingly. it's his stream he can do what he wants idc.,neither,0.08098594383767958,0.3452963070441501,0.5737177491181702
BUFFERING NO!,neither,0.036918905254960256,0.37338982715841207,0.5896912675866277
@crocanta yes,neither,0.03945320844208391,0.33037608806864915,0.630170703489267
bye,neither,0.03945320844208391,0.33037608806864915,0.630170703489267
lupoCRINGE lupoCRINGE,neither,0.03945320844208391,0.33037608806864915,0.630170703489267
lupo3 lupo3 lupo3 lupo3 lupo3 lupo3 lupo3 lupo3,neither,0.03945320844208391,0.33037608806864915,0.630170703489267
lupo3 lupoLOVE lupo3,neither,0.03945320844208391,0.33037608806864915,0.630170703489267
yeaaaaa,neither,0.03945320844208391,0.33037608806864915,0.630170703489267
lupoFLIP lupoFLIP lupoFLIP lupoFLIP lupoFLIP lupoFLIP,neither,0.03945320844208391,0.33037608806864915,0.630170703489267
GO DEPOSIT YOUR MONEY,neither,0.10260208961925935,0.32032641896893826,0.5770714914118025
lupo3 lupo3 lupo3 lupo3 lupo3 lupo3 lupo3 lupo3 lupo3 lupo3 lupo3 lupo3 lupo3 lupo3 lupo3 lupo3,neither,0.03945320844208391,0.33037608806864915,0.630170703489267
@GeneraIPatten PC only currently,neither,0.03945320844208391,0.33037608806864915,0.630170703489267
Actively clicking their heads,neither,0.03945320844208391,0.33037608806864915,0.630170703489267
I’m curious how a battle royal game where you start out as a mortal but can pick up different god powers would play out. No guns but like melee and super powers etc,neither,0.041769057318464906,0.3324405795141452,0.62579036316739
lupoHYPE lupoHYPE,neither,0.03945320844208391,0.33037608806864915,0.630170703489267
lupo1 lupo2 lupo3 lupo4,neither,0.03945320844208391,0.33037608806864915,0.630170703489267
"@jmondello97 awsome, did he fight any other stramer yet?",neither,0.04426081522385107,0.32872253164069376,0.6270166531354553
lupoNINJA lupoYE lupoHYPE,neither,0.03945320844208391,0.33037608806864915,0.630170703489267
"@stubbornleech25 got it, thanks dude!",neither,0.03394034189773558,0.3608003533558548,0.6052593047464098
lupo3 lupo3 lupo3,neither,0.03945320844208391,0.33037608806864915,0.630170703489267
The AUG is an absolute laser,neither,0.04845051581655316,0.30243442032956774,0.6491150638538792
@MochaChief id play it,neither,0.03769022661659745,0.3309824583610278,0.6313273150223748
lupo1 lupo2,neither,0.03945320844208391,0.33037608806864915,0.630170703489267
"Very, very slow @MochaChief",neither,0.03945320844208391,0.33037608806864915,0.630170703489267
lupo3 lupo3 lupo3,neither,0.03945320844208391,0.33037608806864915,0.630170703489267
@globfather76 we love you man dont worry hope to see you again when ben is playing fort,neither,0.09035217747425307,0.4124305620366102,0.4972172604891368
lupo1 lupo2,neither,0.03945320844208391,0.33037608806864915,0.630170703489267
lupo4 lupo3,neither,0.03945320844208391,0.33037608806864915,0.630170703489267
roof?,neither,0.03945320844208391,0.33037608806864915,0.630170703489267
SPIN TO WIN!,neither,0.046528178201264835,0.32624883642689956,0.6272229853718356
Why do I get the feeling Lupo was sandbagging the whole time during practice. 😀,neither,0.030974228403411023,0.33865365465628233,0.6303721169403067
on top of building,neither,0.036502144273151,0.3445664974699291,0.6189313582569199
guy on rood?,neither,0.03395935955468992,0.36687670736008093,0.5991639330852292
roof,neither,0.03945320844208391,0.33037608806864915,0.630170703489267
he can either deposit money now or double it if he wins,neither,0.03255870119362877,0.3611607395367997,0.6062805592695715
lupo1 lupo2,neither,0.03945320844208391,0.33037608806864915,0.630170703489267
