text,top_class,hate_speech,offensive_language,neither
I need to sample these rival coffees,neither,0.05289570456823409,0.3833628566511858,0.5637414387805801
Run that medic!,neither,0.03321315841251939,0.39891480067160434,0.5678720409158763
"@DrLupo I guess its like every BF, fun for some time then gets boring. Then theres more added, interesting agian, but getting old fast. New BF",neither,0.03391734076752406,0.3324948000667027,0.6335878591657733
You're my favorite streamer man! Keep up the great work!,neither,0.05006495465339579,0.47048672976782774,0.4794483155787763
Madrinas is not life line,neither,0.04299739752788983,0.4021946329818546,0.5548079694902556
@crazyclew don't demand Charlie. it's creepy,neither,0.005829194229481282,0.035647157785805114,0.9585236479847136
@drlupo who you playing with?,offensive_language,0.044104814380462244,0.5635011922849035,0.3923939933346343
Does Chair play other games or only Fornite?,neither,0.029214084693060857,0.4250980338234085,0.5456878814835306
"@kittykat_086 I understand, lupoLOVE",neither,0.03945320844208391,0.33037608806864915,0.630170703489267
what a weirdo smh,neither,0.06109464666545978,0.3208639520565274,0.6180414012780129
how can i get the alpha?,neither,0.03829547503718437,0.3179761240477556,0.64372840091506
lupoLURK,neither,0.03945320844208391,0.33037608806864915,0.630170703489267
"@blainethebmf The people on Lupos team are Typical Gamer, Vikkstar, and Samara Redway",neither,0.08085822658957363,0.26361767400174185,0.6555240994086846
@careless1121 Ahhh haha forgot the 4th is wednesday hahaha,neither,0.04096203468199933,0.36219600590606393,0.5968419594119367
@drlupo Can you explain what 60 Hz server means,neither,0.05931012117133031,0.36127087508763006,0.5794190037410396
lupoHEY lupoHEY lupoHEY lupoHEY lupoHEY lupoHEY lupoHEY lupoHEY lupoHEY lupoHEY lupoHEY lupoHEY lupoHEY lupoHEY lupoHEY lupoHEY lupoHEY lupoHEY,neither,0.03945320844208391,0.33037608806864915,0.630170703489267
Was a barista for years...can confirm that lupos lifeline is one of the best roasts ive had. @DrLupo,neither,0.03703108176572705,0.33719753893688414,0.6257713792973888
lupoHYPE gingHype joyyHYPE supers31SaltBOMB elsixxHYPE,neither,0.03945320844208391,0.33037608806864915,0.630170703489267
Wait he actually gets mad if we ask to see charlie?,neither,0.007489884065239155,0.07057760120106249,0.9219325147336984
@lucky918 thank you though!! lupoLOVE,neither,0.06260798172608213,0.40597503043362565,0.5314169878402922
exactly @0nlyTeJay lupoK,neither,0.03945320844208391,0.33037608806864915,0.630170703489267
@shwishman it's closed. You have to get an invite,neither,0.058031961954466145,0.3770232377784099,0.5649448002671239
!replay,neither,0.03945320844208391,0.33037608806864915,0.630170703489267
!game,neither,0.03826383497213389,0.24674689817812728,0.7149892668497387
@lukeshieldz -> drlupo is playing Battlefield V,neither,0.05451406670164796,0.32519596828845504,0.6202899650098971
Thanks for the answer,neither,0.031145843721393653,0.2727371760688673,0.696116980209739
idk if I wanna get it for xbox or pc,neither,0.023357410888738047,0.3521916960133709,0.624450893097891
Dr Lupo the goat,neither,0.03856374663202617,0.31410932011775894,0.6473269332502148
@drlupo will you be playing with ninja in the Red Bull event ?,neither,0.04125683961597554,0.3573046093232568,0.6014385510607676
I demand Shoe in 11 days,neither,0.03945320844208391,0.33037608806864915,0.630170703489267
@garythegoose it's creepy when people demand he bring his 2 year old on stream,neither,0.0649981384060088,0.36490714055899803,0.5700947210349933
lupo3,neither,0.03945320844208391,0.33037608806864915,0.630170703489267
BF3 was probably my fav game to play ever,neither,0.03348815464640871,0.376173298237308,0.5903385471162833
"Lupo, drive the Tesla into the room and leave it there LUL",neither,0.0331482710932195,0.3392745836045526,0.627577145302228
nadeshot under fire for 100t management,neither,0.03449487641037682,0.3056041332373758,0.6599009903522473
@garythegoose it's demanding to see his kid. It's kinda creepy,neither,0.05832700540916169,0.33416018768211425,0.6075128069087241
$80!!!!! jeez,neither,0.03945320844208391,0.33037608806864915,0.630170703489267
@lucky918 lupoK,neither,0.03945320844208391,0.33037608806864915,0.630170703489267
@garythegoose it's just a little creepy,neither,0.032905552553975564,0.35947135878214437,0.60762308866388
@pl3xtv yes,neither,0.03945320844208391,0.33037608806864915,0.630170703489267
@garythegoose asking to see someone's 2 year old is creepy brah,neither,0.0497942002223706,0.3257297705253096,0.6244760292523199
you will like so much snipe ppl on BF 5 @DrLupo its feel so good lupoHYPE,neither,0.047324837169706396,0.42707543271517256,0.5255997301151211
@BmanClan just go withpc bro,neither,0.03461414938584505,0.3669958192293594,0.5983900313847956
!sub,neither,0.03945320844208391,0.33037608806864915,0.630170703489267
Subscribe here: [ https://subs.twitch.tv/drlupo ] // Access to Discord server • Emotes • Sub badge • Increased thickness • Smell great,neither,0.05960140574381473,0.3011452464682766,0.6392533477879087
@garythegoose pretty creepy,neither,0.03945320844208391,0.33037608806864915,0.630170703489267
@garythegoose yeah...it’s creepy dude,neither,0.023249860339545663,0.4366833220048356,0.5400668176556188
"So this is Goat Simulator BR, right?",neither,0.044918849796502715,0.3798099003710372,0.57527124983246
"@DrLupo I'm not going to lie, I haven't been around for any of your game #ads. Do you give your honest opinion/reviews of the game even though it's an ad?",neither,0.06719651012854666,0.30456123565278537,0.628242254218668
Do you know anything about the netgear nighthawk x6? @drlupo or chat,neither,0.052469817836168275,0.37772231852890986,0.5698078636349218
why does it take so long to find a game,neither,0.02563915401837666,0.3774960041076289,0.5968648418739945
@ssg_muffin gingLove,neither,0.03945320844208391,0.33037608806864915,0.630170703489267
have you tried auto pilot mode on the Tezzz,neither,0.04636392949853285,0.3630350175801604,0.5906010529213067
@garythegoose yeah this is the internet people are weird and his job is to protect his son so yeah,neither,0.08901549591870675,0.40066627571665336,0.5103182283646398
@yolobeast63 yayyyyy I’m so fricken happy I get to meet you :) huge smile lupo3,neither,0.05525325046188414,0.3968342536210901,0.547912495917026
Scary?,neither,0.03945320844208391,0.33037608806864915,0.630170703489267
great servers they got here,neither,0.07518911927046303,0.3133756716878253,0.6114352090417117
@adamw7777 super low population. Such is life in alpha stages,neither,0.04227270896255086,0.3633736934408852,0.594353597596564
when will chair get sponsored for an ad?,neither,0.030459304148668598,0.32863159646076723,0.6409090993905643
Is he okay????? Holy shit,offensive_language,0.06186973211474813,0.9366233911580266,0.0015068767272252302
"6-Month SubscribervGoldenEagle bummer, thanks tho",neither,0.034713253601862684,0.3227610498662851,0.6425256965318522
So we're becoming a variety stream later this year @drlupo ? lupoCREEP,neither,0.04948772047802574,0.3422767855537052,0.6082354939682691
OUCH...$100 Canadian.,neither,0.03945320844208391,0.33037608806864915,0.630170703489267
Woot BFV!,neither,0.03945320844208391,0.33037608806864915,0.630170703489267
Well meet lupo haha not you @yolobeast63,neither,0.0492805443493146,0.4596996191795542,0.4910198364711312
@cutedogdude rocksPLS,neither,0.03945320844208391,0.33037608806864915,0.630170703489267
"@drlupo I preordered this months ago, I’m very excited to see you play!! I’m anxious to have it myself! lupoHYPE lupoHYPE lupoHYPE lupoHYPE",neither,0.05566601959605274,0.35676562509254084,0.5875683553114064
tim just called you Dr. Disrepect,neither,0.04882148740103537,0.3914011980549205,0.5597773145440441
@outkasted_aeon lupoLURK lupoLURK,neither,0.03945320844208391,0.33037608806864915,0.630170703489267
is this the battle royal mode??,neither,0.04459516904036192,0.3176015417466277,0.6378032892130104
If matchmaking is broken this might be a rough #Ad for them :/,neither,0.035369744781425516,0.34241596488092463,0.6222142903376499
I mean I can see how it it creepy for someone to demand that.,neither,0.035426268087061646,0.3325560207877027,0.6320177111252357
TIM SAID TO MAKE SURE EVERYTHING WAS UPDATED OR THE GAME WONT LAUNCH. YOU SURE EVERYTHINGS UP TO DATE?,neither,0.04465045725633377,0.4688958814566586,0.4864536612870077
mallzombie89 no,neither,0.036918905254960256,0.37338982715841207,0.5896912675866277
hahaha tim just called you Dr. Disrepect,neither,0.04771182160017051,0.3843876602118675,0.5679005181879618
"Okay, cool. Awesome to hear",neither,0.045292865333933216,0.3269503034481088,0.6277568312179579
hey lupo looking to buy a final mouse would u recommend it over the g502,neither,0.0396115784092545,0.3167956892253995,0.643592732365346
@cutedogdude gingWave,neither,0.03945320844208391,0.33037608806864915,0.630170703489267
lupoJ,neither,0.03945320844208391,0.33037608806864915,0.630170703489267
yo tim just called you Dr. Disrepect,neither,0.048654565767674664,0.45364946746925916,0.4976959667630661
@jnachlis doctorWARCRY doctorWARCRY,neither,0.03945320844208391,0.33037608806864915,0.630170703489267
@mallzombie89 no,neither,0.036918905254960256,0.37338982715841207,0.5896912675866277
@DesignGears rocksHI,neither,0.03945320844208391,0.33037608806864915,0.630170703489267
@vgoldeneagle HEY BB rocksLOVE,neither,0.03945320844208391,0.33037608806864915,0.630170703489267
You playing with or against Tim?,neither,0.04284861531708912,0.38401565987441155,0.5731357248084993
Youre wonky Kappa,neither,0.04938219113544904,0.326961055620917,0.623656753243634
yoooooo tim just called you Dr. Disrepect,neither,0.04882148740103537,0.3914011980549205,0.5597773145440441
ninja's stream says the bf5 thing is in 1 hour?,neither,0.04416096199834188,0.317693309015133,0.6381457289865252
@outkasted_aeon alexiaHey,neither,0.03945320844208391,0.33037608806864915,0.630170703489267
if the DLC wasn't free would you still get it? @DrLupo,neither,0.03216016921089896,0.40261775122537197,0.5652220795637292
lupoLURK lupoHEY,neither,0.03945320844208391,0.33037608806864915,0.630170703489267
"It might need a patch but, i doubt it",neither,0.03492123681737627,0.3371544852098156,0.6279242779728081
!opinion terrible LUL,neither,0.03945320844208391,0.33037608806864915,0.630170703489267
@drlupo Good Afternoon Ben,neither,0.0388820989323657,0.3305725188176119,0.6305453822500223
@jnachlis no need to repeat it every minute,neither,0.04276693264560678,0.3378753770546603,0.619357690299733
@DrLupo will you be giving away any alpha codes?,neither,0.053555746351675426,0.3312021609450932,0.6152420927032314
...Ninja said BF is delayed 1 hour......,neither,0.045889729573800005,0.32816227330089726,0.6259479971253026
@DrLupo Have to leave for a bit but ill see you and chat in a couple of hours. Goodluck and get that revenge for Bebop,neither,0.0384372240028898,0.31341657340731127,0.6481462025897989
"completely love lups, but also totally despise ea. i respect lups decision, but I think i'll just be back when this specific sponsored content ends. loves all . lupoLOVE",neither,0.032010136011180745,0.3906079004628848,0.5773819635259344
!uptime,neither,0.03945320844208391,0.33037608806864915,0.630170703489267
@Siulaim is that you in the background holdin the gun? lupoAIM chariSPOOP,neither,0.052907099497051024,0.36512716254802263,0.5819657379549263
3 hours 35 minutes 51 seconds,neither,0.03945320844208391,0.33037608806864915,0.630170703489267
@ssg_muffin inconHi,neither,0.03945320844208391,0.33037608806864915,0.630170703489267
i'm surprised the game isn't free with multiple $100 DLC packs Kappa,neither,0.033286324834831474,0.32010141425546534,0.6466122609097033
Good things it's just an alpha.,neither,0.03416238662240949,0.3446510565733903,0.6211865568042003
Chataroonie,neither,0.03945320844208391,0.33037608806864915,0.630170703489267
Back in a few.,neither,0.03945320844208391,0.33037608806864915,0.630170703489267
I thought it was 2PM ET 1PM CT?,neither,0.040958146538808804,0.23665972961287773,0.7223821238483134
Ninja just said the battlefield stream got pushed up a hour,neither,0.033929062050126996,0.3913758638548031,0.5746950740950699
hey lupo looking to buy a final mouse would u recommend it over the g502,neither,0.0396115784092545,0.3167956892253995,0.643592732365346
Lupo booted from closed Alpha,neither,0.04045600518132955,0.31335601031270693,0.6461879845059637
it says 11 pst on the banner,neither,0.03537001152919199,0.32841646907521227,0.6362135193955957
what do you like the most about Battlefield 5 so far,neither,0.07514029406829932,0.43859871273840295,0.48626099319329763
"......Ninja was told it is delayed 1 hour"".....",neither,0.04474627283382032,0.3302125612454811,0.6250411659206985
too much people playing .. servers cant handle,neither,0.05506967320879222,0.3331349862726022,0.6117953405186055
@theshadowhand you mean free with $20 skins every week or so? lupoK,neither,0.04095123569720043,0.4197002097749575,0.539348554527842
Server browser may work better?,neither,0.041146210564883705,0.3016414236612796,0.6572123657738367
can you just manually pick a server and jump in?,neither,0.05117755061204233,0.2828760866752938,0.6659463627126638
The tweet says 11am Pacific,neither,0.03866018342908882,0.31591182234921045,0.6454279942217008
yep ninja said 1 hour delay on battlefield,neither,0.037252774282533464,0.34088174178800557,0.6218654839294608
Yo,offensive_language,0.04010381111145228,0.5271105317972344,0.4327856570913131
Definitely doesn’t start for another hour,neither,0.0681405201489618,0.2517202371105236,0.6801392427405146
@vGoldenEagle oh right lupoCORN,neither,0.046546136717205866,0.2792779416222994,0.6741759216604947
(that you retweeted last night),neither,0.04275576961334167,0.4573852655763429,0.49985896481031544
CoolCat CoolCat CoolCat hey lupo we found a young seal and called it lupo lupoNERD lupoLOVE,neither,0.03586410951954708,0.33966830368954387,0.6244675867909091
@DrLupo Ninja says delayed for one hour to 1cent,neither,0.03877976561224686,0.3276351546599845,0.6335850797277687
Ninja just said the battlefield stream got pushed up a hour,neither,0.033929062050126996,0.3913758638548031,0.5746950740950699
@drlupo,neither,0.03945320844208391,0.33037608806864915,0.630170703489267
"""Messin' with Sasquatch DLC season pass only $1000, get now pre-order""",neither,0.03400463530012046,0.3500968116605711,0.6158985530393084
lupoFLIP,neither,0.03945320844208391,0.33037608806864915,0.630170703489267
@DrLupo its delayed :(,neither,0.02700859978372578,0.3346563596412867,0.6383350405749875
@bigjay35 pushed up would mean it started an hour ago,neither,0.03664864950469821,0.3568960463589592,0.6064553041363426
"good old battlefield problems, never gets old",neither,0.03603397401066387,0.3606672952314534,0.6032987307578828
deadass,neither,0.03945320844208391,0.33037608806864915,0.630170703489267
Their tweet from yesterday says 2 pm eastern,neither,0.04015318589143688,0.3184956439575566,0.6413511701510065
@DrLupo Your tweet you retweeted last night says 1 pacific,neither,0.08245354032327623,0.36922845143606786,0.5483180082406559
BFV YASSSSSSS,neither,0.03945320844208391,0.33037608806864915,0.630170703489267
hey lupo looking to buy a final mouse would u recommend it over the g502,neither,0.0396115784092545,0.3167956892253995,0.643592732365346
11 . pacific,neither,0.03945320844208391,0.33037608806864915,0.630170703489267
Nudes? lupoCREEP,neither,0.03945320844208391,0.33037608806864915,0.630170703489267
Tim did too,neither,0.03917766647183248,0.3350527544110555,0.6257695791171121
@DrLupo You missed my resub,offensive_language,0.042433179476609836,0.532604019591415,0.424962800931975
@DrLupo the servers are up i just checked but its taking a while to connect,neither,0.044995252838291366,0.3409178362846073,0.6140869108771013
its okay :),neither,0.031097382911054045,0.3332500396301846,0.6356525774587612
11 pacific,neither,0.03945320844208391,0.33037608806864915,0.630170703489267
"@antipaw if you prefer a light mouse, yes",neither,0.03492443416331036,0.4088000338599212,0.5562755319767684
ninja is playing with tsm,neither,0.03607236891872413,0.3571236795163953,0.6068039515648807
Is this the story mode that he's about to play,neither,0.05019588929768247,0.36275403020855806,0.5870500804937595
"mondays are hard, I can't type :(",offensive_language,0.04959127950538008,0.49156336043617166,0.45884536005844817
chat. ur cute,neither,0.06904823357557013,0.28850766247850324,0.6424441039459265
irl stream!!!! tesla drive!!!,neither,0.03412751474993214,0.42076700897744856,0.5451054762726193
working as intended,neither,0.03760905738431553,0.36167614436972223,0.6007147982459622
gosh is this game alpha or something Kappa,neither,0.043872808192585204,0.3035340920167388,0.6525930997906759
Do you always have to do a #ad or is that so others know you’re being paid to do it?,neither,0.07872126015101957,0.44785312265770993,0.4734256171912704
lupoHEY lupoHEY lupoHEY,neither,0.03945320844208391,0.33037608806864915,0.630170703489267
@garythegoose he's looking at how to fix the tech issues. He'll catch up on them,neither,0.053110282704966635,0.3602683053606985,0.5866214119343348
@cutedogdude lupoPLS lupoLOVE,neither,0.03945320844208391,0.33037608806864915,0.630170703489267
@mongelli26 both,neither,0.03945320844208391,0.33037608806864915,0.630170703489267
lupoDERP lupoDERP,neither,0.03945320844208391,0.33037608806864915,0.630170703489267
I dont know how resubs still ask to be shouted out,neither,0.040795283415921084,0.36028021404521965,0.5989245025388593
"Happy Monday, Lupo! Hope you have a great stream!",neither,0.08035742733013485,0.2599076148494423,0.6597349578204229
@Mongelli26 if it's sponsored content you are required by law to tell people,neither,0.078339292283489,0.39290728141938386,0.5287534262971273
@DrLupo You should root your Tesla's computer. I know someone that did that.,neither,0.08143199613896278,0.4478611960313547,0.47070680782968255
They're resubbing. they know the drill,neither,0.05390833665749937,0.29256439345564766,0.6535272698868531
I thin it's a legit law to #ad,neither,0.04297623026392548,0.32802854965025074,0.6289952200858238
@slicendyess cool thanks!,neither,0.0367426274230533,0.3076780315905544,0.6555793409863925
whats good,neither,0.03862477639939439,0.3306610238363805,0.6307141997642249
@Mongelli26 I think it may be required by Twitch now but either way it's a good practice so viewers know you're being paid for what you're saying during that time,neither,0.056725685176154575,0.3974880645376034,0.545786250286242
"is this when we turn into helpdesk, chat?",neither,0.03661858962210526,0.37390656150806945,0.5894748488698253
lupoJ lupoCHAIR lupoCHAIR lupoCHAIR lupoCHAIR lupoCHAIR lupoCHAIR lupoCHAIR lupoCHAIR lupoCHAIR lupoCHAIR lupoCHAIR lupoCHAIR,neither,0.03945320844208391,0.33037608806864915,0.630170703489267
Hey chat,neither,0.03945320844208391,0.33037608806864915,0.630170703489267
lupoHEY,neither,0.03945320844208391,0.33037608806864915,0.630170703489267
@Siulaim Yes i have been looking for lighter mouse because jee my shoulders are even in pain after a full day of gaming hahaha,neither,0.047687761814747834,0.3378270956570143,0.6144851425282379
@siulaim oh cool. Didn’t know that thanks!,neither,0.02601468396899081,0.3455582520193333,0.6284270640116758
"I’m excited to see this game in action, haven’t caught any streams of it yet",neither,0.04172388225469785,0.30649365691068053,0.6517824608346217
Gotta love the chat 1,neither,0.03382557732600622,0.35824671643616773,0.607927706237826
lupoCRINGE lupoCRINGE lupoCRINGE lupoCRINGE lupoCRINGE lupoCRINGE lupoCRINGE,neither,0.03945320844208391,0.33037608806864915,0.630170703489267
how do i get my twitch prime loot for fortite?,neither,0.027905009916453675,0.3743536588078377,0.5977413312757085
@DrLupo ;),neither,0.03945320844208391,0.33037608806864915,0.630170703489267
@unnecessaryaccessory I'm already helpdesk danMean,neither,0.03738043260619613,0.36555650351753366,0.5970630638762703
EA having server issues? I would have never anticipated that Kappa,neither,0.03412777224566319,0.38176110901174864,0.5841111187425881
@unnecessaryaccessory chat is always unsolicited helpdesk lupoTHINK,neither,0.044605189246947084,0.3742256437335224,0.5811691670195306
lupoHYPE lupoHYPE lupoHYPE lupoHYPE lupoHYPE lupoHYPE lupoHYPE,neither,0.03945320844208391,0.33037608806864915,0.630170703489267
!fortprime @nfiorentino13,neither,0.03945320844208391,0.33037608806864915,0.630170703489267
lupocringe,neither,0.03945320844208391,0.33037608806864915,0.630170703489267
Get exclusive Fortnite loot by linking your Epic Games Account and Twitch accounts here: https://goo.gl/BLtiaP,neither,0.08064217923219472,0.3112352158730932,0.608122604894712
Homie any adviced to a newly wed?,neither,0.04562209842721201,0.3267626276448706,0.6276152739279175
im shleep cuh,neither,0.03828353869241106,0.3747315050602477,0.5869849562473411
@vgoldeneagle got it. Thanks!,neither,0.03275419548383467,0.36784371976938096,0.5994020847467842
did everyone get the time wrong?,neither,0.03189722280912549,0.433299837759573,0.5348029394313014
hi,neither,0.03945320844208391,0.33037608806864915,0.630170703489267
@blueezero Communication,neither,0.03945320844208391,0.33037608806864915,0.630170703489267
Loading screen looks sick!!! lupoHYPE lupoHYPE,neither,0.03945320844208391,0.33037608806864915,0.630170703489267
@BlueeZero Communication is everything,neither,0.047602724004712896,0.3275730959657146,0.6248241800295725
I mean these are effectively pre-alpha servers. Not surprising there are issues,neither,0.07270662747322194,0.29297144876998366,0.6343219237567944
@DrLupo will you be giving away any alpha codes?,neither,0.053555746351675426,0.3312021609450932,0.6152420927032314
is this the battle royale mode??,neither,0.04558754587020234,0.31538381880687116,0.6390286353229266
lupoDERP,neither,0.03945320844208391,0.33037608806864915,0.630170703489267
mallzombie89 no,neither,0.036918905254960256,0.37338982715841207,0.5896912675866277
i love how we memed Lupo into a Tesla,neither,0.03564110067792184,0.35071657655852545,0.6136423227635528
you think lupo ever feels like chat is needy?,neither,0.07013870162865433,0.3671939760918566,0.5626673222794891
Playground will probably be released by the time @DrLupo finds a game lupoCRINGE lupoCRINGE lupoCRINGE,neither,0.03880029065890347,0.33204590972780385,0.6291537996132927
dibs,neither,0.03945320844208391,0.33037608806864915,0.630170703489267
wait is it now or in an hour?,neither,0.04545488636322015,0.32370904256194194,0.6308360710748377
:O TO GIVE AWAY?,neither,0.05178175823044191,0.29098362204314454,0.6572346197264135
Hellllllllll yeah,offensive_language,0.013968601452186464,0.5182923869769311,0.4677390115708824
*raises hand*,neither,0.03945320844208391,0.33037608806864915,0.630170703489267
mallzombie89 there isn't going to be BR at launch... next year.,neither,0.042614807070424365,0.3479001618313924,0.6094850310981833
no dm them all to me instead,neither,0.05216429855263844,0.4359292448906167,0.5119064565567447
Are the codes only good for PC?,neither,0.050869030928782866,0.26363689622022096,0.6854940728509963
are codes only for PC? or Console as well?,neither,0.04788071167874475,0.3056607216945644,0.6464585666266909
!team,neither,0.03945320844208391,0.33037608806864915,0.630170703489267
Ooooooo,neither,0.03945320844208391,0.33037608806864915,0.630170703489267
@ejohnson097 in an hour,neither,0.03985402390706364,0.3235732035829346,0.6365727725100018
wassup,neither,0.33529425248498695,0.08556156890646638,0.5791441786085466
Alpha codes you say?!???,neither,0.05421970594787165,0.37224074874139024,0.5735395453107381
there's not gonna be the br mode in alpha or beta from what they said,neither,0.0413741614864025,0.3158499574345125,0.642775881079085
If you get SUB2TIM vanity plates I won't sub2tim ill sub to you lul,neither,0.04895949638259507,0.4296941752208433,0.5213463283965616
@BlueeZero make time to sit down and just talk about how things are going at least once a week. Be real about your feelings and cultivate that space.,neither,0.0427792751171307,0.4074413918916184,0.5497793329912509
I think the entire beta is PC only isn't it,neither,0.043290806775012194,0.3128893270980404,0.6438198661269474
are the codes PC only?,neither,0.05968575717635879,0.2792806478402674,0.6610335949833738
lupoCREEP,neither,0.03945320844208391,0.33037608806864915,0.630170703489267
"@designgears thanks, didnt know that",neither,0.03344734390269304,0.3547330283715565,0.6118196277257505
Thanks guys,neither,0.03655862387837074,0.3098941200382932,0.6535472560833362
lupoCRINGE,neither,0.03945320844208391,0.33037608806864915,0.630170703489267
"Currently regretting eating lunch outside, currently sweating, real feel temp here is currently 103",neither,0.053202845473570154,0.3593874752765396,0.5874096792498902
ya no alpha on console,offensive_language,0.026146438984295826,0.5412342118816493,0.4326193491340548
"@a_black_rooster alpha is for sure, possible that beta may be other devices",neither,0.03555179575848852,0.40098473923217703,0.5634634650093344
when i go to the site to link my accounts it doesnt show for me. howdo i do it,neither,0.03332059550392114,0.35479194668499936,0.6118874578110794
hmm,neither,0.03945320844208391,0.33037608806864915,0.630170703489267
ninja says 1C,neither,0.03945320844208391,0.33037608806864915,0.630170703489267
Are the codes only for PC @DrLupo,neither,0.05216937392518748,0.2605203364341897,0.6873102896406227
when your internet is so shit that weh nsomeone havinga phonecall kills the internet,offensive_language,0.06511608371649678,0.911772884847891,0.02311103143561223
How’s the ole chatareeno,neither,0.03833279492313183,0.30974590981866856,0.6519212952581996
LUL,neither,0.03945320844208391,0.33037608806864915,0.630170703489267
@thebw2 ahh that makes sense thanks brother,neither,0.035241850579117044,0.34663179466485233,0.6181263547560306
He just told he's going to come take you out and you're going to tell him where you lie?,neither,0.09404307053630592,0.40506959339593557,0.5008873360677586
live,neither,0.04891340716200846,0.3271222919257548,0.6239643009122369
so glad they're changing conquest scoring back to how it should be,neither,0.06596104042081224,0.36539285372608576,0.568646105853102
how s nade,neither,0.03945320844208391,0.33037608806864915,0.630170703489267
@nfiorentino13 did you connect your amazon account to twitch?,neither,0.08444317196360548,0.3519644969877688,0.5635923310486257
Happy canada day today!,neither,0.038577997203889436,0.29719802407544416,0.6642239787206664
Canucks!!! Love it,neither,0.03506374805929893,0.3448386692086834,0.6200975827320176
yesterday happy Canada day,neither,0.03988272427399733,0.3177074236377336,0.6424098520882691
GOOOOOO BIIIIIIIG REEEEEED,neither,0.03945320844208391,0.33037608806864915,0.630170703489267
can chair play?,neither,0.039735442626729185,0.3255858373826914,0.6346787199905795
@DrLupo wow! lots of us canadians here,neither,0.14375827612028638,0.2811445724543203,0.5750971514253932
"@BlueeZero By communication, I mean everything. Talk about it if you're attracted to someone else. Argue and fight when you have to and talk through things",neither,0.03170938813490699,0.4028902464038349,0.5654003654612579
xD,neither,0.03945320844208391,0.33037608806864915,0.630170703489267
was yuesterday but yeah,neither,0.016141187091758803,0.4916849070728253,0.4921739058354158
What is this all aboot,neither,0.07311543482469783,0.44853168635199825,0.47835287882330396
Happy Canada Day eh!,neither,0.03986975417640232,0.3180913731620636,0.642038872661534
just gonna make em sticky,neither,0.03293651478123584,0.4129020369056285,0.5541614483131357
@GlNGERNlNJA sounds like you never lived through dial-up where picking up the phone actually killed the internet,neither,0.04695960619501186,0.3984338252424476,0.5546065685625405
....LUPO...Sarama is pronounced Saw. Mare. Ah ....,neither,0.045071018495027745,0.3284438655833769,0.6264851159215954
Who's he talking to?,neither,0.060716073587028206,0.415077995306012,0.5242059311069598
them fighting words,neither,0.05517452161503857,0.32167891166338825,0.6231465667215732
Did they have a good Canada Day?,neither,0.03886657343271276,0.3256341193757765,0.6354993071915107
blame Canada,neither,0.03945320844208391,0.33037608806864915,0.630170703489267
Happy Belated Canada Day,neither,0.03984074978447267,0.3189496454016485,0.6412096048138788
im also from Van! thats awesome lol,neither,0.03387564273915162,0.38222030409833946,0.5839040531625089
Brian Regan has bit on that,neither,0.03392607165562416,0.3739665079862522,0.5921074203581236
fast as fuck BOYE,offensive_language,0.1632290251418126,0.8366293561234037,0.00014161873478367142
Go Canada! gingCheer gingCheer gingCheer,neither,0.040870718720491604,0.33529760941023345,0.6238316718692749
Did he get his Timmy's this morning?,neither,0.07669385210004345,0.22708943616194516,0.6962167117380115
I this battle royale? I am not up to date on my battlefield news,neither,0.03068754572315178,0.44079550013313445,0.5285169541437138
Holy jeez those graphics are intense,neither,0.09489438844579887,0.22582795143174986,0.6792776601224512
Happy Belated Canada day to my fellow Canadians in chat............ <3,neither,0.0362250451383736,0.3702057851319859,0.5935691697296404
"Im from quebec, Canada !",neither,0.039679229481453825,0.3464479822760715,0.6138727882424747
Pre-order Battlefield V for open beta early access here: http://x.ea.com/48178,neither,0.0531196139715331,0.23770786587939907,0.7091725201490678
HEY GUYS ITS ME ITS VIKKSTAR123,neither,0.02486927890562125,0.3683747994566891,0.6067559216376897
Graphics are insanely good,neither,0.10276794720376736,0.23817422773317143,0.6590578250630611
my gtx 660 is screaming,neither,0.033384411522550894,0.43730077368188974,0.5293148147955594
I do that when jimmyjohns brings me food @DrLupo its always awkward....,neither,0.02355135062351902,0.44815907578992165,0.5282895735865594
wow that looks real,offensive_language,0.028537267488109454,0.5004853934522632,0.4709773390596274
@rockhouse581_yt -> You typed a banned word/phrase. [warning],neither,0.04928582229193501,0.3587322467147835,0.5919819309932816
vik bb awwwww lupoLOVE,neither,0.03945320844208391,0.33037608806864915,0.630170703489267
You too @catlady_kate,offensive_language,0.09022919656735712,0.47115072962115273,0.43862007381149015
Graphics are impressive for a closed alpha,neither,0.0517094899657781,0.2755897383649015,0.6727007716693204
@Paulyc1117 :),neither,0.03945320844208391,0.33037608806864915,0.630170703489267
Hi @Sorsax,neither,0.03945320844208391,0.33037608806864915,0.630170703489267
you sure can move quickly in this game,neither,0.04558364218266031,0.4355881576538924,0.5188282001634473
With ee's,neither,0.027334455349230877,0.37335740503004416,0.599308139620725
also the graphics are like woah,neither,0.07887492022501005,0.2835186273343796,0.6376064524406104
@rockhouse581_yt -> You typed a banned word/phrase.,neither,0.050576270773191004,0.3623114848967691,0.5871122443300398
Alright who are BF vets here - My first was 2142,neither,0.07088082757374792,0.3802877357444451,0.548831436681807
"@BlueeZero and be honest about everything. Remember this is the person you decided is worth your time and energy and love. People will change, so be open to that too.",neither,0.0825531256308009,0.3330351770394849,0.5844116973297142
"Guarantee your PC gaming performance with BLD by NZXT. The simplest way to get a customized gaming PC. Choose the games you want to play, set a budget, and BLD takes care of the rest. Built and shipped within 48 hours with a 2-year warranty. Check it out: https://nzxt.co/2KUwTu1",neither,0.044265905732985805,0.3394650731178416,0.6162690211491727
Oh ok,neither,0.04713570804197639,0.2590205851270262,0.6938437068309974
I just stabbed the roof of my mouth with the corner of a butter finger. My day is ruined,neither,0.025530881453637275,0.4106220862459129,0.5638470323004499
Thanks,neither,0.035884468650613,0.3004919205142699,0.6636236108351171
who is he playing w rn?,neither,0.055064714697669166,0.38999883919515743,0.5549364461071734
lupoLOVE lupoLOVE lupoLOVE lupoLOVE lupoLOVE So excited for this grind today!,neither,0.03326776577471508,0.32401334540880894,0.642718888816476
"@littlemurders The people on Lupos team are Typical Gamer, Vikkstar, and Samara Redway",neither,0.08085822658957363,0.26361767400174185,0.6555240994086846
