text,top_class,hate_speech,offensive_language,neither
My kids like watching the stream,neither,0.036367765477771284,0.4031847694214616,0.5604474651007673
I haven't been watching for a week or so. When is Carl the Llama playing? Also when does fortnite with ma happen?,neither,0.02071618592068047,0.47508442962260233,0.5041993844567173
it's like ketchup or catsup?,neither,0.050138751850957265,0.349388948131309,0.6004723000177338
I am her for Lupo! @DrLupo,offensive_language,0.020035334155237384,0.5815393672769903,0.39842529856777237
what game comes in 38 minutes?,neither,0.043016424219838825,0.29570196261533704,0.661281613164824
@DrLupo doing any raids today?,neither,0.037760393765793175,0.30418273307823973,0.6580568731559671
!merch,neither,0.03945320844208391,0.33037608806864915,0.630170703489267
Get your DrLupo merch here! - http://dbh.la/drlupo,neither,0.09391618982140856,0.22942543253281056,0.676658377645781
logitech bought blue??,neither,0.03945320844208391,0.33037608806864915,0.630170703489267
@DrLupo Is destiny 2 worth buying for console?,neither,0.04031241695412074,0.30838931770146694,0.6512982653444124
Dr. Lupo with Destiny? What a treat!!!,neither,0.034272717776933255,0.35698918657304773,0.608738095650019
@drlupo I'm here for your averageness,neither,0.24228673568969686,0.18917944048436885,0.5685338238259342
I freakin love it when you play D2 nowadays! <3,neither,0.038802341811444846,0.41630999862933965,0.5448876595592156
why are we here are you leaving us lupos,neither,0.24666118936891454,0.24233775935488094,0.5110010512762047
@DrLupo Enjoy Destiny! Back to work...,neither,0.04524432470379648,0.3269780187243331,0.6277776565718703
needed the wubs,neither,0.03825742109612947,0.30830648690722096,0.6534360919966495
Pokemon Snap reference @DrLupo ??,neither,0.03945320844208391,0.33037608806864915,0.630170703489267
just got my next coffee order. Love it.,neither,0.029787141799571745,0.3399882776839766,0.6302245805164518
Lupo playing D2 lupoLOVE lupoPLS lupoPOGGERS,neither,0.03945320844208391,0.33037608806864915,0.630170703489267
https://clips.twitch.tv/WildEnthusiasticTardigradeBCWarrior,neither,0.03945320844208391,0.33037608806864915,0.630170703489267
wassup chat,neither,0.2055947685664873,0.14920899151307965,0.6451962399204331
@twistedtator New event in Destiny 2,neither,0.04250753221511567,0.25465669892517134,0.7028357688597129
Wait what’s this new game we’re about to play,neither,0.06920475534472878,0.22276764909827085,0.7080275955570005
@DrLupo when I'm alone at night in my room I think about you and your beautiful face,neither,0.04266597272813711,0.4444159257477043,0.5129181015241586
What's your main/,neither,0.10750206269307765,0.307419243516541,0.5850786937903812
"GUYS IF YOU HAVE NEVER SEEN DESTINY 2, YOU SHOULD STICK AROUND",offensive_language,0.050786897928075544,0.5075829115586556,0.4416301905132688
lol,neither,0.020706217963973744,0.4882283491876925,0.4910654328483337
I'll tune it late tonight. Last night was the most entertaining stream i've seen in a few weeks from any streamer,neither,0.02458811392499481,0.29905375468328693,0.6763581313917182
@ssimich23 -> You typed a banned word/phrase. [warning],neither,0.04928582229193501,0.3587322467147835,0.5919819309932816
"Destiny 2 console I think yes, as player pop for PVP is much better]",neither,0.03479026077332777,0.3679495172570097,0.5972602219696627
"@DrLupo I'll be honest, I haven't watched you play D2, but I'm super excited",neither,0.04717291363942642,0.3682320722314272,0.5845950141291463
lupoHEY lupoHYPE,neither,0.03945320844208391,0.33037608806864915,0.630170703489267
"""If you're into it""",neither,0.0521113447164157,0.4402163456165534,0.507672309667031
#JUSTSOLSTICETHINGS,neither,0.03945320844208391,0.33037608806864915,0.630170703489267
destiny use to be my main,neither,0.01360811916401842,0.478139573819236,0.5082523070167457
Love this music bro,neither,0.03606362467512671,0.34757622056029563,0.6163601547645776
Ninjas pon poning,neither,0.03945320844208391,0.33037608806864915,0.630170703489267
!prime,neither,0.03945320844208391,0.33037608806864915,0.630170703489267
Have Amazon Prime? Subscribe for free. 1. Click here and link your account: https://twitch.amazon.com/prime 2. Click the subscribe button and select Amazon Prime as your payment method. 3. Done. 4. See this clip for more info: https://clips.twitch.tv/FrailVictoriousMilkRedCoat,neither,0.057724775856073184,0.29347558562064524,0.6487996385232816
"@DrLupo Everytime you say ""welcome"" you totally remind of the Headmaster from the movie She's the Man. hahah",neither,0.059383956234389045,0.40418233348695,0.5364337102786609
"Best to play Destiny where you have the most friends. If it doesn't matter, PS4 has slightly more content",neither,0.0395195358648399,0.34446178502029334,0.6160186791148667
you are such a good streamer fun to watch keep up the good work,neither,0.08072193490066189,0.3450615999442428,0.5742164651550953
"Missed what is happening, is he playing D2 now?",neither,0.06163750575083345,0.3213141558653043,0.6170483383838623
"@drlupo I think it's your ""destiny"" to play this game 😉😉",neither,0.07167102444540918,0.27786901926826574,0.6504599562863249
There was no server downtime,neither,0.03798978366896587,0.2895563343750092,0.6724538819560248
YEAH DESTINY WOOOOOO,neither,0.022495833743094003,0.44916347463076906,0.5283406916261368
Had no clue Lupo did D2.... I'm hyped!!!,neither,0.03881478557243825,0.34121179031745696,0.6199734241101049
@kolbafett yes,neither,0.03945320844208391,0.33037608806864915,0.630170703489267
@DrLupo will u play w/ ninja,neither,0.04094089080622829,0.30512623580753284,0.6539328733862388
@kolbafett yep,neither,0.03945320844208391,0.33037608806864915,0.630170703489267
dim is down,neither,0.05781724096073417,0.3240598551917093,0.6181229038475564
DIM will be weird because new patch,neither,0.04392559766362799,0.2404492718597872,0.7156251304765848
30 mins to solstice!!!,neither,0.04717462626725494,0.3258846355637455,0.6269407381689996
Haha yep...,neither,0.0345846020148298,0.4130090451894316,0.5524063527957386
It'll be about 4 to 5 hours,neither,0.04362894226813092,0.359439415370399,0.5969316423614701
"Good luck homey, nice streams today... be good",neither,0.03807957505616226,0.3193512140423607,0.642569210901477
@drlupo you ever try warframe?,neither,0.0674083400025959,0.40605991298366495,0.5265317470137391
https://clips.twitch.tv/WildEnthusiasticTardigradeBCWarrior,neither,0.03945320844208391,0.33037608806864915,0.630170703489267
Trials is up for 35 more minutes,neither,0.03967951510979283,0.33579182473042096,0.6245286601597861
I just get back and now we get D2 gameplay lupoLOVE,neither,0.03329371426031867,0.33145032275431563,0.6352559629853658
"I've never played D2, I'm excited to see some top tier average gameplay of it!",neither,0.022699274524455807,0.3476722288328232,0.6296284966427209
It's still technically before reset,neither,0.03381318790388881,0.4053377306240359,0.5608490814720754
lupo keep up the good work,neither,0.03465660728319827,0.37073918411187645,0.5946042086049254
lupoK,neither,0.03945320844208391,0.33037608806864915,0.630170703489267
@DrLupo Trials goes away at reset now I think,neither,0.04063947282601354,0.32151666321410993,0.6378438639598766
can someone give me a quick rundown of this game?,neither,0.03277143017201223,0.3249329129522832,0.6422956568757046
"Ayyyyyyy Lupo going back to his roots, nice",neither,0.0674663216339349,0.35093442461148533,0.5815992537545799
@DrLupo want a nightfall carry? lupoYE,neither,0.03975172332491078,0.32530951144531334,0.634938765229776
!game,neither,0.03826383497213389,0.24674689817812728,0.7149892668497387
@Siulaim -> drlupo is playing Destiny 2,neither,0.04826330969606926,0.3273458902549023,0.6243908000490286
@DrLupo when I'm alone at night in my room I think about you and your beautiful face,neither,0.04266597272813711,0.4444159257477043,0.5129181015241586
@DrLupo is this the new update that you were pumped about?,neither,0.05554891967363021,0.31581151765804905,0.6286395626683208
YESSSSSS D2!!!!!,neither,0.03945320844208391,0.33037608806864915,0.630170703489267
Thanks @ThatUkuleleGirl and @ThumpTheDump if I woulda waited like 2 seconds I could've answered my own question....,neither,0.025361879113020097,0.3636330131446269,0.611005107742353
@drlupo who do you loke to play fortnite with the most???,neither,0.050889236845553305,0.47068548439774904,0.4784252787566977
@drlupo hey you going to hook up and play with this guy named King Gothalian? I hear he is a pretty cool dude and is the owner of this coffee company called Kings Coast? Ever heard of him? KappaHD,neither,0.05155835152119446,0.2920059670392069,0.6564356814395985
"brb, have fun!",neither,0.038922993550210665,0.3393752185343403,0.6217017879154491
@DrLupo Trials should be up for another 24 min,neither,0.08307423162467074,0.3138710597646499,0.6030547086106793
Nightfall!,neither,0.03945320844208391,0.33037608806864915,0.630170703489267
@tapiocabub it's a first person shooter combined with an mmo,neither,0.027499787092529336,0.35346693137420315,0.6190332815332674
Destiny2Nite,neither,0.03945320844208391,0.33037608806864915,0.630170703489267
Full time D2 streamer now right kappa,neither,0.053346829103800245,0.3557946072164292,0.5908585636797706
Hey stream ❤️,neither,0.03945320844208391,0.33037608806864915,0.630170703489267
i think trials is up to reset,neither,0.06417663498588597,0.39036838918705724,0.5454549758270567
Change your game on stream BabyRage,neither,0.06234416756418814,0.29694584593799855,0.6407099864978132
D2. Hype. Sup @drlupo,neither,0.03945320844208391,0.33037608806864915,0.630170703489267
@kolbafett all good! lupoYE lupoLOVE,offensive_language,0.042287141387680284,0.4966367058223186,0.461076152790001
Crucible action yes? LUL,neither,0.03945320844208391,0.33037608806864915,0.630170703489267
"But weekly reset not daily I think, which is 6pm BST. Oh I dunno anymore. Oof",neither,0.04528386482101734,0.2997127765416753,0.6550033586373074
stoked to see you play the new content coming out in september!,neither,0.051770438455726625,0.2990734818789793,0.649156079665294
"If I've never played Destiny at all, should I start playing now?",neither,0.01955699976134007,0.45641273501719554,0.5240302652214645
"cool, thanks! @siulam :)",neither,0.0367426274230533,0.3076780315905544,0.6555793409863925
old old,neither,0.03945320844208391,0.33037608806864915,0.630170703489267
"once you start down the dark path, forever will it dominate your DESTINY",neither,0.06778414504777892,0.3269205126447391,0.605295342307482
lupo best streamer ❤️❤️,neither,0.03765011267139979,0.31527719622551265,0.6470726911030876
@Kaack I would actually LOVE that!,neither,0.031185793534247414,0.3885182891427469,0.5802959173230057
Lupo + Goth would be awesome,neither,0.03927126828019098,0.32885254457694557,0.6318761871428635
@DrLupo did you see tims post on instagram its pure gold,neither,0.04182981777032558,0.39169650167169007,0.5664736805579843
@DrLupo because you played D2 the other day I played D1 for like 5 hours that very night. Forgot how much I enjoy that game!!,neither,0.03781285366099389,0.3449732403267602,0.6172139060122458
D2 lupoHYPE lupoHYPE lupoHYPE,neither,0.03945320844208391,0.33037608806864915,0.630170703489267
"nerddadstuff Do you like space magic and shooting mans while collecting loot? If so, yes",neither,0.041841834460443386,0.4030195452572519,0.5551386202823047
Can anyone explain the premise of Destiny? Or should I go google like a normal person?,neither,0.05309152446292833,0.3489576026946686,0.5979508728424031
lupoCHAIR lupoCHAIR lupoCHAIR lupoCHAIR lupoCHAIR lupoCHAIR lupoCHAIR lupoCHAIR lupoCHAIR lupoCHAIR lupoCHAIR lupoCHAIR lupoCHAIR lupoCHAIR lupoCHAIR lupoCHAIR,neither,0.03945320844208391,0.33037608806864915,0.630170703489267
@fat_maul I like what you did there and also agree with “destiny2nite”,neither,0.054920312624576306,0.33483327684886355,0.6102464105265601
!mouse,neither,0.03945320844208391,0.33037608806864915,0.630170703489267
"Finalmouse Ultralight Phantom: http://shop.finalmouse.com // 800 DPI // Code ""DRLUPO"" FOR 10% OFF!",neither,0.03456205572460127,0.2556291523529976,0.7098087919224011
lupoPOGGERS,neither,0.03945320844208391,0.33037608806864915,0.630170703489267
lupoCRINGE lupoCRINGE lupoCRINGE lupoCRINGE lupoCRINGE,neither,0.03945320844208391,0.33037608806864915,0.630170703489267
"nerddadstuff You can get the base game, DLC1 and 2 AND Forsaken for $60",neither,0.04306135345944194,0.24405702645576005,0.7128816200847979
@perlj all of those things sound appealing,neither,0.061847181500971384,0.32761008634299604,0.6105427321560325
space magic @ZacA215,neither,0.03945320844208391,0.33037608806864915,0.630170703489267
Kappa,neither,0.03945320844208391,0.33037608806864915,0.630170703489267
I know you as a fortnite streamer and I’m afraid of change. Will everything be alright if I stay?,neither,0.034840442483365174,0.37634820829964555,0.5888113492169893
"@kittykat_086 I wouldn't be apposed to more D2 again! I need to get back and play it, haven't touched the new DLC",neither,0.04690298780357491,0.26765471112906114,0.6854423010673639
@ZacA215 you're a space zombie with magic powers that a giant ball in the sky gave you lupoK,neither,0.05484775109265352,0.39205705322679996,0.5530951956805465
I'm. So. Ready. For. This.,neither,0.03150411019602629,0.3479540858914938,0.6205418039124799
FortLlama FortLlama FortLlama FortLlama FortLlama FortLlama FortLlama FortLlama FortLlama FortLlama FortLlama FortLlama FortLlama FortLlama FortLlama FortLlama FortLlama FortLlama FortLlama,neither,0.03945320844208391,0.33037608806864915,0.630170703489267
@ThatUkuleleGirl very much lupoLOVE,neither,0.034279181565843246,0.3321556731695082,0.6335651452646486
@drlupo how does pubg compare to fortnite?,neither,0.03080826435878355,0.45151669609320627,0.5176750395480102
Destiny - Space zombie shoots aliens for loot to get better stuff to kill more aliens,neither,0.13459775526590187,0.26139594551174883,0.6040062992223495
when in gods name did you have time to get the whisper,neither,0.04481479988344443,0.4137876036947116,0.5413975964218439
@perlj well then,neither,0.03945320844208391,0.33037608806864915,0.630170703489267
I haven't played D2 in 6 weeks...sigh,neither,0.03945320844208391,0.33037608806864915,0.630170703489267
field of view only 100? @DrLupo,neither,0.03945320844208391,0.33037608806864915,0.630170703489267
@mastuhroachy everything will be ok,neither,0.04158286713193411,0.3079093672463252,0.6505077656217407
what's destiny,neither,0.04634447332206036,0.3254755592165292,0.6281799674614104
First time watching D2 hella excited,neither,0.028967587767888953,0.42258102387891117,0.5484513883532
nerddadstuff Make sure you're in the Discord. We have a super active Destiny community here,neither,0.0847244786738995,0.390156643768271,0.5251188775578294
What’s up everybody,neither,0.04338200008215739,0.4021459898595713,0.5544720100582713
ItsWaffleMan lupoK,neither,0.03945320844208391,0.33037608806864915,0.630170703489267
We gamin? PogChamp,neither,0.039025862747262004,0.3376292597931679,0.6233448774595702
@mastuhroachy destiny is actually where he started as a streamer,neither,0.05029419174606689,0.3286075352964443,0.6210982729574888
https://clips.twitch.tv/WildEnthusiasticTardigradeBCWarrior last time dont worry,neither,0.03875762280879305,0.34218199159944107,0.6190603855917659
"feel like I've known it for years, thanks @My_Wafflez @Siulaim",neither,0.022227567560839587,0.2958058742367235,0.6819665582024368
@perlj destiny is dead because of bo4,neither,0.04711973226905878,0.3277392189714831,0.6251410487594581
Ninja wanted to play duos :(,neither,0.04593882463660792,0.32658258070531004,0.6274785946580821
Ninjas mad you switched,neither,0.058203797149629526,0.38280359593099283,0.5589926069193777
lupoK,neither,0.03945320844208391,0.33037608806864915,0.630170703489267
lupoPOGGERS,neither,0.03945320844208391,0.33037608806864915,0.630170703489267
wooooaaaahhhhh,neither,0.03945320844208391,0.33037608806864915,0.630170703489267
Ninja wants to play,neither,0.04593882463660792,0.32658258070531004,0.6274785946580821
lupoK,neither,0.03945320844208391,0.33037608806864915,0.630170703489267
@perlj thanks! I'm definitely going to check it out,neither,0.03673566436037361,0.34862252047918374,0.6146418151604427
lupoPOGGERS lupoPOGGERS lupoPOGGERS,neither,0.03945320844208391,0.33037608806864915,0.630170703489267
happy to see you back on Destiny Lupo,neither,0.05888463626335744,0.3816947682956115,0.5594205954410311
"@ItsWaffleMan based on how long you've been a sub, I think you are pulling our leg...",neither,0.050242908049793145,0.3472710463859566,0.6024860455642502
Harry Poggers and the Deathly Domeshot @DrLupo,neither,0.037622946375380356,0.2624125057045612,0.6999645479200585
Ninja wants to play with you,neither,0.04795407929786117,0.4052785224046045,0.5467673982975343
NINJA WANTS TO PLAY DUOS,neither,0.04593882463660792,0.32658258070531004,0.6274785946580821
@DrLupo what ever happened to the d2 stream app that showed what gear you're using and stuff,neither,0.06135302729369116,0.3539764959594532,0.5846704767468557
lupoPOGGERS lupoPOGGERS lupoPOGGERS lupoPOGGERS lupoPOGGERS lupoPOGGERS lupoPOGGERS lupoPOGGERS lupoPOGGERS lupoPOGGERS lupoPOGGERS lupoPOGGERS lupoPOGGERS lupoPOGGERS lupoPOGGERS lupoPOGGERS lupoPOGGERS lupoPOGGERS lupoPOGGERS lupoPOGGERS lupoPOGGERS lupoPOGGERS lupoPOGGERS lupoPOGGERS,neither,0.03945320844208391,0.33037608806864915,0.630170703489267
!discord nerddadstuff,neither,0.03945320844208391,0.33037608806864915,0.630170703489267
"Join: https://discord.gg/drlupo If you're not a sub, you can only join the Waiting Room voice channel. If you ARE a sub, visit https://discordapp.com/ on a PC. Setup an account then go to user settings, then the connections tab and link your Twitch account. When done, you will be able to see ""Sub Enabled Servers"" in the connections tab. Click Join and you're done! Or check out this link: http://imgur.com/a/i6td5 lupoYE",neither,0.06030179321258908,0.3356216176394123,0.6040765891479986
lupoPOGGERS lupoPOGGERS lupoPOGGERS,neither,0.03945320844208391,0.33037608806864915,0.630170703489267
"Guys, I just got back from vacation, what happened to Tim ?",neither,0.04385358930674194,0.3578564285253112,0.5982899821679469
I played 1000 hours of D1. But didnt buy D2 because it looked rough. You guys think its worth it to jump back in?,neither,0.043043702498142454,0.3499789444463196,0.606977353055538
CoolStoryBob,neither,0.03945320844208391,0.33037608806864915,0.630170703489267
@kolbafett not your leg but your arm,neither,0.09560451418558756,0.32581041540992145,0.5785850704044909
prisoner of the Alaskan bar... yeah that was a good one,neither,0.021822508772483023,0.46604792569503184,0.5121295655324852
@luccas_m123 on destiny?,neither,0.03592414570432097,0.34743996012679706,0.616635894168882
youre the man!,neither,0.052158865646621734,0.38432898297310125,0.563512151380277
hy from italy:*,neither,0.040334677536117594,0.315415257091876,0.6442500653720065
"we know about Ninja chat, stop",neither,0.037957450262925546,0.4134715230429142,0.5485710266941604
@jhonystorm -> You typed a banned word/phrase. [warning],neither,0.04928582229193501,0.3587322467147835,0.5919819309932816
@itswaffleman the events that will necessarily happen to a particular person or thing in the future.,neither,0.04055363412757161,0.32091031913175655,0.6385360467406719
!clip,neither,0.03945320844208391,0.33037608806864915,0.630170703489267
HI BRITTNY lupoWIFE lupoWIFE lupoWIFE,neither,0.03945320844208391,0.33037608806864915,0.630170703489267
sliding into your morning coffee be like,neither,0.1009071989361486,0.12086110610978451,0.778231694954067
how long does it take to get to max character level in D2?,neither,0.03612536264093201,0.4096129503817885,0.5542616869772796
I wanna play with you feelsbadman,neither,0.04282845242096559,0.45684936865682335,0.500322178922211
tim is down,neither,0.04916835010830369,0.32703460535596146,0.6237970445357349
Tim is lol,neither,0.0386078511240257,0.39299270392151453,0.5683994449544597
we USED to have music @ickling duDudu,neither,0.04601108186019803,0.3385407952112466,0.6154481229285553
@LeprechaunVI PogChamp,neither,0.03945320844208391,0.33037608806864915,0.630170703489267
@ItsWaffleMan hmm.. must've been my dog pulling my leg then..,neither,0.017159866116106585,0.40759206025107064,0.5752480736328226
@Kaack its pretty good again!,neither,0.03070980269347801,0.36659111922208076,0.6026990780844411
Go by Ikora! @DrLupo,neither,0.044362787599758466,0.43021519691196386,0.5254220154882776
I am guessing getting into this game late will be a bad idea? Do you propose that I beat the first game first before starting this game? @DrLupo,neither,0.03366388440943267,0.35276907038400274,0.6135670452065647
@kolbafett Probably lupoSHRUG,neither,0.037248874780404465,0.3677893831597844,0.5949617420598112
@itswaffleman oh you meant the game,neither,0.06173727477074702,0.25734582077891216,0.6809169044503408
Day time D2 lupoPOGGERS :D,neither,0.0383580189115654,0.33869702655517436,0.6229449545332602
@drlupo is this one better than the first? The first was fun for a couple weeks then it got boring,neither,0.03013530765093987,0.3441050972479647,0.6257595951010955
@Dylan98R -> You typed a banned word/phrase. [warning],neither,0.04928582229193501,0.3587322467147835,0.5919819309932816
@kittykat_086 Have you been mainly playing D2 of late??,neither,0.051130714189464924,0.37763595771129477,0.5712333280992404
"@DrunkenHouse you can totally start with D2 with no issues, and it doesn't take too much to catch up",neither,0.032322254942123714,0.4097261258215409,0.5579516192363353
where can i buy destiny 2 ?,neither,0.04153628284955362,0.2950208789828892,0.6634428381675573
lupoSHRUG lupoSHRUG,neither,0.03945320844208391,0.33037608806864915,0.630170703489267
looks fun,neither,0.03945320844208391,0.33037608806864915,0.630170703489267
@LeprechaunVI I'll take both,neither,0.03945320844208391,0.33037608806864915,0.630170703489267
I think the Lupo community would like to see D2 more often lupoYE,neither,0.05441651128534671,0.3075052380776533,0.638078250637
@DrLupo you gonna try the bo4 beta when its out sodaTHINKING,neither,0.03254336499756972,0.4439117304468146,0.5235449045556159
whats your favorite destiny raid of all time,neither,0.05924121030084487,0.38469026536241707,0.5560685243367381
12pm for us lupo,neither,0.10729211723950963,0.2664063030695287,0.6263015796909617
@crystalx9 blizzard app,neither,0.03945320844208391,0.33037608806864915,0.630170703489267
crystalx9 Battlenet on PC,neither,0.03598177216633989,0.34715204853042375,0.6168661793032364
its up in ps4,neither,0.03091938172472891,0.3874600999383036,0.5816205183369676
isn't reset today?,neither,0.03752349773423533,0.3003257028821241,0.6621507993836405
!discord,neither,0.03945320844208391,0.33037608806864915,0.630170703489267
"Join: https://discord.gg/drlupo If you're not a sub, you can only join the Waiting Room voice channel. If you ARE a sub, visit https://discordapp.com/ on a PC. Setup an account then go to user settings, then the connections tab and link your Twitch account. When done, you will be able to see ""Sub Enabled Servers"" in the connections tab. Click Join and you're done! Or check out this link: http://imgur.com/a/i6td5 lupoYE",neither,0.06030179321258908,0.3356216176394123,0.6040765891479986
"@drunkenhouse, The 1st one was really fun though!!",neither,0.03785748860896086,0.3447313215825546,0.6174111898084846
@crystalx9 it's like 6 bucks at walmart dot com,neither,0.04478363565403391,0.35753492674841525,0.5976814375975508
Did you have an update?,neither,0.05679527203695484,0.38382210921792487,0.5593826187451203
@drlupo kick this solstice’s ass for me bud,offensive_language,0.08339605232649554,0.9082694887447027,0.008334458928801755
@crystalx9 blizzard launcher,neither,0.03945320844208391,0.33037608806864915,0.630170703489267
D2 is life,neither,0.048506342376991814,0.43048582340049435,0.5210078342225138
"@Kaack yeah, until No Mans Sky update.. but yes that would be a main game",neither,0.02632908250457693,0.4016596749474032,0.5720112425480199
@kittykat_086 correct,neither,0.03945320844208391,0.33037608806864915,0.630170703489267
HEY! i have those same pants,neither,0.0635550223429413,0.2789168161940431,0.6575281614630155
When Lupo has whisper before you FeelsBadMan,neither,0.03943511186489653,0.471709912296124,0.4888549758389795
cooooool,neither,0.03945320844208391,0.33037608806864915,0.630170703489267
reset is a half hour lupoHYPE,neither,0.04907112309919129,0.3270680461827982,0.6238608307180104
It's gotten alot better,neither,0.03815273909176789,0.3308233791120284,0.6310238817962036
"how did you like Tarkov yesterday, it looks like a game you could kick butt in",neither,0.08769246898678582,0.4194900948994354,0.4928174361137788
@subballergangster733 -> You typed a banned word/phrase. [warning],neither,0.04928582229193501,0.3587322467147835,0.5919819309932816
I have always enjoyed D2,neither,0.037164728906391845,0.3940191564223849,0.5688161146712232
@DrLupo do you like to do the raids?,neither,0.10182908178362476,0.3756501281011842,0.522520790115191
is solstice up already?,neither,0.04581510976882913,0.433515771578003,0.5206691186531679
I'm wearing them right now!,neither,0.05506128951886923,0.3423630526068818,0.602575657874249
lupoG lupoG lupoG It was time to upgrade.,neither,0.043261795593923805,0.34845745879197915,0.6082807456140971
what mouse does he use?,offensive_language,0.013762541032255809,0.4985590201857752,0.487678438781969
@drlupo I just downloaded destiny 2 and it keeps going straight to story... is there a way to go to multiplayer?,neither,0.05094294323358159,0.3077145430111266,0.6413425137552916
ummm,neither,0.03945320844208391,0.33037608806864915,0.630170703489267
!yoga,neither,0.03945320844208391,0.33037608806864915,0.630170703489267
is that a potato?,neither,0.04468338400483953,0.38105317870292815,0.5742634372922323
https://twitter.com/DrLupoOnTwitch/status/775026382883528704,neither,0.038839322835287696,0.43150949317999215,0.5296511839847202
!yoga,neither,0.03945320844208391,0.33037608806864915,0.630170703489267
?,neither,0.03945320844208391,0.33037608806864915,0.630170703489267
lupoBOOTY lupoBOOTY lupoBOOTY lupoBOOTY lupoBOOTY lupoBOOTY,neither,0.03945320844208391,0.33037608806864915,0.630170703489267
lupoCREEP,neither,0.03945320844208391,0.33037608806864915,0.630170703489267
what does reset mean in destiny? an update?,neither,0.03221918475871807,0.421253828572437,0.5465269866688448
thanks everyone. I have the first one already and want to beat it before I start the second one because I didn't know if they tied too much together,neither,0.019865298930092392,0.43147830498323037,0.5486563960866772
destiny awaits,neither,0.03945320844208391,0.33037608806864915,0.630170703489267
@Anaxamander Love you for that,neither,0.040544042759604076,0.4404735051668572,0.5189824520735389
lupoCREEP @Siulaim,neither,0.03945320844208391,0.33037608806864915,0.630170703489267
so all 1 raid? teehee,neither,0.04154862535688672,0.46498791592565664,0.4934634587174565
booty,neither,0.030990341380901697,0.4740130284199694,0.494996630199129
@frostygaming__twitch you have to do the story first,neither,0.05527791694489668,0.3672475198997236,0.5774745631553797
im here fam! how are we!,neither,0.1321505331682817,0.2757202884788168,0.5921291783529015
@frostygaming__twitch you need to do some introductory stuff before pvp unlocks,neither,0.048975772505209215,0.4432269570080569,0.5077972704867338
tehhe,neither,0.03945320844208391,0.33037608806864915,0.630170703489267
"@drlupo I’ll be at work so audio only for me, so I’m gonna need you to fully paint a picture for me 👍",neither,0.03481238434533661,0.4305120552658742,0.5346755603887892
Lupo on Destiny? Happily surprised! lupoLOVE lupoLOVE lupoLOVE,neither,0.03724393778385136,0.34092481437184535,0.6218312478443033
"@lumberelk so there are activities you can do to become stronger each week, reset is when they all become available a new again",neither,0.06363420239158692,0.35058760497969743,0.5857781926287157
time to pay for better ship lupoFLIP,neither,0.0386079208543389,0.3186030221873381,0.642789056958323
"couldn't get into destiny, hoping you can show me it's actually fun",neither,0.052311762694176936,0.3378660583933675,0.6098221789124556
wasnt sure if i remembered the command right at first,neither,0.01775985741146533,0.49003917351968707,0.4922009690688476
lupoBOOTY lupoBOOTY lupoBOOTY,neither,0.03945320844208391,0.33037608806864915,0.630170703489267
im scared YO IVE NEVER SEEN D2 BEFORE,neither,0.03340741905624156,0.4752448958492208,0.49134768509453774
Back to your roots! LOVE IT!,neither,0.07343653843258713,0.3307140387941081,0.5958494227733048
"what is that ship frp,",neither,0.05002621175458395,0.36633315834446034,0.5836406299009557
!bt @EddeDre,neither,0.03945320844208391,0.33037608806864915,0.630170703489267
@EddeDre lupoHEY,neither,0.03945320844208391,0.33037608806864915,0.630170703489267
Tormidian ( ＾◡＾)っ lupoBOOTY @EddeDre,neither,0.03945320844208391,0.33037608806864915,0.630170703489267
from,neither,0.04228451509352876,0.2823214250720796,0.6753940598343917
@DrLupo mornin,neither,0.03945320844208391,0.33037608806864915,0.630170703489267
Gg boys,neither,0.03945320844208391,0.33037608806864915,0.630170703489267
fuk ya,offensive_language,0.023224612753889814,0.6314911630046096,0.3452842242415005
do it you won't,neither,0.0674685118671583,0.40648286029577757,0.5260486278370642
more D2?,neither,0.044084690295906365,0.306805713525994,0.6491095961780997
never stop never stoppin,neither,0.033152538444227164,0.45148640274414065,0.5153610588116322
Is it the tesla of spaceships?,neither,0.051538209540133405,0.29521167869056475,0.6532501117693018
"30fps, console hype",neither,0.03945320844208391,0.33037608806864915,0.630170703489267
lupoLOVE,neither,0.03945320844208391,0.33037608806864915,0.630170703489267
oh my! hey @Tormidian @jortz!,neither,0.03049807034270431,0.38114547804447907,0.5883564516128166
Ninja wanted to play fortnite :(,neither,0.04593882463660792,0.32658258070531004,0.6274785946580821
I love the game variety Lupo.,neither,0.03551101146603541,0.28973286500717077,0.6747561235267937
lupo1 lupo2,neither,0.03945320844208391,0.33037608806864915,0.630170703489267
Eater of Worlds lair is super easy @Drlupo,neither,0.045081199705986556,0.3284403637980626,0.6264784364959508
@DrLupo you giving anthem a shot?,neither,0.05491868211627226,0.37411605723234753,0.5709652606513801
Ninja wanted to run duos,neither,0.04575858879893607,0.3266849783432111,0.6275564328578529
WHERE AM I,neither,0.042146943278439826,0.279133004074149,0.6787200526474112
"oh man, did I miss my sub shoutout!?",neither,0.029880065915538122,0.4082543303254172,0.5618656037590448
when you played destiny like two days back it got me back into it,neither,0.04068902496668227,0.44349461180025496,0.5158163632330628
Twitter.com/DrLupoOnTwitch // Instagram.com/DrLupoOnTwitch // Facebook.com/DrLupoOnTwitch // YouTube.com/c/DrLupoTV // DrLupo.tv,neither,0.0330820553548599,0.39148113808821783,0.5754368065569223
Ninja wants to play fortnite with you,neither,0.04795407929786117,0.4052785224046045,0.5467673982975343
lupoK lupoFLIP,neither,0.03945320844208391,0.33037608806864915,0.630170703489267
lupoS,neither,0.03945320844208391,0.33037608806864915,0.630170703489267
Lupo is amazing!,neither,0.051766257226869686,0.3261410659692903,0.62209267680384
IS @DrLupo PLAYING DESTINY AGAIN,neither,0.045160761683900714,0.3566289046746574,0.5982103336414418
@protxgaming he's on destiny now @chasesmith178,neither,0.041930661119861934,0.34278374421699703,0.6152855946631409
lupoS,neither,0.03945320844208391,0.33037608806864915,0.630170703489267
IM SO HAPPY,neither,0.03817749816449273,0.44367491088218625,0.5181475909533211
lupoSPLODE,neither,0.03945320844208391,0.33037608806864915,0.630170703489267
@DrLupo which rifle is that?,neither,0.045230429751519696,0.38564960408114374,0.5691199661673366
lupo is a cheater his shots go where he aims,neither,0.07817263743091454,0.3055823102927614,0.6162450522763241
Damn kids and their incessant need to be fed,offensive_language,0.048412711159494935,0.6280757425271662,0.3235115463133387
IF YOU DONT PLAY FORTNITE RIGHT NOW IM GONNA RESUB,offensive_language,0.031918736334011384,0.5141478820894958,0.4539333815764927
is the game sound on?,neither,0.043731219393025836,0.2789969512723438,0.6772718293346304
i forgot all about skyburners oath,neither,0.039475955797648406,0.4206869560681606,0.539837088134191
Wow 20 seconds in and I'm already sold on this game,neither,0.036030713593341666,0.2988747924964156,0.6650944939102428
@Cashe666 lupoK,neither,0.03945320844208391,0.33037608806864915,0.630170703489267
@itswaffleman lol unlike fortnite,neither,0.029805912114948485,0.40205111358152873,0.5681429743035228
@desannx Graviton Lance,neither,0.03945320844208391,0.33037608806864915,0.630170703489267
@JewelsVerne lupoHEY,neither,0.03945320844208391,0.33037608806864915,0.630170703489267
GET NINJA ON DESTINY AND Power level him,neither,0.03668261849611204,0.3199413561365958,0.6433760253672922
@drlupo katana? Katanaaa!!,neither,0.03945320844208391,0.33037608806864915,0.630170703489267
@drlupo do you use MnK? lupoFLIP,offensive_language,0.014403024909314761,0.5551585851457613,0.43043838994492384
"I like ""forehead"" as an insult. lol",neither,0.03926619884488455,0.4110353678377208,0.5496984333173944
6v6 is so chaotic and i love it,neither,0.04308792866168268,0.3504952238280677,0.6064168475102497
lupoHEY,neither,0.03945320844208391,0.33037608806864915,0.630170703489267
i cant hear the game sounds,neither,0.038150821744914035,0.2795296766952098,0.6823195015598762
@DrLupo are you on MnK? Such cheats,neither,0.0870607509254565,0.33757359716998675,0.5753656519045568
lupoDERP lupoCREEP,neither,0.03945320844208391,0.33037608806864915,0.630170703489267
Ah another game._._._lost a sub @drlupo lol jk fortnite is lame,neither,0.12170152470012016,0.16986633099368126,0.7084321443061985
@DrLupo This is actually the first time I've been able to make a D2 stream so I'm really happy to see you play!,neither,0.03686005104098976,0.36588781650453217,0.597252132454478
I'll be back gotta feed the kids,neither,0.03757464385976747,0.34464940207932887,0.6177759540609037
my forehead is huge so,neither,0.035044769528383236,0.448665377106185,0.5162898533654318
@Siulaim lupoWIFE lupoWIFE,neither,0.03945320844208391,0.33037608806864915,0.630170703489267
"@death_follows_us We're allowed streams without Ninja, chill dude",neither,0.049961455868710314,0.31453976500693454,0.6354987791243553
mega offensive,neither,0.03945320844208391,0.33037608806864915,0.630170703489267
is this pvp or pve?,neither,0.05616046804382501,0.3275391488621751,0.6163003830939999
I've never watched Destiny and I have no idea what's happening!!!!!!!!!!!!,neither,0.025118564454048142,0.33154450333096624,0.6433369322149854
KATANNA!,neither,0.03945320844208391,0.33037608806864915,0.630170703489267
I love destiny pve I loath pvp,neither,0.03604913326827992,0.3463049680281636,0.6176458987035566
cheer502 can’t wait to see this average gameplay ❤️,neither,0.04628204536598243,0.3235217074242449,0.6301962472097726
is this playing against other people?,neither,0.08368722191000842,0.3014487106262828,0.6148640674637087
"""HEY LOOK AT ME I'M DR LUPO I KNOW HOW TO SNIPE""",neither,0.03912263179976485,0.37068512037598744,0.5901922478242477
@darkbobe18 pvp,neither,0.03945320844208391,0.33037608806864915,0.630170703489267
Pvp,neither,0.03945320844208391,0.33037608806864915,0.630170703489267
were you at the big meeting they had for people to give feedback for the year 2 content coming out?,neither,0.04268923443644158,0.34218073995640824,0.6151300256071502
this is pvp,neither,0.06444388513749441,0.32581973129223984,0.6097363835702658
This looks like an older CoD.,neither,0.04834328260209326,0.3400597457815823,0.6115969716163244
"ah got it, thanks @outkasted_aeon",neither,0.03420020771337605,0.359280824154235,0.6065189681323888
"thanks, never seen nor played it",neither,0.03380332943781682,0.3477871047842468,0.6184095657779364
word,neither,0.03945320844208391,0.33037608806864915,0.630170703489267
"MMMM D2, my wife wont play D2 with me, i'm pretty mad about it LOL she wants to play on a didnt system :(",neither,0.024673395436611435,0.47954015389026794,0.49578645067312066
@Siulaim no its not,neither,0.027802935793353734,0.3631767704659134,0.6090202937407329
lupoK,neither,0.03945320844208391,0.33037608806864915,0.630170703489267
@talltraveler1 yeah,offensive_language,0.013968601452186464,0.5182923869769311,0.4677390115708824
Yes he was at the Summit @eyesodd,neither,0.042474609054541854,0.33689627162377245,0.6206291193216857
Yes @eyesodd,neither,0.03945320844208391,0.33037608806864915,0.630170703489267
I dont play Destiny but I just love watching Lupo regardless of the game he plays,neither,0.03537040755041889,0.321233251659959,0.6433963407896222
damn they improved the gravaton lance a lot,offensive_language,0.043992036118881014,0.7473658103151789,0.20864215356594001
Build up!,neither,0.03612935963130644,0.3988232696965536,0.5650473706721401
@shadowrepulse thanks 😁,neither,0.035884468650613,0.3004919205142699,0.6636236108351171
What gun is that rifle,neither,0.05236304750449607,0.37280505835567634,0.5748318941398275
Is this a hunter?,neither,0.049443321117322546,0.32880102194283745,0.62175565693984
pew pew pewww,neither,0.03945320844208391,0.33037608806864915,0.630170703489267
@GreatWhiteGing13 yes,neither,0.03945320844208391,0.33037608806864915,0.630170703489267
Yooo you play destiny 2!?,neither,0.053639957640524955,0.37067812554487006,0.5756819168146051
Hey look! D2!! Yeah! snapsPO,neither,0.022621044587989962,0.45778113800992515,0.5195978174020849
Better Devils & Graviton Lance...nice combo Lupo,neither,0.03945320844208391,0.33037608806864915,0.630170703489267
snapsPOG,neither,0.03945320844208391,0.33037608806864915,0.630170703489267
hes using the graviton lance,neither,0.03556736597941182,0.37195238936195385,0.5924802446586345
@purpleinator Grav Lance and Vigilance are Meta atm,neither,0.05968301880348735,0.26026658519284035,0.6800503960036723
@purpleinator you see a lot of Graviton and Vigilance Wing in PVP now,neither,0.05274323751489482,0.3307872198222497,0.6164695426628556
Thanks,neither,0.035884468650613,0.3004919205142699,0.6636236108351171
6s feels so gooooood,neither,0.03941289018260556,0.3717132237350178,0.5888738860823767
Doctor,neither,0.03945320844208391,0.33037608806864915,0.630170703489267
ikelos smg has well,neither,0.04008796413315616,0.3196026274108057,0.6403094084560382
Have you heard of the game Anthem? Do you think you will play it? @DrLupo,neither,0.07968693070207707,0.3666108491822557,0.5537022201156672
oof,neither,0.03945320844208391,0.33037608806864915,0.630170703489267
If you got ninja on here that’d be sick,neither,0.058606244671058835,0.4706762769353765,0.47071747839356465
yeah i get killed by them a crap ton,neither,0.0352743418683642,0.4407232117786469,0.5240024463529889
