text,top_class,hate_speech,offensive_language,neither
wow,neither,0.03945320844208391,0.33037608806864915,0.630170703489267
my birthday is Sunday,neither,0.03438290390706466,0.4192362569835677,0.5463808391093676
Fav show?,neither,0.059011413310728414,0.23824875093826003,0.7027398357510115
mfoster1203 has just gifted a $4.99 sub to ChapDaddy904!,neither,0.041003519789374575,0.3381079400946802,0.6208885401159451
mfoster1203 has just gifted a $4.99 sub to alejandroigr14!,neither,0.041003519789374575,0.3381079400946802,0.6208885401159451
mfoster1203 has just gifted a $4.99 sub to Roarrocket!,neither,0.041003519789374575,0.3381079400946802,0.6208885401159451
"Guarantee your PC gaming performance with BLD by NZXT. The simplest way to get a customized gaming PC. Choose the games you want to play, set a budget, and BLD takes care of the rest. Built and shipped within 48 hours with a 2-year warranty. Check it out: https://nzxt.co/2KUwTu1",neither,0.044265905732985805,0.3394650731178416,0.6162690211491727
i love you but i need help,neither,0.049689429799469026,0.41377142953719337,0.5365391406633376
mfoster1203 has just gifted a $4.99 sub to ovobitties!,neither,0.041003519789374575,0.3381079400946802,0.6208885401159451
mfoster1203 has just gifted a $4.99 sub to ICONEEZY1!,neither,0.041003519789374575,0.3381079400946802,0.6208885401159451
thanks @mfoster1203,neither,0.035884468650613,0.3004919205142699,0.6636236108351171
WHAT IS THIS EVENT AND WHEN IS IT?!?!,neither,0.04649308002405891,0.33152172208695124,0.6219851978889899
Has Lupo asked Trevor about his wonderful bunt defense?,neither,0.05734372167047616,0.3472241693346721,0.5954321089948518
!rekt,neither,0.03945320844208391,0.33037608806864915,0.630170703489267
@twitch_wilko Not possible friendo,neither,0.037736357523652043,0.33685150720071455,0.6254121352756334
[ ] Not Rekt [x] Rekt,neither,0.03554889144452836,0.3454295093440936,0.619021599211378
LUPP,neither,0.03945320844208391,0.33037608806864915,0.630170703489267
!sub,neither,0.03945320844208391,0.33037608806864915,0.630170703489267
Subscribe here: [ https://subs.twitch.tv/drlupo ] // Access to Discord server • Emotes • Sub badge • Increased thickness • Smell great,neither,0.05960140574381473,0.3011452464682766,0.6392533477879087
Loeya just knocked 5 in the 3 to final circle and got bounced into the storm.,neither,0.03836185063720773,0.32495091206513266,0.6366872372976596
"@kittykat_086 Same, wife and I went last year. Tons of fun.",neither,0.03942901981596754,0.3079857741224716,0.6525852060615609
BRB transmission just got here,neither,0.06654838052706648,0.35279365373485555,0.580657965738078
lupoYE,neither,0.03945320844208391,0.33037608806864915,0.630170703489267
It’s my birthday this Sunday :(,neither,0.027045794055951585,0.41997961684206114,0.5529745891019873
everyone is being nice in the chat today,neither,0.03524851669882727,0.39789351844014537,0.5668579648610274
Yea it is,neither,0.049683412385623446,0.3318785812189697,0.6184380063954068
"yeah, it's always there",neither,0.019468119031611168,0.4640768207564777,0.5164550602119112
yeet,neither,0.03945320844208391,0.33037608806864915,0.630170703489267
giving subs to everyone,neither,0.03948188141199812,0.4167282418185136,0.5437898767694883
WTF dad i never noticed,offensive_language,0.037990783341912734,0.5723812644672163,0.3896279521908711
PUBG works the same way,neither,0.039466549020425276,0.3217766235808672,0.6387568273987074
"Okay chat, back to work and lupoLURK",neither,0.04473689776225649,0.2914559546569344,0.6638071475808089
"@joeruns33 hey, we're alway snice",neither,0.0559886181676702,0.30652904637530914,0.6374823354570206
@joeruns33 Awesome isnt it :D,neither,0.03804042623673532,0.33086200865304777,0.6310975651102169
"@kittykat_086 lift with your legs, not your back",neither,0.07591515038045371,0.34954099451061343,0.5745438551089329
"It means when you're skidding, you're supposed to steer into it to correct yourself @DrLupo",neither,0.08453068045672296,0.3694665621244379,0.5460027574188392
event might be in an hour,neither,0.04006935577049737,0.32908201000540055,0.6308486342241021
i can no longer stay subbed i ran out of money FeelsSadMan,neither,0.036219999299468814,0.347502468007795,0.6162775326927362
@jwilds1 LUL,neither,0.03945320844208391,0.33037608806864915,0.630170703489267
i love how the details in this game have gotten so good,neither,0.03560860515547315,0.33595665517428547,0.6284347396702413
@DrLupo event is after the bus driver gets thanked enough,neither,0.04391560300953549,0.31830551353785735,0.6377788834526071
don't die,neither,0.36368487559502816,0.05544614199689241,0.5808689824080794
Subscribe here: [ https://subs.twitch.tv/drlupo ] // Access to Discord server • Emotes • Sub badge • Increased thickness • Smell great,neither,0.05960140574381473,0.3011452464682766,0.6392533477879087
Or just roll with it,neither,0.022902143221298313,0.39534573548931357,0.5817521212893882
lupoDERP lupoDERP lupoDERP lupoDERP lupoDERP lupoDERP lupoDERP lupoDERP lupoDERP lupoDERP lupoDERP lupoDERP lupoDERP lupoDERP lupoDERP lupoDERP lupoDERP lupoDERP lupoDERP lupoCRINGE lupoCRINGE lupoCRINGE lupoCRINGE lupoCRINGE lupoCRINGE lupoCRINGE,neither,0.03945320844208391,0.33037608806864915,0.630170703489267
i know! i love the positive vibes in the hat,neither,0.03634442339817285,0.31746716832644634,0.6461884082753808
chat,neither,0.03945320844208391,0.33037608806864915,0.630170703489267
I read it was like 4:30AM eastern tonight,neither,0.0441018873825049,0.32469089255853895,0.6312072200589561
!replay,neither,0.03945320844208391,0.33037608806864915,0.630170703489267
thank the pre -bus driver Kappa,neither,0.03862544968945327,0.3243677053782785,0.6370068449322682
i think i read 11pst...,neither,0.040217730745200755,0.31740014934053823,0.642382119914261
hello,neither,0.03945320844208391,0.33037608806864915,0.630170703489267
!replay,neither,0.03945320844208391,0.33037608806864915,0.630170703489267
Alot of speculation that event will be at 2:00/2:04 eastern time,neither,0.0373431952654445,0.36504367384718006,0.5976131308873753
what if the lightning hits you mid air?,neither,0.037757601215879254,0.39316895276256675,0.5690734460215541
did my sub work,neither,0.028302878643532276,0.41713874748519325,0.5545583738712744
I thought it was 2pm eastern,neither,0.040977707566948976,0.23511312907987303,0.7239091633531781
What if it hits the bus,neither,0.025796771010058655,0.36184941012914773,0.6123538188607935
lupoHEY lupoHEY lupoHEY lupoHEY lupoHEY lupoHEY,neither,0.03945320844208391,0.33037608806864915,0.630170703489267
good call @shelbygraves4,neither,0.03834978857227872,0.33075560475985816,0.6308946066678632
On Sat,neither,0.03592414570432097,0.34743996012679706,0.616635894168882
@snowmobile2004 first sub??,neither,0.03106130430026509,0.3332624487188414,0.6356762469808935
its been hitting the cactus,neither,0.03352236691304239,0.3230528941320361,0.6434247389549215
"@jwilds1 WEEK 7 FORMAT BIG BONUS Each game, Duos will be ranked based on the points earned in a single game. Victory Royales and Eliminations earn players points that will be scored at the end of each match. The Duo with the most points at the end of the series wins. Elimination: +1 Point Victory Royale: +5 Points 8+ Eliminations: +5 Points",neither,0.032112618586224335,0.31976116229422574,0.6481262191195499
maybe a RIFT CHEST!,neither,0.03945320844208391,0.33037608806864915,0.630170703489267
"@shelbygraves4 Lmao, that'd be awesome. Everyone immidiately hits the lobby lol",neither,0.028034875362124196,0.45517595696614294,0.516789167671733
@shelbygraves4 Failure Royale - no one wins,neither,0.03798224930376094,0.36993031833599044,0.5920874323602486
@winterswolfcry ok but i accidentally paid for a sub :l,neither,0.032786476907616616,0.315795945135166,0.6514175779572173
The cacti were a clock/countdown timer,neither,0.038832206547122515,0.2880920060373849,0.6730757874154926
lupoDERP lupoDERP lupoDERP,neither,0.03945320844208391,0.33037608806864915,0.630170703489267
@DrLupo you have a crazy chest,offensive_language,0.04145662243142891,0.49981004756852904,0.4587333300000422
There is a chest there,neither,0.046750639166894016,0.2549595517151131,0.698289809117993
"If chest gets hit by lightning, it gives you the new galaxy skin?",neither,0.03737433204049039,0.35318029134953516,0.6094453766099744
Hello father @DrLupo,neither,0.03945320844208391,0.33037608806864915,0.630170703489267
Hey Chat,neither,0.03945320844208391,0.33037608806864915,0.630170703489267
streamer loot x 2,neither,0.03945320844208391,0.33037608806864915,0.630170703489267
So that would be an hour from now then,neither,0.037115406827699815,0.38209374744522095,0.5807908457270792
lupoLURK lupoLURK lupoLURK lupoLURK lupoLURK lupoLURK lupoLURK lupoLURK lupoLURK lupoLURK lupoLURK lupoLURK lupoLURK lupoLURK lupoLURK lupoLURK lupoLURK lupoLURK lupoLURK lupoLURK lupoLURK,neither,0.03945320844208391,0.33037608806864915,0.630170703489267
i think there is another hour left until the thing happens,neither,0.10298571693570949,0.23061570357718775,0.6663985794871029
I think the rift will close when the timer goes off,neither,0.03152117318511029,0.3171445837293,0.6513342430855897
@DrLupo ik but i had to cancel it upcoming,neither,0.040526455929127445,0.3349106046354001,0.6245629394354725
Support the stream! Subscribe [ http://subs.twitch.tv/drlupo ] // Tip [ https://twitch.streamlabs.com/DrLupo ] // Merch [ http://www.designbyhumans.com/shop/DrLupo/ ] // SecretLab [ https://tinyurl.com/yb7lt5f7 ] // FinalMouse [ http://bit.ly/2FFW4Ny ] // NZXT [ https://nzxt.co/2KUwTu1 ],neither,0.04320566733549514,0.24210590337006377,0.7146884292944412
@drlupo that’s where it hit last night when I told you about it,neither,0.03164775440683528,0.4327257623519956,0.535626483241169
2pm EST,neither,0.03945320844208391,0.33037608806864915,0.630170703489267
WHAT I CANT HEAR U,neither,0.04621076002413278,0.325567029506812,0.6282222104690554
"The lightning hits the chest, turns into super chest, when you open it, you go to pubg",neither,0.05147941549563932,0.382238735643028,0.5662818488613326
whats going on this weekend? last summer skrimmish?,neither,0.03603196747237091,0.3628401050220001,0.6011279275056289
It’s not,neither,0.033343388287243585,0.34312202601138486,0.6235345857013717
1 more hour.,neither,0.04191184034758126,0.3176203957866238,0.640467763865795
@Drlupo 1 more hour,neither,0.04191184034758126,0.3176203957866238,0.640467763865795
okay,neither,0.03945320844208391,0.33037608806864915,0.630170703489267
no it just took a bit to register @ThumpTheDump,neither,0.038958228600845926,0.355570877313749,0.605470894085405
i pulled a common burst out of it,neither,0.03425118411425184,0.34613331178101525,0.619615504104733
"@twitch_wilko I'd suggest either canceling it for next month, or keeping it and using your prime elsewhere next month",neither,0.04328076049731251,0.3362059469316098,0.6205132925710778
theres a bunch of blackened spot,neither,0.04153916959583063,0.4483780249182485,0.5100828054859209
It’s my birthday this Sunday but no one cares :(,neither,0.02681550967923508,0.43827746724565725,0.5349070230751077
or the event occurs during the tournament. . .,neither,0.0382431637652412,0.30803330904881765,0.6537235271859413
you're a streamer btw,neither,0.10077510277248064,0.34990695891907453,0.5493179383084448
I Love Charlie i hope he is doing great,neither,0.012579073357642231,0.017623536134230556,0.9697973905081272
LUL LUL,neither,0.03945320844208391,0.33037608806864915,0.630170703489267
2pm edt,neither,0.03945320844208391,0.33037608806864915,0.630170703489267
what's in 1 hour chat?,neither,0.04483384612840795,0.32651662186081276,0.6286495320107793
LUL,neither,0.03945320844208391,0.33037608806864915,0.630170703489267
Ahah dang it,neither,0.03772653554390317,0.33096997005595963,0.6313034944001372
Twitter.com/DrLupoOnTwitch // Instagram.com/DrLupoOnTwitch // Facebook.com/DrLupoOnTwitch // YouTube.com/c/DrLupoTV // DrLupo.tv,neither,0.0330820553548599,0.39148113808821783,0.5754368065569223
Yea my sub runs out in 5 days FeelsSad,neither,0.028162596320135447,0.4087810848193441,0.5630563188605203
LUL,neither,0.03945320844208391,0.33037608806864915,0.630170703489267
both of you are streamers btw,neither,0.09725142354566903,0.32663883721764525,0.5761097392366857
i love you lup,offensive_language,0.079837142191777,0.5038574454704381,0.4163054123377849
The event in is one hour,neither,0.04473573129151066,0.34059546357652604,0.6146688051319634
can i get a mod?,neither,0.038895114474848065,0.3398483992018324,0.6212564863233194
whats at 2pm est?,neither,0.0383953738341502,0.36252923261795894,0.5990753935478909
sup,neither,0.03945320844208391,0.33037608806864915,0.630170703489267
@outkasted_aeon the event,neither,0.03839939302560993,0.311011251109799,0.6505893558645911
@1969chevelle350 LUL,neither,0.03945320844208391,0.33037608806864915,0.630170703489267
@DrLupo Hey ben My principal says I need a doctor's note will you write it for me? I've got Omegalulitis.,neither,0.02255440273189076,0.39372534823086003,0.5837202490372492
!prime,neither,0.03945320844208391,0.33037608806864915,0.630170703489267
Dang,neither,0.03945320844208391,0.33037608806864915,0.630170703489267
Have Amazon Prime? Subscribe for free. 1. Click here and link your account: https://twitch.amazon.com/prime 2. Click the subscribe button and select Amazon Prime as your payment method. 3. Done. 4. See this clip for more info: https://clips.twitch.tv/FrailVictoriousMilkRedCoat,neither,0.057724775856073184,0.29347558562064524,0.6487996385232816
when you open super chest you become captain marvel and can see what thanos will do before thanos does it,neither,0.04099695018304835,0.4584812388651861,0.5005218109517655
@crazymaxwii happy early birthday man!,neither,0.04126597962844496,0.3689863601902462,0.5897476601813089
lupoHEY,neither,0.03945320844208391,0.33037608806864915,0.630170703489267
lupoK,neither,0.03945320844208391,0.33037608806864915,0.630170703489267
@crazymaxwii Happy Early Birthday :),neither,0.04113755935264089,0.3017882573109049,0.6570741833364543
can anyone help on how to tip lupo?,neither,0.04273757707731486,0.3346012569328737,0.6226611659898115
!subs,neither,0.03945320844208391,0.33037608806864915,0.630170703489267
@drlupo you didnt read my sub lupoS,neither,0.041235563794170024,0.45622426892616724,0.5025401672796627
2:00,neither,0.03945320844208391,0.33037608806864915,0.630170703489267
@Luckygreen9 @jwilds1,neither,0.03945320844208391,0.33037608806864915,0.630170703489267
Also Sledgehammers are the new john wicks,neither,0.06920315520609478,0.1877061946809163,0.7430906501129889
tatBlanket tatBlanket tatBlanket tatBlanket tatBlanket,neither,0.03945320844208391,0.33037608806864915,0.630170703489267
Is the event,neither,0.047981327668986,0.3087450538031115,0.6432736185279025
!donate @dynamicalexxx2,neither,0.03945320844208391,0.33037608806864915,0.630170703489267
Standard - https://twitch.streamlabs.com/DrLupo // Crypto - https://1upcoin.com/donate/drlupo // Tips are non-refundable.,neither,0.04936408191404401,0.3110728021496803,0.6395631159362756
@twitch_wilko Can try contacting twitch support maybe? There's nothing Lupo can do about it,neither,0.05267632406473724,0.3349434772794027,0.61238019865586
25 damage from Narnia,neither,0.04046649873994908,0.3131779072369278,0.6463555940231231
are you playing in twitch rivals later today,neither,0.0743274496803445,0.3078839947619087,0.6177885555577467
!donate,neither,0.03945320844208391,0.33037608806864915,0.630170703489267
Where's ninja? Why arent they practicing? BabyRage,neither,0.0317279528077787,0.3169632155079745,0.6513088316842468
Standard - https://twitch.streamlabs.com/DrLupo // Crypto - https://1upcoin.com/donate/drlupo // Tips are non-refundable.,neither,0.04936408191404401,0.3110728021496803,0.6395631159362756
Big shoutout to Elfmind for the sub!,neither,0.025545571302391004,0.3428638487144142,0.6315905799831949
lupoTHINK,neither,0.03945320844208391,0.33037608806864915,0.630170703489267
"@1969chevelle350 btw, love those cars",neither,0.059138000855224984,0.27621863718139567,0.6646433619633795
i am shutting down my twitch account see ya ben i love you and no longer will be able to talk to you,offensive_language,0.03452505281596836,0.5193895395868808,0.4460854075971507
"@DrLupo a catus has dissappeared every 3 hours, the next one is in 1 hr",neither,0.04369810583607342,0.34359888823068474,0.6127030059332418
lupoK lupoK,neither,0.03945320844208391,0.33037608806864915,0.630170703489267
damn it,offensive_language,0.04002844476305787,0.9453293414076719,0.01464221382927025
!newsub,neither,0.03945320844208391,0.33037608806864915,0.630170703489267
"If you're a new sub, I'm very grateful. However, in order to preserve the quality of the channel, I typically do a blanket thank you for new subs. If you want to hear your name specifically, I typically try to call out resubs individually.",neither,0.05860456201229261,0.3189972668873678,0.6223981711003396
tatBlanket tatBlanket tatBlanket,neither,0.03945320844208391,0.33037608806864915,0.630170703489267
there is still like 30 days in season 5 so how big will the event be?,neither,0.03877051646240847,0.36077882842429304,0.6004506551132985
!donate,neither,0.03945320844208391,0.33037608806864915,0.630170703489267
Standard - https://twitch.streamlabs.com/DrLupo // Crypto - https://1upcoin.com/donate/drlupo // Tips are non-refundable.,neither,0.04936408191404401,0.3110728021496803,0.6395631159362756
@DrLupo thanks for streaming dawg. love it,neither,0.030709797402017465,0.3063075408251228,0.6629826617728598
tatBlanket tatBlanket tatBlanket tatBlanket tatBlanket,neither,0.03945320844208391,0.33037608806864915,0.630170703489267
anyone else brought here by the title?,neither,0.07193278054277577,0.32252910375351174,0.6055381157037125
tatBlanket tatBlanket tatBlanket tatBlanket tatBlanket tatBlanket tatBlanket,neither,0.03945320844208391,0.33037608806864915,0.630170703489267
Sup chat,neither,0.03945320844208391,0.33037608806864915,0.630170703489267
!sub,neither,0.03945320844208391,0.33037608806864915,0.630170703489267
Subscribe here: [ https://subs.twitch.tv/drlupo ] // Access to Discord server • Emotes • Sub badge • Increased thickness • Smell great,neither,0.05960140574381473,0.3011452464682766,0.6392533477879087
although supporting the streamer is alwsys good. i am a sub that finds no value in being a sub,neither,0.0377030015557918,0.359070322962568,0.6032266754816402
click on heads *,neither,0.036640323638617384,0.34388423474829494,0.6194754416130877
Sub for support not callouts DansGame,neither,0.060976380720714644,0.2970663365731114,0.641957282706174
i love subs,neither,0.03615980259924816,0.34577062025063376,0.6180695771501182
lupoPOGGERS,neither,0.03945320844208391,0.33037608806864915,0.630170703489267
"@DrLupo a cactus has disappeared every 3 hours, the next one is in 1 hr",neither,0.04266876111627266,0.34058061769779036,0.6167506211859369
drlupo are you playing in the skirmish today?,neither,0.0986797405530659,0.27391021472120797,0.6274100447257261
Skyrimosity all of us,neither,0.13190804802476738,0.43106512082578397,0.4370268311494485
lupoHEY,neither,0.03945320844208391,0.33037608806864915,0.630170703489267
lupoLOVE lupoLOVE lupoLOVE lupoLOVE,neither,0.03945320844208391,0.33037608806864915,0.630170703489267
tatBlanket tatBlanket tatBlanket tatBlanket tatBlanket tatBlanket tatBlanket tatBlanket tatBlanket tatBlanket tatBlanket tatBlanket tatBlanket tatBlanket tatBlanket tatBlanket tatBlanket,neither,0.03945320844208391,0.33037608806864915,0.630170703489267
@Skyrimosity every day LUL,neither,0.039939560293475736,0.3160238153162606,0.6440366243902637
@ycpr31 bye,neither,0.03945320844208391,0.33037608806864915,0.630170703489267
@krashgamer he is playing ninja,neither,0.05416109030342723,0.3253173730577485,0.6205215366388243
SUB = NO ADS,neither,0.03866028044051991,0.34383414563237374,0.6175055739271064
what's going on in an hour and how does anyone know about a timer,neither,0.029022801769260812,0.4287553256478914,0.5422218725828477
WORTH,neither,0.03945320844208391,0.33037608806864915,0.630170703489267
krashgamer he is,neither,0.0817087036342036,0.3158424856208871,0.6024488107449093
it's not about you.,offensive_language,0.06103505227417952,0.48053770731556344,0.45842724041025695
lupoHYPE tatBlanket lupoLOVE lupoLOVE tatBlanket tatBlanket tatBlanket lupoLOVE tatBlanket lupoLOVE tatBlanket lupoLOVE tatBlanket lupoLOVE lupoLOVE tatBlanket lupoLOVE tatBlanket lupoLOVE lupoLOVE tatBlanket yeloBrother tatBlanket lupoLOVE yeloBrother tatBlanket lupoLOVE tatBlanket yeloBrother,neither,0.03945320844208391,0.33037608806864915,0.630170703489267
lupoHEY lupoHEY,neither,0.03945320844208391,0.33037608806864915,0.630170703489267
"Yeah, u can talk to me",neither,0.01013044697891246,0.49018492751675774,0.4996846255043298
"If the cacti are disappearing, are they getting rid of the desert?",neither,0.05156520873608522,0.3330417953151214,0.6153929959487934
Also subbing gets you ad free content,neither,0.04951979075450782,0.3593836268545464,0.5910965823909459
lupoCREEP lupoCREEP lupoCREEP,neither,0.03945320844208391,0.33037608806864915,0.630170703489267
Has Lupo asked Trevor about his wonderful bunt defense?,neither,0.05734372167047616,0.3472241693346721,0.5954321089948518
sub = smell good and be cool,neither,0.03854964964182507,0.2986439725324909,0.662806377825684
lupoLONK,neither,0.03945320844208391,0.33037608806864915,0.630170703489267
!uptime,neither,0.03945320844208391,0.33037608806864915,0.630170703489267
3 hours 41 minutes 47 seconds,neither,0.03945320844208391,0.33037608806864915,0.630170703489267
!emotes,neither,0.03945320844208391,0.33037608806864915,0.630170703489267
$4.99+ - lupoCHAIR lupo4 lupo3 lupo2 lupo1 lupoDERP lupoRB lupoWIFE lupoPLS lupoDOC lupoHYPE lupoJ lupoFLIP lupoS lupoSIP lupoRIP lupoOLD lupoGIFT lupoSHADE lupoSPLODE lupoLOVE lupoBOT lupoBUSH lupoSHRUG lupoGG lupoTHINK lupoNICE lupoSNEK lupoBOOTY lupoRAGE lupoTRIG lupoCRY lupoCAW lupoCHOO lupoCORN lupoHEY lupoLURK lupoNERD lupoNINJA lupoRNG lupoWAT lupoYE lupoMEOW lupoWOOF lupoAIM lupoCREEP lupoCRINGE lupoLONK lupoK lupoPOGGERS // $9.99+ - lupoG // $24.99 - lupoR,neither,0.03945320844208391,0.33037608806864915,0.630170703489267
sub = no ads,neither,0.03866028044051991,0.34383414563237374,0.6175055739271064
you get to support your favorite streamer!,neither,0.19859988590925,0.33790078964377707,0.46349932444697306
and subbing is cool,neither,0.046843777485544094,0.28833537532144715,0.6648208471930086
sub = emotes,neither,0.03945320844208391,0.33037608806864915,0.630170703489267
the biggest value of being a sub is that you support someone who entertains you ...,neither,0.08016880286756949,0.4405756724857214,0.4792555246467091
lupoCREEP lupoCRINGE lupoDERP lupoCREEP lupoCRINGE lupoDERP lupoCREEP lupoCRINGE lupoDERP,neither,0.03945320844208391,0.33037608806864915,0.630170703489267
lupoNICE,neither,0.03945320844208391,0.33037608806864915,0.630170703489267
sub = help lupo,neither,0.03945320844208391,0.33037608806864915,0.630170703489267
love you ben!,neither,0.0560835327857883,0.408117653444592,0.5357988137696198
NETFLIX,neither,0.03945320844208391,0.33037608806864915,0.630170703489267
lupoPOGGERS lupoPOGGERS,neither,0.03945320844208391,0.33037608806864915,0.630170703489267
Did lupo thank the bus driver,neither,0.038399851675009006,0.32273776446601143,0.6388623838589795
lupoCAW lupoCAW lupoCAW lupoCAW lupoCAW lupoCAW lupoCAW lupoCAW,neither,0.03945320844208391,0.33037608806864915,0.630170703489267
tat tatTomato tatTomato tatTomato tatTomato,neither,0.03945320844208391,0.33037608806864915,0.630170703489267
just being a nice person and supporting them?,neither,0.041098712386116024,0.3307402629928761,0.6281610246210079
Dang bruh,neither,0.03945320844208391,0.33037608806864915,0.630170703489267
lupoDERP,neither,0.03945320844208391,0.33037608806864915,0.630170703489267
!skirmish,neither,0.03945320844208391,0.33037608806864915,0.630170703489267
LUPOFLIX,neither,0.03945320844208391,0.33037608806864915,0.630170703489267
Plebs PepeHands,neither,0.03945320844208391,0.33037608806864915,0.630170703489267
lupoAIM,neither,0.03945320844208391,0.33037608806864915,0.630170703489267
give the Netflix explanation,neither,0.03870653663588145,0.31677439760069864,0.64451906576342
lupoBOOTY lupoBOOTY lupoBOOTY lupoBOOTY lupoBOOTY lupoBOOTY lupoBOOTY lupoBOOTY lupoBOOTY lupoBOOTY lupoBOOTY,neither,0.03945320844208391,0.33037608806864915,0.630170703489267
And subbing make u feelsgoodman,neither,0.038602367470649476,0.28694445997049384,0.6744531725588568
Prime subs still get ads right? I think that's new,neither,0.03822299706237174,0.320817624070582,0.6409593788670461
tatTomato tatTHIRST,neither,0.03945320844208391,0.33037608806864915,0.630170703489267
"@Cosmic_Peach @TheBenjaTurtles Alright, good. There are others lupoCREEP",neither,0.06143216846711169,0.25340292255268326,0.685164908980205
lupo3 lupo3 lupo3 lupo3 lupo3 lupo3 lupo3 lupo3 lupo3 lupo3 lupo3,neither,0.03945320844208391,0.33037608806864915,0.630170703489267
Discord is a big plus also,neither,0.02984246783396022,0.38907692721999304,0.5810806049460469
!prime,neither,0.03945320844208391,0.33037608806864915,0.630170703489267
lupoAIM lupoAIM lupoAIM,neither,0.03945320844208391,0.33037608806864915,0.630170703489267
Have Amazon Prime? Subscribe for free. 1. Click here and link your account: https://twitch.amazon.com/prime 2. Click the subscribe button and select Amazon Prime as your payment method. 3. Done. 4. See this clip for more info: https://clips.twitch.tv/FrailVictoriousMilkRedCoat,neither,0.057724775856073184,0.29347558562064524,0.6487996385232816
alexiaAw alexiaAw alexiaAw,neither,0.03945320844208391,0.33037608806864915,0.630170703489267
hi peoples,neither,0.03945320844208391,0.33037608806864915,0.630170703489267
I have a yellow badge that shit is mad rare,offensive_language,0.030348921610051212,0.7584863252910695,0.2111647530988793
@DrLupo Subbing to the channel is like paying for a newspaper online,neither,0.0498680621469752,0.3082349418448834,0.6418969960081414
tatTomato tatLove tatRip tatSuh,neither,0.03945320844208391,0.33037608806864915,0.630170703489267
glamHY glamHY glamHY glamHY glamHuzzah glamHuzzah glamHuzzah glamHuzzah glamHuzzah glamHY glamHY,neither,0.03945320844208391,0.33037608806864915,0.630170703489267
skirmish at 4? Central,neither,0.038496696980560054,0.35946314415938113,0.6020401588600588
sorry @drlupo....your're the man and inspired me to start streaming,neither,0.07036952591778181,0.32916030952238134,0.6004701645598368
You're supporting someone that is taking their time to entertain you. jeez.,neither,0.09161169909026154,0.40685153982140293,0.5015367610883357
Being a sub isn't 'for' the viewer - that's not the right mindset - it's supporting your entertainment provider so you can keep coming back,neither,0.04951851434570262,0.38106310690871165,0.5694183787455859
lupoCRINGE lupoCRINGE lupoCRINGE lupoCRINGE,neither,0.03945320844208391,0.33037608806864915,0.630170703489267
its like getting season tickets @DrLupo,neither,0.03880422878393063,0.4052481873083539,0.5559475839077155
Paying for a better experience and for the community,neither,0.031309477456418926,0.2614064888093825,0.7072840337341987
Dr. Lupo is great to watch. thats why im a sub. he is great at fortnite. he teaches you things and its always good vibes.,neither,0.04996233298081748,0.3539770101772013,0.5960606568419812
SUBS FOREVER,neither,0.03945320844208391,0.33037608806864915,0.630170703489267
SUB HYPE,neither,0.03945320844208391,0.33037608806864915,0.630170703489267
A sub is patronage,neither,0.0515185546400909,0.32622626224743495,0.6222551831124742
lupoCREEP lupoCREEP lupoCREEP lupoCREEP lupoCREEP lupoCREEP lupoCREEP lupoCREEP lupoCREEP lupoCREEP lupoCREEP lupoCREEP lupoCREEP lupoCREEP lupoCREEP lupoCREEP lupoCREEP lupoCREEP lupoCREEP lupoCREEP lupoCREEP,neither,0.03945320844208391,0.33037608806864915,0.630170703489267
"Sub=Supporting someone you enjoy watching, this is a streamers job. its like any other form of entertainment.",neither,0.05356490552567932,0.36125290051522263,0.585182193959098
lupoCORN lupoCORN lupoCORN lupoCORN lupoCHOO lupoCHOO lupoCHOO lupoAIM lupoAIM lupoAIM lupoAIM lupoAIM lupoAIM lupoAIM,neither,0.03945320844208391,0.33037608806864915,0.630170703489267
HI @DrLupo YOU GONNA BE CLICKING ON HEADS TODAY?,neither,0.04806655461082526,0.40573829412824586,0.546195151260929
lupoCRINGE lupoCRINGE lupoCRINGE,neither,0.03945320844208391,0.33037608806864915,0.630170703489267
then what would i do at work lupoS lupoS lupoS,neither,0.045290086799496296,0.34498834475767665,0.6097215684428271
Hey- Gouys,neither,0.03945320844208391,0.33037608806864915,0.630170703489267
Sub is life,neither,0.044619283656823654,0.39491703191987776,0.5604636844232986
i just like giving lupo money cuz he's so darn cute,neither,0.04893485415954548,0.3657612798960697,0.5853038659443848
lupoDERP lupoDERP,neither,0.03945320844208391,0.33037608806864915,0.630170703489267
I watch Lupo more than Netflix and am super stoked to support him,neither,0.0670031125882116,0.297371458652316,0.6356254287594725
"Lupo, your a cool guy",neither,0.08338138664118486,0.32769662825508356,0.5889219851037316
pistolpete9980 has just gifted a $4.99 sub to Sea_Beast123!,neither,0.041003519789374575,0.3381079400946802,0.6208885401159451
"@ycpr31 no adds, great emotes and be apart of a great community. Also watching more then 20 hours a week for 4.99 a month is a great deal on some entertainment",neither,0.034724288815254585,0.2950091754904509,0.6702665356942945
pistolpete9980 has just gifted a $4.99 sub to Prettyshield21!,neither,0.041003519789374575,0.3381079400946802,0.6208885401159451
pistolpete9980 has just gifted a $4.99 sub to Bo0g1e11!,neither,0.041003519789374575,0.3381079400946802,0.6208885401159451
Support!!!,neither,0.10621948544625662,0.30741210379905365,0.5863684107546897
lupoPOGGERS lupoPOGGERS lupoPOGGERS lupoPOGGERS lupoPOGGERS lupoPOGGERS lupoPOGGERS lupoPOGGERS lupoPOGGERS lupoPOGGERS lupoPOGGERS lupoPOGGERS lupoPOGGERS lupoPOGGERS lupoPOGGERS,neither,0.03945320844208391,0.33037608806864915,0.630170703489267
"i get it man, i will keep supporting. im just sating my honest oponion",neither,0.028293252475671563,0.4598108265956642,0.5118959209286642
pistolpete9980 has just gifted a $4.99 sub to SSO_EXP0!,neither,0.041003519789374575,0.3381079400946802,0.6208885401159451
lupoCHAIR lupoCHAIR lupoCHAIR lupoCHAIR lupoCHAIR lupoCHAIR lupoCHAIR lupoCHAIR lupoCHAIR lupoCHAIR,neither,0.03945320844208391,0.33037608806864915,0.630170703489267
!prime,neither,0.03945320844208391,0.33037608806864915,0.630170703489267
Have Amazon Prime? Subscribe for free. 1. Click here and link your account: https://twitch.amazon.com/prime 2. Click the subscribe button and select Amazon Prime as your payment method. 3. Done. 4. See this clip for more info: https://clips.twitch.tv/FrailVictoriousMilkRedCoat,neither,0.057724775856073184,0.29347558562064524,0.6487996385232816
pistolpete9980 has just gifted a $4.99 sub to sh2005kam!,neither,0.041003519789374575,0.3381079400946802,0.6208885401159451
PistolPete9980 lupoPLS,neither,0.03945320844208391,0.33037608806864915,0.630170703489267
"i never subsctibe cause i dont have money, I only get gifted subs",neither,0.0351584635637424,0.3862839268625609,0.5785576095736968
The way of the sub,neither,0.03780419268852114,0.2984495986318515,0.6637462086796274
@DrLupo Love you Brother! I know it's rough but I know without a doubt that he was and is very proud of you.,neither,0.05694776814455707,0.3879095772494314,0.5551426546060114
sorry to hear @DrLupo. I lost my father when I was 9 and it is super tough.,neither,0.03288730628942407,0.38302437212052387,0.5840883215900521
lupoGIFT lupoGIFT lupoGIFT lupoGIFT lupoGIFT lupoGIFT lupoGIFT lupoGIFT lupoGIFT,neither,0.03945320844208391,0.33037608806864915,0.630170703489267
lupoHYPE lupoHYPE lupoHYPE lupoHYPE,neither,0.03945320844208391,0.33037608806864915,0.630170703489267
enjoy your subs kids,neither,0.06672069990967683,0.3228082279735377,0.6104710721167853
you can also use the emotes in everyday texting!,neither,0.02208734590442974,0.43101962916731923,0.546893024928251
did you play any WoW?,neither,0.05703023928422847,0.37972390120015526,0.5632458595156162
lupoCREEP,neither,0.03945320844208391,0.33037608806864915,0.630170703489267
Hello,neither,0.03945320844208391,0.33037608806864915,0.630170703489267
FlipThis KappaHD BagOfMemes BagOfMemes BagOfMemes BagOfMemes BagOfMemes BagOfMemes BagOfMemes,neither,0.03945320844208391,0.33037608806864915,0.630170703489267
sub = talking in sub only mode,neither,0.03945320844208391,0.33037608806864915,0.630170703489267
PokMaskedpika PokMaskedpika PokMaskedpika PokMaskedpika PokMaskedpika PokMaskedpika,neither,0.03945320844208391,0.33037608806864915,0.630170703489267
"I missed it, what happened with the lighting strike",neither,0.03388079526684623,0.3415753144025018,0.624543890330652
way of the road,neither,0.03855430160844485,0.31283535001557544,0.6486103483759796
"I sub cuz Lupo is a genuinely great person. Does so much for charity, is great to the community. Idc what game he plays honestly.",neither,0.03976884475381019,0.3436173815829137,0.6166137736632761
chat with me,neither,0.02052266065529028,0.420772654597695,0.5587046847470147
how do i get twitchprime fortnite loot\,neither,0.04095016486982987,0.344293367367076,0.614756467763094
lupoDOC lupoDOC lupoDOC,neither,0.03945320844208391,0.33037608806864915,0.630170703489267
If you sub you get a subway sammich,neither,0.04548067719613035,0.45280817436897336,0.5017111484348964
lupoCRINGE,neither,0.03945320844208391,0.33037608806864915,0.630170703489267
I need your help,neither,0.08615151672311967,0.3150828697040659,0.5987656135728144
lupoR lupoR lupoR lupoR lupoR lupoR lupoR lupoR lupoR lupoR lupoR lupoR lupoR lupoR lupoR lupoR lupoR lupoR lupoR lupoR,neither,0.03945320844208391,0.33037608806864915,0.630170703489267
lupo1 lupo2,neither,0.03945320844208391,0.33037608806864915,0.630170703489267
I got a gifted sub!! thank you!!! lupoHYPE lupoHYPE lupoHYPE lupoHYPE lupoHYPE,neither,0.051031070858645534,0.41398311301865354,0.5349858161227008
I love this channel,neither,0.03611863588972112,0.34728830655627907,0.6165930575539998
lupoK,neither,0.03945320844208391,0.33037608806864915,0.630170703489267
@DrLupo what did you think of WoW?,neither,0.06770120035795221,0.3672824742860552,0.5650163253559927
lupoAIM lupoAIM lupoAIM lupoAIM lupoAIM lupoAIM lupoAIM,neither,0.03945320844208391,0.33037608806864915,0.630170703489267
@professorhurt1986 agree,neither,0.03945320844208391,0.33037608806864915,0.630170703489267
so I heard that lightening bolt thing is rough,neither,0.04265328629150498,0.4023298191917342,0.5550168945167607
Lupo you going to start WOW again?,neither,0.05963165708507028,0.4292183737306311,0.5111499691842986
there we're bandages at that first chest,neither,0.042271822402690507,0.33010963417040445,0.627618543426905
@o_zay_05 check lupo's twitter,offensive_language,0.0385795114217058,0.49335018148363863,0.4680703070946555
lupoK lupoK lupoK lupoK,neither,0.03945320844208391,0.33037608806864915,0.630170703489267
@Professorhurt1986 lupoYE lupoLOVE lupoNICE,neither,0.03945320844208391,0.33037608806864915,0.630170703489267
as well,neither,0.036201279698097666,0.3855698057118333,0.578228914590069
how does prime affect your channel?,neither,0.045177236300860284,0.4155862844233439,0.5392364792757958
lupoPOGGERS,neither,0.03945320844208391,0.33037608806864915,0.630170703489267
if you sub i'll give you a bite of my burrito. a very small bite tho,neither,0.03571074557269894,0.44753342385886313,0.5167558305684379
Subbing = Season Tickets,neither,0.03965547556177794,0.32694308717232345,0.6334014372658987
@butzy37 True. I gifted a sub to CourageJD today and my boss bought the office lunch today from Subway.,neither,0.03537815659744984,0.3141031717035984,0.6505186716989517
lupo1 lupo2 lupo3 lupo4,neither,0.03945320844208391,0.33037608806864915,0.630170703489267
FortOne,neither,0.03945320844208391,0.33037608806864915,0.630170703489267
@tony4e1 He will be once he is done with the summer skirmish this weekend,neither,0.04362242829440789,0.33613516394711485,0.6202424077584773
lupo4 lupo4 lupo4 lupo4 lupo4 lupo4,neither,0.03945320844208391,0.33037608806864915,0.630170703489267
lupoWAT lupoCREEP,neither,0.03945320844208391,0.33037608806864915,0.630170703489267
Dr. Lupo is just a good person that really connects with his fans. always a supporter for someone that brings postivitity and fun,neither,0.03712078733199775,0.38459060603976203,0.5782886066282402
Lub2Supo,neither,0.03945320844208391,0.33037608806864915,0.630170703489267
"@DrLupo if you got another job, I wouldn't know what to do at work anymore....I may lupoS actually lupoS have to lupoS do lupoS WORK!!!! lupoCRY",neither,0.07119013385236396,0.36434500781313284,0.5644648583345033
@Cosmic_Peach can i have a bite of your burrito? plez?,neither,0.06479223627299638,0.3268840892713288,0.6083236744556749
"i missed the heart to heart last night, what was it?",neither,0.04012682870768394,0.3168803097616483,0.6429928615306678
lupoLOVE lupoLOVE lupoLOVE lupoLOVE lupoLOVE lupoLOVE,neither,0.03945320844208391,0.33037608806864915,0.630170703489267
anyone remember when that TwitchPrime change goes into affect?,neither,0.030648083922925708,0.3896552751228197,0.5796966409542544
positivity,neither,0.03945320844208391,0.33037608806864915,0.630170703489267
"cheer500 I rewatched the clip. I don't think the lightning killed you, I think it knocked you up and you took Tim damage....",neither,0.06269341374769417,0.37976190720992875,0.557544679042377
the true question is Why wouldn't you want to support the channel and ensure that he keeps putting out incredible content?,neither,0.058422798210128836,0.33795587960462664,0.6036213221852446
sucks that I missed out on my 5 month re-sub. for some reason it didn't auto renew. here's to starting over again. It's the way of the road.,neither,0.035837494470484364,0.37532902590620776,0.5888334796233079
viewership is so high because no ones streaming this early with the skirmish in the afternoon. interesting,neither,0.034691153897256514,0.3920652282324884,0.5732436178702551
lupoS lupoS lupoS,neither,0.03945320844208391,0.33037608806864915,0.630170703489267
How do you receive a gifted sub?,neither,0.05219549159829077,0.3628279788142223,0.5849765295874869
@dchrist11 go to his twitter,offensive_language,0.10036747418518828,0.4934076211183481,0.4062249046964635
@dchrist11 Check out his tweet from last night,neither,0.04851015185445032,0.332043364459833,0.6194464836857168
What was that,neither,0.041736715604486524,0.40105550120025046,0.557207783195263
septicsans77 but of course! lupoPLS but it has no veggies cuz im picky lol,neither,0.030290741170854663,0.39571918008693024,0.5739900787422151
LOUD NOISES CHAT!!!!,neither,0.03945320844208391,0.33037608806864915,0.630170703489267
@1969chevelle350 lupoCRY lupoCRY,neither,0.03945320844208391,0.33037608806864915,0.630170703489267
@HemiGixxer Way of the road bruther,neither,0.03855430160844485,0.31283535001557544,0.6486103483759796
thanks,neither,0.035884468650613,0.3004919205142699,0.6636236108351171
hi,neither,0.03945320844208391,0.33037608806864915,0.630170703489267
outkasted_aeon LOUDER,neither,0.03945320844208391,0.33037608806864915,0.630170703489267
"no, thank YOU",neither,0.06524367363104633,0.4424191222764402,0.4923372040925134
