text,top_class,hate_speech,offensive_language,neither
no discount on chair? sad day,neither,0.03671542169286885,0.3416644791574387,0.6216200991496924
!playlist,neither,0.03945320844208391,0.33037608806864915,0.630170703489267
@Siulaim -> The song playlist for this channel is available at https://beta.nightbot.tv/t/drlupo/song_requests/playlist,neither,0.0390529687634197,0.32337912980213795,0.6375679014344424
good morning lupo,neither,0.04970930963283925,0.13564577574880146,0.8146449146183593
!blue,neither,0.03945320844208391,0.33037608806864915,0.630170703489267
"lupoHYPE Use promo code ""DRLUPO"" for a discount on any single product from http://www.bluemic.com/ lupoHYPE",neither,0.020047304495605465,0.30619451870883635,0.6737581767955583
the music on the game is pretty good,neither,0.041348857164312136,0.2783008209572779,0.68035032187841
Quake PogChamp the original quake was my childhood,neither,0.033257746681491514,0.3648615042635165,0.601880749054992
Quake Champions is an awesome FPS with a long history of previous versions that are also awesome!,neither,0.04534671299751824,0.34096000751338656,0.6136932794890951
Excited te watch you play it :),neither,0.05727639318808143,0.3673380585403073,0.5753855482716113
@spike73193 I was just about to ask the same thing.,neither,0.03932888726674796,0.3650635877864047,0.5956075249468473
!songs,neither,0.03945320844208391,0.33037608806864915,0.630170703489267
@danielmcgaha -> Usage: !songs current/delete/list/playlist/next/request/skip/save/promote/volume/play/pause,neither,0.03916817718313493,0.33521381240532294,0.6256180104115422
@twagher SEE!!!! You’re already learning. So proud lupoLOVE,neither,0.06847274121593933,0.39450644608071733,0.5370208127033433
Whoa! YES!,neither,0.03945320844208391,0.33037608806864915,0.630170703489267
@drlupo Is this sponsored?,neither,0.0484976811701294,0.3289671781834557,0.6225351406464149
looked like thanos,neither,0.05721912946313177,0.3549207449029162,0.587860125633952
Does he know how to snipe thooooo?,neither,0.035635041944025274,0.43551124268646846,0.5288537153695063
brings me back to my teenage years,neither,0.03017380339713008,0.4180020669973801,0.5518241296054899
OG arena style,neither,0.03945320844208391,0.33037608806864915,0.630170703489267
QUAKE!!!!!,neither,0.03945320844208391,0.33037608806864915,0.630170703489267
This looks like a video game!!!!,neither,0.05668509846437244,0.2064229552944374,0.7368919462411901
I think Joe Rogan is gonna start playing quake a gain on twitch,neither,0.04182576637583443,0.3576738785313006,0.6005003550928648
Arena Shooters!!!!!! lupoGASM,neither,0.03945320844208391,0.33037608806864915,0.630170703489267
i grew up on quake,neither,0.03487442872554836,0.386871729536911,0.5782538417375406
Is this on more than pc?,neither,0.045424001875038963,0.3399747518129524,0.6146012463120085
he's been putting together a lan room in his stuido\,neither,0.06144025782132938,0.3339497945710836,0.604609947607587
hypeeeeeeee!!!!!!,neither,0.03945320844208391,0.33037608806864915,0.630170703489267
Variety stream !!!!!,neither,0.03945320844208391,0.33037608806864915,0.630170703489267
looks like gears,neither,0.05042447553066947,0.346281313154908,0.6032942113144224
poggies,neither,0.03945320844208391,0.33037608806864915,0.630170703489267
We used to do LAN parties on Quake 2 all the time. So much fun,neither,0.03944825855941585,0.40169749759429557,0.5588542438462887
@l1lsl3gend lupoCHOO lupoCHOO lupoCHOO lupoCHOO,neither,0.03945320844208391,0.33037608806864915,0.630170703489267
Quake?!? Holy crap I feel like I’m 10 again haha,neither,0.04169636552538653,0.40261675140457925,0.5556868830700342
@slowhandzen that’d be littt,neither,0.030818135029944183,0.44813138450436146,0.5210504804656944
it is very loud and you can't turn down the intro volume,neither,0.052045573526866215,0.31591346223106526,0.6320409642420687
I'm gonna download it when I get home from work!,neither,0.030618709868631543,0.3979017879989717,0.5714795021323967
is there a link to download for support,neither,0.07170185609850119,0.2675086854075671,0.6607894584939317
!status,neither,0.03945320844208391,0.33037608806864915,0.630170703489267
"@CurbStompTheRat -> Current Stream Title: I AM NEW, LET ME WIN #AD",neither,0.028451420962297806,0.3188634701417125,0.6526851088959895
"A video game is exactly what i was hoping for!! DrLupo, you rock!",neither,0.05943483088487997,0.24192716823533303,0.6986380008797869
Just an FYI the gameplay is actually more intense than this,neither,0.04186407581267599,0.32794574623605294,0.630190177951271
@live_fast99 Right! good stuff,neither,0.03759435056724449,0.35247486429433766,0.6099307851384179
@DrLupo Is it multiplayer at all?,offensive_language,0.054026639253270295,0.503050158980669,0.4429232017660607
this looks insane....,neither,0.039352325495103674,0.3320883349624153,0.628559339542481
Is this Wolfenstein 3D?,neither,0.0492744971941354,0.32883091238994555,0.6218945904159191
HELLA THICC,neither,0.031153895873793802,0.47123708183237717,0.4976090222938289
he's teased at it a few times on the podcast,neither,0.03880245456347045,0.3450073878733068,0.6161901575632227
Weee bit more,neither,0.04201839268694485,0.3170802132416398,0.6409013940714153
LUL,neither,0.03945320844208391,0.33037608806864915,0.630170703489267
@DrLupo quake????? yeahhhhh boyyyyyy,neither,0.03945320844208391,0.33037608806864915,0.630170703489267
How do you build,neither,0.06174084144712542,0.385058040226661,0.5532011183262135
blue sub badge lupoHYPE lupoR,neither,0.03945320844208391,0.33037608806864915,0.630170703489267
"""a little"" LUL",neither,0.03913165087055051,0.33583375925596015,0.6250345898734893
There goes the PG stream...,neither,0.038784147965466045,0.28774653886259693,0.673469313171937
quake was first pc have i played. that was 10 yrs ago,neither,0.03338093086416083,0.3605319115997819,0.6060871575360574
is it on consoiles?,neither,0.04716140751131578,0.35461070313804294,0.5982278893506413
You said this was Free to Play @DrLupo ?,neither,0.067402847545439,0.3797832351467817,0.5528139173077793
Only on PC??,neither,0.036328935041844514,0.3454242632456005,0.618246801712555
what is this?,neither,0.07282678549990032,0.31792604547631814,0.6092471690237815
"They're fine, they can probably walk that off",neither,0.04846771927513847,0.3516806189935118,0.5998516617313499
Just a little more violent. lol,neither,0.02995702599327761,0.3961029159275799,0.5739400580791425
"@twagher just for that, here’s lesson 3: if you don’t drop out of school, u stupid",neither,0.12082683579830449,0.3149044851897759,0.5642686790119197
someone say my name? ;),neither,0.02665764089584045,0.4318278712275938,0.5415144878765658
@DaddyIsGamer nice reference,neither,0.03945320844208391,0.33037608806864915,0.630170703489267
@bruisr oh yeah!!!,neither,0.022533380315967178,0.4254575626619046,0.5520090570221282
dude,neither,0.03945320844208391,0.33037608806864915,0.630170703489267
courageTHICC,neither,0.03945320844208391,0.33037608806864915,0.630170703489267
hope you're strafe jumping isnt rusty,neither,0.10451855938308073,0.25417888107599335,0.641302559540926
rykhgljjghhgggjg,neither,0.03945320844208391,0.33037608806864915,0.630170703489267
@aka_vi0lent hiiiiii TwitchUnity,neither,0.03945320844208391,0.33037608806864915,0.630170703489267
QUAKE!?!?!?!?!?! ATE YOU SERIOUS? I rocked Quake back in the 2000s,neither,0.04637909507793769,0.34318286399352305,0.6104380409285394
My glorious childhood!!!,neither,0.026571165436659324,0.4326150973263976,0.5408137372369431
@DrLupo IM DR LUPO AND THEY HAVE SNIPERS IN THIS GAME,neither,0.037433726836129055,0.3025826509394184,0.6599836222244525
Only pc?,neither,0.03945320844208391,0.33037608806864915,0.630170703489267
"Onimusha Remaster, dropping Jan 2019 kraftH kraftH kraftH",neither,0.03945320844208391,0.33037608806864915,0.630170703489267
!chair,neither,0.03945320844208391,0.33037608806864915,0.630170703489267
Titan by SecretLab // Support that lupoBOOTY as well as the stream via this affiliate link: https://tinyurl.com/yb7lt5f7 // Currently no discount code. lupoCRY,neither,0.05038321121793244,0.27825061209944973,0.6713661766826179
!chair,neither,0.03945320844208391,0.33037608806864915,0.630170703489267
@l1lsl3gend good thing for me... I did that already,neither,0.0242891343419471,0.3906986171387859,0.585012248519267
@aka_vi0lent and yes he did lol,neither,0.03516465868963174,0.3430546115744704,0.6217807297358978
PC only I believe,neither,0.03945320844208391,0.33037608806864915,0.630170703489267
!subcount,neither,0.03945320844208391,0.33037608806864915,0.630170703489267
There are currently 27328 subscribers.,neither,0.07087749722926778,0.23135887718097997,0.6977636255897524
@siulaim New sub I changed my Twitch Prime Sub to Lupo from Ninjas.,neither,0.03880752965561222,0.31654519062350106,0.6446472797208866
!ROGUE,neither,0.03945320844208391,0.33037608806864915,0.630170703489267
I am a player/streamer for Rogue // http://www.rogue.gg/ // https://twitter.com/GoingRogueGG,neither,0.03258103578185664,0.3553149755189283,0.6121039886992151
Classic,neither,0.03945320844208391,0.33037608806864915,0.630170703489267
lupoAIM lupoAIM lupoRAGE lupoRAGE,neither,0.03945320844208391,0.33037608806864915,0.630170703489267
We should all thank for gods like John Carmack and John Romero for all those games!!!,neither,0.05718273678801549,0.33668443893624184,0.6061328242757428
Quake II with the rail gun. Played that in college. 1998. Oof.,neither,0.031250801203375554,0.3631610021674908,0.6055881966291337
!CHAIR,neither,0.03945320844208391,0.33037608806864915,0.630170703489267
Does it have rocket jumps and rail guns?,neither,0.02953290956177065,0.392085562412803,0.5783815280254264
"""NotDrLupo""",neither,0.03945320844208391,0.33037608806864915,0.630170703489267
dr 1upo?,neither,0.03945320844208391,0.33037608806864915,0.630170703489267
go with: imtimthetatman,neither,0.021665115651057838,0.41500723484314356,0.5633276495057985
"if it's an old password, try password",neither,0.028704110532555803,0.3584913322314646,0.6128045572359796
!Chair,neither,0.03945320844208391,0.33037608806864915,0.630170703489267
Titan by SecretLab // Support that lupoBOOTY as well as the stream via this affiliate link: https://tinyurl.com/yb7lt5f7 // Currently no discount code. lupoCRY,neither,0.05038321121793244,0.27825061209944973,0.6713661766826179
"@Stay_frostty88 only Warlords though, not the best Onimusha games",neither,0.036658761879468676,0.3133776152376088,0.6499636228829224
Try Lupo_PhD,neither,0.03945320844208391,0.33037608806864915,0.630170703489267
DrLupoTTVBTW,neither,0.03945320844208391,0.33037608806864915,0.630170703489267
SnipeLord6969,neither,0.03945320844208391,0.33037608806864915,0.630170703489267
"@WoodrowDolarhyde you can't share a message with your first sub, but next month, you'll be able to send a message",neither,0.059692338468305954,0.3992346730385807,0.5410729884931132
@Mac454 same.. i was good friends w/ a guy ranked top 5 in the world,neither,0.03859979464155647,0.33102296389540553,0.630377241463038
Daddy Lupo isn't the default backup?,neither,0.0387995048080418,0.3184972667092551,0.6427032284827031
college buddy,neither,0.03945320844208391,0.33037608806864915,0.630170703489267
try Ninja,neither,0.03945320844208391,0.33037608806864915,0.630170703489267
"""TimIsDown""",neither,0.03945320844208391,0.33037608806864915,0.630170703489267
Is every game in early access these days?,neither,0.05323190599938545,0.3223131941082241,0.6244548998923904
NotNinja,neither,0.03945320844208391,0.33037608806864915,0.630170703489267
Fred,neither,0.03945320844208391,0.33037608806864915,0.630170703489267
DrBtw,neither,0.03945320844208391,0.33037608806864915,0.630170703489267
Nurse Lupo? Dr is able to be taken,neither,0.05065529942290953,0.3281014281088925,0.621243272468198
"@DrLupo My Wife's response to HP or LOTR Question...""Oh man.""",neither,0.038954481647969955,0.384765943919542,0.5762795744324881
"@twagher wow, such good student",neither,0.0390826678683683,0.32673689793146155,0.63418043420017
DrLupoStreamerBTW,neither,0.03945320844208391,0.33037608806864915,0.630170703489267
therealDrluppo,neither,0.03945320844208391,0.33037608806864915,0.630170703489267
Fred the LLAMA,neither,0.03869305613991593,0.3165237918082594,0.6447831520518246
im in,neither,0.03764178632546834,0.39907854637479884,0.5632796672997328
All the work,neither,0.0407030935811782,0.42268452654893496,0.536612379869887
snipelord6969,neither,0.03945320844208391,0.33037608806864915,0.630170703489267
Quake and Unreal Tournament are OG...good times,neither,0.05195535019306302,0.2822746336075713,0.6657700161993657
DrDad!,neither,0.03945320844208391,0.33037608806864915,0.630170703489267
WayofTheRoad??,neither,0.03945320844208391,0.33037608806864915,0.630170703489267
did you say this was free?,neither,0.05838629739982655,0.3884031979666424,0.553210504633531
NotDrLupo,neither,0.03945320844208391,0.33037608806864915,0.630170703489267
hey,neither,0.03945320844208391,0.33037608806864915,0.630170703489267
DrLupoWasTaken <<<<<,neither,0.03945320844208391,0.33037608806864915,0.630170703489267
xXxN0_Sc0p3_420xXx,neither,0.03945320844208391,0.33037608806864915,0.630170703489267
@l1lsl3gend if I drop out of school that makes me legendary?,neither,0.022931793468931313,0.43273540343642186,0.5443328030946467
PhD Lupo?,neither,0.03945320844208391,0.33037608806864915,0.630170703489267
@l1lsl3gend I have the best teacher,neither,0.03700611918964262,0.31486796936524303,0.6481259114451143
senseihitokiri has just gifted a $4.99 sub to taketolong12!,neither,0.041003519789374575,0.3381079400946802,0.6208885401159451
tatRoad tatRoad tatRoad tatRoad,neither,0.03945320844208391,0.33037608806864915,0.630170703489267
Call Me Papi,neither,0.03214000909700589,0.3700202844400065,0.5978397064629877
You know that Unreal Tournament is also from EPIC?,neither,0.05318027244062648,0.3724163029816016,0.5744034245777718
Just spell out doctor,neither,0.031563453398675084,0.36543072676033017,0.6030058198409948
HiImDRLUPO,neither,0.03945320844208391,0.33037608806864915,0.630170703489267
hi @DrLupo gxpCreep,neither,0.03945320844208391,0.33037608806864915,0.630170703489267
DrHarryPoggers,neither,0.03945320844208391,0.33037608806864915,0.630170703489267
Yo,offensive_language,0.04010381111145228,0.5271105317972344,0.4327856570913131
do you use software or do you just log in and post to each individual social outlet?,neither,0.035055955097006514,0.4202043436957472,0.5447397012072464
It’s just the way of the road,neither,0.03255754613029873,0.3213692858363736,0.6460731680333278
@given2fly_sou And I was properly bad. Didn't stop me from having a ton of fun. lol,neither,0.022670783703609854,0.4181929083379932,0.559136307958397
hey EEVRYONE,neither,0.03945320844208391,0.33037608806864915,0.630170703489267
ppl take the name in hopes they'll get paid when you want it?,neither,0.03993819113553405,0.38309167480506734,0.5769701340593987
"@mowxxlincoln ugh obviously, that’s lesson 3 in genius school",neither,0.036932515989567406,0.35761832388929327,0.6054491601211393
Is this a new game?,neither,0.05508722430894782,0.16629952152651883,0.7786132541645333
PHD Sniper69,neither,0.03945320844208391,0.33037608806864915,0.630170703489267
<----oh look its me,neither,0.031069976651803482,0.31884926113207746,0.6500807622161191
@aiwanei loved the first game,neither,0.03106434216157637,0.2757684156299031,0.6931672422085206
"@Mac454 hah.. i did ok, but every time I'd play w/ him I was in awe :p",neither,0.03653947921584706,0.351596104486301,0.6118644162978518
eating quinoa while watching lupo... therefore quinoa and smiles!!,neither,0.03886778836631773,0.30153794597732275,0.6595942656563594
used to play this with buddies at a gaming cafe where you pay for the minutes....this was before high-speed internet was solid to us peasants.,neither,0.05343664301389522,0.3945722903287208,0.5519910666573838
@daddyisgamer i feel like i did...but forgot for sure. good call,neither,0.034502276807950816,0.42612275614247547,0.5393749670495738
well original quake that is.,neither,0.04248552966101914,0.3612104176831243,0.5963040526558565
@drlupo I played all the old stuff too,neither,0.03980478661551302,0.3810210232505909,0.5791741901338961
AD????,neither,0.03945320844208391,0.33037608806864915,0.630170703489267
@l1lsl3gend would one say that it’s perhaps “the way of the road” Kappa LUL,neither,0.03511815343153198,0.34953633708441245,0.6153455094840555
@siulaim Got it. So Lupo sees that I subbed with Twitch Prime but if I want chat to see it then only after next month resin can I post.,neither,0.0261115604311953,0.4252070393966222,0.5486814001721826
quake champions been out for a yr,neither,0.0323524999428556,0.32432628356182147,0.6433212164953229
You're new... let yourself win?,neither,0.05789115977754365,0.287768723843088,0.6543401163793683
This looks lit,neither,0.03934656127199048,0.3321861688720698,0.6284672698559397
LUPOOOOO QUAKEEEEE,neither,0.03945320844208391,0.33037608806864915,0.630170703489267
#AD,neither,0.03945320844208391,0.33037608806864915,0.630170703489267
!ad,neither,0.03945320844208391,0.33037608806864915,0.630170703489267
it's really intense as a fps !,neither,0.03607888175342266,0.3650346446484485,0.598886473598129
"I leave for a moment, and when I returned it was 1997, again.",neither,0.027213928405056924,0.3394194888963552,0.6333665826985878
@mowxxlincoln tatRoad tatRoad tatRoad i would agree with you on that statement,neither,0.034875075825411786,0.44438857397309156,0.5207363502014966
#AD,neither,0.03945320844208391,0.33037608806864915,0.630170703489267
do you use the space bar for jumping when strafing?,neither,0.018376612443191144,0.41973318780483165,0.5618901997519773
skip training,neither,0.03945320844208391,0.33037608806864915,0.630170703489267
We love variety,neither,0.036400064571877555,0.34655286371716637,0.6170470717109561
@WoodrowDolarhyde it should still pop up in chat,neither,0.04713780247583687,0.4069800624393457,0.5458821350848174
V A R I E T Y,neither,0.03945320844208391,0.33037608806864915,0.630170703489267
plays like any other quake,neither,0.04799122308986944,0.34298078498741796,0.6090279919227126
ooh variety,neither,0.03945320844208391,0.33037608806864915,0.630170703489267
I watch for discount Ryan Reynolds,neither,0.03851160014855249,0.2973844845394825,0.664103915311965
you seem super refreshed from variety streams,neither,0.051318016192503965,0.3491822599385008,0.5994997238689952
variety makes a streamer and its community happy,neither,0.03449041380646838,0.3026941039255786,0.662815482267953
@drlupo game really fast pace!!,neither,0.038872546513340274,0.29540993814032507,0.6657175153463346
niiiiiiiice,neither,0.03945320844208391,0.33037608806864915,0.630170703489267
@twagher well you’re my only student atm so I will say you’re the best as well!!!!,neither,0.07010792273675706,0.4106538890991077,0.5192381881641351
QUAKE!!!!,neither,0.03945320844208391,0.33037608806864915,0.630170703489267
Quake Champions is sooo gooooooood.,neither,0.045636331533196677,0.32824942850678057,0.6261142399600227
quake was one of the first shooters I played besides doom a loonngggg time ago,neither,0.033904762358680555,0.35182619042244023,0.6142690472188792
I freaking LOVE Quake.,neither,0.03703722761233267,0.34157424485998317,0.6213885275276843
unreal tournaent 2004 was amazing,neither,0.03933969076695039,0.3323027792731896,0.62835752995986
@DrLupo have you tried playing radical heights?,neither,0.05046227021482452,0.3699527189869583,0.5795850107982172
We like good mood Lupo,neither,0.05070513890484463,0.3514078980671182,0.5978869630280372
@DrLupo is it easy to move your video back down to the corner?,neither,0.08629411977980422,0.24219351321104252,0.6715123670091534
@drlupo low sens = gg ez,neither,0.03945320844208391,0.33037608806864915,0.630170703489267
lupoK lupoK lupoK lupoK lupoK lupoK lupoK lupoK lupoK lupoK lupoK lupoK lupoK,neither,0.03945320844208391,0.33037608806864915,0.630170703489267
LupoK !,neither,0.03945320844208391,0.33037608806864915,0.630170703489267
lupoK lupoK lupoK lupoK lupoK lupoK lupoK lupoK lupoK lupoK lupoK lupoK,neither,0.03945320844208391,0.33037608806864915,0.630170703489267
i love you lupo really enjoy the stream keep it up man you make very many people happy everyday!,neither,0.07205559181444647,0.4491925328212742,0.47875187536427927
lupoK,neither,0.03945320844208391,0.33037608806864915,0.630170703489267
lupoK,neither,0.03945320844208391,0.33037608806864915,0.630170703489267
lupoK lupoK,neither,0.03945320844208391,0.33037608806864915,0.630170703489267
Love the name!,neither,0.03397231434851663,0.3261025447022858,0.6399251409491976
Plan on playing Realm anytime soon?,neither,0.03760066731386818,0.33919168696437535,0.6232076457217564
@l1lsl3gend best via technicality.. i'll take it,neither,0.04135924786155089,0.10359657692465266,0.8550441752137964
Is quake like Halo? <<<,neither,0.056557983407842266,0.3406609483267999,0.6027810682653577
lupok,neither,0.03945320844208391,0.33037608806864915,0.630170703489267
@catsarepurfect agreed.,neither,0.03945320844208391,0.33037608806864915,0.630170703489267
lupoK,neither,0.03945320844208391,0.33037608806864915,0.630170703489267
lupoK lupoK lupoK lupoK lupoK lupoK,neither,0.03945320844208391,0.33037608806864915,0.630170703489267
lupoBOOTY lupoLOVE lupoBOOTY lupoLOVE lupoBOOTY lupoLOVE lupoBOOTY lupoLOVE lupoBOOTY lupoLOVE lupoBOOTY lupoLOVE lupoBOOTY lupoLOVE lupoBOOTY lupoLOVE lupoBOOTY lupoLOVE lupoBOOTY lupoLOVE lupoBOOTY lupoLOVE lupoBOOTY lupoLOVE lupoBOOTY lupoLOVE lupoBOOTY lupoLOVE lupoBOOTY lupoLOVE lupoBOOTY lupoLOVE lupoBOOTY lupoLOVE,neither,0.03945320844208391,0.33037608806864915,0.630170703489267
@l1lsl3gend So can I move back home and have my parents pay for everything? LUL,neither,0.02914557741325701,0.3643535992854874,0.6065008233012555
lupoK,neither,0.03945320844208391,0.33037608806864915,0.630170703489267
@siulaim that’s what I was wondering? Maybe I missed it. Oh well. Glad I can support Lupo’s stream. lupoDERP lupoDERP lupoDERP,neither,0.05929128809335209,0.31706268484483907,0.6236460270618089
We used to play Quake in my CAD class when our work was done! That was LONG ago,neither,0.029418533228875336,0.4234882950482025,0.5470931717229222
lupoK,neither,0.03945320844208391,0.33037608806864915,0.630170703489267
lupok!,neither,0.03945320844208391,0.33037608806864915,0.630170703489267
lupok,neither,0.03945320844208391,0.33037608806864915,0.630170703489267
lupoK,neither,0.03945320844208391,0.33037608806864915,0.630170703489267
lupoK,neither,0.03945320844208391,0.33037608806864915,0.630170703489267
lupoK,neither,0.03945320844208391,0.33037608806864915,0.630170703489267
lupoK,neither,0.03945320844208391,0.33037608806864915,0.630170703489267
lupoK,neither,0.03945320844208391,0.33037608806864915,0.630170703489267
lupoK lupoK lupoK lupoK lupoK lupoK lupoK lupoK lupoK,neither,0.03945320844208391,0.33037608806864915,0.630170703489267
lupoK,neither,0.03945320844208391,0.33037608806864915,0.630170703489267
K,neither,0.03945320844208391,0.33037608806864915,0.630170703489267
lupoK lupoK lupoK lupoK lupoK lupoK lupoK lupoK lupoK lupoK lupoK lupoK,neither,0.03945320844208391,0.33037608806864915,0.630170703489267
lupoK lupoK lupoK lupoK lupoK lupoK,neither,0.03945320844208391,0.33037608806864915,0.630170703489267
lupoK,neither,0.03945320844208391,0.33037608806864915,0.630170703489267
@jieep not really,neither,0.03696392572324643,0.3398373614668126,0.6231987128099411
I miss Q3 Arena so much some times,neither,0.026543677952790938,0.37801110837303464,0.5954452136741744
lupoK,neither,0.03945320844208391,0.33037608806864915,0.630170703489267
lupoK,neither,0.03945320844208391,0.33037608806864915,0.630170703489267
lupoK lupoK lupoK lupoK lupoK lupoK,neither,0.03945320844208391,0.33037608806864915,0.630170703489267
lupoK,neither,0.03945320844208391,0.33037608806864915,0.630170703489267
lupoK lupoK lupoK lupoK lupoK lupoK lupoK lupoK lupoK lupoK lupoK,neither,0.03945320844208391,0.33037608806864915,0.630170703489267
lupoK,neither,0.03945320844208391,0.33037608806864915,0.630170703489267
lypok,neither,0.03945320844208391,0.33037608806864915,0.630170703489267
lupoK,neither,0.03945320844208391,0.33037608806864915,0.630170703489267
lupoK lupoK lupoK lupoK lupoK,neither,0.03945320844208391,0.33037608806864915,0.630170703489267
"Guarantee your PC gaming performance with BLD by NZXT. The simplest way to get a customized gaming PC. Choose the games you want to play, set a budget, and BLD takes care of the rest. Built and shipped within 48 hours with a 2-year warranty. Check it out: https://nzxt.co/2KUwTu1",neither,0.044265905732985805,0.3394650731178416,0.6162690211491727
lupoK lupoK,neither,0.03945320844208391,0.33037608806864915,0.630170703489267
LupoK,neither,0.03945320844208391,0.33037608806864915,0.630170703489267
lupoK,neither,0.03945320844208391,0.33037608806864915,0.630170703489267
lupoK,neither,0.03945320844208391,0.33037608806864915,0.630170703489267
lupoK,neither,0.03945320844208391,0.33037608806864915,0.630170703489267
LupeK,neither,0.03945320844208391,0.33037608806864915,0.630170703489267
Lupok,neither,0.03945320844208391,0.33037608806864915,0.630170703489267
lupoK lupoK lupoK lupoK lupoK lupoK,neither,0.03945320844208391,0.33037608806864915,0.630170703489267
lupoK,neither,0.03945320844208391,0.33037608806864915,0.630170703489267
lupok,neither,0.03945320844208391,0.33037608806864915,0.630170703489267
lupoK lupoK lupoK lupoK lupoK lupoK lupoK lupoK lupoK lupoK lupoK lupoK lupoK lupoK lupoK lupoK lupoK lupoK lupoK lupoK lupoK lupoK lupoK,neither,0.03945320844208391,0.33037608806864915,0.630170703489267
LupoK,neither,0.03945320844208391,0.33037608806864915,0.630170703489267
LypoK,neither,0.03945320844208391,0.33037608806864915,0.630170703489267
lupoK lupoK lupoK lupoK lupoK lupoK,neither,0.03945320844208391,0.33037608806864915,0.630170703489267
lupoK,neither,0.03945320844208391,0.33037608806864915,0.630170703489267
lupoK,neither,0.03945320844208391,0.33037608806864915,0.630170703489267
lupoK lupoK lupoK,neither,0.03945320844208391,0.33037608806864915,0.630170703489267
lupoK,neither,0.03945320844208391,0.33037608806864915,0.630170703489267
lupoK lupoK lupoK lupoK lupoK lupoK,neither,0.03945320844208391,0.33037608806864915,0.630170703489267
lupoK lupoK lupoK,neither,0.03945320844208391,0.33037608806864915,0.630170703489267
Is it similar to Quake?,neither,0.0510745040851797,0.3250309086578228,0.6238945872569975
lupoK lupoK lupoK lupoK lupoK,neither,0.03945320844208391,0.33037608806864915,0.630170703489267
Quake is like Halo played at 400% movement speed,neither,0.04902614481952237,0.3496517867286625,0.601322068451815
LUPOk,neither,0.03945320844208391,0.33037608806864915,0.630170703489267
lupoK lupoK lupoK lupoK lupoK lupoK lupoK lupoK lupoK lupoK lupoK lupoK lupoK,neither,0.03945320844208391,0.33037608806864915,0.630170703489267
lupoK,neither,0.03945320844208391,0.33037608806864915,0.630170703489267
lupok,neither,0.03945320844208391,0.33037608806864915,0.630170703489267
LupoK,neither,0.03945320844208391,0.33037608806864915,0.630170703489267
lupok,neither,0.03945320844208391,0.33037608806864915,0.630170703489267
LUPOOOO QUAKEEE,neither,0.03945320844208391,0.33037608806864915,0.630170703489267
quake is gr8,neither,0.04625298535486139,0.32803733298047755,0.6257096816646609
lupoK lupoK lupoK lupoK lupoK lupoK,neither,0.03945320844208391,0.33037608806864915,0.630170703489267
lupoK lupoK lupoK lupoK lupoK lupoK lupoK,neither,0.03945320844208391,0.33037608806864915,0.630170703489267
quake champions is half f2p have to buy champions or play a shit ton,offensive_language,0.06204872681866068,0.8454888965385864,0.09246237664275292
lupoK,neither,0.03945320844208391,0.33037608806864915,0.630170703489267
lupo3,neither,0.03945320844208391,0.33037608806864915,0.630170703489267
lupoK lupoK lupoK lupoK lupoK lupoK lupoK lupoK lupoK lupoK lupoK lupoK lupoK lupoK lupoK lupoK lupoK lupoK lupoK,neither,0.03945320844208391,0.33037608806864915,0.630170703489267
lupoK,neither,0.03945320844208391,0.33037608806864915,0.630170703489267
@drlupo you are the forever champion of Radical heights,neither,0.06818510700292818,0.3165067674086281,0.6153081255884437
lupoK,neither,0.03945320844208391,0.33037608806864915,0.630170703489267
lupoK lupoK lupoK lupoK lupoK lupoK lupoK lupoK,neither,0.03945320844208391,0.33037608806864915,0.630170703489267
Does it have rocket jumps and rail guns?,neither,0.02953290956177065,0.392085562412803,0.5783815280254264
lupoK lupoK lupoK lupoK lupoK lupoK lupoK lupoK lupo1 lupo2,neither,0.03945320844208391,0.33037608806864915,0.630170703489267
lupoK lupoK lupoK lupoK lupoK lupoK lupoK,neither,0.03945320844208391,0.33037608806864915,0.630170703489267
lupok,neither,0.03945320844208391,0.33037608806864915,0.630170703489267
lupoK,neither,0.03945320844208391,0.33037608806864915,0.630170703489267
lupoK lupoK lupoK lupoK lupoK lupoK lupoK,neither,0.03945320844208391,0.33037608806864915,0.630170703489267
lupoK lupoK lupoK lupoK lupoK lupoK lupoK lupoK lupoK lupoK lupoK lupoK,neither,0.03945320844208391,0.33037608806864915,0.630170703489267
LUPOK,neither,0.03945320844208391,0.33037608806864915,0.630170703489267
lupoK,neither,0.03945320844208391,0.33037608806864915,0.630170703489267
lupoK lupoK lupoK lupoK lupoK,neither,0.03945320844208391,0.33037608806864915,0.630170703489267
lupo1 lupo2 lupo3 lupo4,neither,0.03945320844208391,0.33037608806864915,0.630170703489267
lupoK lupoK lupoK lupoK lupoK lupoK lupoK lupoK lupoK lupoK lupoK lupoK,neither,0.03945320844208391,0.33037608806864915,0.630170703489267
lupoK lupoK lupoK lupoK lupoK lupoK lupoK lupoK lupoK lupoK lupoK lupoK lupoK lupoK lupoK lupoK,neither,0.03945320844208391,0.33037608806864915,0.630170703489267
lupoK,neither,0.03945320844208391,0.33037608806864915,0.630170703489267
lupoK lupoK lupoK lupoK lupoK,neither,0.03945320844208391,0.33037608806864915,0.630170703489267
ultra high octane,neither,0.0359097634575303,0.4142632085520573,0.5498270279904125
lupoK lupoK lupoK lupoK lupoK lupoK lupoK lupoK,neither,0.03945320844208391,0.33037608806864915,0.630170703489267
lupoK lupoK lupoK lupoK lupoK lupoK lupoK lupoK lupoK lupoK lupoK lupoK lupoK lupoK lupoK lupoK lupoK lupoK,neither,0.03945320844208391,0.33037608806864915,0.630170703489267
lupoK lupoK lupoK lupoK lupoK lupoK lupoK lupoK lupoK lupoK lupoK lupoK lupoK lupoK lupoK lupoK lupoK,neither,0.03945320844208391,0.33037608806864915,0.630170703489267
SUPER fast!!!,neither,0.03945320844208391,0.33037608806864915,0.630170703489267
lupoK,neither,0.03945320844208391,0.33037608806864915,0.630170703489267
lupoK,neither,0.03945320844208391,0.33037608806864915,0.630170703489267
lupoK lupoK,neither,0.03945320844208391,0.33037608806864915,0.630170703489267
lupoK,neither,0.03945320844208391,0.33037608806864915,0.630170703489267
lupoK lupoK lupoK lupoK lupoK lupoK lupoK,neither,0.03945320844208391,0.33037608806864915,0.630170703489267
lupoK lupoK lupoK lupoK lupoK lupoK lupoK,neither,0.03945320844208391,0.33037608806864915,0.630170703489267
lupoK lupoK lupoK lupoK lupoK lupoK lupoK lupoK lupoK lupoK lupoK lupoK lupoK lupoK lupoK lupoK lupoK lupoK lupoK,neither,0.03945320844208391,0.33037608806864915,0.630170703489267
LUPOk,neither,0.03945320844208391,0.33037608806864915,0.630170703489267
lupo3,neither,0.03945320844208391,0.33037608806864915,0.630170703489267
Lupok,neither,0.03945320844208391,0.33037608806864915,0.630170703489267
lupoK lupoK lupoK lupoK lupoK lupoK lupoK lupoK lupoK,neither,0.03945320844208391,0.33037608806864915,0.630170703489267
lupoK lupoK lupoK lupoK lupoK lupoK lupoK lupoK lupoK lupoK lupoK lupoK lupoK lupoK,neither,0.03945320844208391,0.33037608806864915,0.630170703489267
lupoK lupoK lupoK lupoK lupoK lupoK,neither,0.03945320844208391,0.33037608806864915,0.630170703489267
lupoRIP,neither,0.03945320844208391,0.33037608806864915,0.630170703489267
lupoK lupoK lupoK lupoK lupoK lupoK lupoK lupoK lupoK lupoK lupoK lupoK lupoK lupoK lupoK lupoK lupoK lupoK lupoK lupoK lupoK lupoK lupoK,neither,0.03945320844208391,0.33037608806864915,0.630170703489267
lupoK lupoK,neither,0.03945320844208391,0.33037608806864915,0.630170703489267
lupoK lupoK lupoK lupoK lupoK lupoK lupoK,neither,0.03945320844208391,0.33037608806864915,0.630170703489267
lupoK lupoK lupoK lupoK,neither,0.03945320844208391,0.33037608806864915,0.630170703489267
lupoK,neither,0.03945320844208391,0.33037608806864915,0.630170703489267
lupoK,neither,0.03945320844208391,0.33037608806864915,0.630170703489267
lupoK lupoK lupoK lupoK lupoK lupoK lupoK lupoK lupoK lupoK lupoK lupoK lupoK lupoK lupoK lupoK lupoK lupoK lupoK lupoK lupoK,neither,0.03945320844208391,0.33037608806864915,0.630170703489267
lupoK,neither,0.03945320844208391,0.33037608806864915,0.630170703489267
lupoK lupoK lupoK lupoK lupoK lupoK lupoK lupoK lupoK lupoK lupoK lupoK,neither,0.03945320844208391,0.33037608806864915,0.630170703489267
lupoK lupoK lupoK lupoK lupoK,neither,0.03945320844208391,0.33037608806864915,0.630170703489267
lupoK,neither,0.03945320844208391,0.33037608806864915,0.630170703489267
lupo,neither,0.03945320844208391,0.33037608806864915,0.630170703489267
lupoK lupoK lupoK lupoK lupoK lupoK lupoK,neither,0.03945320844208391,0.33037608806864915,0.630170703489267
LupoK,neither,0.03945320844208391,0.33037608806864915,0.630170703489267
lupoK lupoK lupoK,neither,0.03945320844208391,0.33037608806864915,0.630170703489267
lupoK,neither,0.03945320844208391,0.33037608806864915,0.630170703489267
lupoK,neither,0.03945320844208391,0.33037608806864915,0.630170703489267
lupoK lupoK lupoK lupoK lupoK lupoK lupoK lupoK lupoK lupoK lupoK lupoK lupoK lupoK lupoK lupoK lupoK lupoK lupoK lupoK lupoK lupoK lupoK lupoK lupoK lupoK lupoK lupoK lupoK lupoK lupoK lupoK lupoK lupoK lupoK lupoK,neither,0.03945320844208391,0.33037608806864915,0.630170703489267
lupoK lupoK lupoK lupoK lupoK lupoK lupoK lupoK lupoK,neither,0.03945320844208391,0.33037608806864915,0.630170703489267
lupoK,neither,0.03945320844208391,0.33037608806864915,0.630170703489267
lupoK lupoK lupoK lupoK lupoK lupoK lupoK lupoK lupoK lupoK lupoK lupoK lupoK,neither,0.03945320844208391,0.33037608806864915,0.630170703489267
alter ego LupoK!! hes no longer average...hes something else...hes someone else,neither,0.03913152542656341,0.3358358883678039,0.6250325862056326
lupoK lupoK lupoK lupoK lupoK lupoK lupoK lupoK lupoK lupoK lupoK lupoK,neither,0.03945320844208391,0.33037608806864915,0.630170703489267
"@mowxxlincoln if you don’t do that, then you’re not doing it right",offensive_language,0.057257459924120485,0.4988373810958164,0.4439051589800632
lupoK lupoK lupoK lupoK lupoK lupoK lupoK lupoK lupoK lupoK lupoK lupoK lupoK lupoK lupoK lupoK lupoK,neither,0.03945320844208391,0.33037608806864915,0.630170703489267
lupoK lupoK lupoK,neither,0.03945320844208391,0.33037608806864915,0.630170703489267
lupok,neither,0.03945320844208391,0.33037608806864915,0.630170703489267
lupoK,neither,0.03945320844208391,0.33037608806864915,0.630170703489267
lupoK,neither,0.03945320844208391,0.33037608806864915,0.630170703489267
lupo3 lupo3 lupo3 lupo3 lupo3,neither,0.03945320844208391,0.33037608806864915,0.630170703489267
Railgun snipes off jumpads made your brain feel the best joy it could feel lol,neither,0.047817572814960276,0.34376076824792257,0.6084216589371171
lupoK,neither,0.03945320844208391,0.33037608806864915,0.630170703489267
"Ah, good ole twitch shooters. One of the best genres if you're just trying to have fun.",neither,0.04311756217211885,0.3834941494234867,0.5733882884043945
lupoBOOTY lupoCHOO lupoJ lupoSIP,neither,0.03945320844208391,0.33037608806864915,0.630170703489267
I will tonight,neither,0.037580471669230925,0.2631427862026449,0.6992767421281242
lupoK lupoK lupoK lupoK lupoK lupoK lupoK lupoK lupoK lupoK,neither,0.03945320844208391,0.33037608806864915,0.630170703489267
lupoK,neither,0.03945320844208391,0.33037608806864915,0.630170703489267
@DrLupo is it on console/free on console?,neither,0.03963374562952753,0.3437785116610054,0.6165877427094669
lupoK lupoK lupoK lupoFLIP lupoFLIP lupoFLIP lupoK lupoK,neither,0.03945320844208391,0.33037608806864915,0.630170703489267
lupoK lupoK lupoK lupoK,neither,0.03945320844208391,0.33037608806864915,0.630170703489267
lupo2 lupo4,neither,0.03945320844208391,0.33037608806864915,0.630170703489267
is it on STEAM?,neither,0.043011497387873965,0.34228482995082626,0.6147036726612999
you cant rocket bunny hop anymore :/,neither,0.05063656065065537,0.3624779055004225,0.5868855338489221
I'm downloading it at Work and at Home right now! the Ad worked :D,neither,0.036336957874956444,0.33581625400386256,0.627846788121181
lupo3 lupo3 lupo3 lupo3 lupoK lupoFLIP lupoK lupoFLIP lupoK lupoFLIP lupoK lupoFLIP,neither,0.03945320844208391,0.33037608806864915,0.630170703489267
Lupok,neither,0.03945320844208391,0.33037608806864915,0.630170703489267
Isn’t that @siulaim favorite emote lupoK,neither,0.034836098882961415,0.3807583465748175,0.5844055545422211
PC only?,neither,0.03945320844208391,0.33037608806864915,0.630170703489267
lupoHYPE lupoHYPE lupoHYPE,neither,0.03945320844208391,0.33037608806864915,0.630170703489267
lupoK,neither,0.03945320844208391,0.33037608806864915,0.630170703489267
Subscribe here: [ https://subs.twitch.tv/drlupo ] // Access to Discord server • Emotes • Sub badge • Increased thickness • Smell great,neither,0.05960140574381473,0.3011452464682766,0.6392533477879087
oooooh exciting!,neither,0.03945320844208391,0.33037608806864915,0.630170703489267
@twagher that’s the spirit!,neither,0.03377671791904383,0.3618125608363885,0.6044107212445676
lupoCREEP lupoCREEP lupoCREEP lupoCREEP lupoCREEP lupoCREEP lupoCREEP lupoCREEP,neither,0.03945320844208391,0.33037608806864915,0.630170703489267
lupoK lupoR lupoK lupoR lupoK lupoR lupoK lupoR lupoK lupoR lupoK lupoR lupoK lupoR lupoK lupoR lupoK lupoR lupoK lupoR lupoK lupoR,neither,0.03945320844208391,0.33037608806864915,0.630170703489267
Must ha e been Seth macfarlane,neither,0.039965616694102035,0.3216791827529263,0.6383552005529718
lupoK,neither,0.03945320844208391,0.33037608806864915,0.630170703489267
"Hi chat, hope you all are having a great day <3",neither,0.1176319377416501,0.25613790668114195,0.626230155577208
@acidgoblin12 f2p on steam yes,neither,0.03666543358783607,0.3437604466888398,0.6195741197233242
lupoK lupoK lupoK lupoK lupoK lupoK lupoK lupoK lupoK lupoK lupoK lupoK lupoK lupoK,neither,0.03945320844208391,0.33037608806864915,0.630170703489267
!game,neither,0.03826383497213389,0.24674689817812728,0.7149892668497387
@ThumpTheDump -> drlupo is playing Quake Champions,neither,0.045923708620541646,0.3281505863485932,0.6259257050308651
Quake music microGASM,neither,0.03945320844208391,0.33037608806864915,0.630170703489267
!nzxt,neither,0.03945320844208391,0.33037608806864915,0.630170703489267
"Guarantee your PC gaming performance with BLD by NZXT. The simplest way to get a customized gaming PC. Choose the games you want to play, set a budget, and BLD takes care of the rest. Built and shipped within 48 hours with a 2-year warranty. Check it out: https://nzxt.co/2KUwTu1",neither,0.044265905732985805,0.3394650731178416,0.6162690211491727
"I'm new around here but love no matter how big Lupo is, he still reads the chat frequently",neither,0.052800854090406725,0.31493614138010206,0.6322630045294912
:D,neither,0.03945320844208391,0.33037608806864915,0.630170703489267
I play quake pro on Minecraft!!!,neither,0.0371107796439887,0.3415747540013618,0.6213144663546495
