text,top_class,hate_speech,offensive_language,neither
!solo,neither,0.03945320844208391,0.33037608806864915,0.630170703489267
lupoDICE,neither,0.03945320844208391,0.33037608806864915,0.630170703489267
do you not sell your mousepad anymore?,neither,0.10063523604756026,0.3719841820411178,0.5273805819113219
lupoDICE,neither,0.03945320844208391,0.33037608806864915,0.630170703489267
tatRoad tatRoad tatRoad tatRoad tatRoad tatRoad tatRoad tatRoad,neither,0.03945320844208391,0.33037608806864915,0.630170703489267
@Sisirara 3 total currently,neither,0.03945320844208391,0.33037608806864915,0.630170703489267
#SoloAd,neither,0.03945320844208391,0.33037608806864915,0.630170703489267
POGGERS,neither,0.03945320844208391,0.33037608806864915,0.630170703489267
lupoR lupoDICE lupoR,neither,0.03945320844208391,0.33037608806864915,0.630170703489267
lupoDICE,neither,0.03945320844208391,0.33037608806864915,0.630170703489267
lupoDICE lupoDICE lupoDICE lupoDICE,neither,0.03945320844208391,0.33037608806864915,0.630170703489267
lupoDICE lupoDICE lupoDICE lupoDICE lupoDICE lupoDICE lupoDICE lupoDICE lupoDICE lupoDICE lupoDICE lupoDICE lupoDICE lupoDICE,neither,0.03945320844208391,0.33037608806864915,0.630170703489267
lupoDICE lupoDICE lupoDICE lupoDICE lupoDICE lupoDICE lupoDICE lupoDICE,neither,0.03945320844208391,0.33037608806864915,0.630170703489267
NOT THE DICE,neither,0.03686594660210473,0.31692917622656225,0.6462048771713331
lupoGASM lupoDICE,neither,0.03945320844208391,0.33037608806864915,0.630170703489267
chaaaaaAAAAAAAAAAT HI,neither,0.03945320844208391,0.33037608806864915,0.630170703489267
@DrLupo Are you here for the loot!?,neither,0.2637817038235812,0.17589650817351862,0.5603217880029002
lupoDICE,neither,0.03945320844208391,0.33037608806864915,0.630170703489267
does chair play destiny,neither,0.028584166945526224,0.43120541506502785,0.5402104179894458
lupoDICE lupoDICE lupoDICE lupoDICE lupoDICE lupoDICE lupoDICE,neither,0.03945320844208391,0.33037608806864915,0.630170703489267
lupoDICE lupoDICE lupoDICE lupoDICE lupoDICE lupoDICE,neither,0.03945320844208391,0.33037608806864915,0.630170703489267
@Falkkon00 yea im like right on the line for height. as much as a game i think its worth the investment.. thanks for your input,neither,0.039058228889712596,0.32619268175173083,0.6347490893585566
lupoDICE lupoDICE lupoDICE lupoDICE lupoDICE lupoDICE lupoDICE lupoDICE lupoDICE lupoDICE,neither,0.03945320844208391,0.33037608806864915,0.630170703489267
@TehFrozenThrone Guessin ya have to purchase all?,offensive_language,0.032277556707904685,0.6333726826555542,0.33434976063654104
i am a sub but dont have dice :/,neither,0.03627946400355449,0.3453391460387355,0.61838138995771
@XxwWIGXwWAGxX soold out fam,neither,0.0333083893180163,0.354419806229333,0.6122718044526506
https://clips.twitch.tv/LazyFrailManateeSaltBae,neither,0.03945320844208391,0.33037608806864915,0.630170703489267
NOT THE EWOKS,neither,0.03424414432760835,0.3035728550278661,0.6621830006445256
lupoCRINGE,neither,0.03945320844208391,0.33037608806864915,0.630170703489267
@DrLupo is the legendary copy of the game have the raids and stuff,neither,0.04203313506820658,0.2588367876055619,0.6991300773262314
Wait so he can just stream regularly but with the ad in the corner?,neither,0.03122135060464528,0.3690111067435275,0.5997675426518272
@Sisirara for Forsaken yes sadly,neither,0.030289346967299968,0.28474871308667765,0.6849619399460224
lupoDICE,neither,0.03945320844208391,0.33037608806864915,0.630170703489267
lupoDICE #SOLOAD,neither,0.03945320844208391,0.33037608806864915,0.630170703489267
lupoDICE lupoDICE lupoDICE,neither,0.03945320844208391,0.33037608806864915,0.630170703489267
@DrLupo are you a discount HANSOLO ? dingleHunter,neither,0.3074667772907956,0.2930344039624175,0.399498818746787
!lupodice,neither,0.03945320844208391,0.33037608806864915,0.630170703489267
is this considered sellout?,neither,0.04671597224313598,0.3292715377143411,0.6240124900425228
Dang a star wars sponsor? Congrats,neither,0.03945320844208391,0.33037608806864915,0.630170703489267
lupoDICE lupoDICE lupoDICE,neither,0.03945320844208391,0.33037608806864915,0.630170703489267
Wtf,offensive_language,0.04410695246022759,0.7898861884776351,0.16600685906213722
@TheGamingWook oh gotcha thank you,neither,0.061731333736332814,0.33290523415148204,0.6053634321121851
lupoDICE lupoDICE lupoDICE lupoDICE lupoDICE lupoDICE lupoDICE,neither,0.03945320844208391,0.33037608806864915,0.630170703489267
@TehFrozenThrone Ahh poop,neither,0.03945320844208391,0.33037608806864915,0.630170703489267
lupoGG lupoGG,neither,0.03945320844208391,0.33037608806864915,0.630170703489267
House Fruit :),neither,0.03945320844208391,0.33037608806864915,0.630170703489267
Lupo Disney shill confirmed,neither,0.03945320844208391,0.33037608806864915,0.630170703489267
whats the quickest way to lvl a new character? or is ti just run story?,neither,0.04633000866140468,0.28255040945593923,0.6711195818826561
@TehFrozenThrone thanks for the info,neither,0.03158985731523347,0.2757470100193002,0.6926631326654663
lupoDICE,neither,0.03945320844208391,0.33037608806864915,0.630170703489267
solo!,neither,0.03945320844208391,0.33037608806864915,0.630170703489267
lupoSHARK lupoSHARK lupoSHARK lupoSHARK,neither,0.03945320844208391,0.33037608806864915,0.630170703489267
Has Lupo got other characters?,neither,0.03862097060574189,0.3678451756196077,0.5935338537746505
lupoDICE lupoDICE lupoDICE,neither,0.03945320844208391,0.33037608806864915,0.630170703489267
does chair play destiny lupo?,neither,0.028584166945526224,0.43120541506502785,0.5402104179894458
lupoDICE lupoDICE lupoDICE lupoDICE,neither,0.03945320844208391,0.33037608806864915,0.630170703489267
lupoDICE lupoDICE lupoDICE lupoDICE,neither,0.03945320844208391,0.33037608806864915,0.630170703489267
!variety,neither,0.03945320844208391,0.33037608806864915,0.630170703489267
"I am a variety streamer, which means I play several different games. Just because I'm playing Destiny 2 today doesn't mean I'm never playing other games again.",neither,0.035083885705360765,0.3560366411483931,0.6088794731462461
@XxwWIGXwWAGxX lupoNICE lupoNICE lupoNICE lupoNICE,neither,0.03945320844208391,0.33037608806864915,0.630170703489267
lupoDICE lupoDICE,neither,0.03945320844208391,0.33037608806864915,0.630170703489267
hey look it worked!,neither,0.03979261285147675,0.33025935132866524,0.6299480358198579
Because reasons!!! @DrLupo lupoDICE,neither,0.03945320844208391,0.33037608806864915,0.630170703489267
@Sisirara welcome!,neither,0.03945320844208391,0.33037608806864915,0.630170703489267
click on heads dad,neither,0.036996938666546283,0.3421317105048539,0.6208713508285997
lupoSHARK lupoSHARK lupoSHARK lupoSHARK lupoSHARK lupoG lupoG lupoG lupoG lupoG,neither,0.03945320844208391,0.33037608806864915,0.630170703489267
lupoDICE lupoDICE lupoDICE lupoDICE,neither,0.03945320844208391,0.33037608806864915,0.630170703489267
@l1aam3 that game is poo poo platter supreme. its d2 time right now,neither,0.03693836446733308,0.3469472928465787,0.6161143426860881
Sorry dad,neither,0.03945320844208391,0.33037608806864915,0.630170703489267
lupoDICE lupoGASM lupoDICE lupoGASM,neither,0.03945320844208391,0.33037608806864915,0.630170703489267
Forehead,neither,0.03945320844208391,0.33037608806864915,0.630170703489267
That movie is like me....solo lupoDERP lupoCRY,neither,0.04795993500175354,0.3848929538941462,0.5671471111041002
wolfSith wolfObi wolfSith wolfObi wolfSith wolfObi wolfSith wolfObi wolfSith wolfObi wolfSith wolfObi wolfSith wolfObi wolfSith wolfObi wolfSith wolfObi wolfSith wolfObi wolfSith wolfObi,neither,0.03945320844208391,0.33037608806864915,0.630170703489267
!ad,neither,0.03945320844208391,0.33037608806864915,0.630170703489267
Sponsored by SOLO: A Star Wars Story. Now on digital and blu-ray. Click here - http://bit.ly/2OUE9bH,neither,0.05207391862094806,0.2745111623225276,0.6734149190565243
lupoDICE,neither,0.03945320844208391,0.33037608806864915,0.630170703489267
We have to run back to the thing.,neither,0.05128574668937955,0.3185333327143081,0.6301809205963124
!ad,neither,0.03945320844208391,0.33037608806864915,0.630170703489267
!ad,neither,0.03945320844208391,0.33037608806864915,0.630170703489267
!ad,neither,0.03945320844208391,0.33037608806864915,0.630170703489267
!ad,neither,0.03945320844208391,0.33037608806864915,0.630170703489267
!add,neither,0.03945320844208391,0.33037608806864915,0.630170703489267
"I don't add people on any platform unless we play together often, do sherpa runs together, or have had intimate relations. lupoWIFE",neither,0.04937813463841824,0.33999533882755817,0.6106265265340235
!ad,neither,0.03945320844208391,0.33037608806864915,0.630170703489267
Sponsored by SOLO: A Star Wars Story. Now on digital and blu-ray. Click here - http://bit.ly/2OUE9bH,neither,0.05207391862094806,0.2745111623225276,0.6734149190565243
lupoCHAIR lupoCHAIR lupoCHAIR will the new chair be playing today??? lol,neither,0.03559281971440382,0.25786189991619624,0.7065452803693999
Ever played Star Wars Battlefront?,neither,0.03945320844208391,0.33037608806864915,0.630170703489267
@drlupo how would you explain destiny 2 in one sentence,neither,0.04955186946756966,0.3823366427469034,0.5681114877855269
i love bread pool,neither,0.037119624174166234,0.33540715298664864,0.627473222839185
@DrLupo Any plans to play Fortnite today? Sorry if this got asked already didn't see any info on your twitter lupo3,neither,0.03314183038258679,0.45004511486567406,0.5168130547517392
404 lupoRIP,neither,0.03945320844208391,0.33037608806864915,0.630170703489267
Ad a 404 for anyone else?,neither,0.0350749215845929,0.30849775795501716,0.6564273204603899
@DrLupo that link isn't working for me,neither,0.026745017708635334,0.37018040905055943,0.6030745732408054
Who is Han Solo?,neither,0.047194836932649885,0.3842884916113192,0.5685166714560309
Forehead,neither,0.03945320844208391,0.33037608806864915,0.630170703489267
"oops, link is not... ""fully armed""?",neither,0.043704645945138544,0.33180208863728833,0.6244932654175731
its good,neither,0.028901295535216566,0.334005374781645,0.6370933296831385
theres an extended cut?,neither,0.03971207432024921,0.32598245853007674,0.6343054671496741
Basically all disney,neither,0.04122976431907779,0.40172746879333276,0.5570427668875894
Sugar Bear lupoK,neither,0.03945320844208391,0.33037608806864915,0.630170703489267
link in the !ad command works for me,neither,0.029656972439884945,0.3258074120431971,0.6445356155169178
@drlupo - How differently do you approach Sniping in Destiny than you approach Sniping in Fortnite? lupoTHINK lupoNERD lupoTHINK,neither,0.055986097634789976,0.3788192335971032,0.5651946687681068
ت,neither,0.03945320844208391,0.33037608806864915,0.630170703489267
That link is a 404,neither,0.04271051609732522,0.3633419646760112,0.5939475192266637
han solo the goat,neither,0.03875667184488429,0.3177046595545177,0.6435386686005979
"That sounds awesome, when's it out in the cinema'?",neither,0.026578073915964957,0.39226373611035675,0.5811581899736783
lupoK lupoK lupoK,neither,0.03945320844208391,0.33037608806864915,0.630170703489267
35 and never seen star wars \0/,neither,0.036042579176156525,0.33060555036353934,0.6333518704603042
I liked Solo for sure but i really wanted it to be a one off. there are so many other stories in the star wars universe that they could focus on,neither,0.04018359928845841,0.3851741915915571,0.5746422091199843
do you work for disney now?,neither,0.048375718749810254,0.33832698671920924,0.6132972945309806
nickmercsFS nickmercsFS nickmercsFS nickmercsFS nickmercsFS nickmercsFS nickmercsFS nickmercsFS nickmercsFS,neither,0.03945320844208391,0.33037608806864915,0.630170703489267
super404,neither,0.03945320844208391,0.33037608806864915,0.630170703489267
!mic,neither,0.03945320844208391,0.33037608806864915,0.630170703489267
Blue Spark SL - https://goo.gl/ktpXZq // Blue Compass Mic Boom - https://goo.gl/bAHSAr,neither,0.03945320844208391,0.33037608806864915,0.630170703489267
404head,neither,0.03945320844208391,0.33037608806864915,0.630170703489267
link is 404,neither,0.04668319012505554,0.3278893658327089,0.6254274440422356
Dad your link is 404,neither,0.07238639756326748,0.3206030421599655,0.607010560276767
wolfSith wolfObi wolfSith wolfObi wolfSith wolfObi wolfSith wolfObi wolfSith wolfObi wolfSith wolfObi wolfSith wolfObi wolfSith wolfObi wolfSith wolfObi wolfSith wolfObi wolfSith wolfObi,neither,0.03945320844208391,0.33037608806864915,0.630170703489267
command,neither,0.03945320844208391,0.33037608806864915,0.630170703489267
30 and never seen past the original Star Wars,neither,0.036124427290856964,0.321273374947706,0.6426021977614369
hi chat,neither,0.03945320844208391,0.33037608806864915,0.630170703489267
!ad,neither,0.03945320844208391,0.33037608806864915,0.630170703489267
Sponsored by SOLO: A Star Wars Story. Now on digital and blu-ray. Click here - http://bit.ly/2OUE9bH,neither,0.05207391862094806,0.2745111623225276,0.6734149190565243
wolfSith,neither,0.03945320844208391,0.33037608806864915,0.630170703489267
hello,neither,0.03945320844208391,0.33037608806864915,0.630170703489267
reqS,neither,0.03945320844208391,0.33037608806864915,0.630170703489267
@ISwearItIsNotMe tonight maybe he said,neither,0.04230985498055493,0.305024939728913,0.6526652052905321
404head,neither,0.03945320844208391,0.33037608806864915,0.630170703489267
THe panel link works,neither,0.03876856783676544,0.31792498774344996,0.6433064444197847
the one under is good,neither,0.04590633706571239,0.34438127495177523,0.6097123879825124
ampersand in the link in chat,neither,0.03867306124102896,0.31615170582076785,0.6451752329382032
It worked for me as well,neither,0.025654462693893893,0.36950745663454526,0.6048380806715609
@TehFrozenThrone Thanks! lupoLOVE,neither,0.035884468650613,0.3004919205142699,0.6636236108351171
It doesn't work for me weirdly but the panel does,neither,0.020053402304769867,0.42255834205050324,0.5573882556447269
it works,neither,0.03748292270080534,0.33105375968371464,0.63146331761548
link works,neither,0.03945320844208391,0.33037608806864915,0.630170703489267
@drlupo does Forsaken bring you back to that D1 feel at all?,offensive_language,0.040457893512183755,0.5469819820608375,0.4125601244269787
works for me,neither,0.024918505909132152,0.34200909208167707,0.6330724020091908
should be ? not &,neither,0.062157485114880666,0.4205020473598234,0.5173404675252958
ad link works for me,neither,0.029788677170735897,0.3367342967390849,0.6334770260901792
!ad,neither,0.03945320844208391,0.33037608806864915,0.630170703489267
Sponsored by SOLO: A Star Wars Story. Now on digital and blu-ray. Click here - http://bit.ly/2OUE9bH,neither,0.05207391862094806,0.2745111623225276,0.6734149190565243
that's a really cool sponsor,neither,0.03589874724842837,0.3689797083136985,0.5951215444378732
!ad,neither,0.03945320844208391,0.33037608806864915,0.630170703489267
Sponsored by SOLO: A Star Wars Story. Now on digital and blu-ray. Click here - http://bit.ly/2OUE9bH,neither,0.05207391862094806,0.2745111623225276,0.6734149190565243
"but the solo movie was bad, right?",neither,0.03412302448718603,0.310021785163644,0.65585519034917
Both work for me,neither,0.025404839068028134,0.3413930322160348,0.6332021287159372
"hey loop, can i call you loop?",neither,0.04862897539999626,0.35362542766085703,0.5977455969391468
frank,neither,0.03945320844208391,0.33037608806864915,0.630170703489267
link works,neither,0.03945320844208391,0.33037608806864915,0.630170703489267
han solo and Chewbacca. Name a better duo I'll wait,neither,0.038953195899229166,0.3059884468238058,0.6550583572769652
does not work for me,neither,0.015907715120460186,0.46712966487802426,0.5169626200015156
Works good,neither,0.038620047659747275,0.3306626502667844,0.6307173020734683
!ad link works fine,neither,0.03945320844208391,0.33037608806864915,0.630170703489267
Sponsored by SOLO: A Star Wars Story. Now on digital and blu-ray. Click here - http://bit.ly/2OUE9bH,neither,0.05207391862094806,0.2745111623225276,0.6734149190565243
ad works,neither,0.03945320844208391,0.33037608806864915,0.630170703489267
works for me,neither,0.024918505909132152,0.34200909208167707,0.6330724020091908
gjakeFalcon gjakeFalcon,neither,0.03945320844208391,0.33037608806864915,0.630170703489267
git gud internet khed,neither,0.03945320844208391,0.33037608806864915,0.630170703489267
worked for me,neither,0.0252009322203501,0.34164858442757945,0.6331504833520704
SOLO was so good,neither,0.038552475206724175,0.3839995526528257,0.5774479721404501
worked for me too,neither,0.026184640606663555,0.3447960610140355,0.6290192983793009
lupoDICE lupoDICE,neither,0.03945320844208391,0.33037608806864915,0.630170703489267
wolfSith wolfObi wolfSith wolfObi wolfSith wolfObi wolfSith wolfObi wolfSith wolfObi wolfSith wolfObi wolfSith wolfObi wolfSith wolfObi wolfSith wolfObi wolfSith wolfObi wolfSith wolfObi,neither,0.03945320844208391,0.33037608806864915,0.630170703489267
!ad,neither,0.03945320844208391,0.33037608806864915,0.630170703489267
Sponsored by SOLO: A Star Wars Story. Now on digital and blu-ray. Click here - http://bit.ly/2OUE9bH,neither,0.05207391862094806,0.2745111623225276,0.6734149190565243
@deadpool5701 i thought it was good,neither,0.04041965682164111,0.2061182981372052,0.7534620450411538
404 error.,neither,0.03945320844208391,0.33037608806864915,0.630170703489267
ever play D&D?,neither,0.03945320844208391,0.33037608806864915,0.630170703489267
@buga_tv -> You've been timed out for posting a link. Ask first. Unless you're spam. [warning],neither,0.037212331828085185,0.34488937712100365,0.6178982910509111
Works fine for me,neither,0.027145542658447284,0.33936266476425553,0.6334917925772973
lupoDICE,neither,0.03945320844208391,0.33037608806864915,0.630170703489267
vudu sponsor,neither,0.03945320844208391,0.33037608806864915,0.630170703489267
404,neither,0.03945320844208391,0.33037608806864915,0.630170703489267
The link is good.. I got it to load on 1st click,neither,0.04391884803555385,0.3528538934786423,0.6032272584858037
mobile maybe,neither,0.03945320844208391,0.33037608806864915,0.630170703489267
Hey,neither,0.03945320844208391,0.33037608806864915,0.630170703489267
@DrLupo I think it doesn't work outside the US,neither,0.07184989860310331,0.3026981958810223,0.6254519055158743
fuck Idk,offensive_language,0.20580115842725777,0.7941847074627143,1.4134110028014356e-05
Hello,neither,0.03945320844208391,0.33037608806864915,0.630170703489267
Chat must have broken it 😂,neither,0.03857137545615835,0.3250099230851578,0.6364187014586837
suh,neither,0.03945320844208391,0.33037608806864915,0.630170703489267
works for me @drlupo,neither,0.024918505909132152,0.34200909208167707,0.6330724020091908
For me the one nightbot is sending out isnt working,neither,0.031140292311368042,0.3568863434998501,0.6119733641887819
lupo what do you think of marcels new video,neither,0.08362871519823789,0.17397185225740258,0.7423994325443596
the ampersand is incorrect,neither,0.06634763790238427,0.27637293114625994,0.6572794309513558
Can't load panels on mobile so what's in chat is all I got.,neither,0.046889417556331685,0.4392146796985815,0.5138959027450867
it loads to a star wars page that says 404,neither,0.040004380906020806,0.35182903834344803,0.6081665807505311
i just bought this expansion is there anything i should know before i play @DrLupo,neither,0.04734585952890776,0.385091133992334,0.5675630064787582
!ad,neither,0.03945320844208391,0.33037608806864915,0.630170703489267
Sponsored by SOLO: A Star Wars Story. Now on digital and blu-ray. Click here - http://bit.ly/2OUE9bH,neither,0.05207391862094806,0.2745111623225276,0.6734149190565243
Hey,neither,0.03945320844208391,0.33037608806864915,0.630170703489267
trolls,neither,0.03945320844208391,0.33037608806864915,0.630170703489267
should be ?,neither,0.07228603383810948,0.4301602019593349,0.49755376420255554
Didn't know that was out! Thanks for the reminder @DrLupo gotta get it.,neither,0.020369440154796716,0.37992822057284137,0.5997023392723618
all links work for me,neither,0.028261058069626227,0.40171908427343994,0.570019857656934
they work.,neither,0.03945320844208391,0.33037608806864915,0.630170703489267
On iPad can confirm mobile 404 error,neither,0.03799385388123263,0.3353923246310338,0.6266138214877336
just tell em to type drlupo into twitter lmao forhead,neither,0.039326227992184506,0.4540818033257737,0.5065919686820419
@DrLupo discord,neither,0.03945320844208391,0.33037608806864915,0.630170703489267
banner one works for me but the !ad command did not,neither,0.028082605915738496,0.35388978598643267,0.6180276080978288
twitter link works.,neither,0.03880672556604001,0.4381316666697781,0.523061607764182
@wickywhybs and play what?,neither,0.04722601516239439,0.2641113323483218,0.6886626524892839
It sends me somewhere but says not operational. I can click films and get to Solo tho,neither,0.03334538467194784,0.3417751759581115,0.6248794393699406
@drlupo HI INTERNET HAN SOLO!,neither,0.03945320844208391,0.33037608806864915,0.630170703489267
Mobile 404 error.,neither,0.03945320844208391,0.33037608806864915,0.630170703489267
lupo is dad,neither,0.05349780000852888,0.3255455090057402,0.6209566909857309
!ad,neither,0.03945320844208391,0.33037608806864915,0.630170703489267
Sponsored by SOLO: A Star Wars Story. Now on digital and blu-ray. Click here - http://bit.ly/2OUE9bH,neither,0.05207391862094806,0.2745111623225276,0.6734149190565243
command doesnt work replace & with ? in the link,neither,0.03108705835832354,0.3450086803675594,0.623904261274117
Change game title :),neither,0.03878286787749367,0.28936703506233813,0.6718500970601683
all work for me @DrLupo,neither,0.02421786034617732,0.43158070669167437,0.5442014329621483
You good lupo,offensive_language,0.08898074445465029,0.4625610934745836,0.4484581620707661
@drlupo it lupo man!,neither,0.03687415314479592,0.47154668207427325,0.49157916478093083
pvto,neither,0.03945320844208391,0.33037608806864915,0.630170703489267
everything works,neither,0.03945320844208391,0.33037608806864915,0.630170703489267
helli,neither,0.03945320844208391,0.33037608806864915,0.630170703489267
They don't work on mobile.,neither,0.03685884812954033,0.342808923703601,0.6203322281668586
I'm on pc and it's not working,neither,0.03401232886518438,0.3112350769934791,0.6547525941413365
lupoLURK lupoLURK lupoLURK,neither,0.03945320844208391,0.33037608806864915,0.630170703489267
The most I've ever had to do with Starwars was playing Darth & Yoda in Soulcalibur IV. shdwWut,neither,0.02456833610570782,0.3301002473368546,0.6453314165574375
doesn't work on PC,neither,0.036807758369308344,0.3430599249860229,0.6201323166446687
!discord,neither,0.03945320844208391,0.33037608806864915,0.630170703489267
"Join: https://discord.gg/drlupo If you're not a sub, you can only join the Waiting Room voice channel. If you ARE a sub, visit https://discordapp.com/ on a PC. Setup an account then go to user settings, then the connections tab and link your Twitch account. When done, you will be able to see ""Sub Enabled Servers"" in the connections tab. Click Join and you're done! Or check out this link: http://imgur.com/a/i6td5 lupoYE",neither,0.06030179321258908,0.3356216176394123,0.6040765891479986
"To whoever was asking about how to get past 510 light level, I personally do PvP and the rewards grant me gear with higher light levels",neither,0.035875319731416916,0.3490707831370808,0.6150538971315023
I’m on mobile and it works,neither,0.03524369011433783,0.3078294591716507,0.6569268507140115
hmm im getting 404 on pc im gonna try refreshing,neither,0.03420172678692439,0.43655414565025225,0.5292441275628234
The DrLupoTwitter Link does not work on PC for me,neither,0.02091496137265557,0.4235376133354769,0.5555474252918675
!ad,neither,0.03945320844208391,0.33037608806864915,0.630170703489267
Sponsored by SOLO: A Star Wars Story. Now on digital and blu-ray. Click here - http://bit.ly/2OUE9bH,neither,0.05207391862094806,0.2745111623225276,0.6734149190565243
lupoLURK lupoLURK lupoLURK,neither,0.03945320844208391,0.33037608806864915,0.630170703489267
command link doesnt work.. replace & with ? in the link @@@@@,neither,0.033072358378638346,0.3412775966772539,0.6256500449441078
!ad,neither,0.03945320844208391,0.33037608806864915,0.630170703489267
I'm on pc and the one in the chat is 404,neither,0.0404528212462981,0.3116174901270826,0.6479296886266193
I'm on pc and link says page is not fully functional yet,neither,0.040968833220714276,0.31601470619134514,0.6430164605879406
Works for me,neither,0.024918505909132152,0.34200909208167707,0.6330724020091908
same im on mobile and i see it,neither,0.0352806926394335,0.3409805186394251,0.6237387887211414
!ad,neither,0.03945320844208391,0.33037608806864915,0.630170703489267
basically han solo lupoNICE love it!,neither,0.03622739702244344,0.3408762216370442,0.6228963813405123
Sponsored by SOLO: A Star Wars Story. Now on digital and blu-ray. Click here - http://bit.ly/2OUE9bH,neither,0.05207391862094806,0.2745111623225276,0.6734149190565243
on PC not working for me but no worries,neither,0.02647221768181296,0.36323593768013024,0.6102918446380567
Solo is a great movie,neither,0.0474778611199507,0.26840365937852023,0.684118479501529
Hello,neither,0.03945320844208391,0.33037608806864915,0.630170703489267
;.l....,neither,0.03945320844208391,0.33037608806864915,0.630170703489267
I checked on mobile as well & they all work for me,neither,0.029138148054011305,0.40723609683585105,0.5636257551101378
totally works on my end all around,neither,0.029934779454931698,0.46400501982503023,0.506060200720038
rakIQ rakAng rakPot,neither,0.03945320844208391,0.33037608806864915,0.630170703489267
command link doesnt work.. replace & with ? in the link ...,neither,0.033072358378638346,0.3412775966772539,0.6256500449441078
they all worked for me as well,neither,0.027742694896690668,0.4237021599622008,0.5485551451411085
404,neither,0.03945320844208391,0.33037608806864915,0.630170703489267
"I see everything, just refreshed",neither,0.033465669330060434,0.3590411855962317,0.6074931450737078
Can u notice me,neither,0.03128390426834209,0.3712854604906709,0.597430635240987
Did he do the thing? Because I missed it,neither,0.043209137095627265,0.31510973753176874,0.641681125372604
!ad,neither,0.03945320844208391,0.33037608806864915,0.630170703489267
HeyGuys Hi I’m a new follower,neither,0.04283057095052683,0.2463605247739618,0.7108089042755114
Sponsored by SOLO: A Star Wars Story. Now on digital and blu-ray. Click here - http://bit.ly/2OUE9bH,neither,0.05207391862094806,0.2745111623225276,0.6734149190565243
click on heads dad,neither,0.036996938666546283,0.3421317105048539,0.6208713508285997
works for me,neither,0.024918505909132152,0.34200909208167707,0.6330724020091908
whats his power level chat?,neither,0.05842898840053738,0.3320687890573967,0.6095022225420659
hmm getting a 404 problem now,neither,0.0364555899584564,0.38125349689665344,0.5822909131448901
Im hungry for oreos,neither,0.036999747037648564,0.05423233788066899,0.9087679150816824
lupo lookin cute af today,neither,0.03973897743772276,0.278523325066344,0.6817376974959334
just getting a 404 error,neither,0.03291339869874098,0.40070811850636473,0.5663784827948942
"bro the command link has ""&"" and the banner link has ""?""",neither,0.03860933330733413,0.28880862130152485,0.6725820453911411
Is it just me itsays playing destiny2,neither,0.03191955587265363,0.40298871418169385,0.5650917299456525
show us what you see... it still sends to a star wars page just says 404,neither,0.08440972351126269,0.32278610078246783,0.5928041757062695
on star wars website,neither,0.03717426876502442,0.34126466143488265,0.6215610698000928
link goes to page but gives 404,neither,0.04135263088200876,0.33410910694575663,0.6245382621722345
in Omaha on Cox 404 error,neither,0.037463153236512045,0.3398583974023728,0.6226784493611152
@JustMundii no u,neither,0.036918905254960256,0.37338982715841207,0.5896912675866277
!ad,neither,0.03945320844208391,0.33037608806864915,0.630170703489267
Sponsored by SOLO: A Star Wars Story. Now on digital and blu-ray. Click here - http://bit.ly/2OUE9bH,neither,0.05207391862094806,0.2745111623225276,0.6734149190565243
link works for me on pc and mobile. this is quite weird,neither,0.03444697401492778,0.3210641730294742,0.6444888529555979
lupoTRIG lupoTRIG lupoTRIG lupoTRIG lupoTRIG lupoTRIG,neither,0.03945320844208391,0.33037608806864915,0.630170703489267
Weird. Oh well. Go click on them enemies and make them ded.,neither,0.058921122837540765,0.2775398300761953,0.6635390470862639
"the command link has ""&"" and the banner link has ""?""",neither,0.03858742845327183,0.2875972163947999,0.6738153551519283
tatRoad,neither,0.03945320844208391,0.33037608806864915,0.630170703489267
lol @caboodlejr thanks,neither,0.025686929906610204,0.3825841739419974,0.5917288961513923
@clt44 over 9000! lol,neither,0.02270283028587478,0.4341300079827013,0.5431671617314238
Windows 10/Google Chrome... Solo link didn't work... until tried switching & to ?,neither,0.034660164279882257,0.35019390332730604,0.6151459323928117
it works for me,neither,0.024387661196230582,0.34162579040016045,0.6339865484036088
tatRoad,neither,0.03945320844208391,0.33037608806864915,0.630170703489267
Huh,neither,0.03945320844208391,0.33037608806864915,0.630170703489267
@DrLupo way of the galaxy actually,neither,0.03872468401536668,0.316234300734195,0.6450410152504383
tatRoad tatRoad tatRoad tatRoad,neither,0.03945320844208391,0.33037608806864915,0.630170703489267
Works for me,neither,0.024918505909132152,0.34200909208167707,0.6330724020091908
Sponsored by Star Wars PogChamp rooPog,neither,0.040347974667921054,0.364797316617675,0.5948547087144039
I stop by just for the stream title,neither,0.03158697948616821,0.39711377847410756,0.5712992420397242
Hi,neither,0.03945320844208391,0.33037608806864915,0.630170703489267
ooof WOTR,neither,0.03945320844208391,0.33037608806864915,0.630170703489267
lupoWOOF,neither,0.03945320844208391,0.33037608806864915,0.630170703489267
tatRoad tatRoad tatRoad tatRoad tatRoad tatRoad tatRoad,neither,0.03945320844208391,0.33037608806864915,0.630170703489267
nvm 404 error for me dawg,neither,0.031081733319626933,0.33561873826779104,0.633299528412582
Now we good @DrLupo,neither,0.038239243238495174,0.3347370989416156,0.6270236578198892
!ad,neither,0.03945320844208391,0.33037608806864915,0.630170703489267
it works,neither,0.03748292270080534,0.33105375968371464,0.63146331761548
Sponsored by SOLO: A Star Wars Story. Now on digital and blu-ray. Click here - http://bit.ly/2OX8gPB,neither,0.05207391862094806,0.2745111623225276,0.6734149190565243
thats a bingo,neither,0.03945320844208391,0.33037608806864915,0.630170703489267
!ad,neither,0.03945320844208391,0.33037608806864915,0.630170703489267
tatRoad tatRoad,neither,0.03945320844208391,0.33037608806864915,0.630170703489267
!ad,neither,0.03945320844208391,0.33037608806864915,0.630170703489267
hi,neither,0.03945320844208391,0.33037608806864915,0.630170703489267
!ad,neither,0.03945320844208391,0.33037608806864915,0.630170703489267
Sponsored by SOLO: A Star Wars Story. Now on digital and blu-ray. Click here - http://bit.ly/2OX8gPB,neither,0.05207391862094806,0.2745111623225276,0.6734149190565243
!ad,neither,0.03945320844208391,0.33037608806864915,0.630170703489267
You the man Lupo,offensive_language,0.08110416473994955,0.5565304056656021,0.36236542959444834
i like the ballroom dance tag @DrLupo,neither,0.046925783180020365,0.3291243493048733,0.6239498675151064
lupoYE we good now,neither,0.038239243238495174,0.3347370989416156,0.6270236578198892
Resolved,neither,0.03945320844208391,0.33037608806864915,0.630170703489267
Everything works for me now!,neither,0.0277042887850697,0.3387643149333728,0.6335313962815575
!ad,neither,0.03945320844208391,0.33037608806864915,0.630170703489267
Sponsored by SOLO: A Star Wars Story. Now on digital and blu-ray. Click here - http://bit.ly/2OX8gPB,neither,0.05207391862094806,0.2745111623225276,0.6734149190565243
Working!,neither,0.03945320844208391,0.33037608806864915,0.630170703489267
!ar,neither,0.03945320844208391,0.33037608806864915,0.630170703489267
Bingo...works now,neither,0.03945320844208391,0.33037608806864915,0.630170703489267
works now,neither,0.03945320844208391,0.33037608806864915,0.630170703489267
ayyyyy we out here,neither,0.07802541521042439,0.3121295069650988,0.6098450778244767
WORKING,neither,0.03945320844208391,0.33037608806864915,0.630170703489267
all good now,neither,0.04157026900936569,0.45708671856395455,0.5013430124266797
we Gucci dad,neither,0.039285419849892096,0.3332238983714759,0.627490681778632
PogChamp we in business PogChamp,neither,0.03924081472760374,0.33398096370680214,0.626778221565594
works!,neither,0.03945320844208391,0.33037608806864915,0.630170703489267
"Straight to films, works",neither,0.04510762711228641,0.32705613192893723,0.6278362409587763
what are you all saying that is not working,neither,0.08999634736920083,0.4458126627278352,0.4641909899029639
GOOOD,neither,0.03945320844208391,0.33037608806864915,0.630170703489267
!ad,neither,0.03945320844208391,0.33037608806864915,0.630170703489267
Sponsored by SOLO: A Star Wars Story. Now on digital and blu-ray. Click here - http://bit.ly/2OX8gPB,neither,0.05207391862094806,0.2745111623225276,0.6734149190565243
all good,offensive_language,0.042287141387680284,0.4966367058223186,0.461076152790001
Perfect,neither,0.03945320844208391,0.33037608806864915,0.630170703489267
lupoYE lupoYE lupoYE lupoYE lupoYE lupoNICE lupoYE lupoNICE lupoNICE lupoNICE,neither,0.03945320844208391,0.33037608806864915,0.630170703489267
STAR WARS STUFF!!!!! x0nlytSITH x0nlytLOVE lupoDICE x0nlytSITH x0nlytLOVE lupoDICE x0nlytSITH x0nlytLOVE lupoDICE,neither,0.03945320844208391,0.33037608806864915,0.630170703489267
#ad,neither,0.03945320844208391,0.33037608806864915,0.630170703489267
@drlupo roger roger. That’s not how the force works!,neither,0.03649144360017244,0.34519949758367846,0.618309058816149
works perfectly now:),neither,0.03945320844208391,0.33037608806864915,0.630170703489267
!ad,neither,0.03945320844208391,0.33037608806864915,0.630170703489267
We good that works @drlupo,neither,0.03440949603286027,0.37953571044877515,0.5860547935183645
@ItsWZRDx wizzzzzz? whatre you doin here brother,neither,0.12674906099796335,0.33030390511806934,0.5429470338839674
FIXED,neither,0.03945320844208391,0.33037608806864915,0.630170703489267
!ad,neither,0.03945320844208391,0.33037608806864915,0.630170703489267
Sponsored by SOLO: A Star Wars Story. Now on digital and blu-ray. Click here - http://bit.ly/2OX8gPB,neither,0.05207391862094806,0.2745111623225276,0.6734149190565243
lupoDICE lupoDICE lupoDICE lupoDICE lupoDICE lupoDICE lupoDICE lupoDICE lupoDICE lupoDICE lupoDICE lupoDICE,neither,0.03945320844208391,0.33037608806864915,0.630170703489267
got eeeem,neither,0.035663549208680506,0.47102480100978333,0.4933116497815363
it's working!!! it's working!!!!!,neither,0.037256246933524945,0.33113172387443623,0.6316120291920387
!ad,neither,0.03945320844208391,0.33037608806864915,0.630170703489267
Is it supposed to say playing destiny2? Or is my twitch broked :(,neither,0.04501830108233218,0.38271941302254486,0.572262285895123
What you playing lupo?,neither,0.0834963565842239,0.400833521743281,0.5156701216724952
Works,neither,0.03945320844208391,0.33037608806864915,0.630170703489267
Something something darkness,neither,0.03945320844208391,0.33037608806864915,0.630170703489267
@adammrivera80 chill nickmercsSHADES,neither,0.03945320844208391,0.33037608806864915,0.630170703489267
@siqligit1 the Solo link didn't send to the films page,neither,0.03293926374886133,0.3347326445028942,0.6323280917482444
!ad,neither,0.03945320844208391,0.33037608806864915,0.630170703489267
Sponsored by SOLO: A Star Wars Story. Now on digital and blu-ray. Click here - http://bit.ly/2OX8gPB,neither,0.05207391862094806,0.2745111623225276,0.6734149190565243
That works @drlupo you got it!,offensive_language,0.04969014521045009,0.49799812227565626,0.4523117325138936
STAR WARS IS MY JAM!!!!,neither,0.03567222201614877,0.39620142042482454,0.5681263575590265
"I don't know why people hated on this movie. Been a lifelong SW fan, and i really enjoyed it.",neither,0.0436947536511769,0.3075008040988118,0.6488044422500112
lupoDICE lupoDICE,neither,0.03945320844208391,0.33037608806864915,0.630170703489267
oi,neither,0.03945320844208391,0.33037608806864915,0.630170703489267
I'm super Exited!,neither,0.03945320844208391,0.33037608806864915,0.630170703489267
@ItsWZRDx im snitching bro,neither,0.038578073820511705,0.36358893290378275,0.5978329932757056
@0nlyTeJay LUL,neither,0.03945320844208391,0.33037608806864915,0.630170703489267
BloodTrail BloodTrail,neither,0.03945320844208391,0.33037608806864915,0.630170703489267
Spoiler alert Han Solo dies just like Cayde,neither,0.04290581592254667,0.3546414170493916,0.6024527670280617
BRUHHHHH,neither,0.03945320844208391,0.33037608806864915,0.630170703489267
Hiiiiii,neither,0.03945320844208391,0.33037608806864915,0.630170703489267
good,neither,0.037820165765928906,0.33093776632913474,0.6312420679049364
worked for me @TehFrozenThrone,neither,0.0252009322203501,0.34164858442757945,0.6331504833520704
Excited for some Star Wars,neither,0.02898713712275029,0.31725204293116366,0.6537608199460861
"i gotta go study, been a good stream dad <3",neither,0.03838721567262048,0.3573091019273244,0.604303682400055
D2 time! YAY,neither,0.03806843090552206,0.35387937684549026,0.6080521922489877
!ad,neither,0.03945320844208391,0.33037608806864915,0.630170703489267
Sponsored by SOLO: A Star Wars Story. Now on digital and blu-ray. Click here - http://bit.ly/2OX8gPB,neither,0.05207391862094806,0.2745111623225276,0.6734149190565243
!uptime,neither,0.03945320844208391,0.33037608806864915,0.630170703489267
5 hours 55 minutes 37 seconds,neither,0.03945320844208391,0.33037608806864915,0.630170703489267
@0nlyTeJay Lol I was hoping you'd be here,neither,0.10121201578240162,0.3994094240707446,0.4993785601468538
yes working now,neither,0.03945320844208391,0.33037608806864915,0.630170703489267
lupoHYPE lupoHYPE lupoHYPE lupoHYPE VIDYA GAMES!!! lupoHYPE lupoHYPE lupoHYPE lupoHYPE,neither,0.03945320844208391,0.33037608806864915,0.630170703489267
Hi,neither,0.03945320844208391,0.33037608806864915,0.630170703489267
@siqligit1 mobile issues,neither,0.03945320844208391,0.33037608806864915,0.630170703489267
x0nlytSITH,neither,0.03945320844208391,0.33037608806864915,0.630170703489267
D2 for the win,neither,0.030459681658036572,0.27089736810521176,0.6986429502367517
@0nlyTeJay Some people are trying to use prequel memes lupoK,neither,0.040699556902016196,0.3825699831373782,0.5767304599606057
@siqligit1 always worked for me too,neither,0.026025617120299285,0.3926723889090332,0.5813019939706674
it's a good movie,neither,0.039638318724828106,0.2784855667183895,0.6818761145567824
That’s perfect! Looks like you fixed it @drlupo,neither,0.059210273601976705,0.42559597185503756,0.5151937545429858
"Hey @DrLupo I used to be a proud member of the comunity but my sub expired, im still proud to be here tho and watch your content, keep up the great work !!!!!!",neither,0.06172280218846228,0.3492036783341666,0.5890735194773711
My stream title still says destiny 2,neither,0.031222152027309283,0.3978105333616327,0.5709673146110581
Ahhhhh OKkk @TehFrozenThrone,neither,0.03945320844208391,0.33037608806864915,0.630170703489267
"@Lord_Alpha people dont like change, maybe",neither,0.08852098967813346,0.3410028899572342,0.5704761203646322
