text,top_class,hate_speech,offensive_language,neither
"""DUDE THE TREE"" alert?",neither,0.03866281770283672,0.3159609080601022,0.645376274237061
Do the outside waters kill you chat?,neither,0.3186532594351067,0.23788467420594875,0.4434620663589445
I literally screamed no and now the entire mess is staring at me @DrLupo,neither,0.03746522003340419,0.34093315875941277,0.621601621207183
GOODNIGHT LUPO,neither,0.03945320844208391,0.33037608806864915,0.630170703489267
it was still epic,neither,0.03690772348836777,0.3489916055924895,0.6141006709191428
That quad can break through a house but can't knock down a heckin tree. Weak.,neither,0.0359046564604401,0.3532189248285655,0.6108764187109944
@drlupo go with 4 people while you bounce they clear the entire map lol,neither,0.05123931259175735,0.4047118066183293,0.5440488807899133
lupoGG lupoGG lupoGG vsnzGG vsnzGG,neither,0.03945320844208391,0.33037608806864915,0.630170703489267
@kaph yuuup,neither,0.03945320844208391,0.33037608806864915,0.630170703489267
rip,neither,0.03945320844208391,0.33037608806864915,0.630170703489267
You know you can get even higher at least,neither,0.06776906075417163,0.45221821754605024,0.48001272169977816
https://clips.twitch.tv/AbnegatePuzzledWitchDxAbomb,neither,0.03945320844208391,0.33037608806864915,0.630170703489267
tatRoad tatRoad tatRoad tatRoad tatRoad,neither,0.03945320844208391,0.33037608806864915,0.630170703489267
if you boost when you land to eliminate obstacles would that work,neither,0.03876305210845925,0.474820038091212,0.48641690980032865
it was a valiant effort sir,neither,0.03804946158925655,0.33269412509536544,0.6292564133153781
"WE EITHER WIN OR LEARN, WE GO AGANE TOMORROW",neither,0.04005683570920769,0.3369071893762311,0.6230359749145612
"So close! So, so close!!!",neither,0.03941918146145221,0.4223759917658479,0.5382048267726999
Support the stream! Subscribe [ http://subs.twitch.tv/drlupo ] // Tip [ https://twitch.streamlabs.com/DrLupo ] // Merch [ http://www.designbyhumans.com/shop/DrLupo/ ] // SecretLab [ https://tinyurl.com/yb7lt5f7 ] // FinalMouse [ http://bit.ly/2FFW4Ny ] // NZXT [ https://nzxt.co/2KUwTu1 ],neither,0.04320566733549514,0.24210590337006377,0.7146884292944412
could you have boosted through the tree?,neither,0.05342296738396118,0.3653073053988679,0.5812697272171709
damn that sucks,offensive_language,0.0407470878588319,0.8784148326307061,0.08083807951046205
lupoCRY,neither,0.03945320844208391,0.33037608806864915,0.630170703489267
Cut the tree down it doesn’t deserve to be up lol,neither,0.040750772835929726,0.39236072866253047,0.5668884985015398
Once score went above 20 mil you should have stopped firing up,neither,0.05469071606525587,0.4200807038891424,0.5252285800456018
"was awesome too watch though, thanks for the content?!",neither,0.036969840980640614,0.29495318426131545,0.6680769747580438
troydanKobe,neither,0.03945320844208391,0.33037608806864915,0.630170703489267
rip,neither,0.03945320844208391,0.33037608806864915,0.630170703489267
"It's okay Ben, I still think you're an awesome average guy.",neither,0.06079774726813678,0.345481512204048,0.5937207405278152
Need a tree alert,neither,0.03928393651885549,0.3289586267765427,0.6317574367046017
im actually so upset...,neither,0.038540032329605,0.40926742764351004,0.5521925400268849
"Whatever, you totally landed it. We know what happened, we saw it!",neither,0.049798606999394465,0.3575137131004638,0.5926876799001417
You could get a team clearing trees across the map when you want to land,neither,0.054792240291157354,0.4035094786159421,0.5416982810929004
lupoGG lupoGG lupoGG lupoGG lupoGG lupoGG lupoGG,neither,0.03945320844208391,0.33037608806864915,0.630170703489267
@DrLupo good night kind sir,neither,0.03210335915378824,0.33033173579012504,0.6375649050560868
what happend,neither,0.045915666119560924,0.3257693565681219,0.6283149773123172
Do we need to make a landing pad?,neither,0.04645603568439624,0.3274010271341027,0.626142937181501
Please try again,neither,0.037337432534113014,0.36628632696202973,0.5963762405038572
Welp. Same time tomorrow? LUL,neither,0.039232641809378015,0.3502737841558918,0.6104935740347303
Guess we gotta try again tomorrow LUL,neither,0.03662072601931685,0.3769289796238071,0.5864502943568759
like physically and mentally hurt and broken,neither,0.04519790065414416,0.28678872099710867,0.6680133783487472
shoot the tree,neither,0.0615859183854344,0.23999741684572934,0.6984166647688363
Yes they do kaph,neither,0.0415235496474564,0.3296640027913781,0.6288124475611654
@drlupo im off to bed good luck man with the next one,neither,0.03288445586580087,0.43876149384799457,0.5283540502862046
"@drlupo you could have 3 friends, while you are bouncing they are covering the entire map with a platform. LUL (I volunteer as tribute)",neither,0.0671549931030282,0.3542243788780674,0.5786206280189045
RIP sorry dad @DrLupo,neither,0.03945320844208391,0.33037608806864915,0.630170703489267
lupoGG lupoGG lupoGG lupoGG lupoGG lupoGG lupoGG lupoGG lupoGG lupoGG lupoGG,neither,0.03945320844208391,0.33037608806864915,0.630170703489267
i,neither,0.03945320844208391,0.33037608806864915,0.630170703489267
@roshan_menon hahahah,neither,0.03945320844208391,0.33037608806864915,0.630170703489267
you'll get it next time,neither,0.05323213389726773,0.4352124491414464,0.5115554169612859
PepeHands,neither,0.03945320844208391,0.33037608806864915,0.630170703489267
20k viewers!!,neither,0.03945320844208391,0.33037608806864915,0.630170703489267
we need sarah,neither,0.03909517077297126,0.33157165984304726,0.6293331693839815
"Im gonna go to bed lupo, had a great time",neither,0.04144418561480458,0.3869090782172803,0.5716467361679152
You did a treemendous job !!!,neither,0.06582074196912927,0.4021606515166392,0.5320186065142315
@DrLupo you know what this means right...... 60mil CAN be done.,neither,0.059615794786501766,0.39931254855752624,0.5410716566559721
Noooooo MonkaS,neither,0.03945320844208391,0.33037608806864915,0.630170703489267
that was insane...,neither,0.03486832495461938,0.38124436262162487,0.5838873124237557
lupoLOVE lupoLOVE lupoLOVE lupoLOVE lupoLOVE lupoLOVE,neither,0.03945320844208391,0.33037608806864915,0.630170703489267
"WE EITHER WIN OR LEARN, WE GO AGANE TOMORROW",neither,0.04005683570920769,0.3369071893762311,0.6230359749145612
lupoGG lupoGG lupoGG,neither,0.03945320844208391,0.33037608806864915,0.630170703489267
we still had soooo much fun tho,neither,0.03281801138222238,0.35187411034046356,0.615307878277314
I think my sub gave him bad luck. Feels bad. Feels real bad.,neither,0.027753752959499365,0.4227739829879185,0.5494722640525821
lupoTRIG lupoTRIG lupoTRIG lupoTRIG lupoTRIG lupoTRIG lupoTRIG,neither,0.03945320844208391,0.33037608806864915,0.630170703489267
sad dude!,neither,0.03945320844208391,0.33037608806864915,0.630170703489267
so close,neither,0.039408851386368314,0.3986148855256441,0.5619762630879874
rip,neither,0.03945320844208391,0.33037608806864915,0.630170703489267
lupoGG,neither,0.03945320844208391,0.33037608806864915,0.630170703489267
Do it again tomorrow @DrLupo,neither,0.03732659831588215,0.3657347528448213,0.5969386488392965
Can we get a hundred gifted subs for that F,neither,0.03304700357308286,0.3415172590950904,0.6254357373318268
daePride,neither,0.03945320844208391,0.33037608806864915,0.630170703489267
"Well.....you got 2m on Insta during it though, so there's that. @DrLupo",neither,0.04273683431697329,0.4371184829643399,0.5201446827186866
That definitely needs to be an alert sound,neither,0.041836641181396544,0.35672231765955115,0.6014410411590523
I am so sad right now,neither,0.03819818808930783,0.3964202358821347,0.5653815760285574
not sure how efficient but 3 others in your party to start chopping away at stuff,neither,0.054454503429530815,0.41792485584065603,0.5276206407298132
"@DrLupo Good Luck Lupo, i take a shower laterz lupoLOVE lupoLOVE lupoLOVE",neither,0.03886548433688751,0.3305782333388691,0.6305562823242432
lupoLOVE lupoLOVE lupoLOVE,neither,0.03945320844208391,0.33037608806864915,0.630170703489267
@MattyLo lupoS,neither,0.03945320844208391,0.33037608806864915,0.630170703489267
Make “noooo dude the tree!” a new alert lol,neither,0.03595297933828166,0.29497889668681515,0.6690681239749032
night all,neither,0.029600883545214347,0.46884798313413123,0.5015511333206544
PEPE HANDS,neither,0.03945320844208391,0.33037608806864915,0.630170703489267
but now you know you can,offensive_language,0.09182966825532517,0.4880125552317197,0.42015777651295505
Oh land and pop the burner to break any trees in the way,neither,0.04542847679620983,0.24993147837756785,0.7046400448262222
run it back,neither,0.037482414398545924,0.3310539345121702,0.6314636510892839
lupoDERP lupoDERP lupoDERP lupoDERP lupoDERP,neither,0.03945320844208391,0.33037608806864915,0.630170703489267
i thought you had it,neither,0.06919712772483917,0.2473017542896862,0.6835011179854747
@unkle_j Same,neither,0.04148851938089603,0.3488915597363099,0.609619920882794
@DrLupo can you save boost to hit right when you touch the ground so you go through whatever is in front of you??,offensive_language,0.08007357566336583,0.47530687450887854,0.44461954982775564
lets playnormal now you alreay broke the record,neither,0.052299519462792224,0.3674241087356291,0.5802763718015788
Uno mas?,neither,0.03945320844208391,0.33037608806864915,0.630170703489267
ill watch another try,neither,0.10210620324147363,0.25280685703574535,0.6450869397227811
the good news is your no scream sounds like Cleveland from family guy lol,neither,0.062124946955794895,0.3568089922961389,0.5810660607480661
lupoLOVE lupoLOVE lupoLOVE,neither,0.03945320844208391,0.33037608806864915,0.630170703489267
"Lupo you missed that trick, and then all hell broke loose at the laker game",offensive_language,0.04568049692479919,0.6048409374653115,0.3494785656098893
you should practice hovering and maneuvering,neither,0.07873048566403018,0.3792095609227559,0.542059953413214
Twitter.com/DrLupoOnTwitch // Instagram.com/DrLupo // Facebook.com/DrLupoOnTwitch // YouTube.com/c/DrLupo // DrLupo.tv,neither,0.0330820553548599,0.39148113808821783,0.5754368065569223
@LordLancelot_ LUL,neither,0.03945320844208391,0.33037608806864915,0.630170703489267
Just means u go higher next time,neither,0.035161387993387985,0.37718021355751447,0.5876583984490975
https://clips.twitch.tv/CoweringTubularPigeonKappaPride,neither,0.03945320844208391,0.33037608806864915,0.630170703489267
On the plus side 20k people watched that crash lupoLOVE,neither,0.04664527426946302,0.37572577884106473,0.5776289468894722
Got time to try again?,neither,0.04179683702970218,0.42824886837860765,0.5299542945916902
@exoticchaotic have a good night,neither,0.028108463526649634,0.3429764107688966,0.6289151257044537
I really thought you had it,neither,0.06449395700727382,0.2576739722449614,0.6778320707477646
lupo love in chat for almost 20k viewers supporting him in breaking this record! 60Million,neither,0.03504741955762928,0.32356822371583993,0.6413843567265308
I need to go to sleep...,neither,0.05835010081142127,0.32340087543322504,0.6182490237553536
I missed it! What would’ve been the score?,neither,0.02309950251868668,0.3035253909219537,0.6733751065593597
It needs to land like a runway where it has space to slow down,neither,0.05312669795553756,0.31359744942092116,0.6332758526235414
f,neither,0.03945320844208391,0.33037608806864915,0.630170703489267
It's not about the outcome.. it's about the journey lupo.,neither,0.03152682629227363,0.35663553005717635,0.6118376436505502
18k!,neither,0.03945320844208391,0.33037608806864915,0.630170703489267
Get some people to build a landing pad while you do the trick. I bet Marcel would be down.,neither,0.06427432024228484,0.35307255767333984,0.5826531220843753
But this. I can't leave.,neither,0.035300097468549986,0.339415253457991,0.625284649073459
Reset?,neither,0.03945320844208391,0.33037608806864915,0.630170703489267
tatROAD tatROAD tatROAD,neither,0.03945320844208391,0.33037608806864915,0.630170703489267
"i saw that, but you had a weird trajectory near the end",neither,0.04409086866446893,0.39031580185543857,0.5655933294800924
60 mil easy,neither,0.03945320844208391,0.33037608806864915,0.630170703489267
dedication,neither,0.03945320844208391,0.33037608806864915,0.630170703489267
lupoLOVE lupoLOVE lupoLOVE lupoLOVE lupoLOVE lupoLOVE,neither,0.03945320844208391,0.33037608806864915,0.630170703489267
At least we know its possible chat,neither,0.034275893446259705,0.3518530361965883,0.6138710703571519
"Chat, does Lupo have the record now",neither,0.027212508896630967,0.4299140587747068,0.5428734323286623
F,neither,0.03945320844208391,0.33037608806864915,0.630170703489267
lupoLOVE lupoLOVE lupoLOVE lupoLOVE lupoLOVE,neither,0.03945320844208391,0.33037608806864915,0.630170703489267
lupoLOVE,neither,0.03945320844208391,0.33037608806864915,0.630170703489267
youve done it once you can do it again,neither,0.047488556761141484,0.3919839542394294,0.5605274889994292
F,neither,0.03945320844208391,0.33037608806864915,0.630170703489267
run it back,neither,0.037482414398545924,0.3310539345121702,0.6314636510892839
tatRoad tatRoad tatRoad tatRoad tatRoad,neither,0.03945320844208391,0.33037608806864915,0.630170703489267
@reset?,neither,0.03945320844208391,0.33037608806864915,0.630170703489267
"did it once, can do it again!",neither,0.0367907066522956,0.3545453282002516,0.6086639651474528
@FattieQ he does,offensive_language,0.02570365254277602,0.5058221806089295,0.4684741668482945
shoukd have switched spots and rifted,neither,0.038362093960312274,0.3043513534380237,0.657286552601664
lupoLOVE lupoLOVE lupoLOVE lupoLOVE lupoLOVE lupoLOVE,neither,0.03945320844208391,0.33037608806864915,0.630170703489267
hey y'all what happened with that kid with the super rude dono? just saw it on twitter,offensive_language,0.024646358406075316,0.4991575014826506,0.476196140111274
Way,neither,0.03967691632236666,0.3322493890567409,0.6280736946208925
lupoLOVE lupoLOVE lupoLOVE lupoLOVE lupoLOVE lupoLOVE lupoLOVE lupoLOVE lupoLOVE lupoLOVE lupoLOVE lupoLOVE lupoLOVE lupoLOVE lupoLOVE lupoLOVE lupoLOVE lupoLOVE lupoLOVE,neither,0.03945320844208391,0.33037608806864915,0.630170703489267
https://clips.twitch.tv/CovertSpoopyHyenaDxCat,neither,0.03945320844208391,0.33037608806864915,0.630170703489267
lupoLOVE lupoLOVE lupoLOVE lupoLOVE lupoCRY lupoCRY,neither,0.03945320844208391,0.33037608806864915,0.630170703489267
WE STILL OWN THE RECORD NOW,neither,0.061617419930992956,0.3232582683668087,0.6151243117021983
You can break 60 mill easy now @DrLupo,neither,0.05130174470799376,0.3601608301906222,0.588537425101384
of the road,neither,0.03829174582904754,0.308962977713378,0.6527452764575745
@Siulaim lupoLOVE,neither,0.03945320844208391,0.33037608806864915,0.630170703489267
I wonder if you kept bouncing it would have unglitched,neither,0.033312431016897105,0.4071960931160741,0.5594914758670289
But can you get 70 mil,neither,0.04967581291302038,0.38346167087336935,0.5668625162136103
quick re run it back,neither,0.05647218241185287,0.30160505906792945,0.6419227585202177
can't end on a heater? :P,neither,0.03580491712630062,0.34319803886788586,0.6209970440058136
thats a yikes,neither,0.03945320844208391,0.33037608806864915,0.630170703489267
Or trying to just drop straight down,neither,0.04949745146415214,0.3424767866018738,0.6080257619339741
When Lupo screamed that would be my reaction to someone eating well done steak,neither,0.02865090857038832,0.429761800991224,0.5415872904383877
"@DrLupo sooo...should I go ahead and take down that ""Is This E-Sports?"" meme of you off twitter now orrrr....? (kidding lupoLOVE )",neither,0.056793353842161255,0.4365227401385142,0.5066839060193244
@taywheaton ^0 mil,neither,0.03945320844208391,0.33037608806864915,0.630170703489267
oh damn i missed it :(,offensive_language,0.04920199506964452,0.8022855141525971,0.14851249077775847
60,neither,0.03945320844208391,0.33037608806864915,0.630170703489267
@rykerscycles check twitter again. he posted about it again.,neither,0.03937519089674338,0.43730557628701483,0.5233192328162418
https://clips.twitch.tv/CoweringTubularPigeonKappaPride,neither,0.03945320844208391,0.33037608806864915,0.630170703489267
"Yeah let’s play normal , no more of this , please",neither,0.019533475112102495,0.436657516810499,0.5438090080773985
ScaredyCat ScaredyCat ScaredyCat ScaredyCat ScaredyCat ScaredyCat,neither,0.03945320844208391,0.33037608806864915,0.630170703489267
https://clips.twit,neither,0.03945320844208391,0.33037608806864915,0.630170703489267
sound of slience,neither,0.03945320844208391,0.33037608806864915,0.630170703489267
no shout out for the sub?!,neither,0.029657766014369497,0.3182401129936623,0.6521021209919682
But do you?,neither,0.07385969229557571,0.459664247609591,0.46647606009483333
ONE MORE RUN,neither,0.04074634248935859,0.35918189967657066,0.6000717578340709
lupoLOVE,neither,0.03945320844208391,0.33037608806864915,0.630170703489267
Lets go then,neither,0.03991883348994369,0.3523242679641284,0.6077568985459278
"@drlupo Np Brother, we Love You Man <3",neither,0.05056519887749421,0.4446495845993788,0.504785216523127
mrsdrlSAD mrsdrlSAD mrsdrlSAD mrsdrlSAD,neither,0.03945320844208391,0.33037608806864915,0.630170703489267
sis pp,neither,0.03945320844208391,0.33037608806864915,0.630170703489267
I love that we're a playgrounds stream now LUL @drlupo,neither,0.04619241680925002,0.35132340107942234,0.6024841821113276
We are behind you,neither,0.11779543448638034,0.3283279022243916,0.553876663289228
!newsub @BizznessTime,neither,0.03945320844208391,0.33037608806864915,0.630170703489267
one more time!!!,neither,0.039155781182777905,0.38997658458470863,0.5708676342325135
BEd!,neither,0.03945320844208391,0.33037608806864915,0.630170703489267
1 more chant @chat,neither,0.04108176201918991,0.32186410861085357,0.6370541293699565
can we get some lupoLove,neither,0.0276974832118255,0.36093025399166767,0.6113722627965068
"If you're a new sub, I'm very grateful. However, in order to preserve the quality of the channel, I typically do a blanket thank you for new subs. If you want to hear your name specifically, I typically try to call out resubs individually.",neither,0.05860456201229261,0.3189972668873678,0.6223981711003396
bed time,neither,0.037806423954802236,0.35832631858285907,0.6038672574623387
would that work?? switching spots and rifting,neither,0.03485574376979167,0.3275272093212568,0.6376170469089515
Next time Ben.,neither,0.03748680381687502,0.36375110646557446,0.5987620897175505
"Thanks for a wonderful night Lupo, been a blast - this night has shown us we OWN this! 60 MILLION TOMORROW lupoPOGGERS",neither,0.05237706233617267,0.30666194011861336,0.6409609975452139
GO,neither,0.04276165647058889,0.34190019769565555,0.6153381458337556
DO IT LUPO RUN IT BACK,neither,0.037875071673765394,0.33091888166968625,0.6312060466565483
one more,neither,0.041251912906616034,0.3703256272208038,0.5884224598725802
1 more,neither,0.044084690295906365,0.306805713525994,0.6491095961780997
RUN IT BACK!,neither,0.037482414398545924,0.3310539345121702,0.6314636510892839
lets,neither,0.0381375099945381,0.3527069244228318,0.6091555655826302
ONE MORE,neither,0.041251912906616034,0.3703256272208038,0.5884224598725802
ONE MOAH GAIN,neither,0.03837215759514577,0.37005920513764495,0.5915686372672093
ALL NIGHTER,offensive_language,0.046917543854519406,0.6277741405869331,0.3253083155585475
GO SLEEEP,neither,0.04276165647058889,0.34190019769565555,0.6153381458337556
RUN IT BACK,neither,0.037482414398545924,0.3310539345121702,0.6314636510892839
RUN IT BACK!!!,neither,0.037482414398545924,0.3310539345121702,0.6314636510892839
Run one more,neither,0.04074634248935859,0.35918189967657066,0.6000717578340709
run back,neither,0.03945320844208391,0.33037608806864915,0.630170703489267
Gg Lopo,neither,0.03945320844208391,0.33037608806864915,0.630170703489267
go,neither,0.04276165647058889,0.34190019769565555,0.6153381458337556
we'll get em next time,neither,0.036948206623750465,0.37289250645956334,0.5901592869166862
you. run. it. back.,neither,0.06182582037039439,0.40091160297938877,0.5372625766502167
ONE TIME!,neither,0.03586352992289268,0.4209117110408852,0.5432247590362221
Night Lupo,neither,0.02550723072422885,0.32941079269047424,0.6450819765852968
Could you build a platform to land on???,neither,0.054058936716624366,0.36994432549746914,0.5759967377859064
You could wait until storm starts to close @drlupo,neither,0.055419126357676166,0.3576139248915989,0.586966948750725
I'm here if you want to stay,neither,0.10107899733775826,0.39356494871698156,0.5053560539452602
1. more.,neither,0.044084690295906365,0.306805713525994,0.6491095961780997
24 hour stream duh 4Head,neither,0.03945320844208391,0.33037608806864915,0.630170703489267
one more,neither,0.041251912906616034,0.3703256272208038,0.5884224598725802
1 more go!!,neither,0.04522448348822331,0.3201029608821599,0.6346725556296169
Wow I’m sad,neither,0.03945320844208391,0.33037608806864915,0.630170703489267
keep playing,neither,0.03945320844208391,0.33037608806864915,0.630170703489267
get a coffee,neither,0.05167500234562542,0.12294034918515453,0.8253846484692201
One tree is all it takes,neither,0.04654173772252112,0.4268993484394478,0.5265589138380311
call it a night and hit it hard next time,offensive_language,0.02454257572464576,0.493342727273437,0.4821146970019173
lupoLOVE,neither,0.03945320844208391,0.33037608806864915,0.630170703489267
run i t back,neither,0.03945320844208391,0.33037608806864915,0.630170703489267
Sleep on it.,neither,0.03323721864236995,0.35183493493821716,0.6149278464194128
bed time,neither,0.037806423954802236,0.35832631858285907,0.6038672574623387
So now you know @drlupo if your timer bugs it’s just catching up so you have more time,offensive_language,0.0574114179401987,0.5496986367830956,0.3928899452767056
again,neither,0.0358555699129713,0.3914374029960717,0.5727070270909569
What a night!!!!,neither,0.034857389657966385,0.3237369054471251,0.6414057048949086
one more,neither,0.041251912906616034,0.3703256272208038,0.5884224598725802
"Actually, idc, I'm going to bed lol",neither,0.03645916642138139,0.39669036023473336,0.5668504733438853
Sleep and go at it again fresh another time.,neither,0.06939164163749026,0.303433947794393,0.6271744105681167
run it back,neither,0.037482414398545924,0.3310539345121702,0.6314636510892839
!newsub,neither,0.03945320844208391,0.33037608806864915,0.630170703489267
get rest for tomorrow,neither,0.032798249096451196,0.3086697557454203,0.6585319951581284
"Give it one more go man, keep it up!",neither,0.03686845669759305,0.45732872948846265,0.5058028138139443
"True sign of a gamer, ""just one more""",neither,0.03681854520311621,0.3616762467002346,0.6015052080966492
GO For IT,neither,0.029092513893446446,0.2867845858965987,0.6841229002099548
go to bed,neither,0.051518210713321855,0.33031360261504533,0.6181681866716328
!newsub,neither,0.03945320844208391,0.33037608806864915,0.630170703489267
bed,neither,0.03945320844208391,0.33037608806864915,0.630170703489267
Lupo,neither,0.03945320844208391,0.33037608806864915,0.630170703489267
run it back?,neither,0.037482414398545924,0.3310539345121702,0.6314636510892839
1 moreeee,neither,0.03945320844208391,0.33037608806864915,0.630170703489267
one more round!,neither,0.04069002345033818,0.35793497031399124,0.6013750062356706
"go to bed, try again tomorrow",neither,0.0446914687476214,0.3576768976727478,0.5976316335796309
go sleepies,neither,0.04276165647058889,0.34190019769565555,0.6153381458337556
get some sleep...hit again tomorrow,neither,0.030597926465563162,0.3773853378315059,0.592016735702931
get some sleep get that 100k point tomorrow,neither,0.030803611507999876,0.38057647828597296,0.5886199102060271
if you need to sleep go to sleep,neither,0.0454965879267814,0.4060646659926459,0.5484387460805727
Sleepies,neither,0.03945320844208391,0.33037608806864915,0.630170703489267
Cant stop on the verge of greatness @DrLupo,neither,0.034706658577694144,0.4178655463054432,0.5474277951168627
SHMOP,neither,0.03945320844208391,0.33037608806864915,0.630170703489267
@DrLupo ONE. MORE. TIME.,neither,0.039155781182777905,0.38997658458470863,0.5708676342325135
ALL NIGHTERRRRR,offensive_language,0.046917543854519406,0.6277741405869331,0.3253083155585475
ONE MOREEEEEEEE,neither,0.037120114141193455,0.4161101105580569,0.5467697753007497
come back after a good night sleep,neither,0.03105934366343684,0.3546725470477515,0.6142681092888116
Gotta run it back!,neither,0.03580231658599094,0.3655920872429513,0.5986055961710578
"@drlupo head to bed, nail it tomorrow",neither,0.04215293034460808,0.3500879352500685,0.6077591344053234
@DrLupo you streaming tomorrow? if so....first thing in the morn?,neither,0.029576701595243584,0.4309666687397409,0.5394566296650155
go to bed BEN!,neither,0.04760074341547657,0.3304076881866274,0.621991568397896
POG,neither,0.03945320844208391,0.33037608806864915,0.630170703489267
SHMOP,neither,0.03945320844208391,0.33037608806864915,0.630170703489267
POGGERS,neither,0.03945320844208391,0.33037608806864915,0.630170703489267
@Shmop,neither,0.03945320844208391,0.33037608806864915,0.630170703489267
RUN IT AGAIN,neither,0.03538489739342736,0.37077086458187464,0.593844238024698
rooPog,neither,0.03945320844208391,0.33037608806864915,0.630170703489267
one more!!!!!,neither,0.041251912906616034,0.3703256272208038,0.5884224598725802
Uno mas,neither,0.03945320844208391,0.33037608806864915,0.630170703489267
SHMOPPPPPP,neither,0.03945320844208391,0.33037608806864915,0.630170703489267
whatever you wanna do im down with,neither,0.04216488230512112,0.4466248344378971,0.5112102832569817
ITS SHMOP,neither,0.02700859978372578,0.3346563596412867,0.6383350405749875
lupoHYPE lupoLOVE lupoHYPE lupoLOVE lupoHYPE lupoLOVE lupoHYPE lupoLOVE lupoHYPE lupoLOVE lupoHYPE lupoLOVE lupoHYPE lupoLOVE,neither,0.03945320844208391,0.33037608806864915,0.630170703489267
HOLY COW,neither,0.03945320844208391,0.33037608806864915,0.630170703489267
OMFG!,neither,0.03945320844208391,0.33037608806864915,0.630170703489267
shmop has just gifted a $4.99 sub to brandonsimone29!,neither,0.041003519789374575,0.3381079400946802,0.6208885401159451
Cant perform at Peek Acerageness If your sleep deprived Ben @DrLupo,neither,0.04143773345797609,0.37500184261311,0.5835604239289138
omg shmop!,neither,0.03945320844208391,0.33037608806864915,0.630170703489267
HOLY,neither,0.03945320844208391,0.33037608806864915,0.630170703489267
SHMOP POGGERS,neither,0.03945320844208391,0.33037608806864915,0.630170703489267
Freakin' Shmop!!!,neither,0.03945320844208391,0.33037608806864915,0.630170703489267
Shmop lupoLOVE,neither,0.03945320844208391,0.33037608806864915,0.630170703489267
!newsub,neither,0.03945320844208391,0.33037608806864915,0.630170703489267
!sub,neither,0.03945320844208391,0.33037608806864915,0.630170703489267
"Get Marcel, Trevor, and Ruski to help build a landing pad while you do the trick @drlupo",neither,0.053417960058247775,0.3221983835319881,0.6243836564097641
SCHMOP!!!,neither,0.03945320844208391,0.33037608806864915,0.630170703489267
Subscribe here: [ https://subs.twitch.tv/drlupo ] // Access to Discord server • Emotes • Sub badge • Increased thickness • Smell great,neither,0.05960140574381473,0.3011452464682766,0.6392533477879087
SHMOP!!!,neither,0.03945320844208391,0.33037608806864915,0.630170703489267
https://clips.twitch.tv/PluckyTallBibimbapVoHiYo,neither,0.03945320844208391,0.33037608806864915,0.630170703489267
lupoLOVE lupoLOVE lupoLOVE lupoLOVE lupoLOVE lupoLOVE lupoLOVE lupoLOVE lupoLOVE lupoLOVE lupoLOVE lupoLOVE lupoLOVE lupoLOVE lupoLOVE lupoLOVE lupoLOVE lupoLOVE lupoLOVE lupoLOVE lupoLOVE lupoLOVE lupoLOVE,neither,0.03945320844208391,0.33037608806864915,0.630170703489267
@Shmop lupoLOVE lupoLOVE lupoLOVE,neither,0.03945320844208391,0.33037608806864915,0.630170703489267
!newsub,neither,0.03945320844208391,0.33037608806864915,0.630170703489267
lupoLOVE,neither,0.03945320844208391,0.33037608806864915,0.630170703489267
pogggg,neither,0.03945320844208391,0.33037608806864915,0.630170703489267
HOLY COW,neither,0.03945320844208391,0.33037608806864915,0.630170703489267
SHMOP,neither,0.03945320844208391,0.33037608806864915,0.630170703489267
shmop at it again,neither,0.03360408838687136,0.41236387108159966,0.5540320405315289
"Go to sbed, we'll be here in the morning.",neither,0.11408583936133268,0.1624446255394102,0.7234695350992572
@Shmop lupoHYPE lupoHYPE lupoHYPE lupoHYPE lupoHYPE lupoHYPE lupoHYPE lupoHYPE lupoHYPE lupoHYPE lupoHYPE,neither,0.03945320844208391,0.33037608806864915,0.630170703489267
SHMOOOOOOOOOP,neither,0.03945320844208391,0.33037608806864915,0.630170703489267
OHHHHHH SNAPPP!,neither,0.03945320844208391,0.33037608806864915,0.630170703489267
POGGGERSS,neither,0.03945320844208391,0.33037608806864915,0.630170703489267
Shop,neither,0.03945320844208391,0.33037608806864915,0.630170703489267
SHMOP,neither,0.03945320844208391,0.33037608806864915,0.630170703489267
SHMOP!,neither,0.03945320844208391,0.33037608806864915,0.630170703489267
well shmol gifted a 100,neither,0.03945320844208391,0.33037608806864915,0.630170703489267
shmoppppp,neither,0.03945320844208391,0.33037608806864915,0.630170703489267
SHMOP says one more,neither,0.040759747257944415,0.3594785398109554,0.5997617129311001
NOOOOOOOOOO I NEED SLEEEEP,neither,0.03901008956310134,0.32666546762563675,0.6343244428112619
SHMOP,neither,0.03945320844208391,0.33037608806864915,0.630170703489267
we already got the record there always tomorrow,neither,0.03556884893597194,0.37595619985242296,0.588474951211605
lupoGIFT lupoGIFT lupoGIFT lupoGIFT lupoGIFT lupoGIFT lupoGIFT lupoGIFT lupoGIFT lupoGIFT lupoGIFT lupoGIFT,neither,0.03945320844208391,0.33037608806864915,0.630170703489267
yeet,neither,0.03945320844208391,0.33037608806864915,0.630170703489267
WHAT A TANK,neither,0.0469956902122417,0.32503190635451207,0.6279724034332463
How many gifted subs to run it back?,neither,0.04289341711080784,0.32808266583240986,0.6290239170567823
Go again! lupoPOGGERS lupoPOGGERS,neither,0.038311601350405906,0.3867890812015335,0.5748993174480606
Donuts in the morning,neither,0.04601916439645321,0.18250118022994624,0.7714796553736005
SHMOPPPPPPPP,neither,0.03945320844208391,0.33037608806864915,0.630170703489267
SHMOP,neither,0.03945320844208391,0.33037608806864915,0.630170703489267
lupo you god,neither,0.08008221976239188,0.43558294221529215,0.48433483802231597
@drlupo get rested and hit it hard in the morning,neither,0.03355675266431871,0.4003415026906992,0.5661017446449821
lupoGIFT lupoGIFT Shmop!! lupoGIFT lupoGIFT,neither,0.03945320844208391,0.33037608806864915,0.630170703489267
wow,neither,0.03945320844208391,0.33037608806864915,0.630170703489267
Shmop,neither,0.03945320844208391,0.33037608806864915,0.630170703489267
why cant you do the dogleg?,neither,0.04249778218274352,0.38882260293367177,0.5686796148835849
SHMOP BOMB,neither,0.03945320844208391,0.33037608806864915,0.630170703489267
lupoDERP lupoDERP lupoDERP,neither,0.03945320844208391,0.33037608806864915,0.630170703489267
lupoLOVE lupoLOVE lupoLOVE lupoLOVE lupoLOVE lupoLOVE lupoLOVE lupoLOVE,neither,0.03945320844208391,0.33037608806864915,0.630170703489267
Ii,neither,0.03945320844208391,0.33037608806864915,0.630170703489267
"Get a good nights sleep, eat a hardy breakfast tomorrow, and run it back!",neither,0.03755217231351316,0.3128160521185843,0.6496317755679025
S H M O P,neither,0.03945320844208391,0.33037608806864915,0.630170703489267
im coming for the record if you don't get it this time,neither,0.027454791180517808,0.41243342002350136,0.5601117887959807
go to sleeep,neither,0.060965455381551105,0.3298518015889414,0.6091827430295076
lupoLOVE lupoLOVE lupoLOVE lupoLOVE lupoLOVE lupoLOVE lupoLOVE,neither,0.03945320844208391,0.33037608806864915,0.630170703489267
@DrLupo left a cool suggestion in discord for the next time you want to run this> might not be for tonight.,neither,0.0402767334030996,0.3171299235447273,0.642593343052173
This shmop guy is a legend,neither,0.04763472673985557,0.33718010203332266,0.6151851712268217
Go to be dad. There is always tomorrow!!!,neither,0.05307093597723507,0.3407474727199985,0.6061815913027663
@Shmop lupoLOVE lupoLOVE lupoLOVE,neither,0.03945320844208391,0.33037608806864915,0.630170703489267
SHMOP POGGERS SHMOP POGGERS SHMOP POGGERS SHMOP POGGERS SHMOP POGGERS SHMOP POGGERS SHMOP POGGERS SHMOP POGGERS SHMOP POGGERS SHMOP POGGERS SHMOP POGGERS SHMOP POGGERS SHMOP POGGERS SHMOP POGGERS SHMOP POGGERS SHMOP POGGERS SHMOP POGGERS SHMOP POGGERS SHMOP POGGERS SHMOP POGGERS SHMOP POGGERS,neither,0.03945320844208391,0.33037608806864915,0.630170703489267
@shmop you animal! thank you!,offensive_language,0.08660862084631114,0.46022031595803714,0.45317106319565176
Give it another go!!!,neither,0.11058388228944623,0.24030356410665288,0.649112553603901
holy moly,neither,0.03945320844208391,0.33037608806864915,0.630170703489267
Ok,neither,0.03935517884257045,0.3320399062092607,0.6286049149481688
SHMOP with the 100 subs says run it back!!!!,neither,0.03002581807456848,0.3457373411449657,0.6242368407804658
!subcount,neither,0.03945320844208391,0.33037608806864915,0.630170703489267
There are currently 23847 subscribers.,neither,0.07087749722926778,0.23135887718097997,0.6977636255897524
Y U DO THIS TO US,neither,0.13798980517383996,0.305187717253848,0.5568224775723121
What happened with the twitter beef,neither,0.03237794905516567,0.4426763169645984,0.5249457339802359
@DrLupo keep MrsDrLupo company,neither,0.03945320844208391,0.33037608806864915,0.630170703489267
!newsub,neither,0.03945320844208391,0.33037608806864915,0.630170703489267
WE BELIEVE,neither,0.03921493741749161,0.33442016919380274,0.6263648933887056
you got this1,offensive_language,0.0938950425311807,0.6237583852237704,0.28234657224504894
"If you're a new sub, I'm very grateful. However, in order to preserve the quality of the channel, I typically do a blanket thank you for new subs. If you want to hear your name specifically, I typically try to call out resubs individually.",neither,0.05860456201229261,0.3189972668873678,0.6223981711003396
redemption run!!!!,neither,0.03945320844208391,0.33037608806864915,0.630170703489267
kill it!!!!!,hate_speech,0.7488422327051177,0.07696877254245844,0.17418899475242383
one more time for Shmop!!!,neither,0.03175262418132696,0.34421160842949106,0.6240357673891819
@Shmop you beast OMG MAN KILLN IT,neither,0.055028286026622616,0.4505498738796877,0.49442184009368967
lupoHYPE lupoHYPE lupoHYPE,neither,0.03945320844208391,0.33037608806864915,0.630170703489267
do it live!,neither,0.04634814649852162,0.3280046026995012,0.625647250801977
lupoHYPE lupoHYPE lupoHYPE,neither,0.03945320844208391,0.33037608806864915,0.630170703489267
so much dedication,neither,0.03527537105733584,0.38071273830394714,0.584011890638717
SHMOP Paid for this run!,neither,0.03307484888989262,0.3006432592422533,0.666281891867854
@d3stroyersl3gacy -> Don't spam emotes. [warning],neither,0.03945320844208391,0.33037608806864915,0.630170703489267
OHMYGODDDDD,neither,0.03945320844208391,0.33037608806864915,0.630170703489267
!newsub,neither,0.03945320844208391,0.33037608806864915,0.630170703489267
@Shmop going at it again lupoPOGGERS lupoPOGGERS lupoLOVE lupoLOVE lupoLOVE lupoLOVE lupoLOVE,neither,0.032803473453367295,0.4292501621948735,0.5379463643517594
lupoHYPE @Shmop lupoHYPE lupoHYPE @Shmop lupoHYPE lupoHYPE @Shmop lupoHYPE lupoHYPE @Shmop lupoHYPE,neither,0.03945320844208391,0.33037608806864915,0.630170703489267
SHMOP,neither,0.03945320844208391,0.33037608806864915,0.630170703489267
@drlupo could you hit space when landing to make sure you don’t hit an obstacle?,offensive_language,0.05270015748740864,0.5042744214941937,0.4430254210183976
SHMOP HELLO YOU DO REALIZE THATS THREE TONIGHT?,neither,0.04838226120443432,0.3607400810310007,0.5908776577645649
*billion*,neither,0.03945320844208391,0.33037608806864915,0.630170703489267
Pog @shmop !!,neither,0.03945320844208391,0.33037608806864915,0.630170703489267
DIDNT GET A SHOUTOUT,neither,0.03890690411842429,0.339648298181826,0.6214447976997497
YOO,neither,0.03945320844208391,0.33037608806864915,0.630170703489267
lupoDERP,neither,0.03945320844208391,0.33037608806864915,0.630170703489267
SCHMOOPPPPPP PogChamp PogChamp PogChamp PogChamp PogChamp,neither,0.03945320844208391,0.33037608806864915,0.630170703489267
Good night @drlupo . My wife already went to bed without me. She isn't going to be happy. LuL,neither,0.03128620066661972,0.4566689954032087,0.5120448039301715
one more,neither,0.041251912906616034,0.3703256272208038,0.5884224598725802
lupoCRINGE lupoCRINGE lupoCRINGE lupoCRINGE,neither,0.03945320844208391,0.33037608806864915,0.630170703489267
SHMOP POGGERS,neither,0.03945320844208391,0.33037608806864915,0.630170703489267
"@DrLupo you know what that means, 69 Mil inbound lupoK",neither,0.05237395538616257,0.3919002917837447,0.5557257528300927
i gotta go...have a great night everyone <3,neither,0.026656961360778556,0.4275513426112367,0.5457916960279848
@xxdaewoo thanks brotherrr,neither,0.035884468650613,0.3004919205142699,0.6636236108351171
!newsub @khaos222,neither,0.03945320844208391,0.33037608806864915,0.630170703489267
lupoLURK,neither,0.03945320844208391,0.33037608806864915,0.630170703489267
"@Shmop this feels like the time you gifted a 100 each game in D2, you repeating that Lul",neither,0.05830666981985875,0.38438831249995387,0.5573050176801874
"If you're a new sub, I'm very grateful. However, in order to preserve the quality of the channel, I typically do a blanket thank you for new subs. If you want to hear your name specifically, I typically try to call out resubs individually.",neither,0.05860456201229261,0.3189972668873678,0.6223981711003396
@drlupo could you boost right before landing to break thru the potential tree?,neither,0.048626721462908376,0.3899714827496921,0.5614017957873995
!newsub,neither,0.03945320844208391,0.33037608806864915,0.630170703489267
!song,neither,0.038601720699969956,0.3448280572582511,0.616570222041779
"@haywoodc98 -> ""MSTR ROGERS - I'll Take You [Official Audio]"" by Big Beat Records is the current song. It was requested by DrLupo - https://youtu.be/duTPsznmSlU",neither,0.04073195991671059,0.4125066969587328,0.5467613431245565
Thanks for the sub!,neither,0.031417131681781243,0.27457466652234797,0.6940082017958709
@shmop I love you,offensive_language,0.079837142191777,0.5038574454704381,0.4163054123377849
lupo3 lupo3 lupo3 lupo3 lupoHYPE lupoHYPE lupoHYPE,neither,0.03945320844208391,0.33037608806864915,0.630170703489267
lupo1 lupo2 lupo3 lupo4,neither,0.03945320844208391,0.33037608806864915,0.630170703489267
Shmop thanks for the sub!!,neither,0.031417131681781243,0.27457466652234797,0.6940082017958709
!newsub,neither,0.03945320844208391,0.33037608806864915,0.630170703489267
lupoLOVE lupoGIFT lupoLOVE lupoGIFT lupoLOVE lupoGIFT lupoLOVE lupoGIFT lupoLOVE lupoGIFT lupoLOVE lupoGIFT lupoLOVE lupoGIFT lupoLOVE lupoGIFT lupoLOVE lupoGIFT lupoLOVE lupoGIFT lupoLOVE lupoGIFT,neither,0.03945320844208391,0.33037608806864915,0.630170703489267
!newsub,neither,0.03945320844208391,0.33037608806864915,0.630170703489267
SHMOPPPPP legend,neither,0.03945320844208391,0.33037608806864915,0.630170703489267
I GOT A SUB,neither,0.03773238577642652,0.39244985695754775,0.5698177572660258
30 mill on liftoff @DrLupo,neither,0.036655006882144056,0.3438118415057953,0.6195331516120606
lupoSHARK daeCreep daeBooty lupoCREEP,neither,0.03945320844208391,0.33037608806864915,0.630170703489267
