text,top_class,hate_speech,offensive_language,neither
"Not good, can't play solo right now",neither,0.037210509093629225,0.34681538479511426,0.6159741061112566
what happens when the storm gets there first,neither,0.04312659706637329,0.3186523474936873,0.6382210554399395
lupoHYPE lupoHYPE lupoHYPE lupoHYPE lupoHYPE,neither,0.03945320844208391,0.33037608806864915,0.630170703489267
I'm so excited.,neither,0.03940839469474773,0.3948270312238364,0.565764574081416
butterfly event,neither,0.03945320844208391,0.33037608806864915,0.630170703489267
I need gun 4Head,neither,0.03920807537037042,0.32832337528591465,0.632468549343715
Ritiousbain subscribed with Twitch Prime.,neither,0.030186173588972614,0.3621416721941929,0.6076721542168345
@AlexAuditore Oh my gosh! XD And I wasn't in the game! Shame on me! XD,neither,0.027732311660983465,0.3235388845165615,0.648728803822455
Did i mis the event,neither,0.038741853561354435,0.3174299923214872,0.6438281541171583
what is supposed to happen?,neither,0.0634056397560622,0.3184882368850942,0.6181061233588436
Oh think god,neither,0.04706232298292658,0.25401733659022185,0.6989203404268516
I was here pog,neither,0.16237291887918595,0.2531150994017352,0.5845119817190788
omg omg,neither,0.03945320844208391,0.33037608806864915,0.630170703489267
pog pog pog pog,neither,0.03945320844208391,0.33037608806864915,0.630170703489267
@laescha Haha yeah it's probably gonna close really quickly after it happens lupoCRY,neither,0.03430239089685567,0.45989789780476686,0.5057997112983773
jbeanz83 subscribed with Twitch Prime. They've subscribed for 6 months! Smile! :D,neither,0.01832496668871068,0.32321387169745497,0.6584611616138345
Guns will disappear at a minute or so,neither,0.039901814366217536,0.3630492642410576,0.5970489213927249
LUL,neither,0.03945320844208391,0.33037608806864915,0.630170703489267
Here we go chat,neither,0.09409420106258859,0.29552836323264237,0.6103774357047689
apparently little jeffy is elmo,neither,0.04627771340098056,0.332342181174132,0.6213801054248874
"@AlexAuditore XD Damned! XD Ok, then I show it here with all of you! ;)",neither,0.10112686064993108,0.36384261518282734,0.5350305241672416
That is what happened with Marshmello,neither,0.03588579825254787,0.4095738951354814,0.5545403066119706
90 90 90 90,neither,0.03945320844208391,0.33037608806864915,0.630170703489267
90s 90s 90s 90s 90s 90s 90s,neither,0.03945320844208391,0.33037608806864915,0.630170703489267
lupoLURK lupoLURK lupoLURK,neither,0.03945320844208391,0.33037608806864915,0.630170703489267
lupoHYPE lupoHYPE lupoHYPE lupoHYPE,neither,0.03945320844208391,0.33037608806864915,0.630170703489267
reverse2k was telling ninja he ruined a previous event for 18 people with a rocket launcher,neither,0.04465284530679245,0.33266601034240123,0.6226811443508063
lupoHYPE lupoHYPE lupoHYPE lupoHYPE lupoHYPE,neither,0.03945320844208391,0.33037608806864915,0.630170703489267
Everyone get your vapes ready SwiftRage,neither,0.06471204346208771,0.4407022194713697,0.4945857370665426
it is happening,neither,0.04677099400442381,0.32785916605229437,0.6253698399432819
lupoHYPE lupoHYPE lupoHYPE lupoHYPE lupoHYPE lupoHYPE lupoHYPE lupoHYPE lupoHYPE lupoHYPE lupoHYPE lupoHYPE lupoHYPE,neither,0.03945320844208391,0.33037608806864915,0.630170703489267
lupoHYPE lupoHYPE lupoHYPE lupoHYPE lupoHYPE lupoHYPE lupoHYPE,neither,0.03945320844208391,0.33037608806864915,0.630170703489267
lupoHYPE lupoHYPE lupoHYPE lupoHYPE,neither,0.03945320844208391,0.33037608806864915,0.630170703489267
Looking for any hardware I use on stream? Should be here - https://www.amazon.com/shop/drlupo,neither,0.036718609463931226,0.3741065556461947,0.5891748348898741
Let’s gooo chat!!,neither,0.026495674927724724,0.3578480073226581,0.6156563177496172
lupoHYPE lupoHYPE lupoHYPE lupoHYPE lupoHYPE lupoHYPE lupoHYPE,neither,0.03945320844208391,0.33037608806864915,0.630170703489267
lupoHYPE lupoHYPE lupoHYPE lupoHYPE lupoHYPE,neither,0.03945320844208391,0.33037608806864915,0.630170703489267
lupoHYPE lupoHYPE lupoHYPE lupoHYPE lupoHYPE,neither,0.03945320844208391,0.33037608806864915,0.630170703489267
THIS IS NOT A DRILL,neither,0.0463057751887753,0.3342022275064351,0.6194919973047897
aaeriosHypers,neither,0.03945320844208391,0.33037608806864915,0.630170703489267
lupoHYPE lupoHYPE lupoHYPE lupoHYPE lupoHYPE lupoHYPE,neither,0.03945320844208391,0.33037608806864915,0.630170703489267
lupoHYPE lupoHYPE lupoHYPE lupoHYPE,neither,0.03945320844208391,0.33037608806864915,0.630170703489267
5,neither,0.03945320844208391,0.33037608806864915,0.630170703489267
frost_skappy subscribed with Twitch Prime. They've subscribed for 7 months! EVENT TIME,neither,0.019065492203941995,0.3343868171262381,0.6465476906698199
4,neither,0.03945320844208391,0.33037608806864915,0.630170703489267
OMG,neither,0.03945320844208391,0.33037608806864915,0.630170703489267
3,neither,0.03945320844208391,0.33037608806864915,0.630170703489267
lupoS lupoS lupoS lupoS,neither,0.03945320844208391,0.33037608806864915,0.630170703489267
1,neither,0.03945320844208391,0.33037608806864915,0.630170703489267
lupoHYPE lupoHYPE lupoHYPE lupoHYPE lupoHYPE lupoHYPE lupoHYPE,neither,0.03945320844208391,0.33037608806864915,0.630170703489267
lupoHYPE lupoHYPE lupoHYPE lupoHYPE,neither,0.03945320844208391,0.33037608806864915,0.630170703489267
1,neither,0.03945320844208391,0.33037608806864915,0.630170703489267
Here comes the SWORD,neither,0.0820551471443295,0.28071154968477413,0.6372333031708963
NOTHING. ABSOLUTELY NOTHING! STUPID! SO STUPID!,neither,0.18318000346459626,0.24782124207258713,0.5689987544628166
aliens!!,neither,0.03945320844208391,0.33037608806864915,0.630170703489267
lupoHYPE lupoHYPE lupoHYPE lupoHYPE lupoHYPE lupoHYPE lupoHYPE lupoHYPE lupoHYPE lupoHYPE lupoHYPE lupoHYPE lupoHYPE,neither,0.03945320844208391,0.33037608806864915,0.630170703489267
Jebaited,neither,0.03945320844208391,0.33037608806864915,0.630170703489267
tangPog tangPog tangPog tangPog tangPog tangPog tangPog tangPog tangPog tangPog,neither,0.03945320844208391,0.33037608806864915,0.630170703489267
omg its wreck it Ralph all over,neither,0.033402174550171033,0.3836835953484281,0.5829142301014009
Sdsox321 subscribed with Twitch Prime. They've subscribed for 9 months!,neither,0.017135853092050617,0.3228815153557895,0.6599826315521599
YOOOO Pog,neither,0.03945320844208391,0.33037608806864915,0.630170703489267
whatttttt,neither,0.03945320844208391,0.33037608806864915,0.630170703489267
WOOOOOOOOOOOOOOWwhat is this,neither,0.06444388513749441,0.32581973129223984,0.6097363835702658
whaaaaaaaaaaaaaaaaat,neither,0.03945320844208391,0.33037608806864915,0.630170703489267
:OOOOOOOOO,neither,0.03945320844208391,0.33037608806864915,0.630170703489267
SWORD,neither,0.03945320844208391,0.33037608806864915,0.630170703489267
TAC SMG,neither,0.03945320844208391,0.33037608806864915,0.630170703489267
Drum gun,neither,0.03945320844208391,0.33037608806864915,0.630170703489267
"wait, they actually are having you VOTE on items?! WHAT?!",neither,0.07338435553072063,0.334684057060828,0.5919315874084514
I want the grappler back,neither,0.03839185451938862,0.2971984005615697,0.6644097449190416
SWORD SWORD,neither,0.03945320844208391,0.33037608806864915,0.630170703489267
bounceeee paaaaaaddddsssssss,neither,0.03945320844208391,0.33037608806864915,0.630170703489267
SWORD POG,neither,0.03945320844208391,0.33037608806864915,0.630170703489267
Stop it lupo!,offensive_language,0.0367036531505388,0.4892645587659077,0.4740317880835535
What the...??? :D,neither,0.052193750385548,0.28272826532966666,0.6650779842847853
lol,neither,0.020706217963973744,0.4882283491876925,0.4910654328483337
Bonkers711 subscribed at Tier 1. They've subscribed for 8 months!,neither,0.018730042386447116,0.3124437755681934,0.6688261820453595
noooo,neither,0.03945320844208391,0.33037608806864915,0.630170703489267
D:,neither,0.03945320844208391,0.33037608806864915,0.630170703489267
yesssssssssssss,neither,0.03945320844208391,0.33037608806864915,0.630170703489267
OMEGA LUL,neither,0.03945320844208391,0.33037608806864915,0.630170703489267
lmao,neither,0.03705015143476208,0.3711622369619404,0.5917876116032975
This is glitching so hard on mine... people are shooting turrets and the storm sound keeps repeating,neither,0.062265293335593976,0.42826530777446786,0.5094693988899383
noooooooooo,neither,0.03945320844208391,0.33037608806864915,0.630170703489267
YAY my fave weapon is tommy,neither,0.03642384752678364,0.38291520283733377,0.5806609496358826
It’s the vault,neither,0.03324079787543189,0.28729122359747633,0.6794679785270917
LMAOOO,neither,0.03391848853660531,0.42431472933255177,0.541766782130843
anarchy LUL,neither,0.03945320844208391,0.33037608806864915,0.630170703489267
SWORD,neither,0.03945320844208391,0.33037608806864915,0.630170703489267
got nothing in my game :(,neither,0.023361774600544345,0.46814419034467053,0.5084940350547852
PICKAXE CHARI ahahah,neither,0.03945320844208391,0.33037608806864915,0.630170703489267
tac smggggg,neither,0.03945320844208391,0.33037608806864915,0.630170703489267
ceezP ceezP ceezP ceezP,neither,0.03945320844208391,0.33037608806864915,0.630170703489267
:O,neither,0.03945320844208391,0.33037608806864915,0.630170703489267
MINE IS LAGGED OUT,neither,0.04399981268934131,0.3497513220898157,0.6062488652208429
Just tuned in what is this,neither,0.04799731733400142,0.345662399514957,0.6063402831510415
omg lul,neither,0.03945320844208391,0.33037608806864915,0.630170703489267
nothing is happening in my game pog,neither,0.0329881181610544,0.3978483855551646,0.569163496283781
nooo lupooo,neither,0.03945320844208391,0.33037608806864915,0.630170703489267
lmaoooo,neither,0.03945320844208391,0.33037608806864915,0.630170703489267
This is amazing,neither,0.050638740814203484,0.3285866302672563,0.6207746289185402
Lupo: I want the sword back. Also Lupo:,neither,0.03886725781666613,0.3126070446476994,0.6485256975356345
nothing happening in our game,neither,0.036894134204695894,0.331647663723156,0.6314582020721481
oooohh u have to break it out ahha,neither,0.03932534508596335,0.3495418636851817,0.611132791228855
looks like a bunch of ants 😂,offensive_language,0.05704008371265752,0.5212380035482095,0.42172191273913295
tommy gun is winning in my game too,neither,0.03542000144708641,0.3611324744168758,0.6034475241360377
HIT THE PLANE!!!!!!!,neither,0.03843659180992843,0.31171545394767586,0.6498479542423958
it glitch OUT EPIC WHHHYYYYYYYY,neither,0.03470003375395174,0.34470432562933745,0.6205956406167109
My game glitched,neither,0.02066344196826629,0.4033084381488134,0.5760281198829204
Get the tommy gun!!!!!,neither,0.03813135726014693,0.3233227214149432,0.6385459213249098
THERE IS A DESK,neither,0.048814142076005956,0.28022355132403637,0.6709623065999576
@dillbourne same,neither,0.04148851938089603,0.3488915597363099,0.609619920882794
WHAT IS THE DESK ?,neither,0.05533177807838687,0.30441496763495973,0.6402532542866533
LMAOOO,neither,0.03391848853660531,0.42431472933255177,0.541766782130843
its like wwz,neither,0.04685745255825466,0.36940892156171046,0.583733625880035
my server is all at tommy gun,offensive_language,0.03604041698801422,0.4891427921866248,0.474816790825361
LUL,neither,0.03945320844208391,0.33037608806864915,0.630170703489267
yooooo,neither,0.03945320844208391,0.33037608806864915,0.630170703489267
Well Tommy Gun is coming back,neither,0.04571612101551854,0.32822198524501534,0.6260618937394661
desk is probably of the vault keeper,neither,0.04411932927363692,0.3310785747324435,0.6248020959939194
this is hilarious,neither,0.050298936780661496,0.3286480543696765,0.621053008849662
no one wants the planes LUL,neither,0.03756741577382207,0.351477332376371,0.6109552518498068
lol the one guy on the plane,neither,0.02831210443527978,0.39350530257637567,0.5781825929883446
TOMMMYYYY GUNNNNN,neither,0.03945320844208391,0.33037608806864915,0.630170703489267
this is NUTS,neither,0.05091102186496875,0.32853714067495937,0.6205518374600718
I'm w keying tac. Join me chat,neither,0.03232270132413258,0.368962700203131,0.5987145984727364
I AM THE BIG MAD!!!! GAME GLITCHED,neither,0.02280877697710026,0.3367453133300474,0.6404459096928524
its not working on my lobby sick,neither,0.024837062308796166,0.41035086384658886,0.564812073844615
someone is coming out,neither,0.04329530312143437,0.34693177405772513,0.6097729228208405
This is like election night,neither,0.05048478808335527,0.34598688772427694,0.6035283241923678
my server broke,neither,0.021957205092867697,0.47697624637527286,0.5010665485318594
in my game is the tommy gun,neither,0.03439599809663936,0.3494795167021971,0.6161244852011636
So is this like playing the water gun game at a carnival?,neither,0.05036145088396774,0.3443118687936839,0.6053266803223484
It is not working for me,neither,0.030187693818190576,0.34397215207349086,0.6258401541083186
We’ve lost ladies and gentlemen,neither,0.01867260167874535,0.2816197943644361,0.6997076039568185
<==== use,neither,0.004683663156386073,0.4896546958069714,0.5056616410366426
"My better half, MrsDrLupo, also streams! Be sure to check out her channel as well: Twitch.tv/MrsDrLupo lupoWIFE lupoLOVE YouTube, too! https://www.youtube.com/channel/UCsJhhzHycC0AIFAgJ1kWnrQ",offensive_language,0.0308983634361032,0.48678099150753396,0.48232064505636274
rip tac smg,neither,0.03945320844208391,0.33037608806864915,0.630170703489267
What is this??,neither,0.07282678549990032,0.31792604547631814,0.6092471690237815
What the hey it’s not working for me :((,neither,0.029378525599581675,0.32715410724859273,0.6434673671518256
Wow I think this is all in sync over all games!,neither,0.04733356800825624,0.4507887955270591,0.5018776364646846
The event isn't happing,neither,0.03855946204107415,0.3140289813642535,0.6474115565946724
people love that gun ahaha,neither,0.05706338334010213,0.3760155522360514,0.5669210644238465
:OOOOOOOOO,neither,0.03945320844208391,0.33037608806864915,0.630170703489267
we could of had bouncers smh,neither,0.050412049099220764,0.3286823527083953,0.6209055981923839
OMG CHILLS,neither,0.03945320844208391,0.33037608806864915,0.630170703489267
so lame epic.....,neither,0.09811970776738058,0.19451864061566287,0.7073616516169566
Welp I’m quoting fortnite bye,neither,0.03945320844208391,0.33037608806864915,0.630170703489267
rip every other gun in the game LUL,neither,0.03844423370269289,0.2922105862400682,0.669345180057239
WOOW,neither,0.03945320844208391,0.33037608806864915,0.630170703489267
Quiting*,neither,0.03945320844208391,0.33037608806864915,0.630170703489267
OH MAN,neither,0.0497452509521963,0.354443561064239,0.5958111879835646
VOLCANO,neither,0.03945320844208391,0.33037608806864915,0.630170703489267
VOLCANOOOOO,neither,0.03945320844208391,0.33037608806864915,0.630170703489267
Everyone about to spawn with a tommy gun,neither,0.031211983642217552,0.43438238305887156,0.5344056332989108
VOLCANO VOLCANO VOLCANO VOLCANO VOLCANO VOLCANO VOLCANO VOLCANO VOLCANO VOLCANO,neither,0.03945320844208391,0.33037608806864915,0.630170703489267
WHAT,neither,0.057770773616808734,0.3180719994247239,0.6241572269584672
watch everyone is gonna have a tommy gun LUL,neither,0.04266317594823615,0.42374566421665244,0.5335911598351114
"im not gonna lie, while the Tommy gun is trash, its fun to use",neither,0.023840901693178932,0.3058911987108855,0.6702678995959356
VOLCANO DEFAULT DANCES???,neither,0.03945320844208391,0.33037608806864915,0.630170703489267
BYE BYE RETAIL,neither,0.03945320844208391,0.33037608806864915,0.630170703489267
rip retail,neither,0.03945320844208391,0.33037608806864915,0.630170703489267
WOW,neither,0.03945320844208391,0.33037608806864915,0.630170703489267
D:,neither,0.03945320844208391,0.33037608806864915,0.630170703489267
hit etail,neither,0.03945320844208391,0.33037608806864915,0.630170703489267
pog,neither,0.03945320844208391,0.33037608806864915,0.630170703489267
Subscribe here: [ https://subs.twitch.tv/drlupo ] // Access to Discord server • Emotes • Sub badge • Increased thickness • Smell great,neither,0.05960140574381473,0.3011452464682766,0.6392533477879087
RETAILL,neither,0.03945320844208391,0.33037608806864915,0.630170703489267
PogChamp,neither,0.03945320844208391,0.33037608806864915,0.630170703489267
BRO NO,neither,0.03804774862484653,0.3542304091250055,0.607721842250148
HAHAHHAHAHAHAHA,neither,0.03945320844208391,0.33037608806864915,0.630170703489267
RETAAAAIL,neither,0.03945320844208391,0.33037608806864915,0.630170703489267
D:,neither,0.03945320844208391,0.33037608806864915,0.630170703489267
RETAIL,neither,0.03945320844208391,0.33037608806864915,0.630170703489267
OOOOOOOOOOOOO,neither,0.03945320844208391,0.33037608806864915,0.630170703489267
it's pompei!!!,neither,0.034373745257138544,0.33212314837979673,0.6335031063630647
nooooooooooooooooooooooooo,neither,0.03945320844208391,0.33037608806864915,0.630170703489267
:O,neither,0.03945320844208391,0.33037608806864915,0.630170703489267
NOOOOOO,neither,0.03945320844208391,0.33037608806864915,0.630170703489267
OH M6 GOD!!!!!,neither,0.047523175703714664,0.25506489023357065,0.6974119340627147
LUL LUL LUL LUL LUL,neither,0.03945320844208391,0.33037608806864915,0.630170703489267
RETAILLL,neither,0.03945320844208391,0.33037608806864915,0.630170703489267
Noooooooooooooooooo,neither,0.03945320844208391,0.33037608806864915,0.630170703489267
Retail RIP,neither,0.03945320844208391,0.33037608806864915,0.630170703489267
REEEEEEEEKT,neither,0.03945320844208391,0.33037608806864915,0.630170703489267
HAHAHAHAHAHAHA,neither,0.03945320844208391,0.33037608806864915,0.630170703489267
I LOVE IT,neither,0.030831260484157012,0.3601344986151421,0.609034240900701
OMG THE CHILLS,neither,0.03858037476425008,0.3144208991863359,0.646998726049414
lupoPOGGERS,neither,0.03945320844208391,0.33037608806864915,0.630170703489267
LMAOOOOOOOOO,neither,0.03945320844208391,0.33037608806864915,0.630170703489267
nooooooo,neither,0.03945320844208391,0.33037608806864915,0.630170703489267
NOOOOO,neither,0.03945320844208391,0.33037608806864915,0.630170703489267
F,neither,0.03945320844208391,0.33037608806864915,0.630170703489267
LMAAAAAOOOOOO,neither,0.03945320844208391,0.33037608806864915,0.630170703489267
HOLY,neither,0.03945320844208391,0.33037608806864915,0.630170703489267
HAHAHAHAHAHAHA,neither,0.03945320844208391,0.33037608806864915,0.630170703489267
LUL,neither,0.03945320844208391,0.33037608806864915,0.630170703489267
home and native nooooo,neither,0.03878867205111884,0.29731825866447364,0.6638930692844076
GREASY POND,neither,0.03945320844208391,0.33037608806864915,0.630170703489267
NO,neither,0.036918905254960256,0.37338982715841207,0.5896912675866277
MiniK,neither,0.03945320844208391,0.33037608806864915,0.630170703489267
rip new building,neither,0.04291147749759119,0.2442708560084719,0.712817666493937
I’m laughing so hard right now,offensive_language,0.03101178334774698,0.5790733293509689,0.389914887301284
OMG!!!!!,neither,0.03945320844208391,0.33037608806864915,0.630170703489267
WHAT THE FUCK,offensive_language,0.29142062242413674,0.7085786605941925,7.169816707264273e-07
nooo,neither,0.03945320844208391,0.33037608806864915,0.630170703489267
oh my god TILTED,neither,0.030266422441093326,0.38268872444249025,0.5870448531164164
tilted FRICK,neither,0.03945320844208391,0.33037608806864915,0.630170703489267
THIS FUCKING AWESOME,offensive_language,0.11039233181827353,0.8894085217214911,0.00019914646023541335
Not junk not junk,neither,0.03793410507293058,0.33609447229256983,0.6259714226344996
i'm crying,neither,0.03945320844208391,0.33037608806864915,0.630170703489267
holy SHIT THERES ANOTHER ONE,offensive_language,0.09172136711328974,0.9040515618928767,0.004227070993833493
YESSSS,neither,0.03945320844208391,0.33037608806864915,0.630170703489267
LUL,neither,0.03945320844208391,0.33037608806864915,0.630170703489267
omg whats happeninggggggggggg,neither,0.03945320844208391,0.33037608806864915,0.630170703489267
TILTED IS FINALLY GONE,neither,0.049752354289571324,0.3286853818913305,0.6215622638190981
NNNOO)OOOOOOO,neither,0.03945320844208391,0.33037608806864915,0.630170703489267
WTF,offensive_language,0.04410695246022759,0.7898861884776351,0.16600685906213722
LUL LUL LUL LUL LUL,neither,0.03945320844208391,0.33037608806864915,0.630170703489267
BRO IM SO CONFUSED,neither,0.038482307275781884,0.41457154350409336,0.5469461492201247
TITLED GONE GONE,neither,0.03930818996018238,0.3328374301745972,0.6278543798652203
OH MY GOD,neither,0.030266422441093326,0.38268872444249025,0.5870448531164164
ohhh,neither,0.03945320844208391,0.33037608806864915,0.630170703489267
nooooooooooooo,neither,0.03945320844208391,0.33037608806864915,0.630170703489267
TILTED,neither,0.03945320844208391,0.33037608806864915,0.630170703489267
HOLY SHIT,offensive_language,0.04257650662097627,0.9573463282193174,7.716515970639687e-05
dude WTF LUL,offensive_language,0.04196956120932557,0.5495809453519636,0.40844949343871073
NOOOOOOOOOOOO,neither,0.03945320844208391,0.33037608806864915,0.630170703489267
YOOOOO,neither,0.03945320844208391,0.33037608806864915,0.630170703489267
FFFFFFF,neither,0.03945320844208391,0.33037608806864915,0.630170703489267
ITS GONE,neither,0.030408834691771316,0.33586039152350106,0.6337307737847275
HOLY FUCK!!!!!,offensive_language,0.19397613669184155,0.8059762285570093,4.7634751149108454e-05
!rekt,neither,0.03945320844208391,0.33037608806864915,0.630170703489267
[ ] Not Rekt [x] Rekt,neither,0.03554889144452836,0.3454295093440936,0.619021599211378
SEASON 1 HERE WE GO,neither,0.10150658272880338,0.287360487487762,0.6111329297834346
HOLY CRAP,neither,0.03945320844208391,0.33037608806864915,0.630170703489267
I AM SPEECHLESS,neither,0.039246452605914695,0.33044720088162116,0.6303063465124641
Oh my gosh... That was totally insane!,neither,0.03215144553677598,0.3856514219908295,0.5821971324723945
lmao,neither,0.03705015143476208,0.3711622369619404,0.5917876116032975
Support the stream! Subscribe [ http://subs.twitch.tv/drlupo ] // Tip [ https://streamlabs.com/DrLupo ] // Merch [ http://www.designbyhumans.com/shop/DrLupo/ ] // SecretLab [ https://tinyurl.com/yb7lt5f7 ] // FinalMouse [ http://bit.ly/2FFW4Ny ] // NZXT [ https://nzxt.co/DrLupo ],neither,0.0435560725039983,0.23648198905422807,0.7199619384417736
RIP TT,neither,0.03945320844208391,0.33037608806864915,0.630170703489267
wwhhhaattttt,neither,0.03945320844208391,0.33037608806864915,0.630170703489267
FINALLY TILTED IS GONE,neither,0.049752354289571324,0.3286853818913305,0.6215622638190981
hahahhahhahahah,neither,0.03945320844208391,0.33037608806864915,0.630170703489267
LUL,neither,0.03945320844208391,0.33037608806864915,0.630170703489267
NOOOOOOOOOOOO,neither,0.03945320844208391,0.33037608806864915,0.630170703489267
omgggg,neither,0.03945320844208391,0.33037608806864915,0.630170703489267
Best Troll Ever,neither,0.038538599804204376,0.322717273086846,0.6387441271089497
EPIC IS INSANE!!!!!!!! GOTTEM,neither,0.045458491777599225,0.3283105957536797,0.626230912468721
what a meme,neither,0.045915666119560924,0.3257693565681219,0.6283149773123172
lupoCRAB lupoCRAB lupoCRAB lupoCRAB lupoCRAB,neither,0.03945320844208391,0.33037608806864915,0.630170703489267
WHAT WAS THAT,neither,0.041736715604486524,0.40105550120025046,0.557207783195263
ugh tommy gun,neither,0.03945320844208391,0.33037608806864915,0.630170703489267
OMG,neither,0.03945320844208391,0.33037608806864915,0.630170703489267
it finally lived,neither,0.03798298770497876,0.3308817643979973,0.6311352478970239
I can't believe Epic had the balls,neither,0.04482357570961027,0.44000651592226614,0.5151699083681235
poor qualifiers,neither,0.03945320844208391,0.33037608806864915,0.630170703489267
the smoke,neither,0.032839163880441176,0.39829123675803924,0.5688695993615196
Holy... shit,offensive_language,0.04257650662097627,0.9573463282193174,7.716515970639687e-05
hmm...quals will be....intresting?,neither,0.04170630622638589,0.30624299129463073,0.6520507024789836
PogChamp PogChamp PogChampPogChampPogChampPogChampPogChampthis is a cluster,neither,0.081172750358939,0.3160268245287109,0.60280042511235
GOOD LUCK ON THE WORLD CUP CONTESTANTS SMILE,neither,0.036291659297614666,0.3283979276120849,0.6353104130903005
RETAIL NOOOOO lupoCRY lupoCRY lupoCRY,neither,0.03945320844208391,0.33037608806864915,0.630170703489267
This is amazing,neither,0.050638740814203484,0.3285866302672563,0.6207746289185402
@DrLupo Didn't it hit Greasy and not Polar,neither,0.024966304396510795,0.33714529741258975,0.6378883981908995
Welp should be a interesting qualifier match,neither,0.049633403880593535,0.3624171563033162,0.5879494398160902
Did it really hit retail LUL LUL LUL LUL,neither,0.039032561457813454,0.33052076785556067,0.6304466706866259
CHAP is going to have a fit,neither,0.05411037682033188,0.3611811755725911,0.5847084476070772
are the dark grenades gonna be better since the map is darker?,neither,0.05836931499367475,0.31164533840959474,0.6299853465967304
nickmercs gotta be losing his damn mind,offensive_language,0.06870370900651421,0.7641292024240265,0.16716708856945933
Twitter.com/DrLupo // Instagram.com/DrLupo // Facebook.com/DrLupoOnTwitch // YouTube.com/c/DrLupo // DrLupo.tv,neither,0.0330820553548599,0.39148113808821783,0.5754368065569223
<=== use,neither,0.004683663156386073,0.4896546958069714,0.5056616410366426
^,neither,0.03945320844208391,0.33037608806864915,0.630170703489267
I GOT CHILLS ALL OVER MY FREAKIN BODY,neither,0.03003778269628443,0.4745922066300301,0.49537001067368547
did the block survive?,neither,0.03862126803341648,0.3151857636019268,0.6461929683646567
ladies and gentlemen....we got em,neither,0.03702051786529865,0.33849362918087667,0.6244858529538246
Haunted my loving home is still alive!!,neither,0.03484317126325431,0.4103671917550648,0.5547896369816808
some people just got their drop spots destroyed lmao,neither,0.05148626043496809,0.38996645159399573,0.5585472879710363
wow i'm fuckin amazed,offensive_language,0.07827192097765936,0.8970935857573126,0.024634493265027986
Melted Greasy??,neither,0.03945320844208391,0.33037608806864915,0.630170703489267
bounce pad I'd the best item to ever be in the game.... what have we done...,neither,0.04368695860370062,0.29910647087135694,0.6572065705249425
^^^,neither,0.03945320844208391,0.33037608806864915,0.630170703489267
the dinosaurs just died,neither,0.03465011225942994,0.33464030343624535,0.6307095843043248
rip Nick Mercs LUL,neither,0.03945320844208391,0.33037608806864915,0.630170703489267
Junk once again has been spared Phew,neither,0.03804135172302955,0.354338981243423,0.6076196670335474
ok yea just doesn't work and lags out,neither,0.03142178025513839,0.33141409720428017,0.6371641225405813
yea good event fortnite,neither,0.03864301352158155,0.3338350893466314,0.6275218971317871
"It wasnt polar, it was greasy..",neither,0.037039947529615244,0.33286911038928746,0.6300909420810973
it was greasy not polar,neither,0.036485406003247116,0.33828344851030745,0.6252311454864453
we had a big issue,neither,0.02419492896031671,0.39481048280403797,0.5809945882356453
"""not a single issue"" ....ok",neither,0.03816461113843876,0.3358509903278122,0.625984398533749
what will be the new tilted now hmmmm,neither,0.04833461349921935,0.2199596343575539,0.7317057521432268
got my challenge for elims at tilted done now lul,neither,0.026368563467414136,0.4206940558573513,0.5529373806752347
lupoCRINGE lupoCRINGE,neither,0.03945320844208391,0.33037608806864915,0.630170703489267
ITS SO DARK,neither,0.03223870838734459,0.38893223979786345,0.578829051814792
RIP TILTED lupoCRY lupoCRY lupoCRY lupoCRY lupoCRY,neither,0.03945320844208391,0.33037608806864915,0.630170703489267
I think it was,neither,0.03771077489417765,0.31927880817503673,0.6430104169307855
@DrLupo our vault just never opened so some people had promblems,neither,0.044373206873788214,0.42341585182268593,0.532210941303526
Chat......,neither,0.03945320844208391,0.33037608806864915,0.630170703489267
yeah lotta people didnt get the event apparently,neither,0.04139859285012199,0.3958343282471881,0.5627670789026898
LRStart_ subscribed at Tier 1. They've subscribed for 15 months!,neither,0.020219732405937437,0.3137670703181373,0.6660131972759252
@DrLupo my server never got the event,neither,0.024468030396263808,0.46914176556555665,0.5063902040381795
Twitter.com/DrLupo // Instagram.com/DrLupo // Facebook.com/DrLupoOnTwitch // YouTube.com/c/DrLupo // DrLupo.tv,neither,0.0330820553548599,0.39148113808821783,0.5754368065569223
Retail 😢😢😢😢,neither,0.03945320844208391,0.33037608806864915,0.630170703489267
It didn’t work on my game lupoLONK lupoTRIG lupoTRIG lupoTRIG lupoTRIG lupoTRIG lupoTRIG lupoTRIG lupoTRIG lupoTRIG lupoTRIG lupoTRIG lupoTRIG lupoTRIG lupoTRIG,neither,0.015296541698469645,0.42547362543584555,0.5592298328656847
Mobile didn't even load the event.,neither,0.02895931938871781,0.35776089908183667,0.6132797815294456
its like my favourite character died :'(,neither,0.03323335157807616,0.40777512799802773,0.5589915204238962
What did it cost?,neither,0.043566413754334586,0.32680829214799084,0.6296252940976745
Chat what happened to polar is the ice berg melting,neither,0.05224972658113881,0.31360150572254936,0.6341487676963118
i'm so triggered,offensive_language,0.039501631330860744,0.48329170807269783,0.4772066605964413
I'm still stanidng at Loot with a close vault,neither,0.025911928023805146,0.4163404797575598,0.557747592218635
my game hasnt done it yet,neither,0.025897578521678805,0.3860189400827772,0.588083481395544
what if it was all a dream,neither,0.02578676176631682,0.4641132990832495,0.5100999391504336
@razerwire same i'm still waiting,neither,0.03942344947705796,0.3577961632008245,0.6027803873221175
my event didn't load,neither,0.021249563940036943,0.43157513124358543,0.5471753048163778
"Great event, not working for most of the players",neither,0.03330769300252276,0.2901619034039952,0.6765304035934819
The whole time is smoky and red too,neither,0.04432116140282064,0.2975633364389039,0.6581155021582753
Lupo,neither,0.03945320844208391,0.33037608806864915,0.630170703489267
i wanna know if a different choice had been made if things would be different?,neither,0.02234448875811343,0.3877433385215299,0.5899121727203567
I'm still waiting as well,neither,0.036430242987503886,0.38168370114404054,0.5818860558684554
@DrLupo It was Greasy,neither,0.03593062006447523,0.3363165027571517,0.627752877178373
my event didnt load either,neither,0.0313038991394629,0.3916894209512441,0.577006679909293
