text,top_class,hate_speech,offensive_language,neither
This chat is now lit due to extreme Mexican-ness @Dawnthology,neither,0.05002507065213289,0.32669345894455293,0.6232814704033142
Supposedly I encountered you and Ninja yesterday according to Xbox but I think I would remember that.,neither,0.04580076004364679,0.3468106371295649,0.6073886028267882
It's always lit dude,neither,0.03625223492451669,0.3873006879982017,0.5764470770772815
@Dawnthology sup brotha,neither,0.03945320844208391,0.33037608806864915,0.630170703489267
lupoCHOO lupoCHOO lupoCHOO,neither,0.03945320844208391,0.33037608806864915,0.630170703489267
Sup man how are you @jat0rz,neither,0.1000668904815027,0.4033426857067807,0.4965904238117165
doin good man thanks,neither,0.03654786457762315,0.37135894159782923,0.5920931938245477
awwww,neither,0.03945320844208391,0.33037608806864915,0.630170703489267
That's great man @jat0rz,neither,0.031777688330934,0.42847028453757896,0.5397520271314871
how bout you @Dawnthology ive been gone for about a month so havent been in touch with too many,neither,0.0338642253378767,0.4358708863695486,0.5302648882925748
"Ninja's muted and just yelling ""fuckkkkk"" to get it out of his system.",neither,0.04988499495358987,0.33294364778936403,0.6171713572570462
Ninja needs to unplug his mic and plug it back in,neither,0.0589793487242818,0.30318138105613773,0.6378392702195803
how do you play trails all the time its hella boring you should sweat,offensive_language,0.06276600564221693,0.5438058622237062,0.39342813213407696
"I've been doing great man, helpin people and stuff it's great @jat0rz",neither,0.03308971248563519,0.30582674369056545,0.6610835438237993
Wait is this the kids account or his dad's?,neither,0.06665140244969141,0.3174847778144698,0.6158638197358388
Classic IT answer @rojoemption,neither,0.03794741981988148,0.3308939978246691,0.6311585823554494
!uptime,neither,0.03945320844208391,0.33037608806864915,0.630170703489267
24 minutes,neither,0.03945320844208391,0.33037608806864915,0.630170703489267
"goood man, @Dawnthology im booting up the stream again this weekend, back to Trials Sherpa, you down to run together sometime?",neither,0.05090373881005918,0.4308500246867461,0.5182462365031947
"It legit works, lmao @Twizzler40",neither,0.03726329261075786,0.34645701020108427,0.6162796971881578
"@TKDailey25, kid's account",neither,0.03898626864831881,0.33830127498459794,0.6227124563670833
:),neither,0.03945320844208391,0.33037608806864915,0.630170703489267
Turn it off and back on lol,neither,0.027318238029743747,0.35784690105874556,0.6148348609115107
Oh ok,neither,0.04713570804197639,0.2590205851270262,0.6938437068309974
@drlupo this is really cool and nice of you,neither,0.06576772129617411,0.32866833717877264,0.6055639415250531
Of course haha for sure @jat0rz,neither,0.02674276533484909,0.47131695409072066,0.5019402805744303
#dadlupo,neither,0.03945320844208391,0.33037608806864915,0.630170703489267
This is gonna be awesome. lupoPLS,neither,0.047668577123630027,0.3852174765229665,0.5671139463534034
"awesome, alright ill be in touch, imma go afk for a bit, bbl",neither,0.03684276380171075,0.31713016016552276,0.6460270760327664
@Espadanovena lupoPLS,neither,0.03945320844208391,0.33037608806864915,0.630170703489267
Ightt,neither,0.03945320844208391,0.33037608806864915,0.630170703489267
I'm happy you're cool enough to play with kids and be sincerely respectful about it. Most streamers wouldn't do that. You the man. @Drlupo,neither,0.05789211693724789,0.41497416513367763,0.5271337179290746
Glad I'm here to catch this stream. Missed it last time.,neither,0.07087754111269154,0.317199397432521,0.6119230614547875
Dad mode.,neither,0.03945320844208391,0.33037608806864915,0.630170703489267
That's all.,offensive_language,0.034289253982691933,0.6299409668091245,0.3357697792081837
"@rojoemption,",neither,0.03945320844208391,0.33037608806864915,0.630170703489267
how old is he,neither,0.06093935160013571,0.32298601817655465,0.6160746302233097
I love this stuff.,neither,0.03572230283989948,0.34936926977879157,0.614908427381309
5,neither,0.03945320844208391,0.33037608806864915,0.630170703489267
Oh cool,neither,0.04720127955179003,0.2578925924460871,0.6949061280021229
hi bb <3 @DrLupo,neither,0.03945320844208391,0.33037608806864915,0.630170703489267
Lupo Dadmode: [ON] OFF,neither,0.033779942150605376,0.3583831653100128,0.6078368925393818
@rojoemption the first play with Little was so awesome,neither,0.024847380102594293,0.3914171083565967,0.583735511540809
lupoCAW lupoCAW lupoCHOO lupoCHOO,neither,0.03945320844208391,0.33037608806864915,0.630170703489267
now that charlie can sit up we need to give him a controller @Drlupo,neither,0.009696986001216648,0.08746542924221852,0.9028375847565648
He's gonna beat grown ups in trials,neither,0.037197404939882564,0.4507825289026148,0.5120200661575025
Wish I hadn't missed it @Nachocornbread,neither,0.03822481000182697,0.3307985906212041,0.6309765993769689
dad mode engage,neither,0.03945320844208391,0.33037608806864915,0.630170703489267
@mrsdrlupo you mean a lil' mouse!,neither,0.05711720177177334,0.37995301584445884,0.5629297823837679
I would be terrified of this game when I was 5,neither,0.030838319945020388,0.3372207950573105,0.631940884997669
'card,neither,0.03945320844208391,0.33037608806864915,0.630170703489267
The first stream I vividly remember watching was @drlupo and Ninja running with Ella. It was awesome,neither,0.028647188695239235,0.3236057756719292,0.6477470356328315
!card,neither,0.03945320844208391,0.33037608806864915,0.630170703489267
,neither,0.03945320844208391,0.33037608806864915,0.630170703489267
@Marlowned he already tries to steal our keyboards,neither,0.04709089100338424,0.3383947134115686,0.6145143955850472
@Mrsdrlupo He's a quick learner lupoPLS,neither,0.04795167990426256,0.3274530740302765,0.624595246065461
he saw the buttons on hte debit card machine at target today and wanted to pushthem,neither,0.04225063999150923,0.3060752687677318,0.6516740912407589
This kid's Destiny is like my Halo. The introduction to a long road of FPS games at a very young age. Makes me tear up a little.,neither,0.03726984169994619,0.4367600110488972,0.5259701472511565
@mrsdrlupo yeah babies love the click clacks!,neither,0.023648415295884944,0.4196140888821947,0.5567374958219203
yay!,neither,0.03945320844208391,0.33037608806864915,0.630170703489267
lupoCHOO,neither,0.03945320844208391,0.33037608806864915,0.630170703489267
Yay!,neither,0.03945320844208391,0.33037608806864915,0.630170703489267
:D,neither,0.03945320844208391,0.33037608806864915,0.630170703489267
WOOOOOOOO,neither,0.03945320844208391,0.33037608806864915,0.630170703489267
Yay! lupoPLS lupoPLS,neither,0.03945320844208391,0.33037608806864915,0.630170703489267
lupoHOO,neither,0.03945320844208391,0.33037608806864915,0.630170703489267
lupoCHOO lupoCHOO lupoCHOO lupoCHOO,neither,0.03945320844208391,0.33037608806864915,0.630170703489267
welp,neither,0.03945320844208391,0.33037608806864915,0.630170703489267
lupoCHOO lupoCHOO lupoCHOO lupoCHOO,neither,0.03945320844208391,0.33037608806864915,0.630170703489267
haha the claps,neither,0.034608595820008185,0.38430344818292383,0.5810879559970681
Hello everyone! Hello @drlupo lupoCHOO lupoCHOO lupoCHOO lupoCHOO lupoCHOO,neither,0.03515595620217413,0.4033116735145906,0.5615323702832353
@Espadanovena i guess we'll need to get a second console one day anyway if LilLupo is gonna make a name for himself,neither,0.03214718024372704,0.37711726727582384,0.5907355524804492
Hey Lupo. Hello everyone drdaveHEY,neither,0.03354822923662691,0.4305989959529577,0.5358527748104155
HhwHips @miracle_whips still can't shake it,neither,0.03713276593548662,0.34287591332169165,0.6199913207428217
@Mrsdrlupo I'm sure he'll be eager to follow in dad's footsteps lupoPLS,neither,0.04373716264144591,0.4230387713886331,0.533224065969921
Sub button broskiHype,neither,0.03945320844208391,0.33037608806864915,0.630170703489267
!sub,neither,0.03945320844208391,0.33037608806864915,0.630170703489267
Subscribe here: [http://www.twitch.tv/DrLupo/subscribe] // Subscriber Benefits: Access to private Discord Server • Exclusive Emotes • Sub Badge • Access to Sub-Only activities,neither,0.055341206262990286,0.2788004596738287,0.6658583340631811
!emotes,neither,0.03945320844208391,0.33037608806864915,0.630170703489267
lupoPLS lupoCRY lupoCHOO lupoCAW,neither,0.03945320844208391,0.33037608806864915,0.630170703489267
lupoCHOO lupoCHOO lupoCHOO lupoCHOO rambHYPE,neither,0.03945320844208391,0.33037608806864915,0.630170703489267
@drlupo thx broskiLove,neither,0.03945320844208391,0.33037608806864915,0.630170703489267
2 Kill Hype.,hate_speech,0.5331901938109507,0.1412858744567289,0.3255239317323203
!little,neither,0.038753252915513146,0.3422561600929139,0.618990586991573
"""I've never done this good in my entire life. I'm doing better than my dad has ever done."" - Little Dickens",neither,0.017301394169368562,0.4538073436237255,0.528891262206906
WIAT. HOW OLD IS HE!?,neither,0.06093935160013571,0.32298601817655465,0.6160746302233097
@Adamhughey He's doing better than me honestly lupoPLS,neither,0.03669879404878541,0.3711719285718387,0.5921292773793758
"He is squirming around in his chair, I wish I could have a cam on him for you guys. lol",neither,0.059790131043854444,0.380126297208999,0.5600835717471465
5,neither,0.03945320844208391,0.33037608806864915,0.630170703489267
dickens hype,neither,0.03945320844208391,0.33037608806864915,0.630170703489267
WOOOOOOOOOOOO,neither,0.03945320844208391,0.33037608806864915,0.630170703489267
@ntchwaidumala 5,neither,0.03945320844208391,0.33037608806864915,0.630170703489267
@adamhughey is that your son!?,neither,0.1037338410615253,0.36637881689267643,0.5298873420457983
!little,neither,0.038753252915513146,0.3422561600929139,0.618990586991573
"""I've never done this good in my entire life. I'm doing better than my dad has ever done."" - Little Dickens",neither,0.017301394169368562,0.4538073436237255,0.528891262206906
WOOOOOOOOOO,neither,0.03945320844208391,0.33037608806864915,0.630170703489267
Woah its little dickens. Hype,neither,0.0341418924656056,0.3364109036265757,0.6294472039078186
5!? NICE!! HES A CHAMP!!,neither,0.03945320844208391,0.33037608806864915,0.630170703489267
Lol that Ninja dad mode attempt.,neither,0.03199286216139534,0.3935605822988749,0.5744465555397298
does little dickens do carries?,neither,0.027984528797700994,0.4470731979736177,0.5249422732286813
Thanks Big Bad Wolf,neither,0.02229125550998532,0.3699866232041036,0.6077221212859111
damn,offensive_language,0.042479326866149344,0.9516554255713155,0.005865247562535126
what's the middle perk?,neither,0.04358644914505245,0.3121562518918392,0.6442572989631083
rambPLS rambPLS,neither,0.03945320844208391,0.33037608806864915,0.630170703489267
hey its ramblinn,neither,0.030888563016920917,0.3333218623673391,0.63578957461574
rambCLAW,neither,0.03945320844208391,0.33037608806864915,0.630170703489267
NINJA DADMODE: [ATTEMPT] OFF,neither,0.03945320844208391,0.33037608806864915,0.630170703489267
the demi god himself,neither,0.03840399281095543,0.31109842687387435,0.6504975803151704
field scout on that rocket gets you 3 rockets @DrLupo,neither,0.04412489292807217,0.39188673737069807,0.5639883697012298
Are running more after this or just LD?,neither,0.060090057622672416,0.299638133820325,0.6402718085570025
ye,neither,0.03945320844208391,0.33037608806864915,0.630170703489267
it's nuts,neither,0.037399315187144885,0.3310825161415354,0.6315181686713197
i am jealous,neither,0.03920034016977893,0.33046306106292184,0.6303365987672993
honestly that's a perfect roll for bellows,neither,0.03125046649157512,0.34023811225305817,0.6285114212553667
Hey chat and @drlupo how's it going?!,neither,0.0360994485806266,0.31964162150782843,0.644258929911545
What's ninja's ironwreath?,neither,0.04634447332206036,0.3254755592165292,0.6281799674614104
I've seen you play and that's just not true @espadanovena me on the other hand...,neither,0.020128123757228538,0.3842708481442948,0.5956010280984767
:D,neither,0.03945320844208391,0.33037608806864915,0.630170703489267
