text,top_class,hate_speech,offensive_language,neither
Hey bbs,neither,0.03945320844208391,0.33037608806864915,0.630170703489267
lupoNERD,neither,0.03945320844208391,0.33037608806864915,0.630170703489267
So mych has changed in the pat week wtf,offensive_language,0.04086911188936828,0.5136499778409461,0.44548091026968556
So how is destiny playing while I'm on my break from it?,neither,0.03399873753245586,0.41788048662871285,0.5481207758388315
@IC3D_OUT_BART hey!,neither,0.03945320844208391,0.33037608806864915,0.630170703489267
anybody want to hear story time from 5 minutes ago,neither,0.04398313064382735,0.32621269029068295,0.6298041790654897
@Cosmicraspberry hello!,neither,0.03945320844208391,0.33037608806864915,0.630170703489267
how are you?,neither,0.19156335723385254,0.31525141242459664,0.49318523034155076
"sure, i am a fan of stories",neither,0.0345665323882753,0.44022701321549146,0.5252064543962333
lupoHYPE lupoHYPE lupoHYPE lupoHYPE lupoHYPE lupoHYPE lupoHYPE lupoHYPE,neither,0.03945320844208391,0.33037608806864915,0.630170703489267
!subhype,neither,0.03945320844208391,0.33037608806864915,0.630170703489267
http://i.imgur.com/ohLrEXQ.jpg,neither,0.03558056210193769,0.1941005909087057,0.7703188469893567
SUB HYPE,neither,0.03945320844208391,0.33037608806864915,0.630170703489267
lupoHYPE lupoHYPE lupoHYPE lupoHYPE,neither,0.03945320844208391,0.33037608806864915,0.630170703489267
sub hype,neither,0.03945320844208391,0.33037608806864915,0.630170703489267
HYPE?,neither,0.03945320844208391,0.33037608806864915,0.630170703489267
lupoHYPE lupoNERD lupoHYPE lupoNERD lupoHYPE lupoNERD lupoHYPE lupoNERD lupoHYPE,neither,0.03945320844208391,0.33037608806864915,0.630170703489267
lupoHYPE lupoNERD lupoHYPE lupoNERD lupoHYPE lupoNERD lupoHYPE,neither,0.03945320844208391,0.33037608806864915,0.630170703489267
HYPE,neither,0.03945320844208391,0.33037608806864915,0.630170703489267
lupoNERD lupoHYPE lupoNERD lupoHYPE lupoNERD lupoHYPE lupoNERD lupoHYPE,neither,0.03945320844208391,0.33037608806864915,0.630170703489267
lupoHYPE,neither,0.03945320844208391,0.33037608806864915,0.630170703489267
@IC3D_OUT_BART recovering. you?,offensive_language,0.21217306638279385,0.6099082758190073,0.17791865779819876
lupoHYPE lupoHYPE lupoHYPE lupoHYPE lupoHYPE lupoHYPE lupoHYPE drivebyNewsub drivebyNewsub drivebyNewsub,neither,0.03945320844208391,0.33037608806864915,0.630170703489267
ALL OF IT,offensive_language,0.04059157568160744,0.5011840866506351,0.45822433766775755
lupoHYPE lupoHYPE lupoHYPE lupoHYPE lupoHYPE lupoHYPE lupoHYPE lupoHYPE lupoHYPE lupoHYPE lupoHYPE lupoNERD lupoNERD lupoNERD lupoNERD lupoNERD lupoNERD lupoNERD lupoHYPE lupoHYPE lupoHYPE lupoHYPE lupoHYPE lupoHYPE,neither,0.03945320844208391,0.33037608806864915,0.630170703489267
lupoHYPE lupoHYPE lupoHYPE,neither,0.03945320844208391,0.33037608806864915,0.630170703489267
@Cosmicraspberry JUST WOKE UP LOL,neither,0.024218742505042957,0.48089516738974303,0.4948860901052141
NERD?!?! That's awesome!!!,neither,0.03589947937251947,0.36897162690947893,0.5951288937180016
lupoPLS lupoCRY lupoCAW lupoCHOO lupoHYPE lupoNERD rambPLS rambCRY rambCLAW rambSLIP rambHYPE lupoPLS lupoCRY lupoCAW lupoCHOO lupoHYPE lupoNERD rambPLS rambCRY rambCLAW rambSLIP rambHYPE,neither,0.03945320844208391,0.33037608806864915,0.630170703489267
@ic3d_out_bart how much longer you end up staying on last night?,neither,0.0373048549837095,0.4110929191135874,0.551602225902703
lupoNERD lupoNERD lupoCAW lupoPLS lupoHYPE lupoNERD lupoCAW lupoPLS lupoHYPE lupoCAW lupoPLS lupoHYPE,neither,0.03945320844208391,0.33037608806864915,0.630170703489267
@Nickg1990 didnt play after you got off but i think 3am?,neither,0.04758952407495681,0.40079509303827393,0.5516153828867694
dat snipe,neither,0.03945320844208391,0.33037608806864915,0.630170703489267
what,neither,0.057770773616808734,0.3180719994247239,0.6241572269584672
wut,neither,0.03945320844208391,0.33037608806864915,0.630170703489267
lupoHYPE lupoHYPE lupoHYPE lupoHYPE lupoHYPE lupoHYPE lupoHYPE,neither,0.03945320844208391,0.33037608806864915,0.630170703489267
Good day everyone,neither,0.03207398656743546,0.4376026790930365,0.530323334339528
gjakeSnipe gjakeChamp,neither,0.03945320844208391,0.33037608806864915,0.630170703489267
WAT,neither,0.03945320844208391,0.33037608806864915,0.630170703489267
That snipe holy shut,neither,0.04804382303354887,0.3472250165228839,0.6047311604435672
WAT,neither,0.03945320844208391,0.33037608806864915,0.630170703489267
Dat snipe and doesn't care,neither,0.038789585398989836,0.29736754617155076,0.6638428684294594
LET'S GO,neither,0.01806316484133749,0.39391011985298136,0.5880267153056813
Plays,neither,0.03945320844208391,0.33037608806864915,0.630170703489267
you sneaky bastard @Drlupo,neither,0.05572219743018507,0.3762601531946905,0.5680176493751244
!what,neither,0.057770773616808734,0.3180719994247239,0.6241572269584672
rip,neither,0.03945320844208391,0.33037608806864915,0.630170703489267
im buthurt to say the least,neither,0.045222468588385606,0.3442074309821463,0.610570100429468
Why i think and feel my hawkmoon hitregistration is off,neither,0.02409985700596256,0.3796661967501403,0.5962339462438971
THAT JUMP SHOT!!?,neither,0.03522110468364733,0.37647987953154094,0.5882990157848116
@IC3D_OUT_BART nice! hows the elite treating you?,neither,0.04993689255447903,0.34943730038416376,0.6006258070613572
thedoctorprof -> You typed a banned word. [warning],neither,0.05094585034001119,0.363330526869555,0.5857236227904339
lupoCAW lupoCAW,neither,0.03945320844208391,0.33037608806864915,0.630170703489267
what,neither,0.057770773616808734,0.3180719994247239,0.6241572269584672
@Cosmicraspberry very good! salpping faces yesterdaay,neither,0.03878728629581087,0.3306051292310137,0.6306075844731754
@dollar_joe last I played all hand cannons played like that,neither,0.04483888679553943,0.4184791384635189,0.5366819747409416
I cant say the r word????,neither,0.03844858995526594,0.31194220537973094,0.6496092046650032
thats idiotic,neither,0.03945320844208391,0.33037608806864915,0.630170703489267
No.,neither,0.036918905254960256,0.37338982715841207,0.5896912675866277
nope,neither,0.03945320844208391,0.33037608806864915,0.630170703489267
@Cosmicraspberry didnt you buy one?,neither,0.057873910687608,0.42501544095203264,0.5171106483603595
omgf,neither,0.03945320844208391,0.33037608806864915,0.630170703489267
no,neither,0.036918905254960256,0.37338982715841207,0.5896912675866277
omfg,neither,0.03945320844208391,0.33037608806864915,0.630170703489267
Un followed.,neither,0.03945320844208391,0.33037608806864915,0.630170703489267
bye,neither,0.03945320844208391,0.33037608806864915,0.630170703489267
UNSUBBED,neither,0.03945320844208391,0.33037608806864915,0.630170703489267
lol bye,neither,0.02862209854195325,0.41209004383414555,0.5592878576239012
later,neither,0.03945320844208391,0.33037608806864915,0.630170703489267
Good riddance,neither,0.03875228192880013,0.33061716883797504,0.6306305492332248
@thedoctorprof No a lot of words are banned here. k bye,neither,0.09950331776046202,0.2776943795756662,0.6228023026638719
!caw,neither,0.03945320844208391,0.33037608806864915,0.630170703489267
FUCKIN' CAW-CAW CAW-CAW,offensive_language,0.09187974904745387,0.908100988191639,1.9262760907015736e-05
c ya,offensive_language,0.017331157930923866,0.7872544665869478,0.19541437548212848
@IC3D_OUT_BART i did!!! and I´m in love! :D,neither,0.03446294701958637,0.2928842067252121,0.6726528462552016
What up Lupo?,neither,0.04549209283961305,0.43877665191533993,0.5157312552450469
!requestsong lionel richie hello,neither,0.03945320844208391,0.33037608806864915,0.630170703489267
Lord_of_wolves -> There was an error requesting the song. Try again later.,neither,0.037743758651438086,0.3168654196546302,0.6453908216939318
lupoHYPE lupoHYPE lupoHYPE lupoHYPE,neither,0.03945320844208391,0.33037608806864915,0.630170703489267
Buhbye,neither,0.03945320844208391,0.33037608806864915,0.630170703489267
Lupo=no chill,neither,0.03815131900509466,0.3524725494750411,0.6093761315198641
@thedoctorprof bye don't let the door hit U on the way out,neither,0.023237641778048018,0.35233009494147594,0.6244322632804762
@Ramblinnn lupoNERD,neither,0.03945320844208391,0.33037608806864915,0.630170703489267
!currentsong,neither,0.03945320844208391,0.33037608806864915,0.630170703489267
@oozypunk na dude if i pull out the thorn every singel shoot hits tbh is kind of meh with the other HC,neither,0.03321137116347673,0.33488051321976975,0.6319081156167536
lupoNERD lupoNERD lupoNERD lupoNERD,neither,0.03945320844208391,0.33037608806864915,0.630170703489267
"Invisiblegrrl -> ""The Glitch Mob - I Need My Memory Back (feat. Aja Volkman)"" by The Glitch Mob is the current song. It was requested by DrLupo",neither,0.036834572102163156,0.37505993590813724,0.5881054919896997
!requestsong hello by lionel richie,neither,0.04055860031825341,0.37253811825423755,0.5869032814275091
Lord_of_wolves -> There was an error requesting the song. Error: You do not have permission to add a song to the queue,neither,0.05004938484055366,0.3228030146937359,0.6271476004657105
meh ._.,neither,0.03945320844208391,0.33037608806864915,0.630170703489267
;-;,neither,0.03945320844208391,0.33037608806864915,0.630170703489267
@Lightsregime hes chill when he touching booty,neither,0.03199564025866244,0.42830558353316844,0.5396987762081691
@dollar_joe that's due to the high range stat on thorn. I don't use hawkmoon often but I can do some testing soon.,neither,0.019640679220901847,0.43497122077596156,0.5453881000031366
tether vs tether,neither,0.03945320844208391,0.33037608806864915,0.630170703489267
sick tether disguise,neither,0.03945320844208391,0.33037608806864915,0.630170703489267
hey lupo i cant read what consol are you on :p,neither,0.09219864354905521,0.3356803383922175,0.5721210180587273
Yeah the range on that damn thing is crazy,offensive_language,0.026849598279147055,0.7566677543938974,0.2164826473269554
xbox one bb,neither,0.03867569708916908,0.3589491967853096,0.6023751061255214
lol bart,neither,0.031120645729857982,0.3912535864736078,0.5776257677965343
<3,neither,0.03945320844208391,0.33037608806864915,0.630170703489267
!console,neither,0.03945320844208391,0.33037608806864915,0.630170703489267
"DrLupo is primarily on Xbox One, but also plays on PS4. The current console is in the title of the stream. You can see that via the !status or !title commands.",neither,0.04614938359311775,0.2650377636910444,0.6888128527158378
!drlupo,neither,0.03945320844208391,0.33037608806864915,0.630170703489267
Itskillwillson -> You've been timed out for posting a link. Ask first. Unless you're spam. [warning],neither,0.037212331828085185,0.34488937712100365,0.6178982910509111
@ic3d_out_bart Grimey's been only playing that since it came out,neither,0.03296499765053118,0.3736420338521218,0.5933929684973469
Full screen?,neither,0.06446887686784988,0.32177205258847996,0.6137590705436702
that title is trash,neither,0.04828208876351821,0.1618896469405836,0.7898282642958981
Charlie going HAM in that jumper,neither,0.006742867948153644,0.06260798526121096,0.9306491467906355
@Cosmicraspberry i saw you guys where playing together. did you get off?,neither,0.06881040713502362,0.38898357352509344,0.5422060193398829
"@Itskillwillson, just need the part after v=",neither,0.03375765088864577,0.3339687795248887,0.6322735695864656
"@TrueRadiantFree, who are you",offensive_language,0.2014196755972135,0.4669036700805705,0.3316766543222161
@Djentleman91 he's a jumpin pro!,neither,0.04427758373257497,0.3287167641816135,0.6270056520858115
hai @Mrsdrlupo! missed you guys haha,neither,0.05071943768102393,0.4553154900166099,0.4939650723023663
Itskillwillson -> You've been timed out for posting a link. Ask first. Unless you're spam.,neither,0.03704179015223767,0.3460791825548294,0.616879027292933
lupoCHOO lupoHYPE lupoCHOO lupoHYPE,neither,0.03945320844208391,0.33037608806864915,0.630170703489267
This is awesome,neither,0.050512911114032236,0.32860941969445295,0.6208776691915148
"@Itskillwillson, just need the part after v=",neither,0.03375765088864577,0.3339687795248887,0.6322735695864656
!sub,neither,0.03945320844208391,0.33037608806864915,0.630170703489267
