text,top_class,hate_speech,offensive_language,neither
!destiny orbittime aztech ttg x1,neither,0.03945320844208391,0.33037608806864915,0.630170703489267
!destiny orbittime JuMpstar AC,neither,0.03945320844208391,0.33037608806864915,0.630170703489267
haha,neither,0.03186685585600258,0.45913629025701075,0.5089968538869867
did something happen?,neither,0.03945320844208391,0.33037608806864915,0.630170703489267
!destiny orbittime Ntchwaidumala,neither,0.03945320844208391,0.33037608806864915,0.630170703489267
"Ntchwaidumala: ntchwaidumala's total Orbit time 186.70 hours (23.94%, total: 779.80 hours)(Disclaimer: this is a beta stat, still testing).",neither,0.0413638930593068,0.34179715723616405,0.6168389497045291
Lul,neither,0.03945320844208391,0.33037608806864915,0.630170703489267
jesus calm the help down with that command,neither,0.027729272135562283,0.3789468659175772,0.5933238619468605
@ntchwaidumala how do you do it with soaces,neither,0.0436462199585293,0.4275480337165749,0.5288057463248957
@Oozypunk no,neither,0.036918905254960256,0.37338982715841207,0.5896912675866277
!destiny orbittime Tee_wreckss,neither,0.03945320844208391,0.33037608806864915,0.630170703489267
Tee_wreckss: can't find 'tee_wreckss' in the destiny database.,neither,0.04288591393764773,0.2188576071938998,0.7382564788684525
Spaces,neither,0.03945320844208391,0.33037608806864915,0.630170703489267
@aztech_ttg put + for spaces in gt,neither,0.03739974728295318,0.347814930382669,0.6147853223343778
!destiny orbittime xzeus+andy x1,neither,0.03945320844208391,0.33037608806864915,0.630170703489267
"@Punckles_, i will slap you.",neither,0.06950572330544912,0.36581618907652924,0.5646780876180216
@Oozypunk ooh kinky,neither,0.03945320844208391,0.33037608806864915,0.630170703489267
!destiny orbittime Shockzz xNitro,neither,0.03945320844208391,0.33037608806864915,0.630170703489267
sebastianXF: can't find 'shockzz' in the destiny database.,neither,0.04288591393764773,0.2188576071938998,0.7382564788684525
!destiny orbittime TeeWreckss,neither,0.03945320844208391,0.33037608806864915,0.630170703489267
!butttouch @Punckles_,neither,0.03945320844208391,0.33037608806864915,0.630170703489267
Oozypunk ( ＾◡＾)っ(‿|‿) @Punckles_,neither,0.03945320844208391,0.33037608806864915,0.630170703489267
;),neither,0.03945320844208391,0.33037608806864915,0.630170703489267
Don't hurt my friend @mediomuertox4,neither,0.02725981688386151,0.42638840123533567,0.5463517818808029
@drlupo I'm here! twitch never alerted me,neither,0.0652216530714744,0.3694159377838732,0.5653624091446523
!destiny orbittime aztech+ttg x1,neither,0.03945320844208391,0.33037608806864915,0.630170703489267
!destiny orbittime culturekingskans ps,neither,0.03945320844208391,0.33037608806864915,0.630170703489267
!destiny orbittime xzeus+andy x1,neither,0.03945320844208391,0.33037608806864915,0.630170703489267
"Punckles_: xzeus andy's total Orbit time 593.57 hours (29.03%, total: 2,044.90 hours)(Disclaimer: this is a beta stat, still testing).",neither,0.04143136742843728,0.3421872335172444,0.6163813990543183
Guys. There's a 20 second cooldown on the command. Don't spam it please.,neither,0.035953702203317936,0.3017135506862275,0.6623327471104545
lupoNERD lupoNERD lupoNERD lupoNERD lupoNERD lupoNERD lupoNERD lupoNERD lupoNERD lupoNERD,neither,0.03945320844208391,0.33037608806864915,0.630170703489267
@ntchwaidumala can you do mine it's aztech+ttg,neither,0.06259908962082071,0.3867456120812176,0.5506552982979617
!destiny orbittime TeeWreckss x1,neither,0.03945320844208391,0.33037608806864915,0.630170703489267
"Tee_wreckss: teewreckss's total Orbit time 145.40 hours (23.13%, total: 628.72 hours)(Disclaimer: this is a beta stat, still testing).",neither,0.0413894044712465,0.34194474676886316,0.6166658487598903
good communication by them,neither,0.05368114814854637,0.3671685723140406,0.579150279537413
!destiny orbittime Shockzz xNitro x1,neither,0.03945320844208391,0.33037608806864915,0.630170703489267
SWEAT HYPE!,neither,0.03945320844208391,0.33037608806864915,0.630170703489267
!destiny orbittime Shockzz xNitro x1,neither,0.03945320844208391,0.33037608806864915,0.630170703489267
!destiny orbittime GinjaTurtIes x1,neither,0.03945320844208391,0.33037608806864915,0.630170703489267
sebastianXF: can't find 'shockzz' in the destiny database.,neither,0.04288591393764773,0.2188576071938998,0.7382564788684525
@Ginjaturtles youre here?,neither,0.1495629695452976,0.2642218578340262,0.5862151726206762
!destiny orbittime aztech+ttg,neither,0.03945320844208391,0.33037608806864915,0.630170703489267
hi dad @Punckles_,neither,0.03945320844208391,0.33037608806864915,0.630170703489267
im chillin,neither,0.038308514611097855,0.37378642965197445,0.5879050557369278
!destiny orbittime YouDock x1,neither,0.03945320844208391,0.33037608806864915,0.630170703489267
Why is my name not in the database?,neither,0.021693082145680873,0.425239984524407,0.5530669333299122
@Sebastianxf because youre doing it wrong,neither,0.047453981742533305,0.3276242552503442,0.6249217630071224
they are really loud but you arent LUPO,neither,0.07631723351867548,0.33707759429023854,0.586605172191086
!destiny orbittime AzTeCh+TTG x1,neither,0.03945320844208391,0.33037608806864915,0.630170703489267
Can u do it plz my Gt is Shockzz xNitro,neither,0.0395968213850821,0.4467946093098161,0.5136085693051018
"Aztech_ttg: aztech ttg's total Orbit time 367.51 hours (19.60%, total: 1,875.15 hours)(Disclaimer: this is a beta stat, still testing).",neither,0.041460337683580345,0.34235443846707525,0.6161852238493445
!title,neither,0.03945320844208391,0.33037608806864915,0.630170703489267
SpaceSeagullTV -> Current Stream Title: [X1] Intro to Sweats! - hosted by FalloutPlays,neither,0.04403384450310474,0.3544594775701886,0.6015066779267066
!destiny orbittime Shockzz+ xNitro,neither,0.03945320844208391,0.33037608806864915,0.630170703489267
sebastianXF: can't find 'shockzz' in the destiny database.,neither,0.04288591393764773,0.2188576071938998,0.7382564788684525
!destiny orbittime Shockzz+xNitro,neither,0.03945320844208391,0.33037608806864915,0.630170703489267
!destiny orbittime Shockzz+xNitro x1,neither,0.03945320844208391,0.33037608806864915,0.630170703489267
"Punckles_: shockzz xnitro's total Orbit time 188.04 hours (23.97%, total: 784.40 hours)(Disclaimer: this is a beta stat, still testing).",neither,0.04142319863589185,0.3421400565899057,0.6164367447742023
@punckles_ thx,neither,0.03945320844208391,0.33037608806864915,0.630170703489267
:),neither,0.03945320844208391,0.33037608806864915,0.630170703489267
!destiny orbittime supercool898 x1,neither,0.03945320844208391,0.33037608806864915,0.630170703489267
"supercool898: supercool898's total Orbit time 240.45 hours (19.47%, total: 1,235.00 hours)(Disclaimer: this is a beta stat, still testing).",neither,0.04136484157301568,0.3418026469068065,0.6168325115201777
30% of my destiny time has been in orbit,neither,0.03138422491478859,0.3974456164667683,0.5711701586184432
Hype,neither,0.03945320844208391,0.33037608806864915,0.630170703489267
lupoCHOO lupoCHOO,neither,0.03945320844208391,0.33037608806864915,0.630170703489267
lupoCHOO lupoCHOO,neither,0.03945320844208391,0.33037608806864915,0.630170703489267
@Ginjaturtles you still on?,offensive_language,0.06634953555288177,0.4936214405923062,0.440029023854812
lupoHYPE lupoHYPE,neither,0.03945320844208391,0.33037608806864915,0.630170703489267
lupoNERD,neither,0.03945320844208391,0.33037608806864915,0.630170703489267
lupoHYPE lupoHYPE,neither,0.03945320844208391,0.33037608806864915,0.630170703489267
U play on the keyboard,neither,0.035882899624914186,0.32765212221030987,0.6364649781647759
@Ntchwaidumala I AM SO SALTY YOU SMASHED BEFORE I DID,neither,0.04797693789975047,0.4527957746672994,0.4992272874329501
@killya99 yes he does :),neither,0.02798275806830677,0.47751627624207343,0.49450096568961976
!mnk,neither,0.03945320844208391,0.33037608806864915,0.630170703489267
Mouse: www.amazon.com/Razer-DeathAdder-3500-Gaming-Mouse/dp/B004MR3QY4 Keyboard: www.amazon.com/CM-Storm-QuickFire-Pro-Mechanical/dp/B007VDOOBU Adapter: www.xim4.com,neither,0.03945320844208391,0.33037608806864915,0.630170703489267
!whymnk,neither,0.03945320844208391,0.33037608806864915,0.630170703489267
"Originally, I looked for an alternate input method that would allow me to rez/move/shoot/jump/etc at the same time. I also get hand cramps after playing for too long with a controller. I've put 2500+ hours over ~9 months into learning to play this way on Destiny. I also own an Elite controller. More info: https://goo.gl/DK62Er",neither,0.03476636163728151,0.3300719419718065,0.635161696390912
@espadanovena I know xD,neither,0.03945320844208391,0.33037608806864915,0.630170703489267
damn. close but gg guys,offensive_language,0.04096123449152509,0.8220831066365422,0.1369556588719327
Are you done with sweats after this?,neither,0.06396665868017705,0.37699859287892235,0.5590347484409005
how long is fallout going?,neither,0.04467625252049564,0.3500356681327947,0.6052880793467097
I have no idea,neither,0.037736922608369756,0.35950593781587864,0.6027571395757516
lol find out,neither,0.028645096265460593,0.2961278595380822,0.6752270441964574
gg,neither,0.03945320844208391,0.33037608806864915,0.630170703489267
yeah im doing superman sherpa run with warlus and another one of my irl friends @Punckles_,neither,0.03325828251023092,0.43189477534852455,0.5348469421412445
Can I get in on this? Lol,neither,0.026113949792093007,0.4296732614386334,0.5442127887692736
!intro,neither,0.03945320844208391,0.33037608806864915,0.630170703489267
"Tonight, DrLupo will be helping FalloutPlays with a little event called INTRO TO SWEATS! If you're looking to get in, head over to twitch.tv/falloutplays (X1) or twitch.tv/drybonez81 (PS4) and check it out! Each series will be a set of 3 games focusing on advanced strategies and cross map silliness.",neither,0.03960034816658999,0.33556209355760513,0.6248375582758048
@Drlupo I literally can't thank you enough.,neither,0.05611380880645362,0.38017568060347795,0.5637105105900684
why wasnt this map waved?,neither,0.03143978336197675,0.34240470781244964,0.6261555088255737
@Punckles_ Probably for the sake of time efficiently to ensure as many people can participate,neither,0.05518601886841625,0.3411259773088919,0.6036880038226918
yeah most likely,neither,0.02365066234320545,0.4401110215091215,0.5362383161476729
@drlupo I asked deiffic whether we were going to camp inside when this came up earlier. Now i see why he said not to haha,neither,0.03004952945228707,0.3042926717048005,0.6656577988429123
I wanna play I wanna play,neither,0.03945320844208391,0.33037608806864915,0.630170703489267
lupoNERD,neither,0.03945320844208391,0.33037608806864915,0.630170703489267
Teach me the nightstalker secrets :),neither,0.037480997638991764,0.24010893993847685,0.7224100624225314
lupoHYPE,neither,0.03945320844208391,0.33037608806864915,0.630170703489267
this map is atrocious tho,neither,0.04303761879622225,0.33811730396469186,0.6188450772390859
!grunt,neither,0.03945320844208391,0.33037608806864915,0.630170703489267
Mmhmmpf Hmpf Hmpf Mhhmmp,neither,0.03945320844208391,0.33037608806864915,0.630170703489267
are u ready @PrinceBrofield,neither,0.08764116983702491,0.25674307849338535,0.6556157516695897
"@MelodyGames, im getting there lol i have had a decent amount to drink and im playing cards against humanity online right now",neither,0.03583795703319887,0.3739734501192973,0.5901885928475038
NICE lol I haven't had anything to drink in awhile. I've had two so far lupoCRY,neither,0.026212100767319113,0.36222529662950326,0.6115626026031775
@Melodygames step it up,neither,0.0342895496313483,0.40187330217052086,0.5638371481981309
lol i dont drink too much lol but i do it big time when i do,neither,0.0163980976591315,0.4761072279462584,0.5074946743946099
there's some patron that I may or may not get into,neither,0.03293861843405379,0.3168636903760623,0.6501976911898839
How do we get it on this lupo I wouldn't mind playing getting some pointers,neither,0.02894908696047769,0.40712882420701585,0.5639220888325065
!intro,neither,0.03945320844208391,0.33037608806864915,0.630170703489267
Patron is so smooth,neither,0.04649595005097154,0.3669365739294912,0.5865674760195371
"Tonight, DrLupo will be helping FalloutPlays with a little event called INTRO TO SWEATS! If you're looking to get in, head over to twitch.tv/falloutplays (X1) or twitch.tv/drybonez81 (PS4) and check it out! Each series will be a set of 3 games focusing on advanced strategies and cross map silliness.",neither,0.03960034816658999,0.33556209355760513,0.6248375582758048
@Kidshady1021 ^^,neither,0.03945320844208391,0.33037608806864915,0.630170703489267
"@MelodyGames, it seriously is gonna get very real",neither,0.03708298942992684,0.47980187045968176,0.4831151401103914
ihave shots lined up when the time comes,neither,0.029179322884864054,0.40528083387360564,0.5655398432415304
oooh whiffed that nova trying to get the sunsinger,neither,0.040458216310657116,0.357253965419951,0.6022878182693918
oh shit lol,offensive_language,0.03531716182813022,0.9646526450090999,3.0193162769772484e-05
these guys are great players with good communication but they dont use their supers enough,neither,0.02536808739691323,0.40897455743247735,0.5656573551706094
you can get 2-3 per game if you use it quick;ly,neither,0.022217577119618696,0.4610665677457863,0.5167158551345951
Trials yay,neither,0.03945320844208391,0.33037608806864915,0.630170703489267
