text,top_class,hate_speech,offensive_language,neither
lupoHYPE lupoHYPE lupoHYPE lupoHYPE lupoHYPE lupoHYPE lupoHYPE lupoHYPE lupoHYPE lupoHYPE lupoHYPE,neither,0.03945320844208391,0.33037608806864915,0.630170703489267
"@bleedsilence hang out, this fella has plenty of carry in him.",neither,0.03650979797164335,0.33994566600393,0.6235445360244268
l0l0l0l,neither,0.03945320844208391,0.33037608806864915,0.630170703489267
LETS GO,neither,0.039984317429425154,0.35542799280679366,0.6045876897637812
this is awesome,neither,0.050512911114032236,0.32860941969445295,0.6208776691915148
lupoHYPE lupoHYPE lupoHYPE lupoHYPE lupoHYPE lupoHYPE,neither,0.03945320844208391,0.33037608806864915,0.630170703489267
he has no clue,neither,0.04449828489273067,0.3358410238902966,0.6196606912169729
Yo this is sick I was gonna go to bed but I need to see this,neither,0.05233121973948864,0.41449518937379093,0.5331735908867204
!secretrun,neither,0.03945320844208391,0.33037608806864915,0.630170703489267
"The SECRET CHOO CHOO occurs when we decide to find an unsuspecting victim on DestinyLFG.net or similar locations on the internet. We find someone who has never been to The Lighthouse, and pick them up without mentioning who we are. We run them 9-0, then drop a little surprise on them afterwards. ;)",neither,0.057538156951992096,0.3015625577402184,0.6408992853077896
@Texasprod dude they're so much fun to watch. You're gonna have a blast with this,neither,0.07112813037107926,0.40741378368209574,0.521458085946825
have fun @Texasprod kicks some dicks in the dirt,neither,0.03286751770823508,0.3348458698895769,0.632286612402188
@wardified i see this hes beast,neither,0.039365439363564625,0.3318657583901634,0.6287688022462719
dis goin be good!,neither,0.039244620807608634,0.3348182574885787,0.6259371217038125
lupoHYPE lupoHYPE lupoHYPE lupoHYPE,neither,0.03945320844208391,0.33037608806864915,0.630170703489267
lupoCHOO lupoCHOO lupoCHOO,neither,0.03945320844208391,0.33037608806864915,0.630170703489267
no sleep tonight with this kind of entertainment going on.,neither,0.02777025395156269,0.37521570674029375,0.5970140393081437
lupoCAW lupoCAW lupoCAW lupoCAW lupoCAW lupoCAW lupoCAW,neither,0.03945320844208391,0.33037608806864915,0.630170703489267
lupoCHOO lupoCHOO lupoCHOO lupoCHOO lupoCHOO lupoCHOO lupoCHOO lupoHYPE lupoHYPE lupoHYPE lupoHYPE lupoHYPE lupoCHOO lupoCHOO lupoCHOO lupoCHOO,neither,0.03945320844208391,0.33037608806864915,0.630170703489267
@drlupo blackout incoming,neither,0.03945320844208391,0.33037608806864915,0.630170703489267
GL Lupo and Tex,neither,0.03763944115734239,0.1918412352459551,0.7705193235967025
i kinda have a feeling this guy has an idea who you are,neither,0.07246777934030574,0.3815519559585698,0.5459802647011244
he got a bit hype that lupo got a 8-1 card. this gun be gewd,neither,0.03877371481862102,0.417814443543632,0.5434118416377469
good luck @Drlupo,neither,0.038607236521895655,0.330667056604554,0.6307257068735503
same @Wardified,neither,0.04148851938089603,0.3488915597363099,0.609619920882794
I would flip if I got an invite from lupo,neither,0.02546372984993518,0.3864534308456479,0.5880828393044168
Lupo going dark.....,neither,0.03734137737624051,0.36621937269590865,0.5964392499278508
secret hype,neither,0.03945320844208391,0.33037608806864915,0.630170703489267
lupoHYPE lupoHYPE lupoHYPE lupoHYPE lupoHYPE lupoHYPE lupoHYPE lupoHYPE lupoHYPE lupoHYPE lupoHYPE lupoHYPE lupoHYPE lupoHYPE lupoHYPE lupoHYPE lupoHYPE,neither,0.03945320844208391,0.33037608806864915,0.630170703489267
hoveyHype hoveyHype hoveyHype hoveyHype hoveyHype,neither,0.03945320844208391,0.33037608806864915,0.630170703489267
secret hyped!!!,neither,0.03945320844208391,0.33037608806864915,0.630170703489267
lupoHYPE lupoHYPE lupoHYPE lupoHYPE lupoHYPE lupoHYPE lupoHYPE lupoHYPE lupoHYPE lupoHYPE lupoHYPE lupoHYPE lupoHYPE lupoHYPE lupoHYPE lupoHYPE lupoHYPE lupoHYPE lupoHYPE lupoHYPE lupoHYPE lupoHYPE lupoHYPE lupoHYPE lupoHYPE lupoHYPE lupoHYPE lupoHYPE,neither,0.03945320844208391,0.33037608806864915,0.630170703489267
lupoHYPE lupoHYPE lupoHYPE lupoHYPE lupoHYPE lupoHYPE lupoHYPE lupoHYPE,neither,0.03945320844208391,0.33037608806864915,0.630170703489267
@Sleipnir_s4 right?,neither,0.03719022913728602,0.3744360956046963,0.5883736752580178
This is pretty funny. I've never seen anyone do this before.,neither,0.023901349542208607,0.3947250796666853,0.5813735707911061
lupoHYPE lupoHYPE lupoHYPE lupoHYPE lupoHYPE lupoHYPE lupoHYPE lupoHYPE lupoHYPE lupoHYPE lupoHYPE lupoHYPE lupoHYPE,neither,0.03945320844208391,0.33037608806864915,0.630170703489267
lupoHYPE lupoHYPE lupoHYPE lupoHYPE lupoHYPE lupoHYPE lupoHYPE lupoHYPE lupoHYPE lupoHYPE lupoHYPE lupoHYPE lupoHYPE lupoHYPE lupoHYPE lupoHYPE,neither,0.03945320844208391,0.33037608806864915,0.630170703489267
<3 secret runs!!! great way to start the morning,neither,0.047721255193954815,0.20709575524722126,0.745182989558824
caw caw :D,neither,0.03945320844208391,0.33037608806864915,0.630170703489267
lupoCAW lupoCAW lupoCAW lupoCAW lupoCAW lupoCAW,neither,0.03945320844208391,0.33037608806864915,0.630170703489267
This dude is oblivious lol,neither,0.038335466193621576,0.40528397505029434,0.556380558756084
@nightfall_17 I would totally ruin it XD,neither,0.037616620235473616,0.32601688170488247,0.6363664980596438
!caw,neither,0.03945320844208391,0.33037608806864915,0.630170703489267
FUCKIN' CAW-CAW CAW-CAW,offensive_language,0.09187974904745387,0.908100988191639,1.9262760907015736e-05
@cosmicraspberry where is it morning right now?,neither,0.05706203410871902,0.17477533561957811,0.768162630271703
lupoCAW lupoCAW lupoCAW lupoCAW lupoCAW lupoCAW lupoCAW lupoCAW lupoCAW lupoCAW lupoHYPE lupoHYPE lupoHYPE lupoHYPE lupoHYPE lupoCAW lupoCAW lupoCAW lupoCAW lupoHYPE lupoHYPE lupoHYPE lupoHYPE lupoCAW lupoCAW lupoCAW lupoCAW lupoHYPE lupoHYPE lupoHYPE lupoCAW lupoCAW lupoCAW lupoHYPE lupoHYPE lupoHYPE,neither,0.03945320844208391,0.33037608806864915,0.630170703489267
@wardified europe,neither,0.03945320844208391,0.33037608806864915,0.630170703489267
lupoHYPE lupoHYPE lupoHYPE lupoHYPE lupoHYPE lupoHYPE lupoHYPE lupoHYPE lupoHYPE lupoHYPE lupoHYPE lupoHYPE lupoHYPE lupoHYPE lupoHYPE lupoHYPE,neither,0.03945320844208391,0.33037608806864915,0.630170703489267
@wardified Slovakia :),neither,0.03945320844208391,0.33037608806864915,0.630170703489267
trololol,neither,0.03945320844208391,0.33037608806864915,0.630170703489267
lupoHYPE lupoHYPE lupoHYPE lupoHYPE lupoHYPE lupoHYPE,neither,0.03945320844208391,0.33037608806864915,0.630170703489267
oh this guy has been flawless,neither,0.04338205548909275,0.29545387820395747,0.6611640663069498
@Sleipnir_s4 lololol,neither,0.03945320844208391,0.33037608806864915,0.630170703489267
@cosmicraspberry dig it.,neither,0.03766131712739339,0.3309924016600271,0.6313462812125794
they would kick me when I went all fanboy,neither,0.02578002616809723,0.46666883608636156,0.5075511377455413
no way this guy is investigating,neither,0.04758948211547645,0.35528625901523553,0.597124258869288
@CosmicRaspberry thought the same thing. perfect timing with breakfast to a secret run hoveyHype,neither,0.038025819956089946,0.2871315602972292,0.6748426197466809
asking about the special ammo change date,neither,0.059197326988437736,0.3243973552047596,0.6164053178068026
!destiny lighthouse cursive-72 ps,neither,0.03945320844208391,0.33037608806864915,0.630170703489267
@wardified where are you at?,neither,0.1484862560772756,0.3109037307782689,0.5406100131444554
DrLupo: cursive-72's total lighthouse count: 2 (Year one: 2).,neither,0.03880000978351173,0.3543954543373861,0.6068045358791021
aww damn it,offensive_language,0.04305042049898268,0.836636831301932,0.1203127481990852
FUUU,neither,0.03945320844208391,0.33037608806864915,0.630170703489267
nooooo,neither,0.03945320844208391,0.33037608806864915,0.630170703489267
rip :(,neither,0.03945320844208391,0.33037608806864915,0.630170703489267
lupoCRY,neither,0.03945320844208391,0.33037608806864915,0.630170703489267
ABORT!!!!! Kappa,neither,0.03945320844208391,0.33037608806864915,0.630170703489267
lupoCRY lupoCRY lupoCRY lupoCRY,neither,0.03945320844208391,0.33037608806864915,0.630170703489267
what did i miss?,neither,0.03686804772469507,0.32860615125000875,0.6345258010252961
wuuuuut,neither,0.03945320844208391,0.33037608806864915,0.630170703489267
nooo,neither,0.03945320844208391,0.33037608806864915,0.630170703489267
rip the dream,neither,0.03851322524629903,0.313160592647043,0.6483261821066579
rip the dream:/,neither,0.03851322524629903,0.313160592647043,0.6483261821066579
how,neither,0.03945320844208391,0.33037608806864915,0.630170703489267
hasnt been flawless in y2,neither,0.039092912233597996,0.33649125502483057,0.6244158327415714
its goin down,neither,0.03247731980669953,0.3327754160539343,0.634747264139366
@greeneryisprimary yay! where are you? what's for breakfast?,neither,0.08093976494915306,0.268015738814407,0.6510444962364399
oh well,neither,0.04771610564469485,0.2533775498576792,0.698906344497626
@Drlupo just leave in the middle jk jk,neither,0.03599879974116142,0.33332947685167086,0.6306717234071678
@Greeneryisprimary hes not a virgin,neither,0.03814865430115754,0.33527646279130296,0.6265748829075395
nah,neither,0.03945320844208391,0.33037608806864915,0.630170703489267
i never abandon,neither,0.030459082922392345,0.4239770323623975,0.5455638847152102
:P,neither,0.03945320844208391,0.33037608806864915,0.630170703489267
mudder,neither,0.03945320844208391,0.33037608806864915,0.630170703489267
Don't quit man this is still sick,neither,0.04609381999442896,0.40035777385065974,0.5535484061549112
@cosmicraspberry U.S.A Idaho.,neither,0.03945320844208391,0.33037608806864915,0.630170703489267
he will still be excited,neither,0.04638020982420845,0.32273084038035377,0.6308889497954379
@wardified nice! never,neither,0.03366451446866657,0.38984997462612275,0.5764855109052106
"yeah man, if he hasn't been yr 2 that's as good as a virgin in my book lol",offensive_language,0.01701866453536076,0.5363721925554872,0.44660914290915205
!madcatz,neither,0.03945320844208391,0.33037608806864915,0.630170703489267
"""Hey, just want to apologize ahead of time. My controller is pretty loud, just got it for Christmas. It's a new Madcatz. Pretty sweet.""",neither,0.033381500034500564,0.3549310216643349,0.6116874783011647
WHHHHAAAATTTTTTTT,neither,0.03945320844208391,0.33037608806864915,0.630170703489267
"@TexasProd, lupoPLS",neither,0.03945320844208391,0.33037608806864915,0.630170703489267
L00000000000000000000000000L,neither,0.03945320844208391,0.33037608806864915,0.630170703489267
@tacoslanger78 born again,neither,0.03720197728598865,0.36858535603272813,0.5942126666812833
L0L0L0L0L0L0L,neither,0.03945320844208391,0.33037608806864915,0.630170703489267
lmfao,neither,0.05470637918084239,0.32512982320825545,0.6201637976109021
@wardified *never been to that part of US,neither,0.07475024712138811,0.39678998132800397,0.5284597715506079
hahahaha,neither,0.03945320844208391,0.33037608806864915,0.630170703489267
fucking madcats,offensive_language,0.16642190182174219,0.8335780959705128,2.207744944905971e-09
lol,neither,0.020706217963973744,0.4882283491876925,0.4910654328483337
he knows who you are i know it,neither,0.11015108107532408,0.4023164973144934,0.4875324216101825
lmao,neither,0.03705015143476208,0.3711622369619404,0.5917876116032975
is it a rock band controller lupo?,neither,0.04455152579971132,0.3286225429429468,0.626825931257342
Oh my god,neither,0.030266422441093326,0.38268872444249025,0.5870448531164164
"@daltonbeedabbin, shh just pretend",neither,0.0336947775755618,0.3578817457407385,0.6084234766836997
He's actually playing on rock band drums,neither,0.041305719226590085,0.33974798642000925,0.6189462943534007
That Madcatz command hahahahaha,neither,0.03486124774340957,0.38047850944979694,0.5846602428067935
@stevegives lmfao (x,neither,0.05470637918084239,0.32512982320825545,0.6201637976109021
"""I'm typing emails""",neither,0.03945320844208391,0.33037608806864915,0.630170703489267
"@Djentleman91 have a poke thru the commands, there are some funny ones.. and a TON of them",neither,0.05393453834606537,0.26815783098411045,0.6779076306698243
!commands,neither,0.03945320844208391,0.33037608806864915,0.630170703489267
nightfall_17 -> The bot commands for this channel are available at https://beta.nightbot.tv/t/drlupo/commands,neither,0.04695462833040224,0.29561718809185006,0.6574281835777477
"@CosmicRaspberry westcoast of sweden. oatmeal porridge with blueberries, honey and milk. egg, cheese sammish with juice n coffee. maybe some yoghurt too haha. how bout you? ;)",neither,0.03108487123893157,0.371176953004164,0.5977381757569045
!buttflex is best command :),neither,0.05398371701739224,0.3116414551347536,0.6343748278478542
"Lupo doesnt jump, he flexes his butt to push the map down.",neither,0.06425226937109554,0.3390346311157657,0.5967130995131388
"@drlupo let's see an Icarus snipe, lol!",neither,0.021900898937598626,0.4004805867018119,0.5776185143605894
@tacoslanger78 Dr. Multitasker,neither,0.03945320844208391,0.33037608806864915,0.630170703489267
"@TexasProd, you almost said ""if you watch the replay""",neither,0.0503240527892969,0.436398378737454,0.513277568473249
lol,neither,0.020706217963973744,0.4882283491876925,0.4910654328483337
lmao,neither,0.03705015143476208,0.3711622369619404,0.5917876116032975
yupp,neither,0.03945320844208391,0.33037608806864915,0.630170703489267
TEX IS THE WEAK LINK,neither,0.04682579785983741,0.31134209058373624,0.6418321115564263
"and i was like ""NO TEX""",neither,0.05554342893845662,0.3128138909929248,0.6316426800686187
he was sooo close,neither,0.04479546041871653,0.33053330469876163,0.6246712348825217
i suck,neither,0.0937059048679776,0.34468627741786073,0.5616078177141616
HEAD IN THE GAME,neither,0.03586915462324728,0.29537287736354134,0.6687579680132113
its 2am,neither,0.03249885153445373,0.3327680103054093,0.6347331381601369
lmao,neither,0.03705015143476208,0.3711622369619404,0.5917876116032975
OMG. This guy,neither,0.03875869269300779,0.34216383287214186,0.6190774744348504
This guy man,neither,0.03883353257878086,0.43541063381009826,0.5257558336111208
I like him already,neither,0.05329747611166808,0.3813297208487276,0.5653728030396042
going on hour 22 of being awake ',neither,0.03311667637554299,0.37849509211331966,0.5883882315111374
lolol,neither,0.03945320844208391,0.33037608806864915,0.630170703489267
will axct like zombie,neither,0.05356400259856786,0.32104820936732226,0.6253877880341098
does he know?,offensive_language,0.026985805960636742,0.49005239979714016,0.48296179424222313
it's a trap!,neither,0.037350499161530534,0.33109930621123246,0.631550194627237
haha,neither,0.03186685585600258,0.45913629025701075,0.5089968538869867
this guys got the jokes,neither,0.036943706865378484,0.36402466495262426,0.5990316281819973
settle down akbar lol,neither,0.030778642153783863,0.3940277485416579,0.5751936093045583
@xxzap09xx i think he might,neither,0.04797785171929554,0.3154677372487849,0.6365544110319196
hopefully not though,neither,0.03803174350373238,0.3357217769063262,0.6262464795899414
that is deep,neither,0.045120231563992065,0.38473469244431074,0.5701450759916972
A win is a win baby,neither,0.0461610857396875,0.32806894147224813,0.6257699727880645
does anyone know any good pc games to play if you are new to mouse and keyboards?,neither,0.04637888690881275,0.35742053567849247,0.5962005774126947
hopefully not haha,neither,0.03372332245335849,0.41071602623124337,0.5555606513153981
@greeneryisprimary oh that sounds so good! I'm probably gonna have ... I have no clue :(,neither,0.03710352080868941,0.416253176116237,0.5466433030750737
"If the Dr. showed up against me in trials... faboi, then lots of crying from the devastation.",neither,0.024865262001033034,0.3696354848763553,0.6054992531226117
what ship is that,neither,0.05002621175458395,0.36633315834446034,0.5836406299009557
@Gyrojack solitaire Kappa,neither,0.03945320844208391,0.33037608806864915,0.630170703489267
UT = longhorns,neither,0.03945320844208391,0.33037608806864915,0.630170703489267
Kappa,neither,0.03945320844208391,0.33037608806864915,0.630170703489267
So anyone else's bracket get fucked by Texas A&M losing?,offensive_language,0.041764676565498024,0.672172880701407,0.28606244273309495
!jfcmsb,neither,0.03945320844208391,0.33037608806864915,0.630170703489267
Jet fuel can't melt steel beams.,neither,0.03960592518855353,0.3277840863221109,0.6326099884893355
???,neither,0.03945320844208391,0.33037608806864915,0.630170703489267
^^,neither,0.03945320844208391,0.33037608806864915,0.630170703489267
@wardified I've played him and Ninja on an 8-0 lol,neither,0.01772901496876964,0.3329048971340116,0.6493660878972187
Aggies did lose,neither,0.03945320844208391,0.33037608806864915,0.630170703489267
"@greeneryisprimary I've only been to Stockholm, once, but would love to see more of Sweden someday",neither,0.02774973525480331,0.3225096384018697,0.649740626343327
@djentleman91 Michigan State wrecked mine,neither,0.06276340911271668,0.2537418511996157,0.6834947396876677
@Baronvonspooky DUDE SAME,neither,0.04079509893465122,0.34259647202266846,0.6166084290426802
!caw,neither,0.03945320844208391,0.33037608806864915,0.630170703489267
FUCKIN' CAW-CAW CAW-CAW,offensive_language,0.09187974904745387,0.908100988191639,1.9262760907015736e-05
@baronvonspooky those were the dudes that Carried me.,neither,0.04688520187708097,0.30841738331427293,0.6446974148086461
lets go ducks!,neither,0.03980413065736791,0.34689360935225816,0.613302259990374
rip,neither,0.03945320844208391,0.33037608806864915,0.630170703489267
lmfaoooo,neither,0.03945320844208391,0.33037608806864915,0.630170703489267
HA. HA HA. HAHAHAHA.,neither,0.03945320844208391,0.33037608806864915,0.630170703489267
,neither,0.03945320844208391,0.33037608806864915,0.630170703489267
,neither,0.03945320844208391,0.33037608806864915,0.630170703489267
,neither,0.03945320844208391,0.33037608806864915,0.630170703489267
GIVE ME THE TRIPLE!!,neither,0.031029287040885898,0.3544648894288554,0.6145058235302587
that needs to be an extra in the next montage,neither,0.040812548378733646,0.3575224672764375,0.6016649843448287
ooh baby a triple,neither,0.03945320844208391,0.33037608806864915,0.630170703489267
@sadimere you in Oregon too?,neither,0.05858986934592036,0.3899912709609431,0.5514188596931366
@CosmicRaspberry just make sure you go between june and august if you dont like darkness and cold ;),neither,0.04265189750357513,0.4552844097326805,0.5020636927637443
