text,top_class,hate_speech,offensive_language,neither
@yungvegan_ nice,neither,0.03945320844208391,0.33037608806864915,0.630170703489267
Choo choo,neither,0.03945320844208391,0.33037608806864915,0.630170703489267
@drlupo what part of NE are you from?,neither,0.09429494423731562,0.3065361598564295,0.5991688959062549
"Follow me @ twitter.com/TheTrialsTrain for stream notifications, updates, and banter about Destiny.",neither,0.03064500239345661,0.38605513054092555,0.583299867065618
the part with people,neither,0.05472380069473238,0.35333851660244975,0.5919376827028179
Kappa,neither,0.03945320844208391,0.33037608806864915,0.630170703489267
@tdhoefer the part with corn,neither,0.028025668021445932,0.35114860370710155,0.6208257282714527
!secretrun,neither,0.03945320844208391,0.33037608806864915,0.630170703489267
:D,neither,0.03945320844208391,0.33037608806864915,0.630170703489267
"The SECRET CHOO CHOO occurs when we decide to find an unsuspecting victim on DestinyLFG.net or similar locations on the internet. We find someone who has never been to The Lighthouse, and pick them up without mentioning who we are. We run them 9-0, then drop a little surprise on them afterwards. ;)",neither,0.057538156951992096,0.3015625577402184,0.6408992853077896
Hope this is a good one,neither,0.10728582071672936,0.22256315754728617,0.6701510217359845
!songrequest qMH0Xglh7GA,neither,0.03945320844208391,0.33037608806864915,0.630170703489267
"Duuzii -> ""The Chainsmokers - Don't Let Me Down (Audio) ft. Daya"" by ChainsmokersVEVO has been added to the queue in position #2",neither,0.03024556091351156,0.3695806269771666,0.6001738121093219
"i dunno, the ""SAVE THAT SHIT"" guy was pretty good",offensive_language,0.04312153064345904,0.9517271797690013,0.005151289587539546
lol yeah,offensive_language,0.011806779804805862,0.5514052530606893,0.43678796713450474
I'm waiting for the day that a lurker gets picked for a secret and then lets Lupo know at the end that he knew the deal the whole time. haha,neither,0.03060499132075804,0.3472066125999137,0.6221883960793284
You're really good at destiny lupo,neither,0.07657658132169279,0.3697273587908784,0.5536960598874288
@drlupo lots of tally about dicks and MySpace. that seemed to go well with Jake.,neither,0.033960310026985865,0.3643875832655085,0.6016521067075056
"@vbslash56, lupoLOVE",neither,0.03945320844208391,0.33037608806864915,0.630170703489267
@Rrod985 it's happened :D,neither,0.03743769619726978,0.3310693151521691,0.6314929886505611
@drlupo good luck lupoLOVE,neither,0.038607236521895655,0.330667056604554,0.6307257068735503
HAHAHA. Of course it has...,neither,0.0384428825377185,0.3241250992974717,0.6374320181648099
nebraska! no wonder you're so good! there's nothing else to do!,neither,0.06722066990660658,0.3745817705911123,0.5581975595022811
my wife is from lincoln nebraska,neither,0.03673383997110315,0.3779653585512484,0.5853008014776485
Kappa,neither,0.03945320844208391,0.33037608806864915,0.630170703489267
lupoLOVE,neither,0.03945320844208391,0.33037608806864915,0.630170703489267
You took me to the lighthouse my first time year 1 @drlupo,offensive_language,0.03151057083562776,0.4852726240577255,0.4832168051066468
hes the best in the world i love drlupo,neither,0.034935079641866616,0.30890628465043135,0.6561586357077019
!secretrun,neither,0.03945320844208391,0.33037608806864915,0.630170703489267
"The SECRET CHOO CHOO occurs when we decide to find an unsuspecting victim on DestinyLFG.net or similar locations on the internet. We find someone who has never been to The Lighthouse, and pick them up without mentioning who we are. We run them 9-0, then drop a little surprise on them afterwards. ;)",neither,0.057538156951992096,0.3015625577402184,0.6408992853077896
my lincoln is from wife nebraska Kappa,neither,0.03711814285126157,0.3711104629035018,0.5917713942452367
"@vbslash56, i remember. :)",neither,0.03945320844208391,0.33037608806864915,0.630170703489267
"@Rrod985 right at the end the guy said something like ""I'll see you in stream""",neither,0.05406272369354296,0.37871995995885566,0.5672173163476014
@Sliq111 LMAO,neither,0.03705015143476208,0.3711622369619404,0.5917876116032975
@Huskeezee That's fucking awesome.,offensive_language,0.09782691102269574,0.9020200230885181,0.00015306588878610168
:D,neither,0.03945320844208391,0.33037608806864915,0.630170703489267
Make sure he has boons. I always get such anxiety that they won't buy them,neither,0.04347018338863699,0.4593255587005649,0.49720425791079803
:D:D:D,neither,0.03945320844208391,0.33037608806864915,0.630170703489267
"@huskeezee since he was trolling, i was surprised he wasn't more talkative.",neither,0.04755536914149715,0.32442810079642026,0.6280165300620826
This sounds like it could be good,neither,0.048421384265089275,0.3533153411236307,0.5982632746112798
"Then there was the kids who was like ""DrLupo, I know that name from somewhere...""",neither,0.04374861699146782,0.36046904415711506,0.5957823388514171
@Duuzii hahaha,neither,0.03945320844208391,0.33037608806864915,0.630170703489267
haha,neither,0.03186685585600258,0.45913629025701075,0.5089968538869867
!butttouch @drlupo,neither,0.03945320844208391,0.33037608806864915,0.630170703489267
Ministrofjustiz ( ＾◡＾)っ(‿|‿) @drlupo,neither,0.03945320844208391,0.33037608806864915,0.630170703489267
@petrucci_rocks triplePLS,neither,0.03945320844208391,0.33037608806864915,0.630170703489267
Best clan tag of all time,neither,0.039018931997243475,0.3949540173154996,0.5660270506872569
explain the joke,neither,0.03852015993799613,0.3132910024243923,0.6481888376376115
star wars,neither,0.03945320844208391,0.33037608806864915,0.630170703489267
rofl sliq,neither,0.03945320844208391,0.33037608806864915,0.630170703489267
im a nerd but not the right kind,neither,0.03386710551476971,0.36874432013742126,0.597388574347809
"Or maybe tied with ""Registered Vex Offenders""",neither,0.029179126018325095,0.3660118245746736,0.6048090494070013
is there a raffle going on lupo?,neither,0.044109787875268765,0.3253843035253776,0.6305059085993535
!songrequest 9NwZdxiLvGo,neither,0.03945320844208391,0.33037608806864915,0.630170703489267
"Duuzii -> ""Skrillex & Diplo - To Ü ft AlunaGeorge (Official Video)"" by Jack Ü has been added to the queue in position #2",neither,0.04930634726006467,0.2935756349017305,0.6571180178382048
"I have also seen ""My Salty Cabals""",neither,0.02896311435048928,0.41566120764686526,0.5553756780026455
!secretrun right now @makoeleven,neither,0.03777428706684447,0.3630927428809419,0.5991329700522136
"The SECRET CHOO CHOO occurs when we decide to find an unsuspecting victim on DestinyLFG.net or similar locations on the internet. We find someone who has never been to The Lighthouse, and pick them up without mentioning who we are. We run them 9-0, then drop a little surprise on them afterwards. ;)",neither,0.057538156951992096,0.3015625577402184,0.6408992853077896
"@Rrod985, I see that one too much though",neither,0.031109520856903248,0.4078488787766849,0.5610416003664119
my last clan tag was Blatant DisreGUARDIANS,neither,0.03006943924110478,0.40285768592258697,0.5670728748363082
!secret,neither,0.03945320844208391,0.33037608806864915,0.630170703489267
@beatsbywho yo beats. How are you guys doing?,neither,0.08442156326137852,0.3979866026427826,0.5175918340958389
is anyone else mad that the next ib is cycling to handcannon instead of nerwins?,neither,0.0529082471026583,0.34999605231555,0.5970957005817917
best nickname ive ever seen in Pokemon was for Sudowoodo. The nickname was Fauxliage,neither,0.0358911976020633,0.3086159821955275,0.6554928202024093
Lol...I saw that in a comic where darth sidous was saying it to obi wan,neither,0.031007538382616474,0.3735908981793988,0.5954015634379848
!secretrun,neither,0.03945320844208391,0.33037608806864915,0.630170703489267
"The SECRET CHOO CHOO occurs when we decide to find an unsuspecting victim on DestinyLFG.net or similar locations on the internet. We find someone who has never been to The Lighthouse, and pick them up without mentioning who we are. We run them 9-0, then drop a little surprise on them afterwards. ;)",neither,0.057538156951992096,0.3015625577402184,0.6408992853077896
@petrucci_rocks good,neither,0.037820165765928906,0.33093776632913474,0.6312420679049364
i remember the day i went against lupo in trials patheon,neither,0.040363094441136074,0.27899032475119023,0.6806465808076738
@Ace0n3r I'm hoping for a hand cannon buff in the update,neither,0.035332714070979494,0.30309751331903456,0.661569772609986
"@mrsdrlupo you still getting over that cough? i have been told tea with honey helps. i hate tea, but i can be hypocritical about home remedies.",neither,0.07520660189347711,0.4108139131490185,0.5139794849575043
You technically have to go 7-1 to go flawless,neither,0.06566900023189315,0.3701970724938866,0.5641339272742202
"I'm about to start a clan for when Destiny 2 comes out called ""Suck my Skolass""",neither,0.03320315120850772,0.4158713198750275,0.5509255289164647
Best strat....... Don't die,neither,0.2664125702524148,0.08754676722478544,0.6460406625227998
@beatsbywho will you let me know when you are almost done. I will be in and out of jwill and lupo.,neither,0.04592994466175279,0.3732465473903252,0.5808235079479219
and touch butts often,neither,0.038777851587148075,0.29673328331660376,0.6644888650962483
my chat dropped,neither,0.028211569113374944,0.4179398739191814,0.5538485569674436
@jknaggs09 yeah changing the bloom would be nice,neither,0.025047544078885948,0.40943929091135656,0.5655131650097576
@petrucci_rocks ok triplePLS,neither,0.03935517884257045,0.3320399062092607,0.6286049149481688
"@Ministrofjustiz just a lil cough left. I naturally have a chronic cough, I've had it for almost 10 years and no one can figure out why",neither,0.021649905304165957,0.33487452148198565,0.6434755732138485
Don't forget to mention your MADCATZ controller you got for Christmas!,neither,0.07204533306735389,0.3580271012243982,0.5699275657082479
"Lmao @drlupo I came in and the first thing I hear is ""tip of their weiners""",neither,0.03790573052137871,0.30753527776443296,0.6545589917141883
!status,neither,0.03945320844208391,0.33037608806864915,0.630170703489267
calaway049 -> Current Stream Title: [PS4] THE SECRET TRAIN WITH HOLLYWOOD,neither,0.03312431564293535,0.3411823537787949,0.6256933305782697
"@Petrucci_rocks, that sounds hot",neither,0.03488502019126185,0.3802140341321833,0.5849009456765548
The pooper. He said the pooper,neither,0.045212511390037534,0.28385153796784923,0.6709359506421132
!virgin !ps4,neither,0.03945320844208391,0.33037608806864915,0.630170703489267
a 10 year cough sounds like untreated asthma... or a tic.,neither,0.04547528389618507,0.3394404816770743,0.6150842344267405
@Drlupo why is your controller so loud?,neither,0.05912143046703947,0.3732179985381312,0.5676605709948294
lupoLOVE,neither,0.03945320844208391,0.33037608806864915,0.630170703489267
@jwill_552 it was j,neither,0.03593062006447523,0.3363165027571517,0.627752877178373
!raffle,neither,0.03945320844208391,0.33037608806864915,0.630170703489267
"Selection is RANDOM, whether !virgin or an open roll. You just need to be active in chat. No need to follow, donate, etc. Selection follows these rules: 1. One run per person, per weekend. 2. If you do NOT get to 9-0, you are able to be selected again on any days remaining that weekend. 3. If you went 9-0 one of the previous two weekends, you are not eligible for the current weekend.",neither,0.062038990868463796,0.42025124673096437,0.5177097624005718
"@mrsdrlupo trying to imitate your husband's radio voice is tough on the vocal cords, my guess. lupoLOVE",neither,0.05178215143166315,0.3666238909977692,0.5815939575705675
!madcatz,neither,0.03945320844208391,0.33037608806864915,0.630170703489267
"""Hey, just want to apologize ahead of time. My controller is pretty loud, just got it for Christmas. It's a new Madcatz. Pretty sweet.""",neither,0.033381500034500564,0.3549310216643349,0.6116874783011647
wait,neither,0.03945320844208391,0.33037608806864915,0.630170703489267
Lupo is his last name?,neither,0.0924147179717502,0.32563521096743564,0.5819500710608141
"@Ministrofjustiz, tea, honey, lemon, and whiskey. its called a hot toddy. @MrsDrLupo basically adult cough medicine. doesnt taste bad either.",neither,0.03533273458859583,0.3151552912816011,0.6495119741298031
WHAAAAT,neither,0.03945320844208391,0.33037608806864915,0.630170703489267
"@Ministrofjustiz truth, all day I stand in front of the mirror and practice my callouts :P",neither,0.03240681443161568,0.3793398952949732,0.5882532902734111
Kappa,neither,0.03945320844208391,0.33037608806864915,0.630170703489267
"Yo, anyone who remembers MadCatz is OG",neither,0.04646208719742507,0.4355660335061696,0.5179718792964052
haha,neither,0.03186685585600258,0.45913629025701075,0.5089968538869867
PLOT TWIST,neither,0.03945320844208391,0.33037608806864915,0.630170703489267
@Oozypunk my cough never goes away,neither,0.028339621535172204,0.4149813012325851,0.5566790772322426
"At least, the glory days of MadCatz",neither,0.03800961560937801,0.336751066146486,0.6252393182441359
mmm hot toddy,neither,0.03945320844208391,0.33037608806864915,0.630170703489267
MadCatz is OG?,neither,0.050607197438268026,0.3265397197799755,0.6228530827817566
haha,neither,0.03186685585600258,0.45913629025701075,0.5089968538869867
YES,neither,0.03945320844208391,0.33037608806864915,0.630170703489267
"@MrsDrLupo, sounds like an excuse to drink. also HI!.",neither,0.0528443625286005,0.33458676698685097,0.6125688704845487
XD,neither,0.03945320844208391,0.33037608806864915,0.630170703489267
LOOOOL,neither,0.03945320844208391,0.33037608806864915,0.630170703489267
THE RETURN OF THE MADCATZ,neither,0.037581863691038844,0.2949932434643458,0.6674248928446155
!secret,neither,0.03945320844208391,0.33037608806864915,0.630170703489267
rofl,neither,0.03945320844208391,0.33037608806864915,0.630170703489267
@Oozypunk hi! lupoLOVE,neither,0.03945320844208391,0.33037608806864915,0.630170703489267
LMFAO,neither,0.05470637918084239,0.32512982320825545,0.6201637976109021
hahaha,neither,0.03945320844208391,0.33037608806864915,0.630170703489267
hahaha,neither,0.03945320844208391,0.33037608806864915,0.630170703489267
"And when you see a Ram, It's a Goat-Helmet thingy",neither,0.040169000310473185,0.36426791122737445,0.5955630884621524
loud madcatz buttons... lol wow,neither,0.03297341302768549,0.3766314371663447,0.5903951498059699
Lol the madcatz joke never gets old,neither,0.028772350105341283,0.39950126478074544,0.5717263851139132
Risk he giving this kid a line of crap about a controller?,neither,0.04123227114182898,0.3493384710802946,0.6094292577778764
brb making a gif,neither,0.040077554410020394,0.31977930757963213,0.6401431380103474
!songrequest QsruWIVW0ZE,neither,0.03945320844208391,0.33037608806864915,0.630170703489267
Duuzii -> There was an error requesting the song. Error: There is a limit of 2 songs per user,neither,0.04200968233274053,0.29203994422219137,0.6659503734450681
they gave up saw lupo's name,neither,0.036881189921113375,0.38232626578663914,0.5807925442922474
"""These guys are too good, time to jump off the map.""",neither,0.06793158527272888,0.3457713318513218,0.5862970828759493
Ugh,neither,0.03945320844208391,0.33037608806864915,0.630170703489267
"Nightbot, Let me hit my full potential as DJ Duuzii",neither,0.025901892162443183,0.45045044981454874,0.5236476580230082
Pls,neither,0.03945320844208391,0.33037608806864915,0.630170703489267
Heehee,neither,0.03945320844208391,0.33037608806864915,0.630170703489267
ok goodnight ;) Cya,neither,0.039393799189989705,0.3313844181224807,0.6292217826875296
!secretrun,neither,0.03945320844208391,0.33037608806864915,0.630170703489267
"The SECRET CHOO CHOO occurs when we decide to find an unsuspecting victim on DestinyLFG.net or similar locations on the internet. We find someone who has never been to The Lighthouse, and pick them up without mentioning who we are. We run them 9-0, then drop a little surprise on them afterwards. ;)",neither,0.057538156951992096,0.3015625577402184,0.6408992853077896
is melodygames around?,neither,0.056310157052417535,0.3245782104560201,0.6191116324915623
Lol this dude is stoked. he's gonna be awesome at the end,neither,0.04077017300488102,0.3996949922204961,0.559534834774623
@Oozypunk she ded,offensive_language,0.04464246123220158,0.6296812740735797,0.32567626469421873
i stole like 7 kills,neither,0.05059295659125601,0.3465055691239958,0.6029014742847482
"@IC3D_OUT_BART, lupoCRY",neither,0.03945320844208391,0.33037608806864915,0.630170703489267
"@xVokey, HI GABE",neither,0.03945320844208391,0.33037608806864915,0.630170703489267
Hmm. Nightbot is being weird with playlist again..,neither,0.0321860542669219,0.39331983737062454,0.5744941083624536
lupoPLS,neither,0.03945320844208391,0.33037608806864915,0.630170703489267
hi ben,neither,0.03945320844208391,0.33037608806864915,0.630170703489267
six soft,neither,0.03945320844208391,0.33037608806864915,0.630170703489267
@Xvokey hi! lupoLOVE,neither,0.03945320844208391,0.33037608806864915,0.630170703489267
CAW CAW,neither,0.03945320844208391,0.33037608806864915,0.630170703489267
!caw,neither,0.03945320844208391,0.33037608806864915,0.630170703489267
FUCKIN' CAW-CAW CAW-CAW,offensive_language,0.09187974904745387,0.908100988191639,1.9262760907015736e-05
"lol, bird noises",neither,0.00018251271344368712,0.017502015320159554,0.9823154719663968
hi sam,neither,0.03945320844208391,0.33037608806864915,0.630170703489267
lupoCAW lupoCAW lupoCAW,neither,0.03945320844208391,0.33037608806864915,0.630170703489267
YO PUT CHARLIE ON,neither,0.0020680134076188363,0.015854757707340735,0.9820772288850405
!songrequest Th37At0hKow,neither,0.03945320844208391,0.33037608806864915,0.630170703489267
"Ministrofjustiz -> ""Macklemore & Ryan Lewis - Dance Off (feat. Idriss Elba) -- This Unruly Mess I've Made"" by BestMusique has been added to the queue in position #3",neither,0.03078920190871792,0.33156205789713883,0.6376487401941432
that kid is so damn cute,offensive_language,0.05097654122841845,0.8265499307736232,0.12247352799795833
they had no kills and no revives. i wish i went up against players like that,neither,0.04066770311034328,0.37269320584171306,0.5866390910479435
@Xvokey he's SLEEEEEEEPING,neither,0.057568607992634975,0.3241453714706532,0.6182860205367118
@Drlupo are you gunna go to twitchcon,neither,0.1285891539312791,0.3229575091567576,0.5484533369119633
12 hard,offensive_language,0.02988703237313602,0.5752112237684204,0.3949017438584436
"I hope one day, the ultimate streamer troll decides to start an alt account and gets picked for a secret train, when they are trying to do a secret train themselves. Kappa",neither,0.05607645644585399,0.269570414043932,0.674353129510214
BEN IS IT ABOUT BONERS,neither,0.04491179141299023,0.3580230439057941,0.5970651646812156
CUZ IT SEEMS LIKE ITS ABOUT BONERS,neither,0.03971941985734589,0.3745310644209877,0.5857495157216663
!songrequest v=RYr96YYEaZY,neither,0.03945320844208391,0.33037608806864915,0.630170703489267
imformat -> There was an error requesting the song. Error: You do not have permission to add a song to the queue,neither,0.05004938484055366,0.3228030146937359,0.6271476004657105
@xvokey you have a dirty mind.,neither,0.0593320907075091,0.39930443430593787,0.541363474986553
hi mrsdrlupo hows ur day been,neither,0.059012238711757106,0.3163833360971559,0.624604425191087
"unless it bends to the left, then it's more like 5:50",neither,0.05165969945178744,0.31929451421370736,0.6290457863345051
"@Rrod985, Where all streamers know what they're upto but think the other doesn't so they run a 3 man stomp card thinking it's all secret.",neither,0.05103447389178297,0.4160829859846647,0.5328825401235524
leasing him down the dick joke trail. bravo lol,offensive_language,0.04895173372620888,0.7227735544202843,0.22827471185350678
@Imxovoz pretty good! :D,neither,0.03844611870661283,0.33072247240938424,0.6308314088840029
are these the same guys?,neither,0.09527367618125898,0.34955237512064585,0.5551739486980951
*leading,neither,0.03945320844208391,0.33037608806864915,0.630170703489267
@Duuzii Exactly. HAHAHA,neither,0.03945320844208391,0.33037608806864915,0.630170703489267
CAW CAW mother fucker,neither,0.03945320844208391,0.33037608806864915,0.630170703489267
