text,top_class,hate_speech,offensive_language,neither
@michaelwms yea but I got those mad nuts in bruh,neither,0.05403041454854412,0.3198517697086376,0.6261178157428182
that looks insane!!! with that keyboard!! how long did it take you to get used to to it? @drlupo,neither,0.044628260088493805,0.41286576234121486,0.5425059775702914
He mainly does lighthouse virgin runs @ganeshakillz,neither,0.03236979464205527,0.4210608506354375,0.5465693547225071
haha,neither,0.03186685585600258,0.45913629025701075,0.5089968538869867
try hard,offensive_language,0.029556050647387904,0.5894681393837411,0.38097580996887104
gotcha @Owduanm xyz coordinates always seemed intriguing.,neither,0.037959199426868366,0.3769653831117074,0.5850754174614242
@ganeshakillz !rng,neither,0.03945320844208391,0.33037608806864915,0.630170703489267
use controller bro,neither,0.014897039792453695,0.4160237568179583,0.5690792033895882
!rng,neither,0.03945320844208391,0.33037608806864915,0.630170703489267
used them for waterjet cut application at old job,neither,0.043390055161946404,0.3199928244355153,0.6366171204025384
"Selection is RANDOM, whether !virgin or an open roll. You just need to be active in chat. No need to follow, donate, etc. Selection follows these rules: 1. One run per person, per weekend. 2. If you do NOT get to 9-0, you are able to be selected again on any days remaining that weekend. 3. If you went 9-0 one of the previous two weekends, you are not eligible for the current weekend.",neither,0.062038990868463796,0.42025124673096437,0.5177097624005718
"@Jesseb2140, sorry for beating you",neither,0.0486665865182775,0.34077458523843207,0.6105588282432904
"""straight to hell"" @drlupo fired up the other night. my fav quote so far",offensive_language,0.031445861690503646,0.6478012164920782,0.32075292181741816
K,neither,0.03945320844208391,0.33037608806864915,0.630170703489267
@Drlupo what about magwell depth?,neither,0.043494044003347686,0.3547606969042386,0.6017452590924136
"not nearly as in depth, but still used",neither,0.03441777486306721,0.37412133387473767,0.5914608912621951
we were coin farming lol,neither,0.029134532292398544,0.38119862108660313,0.5896668466209983
k,neither,0.03945320844208391,0.33037608806864915,0.630170703489267
More of a try medium.,neither,0.04217412841607017,0.3162925401097607,0.641533331474169
@xizindar been there. I spent a lot of time on that class but eventually stuff clicked. I'm stuggling with advanced statistics right now.,neither,0.02929239901349552,0.3765271857449598,0.5941804152415447
!mnk @ciree_,neither,0.03945320844208391,0.33037608806864915,0.630170703489267
Mouse: www.amazon.com/Razer-DeathAdder-3500-Gaming-Mouse/dp/B004MR3QY4 Keyboard: www.amazon.com/CM-Storm-QuickFire-Pro-Mechanical/dp/B007VDOOBU Adapter: www.xim4.com,neither,0.03945320844208391,0.33037608806864915,0.630170703489267
Statistics are not intuitive for me at all,neither,0.045227258039047556,0.3809226676523545,0.5738500743085979
never going to be cutting at a specific angle of approach to create works of art along a curve xD,neither,0.042257219631882476,0.36672719446760127,0.5910155859005162
huh,neither,0.03945320844208391,0.33037608806864915,0.630170703489267
coin farming hahaha,neither,0.03945320844208391,0.33037608806864915,0.630170703489267
@Jesseb2140 poor baby,neither,0.03945320844208391,0.33037608806864915,0.630170703489267
You've had way better insults tbh,neither,0.029576521393666736,0.3466799453155673,0.6237435332907659
lmao sure,offensive_language,0.030935619564146935,0.5237400553725221,0.44532432506333086
@jesseb2140 sure you were lol thank you for stopping by and supporting lupoLOVE lupoLOVE,offensive_language,0.044471086485287706,0.4816184149828927,0.4739104985318196
I've never been flawless,neither,0.017435887794369744,0.35384696198487436,0.6287171502207559
@Jesseb2140 keep it up. Doing GREAT JOB,neither,0.03405067612037425,0.3520576665234338,0.613891657356192
@drlupo is hawkmoon usable in the current meta?,neither,0.048763609860547556,0.30703633332195424,0.6442000568174983
@jesseb2140 sure lol,offensive_language,0.022966525641648673,0.5766010542947296,0.4004324200636217
get that #aimbot ready,neither,0.03334161407071751,0.4018459785076211,0.5648124074216614
been called worse by better is my fav anti shittalk,neither,0.042614808536550364,0.3298088596163051,0.6275763318471446
Booyakasha!,neither,0.03945320844208391,0.33037608806864915,0.630170703489267
!dual ramblinnn,neither,0.03945320844208391,0.33037608806864915,0.630170703489267
Watch both streams here! kadgar.net/live/DrLupo/ramblinnn,neither,0.0804930841176605,0.3011738405800008,0.6183330753023386
@jesseb2140 good luck,neither,0.038607236521895655,0.330667056604554,0.6307257068735503
@Shadow4395 hawkmoon is life,neither,0.048506342376991814,0.43048582340049435,0.5210078342225138
lupoPLS rambPLS lupoPLS rambPLS lupoPLS rambPLS,neither,0.03945320844208391,0.33037608806864915,0.630170703489267
@drlupo try hard is a little harsh... I like the term enthusiastic player,offensive_language,0.04021447448270326,0.5209996569652803,0.4387858685520164
lupoSAVAGE,neither,0.03945320844208391,0.33037608806864915,0.630170703489267
Huehuehuehuehue.,neither,0.03945320844208391,0.33037608806864915,0.630170703489267
rekt,neither,0.03945320844208391,0.33037608806864915,0.630170703489267
bahahahaa,neither,0.03945320844208391,0.33037608806864915,0.630170703489267
The trashtalk is fantastic today.,neither,0.045620554985734335,0.2900511778938627,0.664328267120403
lmfaooo,neither,0.03945320844208391,0.33037608806864915,0.630170703489267
SAVAGE BOI,neither,0.03945320844208391,0.33037608806864915,0.630170703489267
@ninja_with_no_l how far in math are you planning on going?,neither,0.0675604964250615,0.35892395109895936,0.5735155524759792
so many shots fired,neither,0.03941346007747673,0.3705335290745838,0.5900530108479395
lol this duel stream is crazy,neither,0.031096853203201175,0.44426160694045214,0.5246415398563468
lol jk,neither,0.02922498096606139,0.40693906456687845,0.5638359544670603
"i will need up to calc 3, then lin alg but nothing further i believe",neither,0.03885925114785679,0.36955584969462246,0.5915848991575208
"not sure, havent looked at my sheet yet",neither,0.02804374655244938,0.48210744836871255,0.4898488050788381
lupoHYPE lupoHYPE THANKS FOR THE SUB lupoHYPE lupoHYPE,neither,0.031417131681781243,0.27457466652234797,0.6940082017958709
lupoHYPE lupoHYPE THANKS FOR THE SUB lupoHYPE lupoHYPE,neither,0.031417131681781243,0.27457466652234797,0.6940082017958709
HYPE,neither,0.03945320844208391,0.33037608806864915,0.630170703489267
DANG LUPO BACK AT IT AGAIN WITH THOSE COMEBACKS,neither,0.04324097932139756,0.34804804106736276,0.6087109796112398
lupoHYPE lupoCAW WELCOME TO THE NEST lupoCAW lupoHYPElupoHYPE lupoCAW WELCOME TO THE NEST lupoCAW lupoHYPE,neither,0.0451599653285583,0.3108404213486702,0.6439996133227716
RESUB HYPE lupoHYPE lupoHYPE lupoHYPE lupoHYPE lupoHYPE lupoHYPE lupoHYPE lupoHYPE,neither,0.03945320844208391,0.33037608806864915,0.630170703489267
shit,offensive_language,0.041595751201534026,0.9584042484281707,3.702953810110442e-10
rambHYPE lupoHYPE rambHYPE lupoHYPE rambHYPE lupoHYPE rambHYPE lupoHYPE rambHYPE lupoHYPE rambHYPE lupoHYPE rambHYPE lupoHYPE rambHYPE rambHYPE lupoHYPE rambHYPE lupoHYPE rambHYPE lupoHYPE rambHYPE lupoHYPE,neither,0.03945320844208391,0.33037608806864915,0.630170703489267
lupoHYPE lupoHYPE lupoHYPE. Sub hype 2x lupoHYPE lupoHYPE lupoHYPE,neither,0.03945320844208391,0.33037608806864915,0.630170703489267
lupoHYPE lupoHYPE lupoHYPE lupoHYPE lupoHYPE,neither,0.03945320844208391,0.33037608806864915,0.630170703489267
Try Hard is a very good phrase.,offensive_language,0.03693311405449639,0.5022446008882029,0.4608222850573008
lupoHYPE lupoHYPE lupoHYPE lupoHYPE lupoHYPE lupoHYPE lupoHYPE,neither,0.03945320844208391,0.33037608806864915,0.630170703489267
im hard,offensive_language,0.029562611618227777,0.6232201950310695,0.3472171933507027
the fact is,neither,0.051249953247707446,0.30185044241901926,0.6468996043332733
"The funny thing is when you ""try too hard"" you end up underperforming",offensive_language,0.04853829496645601,0.6212009342005147,0.33026077083302935
!requestsong QDNswWBG0PM,neither,0.03945320844208391,0.33037608806864915,0.630170703489267
"Itskillwillson -> ""Fabolous - Breathe (Instrumental)"" by Instru-MENTAL has been added to the queue in position #3",neither,0.0431450486484401,0.3422938903966874,0.6145610609548726
!songlist,neither,0.03945320844208391,0.33037608806864915,0.630170703489267
Whistler_2 -> The song list for this channel is available at https://beta.nightbot.tv/t/drlupo/song_requests,neither,0.03898681529178365,0.3218264161773269,0.6391867685308895
ie you focus too much on hitting the baseball as it is thrown at you... you'll end up missing 9/10 times,neither,0.05858978216366656,0.4488365941620204,0.4925736236743132
@jesseb2140 IS ABOUT TO DROP SOME KNOWLEDGE YALL,neither,0.04935111564225308,0.3753056700656199,0.575343214292127
lmfao nightfall,neither,0.05470637918084239,0.32512982320825545,0.6201637976109021
Everyone knows that one guy that takes a friendly pickup game of basketball too seriously is an ass,offensive_language,0.07615932327062418,0.812361713171851,0.11147896355752472
SO MUCH KNOWLEDGE INCOMING,neither,0.035182948840000276,0.3819303814392523,0.5828866697207475
@jesseb2140 rekt,neither,0.03945320844208391,0.33037608806864915,0.630170703489267
Ah dropped him with the enjoy your day twice now,neither,0.0481274469670021,0.3311424336719949,0.6207301193610029
potato hype lupoHYPE rambHYPE,neither,0.03945320844208391,0.33037608806864915,0.630170703489267
O boi we got sum facts nao,neither,0.038242481878076356,0.371298494079574,0.5904590240423496
LUPOS GETTING LIT MAN,neither,0.03506432672591935,0.4704586521975033,0.4944770210765772
@jesseb2140 !rekt,neither,0.03945320844208391,0.33037608806864915,0.630170703489267
"so to play at the level we play at, not necessarily trying too hard...",offensive_language,0.03518753083845024,0.49541346908971906,0.4693990000718307
lol,neither,0.020706217963973744,0.4882283491876925,0.4910654328483337
!butttouch @Drlupo,neither,0.03945320844208391,0.33037608806864915,0.630170703489267
Draec ( ＾◡＾)っ(‿|‿) @Drlupo,neither,0.03945320844208391,0.33037608806864915,0.630170703489267
I can not handle duel stream,neither,0.03868750027763978,0.33056727827103805,0.6307452214513222
lupoHYPE lupoHYPE THANKS FOR THE SUB lupoHYPE lupoHYPE,neither,0.031417131681781243,0.27457466652234797,0.6940082017958709
!rekt,neither,0.03945320844208391,0.33037608806864915,0.630170703489267
[ ] Not Rekt [x] Rekt,neither,0.03554889144452836,0.3454295093440936,0.619021599211378
lupoHYPE lupoHYPE THANKS FOR THE SUB lupoHYPE lupoHYPE,neither,0.031417131681781243,0.27457466652234797,0.6940082017958709
lupoHYPE lupoCAW WELCOME TO THE NEST lupoCAW lupoHYPE lupoHYPE lupoCAW WELCOME TO THE NEST lupoCAW lupoHYPE,neither,0.0451599653285583,0.3108404213486702,0.6439996133227716
Patato op secret exotic,neither,0.03945320844208391,0.33037608806864915,0.630170703489267
RESUB HYPE lupoHYPE lupoHYPE lupoHYPE lupoHYPE lupoHYPE lupoHYPE lupoHYPE lupoHYPE lupoHYPE lupoHYPE lupoHYPE lupoHYPE,neither,0.03945320844208391,0.33037608806864915,0.630170703489267
lupoHYPE lupoHYPE lupoHYPE lupoHYPE lupoHYPE,neither,0.03945320844208391,0.33037608806864915,0.630170703489267
"""It doesn't matter if I was using a keyboard or a potato. You got slapped"" - The Headshot Doctor",neither,0.03247760720918462,0.4326998647962741,0.5348225279945413
dancing Titan says suuuup,neither,0.03945320844208391,0.33037608806864915,0.630170703489267
lupoHYPE lupoHYPE lupoHYPE lupoHYPE lupoHYPE lupoHYPE lupoHYPE lupoHYPE lupoHYPE,neither,0.03945320844208391,0.33037608806864915,0.630170703489267
wait let me guess..... Lupo wrecked someones face and they came into the chat and pointed out that he is a cheater??? Did I miss anything else?,neither,0.02879054779694671,0.3442019698754459,0.6270074823276074
lupoHYPE lupoHYPE lupoHYPE lupoHYPE lupoHYPE lupoHYPE lupoHYPE lupoHYPE lupoHYPE lupoHYPE lupoCAW lupoCAW lupoCAW lupoHYPE lupoCAW lupoHYPE lupoCAW lupoHYPE,neither,0.03945320844208391,0.33037608806864915,0.630170703489267
"@Petrucci_rocks, how did you know?",neither,0.06632609122816224,0.403406816197315,0.5302670925745228
!oprah,neither,0.03945320844208391,0.33037608806864915,0.630170703489267
"You get a headshot, and you get a headshot! Everybody gets HEADSHOTS!!!!",neither,0.07448466817778653,0.3983420193748937,0.5271733124473198
@petrucci_rocks and called him a try hard,offensive_language,0.029966347445495294,0.507872573270988,0.4621610792835167
"@Jesseb2140, gg",neither,0.03945320844208391,0.33037608806864915,0.630170703489267
@petrucci_rocks and said they were farming coins,neither,0.039031821327366954,0.27571259291207223,0.6852555857605609
Jesse=SAD FACE,neither,0.03945320844208391,0.33037608806864915,0.630170703489267
"@petrucci_rocks apparently a man who plays competitively in a competitive game mode is a ""try hard""",offensive_language,0.03771469100952963,0.5016483004822674,0.46063700850820294
omfg,neither,0.03945320844208391,0.33037608806864915,0.630170703489267
JUMP SNIPE,neither,0.03945320844208391,0.33037608806864915,0.630170703489267
Got emmmmm,neither,0.035663549208680506,0.47102480100978333,0.4933116497815363
@jesseb2140 you just played two of the best destiny players ever. It's ok that you lost.,neither,0.05052563006229221,0.4006938220308672,0.5487805479068406
Jump snipe lupoHYPE,neither,0.03945320844208391,0.33037608806864915,0.630170703489267
jump hype rambHYPE rambHYPE rambHYPE rambHYPE rambHYPE rambHYPE rambHYPE lupoHYPE lupoHYPE lupoHYPE lupoHYPE lupoHYPE,neither,0.03945320844208391,0.33037608806864915,0.630170703489267
"@Drlupo take a breath, touch butt, and keep slaying",neither,0.04185588847430958,0.3261367219841043,0.632007389541586
