text,top_class,hate_speech,offensive_language,neither
"@MrsDrLupo, they're still PANTS",neither,0.05945351311929143,0.31460344621815983,0.6259430406625487
put on short shorts!!,neither,0.036763291820702704,0.3432785853535995,0.6199581228256978
1st time viewer. I'm excited.,neither,0.038266447180164705,0.350518523883508,0.6112150289363273
WHOA NO NUDITY ON STREAM,neither,0.03626814715328397,0.3546076333968253,0.6091242194498908
lupoHYPE lupoHYPE lupoHYPE lupoHYPE lupoHYPE lupoHYPE lupoHYPE lupoHYPE lupoHYPE lupoHYPE lupoHYPE lupoHYPE lupoHYPE lupoHYPE lupoHYPE lupoHYPE lupoHYPE lupoHYPE lupoHYPE lupoHYPE lupoHYPE lupoHYPE lupoHYPE lupoHYPE lupoHYPE lupoHYPE lupoHYPE lupoHYPE v,neither,0.03945320844208391,0.33037608806864915,0.630170703489267
"@Drlupo My pants are off, yours should be too!!!!",neither,0.0598021062401942,0.40620298256546533,0.5339949111943405
Crotch cam hype!,neither,0.03945320844208391,0.33037608806864915,0.630170703489267
He needs to conveniently just stand up and turn around...just for the booty shot Kappa,neither,0.032479185006262984,0.379240482430539,0.588280332563198
oh thats a wii mote,neither,0.044397768423746965,0.2831637330144256,0.6724384985618275
lupoHYPE lupoHYPE lupoHYPE lupoHYPE lupoHYPE lupoHYPE lupoHYPE lupoHYPE lupoHYPE lupoHYPE lupoHYPE lupoHYPE lupoHYPE lupoHYPE lupoHYPE lupoHYPE lupoHYPE lupoHYPE lupoHYPE,neither,0.03945320844208391,0.33037608806864915,0.630170703489267
I kid I kid ll,neither,0.03880138990164471,0.3414391498107381,0.6197594602876172
HYOE @melodygames,neither,0.03945320844208391,0.33037608806864915,0.630170703489267
lol*,neither,0.020706217963973744,0.4882283491876925,0.4910654328483337
@Lulusoccer hehe ;),neither,0.03945320844208391,0.33037608806864915,0.630170703489267
"and if that fails, just gunsmith bounties",neither,0.017149695687870507,0.40441870314958905,0.5784316011625406
HYOE HYOE HYOE HYOE,neither,0.03945320844208391,0.33037608806864915,0.630170703489267
!wii,neither,0.03945320844208391,0.33037608806864915,0.630170703489267
rip,neither,0.03945320844208391,0.33037608806864915,0.630170703489267
How it works: Wiimote connected to Surface Pro 3 via Bluetooth. Tablet connected to XIM4 via Belkin Easy Transfer Cable. XIM4 connected to console and X1 Elite controller via USB. Communication from Surface Pro 3 to console is possible via XIM Commander (SandhawC) application. Controls: Movement - Nunchuk Stick // Aiming - Motion Controls // ADS - Z // Shoot - B // Jump - A // Crouch - C // Weapon Swap - D-Pad Down // Sprint - Plus (+) // Melee - 1 // Grenade - 2 // Reload/Revive - Minus (-),neither,0.05384358764526354,0.12976107453807806,0.8163953378166584
cheated on you with another stream,neither,0.07960314443773096,0.3492764063154984,0.5711204492467707
"@Drlupo you're not fired bb, ilu",neither,0.0714689338063043,0.34768033832985773,0.5808507278638378
that is a very sexy pair of pants,neither,0.04232465961132239,0.3596725227546703,0.5980028176340072
@Drlupo at least put on yoga pants,neither,0.036648803533703776,0.359629473089684,0.6037217233766122
@drlupo respond to me bby,neither,0.03815176016675716,0.36237531141585066,0.5994729284173921
@Drlupo my pants are off and I'm ready,neither,0.047507249958208715,0.3295075059960878,0.6229852440457034
@Mrsdrlupo I promise I'm not hitting on your husband haha :p,neither,0.052803748268752775,0.3897223327400112,0.557473918991236
bahahahahaha,neither,0.03945320844208391,0.33037608806864915,0.630170703489267
SULU HYPUUUUUUUUUUUUUUUUUU lupoHYPE lupoHYPE lupoHYPE lupoHYPE lupoHYPE lupoHYPE lupoHYPE lupoHYPE lupoHYPE lupoHYPE lupoHYPE lupoHYPE lupoHYPE lupoHYPE lupoHYPE lupoHYPE lupoHYPE lupoHYPE lupoHYPE lupoHYPE lupoHYPE lupoHYPE lupoHYPE lupoHYPE lupoHYPE lupoHYPE lupoHYPE lupoHYPE,neither,0.03945320844208391,0.33037608806864915,0.630170703489267
SUB HYPUUU,neither,0.03945320844208391,0.33037608806864915,0.630170703489267
Sub hype,neither,0.03945320844208391,0.33037608806864915,0.630170703489267
awesome!!!!,neither,0.03945320844208391,0.33037608806864915,0.630170703489267
!lst,neither,0.03945320844208391,0.33037608806864915,0.630170703489267
lupoHYPE lupoHYPE lupoHYPE lupoHYPE lupoHYPE lupoHYPE lupoHYPE lupoHYPE lupoHYPE lupoHYPE lupoHYPE lupoHYPE lupoHYPE lupoHYPE lupoHYPE lupoHYPE lupoHYPE,neither,0.03945320844208391,0.33037608806864915,0.630170703489267
Sub hype lupoHYPE lupoHYPE lupoHYPE lupoHYPE lupoHYPE lupoHYPE lupoHYPE lupoHYPE lupoHYPE lupoHYPE lupoHYPE lupoHYPE lupoHYPE lupoHYPE,neither,0.03945320844208391,0.33037608806864915,0.630170703489267
lupoHYPE lupoHYPE lupoHYPE snapsHYPE snapsHYPE snapsHYPE,neither,0.03945320844208391,0.33037608806864915,0.630170703489267
@Lulusoccer lupoPLS,neither,0.03945320844208391,0.33037608806864915,0.630170703489267
SOOB HOOP,neither,0.03945320844208391,0.33037608806864915,0.630170703489267
@Notaprogamer lupoHYPE lupoHYPE lupoHYPE lupoHYPE lupoHYPE lupoHYPE lupoHYPE lupoHYPE lupoHYPE lupoHYPE lupoHYPE lupoHYPE lupoHYPE lupoHYPE lupoHYPE lupoHYPE lupoHYPE lupoHYPE lupoHYPE lupoHYPE,neither,0.03945320844208391,0.33037608806864915,0.630170703489267
lupoHYPE lupoHYPE lupoHYPE lupoHYPE,neither,0.03945320844208391,0.33037608806864915,0.630170703489267
@drlupo gratutious booty shot for the camera Kappa,neither,0.03141181915402837,0.36406698094095746,0.6045211999050141
@drlupo lupo just continuing with point and click to win Kappa,neither,0.032372467915997565,0.339753316492035,0.6278742155919675
!pants ??????,neither,0.03945320844208391,0.33037608806864915,0.630170703489267
GET OUT.,neither,0.029698830301169855,0.3844210954937732,0.5858800742050568
lupoHYPE lupoHYPE lupoHYPE lupoHYPE lupoHYPE lupoHYPE lupoHYPE lupoHYPE lupoHYPE,neither,0.03945320844208391,0.33037608806864915,0.630170703489267
@Notaprogamer thanks for the sub!,neither,0.031417131681781243,0.27457466652234797,0.6940082017958709
@Ajwindon glad you agree :p,neither,0.05931084066440726,0.3856846608990053,0.5550044984365874
this is not gonna go well,neither,0.04711257918314355,0.39264940082584376,0.5602380199910127
my internet just went to shit and I kept getting canary'd,offensive_language,0.04077602224388052,0.9359637278717599,0.02326024988435969
I'm ready.,neither,0.03945320844208391,0.33037608806864915,0.630170703489267
yeah you can trials with a wii-mote but can you do it with a regular controller Kappa,neither,0.03114510807122565,0.47530819583832007,0.4935466960904543
FINISH THE PUBLIC EVENT,neither,0.038718546420773756,0.31699749202070415,0.6442839615585222
:),neither,0.03945320844208391,0.33037608806864915,0.630170703489267
@Ch1cag0_ted its gonna go great! lupoBOT,neither,0.031041573581713236,0.3585657587361445,0.6103926676821422
public event could be good practice,neither,0.03931515755029628,0.3332457831612104,0.6274390592884933
"so, this is actually a ninjaram 2v3 card with a dr distraction",neither,0.03574581468687212,0.39608307805254406,0.5681711072605838
Brb I need to have a wii haha funny puns StoneLightning ... FailFish,neither,0.03966875425806792,0.39206748497151545,0.5682637607704166
"I'm not going to lie, watching him play, he might be better thanme",neither,0.04616362083282984,0.3534397207922331,0.600396658374937
on a wii,neither,0.03624652138519213,0.34583338835094446,0.6179200902638634
Are those destiny pants?,neither,0.09574752767970353,0.22469086439376798,0.6795616079265284
if you go unbroken you sh ould shake it around a little on cam,neither,0.0427839916451367,0.45118047061664074,0.5060355377382225
you are good,neither,0.1794970601078903,0.3180583516575674,0.5024445882345423
@nanabatman1335 STORY OF MY LIFE,neither,0.024049213519113415,0.487385427339056,0.4885653591418306
"so not only have i started playing with ace of spades, i've also started playing with hereafter again",neither,0.019868422485195807,0.39244856034060666,0.5876830171741976
i'm gonna be sad when Lupo plays better with a wiimote than i do with my contoller,offensive_language,0.016755249981360177,0.4976490884274505,0.4855956615911894
lupoHYPE lupoHYPE lupoHYPE lupoHYPE,neither,0.03945320844208391,0.33037608806864915,0.630170703489267
to get ready for the 12th,neither,0.03853056107911213,0.29691284450579175,0.6645565944150962
@nanabatman1335 even with a wii mote he is still 100% better than me,neither,0.03337898791330732,0.40361613091538145,0.5630048811713113
DAT AIM,neither,0.03945320844208391,0.33037608806864915,0.630170703489267
do an ogre twitch,neither,0.04123556168438543,0.32436988205816,0.6343945562574547
lol,neither,0.020706217963973744,0.4882283491876925,0.4910654328483337
Crouch cam,neither,0.03945320844208391,0.33037608806864915,0.630170703489267
!ogre,neither,0.03945320844208391,0.33037608806864915,0.630170703489267
ogre will be two have to be the side that is fisted has to die in street,neither,0.12863731229379252,0.2215901018709848,0.6497725858352227
so many crouches,neither,0.039413129245513115,0.4120595004619746,0.5485273702925123
I NEED SNACKS FOR THIS!,neither,0.032864650371901075,0.29910694899308365,0.6680284006350153
@Drlupo are those bedazzled?,neither,0.19711976439175002,0.13092839752797145,0.6719518380802787
anyone else having problems hearing him? i gotta crank it on my end :(,neither,0.030107162904810615,0.40234517428278604,0.5675476628124034
shadestepping fool,neither,0.03945320844208391,0.33037608806864915,0.630170703489267
I can't run 9-0 with an actual controller... Yeah I may just give up on Trials at this point Kappa,neither,0.023320893763470785,0.4396174999572832,0.5370616062792458
Tbh you can play with no pants on @drlupo as long as the undies are on.,neither,0.04699194442978517,0.40425112024061793,0.5487569353295969
I hate honesty casHey,neither,0.31324054414219743,0.1982376743046157,0.4885217815531869
Better aim that me and he's using a wii-mote,neither,0.03246413694829311,0.3979279601681677,0.5696079028835391
CHEWBACCA PANTS HYPE,neither,0.03945320844208391,0.33037608806864915,0.630170703489267
"Gross, not using meta @kinsbane lol",neither,0.028100775738748397,0.4456155102117796,0.526283714049472
@Drlupo crotch cam is almost as great as hand cam,neither,0.04020615253306636,0.34844068538821593,0.6113531620787177
pants?,neither,0.03945320844208391,0.33037608806864915,0.630170703489267
y tho?,neither,0.03122409610077646,0.34970859411004623,0.6190673097891772
@The_dghouls the meta is gonna change,neither,0.04737094023197767,0.3648254315592218,0.5878036282088005
no way Lupo,neither,0.03814847073940352,0.35698458620139334,0.6048669430592032
I can take him if he's using the Wiimote .... IF I can cut the cable connecting them :D,neither,0.026577560004657535,0.3949236021237266,0.5784988378716158
@Drlupo viewtac it up,neither,0.03047729369400715,0.4651098659401513,0.5044128403658414
!gear,neither,0.03945320844208391,0.33037608806864915,0.630170703489267
"Looking for a list of commands relative to all of DrLupo's weapons, gear, and class builds? Here ya go: !build !bungie !eyasluna !hc !lmg !pc !rocket !setup !shotgun !sniper !tourneybuild !tourneysniper !warlock",neither,0.046531183521633816,0.40966812552398923,0.5438006909543769
@ic3d_out_bart we all wanna see that lupo booty,offensive_language,0.03204163538030177,0.5235684365784744,0.4443899280412238
"@The_dghouls but also, i wanna try out different things, get outta my comfort zone, and work on being skilled no matter the weapons",neither,0.02721747667645648,0.38200621315079064,0.5907763101727529
maybe 10 kills in all card,neither,0.040849314503198314,0.38715960418365103,0.5719910813131508
toe shots on point,neither,0.03696292433060109,0.34229835618692916,0.6207387194824696
@The_dghouls but TLW/snipe is still gonna be the setup I suck the most at :D,neither,0.05214171435003617,0.37302924484832956,0.5748290408016342
!build,neither,0.03945320844208391,0.33037608806864915,0.630170703489267
"DrLupo runs Nightstalker. He uses the following perks: Void Wall, Control Jump, Blackhole, Envenomed, Path Forgotten, Lockdown, Way of the Fearless, and Keen Scout. He gets Shadestep from wearing Graviton Forfeit. Gotta have those ninja jukes.",neither,0.049824702962479435,0.28775448420446087,0.6624208128330596
"Stick with your Hawkmoon, man...",neither,0.0577559676330783,0.44601307872622237,0.4962309536406993
Toe shots Lol,neither,0.03200904036812845,0.3841579640682742,0.5838329955635972
this is exactly how i look pvping drunk,neither,0.04908713446722083,0.32851917278782256,0.6223936927449566
gonna bodyshot ftw,neither,0.03835285029936217,0.38109055640797984,0.580556593292658
Well get used to Hereafter it should be able to spawn snipe soo... ;),neither,0.053533865833336594,0.35245916435508573,0.5940069698115776
@Ironwaffie lol,neither,0.020706217963973744,0.4882283491876925,0.4910654328483337
lupo is playing like me !!!!,neither,0.0556218022731631,0.40463965612962516,0.5397385415972117
omg this is hilarious,neither,0.04818935024468609,0.32902067590853684,0.622789973846777
@Ironwaffie ....yea,neither,0.03908133164861177,0.3366878077749653,0.624230860576423
@kinsbane,neither,0.03945320844208391,0.33037608806864915,0.630170703489267
Damn that dregs is gna take your mercy,offensive_language,0.0733145837776757,0.6948583911313913,0.231827025090933
dude is that a wii remote,neither,0.04229776867516413,0.35941433196480504,0.5982878993600308
So next I'm thinking you need to go 9-0 with a Dreamcast controller Kappa @DrLupo,neither,0.044664102688122466,0.4118179006236204,0.5435179966882572
looool,neither,0.03945320844208391,0.33037608806864915,0.630170703489267
"@The_dghouls yep, that's why i've started using it!",neither,0.013949429039001732,0.4039928731873989,0.5820576977735994
wiimote is op,neither,0.05044627423290362,0.3265950686495308,0.6229586571175656
@ironwaffie this is how i look pvping sober,neither,0.05022461059703327,0.32828055572884746,0.6214948336741194
run a shotgun if you need to,neither,0.03932010626955315,0.4590104211853844,0.5016694725450623
"calling it now, lupo will get at least one team wipe",neither,0.03796454465842058,0.3588511859641581,0.6031842693774212
@Refinition This is gonna be great,neither,0.045733426641395014,0.35623684760454616,0.5980297257540589
"@Calaway049 ha, well played",neither,0.03945320844208391,0.33037608806864915,0.630170703489267
lupoLOVE,neither,0.03945320844208391,0.33037608806864915,0.630170703489267
LOL @Nfgrockerdude,neither,0.020706217963973744,0.4882283491876925,0.4910654328483337
"We're doing a tv remote next, right? @drlupo",neither,0.050477572926710255,0.334084042346045,0.6154383847272448
BLANKET CAM HYPE,neither,0.03945320844208391,0.33037608806864915,0.630170703489267
@themattyj8 lol right,neither,0.025203731261364645,0.46175640657793826,0.5130398621606972
stay clear of randle,neither,0.03945320844208391,0.33037608806864915,0.630170703489267
@Rojoemption dance pad is next,neither,0.045676049509457535,0.3388206152019857,0.6155033352885568
i hear hes running a stacked team,neither,0.03945320844208391,0.33037608806864915,0.630170703489267
@Notaprogamer lupoHYPE lupoHYPE lupoHYPE lupoHYPE lupoHYPE lupoHYPE lupoHYPE lupoHYPE lupoHYPE lupoHYPE lupoHYPE lupoHYPE lupoHYPE lupoHYPE lupoHYPE lupoHYPE lupoHYPE lupoHYPE lupoHYPE lupoHYPE lupoHYPE lupoHYPE lupoHYPE lupoHYPE,neither,0.03945320844208391,0.33037608806864915,0.630170703489267
You need to do the rock band drum set run.,neither,0.055122736943546934,0.3431028484052197,0.6017744146512334
"Toaster next, right?",neither,0.037797953196778616,0.3607894155816049,0.6014126312216165
I ran a card with the first curse last night. It's under rated,neither,0.02511242784954385,0.34337356833691673,0.6315140038135394
@Rojoemption lupoLOVE,neither,0.03945320844208391,0.33037608806864915,0.630170703489267
@Themattyj8 what? he needs to go see him now,neither,0.05907559182240774,0.32639296735940587,0.6145314408181863
Voice Commands.,neither,0.03945320844208391,0.33037608806864915,0.630170703489267
The snowboard thingie!!!,neither,0.03613032604487659,0.2619290779399786,0.7019405960151449
@Drlupo could you use an xbox kinect?,neither,0.02083069438688666,0.4649818111254896,0.5141874944876237
DO IT.,neither,0.039361844991312706,0.33040751214889547,0.6302306428597919
@Sparky_1014 im so excited,neither,0.03835248773688177,0.42672104618676693,0.5349264660763514
@kinsbane <3 <3 <3,neither,0.03945320844208391,0.33037608806864915,0.630170703489267
get good and do 1v3S with the Wiimote tho @DrLupo,neither,0.02368630452974449,0.3298695188381934,0.6464441766320622
lupoHYPE lupoHYPE,neither,0.03945320844208391,0.33037608806864915,0.630170703489267
play with a snowboard game controller @Drlupo,neither,0.029338076590574164,0.3256985522844631,0.6449633711249628
I'm trying to drop into the cosmos and follow him around honking :),neither,0.04907049242614289,0.29134164685824465,0.6595878607156124
@drlupo can we have a day where we just challenge you to use diffrent controllers?,neither,0.025951940753294236,0.42103143050331016,0.5530166287433956
can u play with ps move?,neither,0.02749923361026086,0.36836060569706625,0.6041401606926728
@Neilteninch a lot of guns are underrated in the face of the meta,neither,0.05440068102117896,0.27916897660770307,0.6664303423711179
No luck so far,neither,0.03853284219795786,0.39064923532849266,0.5708179224735496
@Sparky_1014 how's trials been for ya so far this week?,offensive_language,0.023687694168584926,0.5384940040425923,0.43781830178882264
Hit up Gladd and his tech dude for voice commands and DDR mats.,neither,0.046575961296673504,0.29564703854214036,0.6577770001611862
Trials With Siri,neither,0.027072630815677467,0.37442836712082755,0.598499002063495
still waiting for n64 trident trials,neither,0.03130256325228526,0.31278178134802676,0.655915655399688
lulusHype lulusHype,neither,0.03945320844208391,0.33037608806864915,0.630170703489267
@Refinition I hate the map with a passion,neither,0.1469740532750151,0.26501891556048274,0.5880070311645021
i think rambo is teambagging you,neither,0.07241673109455324,0.36847656350475794,0.5591067054006889
"@Manofcole haha ""siri jump"" ""siri shoot""",neither,0.04690691204766765,0.33514270141645797,0.6179503865358743
FULL SACK,neither,0.06327423478109301,0.32218294478314835,0.6145428204357587
@Ramblinnn getting that mustasche ride,neither,0.03040201208897377,0.45822384923201265,0.5113741386790136
!tbag,neither,0.03945320844208391,0.33037608806864915,0.630170703489267
Ramblinnn is such a savage with the bag,neither,0.03741818996316403,0.29936206569070084,0.6632197443461351
Who's that @ramblinnn noob? ;),offensive_language,0.032701273211674695,0.5622812093543647,0.40501751743396064
@Mrsdrlupo that would be legit!,neither,0.035126368261240826,0.3734342693584723,0.591439362380287
is lupo gonna make history tonight? ?,neither,0.0430989293356466,0.3482512501728057,0.6086498204915477
@Sparky_1014 not the best for fusions OSsloth,neither,0.028659823029042675,0.2741965245419738,0.6971436524289835
Siri SHADE STEPPPP,neither,0.03945320844208391,0.33037608806864915,0.630170703489267
Funniest thing ever would be if nintendo sues lupo,neither,0.028257619275861238,0.36299625226857046,0.6087461284555683
I hate streamers who just run pve all day Kappa,neither,0.18114508684524896,0.38855784777041125,0.43029706538433987
Yeh @kinsbane - there are a lot of decent guns that nobody uses. I went flawless with it too,neither,0.03713445908688944,0.40524931185459667,0.5576162290585138
@Kinsbane dual link?,neither,0.03945320844208391,0.33037608806864915,0.630170703489267
does the wii mote vibrate?,neither,0.02555473526536443,0.440180712405413,0.5342645523292225
@Neilteninch thats why im starting to use ace ofspades,neither,0.015726771056025053,0.4303393542035455,0.5539338747404293
!dual ramblinnn,neither,0.03945320844208391,0.33037608806864915,0.630170703489267
Watch both streams here! kadgar.net/live/DrLupo/ramblinnn,neither,0.0804930841176605,0.3011738405800008,0.6183330753023386
heyyyy Lupo lupoLOVE,neither,0.03945320844208391,0.33037608806864915,0.630170703489267
!wii,neither,0.03945320844208391,0.33037608806864915,0.630170703489267
how are you liking Ace @Kinsbane,neither,0.08434251864677154,0.3276049053044415,0.588052576048787
How it works: Wiimote connected to Surface Pro 3 via Bluetooth. Tablet connected to XIM4 via Belkin Easy Transfer Cable. XIM4 connected to console and X1 Elite controller via USB. Communication from Surface Pro 3 to console is possible via XIM Commander (SandhawC) application. Controls: Movement - Nunchuk Stick // Aiming - Motion Controls // ADS - Z // Shoot - B // Jump - A // Crouch - C // Weapon Swap - D-Pad Down // Sprint - Plus (+) // Melee - 1 // Grenade - 2 // Reload/Revive - Minus (-),neither,0.05384358764526354,0.12976107453807806,0.8163953378166584
Here we go with a Ninja and Ramb 2v3 card!,neither,0.0603067470532302,0.30482712395458444,0.6348661289921852
Sweet a crotch cam too,neither,0.039258808692058896,0.333675559169493,0.627065632138448
may i participate in this wii sports,neither,0.040546577099009114,0.31181876849581514,0.6476346544051758
"@Refinition Nah, just people sit on that damn dome and end of hall. Played a team yesterday that sat everything together and teamshotted the body with 100 Yard",offensive_language,0.03878550266878706,0.5155295535670588,0.44568494376415413
so really thw whole card is 2v3,neither,0.045612363190958356,0.36260089147937924,0.5917867453296624
1v3 those vandals,neither,0.11257138459173781,0.17765819155336773,0.7097704238548944
I got a 25 kill game today.. I don't know if suddenly I know how to PvP or what Kappa,neither,0.14458645489064412,0.27971007712863544,0.5757034679807204
lol this is gonna be fuckin hype,offensive_language,0.07073050089460714,0.9141817792799083,0.01508771982548462
@Drlupo I will find 2 more people and you can own us,neither,0.22724682694557044,0.18838950975912322,0.5843636632953063
@Yaganub its a lot of fun man. two headshots + body = dead,neither,0.035391806526052026,0.37133289365100874,0.5932752998229393
I feel like that gonna be terible,neither,0.04688532972601746,0.4707794273607079,0.4823352429132747
!aimbot,neither,0.03945320844208391,0.33037608806864915,0.630170703489267
"Service ""AIMBOT_EXE"" started successfully, returned status code 0.",neither,0.03945320844208391,0.33037608806864915,0.630170703489267
hey lupo and chat.....WIISIRUS HYPE!,neither,0.03873975379944464,0.29465762954935215,0.6666026166512032
@Drlupo Put some paddles on the Wii mote,neither,0.029112431634704127,0.34043046890909273,0.6304570994562031
i gotchu lupo,neither,0.03945320844208391,0.33037608806864915,0.630170703489267
Space magic,neither,0.03945320844208391,0.33037608806864915,0.630170703489267
look at those biceps mmmmmmmmmmmmmmmmmmmmmmmmmmmmmmmmmmmmmmmmmmmmmm lupoRNG,neither,0.06565684223125108,0.283305347098141,0.6510378106706078
"@ajwindon I hit a 6k game in IB, I know the feeling.",neither,0.038076019827960286,0.27610957617652027,0.6858144039955194
@Stevryu91 lupoLOVE,neither,0.03945320844208391,0.33037608806864915,0.630170703489267
Keyboard & mouse? Xbox?!,neither,0.03945320844208391,0.33037608806864915,0.630170703489267
@drlupo plz show face,neither,0.0560098310723532,0.25041240032950973,0.693577768598137
This is crazy,neither,0.03380032850639522,0.4779764166013079,0.48822325489229684
lupoHYPE lupoHYPE lupoHYPE,neither,0.03945320844208391,0.33037608806864915,0.630170703489267
"Alright so if we all want to find teams of 3 and stream snipe Lupo to throw matches, That'd be sweet.",neither,0.036596490744344325,0.3631396061602108,0.6002639030954449
the only thing that would complete this is the clawcam on ramb's stream,neither,0.03842030937183164,0.342089488341782,0.6194902022863864
bungieHYPE bungieRIP leahSUB leahHYPE lupoHYPE rambHYPE tripleSUB SOOOB HOOOP tripleSUB rambHYPE lupoHYPE leahSUB leahHYPE bungieRIP bungieHYPE,neither,0.03945320844208391,0.33037608806864915,0.630170703489267
Sub lupoHYPE lupoHYPE lupoHYPE,neither,0.03945320844208391,0.33037608806864915,0.630170703489267
lupoHYPE lupoHYPE lupoHYPE lupoHYPE lupoHYPE lupoHYPE lupoHYPE lupoHYPE lupoHYPE lupoHYPE lupoHYPE lupoHYPE lupoHYPE lupoHYPE lupoHYPE lupoHYPE lupoHYPE lupoHYPE lupoHYPE lupoHYPE,neither,0.03945320844208391,0.33037608806864915,0.630170703489267
@Stevryu91 i love his muscles ;),neither,0.0633850652197382,0.34645394319585315,0.5901609915844086
lupoHYPE lupoHYPE lupoHYPE lupoHYPE lupoHYPE lupoHYPE lupoHYPE lupoHYPE,neither,0.03945320844208391,0.33037608806864915,0.630170703489267
@Sparky_1014 played a couple of teams EXACTLY like that. I had to switch to a sniper to get the w,neither,0.055572756561063634,0.3510571216521187,0.5933701217868176
@sweetxjonez lupoHYPE lupoHYPE lupoHYPE lupoHYPE lupoHYPE lupoHYPE lupoHYPE lupoHYPE lupoHYPE lupoHYPE lupoHYPE lupoHYPE lupoHYPE lupoHYPE lupoHYPE lupoHYPE lupoHYPE lupoHYPE lupoHYPE lupoHYPE,neither,0.03945320844208391,0.33037608806864915,0.630170703489267
SUBBBBBBBBBBBBBB,neither,0.03945320844208391,0.33037608806864915,0.630170703489267
@sweetxjonez lupoHYPE lupoHYPE lupoHYPE lupoHYPE lupoHYPE lupoHYPE lupoHYPE lupoHYPE lupoHYPE lupoHYPE lupoHYPE lupoHYPE lupoHYPE lupoHYPE lupoHYPE lupoHYPE lupoHYPE lupoHYPE lupoHYPE lupoHYPE,neither,0.03945320844208391,0.33037608806864915,0.630170703489267
You even have the wrist strap on. What a legend,neither,0.0503419019171629,0.372758307865428,0.576899790217409
@sweetxjonez lupoHYPE lupoHYPE lupoHYPE lupoHYPE lupoHYPE lupoHYPE lupoHYPE lupoHYPE lupoHYPE lupoHYPE lupoHYPE lupoHYPE lupoHYPE lupoHYPE lupoHYPE lupoHYPE lupoHYPE lupoHYPE lupoHYPE lupoHYPE,neither,0.03945320844208391,0.33037608806864915,0.630170703489267
lupoHYPE lupoHYPE lupoHYPE lupoHYPE lupoHYPE lupoHYPE lupoHYPE lupoHYPE lupoHYPE lupoHYPE lupoHYPE lupoHYPE,neither,0.03945320844208391,0.33037608806864915,0.630170703489267
@sweetxjonez lupoHYPE lupoHYPE lupoHYPE lupoHYPE lupoHYPE lupoHYPE lupoHYPE lupoHYPE lupoHYPE lupoHYPE lupoHYPE lupoHYPE lupoHYPE lupoHYPE lupoHYPE lupoHYPE lupoHYPE lupoHYPE lupoHYPE lupoHYPE,neither,0.03945320844208391,0.33037608806864915,0.630170703489267
@Mrsdrlupo i envy you ;),neither,0.06251506213094515,0.39389304070454173,0.5435918971645132
wtf I see pants!,offensive_language,0.04253852639462458,0.5975688496556537,0.35989262394972177
Lup do one with upside down controller,neither,0.031713114888170184,0.3801137832793489,0.5881731018324808
inv to party scrub,neither,0.046218574548076014,0.3264239554438055,0.6273574700081185
@Welldamndude got like a 2KD and was like.. Huh am I that good or did I play people with no thumbs,neither,0.057918427159059864,0.4133142213529469,0.5287673514879933
@Ninja_with_no_l hypeee!,neither,0.03945320844208391,0.33037608806864915,0.630170703489267
nina,neither,0.03945320844208391,0.33037608806864915,0.630170703489267
@ajwindon THE FEELS TO REAL,neither,0.03707478617643647,0.44552203513901206,0.5174031786845514
@drlupo plz show pretty face,neither,0.05390775432874805,0.259319436125151,0.686772809546101
"I swear to god, @Drlupo will post this on reddit and people are going to have a tooshy tantrum about using a fucking wii mote on a xbox",offensive_language,0.1515703015325315,0.7833032694822459,0.06512642898522245
wii claw,neither,0.03945320844208391,0.33037608806864915,0.630170703489267
You have to stoke the wiimote to smoke and nade?,neither,0.07165770797181889,0.3768360028204016,0.5515062892077794
Soo to be honest I actually really liked the Wii mote..lol...but I never did FPS with it..haha mainly platformers and what not!,neither,0.029480977736619684,0.39923917417588417,0.5712798480874961
THE CROTCH SHOT IS OP BRUH,neither,0.04458053737261331,0.3166575973635982,0.6387618652637883
ninja is here @Drlupo,neither,0.11680262210111356,0.27969814379811836,0.603499234100768
lupo should play destiny with a toaster,neither,0.03880871715542573,0.3892322898534691,0.5719589929911051
@Drlupo Im very excited you're doing this. good luck bb <3,neither,0.06124316229706562,0.3626707035847471,0.5760861341181873
"@Drlupo, check chat scruh",neither,0.03945320844208391,0.33037608806864915,0.630170703489267
@drlupo hey I'm so excited right now!!!!,neither,0.03847329802559869,0.3913981296694322,0.570128572304969
!wii,neither,0.03945320844208391,0.33037608806864915,0.630170703489267
How it works: Wiimote connected to Surface Pro 3 via Bluetooth. Tablet connected to XIM4 via Belkin Easy Transfer Cable. XIM4 connected to console and X1 Elite controller via USB. Communication from Surface Pro 3 to console is possible via XIM Commander (SandhawC) application. Controls: Movement - Nunchuk Stick // Aiming - Motion Controls // ADS - Z // Shoot - B // Jump - A // Crouch - C // Weapon Swap - D-Pad Down // Sprint - Plus (+) // Melee - 1 // Grenade - 2 // Reload/Revive - Minus (-),neither,0.05384358764526354,0.12976107453807806,0.8163953378166584
!dual Ramblinnn,neither,0.03945320844208391,0.33037608806864915,0.630170703489267
@Lulusoccer Thats what wii is for like,neither,0.056379252315519844,0.30942579227116235,0.6341949554133178
@drlupo so this is going to be a weekly thing now right? lol,neither,0.04260684621355459,0.4579082290508573,0.49948492473558814
"@Welldamndude I know it wasn't all luck, but i was landing headshots. Granted it was bannerfall and I love sniping on that map",neither,0.03163978992037747,0.3888219077614395,0.5795383023181829
@Mrsmininewman hi hi hi! lupoLOVE,neither,0.03945320844208391,0.33037608806864915,0.630170703489267
That blanky looks so comfy @Drlupo.,neither,0.0357621328802542,0.41138848497142694,0.5528493821483188
did I do that wrong,neither,0.03639912327537014,0.3804857343644576,0.5831151423601723
@Lulusoccer Mario and what not,neither,0.046026938182247616,0.26178958549010567,0.6921834763276467
brb stream,neither,0.03945320844208391,0.33037608806864915,0.630170703489267
I sincerely hope you get hate mail over this,neither,0.2813184323638846,0.19734342914079692,0.5213381384953184
It's moments like these where I really wish I could sub,neither,0.05504508304148924,0.37110958994894816,0.5738453270095626
@mrsdrlupo hey girl. How goes things.,neither,0.03374661983614069,0.38638797906065864,0.5798654011032007
"@nanabatman1335, Might be mod only?",neither,0.040112025154058324,0.33589293439499723,0.6239950404509444
@Xizindar me too,neither,0.025456656249999262,0.41690574403459846,0.5576375997154023
ROJO SUB,neither,0.03945320844208391,0.33037608806864915,0.630170703489267
@Mrsmininewman good!! ready for some fun!,neither,0.026106218150013925,0.3142649966027765,0.6596287852472095
"Poor Ninja, just wants the invite",neither,0.035525705885520786,0.333778269106753,0.6306960250077261
I GOTCHU,neither,0.03945320844208391,0.33037608806864915,0.630170703489267
"""All he has to do is point and shoot, it's not fair!"" Kappa",neither,0.06812618467530726,0.2976961545184907,0.634177660806202
Doing mnk carries after this card? @drlupo,neither,0.03937979567093565,0.33162209438710055,0.6289981099419637
Hey you beautiful MoFo!!! God I love you man! <3 Follow this man! Best streamer around!,offensive_language,0.05929470287689716,0.4903911671225514,0.4503141300005514
@ninja_with_no_l what is up.,neither,0.06373696261214323,0.41611123090648383,0.520151806481373
I CANT @melodygames,neither,0.03945320844208391,0.33037608806864915,0.630170703489267
@Duuzii I thought I did it right lupoCRY,neither,0.040367083728200776,0.23450411883005554,0.7251287974417437
i sub for u @Rojoemption,neither,0.031801043464758455,0.2922129224738108,0.6759860340614307
@ajwindon if you put me in that map or Twilight with a shotty and I'll go ham.,neither,0.02500002784086739,0.4310584364511544,0.5439415357079783
<3,neither,0.03945320844208391,0.33037608806864915,0.630170703489267
ROJO!!!!!! lupoHYPE lupoHYPE lupoHYPE lupoHYPE lupoHYPE lupoHYPE lupoHYPE lupoHYPE,neither,0.03945320844208391,0.33037608806864915,0.630170703489267
"@nanabatman1335, You did bb is ok shhh",neither,0.05874126969864065,0.36227293714584685,0.5789857931555124
I has no PayPal nor moneys @melodygames,neither,0.03896037657836798,0.3387407309845814,0.6222988924370506
!wii,neither,0.03945320844208391,0.33037608806864915,0.630170703489267
How it works: Wiimote connected to Surface Pro 3 via Bluetooth. Tablet connected to XIM4 via Belkin Easy Transfer Cable. XIM4 connected to console and X1 Elite controller via USB. Communication from Surface Pro 3 to console is possible via XIM Commander (SandhawC) application. Controls: Movement - Nunchuk Stick // Aiming - Motion Controls // ADS - Z // Shoot - B // Jump - A // Crouch - C // Weapon Swap - D-Pad Down // Sprint - Plus (+) // Melee - 1 // Grenade - 2 // Reload/Revive - Minus (-),neither,0.05384358764526354,0.12976107453807806,0.8163953378166584
@Jiggyfly1701 Oh for sure! They did have a few fps but I would never even think to get them for the Wii!,neither,0.03706301292394971,0.36710917776342555,0.5958278093126247
"@Ninja_with_no_L, i got u bb",neither,0.03797322471962597,0.38365677489938516,0.578370000380989
@Drlupo @ramblinnn this is beautiful. two nightstalkers in a wonderful ballet,neither,0.045692300755020065,0.32190834935816187,0.632399349886818
AWWWW YEAH CROTCH CAM,neither,0.02797051280534269,0.4074188951269562,0.5646105920677011
@mrsdrlupo yes me and the husband realized we were late And we ran inside lol. So stoked,neither,0.029177540645232484,0.2404594614013011,0.7303629979534665
Crotch cam HyPE !!!,neither,0.03945320844208391,0.33037608806864915,0.630170703489267
Iamfantastik -> You typed a banned word. [warning],neither,0.05094585034001119,0.363330526869555,0.5857236227904339
Wooo crotch cam lupoHYPE lupoHYPE,neither,0.03945320844208391,0.33037608806864915,0.630170703489267
I feel like I'm witnessing history hahaha,neither,0.04753087122958946,0.34234297395135244,0.6101261548190581
@Mrsmininewman hahahah,neither,0.03945320844208391,0.33037608806864915,0.630170703489267
Kreygasm,neither,0.03945320844208391,0.33037608806864915,0.630170703489267
lupoHYPE lupoHYPE lupoHYPE lupoHYPE lupoHYPE lupoHYPE lupoHYPE lupoHYPE lupoHYPE lupoHYPE lupoHYPE lupoHYPE lupoHYPE lupoHYPE lupoHYPE lupoHYPE lupoHYPE lupoHYPE lupoHYPE,neither,0.03945320844208391,0.33037608806864915,0.630170703489267
Wow,neither,0.03945320844208391,0.33037608806864915,0.630170703489267
"@Iamfantastik, REALLY?",neither,0.03945320844208391,0.33037608806864915,0.630170703489267
@espadanovena CROTCH HYPE!!!!,neither,0.03945320844208391,0.33037608806864915,0.630170703489267
I don't think lupo has enough coins :O,neither,0.04024784671330855,0.3168890027653354,0.6428631505213561
CheatHYPE,neither,0.03945320844208391,0.33037608806864915,0.630170703489267
@Iamfantastik new words please.,neither,0.04353858773880165,0.22789447092688284,0.7285669413343155
the book of cheat,neither,0.038516561747993505,0.3132233443717423,0.6482600938802643
"@MrsDrLupo, <3 <#",neither,0.03945320844208391,0.33037608806864915,0.630170703489267
<3,neither,0.03945320844208391,0.33037608806864915,0.630170703489267
@Melodygames slap that guy lol,neither,0.027089236537509113,0.44348916932456234,0.5294215941379286
Are requests on atm?,neither,0.05670265519830079,0.30457171790730697,0.6387256268943922
lupoHYPE lupoHYPE lupoHYPE,neither,0.03945320844208391,0.33037608806864915,0.630170703489267
@mrsmininewman @mininewman lupoPLS,neither,0.03945320844208391,0.33037608806864915,0.630170703489267
