text,top_class,hate_speech,offensive_language,neither
@sogrimey66 I can't remember because they switched ppl cuz one was sick or something,neither,0.039023976098224514,0.3480583514098375,0.6129176724919381
@Espadanovena night night bb <3,neither,0.02826499180404051,0.32978122029247925,0.6419537879034803
night,neither,0.02550723072422885,0.32941079269047424,0.6450819765852968
@espadanovena goodnight,neither,0.03945320844208391,0.33037608806864915,0.630170703489267
"sry peeps out of shapes, beer it iis",neither,0.034263743175161857,0.34609313577070633,0.6196431210541319
NO,neither,0.036918905254960256,0.37338982715841207,0.5896912675866277
YOU NEED SHAPES DAMNIT,neither,0.058570642762479225,0.3822717582598645,0.5591575989776563
i love after hours drlupo,neither,0.036185563732743786,0.34564640103460553,0.6181680352326507
o m g,neither,0.03945320844208391,0.33037608806864915,0.630170703489267
Ooh we tryin a secret run?,neither,0.03933726071228404,0.33234402364281473,0.6283187156449013
"@drlupo got a 333 universal remote, a 334 water star and a 335 bond :D",neither,0.03818987789884133,0.33267315844584733,0.6291369636553114
Trials of Osiris has started!,neither,0.039979473094935325,0.32144400346846086,0.6385765234366039
Trials of Osiris has started!,neither,0.039979473094935325,0.32144400346846086,0.6385765234366039
@ninja_with_no_l get some more geometry bb,neither,0.03410853553264765,0.3403801279040233,0.6255113365633289
er,neither,0.03945320844208391,0.33037608806864915,0.630170703489267
how do you make you knuckles look so good ;),offensive_language,0.08861961389209971,0.4990769228147542,0.4123034632931461
heh,neither,0.03945320844208391,0.33037608806864915,0.630170703489267
tittybot,neither,0.03945320844208391,0.33037608806864915,0.630170703489267
what you doing,neither,0.08631499057772749,0.40445192070555475,0.5092330887167177
rambLURK,neither,0.03945320844208391,0.33037608806864915,0.630170703489267
they know who u r,neither,0.040631765671325884,0.44445432866753665,0.5149139056611376
Lol i think lupo ran into another secret run :P,neither,0.0650074238080319,0.30972190876587463,0.6252706674260934
@sogrimey66 in the final game they had 4 primary kills. gnads or shotty the rest no joke haha I wanted to camp tbh hahah,neither,0.039049156219297325,0.333943544044073,0.6270072997366296
"YOU NEED TO CUT DOWN ON THE YEAST, MORE SHAPES",neither,0.056713011196592535,0.349857209887567,0.5934297789158404
WELP,neither,0.03945320844208391,0.33037608806864915,0.630170703489267
ggs @ninja_with_no_l @drlupo,neither,0.03945320844208391,0.33037608806864915,0.630170703489267
"Alright, @Drlupo , chat, I'm calling it a night. I'm glad to see you played your way through the funk. Try not to be so hard on yourself!",offensive_language,0.05280891276183678,0.478621223351167,0.4685698638869962
!shapes,neither,0.03945320844208391,0.33037608806864915,0.630170703489267
THIS SECRET RUN AINT GOING ON YOUTUBE,neither,0.036723066815934305,0.4201081733076243,0.5431687598764414
LOL,neither,0.020706217963973744,0.4882283491876925,0.4910654328483337
LOLOL,neither,0.03945320844208391,0.33037608806864915,0.630170703489267
!status [X1] SECRET BUTTS,neither,0.03945320844208391,0.33037608806864915,0.630170703489267
GGs,neither,0.03945320844208391,0.33037608806864915,0.630170703489267
DrLupo -> The stream title has been updated to: [X1] SECRET BUTTS,neither,0.042698205134464526,0.3181520591839653,0.6391497356815702
!ninja,neither,0.03945320844208391,0.33037608806864915,0.630170703489267
"""I had to make them feel like I was stupid.""",neither,0.22361219251340522,0.20392581475008054,0.5724619927365143
lol,neither,0.020706217963973744,0.4882283491876925,0.4910654328483337
@Drlupo wtf ?,offensive_language,0.04410695246022759,0.7898861884776351,0.16600685906213722
lol,neither,0.020706217963973744,0.4882283491876925,0.4910654328483337
HOLY FUCKIN SHIT,offensive_language,0.06282026968695215,0.9371790151106044,7.15202443391514e-07
hahahahhahahahhaa,neither,0.03945320844208391,0.33037608806864915,0.630170703489267
yeah man want me to rip the bong for ya here ya go,offensive_language,0.028701034766182545,0.6185851825604207,0.35271378267339676
Lol,neither,0.020706217963973744,0.4882283491876925,0.4910654328483337
LOOOOOOOOOOOOOOOL,neither,0.03945320844208391,0.33037608806864915,0.630170703489267
HAHAHAHAHA,neither,0.03945320844208391,0.33037608806864915,0.630170703489267
lmfaooo,neither,0.03945320844208391,0.33037608806864915,0.630170703489267
lmfao,neither,0.05470637918084239,0.32512982320825545,0.6201637976109021
LOL,neither,0.020706217963973744,0.4882283491876925,0.4910654328483337
hahaha omg,neither,0.03945320844208391,0.33037608806864915,0.630170703489267
Lol,neither,0.020706217963973744,0.4882283491876925,0.4910654328483337
lmao,neither,0.03705015143476208,0.3711622369619404,0.5917876116032975
kraftBRB kraftBRB kraftBRB,neither,0.03945320844208391,0.33037608806864915,0.630170703489267
HE IS GONNA OVERDOSE ON U LUPO,neither,0.05479692884017225,0.4113130258355595,0.5338900453242682
my man sound like he stoned :D,neither,0.04193627328210491,0.47843983342041807,0.47962389329747707
oh yeah,neither,0.022533380315967178,0.4254575626619046,0.5520090570221282
hahahaaaaaaaaaaaaaaaaaaaaaaaaaaaaaaaaaa,neither,0.03945320844208391,0.33037608806864915,0.630170703489267
Haha oh yeah,neither,0.022352931225829584,0.4748710918366625,0.5027759769375081
IM DEAD,neither,0.038161488408724464,0.37935129248927674,0.582487219101999
is lupo doing carries right now,neither,0.045649141863372225,0.34400587025156254,0.6103449878850653
Pure stone,neither,0.03945320844208391,0.33037608806864915,0.630170703489267
Lets fo,neither,0.03853278783461639,0.3459980278837441,0.6154691842816395
ahhhhhhhhhhhhh,neither,0.03945320844208391,0.33037608806864915,0.630170703489267
gekLit gekLit gekLit gekLit gekLit,neither,0.03945320844208391,0.33037608806864915,0.630170703489267
>.<,neither,0.03945320844208391,0.33037608806864915,0.630170703489267
!ninja,neither,0.03945320844208391,0.33037608806864915,0.630170703489267
"""I had to make them feel like I was stupid.""",neither,0.22361219251340522,0.20392581475008054,0.5724619927365143
people are annoying,neither,0.1495915603778291,0.25698459370261745,0.5934238459195534
Haha oh yeuuuuhhhh,neither,0.040531485762028426,0.36454800631472184,0.5949205079232497
Well I was gonna go to bed but now I don't want to miss this...,neither,0.04099283600673552,0.3701415912011821,0.5888655727920824
hey @Drlupo,neither,0.03945320844208391,0.33037608806864915,0.630170703489267
@Ibig_grizmatik secret run,neither,0.03945320844208391,0.33037608806864915,0.630170703489267
!commands,neither,0.03945320844208391,0.33037608806864915,0.630170703489267
Garrilland -> The bot commands for this channel are available at https://beta.nightbot.tv/t/drlupo/commands,neither,0.04695462833040224,0.29561718809185006,0.6574281835777477
!emotes,neither,0.03945320844208391,0.33037608806864915,0.630170703489267
"@kinsbane, Subscriber Emotes for DrLupo are: lupoPLS lupoCRY lupoCHOO lupoCAW lupoHYPE lupoRAGE lupoNERD lupoLOVE lupoBOT lupoRNG",neither,0.08951834997933025,0.17935950797454261,0.7311221420461271
anyone wanna do some skirmish?,neither,0.03167184316424784,0.3459764058825968,0.6223517509531553
how much you guys wanna bet he passes out 3 matches in,neither,0.046802979352074496,0.3712311367688496,0.581965883879076
yo this is boutta be my favorite secret run i an already tell,neither,0.036308479142655926,0.43666712828546655,0.5270243925718776
this is amazing hahahahaha,neither,0.04697701681224841,0.329227679933199,0.6237953032545526
@Drlupo what have u got urself into now lol,neither,0.03541975106912611,0.42041935472110065,0.5441608942097732
legitimately telling us the lag switched someone,neither,0.0602321533882997,0.31702094500090333,0.622746901610797
@daltonbeedabbin whats a secret run lol,neither,0.03274502164475682,0.37839771142442136,0.5888572669308219
@Comediankiller ill take tht bet,neither,0.03945320844208391,0.33037608806864915,0.630170703489267
pews?,neither,0.03945320844208391,0.33037608806864915,0.630170703489267
PEWS!,neither,0.03945320844208391,0.33037608806864915,0.630170703489267
secret pews,neither,0.03945320844208391,0.33037608806864915,0.630170703489267
!status,neither,0.03945320844208391,0.33037608806864915,0.630170703489267
NikGifty -> Current Stream Title: [X1] SECRET BUTTS,neither,0.03945320844208391,0.33037608806864915,0.630170703489267
!lies,neither,0.03945320844208391,0.33037608806864915,0.630170703489267
"""I think I have enough coins to buy another set of boons"" -DrLupo secret run Mar 2016",neither,0.0678553353095082,0.2885886362277386,0.6435560284627533
!secret @Ibig_grizmatik,neither,0.03945320844208391,0.33037608806864915,0.630170703489267
lol @gata_fleifel,neither,0.020706217963973744,0.4882283491876925,0.4910654328483337
Did you guys know you can zoom in on the stream,neither,0.060481677817615355,0.39193714127981005,0.5475811809025746
I wanna try to go flawless lol I cant seem to go this week,neither,0.04363334922728804,0.3645037929099802,0.5918628578627319
hype,neither,0.03945320844208391,0.33037608806864915,0.630170703489267
!secret,neither,0.03945320844208391,0.33037608806864915,0.630170703489267
@Drlupo can i be a secret?,neither,0.040398535522034686,0.3292781285691838,0.6303233359087816
@maunchma if only I could.,neither,0.018042396809364005,0.4057606751109795,0.5761969280796565
secret hype,neither,0.03945320844208391,0.33037608806864915,0.630170703489267
<3,neither,0.03945320844208391,0.33037608806864915,0.630170703489267
lol,neither,0.020706217963973744,0.4882283491876925,0.4910654328483337
I played with a guy who vapes about every 10 seconds...,neither,0.03045097680323461,0.4284536725839738,0.5410953506127916
NO ONE HARSH THIS DUDE'S MELLOW,neither,0.03779976098823315,0.3739434303561695,0.5882568086555974
I hate that I need sleep...I feel like this would be a fun one to watch,neither,0.19382102520740954,0.3122545527850844,0.4939244220075061
LOL,neither,0.020706217963973744,0.4882283491876925,0.4910654328483337
get to tha choppa!,neither,0.045280773549945794,0.3349147006512605,0.6198045257987936
"@maunchma, we can do secret stuff",neither,0.04087021397281799,0.3280513780292381,0.6310784079979439
lmao,neither,0.03705015143476208,0.3711622369619404,0.5917876116032975
HIS ARNOLD IS SPOT ON,neither,0.08365499624802158,0.3428232706689179,0.5735217330830605
Tho,neither,0.03122409610077646,0.34970859411004623,0.6190673097891772
"@Ninja_with_no_L, omg STFU hahahah",neither,0.08934821995571145,0.38776103253454647,0.5228907475097421
I can't wait to see this guy play he's messed up :D,neither,0.046065999733871106,0.3666655566881728,0.587268443577956
!shapes,neither,0.03945320844208391,0.33037608806864915,0.630170703489267
GEOMETRY TEACHER,neither,0.03945320844208391,0.33037608806864915,0.630170703489267
GEOMETRY TEACHER. LMFAOOOOO,neither,0.03945320844208391,0.33037608806864915,0.630170703489267
FUCKING SHAPES,offensive_language,0.16642190182174219,0.8335780959705128,2.207744944905971e-09
this is awesome,neither,0.050512911114032236,0.32860941969445295,0.6208776691915148
lmfao geometry teacher,neither,0.04575812043433786,0.3282075397189747,0.6260343398466874
LOL,neither,0.020706217963973744,0.4882283491876925,0.4910654328483337
im fucking done,offensive_language,0.10442080815975757,0.8955124972347493,6.669460549306719e-05
Hahahahahh,neither,0.03945320844208391,0.33037608806864915,0.630170703489267
lol this is awesome,neither,0.03849886627100912,0.3944410221335899,0.5670601115954009
!geometry,neither,0.03945320844208391,0.33037608806864915,0.630170703489267
RAWR SHAPES MY NAMES NINJA,neither,0.030874741424851356,0.3952266844447667,0.5738985741303818
for real though geometry is the worst. algebra master race,neither,0.1567366875298933,0.15087471541471498,0.6923885970553917
U CAN CUT THT PIECE OUT,neither,0.035827945801554024,0.34096540595348074,0.6232066482449653
i think i just got a feel for you man,neither,0.042051157549874124,0.4779269976900086,0.4800218447601171
wtf is he talking abt ?,offensive_language,0.056717567396282996,0.5474310802936859,0.3958513523100311
Lmao this guy.,neither,0.03729415299676841,0.3670208936613598,0.5956849533418719
WTF IS HE SAYING ?,offensive_language,0.04821204172227729,0.6176454006884997,0.33414255758922284
just tell youtube he's blowing bubbles lmfaoo,neither,0.039765466706328925,0.34319969177463633,0.6170348415190349
Omg this is gonna be amazing,neither,0.04650165101689367,0.3779837393483555,0.5755146096347509
i have to mute my mic,neither,0.033896231303107344,0.40939537765428974,0.5567083910426028
This guy is GONE lmfao,neither,0.056683423202946885,0.3354758483058294,0.6078407284912237
i'm dying,neither,0.03945320844208391,0.33037608806864915,0.630170703489267
@Nikgifty i liked partial diff eq lol,neither,0.03368608852532733,0.37118338371646875,0.5951305277582039
maybe it's hooka?,neither,0.0371157565344616,0.3311800449649461,0.6317041985005923
Shhh don't question this,neither,0.03936986839728343,0.3317905861290985,0.6288395454736181
He's feeling it,neither,0.04473697542197072,0.32855875831394754,0.6267042662640816
@Ninja_with_no_l I just woke my wife up,offensive_language,0.02311340273747104,0.48851245765256734,0.48837413960996173
or a vape,neither,0.03945320844208391,0.33037608806864915,0.630170703489267
this is amazing,neither,0.050638740814203484,0.3285866302672563,0.6207746289185402
lmfao im about to add this guy after the run hes fucking dope haha,offensive_language,0.09742760478320373,0.8663854912033514,0.036186904013444855
i missed the bong rip fuck,offensive_language,0.14996384034452115,0.840131475299683,0.009904684355796087
Vape nation!,neither,0.03945320844208391,0.33037608806864915,0.630170703489267
lupoPLS,neither,0.03945320844208391,0.33037608806864915,0.630170703489267
LOL,neither,0.020706217963973744,0.4882283491876925,0.4910654328483337
fucking squares,offensive_language,0.10881025194930787,0.890727354988026,0.0004623930626661345
"@Ninja_with_no_L, i wanna hear geometry lessons",neither,0.03945320844208391,0.33037608806864915,0.630170703489267
try hrd!!! haha,neither,0.03377050373015888,0.42682641770751706,0.5394030785623241
THINGYMAGIGY,neither,0.03945320844208391,0.33037608806864915,0.630170703489267
I'm going to watch half baked now,neither,0.0483058361092302,0.34761719906418553,0.6040769648265842
!nina,neither,0.03945320844208391,0.33037608806864915,0.630170703489267
"Nina? Nah, he's a big booty hoe. More like Ninja Minaj.",offensive_language,0.02102041230838727,0.9525283290288801,0.026451258662732614
hahahahahahahhaha,neither,0.03945320844208391,0.33037608806864915,0.630170703489267
Thingmajigies,neither,0.03945320844208391,0.33037608806864915,0.630170703489267
HAAAAAAAAAAAAAAAAAAAAAAA,neither,0.03945320844208391,0.33037608806864915,0.630170703489267
damnit fuck sleep I gotta watch this,offensive_language,0.1514064240780343,0.8418426881995864,0.006750887722379333
Lol,neither,0.020706217963973744,0.4882283491876925,0.4910654328483337
Lmaoooo,neither,0.03945320844208391,0.33037608806864915,0.630170703489267
Best wors of all time,neither,0.038754926052636626,0.4421130611911066,0.5191320127562569
yea,neither,0.03908133164861177,0.3366878077749653,0.624230860576423
Fuck you lupo - I wanted to go to sleep and now I can't leave this!!!!,offensive_language,0.22234317737324397,0.7699636158644887,0.007693206762267296
fucking thingy majigizy,offensive_language,0.10816772023574688,0.8912101372551614,0.000622142509091592
haha,neither,0.03186685585600258,0.45913629025701075,0.5089968538869867
COONS,hate_speech,0.6327527403231193,0.29019893243964306,0.07704832723723755
Word,neither,0.03945320844208391,0.33037608806864915,0.630170703489267
I can't leave now,neither,0.03983660768765333,0.3238688022790383,0.6362945900333085
this dude is so fucking high,offensive_language,0.10680786424344742,0.8927509350682685,0.00044120068828410564
you guys are beast,neither,0.09865916669963594,0.3287069649907327,0.5726338683096314
FUCK,offensive_language,0.34803241646388117,0.6519675835059184,3.0200377847433446e-11
lmfaooooo,neither,0.03945320844208391,0.33037608806864915,0.630170703489267
Hahhaah,neither,0.03945320844208391,0.33037608806864915,0.630170703489267
"""Coons""",hate_speech,0.6327527403231193,0.29019893243964306,0.07704832723723755
shit I had to leave but not anymore,offensive_language,0.047892001490223574,0.9493142589448794,0.0027937395648970033
hes soo Lit rn,neither,0.03945320844208391,0.33037608806864915,0.630170703489267
"holy shit, that sure aint hookah",offensive_language,0.04232475832708186,0.9521871589888734,0.005488082684044693
I'm dying,neither,0.03945320844208391,0.33037608806864915,0.630170703489267
@d0cr3d hey salt-man,neither,0.03958726640290525,0.39490576894055573,0.565506964656539
This guy,neither,0.038507230577569405,0.34643180123495726,0.6150609681874732
Nooooooo lollll,neither,0.03945320844208391,0.33037608806864915,0.630170703489267
lmfao this shit is soo fucking cool,offensive_language,0.09188793113350793,0.9081058889322594,6.179934232561062e-06
this is UNREAL,neither,0.04907462259199723,0.3288661739393127,0.6220592034686901
"ah, college",neither,0.03945320844208391,0.33037608806864915,0.630170703489267
fuck sleep,offensive_language,0.20979239547253767,0.7901981288513493,9.475676113092489e-06
So is this guy going to be amazing or awful? Take your bets.,neither,0.07278672534245216,0.37702121510551234,0.5501920595520357
!geometry,neither,0.03945320844208391,0.33037608806864915,0.630170703489267
RAWR SHAPES MY NAMES NINJA,neither,0.030874741424851356,0.3952266844447667,0.5738985741303818
Wow this guys is blazed and maybe on speed too,neither,0.04210002894368002,0.3144914089408378,0.6434085621154821
SHUT UP NINJA ONLY TALK WHEN U WANNA ASK HIM QUESTIONS! LET HIM TALK,neither,0.017497211663255057,0.3955348585593637,0.5869679297773813
LOL,neither,0.020706217963973744,0.4882283491876925,0.4910654328483337
lol,neither,0.020706217963973744,0.4882283491876925,0.4910654328483337
"@drlupo ask him ""do you ever wonder why we're here""",neither,0.10322655196720686,0.32498792890715456,0.5717855191256386
lmfao falcon hahahaha,neither,0.04858311337049169,0.3272358951064782,0.6241809915230301
well racoons get on our back porch momma just chase em off with a broom,neither,0.04205425570515262,0.4538600211795639,0.5040857231152835
@screamingjello he is going to carry both,neither,0.05893096170740451,0.3467198259044143,0.5943492123881812
"ask him, so do you believe in angels?",neither,0.054026716382387985,0.40936879213189653,0.5366044914857154
@stevegives haha,neither,0.03186685585600258,0.45913629025701075,0.5089968538869867
@stevegives PLEASE DO,neither,0.041797806821934624,0.3295696731728471,0.6286325200052183
PLEASE,neither,0.03945320844208391,0.33037608806864915,0.630170703489267
ninja and lupo,neither,0.03849532262610919,0.28064596753809684,0.680858709835794
@stevegives what was all that stuff about god?,neither,0.040494238439101736,0.45731754230486693,0.5021882192560312
That's what I'm thinking too @The_heroic_lord,neither,0.04076295383270797,0.3813439463134104,0.5778930998538816
@Stevegives @Drlupo Yes! Deep questions!,neither,0.03945320844208391,0.33037608806864915,0.630170703489267
!song,neither,0.038601720699969956,0.3448280572582511,0.616570222041779
I CAN RELATE WITH THIS GUY!,neither,0.028922539740572257,0.37057178674724117,0.6005056735121865
what,neither,0.057770773616808734,0.3180719994247239,0.6241572269584672
!songname,neither,0.03945320844208391,0.33037608806864915,0.630170703489267
Omg this is amazing,neither,0.04836815868005176,0.3289896925324592,0.622642148787489
Oh my gosh,neither,0.03236932916326653,0.3691666553057533,0.59846401553098
@garrilland red vs blue,neither,0.03928332558202516,0.3289535108701809,0.6317631635477939
@Genuinetophat I got you,offensive_language,0.0938950425311807,0.6237583852237704,0.28234657224504894
!currentsong,neither,0.03945320844208391,0.33037608806864915,0.630170703489267
"DroppedAsChild -> ""Phlex - Take Me Home Tonight (feat. Caitlin Gare) [Creative Commons]"" by Argofox | Royalty Free Music is the current song. It was requested by DrLupo",neither,0.03778309896793445,0.36885266664188365,0.5933642343901818
!currentsong,neither,0.03945320844208391,0.33037608806864915,0.630170703489267
Yknow Ninja and Lupo also don't wanna be recognized right now. He understands them.,neither,0.051307638112285565,0.31195381966887437,0.63673854221884
!finish,neither,0.03945320844208391,0.33037608806864915,0.630170703489267
"@ , enjoy the Lighthouse, and may the odds be ever in your favor!",neither,0.05718770009919796,0.26743409243773153,0.6753782074630704
shits deep,neither,0.03945320844208391,0.33037608806864915,0.630170703489267
Good night everyone lupoLOVE GGs earlier and good luck on the rest of the runs! lupoCAW lupoHYPE,neither,0.02945677266016251,0.35673922173189504,0.6138040056079425
oh,neither,0.051363287716059566,0.22255663153133606,0.7260800807526044
@stevegives dammit grif,neither,0.03945320844208391,0.33037608806864915,0.630170703489267
@Drlupo please turn town the music a bit,neither,0.038738768412246924,0.3173727768170733,0.6438884547706798
!sherpee ninja_with_no_l x1,neither,0.03945320844208391,0.33037608806864915,0.630170703489267
lupoCHOO All aboard! Starting scorekeeping monitor.,neither,0.04225610161851796,0.4402748094425353,0.5174690889389468
hahaha jello thats so truee haha,neither,0.036072737488315736,0.4200051739253345,0.5439220885863498
Literally or figuratively???,neither,0.03945320844208391,0.33037608806864915,0.630170703489267
Just learn to accept acclaim.,neither,0.04120106600066776,0.34809002030363506,0.6107089136956971
@droppedaschild thanksh,neither,0.03945320844208391,0.33037608806864915,0.630170703489267
Haha,neither,0.03186685585600258,0.45913629025701075,0.5089968538869867
@Kinsbane Please ? ^,neither,0.03945320844208391,0.33037608806864915,0.630170703489267
hahahahahhahahaha,neither,0.03945320844208391,0.33037608806864915,0.630170703489267
LMAO,neither,0.03705015143476208,0.3711622369619404,0.5917876116032975
!volume 10,neither,0.03945320844208391,0.33037608806864915,0.630170703489267
DrLupo -> The volume has been updated to 10.,neither,0.04356093944379624,0.3151422240353948,0.6412968365208089
Grow up.,neither,0.03859454181661168,0.3999157952312152,0.5614896629521731
LOLOLOL,neither,0.03945320844208391,0.33037608806864915,0.630170703489267
Oh geez,neither,0.04535734983354261,0.27438591475104485,0.6802567354154126
LMAO,neither,0.03705015143476208,0.3711622369619404,0.5917876116032975
He's going for the flower power peace and love,neither,0.035032836139403396,0.30197488393012006,0.6629922799304766
omg,neither,0.03945320844208391,0.33037608806864915,0.630170703489267
stop,offensive_language,0.03955985943432937,0.5175432020074249,0.44289693855824575
ninja pls,neither,0.03945320844208391,0.33037608806864915,0.630170703489267
gjakeSnipe gjakeSnipe gjakeSnipe gjakeSnipe gjakeSnipe gjakeSnipe gjakeSnipe gjakeSnipe gjakeSnipe gjakeSnipe,neither,0.03945320844208391,0.33037608806864915,0.630170703489267
i cant handle this,neither,0.039342574923946674,0.3322538276019127,0.6284035974741408
woaaaah,neither,0.03945320844208391,0.33037608806864915,0.630170703489267
Omg,neither,0.03945320844208391,0.33037608806864915,0.630170703489267
Too good,neither,0.03784194075204321,0.3386521092122164,0.6235059500357404
lupoWHOA,neither,0.03945320844208391,0.33037608806864915,0.630170703489267
SHAPES!,neither,0.03945320844208391,0.33037608806864915,0.630170703489267
LMAO I CANT FUCKING HANDLE THIS,offensive_language,0.10204399081296779,0.8964348686698026,0.0015211405172296097
lol,neither,0.020706217963973744,0.4882283491876925,0.4910654328483337
I feel like im reaching enlightenment,neither,0.04905672819181958,0.3785364236127353,0.5724068481954451
ya knawmsayin,offensive_language,0.017331157930923866,0.7872544665869478,0.19541437548212848
im fucking dyiing,offensive_language,0.12127997593682759,0.8787185275611933,1.4965019791447104e-06
hahahahaha,neither,0.03945320844208391,0.33037608806864915,0.630170703489267
Hahahahahahha,neither,0.03945320844208391,0.33037608806864915,0.630170703489267
@the_heroic_lord I know right I'm cryin,neither,0.03841465021876058,0.35063648253191354,0.610948867249326
plz highlight this run,neither,0.03937679888385922,0.3316729576847786,0.6289502434313622
hahahaaaaaaaaaaaaaaaaaaaaaaaaa,neither,0.03945320844208391,0.33037608806864915,0.630170703489267
LETS GO STONER PHILOSOPHYYY lupoHYPE lupoHYPE lupoHYPE lupoHYPE lupoHYPE,neither,0.03982659812902013,0.34795655838650186,0.6122168434844779
@garrilland lolol,neither,0.03945320844208391,0.33037608806864915,0.630170703489267
Just move away and be a hermit. Stop with the peyote alone.,neither,0.027464609452388884,0.37333093020594504,0.5992044603416661
"Oh my gawd, I'm laughing too much",neither,0.03111386004359798,0.36388132507994486,0.6050048148764572
Its bad.,neither,0.02544806886453537,0.33519309778348183,0.6393588333519827
im bouta make a soundboard of that WOAH for a text message ringtone lmao,neither,0.029928573345595667,0.4151666031953285,0.5549048234590758
!blap,neither,0.03945320844208391,0.33037608806864915,0.630170703489267
try to convince him that ABBA is the best band of all time,neither,0.04542625858969207,0.39522494573763767,0.5593487956726703
You gotta ask him that every game tho @drlupo,neither,0.042440526966546904,0.40015076923358206,0.557408703799871
of all time!,offensive_language,0.04056222538709434,0.5007469822042735,0.45869079240863203
Damn Lupo,offensive_language,0.042479326866149344,0.9516554255713155,0.005865247562535126
Like two rounds in,neither,0.0521408429006517,0.33596208972244324,0.6118970673769051
He'll go nuts,neither,0.0470218382832149,0.3327506470602429,0.6202275146565422
Drink more boubon.,neither,0.04211093521705825,0.3166118910672062,0.6412771737157356
"@ps4bohonkus that is the worst band ever, of all time.",neither,0.04302725194312427,0.40468426383559275,0.552288484221283
shapes jumping over a fence.,neither,0.03687120064264381,0.3319464475032916,0.6311823518540645
the kinds of colors i have to deal with lmfao,neither,0.03920640293714544,0.34618066004407366,0.6146129370187808
am dying over here with the shapes tak,neither,0.05920392184778204,0.3186890305908887,0.6221070475613293
god forbid the rhombus,neither,0.03855824115591303,0.3140060849536933,0.6474356738903936
talk*,neither,0.011110422634366193,0.34012447178344374,0.64876510558219
Fuck rhombus man,offensive_language,0.21015610634308665,0.7898436883819612,2.0527495216472774e-07
give em the sphere,neither,0.03860973799373091,0.31497030597320447,0.6464199560330646
Why did the shapes thing start? Is ninja studying as a mathematician?,neither,0.0344470965964784,0.3510913501776545,0.6144615532258669
he wants a rectangle,neither,0.0483989551896883,0.3272992355495408,0.6243018092607708
couldnt handle the rectangle,neither,0.038594931392147966,0.31469339148040004,0.646711677127452
Octagon,neither,0.03945320844208391,0.33037608806864915,0.630170703489267
LOL,neither,0.020706217963973744,0.4882283491876925,0.4910654328483337
@ninja_with_no_l talk about some satanist kid loving hexagons,neither,0.018820195331051073,0.3772810597542748,0.6038987449146742
"This guy will be pissed when he finds out lol, if he's not too high by then",neither,0.02351812736649828,0.4849114602148967,0.491570412418605
trapezoids Kappa,neither,0.03945320844208391,0.33037608806864915,0.630170703489267
Triangles are the strongest shape.,neither,0.0716747265776738,0.25609525473320904,0.6722300186891174
@Garrilland it's not supposed to be an easy challenge,neither,0.04296387037370351,0.3303076694286981,0.6267284601975983
