text,top_class,hate_speech,offensive_language,neither
@ignisavis oh yea he's a great guy! Love hanging out with him.,neither,0.0318913396994596,0.33227085016800434,0.6358378101325362
I should probably head out to bed. This was really chill hanging with you all. Night!,offensive_language,0.04342094187063317,0.5009656024056444,0.4556134557237224
Sry I left bbs. Had to play a little csgo,neither,0.0437420584011262,0.3311507498226547,0.6251071917762191
@manofcole yeah he rocks!! :-),neither,0.02686827272067212,0.4417092064690038,0.531422520810324
night david,neither,0.031053161642441776,0.33005094973461047,0.6388958886229478
"@NatePdot, i missed you",neither,0.06831604575415924,0.4082687268014507,0.5234152274443901
"@b_labz, we'll still try",neither,0.03822703881677429,0.35118738665787624,0.6105855745253493
@drlupo missed you too. lupoCRY,neither,0.06275824301668778,0.4018519211597599,0.5353898358235524
"@riddledcloud028, lol",neither,0.020706217963973744,0.4882283491876925,0.4910654328483337
Just relax and think about the shapes,neither,0.032781263974518214,0.31519805510346666,0.6520206809220152
@manofcole he's usually my trials third when you don't take him from me :P,neither,0.032403810340032174,0.47526765085698275,0.492328538802985
@ignisavis so do you lupoLOVE,offensive_language,0.0866679027192378,0.5479530273242361,0.3653790699565261
He's in anticipation for the butt touches,neither,0.04107197521727759,0.3164102048702108,0.6425178199125116
"@digitalcuz, hahaha, k.",neither,0.03945320844208391,0.33037608806864915,0.630170703489267
@manofcole awww shucks lupoLOVE lupoLOVE,neither,0.03945320844208391,0.33037608806864915,0.630170703489267
hey im new to streaming and ur my favorite streamer can u please give me a shout out MassJustin,neither,0.041692318273570325,0.3450626418514941,0.6132450398749354
lupoLOVE lupoLOVE lupoLOVE,neither,0.03945320844208391,0.33037608806864915,0.630170703489267
lupoCAW lupoCAW,neither,0.03945320844208391,0.33037608806864915,0.630170703489267
lupoHYPE lupoHYPE lupoHYPE lupoHYPE lupoHYPE,neither,0.03945320844208391,0.33037608806864915,0.630170703489267
lupoCHOO lupoCHOO lupoCHOO lupoCHOO,neither,0.03945320844208391,0.33037608806864915,0.630170703489267
@ignisavis yes he touches my butt nicely,neither,0.03760975301171995,0.4182181161652124,0.5441721308230676
@fender_rtl HeyGuys,neither,0.03945320844208391,0.33037608806864915,0.630170703489267
@manofcole I taught him everything he knows,neither,0.044012250995473796,0.33077199569815097,0.6252157533063752
That takes 3 bong hits to go out on a very high note,neither,0.03528301340294312,0.4185684629404977,0.5461485236565591
"anyone have any advice for ACT, i have it tomorrow morning :(",neither,0.03779488387159385,0.2511961365315812,0.711008979596825
@v9garyy hey bb,neither,0.03945320844208391,0.33037608806864915,0.630170703489267
"@DrLupo, you and rambliinnn are awesome!!!! i hope yall compete in the next 3v3 tournament!!!",neither,0.09583515708004567,0.23981266500337503,0.6643521779165793
@v9garyy my butt still hurts,neither,0.031723097204313884,0.47462394007452974,0.49365296272115633
!tourney,neither,0.03945320844208391,0.33037608806864915,0.630170703489267
Legendary-Only Tournament - beyondchaos.tk // X1 - Out in 2nd round // PS4 Tourney is April 23rd,neither,0.04097613976538948,0.3371839642292234,0.621839896005387
@v9garyy can you touch it and make it feel better,neither,0.04943806546440956,0.32778442539277536,0.6227775091428152
his accent rocks,neither,0.06350372903886896,0.3321586442094474,0.6043376267516837
@fender_rtl lupo will make it better,neither,0.03940760418779937,0.2988983397617035,0.661694056050497
what happened?,neither,0.04722295797655572,0.3248777811305592,0.6278992608928851
"@DrLupo, you have a bye to the finals again",neither,0.05599539890628579,0.38187921389656043,0.5621253871971538
"@ll_Vandy_ll, ty bb",neither,0.03945320844208391,0.33037608806864915,0.630170703489267
What you guys talking about psn@drlupo,neither,0.066540060166014,0.41748514972785566,0.5159747901061303
"@v9garyy true, but he doesn't like me very much lol",neither,0.03308536126777895,0.42473303671990675,0.5421816020123142
poeple who spoiled the secret run @kikjiji,neither,0.03910604596541918,0.3688502591544129,0.5920436948801681
Is this the secret?,neither,0.048642615372870214,0.308974254906453,0.6423831297206767
nope,neither,0.03945320844208391,0.33037608806864915,0.630170703489267
Oh,neither,0.051363287716059566,0.22255663153133606,0.7260800807526044
I wonder what it is,neither,0.05750022890534868,0.3214482277805608,0.6210515433140906
"cool, ill try to catch the next tournament!!",neither,0.04281480058807561,0.325257364531938,0.6319278348799865
:(,neither,0.03945320844208391,0.33037608806864915,0.630170703489267
is it funny i didnt start out in drlupos or ramblinns stream haha,neither,0.03700346734908538,0.3981958954066987,0.564800637244216
what up,neither,0.04549209283961305,0.43877665191533993,0.5157312552450469
I started watching ramb on the first frontier week,neither,0.0303755921999237,0.3298477011047847,0.6397767066952916
sup kim!,neither,0.03945320844208391,0.33037608806864915,0.630170703489267
@Mininewman and here you are :D,neither,0.3446726634058273,0.16088874426543262,0.4944385923287401
ramblin is sick and amazing impossible to track,neither,0.05015595994392024,0.2964008376821525,0.6534432023739273
@Drlupo but lupo ur highly skilled also,neither,0.05369761805638006,0.3318143534958224,0.6144880284477976
@Drlupo at touching butts !!,neither,0.03872983432632065,0.3524000778720453,0.6088700878016341
"@MrsDrLupo, and here i am although @DrLupo did carry me flawless but it wanst via his stream it was Sinister shapes stream",neither,0.06297121742142472,0.21506188842140603,0.7219668941571693
LUPO. is. incredible also I learn alot. from watching him,neither,0.04545383805584859,0.31818362043474746,0.636362541509404
@Mininewman <3,neither,0.03945320844208391,0.33037608806864915,0.630170703489267
!dlst,neither,0.03945320844208391,0.33037608806864915,0.630170703489267
#drluposuckstho,neither,0.03945320844208391,0.33037608806864915,0.630170703489267
"@DrLupo, you make okay plays occasionally <3",neither,0.05266992445213154,0.36804891436086157,0.5792811611870069
Why did you choose keyboard instead controller?@drlupo,neither,0.04063595636807451,0.3699334866580914,0.5894305569738341
!whymnk,neither,0.03945320844208391,0.33037608806864915,0.630170703489267
"Originally, I looked for an alternate input method that would allow me to rez/move/shoot/jump/etc at the same time. I also get hand cramps after playing for too long with a controller. I've put 2500+ hours over ~9 months into learning to play this way on Destiny. I also own an Elite controller. More info: https://goo.gl/DK62Er",neither,0.03476636163728151,0.3300719419718065,0.635161696390912
Lupo is bad at being bad,neither,0.03444593806669187,0.382679954943455,0.5828741069898531
^^,neither,0.03945320844208391,0.33037608806864915,0.630170703489267
!status,neither,0.03945320844208391,0.33037608806864915,0.630170703489267
Mai7Viac -> Current Stream Title: [PS4] SECRET CHOO CHOO,neither,0.03945320844208391,0.33037608806864915,0.630170703489267
lol,neither,0.020706217963973744,0.4882283491876925,0.4910654328483337
did anyone see krafty fall out of his chair today? i havent laughed so much in a long time,neither,0.04450151752006561,0.3593869320470196,0.5961115504329147
Sniper stats? Command for that?,neither,0.029541447107490158,0.3431610336152036,0.6272975192773063
"@V9Garyy, that was so funny",neither,0.03287342169488917,0.4683814343987501,0.49874514390636077
lol garyy i wish,neither,0.02777922154727372,0.4194290283134989,0.5527917501392274
@V9garyy no way. i missed it,neither,0.03707669358776057,0.3476748030064509,0.6152485034057885
@V9garyy i heard about it haha,neither,0.031863516328278566,0.4360299272512148,0.5321065564205066
!longbow,neither,0.03945320844208391,0.33037608806864915,0.630170703489267
!sniper,neither,0.03945320844208391,0.33037608806864915,0.630170703489267
"Post-update, on Xbox One, DrLupo runs a 1000-Yard Stare with Viewtac SLH20 scope, Grenadier, Quickdraw, and Hidden Hand. On PS4 he runs a Y-09 Longbow Synthesis with Shortgaze, Underdog, Rifled Barrel, and Unflinching.",neither,0.031437440744984904,0.34602397711320737,0.6225385821418077
? Idk,neither,0.03945320844208391,0.33037608806864915,0.630170703489267
There we go. So sry. lupoCRY,neither,0.040615467107864206,0.3400940750977484,0.6192904577943873
Nice,neither,0.03945320844208391,0.33037608806864915,0.630170703489267
How can he play with keyboard ??,neither,0.03405455395332529,0.35690859238770495,0.6090368536589699
cant wait for the ldr grind tomorrow,neither,0.03410111512782583,0.2949439104336407,0.6709549744385334
@aarkach he used his hand,neither,0.0784990858026382,0.3287448344787776,0.5927560797185842
uses*,neither,0.03945320844208391,0.33037608806864915,0.630170703489267
"@V9Garyy, that was hysterical, believe it was yesterday though, still funny as hell",offensive_language,0.03536442680091861,0.6090059125769824,0.35562966062209894
!mnk @Daarkach,neither,0.03945320844208391,0.33037608806864915,0.630170703489267
Mouse: http://goo.gl/6xOrtz Keyboard: http://goo.gl/RBsjN1 Adapter: www.xim4.com,neither,0.035802405815396,0.2039198854928479,0.760277708691756
secret?,neither,0.03945320844208391,0.33037608806864915,0.630170703489267
Just realized I have both streams pulled up on 3 different devices. I have an addiction.,neither,0.03402214278422868,0.3816603099566208,0.5843175472591504
"@nyrfan146 it was this morning for me, im in the uk. its 4 am now",neither,0.02928992240923404,0.2556276754441054,0.7150824021466606
No i mean is there an adapter that can use to play with mouse and keyboard insted of controller?,neither,0.021706371204338357,0.3769270164854781,0.6013666123101835
@manofcole why 3,neither,0.016768318525353994,0.3685911158159394,0.6146405656587067
@nyrfan146 its all one long day,neither,0.03406064823471766,0.43072289953623283,0.5352164522290496
@daarkach see last link,neither,0.03945320844208391,0.33037608806864915,0.630170703489267
"@Daarkach, yeah, last link",neither,0.02391451230964695,0.4380601274786755,0.5380253602116777
@the_heroic_lord good question.,neither,0.038603349900201235,0.3306683933919781,0.6307282567078207
Aah didnt know that,neither,0.03450400924482481,0.3844582093911583,0.5810377813640168
also how did secret yo,neither,0.039571355429129214,0.3943907845974733,0.5660378599733975
go,neither,0.04276165647058889,0.34190019769565555,0.6153381458337556
"@V9Garyy, hmm that might be it then haha, I couldn't believe it happened though",neither,0.03355211117277828,0.3985367160027356,0.567911172824486
is ramblinnn in this chat?,neither,0.04963864017043276,0.32876631937268624,0.621595040456881
did we find out who ruined the secret run?,neither,0.038975044932519375,0.3103684650173831,0.6506564900500975
@luca_the_cat was he actully told?,neither,0.04752127734281398,0.33052236948478747,0.6219563531723985
@luca_the_cat it was taken care of by lupo and Ramblinnn,neither,0.03817067600369106,0.3348869995992995,0.6269423243970095
phantom shot gunning omg ramblinn is so godd,neither,0.046137829583374666,0.3651875478146448,0.5886746226019806
!console,neither,0.03945320844208391,0.33037608806864915,0.630170703489267
"DrLupo is primarily on Xbox One, but also plays on PS4. The current console is in the title of the stream. You can see that via the !status or !title commands.",neither,0.04614938359311775,0.2650377636910444,0.6888128527158378
not sarcasm taht is impressive,neither,0.04700038212037252,0.3327153518459513,0.6202842660336761
!status,neither,0.03945320844208391,0.33037608806864915,0.630170703489267
Miguel052315 -> Current Stream Title: [PS4] SECRET CHOO CHOO,neither,0.03945320844208391,0.33037608806864915,0.630170703489267
lupoHYPE lupoHYPE lupoHYPE lupoHYPE lupoHYPE lupoHYPE lupoHYPE lupoHYPE lupoLOVE lupoLOVE lupoLOVE lupoLOVE lupoLOVE lupoLOVE lupoLOVE lupoLOVE lupoLOVE lupoHYPE lupoHYPE lupoHYPE lupoHYPE lupoHYPE lupoHYPE lupoHYPE lupoLOVE lupoLOVE lupoLOVE lupoLOVE lupoLOVE lupoLOVE lupoLOVE lupoLOVE lupoHYPE lupoHYPE lupoHYPE lupoHYPE lupoHYPE lupoHYPE,neither,0.03945320844208391,0.33037608806864915,0.630170703489267
lupoHYPE lupoHYPE THANKS FOR THE SUB lupoHYPE lupoHYPE,neither,0.031417131681781243,0.27457466652234797,0.6940082017958709
lupoHYPE lupoHYPE THANKS FOR THE SUB lupoHYPE lupoHYPE,neither,0.031417131681781243,0.27457466652234797,0.6940082017958709
lupoHYPE lupoHYPE THANKS FOR THE SUB lupoHYPE lupoHYPE,neither,0.031417131681781243,0.27457466652234797,0.6940082017958709
lupoHYPE lupoHYPE lupoHYPE lupoHYPE lupoHYPE lupoHYPE lupoHYPE lupoHYPE lupoHYPE lupoHYPE lupoHYPE lupoHYPE lupoHYPE lupoHYPE lupoHYPE lupoHYPE lupoHYPE lupoHYPE,neither,0.03945320844208391,0.33037608806864915,0.630170703489267
I. not. sure he knows,neither,0.03726689570209802,0.47213152566069794,0.49060157863720416
lupoHYPE lupoHYPE lupoHYPE lupoHYPE lupoHYPE lupoHYPE lupoHYPE lupoHYPE lupoHYPE lupoHYPE lupoHYPE lupoHYPE lupoHYPE lupoHYPE,neither,0.03945320844208391,0.33037608806864915,0.630170703489267
lupoHYPE lupoHYPE lupoHYPE lupoHYPE lupoHYPE lupoHYPE lupoHYPE lupoHYPE lupoHYPE lupoHYPE lupoHYPE lupoHYPE lupoHYPE lupoHYPE lupoHYPE lupoHYPE lupoHYPE,neither,0.03945320844208391,0.33037608806864915,0.630170703489267
oops,neither,0.03945320844208391,0.33037608806864915,0.630170703489267
