text,top_class,hate_speech,offensive_language,neither
Rhyme intended,neither,0.03945320844208391,0.33037608806864915,0.630170703489267
What is the limit for swearing with a 6 year old?,neither,0.03524588450371323,0.3205931894024577,0.644160926093829
Trials of Osiris has started!,neither,0.039979473094935325,0.32144400346846086,0.6385765234366039
Trials of Osiris has started!,neither,0.039979473094935325,0.32144400346846086,0.6385765234366039
Like what's the worst word or where is the line?,neither,0.06213863143307026,0.27145535743327837,0.6664060111336515
haha tittybot,neither,0.03186685585600258,0.45913629025701075,0.5089968538869867
you silly,neither,0.06789027708230214,0.40723451708433506,0.5248752058333628
Can you say crap?,neither,0.06054290616022996,0.38189199635981197,0.557565097479958
Perfect timing to get here,neither,0.08934918101207377,0.3000739168597244,0.6105769021282018
NO SWEARING @Ninja_with_no_l ! lol.,neither,0.030305459711206195,0.40648860530552006,0.5632059349832738
!pants,neither,0.03945320844208391,0.33037608806864915,0.630170703489267
GET OUT.,neither,0.029698830301169855,0.3844210954937732,0.5858800742050568
@drlupo PUPPIES!!! Say puppies!!!,neither,0.03945320844208391,0.33037608806864915,0.630170703489267
I do wut i wunt,neither,0.04121617817376095,0.3297697219358861,0.629014099890353
oh no...no no no no.,neither,0.03997741413689988,0.34294352029869396,0.6170790655644062
GG,neither,0.03945320844208391,0.33037608806864915,0.630170703489267
:),neither,0.03945320844208391,0.33037608806864915,0.630170703489267
omg,neither,0.03945320844208391,0.33037608806864915,0.630170703489267
O__O,neither,0.03945320844208391,0.33037608806864915,0.630170703489267
i love him,neither,0.034411033786589065,0.35725389047771483,0.6083350757356961
OMG HE'S SO CUTE!!!!!!!!!,neither,0.04848019946918573,0.34425155885257486,0.6072682416782395
Wuv him!!!!!,neither,0.0391405574965401,0.33568259056847527,0.6251768519349846
@Ninja_with_no_l lupoCRY,neither,0.03945320844208391,0.33037608806864915,0.630170703489267
Enjoy your ovaries exploding if you have them.,neither,0.06623204023289973,0.3981775479422841,0.535590411824816
OMGGGGGG,neither,0.03945320844208391,0.33037608806864915,0.630170703489267
!little,neither,0.038753252915513146,0.3422561600929139,0.618990586991573
"""I've never done this good in my entire life. I'm doing better than my dad has ever done."" - Little Dickens",neither,0.017301394169368562,0.4538073436237255,0.528891262206906
so cuteeeeee,offensive_language,0.039501631330860744,0.48329170807269783,0.4772066605964413
lupoLOVE lupoLOVE lupoLOVE,neither,0.03945320844208391,0.33037608806864915,0.630170703489267
AAAAAH,neither,0.03945320844208391,0.33037608806864915,0.630170703489267
omg,neither,0.03945320844208391,0.33037608806864915,0.630170703489267
lupoCRY lupoCRY lupoCRY lupoCRY,neither,0.03945320844208391,0.33037608806864915,0.630170703489267
lupoHYPE,neither,0.03945320844208391,0.33037608806864915,0.630170703489267
I'm gonna imagine he's saying hi to me,neither,0.03479087442284054,0.3965668812389985,0.568642244338161
He's amazing. Lmao,neither,0.0446643468801151,0.3483094473202251,0.6070262057996598
"And if you don't, you just grew some.",neither,0.03383127575674287,0.4733031902166361,0.4928655340266209
eeeeeeeeeeeeeeeeeeeeeee!,neither,0.03945320844208391,0.33037608806864915,0.630170703489267
lupoLOVE,neither,0.03945320844208391,0.33037608806864915,0.630170703489267
mod permit for link pls?,neither,0.03400565864837429,0.30316581652975594,0.6628285248218698
favorite command,neither,0.03945320844208391,0.33037608806864915,0.630170703489267
He's the bestest and soooooo cute,neither,0.04504462098370932,0.24594402847683225,0.7090113505394584
@ninja_with_no_l be good,neither,0.039068050134292105,0.3391327941385384,0.6217991557271696
Double sweat pants run,neither,0.03945320844208391,0.33037608806864915,0.630170703489267
I'm sorry adam,neither,0.03945320844208391,0.33037608806864915,0.630170703489267
It won't let me sub scubCLUTCH,neither,0.019475552598096503,0.3990015704606036,0.5815228769413
lupoLOVE lupoLOVE lupoLOVE lupoLOVE lupoLOVE lupoLOVE lupoLOVE lupoLOVE lupoPLS lupoPLS lupoPLS lupoPLS lupoPLS,neither,0.03945320844208391,0.33037608806864915,0.630170703489267
@Drlupo what about brovaries?,neither,0.04753712308015706,0.3758554328400185,0.5766074440798244
"Wow, you didn't put pants on when my daughter player!",offensive_language,0.021976616372678028,0.5304562970071864,0.4475670866201355
Hi :v,neither,0.03945320844208391,0.33037608806864915,0.630170703489267
"Saw little Dickens in your squad, realised I needed to tune I",neither,0.0620222620727904,0.32574678577813637,0.6122309521490733
Ninja don't suck and play better gawd... <3,neither,0.05367130065655524,0.3065637464872788,0.639764952856166
"eh I cant hear him, nor can he hear me",neither,0.03801550532548012,0.3508685329396016,0.6111159617349183
link is for @Missnebulosity,neither,0.041227309861942237,0.2935743937437406,0.6651982963943172
"its ok though, i got stream playin",neither,0.033993930408734746,0.3669590584958299,0.5990470110954355
!tweet kiss my buttinskies,neither,0.026632890504793304,0.4320530281643664,0.5413140813308404
hunder is my fav char,neither,0.035311227476914564,0.4026192515676268,0.5620695209554586
good boy,neither,0.03840003470204111,0.3307383228117663,0.6308616424861926
kapap,neither,0.03945320844208391,0.33037608806864915,0.630170703489267
20 seconds delay call outs,neither,0.03945320844208391,0.33037608806864915,0.630170703489267
"oh, cute lil guy",neither,0.04657196768371011,0.252429383869731,0.7009986484465588
Omg I'm DYING of cuteness over here!!!!,neither,0.06967739189040405,0.30340133521381196,0.6269212728957839
rambPLS rambPLS rambPLS rambPLS rambPLS,neither,0.03945320844208391,0.33037608806864915,0.630170703489267
:),neither,0.03945320844208391,0.33037608806864915,0.630170703489267
OH MY GAWD,neither,0.03223854755348843,0.3699768092684252,0.5977846431780863
age of the kid?,neither,0.03809600242648035,0.3202061905677493,0.6416978070057704
Love these runs.,neither,0.04682539349663319,0.44197594271203927,0.5111986637913275
how old is the kid?,neither,0.047235551854911066,0.31675773314203864,0.6360067150030504
He's not a boy. He likes the hunter most. He's a man.,neither,0.05227884025320369,0.38509272395337724,0.5626284357934191
6,neither,0.03945320844208391,0.33037608806864915,0.630170703489267
@ninja_with_no_l call outs on delay could be challenging,neither,0.037295531029839214,0.3460440473963345,0.6166604215738263
@Unn0wn @Sharpieatcp 6,neither,0.03945320844208391,0.33037608806864915,0.630170703489267
heh,neither,0.03945320844208391,0.33037608806864915,0.630170703489267
GG,neither,0.03945320844208391,0.33037608806864915,0.630170703489267
This makes me love husband 10million times more.,neither,0.03276024482968213,0.3656054055210022,0.6016343496493156
"lol, dont need em. I'll do just fine",neither,0.030550221184829928,0.39175128717315,0.57769849164202
Smart kid to be able to play at all,neither,0.05070245864058685,0.4026342229536362,0.5466633184057769
rambLOVE,neither,0.03945320844208391,0.33037608806864915,0.630170703489267
@Ic1415 link where?,neither,0.04169328132328035,0.29235620515038,0.6659505135263395
rambLOVE rambLOVE rambLOVE,neither,0.03945320844208391,0.33037608806864915,0.630170703489267
Little Dickens Cuteness so OP,neither,0.039152081651115035,0.37275098271752954,0.5880969356313555
@mrsdrlupo he's a good guy :-),neither,0.04545071161432581,0.33867327821632154,0.6158760101693527
I need permit for it @Mrsdrlupo,neither,0.027920214430499947,0.2825042869209955,0.6895754986485045
all i hear from this guy anyways is click clacks,neither,0.047365947492043925,0.3742689282512617,0.5783651242566945
er..,neither,0.03945320844208391,0.33037608806864915,0.630170703489267
kapap,neither,0.03945320844208391,0.33037608806864915,0.630170703489267
Too many cutes!!!!!,neither,0.03903746615917508,0.33743231961051084,0.623530214230314
"Yep, no kids for me",neither,0.026878728293959986,0.35241293288685877,0.6207083388191812
amazing,neither,0.03945320844208391,0.33037608806864915,0.630170703489267
@ninja_with_no_l lmao,neither,0.03705015143476208,0.3711622369619404,0.5917876116032975
@Missnebulosity stupid auto compete,neither,0.11959244521348243,0.2230933400209625,0.6573142147655551
Tell Little Dicken's the chat is rooting for him!,neither,0.03958202702737041,0.3014167959161728,0.6590011770564567
@Ic1415 Auto compete? :P,neither,0.03945320844208391,0.33037608806864915,0.630170703489267
I love secret runs but I can't stop smiling when you do cool stuff like this,neither,0.04473617733499838,0.45348814303496954,0.5017756796300322
omg,neither,0.03945320844208391,0.33037608806864915,0.630170703489267
did the kid say doctrine?,neither,0.03799963253595063,0.3194879801673253,0.642512387296724
ENOUGH @Oreochema,neither,0.03945320844208391,0.33037608806864915,0.630170703489267
@Drlupo Tell Little Dicken's the chat is rooting for him!,neither,0.03958202702737041,0.3014167959161728,0.6590011770564567
BabyRage,neither,0.03945320844208391,0.33037608806864915,0.630170703489267
I can't handle this omg,neither,0.039651216396113444,0.32701537632918654,0.6333334072747001
@Ic1415 NEVER,neither,0.030459082922392345,0.4239770323623975,0.5455638847152102
NERD,neither,0.03945320844208391,0.33037608806864915,0.630170703489267
I'm back,neither,0.03945320844208391,0.33037608806864915,0.630170703489267
lupoRAGE,neither,0.03945320844208391,0.33037608806864915,0.630170703489267
Does your keyboard and mouse adapter work smoothly on the ps4?,neither,0.04156930105955478,0.37836871726164195,0.5800619816788032
cap card died,neither,0.03945320844208391,0.33037608806864915,0.630170703489267
rip cap card,neither,0.03945320844208391,0.33037608806864915,0.630170703489267
Yeah,offensive_language,0.013968601452186464,0.5182923869769311,0.4677390115708824
if so he's my new favorite player,neither,0.019775261893026672,0.48428054827801037,0.49594418982896304
RIP Capture,neither,0.03945320844208391,0.33037608806864915,0.630170703489267
@ninja_with_no_l thanks man. lupoLOVE,neither,0.036093915448851564,0.39026333765636056,0.5736427468947878
froze,neither,0.03945320844208391,0.33037608806864915,0.630170703489267
@ic1415 what are you wanting to post?,neither,0.11621756641559428,0.31444289524271174,0.569339538341694
wow rip,neither,0.03945320844208391,0.33037608806864915,0.630170703489267
@riddledcloud028 go away,neither,0.04372846614377996,0.2986511018517511,0.657620432004469
Rip,neither,0.03945320844208391,0.33037608806864915,0.630170703489267
"ummm, stream glitch",neither,0.03945320844208391,0.33037608806864915,0.630170703489267
Strim got blapped,neither,0.035663549208680506,0.47102480100978333,0.4933116497815363
nice shot!,neither,0.03945320844208391,0.33037608806864915,0.630170703489267
lupoCRY,neither,0.03945320844208391,0.33037608806864915,0.630170703489267
Screen is still white,hate_speech,0.6239847883672298,0.3516935800509062,0.024321631581864036
We need a def ninja emote,neither,0.03915753946563685,0.3313608609813696,0.6294815995529937
lupoCRY,neither,0.03945320844208391,0.33037608806864915,0.630170703489267
nice kill,hate_speech,0.6201368096285516,0.11484726753095387,0.2650159228404945
!fix,neither,0.03945320844208391,0.33037608806864915,0.630170703489267
"@Mrsdrlupo, @Missnebulosity wanted to see little dickens stats... it's just a destinytracker link",neither,0.03939223155420382,0.34643206741484256,0.6141757010309536
And no gameplay for me wth,neither,0.026070395910745246,0.3176067224091637,0.656322881680091
!fix,neither,0.03945320844208391,0.33037608806864915,0.630170703489267
dang I tried,neither,0.03945320844208391,0.33037608806864915,0.630170703489267
oh,neither,0.051363287716059566,0.22255663153133606,0.7260800807526044
um,neither,0.03945320844208391,0.33037608806864915,0.630170703489267
reck,neither,0.03945320844208391,0.33037608806864915,0.630170703489267
rip strim,neither,0.03945320844208391,0.33037608806864915,0.630170703489267
It'll catch up soon,neither,0.035464156282158626,0.384257908600396,0.5802779351174454
!allow ic1415,neither,0.03945320844208391,0.33037608806864915,0.630170703489267
MrsDrLupo -> ic1415 has been granted permission to post a link for 60 seconds.,neither,0.03948094283137336,0.31126035666296836,0.6492587005056583
good shot,neither,0.03853232134326254,0.3306928233697666,0.6307748552869709
http://destinytracker.com/destiny/overview/xbox/Little%20Dickens?v=competition,neither,0.03705240668286056,0.26165644549749056,0.7012911478196487
Wth,neither,0.03945320844208391,0.33037608806864915,0.630170703489267
Nice snipe,neither,0.03945320844208391,0.33037608806864915,0.630170703489267
stream good,neither,0.038712489352510704,0.33063085532967357,0.6306566553178159
ty @Mrsdrlupo,neither,0.03945320844208391,0.33037608806864915,0.630170703489267
Cap card rip,neither,0.03945320844208391,0.33037608806864915,0.630170703489267
YAY Thanks @Ic1415,neither,0.037140473164393985,0.31100954060766905,0.651849986227937
lolol kid is so cute,neither,0.04829714313547921,0.3459808479620268,0.605722008902494
@lilithbadass you're so mean lupoCRY,neither,0.11289300737872462,0.42937488410047864,0.4577321085207968
Stream s broken 4 me,neither,0.03268585175123303,0.3668712159079168,0.60044293234085
Now it fixes,neither,0.036445672953093554,0.33141051743566485,0.6321438096112415
all better!!!,offensive_language,0.043363477296944265,0.4816684527905868,0.474968069912469
YES,neither,0.03945320844208391,0.33037608806864915,0.630170703489267
"Mhmhmm! @ic1415 sorry, takes me longer on mobile :)",neither,0.03232118009839245,0.3681919011618325,0.5994869187397751
"@Theredblade99 it's not the stream going down, it's the cap card being unhappy for whatever reason.",neither,0.031069261524421556,0.330174124687362,0.6387566137882165
"Now I can watch the cutie-snipes. No, not Lupo's. :P",neither,0.041690085197831954,0.32716796668598813,0.6311419481161799
How old is this young feller?,neither,0.04487583958945735,0.38506364991071695,0.5700605104998258
6,neither,0.03945320844208391,0.33037608806864915,0.630170703489267
@Tjcurbstompz 6,neither,0.03945320844208391,0.33037608806864915,0.630170703489267
impressive,neither,0.03945320844208391,0.33037608806864915,0.630170703489267
BabyRage are you doing carries?,neither,0.09170681594466863,0.3270715094305709,0.5812216746247604
@drlupo THE CALLOUTS FROM LIL HOMIE! BibleThump,neither,0.03960452362062644,0.29129657312121127,0.6690989032581623
It won't let me sub rambCRY,neither,0.019475552598096503,0.3990015704606036,0.5815228769413
@Drlupo you have such a dad instinct. :),neither,0.05337574302073,0.37521248027404414,0.5714117767052258
@Shiftysnipes33 what's it saying?,neither,0.032571786833285266,0.3296134184431644,0.6378147947235504
"@shiftysnipes33, :(",neither,0.03945320844208391,0.33037608806864915,0.630170703489267
lupoCRY,neither,0.03945320844208391,0.33037608806864915,0.630170703489267
It just won't finish it I click it and it won't go through,neither,0.034442938247826245,0.32290921395403566,0.6426478477981382
lupoCRY,neither,0.03945320844208391,0.33037608806864915,0.630170703489267
lupoLOVE lupoLOVE lupoLOVE,neither,0.03945320844208391,0.33037608806864915,0.630170703489267
<3,neither,0.03945320844208391,0.33037608806864915,0.630170703489267
crispy snipea,neither,0.03945320844208391,0.33037608806864915,0.630170703489267
gg,neither,0.03945320844208391,0.33037608806864915,0.630170703489267
snipea,neither,0.03945320844208391,0.33037608806864915,0.630170703489267
<3 <3,neither,0.03945320844208391,0.33037608806864915,0.630170703489267
Oh god whatever,neither,0.04547859150269054,0.2732862169446787,0.6812351915526308
3-1 first game,neither,0.028641704259451943,0.2724245288609896,0.6989337668795583
snipea,neither,0.03945320844208391,0.33037608806864915,0.630170703489267
"@ignisavis, snipea",neither,0.03945320844208391,0.33037608806864915,0.630170703489267
Kids legit.,neither,0.03945320844208391,0.33037608806864915,0.630170703489267
nice!,neither,0.03945320844208391,0.33037608806864915,0.630170703489267
good SNIPEA,neither,0.037820165765928906,0.33093776632913474,0.6312420679049364
"I like snipea, too @Ignisavis",neither,0.06576578114433645,0.37520748422332073,0.5590267346323429
lupoPLS,neither,0.03945320844208391,0.33037608806864915,0.630170703489267
Better than @leahrose49 Kappa,neither,0.03901137675988116,0.33787512480443527,0.6231134984356835
them snipea are too OP,neither,0.09116181715839708,0.27592642238741916,0.6329117604541838
what's up boys and girls?,neither,0.025253378606227228,0.4288776350778783,0.5458689863158946
UGH YOU GUYS SUCK,neither,0.09160946353840871,0.3943987561611899,0.5139917803004014
glass proximy,neither,0.03945320844208391,0.33037608806864915,0.630170703489267
"@missnebulosity Oh, my, he does, definitely know how to let his dad instincts flow. Anyone can be a father, but being a dad is something else. :D",neither,0.03570632413273838,0.4312055048963151,0.5330881709709465
k nate,neither,0.03945320844208391,0.33037608806864915,0.630170703489267
!status,neither,0.03945320844208391,0.33037608806864915,0.630170703489267
@Ignisavis lupoSNIPEA,neither,0.03945320844208391,0.33037608806864915,0.630170703489267
DrLupo -> Current Stream Title: [X1] LITTLE DICKENS RETURNS,neither,0.0392587017911129,0.3336773735575359,0.6270639246513513
anyone on ps4 wanna do trials? I'm 334 light,neither,0.038271665578831555,0.3407694132062102,0.6209589212149582
weres ninja,neither,0.03945320844208391,0.33037608806864915,0.630170703489267
howdy @Drlupo,neither,0.03945320844208391,0.33037608806864915,0.630170703489267
Face cam lupoPLS,neither,0.03945320844208391,0.33037608806864915,0.630170703489267
Lolol lupoLOVE,neither,0.03945320844208391,0.33037608806864915,0.630170703489267
@drlupo snipea rhymes with ikea,neither,0.030108524525144887,0.36243672789572334,0.6074547475791318
wheres,neither,0.03945320844208391,0.33037608806864915,0.630170703489267
yaga <3,neither,0.03945320844208391,0.33037608806864915,0.630170703489267
@oreochema lupoCRY lupoCRY lupoCRY,neither,0.03945320844208391,0.33037608806864915,0.630170703489267
XD,neither,0.03945320844208391,0.33037608806864915,0.630170703489267
!dickens,neither,0.03945320844208391,0.33037608806864915,0.630170703489267
@Master_shifuu there was some party/game chat issue,neither,0.032954906051745725,0.28134496047496166,0.6857001334732925
hey @Leahrose49 1,neither,0.03945320844208391,0.33037608806864915,0.630170703489267
!,neither,0.03945320844208391,0.33037608806864915,0.630170703489267
The feeling when you don't want to be seen in Trials anymore after this. BibleThump,neither,0.047051774353721966,0.3857406940929247,0.5672075315533535
he's there. just silent,neither,0.03991225174111841,0.30763848600330507,0.6524492622555764
my xbox is being moody. So it wont let me in party chat,neither,0.022878396935029396,0.45288986493945327,0.5242317381255175
cuz DSL is too strong,neither,0.04854567853657687,0.3319961737488183,0.6194581477146048
"@Adamhughey, THE UNLEVELED GEAR",neither,0.03831673657550799,0.3094399058884286,0.6522433575360634
!dsl,neither,0.03945320844208391,0.33037608806864915,0.630170703489267
@Datmayorwest I know that feeling.,neither,0.03447783157646974,0.384750217928794,0.5807719504947363
Ninja rocks some third world internet at his college apartment: http://www.speedtest.net/my-result/4619821642,neither,0.03754688396540876,0.3321549162656351,0.6302981997689561
lupoCRY,neither,0.03945320844208391,0.33037608806864915,0.630170703489267
@ic1415 thankyou,neither,0.03945320844208391,0.33037608806864915,0.630170703489267
!little,neither,0.038753252915513146,0.3422561600929139,0.618990586991573
"""I've never done this good in my entire life. I'm doing better than my dad has ever done."" - Little Dickens",neither,0.017301394169368562,0.4538073436237255,0.528891262206906
"If I get killed by a 6 year old, I would prefer not to know.",neither,0.029978165356489197,0.4004509178196778,0.5695709168238331
Stopped at another traffic light. 3 miles of chat. Nope. These First World Problems tho,neither,0.05745141192675697,0.34486717742306616,0.5976814106501768
hmmmmm why no sound?,neither,0.029036531608973893,0.3566596169079534,0.6143038514830726
What is on face cam,neither,0.0503795570721818,0.3367873309871806,0.6128331119406376
@oreochema RIP BibleThump,neither,0.03945320844208391,0.33037608806864915,0.630170703489267
"@dazexcel, my face",neither,0.02164404956792595,0.48016551229855686,0.4981904381335172
@Dazexcel facecam is keyboard cam,neither,0.04662910633492473,0.32790796772817965,0.6254629259368957
@Yaganub turn your hearing aid on.,neither,0.06256106297223771,0.33494137295879717,0.602497564068965
yo what up lupo and chat?,neither,0.04129931856303679,0.4102367394716215,0.5484639419653417
ah because I had my volume a 0,neither,0.03019126408257734,0.40092920775674473,0.568879528160678
at 0,neither,0.037091946445510025,0.40193141593839976,0.5609766376160902
@Yaganub that'd do it.,neither,0.0322785861740357,0.40871461175569607,0.5590068020702683
@Yaganub PEBCAK,neither,0.03945320844208391,0.33037608806864915,0.630170703489267
Hey @drlupo !!!,neither,0.03945320844208391,0.33037608806864915,0.630170703489267
Hey @Slothman95,neither,0.03945320844208391,0.33037608806864915,0.630170703489267
I like hawkmoon too,neither,0.06576578114433645,0.37520748422332073,0.5590267346323429
@Kinsbane <#,neither,0.03945320844208391,0.33037608806864915,0.630170703489267
!destiny trialsteamelo lilkrank,neither,0.03945320844208391,0.33037608806864915,0.630170703489267
<3,neither,0.03945320844208391,0.33037608806864915,0.630170703489267
<3,neither,0.03945320844208391,0.33037608806864915,0.630170703489267
!caw,neither,0.03945320844208391,0.33037608806864915,0.630170703489267
FUCKIN' CAW-CAW CAW-CAW,offensive_language,0.09187974904745387,0.908100988191639,1.9262760907015736e-05
How's it goin to day Lupo,neither,0.04603828670455447,0.30980800331262104,0.6441537099828244
Can I be carried flawless,neither,0.040094718672872405,0.3296071431340605,0.6302981381930671
@Datmayorwest I've been through with Ninja and Lupo three times? (I'm super lucky.) And I feel super inept. XD,neither,0.023255070013461058,0.3048058425989831,0.6719390873875558
if its got hawk in the name it is great,neither,0.024006619665240325,0.37185280393129094,0.6041405764034687
!tweet touch butts,neither,0.03945320844208391,0.33037608806864915,0.630170703489267
Its great your helping the youngster,neither,0.05591633418849602,0.28741396305378974,0.6566697027577142
hey Lupo!,neither,0.03945320844208391,0.33037608806864915,0.630170703489267
Crucible time for riddled,neither,0.032540915950356436,0.32017399445657624,0.6472850895930674
how's it going?,neither,0.034827248517943006,0.3742167478469281,0.5909560036351289
Currently on a 6 win no loss card on my sunsinger but my team is offline OSsloth someone teach me how to warlock for these last 3 games OSsloth,neither,0.030528752357437135,0.4125891115570838,0.556882136085479
@Oreochema 3 times?????,neither,0.03945320844208391,0.33037608806864915,0.630170703489267
Aww he sounds so cute,neither,0.04599047941464282,0.34048729271928097,0.6135222278660761
rigged,neither,0.03945320844208391,0.33037608806864915,0.630170703489267
they help the young and the old,neither,0.03506624266030973,0.3146854286426289,0.6502483286970613
!card,neither,0.03945320844208391,0.33037608806864915,0.630170703489267
"@topgunthegreat, there is no current sherpee on the Trials Train. lupoCRY",neither,0.04219557531127937,0.30282098391678874,0.6549834407719319
@Therealfoxp3 Yerp. I've used all my luck and will never get rolled again. :P,neither,0.018045230449818813,0.41812264108811464,0.5638321284620664
"@oreochema I hate you gently. <3 Won a Rambo raffle once, but only entered because I don't win these things. Was a day after surgery, so I couldn't play. RIP.",neither,0.11796256119570322,0.37188341657979834,0.5101540222244983
of course they can't help me but that's just par for the course,neither,0.026977075100199914,0.36210827392272804,0.6109146509770721
i swear ninja got a snipe kill then a shotgun kill,hate_speech,0.5389265614583458,0.1589618652852469,0.30211157325640725
Go kick his butt ninja!!,neither,0.06834163306935487,0.3715019675317119,0.5601563993989332
"""he's dead tho""",neither,0.04087039994183008,0.3393533505034715,0.6197762495546985
did that kingshai dude ever show up?,neither,0.0471582611120989,0.3477920999588312,0.6050496389290698
no,neither,0.036918905254960256,0.37338982715841207,0.5896912675866277
Hey @MODS why ya'll so good looking?,offensive_language,0.020010773050145148,0.5966057874099445,0.3833834395399103
@Datmayorwest That sucks. D: And you're free to hate me harshly. I know I sometimes do. (I need to git gud. xD),neither,0.22787163589217713,0.2753149696921109,0.49681339441571193
@Master_shifuu maybe univ remote and snipes or something like that,neither,0.043680728804252535,0.34267716273444887,0.6136421084612985
shame,neither,0.03945320844208391,0.33037608806864915,0.630170703489267
Any super sweaties wanna group for 3 games?,neither,0.03469740073159517,0.30661415431457834,0.6586884449538265
Yowch!,neither,0.03945320844208391,0.33037608806864915,0.630170703489267
disappearing bullets strike again @Drlupo,neither,0.03786805342598208,0.3572803056168341,0.6048516409571839
Wait is this like true vanguard six year old carry?,neither,0.052799223654457036,0.33987119598961174,0.6073295803559312
shit melted that fool,offensive_language,0.04308279714773626,0.9541966540121524,0.002720548840111365
Lupo giving away kills,neither,0.040828573965981454,0.3070325457101169,0.6521388803239015
What's up Lupo,neither,0.04549209283961305,0.43877665191533993,0.5157312552450469
!card,neither,0.03945320844208391,0.33037608806864915,0.630170703489267
Damn lol,offensive_language,0.03067543087918512,0.9537261634955213,0.015598405625293478
"@oreochema LOL, we need to suck at Trills together, bb. OSsloth",neither,0.05254190208494173,0.39468843707776713,0.552769660837291
hi,neither,0.03945320844208391,0.33037608806864915,0.630170703489267
"yeah, i want him to get kills",neither,0.028908380087301847,0.43146667745293815,0.53962494245976
:),neither,0.03945320844208391,0.33037608806864915,0.630170703489267
Hi @drlupo,neither,0.03945320844208391,0.33037608806864915,0.630170703489267
@Datmayorwest Xbox or PS4?,neither,0.03945320844208391,0.33037608806864915,0.630170703489267
hey @Drlupo whats good,neither,0.03876212119015221,0.33061378466481073,0.630624094145037
Thats awesome!,neither,0.03945320844208391,0.33037608806864915,0.630170703489267
whats up stream,neither,0.03701468226381125,0.37946051108759643,0.5835248066485923
@oreochema X1,neither,0.03945320844208391,0.33037608806864915,0.630170703489267
Goooo Little Dickens!,neither,0.03913165087055051,0.33583375925596015,0.6250345898734893
Can you imagine when Baby Lupo is old enough to play Destiny.....,neither,0.052697513100731966,0.38489084454335687,0.5624116423559112
@Datmayorwest YAS,neither,0.03945320844208391,0.33037608806864915,0.630170703489267
How old is he,neither,0.06093935160013571,0.32298601817655465,0.6160746302233097
Hey @n0madic21,neither,0.03945320844208391,0.33037608806864915,0.630170703489267
lupoHYPE lupoHYPE lupoHYPE,neither,0.03945320844208391,0.33037608806864915,0.630170703489267
6,neither,0.03945320844208391,0.33037608806864915,0.630170703489267
@Adamfool99 it's gonna be CRAYZEE,neither,0.03612135566948353,0.4218516891393224,0.5420269551911941
@adamfool99 lupoPLS lupoPLS,neither,0.03945320844208391,0.33037608806864915,0.630170703489267
