text,top_class,hate_speech,offensive_language,neither
split with striker @nfgrockerdude,neither,0.026533227878265182,0.37665801993058723,0.5968087521911476
lupoCHOO Carnage Report found! Getting results.,neither,0.0361884917285112,0.38578685092965687,0.578024657341832
lupoRAGE Defeat! :( @DrLupo's team lost.,neither,0.03945320844208391,0.33037608806864915,0.630170703489267
"@#drlupo , loss recorded. Passage Card: 6W / 1L lupoCRY",neither,0.03945320844208391,0.33037608806864915,0.630170703489267
It's the red boots they're taking you home,neither,0.06644550140839668,0.32664521205312563,0.6069092865384775
!reset,neither,0.03945320844208391,0.33037608806864915,0.630170703489267
"@drlupo , Passage Card has been reset!",neither,0.03954325386924641,0.32884778216986277,0.6316089639608908
!dlst,neither,0.03945320844208391,0.33037608806864915,0.630170703489267
#drluposuckstho,neither,0.03945320844208391,0.33037608806864915,0.630170703489267
@ramblinnn I see,neither,0.03945320844208391,0.33037608806864915,0.630170703489267
Imma go love yall <3,neither,0.0359583435969099,0.3768498663565361,0.5871917900465541
@drlupo can u ahow your longbow perks?......Thanks..!!,neither,0.0668421341025728,0.2996729937838479,0.6334848721135792
That's not very nice to say,neither,0.04056210472867897,0.37245751816702116,0.5869803771042998
@ramblinnn will you ever use warlock? Kappa,neither,0.0225407844529317,0.439428758119127,0.5380304574279413
!sniper,neither,0.03945320844208391,0.33037608806864915,0.630170703489267
has there ever been a mouse-cam?,neither,0.03944802768237832,0.29762132160493365,0.662930650712688
"On Xbox One, DrLupo runs a Y-09 Longbow Synthesis with Shortgaze, Grenadier, Rifled Barrel, and Firefly. On PS4 he runs a Y-09 Longbow Synthesis with Shortgaze, Underdog, Rifled Barrel, and Unflinching.",neither,0.031241022591751075,0.3464499576119417,0.6223090197963073
@beatlebr0 <3,neither,0.03945320844208391,0.33037608806864915,0.630170703489267
IMO,neither,0.03945320844208391,0.33037608806864915,0.630170703489267
"@Suny_b, long time ago",neither,0.03787682385496617,0.3506318890438923,0.6114912871011414
i currently have no warlocks,neither,0.0378395125441157,0.3577647188678727,0.6043957685880117
so,offensive_language,0.039501631330860744,0.48329170807269783,0.4772066605964413
Especially you ramblinnn DendiFace,neither,0.06977326165876993,0.41178364615582963,0.5184430921854005
"@Suny_b, before i got the new setup",neither,0.037451763084389765,0.33344100075802796,0.6291072361575822
that might be difficult,neither,0.03620375304586379,0.3736857471687045,0.5901104997854317
TBH,neither,0.03945320844208391,0.33037608806864915,0.630170703489267
Ramb is too good for a warlock Kappa,neither,0.03988279067842191,0.30510252865257054,0.6550146806690076
secret choo choo #5 leaving the station lupoCHOO lupoCHOO,neither,0.03900870859692121,0.32234136146573666,0.638649929937342
This is the card!!! I believe it,neither,0.04503808609160114,0.31348855129903985,0.641473362609359
i'm probably going to give stormtrance some playtime soon though,neither,0.03526646005960127,0.37767350504671954,0.5870600348936792
Sounds like when you took me to the lighthouse,neither,0.05187235165503236,0.46008972252133595,0.4880379258236317
@drlupo new setup? you don't still use a mouse?,neither,0.025339818865543227,0.38223392955693897,0.5924262515775178
@ramblinnn hack someone's account and use theirs Kappa,neither,0.02093607924991398,0.3635975443077208,0.6154663764423653
Rip Jogm,neither,0.03945320844208391,0.33037608806864915,0.630170703489267
thought of a good idea for a build,neither,0.03642285105258152,0.22839482346161644,0.7351823254858021
Void lock is best lock.,neither,0.04422322573233198,0.32341349167751215,0.6323632825901558
WAit.,neither,0.03945320844208391,0.33037608806864915,0.630170703489267
"@Suny_b, no no, i play from a new position in my basement",neither,0.03357697918312582,0.33377208488983584,0.6326509359270384
I've been running stormcaller with claws,neither,0.01645017760969815,0.3469345496047527,0.6366152727855492
@drlupo I might start trying to test myself in a similar way seems like a good learning experience,neither,0.04785420014728303,0.33660187296861305,0.6155439268841039
!battlestation,neither,0.03945320844208391,0.33037608806864915,0.630170703489267
Want to see what Drlupo's stream setup looks like? Check this out: http://i.imgur.com/K2ZQe2i.jpg,neither,0.04761146955892069,0.27592609790659955,0.6764624325344799
Jogn*,neither,0.03945320844208391,0.33037608806864915,0.630170703489267
And it's super fun,neither,0.037018328616014326,0.286611605696229,0.6763700656877567
WAIT,neither,0.03945320844208391,0.33037608806864915,0.630170703489267
@drlupo finishing up!!!,neither,0.03629681079646492,0.39509620276730867,0.5686069864362263
Don't do it Rambo. Screw warlocks bro,neither,0.03942188637977151,0.3303868611621704,0.6301912524580582
John**,neither,0.03945320844208391,0.33037608806864915,0.630170703489267
"@MrsDrLupo, i suck at destiny lupoLOVE",neither,0.06201522790698848,0.3648052079184288,0.5731795641745827
"Also good morning chat, sexy bum. lupoLOVE",neither,0.044798931073046847,0.23088271137174687,0.7243183575552062
@Ramblinnn you can take my awful warlock for a s[in,neither,0.035095707400505785,0.4196488253033049,0.5452554672961893
spin*,neither,0.03945320844208391,0.33037608806864915,0.630170703489267
I tried keyboard and mouse at a friends place the other day and ended going 3-8. Lol fuck that way harder at first,offensive_language,0.0889066257213135,0.7723936954614133,0.13869967881727316
Oh snap that setup is gorgeousness,neither,0.04745007369463837,0.32135811109334467,0.631191815212017
@ramblinnn run sunsinger with tof and vf lol,neither,0.018641784879668447,0.3933191169564838,0.5880390981638478
no,neither,0.036918905254960256,0.37338982715841207,0.5896912675866277
"@Drlupo well for what it's worth, i wouldn't mind seeing mouse-cam someday",neither,0.03808252551508011,0.31225817853882115,0.6496592959460988
"@ramblinnn idk why so little people use Viking funeral, touch of flame, and fire together. It's pretty decent but definitely not the best. Kappa",neither,0.02618497099908891,0.37559847931274004,0.5982165496881711
Pls no,neither,0.03841525844964217,0.3479928082740095,0.6135919332763483
Fire bolt*,neither,0.03945320844208391,0.33037608806864915,0.630170703489267
@drlupo ill play for you lupoPLS,neither,0.049954110560371766,0.342108055135137,0.6079378343044912
Ha,neither,0.03945320844208391,0.33037608806864915,0.630170703489267
Haha diss,neither,0.03470982509619973,0.4108836826923835,0.5544064922114168
"Follow me @ twitter.com/TheTrialsTrain for stream notifications, updates, and banter about Destiny.",neither,0.03064500239345661,0.38605513054092555,0.583299867065618
hahahaha,neither,0.03945320844208391,0.33037608806864915,0.630170703489267
"@MrsDrLupo, please? :)",neither,0.03945320844208391,0.33037608806864915,0.630170703489267
@mrsdrlupo lupoLOVE lupoLOVE lupoLOVE lupoLOVE lupoLOVE,neither,0.03945320844208391,0.33037608806864915,0.630170703489267
Would be too easy then @mrsdrlupo,neither,0.03897260365417929,0.33314418163557286,0.6278832147102479
Lol,neither,0.020706217963973744,0.4882283491876925,0.4910654328483337
... Kappa,neither,0.03945320844208391,0.33037608806864915,0.630170703489267
was he being serious?,neither,0.03945423071208737,0.36278691066741964,0.597758858620493
That's how you know he's a virgin lol,neither,0.047079789226391514,0.47085330496913713,0.4820669058044714
"about the ""same map"" thing",neither,0.037967330139511465,0.3465129738542101,0.6155196960062785
Wow,neither,0.03945320844208391,0.33037608806864915,0.630170703489267
.....,neither,0.03945320844208391,0.33037608806864915,0.630170703489267
Haha wut,neither,0.034855008902835743,0.40841953459422803,0.5567254565029363
maybe,neither,0.03945320844208391,0.33037608806864915,0.630170703489267
"I literally lol every time he asks about the map, love the secret runs",neither,0.034054487152562665,0.3721067943167293,0.5938387185307081
he just noticed?,neither,0.0400133668211836,0.35319466314606973,0.6067919700327467
@MrsDrLupo With Face Cam too?,neither,0.028780698644211736,0.37094406527256374,0.6002752360832246
What,neither,0.057770773616808734,0.3180719994247239,0.6241572269584672
@mrsdrlupo OP,neither,0.03945320844208391,0.33037608806864915,0.630170703489267
rofl,neither,0.03945320844208391,0.33037608806864915,0.630170703489267
lol,neither,0.020706217963973744,0.4882283491876925,0.4910654328483337
lol it never fails someone always asks about the map,neither,0.029480168597805237,0.42554300657209865,0.5449768248300962
lupoCRY,neither,0.03945320844208391,0.33037608806864915,0.630170703489267
Haha omg that's hilarious,neither,0.03222993454747768,0.4326097967387244,0.5351602687137978
nice nice nice nice?,neither,0.03945320844208391,0.33037608806864915,0.630170703489267
I guess it makes sense maybe?,neither,0.03777403018932384,0.33572501599307936,0.6265009538175967
@iamnotscottish duh. Gotta see my cute mug,neither,0.031131358506162637,0.3923136912093953,0.5765549502844421
It's not like they've been playing the same map for 7 games now or anything,neither,0.025534923785769822,0.3117627668674175,0.6627023093468126
again?,neither,0.0358555699129713,0.3914374029960717,0.5727070270909569
Thought it was different between cards I guess,neither,0.040323880937671294,0.26288809962948284,0.6967880194328459
Nighty-night guys!,neither,0.02910121535354181,0.3327235254331674,0.6381752592132909
Maybe he thought they just kept on getting the same map,neither,0.03744575187650782,0.32752649794093036,0.6350277501825619
Um wut,neither,0.03945320844208391,0.33037608806864915,0.630170703489267
kraftTP kraftTP,neither,0.03945320844208391,0.33037608806864915,0.630170703489267
Haven't you guys reset cards a couple times? Why is he just now noticing the same map thing lol,neither,0.040131615169916944,0.39818051087952744,0.5616878739505557
He is helping 2 ppl to lighthouse?,neither,0.061809418336234614,0.3211536831048454,0.6170368985589201
to be fair it is a new card lol,neither,0.047137304956771736,0.2974725762896684,0.6553901187535599
On a rotation week,neither,0.03664947341576057,0.34383912094702085,0.6195114056372186
@ramblinnn rambPLS,neither,0.03945320844208391,0.33037608806864915,0.630170703489267
what was that lag,neither,0.04064708499585718,0.36987269511421306,0.5894802198899298
@leafstorm11 too soon,neither,0.03908673363696001,0.3365961219346294,0.6243171444284106
@MrsDrLupo No disagreement here. lupoPLS,neither,0.16019924532073013,0.2735997564217923,0.5662009982574777
this is only the second with this guy @Big_ron81,neither,0.034452030622840565,0.35553860491637096,0.6100093644607886
it's the account's roommate,neither,0.037242945911957794,0.3151678262323492,0.6475892278556931
"that beats ""he wasted three rockets on me""",neither,0.033669901914191676,0.38917010647812916,0.5771599916076791
Hi @ramblinnn how has your day been?,neither,0.07039985168615451,0.3067871418651167,0.6228130064487287
@drlupo do you carry your wife flawless everyweekend?,neither,0.08764422910454092,0.35999691987025484,0.5523588510252043
Good. @wolfenstien1390,neither,0.037820165765928906,0.33093776632913474,0.6312420679049364
night @Drlupo and stream. good luck with the secret run.,neither,0.027067840698562783,0.31823469186006215,0.654697467441375
Crispy red bars.,neither,0.03930716105312785,0.3291531060364838,0.6315397329103885
Good,neither,0.037820165765928906,0.33093776632913474,0.6312420679049364
Red is a cool color,neither,0.049152349175993884,0.3255883161671117,0.6252593346568944
hi ram.,neither,0.03945320844208391,0.33037608806864915,0.630170703489267
Red bars make me the opposite of hard,offensive_language,0.027818504487321264,0.5012244988137077,0.47095699669897095
"@ramblinnn got ya, just got in here... Still tho kinda funny he hasn't noticed yet",offensive_language,0.04462231298624805,0.5220725376918726,0.4333051493218794
I feel like most people don't know what the MOTW emblem looks like,neither,0.10000983801909435,0.3314866052701891,0.5685035567107166
"I agree, free.",neither,0.03945320844208391,0.33037608806864915,0.630170703489267
Kappa,neither,0.03945320844208391,0.33037608806864915,0.630170703489267
Eyyy,neither,0.03945320844208391,0.33037608806864915,0.630170703489267
Welcome to the club,neither,0.04619513547076294,0.30771180647729873,0.6460930580519383
Crispy like my glass last night the first time I took it out @iamnotscottish,neither,0.025772210853555088,0.4052207379311586,0.5690070512152864
@Fender_RTL Before you burned and crumbled...,neither,0.05006363936845579,0.39706241955360355,0.5528739410779406
Jk this color is the best.,neither,0.04647117591813365,0.30823132788581153,0.6452974961960548
Kappa,neither,0.03945320844208391,0.33037608806864915,0.630170703489267
Yup rip @iamnotscottish lupoCRY lupoCRY lupoCRY lupoCRY lupoCRY lupoCRY lupoCRY,neither,0.03945320844208391,0.33037608806864915,0.630170703489267
absolute monster.,neither,0.03945320844208391,0.33037608806864915,0.630170703489267
beast,neither,0.03945320844208391,0.33037608806864915,0.630170703489267
The air shots are on point,neither,0.05703688413824894,0.2892011992217375,0.6537619166400136
wookie are you in here bro?,neither,0.2591292353008768,0.24742574555496819,0.49344501914415506
Yea he stays with air shots,neither,0.034548745058975455,0.3584693340466089,0.6069819208944156
"That was so bad, I was like blap blap, then I was like crap crap.",neither,0.04617882281170845,0.39820517661471755,0.5556160005735741
If hawkmoon had Icarus ..:,neither,0.014053082314897014,0.42647951024690745,0.5594674074381955
Then ded ded.,neither,0.03945320844208391,0.33037608806864915,0.630170703489267
if every gun had Icarus as hidden perk,neither,0.027028508435042467,0.38660743510741763,0.5863640564575399
@mgvertigo101 it would be even more bae.,neither,0.03577490005653269,0.3856242493024298,0.5786008506410374
Kek,neither,0.03945320844208391,0.33037608806864915,0.630170703489267
Good plays Lupo,neither,0.038603349900201235,0.3306683933919781,0.6307282567078207
I've been loving the water star lately. It's got insane range with rangefinder/hidden hand.,neither,0.022671433014258287,0.35365137082661424,0.6236771961591274
Doesn't year 1 celestial nighthawk grant bonus aerial accuracy? Could've sworn I read that somewhere,neither,0.02700080857348928,0.3396882573099334,0.6333109341165774
Competing with scouts on widows court.,neither,0.03111650391425877,0.3613772741819489,0.6075062219037922
"""He went outside""",neither,0.046164243091970786,0.32806785551401557,0.6257679013940136
is getting the revives,neither,0.044794477104255354,0.41135317892109463,0.54385234397465
K,neither,0.03945320844208391,0.33037608806864915,0.630170703489267
^ lol,neither,0.020706217963973744,0.4882283491876925,0.4910654328483337
lol,neither,0.020706217963973744,0.4882283491876925,0.4910654328483337
got green tho,neither,0.034532419596209396,0.36562524368997307,0.5998423367138175
@ramblinnn lol,neither,0.020706217963973744,0.4882283491876925,0.4910654328483337
"@Freefalling227, I vguely remember that",neither,0.03310307937653492,0.4001525795019931,0.5667443411214719
He's right there get him,neither,0.04379042735243339,0.31366579527458105,0.6425437773729855
Might have been a myth though,neither,0.0387594100260542,0.342151657858254,0.6190889321156918
Call outs on point,neither,0.036921657572336126,0.34250067809147755,0.6205776643361863
@ramblinnn Ikr,neither,0.03945320844208391,0.33037608806864915,0.630170703489267
yeah,offensive_language,0.013968601452186464,0.5182923869769311,0.4677390115708824
Is it a double or is whoever is helping just not talking?,neither,0.05004995859614767,0.3413994712428747,0.6085505701609776
I sorta want to try it,neither,0.0444351650376207,0.32359304257505006,0.6319717923873291
Good summary ramblinnn,neither,0.037820165765928906,0.33093776632913474,0.6312420679049364
He's right there! Shoot him with your guns,neither,0.07547458994399354,0.28195966499342995,0.6425657450625766
!highlight,neither,0.03945320844208391,0.33037608806864915,0.630170703489267
2 hours 20 minutes 48 seconds,neither,0.03945320844208391,0.33037608806864915,0.630170703489267
To be fair the res were out side front the tunnel,neither,0.03661451957057732,0.33034405672678235,0.6330414237026404
rofl,neither,0.03945320844208391,0.33037608806864915,0.630170703489267
ORANGE SHADE 6.3,neither,0.03945320844208391,0.33037608806864915,0.630170703489267
Lupo definitely has alot of patience.,neither,0.03976969974793961,0.3250044046317885,0.635225895620272
lmao,neither,0.03705015143476208,0.3711622369619404,0.5917876116032975
This guy is on something,neither,0.044706421883815295,0.3541014724290767,0.6011921056871079
and time,neither,0.036010223204288344,0.29180047823358435,0.6721892985621273
And time Kappa,neither,0.03753806007089713,0.30935800125577145,0.6531039386733314
no kappa,neither,0.03852177801590115,0.3461848932406789,0.6152933287434199
"F""""k",neither,0.03945320844208391,0.33037608806864915,0.630170703489267
Lol @ramblinnn beat me to it,neither,0.026729672894878913,0.44642998156854485,0.5268403455365763
This dudes laugh has me weak,neither,0.03346545963511131,0.3593797474811451,0.6071547928837435
@Ramblinnn Get out...,neither,0.029698830301169855,0.3844210954937732,0.5858800742050568
Ramblinnn that was mine and you took it,neither,0.04819724458583641,0.37775775757625196,0.5740449978379116
"With that, they'll never see it coming",neither,0.023289412068627963,0.4350307824266753,0.5416798055046967
wasted time on the kappa,neither,0.03560076975506164,0.34376507612155227,0.6206341541233862
your loss,neither,0.08634576094181089,0.3172874481986147,0.5963667908595744
so many quotables,neither,0.039413129245513115,0.4120595004619746,0.5485273702925123
the fucking woopdewops,offensive_language,0.15198844031658396,0.8480115232097859,3.647363037489186e-08
oh that poor storm,neither,0.04043495472002119,0.32352342422985364,0.6360416210501251
lol,neither,0.020706217963973744,0.4882283491876925,0.4910654328483337
Lol,neither,0.020706217963973744,0.4882283491876925,0.4910654328483337
@Ramblinnn Nice one. I just finished being introduced to your youtubes. Great stuff!,neither,0.05230583133551188,0.35499753209393653,0.5926966365705516
The Jukes,neither,0.03613032604487659,0.2619290779399786,0.7019405960151449
the warlock wasted it all XD,neither,0.03856329393858597,0.3940281246910165,0.5674085813703976
jesus man,neither,0.03967452323810274,0.4218346727722614,0.538490803989636
Lmao,neither,0.03705015143476208,0.3711622369619404,0.5917876116032975
rip target aquisition based supers,neither,0.03945320844208391,0.33037608806864915,0.630170703489267
Wow just wow,neither,0.035490202547731685,0.34897481811280634,0.615534979339462
He must be a little bit upset,neither,0.04492817553229946,0.323072285502821,0.6319995389648795
rambPLS,neither,0.03945320844208391,0.33037608806864915,0.630170703489267
The jukes,neither,0.03613032604487659,0.2619290779399786,0.7019405960151449
Ring around the rosey,neither,0.038388144061329225,0.31079794144228395,0.6508139144963868
Just a little,neither,0.0309549276055386,0.37879135881990644,0.5902537135745549
Wow,neither,0.03945320844208391,0.33037608806864915,0.630170703489267
WTF IS HAPPENING!!,offensive_language,0.051020955935800125,0.5646961791071393,0.38428286495706065
The fuckinf jukes on the storm were fucking gold man lol,offensive_language,0.07787475902547773,0.9103529054025016,0.011772335572020624
Juked as fuck!,offensive_language,0.2147643789279465,0.7852352657813928,3.552906607134684e-07
Fucking rest in peace storm,offensive_language,0.10345798606120227,0.8882038137699251,0.008338200168872639
Holy shit. Jukes of Hazzard right there...,offensive_language,0.044751209030339655,0.9537322074411293,0.0015165835285310232
The juuuuuuuukesssss,neither,0.03613032604487659,0.2619290779399786,0.7019405960151449
why 3rd guy doesnt speak?,neither,0.030487670073958244,0.34832313551192084,0.6211891944141208
AHHHHH,neither,0.03945320844208391,0.33037608806864915,0.630170703489267
nasty,neither,0.03945320844208391,0.33037608806864915,0.630170703489267
WTF,offensive_language,0.04410695246022759,0.7898861884776351,0.16600685906213722
lol,neither,0.020706217963973744,0.4882283491876925,0.4910654328483337
lolol,neither,0.03945320844208391,0.33037608806864915,0.630170703489267
wwwwwwooooooowwwwwwwwwwwww,neither,0.03945320844208391,0.33037608806864915,0.630170703489267
WTFFFFFFFF,neither,0.03945320844208391,0.33037608806864915,0.630170703489267
Lol,neither,0.020706217963973744,0.4882283491876925,0.4910654328483337
HAHAHAHAHAHA,neither,0.03945320844208391,0.33037608806864915,0.630170703489267
THE SALT WILL BE REAL,neither,0.033418908627849936,0.4140826599504819,0.5524984314216682
WHATS UP,neither,0.03597034933595279,0.4023906385329718,0.5616390121310755
rip,neither,0.03945320844208391,0.33037608806864915,0.630170703489267
lmao,neither,0.03705015143476208,0.3711622369619404,0.5917876116032975
he thought he was going further out and he joked back around,neither,0.04646459174811447,0.2769827644013851,0.6765526438505004
STORMCALLER JUKES,neither,0.03945320844208391,0.33037608806864915,0.630170703489267
Lmfao,neither,0.05470637918084239,0.32512982320825545,0.6201637976109021
I just hard @drlupo,offensive_language,0.02473286719724732,0.6200962061253427,0.3551709266774101
lupoHYPE,neither,0.03945320844208391,0.33037608806864915,0.630170703489267
juked*,neither,0.03945320844208391,0.33037608806864915,0.630170703489267
@drlupo Ughhhh lupo using key board and mouse ughhhh jk bb love you touch my butt plz,neither,0.038579216268910706,0.43143865628092365,0.5299821274501656
That was gross,neither,0.03473771094514209,0.38272157041548344,0.5825407186393744
"1995felch, !highlight",neither,0.03945320844208391,0.33037608806864915,0.630170703489267
Had to leave. How's the card going guys?,neither,0.042563291371902796,0.3378534546029049,0.6195832540251923
rambSLIP rambSLIP rambSLIP rambSLIP rambSLIP,neither,0.03945320844208391,0.33037608806864915,0.630170703489267
oops,neither,0.03945320844208391,0.33037608806864915,0.630170703489267
OH HAAAAY,neither,0.051363287716059566,0.22255663153133606,0.7260800807526044
Highligh reel that stormcaller,neither,0.035126807190173845,0.3775266654705279,0.5873465273392982
!highlight,neither,0.03945320844208391,0.33037608806864915,0.630170703489267
2 hours 22 minutes 33 seconds,neither,0.03945320844208391,0.33037608806864915,0.630170703489267
lupoLOVE,neither,0.03945320844208391,0.33037608806864915,0.630170703489267
I might have came in my pants a little.,neither,0.029515720571116125,0.4128312628101557,0.5576530166187282
I'd be crying,neither,0.04018532935851249,0.3365067743655057,0.6233078962759818
a little?,neither,0.038753252915513146,0.3422561600929139,0.618990586991573
Wtf just happened,offensive_language,0.03713335578426941,0.6237000125496779,0.3391666316660528
WHAT'S UP WHAT'S UP *dies* Uhh...,neither,0.043309347815385306,0.4008564375581457,0.555834214626469
Face reveal HYPE /D,neither,0.03945320844208391,0.33037608806864915,0.630170703489267
:D,neither,0.03945320844208391,0.33037608806864915,0.630170703489267
just a little,neither,0.0309549276055386,0.37879135881990644,0.5902537135745549
That storm caller just opened his window and jumped out of it gjakeH,neither,0.043177118194798025,0.35497864845171506,0.6018442333534869
secret run?,neither,0.03945320844208391,0.33037608806864915,0.630170703489267
literally,neither,0.03945320844208391,0.33037608806864915,0.630170703489267
Chair reveal,neither,0.03945320844208391,0.33037608806864915,0.630170703489267
That was hilarious,neither,0.03460885578398839,0.38418014132155204,0.5812110028944595
"@Ramblinnn, how did that make you feel",neither,0.05284849077714897,0.43325186535905863,0.5138996438637924
@drlupo <3 <3,neither,0.03945320844208391,0.33037608806864915,0.630170703489267
yes @DrLupo,neither,0.03945320844208391,0.33037608806864915,0.630170703489267
I would smash the controller after that shit,offensive_language,0.045561583730158416,0.941921696481223,0.012516719788618548
sick play lupo,neither,0.03945320844208391,0.33037608806864915,0.630170703489267
Ramblinnn has no emotions,neither,0.038970302706340755,0.3385722586877538,0.6224574386059055
no,neither,0.036918905254960256,0.37338982715841207,0.5896912675866277
@Drlupo excuse me... I have to change my pants... a few times....,neither,0.030394126903759488,0.41838215498263387,0.5512237181136066
can someone explain what just happened,neither,0.040131428252930694,0.34094237710075964,0.6189261946463096
Did u get hate mail from it?,neither,0.21331509393180947,0.2246398824551245,0.5620450236130661
@Espadanovena are you gonna be on tonight?,neither,0.08926459189475966,0.37069731381953674,0.5400380942857036
Nice ramblinnn is here :),neither,0.14629012063764335,0.26472004641760793,0.5889898329447488
lupo @EspadaNovena,neither,0.03945320844208391,0.33037608806864915,0.630170703489267
@avengefulvalar Pics?,neither,0.03945320844208391,0.33037608806864915,0.630170703489267
You even were like I can totally grab this special no biggy he's not gonna get me,neither,0.07615759019967669,0.41848196057255777,0.5053604492277656
I would steam roll my xbox after that,neither,0.029011607467296696,0.4121473552273505,0.558841037305353
@Huskeezee I'm in myrtle beach without my xbox </3,neither,0.03004171943099465,0.4021883683019174,0.567769912267088
@Ramblinnn WAIT REALLY?! omg,neither,0.03945320844208391,0.33037608806864915,0.630170703489267
I'd go to sleep,neither,0.05208298237998773,0.3302949281602001,0.6176220894598122
SQUIRTLE BEACH?! @Espadanovena,neither,0.03945320844208391,0.33037608806864915,0.630170703489267
!tweet Please tell me you just saw me juke a stormcaller straight to orbit during its super.,neither,0.03610984683653096,0.40923886024797285,0.5546512929154962
"@drlupo, Tweet posted successfully. Link: https://twitter.com/TheTrialsTrain/status/727331669426851841",neither,0.04041789560073043,0.37313547516271034,0.5864466292365592
What happened lol,neither,0.03580215498614008,0.3934071006401636,0.5707907443736964
lupoHYPE lupoHYPE lupoHYPE lupoHYPE,neither,0.03945320844208391,0.33037608806864915,0.630170703489267
lupoHYPE lupoHYPE lupoHYPE lupoHYPE lupoHYPE lupoHYPE lupoHYPE lupoHYPE lupoHYPE lupoHYPE lupoHYPE lupoHYPE lupoHYPE lupoHYPE,neither,0.03945320844208391,0.33037608806864915,0.630170703489267
"@iamnotscottish I lied, I wasn't wearing pants. It's all over my chest",neither,0.030483840909836264,0.4352469431347837,0.5342692159553801
lupoHYPE lupoHYPE lupoHYPE lupoHYPE lupoHYPE lupoHYPE lupoHYPE lupoHYPE snapsHYPE snapsHYPE snapsHYPE snapsHYPE snapsHYPE,neither,0.03945320844208391,0.33037608806864915,0.630170703489267
@Huskeezee SQUIRTLE BEACH,neither,0.03945320844208391,0.33037608806864915,0.630170703489267
Can you replay that portion on stream real quick? Is that possivle?,offensive_language,0.042126351320675104,0.49662884269883156,0.46124480598049317
"A stormcaller uses super and is like ""guys I got this easy kill my life""",neither,0.220891386108714,0.3511077981401271,0.42800081575115884
rambLURK,neither,0.03945320844208391,0.33037608806864915,0.630170703489267
Lupo then destroys him,neither,0.039217839204937884,0.3343709182877778,0.6264112425072843
@avengedfulvalar Even better Kappa,neither,0.03855119720649221,0.34568557279837925,0.6157632299951284
Rule #1 of stormtrance - never chase the shade,neither,0.035751071812135125,0.348991353622766,0.6152575745650989
@404n00bnotfound normally yes except hes in the mid of a secret run and can't take the time to step away from it,neither,0.04130633640052943,0.2838220375791598,0.6748716260203107
Poor stormcaller why you do that to him 😂,neither,0.04536335662456838,0.43739136133627904,0.5172452820391524
that stormcaller's shoes are still on the ground over there,neither,0.04740658143473007,0.3068771647171807,0.6457162538480892
"yo lupo, we in there!!!!!!",neither,0.039176904300915014,0.3686001699547901,0.5922229257442949
Thanks man :),neither,0.036093915448851564,0.39026333765636056,0.5736427468947878
had to get that annoying blurb out of the way,neither,0.036439915731439815,0.3730517121359658,0.5905083721325944
All he had to do was jump and he would've gotten you,neither,0.041320020631401014,0.3532236359012776,0.6054563434673215
I think he's contemplating wether or not do run storm caller ever again,neither,0.04226465606567906,0.347676547358424,0.6100587965758969
"2 month anniversary, how does that even make sense",neither,0.02747335265801346,0.45017279849190944,0.5223538488500771
whether*,neither,0.03945320844208391,0.33037608806864915,0.630170703489267
will never click the Strom caller again all because of you,neither,0.048997267337135386,0.4568648632863786,0.4941378693764859
From what this guy is saying it almost seems like he is eat thing stream?,neither,0.056595463518289986,0.32937526306800263,0.6140292734137074
Watcging,neither,0.03945320844208391,0.33037608806864915,0.630170703489267
Do ppl really just sit there all staring at the same place?,neither,0.03975039002654249,0.3346402988716035,0.6256093111018539
