text,top_class,hate_speech,offensive_language,neither
heyyyyy @drlupo and fam.,neither,0.0383394047625754,0.270895703764597,0.6907648914728277
lupoLOVE,neither,0.03945320844208391,0.33037608806864915,0.630170703489267
what up @Drlupo,neither,0.04549209283961305,0.43877665191533993,0.5157312552450469
hey @drlupo !,neither,0.03945320844208391,0.33037608806864915,0.630170703489267
@Drlupo today at Butt Touch University the TA in our lab told us that there was a distinct philosophy between butt touching with the left hand and the right hand. She said we weren't advanced enough to discuss it. Would you be able to tell us the real scoop here?,neither,0.07372352510478569,0.38468052229003574,0.5415959526051786
im down @Drlupo,neither,0.037973946499377506,0.38645722584689907,0.5755688276537235
lol,neither,0.020706217963973744,0.4882283491876925,0.4910654328483337
Might do double virgin,neither,0.040723435314351554,0.32993919880025774,0.6293373658853907
oh snap,neither,0.04610041286253887,0.2676795543969371,0.6862200327405242
OMGScoots,neither,0.03945320844208391,0.33037608806864915,0.630170703489267
Facecam! lupoHYPE,neither,0.03945320844208391,0.33037608806864915,0.630170703489267
Hi peoples.,neither,0.03945320844208391,0.33037608806864915,0.630170703489267
:),neither,0.03945320844208391,0.33037608806864915,0.630170703489267
Hey Lupo,neither,0.03945320844208391,0.33037608806864915,0.630170703489267
Hope everyone had a good Monday.,neither,0.06346599348058411,0.3227554145880447,0.6137785919313713
lupoLOVE,neither,0.03945320844208391,0.33037608806864915,0.630170703489267
heylo,neither,0.03945320844208391,0.33037608806864915,0.630170703489267
hi dood :),neither,0.03945320844208391,0.33037608806864915,0.630170703489267
yis,neither,0.03945320844208391,0.33037608806864915,0.630170703489267
I hung out with family all day. TIme to shoot some stuff.,neither,0.038697534852608836,0.3793405801514858,0.5819618849959055
"I kinda miss seeing your hands, easier to imagine all the butt touches",neither,0.05806348075882819,0.37721189735489363,0.5647246218862783
HOPE U DID,neither,0.10585641812143348,0.16441094362914171,0.7297326382494248
my monday just got better @Drlupo,neither,0.0236445096175648,0.4843596504442853,0.4919958399381499
wink,neither,0.03945320844208391,0.33037608806864915,0.630170703489267
!butttouch @drlupo,neither,0.03945320844208391,0.33037608806864915,0.630170703489267
riddledcloud028 ( ＾◡＾)っ(‿|‿) @drlupo,neither,0.03945320844208391,0.33037608806864915,0.630170703489267
lupoCHOO lupoCHOO lupoCHOO lupoCHOO,neither,0.03945320844208391,0.33037608806864915,0.630170703489267
my shaxfall bounties gave me 2 shells and a usable party crasher,neither,0.021328471637276563,0.4161920812598198,0.5624794471029037
@Riddledcloud028 ;) winky face,neither,0.03945320844208391,0.33037608806864915,0.630170703489267
lupoHYPE lupoHYPE lupoHYPE lupoHYPE,neither,0.03945320844208391,0.33037608806864915,0.630170703489267
Shoot em in the face lupo lol,neither,0.048003393557449994,0.30336267405115636,0.6486339323913937
tryna stream snipe your reef to dance on stream,neither,0.05469596705016408,0.34880141019584393,0.596502622753992
Lilith says hi too but she's driving @drlupo,neither,0.037846590639810364,0.398954018371803,0.5631993909883866
@johnnyxutahx hush you. lupoCAW,offensive_language,0.21217306638279385,0.6099082758190073,0.17791865779819876
Hey everyone.,neither,0.031959242684595296,0.4575682446653829,0.5104725126500218
:),neither,0.03945320844208391,0.33037608806864915,0.630170703489267
Da sexy FaceCam is on lupoLOVE lupoLOVE,offensive_language,0.09730019274441899,0.4889152560406062,0.4137845512149749
@Drlupo Hi nice butt today,neither,0.042058581891460375,0.3422772878586525,0.6156641302498871
hi sweg,neither,0.03945320844208391,0.33037608806864915,0.630170703489267
lupoLOVE,neither,0.03945320844208391,0.33037608806864915,0.630170703489267
@drlupo stream isn't loading cause Idont have wifi,neither,0.03794747137465334,0.3559323757635528,0.6061201528617939
:(,neither,0.03945320844208391,0.33037608806864915,0.630170703489267
lupoLOVE lupoLOVE,neither,0.03945320844208391,0.33037608806864915,0.630170703489267
Bart hype,neither,0.03945320844208391,0.33037608806864915,0.630170703489267
@drlupo but Lilith and I love you and both wanna touch your butt,neither,0.06887978362777594,0.33793623132621103,0.593183985046013
Gary hype,neither,0.03945320844208391,0.33037608806864915,0.630170703489267
lupoLOVE lupoLOVE,neither,0.03945320844208391,0.33037608806864915,0.630170703489267
@drlupo what do you think is the most overlooked piece of game knowledge? just curious on your opinion,neither,0.07211017657771293,0.3241759244715596,0.6037138989507275
i really hope thats his leg,neither,0.11463976202924057,0.22316963041563173,0.6621906075551277
!caw,neither,0.03945320844208391,0.33037608806864915,0.630170703489267
FUCKIN' CAW-CAW CAW-CAW,offensive_language,0.09187974904745387,0.908100988191639,1.9262760907015736e-05
Stream loaded !,neither,0.03945320844208391,0.33037608806864915,0.630170703489267
is this a double secret?,neither,0.04777553100265041,0.3290919403709174,0.6231325286264323
Caw caw?,neither,0.03945320844208391,0.33037608806864915,0.630170703489267
Stream sniping you in reef OMGScoots,neither,0.061168938711794005,0.39046814310245037,0.5483629181857557
Caw?,neither,0.03945320844208391,0.33037608806864915,0.630170703489267
!lh fasterrthanyou,neither,0.03945320844208391,0.33037608806864915,0.630170703489267
@zhighxvoltagez third leg,neither,0.03945320844208391,0.33037608806864915,0.630170703489267
"@drlupo , fasterrthanyou is a Lighthouse Veteran!",neither,0.0495192247997867,0.32691392345999004,0.6235668517402233
!lh orin maxden,neither,0.03945320844208391,0.33037608806864915,0.630170703489267
"@drlupo , orin maxden is a Lighthouse Virgin!",neither,0.050886191836019265,0.3264437608131326,0.6226700473508482
Look at that mandime,neither,0.03462669956333865,0.43629998392063896,0.5290733165160223
I was thinking exact damage numbers and counting shots,neither,0.038918046817516275,0.3086694924702258,0.652412460712258
!lh brax7on 420,neither,0.03945320844208391,0.33037608806864915,0.630170703489267
"@drlupo , brax7on 420 is a Lighthouse Virgin!",neither,0.046982326659802426,0.3277864790613234,0.6252311942788742
look at that beautiful face @DrLupo,neither,0.03641295991130262,0.3971923243623019,0.5663947157263954
@trialstrainbot ilu lupoLOVE,neither,0.03945320844208391,0.33037608806864915,0.630170703489267
Can I join,neither,0.03982167796572694,0.32412219862359865,0.6360561234106745
i got buds for the scret cho cho,neither,0.03493129995562533,0.329054456411459,0.6360142436329158
lol,neither,0.020706217963973744,0.4882283491876925,0.4910654328483337
!rng @willx723,neither,0.03945320844208391,0.33037608806864915,0.630170703489267
"Selection is RANDOM, whether !virgin or an open roll. You just need to be active in chat. No need to follow, donate, etc. Selection follows these rules: 1. One run per person, per weekend. 2. If you do NOT get to 9-0, you are able to be selected again on any days remaining that weekend. 3. If you went 9-0 one of the previous two weekends, you are not eligible for the current weekend.",neither,0.062038990868463796,0.42025124673096437,0.5177097624005718
!rng,neither,0.03945320844208391,0.33037608806864915,0.630170703489267
"Selection is RANDOM, whether !virgin or an open roll. You just need to be active in chat. No need to follow, donate, etc. Selection follows these rules: 1. One run per person, per weekend. 2. If you do NOT get to 9-0, you are able to be selected again on any days remaining that weekend. 3. If you went 9-0 one of the previous two weekends, you are not eligible for the current weekend.",neither,0.062038990868463796,0.42025124673096437,0.5177097624005718
Let me play with you bro,offensive_language,0.020150780155043492,0.499301768777484,0.48054745106747254
secret CHOOOOOS,neither,0.03945320844208391,0.33037608806864915,0.630170703489267
i want a ib game with u,neither,0.02446022813538469,0.31793545889651614,0.6576043129680991
:( :(,neither,0.03945320844208391,0.33037608806864915,0.630170703489267
!virgin,neither,0.03945320844208391,0.33037608806864915,0.630170703489267
@lebron7761 we do random picks from chat bud,neither,0.041006123993095826,0.31984165886661586,0.6391522171402882
wait did your set up move. What is that blue wall! @DrLupo,neither,0.06496400824151,0.3809842120229812,0.5540517797355087
Omg who's this sexy guy on screen right now <3 @DrLupo,neither,0.03669321969284349,0.40700287754779574,0.5563039027593608
Hey @Drlupo,neither,0.03945320844208391,0.33037608806864915,0.630170703489267
OMGScoots,neither,0.03945320844208391,0.33037608806864915,0.630170703489267
LOL,neither,0.020706217963973744,0.4882283491876925,0.4910654328483337
Okay cool I'm trash anyway,neither,0.041865590929349605,0.1514446258482463,0.806689783222404
@chaddamax you love that emote dont you?,offensive_language,0.08319084571535637,0.5650897044275767,0.35171944985706705
YEA LOL,neither,0.027848726010712727,0.4215748435894166,0.5505764303998707
OMGScoots,neither,0.03945320844208391,0.33037608806864915,0.630170703489267
hey,neither,0.03945320844208391,0.33037608806864915,0.630170703489267
lurk mode OSfrog,neither,0.03945320844208391,0.33037608806864915,0.630170703489267
Troll mode engaged.,neither,0.03945320844208391,0.33037608806864915,0.630170703489267
If I'm in someone's chat you know it's me when you see the scoots @v9garyy FunRun,offensive_language,0.03021813571763943,0.5086630976472987,0.46111876663506207
@Iamnotscottish NO,neither,0.036918905254960256,0.37338982715841207,0.5896912675866277
bad scottish,neither,0.03134487231026809,0.3331649166770195,0.6354902110127125
Mmmm lupo did you do your eye lashes this morning Kappa b,neither,0.08606556966201219,0.2681955603361143,0.6457388700018735
@Htkyevin <3 <3 <3 <3,neither,0.03945320844208391,0.33037608806864915,0.630170703489267
@Kinsbane Whaaaaat?,neither,0.03945320844208391,0.33037608806864915,0.630170703489267
Kins <3 <3 <3,neither,0.03945320844208391,0.33037608806864915,0.630170703489267
no troll mode,neither,0.038716993436824616,0.3428715780759569,0.6184114284872185
"@Htkyevin even though im shit at trials, wanna play tonight?",offensive_language,0.045260988666702286,0.9473307486023816,0.007408262730916114
!lh phlobie,neither,0.03945320844208391,0.33037608806864915,0.630170703489267
@Kinsbane I was talking about Lupo's message to him lol.,neither,0.03610883144824604,0.4034460891662553,0.5604450793854988
Si senior <3,neither,0.03945320844208391,0.33037608806864915,0.630170703489267
Hahaha I'm an idiot,neither,0.03978658580061487,0.3247178042488034,0.6354956099505817
Lupo trying to get everyone flawless HYPEEEEE!!!,neither,0.03904986286645585,0.42382426507564774,0.5371258720578964
Im home at 6,neither,0.0371835456800457,0.40817553060155043,0.5546409237184038
@Iamnotscottish oh my b i wasnt paying attention lol,neither,0.028826940833449728,0.40207969984822867,0.5690933593183216
lupoCHOO lupoCHOO,neither,0.03945320844208391,0.33037608806864915,0.630170703489267
@Htkyevin *squeeeeeee* <3,neither,0.03945320844208391,0.33037608806864915,0.630170703489267
@Kinsbane There's a surprise... Kappa,neither,0.03938489056721624,0.2937038644324888,0.6669112450002949
:(,neither,0.03945320844208391,0.33037608806864915,0.630170703489267
i need to do bounties @drlupo,neither,0.054775498756026976,0.31963032875365444,0.6255941724903187
!rekt,neither,0.03945320844208391,0.33037608806864915,0.630170703489267
[ ] Not Rekt [x] Rekt,neither,0.03554889144452836,0.3454295093440936,0.619021599211378
hey,neither,0.03945320844208391,0.33037608806864915,0.630170703489267
lupoCRY,neither,0.03945320844208391,0.33037608806864915,0.630170703489267
hi peeps,neither,0.03945320844208391,0.33037608806864915,0.630170703489267
@Pure6shadow hi,neither,0.03945320844208391,0.33037608806864915,0.630170703489267
you all look nice today,neither,0.06342296392222513,0.4463248232738737,0.4902522128039012
hello people,neither,0.08342635347872217,0.3250217469284455,0.5915518995928324
Hi,neither,0.03945320844208391,0.33037608806864915,0.630170703489267
You look the nicest,neither,0.05922002701470078,0.3594714163963014,0.5813085565889979
i like what you did with your pubes,neither,0.09755684651952992,0.41220531638287833,0.49023783709759167
"Not as nice as you, @DrLupo",neither,0.049105302475196996,0.4502073695905965,0.5006873279342064
BloodTrail,neither,0.03945320844208391,0.33037608806864915,0.630170703489267
hi kingbane,neither,0.03945320844208391,0.33037608806864915,0.630170703489267
lightning bolt looks good on you,neither,0.05798733621187803,0.42263075142857354,0.5193819123595484
havent touched them in months,neither,0.05043017053710552,0.3241875864898106,0.6253822429730839
@Drlupo landing stripe,neither,0.03945320844208391,0.33037608806864915,0.630170703489267
leahLEWD,neither,0.03945320844208391,0.33037608806864915,0.630170703489267
Thx bb <3,neither,0.03945320844208391,0.33037608806864915,0.630170703489267
I thought no one would notice,neither,0.040383308829409006,0.2755472764573526,0.6840694147132385
I have a $ sign,neither,0.038724831698251694,0.3427385423233071,0.6185366259784413
caysh money,neither,0.03945320844208391,0.33037608806864915,0.630170703489267
@IC3D_OUT_BART We know...,neither,0.03914817603122934,0.3355532841520078,0.6252985398167629
;),neither,0.03945320844208391,0.33037608806864915,0.630170703489267
Lololol,neither,0.03945320844208391,0.33037608806864915,0.630170703489267
!currentsong,neither,0.03945320844208391,0.33037608806864915,0.630170703489267
"TheOpWanKenobi -> ""Different Heaven & EH!DE - My Heart [NCS Release]"" by NoCopyrightSounds is the current song. It was requested by DrLupo",neither,0.03681829534740552,0.4114752594988849,0.5517064451537095
@Kinsbane crushing it with the $,neither,0.026618858288614034,0.35221779026731714,0.6211633514440688
@Johnnyxutahx just for you bb lupoLOVE,neither,0.04260586069974155,0.36375786368765495,0.5936362756126036
@Ic3d_out_bart that's not true.,neither,0.03241144049755851,0.3958678815329573,0.5717206779694841
bro let me tell you somethin i used to watch realkraftyy a lot and now after i saw your gameplay i liked you as much as i like realkraftyy,neither,0.06416297165931269,0.4274013042051878,0.5084357241354994
"@xDhawi, lupoLOVE",neither,0.03945320844208391,0.33037608806864915,0.630170703489267
Who wants Parthenon to be the map next week,neither,0.04393774280415624,0.37492872069381666,0.5811335365020271
Caw caw caw,neither,0.03945320844208391,0.33037608806864915,0.630170703489267
@Xdhawi <3,neither,0.03945320844208391,0.33037608806864915,0.630170703489267
me,neither,0.018491955366437673,0.460246435692358,0.5212616089412043
Pantheon***,neither,0.03945320844208391,0.33037608806864915,0.630170703489267
i love pantheon,neither,0.03217296676969875,0.3657703709031763,0.602056662327125
k/d check? Kappa,neither,0.03945320844208391,0.33037608806864915,0.630170703489267
@ic3d_out_bart same bro,neither,0.04080419487678808,0.34267912253706484,0.6165166825861472
It's the best map,neither,0.03637142437513343,0.3079398248085529,0.6556887508163136
@MrOptimusP lupoHYPE lupoHYPE lupoHYPE lupoHYPE lupoHYPE lupoLOVE lupoLOVE lupoLOVE lupoLOVE lupoLOVE lupoLOVE lupoHYPE lupoHYPE lupoHYPE lupoHYPE lupoHYPE lupoHYPE lupoLOVE lupoLOVE lupoLOVE lupoLOVE lupoLOVE lupoLOVE,neither,0.03945320844208391,0.33037608806864915,0.630170703489267
pantheon is cheeks tbh,neither,0.047922519259896705,0.3274631037130528,0.6246143770270506
rambLURK rambLURK rambLURK,neither,0.03945320844208391,0.33037608806864915,0.630170703489267
Not as good as Black Shield Kappa,neither,0.049178734360332585,0.3733544715053851,0.5774667941342823
!caw,neither,0.03945320844208391,0.33037608806864915,0.630170703489267
FUCKIN' CAW-CAW CAW-CAW,offensive_language,0.09187974904745387,0.908100988191639,1.9262760907015736e-05
"""a couple times""",neither,0.03945320844208391,0.33037608806864915,0.630170703489267
how is everyone toda,neither,0.04174190257704939,0.4592949296925435,0.49896316773040705
@daltonbeedabbin rood,neither,0.03945320844208391,0.33037608806864915,0.630170703489267
had a nice win streak on it last time,neither,0.03564634576256884,0.35446872046745465,0.6098849337699765
today*,neither,0.03670833772556013,0.28647033973868863,0.6768213225357513
@Drlupo your 3'oclock shadow is nice today,neither,0.07637265980147771,0.2986267390571588,0.6250006011413635
lupoBOT,neither,0.03945320844208391,0.33037608806864915,0.630170703489267
I'm literally tea bagging a dreg on the cosmodrome just waiting for a warsat... What even is life? Kappa,neither,0.03621127643355713,0.36037112204108646,0.6034176015253565
hi bart long time no see Kappa,neither,0.03805236303931599,0.3505396011091892,0.6114080358514947
!butttouch Everyone,offensive_language,0.02988896790634741,0.4927062106388782,0.4774048214547744
V9Garyy ( ＾◡＾)っ(‿|‿) Everyone,offensive_language,0.02988896790634741,0.4927062106388782,0.4774048214547744
"Your voice is warming me up, @Drlupo. KappaRoss",neither,0.07650678323233748,0.42907735111193773,0.49441586565572476
Is this an lfg double carry?! PogChamp,neither,0.04738590014318981,0.3241762489855545,0.6284378508712557
Meh idc what map it is I just want to chill and have fun.,neither,0.0469678829890846,0.316246005314,0.6367861116969155
@drlupo good luck!,neither,0.038607236521895655,0.330667056604554,0.6307257068735503
234 three of coins... WOW,neither,0.03945320844208391,0.33037608806864915,0.630170703489267
NICE,neither,0.03945320844208391,0.33037608806864915,0.630170703489267
