text,top_class,hate_speech,offensive_language,neither
:D,neither,0.03945320844208391,0.33037608806864915,0.630170703489267
<3,neither,0.03945320844208391,0.33037608806864915,0.630170703489267
i don't have good stat weight,neither,0.038457163047273694,0.3382606972793577,0.6232821396733687
SECRET CHOO CHOO LEAVING THE STATION lupoCHOO lupoCHOO lupoCHOO,neither,0.03900870859692121,0.32234136146573666,0.638649929937342
"@knowledgeman23551, for secret runs, i do face cam",neither,0.036065699397002604,0.30857466365329816,0.6553596369496991
"@drlupo just popped in to say sorry to see what happen on Saturday night. Just know there are 20 times more followers out there like me that appreciate, and love you for what you do. Have a great stream!",neither,0.054366191615497564,0.3349832061887969,0.6106506021957055
cuz el oh el reactions,neither,0.04243406809319716,0.30152726062150564,0.6560386712852971
Hey Lupo,neither,0.03945320844208391,0.33037608806864915,0.630170703489267
oh hey you changed,neither,0.06570066709903614,0.3258304539587437,0.6084688789422201
"@Reconsapper, it's all good. :)",neither,0.03918087200600477,0.47454245004112244,0.4862766779528728
"Ugh, my internet can't handle downloads and twitch.",neither,0.032251109225865944,0.3536072215344562,0.614141669239678
btw,neither,0.03945320844208391,0.33037608806864915,0.630170703489267
i do react like this,neither,0.05323702549086256,0.34863426491552385,0.5981287095936136
I'm telling you maybe it's mobile or not but he's Colin Farrell's doppelgänger,neither,0.05046295306571703,0.3748550486289038,0.5746819983053791
with face cam off,neither,0.02899113583909407,0.36674492428016886,0.604263939880737
!destiny trialsteam beeeatle,neither,0.03945320844208391,0.33037608806864915,0.630170703489267
lol,neither,0.020706217963973744,0.4882283491876925,0.4910654328483337
The reactions to the wtf moments are the best lol,neither,0.05218222195450912,0.43289541824670025,0.5149223597987906
I've eaten about 2/3 of a huge sheet cake. NO regrets,neither,0.02497729354310656,0.3418866782028745,0.633136028254019
the other day it was 2-4-4,neither,0.03701846691474612,0.2946866814222582,0.6682948516629957
decret choo choogoing on whattttt?!?!,neither,0.03624652138519213,0.34583338835094446,0.6179200902638634
@drlupo may 22 is Daniel's 6th birthday. Can I organize getting a screenshot of your and his character before then so I can make a poster?,neither,0.06238858930812052,0.3672314751409815,0.5703799355508979
"Hi @mrsdrlupo, hi@themattyj8",neither,0.03945320844208391,0.33037608806864915,0.630170703489267
@kinsbane I run 2/4/5 :),neither,0.03945320844208391,0.33037608806864915,0.630170703489267
@mgvertigo101 sweet!,neither,0.03945320844208391,0.33037608806864915,0.630170703489267
Like... Did he really just stand in a trip mine to get killed and lose the game?,neither,0.04845449488880201,0.29606391174295377,0.6554815933682443
"@Adamhughey, yes, of course",neither,0.03945320844208391,0.33037608806864915,0.630170703489267
can't wait to see what happens tomorrow at work! Have fun! : ),neither,0.06476380214530435,0.3379052245863071,0.5973309732683885
rip,neither,0.03945320844208391,0.33037608806864915,0.630170703489267
@Drlupo you can do it,neither,0.0756730639028903,0.41489501303487014,0.5094319230622396
"Follow me @ twitter.com/TheTrialsTrain for stream notifications, updates, and banter about Destiny.",neither,0.03064500239345661,0.38605513054092555,0.583299867065618
got my 2nd flawless this week on this godforsaken map,neither,0.02995354853866256,0.4224535075169322,0.5475929439444053
@drlupo someone is standing behind you,neither,0.06667341383623938,0.3725364495871972,0.5607901365765634
hey,neither,0.03945320844208391,0.33037608806864915,0.630170703489267
3/4/4 is what I run with my Nightstalker,neither,0.026855500940716943,0.4675734066170385,0.5055710924422444
I just got crap out of lighthouse for this week,neither,0.0270210918542475,0.37364116129238506,0.5993377468533675
Yea my gf is sick :/,neither,0.034932061496329055,0.40922850906141905,0.5558394294422518
@Hockeyrocks248 sounds about right,neither,0.03637722011448991,0.38541838037572435,0.5782043995097856
I'm running 1/5/5 on my NS,neither,0.022077956322881155,0.46616454834886556,0.5117574953282533
What was the leftovers?,neither,0.04399056005889549,0.3120958202686587,0.6439136196724459
too lazy for anything else,neither,0.033943761817745034,0.3076499963622976,0.6584062418199574
I run 3-5-4 on my lock,neither,0.02590349967342195,0.43173738722211763,0.5423591131044605
Mmmm waffles,neither,0.03945320844208391,0.33037608806864915,0.630170703489267
@freefalling227 that's what I run for the same exact reason lol,neither,0.030700184312048046,0.366412949857919,0.602886865830033
"I run 2/5/4 on my nightstalker, but I use sealed grasps instead of graviton.",neither,0.00934011031145057,0.4952998591600991,0.49536003052845035
Mmmm quesadillas,neither,0.03945320844208391,0.33037608806864915,0.630170703489267
@adamhughey awwwwww!!!,neither,0.03945320844208391,0.33037608806864915,0.630170703489267
I had fajitas,neither,0.03945320844208391,0.33037608806864915,0.630170703489267
@drlupo better than a bowl of beerios,neither,0.03898286073534353,0.33835911616173264,0.6226580231029238
Taco Bell rambLURK,neither,0.03945320844208391,0.33037608806864915,0.630170703489267
@mrsdrlupo lupoLOVE,neither,0.03945320844208391,0.33037608806864915,0.630170703489267
2/4/5 with bones for me :) 5 sec delay on grenade isn't huge prefer that smoke,neither,0.02302263655027434,0.4134422563018433,0.5635351071478824
@Fastpassking nothing is better than beerios,neither,0.045325577966083455,0.3870470213836044,0.567627400650312
I HAVE A BACONATOR IN THE FRIDGE. lupoLOVE lupoLOVE lupoLOVE,neither,0.037888757199126495,0.3223161950886463,0.6397950477122273
"dammit lol I figured you'd turn around and consequentially get popped by the other team. Foolproof, ik",neither,0.0420542922813077,0.3817626556963074,0.5761830520223848
Yes!,neither,0.03945320844208391,0.33037608806864915,0.630170703489267
Eat that baconator,neither,0.03234160931213242,0.40873307275565074,0.5589253179322169
Destroy it,neither,0.03772653554390317,0.33096997005595963,0.6313034944001372
That delay ho,offensive_language,0.012884154871078633,0.8551572521417451,0.1319585929871763
that new shadestep teleport,neither,0.03882256878017476,0.23403929903251977,0.7271381321873054
consider it gone.,neither,0.037757063764928205,0.33267229869860143,0.6295706375364702
i dunno.. leftover baconator?,neither,0.03945320844208391,0.33037608806864915,0.630170703489267
Eat the baconator,neither,0.03777382874113256,0.2988607965184159,0.6633653747404514
that teleport ability,neither,0.03462336300107231,0.3831274915853991,0.5822491454135285
"@kinsbane yeah, you're right",offensive_language,0.054460860230095554,0.5233554302255203,0.4221837095443841
@kinsbane I didn't eat it. Got it and forgot about it. lupoCRY,neither,0.024328421452661512,0.385430174078569,0.5902414044687694
@Natepdot how long's it been in the fridge?,neither,0.03701245164335818,0.3198356690855028,0.643151879271139
So basically I wasted it.,neither,0.038030991039092646,0.3751975086843809,0.5867715002765264
Like an hour lol,neither,0.041740442732758766,0.4089849179236115,0.5492746393436296
My god that's ridiculous!!!,neither,0.02562811550593015,0.4521220654084049,0.5222498190856649
commie bars ruin the crucible,neither,0.03885248696697463,0.31947499609801655,0.6416725169350088
oh,neither,0.051363287716059566,0.22255663153133606,0.7260800807526044
That's not bad at all,offensive_language,0.02974559658332387,0.528709814002201,0.44154458941447505
Do they live under the highway?,neither,0.043611354248463366,0.3155701219206372,0.6408185238308994
@Natepdot oh snap,neither,0.04610041286253887,0.2676795543969371,0.6862200327405242
Ethernet or DIE,neither,0.34145560930417657,0.06303765329247905,0.5955067374033444
rambLURK,neither,0.03945320844208391,0.33037608806864915,0.630170703489267
How the fuck does the game allow these Burger King wifi connections? At least go to Taco Bell god,offensive_language,0.09797102388889314,0.8199477236249039,0.08208125248620293
"@Natepdot myself, the thought of microwaving a burger that was in the fridge disgusts me, lol.. i dont ever eat leftovers",neither,0.030684983534080966,0.33256985796879157,0.6367451584971274
nah chick fil a is best,neither,0.04553576985281194,0.32165871470842644,0.6328055154387615
This song is getting me hyped believe it or not,neither,0.03429178397027613,0.4127443095482671,0.5529639064814569
Put it in the toaster for a minute after microwaving.,neither,0.03344462415727298,0.2972739232849952,0.6692814525577319
!butttouch @drlupo,neither,0.03945320844208391,0.33037608806864915,0.630170703489267
lilithbadass ( ＾◡＾)っ(‿|‿) @drlupo,neither,0.03945320844208391,0.33037608806864915,0.630170703489267
Fisher Price hotspots man. too op,neither,0.039341648080743405,0.378485728360084,0.5821726235591727
Get a little life back into it.,neither,0.033812628156551165,0.40446919134780135,0.5617181804956475
How is your evening going bb,neither,0.07020440872561663,0.34195280887733787,0.5878427823970455
!butttouch @MrsDrLupo,neither,0.03945320844208391,0.33037608806864915,0.630170703489267
IAmNotScottish ( ＾◡＾)っ(‿|‿) @MrsDrLupo,neither,0.03945320844208391,0.33037608806864915,0.630170703489267
"@Natepdot except for pizza, cause i have this countertop breville toaster oven that reheats pizza so well",neither,0.0336147901277696,0.3748275546797014,0.591557655192529
@Nfgrockerdude taco bell.....hahahah,neither,0.03945320844208391,0.33037608806864915,0.630170703489267
"@MrsDrLupo Oops, meant for hubby....",neither,0.034824120932196015,0.30724629470800024,0.6579295843598038
Lol @iamnotscottish sure ya did,offensive_language,0.018870751612659824,0.6990663234336041,0.2820629249537361
Hey @kinsbane,neither,0.03945320844208391,0.33037608806864915,0.630170703489267
@kinsbane mmmmmmmmmm. Jealous.,neither,0.03945320844208391,0.33037608806864915,0.630170703489267
Honestly! :o,neither,0.03945320844208391,0.33037608806864915,0.630170703489267
@Lilithbadass hi!,neither,0.03945320844208391,0.33037608806864915,0.630170703489267
@drlupo u should try a few games with a regular controller lol,neither,0.033866458236340914,0.41713371344285133,0.5489998283208078
He does fine with regular controller. It's nbd,neither,0.025077141503744012,0.4453365234421789,0.529586335054077
great plays !,neither,0.0372672489693886,0.30109225598275136,0.66164049504786
@drlupo SAVAGE!!!!!!,neither,0.03945320844208391,0.33037608806864915,0.630170703489267
Shaxx is a liar,neither,0.04981691255257763,0.32681153499115395,0.6233715524562684
vanish Vs envemoned; which is better for defensive pvp,neither,0.04025912961789812,0.30944791294400226,0.6502929574380998
"@slydirtyduck, you should try using mnk for a few games",neither,0.053176156945467595,0.42526500813920065,0.5215588349153317
people really needs to learn to know when they're Hunted,neither,0.08644154456708003,0.334579713373151,0.5789787420597691
@drlupo I should lol,offensive_language,0.04634512203975977,0.5289335742479039,0.42472130371233646
@drlupo you're a beast,neither,0.0970000950037727,0.34912573085509463,0.5538741741411327
I would fail beyond miserable tho,neither,0.03610715409620907,0.33283665426035947,0.6310561916434315
",",neither,0.03945320844208391,0.33037608806864915,0.630170703489267
Yo @drlupo are you participating in the fargames tourny?,neither,0.09327326411910832,0.3854375728484478,0.5212891630324439
WOW TACTICS.,neither,0.03945320844208391,0.33037608806864915,0.630170703489267
jj,neither,0.03945320844208391,0.33037608806864915,0.630170703489267
Lol,neither,0.020706217963973744,0.4882283491876925,0.4910654328483337
Does a tether not cancel the bellicose hover ?,neither,0.027221639544817603,0.42338038162801345,0.549397978827169
nice,neither,0.03945320844208391,0.33037608806864915,0.630170703489267
0.p,neither,0.03945320844208391,0.33037608806864915,0.630170703489267
Those waffles had a little something huh ;),neither,0.06335486904143157,0.26700756644806006,0.6696375645105083
Reign of terror....,neither,0.03945320844208391,0.33037608806864915,0.630170703489267
