text,top_class,hate_speech,offensive_language,neither
"I think they are playing okay, maybe need to listen to the callouts alittle better, but thay are winning gunfights.",neither,0.08117374106529968,0.26149169576857934,0.657334563166121
^,neither,0.03945320844208391,0.33037608806864915,0.630170703489267
disagree,neither,0.03945320844208391,0.33037608806864915,0.630170703489267
doing Raffles later?,neither,0.03945320844208391,0.33037608806864915,0.630170703489267
"Paytor12 Yes, both are lighthouse virgins and haven't played ""that much"" trials according to themselves",neither,0.051157880983744596,0.30454514605621347,0.6442969729600421
Oooooooooooooooooooooooooooooooooooooooo,neither,0.03945320844208391,0.33037608806864915,0.630170703489267
lupoLOVE lupoLOVE lupoLOVE,neither,0.03945320844208391,0.33037608806864915,0.630170703489267
"@guyoverthere7, yep. xbox rolls.",neither,0.03945320844208391,0.33037608806864915,0.630170703489267
@jrs_lifted he didn't say anything that can hurt them lol FailFish,neither,0.03141046072005972,0.4297730046620506,0.5388165346178896
these guys are gonna flip out if they make it to the lighthouse,neither,0.04504136080307654,0.43194650440510407,0.5230121347918193
the payoff of the lighthouse will be one of the best,neither,0.03737920026620493,0.2926781225366385,0.6699426771971566
yeah,offensive_language,0.013968601452186464,0.5182923869769311,0.4677390115708824
I haven't seen much but I think they just need confidence in themselves.,neither,0.03251785543456139,0.344177079629836,0.6233050649356027
"Hey, they are playing better than me... :)",neither,0.052911180930527456,0.3319471799043802,0.6151416391650922
!scout drlupo,neither,0.03945320844208391,0.33037608806864915,0.630170703489267
"@drlupo, stats for the last 25 games for: drlupo are: 221 kills // 84 deaths // 20 wins // 5 losses. KDR: 2.63 // Win %: 80 // Win Streak: 0",neither,0.04227964050362425,0.2876169411008311,0.6701034183955445
!scout titan sample,neither,0.03945320844208391,0.33037608806864915,0.630170703489267
"@drlupo, stats for the last 25 games for: titan sample are: 65 kills // 129 deaths // 10 wins // 15 losses. KDR: 0.50 // Win %: 40 // Win Streak: 1",neither,0.04207336085366424,0.2902495000068678,0.6676771391394679
SO bad ^,neither,0.032986632030736575,0.4278232128257234,0.5391901551435401
like actual cheers,neither,0.04989000026894547,0.3455663019185164,0.6045436978125381
@drlupo lupoLOVE lupoLOVE lupoLOVE lupoLOVE lupoLOVE lupoLOVE lupoLOVE,neither,0.03945320844208391,0.33037608806864915,0.630170703489267
Legit they'll go crazy @leetzgoza,neither,0.03073096054011025,0.43028153549794196,0.538987503961948
!scout heroic chainer,neither,0.03945320844208391,0.33037608806864915,0.630170703489267
"@drlupo, stats for the last 25 games for: heroic chainer are: 30 kills // 34 deaths // 4 wins // 3 losses. KDR: 0.88 // Win %: 57 // Win Streak: 0",neither,0.04211353491015718,0.2897318022723361,0.6681546628175068
Wait.,neither,0.03945320844208391,0.33037608806864915,0.630170703489267
"@DrLupo, They're better than me lupoYE",neither,0.04944783947718344,0.35249694022919653,0.5980552202936201
My comment was for Lupo.,neither,0.021957522372560316,0.3914749816550293,0.5865674959724104
Kappa,neither,0.03945320844208391,0.33037608806864915,0.630170703489267
lolol,neither,0.03945320844208391,0.33037608806864915,0.630170703489267
@Captain_Slippery I secondd that,neither,0.026110925149043836,0.4791292047641166,0.4947598700868395
yeah lupo succs scott Kappa,neither,0.025620010044212545,0.4249683633360766,0.5494116266197109
!scout Jewish Bats,neither,0.03945320844208391,0.33037608806864915,0.630170703489267
its ok lupo they are cool so are you buddy,neither,0.0980422557170469,0.32948827477869147,0.5724694695042616
What are they using,neither,0.0767520554204894,0.3491729079698049,0.5740750366097057
....@DrLupo dud i think these kids are better than @Metal_David and Myself at leasty,neither,0.06972311832505068,0.32827485204027096,0.6020020296346783
the reaction of these 2 is gonna be EPIC if they get LH,neither,0.034425813779558764,0.4554098023140132,0.510164383906428
their lack of trials sophistication is awesome. when you finally get them there they are gonna lose their minds,neither,0.06708220302237432,0.3538547597281858,0.57906303724944
Your such a cool dude lupo I wish I had 1000s of dollars to donate to you,neither,0.08755802565612218,0.343667130808363,0.5687748435355149
lighthouse virgin how do i get a carry?,neither,0.04022464163801513,0.3376430443937194,0.6221323139682655
!rng,neither,0.03945320844208391,0.33037608806864915,0.630170703489267
"Selection is RANDOM, whether !virgin or an open roll. You just need to be active in chat. No need to follow, donate, etc. Selection follows these rules: 1. One run per person, per weekend. 2. If you do NOT get to 9-0, you are able to be selected again on any days remaining that weekend. 3. If you went 9-0 one of the previous two weekends, you are not eligible for the current weekend.",neither,0.062038990868463796,0.42025124673096437,0.5177097624005718
JK ily <3 @Captain_Slippery,neither,0.03945320844208391,0.33037608806864915,0.630170703489267
@twylitesfalling I agree last time we played we were only good as meat shields and for jokes,neither,0.03411473056582468,0.3142591781144257,0.6516260913197497
"@iamnotscottish you're so mean! How dare you say their bad. You're so rude, it must be because you're Irish Kappa",neither,0.11415415334886929,0.4174618364820971,0.4683840101690337
@DrLupo ilu,neither,0.03945320844208391,0.33037608806864915,0.630170703489267
sorry to call you out too @Metal_David i still <3 you bb,neither,0.06973500455690357,0.4353608805941077,0.49490411484898866
"@Ksan418, My feelings rn: lupoWAT lupoYE lupoCRY",neither,0.02758135899623637,0.4235139584412149,0.5489046825625488
They're.....,neither,0.08622719944284905,0.2688219705217552,0.6449508300353959
lmfao fender,neither,0.05470637918084239,0.32512982320825545,0.6201637976109021
@Fender_RTL HA,neither,0.03945320844208391,0.33037608806864915,0.630170703489267
!card,neither,0.03945320844208391,0.33037608806864915,0.630170703489267
"lupoCHOO @louie20134, the current Passage Card is: 1W / 0L, Mercy Used: false. Results are near real-time.",neither,0.05041479247847879,0.3681807519730074,0.5814044555485137
@twylitesfalling oh its fine I knew I sucked. I'm just happy I didn't goose.,neither,0.02769777655343039,0.34051776281320995,0.6317844606333596
any other sherpas here willing to try get me flawless i can hold my own,neither,0.07082887518145514,0.3742820893035457,0.5548890355149991
@iamnotscottish lupoLOVE lupoLOVE lupoLOVE lupoLOVE,neither,0.03945320844208391,0.33037608806864915,0.630170703489267
@Captain_Slippery But i said JK lupoLOVE,neither,0.03544510236747942,0.34239070910492003,0.6221641885276006
.....brutal,neither,0.03945320844208391,0.33037608806864915,0.630170703489267
There goes bungo again trolling with blanks,neither,0.028972889239842026,0.35175793847347464,0.6192691722866833
"i wish i had friends, so i could play trials D:",neither,0.0394129501860576,0.3715856769498301,0.5890013728641124
"@Ksan418, They still can't touch my PvE game doe.",neither,0.02921565292767195,0.3730637235139727,0.5977206235583553
defender titans are not sneaky lol,neither,0.049757915305345846,0.3421995190406201,0.608042565654034
He saw the name and froze,neither,0.04271629825427557,0.2822882266775759,0.6749954750681485
"trust me I know, I play defender titan",neither,0.030966335356077148,0.37690198271298625,0.5921316819309365
@Captain_Slippery I can touch your PvEnis.,neither,0.0872333761623086,0.3110533463862007,0.6017132774514907
@Captain_Slippery Nor can I lol,neither,0.03077857255004496,0.39091380029358963,0.5783076271563654
pVenis game strong,neither,0.03860339462061727,0.27644051049497953,0.6849560948844031
Well it was my 1st couple of games of the day they always suck,neither,0.04068798486366519,0.4060207100132639,0.5532913051230709
and I am not sneaky,neither,0.03710717498357214,0.2941227085445216,0.6687701164719062
Defender Titans are really underestimated that class is pretty nasty,neither,0.06132557755116395,0.32504770483004725,0.6136267176187888
@iamnotscottish can I touch your snipe,neither,0.06809392645714664,0.3183453889475721,0.6135606845952813
"@IAmNotScottish, The fact that you're not doing that right now saddens me.",neither,0.04925821485471889,0.44334270150933675,0.5073990836359444
No,neither,0.036918905254960256,0.37338982715841207,0.5896912675866277
@THEmattyj8 why haven't i heard that before lupoNERD thats a good one,neither,0.02548112820122098,0.4414907239563648,0.5330281478424141
"@Metal_David you mean like i did? i am the chief morale officer, i only provide comic relief and usually music....asking me to actually play destiny is like sending the cook into war",neither,0.05462392725932665,0.34057183338258246,0.6048042393580908
heafs,neither,0.03945320844208391,0.33037608806864915,0.630170703489267
i had to share haha,neither,0.04167766536377593,0.3992773055677379,0.5590450290684863
BURRs,neither,0.03945320844208391,0.33037608806864915,0.630170703489267
Heafs,neither,0.03945320844208391,0.33037608806864915,0.630170703489267
"@poppabob15 defender is my main, so fun",neither,0.0343137210626491,0.4695255136913129,0.49616076524603797
Yes they are defenders are very stronger in the right hands,neither,0.07490894739434197,0.2715721901101128,0.6535188624955454
yooo leveling up my alt account is fking cancer lupoCRY rambCRY,neither,0.03529052227845028,0.407443226323509,0.5572662513980408
!sr UprcpdwuwCg,neither,0.03945320844208391,0.33037608806864915,0.630170703489267
"Duuzii -> ""twenty one pilots: Heathens (from Suicide Squad: The Album) [OFFICIAL VIDEO]"" by Fueled By Ramen has been added to the queue in position #1",neither,0.04488603073443864,0.3181875684620636,0.6369264008034977
:o,neither,0.03945320844208391,0.33037608806864915,0.630170703489267
do it lupo lupoLOVE,neither,0.039361844991312706,0.33040751214889547,0.6302306428597919
!wins,neither,0.03945320844208391,0.33037608806864915,0.630170703489267
!card,neither,0.03945320844208391,0.33037608806864915,0.630170703489267
"lupoCHOO @creatiionzjr, the current Passage Card is: 1W / 0L, Mercy Used: false. Results are near real-time.",neither,0.05041479247847879,0.3681807519730074,0.5814044555485137
I believe.,neither,0.03945320844208391,0.33037608806864915,0.630170703489267
Best friends!,neither,0.03817567083110754,0.3196781525916264,0.642146176577266
I can fly.,neither,0.03986369060264843,0.32340913453079567,0.636727174866556
that voice saying those curse words is amazing,neither,0.05136382456117449,0.31038922544203895,0.6382469499967867
beasting,neither,0.03945320844208391,0.33037608806864915,0.630170703489267
What a play.,neither,0.04942162782202265,0.3234047845290967,0.6271735876488805
Rekkkkkkkt,neither,0.03945320844208391,0.33037608806864915,0.630170703489267
@twylitesfalling I'm an ok player Lupo is far better than me but if I can warm up my thumbs I'll always break even,offensive_language,0.020444721387522735,0.518117814568803,0.46143746404367436
!rekt,neither,0.03945320844208391,0.33037608806864915,0.630170703489267
[ ] Not Rekt [x] Rekt,neither,0.03554889144452836,0.3454295093440936,0.619021599211378
@drlupo we have the same shirt burnPF,neither,0.03862691965992412,0.3332585522365247,0.6281145281035512
I call them sealed ah-ma-hera graps,neither,0.04559727965232824,0.4327502830881807,0.521652437259491
your nuts lmao,neither,0.08003097901415296,0.3396175039235245,0.5803515170623226
alright off to work. i'll be watching the rest of this run on replay tonight. I really really hope you get them there lup,neither,0.07374603137803479,0.26157356568112977,0.6646804029408354
Let me tell you bout my besssst friend,offensive_language,0.01938728185301032,0.5816809851577761,0.39893173298921353
TBAG THE SHIRTTTTT OUT OF HIM!,neither,0.03175044351923111,0.3345112366847964,0.6337383197959725
FapFapFap,neither,0.03945320844208391,0.33037608806864915,0.630170703489267
I don't need heavy ammo,neither,0.03930134072269742,0.32910436733880105,0.6315942919385017
lupoWUT,neither,0.03945320844208391,0.33037608806864915,0.630170703489267
@Metal_David im super happy with my raising to a 1.2 kd,neither,0.02815525594498857,0.430857907257423,0.5409868367975885
lupoWAT,neither,0.03945320844208391,0.33037608806864915,0.630170703489267
On my way!,neither,0.02010399259739927,0.48806200307526215,0.4918340043273385
they are cute though.. :),neither,0.07626552603088185,0.23843900113089672,0.6852954728382213
-picks heavy- even though I don't need it.,neither,0.037643606755440664,0.341004638595967,0.6213517546485923
Who's phantom and why is he asking me to unban him? Lol,neither,0.03289607462299333,0.4155905729689317,0.551513352408075
i swear you hit that kid like 4 times,neither,0.06140974863220465,0.43436730506844196,0.5042229462993535
xD played.,neither,0.03945320844208391,0.33037608806864915,0.630170703489267
SwiftRage SwiftRage,neither,0.03945320844208391,0.33037608806864915,0.630170703489267
lmg too stronk,neither,0.038798963802794226,0.34148032703984427,0.6197207091573615
yaaaaaay,neither,0.03945320844208391,0.33037608806864915,0.630170703489267
!pew,neither,0.03945320844208391,0.33037608806864915,0.630170703489267
http://i.imgur.com/O5ZDh5I.gif,neither,0.0364481805509037,0.2303424311669227,0.7332093882821735
my best friend could kick your best friends ass Kappa,offensive_language,0.10854829008812855,0.8310868709938346,0.060364838918036866
so stronk,offensive_language,0.039501631330860744,0.48329170807269783,0.4772066605964413
@twylitesfalling it is not easy at all. good for you for raising it. I'm at a 1.1 I think,neither,0.042088183266955945,0.3842050298963891,0.5737067868366549
"@poppabob15, lmfao UNBAN HIM YO Kappa",neither,0.045843443705224945,0.3920456103608869,0.5621109459338882
wait,neither,0.03945320844208391,0.33037608806864915,0.630170703489267
Who is that and I definitely don't have that power lol,neither,0.03259203026213758,0.45168237466336325,0.5157255950744991
welcome to try hard ville,offensive_language,0.03635368802045116,0.5424169068588243,0.42122940512072476
de he just shoulder charged you while wearing no back up plans .,neither,0.046197588879858,0.40536221848407694,0.5484401926360651
I will be back stream I need food. @drlupo give'em hell,offensive_language,0.04204720932508951,0.6088551057593757,0.34909768491553483
lolol,neither,0.03945320844208391,0.33037608806864915,0.630170703489267
lmao he is the worst teammate,neither,0.05066299459904351,0.31155199034742853,0.637785015053528
hahaha,neither,0.03945320844208391,0.33037608806864915,0.630170703489267
"*Misses basic shots* ""Yeah I'm just scaring him""",neither,0.026351384077936617,0.4161778790260132,0.5574707368960502
haha just farming him,neither,0.028800786602820004,0.4480290736871526,0.5231701397100273
let him farm this friend also,neither,0.027245331931602522,0.3587614125461002,0.6139932555222973
!songrequest Nothing but Thieves - Excuse Me,neither,0.026462533178397772,0.42756476952338823,0.545972697298214
"IAmNotScottish -> ""Excuse Me - Nothing But Thieves /lyrics"" by Oni has been added to the queue in position #1",neither,0.03545469486532988,0.395061653568844,0.5694836515658261
aww,neither,0.03945320844208391,0.33037608806864915,0.630170703489267
Poor kid is getting farmed,neither,0.042607774784328895,0.402358979158896,0.5550332460567752
7 minute respawn timer... poor guy,neither,0.03900020627445479,0.33806471709476477,0.6229350766307805
GET SO FUCKING REKT,offensive_language,0.11597250329693437,0.8840251222978824,2.3744051831838633e-06
@daltonbeedabbin a lot of people don't realize they don't work with non defenders lol,neither,0.0405901549676067,0.40711381916117995,0.5522960258712133
lmfao that warrior,neither,0.042527384348032576,0.37013372847570625,0.5873388871762613
Omg beast mode,neither,0.03945320844208391,0.33037608806864915,0.630170703489267
So nice,neither,0.03941075665216,0.406195269313673,0.554393974034167
SO REKT,offensive_language,0.039501631330860744,0.48329170807269783,0.4772066605964413
He wanted to give you more free kills,neither,0.06817871693787657,0.353351231174671,0.5784700518874525
Gg,neither,0.03945320844208391,0.33037608806864915,0.630170703489267
Is this farming simulator?,neither,0.0484976811701294,0.3289671781834557,0.6225351406464149
gg,neither,0.03945320844208391,0.33037608806864915,0.630170703489267
lupoHYPE Victory! @drlupo's team won! Passage Card: 3W - 0L - Mercy used: false. Results are near real-time.,neither,0.0458918798830489,0.3763687900874958,0.5777393300294552
Farmin',neither,0.03945320844208391,0.33037608806864915,0.630170703489267
$$$$$$$$$,neither,0.03945320844208391,0.33037608806864915,0.630170703489267
!rekt,neither,0.03945320844208391,0.33037608806864915,0.630170703489267
[ ] Not Rekt [x] Rekt,neither,0.03554889144452836,0.3454295093440936,0.619021599211378
Nice high 5,neither,0.03483681406710736,0.4397472581599817,0.5254159277729108
omg lupo... so good,neither,0.03853327333104568,0.3935589348847541,0.5679077917842001
#FarmingSimulator,neither,0.03945320844208391,0.33037608806864915,0.630170703489267
@raspberryfizz Not as good as you.,neither,0.049004037000704964,0.45883768180893586,0.4921582811903592
"@nanabatman1335, i know i see it allll the time and i just sit there like lupoWAT",neither,0.04009559813592238,0.30037717053269947,0.6595272313313782
damn man...,offensive_language,0.04290493943117821,0.9414064921240738,0.01568856844474795
The plays 🤗,neither,0.0381955476471936,0.307118819326112,0.6546856330266944
haha,neither,0.03186685585600258,0.45913629025701075,0.5089968538869867
@iamnotscottish haha lupoLOVE,neither,0.03186685585600258,0.45913629025701075,0.5089968538869867
beast,neither,0.03945320844208391,0.33037608806864915,0.630170703489267
lupoLOVE,neither,0.03945320844208391,0.33037608806864915,0.630170703489267
Farmville. Lumfao dud,neither,0.03945320844208391,0.33037608806864915,0.630170703489267
@daltonbeedabbin it's weird lol,neither,0.02793794574961776,0.40590367266762284,0.5661583815827594
is there a raffle to play with lupo,neither,0.04196323471156137,0.3160322214081445,0.6420045438802942
so good,neither,0.03814044697628118,0.4245687317089837,0.5372908213147352
"'if you revive me and dont push me, I SAID PUSH ME MOTHSAFIUASFHAIG'",neither,0.025722985130508674,0.4201616895929429,0.5541153252765485
lupoNP lupoNP,neither,0.03945320844208391,0.33037608806864915,0.630170703489267
"Lupo, you are the GOAT",neither,0.11016584959521232,0.30046143690337945,0.5893727135014082
pretty well? you only went 14-1,neither,0.0539176371820699,0.37142738364127414,0.5746549791766559
!dlst,neither,0.03945320844208391,0.33037608806864915,0.630170703489267
#drluposuckstho,neither,0.03945320844208391,0.33037608806864915,0.630170703489267
dude they are going to freak out,neither,0.06355042245928945,0.32506081485162663,0.611388762689084
Kappa,neither,0.03945320844208391,0.33037608806864915,0.630170703489267
YOU Got it,offensive_language,0.07540088504229261,0.5719594387537538,0.35263967620395364
get eeem doc!!,neither,0.03879753702167022,0.34150454323912055,0.6196979197392092
"Wow. For as much tea-bagging as he did, he made some weak tea. ;P",neither,0.03393349835239399,0.35223922073863684,0.6138272809089691
wait is this a secret run??,neither,0.04707134490206266,0.32921176868543645,0.6237168864125008
fingers crossed i get selected,neither,0.03895334976130272,0.33885999440871023,0.6221866558299871
"jtwoc : Yep, double secret",neither,0.03945320844208391,0.33037608806864915,0.630170703489267
@Oreochema Was waiting for that.,neither,0.028312541822046695,0.3477058782293259,0.6239815799486275
ive never wanted someone to get a cb dop as bad as this kid,neither,0.03563153855168822,0.40554847507361613,0.5588199863746957
@drlupo you're ability to remain calm and pull info from those not readily giving is incredible. A true dream to watch.,neither,0.08843766112924974,0.2706655777484828,0.6408967611222675
Pretty well? I think that's an understatement lupo FuzzyOtterOO,neither,0.03620996420128483,0.3599752438246602,0.6038147919740551
"@DrLupo, I didn't know you bought Farming Simulator '15 from the Steam Sale Kappa",neither,0.038302243771885236,0.35761120482150005,0.6040865514066147
Hm. Only 14-1 where's the 15-0 unbroken?,neither,0.04014263742663439,0.29444851302061525,0.6654088495527504
Are autos garbage now? Haven't been playing since last update,neither,0.05503211623325261,0.3044286661412486,0.6405392176254987
lmao oreo,neither,0.0425412421698212,0.015333534592759943,0.9421252232374188
"""Im playing pretty well"". Lol understatement of the day",neither,0.031854558014648315,0.3779742487551659,0.5901711932301859
Waddup Lupo,neither,0.03945320844208391,0.33037608806864915,0.630170703489267
"@DrLupo, youre such a nice guy",neither,0.04875665437831157,0.33045074445163786,0.6207926011700504
ily,neither,0.03945320844208391,0.33037608806864915,0.630170703489267
"@IAmNotScottish, lupoLOVE",neither,0.03945320844208391,0.33037608806864915,0.630170703489267
GOOD SHIT LUPO,offensive_language,0.040452760017332466,0.9595458593745861,1.3806080814494439e-06
is it on sale @captain_slippery ?,neither,0.043562025903234596,0.34401199536013954,0.6124259787366257
These kids are actually really nice,neither,0.07794419791640127,0.3519346471834475,0.5701211549001511
awesome lupo!!!,neither,0.03945320844208391,0.33037608806864915,0.630170703489267
that's awesome,neither,0.03419525192306799,0.38790559219732307,0.5778991558796089
love secret runs with kids :),neither,0.028577908997264943,0.37170213452241907,0.599719956480316
I'll watch this shit all day,offensive_language,0.05064745431614683,0.9487487756294247,0.0006037700544285479
Best streamer ever,neither,0.03810432385440744,0.31908070219434626,0.6428149739512463
@DrLupo plz commit to lighthouse with them. if this doesn't work out ...YEAH double run w/ someone like ramb,neither,0.026491099872969603,0.4497064417041595,0.523802458422871
YOU GOT THIS SHIT YO lupoHYPE lupoHYPE lupoHYPE lupoHYPE,offensive_language,0.060522611284355314,0.9394651002569457,1.2288458698891824e-05
So innocent - just want that emblem & loot,neither,0.03142202513864664,0.43498845315460527,0.533589521706748
@drlupo can you try and please land a 360 no scope with your eyes closed please burnLOVE,neither,0.05478161826110053,0.3356330878527116,0.6095852938861878
I laughed when one told the other; I Don't need heavy MVGame MVGame,neither,0.03155437330579646,0.372347284942934,0.5960983417512695
"Tell their friends they suck, they're awesome",neither,0.07305567302472925,0.3137122759885445,0.6132320509867261
These guys need to go to that litshak,neither,0.06364497371961665,0.4557909722989059,0.48056405398147733
"@kaisah007, Dunno, but that hunter must've gifted it to him with all those kills.",neither,0.029133960819173417,0.3567269906608893,0.6141390485199373
dr lupo yu got this buddy!!,neither,0.03829716727519995,0.3703313158975065,0.5913715168272934
Must've. @captain_slippery,neither,0.014046011508804284,0.282753264500449,0.7032007239907467
Haha,neither,0.03186685585600258,0.45913629025701075,0.5089968538869867
!butttouch @Xylisithe,neither,0.03945320844208391,0.33037608806864915,0.630170703489267
Oreochema ( ＾◡＾)っ(‿|‿) @Xylisithe,neither,0.03945320844208391,0.33037608806864915,0.630170703489267
had to afk. what happened after that loss? restart??,neither,0.04609760890296001,0.357191257615435,0.596711133481605
Lolll,neither,0.03945320844208391,0.33037608806864915,0.630170703489267
What's the lighthouse! Yo let's goooooo,neither,0.023724708334166792,0.44386270036196385,0.5324125913038693
Do you play with keyboard?,neither,0.04297629983656829,0.4113995823492487,0.545624117814183
WHATS THE LIGHTHOUSE?! OMFG PLZ ONE TIME DEALER FLAWLESS,neither,0.03776262948961932,0.35033585557380376,0.611901514936577
What's the light house?!?,neither,0.044911378937064386,0.30696892303706114,0.6481196980258744
what's the lighthouse... lupoLOVE lupoLOVE lupoLOVE,neither,0.052193750385548,0.28272826532966666,0.6650779842847853
"""what's the lighthouse"" amazing",neither,0.04555855035009796,0.30453492464287973,0.6499065250070223
Gg,neither,0.03945320844208391,0.33037608806864915,0.630170703489267
recommended to lupo by friend thats been flawless thats why im here,neither,0.056990662154188215,0.3628353316815821,0.5801740061642298
!butttouch @Oreochema,neither,0.03945320844208391,0.33037608806864915,0.630170703489267
Aw,neither,0.03945320844208391,0.33037608806864915,0.630170703489267
"proper reply to what's the lighthouse, should have been a shack of light and rewards and stuff... bring your sunscreen",neither,0.07282519964682921,0.28893977165820345,0.6382350286949673
It didn't work,neither,0.020713571299106982,0.3887076392174943,0.5905787894833988
@Elusivemyk !rng,neither,0.03945320844208391,0.33037608806864915,0.630170703489267
!butttouch @Oreochema,neither,0.03945320844208391,0.33037608806864915,0.630170703489267
Xylisithe ( ＾◡＾)っ(‿|‿) @Oreochema,neither,0.03945320844208391,0.33037608806864915,0.630170703489267
