text,top_class,hate_speech,offensive_language,neither
KITTEH!!!,neither,0.03945320844208391,0.33037608806864915,0.630170703489267
307,neither,0.03945320844208391,0.33037608806864915,0.630170703489267
@mutaibeastzetjecalntagaan plays ps4 on Fridays.,neither,0.03731286705486193,0.34058901706736566,0.6220981158777724
@playouts Playing with 2 others atm.,neither,0.03061556917410727,0.36051991261457783,0.608864518211315
K bak,neither,0.03945320844208391,0.33037608806864915,0.630170703489267
@drlupo me and you got the same last name man. Lol. I only play ps4. Never been flawless but me and my friend have been really close. Hopefully I can catch you on lfg,offensive_language,0.031297095908982844,0.4868255471925137,0.4818773568985033
307 hype,neither,0.03945320844208391,0.33037608806864915,0.630170703489267
Hai frens,neither,0.03945320844208391,0.33037608806864915,0.630170703489267
!rng @prototypegold0,neither,0.03945320844208391,0.33037608806864915,0.630170703489267
"Selection is RANDOM, whether !virgin or an open roll. You just need to be active in chat. No need to follow, donate, etc. Selection follows these rules: 1. One run per person, per weekend. 2. If you do NOT get to 9-0, you are able to be selected again on any days remaining that weekend. 3. If you went 9-0 one of the previous two weekends, you are not eligible for the current weekend.",neither,0.062038990868463796,0.42025124673096437,0.5177097624005718
teaBuns,neither,0.03945320844208391,0.33037608806864915,0.630170703489267
307????,neither,0.03945320844208391,0.33037608806864915,0.630170703489267
that LL though,neither,0.034190060451898575,0.3879636162932089,0.5778463232548925
"That being said, destineh time",neither,0.02803580573092992,0.4378647670670567,0.5340994272020134
!gear,neither,0.03945320844208391,0.33037608806864915,0.630170703489267
"Looking for a list of commands relative to all of DrLupo's weapons, gear, and class builds? Here ya go: !build !bungie !eyasluna !hc !lmg !pc !rocket !setup !shotgun !sniper !tourneybuild !tourneysniper !warlock",neither,0.046531183521633816,0.40966812552398923,0.5438006909543769
bbl,neither,0.03945320844208391,0.33037608806864915,0.630170703489267
307 o_0,neither,0.03945320844208391,0.33037608806864915,0.630170703489267
"@Lupadoop2, ps4 plays on Fridays.",neither,0.03731286705486193,0.34058901706736566,0.6220981158777724
lol that blue though,neither,0.027580419801134997,0.43491799984279544,0.5375015803560695
!build,neither,0.03945320844208391,0.33037608806864915,0.630170703489267
"DrLupo runs Nightstalker. He uses the following perks: Void Wall, Control Jump, Blackhole, Envenomed, Path Forgotten, Lockdown, Way of the Fearless, and Keen Scout. He gets Shadestep from wearing Graviton Forfeit. Gotta have those ninja jukes.",neither,0.049824702962479435,0.28775448420446087,0.6624208128330596
!sniper,neither,0.03945320844208391,0.33037608806864915,0.630170703489267
"On Xbox One, DrLupo runs a Y-09 Longbow Synthesis with Shortgaze, Grenadier, Rifled Barrel, and Firefly. On PS4 he runs a Y-09 Longbow Synthesis with Shortgaze, Underdog, Rifled Barrel, and Unflinching.",neither,0.031241022591751075,0.3464499576119417,0.6223090197963073
oh goodness this will be interesting,neither,0.04515029575980415,0.2751579525913549,0.679691751648841
What roll does his eyasluna have?,neither,0.0503615842633798,0.4609904875305361,0.488647928206084
"does any one know the expected life span of PS4 joy stick? i think mines no good , i can't sprint to save my life .",neither,0.02877598123988857,0.45556835626524644,0.515655662494865
How do u get a sword? @drlupo,neither,0.040344337586399825,0.3387526764198266,0.6209029859937736
Never forget when Lupo secretly took a 13 and a 15yr old to the lighthouse!,neither,0.03344661883397702,0.3492398238080518,0.6173135573579711
"@MrsDrLupo straight up rejected me, I'm sad now lupoLOVE",neither,0.03169307677412828,0.40341982759902595,0.5648870956268456
@drlupo yes sir,neither,0.03945320844208391,0.33037608806864915,0.630170703489267
!raffle,neither,0.03945320844208391,0.33037608806864915,0.630170703489267
"Selection is RANDOM, whether !virgin or an open roll. You just need to be active in chat. No need to follow, donate, etc. Selection follows these rules: 1. One run per person, per weekend. 2. If you do NOT get to 9-0, you are able to be selected again on any days remaining that weekend. 3. If you went 9-0 one of the previous two weekends, you are not eligible for the current weekend.",neither,0.062038990868463796,0.42025124673096437,0.5177097624005718
307 hype,neither,0.03945320844208391,0.33037608806864915,0.630170703489267
"@Izzibern, you gotta talk to shaxx for your exotic sword quest",neither,0.051020065057785315,0.3533341068167749,0.5956458281254398
Doe je a raffel or how iTS work iT whot bi awsome to play whit you,neither,0.04729596689049394,0.35548627427216706,0.597217758837339
What type of gaming monitor does people in chat recommend or Lupo,neither,0.04753658002183343,0.4076626395480794,0.5448007804300871
2v3,neither,0.03945320844208391,0.33037608806864915,0.630170703489267
sounds like you need a new controller @ariesfiire,neither,0.07021612222819246,0.3018568183432481,0.6279270594285594
ask for boons,neither,0.030230671574799323,0.2844599458749077,0.685309382550293
this should be interesting,neither,0.055126491778532835,0.38185653967529054,0.5630169685461767
legit,neither,0.03945320844208391,0.33037608806864915,0.630170703489267
@iamnotscottish sorry carrying boy through IKEA!,neither,0.03945320844208391,0.33037608806864915,0.630170703489267
!rng @mutaibeastzetjecalntagaan,neither,0.03945320844208391,0.33037608806864915,0.630170703489267
"Selection is RANDOM, whether !virgin or an open roll. You just need to be active in chat. No need to follow, donate, etc. Selection follows these rules: 1. One run per person, per weekend. 2. If you do NOT get to 9-0, you are able to be selected again on any days remaining that weekend. 3. If you went 9-0 one of the previous two weekends, you are not eligible for the current weekend.",neither,0.062038990868463796,0.42025124673096437,0.5177097624005718
Where is he located? @kinsbane,neither,0.07097085400654432,0.26912212030185784,0.6599070256915978
@MrsDrLupo -cries-,neither,0.03945320844208391,0.33037608806864915,0.630170703489267
boons,neither,0.03945320844208391,0.33037608806864915,0.630170703489267
oooo IKEA hype,neither,0.03945320844208391,0.33037608806864915,0.630170703489267
Hi @drlupo what emblem you rocking?,neither,0.06314313682541321,0.3718667780402086,0.5649900851343782
ur boons,neither,0.11135830178054541,0.3056446292181725,0.5829970690012822
@iamnotscottish lupoLOVE lupoLOVE lupoLOVE lupoLOVE,neither,0.03945320844208391,0.33037608806864915,0.630170703489267
rip,neither,0.03945320844208391,0.33037608806864915,0.630170703489267
!motw,neither,0.03945320844208391,0.33037608806864915,0.630170703489267
Movie of the Week achieved on 4/28/16 // Bungie Article - https://goo.gl/IPwpor // YouTube Link - https://youtu.be/09Qnb8ID5UI,neither,0.038975359964202025,0.31418790271378816,0.6468367373220099
Hey shane,neither,0.03945320844208391,0.33037608806864915,0.630170703489267
lupoLOVE,neither,0.03945320844208391,0.33037608806864915,0.630170703489267
"@Izzibern, when you first spawn in the twoer, go down main stairs and he'll be on the right after passing Eris Morn",neither,0.03739181101617109,0.35918303284228414,0.6034251561415448
goku with the 1-5-5 blade,neither,0.029831948706870108,0.34746564406425184,0.622702407228878
the real trials @MrsDrLupo finding your way out of IKEA,neither,0.0491165721072685,0.4142309545744261,0.5366524733183055
"@Sadimere thats unfortunate , they cost like 100 dollars here in canada after tax i think . I wonder what a basic scuff costs .",neither,0.06676663464410429,0.31465892177163596,0.6185744435842596
@DrLupo let me borrow some strange coins,neither,0.021235348420985414,0.3873406170435457,0.5914240345354688
Who needs Intellect when you get kills Kappa,neither,0.042372579934992854,0.4619688935714998,0.49565852649350745
haha lt went ok,neither,0.03545110343468733,0.39830225470594455,0.566246641859368
How do u get the quest? @kinsbane,neither,0.03945977063957951,0.32270707581596686,0.6378331535444536
gotcha thx,neither,0.03945320844208391,0.33037608806864915,0.630170703489267
more then that @ariesfiire a basic scuf is like 150 US I think,neither,0.08038246565291353,0.34692498350223505,0.5726925508448514
brb getting some NomNom NomNom,neither,0.027935193833178662,0.41364840178745427,0.5584164043793671
stay back kito,neither,0.03945320844208391,0.33037608806864915,0.630170703489267
!motw,neither,0.03945320844208391,0.33037608806864915,0.630170703489267
Movie of the Week achieved on 4/28/16 // Bungie Article - https://goo.gl/IPwpor // YouTube Link - https://youtu.be/09Qnb8ID5UI,neither,0.038975359964202025,0.31418790271378816,0.6468367373220099
"""A Couple""",neither,0.03945320844208391,0.33037608806864915,0.630170703489267
I will loan out strange coins if you give me passage coins,neither,0.0319326533197936,0.39358746224347524,0.5744798844367311
You have to finish the main TTK quest @izzibern,neither,0.05749067687862531,0.35537537263141716,0.5871339504899575
"""a couple"" haha",neither,0.03411437806041018,0.420989972882664,0.5448956490569258
Sup lupo,neither,0.03945320844208391,0.33037608806864915,0.630170703489267
damn Lupo,offensive_language,0.042479326866149344,0.9516554255713155,0.005865247562535126
So do you use mouse and keyboard?,neither,0.02377049149771985,0.44033930857146014,0.53589019993082
!mnk,neither,0.03945320844208391,0.33037608806864915,0.630170703489267
Mouse @ 3500 DPI: http://goo.gl/6xOrtz Keyboard: http://goo.gl/RBsjN1 Adapter: www.xim4.com,neither,0.035802405815396,0.2039198854928479,0.760277708691756
Hi Lupo @drlupo,neither,0.03945320844208391,0.33037608806864915,0.630170703489267
"@Izzibern, you have to have defeated Oryx in the regicide mission, then talk to Eris to get a shard to give to Shaxx for the legendary sword",neither,0.047377718618846314,0.32573050952262805,0.6268917718585257
Wow,neither,0.03945320844208391,0.33037608806864915,0.630170703489267
so many LIES!,neither,0.03940894923943453,0.3838964381634191,0.5766946125971465
@ilordztv yes ^^^,neither,0.03945320844208391,0.33037608806864915,0.630170703489267
How do you have so many,neither,0.062204723172663505,0.4613554670157983,0.47643980981153816
!wienertouch,neither,0.03945320844208391,0.33037608806864915,0.630170703489267
LIES,neither,0.03945320844208391,0.33037608806864915,0.630170703489267
Is this a secret run,neither,0.04825766159420738,0.32900885260823387,0.6227334857975587
Such lies! casLOL,neither,0.03975926823318686,0.32518145466122683,0.6350592771055864
@drlupo wow what a troll!!!!,neither,0.045177099023430874,0.32627856544381534,0.6285443355327538
@drlupo who did you say to watch on youtube to learn how to snipe,neither,0.0677045134510937,0.397174099216562,0.5351213873323444
I don't have ttk @kinsbane,neither,0.03829013491552518,0.3501164811943776,0.6115933838900971
!lies,neither,0.03945320844208391,0.33037608806864915,0.630170703489267
"""I think I have enough coins to buy another set of boons"" -DrLupo secret run Mar 2016",neither,0.0678553353095082,0.2885886362277386,0.6435560284627533
yes,neither,0.03945320844208391,0.33037608806864915,0.630170703489267
by a couple he means an assload! damn,offensive_language,0.0511845757743872,0.7892363474757728,0.15957907674983998
@roachesmilk yes,neither,0.03945320844208391,0.33037608806864915,0.630170703489267
Yes. One from LFG one from chat @roachesmilk,neither,0.039771238469629204,0.35115576097203005,0.6090730005583408
Oh I don't have very many passage coins X) @DrLupo,neither,0.04313565084467174,0.29799019092347323,0.658874158231855
Tfw when you've yet to follow lupo kgothNLT kgothNLT kgothNLT,neither,0.023631415478786694,0.3962236594341113,0.5801449250871019
"@DrLupo, youre selling it a little to hard lol",offensive_language,0.036381424650610644,0.5435166664926631,0.4201019088567262
Lupo the troll,neither,0.03831673657550799,0.3094399058884286,0.6522433575360634
"@Izzibern, ohh. then i don't think swords are available to you :(",neither,0.0891356719486533,0.31587735767867403,0.5949869703726726
lupo lol,neither,0.020706217963973744,0.4882283491876925,0.4910654328483337
I didn't even know @DrLupo knew there was PvE in this game,neither,0.02698090637256571,0.31385070237538937,0.6591683912520451
What type of monitor are u running Lupo,neither,0.07739062882481812,0.2766598741392171,0.6459494970359648
lupoHYPE lupoCHOO,neither,0.03945320844208391,0.33037608806864915,0.630170703489267
Them lies!!! Its over 9000!,neither,0.04266262125843529,0.3268573098529454,0.6304800688886192
Lupo likes PvE more MingLee,neither,0.051566220346752206,0.38738907643497206,0.5610447032182757
pve cough lupo cough,neither,0.03945320844208391,0.33037608806864915,0.630170703489267
Ture,neither,0.03945320844208391,0.33037608806864915,0.630170703489267
Thanks for coming out everyone truevJuice,neither,0.025140594554596305,0.3965525152784138,0.5783068901669899
secret runs for days,neither,0.03428541026468822,0.3045598599628737,0.6611547297724379
lupoNP,neither,0.03945320844208391,0.33037608806864915,0.630170703489267
Typos,neither,0.03945320844208391,0.33037608806864915,0.630170703489267
"@DrLupo, Pffft he's on to you now, everyone knows PvE is baf Kappa",neither,0.06134199878754136,0.44243286974928564,0.4962251314631731
have you seen lupo raid tho? it's the best tbh.,neither,0.04405187387173649,0.3563696035477872,0.5995785225804763
I just realized he is doing a tsecret run rocking the motw emblem,neither,0.04500538096354818,0.3304638447324475,0.6245307743040044
triplePF,neither,0.03945320844208391,0.33037608806864915,0.630170703489267
isn't baryonic esm a blue?,neither,0.03945320844208391,0.33037608806864915,0.630170703489267
!monitor,neither,0.03945320844208391,0.33037608806864915,0.630170703489267
DrLupo plays on a BenQ RL2755HM - http://www.newegg.com/Product/Product.aspx?Item=N82E16824014448,neither,0.036493744766141374,0.28282424220849867,0.6806820130253599
!monitor,neither,0.03945320844208391,0.33037608806864915,0.630170703489267
How do u get exotics? @kinsbane,neither,0.04095016486982987,0.344293367367076,0.614756467763094
"@Izzibern, you can buy them from a special weekend vendor, Xur",neither,0.1201642010053056,0.3181451009630015,0.5616906980316927
what does game mode on my monitor do?,neither,0.023242862088239634,0.4636898651425291,0.5130672727692313
"@Izzibern, you need strange coins to buy them",neither,0.07216176296343492,0.3529261736680442,0.574912063368521
@sentient_leaf yep,neither,0.03945320844208391,0.33037608806864915,0.630170703489267
"Follow me @ twitter.com/TheTrialsTrain for stream notifications, updates, and banter about Destiny.",neither,0.03064500239345661,0.38605513054092555,0.583299867065618
I mean besides that @kinsbane,neither,0.035135062912257854,0.3774349903063396,0.5874299467814026
"@Izzibern, other than that it's all up to chance on who you kill",offensive_language,0.3488850978876678,0.4476498548484594,0.20346504726387277
Dude the run with broman yesterday was amazing bow3 bow4 bowTEN,neither,0.03017557405712241,0.3482203939888167,0.6216040319540608
"@Izzibern, three of coins will enable a chance for an exotic engram after killing a Taken boss while on patrol",neither,0.03610354557756301,0.3088733782629652,0.6550230761594718
"during the whole, ""The Taken are corrupting this land... "" public events",neither,0.0524763332722072,0.2855751394435672,0.6619485272842255
!oprah,neither,0.03945320844208391,0.33037608806864915,0.630170703489267
"You get a headshot, and you get a headshot! Everybody gets HEADSHOTS!!!!",neither,0.07448466817778653,0.3983420193748937,0.5271733124473198
"@DrLupo, are there ever times where you just destroy people (like now) and think ""Shit sorry man""?",offensive_language,0.12127489871315446,0.8544088287146341,0.024316272572211535
DAMN,offensive_language,0.042479326866149344,0.9516554255713155,0.005865247562535126
TRIPLE DOWN ESE,neither,0.03945320844208391,0.33037608806864915,0.630170703489267
Poor guys,neither,0.03930548437485824,0.3328833510185629,0.6278111646065789
3 DOWN,neither,0.03945320844208391,0.33037608806864915,0.630170703489267
THOSE SNIPES,neither,0.11257138459173781,0.17765819155336773,0.7097704238548944
rekt!,neither,0.03945320844208391,0.33037608806864915,0.630170703489267
hype,neither,0.03945320844208391,0.33037608806864915,0.630170703489267
FUCKING REKT,offensive_language,0.16642190182174219,0.8335780959705128,2.207744944905971e-09
Damn,offensive_language,0.042479326866149344,0.9516554255713155,0.005865247562535126
#those snipes,neither,0.11257138459173781,0.17765819155336773,0.7097704238548944
Kreygasm Kreygasm Kreygasm,neither,0.03945320844208391,0.33037608806864915,0.630170703489267
kraftGG kraftGG kraftHEH,neither,0.03945320844208391,0.33037608806864915,0.630170703489267
no mercy! no surrender @TheNumberI,neither,0.03819980964058011,0.3516495368403787,0.6101506535190412
Hahahahahaha bowRekt bowRekt bowRekt bowRekt bowRekt bowRekt bowRekt,neither,0.03945320844208391,0.33037608806864915,0.630170703489267
Jeez.,neither,0.03945320844208391,0.33037608806864915,0.630170703489267
rekt,neither,0.03945320844208391,0.33037608806864915,0.630170703489267
LOL,neither,0.020706217963973744,0.4882283491876925,0.4910654328483337
that mouse,neither,0.034563150067920476,0.3837986916761464,0.5816381582559332
"Ultra bosses like Warpriest, Golgoroth and the Shade of Echo in the King's Fall raid have a chance of dropping exotics as well with Three of Coins",neither,0.03668219864232957,0.33872260374424934,0.6245951976134212
!rekt,neither,0.03945320844208391,0.33037608806864915,0.630170703489267
[ ] Not Rekt [x] Rekt,neither,0.03554889144452836,0.3454295093440936,0.619021599211378
Firefly longbow tripleOMG tripleOMG tripleOMG,neither,0.03945320844208391,0.33037608806864915,0.630170703489267
Crispy,neither,0.03945320844208391,0.33037608806864915,0.630170703489267
Dude That was sick man verry Nice snips lupo,neither,0.035836099073705885,0.427886466259301,0.5362774346669932
"Hey, Lupo <3 <3 <3",neither,0.03945320844208391,0.33037608806864915,0.630170703489267
Nacho!!,neither,0.03945320844208391,0.33037608806864915,0.630170703489267
"calling it, lupo wins",neither,0.03786759994927582,0.33092145153835867,0.6312109485123656
"@Izzibern, really the best chance of exotics is with Three of Coins",neither,0.03552001225815026,0.33761588562790257,0.6268641021139472
damn,offensive_language,0.042479326866149344,0.9516554255713155,0.005865247562535126
@ntchwaidumala <3,neither,0.03945320844208391,0.33037608806864915,0.630170703489267
@drlupo have u ever accidentally for got to Unmuting ur mic when ur talking to chat during secret runs,neither,0.05818374128825785,0.35101019638950665,0.5908060623222354
That Melee range o.O,neither,0.03462336300107231,0.3831274915853991,0.5822491454135285
hello,neither,0.03945320844208391,0.33037608806864915,0.630170703489267
"hey @K3x707x I got to see you play on a stream recently, you were doing good. How are you liking the stormlock?",neither,0.09135612355385266,0.3905154746094542,0.5181284018366932
fair and balanced @Ntchwaidumala,neither,0.03873153951850181,0.29420673463925084,0.6670617258422473
Agreed Kappa,neither,0.03945320844208391,0.33037608806864915,0.630170703489267
@Sadimere thx man! im loving it actually,neither,0.03781468738677276,0.40362246790975903,0.5585628447034681
@Ntchwaidumala he wasnt even in the same state as lupo >_>,neither,0.06784655690165038,0.2793972704407377,0.6527561726576119
Lmfao,neither,0.05470637918084239,0.32512982320825545,0.6201637976109021
Why did he run into the bow?,neither,0.03310347013243207,0.32830421019067946,0.6385923196768886
!reset,neither,0.03945320844208391,0.33037608806864915,0.630170703489267
"@drlupo , Passage Card has been reset!",neither,0.03954325386924641,0.32884778216986277,0.6316089639608908
@DrLupo shows no mercy,neither,0.038683284670863516,0.3434437038071857,0.6178730115219508
"@wheelithoss, no one knows",neither,0.03722430012865475,0.39018964054682165,0.5725860593245237
@Sadimere that melee range tho..... lupoNERD,neither,0.031323113667069705,0.3854463518814034,0.5832305344515268
well fair and balanced when I play warlock @Ntchwaidumala when I play against warlocks its bullshit lol,neither,0.027366017903140975,0.4499552712278776,0.5226787108689814
@drlupo XD,neither,0.03945320844208391,0.33037608806864915,0.630170703489267
lupoHYPE Victory! @drlupo's team won! Passage Card: 1W - 0L - Mercy used: false. Results are near real-time.,neither,0.0458918798830489,0.3763687900874958,0.5777393300294552
@drlupo did u upload that 1,neither,0.03535453811784184,0.3749999154224341,0.5896455464597241
yo lupo :) new setut back there ? <3,neither,0.04404234308057638,0.24710799433930736,0.7088496625801163
yea right Kappa,neither,0.03838454474254476,0.3507567063201817,0.6108587489372735
so many lies,neither,0.03940894923943453,0.3838964381634191,0.5766946125971465
he thought it was a legendary engram drop,neither,0.05433828151460696,0.24566718279705624,0.6999945356883367
@sadimere lmfao. Same haha but I only play voidwalker. Haven't even leveled up sun or storm lol,neither,0.03324946412318092,0.44330314976471646,0.5234473861121026
triple3HEAD,neither,0.03945320844208391,0.33037608806864915,0.630170703489267
troll..... Troll!!!!!!,neither,0.03945320844208391,0.33037608806864915,0.630170703489267
@drlupo did you end up helping the brothers to the lighthouse ?,neither,0.05299134056057723,0.3732251904589344,0.5737834689804884
Where'd you get your Ph.D. tripleC,neither,0.101661088229187,0.3432815007094965,0.5550574110613166
I l o v e I t h e r e,neither,0.03945320844208391,0.33037608806864915,0.630170703489267
tripleUPSET,neither,0.03945320844208391,0.33037608806864915,0.630170703489267
I wish I got lucky enough to find you on lfg,neither,0.06195500314198359,0.33755630876167375,0.6004886880963426
could you hurry me next?,neither,0.045567476678925654,0.4317188737750791,0.5227136495459953
Goku PogChamp,neither,0.03945320844208391,0.33037608806864915,0.630170703489267
Can some1 play trails with me PLEASE,neither,0.025598596001045273,0.3896854326271795,0.5847159713717752
!rng @tenderballs44,neither,0.03945320844208391,0.33037608806864915,0.630170703489267
No friends FeelsBadMan,neither,0.03805805625517818,0.35405546173750585,0.607886482007316
"Selection is RANDOM, whether !virgin or an open roll. You just need to be active in chat. No need to follow, donate, etc. Selection follows these rules: 1. One run per person, per weekend. 2. If you do NOT get to 9-0, you are able to be selected again on any days remaining that weekend. 3. If you went 9-0 one of the previous two weekends, you are not eligible for the current weekend.",neither,0.062038990868463796,0.42025124673096437,0.5177097624005718
yeah the melee is crazy @K3x707x best part about the class,neither,0.023691673811161346,0.46046223946683185,0.5158460867220069
tripleFEELS,neither,0.03945320844208391,0.33037608806864915,0.630170703489267
@kingdom_prey yes they went flawless,neither,0.03945320844208391,0.33037608806864915,0.630170703489267
orange shapes Kreygasm,neither,0.03945320844208391,0.33037608806864915,0.630170703489267
how does the trialstrainbot get the score automaticlly,neither,0.025306239418630826,0.42869449594778725,0.5459992646335818
KITTY,neither,0.03945320844208391,0.33037608806864915,0.630170703489267
@Sadimere did you see the run i did with keo?,neither,0.04038493081679579,0.3859021480408025,0.5737129211424018
@jfabe25 magic,neither,0.03945320844208391,0.33037608806864915,0.630170703489267
"@dangerranger65 nice, ty",neither,0.03945320844208391,0.33037608806864915,0.630170703489267
or Ninja?,neither,0.03945320844208391,0.33037608806864915,0.630170703489267
@jfabe25 gets it straight from the Bungie API iirc,neither,0.03837934963075301,0.3025334564538164,0.6590871939154305
Really enjoying the stream. Very impressive to watch.,neither,0.046709909242906265,0.3165591690290035,0.6367309217280902
Or magic.,neither,0.03945320844208391,0.33037608806864915,0.630170703489267
Magic.,neither,0.03945320844208391,0.33037608806864915,0.630170703489267
lupoNP lupoNP lupoNP,neither,0.03945320844208391,0.33037608806864915,0.630170703489267
That's awesome lupo <3,neither,0.03419525192306799,0.38790559219732307,0.5778991558796089
"@Ntchwaidumala I play both, but I I like Void better more versatility",neither,0.048507856211539,0.34647353567461386,0.6050186081138471
you have the voice of an angel lupo,neither,0.053295940023751334,0.35901720497336237,0.5876868550028863
LOL,neither,0.020706217963973744,0.4882283491876925,0.4910654328483337
I would request to play with u but I have ps4 @drlupo,neither,0.03259027120945808,0.3636337518978697,0.6037759768926723
See @JFabe25 Kinsbane is a wizard that has woven magic into trialstrainbot.,neither,0.04266792134860795,0.35475675511435295,0.6025753235370391
"I think you were playing with Ninja, does that sound right @K3x707x ?",offensive_language,0.028633379334930986,0.4875485677197784,0.4838180529452906
@izzibern we do PS4 raffles on Fridays bud :|,neither,0.03830582972471239,0.34135010702865914,0.6203440632466285
@drlupo did u upload the one that you accedently Unmuted ur mic,neither,0.06689309724433683,0.39854511511880536,0.5345617876368577
How are you liking black shield? @drlupo,neither,0.14527091022613012,0.3033368848869537,0.5513922048869162
How I get in the raffle? @kinsbane,neither,0.03718270392326574,0.31845342992646036,0.6443638661502739
Definitely. Nova bomb is also just so good @sadimere the nades without The Nothing Manacles are lacking though.,neither,0.051255102670447784,0.3454063186284183,0.6033385787011339
!rng,neither,0.03945320844208391,0.33037608806864915,0.630170703489267
"Selection is RANDOM, whether !virgin or an open roll. You just need to be active in chat. No need to follow, donate, etc. Selection follows these rules: 1. One run per person, per weekend. 2. If you do NOT get to 9-0, you are able to be selected again on any days remaining that weekend. 3. If you went 9-0 one of the previous two weekends, you are not eligible for the current weekend.",neither,0.062038990868463796,0.42025124673096437,0.5177097624005718
@izzibern just stay active in chat :),neither,0.03568679403534708,0.3480184270215736,0.6162947789430794
"@Sadimere yeah, we made it 8 wins and lost :( i played with another streamer after that and went 9-0. i played much better the second time. I think i was more warmed up",neither,0.03531592604118936,0.3650270429506058,0.5996570310082048
