text,top_class,hate_speech,offensive_language,neither
lupoNERD,neither,0.03945320844208391,0.33037608806864915,0.630170703489267
must timeout....,neither,0.04122309025967144,0.30033657460071655,0.6584403351396121
Hahaha sweet,neither,0.03945320844208391,0.33037608806864915,0.630170703489267
teaDeal rekt PogChamp,neither,0.03945320844208391,0.33037608806864915,0.630170703489267
"@DrLupo, BURN RAID: REDUX",neither,0.045087209094009234,0.23475239343544413,0.7201603974705467
"@Morphine92, oh man his face is quite the erection starter",neither,0.0653923219407839,0.32595122581461644,0.6086564522445996
Lupo looks like Nathan Drake in that gif haha,neither,0.040409207835280916,0.4122414123967233,0.5473493797679958
PogChamp,neither,0.03945320844208391,0.33037608806864915,0.630170703489267
Prove it Oozy,neither,0.03769120445960379,0.3309821220359783,0.6313266735044178
"@Morphine92, i've got a stream for you. it comes from my pp.",neither,0.02143354040686738,0.39417746859567865,0.584388990997454
lupos face makes me moist,neither,0.032989137260637874,0.36496513075431014,0.6020457319850521
"@Morphine92, your channels 26 views.",neither,0.06208525644247193,0.324100526172357,0.6138142173851711
"@Chill_Mickelson, haha thanks",neither,0.0318652437156674,0.3978350940130248,0.5702996622713078
SAVAGE,neither,0.03945320844208391,0.33037608806864915,0.630170703489267
not viewers,neither,0.03798429109608333,0.3359028173923576,0.626112891511559
views.,neither,0.03945320844208391,0.33037608806864915,0.630170703489267
PogChamp,neither,0.03945320844208391,0.33037608806864915,0.630170703489267
!rekt,neither,0.03945320844208391,0.33037608806864915,0.630170703489267
[ ] Not Rekt [x] Rekt,neither,0.03554889144452836,0.3454295093440936,0.619021599211378
FEEL THE BURN!,neither,0.044956313402059925,0.19445367569120245,0.7605900109067376
yo @Drlupo how is everything going this afternoon?,neither,0.04453837190043207,0.4083970143710543,0.5470646137285137
must resist urge to hit the timeout button.,neither,0.04396524901341753,0.3061492864632081,0.6498854645233743
jobodynelly,neither,0.03945320844208391,0.33037608806864915,0.630170703489267
lupo is the sexiest motherfucker ive ever seen,neither,0.04425137216019351,0.31746894829994426,0.6382796795398622
burnPF,neither,0.03945320844208391,0.33037608806864915,0.630170703489267
"joe5152, you must not have looked in a mirror tripleC",neither,0.0522576695979895,0.3681823897548895,0.579559940647121
@Oozypunk dont fight your true feelings fam,neither,0.06460292998680713,0.3233991405440853,0.6119979294691075
True @joe5152,neither,0.03945320844208391,0.33037608806864915,0.630170703489267
and its not like Lupo's face isn't right next to the title....,neither,0.043135408701090346,0.3248763587228221,0.6319882325760876
!whymnk,neither,0.03945320844208391,0.33037608806864915,0.630170703489267
"Originally, I looked for an alternate input method that would allow me to rez/move/shoot/jump/etc at the same time. I also get hand cramps after playing for too long with a controller. I've put 3200+ hours over ~12 months into learning to play this way on Destiny. I also own an Elite controller. More info: https://goo.gl/DK62Er",neither,0.03472740369067424,0.33008450104078824,0.6351880952685375
"@Morphine92, people like to see how lupo writes emails.",neither,0.08238146747376712,0.33500034158356895,0.5826181909426639
why do people need to come into stream and talk shit does it make them feel special,offensive_language,0.06681686632283287,0.8893405105828563,0.04384262309431085
@evillion13 oh my,neither,0.02748693229954249,0.40236076101129065,0.5701523066891669
Dude is intrigued by the keyboard,neither,0.047089378396191095,0.35286884578792665,0.6000417758158823
@evillion13 lupoLOVE lupoLOVE,neither,0.03945320844208391,0.33037608806864915,0.630170703489267
"@Morphine92, that's actually his face, he is a robot lupoBOT",neither,0.07079784011527843,0.3590991306667755,0.5701030292179461
yes it does @The_heroic_lord special butterflys,neither,0.04920893138589856,0.44089125252413686,0.5098998160899646
@Morphine92 lupo is a hand model irl,neither,0.04610538885153807,0.3280880981860971,0.6258065129623649
"@Morphine92, https://www.youtube.com/watch?v=HWLPdtZjxQs he does both, to appeal to whichever the audience likes. here is a face cam from before.",neither,0.06317518819122216,0.39021837570488277,0.5466064361038951
"@TruffleButterandJelly, a hand model would never use a keyboard....too risky. have you seen those people?",neither,0.04723346981003605,0.40251338794756697,0.5502531422423969
no different to a facecam Morphine92,neither,0.04819354087309006,0.34470810340939784,0.6070983557175121
stop looking at it tripleOMG,neither,0.03659882756376438,0.4621590342034274,0.5012421382328084
is he kidding or...?,neither,0.05660880312348729,0.3244754923775837,0.618915704498929
!card,neither,0.03945320844208391,0.33037608806864915,0.630170703489267
"lupoCHOO @thenumberi, the current Passage Card is: 1W / 0L, Mercy Used: false. Results are near real-time.",neither,0.05041479247847879,0.3681807519730074,0.5814044555485137
@therealFoxP3 lupo likes to live dangerously,neither,0.055808935823727555,0.3642166198366614,0.5799744443396111
"therealFoxP3, do hand models even feed themself? or are they fed by like an assistant?",neither,0.0644974512406553,0.3456154356749554,0.5898871130843893
"@raspberryfizz, idk. ill just take everything as serious.",neither,0.03449737424883154,0.37287055808759023,0.5926320676635782
*big,neither,0.013558625667907201,0.4542814836427737,0.532159890689319
"Guise, I ded in Destiny",neither,0.03945320844208391,0.33037608806864915,0.630170703489267
!card,neither,0.03945320844208391,0.33037608806864915,0.630170703489267
"lupoCHOO @mrsdrlupo, the current Passage Card is: 1W / 0L, Mercy Used: false. Results are near real-time.",neither,0.05041479247847879,0.3681807519730074,0.5814044555485137
Bungo wont revive me,neither,0.03278252284506389,0.3663168599079479,0.6009006172469883
"@evillion13, there's a documentary about them....it's too funny. they wear gloves all the time.",neither,0.04409301783285032,0.36966440738507456,0.5862425747820752
"@Luca_the_cat, big shokcer Kappa",neither,0.023761835574033704,0.39501580807410414,0.5812223563518623
hi MrsDrLupo :D /,neither,0.03945320844208391,0.33037608806864915,0.630170703489267
@evillion13 hi!,neither,0.03945320844208391,0.33037608806864915,0.630170703489267
@oozypunk :),neither,0.03945320844208391,0.33037608806864915,0.630170703489267
"therealFoxP3, protect the goods Kappa",neither,0.038788579081144976,0.31829527687354536,0.6429161440453098
@luca_the_cat delete char its only way to fix,neither,0.03945165630590121,0.329858105381914,0.6306902383121848
@Rivalace90 i included you in my will,neither,0.04329058796188188,0.4522450835276116,0.5044643285105064
"Is a eyasluna with rescue mag,braced frame,and life support good?anyone",neither,0.04924809491291701,0.35432238613835093,0.5964295189487321
Kappa Kappa Kappa,neither,0.03945320844208391,0.33037608806864915,0.630170703489267
you get all me glimmer,offensive_language,0.057078031886496704,0.6847322577874679,0.2581897103260353
I just burned rice two different times because I sat down watching the stream and forgot to check it. Ugh lol,neither,0.03738153785334169,0.2991317970055919,0.6634866651410664
Just checking in. Boy and I were outside playing,neither,0.035813324173924764,0.3008129278152993,0.663373748010776
!currentsong,neither,0.03945320844208391,0.33037608806864915,0.630170703489267
"Roachesmilk -> ""Cash Cash ft. Bebe Rexha - Take Me Home (The Chainsmokers Remix)"" by Proximity is the current song. It was requested by DrLupo",neither,0.03859107775498957,0.37542662476198124,0.5859822974830291
@MrsDrLupo Outside? never heard such a thing,neither,0.036097274229748934,0.362975947416389,0.600926778353862
"@morphine92 ha, heaven?!",neither,0.03945320844208391,0.33037608806864915,0.630170703489267
lol,neither,0.020706217963973744,0.4882283491876925,0.4910654328483337
@warlock_rez I hate to tell you no but... not really,hate_speech,0.374525320926497,0.27182162028603224,0.3536530587874708
Music is always great here,neither,0.096114152387741,0.3148390358226538,0.589046811789605
@morphine92 staaaaahp,neither,0.03945320844208391,0.33037608806864915,0.630170703489267
IS this secret?,neither,0.050374158642180145,0.3286344896252142,0.6209913517326056
!rekt,neither,0.03945320844208391,0.33037608806864915,0.630170703489267
[ ] Not Rekt [x] Rekt,neither,0.03554889144452836,0.3454295093440936,0.619021599211378
He gone,neither,0.04909944930593321,0.3296359839525306,0.6212645667415362
I'm outside right now it's so nice out,neither,0.033442508467171464,0.404066829177003,0.5624906623558256
rip @morphine92,neither,0.03945320844208391,0.33037608806864915,0.630170703489267
@luca_the_cat it's quite pretty. ;),neither,0.037907591718329664,0.3309076965351344,0.631184711746536
half secret @TheNumberI,neither,0.03945320844208391,0.33037608806864915,0.630170703489267
Every eyasluna I get is really bad @cambein97,neither,0.0441418966200326,0.3393383843295425,0.6165197190504249
damn. i wanted to get that guy. hope it was you @MrsDrLupo,offensive_language,0.10490973149014028,0.7364900396823424,0.1586002288275174
Hello everyone!,neither,0.03269494828970791,0.4450814005079928,0.5222236512022994
DrLupo how do i git gud?,neither,0.04229663383404011,0.32939810368937084,0.6283052624765891
lupoHYPE lupoHYPE lupoHYPE lupoHYPE lupoHYPE lupoHYPE lupoHYPE,neither,0.03945320844208391,0.33037608806864915,0.630170703489267
Sub hype!!!,neither,0.03945320844208391,0.33037608806864915,0.630170703489267
sub lupoHYPE,neither,0.03945320844208391,0.33037608806864915,0.630170703489267
lupoHYPE lupoHYPE lupoHYPE lupoHYPE lupoHYPE lupoHYPE lupoHYPE lupoHYPE lupoHYPE lupoHYPE lupoHYPE lupoHYPE lupoCHOO,neither,0.03945320844208391,0.33037608806864915,0.630170703489267
tripleSUB tripleSUB tripleSUB,neither,0.03945320844208391,0.33037608806864915,0.630170703489267
sub Hype!!!,neither,0.03945320844208391,0.33037608806864915,0.630170703489267
lupoHYPE lupoHYPE lupoHYPE lupoHYPE lupoHYPE lupoHYPE lupoHYPE lupoHYPE lupoHYPE lupoHYPE lupoHYPE,neither,0.03945320844208391,0.33037608806864915,0.630170703489267
@therealfoxp3 nah. On mobile so my banhammer is slow,neither,0.03364134131623054,0.4402531324322445,0.526105526251525
@mrsdrlupo can I live with you both I'm nice😉,neither,0.04687187427024849,0.4109584739386799,0.5421696517910717
"@warlock_rez I had the same problem, and I mean way worse than that roll. But then I got 2 LITC rifled barrel drops in a row lol",neither,0.034841310336094534,0.31732069930355106,0.6478379903603544
lupoCRY ok.,neither,0.03935517884257045,0.3320399062092607,0.6286049149481688
:),neither,0.03945320844208391,0.33037608806864915,0.630170703489267
@warlock_rez house full. Na vacancy.,neither,0.06019782243001612,0.32324106406142566,0.6165611135085582
*no,neither,0.036918905254960256,0.37338982715841207,0.5896912675866277
"@SteveGives, you talented sob.",neither,0.05478988583021859,0.37377121668144264,0.5714388974883388
@therealfoxp3 it's true I am a scrub,neither,0.038022294967088185,0.3308682448280998,0.6311094602048122
lol ahaha lol ahaha lmao,neither,0.030049102919971277,0.40561380814767384,0.5643370889323549
I can make room😃 @mrsdrlupo,neither,0.03981569562449236,0.3242237345670159,0.6359605698084917
"@SteveGives, no you aren't. you have skills.",neither,0.07467578051737202,0.4518865283844447,0.4734376910981832
I'll sleep on the floor whatever,neither,0.03627399390541464,0.3279184582379425,0.635807547856643
yo @DrLupo you are running with cleekgamers. he has been a part of my stream for a while and he got a doctrine yesterday from lighthouse :) thats awesome,neither,0.046345483978014454,0.3965747306344312,0.5570797853875543
#Unban @morphine92 2016,neither,0.03945320844208391,0.33037608806864915,0.630170703489267
"therealFoxP3, does he have a very particular set of skills? Kappa",neither,0.03322705798537496,0.4111474050757752,0.5556255369388498
Skills in bed... Bow chick wow wow,neither,0.03945320844208391,0.33037608806864915,0.630170703489267
Ahaha yoo,neither,0.03945320844208391,0.33037608806864915,0.630170703489267
Astronomer_ sup man,neither,0.03963703663028572,0.41087941302266007,0.5494835503470542
yo @evillion13,offensive_language,0.04010381111145228,0.5271105317972344,0.4327856570913131
"@evillion13, nunchuck skills, haxor skills, lock picking skills.",neither,0.03945320844208391,0.33037608806864915,0.630170703489267
dude....cleek is not a virgin?,neither,0.04652641756492379,0.3325932944277734,0.6208802880073028
I'm back now. But with ice cream FeelsGoodMan,neither,0.02727980289095158,0.37289670896892124,0.5998234881401272
so it isn't a dvhsr.... lupoCRY,neither,0.037328803743938495,0.39937749569199665,0.5632937005640648
as of yesterday no,neither,0.036157386364415706,0.38631479013688896,0.5775278234986954
Wussup Mr. Lupo,neither,0.03945320844208391,0.33037608806864915,0.630170703489267
Cleek had his cherry popped?,neither,0.062221176068666464,0.3321471967883627,0.6056316271429708
@swegmaster125 share,neither,0.03945320844208391,0.33037608806864915,0.630170703489267
too bad that bow isn't a boomerang,neither,0.032723066356689576,0.374727121889826,0.5925498117534845
Whats up Lupo and chat,neither,0.03610870380599008,0.33915169879155727,0.6247395974024528
"@stevegives you're the one with ""gives"" in your name. Kappa Kappa Kappa",neither,0.05717543188566057,0.35239945139940526,0.590425116714934
SteveGives stop by and you can have some of mine... we got a ton :D,neither,0.042591801601065425,0.4758675401524081,0.4815406582465264
Third time is the charm,neither,0.044303005890613985,0.3307220597357278,0.6249749343736583
Well if I had I'd give,neither,0.02068788657084811,0.39371580947031476,0.5855963039588371
@evillion13 do you have rocky road?,neither,0.05521520826504615,0.3798412141074623,0.5649435776274915
"sorry, but unfortunately we don't @SteveGives",neither,0.036292144251519054,0.34175820716605104,0.62194964858243
lupoCRY lupoCRY lupoCRY lupoCRY lupoCRY lupoCRY,neither,0.03945320844208391,0.33037608806864915,0.630170703489267
we got ice cream sandwiches if you want one of those,neither,0.04895797981047885,0.4067733510414637,0.5442686691480574
!card,neither,0.03945320844208391,0.33037608806864915,0.630170703489267
"lupoCHOO @reconsapper, the current Passage Card is: 1W / 0L, Mercy Used: false. Results are near real-time.",neither,0.05041479247847879,0.3681807519730074,0.5814044555485137
Always ice cream in here. Makes me hungry.,neither,0.06112602716025035,0.3721880557696943,0.5666859170700553
@evillion13 So jealous rn,neither,0.03941028043109181,0.3784306759886449,0.5821590435802634
rocky road? people still eat that? when they make whiskey bacon salted caramel....who would choose rocky road?,neither,0.042390802452028364,0.38793496005409256,0.5696742374938791
Should've gone for the montage clip smh Kappa,neither,0.031394288512235594,0.305375995403482,0.6632297160842824
Cleek with the PLAYS,neither,0.025111013945598146,0.3575053594956777,0.6173836265587241
ice cream is best,neither,0.046771177283270834,0.320062135559457,0.6331666871572722
Is the only was to Longbow from packages? or is it an end drop as well?,neither,0.05909193489203218,0.3203976843757497,0.6205103807322181
Bewoulf_junior sorry teaSad labLOVE,neither,0.03945320844208391,0.33037608806864915,0.630170703489267
@mrsdrlupo you give away Icecream! lupoHYPE lupoLOVE,neither,0.057165440598193874,0.3517914519672327,0.5910431074345734
@milo6522 I kept waiting on him to go for that no scope lol,neither,0.030606827899482242,0.38928712320300485,0.5801060488975128
@therealfoxp3 I LOOOOOVE rocky road. It's my favoiete,neither,0.02832405746465776,0.40872531135071133,0.5629506311846307
Favorite*,neither,0.03945320844208391,0.33037608806864915,0.630170703489267
"@cold_nips, ?",neither,0.03945320844208391,0.33037608806864915,0.630170703489267
only packages,neither,0.03945320844208391,0.33037608806864915,0.630170703489267
@cambein97 Same looked like he was thinking about it,neither,0.051702552350443944,0.3749921623202639,0.5733052853292923
good stuff boys tripleBP,neither,0.038750563594875734,0.33061775985180686,0.6306316765533174
That was a lot of bows,neither,0.03580479773107243,0.3706928378906264,0.5935023643783013
hai,neither,0.03945320844208391,0.33037608806864915,0.630170703489267
good shit boys!!,offensive_language,0.041882592880304395,0.957983132096353,0.00013427502334267485
that was a superpocalypse xD,neither,0.030667155429851628,0.4292504569866666,0.5400823875834818
that was great!,neither,0.031738606339660885,0.35644657876003094,0.6118148149003082
"6 bows, a gg, a blade, and a near slam",neither,0.038911565959580154,0.303831988494927,0.6572564455454929
Let's goooo,neither,0.024028385875293705,0.36420730681166985,0.6117643073130364
pastaThat,neither,0.03945320844208391,0.33037608806864915,0.630170703489267
!card,neither,0.03945320844208391,0.33037608806864915,0.630170703489267
Why don't we just leave Mrs lupo alone,neither,0.02763234688244873,0.36121613889139714,0.6111515142261541
"lupoCHOO @b_labz, the current Passage Card is: 1W / 0L, Mercy Used: false. Results are near real-time.",neither,0.05041479247847879,0.3681807519730074,0.5814044555485137
lupoHYPE lupoHYPE lupoHYPE lupoHYPE lupoHYPE,neither,0.03945320844208391,0.33037608806864915,0.630170703489267
"@NobodyJelly, @nobodyjellyjr lol",neither,0.020706217963973744,0.4882283491876925,0.4910654328483337
gg,neither,0.03945320844208391,0.33037608806864915,0.630170703489267
Nice comeback,neither,0.03945320844208391,0.33037608806864915,0.630170703489267
ggs guys,neither,0.03922184957078739,0.3343028519130907,0.6264752985161218
lupoHYPE lupoHYPE lupoHYPE lupoCHOO lupoHYPE lupoCHOO lupoHYPE lupoCHOO,neither,0.03945320844208391,0.33037608806864915,0.630170703489267
"@cold_nips, lol",neither,0.020706217963973744,0.4882283491876925,0.4910654328483337
lupoHYPE lupoHYPE lupoHYPE,neither,0.03945320844208391,0.33037608806864915,0.630170703489267
Gg good comeback,neither,0.03867738386797009,0.33064292971559023,0.6306796864164398
Those kids are on tilt,neither,0.09014857179308579,0.23700829125276288,0.6728431369541514
@drlupo gg,neither,0.03945320844208391,0.33037608806864915,0.630170703489267
that was aclose one,neither,0.03144825254373401,0.4563755015598225,0.5121762458964435
lupoHYPE lupoHYPE lupoHYPE lupoHYPE lupoHYPE,neither,0.03945320844208391,0.33037608806864915,0.630170703489267
right?,neither,0.03719022913728602,0.3744360956046963,0.5883736752580178
lupoHYPE Victory! @drlupo's team won! Passage Card: 2W - 0L - Mercy used: false. Results are near real-time.,neither,0.0458918798830489,0.3763687900874958,0.5777393300294552
