text,top_class,hate_speech,offensive_language,neither
!pew,neither,0.03945320844208391,0.33037608806864915,0.630170703489267
@ksan418 oh nice!,neither,0.047157506312557065,0.25827831660427925,0.6945641770831636
http://i.imgur.com/O5ZDh5I.gif,neither,0.0364481805509037,0.2303424311669227,0.7332093882821735
MORPHEUSSSS,neither,0.03945320844208391,0.33037608806864915,0.630170703489267
!wut,neither,0.03945320844208391,0.33037608806864915,0.630170703489267
LMAO the shades tho B),neither,0.03375039988205684,0.34001146267742766,0.6262381374405156
!madctz,neither,0.03945320844208391,0.33037608806864915,0.630170703489267
The shades!,neither,0.03831673657550799,0.3094399058884286,0.6522433575360634
Sure didnt wash them hands @DrLupo,neither,0.044829233941985826,0.4301323827983164,0.5250383832596979
!madcatz,neither,0.03945320844208391,0.33037608806864915,0.630170703489267
B),neither,0.03945320844208391,0.33037608806864915,0.630170703489267
"""Hey, just want to apologize ahead of time. My controller is pretty loud, just got it for Christmas. It's a new Madcatz. Pretty sweet.""",neither,0.033381500034500564,0.3549310216643349,0.6116874783011647
hi strim,neither,0.03945320844208391,0.33037608806864915,0.630170703489267
B) B) B) B) B) B) B) B) B) B) B) B) B) B) B),neither,0.03945320844208391,0.33037608806864915,0.630170703489267
lupoSHADES,neither,0.03945320844208391,0.33037608806864915,0.630170703489267
rambCOOL,neither,0.03945320844208391,0.33037608806864915,0.630170703489267
"Follow me @ twitter.com/TheTrialsTrain for stream notifications, updates, and banter about Destiny.",neither,0.03064500239345661,0.38605513054092555,0.583299867065618
lupoLOVE,neither,0.03945320844208391,0.33037608806864915,0.630170703489267
Why the new character?,neither,0.029948488943063165,0.23380874178518254,0.7362427692717544
@Kinsbane I have bueno news,neither,0.038692891315841554,0.34328065397056295,0.6180264547135956
Can i get a suhhhh dud,neither,0.038895114474848065,0.3398483992018324,0.6212564863233194
Dude,neither,0.03945320844208391,0.33037608806864915,0.630170703489267
rambCOOL,neither,0.03945320844208391,0.33037608806864915,0.630170703489267
!shades,neither,0.03945320844208391,0.33037608806864915,0.630170703489267
!current,neither,0.03945320844208391,0.33037608806864915,0.630170703489267
@luca_the_cat ok,neither,0.03935517884257045,0.3320399062092607,0.6286049149481688
SHADES,neither,0.03945320844208391,0.33037608806864915,0.630170703489267
rambCOOL rambCOOL rambCOOL rambCOOL tpainGlasses tpainGlasses tpainGlasses CoolCat CoolCat ShadyLulu ShadyLulu,neither,0.03945320844208391,0.33037608806864915,0.630170703489267
!currentsong,neither,0.03945320844208391,0.33037608806864915,0.630170703489267
"mgvertigo101 -> ""Muse - Knights Of Cydonia (Video)"" by Warner Bros. Records is the current song. It was requested by DrLupo",neither,0.045833263255914004,0.32411330560839663,0.6300534311356893
OH SNAAAAAP,neither,0.051363287716059566,0.22255663153133606,0.7260800807526044
lupoHYPE lupoHYPE lupoHYPE lupoHYPE lupoHYPE lupoHYPE lupoHYPE lupoHYPE lupoHYPE,neither,0.03945320844208391,0.33037608806864915,0.630170703489267
@luca_the_cat what news?,neither,0.047592828905139176,0.3246277138861516,0.6277794572087092
LOL,neither,0.020706217963973744,0.4882283491876925,0.4910654328483337
OMG I can't wait.,neither,0.03979517781319118,0.32457197537201754,0.6356328468147914
PogChamp,neither,0.03945320844208391,0.33037608806864915,0.630170703489267
@kinsbane take away the position #1 on queue? Accidentally requested the wrong song,neither,0.03707000952329193,0.3075268479941624,0.6554031424825457
Let's parade out my ineptness!,neither,0.01615760690625481,0.4532048639779863,0.5306375291157589
This is great,neither,0.049196619522103385,0.2924512674041193,0.6583521130737773
Awwww yeah... This is gonna be a good one--I can sense it.,neither,0.030220233709071204,0.45615353177408496,0.5136262345168437
!songs delete 1,neither,0.03945320844208391,0.33037608806864915,0.630170703489267
Kinsbane -> The song has been removed.,neither,0.03799102442106374,0.31849436465530245,0.6435146109236338
"@Kinsbane Im learning how to play guitar and hopefully by next summer, my friend and I will do a cover of Orion on Bass and Guitar",neither,0.036122823377195835,0.34332766822957883,0.6205495083932253
Thanks kins,neither,0.035884468650613,0.3004919205142699,0.6636236108351171
Lol,neither,0.020706217963973744,0.4882283491876925,0.4910654328483337
hey everyone! lupoYE,neither,0.031959242684595296,0.4575682446653829,0.5104725126500218
Woo! X gon' give it to ya and other such shit!,offensive_language,0.026225935266815024,0.9648325381711613,0.008941526562023594
!sr Corey hart- sunglasses at night,neither,0.03386660962120971,0.34648304219275894,0.6196503481860314
"Reconsapper -> ""Corey Hart - Sunglasses At Night Official Video"" by UnidiscMusic has been added to the queue in position #1",neither,0.040985209881524744,0.30834565208748616,0.6506691380309892
LUL,neither,0.03945320844208391,0.33037608806864915,0.630170703489267
!sr black and blue - miike snow,neither,0.05919079637754023,0.272437521005373,0.6683716826170868
"mgvertigo101 -> ""Miike Snow - Black and Blue"" by MiikeSnow has been added to the queue in position #2",neither,0.0558792109429439,0.3075487650018204,0.6365720240552357
"@luca_the_cat dude, nice! stick with it! That's Cliff Burton's song.",neither,0.0298896313797023,0.38155984692990447,0.5885505216903932
You better be good😉,neither,0.0681394387165447,0.41804482403705934,0.513815737246396
It's awesome. No worries lupoLOVE lupoLOVE lupoLOVE,neither,0.03745720844717534,0.3434510881880191,0.6190917033648057
@drlupo I changed cards. my resub may not say 5 months lupoCRY,neither,0.03145080254110595,0.37784492811465953,0.5907042693442345
I love how excited you are about this @DrLupo lupoCHOO,neither,0.08338347232235954,0.37139895056633454,0.5452175771113058
Like lupo,neither,0.10032665912632961,0.39589500941497124,0.5037783314586992
How often does he go under cover with a different name?,neither,0.027617398567656163,0.4357961650641078,0.5365864363682361
YOU GOT A 7K/D on @Xizindar's account in the warm up??? @DrLupo,neither,0.04596078556099449,0.4659738523134045,0.488065362125601
Throwing Xanadu under the bus. HARSH ;),neither,0.03878542838341875,0.31823700461760385,0.6429775669989773
"Lupo let me get inside you, dont worry @MrsDrLupo will never know",neither,0.025669906872405224,0.256448398216039,0.7178816949115557
I JUST DID THAT!,neither,0.027307398687658014,0.427381123689972,0.5453114776223699
"@TheGreatGrattsby, lupoWAT",neither,0.03945320844208391,0.33037608806864915,0.630170703489267
Is this a double carry?,neither,0.04766496576617574,0.32911087575229425,0.62322415848153
"""oOoh I got that guy""",neither,0.03435362328265377,0.41741483940221535,0.548231537315131
"shit, the jig is uip",offensive_language,0.0677856862957635,0.9307199619515804,0.00149435175265618
@drlupo whats up man? is that a cyanogenmod tshirt?,neither,0.04030185482008549,0.4542533324693143,0.5054448127106003
up*,offensive_language,0.031680140546704795,0.5091262166492487,0.45919364280404645
lol,neither,0.020706217963973744,0.4882283491876925,0.4910654328483337
scatter!,neither,0.03945320844208391,0.33037608806864915,0.630170703489267
"@Xizindar Damn, you mad goodd, carry me please? lupoPLS",offensive_language,0.050462565486087636,0.8215014856060496,0.12803594890786277
Xizindar dem snipes... friskLIT,neither,0.03945320844208391,0.33037608806864915,0.630170703489267
Lupo out here playing Farming Simulator 2016,neither,0.06651044174218955,0.31542664818547245,0.618062910072338
hey,neither,0.03945320844208391,0.33037608806864915,0.630170703489267
!sr Miley cirus- wrecking ball,neither,0.03945320844208391,0.33037608806864915,0.630170703489267
"Reconsapper -> ""Miley Cyrus - Wrecking Ball (Explicit Video)"" by Ray Corse has been added to the queue in position #3",neither,0.04565791984993863,0.2956749316998698,0.6586671484501916
NO ONE'S GOING TO SUSPECT THE UNDER 1 KD KID SUDDENLY GOING 4-0,neither,0.039490717931001104,0.3751048853078539,0.585404396761145
LOL. This. lupoNP lupoNP lupoNP,neither,0.02394315614253107,0.4567305188996092,0.5193263249578598
@thegreatgrattsby do me first?? My body is ready,neither,0.025060540727719547,0.4401337661140688,0.5348056931582118
Whats up sexy peeps,neither,0.03725210851353049,0.3744103610180632,0.5883375304684063
@RubyRubay lol,neither,0.020706217963973744,0.4882283491876925,0.4910654328483337
"@RubyRubay, i do it sometimes Kappa",neither,0.039416157560879135,0.330388831565686,0.630195010873435
lupoLOVE lupoLOVE lupoLOVE lupoLOVE,neither,0.03945320844208391,0.33037608806864915,0.630170703489267
no longbow tonight,neither,0.034371884048130595,0.31976286954468675,0.6458652464071827
i'm saving myself for lupo tbh @Danifilth956,neither,0.03412691333749465,0.30376995420989605,0.6621031324526092
sup @DrLupo and chat,neither,0.03867350484414754,0.29098529252858907,0.6703412026272634
@ksan418 ❤❤❤,neither,0.03945320844208391,0.33037608806864915,0.630170703489267
that 1043 ELO tho @DrLupo,neither,0.026288752045317536,0.423178892666035,0.5505323552886474
LOL Phantom,neither,0.031120645729857982,0.3912535864736078,0.5776257677965343
!phantom,neither,0.03945320844208391,0.33037608806864915,0.630170703489267
SNEAKY PEW PEWS,neither,0.03945320844208391,0.33037608806864915,0.630170703489267
PHANTOM,neither,0.03945320844208391,0.33037608806864915,0.630170703489267
I only carry for cash tips FYI,neither,0.03550289673745424,0.31063426158294405,0.6538628416796016
These kids are already in awe hahaha,neither,0.0687324271851447,0.36301359341228245,0.5682539794025728
what if sun glasses enhances Lupos abilities???,neither,0.027243994489896783,0.3770842156619951,0.5956717898481081
hahashahagahaa,neither,0.03945320844208391,0.33037608806864915,0.630170703489267
@tacoslanger78 hi bud lupoLOVE,neither,0.03945320844208391,0.33037608806864915,0.630170703489267
lol,neither,0.020706217963973744,0.4882283491876925,0.4910654328483337
xDD,neither,0.03945320844208391,0.33037608806864915,0.630170703489267
@Kinsbane Hi bb <3,neither,0.03945320844208391,0.33037608806864915,0.630170703489267
Fuuuuuuuuuuu ^___^,neither,0.03945320844208391,0.33037608806864915,0.630170703489267
Holy shit. Im loving this,offensive_language,0.04522838049706357,0.9517093245353517,0.003062294967584731
Jeez,neither,0.03945320844208391,0.33037608806864915,0.630170703489267
Phantom to start the card fuck this shit lol,offensive_language,0.07875476661772575,0.921209145848863,3.60875334111686e-05
I'm,neither,0.03945320844208391,0.33037608806864915,0.630170703489267
Whats up @Kinsbane lupoLOVE lupoLOVE lupoLOVE,neither,0.03597034933595279,0.4023906385329718,0.5616390121310755
oh my god,neither,0.030266422441093326,0.38268872444249025,0.5870448531164164
@thegreatgrattsby I'm a virgin,neither,0.03945320844208391,0.33037608806864915,0.630170703489267
Lupo I went flawless!!,neither,0.03945320844208391,0.33037608806864915,0.630170703489267
You fookin cheater take of the glasses Kappa,neither,0.04950756640806438,0.3486936747040868,0.601798758887849
the sunglasses,neither,0.03843498882663835,0.31168514531390124,0.6498798658594604
Lupo you're a beast sir,neither,0.07967805749586418,0.3449326437493439,0.575389298754792
"""look me up""....love it.",neither,0.024802917588420053,0.4663500735598531,0.5088470088517267
vioGASM,neither,0.03945320844208391,0.33037608806864915,0.630170703489267
@tacoslanger78 not much just enjoying sunday sir,neither,0.03251263662724897,0.3507416201700585,0.6167457432026925
I'll never see the phantom medal.,neither,0.03599646559583514,0.34770340607243255,0.6163001283317322
@drlupo you need to calm tf down we need then to BELIEVE lol,neither,0.052867212135709794,0.39055014297039814,0.5565826448938922
LMFAO!!!!,neither,0.05470637918084239,0.32512982320825545,0.6201637976109021
first time watching this this isi awesome lmaoo,neither,0.03318994108959166,0.3493742793979362,0.6174357795124722
glasses give wall hack and aim bot=!! Kappa,neither,0.03901877417231316,0.30933908586985487,0.651642139957832
vioGASM lupoNERD cookeeGASM,neither,0.03945320844208391,0.33037608806864915,0.630170703489267
!phantom,neither,0.03945320844208391,0.33037608806864915,0.630170703489267
SNEAKY PEW PEWS,neither,0.03945320844208391,0.33037608806864915,0.630170703489267
Is that good? Did I break it?,neither,0.04117309539254204,0.3723934924992362,0.5864334121082218
@Kinsbane yeah buddy. Daughter and momma are at the movies. pants are off and beer in hand,neither,0.05062433081111624,0.3084304978211407,0.640945171367743
@ksan418 lol,neither,0.020706217963973744,0.4882283491876925,0.4910654328483337
savage,neither,0.03945320844208391,0.33037608806864915,0.630170703489267
I love this chat room,neither,0.03652657302884847,0.34516251200038833,0.6183109149707632
BEASSSSST,neither,0.03945320844208391,0.33037608806864915,0.630170703489267
god mode lupo,neither,0.03945320844208391,0.33037608806864915,0.630170703489267
@DrLupo where's your scarf and fingerless gloves?,neither,0.06549138362581347,0.26488912081364613,0.6696194955605405
Lupo going in. Damn,offensive_language,0.043040996371322,0.9096130365809991,0.04734596704767895
YOOOOOOOOOOOO,neither,0.03945320844208391,0.33037608806864915,0.630170703489267
"@Xizindar You're awesome, holy shit.",offensive_language,0.0813854853214953,0.9171632264511262,0.001451288227378521
"""dang man"" lol",offensive_language,0.026382435158341412,0.5608562414797191,0.4127613233619393
@Xizindar first Phantom medal @DrLupo,neither,0.033835615146756835,0.3323082360010374,0.6338561488522058
10-0,neither,0.03945320844208391,0.33037608806864915,0.630170703489267
Rip that team tho,neither,0.032051305481962604,0.3802162703206257,0.5877324241974116
lmao,neither,0.03705015143476208,0.3711622369619404,0.5917876116032975
I'm tilted asf.,neither,0.03945320844208391,0.33037608806864915,0.630170703489267
"@Xizindar, your sbmm will forever be messed Kappa",neither,0.06302839545961433,0.30974918061794054,0.6272224239224451
"You should wear shades more often Lupo, they're clearly a source of great power rambCOOL",neither,0.0675254056778395,0.3358227091507392,0.5966518851714213
Phantom and a triple. I love/hate/am scared by u :D :D,neither,0.13365795834957533,0.275278944904489,0.5910630967459358
OH DANG,neither,0.051363287716059566,0.22255663153133606,0.7260800807526044
oh my god,neither,0.030266422441093326,0.38268872444249025,0.5870448531164164
lupo just stop,offensive_language,0.03134492700071717,0.51359250445855,0.4550625685407327
just got in and I see that play. lupoHYPE lupoHYPE lupoHYPE lupoHYPE lupoHYPE lupoHYPE lupoHYPE lupoHYPE lupoHYPE lupoHYPE,neither,0.028875555156571347,0.40125460786328154,0.5698698369801471
put the keyboard down and walk away,neither,0.03921952940110634,0.2713706705029629,0.6894098000959308
YEAH LUPO,offensive_language,0.013968601452186464,0.5182923869769311,0.4677390115708824
the playssss KreyGasm,neither,0.03613032604487659,0.2619290779399786,0.7019405960151449
Only 100 viewers what happened,neither,0.04364682702340563,0.3273469262882953,0.6290062466882991
Unbroken,neither,0.03945320844208391,0.33037608806864915,0.630170703489267
Yep I'm screwed for eternity,neither,0.03389278237319886,0.30260355556433954,0.6635036620624615
2 triples and a phantom. I'm done,neither,0.03797781940481048,0.3035318887207986,0.658490291874391
Hold on let me put my pants on,neither,0.01570126944450523,0.46464091185746187,0.519657818698033
Welp... The rouse is up. lupoCRY,neither,0.044236841259086314,0.3662341280487152,0.5895290306921985
@Xizindar HOLLYWOOD,neither,0.03945320844208391,0.33037608806864915,0.630170703489267
@bumblefuss lol,neither,0.020706217963973744,0.4882283491876925,0.4910654328483337
lol this is great,neither,0.03590627671682508,0.36470135707405726,0.5993923662091177
Popped the unbroken cherry,neither,0.03859869441501728,0.31476379239727154,0.6466375131877111
LEGGO,neither,0.03945320844208391,0.33037608806864915,0.630170703489267
@xizindar omg,neither,0.03945320844208391,0.33037608806864915,0.630170703489267
hahah,neither,0.03945320844208391,0.33037608806864915,0.630170703489267
UN,neither,0.03945320844208391,0.33037608806864915,0.630170703489267
Why are you on that account @drlupo,neither,0.061665229613553064,0.4151360113674327,0.5231987590190142
BROKE,neither,0.03945320844208391,0.33037608806864915,0.630170703489267
Yeah buddy.,neither,0.02145469153981289,0.4574245217793169,0.5211207866808701
LETS GOOOOOOOOOOOOOOOOOOOO,neither,0.0381375099945381,0.3527069244228318,0.6091555655826302
N,neither,0.03945320844208391,0.33037608806864915,0.630170703489267
lol,neither,0.020706217963973744,0.4882283491876925,0.4910654328483337
@Xizindar carry me bb,neither,0.032846029180466405,0.365953232749001,0.6012007380705326
Jesus CHRIST,neither,0.03945320844208391,0.33037608806864915,0.630170703489267
Sheeee-it,neither,0.034373745257138544,0.33212314837979673,0.6335031063630647
lupoHYPE lupoHYPE lupoHYPE lupoHYPE lupoHYPE lupoHYPE lupoHYPE lupoHYPE lupoHYPE lupoHYPE lupoHYPE lupoHYPE,neither,0.03945320844208391,0.33037608806864915,0.630170703489267
What happened to the viewers?,neither,0.04985968093713182,0.3093541912002687,0.6407861278625995
GOAT,neither,0.03945320844208391,0.33037608806864915,0.630170703489267
YOU ABSOLUTE MONSTER,neither,0.05607358657544269,0.3771938807692319,0.5667325326553255
lupoHYPE lupoHYPE lupoHYPE lupoHYPE lupoHYPE lupoHYPE lupoHYPE lupoHYPE lupoHYPE lupoHYPE lupoHYPE lupoHYPE lupoHYPE lupoHYPE lupoHYPE lupoHYPE lupoHYPE lupoHYPE lupoHYPE,neither,0.03945320844208391,0.33037608806864915,0.630170703489267
dammmmn,neither,0.03945320844208391,0.33037608806864915,0.630170703489267
lupoHYPE lupoHYPE lupoHYPE lupoHYPE lupoHYPE lupoHYPE lupoHYPE lupoHYPE lupoHYPE lupoHYPE lupoHYPE lupoHYPE lupoHYPE,neither,0.03945320844208391,0.33037608806864915,0.630170703489267
boom. @DrLupo now you really feel like Bruce Wayne.,neither,0.059308167460098676,0.3738556697460596,0.5668361627938417
"@DrLupo, use my account next time I want an unbroken",neither,0.011943693152662293,0.4836597373185438,0.5043965695287939
lupoHYPE rambHYPE lupoHYPE rambHYPE lupoHYPE rambHYPE lupoHYPE rambHYPE lupoHYPE rambHYPE lupoHYPE rambHYPE,neither,0.03945320844208391,0.33037608806864915,0.630170703489267
"@Xizindar, love you",offensive_language,0.079837142191777,0.5038574454704381,0.4163054123377849
unbroken ftw,neither,0.03945320844208391,0.33037608806864915,0.630170703489267
Holy shiz,neither,0.03945320844208391,0.33037608806864915,0.630170703489267
lupoHYPE lupoHYPE lupoHYPE lupoHYPE lupoHYPE lupoHYPE lupoHYPE lupoHYPE lupoHYPE lupoHYPE,neither,0.03945320844208391,0.33037608806864915,0.630170703489267
Haha,neither,0.03186685585600258,0.45913629025701075,0.5089968538869867
"10 streak, 2 triples, phantom and a FUCKING UNBROKEN IM DONE",offensive_language,0.09829814012318097,0.880290151066928,0.0214117088098911
16-0 no biggie,neither,0.038663630511127804,0.3437772861911703,0.6175590832977019
unbroken SeemsGood Kreygasm,neither,0.03945320844208391,0.33037608806864915,0.630170703489267
lupoHYPE lupoHYPE lupoHYPE lupoHYPE lupoHYPE lupoHYPE lupoHYPE lupoHYPE,neither,0.03945320844208391,0.33037608806864915,0.630170703489267
lol this is awesome,neither,0.03849886627100912,0.3944410221335899,0.5670601115954009
lupoHYPE lupoHYPE lupoHYPE lupoHYPE lupoHYPE lupoHYPE lupoHYPE lupoHYPE lupoHYPE lupoHYPE lupoHYPE lupoHYPE lupoHYPE lupoHYPE lupoHYPE lupoHYPE,neither,0.03945320844208391,0.33037608806864915,0.630170703489267
@xizindar can't wait till we get matched together now. lupoLOVE,neither,0.039110347151244174,0.3361953389708658,0.6246943138778901
haha,neither,0.03186685585600258,0.45913629025701075,0.5089968538869867
lupoBOW,neither,0.03945320844208391,0.33037608806864915,0.630170703489267
What's on that sniper?,neither,0.03641968698798371,0.42577381908106054,0.5378064939309558
@drlupo you need to highlight that game.,neither,0.05619231511853312,0.361864395530435,0.5819432893510319
I'm going to look you up lol,offensive_language,0.05417823209365106,0.5654194666030965,0.3804023013032525
!destiny trialskd xizindar,neither,0.03945320844208391,0.33037608806864915,0.630170703489267
drlupo: Xizindar's K/D ratio in Trials is 0.34.,neither,0.04904813546599275,0.327075952683967,0.6238759118500402
Is he pretending to be someone else,neither,0.06028628106191408,0.32519244014333604,0.6145212787947499
lol,neither,0.020706217963973744,0.4882283491876925,0.4910654328483337
do a voice print....look that shit up.,offensive_language,0.04401169789082151,0.9520157325969739,0.00397256951220448
lol,neither,0.020706217963973744,0.4882283491876925,0.4910654328483337
lol,neither,0.020706217963973744,0.4882283491876925,0.4910654328483337
lmao,neither,0.03705015143476208,0.3711622369619404,0.5917876116032975
@Xizindar rip,neither,0.03945320844208391,0.33037608806864915,0.630170703489267
"Fk lupo, @Xizindar is a GOD",neither,0.047794620554150596,0.32750709394283106,0.6246982855030183
hahahaaaha,neither,0.03945320844208391,0.33037608806864915,0.630170703489267
LOL,neither,0.020706217963973744,0.4882283491876925,0.4910654328483337
0.34 :o,neither,0.03945320844208391,0.33037608806864915,0.630170703489267
0.34 hype,neither,0.03945320844208391,0.33037608806864915,0.630170703489267
rip,neither,0.03945320844208391,0.33037608806864915,0.630170703489267
That was with Lupo btw :),neither,0.02400688489144845,0.4207607782670081,0.5552323368415434
lupoLOVE @Xizindar,neither,0.03945320844208391,0.33037608806864915,0.630170703489267
0.34 haha welp,neither,0.035991697330478,0.3891269654567329,0.574881337212789
haha,neither,0.03186685585600258,0.45913629025701075,0.5089968538869867
That .34,neither,0.0349751205147877,0.3792120518198444,0.5858128276653679
I've run 2 cards I think,neither,0.019809836265876925,0.3041227990926061,0.676067364641517
"""Seriously, you're gonna be let down.""",neither,0.05233648590431056,0.43545736013623176,0.5122061539594576
@xizindar welcome to the top 1.0%,neither,0.0462835494561269,0.30744969878672024,0.6462667517571529
the .34 shows Kappa,neither,0.038784211819946755,0.3182145014022266,0.6430012867778265
@kinsbane written down for possible quote of the week.,neither,0.034789460894330854,0.29950034266739417,0.665710196438275
Your skills betray you @DrLupo,neither,0.09140934551524867,0.36367966122534096,0.5449109932594104
haha,neither,0.03186685585600258,0.45913629025701075,0.5089968538869867
1/4 of the total trials kills on that account are now from that game,neither,0.04648334123192669,0.31518164216402594,0.6383350166040473
@zealousendeavor not a nice thing to sau,neither,0.046138709484558886,0.3315462417238379,0.6223150487916033
hi 0/,neither,0.03945320844208391,0.33037608806864915,0.630170703489267
^^^^,neither,0.03945320844208391,0.33037608806864915,0.630170703489267
@Xizindar your elo wil get you the sweatiest people after this strim lol,neither,0.15086771933244242,0.411587279132987,0.4375450015345706
LUL at the elo's they're facing with that .34 lmao,neither,0.03756817256851565,0.375952727332176,0.5864791000993084
@xizindar you should post your stats in chat. :-),neither,0.10027575271496665,0.3925888693768937,0.5071353779081396
!uptime,neither,0.03945320844208391,0.33037608806864915,0.630170703489267
17 minutes 8 seconds,neither,0.03945320844208391,0.33037608806864915,0.630170703489267
@Xizindar he doubled your trials most kills lol,neither,0.06667193851830931,0.3750058571491534,0.5583222043325373
SPELLING HYPE,neither,0.03945320844208391,0.33037608806864915,0.630170703489267
lol rocky,neither,0.03067274384572663,0.3948916229673822,0.5744356331868913
@tripaulyd whats up sir,neither,0.03684118595991117,0.3831887553026512,0.5799700587374377
!songrequest juice,neither,0.03945320844208391,0.33037608806864915,0.630170703489267
"mgvertigo101 -> ""Chance The Rapper - Juice"" by CovertHipHop has been added to the queue in position #4",neither,0.04276535144197258,0.3332424919816444,0.623992156576383
@rockywrecks lolol,neither,0.03945320844208391,0.33037608806864915,0.630170703489267
45 kills on that account prior to that game,neither,0.03606116937107494,0.3648160515832443,0.5991227790456808
Hey @x_burningwing0,neither,0.03945320844208391,0.33037608806864915,0.630170703489267
I think I'm retiring tonight boys and girls.,neither,0.02394871170853417,0.3494398090227499,0.626611479268716
"@iamcxded idk, that lupo scrub has nothing on this @xizindar guy.",neither,0.033032225735836064,0.4009265614888572,0.5660412127753066
What happened to the viewers? Wow,neither,0.04875085918124792,0.31135242327026885,0.6398967175484831
!songlist,neither,0.03945320844208391,0.33037608806864915,0.630170703489267
Reconsapper -> The song list for this channel is available at https://beta.nightbot.tv/t/drlupo/song_requests,neither,0.03898681529178365,0.3218264161773269,0.6391867685308895
lol,neither,0.020706217963973744,0.4882283491876925,0.4910654328483337
just went from .34 to .93 lmao,neither,0.04066109259992207,0.34191854421737294,0.617420363182705
from one match,neither,0.03970505776899236,0.34695192313672857,0.6133430190942792
DrLupo = PapaSmurf,neither,0.03945320844208391,0.33037608806864915,0.630170703489267
Hahahaha,neither,0.03945320844208391,0.33037608806864915,0.630170703489267
lol wut,neither,0.03027887083479381,0.3981251484381287,0.5715959807270774
hahahah zone control and clash,neither,0.03889093330483388,0.30275424938989876,0.6583548173052673
@Oozypunk i know right hes a good Kreygasm,neither,0.03775790318166725,0.35051444144194,0.6117276553763928
wtf,offensive_language,0.04410695246022759,0.7898861884776351,0.16600685906213722
@thegreatgrattsby that's when u know,neither,0.019673113078041104,0.4749322295160232,0.5053946574059357
Zone Control and Clash,neither,0.03880612344725149,0.2982576111452246,0.6629362654075239
haha retire the greatest @xizindar,neither,0.03536288767702554,0.37568956856199415,0.5889475437609802
god*,neither,0.03945320844208391,0.33037608806864915,0.630170703489267
dat zone control god,neither,0.03945320844208391,0.33037608806864915,0.630170703489267
Top 3% in Control and Clash...,neither,0.0387882763230706,0.29729689944671095,0.6639148242302185
"That zone control k/d tho, professional mlg",neither,0.03370675373012522,0.36854487436407535,0.5977483719057994
gjakePmb1,neither,0.03945320844208391,0.33037608806864915,0.630170703489267
gjakePmb2,neither,0.03945320844208391,0.33037608806864915,0.630170703489267
dirtyy,neither,0.03945320844208391,0.33037608806864915,0.630170703489267
youre joking,neither,0.04966816175432819,0.32686269721172945,0.6234691410339425
lmao,neither,0.03705015143476208,0.3711622369619404,0.5917876116032975
thats an angle?,neither,0.03977362816596,0.3249377291256283,0.6352886427084117
fuck you lupo,offensive_language,0.39540277457088635,0.6045972250427779,3.863357671927309e-10
^^,neither,0.03945320844208391,0.33037608806864915,0.630170703489267
@Rockywrecks LOL,neither,0.020706217963973744,0.4882283491876925,0.4910654328483337
i didnt know you could snipe through that,neither,0.047898487140187115,0.39708471726763384,0.5550167955921791
HA,neither,0.03945320844208391,0.33037608806864915,0.630170703489267
welcome to twitch,neither,0.04591327914161451,0.32659708435937923,0.6274896364990064
Lol didn't know you could shoot through that I'm weak,neither,0.0414141987507817,0.42833621948177947,0.530249581767439
where you learn dirty fucking ways to play,offensive_language,0.1437923239186261,0.8494034045238443,0.006804271557529476
yooooo that hole!!!!,neither,0.03601562495741523,0.36769018961697747,0.5962941854256073
GG destiny,neither,0.03945320844208391,0.33037608806864915,0.630170703489267
lupoLOVE,neither,0.03945320844208391,0.33037608806864915,0.630170703489267
I didn't know you could even snipe through that. It's fun to learn from myself,neither,0.03867756003269042,0.4030818546567989,0.5582405853105107
Yeah ... I didn't know you could snipe through there lupoWAT,neither,0.026414199109657328,0.4392754884742252,0.5343103124161175
@rockywrecks You haven't seen nothing yet.,neither,0.05177345971154785,0.41615011309356603,0.5320764271948861
lupoYE lupoYE lupoYE lupoYE,neither,0.03945320844208391,0.33037608806864915,0.630170703489267
@DrLupo lol,neither,0.020706217963973744,0.4882283491876925,0.4910654328483337
"""I'm pushing in"" there we go, back to terrible Kappa",neither,0.04436679984319152,0.3044150275419049,0.6512181726149036
i know of the other one by the jump up,neither,0.03583429796198626,0.4111641641677006,0.553001537870313
Snipe through where :( I missed it rip,neither,0.03974976075514254,0.30843015091825776,0.6518200883265997
and theres a few others i know on this map,neither,0.036978203356424356,0.3133822362004219,0.6496395604431537
but THAT is absurd,neither,0.03972130790904861,0.3825787725836214,0.5776999195073301
