text,top_class,hate_speech,offensive_language,neither
"Haven't played Trials in about 4 hours, and I'm sad.",neither,0.03768267869998729,0.32025253119210506,0.6420647901079076
No friends.,neither,0.03805805625517818,0.35405546173750585,0.607886482007316
lupoCRY,neither,0.03945320844208391,0.33037608806864915,0.630170703489267
Raffle?,neither,0.03945320844208391,0.33037608806864915,0.630170703489267
LF friends? The Internet is full of them,neither,0.07442659107319102,0.30438680287542846,0.6211866060513804
IAmNotScottish xb1 or ps4?,neither,0.03945320844208391,0.33037608806864915,0.630170703489267
xb1,neither,0.03945320844208391,0.33037608806864915,0.630170703489267
Try craigslist,neither,0.03945320844208391,0.33037608806864915,0.630170703489267
lupoWAT,neither,0.03945320844208391,0.33037608806864915,0.630170703489267
Raffle ?,neither,0.03945320844208391,0.33037608806864915,0.630170703489267
X1,neither,0.03945320844208391,0.33037608806864915,0.630170703489267
"ah, bummer, im ps4",neither,0.038799789835715366,0.3551980754222518,0.6060021347420328
@kurtadamian not now,neither,0.036865068681350345,0.3402228443939771,0.6229120869246727
Or I could be your friend,neither,0.07815776200670213,0.32441135023334017,0.5974308877599577
me and a buddy been looking for a 3rd,neither,0.029167280982283248,0.31253248745208206,0.6583002315656347
1 money please,neither,0.03945320844208391,0.33037608806864915,0.630170703489267
secret?,neither,0.03945320844208391,0.33037608806864915,0.630170703489267
LUPO SAY SORRY CAMERON CANADA FOR BEATING ME ON MY 8-0 😢,neither,0.024063818558436964,0.39459439852314765,0.5813417829184154
!trials,neither,0.03945320844208391,0.33037608806864915,0.630170703489267
"TRIALS IS ON!!!! https://goo.gl/ZvVqsl | Generally, we run PS4 raffles for Trials help on Friday, and X1 raffles Saturday and Sunday. Looking for a list of commands relative to Trials of Osiris? Here ya go: !boons !help !list !raffle !report !rewards !rng !rules !secretrun !whatisvirgin",neither,0.04327682760500058,0.36362614201348553,0.593097030381514
lol,neither,0.020706217963973744,0.4882283491876925,0.4910654328483337
"best of luck Lupo, I'm off see ya",offensive_language,0.026233651729549362,0.5410634986522039,0.4327028496182467
@cameroncanada stop,offensive_language,0.03955985943432937,0.5175432020074249,0.44289693855824575
gtg see ya man,offensive_language,0.023400812176860117,0.7242211917527743,0.2523779960703656
im gon,offensive_language,0.011858492728991839,0.5707347615871641,0.4174067456838441
"I can't purge, so I'll time out",neither,0.03459954882730653,0.40118146910575325,0.5642189820669403
!trialstrain,neither,0.03945320844208391,0.33037608806864915,0.630170703489267
lupoCHOO CHOOOOO CHOOOOO lupoCHOO,neither,0.03945320844208391,0.33037608806864915,0.630170703489267
@cameroncanada he can't...he is on a secret run. Just relax,neither,0.04760117501977156,0.3466611713822303,0.605737653597998
im going to go. cya lupo gluck and gnite,neither,0.04524446182706245,0.3539978152774479,0.6007577228954897
Bes,neither,0.03945320844208391,0.33037608806864915,0.630170703489267
Gg,neither,0.03945320844208391,0.33037608806864915,0.630170703489267
@DrLupo hey bud,neither,0.03945320844208391,0.33037608806864915,0.630170703489267
"@DrLupo, kick some ass",offensive_language,0.08983004930755087,0.9097727202821919,0.00039723041025721323
lol,neither,0.020706217963973744,0.4882283491876925,0.4910654328483337
"Chat, doc, mods, hello",neither,0.03945320844208391,0.33037608806864915,0.630170703489267
imma do the same...mebbee,neither,0.04107093294501791,0.31900417385411484,0.6399248932008673
lol telling a mod to piss off is a always a good call,neither,0.04201699857117518,0.40967473600296966,0.5483082654258552
!status [X1] DOUBLE SECRET DOUBLE VIRGIN,neither,0.03945320844208391,0.33037608806864915,0.630170703489267
DrLupo -> The stream title has been updated to: [X1] DOUBLE SECRET DOUBLE VIRGIN,neither,0.042109276055510445,0.320261353477186,0.6376293704673035
@DrLupo Strim delay couldn't save him :P,neither,0.03930295776239091,0.3329262342260666,0.6277708080115425
"Yeah, wouldn't recommend",neither,0.024617290412933902,0.4326303200757651,0.5427523895113011
@drlupo I am ALWAYS ready to smash bb,neither,0.04278807094771675,0.368105632388682,0.5891062966636013
Also,neither,0.03945320844208391,0.33037608806864915,0.630170703489267
Hi yeah guys,neither,0.022983526157323634,0.4463907660663807,0.5306257077762957
Wowow,neither,0.03945320844208391,0.33037608806864915,0.630170703489267
smash casOhmy,neither,0.03945320844208391,0.33037608806864915,0.630170703489267
Can't purge,neither,0.039808992204094576,0.3243375091056995,0.6358534986902059
Wow,neither,0.03945320844208391,0.33037608806864915,0.630170703489267
dr lupo help trails 334 titan cant find team. on xbox,neither,0.04038708366821282,0.2752834601605799,0.6843294561712071
So timeout /shrug,neither,0.03940934168832202,0.38195233036853654,0.5786383279431415
Mai say sorry for banning me,neither,0.030421340085091796,0.3361757238417869,0.6334029360731213
Lol no,neither,0.02373720428410396,0.4707848285852664,0.5054779671306296
Say it mai,neither,0.03797168292365737,0.3308856526306813,0.6311426644456614
lupo help trails pls,neither,0.03945320844208391,0.33037608806864915,0.630170703489267
Forgiveness is the first step,neither,0.03840164160046511,0.3116377552359228,0.649960603163612
aaaand timeout in 3....2...,neither,0.03945320844208391,0.33037608806864915,0.630170703489267
hiiiii,neither,0.03945320844208391,0.33037608806864915,0.630170703489267
Yeah who would do this all day? DansGame,offensive_language,0.02627254723160796,0.5484757291951128,0.4252517235732794
You guys have really nice butts,neither,0.05306228339499672,0.38097009463422604,0.5659676219707773
Sounds like timeout is going to be the 1st step,neither,0.06030718261980351,0.3475890521295989,0.5921037652505976
And don't whisper me things that I will actually slap you for lupoLOVE,neither,0.03697783529872291,0.34731283171224636,0.6157093329890307
lupo is god,neither,0.055732361789954374,0.3247769407419311,0.6194906974681145
@cameroncanada you are lucky I am not a mod in this particular stream...I would have @mai7viac's back in a hurry lol,neither,0.055053088794454495,0.3663414491543244,0.5786054620512212
"I swear, some players in this game are so good they secretly double carry people to the lighthouse. Like wtf is that",neither,0.07931044541423422,0.4423110783748665,0.47837847621089935
do you find these randoms on lfg?,neither,0.10488482421485229,0.4120413718745614,0.4830738039105864
@CamBein97 whaaaat that is a thing that happens?,neither,0.056799745228445934,0.3844077183810934,0.5587925363904607
lupoLOVE,neither,0.03945320844208391,0.33037608806864915,0.630170703489267
@sensuousbop I've had a lost worse said to me lol,neither,0.020299625807825034,0.27362991337387466,0.7060704608183004
Anyone wanna play....,neither,0.03945320844208391,0.33037608806864915,0.630170703489267
lupoLOVE,neither,0.03945320844208391,0.33037608806864915,0.630170703489267
@MelodyGames Ew,neither,0.03945320844208391,0.33037608806864915,0.630170703489267
Mai you won't do anything irl,neither,0.052152714361623234,0.3627244962364235,0.5851227894019533
@melodygames hi,neither,0.03945320844208391,0.33037608806864915,0.630170703489267
It Mel,neither,0.037828236809968684,0.3309349903269868,0.6312367728630445
hey @MelodyGames,neither,0.03945320844208391,0.33037608806864915,0.630170703489267
Hi mel,neither,0.03945320844208391,0.33037608806864915,0.630170703489267
"@IAmNotScottish, <3",neither,0.03945320844208391,0.33037608806864915,0.630170703489267
i wonder if lupo should change his emblem... it might get people curious,neither,0.0688788529220911,0.4008504600651511,0.5302706870127577
We can be friends on her though,offensive_language,0.028843463897173002,0.5645045417797961,0.4066519943230308
"@Mai7Viac, hi bb! lupoLOVE",neither,0.03945320844208391,0.33037608806864915,0.630170703489267
Here*,neither,0.22097653003277068,0.2221615150675793,0.55686195489965
@Fender_RTL lupoWAT,neither,0.03945320844208391,0.33037608806864915,0.630170703489267
"@Fender_RTL, lupoPLS <3",neither,0.03945320844208391,0.33037608806864915,0.630170703489267
Move kill,hate_speech,0.6036581080105696,0.11980572712010437,0.2765361648693259
@iamnotscottish ??,neither,0.03945320844208391,0.33037608806864915,0.630170703489267
"@mai7viac oh, I know. I just don't have much patience for people taking away from the stream",neither,0.04855413613314312,0.26928256115343446,0.6821633027134223
rolls eyes,neither,0.041360667769097706,0.29800152521706447,0.6606378070138379
Sama.....,neither,0.03945320844208391,0.33037608806864915,0.630170703489267
Kappa,neither,0.03945320844208391,0.33037608806864915,0.630170703489267
hey remember that time lupo died to fall damage?,neither,0.04033444672078891,0.3693532973541266,0.5903122559250845
Nice,neither,0.03945320844208391,0.33037608806864915,0.630170703489267
"@Siulaim, sup bbs :D <3",neither,0.03945320844208391,0.33037608806864915,0.630170703489267
lupoLOVE lupoLOVE lupoLOVE lupoLOVE @melodygames,neither,0.03945320844208391,0.33037608806864915,0.630170703489267
!hawkmoon,neither,0.03945320844208391,0.33037608806864915,0.630170703489267
@MelodyGames lupoLOVE,neither,0.03945320844208391,0.33037608806864915,0.630170703489267
is this a secret run?!,neither,0.04825766159420738,0.32900885260823387,0.6227334857975587
Ye,neither,0.03945320844208391,0.33037608806864915,0.630170703489267
"sweet, always like theses :D",neither,0.04786218752221734,0.39972419911984625,0.5524136133579364
!hm,neither,0.03945320844208391,0.33037608806864915,0.630170703489267
!card,neither,0.03945320844208391,0.33037608806864915,0.630170703489267
"lupoCHOO @tsav22, the current Passage Card is: 8W / 0L, Mercy Used: true. Results are near real-time.",neither,0.050728799543236475,0.3691226532726416,0.5801485471841219
!hc,neither,0.03945320844208391,0.33037608806864915,0.630170703489267
"DrLupo typically runs with Hawkmoon or Eyasluna. On Hawkmoon, he uses Aggressive Ballistics and Hammer Forged. On PS4, his Eyasluna has TrueShot IS, Third Eye, Rifled Barrel and Hot Swap. On Xbox his Eyasluna has Sureshot IS, Last Resort, Hand Loaded, and Hidden Hand.",neither,0.05480421613616375,0.3130951600456607,0.6321006238181756
@MelodyGames trials go well?,neither,0.04148572039741456,0.33744117408495106,0.6210731055176344
Nailed it,neither,0.03772653554390317,0.33096997005595963,0.6313034944001372
Where will you type the code for the raffle @drlupo,neither,0.04759302788831151,0.26296215220820834,0.6894448199034803
!sr ride twenty one pilots,neither,0.0387971790378425,0.35449918744836767,0.6067036335137899
"Fender_RTL -> ""twenty one pilots: Ride (Video)"" by twenty one pilots has been added to the queue in position #1",neither,0.04333075242803493,0.32776848085343974,0.6289007667185252
So both these guys have no idea who lupo is?,offensive_language,0.05400518109912687,0.5173729892046607,0.42862182969621243
@conor5252 no raffle for this run,neither,0.03099646687060068,0.3133195837156919,0.6556839494137073
@conor5252 he isn't doing one,neither,0.044591255278830406,0.3639458365951861,0.5914629081259836
They mustve checked his elo though lol?,neither,0.05321761890357048,0.38398431385101783,0.5627980672454116
"@conor5252 he won't be doing any raffles tonight. but when he does, he put's what you need to type on screen for quite a while",neither,0.038915952228927325,0.4093596014526189,0.5517244463184536
@mai7viac you play aswell?,neither,0.0813674760014606,0.43842241950656125,0.4802101044919782
*puts,neither,0.03945320844208391,0.33037608806864915,0.630170703489267
"@mastaace87 yep! Possibly, but not everyone knows about that stuff",neither,0.030178619525423327,0.4409080749930233,0.5289133054815535
Nice try,neither,0.03945320844208391,0.33037608806864915,0.630170703489267
True,neither,0.03945320844208391,0.33037608806864915,0.630170703489267
"@rah_rhodes I play destiny, not well, but I play :D",neither,0.036108201040660454,0.3411397445957443,0.6227520543635952
damn i suck at typing/spelling/reading/life in general tonight,offensive_language,0.050262067917006686,0.6192047756038027,0.3305331564791906
@mai7viac sounds like me..,neither,0.04236617268039147,0.4095487956341681,0.5480850316854404
@Fender_RTL good sr lupoLOVE,neither,0.037820165765928906,0.33093776632913474,0.6312420679049364
@rah_rhodes but at least you have sexiness going for you,neither,0.057493048020898246,0.45940807665826144,0.4830988753208403
Well I'm heading out. Night @DrLupo and chat! good luck on the run. lupoLOVE,neither,0.030010756365163087,0.3149099207617007,0.6550793228731362
@siulaim lupoYE lupoYE,neither,0.03945320844208391,0.33037608806864915,0.630170703489267
@ScreamingJello night!,neither,0.02550723072422885,0.32941079269047424,0.6450819765852968
"@ScreamingJello, see ya <3",offensive_language,0.02052170517863985,0.6984459664727475,0.2810323283486127
Night jello,neither,0.03179705035988285,0.3301073161067416,0.6380956335333754
morning,neither,0.05283876784042269,0.1031882115525248,0.8439730206070525
@melodygames ILU how's your night,neither,0.07225993414195425,0.31805976882341075,0.609680297034635
Did they not nerf the range on the hawk moon Lololol?,neither,0.036330084479639556,0.32285081151852624,0.6408191040018343
fender you have a nice ass lupoYE lupoYE,offensive_language,0.15479050530207572,0.8450907995516638,0.00011869514626046771
@mai7viac you haven't seen me have you.. Your not blind,neither,0.0934924150761709,0.45215078457142266,0.4543568003524065
lol,neither,0.020706217963973744,0.4882283491876925,0.4910654328483337
"@Mai7Viac, ily2! it's good. about to rewatch some GoT from season 1 :) how's your night?",neither,0.04703063091131357,0.36765986566660536,0.5853095034220811
@rah_rhodes I don't have to see you to know,neither,0.08575770237759624,0.3863295103259889,0.5279127872964149
I feel like my request broke it,neither,0.035910727785526994,0.42311486792229824,0.5409744042921748
@mai7viac your to kind..,neither,0.11389793134862451,0.3058449280381786,0.580257140613197
@melodygames i made it home! Check my snaps 😃,neither,0.027148869737081388,0.4182281779389388,0.5546229523239798
Yo lupo your blankets are OP bungo pls nerf,neither,0.07843301027361922,0.3386333981434949,0.5829335915828858
And I had lobster for dinner,neither,0.034039325522666704,0.2750470256862897,0.6909136487910436
I'm doing well,neither,0.03945320844208391,0.33037608806864915,0.630170703489267
@Mai7Viac lupoLOVE,neither,0.03945320844208391,0.33037608806864915,0.630170703489267
is it still a secret?,neither,0.0460000761920696,0.3448877480591197,0.6091121757488106
Lobster. Interesting,neither,0.03945320844208391,0.33037608806864915,0.630170703489267
@fender_rtl your request or your fat booty lupoYE lupoYE,neither,0.22388217465036775,0.27027774154156514,0.505840083808067
@espadanovena hey girl!,neither,0.030598286926141412,0.41854428735554666,0.5508574257183118
@MelodyGames you rewatching or have you never seen it?,offensive_language,0.07263474820597683,0.5050122846029655,0.4223529671910576
"@MelodyGames, @Mai7Viac snaps? Kappa",neither,0.03945320844208391,0.33037608806864915,0.630170703489267
Mah fat booty let's be honest,neither,0.07528442709118308,0.33903208546412567,0.5856834874446913
@drlupo Do you thing your emblem ever gives you away? it would definitely make me wonder...,neither,0.08034446991596245,0.39287387794721845,0.5267816521368192
!sniper,neither,0.03945320844208391,0.33037608806864915,0.630170703489267
"On Xbox One, DrLupo runs a Y-09 Longbow Synthesis with Shortgaze, Grenadier, Rifled Barrel, and Firefly. On PS4 he runs a Y-09 Longbow Synthesis with Shortgaze, Underdog, Rifled Barrel, and Unflinching.",neither,0.031241022591751075,0.3464499576119417,0.6223090197963073
@drlupo you still haven't opened the dick pic I sent you,offensive_language,0.0794948564406614,0.8082862586839422,0.11221888487539637
LupoCRY,neither,0.03945320844208391,0.33037608806864915,0.630170703489267
THESE CHEWING NOISES,neither,0.05174549916392929,0.4283838470091036,0.5198706538269671
I AM DYING,neither,0.03920201422596571,0.3304624852782343,0.6303355004957999
Lmao,neither,0.03705015143476208,0.3711622369619404,0.5917876116032975
"@Mai7Viac, AW! yay! so excited for you",neither,0.04589358734768193,0.3748905289588115,0.5792158836935067
om nom nom,neither,0.03945320844208391,0.33037608806864915,0.630170703489267
He didn't must to eat that pizza,neither,0.033039701372044726,0.38421993124648424,0.582740367381471
lol!!,neither,0.020706217963973744,0.4882283491876925,0.4910654328483337
CHOMP CHOMP,neither,0.03945320844208391,0.33037608806864915,0.630170703489267
lololololololololo,neither,0.03945320844208391,0.33037608806864915,0.630170703489267
ommmm nom nom nom,neither,0.03945320844208391,0.33037608806864915,0.630170703489267
This song is lit as fuck! 😎,offensive_language,0.16428388206648298,0.833692263056212,0.002023854877304905
!destiny trialselo Joe+lVlorris,neither,0.03945320844208391,0.33037608806864915,0.630170703489267
"@zZEROo77, rewatching :D",neither,0.03945320844208391,0.33037608806864915,0.630170703489267
@drlupo he probably woulda muted other than you brought that up! Lol,offensive_language,0.041603229940437296,0.4906020703737498,0.467794699685813
"@DrLupo, wat lupoNERD",neither,0.03945320844208391,0.33037608806864915,0.630170703489267
@DrLupo get a Popsicle,neither,0.03779508335914271,0.3585187980877974,0.6036861185530599
fight fire with fire,neither,0.031203360051115722,0.3583265846674295,0.6104700552814548
@drlupo where will you post the code for the raffle?,neither,0.04742001694115665,0.26427149114240295,0.6883084919164404
!card,neither,0.03945320844208391,0.33037608806864915,0.630170703489267
"lupoCHOO @tsav22, the current Passage Card is: 8W / 0L, Mercy Used: true. Results are near real-time.",neither,0.050728799543236475,0.3691226532726416,0.5801485471841219
"@conor5252, you will see it on screen.",neither,0.05374513851058355,0.3713343457071048,0.5749205157823116
