text,top_class,hate_speech,offensive_language,neither
"That's the wrong direction though Mel, the west coast is the best coast snapsLURK",neither,0.03961004601999509,0.3234895965764114,0.6369003574035935
She won't carry me either @iamnotscottish BibleThump,neither,0.033801532833923044,0.44488508428194734,0.5213133828841294
still going strong,neither,0.03654009647982179,0.3798192006846365,0.5836407028355418
@DanMcClain it's over 9000....,neither,0.03116301578910095,0.3348530020170115,0.6339839821938876
@melodygames awesome!,neither,0.03945320844208391,0.33037608806864915,0.630170703489267
"I feel bad for laughing, but I burst out a laugh with every ""he's right there!"" call out.",neither,0.02455205256831148,0.344841968803178,0.6306059786285105
Making plays ðŸ‘ðŸ»,neither,0.04037179251498441,0.3147853190381298,0.6448428884468859
"lupo has the rocky music going, i like it",neither,0.044866350700700074,0.34693985096170615,0.6081937983375938
Hodor hodor,neither,0.03945320844208391,0.33037608806864915,0.630170703489267
@Opaque0007 I would love to live on the west coast :),neither,0.042186231515529166,0.33036415987016393,0.6274496086143069
your movement is so on point - makes me feel like such a noob,neither,0.06786636978635545,0.3996374292591125,0.5324962009545319
kraftCLUTCH,neither,0.03945320844208391,0.33037608806864915,0.630170703489267
!sr Chvrches - Playing Dead,neither,0.03945320844208391,0.33037608806864915,0.630170703489267
"IAmNotScottish -> ""Playing Dead"" by CHVRCHES - Topic has been added to the queue in position #4",neither,0.04351332155059489,0.3434388074109837,0.6130478710384213
Does Lupo play keyboard and mouse? Or is that just a very loud controller? Lol,neither,0.027779514352471016,0.4317453248470244,0.5404751608005045
"@sunvsthemoon, it's emerald's only callout",neither,0.03797211987970989,0.33088550234145797,0.6311423777788321
Someday Mel snapsLOVE,neither,0.03945320844208391,0.33037608806864915,0.630170703489267
we still on secret run!?,neither,0.03583557538778659,0.359771907413558,0.6043925171986554
!whymnk,neither,0.03945320844208391,0.33037608806864915,0.630170703489267
"Originally, I looked for an alternate input method that would allow me to rez/move/shoot/jump/etc at the same time. I also get hand cramps after playing for too long with a controller. I've put 3200+ hours over ~12 months into learning to play this way on Destiny. I also own an Elite controller. More info: https://goo.gl/DK62Er",neither,0.03472740369067424,0.33008450104078824,0.6351880952685375
Anyone want to come live in Scotland? :D,neither,0.04723339085318647,0.3435934631803236,0.60917314596649
@designgears yes.,neither,0.03945320844208391,0.33037608806864915,0.630170703489267
@designgears yes,neither,0.03945320844208391,0.33037608806864915,0.630170703489267
!title,neither,0.03945320844208391,0.33037608806864915,0.630170703489267
Essential_integers -> Current Stream Title: [X1] DOUBLE SECRET NIGHTMARE DIFFICULTY,neither,0.03945320844208391,0.33037608806864915,0.630170703489267
"nice, hows it going?",neither,0.036651664282315616,0.35664632493231,0.6067020107853744
these are some Mel call outs tbh,neither,0.0557834132370813,0.355412341695696,0.5888042450672226
Lol,neither,0.020706217963973744,0.4882283491876925,0.4910654328483337
:),neither,0.03945320844208391,0.33037608806864915,0.630170703489267
"haha ""so epic!""",neither,0.034990474228245284,0.44901326294746985,0.5159962628242848
She's not lying,neither,0.03964000712315839,0.4583077082196672,0.5020522846571743
Ok back to work snapsLURK,neither,0.04769345231777652,0.32658304156800816,0.6257235061142152
Lol. Totally farmed them,neither,0.04486861457791262,0.3872918412097069,0.5678395442123805
SO EPIC PVP GOD lol,neither,0.0317981333442502,0.43234183857607994,0.5358600280796699
the juke lmfao,neither,0.05158785631049783,0.2981931977803479,0.6502189459091542
oh my god,neither,0.030266422441093326,0.38268872444249025,0.5870448531164164
how,neither,0.03945320844208391,0.33037608806864915,0.630170703489267
He literally stormed one person,neither,0.04433616905770202,0.36237931264349155,0.5932845182988064
LUPO STORM TRANCE JUke 3.0?,neither,0.03945320844208391,0.33037608806864915,0.630170703489267
And whiffed,neither,0.03763944115734239,0.1918412352459551,0.7705193235967025
THE JUKES!,neither,0.03613032604487659,0.2619290779399786,0.7019405960151449
my god,neither,0.02182153289546196,0.47835500997776687,0.4998234571267711
the music is so perfect,neither,0.04733554324999378,0.3570731703582328,0.5955912863917734
Hnnnnng.,neither,0.03945320844208391,0.33037608806864915,0.630170703489267
What a ninja,neither,0.04634447332206036,0.3254755592165292,0.6281799674614104
"WOW, they can't kill him. xD",hate_speech,0.4434729526652477,0.167673119036464,0.38885392829828835
All the ankles,neither,0.04032786046269469,0.39695773529086376,0.5627144042464416
OMG!!!!!!,neither,0.03945320844208391,0.33037608806864915,0.630170703489267
Storm Trance Juke #3,neither,0.03945320844208391,0.33037608806864915,0.630170703489267
@heavyarms_ps Suh dude,neither,0.03945320844208391,0.33037608806864915,0.630170703489267
WHAT IS THJIS,neither,0.08191733112755817,0.31109320414220176,0.6069894647302402
OMG,neither,0.03945320844208391,0.33037608806864915,0.630170703489267
OMG,neither,0.03945320844208391,0.33037608806864915,0.630170703489267
"DrLupo the Energizer bunny, never quits snapsBRB",neither,0.03544993121048128,0.35058260999436747,0.6139674587951512
ARE YOU SERIOUS?,neither,0.13806745670329626,0.3226084233782426,0.5393241199184611
what the actual dodge,neither,0.043587495266300805,0.31215204293134735,0.6442604618023519
THE MUSIC!,neither,0.03798700579382922,0.30307271736661473,0.6589402768395561
UNFUCKING BELIEVABLE xD,neither,0.03945320844208391,0.33037608806864915,0.630170703489267
This music is actually perfect,neither,0.04740619032428901,0.329155018240799,0.6234387914349119
This is a great stream Dude. Good tunes. Good vibes. And if i am going to honest these kids are better than me. And yeah that was pretty epic.,neither,0.03338099736552391,0.4001737587511904,0.5664452438832857
omy epic escape!,neither,0.03945320844208391,0.33037608806864915,0.630170703489267
Breaking ankles,neither,0.03945320844208391,0.33037608806864915,0.630170703489267
THE JUKES,neither,0.03613032604487659,0.2619290779399786,0.7019405960151449
someone clip it,neither,0.037925197159487806,0.330901641216612,0.6311731616239001
bro,neither,0.03945320844208391,0.33037608806864915,0.630170703489267
!uptime,neither,0.03945320844208391,0.33037608806864915,0.630170703489267
14 hours 36 minutes 27 seconds,neither,0.03945320844208391,0.33037608806864915,0.630170703489267
THE PLAYS!,neither,0.0381955476471936,0.307118819326112,0.6546856330266944
jukes part 3???,neither,0.03945320844208391,0.33037608806864915,0.630170703489267
@drlupo bro u r a god,neither,0.03945320844208391,0.33037608806864915,0.630170703489267
@rojoemption was in the middle of typing that lol,neither,0.029668329952009416,0.3957578015812758,0.5745738684667148
Omg.,neither,0.03945320844208391,0.33037608806864915,0.630170703489267
THIS IS SO EPIC WITH SONG,neither,0.0348232224401956,0.4124478160341015,0.5527289615257027
Someone better clip this!!!!!,neither,0.03936164385588457,0.33193017806097974,0.6287081780831357
LUPO being a slippery salmon and making them burn their supers,neither,0.04868866129838173,0.24390962869778254,0.7074017100038358
HOLY,neither,0.03945320844208391,0.33037608806864915,0.630170703489267
Jesus crist bro,neither,0.03945320844208391,0.33037608806864915,0.630170703489267
OMG,neither,0.03945320844208391,0.33037608806864915,0.630170703489267
...,neither,0.03945320844208391,0.33037608806864915,0.630170703489267
wanna know what it looks like to play with a storm trances emotions' watch drlupo,neither,0.04836102320377488,0.35748916425093236,0.5941498125452926
ARE YOU KIDDING,neither,0.1202000281096263,0.3245543791663406,0.5552455927240332
OMFG,neither,0.03945320844208391,0.33037608806864915,0.630170703489267
LMAO,neither,0.03705015143476208,0.3711622369619404,0.5917876116032975
Omfg,neither,0.03945320844208391,0.33037608806864915,0.630170703489267
lupoHYPE lupoHYPE lupoHYPE lupoHYPE lupoHYPE lupoHYPE lupoHYPE lupoHYPE lupoHYPE lupoHYPE lupoHYPE lupoHYPE lupoHYPE lupoHYPE lupoHYPE lupoHYPE lupoHYPE lupoHYPE lupoHYPE lupoHYPE lupoHYPE lupoHYPE lupoHYPE lupoHYPE lupoHYPE lupoHYPE,neither,0.03945320844208391,0.33037608806864915,0.630170703489267
HOLYYYYYYY,neither,0.03945320844208391,0.33037608806864915,0.630170703489267
@Turbo_Lexx RIIIIGHT????,neither,0.03945320844208391,0.33037608806864915,0.630170703489267
he's fucking hyped,offensive_language,0.1215041110489841,0.8776509695405166,0.000844919410499236
LETS FUCKING GGOOOOOOOOO,offensive_language,0.11175285098510487,0.8882041824205891,4.296659430600072e-05
FUCK OFF!,offensive_language,0.23917139054341482,0.760828044063423,5.653931622883597e-07
lmfao,neither,0.05470637918084239,0.32512982320825545,0.6201637976109021
HOLY FUCK,offensive_language,0.19397613669184155,0.8059762285570093,4.7634751149108454e-05
JESUS,neither,0.03945320844208391,0.33037608806864915,0.630170703489267
OMFG,neither,0.03945320844208391,0.33037608806864915,0.630170703489267
LUPO YOU ARE A FUCKING GOD,offensive_language,0.2622560101443721,0.7377176510052376,2.6338850390229423e-05
that music was so perfect,neither,0.03523322581527862,0.4225754040008656,0.5421913701838557
fucking god,offensive_language,0.12100464007992381,0.8789870886794431,8.271240633085138e-06
GG,neither,0.03945320844208391,0.33037608806864915,0.630170703489267
lupoCHOO lupoHYPE lupoCHOO lupoHYPE lupoCHOO lupoHYPE lupoCHOO lupoHYPE lupoCHOO lupoHYPE,neither,0.03945320844208391,0.33037608806864915,0.630170703489267
damn,offensive_language,0.042479326866149344,0.9516554255713155,0.005865247562535126
Holy shit dude,offensive_language,0.043713684680302824,0.955758940979217,0.0005273743404802169
LOL,neither,0.020706217963973744,0.4882283491876925,0.4910654328483337
AHAHA Holy shit that was great!,offensive_language,0.04449521447115039,0.9473102055912488,0.008194579937600845
LOL,neither,0.020706217963973744,0.4882283491876925,0.4910654328483337
LOL,neither,0.020706217963973744,0.4882283491876925,0.4910654328483337
seeeesh,neither,0.03945320844208391,0.33037608806864915,0.630170703489267
lupoHYPE lupoHYPE lupoHYPE lupoHYPE lupoHYPE lupoHYPE lupoHYPE lupoHYPE lupoHYPE lupoHYPE lupoHYPE lupoHYPE lupoHYPE lupoHYPE,neither,0.03945320844208391,0.33037608806864915,0.630170703489267
LOL,neither,0.020706217963973744,0.4882283491876925,0.4910654328483337
hahahaha,neither,0.03945320844208391,0.33037608806864915,0.630170703489267
ongggggggg,neither,0.03945320844208391,0.33037608806864915,0.630170703489267
lupoHYPE lupoHYPE lupoHYPE lupoHYPE lupoHYPE lupoHYPE lupoHYPE lupoHYPE lupoHYPE lupoHYPE lupoHYPE lupoHYPE lupoHYPE lupoHYPE lupoHYPE lupoHYPE,neither,0.03945320844208391,0.33037608806864915,0.630170703489267
hahahahahahahahaha,neither,0.03945320844208391,0.33037608806864915,0.630170703489267
LETS GOOOOOO,neither,0.0381375099945381,0.3527069244228318,0.6091555655826302
Epic,neither,0.03945320844208391,0.33037608806864915,0.630170703489267
What the actual fuck,offensive_language,0.20190457058925115,0.7976150486425899,0.000480380768159026
Wow,neither,0.03945320844208391,0.33037608806864915,0.630170703489267
@DrLupo What. The. Fuck. Did. You. Just. Do?!,offensive_language,0.2211055280497034,0.7786828625311122,0.00021160941918441035
that is the most amazing thing i have ever seen,neither,0.0412989249136457,0.35460708468604507,0.6040939904003092
GG,neither,0.03945320844208391,0.33037608806864915,0.630170703489267
HIGHLIGHT THE HELL OUT OF THAT!,offensive_language,0.03375451708487268,0.7008434013444347,0.26540208157069267
LMFAO,neither,0.05470637918084239,0.32512982320825545,0.6201637976109021
nice,neither,0.03945320844208391,0.33037608806864915,0.630170703489267
PLAY OF THE YEAR!!!!!,neither,0.03831995325440845,0.3095012305924294,0.6521788161531621
HOLY FUCKING,offensive_language,0.11389314756820527,0.8860412283449122,6.562408688248613e-05
OMG WHAT A PLAYER,neither,0.03879778985957706,0.4280498005985604,0.5331524095418625
RIP,neither,0.03945320844208391,0.33037608806864915,0.630170703489267
beast mode,neither,0.03945320844208391,0.33037608806864915,0.630170703489267
Holy damn....,offensive_language,0.04457690765044431,0.8794810951652414,0.0759419971843142
"WOW, DrLupo you're insane!",neither,0.08303400080560389,0.3458278666782327,0.5711381325161634
rambHYPE rambHYPE rambHYPE rambHYPE rambHYPE rambHYPE,neither,0.03945320844208391,0.33037608806864915,0.630170703489267
WHAT,neither,0.057770773616808734,0.3180719994247239,0.6241572269584672
lupoHYPE lupoHYPE lupoHYPE lupoHYPE lupoHYPE lupoHYPE lupoHYPE lupoHYPE lupoHYPE lupoHYPE lupoHYPE lupoHYPE lupoHYPE,neither,0.03945320844208391,0.33037608806864915,0.630170703489267
HOLY FUCKING SHIT LUPO,offensive_language,0.08174173046671986,0.9182582550959841,1.443729593562825e-08
LOL,neither,0.020706217963973744,0.4882283491876925,0.4910654328483337
lupoHYPE lupoHYPE lupoHYPE lupoHYPE lupoHYPE lupoHYPE lupoHYPE lupoHYPE lupoHYPE lupoHYPE lupoHYPE lupoHYPE lupoHYPE lupoHYPE lupoHYPE lupoHYPE lupoHYPE lupoHYPE,neither,0.03945320844208391,0.33037608806864915,0.630170703489267
lupoHYPE Victory! @drlupo's team won! Passage Card: 4W - 0L - Mercy used: false. Results are near real-time.,neither,0.0458918798830489,0.3763687900874958,0.5777393300294552
Giggles,neither,0.03945320844208391,0.33037608806864915,0.630170703489267
?,neither,0.03945320844208391,0.33037608806864915,0.630170703489267
BEAST MODEEEEEE,neither,0.03945320844208391,0.33037608806864915,0.630170703489267
PogChamp PogChamp PogChamp PogChamp PogChamp PogChamp PogChamp PogChamp PogChamp,neither,0.03945320844208391,0.33037608806864915,0.630170703489267
ahhahahahahah,neither,0.03945320844208391,0.33037608806864915,0.630170703489267
Holy shit,offensive_language,0.04257650662097627,0.9573463282193174,7.716515970639687e-05
you fucking monster,offensive_language,0.13862962899731304,0.8611683604969899,0.00020201050569707352
"LET""S FUCKING GO",offensive_language,0.06438612642509282,0.9355914557625022,2.2417812404986497e-05
Ong,neither,0.03945320844208391,0.33037608806864915,0.630170703489267
G FUGGING G!,neither,0.03945320844208391,0.33037608806864915,0.630170703489267
LUPO LOL,neither,0.020706217963973744,0.4882283491876925,0.4910654328483337
THAT MUSIC,neither,0.03323004724845472,0.3987249581255167,0.5680449946260284
OHHHHHH,neither,0.03945320844208391,0.33037608806864915,0.630170703489267
Lol Lupo hype as fuck,offensive_language,0.11608951686253843,0.8834693966941439,0.0004410864433175384
What the hell did I just miss?,offensive_language,0.03425716161744782,0.7199810541300706,0.24576178425248152
what the fuck what a god,offensive_language,0.21715639275073437,0.7819505051652014,0.0008931020840642776
THAT ROUND,neither,0.033624175914520917,0.39429963649260136,0.5720761875928777
WHAAAAAT,neither,0.03945320844208391,0.33037608806864915,0.630170703489267
dang @drlupo,neither,0.03945320844208391,0.33037608806864915,0.630170703489267
holy shit the plays dude lol,offensive_language,0.03900353594720241,0.9565253162064004,0.0044711478463973315
WHAT,neither,0.057770773616808734,0.3180719994247239,0.6241572269584672
LETS GOOOOO,neither,0.03864835078748214,0.3440366229783383,0.6173150262341796
CLUTCHJHH,neither,0.03945320844208391,0.33037608806864915,0.630170703489267
CLIP THAT SHIT!!!!!!!!!!!,offensive_language,0.04118535452502542,0.9583187712041361,0.0004958742708385378
DID SOMEONE CLIP THAT??,neither,0.035780992624031095,0.37028014320910757,0.5939388641668613
WHAT,neither,0.057770773616808734,0.3180719994247239,0.6241572269584672
GG beast mode,neither,0.03945320844208391,0.33037608806864915,0.630170703489267
WRFFFFFF,neither,0.03945320844208391,0.33037608806864915,0.630170703489267
WHAT THE FUCK,offensive_language,0.29142062242413674,0.7085786605941925,7.169816707264273e-07
WKDHFBKJ.WQHFQEKLJBFVERJHGV,neither,0.03945320844208391,0.33037608806864915,0.630170703489267
LOL Lupo broke himself,neither,0.030928484159231363,0.3928093521271598,0.5762621637136089
WHAT,neither,0.057770773616808734,0.3180719994247239,0.6241572269584672
OMG!,neither,0.03945320844208391,0.33037608806864915,0.630170703489267
HOLY SHITTTTTT,neither,0.03945320844208391,0.33037608806864915,0.630170703489267
HOW,neither,0.03945320844208391,0.33037608806864915,0.630170703489267
CLIP,neither,0.03945320844208391,0.33037608806864915,0.630170703489267
hahahah!,neither,0.03945320844208391,0.33037608806864915,0.630170703489267
upload that clip,neither,0.036006909379441024,0.3677863064239086,0.5962067841966504
save that shitttttttttttt,neither,0.03371102511330693,0.3933258097898909,0.5729631650968021
I CLIPPED,neither,0.03945320844208391,0.33037608806864915,0.630170703489267
HYPE HYPE HYPE,neither,0.03945320844208391,0.33037608806864915,0.630170703489267
NO,neither,0.036918905254960256,0.37338982715841207,0.5896912675866277
DUDE,neither,0.03945320844208391,0.33037608806864915,0.630170703489267
plz,neither,0.03945320844208391,0.33037608806864915,0.630170703489267
!caw,neither,0.03945320844208391,0.33037608806864915,0.630170703489267
FUCKIN' CAW-CAW CAW-CAW,offensive_language,0.09187974904745387,0.908100988191639,1.9262760907015736e-05
"""BRB, WTF""",offensive_language,0.04247332236699677,0.5919089613830419,0.3656177162499613
WTF!!!!!!,offensive_language,0.04410695246022759,0.7898861884776351,0.16600685906213722
!uptime,neither,0.03945320844208391,0.33037608806864915,0.630170703489267
WHAT THE FUCKING,offensive_language,0.1578241637735969,0.842173730738817,2.105487586202391e-06
14 hours 37 minutes 25 seconds,neither,0.03945320844208391,0.33037608806864915,0.630170703489267
CLUTCH OF THE WEEK,neither,0.038535425657265865,0.31357787206425003,0.6478867022784841
SEXY PLAYS!!!!,neither,0.03945320844208391,0.33037608806864915,0.630170703489267
HUH,neither,0.03945320844208391,0.33037608806864915,0.630170703489267
What happened?,neither,0.04722295797655572,0.3248777811305592,0.6278992608928851
FUCK YEAH,offensive_language,0.10370730243492932,0.8962908387340361,1.8588310345579474e-06
WHAT,neither,0.057770773616808734,0.3180719994247239,0.6241572269584672
https://clips.twitch.tv/drlupo/EasyPheasantFunRun,neither,0.03945320844208391,0.33037608806864915,0.630170703489267
CARRY ME SENPAI,neither,0.030092717767541022,0.3821241621341028,0.5877831200983563
OH my fucking god.,offensive_language,0.0852658343313201,0.914581125282064,0.00015304038661581387
Lol,neither,0.020706217963973744,0.4882283491876925,0.4910654328483337
kraftCLUTCH kraftCLUTCH kraftCLUTCH,neither,0.03945320844208391,0.33037608806864915,0.630170703489267
Shit ducking monetary,offensive_language,0.046972970567521935,0.9470770144256547,0.005950015006823375
These songs...,neither,0.05512125023806704,0.4552408834219676,0.48963786633996526
CLIP AND SUBMIT TO HOLLYWOOD FOREIGN PRESS,neither,0.04348207471612217,0.29982323114478815,0.6566946941390898
Haha another good song for this ;),neither,0.06858736082626209,0.31105026987837464,0.6203623692953633
I got some of it https://clips.twitch.tv/drlupo/CuriousPeafowlOSkomodo,neither,0.032251507016336285,0.37144323315881606,0.5963052598248477
Save that play!!!!!,neither,0.03476653924870249,0.3815326125556755,0.5837008481956221
Tell me someone clipped that!!!,neither,0.026141020876703454,0.43248196392041993,0.5413770152028767
kraftSUH,neither,0.03945320844208391,0.33037608806864915,0.630170703489267
Literally perfection,neither,0.03945320844208391,0.33037608806864915,0.630170703489267
LUPO!!!!!!!!!!!,neither,0.03945320844208391,0.33037608806864915,0.630170703489267
GD,neither,0.03945320844208391,0.33037608806864915,0.630170703489267
The song too,neither,0.03725265520642001,0.32437132047907213,0.6383760243145078
WHAT DID I JUST COME INTO,neither,0.03826797565378851,0.37829151432247965,0.5834405100237319
Someone clip that!,neither,0.03538039771409821,0.3747132695332651,0.5899063327526367
i'm dead,neither,0.03945320844208391,0.33037608806864915,0.630170703489267
https://clips.twitch.tv/drlupo/DeadMinkSoonerLater,neither,0.03945320844208391,0.33037608806864915,0.630170703489267
https://clips.twitch.tv/drlupo/HelplessFalconNotLikeThis,neither,0.03945320844208391,0.33037608806864915,0.630170703489267
GOD MODE ACTIVATED!!!,neither,0.03945320844208391,0.33037608806864915,0.630170703489267
that was nasty,neither,0.03390333906817971,0.3921871938239689,0.5739094671078515
lupoHYPE lupoHYPE lupoHYPE lupoHYPE lupoHYPE,neither,0.03945320844208391,0.33037608806864915,0.630170703489267
THE FUCKING CLICK CLACKS,offensive_language,0.11158699960081957,0.8880697543195307,0.0003432460796496568
CLUTCH,neither,0.03945320844208391,0.33037608806864915,0.630170703489267
cursedTRIG,neither,0.03945320844208391,0.33037608806864915,0.630170703489267
LETS GOOOO,neither,0.03868305123800957,0.34344766577192837,0.6178692829900622
The reaction,neither,0.03827813141413388,0.3087027896769399,0.6530190789089262
What huts gappened,neither,0.057770773616808734,0.3180719994247239,0.6241572269584672
lol,neither,0.020706217963973744,0.4882283491876925,0.4910654328483337
WOW,neither,0.03945320844208391,0.33037608806864915,0.630170703489267
youtube that shit lol,offensive_language,0.03254479757851749,0.9672061573184602,0.0002490451030224718
GG,neither,0.03945320844208391,0.33037608806864915,0.630170703489267
WUT,neither,0.03945320844208391,0.33037608806864915,0.630170703489267
lupoCHOO lupoHYPE lupoCHOO lupoHYPE lupoCHOO lupoHYPE lupoCHOO lupoHYPE lupoCHOO lupoHYPE,neither,0.03945320844208391,0.33037608806864915,0.630170703489267
i am fucking crying,offensive_language,0.10981204957609574,0.8899530226426586,0.0002349277812456483
THAT WAS THE DOPEST ROUND EVER,neither,0.035548186063191496,0.35265279288057094,0.6117990210562376
Wth did I just watch,neither,0.04005620688517759,0.34880415170826634,0.6111396414065561
clip it please tweet it,neither,0.03704469701974592,0.3312044855905336,0.6317508173897204
lol,neither,0.020706217963973744,0.4882283491876925,0.4910654328483337
BOSS!!!!!!,neither,0.03945320844208391,0.33037608806864915,0.630170703489267
What just happened,neither,0.04011884363733949,0.351915505665118,0.6079656506975426
That was fucking awesome,offensive_language,0.0959480183349846,0.9037162982003772,0.00033568346463804465
Jesus,neither,0.03945320844208391,0.33037608806864915,0.630170703489267
what just happened @DrLupo,neither,0.04011884363733949,0.351915505665118,0.6079656506975426
apparently you like to work for your wins,neither,0.10630260361952426,0.3367024596459889,0.5569949367344869
The man is op,neither,0.04769186705212638,0.3764562931056905,0.5758518398421831
"ladies and gentlemen, Lupo has finally lost it. lol.",neither,0.0317314711065289,0.3364815626899698,0.6317869662035012
The playsssssss jfc,neither,0.03613032604487659,0.2619290779399786,0.7019405960151449
He going to have a heart attack,neither,0.04879551987744184,0.3576685272514145,0.5935359528711437
@Ballestplaya god,neither,0.03945320844208391,0.33037608806864915,0.630170703489267
JA DAS IST GE GE,neither,0.03945320844208391,0.33037608806864915,0.630170703489267
that ring around the rosie was fucking epic,offensive_language,0.09258628905381647,0.8874525991828586,0.019961111763324844
Couldn't have been planned out better with that fucking song on during that TBH lol,offensive_language,0.05231628588869747,0.9145272748449007,0.03315643926640181
sweet baby jeezus,neither,0.03945320844208391,0.33037608806864915,0.630170703489267
AHHHH! I wish I was watching,neither,0.039348921153469336,0.3321461155245737,0.628504963321957
@DrLupo THIS IS AMAZING,neither,0.050638740814203484,0.3285866302672563,0.6207746289185402
What happened!!!!!!,neither,0.04722295797655572,0.3248777811305592,0.6278992608928851
That.. is.. fucking... awesome,offensive_language,0.1187418798078123,0.8810140348155281,0.00024408537665957392
PLAY OF THE F*N DESTINY EVER,neither,0.038604793619325097,0.314877864521144,0.6465173418595309
how many kills did he get that round,neither,0.040001110936907794,0.3674972799470305,0.5925016091160618
Dear god the mother fucking fukity fucking fuck godly fucking plays.,offensive_language,0.16177626019600494,0.8382235963486624,1.4345533271570485e-07
Best play I've ever seen,neither,0.018980090926017233,0.30685984006159617,0.6741600690123866
Yes....,neither,0.03945320844208391,0.33037608806864915,0.630170703489267
LUPO HOLY FUCK,offensive_language,0.19397613669184155,0.8059762285570093,4.7634751149108454e-05
This is the best song for what just happened,neither,0.03955122093763745,0.309315266737883,0.6511335123244795
Hands down,neither,0.03945320844208391,0.33037608806864915,0.630170703489267
these kids are all ok next game lol,neither,0.06301483298716316,0.4466733551573124,0.4903118118555245
!highlight,neither,0.03945320844208391,0.33037608806864915,0.630170703489267
14 hours 38 minutes 8 seconds,neither,0.03945320844208391,0.33037608806864915,0.630170703489267
GOAT,neither,0.03945320844208391,0.33037608806864915,0.630170703489267
Fucking save that now,offensive_language,0.09694680712058978,0.9028156414732164,0.000237551406193902
WHAT TJE FUCK WAS THAT LUPO?!,offensive_language,0.20250463024124213,0.7974869458936082,8.423865149642106e-06
GEEEE GEEEEEEEEEEE !!!!!!!!!!!!!!!!!!!!!!!111,neither,0.03945320844208391,0.33037608806864915,0.630170703489267
with the music in the back round that was great,neither,0.026515145441938837,0.3494236506897063,0.6240612038683548
DAMN,offensive_language,0.042479326866149344,0.9516554255713155,0.005865247562535126
MONTAGE,neither,0.03945320844208391,0.33037608806864915,0.630170703489267
XBOX RECORD THAT,neither,0.03559515401303508,0.37233496708031016,0.5920698789066547
Beast mode you a beast man,neither,0.049179247027064325,0.39846512656658856,0.5523556264063471
@DrLupo You are fucking insane.,offensive_language,0.22233541246095004,0.7773585528563304,0.0003060346827195858
Best hugging play ever!,neither,0.038658845537680696,0.3237241953778725,0.6376169590844468
GG @drlupo,neither,0.03945320844208391,0.33037608806864915,0.630170703489267
That was great!,neither,0.031738606339660885,0.35644657876003094,0.6118148149003082
Please repeat what happened,neither,0.04425168673526104,0.32692244575367535,0.6288258675110636
the funniest part is that those plays didnt even phase them,neither,0.06606447031490005,0.30485276322538535,0.6290827664597146
I didn't see it :(((,neither,0.019763928690646772,0.39259080183437983,0.5876452694749733
gg,neither,0.03945320844208391,0.33037608806864915,0.630170703489267
Lupo OP,neither,0.03945320844208391,0.33037608806864915,0.630170703489267
lupoWAT,neither,0.03945320844208391,0.33037608806864915,0.630170703489267
"@DrLupo, i wanna see tht again lol",neither,0.030842094233252362,0.40951268322637085,0.5596452225403767
That shit is MOTW material on its own.,offensive_language,0.06789374318951218,0.9283466307216631,0.0037596260888246784
I was GoISU25,neither,0.039089514555301665,0.336548922492753,0.6243615629519452
lmao god damn lupo,offensive_language,0.043761126529480505,0.878481543225603,0.07775733024491645
that was beautiful,neither,0.034096346397797,0.38999331632245976,0.5759103372797433
