text,top_class,hate_speech,offensive_language,neither
!song,neither,0.038601720699969956,0.3448280572582511,0.616570222041779
"Fender_RTL -> ""Halsey vs Melanie Martinez - Gasoline House (Mashup)"" by SeansMashups is the current song. It was requested by Akt_sol0",neither,0.04325065127499273,0.3733826905713252,0.583366658153682
YES I CAN RE ENTER!,neither,0.05817388809710232,0.29731551198577316,0.6445105999171244
@NatePdot did you get anything good from your run?,neither,0.09248836477155123,0.35613511307485995,0.5513765221535888
I know how this guy feels tho,neither,0.03544534003325576,0.3466833986027052,0.6178712613640389
Off to bed for me.,neither,0.031294844497945215,0.3373047476902004,0.6314004078118545
!reset,neither,0.03945320844208391,0.33037608806864915,0.630170703489267
"@drlupo , Passage Card has been reset!",neither,0.03954325386924641,0.32884778216986277,0.6316089639608908
Oh man. I don't know if I'm going to make it through this. I'm due for more pain meds in 30. Pushed through the last dose...but I'm struggling now.,neither,0.032143351914324096,0.3462340035645941,0.621622644521082
this song is fire,neither,0.04830025550272276,0.3374489107543382,0.614250833742939
lupoHYPE lupoHYPE lupoHYPE lupoHYPE lupoHYPE lupoHYPE lupoHYPE lupoHYPE lupoHYPE lupoHYPE lupoHYPE lupoHYPE lupoHYPE lupoHYPE lupoHYPE lupoHYPE lupoHYPE lupoHYPE lupoHYPE lupoHYPE lupoHYPE lupoHYPE lupoHYPE lupoHYPE lupoHYPE lupoHYPE lupoHYPE lupoHYPE,neither,0.03945320844208391,0.33037608806864915,0.630170703489267
lupoHYPE lupoHYPE lupoHYPE lupoHYPE lupoHYPE lupoHYPE lupoHYPE lupoHYPE lupoHYPE lupoHYPE,neither,0.03945320844208391,0.33037608806864915,0.630170703489267
lupoHYPE lupoHYPE lupoHYPE lupoHYPE lupoHYPE lupoHYPE lupoHYPE lupoHYPE lupoHYPE lupoHYPE lupoHYPE lupoHYPE lupoHYPE lupoHYPE lupoHYPE lupoHYPE lupoHYPE lupoHYPE lupoHYPE,neither,0.03945320844208391,0.33037608806864915,0.630170703489267
lupoHYPE lupoHYPE lupoHYPE lupoHYPE lupoHYPE lupoHYPE lupoHYPE,neither,0.03945320844208391,0.33037608806864915,0.630170703489267
lupoHYPE lupoHYPE lupoHYPE lupoHYPE lupoHYPE lupoHYPE lupoHYPE lupoHYPE lupoHYPE lupoHYPE lupoHYPE lupoHYPE lupoHYPE lupoHYPE lupoHYPE lupoHYPE lupoHYPE lupoHYPE lupoHYPE lupoHYPE lupoHYPE lupoHYPE lupoHYPE lupoHYPE lupoHYPE lupoHYPE lupoHYPE lupoHYPE lupoHYPE lupoHYPE lupoHYPE lupoHYPE lupoHYPE lupoHYPE lupoHYPE lupoHYPE lupoHYPE lupoHYPE lupoHYPE lupoHYPE,neither,0.03945320844208391,0.33037608806864915,0.630170703489267
Hey @DrLupo hows the baby doing. Still sticking that butt up in there when he sleeps,neither,0.03466301785738951,0.3967622381419771,0.5685747440006333
"@sadimere shotgun, helmet, gloves",neither,0.03945320844208391,0.33037608806864915,0.630170703489267
@ignisavis Thats exactly what i do! all about the lucky egg!,neither,0.0436573803977896,0.3831401921461518,0.5732024274560588
What happened? :(,neither,0.04722295797655572,0.3248777811305592,0.6278992608928851
"Follow me @ twitter.com/TheTrialsTrain for stream notifications, updates, and banter about Destiny.",neither,0.03064500239345661,0.38605513054092555,0.583299867065618
Good luck @DrLupo hope you guys can get this guy there he seems like a good guy. lupoLOVE lupoLOVE,neither,0.08037003054171254,0.28492794078540956,0.634702028672878
@bullet4mycurse nice! it's so worth it,neither,0.03663738256465075,0.3767301314943649,0.5866324859409843
@IAmNotScottish 2 tough teams in a row,neither,0.03945320844208391,0.33037608806864915,0.630170703489267
they had to reset @IAmNotScottish,neither,0.052224405557037105,0.3231017587350073,0.6246738357079556
Is this a sneak run @drlupo,neither,0.04812768714565888,0.32903133417220926,0.622840978682132
"@IAmNotScottish ran into 2 tough teams back to back. No big deal though, they reset and go again.",neither,0.03247146662960081,0.36505583116086515,0.602472702209534
!status,neither,0.03945320844208391,0.33037608806864915,0.630170703489267
DrLupo -> Current Stream Title: [PS4] SNEAK SNEAK SNEAK,neither,0.03945320844208391,0.33037608806864915,0.630170703489267
@Nickth18 yup!,neither,0.03945320844208391,0.33037608806864915,0.630170703489267
Ah right.,neither,0.0381137215409445,0.3564930064116554,0.6053932720474001
lupoHYPE lupoHYPE lupoHYPE lupoHYPE lupoHYPE lupoHYPE lupoHYPE lupoHYPE lupoHYPE lupoHYPE,neither,0.03945320844208391,0.33037608806864915,0.630170703489267
@ignisavis Oh totally!,neither,0.045992459583403526,0.26864888387738445,0.6853586565392121
lupoNP lupoHYPE lupoNP lupoHYPE lupoNP lupoHYPE lupoNP lupoCHOO lupoNP lupoCHOO,neither,0.03945320844208391,0.33037608806864915,0.630170703489267
I'm buying a xim,neither,0.03945320844208391,0.33037608806864915,0.630170703489267
@bullet4mycurse I hope you know about pokevision,neither,0.15255464508633762,0.25666808171756544,0.590777273196097
lupoHYPE lupoHYPE lupoHYPE lupoHYPE lupoHYPE lupoHYPE lupoHYPE lupoHYPE lupoHYPE,neither,0.03945320844208391,0.33037608806864915,0.630170703489267
Bye strim I'm on 5%,neither,0.035098120878265644,0.35160211116724926,0.613299767954485
remind him his boons,neither,0.07052200095041272,0.33469692289851444,0.5947810761510727
Let's get some hype in chat y'all!,neither,0.022764953705819022,0.43483338401387184,0.5424016622803091
@wardonvoidgamingyt bye ilu,neither,0.03945320844208391,0.33037608806864915,0.630170703489267
Cya @wardonvoidgamingyt lupoLOVE,neither,0.03945320844208391,0.33037608806864915,0.630170703489267
"Ew no. Pop a lucky egg & incense, go catch a ton of Pokémon and hit mad Pokéstops, then evolve a ton of Pidgeys and/or Caterpies and shit. And drown a couple Rattatas",offensive_language,0.05404634697269573,0.7039081301512409,0.24204552287606343
@wardonvoidgamingyt bye!,neither,0.03945320844208391,0.33037608806864915,0.630170703489267
ninja SKILL JUICE lupoHYPE lupoHYPE lupoHYPE lupoHYPE lupoHYPE,neither,0.03945320844208391,0.33037608806864915,0.630170703489267
@wardonvoidgamingyt 'Night!,neither,0.02550723072422885,0.32941079269047424,0.6450819765852968
@stiff_gators yep. drove me from LFG and trials too for the longest,neither,0.030649229877286105,0.29299171889942577,0.6763590512232881
lupoHYPE lupoCHOO lupoHYPE lupoCHOO lupoHYPE lupoCHOO lupoHYPE lupoCHOO lupoHYPE lupoCHOO lupoHYPE,neither,0.03945320844208391,0.33037608806864915,0.630170703489267
@wardonvoidgamingyt duckHey,neither,0.03945320844208391,0.33037608806864915,0.630170703489267
lupoHYPE lupoHYPE lupoHYPE lupoHYPE lupoHYPE lupoHYPE lupoHYPE lupoHYPE lupoHYPE,neither,0.03945320844208391,0.33037608806864915,0.630170703489267
!song,neither,0.038601720699969956,0.3448280572582511,0.616570222041779
"ZeroTerrah -> ""Halsey vs Melanie Martinez - Gasoline House (Mashup)"" by SeansMashups is the current song. It was requested by Akt_sol0",neither,0.04325065127499273,0.3733826905713252,0.583366658153682
lupoHYPE lupoHYPE lupoHYPE lupoHYPE lupoHYPE lupoHYPE lupoHYPE lupoHYPE lupoHYPE lupoHYPE lupoHYPE lupoHYPE lupoHYPE lupoHYPE lupoHYPE lupoHYPE,neither,0.03945320844208391,0.33037608806864915,0.630170703489267
Who requested Melanie Martinez? ilu,neither,0.04019726513181824,0.40615916255469364,0.5536435723134883
@ignisavis Ive heard about it.. but i haven't used it yet... i need to download the chrome app,neither,0.03819366977504071,0.3381788275110506,0.6236275027139087
me,neither,0.018491955366437673,0.460246435692358,0.5212616089412043
Also it's Morning I'm inAUSTRALIAAAAAAAAAA,neither,0.04703762255349189,0.16559672976115505,0.7873656476853531
is there a multi twitch btw?,neither,0.04518272316794125,0.2979475150289661,0.6568697618030925
!multi,neither,0.03945320844208391,0.33037608806864915,0.630170703489267
Multi-Stream Link: http://kadgar.net/live/drlupo/Ninja_with_no_L,neither,0.03993770193144703,0.2602568920393204,0.6998054060292326
@wardonvoidgamingyt Is that where you're at?,neither,0.11644906296357906,0.38974900452531885,0.49380193251110205
@Akt_sol0 <3 this song bb,neither,0.038911096289963074,0.339577146090117,0.62151175761992
thank you @Siulaim,neither,0.07325166854587051,0.43632638485078484,0.49042194660334476
@akt_sol0 I'm so proud. She played a show with a friend of mine and she was so chill,neither,0.041604439716828916,0.441352945788582,0.5170426144945891
@Sadimere lupoLOVE,neither,0.03945320844208391,0.33037608806864915,0.630170703489267
Hello,neither,0.03945320844208391,0.33037608806864915,0.630170703489267
@bullet4mycurse I just use the browser on my phone while I'm out and keep checking it. interface is kinda irritating but it works for the most part and has led me to some great catchez!!,neither,0.016348783150154884,0.374170899381945,0.6094803174679001
(And I just really like her music),offensive_language,0.03343833923706826,0.56347423485894,0.40308742590399177
catchez*,neither,0.03945320844208391,0.33037608806864915,0.630170703489267
@droppedaschildyeah Australia,neither,0.03945320844208391,0.33037608806864915,0.630170703489267
"@stonosapien so many sherpees have to experience that crap when they just wanna have some fun and paly and they run into a salty, toxic player. Me and my teammate actually met on lfg, but we played for fun and didn't expect to win. We got along well and had fun and that's all that mattered. We got to a decent standard in time but we knew it would take time.",neither,0.023712931850134813,0.427646211222801,0.5486408569270641
ok what stop autocorrect that's not even right,neither,0.03777684935128939,0.44682152906368944,0.5154016215850211
I forget that we plebs can access the multi command @Siulaim,neither,0.03621274107355573,0.34680534981186734,0.6169819091145768
@ignisavis are you on android?,neither,0.11608416645775906,0.3455486577513352,0.5383671757909058
@wardonvoidgamingyt Nice! Whereabouts?,neither,0.03945320844208391,0.33037608806864915,0.630170703489267
@bullet4mycurse yes!,neither,0.03945320844208391,0.33037608806864915,0.630170703489267
@ignisavis because the site doesn't work at all with safari,neither,0.03051011469160336,0.4214571808766026,0.5480327044317941
"@bullet4mycurse Pokévision, bb",neither,0.03945320844208391,0.33037608806864915,0.630170703489267
!sr Six In The Morning,neither,0.04639437509794278,0.1733323733513895,0.7802732515506676
Oh rip,neither,0.04610041286253887,0.2676795543969371,0.6862200327405242
"ZeroTerrah -> ""Ice T - 6 in the morning (original)"" by leeevi92 has been added to the queue in position #2",neither,0.04771798089047537,0.25518156421819266,0.6971004548913319
So quiet.,neither,0.03940827347111187,0.39221397332732405,0.5683777532015641
wheres Ramblin Dr Lupo ?,neither,0.03945320844208391,0.33037608806864915,0.630170703489267
@Sadimere i always have a moment where i don't remember if we can or not lol,neither,0.022339632289341185,0.43120491439592556,0.5464554533147332
Pokévision works on iPhone / Safari just fine,neither,0.03306996366380617,0.3614583307907728,0.6054717055454211
!song,neither,0.038601720699969956,0.3448280572582511,0.616570222041779
"ignisavis -> ""Caravan Palace - Rock It For Me"" by CaravanPalace is the current song. It was requested by batvanvaiych",neither,0.0346652405558511,0.3777134444608527,0.5876213149832962
This is a secret run @ProxRichard,neither,0.04825766159420738,0.32900885260823387,0.6227334857975587
!card,neither,0.03945320844208391,0.33037608806864915,0.630170703489267
"lupoCHOO @jrs_lifted, the current Passage Card is: 1W / 0L, Mercy Used: false. Results are near real-time.",neither,0.05041479247847879,0.3681807519730074,0.5814044555485137
@ignisavis @beatnik28 Definitely need to download chrome then.. i use an app called poke where.. it works fairly well... but i have heard that poke vision is where its at,neither,0.028234098380566328,0.36664944380547043,0.6051164578139632
"@ProxRichard they played a couple cards earlier, and then ramb went to bed",neither,0.04302135399374896,0.3030207677711358,0.6539578782351153
And @Ramblinnn logged off @ProxRichard,neither,0.038617526068517885,0.2878145519483881,0.673567921983094
hahha I know right @Siulaim or when you forget a random command and then type something out and just hope its right,neither,0.04627478416157595,0.3147255496555437,0.6389996661828804
@ProxRichard ramblinnn has been dismantled and locked away in the Vault of Glass as super secret vex technology.,neither,0.0382853859020929,0.305372867271557,0.6563417468263502
bbl. it'll be a smooth run this time . gl,neither,0.03793488407992542,0.34783969626553357,0.614225419654541
"@bullet4mycurse pokevision is the way, the truth, and the light",neither,0.043883697055061864,0.26084944092764967,0.6952668620172884
@beatnik28 Ive tried it on mine... and didn't do anything... lupoCRY,neither,0.027096866744264238,0.3416110953635694,0.6312920378921663
@Sadimere literally me every time i try to remember the weapon commands,neither,0.0371092107709148,0.35663309881780303,0.6062576904112822
@ignisavis Oh snap!,neither,0.04610041286253887,0.2676795543969371,0.6862200327405242
no yo hes bad ass,offensive_language,0.09059716596901818,0.9076732616330907,0.001729572397891071
dum dum needs gum gum,neither,0.03945320844208391,0.33037608806864915,0.630170703489267
!card,neither,0.03945320844208391,0.33037608806864915,0.630170703489267
"lupoCHOO @cs1140, the current Passage Card is: 1W / 0L, Mercy Used: false. Results are near real-time.",neither,0.05041479247847879,0.3681807519730074,0.5814044555485137
@DrLupo time for cat callouts lupoYE,neither,0.030978561310973218,0.3184716633561635,0.6505497753328633
ninja and lupo got really quiet after the loss to frost.....we need the hype!,neither,0.04066175193316457,0.3148745401076595,0.644463707959176
"@bullet4mycurse wait, really? I always use it on my iPhone.. Do you have an older phone? Or have location services turned off?",neither,0.023202324608080416,0.4705933967895164,0.5062042786024032
right meow!,neither,0.038400254669096495,0.350916768653741,0.6106829766771625
lupoCRY,neither,0.03945320844208391,0.33037608806864915,0.630170703489267
lupoHYPE lupoHYPE lupoHYPE lupoHYPE lupoHYPE lupoHYPE lupoHYPE lupoHYPE lupoHYPE lupoHYPE lupoHYPE lupoHYPE lupoHYPE lupoHYPE lupoHYPE lupoHYPE lupoHYPE,neither,0.03945320844208391,0.33037608806864915,0.630170703489267
lupoHYPE lupoHYPE lupoHYPE lupoHYPE lupoHYPE lupoHYPE,neither,0.03945320844208391,0.33037608806864915,0.630170703489267
aw lupoCRY lupoCRY lupoCRY lupoCRY lupoCRY lupoCRY,neither,0.03945320844208391,0.33037608806864915,0.630170703489267
D'aww. He's so adorable!,neither,0.044353935038017316,0.3696439348009912,0.5860021301609916
lupoHYPE lupoHYPE lupoHYPE lupoHYPE lupoHYPE lupoHYPE lupoHYPE lupoHYPE lupoHYPE lupoHYPE lupoHYPE lupoHYPE lupoHYPE lupoHYPE lupoHYPE lupoHYPE lupoHYPE lupoHYPE lupoHYPE lupoHYPE lupoHYPE lupoHYPE lupoHYPE lupoHYPE lupoHYPE lupoHYPE lupoHYPE lupoHYPE,neither,0.03945320844208391,0.33037608806864915,0.630170703489267
lupoLOE,neither,0.03945320844208391,0.33037608806864915,0.630170703489267
lupoHYPE lupoHYPE lupoHYPE lupoHYPE lupoHYPE lupoHYPE lupoHYPE lupoHYPE lupoHYPE lupoHYPE lupoHYPE lupoHYPE lupoHYPE lupoHYPE lupoHYPE lupoHYPE lupoHYPE lupoHYPE lupoHYPE,neither,0.03945320844208391,0.33037608806864915,0.630170703489267
I wanna hug him,neither,0.039305193626038376,0.3328882857848299,0.6278065205891317
lupoLOVE,neither,0.03945320844208391,0.33037608806864915,0.630170703489267
humble dude so awesome,neither,0.039413597572337165,0.3702588556990685,0.5903275467285942
Sneaky run?,neither,0.03945320844208391,0.33037608806864915,0.630170703489267
Yeah,offensive_language,0.013968601452186464,0.5182923869769311,0.4677390115708824
Mhm,neither,0.03945320844208391,0.33037608806864915,0.630170703489267
yes,neither,0.03945320844208391,0.33037608806864915,0.630170703489267
this guy is gonna be so happy at reveal,neither,0.045155939404776434,0.4514257394456613,0.5034183211495622
I fear for his cat's life tho,neither,0.04621649998019766,0.36225508024167213,0.5915284197781302
@beatnik28 I have a 6... but location services might be turned off... ill have to check that..,neither,0.03856441420658142,0.3679606176606899,0.5934749681327287
right meow!!!!!!,neither,0.038400254669096495,0.350916768653741,0.6106829766771625
love these,offensive_language,0.05468140607881959,0.5637875506251305,0.3815310432960498
!songlist,neither,0.03945320844208391,0.33037608806864915,0.630170703489267
Siulaim -> The song list for this channel is available at https://beta.nightbot.tv/t/drlupo/song_requests,neither,0.03898681529178365,0.3218264161773269,0.6391867685308895
yeah i can tell... when this guy finds out at the end hes gonna cry like Ninja,neither,0.027223294979154766,0.453708466853631,0.5190682381672141
you get that large farva!,neither,0.05290564840014097,0.44986415248978484,0.4972301991100742
I HAVE ACQUIRED THE PRECIOUS CARGO,neither,0.038270057344047065,0.3242419967735484,0.6374879458824044
lupoHYPE Victory! @drlupo's team won! Passage Card: 2W - 0L - Mercy used: false. Results are near real-time.,neither,0.0458918798830489,0.3763687900874958,0.5777393300294552
thanks for the ass whooping. :(,offensive_language,0.10473045470105119,0.8781567244356582,0.01711282086329062
@EspadaNovena,neither,0.03945320844208391,0.33037608806864915,0.630170703489267
"@EspadaNovena, ?",neither,0.03945320844208391,0.33037608806864915,0.630170703489267
KINSBAE,neither,0.03945320844208391,0.33037608806864915,0.630170703489267
@espadanovena TIFFANY MY LOVEEEEEEE,offensive_language,0.011017215557639733,0.6062201221254095,0.3827626623169507
!win,neither,0.03945320844208391,0.33037608806864915,0.630170703489267
"@drlupo, win recorded. Passage Card: 3W - 0L - Mercy used: false.",neither,0.03945320844208391,0.33037608806864915,0.630170703489267
lupoHYPE lupoHYPE lupoHYPE lupoHYPE lupoHYPE lupoHYPE lupoHYPE lupoHYPE lupoHYPE lupoHYPE lupoHYPE lupoHYPE lupoHYPE lupoHYPE lupoHYPE lupoHYPE lupoHYPE lupoHYPE lupoHYPE lupoLOVE lupoLOVE,neither,0.03945320844208391,0.33037608806864915,0.630170703489267
"@phoenixkid90, gg",neither,0.03945320844208391,0.33037608806864915,0.630170703489267
"@bullet4mycurse yeah, I always used to have it turned off (because deIlluminati ) but now I have to use it for Poké shit",offensive_language,0.022299508736343007,0.9365858947580284,0.041114596505628515
lol,neither,0.020706217963973744,0.4882283491876925,0.4910654328483337
@espadanovena pics or it didn't happen.,neither,0.025561794416608344,0.37069376445819174,0.6037444411252
ayyyy,neither,0.03945320844208391,0.33037608806864915,0.630170703489267
gg,neither,0.03945320844208391,0.33037608806864915,0.630170703489267
!console,neither,0.03945320844208391,0.33037608806864915,0.630170703489267
The current console is in the title of the stream. You can see that via the !status or !title commands.,neither,0.04858713178916666,0.22787857370557804,0.7235342945052553
@Kinsbane,neither,0.03945320844208391,0.33037608806864915,0.630170703489267
lupoHYPE lupoHYPE lupoHYPE lupoHYPE lupoHYPE lupoHYPE lupoHYPE lupoLOVE,neither,0.03945320844208391,0.33037608806864915,0.630170703489267
did I miss gasoline?,neither,0.03310909840764589,0.33255811842248045,0.6343327831698735
@EspadaNovena Hey hey! Hear you picked up a cutie at the airport....,neither,0.04511678775998292,0.3877441862762074,0.5671390259638097
@phoenixkid90 ggs <3,neither,0.03945320844208391,0.33037608806864915,0.630170703489267
Also @kinsbane @espadanovena lol how long did he have to wait,neither,0.0414809458911864,0.37478277893154255,0.5837362751772711
PS4 ATM?,neither,0.03945320844208391,0.33037608806864915,0.630170703489267
@KaphSeen it's in discord lupoNERD,neither,0.03569820204789716,0.33166760695569064,0.6326341909964122
!song,neither,0.038601720699969956,0.3448280572582511,0.616570222041779
"ZeroTerrah -> ""Flume - Never Be Like You feat. Kai"" by FlumeAUS is the current song. It was requested by Siulaim",neither,0.060562571497745916,0.456317001074903,0.4831204274273511
pics or didn't happen @EspadaNovena,neither,0.026130298376154566,0.37160336487590456,0.602266336747941
@DroppedAsChild I PICKED UP A RIGHT CUTIE,neither,0.036451792343543926,0.3900979480914351,0.573450259565021
!friend me. Xbone,neither,0.03232940029926384,0.3689239896042818,0.5987466100964545
@DroppedAsChild nah i heard the cargo was super smelly,neither,0.03878184879312586,0.3209369117704946,0.6402812394363795
@beatnik28 Yeahhhh.. solid chance mine are turned off for the same reason.. solid chance they will be on for the same reason lupoYE,neither,0.04197775383165357,0.2857270603502808,0.6722951858180657
!friendme,neither,0.03945320844208391,0.33037608806864915,0.630170703489267
"I don't add people on either console unless we play together often, do sherpa runs together, or have had intimate relations. lupoWIFE",neither,0.04932084610270229,0.3399474104382853,0.6107317434590125
good song choice @Siulaim,neither,0.03831737536497305,0.3385413611197941,0.6231412635152329
@Sadimere CHECK DISCORD YA SCRUB,offensive_language,0.026755307954723806,0.5546691805949309,0.41857551145034533
@ZeroTerrah <3,neither,0.03945320844208391,0.33037608806864915,0.630170703489267
!ninjapc,neither,0.03945320844208391,0.33037608806864915,0.630170703489267
Part List: http://pcpartpicker.com/list/GzmyXH // Build Log: http://imgur.com/a/C3c99,neither,0.036606761407947865,0.23642374179636183,0.7269694967956902
!ninjapc,neither,0.03945320844208391,0.33037608806864915,0.630170703489267
will do @EspadaNovena lupoYE,neither,0.0450026630396543,0.28390237408752217,0.6710949628728236
I used to listen to that song a lot @Siulaim,neither,0.04717264516688753,0.3646426138075602,0.5881847410255524
!challenge,neither,0.03945320844208391,0.33037608806864915,0.630170703489267
"The Trials Challenge is ON! // Rules - Get more kills than me and Ninja combined in a single game of Trials and win a prize. Must contain no DCs, AFKs, free wins, quitting, etc. First person per console, per weekend.",neither,0.03590462439571645,0.307413522688631,0.6566818529156527
@espadanovena all I see are your eyes and a sign.,neither,0.11264695327385353,0.2711133115029734,0.616239735223173
MOAE,neither,0.03945320844208391,0.33037608806864915,0.630170703489267
*MOAR,neither,0.03945320844208391,0.33037608806864915,0.630170703489267
@ZeroTerrah currently obsessed,neither,0.03945320844208391,0.33037608806864915,0.630170703489267
that secret text Lupo sent Ninja tellin him to talk,neither,0.02713494213418196,0.40967177878684524,0.5631932790789727
lol Texas is hot ASF... in the panhandle it's 102 ...no humidity,neither,0.03693807278005951,0.36283210740328614,0.6002298198166544
Humidity is the worst,neither,0.05258110336964974,0.27568066403425573,0.6717382325960947
lucky...,neither,0.03945320844208391,0.33037608806864915,0.630170703489267
LOL we need to fix that @Siulaim,neither,0.03367543324309681,0.41981826395164334,0.5465063028052598
yeah it's been hot af lately,neither,0.02521101068991338,0.42478286906434926,0.5500061202457373
just had a lightning storm and it was 111 out...,neither,0.030522263709897544,0.32992041847435233,0.6395573178157501
lol,neither,0.020706217963973744,0.4882283491876925,0.4910654328483337
Puerto Rico is the same temp this time but with humidity,neither,0.034050121680367834,0.3650159520210434,0.6009339262985888
@EspadaNovena We wanna see that @Kinsbane BOOTY!,neither,0.03041458041273107,0.46224601757994704,0.5073394020073221
Kinsbane sign lupoHYPE lupoHYPE lupoHYPE lupoHYPE lupoHYPE @EspadaNovena @Kinsbane,neither,0.03945320844208391,0.33037608806864915,0.630170703489267
@spectre1019 hi PHX friend,neither,0.03945320844208391,0.33037608806864915,0.630170703489267
@DrLupo do you think that you being on the front page of twitch will increase the viewer flow too ninja and ram's stream?,neither,0.04700925182844391,0.3572160706572528,0.5957746775143034
someone wanted pics?,neither,0.03945320844208391,0.33037608806864915,0.630170703489267
!friendme,neither,0.03945320844208391,0.33037608806864915,0.630170703489267
"I don't add people on either console unless we play together often, do sherpa runs together, or have had intimate relations. lupoWIFE",neither,0.04932084610270229,0.3399474104382853,0.6107317434590125
http://imgur.com/ClnNTFt,neither,0.03558056210193769,0.1941005909087057,0.7703188469893567
@kinsbane dying,neither,0.03945320844208391,0.33037608806864915,0.630170703489267
@KaphSeen HAI! did you ejoy the fake looking lightning storm?,neither,0.05201072977243518,0.352987542581009,0.5950017276465558
@spectre1019 not so fake here holy shit in Tempe,offensive_language,0.09029017349786418,0.9071395187026081,0.002570307799527714
@Kinsbane is back!,neither,0.05875706531986774,0.3237366064983911,0.6175063281817412
but me and lupo dated once so i can add you right? :D @drlupo,neither,0.04038153225959668,0.4111335783212584,0.548484889419145
Yeah here in southern cali it gets to be about mid 80's to 90's @Siulaim,neither,0.05411104370722672,0.3825817740744194,0.5633071822183539
Hail storm + 110 outside = what?,neither,0.043590515480848094,0.32738659435592277,0.6290228901632292
lol dude im off 44th street and the 202 im not that far away... at least i dont have to wash my truck now lol,neither,0.0272140878732859,0.4394310653706035,0.5333548467561107
it was really hot today here.....too hot,neither,0.06739859097817838,0.29301362327100516,0.6395877857508164
Hey Lupo vioS,neither,0.03945320844208391,0.33037608806864915,0.630170703489267
@ZeroTerrah it's been upper 90s all month here w/ about 80% humidity,neither,0.06413413282912547,0.37064678423328523,0.5652190829375894
@KaphSeen wtf you guys got hail?,offensive_language,0.05613003938728174,0.6473695962507,0.2965003643620182
!song,neither,0.038601720699969956,0.3448280572582511,0.616570222041779
"platotheruler -> ""Ice T - 6 in the morning (original)"" by leeevi92 is the current song. It was requested by ZeroTerrah",neither,0.04846182952983852,0.28542566585540785,0.6661125046147537
gross @Siulaim,neither,0.03945320844208391,0.33037608806864915,0.630170703489267
i just got super heavy rain,neither,0.0348669081352228,0.38382064314212716,0.5813124487226501
@ignisavis lupoNERD,neither,0.03945320844208391,0.33037608806864915,0.630170703489267
"@siulaim same, its crazy",neither,0.022628757278008355,0.4673398504104841,0.5100313923115076
@spectre1019 oh yeah,neither,0.022533380315967178,0.4254575626619046,0.5520090570221282
@beatnik28 lupoWAT,neither,0.03945320844208391,0.33037608806864915,0.630170703489267
no one is as hyped as me :(,neither,0.03509341335345362,0.43915588361559427,0.5257507030309521
lupoHYPE lupoHYPE lupoHYPE lupoHYPE lupoHYPE lupoHYPE lupoHYPE lupoHYPE lupoHYPE lupoHYPE lupoHYPE lupoHYPE lupoHYPE lupoHYPE lupoHYPE lupoHYPE lupoHYPE lupoHYPE lupoHYPE lupoHYPE lupoHYPE lupoHYPE,neither,0.03945320844208391,0.33037608806864915,0.630170703489267
its k,neither,0.02700859978372578,0.3346563596412867,0.6383350405749875
is he playing with a keyboard ?,neither,0.040010356868053015,0.35972499505033734,0.6002646480816097
@Sadimere yeah no kidding. i haven't really been able to play pokemon b/c outside sucks lol,neither,0.02920768140782816,0.4230902043121041,0.5477021142800679
@kinsbane lupoHYPE lupoHYPE lupoHYPE lupoHYPE lupoHYPE lupoHYPE lupoHYPE,neither,0.03945320844208391,0.33037608806864915,0.630170703489267
@kinsbane maybe an actual pic of you two but that's just me,neither,0.03373389088473798,0.47086700810183124,0.4953991010134308
Let chat decide,neither,0.025672476347720557,0.3599172375650416,0.6144102860872377
@ignisavis I'm gonna send you a thing. Because reasons,neither,0.052183915240226884,0.4125930716301283,0.5352230131296448
@Papoflex795 where you at?,neither,0.07889641572396747,0.41211288413587666,0.5089907001401559
@beatnik28 kk,neither,0.03945320844208391,0.33037608806864915,0.630170703489267
gotta catch all those inside air conditioned pokemon @Siulaim Jynx? I dunno,neither,0.04781877679293477,0.1946411236759099,0.7575400995311552
!sr this is gospel,neither,0.0492744971941354,0.32883091238994555,0.6218945904159191
"Akt_sol0 -> ""Panic! At The Disco: This Is Gospel [OFFICIAL VIDEO]"" by Fueled By Ramen has been added to the queue in position #1",neither,0.04862961520744928,0.32128072779597633,0.6300896569965743
@kaphseen yes I'm with you,offensive_language,0.04352912214343449,0.48217211086189576,0.47429876699466966
@Sadimere lol,neither,0.020706217963973744,0.4882283491876925,0.4910654328483337
Puerto Rico @siulaim,neither,0.03945320844208391,0.33037608806864915,0.630170703489267
duuuudeeee Hawaiian bread,neither,0.03992057989724925,0.3224435747321917,0.637635845370559
mmmm zucchini bread,neither,0.03981140020614116,0.32429663902658445,0.6358919607672745
