text,top_class,hate_speech,offensive_language,neither
That's totally cozmo,neither,0.03429482415267468,0.38679306881498526,0.5789121070323401
COZMO HIPE,neither,0.03945320844208391,0.33037608806864915,0.630170703489267
I'm down to raid,neither,0.04664583207203863,0.3261824070724146,0.6271717608555468
@drlupo has to decide if he will allow nate,neither,0.03491716511850248,0.34269777843700977,0.6223850564444877
"@Cozmo_BNG, whaaaaat.",neither,0.03945320844208391,0.33037608806864915,0.630170703489267
95% real Cozmo,neither,0.031499364607883676,0.4723552326777793,0.49614540271433705
"@Cozmo_BNG, lupoLOVE",neither,0.03945320844208391,0.33037608806864915,0.630170703489267
bungieCOZMO,neither,0.03945320844208391,0.33037608806864915,0.630170703489267
85,neither,0.03945320844208391,0.33037608806864915,0.630170703489267
@Cozmo_BNG its a lie,neither,0.031250070236141084,0.3331975234575179,0.635552406306341
@Cozmo_BNG WELCOME TO THE STREAM,neither,0.045081474890330965,0.31108224861994527,0.6438362764897237
95%,neither,0.03945320844208391,0.33037608806864915,0.630170703489267
SOMEONE SAID LUPO IS HOLLYWOOD EARLIER!!!,neither,0.04630379715509633,0.32801985647237114,0.6256763463725327
its true!,neither,0.03119883042707529,0.33321514717748796,0.6355860223954367
LUPO HOLLY CONFIRMED,neither,0.03945320844208391,0.33037608806864915,0.630170703489267
When lupo gets admins AND Cosmo in chat kraftRLY,neither,0.03144601014632171,0.3366794344755159,0.6318745553781624
lupoHYPE lupoHYPE lupoHYPE lupoHYPE lupoHYPE,neither,0.03945320844208391,0.33037608806864915,0.630170703489267
So Hollywood.,neither,0.039408268585317555,0.3917566628364959,0.5688350685781864
Lupo is Hollywood confirmed lupoYE,neither,0.04721329802225691,0.3277070374184443,0.6250796645592989
cheer69 this is for cozmo,neither,0.043071059752893444,0.2758449064956992,0.6810840337514072
lupo is super hollywood,neither,0.04827804658806709,0.3273408215619751,0.6243811318499577
"@Cozmo_BNG, lupoLOVE",neither,0.03945320844208391,0.33037608806864915,0.630170703489267
bye @Drlupo,neither,0.03945320844208391,0.33037608806864915,0.630170703489267
tripleHOLLY tripleHOLLY tripleHOLLY,neither,0.03945320844208391,0.33037608806864915,0.630170703489267
"@Cozmo_BNG, Whatcha up to?",neither,0.04385239012985978,0.38549288168526524,0.570654728184875
is it true?!? is it really Cozmo?,neither,0.05350805942766246,0.32554198032104836,0.6209499602512892
card with @Cozmo_BNG,neither,0.025461271115471425,0.381185355820599,0.5933533730639297
cheer69 for Cozmo,neither,0.023896577328981292,0.2538532852897668,0.7222501373812519
hahaha,neither,0.03945320844208391,0.33037608806864915,0.630170703489267
Lol,neither,0.020706217963973744,0.4882283491876925,0.4910654328483337
Just hanging out. :),neither,0.029370813467561426,0.3762335460641006,0.594395640468338
lupoHYPE lupoHYPE lupoHYPE lupoHYPE lupoHYPE lupoHYPE lupoHYPE lupoHYPE lupoHYPE lupoHYPE lupoHYPE lupoHYPE,neither,0.03945320844208391,0.33037608806864915,0.630170703489267
lupoHYPE COZMO CARD lupoHYPE,neither,0.03945320844208391,0.33037608806864915,0.630170703489267
play a card!,neither,0.03945320844208391,0.33037608806864915,0.630170703489267
i had to screenshot the fact that cozmo is here...,neither,0.08952042036763344,0.3126027335731915,0.597876846059175
COZMO CARD,neither,0.03945320844208391,0.33037608806864915,0.630170703489267
lupoHYPE,neither,0.03945320844208391,0.33037608806864915,0.630170703489267
kraftSUH,neither,0.03945320844208391,0.33037608806864915,0.630170703489267
Cozmo,neither,0.03945320844208391,0.33037608806864915,0.630170703489267
"@Cozmo_BNG, Want to play a card?",neither,0.04728562481880262,0.3216490194169094,0.6310653557642879
@RubyRubay @Huskeezee ggs babes,neither,0.03945320844208391,0.33037608806864915,0.630170703489267
COZMO CARD COZMO CARD,neither,0.03945320844208391,0.33037608806864915,0.630170703489267
Cozmo card pleaaaaseeeeee,neither,0.03945320844208391,0.33037608806864915,0.630170703489267
cozmoLURK,neither,0.03945320844208391,0.33037608806864915,0.630170703489267
lupoHYPE COZMO CARD lupoHYPE lupoHYPE lupoHYPE lupoHYPE lupoHYPE lupoHYPE lupoHYPE lupoHYPE lupoHYPE lupoHYPE,neither,0.03945320844208391,0.33037608806864915,0.630170703489267
Cozmo and @MrsDrLupo Card,neither,0.03840264189818727,0.2749437060729204,0.6866536520288923
Yassss vioPLS vioPLS vioPLS,neither,0.03945320844208391,0.33037608806864915,0.630170703489267
cozmo - lupo - natepBOT card Kappa,neither,0.03945320844208391,0.33037608806864915,0.630170703489267
I could play one on my Titan.,neither,0.024005793399314412,0.47630030138973556,0.49969390521095003
COZMO CARD,neither,0.03945320844208391,0.33037608806864915,0.630170703489267
@UnholyAdversary yesssssssssssssssss,neither,0.03945320844208391,0.33037608806864915,0.630170703489267
!challenge,neither,0.03945320844208391,0.33037608806864915,0.630170703489267
"The Trials Challenge is ON! // Rules - Get more kills than me and Ninja combined in a single game of Trials and win a prize. Must contain no DCs, AFKs, free wins, quitting, etc. First person per console, per weekend.",neither,0.03590462439571645,0.307413522688631,0.6566818529156527
One day I will get to play a card and we will go flawless,neither,0.04495614199112195,0.2927234273821375,0.6623204306267405
HYPE,neither,0.03945320844208391,0.33037608806864915,0.630170703489267
vioC vioC vioC vioBB vioBB vioBB,neither,0.03945320844208391,0.33037608806864915,0.630170703489267
lupoHYPE lupoHYPE lupoHYPE lupoHYPE lupoHYPE lupoHYPE lupoHYPE lupoHYPE,neither,0.03945320844208391,0.33037608806864915,0.630170703489267
Don't let the stream down Cozmo Kappa,neither,0.0275238053808361,0.34167881637765657,0.6307973782415074
thats a yes @DrLupo,neither,0.03945320844208391,0.33037608806864915,0.630170703489267
What's a Cosmo card ?,neither,0.047181567539628565,0.32490582385676825,0.6279126086036032
YAAAAAAAAAAAS,neither,0.03945320844208391,0.33037608806864915,0.630170703489267
get ramblinnn in,neither,0.038161521937829866,0.3522993790789921,0.609539098983178
HYPE,neither,0.03945320844208391,0.33037608806864915,0.630170703489267
COZMO CARD,neither,0.03945320844208391,0.33037608806864915,0.630170703489267
oh yes you could you beautiful person @cozmo_bng,neither,0.0813964888020154,0.37312068366157397,0.5454828275364106
cozmo card!!!,neither,0.03945320844208391,0.33037608806864915,0.630170703489267
bungieOSIRIS bungieOSIRIS bungieOSIRIS bungieOSIRIS bungieOSIRIS bungieHYPE bungieHYPE bungieHYPE,neither,0.03945320844208391,0.33037608806864915,0.630170703489267
lupoHYPE lupoHYPE lupoHYPE lupoHYPE lupoHYPE lupoHYPE lupoHYPE lupoHYPE lupoHYPE lupoHYPE lupoHYPE lupoHYPE lupoHYPE lupoHYPE lupoHYPE lupoHYPE lupoHYPE,neither,0.03945320844208391,0.33037608806864915,0.630170703489267
lupoHYPE lupoHYPE lupoHYPE lupoHYPE lupoHYPE lupoHYPE,neither,0.03945320844208391,0.33037608806864915,0.630170703489267
COZMO TITAN CARDD,neither,0.03945320844208391,0.33037608806864915,0.630170703489267
Yey,neither,0.03945320844208391,0.33037608806864915,0.630170703489267
Titan is on PS4,neither,0.04537959839070594,0.34304794286389206,0.6115724587454021
cozmo card!!,neither,0.03945320844208391,0.33037608806864915,0.630170703489267
lupoHYPE COZMO CARD lupoHYPE,neither,0.03945320844208391,0.33037608806864915,0.630170703489267
!song,neither,0.038601720699969956,0.3448280572582511,0.616570222041779
"Fl0wer_child -> ""The Chainsmokers - New York City (Audio)"" by ChainsmokersVEVO is the current song. It was requested by DrLupo",neither,0.04500735911190522,0.3145221113476228,0.640470529540472
RUP,neither,0.03945320844208391,0.33037608806864915,0.630170703489267
@drlupo raffle?,neither,0.03945320844208391,0.33037608806864915,0.630170703489267
@DrLupo cozmo titan is on ps4,neither,0.04537959839070594,0.34304794286389206,0.6115724587454021
One day I will get a card,neither,0.040010855548624005,0.3321300312772621,0.6278591131741139
i'll be your third? :'),neither,0.07721302546101555,0.3245804031097943,0.5982065714291901
Then I will be flawless for the first time,neither,0.029268556765202805,0.29456586876661706,0.6761655744681803
@drlupo so when's the star getting places down mr Hollywood??,neither,0.030319989228186243,0.42035369517918947,0.5493263155926243
Modz= jay lo Cozmo = Shakira,neither,0.03945320844208391,0.33037608806864915,0.630170703489267
i love this song,neither,0.034725997547388365,0.3621436434349178,0.6031303590176939
@drlupo if you need a third I'm available :),neither,0.03413826799530395,0.41958878921378767,0.5462729427909083
lupoHYPE lupoHYPE lupoHYPE lupoHYPE lupoHYPE lupoHYPE lupoHYPE lupoHYPE lupoHYPE lupoHYPE lupoHYPE lupoHYPE lupoHYPE lupoHYPE lupoHYPE lupoHYPE lupoHYPE lupoHYPE lupoHYPE lupoHYPE lupoHYPE lupoHYPE lupoHYPE lupoHYPE lupoHYPE lupoHYPE lupoHYPE lupoHYPE lupoHYPE lupoHYPE lupoHYPE lupoHYPE lupoHYPE lupoHYPE lupoHYPE lupoHYPE lupoHYPE lupoHYPE lupoHYPE lupoHYPE lupoHYPE,neither,0.03945320844208391,0.33037608806864915,0.630170703489267
"@Cozmo_BNG, PSN?",neither,0.03945320844208391,0.33037608806864915,0.630170703489267
That transition between consoles Kreygasm,neither,0.03369585109786091,0.393495918074033,0.572808230828106
HEY CHAT,neither,0.03945320844208391,0.33037608806864915,0.630170703489267
lupoHYPE lupoHYPE lupoHYPE lupoHYPE lupoHYPE lupoHYPE lupoHYPE lupoHYPE lupoHYPE lupoHYPE lupoHYPE lupoHYPE lupoHYPE lupoHYPE lupoHYPE lupoHYPE lupoHYPE,neither,0.03945320844208391,0.33037608806864915,0.630170703489267
@rubyrubay hi,neither,0.03945320844208391,0.33037608806864915,0.630170703489267
Hey,neither,0.03945320844208391,0.33037608806864915,0.630170703489267
Who wants to come finish this card with me and @Huskeezee,neither,0.029297673122147785,0.4161054463236301,0.5545968805542222
Hey Ruby,neither,0.03945320844208391,0.33037608806864915,0.630170703489267
@RubyRubay lupoLOVE lupoLOVE lupoLOVE lupoLOVE lupoLOVE lupoLOVE lupoLOVE lupoLOVE lupoLOVE,neither,0.03945320844208391,0.33037608806864915,0.630170703489267
lupoHYPE lupoHYPE lupoHYPE lupoHYPE lupoHYPE lupoHYPE lupoHYPE lupoHYPE lupoHYPE lupoHYPE lupoHYPE lupoHYPE lupoHYPE lupoHYPE lupoHYPE lupoHYPE lupoHYPE lupoHYPE lupoHYPE lupoHYPE lupoHYPE lupoHYPE lupoHYPE lupoHYPE lupoHYPE lupoHYPE lupoHYPE lupoHYPE lupoHYPE lupoHYPE lupoHYPE lupoHYPE lupoHYPE lupoHYPE lupoHYPE lupoHYPE lupoHYPE lupoHYPE lupoHYPE,neither,0.03945320844208391,0.33037608806864915,0.630170703489267
"Hello, I'm here to help with your ToO sherpa needs. Use command !sherpahelp to get started. A card is currently active for @drlupo",neither,0.04954610805356075,0.36237332381181053,0.5880805681346287
@MrsDrLupo :) hii!,neither,0.03945320844208391,0.33037608806864915,0.630170703489267
Probably cozmo_bng lol @drlupo,neither,0.026669738863085487,0.4451245663925014,0.5282056947444131
lupoHYPE lupoHYPE lupoHYPE lupoHYPE lupoHYPE lupoHYPE lupoHYPE lupoHYPE lupoHYPE lupoHYPE lupoHYPE lupoHYPE lupoHYPE lupoHYPE lupoHYPE lupoHYPE lupoHYPE lupoHYPE lupoHYPE lupoHYPE lupoHYPE lupoHYPE lupoHYPE lupoHYPE lupoHYPE lupoHYPE lupoHYPE lupoHYPE lupoHYPE lupoHYPE lupoHYPE lupoHYPE lupoHYPE lupoHYPE lupoHYPE lupoHYPE,neither,0.03945320844208391,0.33037608806864915,0.630170703489267
@RubyRubay HEY YELLING,neither,0.03945320844208391,0.33037608806864915,0.630170703489267
!complete,neither,0.03945320844208391,0.33037608806864915,0.630170703489267
Card complete.,neither,0.03945320844208391,0.33037608806864915,0.630170703489267
So 1 more run?,neither,0.04200307460107278,0.3791957988939749,0.5788011265049523
It's better than a normal card bc Lupo touched it,neither,0.037333040005811474,0.33603420861425487,0.6266327513799338
!sherpee drlupo drlupo-,neither,0.03945320844208391,0.33037608806864915,0.630170703489267
"1W, 0L @drlupo",neither,0.03945320844208391,0.33037608806864915,0.630170703489267
one more HOLLYWOOD run @Fl0wer_child,neither,0.04041821459676901,0.35190402043381885,0.6076777649694122
XBOX ONE??,neither,0.03833600090750654,0.3713823327920736,0.5902816663004199
!console,neither,0.03945320844208391,0.33037608806864915,0.630170703489267
The current console is in the title of the stream. You can see that via the !status or !title commands.,neither,0.04858713178916666,0.22787857370557804,0.7235342945052553
"Hi, I am new",neither,0.04329431464657362,0.2279400928228527,0.7287655925305736
"@Siulaim, want to jump in? we've got 2 wins or 2 losses left",neither,0.02706792135730979,0.3420600385770795,0.6308720400656107
PS @BIGBALLER2014,neither,0.03945320844208391,0.33037608806864915,0.630170703489267
"@Logan580, hi im nate.",neither,0.03864217104110229,0.3611638699821759,0.6001939589767218
@Logan580 Hey I'm hungry,neither,0.03945320844208391,0.33037608806864915,0.630170703489267
@RubyRubay uh sure!,offensive_language,0.03281134427428448,0.4852341467152886,0.4819545090104269
how do you get that theme?,neither,0.05167519191218473,0.4249656897464484,0.5233591183413668
"@pure_enigmas, preorder RoI",neither,0.03945320844208391,0.33037608806864915,0.630170703489267
Hi @Logan580,neither,0.03945320844208391,0.33037608806864915,0.630170703489267
lupoHYPE lupoHYPE lupoHYPE lupoHYPE rambHYPE lupoHYPE lupoHYPE,neither,0.03945320844208391,0.33037608806864915,0.630170703489267
@RubyRubay as long as you're cool with that being 2 losses lupoYE,neither,0.04234064742242025,0.4503226118661453,0.5073367407114344
PlayStation hype!,neither,0.03945320844208391,0.33037608806864915,0.630170703489267
"@Siulaim, msg me : Ruby Menace",neither,0.03437991017204702,0.3573006012822376,0.6083194885457153
hey lupo hows it going bb,neither,0.037186172239699666,0.3515652793758364,0.611248548384464
@sadimere how was the lasagna,neither,0.038446203840268776,0.316137275222631,0.6454165209371003
"@Siulaim, um have you been watching me play? yeah I'm cool",neither,0.03044348253870073,0.4794926444921475,0.4900638729691518
OSsloth,neither,0.03945320844208391,0.33037608806864915,0.630170703489267
@porters_x2_ray_gun your name,neither,0.10989632546617724,0.31055333202062024,0.5795503425132024
Made me lol,neither,0.020421190919214207,0.4676896743439277,0.5118891347368582
Not in a bad way just memories,neither,0.031618299454938444,0.35603024772614456,0.612351452818917
"@Cozmo_BNG, my PSN is DrLupo-",offensive_language,0.028213745359658256,0.5351030699341097,0.4366831847062321
@fl0wer_child <3,neither,0.03945320844208391,0.33037608806864915,0.630170703489267
lupoLURK /,neither,0.03945320844208391,0.33037608806864915,0.630170703489267
lupoRNG,neither,0.03945320844208391,0.33037608806864915,0.630170703489267
@cjaskins hi,neither,0.03945320844208391,0.33037608806864915,0.630170703489267
Bo2 zombies,neither,0.03945320844208391,0.33037608806864915,0.630170703489267
kraftLUL,neither,0.03945320844208391,0.33037608806864915,0.630170703489267
This is gonna be great,neither,0.045733426641395014,0.35623684760454616,0.5980297257540589
yo you don't play with Ramblin anymore?,offensive_language,0.04228329071336416,0.5072727459083756,0.4504439633782604
@k3x707x <3,neither,0.03945320844208391,0.33037608806864915,0.630170703489267
"@Porters_X2_Ray_Gun, lupoLOVE lupoNERD",neither,0.03945320844208391,0.33037608806864915,0.630170703489267
!card,neither,0.03945320844208391,0.33037608806864915,0.630170703489267
"1W, 0L @drlupo . Note that the Bungie API can be 3-5 minutes behind, so this status may be a game behind.",neither,0.037993858361876735,0.33294989752603943,0.6290562441120838
@drlupo GL GL & I hope my man dosnt run into you syn7LOVE,neither,0.08758069121099495,0.42634588608450524,0.4860734227044999
You rekkkkkkk,offensive_language,0.21217306638279385,0.6099082758190073,0.17791865779819876
syn7LOVE syn7LOVE,neither,0.03945320844208391,0.33037608806864915,0.630170703489267
!rekt,neither,0.03945320844208391,0.33037608806864915,0.630170703489267
[ ] Not Rekt [x] Rekt,neither,0.03554889144452836,0.3454295093440936,0.619021599211378
yo @DrLupo what happened to not having to wear the double headset??,neither,0.05244195894340134,0.361904358442907,0.5856536826136917
Invis bladedancer @Cozmo_BNG?,neither,0.03945320844208391,0.33037608806864915,0.630170703489267
xbox one master race,neither,0.2686924969676025,0.07924446318596925,0.6520630398464283
I'm sitting in orbit waiting for you@drlupo Kappa,neither,0.04470169762198261,0.3364938764493774,0.61880442592864
kraftyy,neither,0.03945320844208391,0.33037608806864915,0.630170703489267
Take me to the light house!,neither,0.037140786560897136,0.34987523167956364,0.6129839817595393
@MrsDrLupo 30 HYPE! lupoLOVE lupoLOVE lupoLOVE,neither,0.03945320844208391,0.33037608806864915,0.630170703489267
"@Sir_shreds_alot, woo!",neither,0.03945320844208391,0.33037608806864915,0.630170703489267
Oh wait titan derp,neither,0.047235969924082896,0.25758710859688955,0.6951769214790275
yummmmmmm nom nom nom,neither,0.03945320844208391,0.33037608806864915,0.630170703489267
ive never got stung by a bee either,neither,0.03674095616599274,0.415666445029395,0.5475925988046122
!song,neither,0.038601720699969956,0.3448280572582511,0.616570222041779
"Porters_X2_Ray_Gun -> ""Nero - Doomsday (HD)"" by Carbine97 is the current song. It was requested by DrLupo",neither,0.04416676604351742,0.38348867397393027,0.5723445599825523
i was going to bed.....cosmo hype,neither,0.04401316723311344,0.35455234693356935,0.6014344858333172
Yassssss,neither,0.03945320844208391,0.33037608806864915,0.630170703489267
I'm ready to gooooo!,neither,0.04650845423121247,0.3262599792689403,0.6272315664998473
"Guys I'm so torn, watch the lupo Cozmo card or watch the release of No Mans Sky",neither,0.04333173245185827,0.3411333350818904,0.6155349324662513
A run with cozmo and lupo? Gross. Kappa,neither,0.030431687220421146,0.32772303654515234,0.6418452762344266
lupoHYPE,neither,0.03945320844208391,0.33037608806864915,0.630170703489267
!challenge,neither,0.03945320844208391,0.33037608806864915,0.630170703489267
That Ben Folds Five shirt though! PogChamp,neither,0.036494229962624455,0.3624228295973647,0.6010829404400109
"The Trials Challenge is ON! // Rules - Get more kills than me and Ninja combined in a single game of Trials and win a prize. Must contain no DCs, AFKs, free wins, quitting, etc. First person per console, per weekend.",neither,0.03590462439571645,0.307413522688631,0.6566818529156527
!status,neither,0.03945320844208391,0.33037608806864915,0.630170703489267
KaphSeen -> Current Stream Title: [X1] TRIALS - SNEAKS AND MODS,neither,0.03890352331791784,0.3034126054743898,0.6576838712076923
sad I'm gonna miss this but I gotta go to bed!,neither,0.03495456940417538,0.4002546372171492,0.5647907933786754
