text,top_class,hate_speech,offensive_language,neither
@duuzi mmh the name was finally available kraftLILY,neither,0.03857053768642644,0.31792232753730687,0.6435071347762669
"@ThirdEchelon, snapsHYPE spazzyHype snapsHYPE spazzyHype snapsHYPE spazzyHype snapsHYPE spazzyHype snapsHYPE spazzyHype",neither,0.03945320844208391,0.33037608806864915,0.630170703489267
cheer5000,neither,0.03945320844208391,0.33037608806864915,0.630170703489267
"@Pugology, Nice doood",neither,0.03945320844208391,0.33037608806864915,0.630170703489267
So third is legend round these parts huh? Lol,neither,0.044507842872361016,0.44240993529813233,0.5130822218295066
lupoHYPE lupoHYPE lupoHYPE lupoHYPE lupoHYPE lupoHYPE,neither,0.03945320844208391,0.33037608806864915,0.630170703489267
"@ThirdEchelon, <3",neither,0.03945320844208391,0.33037608806864915,0.630170703489267
@ThirdEchelon lupoHYPE lupoHYPE lupoHYPE lupoHYPE lupoHYPE lupoHYPE lupoHYPE lupoHYPE lupoHYPE lupoHYPE lupoHYPE lupoHYPE lupoHYPE,neither,0.03945320844208391,0.33037608806864915,0.630170703489267
Lupo did you do the charity stream ?,neither,0.05294098515931346,0.35159054503874554,0.5954684698019409
"@13d_riera, ye",neither,0.03945320844208391,0.33037608806864915,0.630170703489267
thanks we in it Kreygasm,neither,0.03476744534571857,0.31158767424154815,0.6536448804127333
"cheer1500 I'm no Third, but lupoLOVE",neither,0.034667447190969244,0.3586011114570002,0.6067314413520306
cread13 has just re-subscribed to the stream for 6 months in a row!,neither,0.047209768464342786,0.28926846116331856,0.6635217703723386
"@Duuzii, lupoHYPE",neither,0.03945320844208391,0.33037608806864915,0.630170703489267
cheer10000,neither,0.03945320844208391,0.33037608806864915,0.630170703489267
lupoHYPE lupoHYPE THANKS FOR THE SUB lupoHYPE lupoHYPE,neither,0.031417131681781243,0.27457466652234797,0.6940082017958709
lupoHYPE lupoHYPE THANKS FOR THE SUB lupoHYPE lupoHYPE,neither,0.031417131681781243,0.27457466652234797,0.6940082017958709
ðŸ’¯ðŸ’¯ðŸ’¯ðŸ’¯ðŸ’¯ðŸ’¯ðŸ’¯ðŸ’¯ðŸ‘ðŸ¼,neither,0.03945320844208391,0.33037608806864915,0.630170703489267
lupoHYPE lupoLOVE lupoHYPE lupoLOVE lupoHYPE lupoLOVE lupoHYPE lupoLOVE lupoLOVE lupoHYPE lupoLOVE lupoHYPE lupoLOVE lupoHYPE lupoLOVE lupoHYPE lupoLOVE lupoHYPE lupoLOVE lupoHYPE lupoLOVE lupoHYPE lupoLOVE lupoHYPE lupoLOVE lupoHYPE,neither,0.03945320844208391,0.33037608806864915,0.630170703489267
daaaaaaaaaaaaaaaaaaaaaamn,neither,0.03945320844208391,0.33037608806864915,0.630170703489267
Hey Drlupo@,neither,0.03945320844208391,0.33037608806864915,0.630170703489267
"@Wolf_King_IV, Jeez, lupoHYPE lupoHYPE lupoHYPE lupoHYPE lupoHYPE lupoHYPE lupoHYPE lupoHYPE lupoHYPE lupoHYPE lupoHYPE lupoHYPE lupoHYPE lupoHYPE lupoHYPE lupoHYPE lupoHYPE lupoHYPE lupoHYPE lupoHYPE lupoHYPE lupoHYPE lupoHYPE lupoHYPE lupoHYPE lupoHYPE lupoHYPE lupoHYPE lupoHYPE lupoHYPE lupoHYPE lupoHYPE lupoHYPE lupoHYPE lupoHYPE",neither,0.03945320844208391,0.33037608806864915,0.630170703489267
lupoHYPE lupoHYPE lupoHYPE lupoHYPE lupoHYPE lupoHYPE lupoHYPEcheer hype lupoHYPE lupoHYPE lupoHYPE lupoHYPE lupoHYPE lupoHYPE,neither,0.03945320844208391,0.33037608806864915,0.630170703489267
take it out on the other teams. POLITELY.,neither,0.031202262412949492,0.3433267797770783,0.6254709578099722
@DrLupo you aren't disappointing them,neither,0.10075558066415413,0.387273149154609,0.5119712701812369
HYPE lupoCHOO lupoCAW lupoBOT HYPE,neither,0.03945320844208391,0.33037608806864915,0.630170703489267
HYPE lupoNP lupoNP lupoNP HYPE,neither,0.03945320844208391,0.33037608806864915,0.630170703489267
lupoHYPE lupoHYPE lupoHYPE lupoHYPE lupoHYPE lupoHYPE lupoHYPE lupoHYPE lupoHYPE lupoHYPE lupoHYPE lupoHYPE lupoHYPE lupoHYPE lupoHYPE lupoHYPE lupoHYPE lupoHYPE lupoHYPE lupoHYPE lupoHYPE,neither,0.03945320844208391,0.33037608806864915,0.630170703489267
lupoHYPE lupoHYPE lupoHYPE lupoHYPE lupoHYPE lupoHYPE lupoHYPE lupoHYPE lupoHYPE lupoHYPE lupoHYPE lupoHYPE lupoHYPE lupoHYPE lupoHYPE lupoHYPE lupoHYPE lupoHYPE lupoHYPE lupoHYPE lupoHYPE lupoHYPE lupoHYPE lupoHYPE lupoHYPE lupoHYPE lupoHYPE,neither,0.03945320844208391,0.33037608806864915,0.630170703489267
@Wolf_King_IV hype,neither,0.03945320844208391,0.33037608806864915,0.630170703489267
lupoLOVE lupoHYPE lupoLOVE lupoHYPE lupoLOVE lupoHYPE lupoLOVE lupoHYPE lupoLOVE lupoHYPE lupoLOVE lupoHYPE lupoLOVE lupoHYPE lupoLOVE lupoLOVE lupoHYPE lupoLOVE lupoHYPE lupoLOVE lupoHYPE lupoLOVE lupoHYPE lupoLOVE lupoHYPE lupoLOVE lupoHYPE lupoLOVE lupoHYPE lupoLOVE lupoHYPE lupoLOVE lupoHYPE,neither,0.03945320844208391,0.33037608806864915,0.630170703489267
Dickens!!!,neither,0.03945320844208391,0.33037608806864915,0.630170703489267
"@DrLupo @ninja_with_no_l The runs you guys do with the little ones are always awesome, win or lose, shitty destiny discons or not",offensive_language,0.05629898899687274,0.5560941885729631,0.38760682243016426
@ThirdEchelon lupoHYPE lupoHYPE lupoHYPE lupoHYPE lupoHYPE lupoHYPE lupoHYPE lupoHYPE lupoHYPE lupoHYPE lupoHYPE lupoHYPE lupoHYPE lupoHYPE,neither,0.03945320844208391,0.33037608806864915,0.630170703489267
hi,neither,0.03945320844208391,0.33037608806864915,0.630170703489267
"@ThirdEchelon, lupoLOVE",neither,0.03945320844208391,0.33037608806864915,0.630170703489267
@im_chocs @the_charibeast how are you cuties doing,neither,0.08754339517182541,0.3273787220985961,0.5850778827295785
@DrLupo HeyGuys,neither,0.03945320844208391,0.33037608806864915,0.630170703489267
I'm a little guardian,neither,0.038753252915513146,0.3422561600929139,0.618990586991573
"I cant deliver, rip",neither,0.03945320844208391,0.33037608806864915,0.630170703489267
stressed @pugology,neither,0.03945320844208391,0.33037608806864915,0.630170703489267
did someone say third?,neither,0.03945320844208391,0.33037608806864915,0.630170703489267
Lupo is about to go off. I feel bad for the people who are about to play against them lol,neither,0.09230333499676155,0.3462340170102423,0.5614626479929962
@pugology greaaat,neither,0.03945320844208391,0.33037608806864915,0.630170703489267
DICKENS!,neither,0.03945320844208391,0.33037608806864915,0.630170703489267
Little Dicken HYPE!!,neither,0.039075486780672554,0.33678701043778353,0.6241375027815438
DICKENNNNNS,neither,0.03945320844208391,0.33037608806864915,0.630170703489267
Now go touch all their butts,neither,0.04201043587518424,0.3946539826466506,0.5633355814781652
@im_chocs why bb :/ stressed backwards is desserts,neither,0.036521934662561525,0.338502195944081,0.6249758693933576
lil dude lupoHYPE lupoHYPE lupoHYPE lupoHYPE lupoHYPE lupoHYPE lupoHYPE lupoHYPE lupoHYPE lupoHYPE lupoHYPE lupoHYPE lupoHYPE lupoHYPE lupoHYPE lupoHYPE lupoHYPE lupoHYPE,neither,0.03945320844208391,0.33037608806864915,0.630170703489267
I am excited for this,neither,0.032721682536059706,0.2999371267035122,0.6673411907604281
Multi-Stream Link: http://kadgar.net/live/drlupo/ninja_with_no_l,neither,0.03993770193144703,0.2602568920393204,0.6998054060292326
"this is so cool, i love how he does this",neither,0.03428955076709985,0.477968095515015,0.48774235371788516
Dickeeeennnnssss lupoLOVE lupoLOVE lupoLOVE lupoLOVE lupoLOVE lupoCAW lupoCAW lupoCAW lupoHYPE lupoHYPE lupoHYPE lupoHYPE,neither,0.03945320844208391,0.33037608806864915,0.630170703489267
"I wish i was a ""LITTLE GUARDIAN""",neither,0.03888749009812877,0.33997780477279643,0.6211347051290748
@DrLupo This is one of many reasons I love you,neither,0.05882595324902946,0.41306779099231566,0.528106255758655
college starts tomorrow @pugology,neither,0.03945320844208391,0.33037608806864915,0.630170703489267
!charity,neither,0.03945320844208391,0.33037608806864915,0.630170703489267
"The charity stream is still going! If you haven't yet, go show your support! For information, check out http://destinycon.co/ and https://www.stjude.org/ // Watch here: https://www.twitch.tv/destinycommunitycon",neither,0.07758730727044406,0.2706797919824447,0.6517329007471112
@the_charibeast good good kraftLILY,neither,0.037820165765928906,0.33093776632913474,0.6312420679049364
i love the competitve fire you have. im the same way i hate losing at this game. enjoy your afternoon @drlupo ill check back in later im really trying to touch butts with you this weekend,neither,0.11565964910305147,0.35819254738743195,0.5261478035095166
Dickens is the real Sherpa here @drlupo,neither,0.12214034788287857,0.4053818136022055,0.47247783851491604
lupoHYPE lupoHYPE lupoHYPE,neither,0.03945320844208391,0.33037608806864915,0.630170703489267
@im_chocs damn dawggg that sucks buns,offensive_language,0.04106194704493863,0.7014076482036393,0.257530404751422
dickens and charlie 2v3 runs,neither,0.003017240867827325,0.01171971589692615,0.9852630432352465
how old do have t be to be a little guardian,neither,0.047550606615356955,0.3467898937205108,0.6056594996641322
DAWG kraftLILY,neither,0.03945320844208391,0.33037608806864915,0.630170703489267
hes gonna wreck with that sniper!!!,neither,0.026837127975213027,0.43511917125010335,0.5380437007746836
how fast you can pull it out Kappa,neither,0.04655033241422093,0.37575791447144014,0.5776917531143388
You get more ammo with skip rounds,neither,0.04193321418200952,0.3889349334462502,0.5691318523717404
how old do you have to be to little guardian,neither,0.07749509554217904,0.384876736090139,0.5376281683676819
Just got back and holy HELL the squeaker,offensive_language,0.034579800051064986,0.6917429305207805,0.27367726942815435
@im_chocs possibly the best YouTube video of all time lol,neither,0.03661694273746448,0.34824225519010366,0.6151408020724318
"@wealthydiggames, Welcome to a lil Dickens run.",neither,0.04668051391861788,0.3261628374833687,0.6271566485980133
The roll geez,neither,0.03857486303596806,0.3143176567316436,0.6471074802323885
"@13d_riera dude, one time there was a scummy Titan who teabagged dickens and Lupo just toyed with him. They rez'd dickens and they just kept the Titan low on health so dickens could kill him. It was hilarious.",neither,0.08769536427320439,0.3346163207287044,0.5776883149980913
!discord,neither,0.03945320844208391,0.33037608806864915,0.630170703489267
"There is a Discord server available to Twitch subs! Discord is a chat application that allows you to communicate with other subscribers and moderators even when the stream is not live. To join, visit https://discordapp.com/ and link it to your Twitch account.",neither,0.06077562711344702,0.3335726184138368,0.6056517544727162
!multi,neither,0.03945320844208391,0.33037608806864915,0.630170703489267
Multi-Stream Link: http://kadgar.net/live/drlupo/ninja_with_no_l,neither,0.03993770193144703,0.2602568920393204,0.6998054060292326
"@wealthydiggames, don't use that word",neither,0.009705090762268245,0.4749442289204589,0.5153506803172729
you were a kid first.,neither,0.04781096843186255,0.3699034147026004,0.5822856168655369
"so give them a break, please.",neither,0.05418029962033168,0.3685528946662079,0.5772668057134605
I think that's the bellows that salad man sold a few months ago,neither,0.03451956081998901,0.40308293566490255,0.5623975035151085
Sorry,neither,0.03945320844208391,0.33037608806864915,0.630170703489267
@wealthydiggames chill bruh,neither,0.03945320844208391,0.33037608806864915,0.630170703489267
what video @pugology,neither,0.05861685717254807,0.18153779595840247,0.7598453468690495
"@mollymayisme, that one was void.",neither,0.03144825254373401,0.4563755015598225,0.5121762458964435
bruhh...,neither,0.03945320844208391,0.33037608806864915,0.630170703489267
Lol,neither,0.020706217963973744,0.4882283491876925,0.4910654328483337
!multi,neither,0.03945320844208391,0.33037608806864915,0.630170703489267
Multi-Stream Link: http://kadgar.net/live/drlupo/ninja_with_no_l,neither,0.03993770193144703,0.2602568920393204,0.6998054060292326
lmao,neither,0.03705015143476208,0.3711622369619404,0.5917876116032975
Hahaha,neither,0.03945320844208391,0.33037608806864915,0.630170703489267
lmfao,neither,0.05470637918084239,0.32512982320825545,0.6201637976109021
how old y,neither,0.03945320844208391,0.33037608806864915,0.630170703489267
"@keat0505, dickens is 6",neither,0.081172750358939,0.3160268245287109,0.60280042511235
!giveaway,neither,0.03945320844208391,0.33037608806864915,0.630170703489267
"lupoHYPE Congratulations to everyone who won XBL $$$, Destiny Emblems, and more. And a HUGE congrats to Mtn_Man on winning a new Xbox One S! More giveaways to come, and thank you for all your support. lupoLOVE",neither,0.07716319140537725,0.3500870171093636,0.5727497914852591
how old do you have t o be to be a little guardian,neither,0.06646728002859961,0.3934783419148621,0.5400543780565381
"@keat0505, Young.",neither,0.034080676723536256,0.42156197252289496,0.5443573507535687
"Keep up the good work guys, love the stuff you do",neither,0.04531331764767528,0.389013520418549,0.5656731619337758
I won :),neither,0.03945320844208391,0.33037608806864915,0.630170703489267
24?,neither,0.03945320844208391,0.33037608806864915,0.630170703489267
"@keat0505, young :D",neither,0.034080676723536256,0.42156197252289496,0.5443573507535687
1-11,neither,0.03945320844208391,0.33037608806864915,0.630170703489267
I'm a little guardian then @jaycee_xx,neither,0.038932377698216336,0.3392159450520093,0.6218516772497744
Good mojo coming your way @drlupo good luck!,neither,0.05791829016359104,0.32595290128002163,0.6161288085563873
Those finnalas are dropping like crazy I'm 0/54 lol,neither,0.07874468811342614,0.38613917615574156,0.5351161357308323
What days do u use keyboard cam @drlupo,neither,0.021161007633349015,0.39568352186552175,0.5831554705011294
!giveaway,neither,0.03945320844208391,0.33037608806864915,0.630170703489267
"lupoHYPE Congratulations to everyone who won XBL $$$, Destiny Emblems, and more. And a HUGE congrats to Mtn_Man on winning a new Xbox One S! More giveaways to come, and thank you for all your support. lupoLOVE",neither,0.07716319140537725,0.3500870171093636,0.5727497914852591
!dickens,neither,0.03945320844208391,0.33037608806864915,0.630170703489267
Lil dickens triple colat in bound,neither,0.03945320844208391,0.33037608806864915,0.630170703489267
err....,neither,0.03945320844208391,0.33037608806864915,0.630170703489267
"@faze_huski, it's at random",neither,0.036571370364894766,0.36301265494034135,0.6004159746947638
YO,offensive_language,0.04010381111145228,0.5271105317972344,0.4327856570913131
@adamhughey excited to watch. So cute lupoLOVE lupoHYPE,neither,0.05495343753434127,0.33743529937843025,0.6076112630872285
why is a six yesr old playing ths game,neither,0.0350121510773857,0.3062017098697905,0.6587861390528239
inb4 Lil Dickens carry,neither,0.03945320844208391,0.33037608806864915,0.630170703489267
Ok @mai7viac,neither,0.03935517884257045,0.3320399062092607,0.6286049149481688
lupoRNG,neither,0.03945320844208391,0.33037608806864915,0.630170703489267
Get ready to be roasted Kappa @DrLupo,neither,0.044492237601693296,0.33696454171940526,0.6185432206789014
@nas_is_illmatic stop.,offensive_language,0.03955985943432937,0.5175432020074249,0.44289693855824575
@nfgrockerdude lucky you. Be gotten 1,neither,0.05808989556299999,0.3859427476875338,0.5559673567494662
"@nas_is_illmatic, For fun.",neither,0.03065772113169838,0.286563366180488,0.6827789126878137
dickens is so cute! VoHiYo,neither,0.05720420617015732,0.3478199001416053,0.5949758936882373
Oh yay thanks @drlupo,neither,0.04221459508031306,0.2642944674746146,0.6934909374450723
@DrLupo I saw you on the Charity stream and idk what it is about how you play but its freaking incredible,neither,0.052612680114529665,0.36737847964924986,0.5800088402362206
"@nas_is_illmatic seriously, why?",neither,0.024996505493203917,0.35178836757038956,0.6232151269364066
Lil dickens gonna do the double carry Kappa,neither,0.039065325972869915,0.350843588971394,0.6100910850557362
@drewskywoosky it's crazy,offensive_language,0.021966149353969823,0.49318165084116583,0.4848521998048643
@nas_is_illmatic because he can,neither,0.04902066271696053,0.3198486737754968,0.6311306635075427
lol this kid is LIT,neither,0.03827729182370861,0.3894036853405082,0.5723190228357832
lupoHYPE lupoHYPE lupoHYPE lupoHYPE lupoHYPE lupoHYPE lupoHYPE lupoHYPE,neither,0.03945320844208391,0.33037608806864915,0.630170703489267
Did you participate of the charity stream lupo ?,neither,0.05174958360862898,0.35254425357278535,0.5957061628185856
!ld1,neither,0.03945320844208391,0.33037608806864915,0.630170703489267
"@ospyingboarx, His timeblock was yesterday.",neither,0.07564773898972221,0.3344983920285112,0.5898538689817665
love the keyboard cam learning the way of the force,neither,0.0365405721242614,0.311790686944956,0.6516687409307826
"@Whaleman93, nice of you to say",neither,0.07771100765848794,0.38892025722415996,0.533368735117352
DO IT FOR THE KIDS,neither,0.031518190637817536,0.27817265922089807,0.6903091501412844
@ospyingboarx he did. Last night. Raised over $6K,neither,0.034596106357788654,0.3303595758107566,0.6350443178314549
this is awesome guys...,neither,0.04837223851097372,0.33110480992301194,0.6205229515660142
"@ospyingboarx he did and raised about 7,000$",neither,0.04198672805842104,0.3176401478383069,0.640373124103272
!lil1,neither,0.03945320844208391,0.33037608806864915,0.630170703489267
@screamingjello fuk :(,neither,0.03945320844208391,0.33037608806864915,0.630170703489267
I missed that my bad,neither,0.021211388477857956,0.47276636227770846,0.5060222492444336
yoo lil dickens!!,neither,0.03945320844208391,0.33037608806864915,0.630170703489267
@deanbubby the one and only.,neither,0.036023886885532055,0.29525258409260596,0.6687235290218619
gotcha. no worries,neither,0.03874491212393859,0.3423977250936654,0.6188573627823959
@jaycee_xx very young kindergarten?,neither,0.036818099207962855,0.3751007688587766,0.5880811319332605
"@DrLupo, you should tweet out the little run :D",neither,0.06438708214569737,0.42498908722707796,0.5106238306272246
@drlupo hey man!,neither,0.039706915135239045,0.43074372746631245,0.5295493573984484
Is using a keyboard for destiny hard?,offensive_language,0.03179274936624248,0.4936759545821791,0.4745312960515783
@therealFoxP3 get used to it Kappa,neither,0.043669894571189555,0.3353335644749893,0.6209965409538212
lol,neither,0.020706217963973744,0.4882283491876925,0.4910654328483337
@faze_huski just different,neither,0.0328296745823016,0.3622875759132772,0.6048827495044212
Little dickens!!,neither,0.038753252915513146,0.3422561600929139,0.618990586991573
"@faze_huski, it's different until you get used to it",neither,0.05726573920047047,0.37610937725153576,0.5666248835479939
@faze_huski very awkward.,neither,0.03945320844208391,0.33037608806864915,0.630170703489267
"@nas_is_illmatic game is rated t for teen, it doesnt matter how old he is theres nothing wrong with it. This isnt gta5",neither,0.03759150331021947,0.3324950078541604,0.6299134888356202
lupoHYPE,neither,0.03945320844208391,0.33037608806864915,0.630170703489267
Rated M for Mature here.,neither,0.07348736728713534,0.27008245044482165,0.6564301822680432
dickens with the mlg call outs!,neither,0.0282825785390257,0.3506135825176443,0.6211038389433301
my goodness that snipe,neither,0.02765769252062643,0.4324734865050193,0.5398688209743542
Definitely,neither,0.03945320844208391,0.33037608806864915,0.630170703489267
Rated M community,neither,0.03945320844208391,0.33037608806864915,0.630170703489267
@jaycee_xx online interactions not rated,neither,0.038417175061869015,0.3342575452577946,0.6273252796803364
@headsnipe01 esrb too lazy to play with community,neither,0.03468023372621352,0.3618344275462533,0.6034853387275333
i have a 3yr old... hoping he'll play with me one day,neither,0.029402671878801055,0.4014468627366099,0.5691504653845891
is ninja streaming,neither,0.04662910633492473,0.32790796772817965,0.6254629259368957
@xxsilverbackx my 10 yo won't play with me until we get another ps4. lol,neither,0.03551651460875792,0.46946893844257015,0.495014546948672
!multi @keat0505,neither,0.03945320844208391,0.33037608806864915,0.630170703489267
Multi-Stream Link: http://kadgar.net/live/drlupo/ninja_with_no_l,neither,0.03993770193144703,0.2602568920393204,0.6998054060292326
could you do a video showing the keyboard layout,neither,0.05752277130039039,0.27816150760759184,0.6643157210920176
"@jaycee_xx thats not what i mean. The game is very chuldish and kid friendly, but a six yesr old playing xbox or ps4 is very young to be playing a lot of video games",neither,0.04810983168187926,0.2850711797266528,0.6668189885914679
kill number 1!,hate_speech,0.5973784007092732,0.12170162665355003,0.2809199726371767
