text,top_class,hate_speech,offensive_language,neither
"So, does he normally use a Xim?",offensive_language,0.012548662325195366,0.5259841313885956,0.461467206286209
"@TheTrueVanguard, one more on sticks then switching back to MnK",neither,0.04353510821619823,0.358122399627001,0.5983424921568009
CLICKITY CLACKS!!,neither,0.03945320844208391,0.33037608806864915,0.630170703489267
heard deej say dr lupos satanic koala,neither,0.03945320844208391,0.33037608806864915,0.630170703489267
Dude - you're doing WAY better than I (or pretty much anyone else I know) could do when switching from MnK to Controller for the first time in months; props,neither,0.042635387436346206,0.34027365620563704,0.6170909563580166
"@Morep1ay, yep!",neither,0.03945320844208391,0.33037608806864915,0.630170703489267
Why they would ban MnK in MLG? This is bad,neither,0.032182382699801386,0.3394428787259931,0.6283747385742056
"@DrLupo, you should just cop a Scuf or something",neither,0.05942935106812549,0.4192041870806209,0.5213664618512536
@DrLupo so...Scuf? Would you use one?,offensive_language,0.021309468137673905,0.5139915016639047,0.46469903019842146
can you keyboard and mouse in sweaty tourneys?,neither,0.048303161052257536,0.3277520383134557,0.6239448006342868
@DrLupo i only have time for one more man :(,neither,0.03278398899588686,0.4052508696542821,0.561965141349831
MrDestructoid,neither,0.03945320844208391,0.33037608806864915,0.630170703489267
BEEP BOOP YOU COME FOR AIMBOT?,neither,0.045770797567264564,0.36682108836593663,0.5874081140667987
lupoCAW lupoCAW lupoCAW lupoCAW lupoCAW,neither,0.03945320844208391,0.33037608806864915,0.630170703489267
"@DrLupo, is using my dual 970 system to just watch you stream a good use case for my hardware. because you are OP",offensive_language,0.03351353912766327,0.5031867366040856,0.4632997242682511
"@Marcossaccardo, there's no official word from MLG rules yet. This is just in case.",neither,0.041282740527482945,0.31436856261881574,0.6443486968537014
This sucks. I don't know who to root for. @thetruevanguard and @drlupo are my two favorite streamers. truevFail,neither,0.04563380926241728,0.3405938623737997,0.613772328363783
cool that makes 2 of us @mrsdrlupo im stuck at work just now,neither,0.055425079552112726,0.40773988426893437,0.5368350361789528
Hey @drlupo and @mrsdrlupo,neither,0.03823530628758278,0.2638960051144801,0.6978686885979372
1200 viewers? is that right?,neither,0.04157950588645346,0.3736986441299201,0.5847218499836264
U da best,offensive_language,0.09876752114452146,0.5001454031294008,0.40108707572607777
@thetruevanguard rip,neither,0.03945320844208391,0.33037608806864915,0.630170703489267
"@Eviltrotter, yep, but might not for MLG. just don't know yet",neither,0.028691346825879514,0.3340870336486133,0.6372216195255072
MnK is kinda an advantage tbh,neither,0.04619704480694368,0.3238643880533008,0.6299385671397555
"@de5tinyryder, front page probably",neither,0.03829525156692734,0.35002963826668687,0.6116751101663858
hahahah,neither,0.03945320844208391,0.33037608806864915,0.630170703489267
@DrLupo lupoLOVE hey,neither,0.03945320844208391,0.33037608806864915,0.630170703489267
"@mrweldor, ugh",neither,0.03945320844208391,0.33037608806864915,0.630170703489267
"@doctorx13, both, because these are great matches",neither,0.06772617486104765,0.3199610926584091,0.6123127324805433
"@Nateh24, k",neither,0.03945320844208391,0.33037608806864915,0.630170703489267
"@devcar112, hi!",neither,0.03945320844208391,0.33037608806864915,0.630170703489267
hi chat loves lupoLOVE,neither,0.03945320844208391,0.33037608806864915,0.630170703489267
@MrsDrLupo lupoLOVE <3,neither,0.03945320844208391,0.33037608806864915,0.630170703489267
lupoLURK,neither,0.03945320844208391,0.33037608806864915,0.630170703489267
"@RubyRubay, its gunna be banned, if its illegal in CoD itll deff be banned for Destiny",neither,0.025719824296655994,0.3442316718506143,0.6300485038527298
Xim's are cool. Kind of depends on the game though,neither,0.053008158485685214,0.26798290827419174,0.679008933240123
"@ignisavis, hi lady!",neither,0.03945320844208391,0.33037608806864915,0.630170703489267
@nateh24 How do you think so,neither,0.06957362550445938,0.460379718484084,0.4700466560114566
hello u r d best i look up t u,neither,0.0375100190148033,0.37530562957703667,0.58718435140816
idk who DrLuposFavoriteMod was Kappa,neither,0.03989980837618925,0.39128534792362873,0.5688148437001821
lupoPLS,neither,0.03945320844208391,0.33037608806864915,0.630170703489267
!butttouch @ignisavis,neither,0.03945320844208391,0.33037608806864915,0.630170703489267
djentleman91 ( ＾◡＾)っ(‿|‿) @ignisavis,neither,0.03945320844208391,0.33037608806864915,0.630170703489267
he just got first blood with the box kill lol,neither,0.1844576928294514,0.3556313201481488,0.45991098702239985
yeah night shift sucks @mrsdrlupo,neither,0.02185178157825466,0.4207783286096197,0.5573698898121257
"@iiS1L3NTxSH0T, we'll see",neither,0.03922557002409284,0.334239706110888,0.6265347238650193
"@iiS1L3NTxSH0T, destiny is much different than COD",neither,0.041737114572679666,0.3350853475382388,0.6231775378890815
@IC3D_OUT_BART Kappa,neither,0.03945320844208391,0.33037608806864915,0.630170703489267
hey keep your hands to yourself mister @djentleman91,neither,0.06862117047884468,0.3206128714867493,0.6107659580344061
@IC3D_OUT_BART ..... uhu,neither,0.03945320844208391,0.33037608806864915,0.630170703489267
@oozypunk you are very correct. This is some of the best game play I have ever seen.,neither,0.06337792462840142,0.29836343095493945,0.6382586444166591
@ignisavis k,neither,0.03945320844208391,0.33037608806864915,0.630170703489267
@IC3D_OUT_BART brt,neither,0.03945320844208391,0.33037608806864915,0.630170703489267
bro dont listen to anyone the muscle memory will get there. but what will set you apart is how you play the game,neither,0.06360881185981332,0.29446665934914446,0.6419245287910422
"@djentleman91, @ignisavis get a room lupoLOVE",neither,0.03865341711880006,0.34395063411380206,0.617395948767398
"@djentleman91, touch me @ignisavis doesn't have to know",neither,0.03753317659696769,0.3735477967507716,0.5889190266522608
@doctorx13 @Oozypunk agreed,neither,0.03945320844208391,0.33037608806864915,0.630170703489267
lmao,neither,0.03705015143476208,0.3711622369619404,0.5917876116032975
you guys,neither,0.07811641693877229,0.43620131832650766,0.48568226473472004
!butttouch @Mai7Viac,neither,0.03945320844208391,0.33037608806864915,0.630170703489267
djentleman91 ( ＾◡＾)っ(‿|‿) @Mai7Viac,neither,0.03945320844208391,0.33037608806864915,0.630170703489267
"@Mai7Viac, still a first person shooter on a platform made for controllers, not adapters to use a PC peripheral",neither,0.01868689876370616,0.3809587265124186,0.6003543747238753
Kappa,neither,0.03945320844208391,0.33037608806864915,0.630170703489267
"@ignisavis, >3",neither,0.03945320844208391,0.33037608806864915,0.630170703489267
Kreygasm,neither,0.03945320844208391,0.33037608806864915,0.630170703489267
<3,neither,0.03945320844208391,0.33037608806864915,0.630170703489267
Ooooooo sweats!!! lupoLOVE,neither,0.03945320844208391,0.33037608806864915,0.630170703489267
sweet heart there bart,neither,0.03938739129211678,0.2957533879682387,0.6648592207396447
@IC3D_OUT_BART rip,neither,0.03945320844208391,0.33037608806864915,0.630170703489267
When I see @drlupo vs @thetruevanguard it's like the battle of the most polite Destiny players...,neither,0.037222041857296745,0.3475114790395986,0.6152664791031047
i keep looking at the y3 mapador and just drooling,neither,0.03220955949035338,0.3191132104818373,0.6486772300278093
@Essential_integers hahaha same :D,neither,0.04068059059325081,0.34155580380888506,0.617763605597864
@mr_drg lol,neither,0.020706217963973744,0.4882283491876925,0.4910654328483337
@Stiff_Gators hopping you can get reinforced and quickddraw on it,neither,0.04892823722092308,0.3497159517975124,0.6013558109815644
"@Essential_integers, is that confirmed? because i will grind for that forever, that is if its stats and hidden stats are the exact same.",neither,0.03654011438116703,0.34065771232856285,0.6228021732902701
@mr_drg it's the battle to out-nice each other.,neither,0.039070072914527576,0.3279412728251918,0.6329886542602806
Where did you see year 3 matador?,neither,0.06242455207326681,0.3474452968514135,0.5901301510753197
!WHYCONTROLLER,neither,0.03945320844208391,0.33037608806864915,0.630170703489267
"Because it might be banned in anything MLG, so I might as well practice - just in case.",neither,0.0356914753950744,0.3825601824568956,0.58174834214803
heading back to work @drlupo have a good night man,neither,0.03737204432626535,0.38121624221267497,0.5814117134610596
dude that bow!,neither,0.03512577414729519,0.3775381372268296,0.5873360886258752
hi,neither,0.03945320844208391,0.33037608806864915,0.630170703489267
"@Oozypunk want a link too it? it's not like exactly the same, butit's the same like style",neither,0.04864065692335455,0.34115910099589253,0.610200242080753
@mr_drg lol,neither,0.020706217963973744,0.4882283491876925,0.4910654328483337
!primary,neither,0.03945320844208391,0.33037608806864915,0.630170703489267
It's like watching Dick Van Dyke vs Felix Unger,offensive_language,0.42396093817599917,0.5722818363015374,0.003757225522463395
legolas!!!,neither,0.03945320844208391,0.33037608806864915,0.630170703489267
I think its simply bullcrap that MLG would ban Mouse/KB if players are allowed to use scuff gaming controllers/etc,neither,0.02391234153042762,0.3880846916250114,0.5880029668445609
@essential_integers ya,offensive_language,0.017331157930923866,0.7872544665869478,0.19541437548212848
"@Essential_integers, whisper it to me for later.",neither,0.031924191563530005,0.33538822806877977,0.6326875803676902
@Essential_integers the roll they showed was Linear Compensator/Quickdraw/Reinforced Barrel/Rangefinder,neither,0.038654646823573266,0.31912504098950634,0.6422203121869204
#AgeGap,neither,0.03945320844208391,0.33037608806864915,0.630170703489267
@mr_drg that is the most correct statement known to man.,neither,0.04642936668401439,0.385146084674524,0.5684245486414615
"@Aodan, we don't know if it's going to be banned yet",neither,0.028103981959638577,0.3948927223620839,0.5770032956782776
Are u using a controller?!?,neither,0.05863218326471823,0.3503763443064118,0.59099147242887
@Stiff_Gators hopping that's the vendor one,neither,0.033687827126967836,0.38925107511516394,0.5770610977578682
"@xaggressivetuna, he is",neither,0.0817087036342036,0.3158424856208871,0.6024488107449093
Awesome to see all these viewers!,neither,0.05631646682876153,0.4615867277936755,0.4820968053775629
@stiff_gators that roll sounds insane,neither,0.03613847229744558,0.36633614701994766,0.5975253806826067
@mooneyx want it pmed too you too?,neither,0.055876994457780334,0.3898316071167131,0.5542913984255066
@RubyRubay welcome to MLG.. even though it's owned by Blizzard they are unorganized with rulesets,neither,0.05053176050732124,0.36588270487091673,0.5835855346217621
@Essential_integers Dysclosure told me it was the vendor roll but don't know how he knows,neither,0.03358746545151183,0.3546108529623852,0.6118016815861029
"@RubyRubay ESL isn't much better, but you would know at least a month ahead in the OW scene (PC player who may play destiny)",neither,0.039513493333875396,0.4070434554246631,0.5534430512414616
!whycontroller,neither,0.03945320844208391,0.33037608806864915,0.630170703489267
"Because it might be banned in anything MLG, so I might as well practice - just in case.",neither,0.0356914753950744,0.3825601824568956,0.58174834214803
"@Stiff_Gators will be using that tell i get a agg balls one w/ quick draw and reinforced/rifled, RF isn't a necessity for me",neither,0.03228252661288349,0.43218449084375293,0.5355329825433636
you sniped Hovey in the bum,neither,0.061128624631709934,0.3678168701172475,0.5710545052510426
hi lupo and chat and mods and other person,neither,0.03803902533582709,0.24912454766785827,0.7128364269963146
@essential_integers thanks man,neither,0.036093915448851564,0.39026333765636056,0.5736427468947878
bum shot,neither,0.03945320844208391,0.33037608806864915,0.630170703489267
"@Aodan, I used to compete in CoD, the rules were consistent but they haven't done Destiny before, they get a little slack since it's a new setup",neither,0.03919776093127646,0.31912154189777975,0.6416806971709438
@mooneyx welc,neither,0.03945320844208391,0.33037608806864915,0.630170703489267
@Oozypunk got it?,neither,0.033384131469087024,0.4408120912412251,0.525803777289688
"@SnoopLiam3, lupoLOVE",neither,0.03945320844208391,0.33037608806864915,0.630170703489267
"@Essential_integers, while it looks good. i can see some issues, we dont know how it handles, or its pellet spread, also i feel that having 1 perk and 2 middle trees is less effective then having 2 perks, albiet it makes it easier to find a potential god roll.",neither,0.037175472906269116,0.3066414704368421,0.6561830566568889
!whycontroller,neither,0.03945320844208391,0.33037608806864915,0.630170703489267
"Because it might be banned in anything MLG, so I might as well practice - just in case.",neither,0.0356914753950744,0.3825601824568956,0.58174834214803
Leave it to @drlupo to use his Sniper to touch Butts,neither,0.0382557787352129,0.3940603978818988,0.5676838233828884
@Essential_integers It's good that we can decide what package rewards we get (armour or weapon) for faction rankups. I'm saving motes of light and materials like mad haha,neither,0.038202509343458965,0.3567638088591442,0.6050336817973968
Lupo is fucking killing it now...,offensive_language,0.12558091683105432,0.8737953146762687,0.0006237684926769316
!whycontroller,neither,0.03945320844208391,0.33037608806864915,0.630170703489267
"Because it might be banned in anything MLG, so I might as well practice - just in case.",neither,0.0356914753950744,0.3825601824568956,0.58174834214803
how does he hit that snipe?,neither,0.028947892186932483,0.46059429761305387,0.5104578102000136
"sometimes the callouts sound like a game of clue... ""in c room with a hand cannon"" laceLOL",neither,0.03719841719687722,0.3264411598332785,0.6363604229698443
PogChamp,neither,0.03945320844208391,0.33037608806864915,0.630170703489267
Jesus haha,neither,0.03424182295273919,0.4188269004551757,0.5469312765920852
"@kiki_strumm3r, skill",neither,0.03945320844208391,0.33037608806864915,0.630170703489267
lupo using a controller tonight?,neither,0.034082538429936755,0.3670659543504672,0.5988515072195959
"@kiki_strumm3r, magic",neither,0.03945320844208391,0.33037608806864915,0.630170703489267
"@Carbon_le, yep",neither,0.03945320844208391,0.33037608806864915,0.630170703489267
Was that a toe shot?,neither,0.03556519942143894,0.37338558163554214,0.5910492189430189
"@mollymayisme, hahah it does!",neither,0.02457839953459797,0.4610188248753668,0.5144027755900352
"@Carbon_le, yep",neither,0.03945320844208391,0.33037608806864915,0.630170703489267
controller cam??,neither,0.03945320844208391,0.33037608806864915,0.630170703489267
lupo is killing it on the controller,neither,0.04153712137743318,0.32617588158358324,0.6322869970389836
"It was @thetruevanguard , On top of Pillar, WITH THE LAST WORD!",neither,0.026343314114813582,0.3622717130533933,0.6113849728317932
"@RubyRubay CoD is weathered, CSGO, LoL, DotA2, etc just cause they haven't doen't destiny doesn't mean they shouldn't understand rulesets. For controllers, the #1 argument from ""console"" players is they use a controller cause they ""prefer"" it. If You have custom scuff/etc they should allow XIM just ban any kind of macro",neither,0.027998124487908463,0.41416064819608367,0.5578412273160078
"@MouseRat_fan, that's @MrsDrLupo his wife",neither,0.07244249846538825,0.39005155278268405,0.5375059487519278
#DestinyClue,neither,0.03945320844208391,0.33037608806864915,0.630170703489267
"@MouseRat_fan, his wife.",neither,0.08682608046976413,0.33131374679117936,0.5818601727390565
"@MouseRat_fan, hi!",neither,0.03945320844208391,0.33037608806864915,0.630170703489267
lupoWIFE,neither,0.03945320844208391,0.33037608806864915,0.630170703489267
@mrsdrlupo I can't un-hear it now!,neither,0.03837052024568508,0.32643567607516655,0.6351938036791483
!whycontroller,neither,0.03945320844208391,0.33037608806864915,0.630170703489267
Lupo still using that Icarus finnalas?,neither,0.029632570114301347,0.47113155194516426,0.49923587794053437
"Because it might be banned in anything MLG, so I might as well practice - just in case.",neither,0.0356914753950744,0.3825601824568956,0.58174834214803
"@mollymayisme, now i wanna play clue.",neither,0.03945320844208391,0.33037608806864915,0.630170703489267
Nice bow,neither,0.03945320844208391,0.33037608806864915,0.630170703489267
"@Aodan, I'm not arguing that kbm shouldn't be allowed. I mod for Lupo, I've heard all the arguments lol",neither,0.01883786622288161,0.38582772342788735,0.5953344103492312
plas,neither,0.03945320844208391,0.33037608806864915,0.630170703489267
"@RubyRubay it's no different than WoW, you have restrictions on macros, especially on mouse/keyboard set ones. No dif here",neither,0.05880274871832797,0.3643821180418969,0.5768151332397751
plays*,neither,0.03945320844208391,0.33037608806864915,0.630170703489267
HeyGuys @MrsDrLupo,neither,0.03945320844208391,0.33037608806864915,0.630170703489267
can anyone tell me how to include party chat audio when streaming with windows 10?,neither,0.02957842914557476,0.38378763478027395,0.5866339360741514
"@SavageRebellion, hi!",neither,0.03945320844208391,0.33037608806864915,0.630170703489267
"@jstry1991, google",neither,0.03945320844208391,0.33037608806864915,0.630170703489267
-.-,neither,0.03945320844208391,0.33037608806864915,0.630170703489267
Kappa,neither,0.03945320844208391,0.33037608806864915,0.630170703489267
I mean. she's right. google is the answer for everything,neither,0.03969517693149738,0.3629390458541454,0.5973657772143572
gg,neither,0.03945320844208391,0.33037608806864915,0.630170703489267
@DrLupo i have time for just one more match then i gotta help the wife with the newborn,neither,0.026656600833601055,0.37021112822129654,0.6031322709451025
"Dr Lupo, you still play at sensitive 10 with your controller?",neither,0.05821344948853435,0.40408270476375463,0.5377038457477109
"@jstry1991, this is not really the place for stream setup. I would suggest checking someplace like the Twitch subreddit; they've got a lot of streamers there who can give advice.",neither,0.0322703841055322,0.3054758136224559,0.6622538022720118
!sens,neither,0.03945320844208391,0.33037608806864915,0.630170703489267
Lupo is running 5 sensitivity on controller,neither,0.04402448494930838,0.3403495664561526,0.6156259485945389
gee gee,neither,0.03945320844208391,0.33037608806864915,0.630170703489267
"@RubyRubay oh no, I gotcha bro. I'm just saying from a hardcore PC players perspective, if they are going to make Destiny Competitive, you can't allow controllers and not kbm. The only issue should be ""macros""",neither,0.04736205023606054,0.34059513540757363,0.6120428143563659
GG,neither,0.03945320844208391,0.33037608806864915,0.630170703489267
aight,neither,0.03945320844208391,0.33037608806864915,0.630170703489267
"@TheTrueVanguard, sounds good",neither,0.03854999574512859,0.3306867443324945,0.6307632599223769
@Mai7Viac what about Bing?,neither,0.04753712308015706,0.3758554328400185,0.5766074440798244
nice job yall,neither,0.03780594643026131,0.3583344234205583,0.6038596301491804
"@MouseRat_fan, no you didnt",neither,0.06360941121491595,0.42235152603054904,0.514039062754535
sup,neither,0.03945320844208391,0.33037608806864915,0.630170703489267
lol,neither,0.020706217963973744,0.4882283491876925,0.4910654328483337
