text,top_class,hate_speech,offensive_language,neither
Ramblinnn is probably listening to Slayer,neither,0.05109578572819648,0.34069909352817956,0.608205120743624
!whycontroller,neither,0.03945320844208391,0.33037608806864915,0.630170703489267
@drlupo you should sweat dregs and shanks,neither,0.08119241240920766,0.3819058132062242,0.5369017743845681
@drlupo are scuffs allowed in mlg?,neither,0.06253996700033852,0.28955854406829024,0.6479014889313713
"@untraingeneral, we did that already",neither,0.0335260899269538,0.4039325991174845,0.5625413109555617
the quest ctd is so sluggish its terrible,neither,0.03954106252659574,0.35207976486735754,0.6083791726060467
"Lupo, how long have you known Ramblinnn and Ninja?",neither,0.050716880699747724,0.33640208070772365,0.6128810385925287
cauldron Kreygasm,neither,0.03945320844208391,0.33037608806864915,0.630170703489267
"@Sharpxshoot3r12, im fairly sure",neither,0.03355041264180478,0.4787929581882692,0.48765662916992597
"@Sharpxshoot3r12 im trying to figure out too, could you wisper me if you find out",neither,0.040248220319293246,0.44686223226098437,0.5128895474197225
Ooo ok,neither,0.03939779085134877,0.33131666921181135,0.6292855399368399
ram has consent rave music on ear shattering volumes,neither,0.03803930202997101,0.33424472902293606,0.627715968947093
"@Metal_David, we are all aware",neither,0.07242971160276584,0.36005931604813834,0.567510972349096
Is destiny mlg now?,neither,0.04908645569424172,0.32706277260027505,0.6238507717054833
whos sitting behind him lol,neither,0.03328911422051632,0.3752592142167966,0.5914516715626871
lupo off too a great start,neither,0.03716962679621958,0.30788551942456893,0.6549448537792115
@sunsetbuckeye13 could be interesting with such a fresh team. Lost a lot of talent,neither,0.03331810173955693,0.35179172999064934,0.6148901682697937
@Oozypunk is mlg going to be ps4?,neither,0.054600294360217086,0.3548664026481957,0.5905333029915872
"@Freestyler188, me!",neither,0.018491955366437673,0.460246435692358,0.5212616089412043
@Freestyler188 his wife,neither,0.08682608046976413,0.33131374679117936,0.5818601727390565
lupo too busy taking about butts @dx_dantheman_dx,neither,0.03799368224154347,0.3551480567516749,0.6068582610067815
@Freestyler188 lupoWIFE,neither,0.03945320844208391,0.33037608806864915,0.630170703489267
@MrsDrLupo HELLO how,neither,0.03945320844208391,0.33037608806864915,0.630170703489267
"@Biainkit09, dont know myself.",neither,0.03945320844208391,0.33037608806864915,0.630170703489267
oh lol hi,neither,0.0358499667185323,0.336630143031523,0.6275198902499447
"@Essential_integers, hi!",neither,0.03945320844208391,0.33037608806864915,0.630170703489267
@MrsDrLupo how's the little one,neither,0.036618951357784014,0.3581563294018534,0.6052247192403626
"@MrsDrLupo, lupoWIFE lupoLOVE",neither,0.03945320844208391,0.33037608806864915,0.630170703489267
When is the MLG tourney,neither,0.03200361814347475,0.3911342016999027,0.5768621801566227
@drewskywoosky agreed but I'm really excited for this year anyways,neither,0.03304876442419554,0.31692384175115423,0.6500273938246501
Destiny mlg?,neither,0.03945320844208391,0.33037608806864915,0.630170703489267
"@Essential_integers, cranky beyond belief today... more teeth",neither,0.03965658885294806,0.31028508467554844,0.6500583264715035
@dkikola true,neither,0.03945320844208391,0.33037608806864915,0.630170703489267
"@Oozypunk, hi lupoLOVE",neither,0.03945320844208391,0.33037608806864915,0.630170703489267
!tournament,neither,0.03945320844208391,0.33037608806864915,0.630170703489267
!whycontroller,neither,0.03945320844208391,0.33037608806864915,0.630170703489267
"Because it might be banned in anything MLG, so I might as well practice - just in case.",neither,0.0356914753950744,0.3825601824568956,0.58174834214803
!whycontroller,neither,0.03945320844208391,0.33037608806864915,0.630170703489267
"@outlaw_87_v2, .......",neither,0.03945320844208391,0.33037608806864915,0.630170703489267
why using finalas peril?,neither,0.021458439967539617,0.4391073367531279,0.5394342232793325
"@MrsDrLupo oohhh, feels bad, he going to school yet? wait he's 1 isn't he",neither,0.050437668548938476,0.34137284984553795,0.6081894816055237
Madden 17 season is here. Sorry destiny you're on the shelf. Kappa,neither,0.08906849119923348,0.31026137884509164,0.6006701299556748
I miss the click clacks,neither,0.03142875161088561,0.3153256441531625,0.6532456042359519
"@Kwaaq, personal preference",neither,0.03945320844208391,0.33037608806864915,0.630170703489267
oh controller now?,neither,0.04463486795988578,0.28098268753010736,0.674382444510007
clack click,neither,0.03945320844208391,0.33037608806864915,0.630170703489267
bc litc is banned in far cog,neither,0.046627980589741984,0.3279083549235697,0.6254636644866883
"@Essential_integers, haha yes, just turned 1 lupoYE",neither,0.031269046923455675,0.41946212142554945,0.5492688316509948
@natepdot Lol,neither,0.020706217963973744,0.4882283491876925,0.4910654328483337
mlg we don't know,neither,0.03919230288433076,0.33480433629296674,0.6260033608227025
raihnBlitz,neither,0.03945320844208391,0.33037608806864915,0.630170703489267
god damn,offensive_language,0.044055143917303106,0.9120594488727501,0.04388540720994663
"@outlaw_87_v2, 2nd warning.",neither,0.03945320844208391,0.33037608806864915,0.630170703489267
hovey mana and tv play really solid together,neither,0.03881928157243458,0.2989625864784098,0.6622181319491557
@MrsDrLupo so he's like the Albert Einstein of babies by now,neither,0.05667268690010026,0.41729124487746855,0.5260360682224312
Hovey using shotty?,neither,0.03559154140936095,0.39591865576182533,0.5684898028288137
as is tv,neither,0.04732647611016355,0.37024410421925624,0.58242941967058
only mana is sniping,neither,0.058792717286086614,0.32372434415236595,0.6174829385615473
Wow,neither,0.03945320844208391,0.33037608806864915,0.630170703489267
are we on front page?,neither,0.06091184326993454,0.3014578037110358,0.6376303530190297
Stacked teams dang,neither,0.03945320844208391,0.33037608806864915,0.630170703489267
"@Essential_integers, 1 min",neither,0.03945320844208391,0.33037608806864915,0.630170703489267
!whycontroller,neither,0.03945320844208391,0.33037608806864915,0.630170703489267
"Because it might be banned in anything MLG, so I might as well practice - just in case.",neither,0.0356914753950744,0.3825601824568956,0.58174834214803
lupoHYPE lupoHYPE lupoHYPE lupoHYPE lupoHYPE lupoHYPE lupoHYPE,neither,0.03945320844208391,0.33037608806864915,0.630170703489267
well in sweats thats the most common set up,neither,0.03709052488391812,0.35304995611581214,0.6098595190002698
@Oozypunk so yes,neither,0.0394115437866922,0.40836546399766965,0.5522229922156383
1 sniper 2 shotty,neither,0.03945320844208391,0.33037608806864915,0.630170703489267
we in here boys we got 1 Kappa,neither,0.07011007413212636,0.3396752361257039,0.5902146897421697
omfg,neither,0.03945320844208391,0.33037608806864915,0.630170703489267
"@DrLupo I just wanted to point out that it was so hype earlier on stream to 500K that many people went unnoticed, but you sir are a class act and I just wanted to say keep up the good work and that was amazing",neither,0.05317344958493844,0.3980315017109069,0.5487950487041546
dat triple,neither,0.03945320844208391,0.33037608806864915,0.630170703489267
"@Essential_integers, something like that ;)",neither,0.050570150711857165,0.42689076695506384,0.522539082333079
gg,neither,0.03945320844208391,0.33037608806864915,0.630170703489267
"@the_actual_bboz, sweats purposely matched.",neither,0.03945320844208391,0.33037608806864915,0.630170703489267
3 shotty is common tho,neither,0.04255639222550842,0.3355909515157543,0.6218526562587373
lupo is a fucking ogd,offensive_language,0.12846475756843337,0.8706884659403676,0.0008467764911989175
let's go,neither,0.01806316484133749,0.39391011985298136,0.5880267153056813
to not tho,neither,0.04106619243966962,0.34684602487532684,0.6120877826850035
PogChamp,neither,0.03945320844208391,0.33037608806864915,0.630170703489267
even on remote,neither,0.035651646382195076,0.36034451709773063,0.6040038365200742
Damn,offensive_language,0.042479326866149344,0.9516554255713155,0.005865247562535126
THE THREE,neither,0.038151405569513235,0.3062680459581639,0.6555805484723227
yeah!!!!!,offensive_language,0.013968601452186464,0.5182923869769311,0.4677390115708824
lupoHYPE,neither,0.03945320844208391,0.33037608806864915,0.630170703489267
TURN UP LUPO,neither,0.035153875188099634,0.4211432925429651,0.5437028322689351
The primary shot tho Kreygasm,neither,0.035056913878309934,0.3233357855493732,0.641607300572317
wattaaa spawn,neither,0.03945320844208391,0.33037608806864915,0.630170703489267
suh bruh kgothHI,neither,0.03945320844208391,0.33037608806864915,0.630170703489267
"Lupo, how is controller treating you?",neither,0.062377617296189944,0.3666987068796475,0.5709236758241627
snipes may not be on point but he's super good,neither,0.03849038660659662,0.33521831208819686,0.6262913013052064
FOR MEEEE,neither,0.023896577328981292,0.2538532852897668,0.7222501373812519
3 piece with finnalas!,neither,0.02472775859022834,0.3843604782584783,0.5909117631512933
the plays lupoHYPE,neither,0.0381955476471936,0.307118819326112,0.6546856330266944
!whycontroller,neither,0.03945320844208391,0.33037608806864915,0.630170703489267
"@Chaddamax, only for butt touches",neither,0.03746210440952651,0.3326770478262282,0.6298608477642451
"Because it might be banned in anything MLG, so I might as well practice - just in case.",neither,0.0356914753950744,0.3825601824568956,0.58174834214803
holy shit,offensive_language,0.04257650662097627,0.9573463282193174,7.716515970639687e-05
lupo making big plays,neither,0.0241650464696047,0.3830476837942011,0.5927872697361941
fucking insane,offensive_language,0.11040509721682133,0.8893604051091775,0.00023449767400117861
@rrod985 this is the first game on the playstation sticks lupoYE,neither,0.03598371502649859,0.29169951350947654,0.6723167714640249
THE PLAYS Kreygasm,neither,0.0381955476471936,0.307118819326112,0.6546856330266944
Elllo everyboddyyy,neither,0.03945320844208391,0.33037608806864915,0.630170703489267
!bt @drlupo,neither,0.03945320844208391,0.33037608806864915,0.630170703489267
Chaddamax ( ＾◡＾)っ(‿|‿) @drlupo,neither,0.03945320844208391,0.33037608806864915,0.630170703489267
lupo should use a side arm/plan c in the tour or something and just main a primary,neither,0.022267254116447567,0.3982386861276894,0.579494059755863
"""yeah guys im gona be playing like a patato"" dr.lupo lupoWAT",neither,0.03309738070506182,0.4422898225120082,0.5246127967829298
we in there boys and girls,neither,0.024762209236780196,0.3407805382035517,0.6344572525596682
lupo needs to chill!!!!,neither,0.04823153678754545,0.3252932801425693,0.6264751830698853
"Follow me @ twitter.com/DrLupoOnTwitch for stream notifications, updates, and banter about Destiny.",neither,0.03064500239345661,0.38605513054092555,0.583299867065618
ur next @oozypunk ;),neither,0.08001343870578825,0.3345045435283119,0.5854820177658999
This is technically his warm up game. And hes crushing it,neither,0.05561631530013354,0.31115063892393074,0.6332330457759356
Lupo going in PogChamp,neither,0.036330296496551506,0.38338005393505875,0.5802896495683899
lupoHYPE lupoHYPE lupoHYPE lupoHYPE lupoHYPE,neither,0.03945320844208391,0.33037608806864915,0.630170703489267
@Gun_slingin_panda i mean the snipes aren't on but primary is,neither,0.03980006368393334,0.33394595179801684,0.6262539845180499
"@Chaddamax, oh lawdy!",neither,0.051363287716059566,0.22255663153133606,0.7260800807526044
the blint,neither,0.03613032604487659,0.2619290779399786,0.7019405960151449
yo. controller gp too good. use mnk... give them a handicap,neither,0.02423306828245253,0.43672631436594705,0.5390406173516006
!whycontroller,neither,0.03945320844208391,0.33037608806864915,0.630170703489267
"Because it might be banned in anything MLG, so I might as well practice - just in case.",neither,0.0356914753950744,0.3825601824568956,0.58174834214803
nice wipe,neither,0.03945320844208391,0.33037608806864915,0.630170703489267
yeah @Essential_integers,offensive_language,0.013968601452186464,0.5182923869769311,0.4677390115708824
but i mean first game,neither,0.02797779881172264,0.29635230625392994,0.6756698949343474
"The controllers are super uncomfortable on PS4. I heard there is a Xbox style controller for PS4, so I might check that out. Anyone heard anything?",neither,0.04307739184369608,0.3226217099531368,0.6343008982031672
@Gun_slingin_panda goop poin,neither,0.03945320844208391,0.33037608806864915,0.630170703489267
!bt @oozypunk,neither,0.03945320844208391,0.33037608806864915,0.630170703489267
Chaddamax ( ＾◡＾)っ(‿|‿) @oozypunk,neither,0.03945320844208391,0.33037608806864915,0.630170703489267
Hit the corner than I shot eem got eem,neither,0.03809117015328178,0.3490360504242308,0.6128727794224873
god i wish i was that good with a sniper. dem reflexes.,neither,0.02647398499760214,0.4019989097866542,0.5715271052157438
i actually like the ds4,neither,0.055995051410058415,0.3273894074362501,0.6166155411536913
@mrsdrlupo did u quit your job,neither,0.07474492730334974,0.3205609460116155,0.6046941266850349
!whycontroller,neither,0.03945320844208391,0.33037608806864915,0.630170703489267
kreygasm,neither,0.03945320844208391,0.33037608806864915,0.630170703489267
@nuuclearshark456 no,neither,0.036918905254960256,0.37338982715841207,0.5896912675866277
fail,neither,0.03945320844208391,0.33037608806864915,0.630170703489267
granted i have played ps my whole gaming life tho,neither,0.028217212594045825,0.42840604395125387,0.5433767434547003
LOL,neither,0.020706217963973744,0.4882283491876925,0.4910654328483337
"@nuuclearshark456, well... i work for myself... so no ;)",neither,0.03277708578072122,0.35522460267123585,0.611998311548043
lmao lupo's complaning about the controller already,neither,0.035661857874946724,0.369181332284694,0.5951568098403592
@MrsDrLupo okay because I always see you,neither,0.05568104591828366,0.4485955236752745,0.49572343040644196
@mrsdrlupo how is everything going,neither,0.047318298354581595,0.360119957881203,0.5925617437642154
"people who said the keyboard/mouse made him decent, look at him go",neither,0.054854310182708886,0.3706404472245233,0.5745052425927678
@metal_david im in the same boat as you lol,neither,0.042192945398028724,0.47405054497537824,0.4837565096265931
At the bank using their wifi watching lupoRNG,neither,0.03561156572321693,0.38157951487414626,0.5828089194026367
"I assume that if MLG does ban mnk, I see a scuf in Lupo's future",neither,0.020906805227244113,0.457875958557921,0.521217236214835
"@nuuclearshark456, yeah I'm a photographer and work for myself.",neither,0.023124290233568014,0.3657252753639928,0.6111504344024392
!whycontroller,neither,0.03945320844208391,0.33037608806864915,0.630170703489267
"Because it might be banned in anything MLG, so I might as well practice - just in case.",neither,0.0356914753950744,0.3825601824568956,0.58174834214803
"@Metal_David, when i made the switch from ps2 to 360 i cant look back, offset thumbsticks are just comfortable",neither,0.04741688175270728,0.32329942967062847,0.6292836885766642
You do face cams no I remember when U didn't that was a while ago and do you still play with a keyboard,neither,0.03211961805799306,0.46054055376721786,0.5073398281747891
"@killerrhino77, great!! :D",neither,0.03629809395026052,0.28705760395740076,0.6766443020923386
they should make a longer PS4 controler so people like lupo's fingers don't hit,neither,0.0794834724125416,0.3943346399987595,0.5261818875886989
scuf won't help the stick placement :),neither,0.03886389849890352,0.3196852024722103,0.6414508990288862
PogChamp PogChamp PogChamp,neither,0.03945320844208391,0.33037608806864915,0.630170703489267
Ease up on the language @Drlupo. Front Page time lupoPLS,neither,0.03458340506733537,0.37461891828755484,0.5907976766451097
@wormsandwichgaming he does jsut,offensive_language,0.02570365254277602,0.5058221806089295,0.4684741668482945
"@wormsandwichgaming, he does play keyboard, but he is practicing with a controller tonight.",neither,0.030836117157114814,0.41469056780487173,0.5544733150380134
ps4 controller just has a weird design but ive been on xbox forever so im just use to the chunkier controllers,neither,0.021847503297593978,0.422541959407409,0.555610537294997
!whycontroller,neither,0.03945320844208391,0.33037608806864915,0.630170703489267
"Because it might be banned in anything MLG, so I might as well practice - just in case.",neither,0.0356914753950744,0.3825601824568956,0.58174834214803
They´re making a strong comeback,neither,0.055897971773973355,0.2947919901622339,0.6493100380637928
@MrsDrLupo nice photographer,neither,0.03945320844208391,0.33037608806864915,0.630170703489267
eh my thumbs just know what to do on a ps controler,neither,0.03321067197973694,0.4318239120253084,0.5349654159949546
controller,neither,0.03945320844208391,0.33037608806864915,0.630170703489267
when you get super pumped lupo is on and your phone decided to take an hour for an update #feelsbadman,neither,0.05809838923070159,0.33638271394201985,0.6055188968272786
lupo a controller god Kappa,neither,0.03945320844208391,0.33037608806864915,0.630170703489267
lupoHYPE FRONT PAGE,neither,0.03945320844208391,0.33037608806864915,0.630170703489267
Lupo is still better then me on a controller Kappa,neither,0.03677251763142093,0.37435541625499685,0.5888720661135822
lupoHYPE,neither,0.03945320844208391,0.33037608806864915,0.630170703489267
!whycontroller,neither,0.03945320844208391,0.33037608806864915,0.630170703489267
"Because it might be banned in anything MLG, so I might as well practice - just in case.",neither,0.0356914753950744,0.3825601824568956,0.58174834214803
all these doubters tripleM,offensive_language,0.0698242255687262,0.787952350347919,0.14222342408335495
I may look into getting a scuff tho just to do more stuff bc i can't claw for crap,neither,0.03630412307548692,0.3439207212979668,0.6197751556265463
What does front page mean?,neither,0.03099992752186521,0.4378241502754467,0.5311759222026881
the sticks being parallel throws me off so much on the playstation controller,neither,0.029961956836368972,0.3746625568263948,0.5953754863372361
insane how @drlupo just picks up a controller and plays so well,neither,0.034815473524307215,0.37371180669679965,0.591472719778893
Lupo is killing it,neither,0.04857944580693235,0.3272371565497646,0.6241833976433031
@ryway12 or you computer decides to buffer ever 10 seconds,neither,0.05589435833144688,0.35835521337010956,0.5857504282984435
SayLupoBruh,neither,0.03945320844208391,0.33037608806864915,0.630170703489267
@cantseemyfeet I do not see much issue with stick placement ATM,neither,0.03093359117052664,0.35555289736142376,0.6135135114680496
@fishface30 front page of twitch,neither,0.03945320844208391,0.33037608806864915,0.630170703489267
Do u remember me though DrLupo? this is a different twitch account my old one was just WormSandwich,neither,0.030536664054214974,0.43002995777062475,0.5394333781751602
@OfMiceAndBenji He killing it and he is using a pretty weak sniping clash for sweats,neither,0.042694926632797135,0.3263699830821579,0.630935090285045
@DrLupo,neither,0.03945320844208391,0.33037608806864915,0.630170703489267
Thanks @Huskeezee,neither,0.035884468650613,0.3004919205142699,0.6636236108351171
"@fishface30, if you go to twitch.tv lupo is the first streamer you see for the next few hours",neither,0.042896493674380566,0.380201120278259,0.5769023860473605
@wormsandwichgaming he is focused he won't be paying close attention to chat during games,neither,0.054007390089057514,0.3265173275908026,0.6194752823201398
Promoted channels? Nice,neither,0.03945320844208391,0.33037608806864915,0.630170703489267
ik,neither,0.03945320844208391,0.33037608806864915,0.630170703489267
lupoLOVE,neither,0.03945320844208391,0.33037608806864915,0.630170703489267
@ohnolookoutbelow ikr . Would love to see a few games using drum controller :),neither,0.03873448306359412,0.3720620310683526,0.5892034858680533
let me play,neither,0.014765888172780626,0.4266018285324521,0.5586322832947673
!whycontroller,neither,0.03945320844208391,0.33037608806864915,0.630170703489267
"Because it might be banned in anything MLG, so I might as well practice - just in case.",neither,0.0356914753950744,0.3825601824568956,0.58174834214803
@Thewheatons ?,neither,0.03945320844208391,0.33037608806864915,0.630170703489267
GG !!!!!,neither,0.03945320844208391,0.33037608806864915,0.630170703489267
@DrLupo Do u remember me ik ur in game but when u get this the game is probably over,neither,0.03981003679483824,0.3422120116629327,0.6179779515422291
tripleGG tripleGG tripleGG,neither,0.03945320844208391,0.33037608806864915,0.630170703489267
KjHovey sounds like a familiar name,neither,0.04942605597399722,0.34494115865566327,0.6056327853703396
nice Dr,neither,0.03945320844208391,0.33037608806864915,0.630170703489267
"@DrLupo nice primary shot dude, first game on, snipes will come",neither,0.03255399790908101,0.3147952816264897,0.6526507204644294
weird to see Hovey shotgunning lupoWAT,neither,0.04896293645672385,0.3248869307976967,0.6261501327455794
lupo needs an xl ps controller,neither,0.03975401065853496,0.325270689424246,0.6349752999172192
Use the paddles!,neither,0.005247174020938628,0.4535784549948647,0.5411743709841967
Thanks,neither,0.035884468650613,0.3004919205142699,0.6636236108351171
Who wana get shweatyyyyy on X1,neither,0.03630666214557,0.43009563367122344,0.5335977041832066
@drlupo do you and ninja mute each other cuz y'all talk over each other a lot,neither,0.03613812491882641,0.369356683862548,0.5945051912186254
@Thewheatons He has this set up already,neither,0.041125684538443105,0.3910038718219895,0.5678704436395674
Np @Emiroma lupoLOVE,neither,0.03945320844208391,0.33037608806864915,0.630170703489267
@essential_integers add me though ill whisper you my gt,offensive_language,0.038674668691655055,0.49057514149162706,0.4707501898167178
do that again with the contolle,neither,0.021886272413180165,0.43884643116034777,0.5392672964264722
@daltonbeedabbin ok,neither,0.03935517884257045,0.3320399062092607,0.6286049149481688
lupoPLS,neither,0.03945320844208391,0.33037608806864915,0.630170703489267
i thought you did well,neither,0.06703710906725817,0.2573463559133614,0.6756165350193805
Fine,neither,0.03945320844208391,0.33037608806864915,0.630170703489267
Hi,neither,0.03945320844208391,0.33037608806864915,0.630170703489267
@DrLupo You are do great,neither,0.11938836730546482,0.2795249471697833,0.601086685524752
!whycontroller,neither,0.03945320844208391,0.33037608806864915,0.630170703489267
"Because it might be banned in anything MLG, so I might as well practice - just in case.",neither,0.0356914753950744,0.3825601824568956,0.58174834214803
@poppabob15 maybe later i need to see if i can get a team,neither,0.02920291962194716,0.3724650922088947,0.5983319881691582
do you think a scuf would help lupo?,neither,0.054365617945581826,0.355181493774853,0.5904528882795651
"@IC3D_OUT_BART, YOUR YELLOW NOW lupoPLS rambPLS",neither,0.01291187960658652,0.005861475677052404,0.9812266447163611
Why not use the paddles? Isn't that point of an elite and scuf?,neither,0.015426265394926376,0.3853642763330121,0.5992094582720615
started off slow then blew the fucking planet apart! <3,offensive_language,0.1015754964070517,0.868964689239574,0.029459814353374227
god it's so nice to see MLG in the same context as destiny and not be sarcasm OSsloth,neither,0.04002921509241047,0.34996812069979727,0.6100026642077921
"@Oozypunk, ye",neither,0.03945320844208391,0.33037608806864915,0.630170703489267
"That was a very solid first game, especially considering the change of input",neither,0.032346816685244556,0.32334879368811725,0.6443043896266382
are scufs banned in MLG?,neither,0.07248177939161532,0.2755280613513974,0.6519901592569872
His yellow what?,neither,0.014866365756973454,0.007430752308486632,0.9777028819345398
Kappa,neither,0.03945320844208391,0.33037608806864915,0.630170703489267
"@YoSanto, maybe, the sticks are more of the problem.",neither,0.059168148347269266,0.2638424840410796,0.6769893676116513
yellow is in boys,neither,0.0093211351659371,0.013333514915252392,0.9773453499188104
iced out yellow,neither,0.008769849847958063,0.027962201848298843,0.9632679483037431
"I´ve know about all three of them for a while, but I only got around following Lupo now, such good gameplay man. I´ve been trying to improve on the PvP end of things, hopefully I pick up a couple of things",neither,0.024425570083746524,0.362508130668671,0.6130662992475825
@IC3D_OUT_BART OH GOD YES,neither,0.045821689346658485,0.27018572547815667,0.6839925851751848
Over 500k for DCC TwitchRPG TwitchRPG,neither,0.03268481597529691,0.30843033089591937,0.6588848531287838
