text,top_class,hate_speech,offensive_language,neither
Thanks,neither,0.035884468650613,0.3004919205142699,0.6636236108351171
Who wana get shweatyyyyy on X1,neither,0.03630666214557,0.43009563367122344,0.5335977041832066
@drlupo do you and ninja mute each other cuz y'all talk over each other a lot,neither,0.03613812491882641,0.369356683862548,0.5945051912186254
@Thewheatons He has this set up already,neither,0.041125684538443105,0.3910038718219895,0.5678704436395674
Np @Emiroma lupoLOVE,neither,0.03945320844208391,0.33037608806864915,0.630170703489267
@essential_integers add me though ill whisper you my gt,offensive_language,0.038674668691655055,0.49057514149162706,0.4707501898167178
do that again with the contolle,neither,0.021886272413180165,0.43884643116034777,0.5392672964264722
@daltonbeedabbin ok,neither,0.03935517884257045,0.3320399062092607,0.6286049149481688
lupoPLS,neither,0.03945320844208391,0.33037608806864915,0.630170703489267
i thought you did well,neither,0.06703710906725817,0.2573463559133614,0.6756165350193805
Fine,neither,0.03945320844208391,0.33037608806864915,0.630170703489267
Hi,neither,0.03945320844208391,0.33037608806864915,0.630170703489267
@DrLupo You are do great,neither,0.11938836730546482,0.2795249471697833,0.601086685524752
!whycontroller,neither,0.03945320844208391,0.33037608806864915,0.630170703489267
"Because it might be banned in anything MLG, so I might as well practice - just in case.",neither,0.0356914753950744,0.3825601824568956,0.58174834214803
@poppabob15 maybe later i need to see if i can get a team,neither,0.02920291962194716,0.3724650922088947,0.5983319881691582
do you think a scuf would help lupo?,neither,0.054365617945581826,0.355181493774853,0.5904528882795651
"@IC3D_OUT_BART, YOUR YELLOW NOW lupoPLS rambPLS",neither,0.01291187960658652,0.005861475677052404,0.9812266447163611
Why not use the paddles? Isn't that point of an elite and scuf?,neither,0.015426265394926376,0.3853642763330121,0.5992094582720615
started off slow then blew the fucking planet apart! <3,offensive_language,0.1015754964070517,0.868964689239574,0.029459814353374227
god it's so nice to see MLG in the same context as destiny and not be sarcasm OSsloth,neither,0.04002921509241047,0.34996812069979727,0.6100026642077921
"@Oozypunk, ye",neither,0.03945320844208391,0.33037608806864915,0.630170703489267
"That was a very solid first game, especially considering the change of input",neither,0.032346816685244556,0.32334879368811725,0.6443043896266382
are scufs banned in MLG?,neither,0.07248177939161532,0.2755280613513974,0.6519901592569872
His yellow what?,neither,0.014866365756973454,0.007430752308486632,0.9777028819345398
Kappa,neither,0.03945320844208391,0.33037608806864915,0.630170703489267
"@YoSanto, maybe, the sticks are more of the problem.",neither,0.059168148347269266,0.2638424840410796,0.6769893676116513
yellow is in boys,neither,0.0093211351659371,0.013333514915252392,0.9773453499188104
iced out yellow,neither,0.008769849847958063,0.027962201848298843,0.9632679483037431
"I´ve know about all three of them for a while, but I only got around following Lupo now, such good gameplay man. I´ve been trying to improve on the PvP end of things, hopefully I pick up a couple of things",neither,0.024425570083746524,0.362508130668671,0.6130662992475825
@IC3D_OUT_BART OH GOD YES,neither,0.045821689346658485,0.27018572547815667,0.6839925851751848
Over 500k for DCC TwitchRPG TwitchRPG,neither,0.03268481597529691,0.30843033089591937,0.6588848531287838
@drlupo yeah try to work on the sniping and if u got that u got that mlg tournumnet in the bad excuse my grammer,offensive_language,0.013793214598742137,0.5067807668618762,0.47942601853938166
well i have to go to work now =(,neither,0.05489533016841524,0.3349552118867082,0.6101494579448766
have fun everyone,neither,0.032162493141391094,0.45411855397213485,0.5137189528864742
993 people damn,offensive_language,0.10976505485111702,0.8664717801641775,0.023763164984705352
lmao @Essential_integers,neither,0.03705015143476208,0.3711622369619404,0.5917876116032975
noce nades,neither,0.03945320844208391,0.33037608806864915,0.630170703489267
later david!,neither,0.03945320844208391,0.33037608806864915,0.630170703489267
!whycontroller,neither,0.03945320844208391,0.33037608806864915,0.630170703489267
did @MrsDrLupo get a haircut ?,neither,0.038873583593918105,0.34021383444233544,0.6209125819637464
"Because it might be banned in anything MLG, so I might as well practice - just in case.",neither,0.0356914753950744,0.3825601824568956,0.58174834214803
!whycontroller,neither,0.03945320844208391,0.33037608806864915,0.630170703489267
@IC3D_OUT_BART UUHHHHGGG THE OCeans are alive w/ my fluids,neither,0.050293598692607536,0.3598559204960598,0.5898504808113327
"@Emiroma, stick around, you can learn alot from the 3 of them, feel free to ask questions, alot of us mod's are good players too, specifcally @IC3D_OUT_BART",neither,0.09237576290012038,0.3029973928682061,0.6046268442316736
"@OmegaSlice, nope :)",neither,0.03945320844208391,0.33037608806864915,0.630170703489267
@Huskeezee hello!,neither,0.03945320844208391,0.33037608806864915,0.630170703489267
shottty bro,neither,0.03945320844208391,0.33037608806864915,0.630170703489267
500k is unreal. Destiny Community is insane.,neither,0.04893609662994159,0.3271144879772933,0.623949415392765
Aloha @Siulaim !,neither,0.03945320844208391,0.33037608806864915,0.630170703489267
Good night everyone <3 see you all tomorrow,offensive_language,0.04020928292841496,0.5338993854890468,0.42589133158253817
im good ?!?!?!?!,neither,0.036812509300502845,0.3892509703103543,0.5739365203891429
it's time. come over to the dark side,neither,0.033611979745669415,0.3849006524537442,0.5814873678005864
How do u check how much time some one has watched,neither,0.03150013081570321,0.36992085945795355,0.5985790097263433
"@OmegaSlice, Its just pulled to the side. however this weekend I'll be putting purple and teal into it :)",neither,0.03300758300102751,0.3331997816230405,0.6337926353759321
Bye wolf!,neither,0.03945320844208391,0.33037608806864915,0.630170703489267
Awww okay haha lupoWIFE lupoLOVE,neither,0.03559330740093922,0.3958886822758715,0.5685180103231893
@IC3D_OUT_BART shit wait we are on the front page..... i'm going to shut up,offensive_language,0.08456277953939811,0.9009142765877398,0.014522943872862105
"just remember, you are all cute! <3",neither,0.10279495873640664,0.4112628268572407,0.48594221440635266
@mrsdrlupo anniHI,neither,0.03945320844208391,0.33037608806864915,0.630170703489267
Bart a good player? OSsloth,neither,0.03398653817290009,0.41473163343509056,0.5512818283920095
"@IC3D_OUT_BART, your op bb.",neither,0.06781516953698714,0.32250249470822684,0.6096823357547859
"See ya, Wolf hoveyHi",offensive_language,0.025349551861059364,0.5840958039738231,0.39055464416511754
"@TopguntheGreat, hi!",neither,0.03945320844208391,0.33037608806864915,0.630170703489267
@mrsdrlupo so jealous of that,neither,0.0346024539928039,0.43762598891760435,0.5277715570895918
"@Essential_integers, swear jar.",neither,0.03945320844208391,0.33037608806864915,0.630170703489267
Haha I've been hovy abd mtashed with bad people any people can win in trials,neither,0.03839158418171332,0.3871410523016993,0.5744673635165874
"@Minnelli26, of hair color!?",neither,0.041045673885221914,0.3298283661792916,0.6291259599354866
!whycontroller,neither,0.03945320844208391,0.33037608806864915,0.630170703489267
"So, any speculation as for the MLG tournament´s rules?",neither,0.033906445895534466,0.3489767311953595,0.6171168229091061
"Because it might be banned in anything MLG, so I might as well practice - just in case.",neither,0.0356914753950744,0.3825601824568956,0.58174834214803
@drlupo are you going to tweet or message in discord before announcement?,neither,0.0813632493391343,0.39980523767697834,0.5188315129838873
@ic3d_out_bart good player anniBAD,neither,0.03170515558964032,0.44998997529082846,0.5183048691195311
I don't believe there's a command for that in here @wormsandwichgaming,neither,0.07173405295747716,0.26855144395514724,0.6597145030873756
I need a Imago with firefly :(,neither,0.020757715978016053,0.3985441350775158,0.5806981489444681
!multi,neither,0.03945320844208391,0.33037608806864915,0.630170703489267
Multi-Stream Link: http://kadgar.net/live/drlupo/Ninja_with_no_l/Ramblinnn,neither,0.03993770193144703,0.2602568920393204,0.6998054060292326
"@TopguntheGreat, you too babe",neither,0.06349787706890382,0.40391705658999144,0.5325850663411048
natedog932 has just subscribed to the stream!,neither,0.04068416685379741,0.3246301012664504,0.6346857318797522
@Oozypunk i have a meating ritual for blart,neither,0.0328910987975125,0.30916766574475363,0.6579412354577339
!whycontroller,neither,0.03945320844208391,0.33037608806864915,0.630170703489267
lupoHYPE lupoHYPE lupoHYPE lupoHYPE lupoHYPE lupoHYPE lupoHYPE lupoHYPE,neither,0.03945320844208391,0.33037608806864915,0.630170703489267
have you thought of a titan one and use the tournament program which removes any possible mod use and you could use the Xbox controller on ps4? just a thought I have no idea on what's allowed. @drlupo,neither,0.018005337745445743,0.3811293480816915,0.6008653141728627
@Huskeezee ok,neither,0.03935517884257045,0.3320399062092607,0.6286049149481688
lupoHYPE lupoHYPE lupoHYPE lupoHYPE lupoHYPE lupoHYPE lupoHYPE lupoHYPE lupoHYPE lupoHYPE lupoHYPE lupoHYPE,neither,0.03945320844208391,0.33037608806864915,0.630170703489267
@mrsdrlupo yes! i wanna go that but my work doesnt allow it. i compensate with a bright red,neither,0.0254141367403737,0.42005983642828437,0.554526026831342
HI CUTE PEOPLE,neither,0.07963532872004364,0.29067642528490095,0.6296882459950555
What roll does Lupo have on on Fp?,neither,0.026247678316569087,0.469570418047902,0.504181903635529
Hi ginja!,neither,0.03945320844208391,0.33037608806864915,0.630170703489267
!primaryps,neither,0.03945320844208391,0.33037608806864915,0.630170703489267
"﻿ IC3D_OUT_BART: DrLupo-'s primary is Finnala's Peril [Kinetic Damage, SureShot IS, Outlaw, Rifled Barrel, Icarus].",neither,0.05183093226125687,0.32611882125925196,0.6220502464794913
"@Minnelli26, :) I stopped photographing weddings this year so now I feel like I can finally do it again without feeling out of place.",neither,0.0433023453214408,0.36031702476321914,0.5963806299153401
@ic3d_out_bart yooo,neither,0.03945320844208391,0.33037608806864915,0.630170703489267
how do I get in discord now that I am a sub?,neither,0.036656958737504394,0.37389524149673165,0.589447799765764
lupoHYPE lupoHYPE lupoHYPE lupoHYPE lupoHYPE lupoHYPE lupoHYPE lupoHYPE lupoHYPE lupoHYPE lupoHYPE lupoHYPE,neither,0.03945320844208391,0.33037608806864915,0.630170703489267
"@ginjaturtles, hey :D",neither,0.03945320844208391,0.33037608806864915,0.630170703489267
your cute bart,neither,0.07500433520453255,0.2897770043687172,0.6352186604267502
lupoLOVE,neither,0.03945320844208391,0.33037608806864915,0.630170703489267
"@Wimpykid0, !primaryps",neither,0.03945320844208391,0.33037608806864915,0.630170703489267
@ryway12 it syncs automatically,neither,0.037538547942619474,0.3310346276123258,0.6314268244450547
What's Steve how's it goin? @stevegives,neither,0.0431933475321003,0.3271235439081872,0.6296831085597125
getllt has just re-subscribed to the stream for 3 months in a row!,neither,0.047209768464342786,0.28926846116331856,0.6635217703723386
"@daltonbeedabbin, ily <3",neither,0.03945320844208391,0.33037608806864915,0.630170703489267
Just give it some time to realize you've subbed,neither,0.024315688784782064,0.3975089070109962,0.5781754042042216
Welp,neither,0.03945320844208391,0.33037608806864915,0.630170703489267
What's up*,neither,0.04549209283961305,0.43877665191533993,0.5157312552450469
Hi ginja,neither,0.03945320844208391,0.33037608806864915,0.630170703489267
No sub alert? PogChamp,neither,0.03866028044051991,0.34383414563237374,0.6175055739271064
Hey Bart lupoLOVE <3,neither,0.03945320844208391,0.33037608806864915,0.630170703489267
@ginjaturtles not much what's ginja,neither,0.03917451267693406,0.33412978997569415,0.6266956973473717
@stevegives I can't get on a computer tho only the app,neither,0.03357172493088663,0.33801074082578897,0.6284175342433245
lupoHYPE lupoHYPE lupoHYPE lupoHYPE lupoHYPE lupoHYPE lupoHYPE lupoHYPE lupoHYPE,neither,0.03945320844208391,0.33037608806864915,0.630170703489267
@mrsdrlupo i can't wait to see it!!,neither,0.0464532765968161,0.32019700203277984,0.6333497213704041
bottom of face cam @Iluminateth3sky,neither,0.03945320844208391,0.33037608806864915,0.630170703489267
God damnit lmao @stevegives,neither,0.03846516285145143,0.34714580033519604,0.6143890368133526
Hey guys lupoLOVE lupoLOVE,neither,0.03929207127355727,0.33311100635304525,0.6275969223733975
@Iluminateth3sky there's text under the cam. no obnoxious gif or sound though.,neither,0.0359580508713064,0.3529925087650425,0.611049440363651
Hi @natedog932,neither,0.03945320844208391,0.33037608806864915,0.630170703489267
"@ic3d_out_bart @huskeezee ahhh, I guess that's what I was used to, lol",neither,0.038453382957641356,0.40501740589992824,0.5565292111424303
!whycontroller,neither,0.03945320844208391,0.33037608806864915,0.630170703489267
"Because it might be banned in anything MLG, so I might as well practice - just in case.",neither,0.0356914753950744,0.3825601824568956,0.58174834214803
Hey everyone,neither,0.031959242684595296,0.4575682446653829,0.5104725126500218
lol,neither,0.020706217963973744,0.4882283491876925,0.4910654328483337
!whycontroller,neither,0.03945320844208391,0.33037608806864915,0.630170703489267
"@Iluminateth3sky, he does have a sub alert, its really sublte. its a heart beat.",neither,0.027333822910699978,0.4143023006162004,0.5583638764730996
How's are the hands?,neither,0.07320540260785141,0.2533998322718699,0.6733947651202786
Nana! @nanabatman1335,neither,0.03945320844208391,0.33037608806864915,0.630170703489267
batman! hoveyHi,neither,0.03945320844208391,0.33037608806864915,0.630170703489267
"@Eddiev1992, cold thank you.",neither,0.06153293834353552,0.4027656091573381,0.5357014524991263
@ginjaturtles been too long man,neither,0.03861209137867976,0.4122786706985324,0.5491092379227878
lupoHYPE,neither,0.03945320844208391,0.33037608806864915,0.630170703489267
lupoLOVE lupoLOVE,neither,0.03945320844208391,0.33037608806864915,0.630170703489267
"@rivalace90 how's it going, flooding too bad?",neither,0.03388936469304039,0.3597468314879488,0.6063638038190108
"I'm used to something popping up in the middle of the screen and some obnoxious sound, lolz",neither,0.03573226455935289,0.3239791751893035,0.6402885602513435
!mycontroller,neither,0.03945320844208391,0.33037608806864915,0.630170703489267
!donate,neither,0.03945320844208391,0.33037608806864915,0.630170703489267
"If you wish to tip/donate, there are several ways to do so. There is a button on the bottom of my twitch page. If you are having issues with the button you may use this link: https://www.twitchalerts.com/donate/drlupo Boy is a handful and every little bit helps. Twitch brand diapers anyone? (Donations are non-refundable.)",neither,0.04483866236064232,0.3728587137495983,0.5823026238897594
So I finally moved into my new apartment for college I'm super excited lupoHYPE,neither,0.03183939033656001,0.3336543682000639,0.6345062414633761
"@Iluminateth3sky, nope super cereal here.",neither,0.0757985219629018,0.3000097702856953,0.6241917077514029
!whycontroller,neither,0.03945320844208391,0.33037608806864915,0.630170703489267
"Because it might be banned in anything MLG, so I might as well practice - just in case.",neither,0.0356914753950744,0.3825601824568956,0.58174834214803
lupo should play a rumble game w/ his @MrsDrLupo like they did w/ ninja and ram that one time or what ever,neither,0.06789632324553768,0.35887465285330344,0.5732290239011588
!bt @Iluminateth3sky,neither,0.03945320844208391,0.33037608806864915,0.630170703489267
Oozypunk ( ＾◡＾)っ(‿|‿) @Iluminateth3sky,neither,0.03945320844208391,0.33037608806864915,0.630170703489267
"@Iluminateth3sky yep, donations and sub alerts just appear under the camera here",neither,0.057222773293536755,0.2920123186716136,0.6507649080348495
"@nanabatman1335 nah, it calmed down alot after I barricaded it. of course tripleFEELS",neither,0.03766289560501051,0.33099185874919257,0.631345245645797
is mlg allowing exotic armor,neither,0.04544907596246864,0.328313834284271,0.6262370897532603
deIlluminati,neither,0.03945320844208391,0.33037608806864915,0.630170703489267
@rivalace90 better to be prepared I guess right,neither,0.04432472446970167,0.350974522798889,0.6047007527314092
@iFatcho we don't know,neither,0.03919230288433076,0.33480433629296674,0.6260033608227025
"@iFatcho, unknown .",neither,0.03945320844208391,0.33037608806864915,0.630170703489267
@iFatcho maybe we dont know,neither,0.03927333291454578,0.3334290452086905,0.6272976218767637
ResidentSleeper,neither,0.03945320844208391,0.33037608806864915,0.630170703489267
@huskeezee good to know! :),neither,0.050755103552449984,0.32360691234095623,0.6256379841065938
Honestly I think it's better that way,neither,0.035081889895893614,0.36313622662490264,0.6017818834792037
Boring...,neither,0.03945320844208391,0.33037608806864915,0.630170703489267
yep yep yep,neither,0.03945320844208391,0.33037608806864915,0.630170703489267
they shouldnt it gets way too complicated and unbalanced,neither,0.037505047124887184,0.30184150899009143,0.6606534438850213
"@fu22yhairball, then find somewhere else bud?",neither,0.04295033675890415,0.25475539475674586,0.7022942684843502
@fu22yhairball cursedK,neither,0.03945320844208391,0.33037608806864915,0.630170703489267
rup,neither,0.03945320844208391,0.33037608806864915,0.630170703489267
ap0ll0saurus has just re-subscribed to the stream for 3 months in a row!,neither,0.047209768464342786,0.28926846116331856,0.6635217703723386
lupo ur boring,neither,0.07494989781394733,0.3181671488715865,0.6068829533144663
jk,neither,0.03945320844208391,0.33037608806864915,0.630170703489267
"@AP0LL0SAURUS, OSsloth",neither,0.03945320844208391,0.33037608806864915,0.630170703489267
gachiGASM,neither,0.03945320844208391,0.33037608806864915,0.630170703489267
opaque0007 has just re-subscribed to the stream for 3 months in a row!,neither,0.047209768464342786,0.28926846116331856,0.6635217703723386
lupoHYPE lupoHYPE lupoHYPE lupoHYPE lupoHYPE,neither,0.03945320844208391,0.33037608806864915,0.630170703489267
"@AP0LL0SAURUS, lupoHYPE lupoHYPE",neither,0.03945320844208391,0.33037608806864915,0.630170703489267
lupoHYPE lupoHYPE lupoHYPE lupoHYPE lupoHYPE lupoHYPE lupoHYPE lupoHYPE,neither,0.03945320844208391,0.33037608806864915,0.630170703489267
"@Opaque0007, lupoHYPE lupoHYPE lupoHYPE lupoHYPE lupoHYPE lupoHYPE lupoHYPE lupoHYPE lupoHYPE lupoHYPE lupoHYPE lupoHYPE lupoHYPE lupoHYPE lupoHYPE lupoHYPE lupoHYPE",neither,0.03945320844208391,0.33037608806864915,0.630170703489267
!whycontroller,neither,0.03945320844208391,0.33037608806864915,0.630170703489267
"Because it might be banned in anything MLG, so I might as well practice - just in case.",neither,0.0356914753950744,0.3825601824568956,0.58174834214803
I'm stoked for RoI though!,neither,0.033610614463682235,0.301198604238359,0.6651907812979587
lupoHYPE lupoHYPE lupoHYPE lupoHYPE lupoHYPE lupoHYPE lupoHYPE lupoHYPE lupoHYPE lupoHYPE lupoHYPE lupoHYPE lupoHYPE lupoHYPE lupoHYPE lupoHYPE lupoHYPE,neither,0.03945320844208391,0.33037608806864915,0.630170703489267
cursedHYPE cursedHYPE cursedHYPE lupoHYPE lupoHYPE lupoHYPE lupoHYPE,neither,0.03945320844208391,0.33037608806864915,0.630170703489267
@LittleBigMeta lupoLOVE,neither,0.03945320844208391,0.33037608806864915,0.630170703489267
!whycontroller,neither,0.03945320844208391,0.33037608806864915,0.630170703489267
He threw the nade then the smoke,neither,0.03956917773426054,0.3538920527825244,0.6065387694832151
!whycontrollee,neither,0.03945320844208391,0.33037608806864915,0.630170703489267
!whycontroller,neither,0.03945320844208391,0.33037608806864915,0.630170703489267
"Do you guys think the rules for the tournament will resemble or copy standard ""swear"" rules?",neither,0.04350064954750254,0.3060231395939971,0.6504762108585005
"We got what, three weeks left til Rise? PogChamp",neither,0.04201477443285082,0.3595587726214381,0.5984264529457111
!whycontroller,neither,0.03945320844208391,0.33037608806864915,0.630170703489267
"Because it might be banned in anything MLG, so I might as well practice - just in case.",neither,0.0356914753950744,0.3825601824568956,0.58174834214803
that command is dying,neither,0.04480976379898994,0.38212721319876636,0.5730630230022437
!why controller,neither,0.027741934891099416,0.34713009233660425,0.6251279727722965
"@AP0LL0SAURUS, <3",neither,0.03945320844208391,0.33037608806864915,0.630170703489267
sweats??,neither,0.03945320844208391,0.33037608806864915,0.630170703489267
@Iluminateth3sky shiiiit really? so amped,neither,0.03941610757179771,0.36576166354450057,0.5948222288837016
"@Emiroma, wish we knew.",neither,0.03927205279228408,0.3334507722243244,0.6272771749833915
How is the controller transition going?,neither,0.04452729098569012,0.3383954716569352,0.6170772373573747
!whymalemodels?,neither,0.03945320844208391,0.33037608806864915,0.630170703489267
Isn't jugg shield banned? i'm out of the loop #sendhlp,neither,0.03550267789771986,0.33046058104001075,0.6340367410622693
@emiroma probably. maybe even more strict rules. who knows,neither,0.0396303163366514,0.39564881765424564,0.5647208660091031
@huskeezee Yeeeee! it's gonna be great :),neither,0.03456555999905562,0.36006905046183324,0.6053653895391111
cursedK,neither,0.03945320844208391,0.33037608806864915,0.630170703489267
!whycontroller,neither,0.03945320844208391,0.33037608806864915,0.630170703489267
"Because it might be banned in anything MLG, so I might as well practice - just in case.",neither,0.0356914753950744,0.3825601824568956,0.58174834214803
lupoLOVE lupoLOVE lupoLOVE,neither,0.03945320844208391,0.33037608806864915,0.630170703489267
lupo I notice you are hitting more body shots,neither,0.07647500675726887,0.32070486569220896,0.6028201275505222
!whycontroller,neither,0.03945320844208391,0.33037608806864915,0.630170703489267
big!,neither,0.013558625667907201,0.4542814836427737,0.532159890689319
are you using a scuf?,neither,0.08011963693682071,0.39191326363931495,0.5279670994238642
"@MelodyGames, DODGE",neither,0.03945320844208391,0.33037608806864915,0.630170703489267
these are some real sweats holy moly,offensive_language,0.05250236465631279,0.48292792024308673,0.4645697151006006
"@Drlupo, <3",neither,0.03945320844208391,0.33037608806864915,0.630170703489267
Standard DS4 controller,neither,0.03945320844208391,0.33037608806864915,0.630170703489267
luh me,neither,0.0313868601768065,0.37441877101615234,0.5941943688070411
"@TedMilky, nope standard controller",neither,0.03945320844208391,0.33037608806864915,0.630170703489267
"Maybe a little over three weeks, but counting down!",neither,0.035128336227716175,0.3414740777299437,0.6233975860423402
"@MelodyGames, lupoLOVE",neither,0.03945320844208391,0.33037608806864915,0.630170703489267
@TedMilky regular PS4 controller,neither,0.03945320844208391,0.33037608806864915,0.630170703489267
What poppin,neither,0.0469956902122417,0.32503190635451207,0.6279724034332463
this is super fun to watch,neither,0.0622004051215543,0.32247174304833764,0.615327851830108
"So, does he normally use a Xim?",offensive_language,0.012548662325195366,0.5259841313885956,0.461467206286209
"@TheTrueVanguard, one more on sticks then switching back to MnK",neither,0.04353510821619823,0.358122399627001,0.5983424921568009
CLICKITY CLACKS!!,neither,0.03945320844208391,0.33037608806864915,0.630170703489267
heard deej say dr lupos satanic koala,neither,0.03945320844208391,0.33037608806864915,0.630170703489267
Dude - you're doing WAY better than I (or pretty much anyone else I know) could do when switching from MnK to Controller for the first time in months; props,neither,0.042635387436346206,0.34027365620563704,0.6170909563580166
"@Morep1ay, yep!",neither,0.03945320844208391,0.33037608806864915,0.630170703489267
Why they would ban MnK in MLG? This is bad,neither,0.032182382699801386,0.3394428787259931,0.6283747385742056
"@DrLupo, you should just cop a Scuf or something",neither,0.05942935106812549,0.4192041870806209,0.5213664618512536
@DrLupo so...Scuf? Would you use one?,offensive_language,0.021309468137673905,0.5139915016639047,0.46469903019842146
can you keyboard and mouse in sweaty tourneys?,neither,0.048303161052257536,0.3277520383134557,0.6239448006342868
@DrLupo i only have time for one more man :(,neither,0.03278398899588686,0.4052508696542821,0.561965141349831
MrDestructoid,neither,0.03945320844208391,0.33037608806864915,0.630170703489267
BEEP BOOP YOU COME FOR AIMBOT?,neither,0.045770797567264564,0.36682108836593663,0.5874081140667987
lupoCAW lupoCAW lupoCAW lupoCAW lupoCAW,neither,0.03945320844208391,0.33037608806864915,0.630170703489267
"@DrLupo, is using my dual 970 system to just watch you stream a good use case for my hardware. because you are OP",offensive_language,0.03351353912766327,0.5031867366040856,0.4632997242682511
"@Marcossaccardo, there's no official word from MLG rules yet. This is just in case.",neither,0.041282740527482945,0.31436856261881574,0.6443486968537014
This sucks. I don't know who to root for. @thetruevanguard and @drlupo are my two favorite streamers. truevFail,neither,0.04563380926241728,0.3405938623737997,0.613772328363783
cool that makes 2 of us @mrsdrlupo im stuck at work just now,neither,0.055425079552112726,0.40773988426893437,0.5368350361789528
Hey @drlupo and @mrsdrlupo,neither,0.03823530628758278,0.2638960051144801,0.6978686885979372
1200 viewers? is that right?,neither,0.04157950588645346,0.3736986441299201,0.5847218499836264
