text,top_class,hate_speech,offensive_language,neither
"@ScreamingJello, your name is the thing of my nightmares. But I like it",neither,0.07011786936927833,0.4118045517826036,0.518077578848118
"@JOHNNYxUTAHx, kind of afraid to answer",neither,0.045527155268078226,0.32681669435688376,0.6276561503750381
@themattyj8 I was farming for a mapador,neither,0.027837846052489873,0.2780315403104944,0.6941306136370157
"@Goku_707, lupoYE",neither,0.03945320844208391,0.33037608806864915,0.630170703489267
@drlupo I am trying to do bounties,neither,0.0501391961047626,0.32463139843336813,0.6252294054618693
@MelodyGames BUNNY FARTS,neither,0.03945320844208391,0.33037608806864915,0.630170703489267
lmfao,neither,0.05470637918084239,0.32512982320825545,0.6201637976109021
same and i was def no landing if i was playing non IB,neither,0.026788998542219694,0.35684754450675094,0.6163634569510295
triplePLS,neither,0.03945320844208391,0.33037608806864915,0.630170703489267
Your slippery that's all I want to say,neither,0.07813607722934289,0.4239161873767783,0.49794773539387877
anyone for some casual flawless tries on ps4?,neither,0.029988188491455924,0.3280694804740922,0.6419423310344519
lupoLOVE lupoNINJA @Batman51064,neither,0.03945320844208391,0.33037608806864915,0.630170703489267
"@Batman51064, it's all the KY",neither,0.03864321220216946,0.38717004981887104,0.5741867379789595
"@themattyj8 lol, yeah, I've been getting them to drop, but all shitty ass rolls.",offensive_language,0.046462022860802484,0.9459284710535073,0.0076095060856901445
Yo @goku_707 are you going to end Goku Blacks life eventually lupoRAGE,neither,0.06833234650805622,0.4242264698767947,0.507441183615149
@batman51064 *you're,neither,0.21121477974974437,0.3579950148936462,0.4307902053566094
I think it is safe to say we all love @MelodyGames because she is so adorable,neither,0.05570045060076276,0.4691897365894025,0.4751098128098347
^,neither,0.03945320844208391,0.33037608806864915,0.630170703489267
"@Rockywrecks, you around?",neither,0.0820101372680328,0.439831874698119,0.4781579880338481
im stuck using full auto rangefinder smallbore smooth balls @BrassMonkeeeeey ...........feels just like my PC but with no underdog chance lupoCRY,offensive_language,0.03683944438123463,0.5241613020202575,0.43899925359850794
"@zant119 I see you, man. stay positive and take your days one at a time. also, I like your butt.",neither,0.1109217132927316,0.44203933575300247,0.4470389509542659
Rocky AND Lupo? PogChamp,neither,0.03852460340978638,0.282397176840787,0.6790782197494266
GivePLZ GivePLZ,neither,0.03945320844208391,0.33037608806864915,0.630170703489267
i have dropped 7 ill wills though,neither,0.03893904815968623,0.339102729912348,0.6219582219279658
What playlists does the matador drop in?,neither,0.03634455183665393,0.4427278625167445,0.5209275856466016
Kappa Kappa Kappa,neither,0.03945320844208391,0.33037608806864915,0.630170703489267
"More like Rocky, are you sober enough to play? Lol",neither,0.08463919065029459,0.37067759258655,0.5446832167631555
"@Jaegerja, any non classic",neither,0.03945320844208391,0.33037608806864915,0.630170703489267
"@DrRevus, Dude I dont know. Guys kind of a bad ass. Trunks might have something up his sleeve with that new power, but Vegeta and I might have to fuse to get it done",offensive_language,0.08394179552774238,0.6820468697297819,0.23401133474247576
"@Jaegerja, Any of the current ones.",neither,0.038624499026157944,0.31524611212891046,0.6461293888449317
@crazyblades345 dawwww lupoLOVE lupoLOVE,neither,0.03945320844208391,0.33037608806864915,0.630170703489267
Nice. Thanks,neither,0.03675346094209043,0.30776875008420385,0.6554777889737058
gl!,neither,0.03945320844208391,0.33037608806864915,0.630170703489267
Aside from IB,neither,0.040769555981420263,0.3080342349327864,0.6511962090857933
lupoLOVE,neither,0.03945320844208391,0.33037608806864915,0.630170703489267
Hey lupo,neither,0.03945320844208391,0.33037608806864915,0.630170703489267
"Yes, I play on mouse and keyboard. For information, try !mnk or !whymnk. Thanks!",neither,0.03348933748276678,0.2927381170528408,0.6737725454643925
@goku_707 lupoYE,neither,0.03945320844208391,0.33037608806864915,0.630170703489267
lupoLOVE,neither,0.03945320844208391,0.33037608806864915,0.630170703489267
What's ky,neither,0.04568673754512718,0.3259267583143808,0.628386504140492
"@Jaegerja, any year 3 playlist",neither,0.03945320844208391,0.33037608806864915,0.630170703489267
Thanks for the answers guys,neither,0.032303172640015546,0.2828404407181401,0.6848563866418443
rockyPLS,neither,0.03945320844208391,0.33037608806864915,0.630170703489267
triplePLS,neither,0.03945320844208391,0.33037608806864915,0.630170703489267
triplePLS,neither,0.03945320844208391,0.33037608806864915,0.630170703489267
@batman51064 ?,neither,0.03945320844208391,0.33037608806864915,0.630170703489267
gypsyPLS,neither,0.03945320844208391,0.33037608806864915,0.630170703489267
rockyDODGE Kappa,neither,0.03945320844208391,0.33037608806864915,0.630170703489267
what a treat,neither,0.04782206269929824,0.32447320179707234,0.6277047355036294
"@DrRevus, its really good right now though!",neither,0.03236576821237777,0.35036317576134934,0.617271056026273
@drlupo your emblem might need changed for the ninja stuff you are doing,neither,0.08898601624660774,0.2865041469194953,0.6245098368338969
rocky has 2 games,neither,0.03983731281859991,0.3238568343666299,0.6363058528147703
"@Jaegerja, lupoLOVE",neither,0.03945320844208391,0.33037608806864915,0.630170703489267
He's in a run @DrLupo,neither,0.047761039519055914,0.3275186440006787,0.6247203164802653
damnit,neither,0.03945320844208391,0.33037608806864915,0.630170703489267
He said its all the KY,neither,0.03889881889014222,0.376810295073071,0.5842908860367867
Damn it i swear every time i see you on xbox im at work @DrLupo would love to play you sometime it would be fun,offensive_language,0.055686202601370145,0.658725099444175,0.2855886979544548
@batman51064 it's naughty jelly for his and her pleasure.,neither,0.04081376506853393,0.41980534620062376,0.5393808887308423
F,neither,0.03945320844208391,0.33037608806864915,0.630170703489267
Grabbing rocky wrecks? Hahaha,neither,0.03945320844208391,0.33037608806864915,0.630170703489267
2 more games,neither,0.042168049816092505,0.3163232430106735,0.641508707173234
i was about to make a 3-1 that rocky was passed out drunk,neither,0.03692352377936874,0.38503554012402774,0.5780409360966036
@DrLupo JAKES BUTT JAKES BUTT,neither,0.044578241852989677,0.3732924580262844,0.582129300120726
is reset in 1 or 2 hours?,neither,0.04985069961221421,0.32679991407201897,0.6233493863157669
Played revenant shader (#177). Still sore,neither,0.038600913630675096,0.3448417553304679,0.616557331038857
2 hours @Zhiroh,neither,0.03945320844208391,0.33037608806864915,0.630170703489267
Hey I love you,neither,0.06148771059289097,0.4314239304439083,0.5070883589632007
"@goku_707 it is isn't it, love the bad guys probably the best enemies since Cell",neither,0.03652167834571022,0.3279180606948258,0.635560260959464
@zhiroh 2 hours,neither,0.03945320844208391,0.33037608806864915,0.630170703489267
#DorseusRaid BloodTrail #DorseusRaid BloodTrail #DorseusRaid BloodTrail,neither,0.03945320844208391,0.33037608806864915,0.630170703489267
"@DrRevus, dude i agree!",neither,0.03945320844208391,0.33037608806864915,0.630170703489267
#DorseusRaid BloodTrail #DorseusRaid BloodTrail #DorseusRaid BloodTrail#DorseusRaid BloodTrail #DorseusRaid BloodTrail,neither,0.03945320844208391,0.33037608806864915,0.630170703489267
@batman51064 KY is a jelly like substance that you out on your dick to live up the women's orifice to have sex.,offensive_language,0.08806589113551211,0.8284132771356727,0.08352083172881525
#DorseusRaid BloodTrail#DorseusRaid BloodTrail#DorseusRaid BloodTrail,neither,0.03945320844208391,0.33037608806864915,0.630170703489267
#DorseusRaid BloodTrail,neither,0.03945320844208391,0.33037608806864915,0.630170703489267
#DorseusRaid BloodTrail,neither,0.03945320844208391,0.33037608806864915,0.630170703489267
#DorseusRaid BloodTrail #DorseusRaid BloodTrail #DorseusRaid BloodTrail,neither,0.03945320844208391,0.33037608806864915,0.630170703489267
Welcome raiders!,neither,0.03945320844208391,0.33037608806864915,0.630170703489267
NOICE,neither,0.03945320844208391,0.33037608806864915,0.630170703489267
#DorseusRaid BloodTrail #DorseusRaid BloodTrail #DorseusRaid BloodTrail #DorseusRaid BloodTrail,neither,0.03945320844208391,0.33037608806864915,0.630170703489267
@nightwing0529 lol,neither,0.020706217963973744,0.4882283491876925,0.4910654328483337
Lube*,neither,0.03945320844208391,0.33037608806864915,0.630170703489267
AYYYYYYYYYYYY,neither,0.03945320844208391,0.33037608806864915,0.630170703489267
ninjasLOVE ninjasLOVE ninjasLOVE ninjasLOVE ninjasLOVE,neither,0.03945320844208391,0.33037608806864915,0.630170703489267
Welcome raiders lupoLOVE,neither,0.03945320844208391,0.33037608806864915,0.630170703489267
#DorseusRaid BloodTrail #DorseusRaid BloodTrail #DorseusRaid BloodTrail #DorseusRaid BloodTrail #DorseusRaid BloodTrail,neither,0.03945320844208391,0.33037608806864915,0.630170703489267
"@Nightwing0529 well, you're not wrong.",neither,0.08984498065068401,0.3549047718590505,0.5552502474902655
BloodTrail,neither,0.03945320844208391,0.33037608806864915,0.630170703489267
#DorseusRaid BloodTrail #DorseusRaid BloodTrail #DorseusRaid BloodTrail #DorseusRaid BloodTrail #DorseusRaid BloodTrail,neither,0.03945320844208391,0.33037608806864915,0.630170703489267
welcome raiders lupoLOVE lupoHYPE,neither,0.03945320844208391,0.33037608806864915,0.630170703489267
lupoLOVE @Dorseus,neither,0.03945320844208391,0.33037608806864915,0.630170703489267
lupoHYPE lupoHYPE lupoHYPE lupoHYPE lupoHYPE,neither,0.03945320844208391,0.33037608806864915,0.630170703489267
#DorseusRaid BloodTrail #DorseusRaid BloodTrail #DorseusRaid BloodTrail #DorseusRaid BloodTrail,neither,0.03945320844208391,0.33037608806864915,0.630170703489267
lupoLOVE lupoLOVE lupoLOVE lupoLOVE lupoLOVE,neither,0.03945320844208391,0.33037608806864915,0.630170703489267
#DorseusRaid BloodTrail#DorseusRaid BloodTrail#DorseusRaid BloodTrail#DorseusRaid BloodTrail,neither,0.03945320844208391,0.33037608806864915,0.630170703489267
#DorseusRaid BloodTrail #DorseusRaid BloodTrail #DorseusRaid BloodTrail #DorseusRaid BloodTrail,neither,0.03945320844208391,0.33037608806864915,0.630170703489267
Raiders!!!,neither,0.03945320844208391,0.33037608806864915,0.630170703489267
I hate batman51064,hate_speech,0.8506971177962884,0.04335368827137609,0.1059491939323355
Love how they've intertwined so many different angles to this fight @DrRevus,neither,0.02546776642004395,0.3520887053637303,0.6224435282162257
@huskeezee lupoYE,neither,0.03945320844208391,0.33037608806864915,0.630170703489267
#DorseusRaid BloodTrail #DorseusRaid BloodTrail,neither,0.03945320844208391,0.33037608806864915,0.630170703489267
#DorseusRaid BloodTrail #DorseusRaid BloodTrail #DorseusRaid BloodTrail #DorseusRaid BloodTrail #DorseusRaid BloodTrail #DorseusRaid BloodTrail,neither,0.03945320844208391,0.33037608806864915,0.630170703489267
Multi-Stream Link: http://kadgar.net/live/DrLupo/,neither,0.03993770193144703,0.2602568920393204,0.6998054060292326
YOOO @Dorseus lupoHEY,neither,0.03945320844208391,0.33037608806864915,0.630170703489267
lupoHYPE lupoHYPE lupoHYPE lupoHYPE lupoHYPE lupoHYPE lupoHYPE lupoHYPE lupoHYPE,neither,0.03945320844208391,0.33037608806864915,0.630170703489267
#DorseusRaid BloodTrail #DorseusRaid BloodTrail #DorseusRaid BloodTrail #DorseusRaid BloodTrail #DorseusRaid BloodTrail,neither,0.03945320844208391,0.33037608806864915,0.630170703489267
lupoHEY lupoHEY lupoHEY lupoHEY,neither,0.03945320844208391,0.33037608806864915,0.630170703489267
#DorseusRaid BloodTrail #DorseusRaid BloodTrail #DorseusRaid BloodTrail #DorseusRaid BloodTrail #DorseusRaid BloodTrail,neither,0.03945320844208391,0.33037608806864915,0.630170703489267
Gn,neither,0.03945320844208391,0.33037608806864915,0.630170703489267
#DorseusRaid BloodTrail #DorseusRaid BloodTrail #DorseusRaid BloodTrail,neither,0.03945320844208391,0.33037608806864915,0.630170703489267
"Gotta run, night fam",neither,0.030885597300548073,0.3584784893562606,0.6106359133431912
#DorseusRaid BloodTrail #DorseusRaid BloodTrail #DorseusRaid BloodTrail #DorseusRaid BloodTrail #DorseusRaid BloodTrail,neither,0.03945320844208391,0.33037608806864915,0.630170703489267
BloodTrail BloodTrail BloodTrail BloodTrail BloodTrail BloodTrail BloodTrail BloodTrail BloodTrail BloodTrail BloodTrail BloodTrail BloodTrail BloodTrail BloodTrail BloodTrail BloodTrail,neither,0.03945320844208391,0.33037608806864915,0.630170703489267
@batman51064 have a good one,neither,0.036296170094113914,0.3944389395922016,0.5692648903136843
@dorseus fuck u BloodTrail BloodTrail BloodTrail BloodTrail BloodTrail,offensive_language,0.34803241646388117,0.6519675835059184,3.0200377847433446e-11
Jk,neither,0.03945320844208391,0.33037608806864915,0.630170703489267
LOL this should be good,neither,0.0438406774548799,0.4750328174325863,0.48112650511253374
Omg... I fucking love secret runs!,offensive_language,0.09716555445648997,0.8965924646225972,0.006241980920912687
this is gonna be sweet,neither,0.04820306061947824,0.3884710372806301,0.5633259020998916
good luck guys I'm gonna go get some breakfast,neither,0.03261931777227347,0.38763850372521347,0.5797421785025131
lupoLIT,neither,0.03945320844208391,0.33037608806864915,0.630170703489267
"Follow me @ twitter.com/DrLupoOnTwitch for stream notifications, updates, and banter about Destiny.",neither,0.03064500239345661,0.38605513054092555,0.583299867065618
Sharing the love @drlupo,neither,0.034920180061522726,0.3267244586590507,0.6383553612794267
DAY THREE of scrolling LUL,neither,0.03981895107984885,0.31959439162275743,0.6405866572973937
good thing friend lists dont have a search function,neither,0.038727458602378334,0.33610957204281783,0.6251629693548039
@smitty9190 french toast and bacon? gotta have me some french toast and bacon in the am,neither,0.03218140309322168,0.3285114709457592,0.6393071259610191
48 days later... we found rocky,neither,0.03934792224205227,0.33216306965827247,0.6284890080996752
lupoWAT,neither,0.03945320844208391,0.33037608806864915,0.630170703489267
"because that would be lame if you could like, type in your friends name and get right to his/her profile",neither,0.11033942750689224,0.4305618151065789,0.45909875738652894
I forgot to follow ok this time bye,neither,0.043734593570444465,0.3448494216264405,0.611415984803115
Do this run with nothing but 360 Voops = Fun lupoYE,neither,0.028823163717899246,0.39488284950544117,0.5762939867766594
ill see what i can do @crazyblades345,neither,0.047887087039503416,0.3200727895924647,0.6320401233680318
!trails,neither,0.03945320844208391,0.33037608806864915,0.630170703489267
You attempt to ford the river. You lose 3 oxen.,neither,0.07013632946477516,0.3799168257055472,0.5499468448296777
RIP oxen.,neither,0.03945320844208391,0.33037608806864915,0.630170703489267
@crazyblades345 ahhh yerrrr,neither,0.03945320844208391,0.33037608806864915,0.630170703489267
lupoVOOP lupoVOOP lupoVOOP lupoVOOP lupoVOOP,neither,0.03945320844208391,0.33037608806864915,0.630170703489267
F for oxen,neither,0.023896577328981292,0.2538532852897668,0.7222501373812519
I better not have broke another fucking yoke,offensive_language,0.22025985002543172,0.7782709519387442,0.0014691980358241584
@smitty9190 <3,neither,0.03945320844208391,0.33037608806864915,0.630170703489267
"@THEmattyj8, you little shit beat me by like 7 points",offensive_language,0.059571973521314395,0.9387364222446166,0.0016916042340689677
Omw to Oregon,neither,0.04538753705847632,0.32689628220830425,0.6277161807332194
lol,neither,0.020706217963973744,0.4882283491876925,0.4910654328483337
@batman51064 no one cares. Peace. lupoLOVE lupoLOVE lupoLOVE,neither,0.037776355140388566,0.37543619439248227,0.5867874504671293
tripleBT,neither,0.03945320844208391,0.33037608806864915,0.630170703489267
F,neither,0.03945320844208391,0.33037608806864915,0.630170703489267
This guy bout to voop,neither,0.041371912237801685,0.4370008113120759,0.5216272764501224
I only run shocklock gjakeH,neither,0.03945320844208391,0.33037608806864915,0.630170703489267
"@MelodyGames, whats worse is going into today i knew you had a chance bc olsen is ridic",neither,0.06171068571947813,0.27845125130286724,0.6598380629776547
"@StrangerDangor, Can we ban you? Kappa",neither,0.0533478499028881,0.3677606591567371,0.5788914909403746
was sweating that 2nd half,neither,0.03615968144275238,0.36671361356470256,0.5971267049925452
Warlock and their backward melees...,neither,0.03864665792766647,0.2894727604332309,0.6718805816391026
stranger GivePLZ,neither,0.03945320844208391,0.33037608806864915,0.630170703489267
I am dying at !trails,neither,0.03829274554801782,0.3588812739553152,0.602825980496667
i miss when shocklock meant shockmaster :'c,neither,0.023623091082155163,0.3851834284323112,0.5911934804855337
IB PVP is more of a circle jerk tbh.,neither,0.04722387484389419,0.3208077324519651,0.6319683927041407
"@THEmattyj8, lmfao dude, i had no chance. i had someone on a bye and another got me 0 pts",neither,0.05714085134697912,0.32804519511800356,0.6148139535350174
@ScreamingJello OSsloth /,neither,0.03945320844208391,0.33037608806864915,0.630170703489267
GivePLZ,neither,0.03945320844208391,0.33037608806864915,0.630170703489267
"Yes, I play on mouse and keyboard. For information, try !mnk or !whymnk. Thanks!",neither,0.03348933748276678,0.2927381170528408,0.6737725454643925
I don't like this,neither,0.0649983798704398,0.36760517776500407,0.5673964423645561
"@MelodyGames, orleans dawrka says you do",neither,0.05995594042920525,0.3810285707183845,0.5590154888524103
hey Lupo. how are you?,neither,0.12685502096733792,0.3238618840777952,0.5492830949548669
Nick poshH,neither,0.03945320844208391,0.33037608806864915,0.630170703489267
Olsen won me my fantasy game today Kappa,neither,0.027806005294414824,0.36440119474701643,0.6077927999585687
@therealfoxp3 agreed,neither,0.03945320844208391,0.33037608806864915,0.630170703489267
and my 3 points from desean,neither,0.027072004800428276,0.36026008604454507,0.6126679091550266
"@THEmattyj8, @t lupoYE lupoLOVE",neither,0.03945320844208391,0.33037608806864915,0.630170703489267
never starting him again,neither,0.03377847358214365,0.4012154260004522,0.5650061004174041
thickGASM tripleGOOD thickGASM tripleGOOD thickGASM tripleGOOD thickGASM tripleGOOD thickGASM,neither,0.03945320844208391,0.33037608806864915,0.630170703489267
lupoLOVE lupoLOVE lupoLOVE @Dorseus,neither,0.03945320844208391,0.33037608806864915,0.630170703489267
I got the pulse,neither,0.03402718892459593,0.40176165367217503,0.5642111574032289
nice nyr,neither,0.03945320844208391,0.33037608806864915,0.630170703489267
LAYING IT ON THICK! nice,neither,0.03579111629577409,0.3426800594490701,0.6215288242551558
"@THEmattyj8, ehh matt ryan got me 13 pts",neither,0.034411046286729134,0.3797649420234064,0.5858240116898644
"Mods, is the multi set? lupoPLS",neither,0.046620474808590495,0.3118130302268373,0.6415664949645722
Lol this guys so chill,neither,0.031049080365923434,0.4441239878080494,0.5248269318260271
I have three dogs on me at the moment and I can't move. Dang bed hogs.,neither,0.031663395349209825,0.34553745757344817,0.622799147077342
LoL,neither,0.020706217963973744,0.4882283491876925,0.4910654328483337
!multi rockywrecks,neither,0.03945320844208391,0.33037608806864915,0.630170703489267
Multi-Stream Link: http://kadgar.net/live/DrLupo/,neither,0.03993770193144703,0.2602568920393204,0.6998054060292326
Jello we get it youre t1 mod,neither,0.04596079180526735,0.33773214129285684,0.6163070669018758
"This is so dumb, ur tryin to play this guy for a fool",neither,0.061099612415388256,0.33465769158985326,0.6042426959947585
ehhh,neither,0.03945320844208391,0.33037608806864915,0.630170703489267
warlocks lupoLOVE lupoLOVE lupoLOVE,neither,0.03945320844208391,0.33037608806864915,0.630170703489267
@MelodyGames 'broadway joe' has been so terrible for me as a filler,neither,0.028581453948471218,0.39164353481822756,0.5797750112333012
!setmulti',neither,0.03945320844208391,0.33037608806864915,0.630170703489267
I like the drunk guy,neither,0.05103155347274671,0.3376609739110356,0.6113074726162178
"@iiLLESTTT, that's half the fun, my friend.",neither,0.025452954310762783,0.43084229936702345,0.5437047463222139
:),neither,0.03945320844208391,0.33037608806864915,0.630170703489267
"@MelodyGames, setmulti iirc.",neither,0.03945320844208391,0.33037608806864915,0.630170703489267
"Seriously, enjoy it.",neither,0.03788170671416305,0.3309165995750397,0.6312016937107973
drafted russel wilson with the intention on not starting him until game 5,neither,0.03109712154061788,0.3299924190886196,0.6389104593707626
Hope he goes off,neither,0.0956573888955253,0.20053621392422474,0.70380639718025
!setmulti RockyWrecks,neither,0.03945320844208391,0.33037608806864915,0.630170703489267
"DrLupo -> The command ""!multi"" has been edited successfully.",neither,0.038911921397275694,0.31874189408574216,0.6423461845169822
fanx,neither,0.03945320844208391,0.33037608806864915,0.630170703489267
LUL,neither,0.03945320844208391,0.33037608806864915,0.630170703489267
LUL,neither,0.03945320844208391,0.33037608806864915,0.630170703489267
!multi,neither,0.03945320844208391,0.33037608806864915,0.630170703489267
Multi-Stream Link: http://kadgar.net/live/drlupo/RockyWrecks,neither,0.03993770193144703,0.2602568920393204,0.6998054060292326
@iillesttt LUL thanks for the negativity man!,neither,0.03321271259868466,0.3269647790840404,0.6398225083172749
I HOPE HE GOES OFF! Lol,neither,0.07557539326796513,0.2622143547150009,0.662210252017034
Oh hai,neither,0.051363287716059566,0.22255663153133606,0.7260800807526044
damn it's late,offensive_language,0.042632636717711316,0.8721409118230707,0.08522645145921796
but this is gunna be beautiful,neither,0.0440267046366147,0.3423575513048579,0.6136157440585275
I'm staying up,neither,0.0360976390209736,0.39953272178554616,0.5643696391934803
rip tomorrow me,neither,0.03167926315555287,0.372703688407052,0.595617048437395
9000 drunk confirm...,neither,0.03945320844208391,0.33037608806864915,0.630170703489267
@daltonbeedabbin OMGScoots,neither,0.03945320844208391,0.33037608806864915,0.630170703489267
im trying to convince myself to play another hour of IB to grind for an artifact,neither,0.07358628781695212,0.281642966514486,0.6447707456685619
@drlupo how long you have been playing this game,neither,0.05164614675410994,0.34159940074711775,0.6067544524987724
@Sir_Racha828 what even is sleep?,neither,0.05727071545443295,0.34069698616240257,0.6020322983831644
I loved rocky before this. Hah. Up a new level.,neither,0.0376940546578387,0.34720489213832423,0.615101053203837
LMAO,neither,0.03705015143476208,0.3711622369619404,0.5917876116032975
i like this guyy,neither,0.0747439052770635,0.37880417699109886,0.5464519177318375
@themattyj8 not worth tbh,neither,0.038033785520527406,0.33571399001500235,0.6262522244644704
"I just don't think they should say they suck,mthats my only beef",neither,0.049932975214045966,0.44067999645145806,0.509387028334496
agreed 100%,neither,0.03945320844208391,0.33037608806864915,0.630170703489267
!multi,neither,0.03945320844208391,0.33037608806864915,0.630170703489267
Multi-Stream Link: http://kadgar.net/live/drlupo/RockyWrecks,neither,0.03993770193144703,0.2602568920393204,0.6998054060292326
!title,neither,0.03945320844208391,0.33037608806864915,0.630170703489267
PkmnLover9000 -> Current Stream Title: [X1/PS] TRIALS AND 🐍 TIL RESET,neither,0.03887770349387224,0.30205996607537233,0.6590623304307553
solo queueing into full games of no teams in IB = groups of 6 baiting the same corner,neither,0.0478797882415719,0.3298126365903124,0.6223075751681156
mm beef sounds fire rn tnh,neither,0.03945320844208391,0.33037608806864915,0.630170703489267
Ask rocky about our card @drlupo lol,neither,0.032596920857351136,0.39098740002208004,0.5764156791205688
tnh,neither,0.03945320844208391,0.33037608806864915,0.630170703489267
"""usually cant"" OSsloth",neither,0.03945320844208391,0.33037608806864915,0.630170703489267
anyone on Xbox wanna help me out with a last min run?,neither,0.02554313311410047,0.39362316815583415,0.5808336987300654
YOURE VOICE IS PLEASANT TO MY EARS,neither,0.04755543802683848,0.38250038824024885,0.5699441737329126
why do my keyboard/mouse batteries always die at like 4am,neither,0.10031383613322553,0.32247888741041547,0.5772072764563589
"@drlupo price of something something, playing on tilt is no way to play.",neither,0.045758562902866666,0.34270399596815926,0.6115374411289741
YOU SHOOT SNIPER RIFLES WELL,neither,0.0792894081899804,0.3102319438914529,0.6104786479185668
come on,neither,0.031465329865955356,0.4061586881471455,0.562375981986899
YOURE SLIPPERY LIKE KY,neither,0.05723745355687495,0.3395414609802617,0.6032210854628633
