text,top_class,hate_speech,offensive_language,neither
Seems right Lupo,neither,0.03823949309672596,0.3540459682681389,0.6077145386351352
I LOVE LAMP,neither,0.03633489270100109,0.3449275588628445,0.6187375484361545
lmao broman,neither,0.03705015143476208,0.3711622369619404,0.5917876116032975
thickLAMP Kappa,neither,0.03945320844208391,0.33037608806864915,0.630170703489267
Ikea unfolding chandelier(sp?),neither,0.03945320844208391,0.33037608806864915,0.630170703489267
It's a f*cking Death Star lamp.,neither,0.03829222314314047,0.3307754041506362,0.6309323727062234
EleGiggle,neither,0.03945320844208391,0.33037608806864915,0.630170703489267
twitch just tweeted that loyalty badges are gonna go live in a few hours btw,neither,0.04831795691792493,0.36252076213716294,0.589161280944912
oh hi @Huskeezee fancy seeing your here :P,neither,0.12325929183860514,0.2513368883129488,0.6254038198484461
popped over... it's seriously a sweet lamp,neither,0.03641158649787628,0.3319758276297074,0.6316125858724163
It's that expanding IKEA lamp I think ;),neither,0.03579499508871193,0.35640024330742814,0.60780476160386
"@C_Franco318, imo it's 5 levels for each different experience",neither,0.034654959774009585,0.3109035214919605,0.6544415187340299
Howdy @Sadimere :D,neither,0.03945320844208391,0.33037608806864915,0.630170703489267
"Oh my goodness, ProBro hasn't lived",neither,0.03437177830024822,0.3572303926516846,0.6083978290480672
Don't go to Ikea........... for the love of everything holy.......,neither,0.037677615209788684,0.30751727898899206,0.6548051058012192
ScaredyCat,neither,0.03945320844208391,0.33037608806864915,0.630170703489267
Don't the meatballs have horse meat in them?,neither,0.05000287828969092,0.3173793021664845,0.6326178195438246
uhh...the meatballs are made of horse...,neither,0.05937412778725202,0.2799390398099283,0.6606868324028197
"@RSS, what do you do, if you don't mind us asking",neither,0.09053489250606592,0.4381908203215886,0.47127428717234554
the best thing about IKEA is trying to pronounce the names,neither,0.04578969518307465,0.31945633177573146,0.6347539730411939
"I mean, if you like keeping your money, don't go to Ikea. Otherwise, get on it. lol",neither,0.0548027109511299,0.4456638583203938,0.4995334307284764
"Follow me @ twitter.com/DrLupoOnTwitch for stream notifications, updates, and banter about Destiny.",neither,0.03064500239345661,0.38605513054092555,0.583299867065618
As long as it's not a samsung lamp. TableHere,neither,0.035083604028291096,0.3762247898698374,0.5886916061018715
Have you seen the Australian guy making puns about IKEA to his girlfriend?,neither,0.06514052498438799,0.4034760435374192,0.5313834314781928
kelly is from San Bernadino California,neither,0.06444069397524164,0.30814597995511805,0.6274133260696403
I'm in customer support,neither,0.07341384303158494,0.31869546854795844,0.6078906884204566
@therealFoxP3 really?,neither,0.03945320844208391,0.33037608806864915,0.630170703489267
Can't go wrong with them meatballs. And hearing Kelly say meatballs with that accent lol,neither,0.027691161091380628,0.3986447937230881,0.5736640451855312
Do you want a divorce? Head on to IKEA.,neither,0.054555138748581575,0.3887391265538343,0.5567057346975841
she sounds like the tall blonde lady xD,neither,0.04786186829855308,0.3930950405854244,0.5590430911160225
The north lupoHYPE,neither,0.03827813141413388,0.3087027896769399,0.6530190789089262
"@DrLupo, google it.",neither,0.03763529989067434,0.33100135018077087,0.6313633499285548
Flicka in Swedish gravy,neither,0.03945320844208391,0.33037608806864915,0.630170703489267
"The last time I was in an Ikea was in between graduating college and starting a job, so I had no money and all the stuff I bought was the really low end cheap stuff",neither,0.03780431269089531,0.33431449517091394,0.6278811921381907
"@RSS, nice! lupoLOVE",neither,0.03945320844208391,0.33037608806864915,0.630170703489267
@KaphSeen thanks for the input! sounds like a good way to go,neither,0.04637805543263706,0.2918633046873172,0.6617586398800457
Tha nooooth lupoHYPE,neither,0.03945320844208391,0.33037608806864915,0.630170703489267
"My favorite thing dealing with northern english accents is Doctor Who ""You sound like you're from the north"" ""Lots of places have a north!""",neither,0.05546077392803884,0.4215499407248328,0.5229892853471284
The north remembers.,neither,0.038593650833017336,0.3146694301837742,0.6467369189832084
lmao that hunter is wondering how he didn't get the drop on you,neither,0.045999449337065006,0.4207174826037853,0.5332830680591498
I feel like I should go back and look at the fancier stuff now,neither,0.05954974615196405,0.34391274904976327,0.5965375047982726
the north remembers,neither,0.038593650833017336,0.3146694301837742,0.6467369189832084
Those are the fastest melee's I've ever seen,neither,0.05249273958998803,0.19322128082742152,0.7542859795825904
HELLO CLEVELAND WE ARE DEATH BOX,neither,0.057504726601865744,0.2989982592520622,0.6434970141460721
Or some kind of femme fatale thing...,neither,0.031111999048956358,0.3449981184200839,0.6238898825309598
ALMOST COLLAT,neither,0.03945320844208391,0.33037608806864915,0.630170703489267
@rss Christopher Eccleson was an underrated Doctor,neither,0.03958917924372098,0.3280683087093528,0.6323425120469263
OPRAH??,neither,0.03945320844208391,0.33037608806864915,0.630170703489267
That was so close to a collat,neither,0.042212162248058356,0.4305685522407013,0.5272192855112404
damn,offensive_language,0.042479326866149344,0.9516554255713155,0.005865247562535126
"""you fit right in here"" Kappa",neither,0.0971556798584738,0.34765757565680083,0.5551867444847254
Highly underrated. He was actually probably my favorite of the new Doctors,neither,0.036351512806610295,0.3295370388499271,0.6341114483434627
tha tele,neither,0.03945320844208391,0.33037608806864915,0.630170703489267
@bbtiffid agreed,neither,0.03945320844208391,0.33037608806864915,0.630170703489267
"@DrLupo can you ask Kelly to say ""Meatballs in the garage""?",neither,0.05703839444056169,0.3434202449155599,0.5995413606438783
I was sad he didn't stay for longer,neither,0.027257121610495243,0.3406248304103023,0.6321180479792025
the tellie hahaha,neither,0.03807124616037833,0.3047154451606546,0.6572133086789671
"So flippin cute, other humans",neither,0.041311330845585206,0.34362774852435435,0.6150609206300605
"@OfMiceAndBenji yeah no kidding, i thought he got it",neither,0.02869904697612752,0.3921166125975008,0.5791843404263716
@rss mine too tbh!,neither,0.03917844684214789,0.3350395094901987,0.6257820436676534
"Yes, I play on mouse and keyboard. For information, try !mnk or !whymnk. Thanks!",neither,0.03348933748276678,0.2927381170528408,0.6737725454643925
@RSS I loved Eccleston.,neither,0.03945320844208391,0.33037608806864915,0.630170703489267
I like Christopher. Matt Smith is my favorite probably.,neither,0.041862839054452095,0.40630858665106717,0.5518285742944808
Wow. She has great callouts,neither,0.038864357505711496,0.379564388772681,0.5815712537216076
@bigjohnson12140 I saw two kills in the feed and thought it was.,neither,0.039748012160469345,0.2202697104772635,0.7399822773622673
David Tenant. Enough said. Please.,neither,0.03945320844208391,0.33037608806864915,0.630170703489267
Kelly has hung around here and learned from lupo @RSS lupoYE,neither,0.06815611357212101,0.26454634660822096,0.667297539819658
How many times has that guy gotten domed going to top bridge? lupoWAT,neither,0.03987981234757486,0.36938738434506696,0.5907328033073582
Tenant is overrated lupoYE,neither,0.05044627423290362,0.3265950686495308,0.6229586571175656
"@Huskeezee, we can't be friends",neither,0.040244093509602966,0.3327983383965923,0.6269575680938048
"@kaphseen love Tennant, don't get me wrong",neither,0.02757427903542521,0.4028386708075227,0.569587050157052
Matt Smith anyone?,neither,0.03945320844208391,0.33037608806864915,0.630170703489267
"Lupooooo, Kaph and I are fiiightiiiiiing",neither,0.12437833892611856,0.1434400916639159,0.7321815694099656
What's drwho?,neither,0.057770773616808734,0.3180719994247239,0.6241572269584672
hey hey @source_four,neither,0.03945320844208391,0.33037608806864915,0.630170703489267
lmao,neither,0.03705015143476208,0.3711622369619404,0.5917876116032975
I know drlupo,neither,0.03945320844208391,0.33037608806864915,0.630170703489267
lupoHEY @Sadimere,neither,0.03945320844208391,0.33037608806864915,0.630170703489267
that's all that matters,offensive_language,0.033051443583496445,0.4927925832026024,0.4741559732139011
I feel like dr arguments are potentially more dangerous than politics Kappa,neither,0.05847231744164783,0.3141106403620329,0.6274170421963192
Trying to Lupo around behinf,neither,0.04932287754361774,0.3246877955066007,0.6259893269497816
"@OfMiceAndBenji, I did say he was my favorite above!",neither,0.03361950824602223,0.4014325675802692,0.5649479241737085
lol that guy got roasted,neither,0.027905868657708662,0.4667189107513382,0.5053752205909532
"lupoCHOO 3W, 0L, Mercy Used: No lupoCHOO",neither,0.03863476957711121,0.3442671315624675,0.6170980988604212
I dunno I have been here a long time and my call outs still suck @Mai7Viac,neither,0.06950936358760132,0.36838494200525307,0.5621056944071456
I've never seen anyone use that spot,neither,0.008216512119569898,0.43471067108951245,0.5570728167909176
bobthebooza has just re-subscribed to the stream for 4 months in a row!,neither,0.047209768464342786,0.28926846116331856,0.6635217703723386
lupoLOVE for Kelly!!!!!!,neither,0.03215927892586973,0.29398794818614704,0.6738527728879832
@Huskeezee I am bad at reading ok,neither,0.035485473300871456,0.3546764836036175,0.6098380430955112
Nice first. You definitely woke up on the right side of the trigger finger this morning eh? lupoCAW,neither,0.03996177144782728,0.32856316049491907,0.6314750680572536
Oh my goodness,neither,0.03223854755348843,0.3699768092684252,0.5977846431780863
Lots of faces got shot there. GG,neither,0.03838896017347507,0.331754899884519,0.629856139942006
Lupo you jumping on PS4 today?,neither,0.048249375943650814,0.3579518524217698,0.5937987716345794
Yo. Bob is here,neither,0.11122215986449792,0.35411729233021616,0.5346605478052859
lupoHYPE lupoHYPE lupoHYPE lupoHYPE lupoHYPE,neither,0.03945320844208391,0.33037608806864915,0.630170703489267
"@BobTheBooza, lupoHYPE lupoLOVE",neither,0.03945320844208391,0.33037608806864915,0.630170703489267
"My callouts go like this ""hey dummy there over there! shoot them! damn you missed and now I'm dead, why are we friends""",offensive_language,0.0755783016266177,0.5366694380048711,0.38775226036851124
lupoHYPE lupoHYPE lupoHYPE lupoHYPE lupoHYPE lupoHYPE lupoHYPE,neither,0.03945320844208391,0.33037608806864915,0.630170703489267
cheer100 Did Broman say cheer? lupoLURK,neither,0.03945320844208391,0.33037608806864915,0.630170703489267
lupoHYPE lupoHYPE lupoHYPE lupoHYPE,neither,0.03945320844208391,0.33037608806864915,0.630170703489267
Hey it's lupo! I've missed your stream but glad I could see you now,neither,0.042429138535182695,0.3462500756378257,0.6113207858269916
Dr Who learned how to galavant through time using a mouse and keyboard from DrLupo,neither,0.0404424980712223,0.3755523362453644,0.5840051656834133
"he's there, he",neither,0.05445989942063096,0.27348140202726245,0.6720586985521064
lupoHYPE lupoHYPE lupoHYPE lupoHYPE,neither,0.03945320844208391,0.33037608806864915,0.630170703489267
lupo mailing boxes of poo to those poor lad,neither,0.061415813360932804,0.2796851818273752,0.6588990048116922
"Also, to answer the earlier question, keep an eye on the @twitch twitter for info about loyalty badges. They're going live soon.",neither,0.04780837314911415,0.35749056448722505,0.5947010623636607
he's right there!!!,neither,0.046188231424236996,0.29337352779855763,0.6604382407772054
Glad to see your gunskill has been returned safely lol,neither,0.0671765501996309,0.3697334936935122,0.563089956106857
Thanks! @RSS,neither,0.035884468650613,0.3004919205142699,0.6636236108351171
Multi-Stream Link: http://kadgar.net/live/drlupo/ProfessorBroman,neither,0.03993770193144703,0.2602568920393204,0.6998054060292326
i know how you like it big boy ;) @Drlupo,offensive_language,0.044343481575916166,0.4797717006454322,0.47588481777865166
Come on 😔,neither,0.031465329865955356,0.4061586881471455,0.562375981986899
when will then be now?,neither,0.02967895237459012,0.3665367138298833,0.6037843337955267
Soooooon,neither,0.03945320844208391,0.33037608806864915,0.630170703489267
And ignore my typing...... My brain power is divided among many projects atm,neither,0.03114786579622402,0.3962840336054733,0.5725681005983028
Put it away,neither,0.03938119896425419,0.2980927327634379,0.662526068272308
!brainpower,neither,0.03945320844208391,0.33037608806864915,0.630170703489267
Did someone say....,neither,0.03945320844208391,0.33037608806864915,0.630170703489267
O-oooooooooo AAAAE-A-A-I-A-U-JO-oooooooooooo AAE-O-A-A-U-U-A-E-eee-ee-eee AAAAE-A-E-I-E-A-JO-ooo-oo-oo-oo EEEEO-A-AAA-AAAA,neither,0.03945320844208391,0.33037608806864915,0.630170703489267
"@ItsTaylorTime, do not use that term",neither,0.01207270909601017,0.4607938729540474,0.5271334179499425
NOOOOOOOOOOOOOOOO,neither,0.03945320844208391,0.33037608806864915,0.630170703489267
lupoHYPE,neither,0.03945320844208391,0.33037608806864915,0.630170703489267
Does festival of the lost go active at weekly reset,neither,0.02945376352877076,0.42613276999800354,0.5444134664732257
#loyalty badges? 🤔,neither,0.03945320844208391,0.33037608806864915,0.630170703489267
"@stevo2ka, lupoYE",neither,0.03945320844208391,0.33037608806864915,0.630170703489267
@stevo2ka yes,neither,0.03945320844208391,0.33037608806864915,0.630170703489267
rambHI,neither,0.03945320844208391,0.33037608806864915,0.630170703489267
Ido t know why there is a #,neither,0.03305283335990713,0.2900027547715824,0.6769444118685104
@cwayney27 i would assume so,neither,0.038605494866383934,0.37610292489340175,0.5852915802402143
"@Cwayney27, subs will get a different colored badge based on how many consec months they are subbed",neither,0.051408425690820346,0.16817694095633354,0.780414633352846
@therealfoxp3 shhwweeeettt,neither,0.03945320844208391,0.33037608806864915,0.630170703489267
Hey Lupo lupoHEY lupoHEY,neither,0.03945320844208391,0.33037608806864915,0.630170703489267
@RSS my mom says I am handsome and that I should stream myself on twitch eating spaghetti for Japanese businessmen. Do you agree?,neither,0.039228550186304466,0.39286091860909456,0.567910531204601
Kelly isn't in stream. Tell her I love her,offensive_language,0.026901442331868215,0.6247576965248277,0.3483408611433041
How lewd are we talking?,neither,0.07754395857017905,0.27194991113478273,0.6505061302950382
lol,neither,0.020706217963973744,0.4882283491876925,0.4910654328483337
"@KaphSeen, lupoWAT which term?",neither,0.03945320844208391,0.33037608806864915,0.630170703489267
teaLewd,neither,0.03945320844208391,0.33037608806864915,0.630170703489267
lupoHEY,neither,0.03945320844208391,0.33037608806864915,0.630170703489267
fugget about it,neither,0.03304512427002151,0.39097857854916757,0.575976297180811
@el_guap0_ lupoWAT,neither,0.03945320844208391,0.33037608806864915,0.630170703489267
Do the thing Lupo,neither,0.04033477024332158,0.304665910360841,0.6549993193958373
brainpower @ItsTaylorTime,neither,0.03945320844208391,0.33037608806864915,0.630170703489267
...i don't even.,neither,0.03767148329384597,0.36061661376634924,0.6017119029398048
"Yes, I play on mouse and keyboard. For information, try !mnk or !whymnk. Thanks!",neither,0.03348933748276678,0.2927381170528408,0.6737725454643925
BRAIN POWER?!,neither,0.03945320844208391,0.33037608806864915,0.630170703489267
Kappa,neither,0.03945320844208391,0.33037608806864915,0.630170703489267
stahp!!!!!!!!!!!,neither,0.03945320844208391,0.33037608806864915,0.630170703489267
damnit,neither,0.03945320844208391,0.33037608806864915,0.630170703489267
my bad,offensive_language,0.01592830657509433,0.5047156453531186,0.47935604807178706
@source_four omg your color is so pretty,neither,0.083435988406422,0.3592369790591154,0.5573270325344627
"OK a scale of Andrew Dice Clay to Sarah Silverman, how lewd is it?",neither,0.0466572441786305,0.3274689744421676,0.6258737813792019
HEY KELLY,neither,0.03945320844208391,0.33037608806864915,0.630170703489267
unplugs audio,neither,0.03945320844208391,0.33037608806864915,0.630170703489267
I CAN SEE AND HEAR YOU,neither,0.06008503875235254,0.32511838330836235,0.6147965779392852
@leah__rose <3 <3 <3,neither,0.03945320844208391,0.33037608806864915,0.630170703489267
gg,neither,0.03945320844208391,0.33037608806864915,0.630170703489267
<3 <3,neither,0.03945320844208391,0.33037608806864915,0.630170703489267
GG,neither,0.03945320844208391,0.33037608806864915,0.630170703489267
YOOOO,neither,0.03945320844208391,0.33037608806864915,0.630170703489267
ouch,neither,0.03945320844208391,0.33037608806864915,0.630170703489267
HAHAHAHA my bad Kaph,neither,0.0233071965185084,0.43773150225584856,0.5389613012256432
"@leah__rose, lupoLOVE",neither,0.03945320844208391,0.33037608806864915,0.630170703489267
Literally not even fair,neither,0.03729608639063312,0.3504296008046799,0.612274312804687
@mai7viac rambLOVE,neither,0.03945320844208391,0.33037608806864915,0.630170703489267
YOOO! lupoNINJA lupoNINJA lupoNINJA,neither,0.03945320844208391,0.33037608806864915,0.630170703489267
https://clips.twitch.tv/drlupo/SmilingHummingbirdFailFish,neither,0.03945320844208391,0.33037608806864915,0.630170703489267
DIRTY SNIPE!!!,neither,0.03945320844208391,0.33037608806864915,0.630170703489267
how do you have it run mouse and keyboard? :o,neither,0.04936904087297963,0.33716422868447227,0.6134667304425481
!xim,neither,0.03945320844208391,0.33037608806864915,0.630170703489267
Razer DeathAdder 3500 @ 3500 DPI: http://goo.gl/6xOrtz // CMStorm Quickfire Pro: http://goo.gl/L2oiTF // XIM4 Adapter: www.xim4.com // XIM4 STv1 Settings: http://imgur.com/a/90cnX // XIM4 STv2 Settings: http://imgur.com/a/aUWTG,neither,0.03524030400118552,0.17813458567086496,0.7866251103279496
I'm seriously considering writing a mini irc bot that just randomly changes my chat color every so often,neither,0.03179281849870559,0.41034327949697036,0.557863902004324
Just another way the man can separate us all to keep the proletariat revolution down... JK MiniK KappaHD,neither,0.09481573278597619,0.3425485439640071,0.5626357232500167
PC?,neither,0.03945320844208391,0.33037608806864915,0.630170703489267
I love how Broman goes on his random tangents.,neither,0.05627264972563976,0.3574469712507761,0.5862803790235842
Just to confuse people. :D,neither,0.07458397421608808,0.3437945495067833,0.5816214762771287
"@Xxjesse13xx, no, Xbox",neither,0.03835412258411806,0.34903044346384865,0.6126154339520333
NEVER FORGET the iPad scope days.,neither,0.03585821726705766,0.34842803832625147,0.6157137444066908
!scope,neither,0.03945320844208391,0.33037608806864915,0.630170703489267
"It's an iPad, taped to a rifle. (Kidding. it's a Viewtac.)",neither,0.04224879005245082,0.32443874570987263,0.6333124642376766
but why? @source_four,neither,0.016870531801638732,0.3792124954989512,0.6039169726994101
Broman is the KING of randomly going off on tangents for 20-30 minutes. It's hilarious,neither,0.036535593473885464,0.3266138319128639,0.6368505746132506
yeah... that was kinda hot... the microfaze doesnt cool down.,neither,0.025262813282514618,0.4245917551301094,0.550145431587376
Dr lupo!!!!! Hello everyone! lupoHEY,neither,0.03400961556673947,0.4227680658085776,0.543222318624683
Reasons. @Sadimere,neither,0.03945320844208391,0.33037608806864915,0.630170703489267
I remember the iPad days,neither,0.03852723508573306,0.31342399243496816,0.6480487724792988
"Damn, these snipes are on point by the good @DrLupo",offensive_language,0.0745994626441257,0.8407952418472175,0.08460529550865677
Dan <3,neither,0.03945320844208391,0.33037608806864915,0.630170703489267
Butt touch me senpai,neither,0.03608366075869819,0.4232532736011751,0.5406630656401267
Super good right Dan?,neither,0.038046196142028754,0.3470661326246237,0.6148876712333474
broman is so outrageous lmfao its hilarious,neither,0.04590650168022952,0.36246728569643305,0.5916262126233375
Nice snipes @DrLupo you're feeling it today,neither,0.0741427021296214,0.31965068916620987,0.6062066087041686
gawd dummit @DrLupo . You're on fire brah. Bruh. Brough,neither,0.06431035139932878,0.3518933501472944,0.5837962984533768
when did you get a ps4? @IAmNotScottish,neither,0.04260756040675565,0.43721421689514345,0.520178222698101
"Oh no, we have two wrenches in chat rambLURK",neither,0.04321359704811859,0.29993278943976237,0.656853613512119
TWO???,neither,0.0407660999210139,0.30809289329748146,0.6511410067815048
"lupoCHOO 4W, 0L, Mercy Used: No lupoCHOO",neither,0.03863476957711121,0.3442671315624675,0.6170980988604212
"Wait, we have 2 Twitch Staff in here? Oh boy, I'm gettin sweaty",neither,0.0651189419277494,0.2898821659299649,0.6449988921422856
Two wrenches PogChamp,neither,0.0407660999210139,0.30809289329748146,0.6511410067815048
'Twas a simpler time man,neither,0.03762080626789994,0.47701662614621604,0.48536256758588403
uh oh,neither,0.04643193976314166,0.26471338503087416,0.6888546752059841
twitch mod takeover,neither,0.03945320844208391,0.33037608806864915,0.630170703489267
twitch staff takeover,neither,0.03945320844208391,0.33037608806864915,0.630170703489267
iamtommarvoloriddle has just re-subscribed to the stream for 2 months in a row!,neither,0.047209768464342786,0.28926846116331856,0.6635217703723386
Dan this is RSS...... RSS this is Dan....,neither,0.0492744971941354,0.32883091238994555,0.6218945904159191
"That nade game too, @DrLupo",neither,0.03292362673459561,0.3370272025358474,0.6300491707295569
Show me your weapons and their perks pls @drlupo,neither,0.06352091413084698,0.2738752023967601,0.662603883472393
@drlupo does prime still count as X months been subbed?,neither,0.02932207261486448,0.43722627205956827,0.5334516553255673
double wrench!,neither,0.03945320844208391,0.33037608806864915,0.630170703489267
Soon. TM.,neither,0.03945320844208391,0.33037608806864915,0.630170703489267
lupoHYPE lupoHYPE lupoHYPE lupoHYPE lupoHYPE lupoHYPE lupoHYPE,neither,0.03945320844208391,0.33037608806864915,0.630170703489267
ohhai RSS,neither,0.03945320844208391,0.33037608806864915,0.630170703489267
A venn diagram of Lupo's decibel levels and Broman's decibel levels while streaming literally do not intersect,neither,0.03910668317107213,0.31398945083790497,0.6469038659910229
OSsloth,neither,0.03945320844208391,0.33037608806864915,0.630170703489267
I want a wrench...,neither,0.03971009941506125,0.3260159778252082,0.6342739227597305
"so are they both in lupo's stream, when they are supposed to be working?",neither,0.06932787243775283,0.3308938252756257,0.5997783022866214
"@Xxjesse13xx, nope didn't say the magic word",neither,0.027547122917181113,0.3514904591359819,0.620962417946837
lupoHYPE lupoHYPE lupoHYPE,neither,0.03945320844208391,0.33037608806864915,0.630170703489267
For me anyway. Had way more free time then,neither,0.03033455733119971,0.3445462801547162,0.6251191625140842
What's the best way to lose a flawless card? Play against DrLupo StoneLightning,neither,0.047244928272129436,0.2957701460255176,0.656984925702353
KNIFE WRENCH (for the scrubs fans),neither,0.03511536672644035,0.3016582453359515,0.6632263879376082
Good morning :),neither,0.04970930963283925,0.13564577574880146,0.8146449146183593
gives @Mai7Viac a wrench,neither,0.03945320844208391,0.33037608806864915,0.630170703489267
@stevegives fk u Kappa,neither,0.03945320844208391,0.33037608806864915,0.630170703489267
DONT SAY THAT NAME,neither,0.0348126363273366,0.3810194649108379,0.5841678987618256
🔪 🔧,neither,0.03945320844208391,0.33037608806864915,0.630170703489267
"@Drlupo, you might be under observation....",neither,0.06189877975899003,0.3965009644431968,0.5416002557978132
"@Xxjesse13xx, use the !primaryx1 or !specialx1 commands",neither,0.007500364420036884,0.43726927240709196,0.5552303631728712
!specialx1,neither,0.03945320844208391,0.33037608806864915,0.630170703489267
"﻿ ItsTaylorTime: DrLupo's special is But Not Forgotten [400] [Void Damage, Linear Compensator, Injection Mold, Single Point Sling, Hidden Hand].",neither,0.05649697127601626,0.3266862324882325,0.6168167962357513
im not sure why im all caps today,offensive_language,0.027011901556966447,0.5017810667191219,0.4712070317239116
Lmao source,neither,0.03830674001666922,0.3498346492921025,0.6118586106912282
"Professor Broman is, as they say, ""lit.""",neither,0.04431163076814184,0.35624419530868634,0.599444173923172
