text,top_class,hate_speech,offensive_language,neither
F,neither,0.03945320844208391,0.33037608806864915,0.630170703489267
f,neither,0.03945320844208391,0.33037608806864915,0.630170703489267
F,neither,0.03945320844208391,0.33037608806864915,0.630170703489267
rip claymore,neither,0.03945320844208391,0.33037608806864915,0.630170703489267
F,neither,0.03945320844208391,0.33037608806864915,0.630170703489267
@DrLupo I made a titanfall 2 network for Six to Midnight,neither,0.03945724851627066,0.3089651506828295,0.6515776008008998
So I clipped the lupoSTARE to use later for......science tripleC,neither,0.015753484353451426,0.40099587429030087,0.5832506413562476
F to pay respects y'all!,neither,0.054355325922317295,0.44153808526313854,0.5041065888145441
F,neither,0.03945320844208391,0.33037608806864915,0.630170703489267
F,neither,0.03945320844208391,0.33037608806864915,0.630170703489267
dudes that like are not worth your time dude - do not let them get you down.,neither,0.09446531358177006,0.3998015338935775,0.5057331525246525
F,neither,0.03945320844208391,0.33037608806864915,0.630170703489267
Hey girl :) @MrsDrLupo,neither,0.030598286926141412,0.41854428735554666,0.5508574257183118
f,neither,0.03945320844208391,0.33037608806864915,0.630170703489267
"i swear, with it being halloween tomorrow, the crazies have been out. my mom were driving home from our weekend out of town and there were an absurd amount of bad drivers on the road. laceNo",neither,0.025731829989433463,0.3404823504455715,0.633785819564995
lupoHYPE lupoHYPE lupoHYPE lupoHYPE lupoHYPE lupoHYPE lupoHYPE,neither,0.03945320844208391,0.33037608806864915,0.630170703489267
"@MissNebulosity, hi! :D",neither,0.03945320844208391,0.33037608806864915,0.630170703489267
Those eyes really test the limits on my under pants elastic,neither,0.043019767227768936,0.3200054754929319,0.6369747572792992
Apparently rangefinder doesnt help if you have max range. Can anyone else confirm?,neither,0.03623086061045315,0.3836043659054254,0.5801647734841214
F,neither,0.03945320844208391,0.33037608806864915,0.630170703489267
F lupoCRY,neither,0.03945320844208391,0.33037608806864915,0.630170703489267
Omg lol this sounds fun,neither,0.032220916398706674,0.3833366443597404,0.5844424392415529
F,neither,0.03945320844208391,0.33037608806864915,0.630170703489267
Yo,offensive_language,0.04010381111145228,0.5271105317972344,0.4327856570913131
"@DrLupo Not sure why people are salty about the keyboard use, yeah im running with an elite controller but honestly whatever works for you run with it :)",neither,0.021845849070184727,0.48733069403234186,0.4908234568974735
@itsninhja rangefinder still goes over the max range cap,neither,0.036411663010924085,0.3305746774341779,0.633013659554898
NICE HEAD SHOT :D,neither,0.03767406882648984,0.3605727305296802,0.60175320064383
can confirm itsninhja,neither,0.039764471581886875,0.32509314025412933,0.6351423881639837
@itsninhja rangefinder increases past the range cap so yes,neither,0.03869928516707816,0.3508077135604004,0.6104930012725215
"id kif you guys know this, but you forgot boons!",neither,0.06806872326251484,0.4333022565337923,0.4986290202036929
@itsninhja underdog and RF go over cap,neither,0.03726116833556941,0.30262332626914623,0.6601155053952843
@Daltonbeedabbin not for shotguns it doesn't,neither,0.028809514733346787,0.29909277716544186,0.6720977081012114
"@itsninhja rangefinder doesn't increase range, it increases zoom and helps to push out damage falloff",neither,0.03923623125274514,0.3164418585944687,0.6443219101527862
Hey Lupo rambLOVE,neither,0.03945320844208391,0.33037608806864915,0.630170703489267
"@gummybeargunner your incorrect, it goes over the range cap.",neither,0.05660772373018479,0.3134024993256699,0.6299897769441453
you nearly got that crispy snipe tho,neither,0.04285272188993487,0.4269572651520613,0.5301900129580039
They're salty because they can't afford a xim,neither,0.05339876845904813,0.30486929974508387,0.6417319317958681
sup lupo,neither,0.03945320844208391,0.33037608806864915,0.630170703489267
confirmed by bungie themselves,neither,0.04034540606231903,0.3647022619227818,0.5949523320148992
@ramblinnnmom lupoLOVE lupoLOVE lupoLOVE lupoLOVE lupoLOVE lupoLOVE,neither,0.03945320844208391,0.33037608806864915,0.630170703489267
"@ramblinnnmom, mom rambLOVE rambLOVE rambLOVE",neither,0.03945320844208391,0.33037608806864915,0.630170703489267
You cannot call an aliased command from an aliased command.,neither,0.055453986552021835,0.3449208376070941,0.599625175840884
Ramb mom! lupoCAW,neither,0.03945320844208391,0.33037608806864915,0.630170703489267
@headsnipe01 rambLOVE,neither,0.03945320844208391,0.33037608806864915,0.630170703489267
lupoLOVE lupoLOVE @ramblinnnmom,neither,0.03945320844208391,0.33037608806864915,0.630170703489267
"@ramblinnnmom, rambPLS rambHI",neither,0.03945320844208391,0.33037608806864915,0.630170703489267
!brainpower,neither,0.03945320844208391,0.33037608806864915,0.630170703489267
O-oooooooooo AAAAE-A-A-I-A-U-JO-oooooooooooo AAE-O-A-A-U-U-A-E-eee-ee-eee AAAAE-A-E-I-E-A-JO-ooo-oo-oo-oo EEEEO-A-AAA-AAAA,neither,0.03945320844208391,0.33037608806864915,0.630170703489267
ye theres my song,neither,0.029730128319543598,0.4081701315481788,0.5620997401322776
Brainpower OSsloth,neither,0.03945320844208391,0.33037608806864915,0.630170703489267
@nightbot you're drunk,neither,0.11425995652323574,0.35235157258175726,0.533388470895007
@404n00bnotfound hmmm i could have sword underdog doesnt go over the range cap,neither,0.037619799632411285,0.3294053316027072,0.6329748687648814
!whymnk,neither,0.03945320844208391,0.33037608806864915,0.630170703489267
"Originally, I looked for an alternate input method that would allow me to rez/move/shoot/jump/etc at the same time. I also get hand cramps after playing for too long with a controller. I've put 3700+ hours over ~14 months into learning to play this way on Destiny. I also own an Elite controller. More info: https://goo.gl/DK62Er",neither,0.034737616487874635,0.3300811800389337,0.6351812034731917
O-oooooooooo AAAAE-A-A-I-A-U-JO-oooooooooooo AAE-O-A-A-U-U-A-E-eee-ee-eee AAAAE-A-E-I-E-A-JO-ooo-oo-oo-oo EEEEO-A-AAA-AAAA,neither,0.03945320844208391,0.33037608806864915,0.630170703489267
"@ramblinnnmom, Hi mom",neither,0.03945320844208391,0.33037608806864915,0.630170703489267
!brainpower,neither,0.03945320844208391,0.33037608806864915,0.630170703489267
!giveaway,neither,0.03945320844208391,0.33037608806864915,0.630170703489267
"lupoHYPE It's giveaway time! lupoHYPE // With there being a chance that Destiny 2 is coming to PC, I want to give back in a massive way to one (or two) super lucky subscribers! // Finalist List - https://goo.gl/7qpNKW // Info - http://imgur.com/JMFJRBI",neither,0.039325664992317017,0.3197828315902221,0.6408915034174608
lupoHYPE lupoHYPE lupoHYPE lupoHYPE lupoHYPE lupoHYPE lupoHYPE lupoHYPE lupoHYPE lupoHYPE lupoHYPE lupoHYPE lupoHYPE lupoHYPE lupoHYPE lupoHYPE lupoHYPE lupoHYPE lupoHYPE lupoHYPE lupoHYPE lupoHYPE lupoHYPE lupoHYPE lupoHYPE lupoHYPE lupoHYPE lupoHYPE lupoHYPE lupoHYPE,neither,0.03945320844208391,0.33037608806864915,0.630170703489267
@natepdot rambLOVE rambLOVE,neither,0.03945320844208391,0.33037608806864915,0.630170703489267
What did claymore say?,neither,0.047690907456403565,0.32456156143226483,0.6277475311113316
lupoHYPE lupoHYPE lupoHYPE,neither,0.03945320844208391,0.33037608806864915,0.630170703489267
@Daltonbeedabbin got a link? cause i've tested on my mapador and it doesn't so anything for it,neither,0.014574344622632561,0.4046057330988526,0.5808199222785149
Did they reset?,neither,0.03945320844208391,0.33037608806864915,0.630170703489267
@404n00bnotfound rambLOVE,neither,0.03945320844208391,0.33037608806864915,0.630170703489267
lupoHYPE lupoHYPE lupoHYPE lupoHYPE lupoHYPE lupoHYPE lupoHYPE lupoHYPE lupoHYPE lupoHYPE lupoHYPE lupoHYPE,neither,0.03945320844208391,0.33037608806864915,0.630170703489267
gwpete23 has just re-subscribed to the stream for 2 months in a row!,neither,0.047209768464342786,0.28926846116331856,0.6635217703723386
Yes @MyOnlyResort,neither,0.03945320844208391,0.33037608806864915,0.630170703489267
Dang,neither,0.03945320844208391,0.33037608806864915,0.630170703489267
@tortuguitavelozv2 doesn't matter really. He gone.,neither,0.04457341812304846,0.3300537181855974,0.625372863691354
"Yes, I play on mouse and keyboard. For information, try !mnk or !whymnk. Thanks!",neither,0.03348933748276678,0.2927381170528408,0.6737725454643925
@gwpete23 lupoHYPE lupoHYPE lupoHYPE lupoHYPE lupoHYPE lupoHYPE lupoHYPE lupoHYPE lupoHYPE lupoHYPE lupoHYPE lupoHYPE lupoHYPE lupoHYPE,neither,0.03945320844208391,0.33037608806864915,0.630170703489267
@xalexauditorex rambLOVE,neither,0.03945320844208391,0.33037608806864915,0.630170703489267
lupoHYPE lupoHYPE lupoHYPE lupoHYPE lupoHYPE lupoHYPE lupoHYPE lupoHYPE lupoHYPE lupoHYPE lupoHYPE lupoHYPE lupoHYPE,neither,0.03945320844208391,0.33037608806864915,0.630170703489267
lupoHYPE lupoHYPE lupoHYPE lupoHYPE,neither,0.03945320844208391,0.33037608806864915,0.630170703489267
lupoHYPE lupoHYPE lupoHYPE lupoHYPE,neither,0.03945320844208391,0.33037608806864915,0.630170703489267
lupoHYPE lupoLOVE lupoHYPE lupoLOVE lupoHYPE lupoLOVE lupoHYPE lupoHYPE lupoCRY lupoHYPE lupoHYPE lupoLOVE lupoHYPE lupoLOVE lupoHYPE lupoLOVE lupoHYPE lupoLOVE,neither,0.03945320844208391,0.33037608806864915,0.630170703489267
"@daltonbeedabbin it does. That's why it's a godroll is reinforced, underdog, and RF bc you can go quite a ways over cap",neither,0.031637928839961645,0.42892111536713623,0.5394409557929022
@daiglethebagel rambLOVE,neither,0.03945320844208391,0.33037608806864915,0.630170703489267
!sherpee auto,neither,0.03945320844208391,0.33037608806864915,0.630170703489267
lupoHYPE lupoHYPE lupoHYPE lupoHYPE lupoHYPE lupoHYPE lupoHYPE lupoHYPE lupoHYPE lupoHYPE lupoHYPE lupoHYPE lupoHYPE lupoHYPE lupoHYPE lupoHYPE lupoHYPE lupoHYPE lupoHYPE lupoHYPE lupoHYPE lupoHYPE lupoHYPE lupoHYPE lupoHYPE lupoHYPE lupoHYPE lupoHYPE lupoHYPE lupoHYPE lupoHYPE,neither,0.03945320844208391,0.33037608806864915,0.630170703489267
"lupoCHOO 1W, 0L, Mercy Used: No lupoCHOO",neither,0.03863476957711121,0.3442671315624675,0.6170980988604212
Man. My sub hyping is super off tonight.,neither,0.03439756474660944,0.40780975128470726,0.5577926839686832
!brainpower,neither,0.03945320844208391,0.33037608806864915,0.630170703489267
O-oooooooooo AAAAE-A-A-I-A-U-JO-oooooooooooo AAE-O-A-A-U-U-A-E-eee-ee-eee AAAAE-A-E-I-E-A-JO-ooo-oo-oo-oo EEEEO-A-AAA-AAAA,neither,0.03945320844208391,0.33037608806864915,0.630170703489267
lupoHYPE lupoHYPE lupoHYPE lupoHYPE lupoHYPE lupoHYPE lupoHYPE lupoHYPE lupoHYPE lupoHYPE lupoHYPE lupoHYPE lupoHYPE lupoHYPE lupoHYPE lupoHYPE lupoHYPE lupoHYPE lupoHYPE lupoHYPE lupoHYPE,neither,0.03945320844208391,0.33037608806864915,0.630170703489267
O-oooooooooo AAAAE-A-A-I-A-U-JO-oooooooooooo AAE-O-A-A-U-U-A-E-eee-ee-eee AAAAE-A-E-I-E-A-JO-ooo-oo-oo-oo EEEEO-A-AAA-AAAA,neither,0.03945320844208391,0.33037608806864915,0.630170703489267
!brainpower,neither,0.03945320844208391,0.33037608806864915,0.630170703489267
GHOST UPGRADE HYPE,neither,0.03945320844208391,0.33037608806864915,0.630170703489267
@404n00bnotfound underdog doesn't go over range cap,neither,0.037943532212797046,0.33507930740948433,0.6269771603777188
lupoHYPE lupoHYPE lupoHYPE lupoHYPE lupoHYPE lupoHYPE lupoHYPE lupoHYPE lupoHYPE lupoHYPE lupoHYPE lupoHYPE lupoHYPE lupoHYPE lupoHYPE lupoHYPE lupoHYPE lupoHYPE lupoHYPE lupoHYPE lupoHYPE lupoHYPE lupoHYPE,neither,0.03945320844208391,0.33037608806864915,0.630170703489267
I know I missed someone so rambLOVE rambLOVE rambLOVE rambLOVE to everyone in chat!,neither,0.03934683920271347,0.43683715756552105,0.5238160032317655
"@gummybeargunner im on mobile so id doubt ill find a link quick enough, but was confirmed in a patch not from bungie not very long ago, rangefinder increases zoom and adds 5% of the base range.",neither,0.03735630052988678,0.31138088987114654,0.6512628095989668
"I have played Xim4 for 4 months now, still snipes better with a controller! I am not a pc gamer. But it is more fun i think to play with k/m",neither,0.030800698333481365,0.3547085362203496,0.614490765446169
lupoLOVE lupoLOVE lupoLOVE @ramblinnnmom,neither,0.03945320844208391,0.33037608806864915,0.630170703489267
gg boys,neither,0.03945320844208391,0.33037608806864915,0.630170703489267
"@ramblinnnmom, hey!",neither,0.03945320844208391,0.33037608806864915,0.630170703489267
@ic1415 rambLOVE,neither,0.03945320844208391,0.33037608806864915,0.630170703489267
@404n00bnotfound any links proving that it goes over range cap? every source ive seen says it doesnt,neither,0.03536282134548793,0.34954243254554923,0.6150947461089629
lupo looks demented when he focuses,neither,0.03221801116054268,0.3958605964901016,0.5719213923493556
is that really Ramblin's mom? haha @ramblinnnmom,neither,0.038969896664514954,0.44188381173204777,0.5191462916034372
@siulaim rambLOVE,neither,0.03945320844208391,0.33037608806864915,0.630170703489267
@ramblinnnmom momma! lupoLOVE lupoLOVE lupoLOVE,neither,0.03945320844208391,0.33037608806864915,0.630170703489267
"@Siulaim, !sherpee auto plz bungieLOVE",neither,0.03945320844208391,0.33037608806864915,0.630170703489267
"The next roll for a !giveaway finalist will occur at 1000 concurrent viewers, or in 1 Hours, 56 Minutes, 59 Seconds.",neither,0.036462942720572086,0.31603113866223687,0.6475059186171911
!brainpower,neither,0.03945320844208391,0.33037608806864915,0.630170703489267
O-oooooooooo AAAAE-A-A-I-A-U-JO-oooooooooooo AAE-O-A-A-U-U-A-E-eee-ee-eee AAAAE-A-E-I-E-A-JO-ooo-oo-oo-oo EEEEO-A-AAA-AAAA,neither,0.03945320844208391,0.33037608806864915,0.630170703489267
brownSPOOKY,neither,0.03945320844208391,0.33037608806864915,0.630170703489267
Its already done @Docvalentin,neither,0.03058324193840153,0.3691971600664907,0.6002195979951078
Its already done @D0cR3d,neither,0.03058324193840153,0.3691971600664907,0.6002195979951078
@missnebulosity yeah. I was annoying Nick so I came over to annoy Lupo. rambLURK,neither,0.030004069127622757,0.4309734354065931,0.5390224954657842
chris isnt playin?,neither,0.03945320844208391,0.33037608806864915,0.630170703489267
Love how y'all both are using certains controls lupoHYPE,neither,0.0529963598290493,0.409521274353158,0.5374823658177927
ooo extra secksy tonight @drlupo,neither,0.03705704479545532,0.3103109221872086,0.6526320330173361
!2,neither,0.03945320844208391,0.33037608806864915,0.630170703489267
"Chris is on the controller hooked up to the XIM, he's in charge of shooting, grenades, melee, and weapon swap. Lupo is on the MnK and in charge of all movement as well as ADS.",neither,0.04334326245210382,0.3524366760433186,0.6042200615045775
"@ramblinnnmom, hiiiiiii",neither,0.03945320844208391,0.33037608806864915,0.630170703489267
@hyozzz rambLOVE,neither,0.03945320844208391,0.33037608806864915,0.630170703489267
hahaha okies. welcome lupoLOVE rambPLS @ramblinnnmom,neither,0.03945320844208391,0.33037608806864915,0.630170703489267
i saw @DrLupo using the XIM4 and was so releaved to know that me being a pc based gammer wasnt going to be a set back anymore. now i run the XIM4 deathadder and a razer orbweaver,neither,0.03429152652083941,0.3852745735255744,0.5804338999535863
Yo @DrLupo imma have to head out man. Stream tmrw tho?,neither,0.036851376118419266,0.4475663590860416,0.515582264795539
Multi-Stream Link: http://kadgar.net/live/drlupo/ramblinnn/chrisg2003bt,neither,0.03993770193144703,0.2602568920393204,0.6998054060292326
@mrsdrlupo rambLOVE rambLOVE how is the baby? Guess he is more a little boy now!,neither,0.05786248254989072,0.3128541124952856,0.6292834049548237
"@ramblinnnmom, big boy! walking allllll over. I can't wait to trick or treat tomorrow.",neither,0.03187285803492029,0.3616671024641417,0.606460039500938
yo the cauldron glitch just broke nkuchs ps4 completely,neither,0.03590662356760942,0.37797534809452005,0.5861180283378705
@mrsdrlupo what is he going to be?,neither,0.08082268973760692,0.3496527404749115,0.5695245697874816
"@ramblinnnmom, pikachu",neither,0.03945320844208391,0.33037608806864915,0.630170703489267
yes ^,neither,0.03945320844208391,0.33037608806864915,0.630170703489267
That's awesome,neither,0.03419525192306799,0.38790559219732307,0.5778991558796089
@mrsdrlupo same pikachu outfit from a little while ago?,neither,0.040784328190526666,0.3263679857506461,0.6328476860588272
thats gotta be adorable,neither,0.03814539515431769,0.3638291159434819,0.5980254889022005
oh my god yes,neither,0.031788077653664655,0.372797600721973,0.5954143216243624
"@daltonbeedabbin from the way I understand it, underdog increases range, which is why it doesn't go over cap. rangefinder increases zoom, which due to bungies coding increases range",neither,0.038306559744879135,0.3239846500911164,0.6377087901640045
Hi Snatch :) @hisnatch,neither,0.03945320844208391,0.33037608806864915,0.630170703489267
"@ramblinnnmom, husband is gonna be Ash Ketchum, I'll be Misty and Chrisg is gonna be Charmander.",neither,0.04698645270975505,0.36016044122148033,0.5928531060687645
@mrsdrlupo chat must see the adorable-ness,neither,0.03945479780344739,0.3082640152400588,0.6522811869564938
anyone getting ps pro,neither,0.03543812145657784,0.3985225927547258,0.5660392857886963
cheaters playing 4 hands Kappa,neither,0.03945320844208391,0.33037608806864915,0.630170703489267
"@404n00bnotfound, mhmm!",neither,0.03945320844208391,0.33037608806864915,0.630170703489267
YAS! SUCH A CUTE COSTUM,neither,0.04152456086921831,0.29521983158111026,0.6632556075496715
@mrsdrlupo you should be misty and lupo should be Brock or ash,neither,0.07094223043204682,0.39078967776592927,0.5382680918020238
hi guys,neither,0.03930687933907141,0.3328596748352989,0.6278334458256297
"@punckles_ ahh that would make sense, good way of explaining it!",neither,0.035429406739488585,0.3544477968714447,0.6101227963890666
Costume*,neither,0.03945320844208391,0.33037608806864915,0.630170703489267
"lupoCHOO 3W, 0L, Mercy Used: No lupoCHOO",neither,0.03863476957711121,0.3442671315624675,0.6170980988604212
@mrsdrlupo ha! Perfect! Nick was that one year in preschool. Can't wait to see your pictures!,neither,0.0584883308100091,0.3653561075490015,0.5761555616409895
@mrsdrlupo will there be pictures,neither,0.04139126743999872,0.25759388269333755,0.7010148498666638
lupoHEY @sirtrl,neither,0.03945320844208391,0.33037608806864915,0.630170703489267
this is so entertaining,neither,0.049308978124875585,0.38281198739461797,0.5678790344805064
dude that is so fucking sweet,offensive_language,0.1073677847598914,0.8918848244095771,0.0007473908305316266
no boons?,neither,0.036918905254960256,0.37338982715841207,0.5896912675866277
@mrsdrlupo perfect!,neither,0.03945320844208391,0.33037608806864915,0.630170703489267
how hard is 2/1 controllee,offensive_language,0.03920774414923117,0.5895110318379702,0.3712812240127987
quick preview of boy's costume http://imgur.com/a/58UWL lupoPLS,neither,0.037156401504044714,0.2565332305969313,0.706310367899024
controller,neither,0.03945320844208391,0.33037608806864915,0.630170703489267
lupoCORN lupoCORN,neither,0.03945320844208391,0.33037608806864915,0.630170703489267
Nick was Harry Potter one year and I was Snape. rambPLS,neither,0.03825092384190389,0.3269045694491929,0.6348445067089032
Hey bb,neither,0.03945320844208391,0.33037608806864915,0.630170703489267
!butttouch Drlupo,neither,0.03945320844208391,0.33037608806864915,0.630170703489267
Seanbo124 ( ＾◡＾)っ(‿|‿) Drlupo,neither,0.03945320844208391,0.33037608806864915,0.630170703489267
whats going on?,neither,0.03439360123695853,0.3780338149411443,0.5875725838218971
@ramblinnnmom omg yes,neither,0.03945320844208391,0.33037608806864915,0.630170703489267
Need pic for proof :),neither,0.030830510714061104,0.3574917541233298,0.611677735162609
lupoPLS,neither,0.03945320844208391,0.33037608806864915,0.630170703489267
@mrsdrlupo snapsPLS snapsPLS snapsPLS snapsPLS snapsPLS snapsPLS so cute,neither,0.04296880691731001,0.35555683390548976,0.6014743591772002
lupoLOVE lupoLOVE lupoPLS lupoPLS lupoLOVE lupoLOVE lupoPLS lupoPLS,neither,0.03945320844208391,0.33037608806864915,0.630170703489267
"@MrsDrLupo, Thats so adorable!!!!!!!! lupoLOVE",neither,0.03940953784287243,0.38111665258464966,0.579473809572478
Pic or didn't happen Kappa,neither,0.026663267360039336,0.4054961710892882,0.5678405615506726
"@ramblinnnmom, I debated on a Harry Potter halloween this year. Husband to be Harry, me Ginny and Charlie Hedwig :)",neither,0.01349513809522707,0.11296596685053868,0.8735388950542343
Does ramblinn use keyboard and mouse too?,neither,0.013492913879433362,0.45422678620364965,0.532280299916917
!butttouch @ramblinnnmom,neither,0.03945320844208391,0.33037608806864915,0.630170703489267
at least petrucci gets free coins,neither,0.03882453854214919,0.3495270190231576,0.6116484424346933
so this is 2 players 1 guardian?,neither,0.04968173961509991,0.384616135999839,0.5657021243850611
oh my god he is so cute lupoPLS,neither,0.04735339804833825,0.3780401075655308,0.5746064943861309
!2,neither,0.03945320844208391,0.33037608806864915,0.630170703489267
"Chris is on the controller hooked up to the XIM, he's in charge of shooting, grenades, melee, and weapon swap. Lupo is on the MnK and in charge of all movement as well as ADS.",neither,0.04334326245210382,0.3524366760433186,0.6042200615045775
!2,neither,0.03945320844208391,0.33037608806864915,0.630170703489267
@mrsdrlupo lupoLOVE lupoLOVE lupoLOVE that would be SO AWESOME,neither,0.03503423193506341,0.42079360556181594,0.5441721625031208
Who's in the background,neither,0.03895995559066259,0.3858331598758016,0.5752068845335359
@bdiddy_ ramblinn is on a default controller playing claw,neither,0.04258931796379862,0.33736874734492894,0.6200419346912723
No he plays claw on controller @bdiddy_,neither,0.04044987465443657,0.34813886731665505,0.6114112580289085
!butttouch ramblinnnmom,neither,0.03945320844208391,0.33037608806864915,0.630170703489267
SirTRL ( ＾◡＾)っ(‿|‿) ramblinnnmom,neither,0.03945320844208391,0.33037608806864915,0.630170703489267
"@mmmmmmmmmmm_m, me!!",neither,0.018491955366437673,0.460246435692358,0.5212616089412043
So adorable!!!!,neither,0.03940826874161735,0.3912694754451444,0.5693222558132381
Thanks,neither,0.035884468650613,0.3004919205142699,0.6636236108351171
@mrsdrlupo Why not dress as Harry's parents and little one could be Harry,neither,0.03126457603059651,0.35785551296741996,0.6108799110019835
lupoWIFE @mmmmmmmmmmm_m,neither,0.03945320844208391,0.33037608806864915,0.630170703489267
"@Seanbo124, haha that could work too.",neither,0.031542610503570816,0.4430406320389761,0.5254167574574531
@mmmmmmmmmmm_m lupowife,neither,0.03945320844208391,0.33037608806864915,0.630170703489267
OptimizePrime,neither,0.03945320844208391,0.33037608806864915,0.630170703489267
@missnebulosity hiii spazzyHi,neither,0.03945320844208391,0.33037608806864915,0.630170703489267
lupoWIFE,neither,0.03945320844208391,0.33037608806864915,0.630170703489267
what does your wife play?,neither,0.05534697811425786,0.44844729746021833,0.4962057244255238
0.o,neither,0.03945320844208391,0.33037608806864915,0.630170703489267
"@Seanbo124, but Charlie as an owl would be cute.",neither,0.007036895644796338,0.04895305556951693,0.9440100487856867
omg my hands are still sweatting,neither,0.04800347446778651,0.38690970327205876,0.5650868222601547
@seanbo124 cuz they died :/,neither,0.03945320844208391,0.33037608806864915,0.630170703489267
MrDestructoid SMOrc BloodTrail ItsBoshyTime ItsBoshyTime ItsBoshyTime ItsBoshyTime ItsBoshyTime ItsBoshyTime ItsBoshyTime ItsBoshyTime ItsBoshyTime,neither,0.03945320844208391,0.33037608806864915,0.630170703489267
BEEP BOOP YOU COME FOR AIMBOT?,neither,0.045770797567264564,0.36682108836593663,0.5874081140667987
"@kronicozii, minecraft :) and destiny on occasion, but i dont have a ton of extra time to play",neither,0.03814478060420663,0.3342474476214514,0.627607771774342
@mrsdrlupo sadly I was the perfect Snape. I looked just like him. Nick's sister was Hedwig the owl.,neither,0.041097273398949426,0.335700069065554,0.6232026575354965
@drlupo waiting for a cough cough from the wife followed with an appropriate timed bullcrap,neither,0.03191175929440307,0.31537226927574996,0.652715971429847
awwww,neither,0.03945320844208391,0.33037608806864915,0.630170703489267
@mrsdrlupo do you have a server or do you just play solo,neither,0.06628169807540814,0.43549906454046056,0.4982192373841314
what does your wife play?,neither,0.05534697811425786,0.44844729746021833,0.4962057244255238
"The next roll for a !giveaway finalist will occur at 1000 concurrent viewers, or in 1 Hours, 50 Minutes, 57 Seconds.",neither,0.036194321347502056,0.3147547173717268,0.6490509612807712
"@theyoshiscandal, WE HAVE A SUBSCRIBER SERVER",neither,0.038072651762316514,0.3538077378901299,0.6081196103475536
!song,neither,0.038601720699969956,0.3448280572582511,0.616570222041779
"Ozvuh -> ""Sigma"" by Haywyre - Topic is the current song. It was requested by DrLupo - https://youtu.be/nNQdorTq3bs",neither,0.043347594230857524,0.3737872357153714,0.582865170053771
"@kronicozii, I answered you above ^^^^",neither,0.056154956930023744,0.37740976255512754,0.5664352805148487
"@kronicozii look above, she just tagged you",neither,0.051842712875780364,0.4671233707675775,0.4810339163566422
Ramblinnn using shotty?,neither,0.03559154140936095,0.39591865576182533,0.5684898028288137
oh my god are you serious @mrsdrlupo,neither,0.08105602055537625,0.37305361229351536,0.5458903671511084
I'm dressing up for the school Halloween parade tomorrow as a gypsy. I love that our school still has one.,neither,0.03056468278663677,0.3912897273889513,0.578145589824412
!minecraft @theyoshiscandal,neither,0.03945320844208391,0.33037608806864915,0.630170703489267
Interested in joining the sub-only Minecraft server? Check out this doc for information: https://goo.gl/8KWm2H,neither,0.03388438402830463,0.31622768009662594,0.6498879358750694
Come play with us!,neither,0.06253518252674484,0.395936008112385,0.5415288093608702
you guys together are better than me solo lol,neither,0.056658203797798505,0.41427751277764874,0.5290642834245529
what does your wife play?,neither,0.05534697811425786,0.44844729746021833,0.4962057244255238
@seanbo124 ramblinnn is almost always running shotgun now adays.,neither,0.04406264872711484,0.3699007262130522,0.5860366250598329
@kronicozii bro,neither,0.03945320844208391,0.33037608806864915,0.630170703489267
"Yes, I play on mouse and keyboard. For information, try !mnk or !whymnk. Thanks!",neither,0.03348933748276678,0.2927381170528408,0.6737725454643925
@kronicozii she told you lol,offensive_language,0.0525024492935824,0.6445011735995978,0.3029963771068199
@kronicozii she has already answered you in chat. please pay attention.,neither,0.05033417654561423,0.4256934665799763,0.5239723568744094
Very rarely does Ramb snipe in trials anymore,neither,0.02988651830212981,0.4186010765318296,0.5515124051660405
"@kronicozii, i've answered you already, asking again will get you timed out.",neither,0.034706435053202596,0.41348283224926724,0.5518107326975302
@daltonbeedabbin I miss ramblinnn sniper tlw days. Good times.,neither,0.03226771176156894,0.332847509872358,0.6348847783660732
@kronicozii yo. you're question has been answered a bunch of times,offensive_language,0.06765665434945574,0.4879772423553132,0.4443661032952311
@mrsdrlupo spazzyA,neither,0.03945320844208391,0.33037608806864915,0.630170703489267
"Oh sorry, im on mobile so im watching video no chat, so sorry",neither,0.0421766169775711,0.3517426167206659,0.606080766301763
"@kronicozii, its ok, minecraft and some destiny.",neither,0.027013879892133615,0.308622383991181,0.6643637361166853
@seanbo124 he still snipes just depends on the map and how hes feeling that day/weekend,neither,0.03515005720219575,0.34032112426747346,0.6245288185303308
no worries,neither,0.03848957175417732,0.3467315175537778,0.6147789106920449
"Round 1 - July 17th, 2016 - $10,500 // Round 2 - October 29th, 2016 - $14,000 - Video of the call: https://goo.gl/1OOOt7 // More info about Fragile X - https://fragilex.org/",neither,0.04096867938867502,0.3011414079499969,0.6578899126613281
