text,top_class,hate_speech,offensive_language,neither
push em off the cliff,neither,0.03872654678504461,0.317146018604863,0.6441274346100924
AARDVARK,neither,0.03945320844208391,0.33037608806864915,0.630170703489267
oh now I know who he means by weebmaster general,neither,0.05037078790949151,0.38005498844299146,0.569574223647517
i thought he meant one of the dudes inside,neither,0.04061235359318709,0.1437386851403377,0.8156489612664752
inb4 death after 2 pokes LUL,neither,0.03945320844208391,0.33037608806864915,0.630170703489267
VoHiYo,neither,0.03945320844208391,0.33037608806864915,0.630170703489267
:D Thank you for having such an entertaining stream,neither,0.045086138020303874,0.33498999058284407,0.6199238713968521
Reminder death count: 4,neither,0.03945320844208391,0.33037608806864915,0.630170703489267
Orphan build?,neither,0.03945320844208391,0.33037608806864915,0.630170703489267
The dagger art is dank,neither,0.04447914541045877,0.3169066016366655,0.6386142529528757
you still get the items,neither,0.053394771061115835,0.3833337080238194,0.5632715209150649
you still get the items when you push em off,neither,0.0522234944366509,0.4413740458420614,0.5064024597212878
this used to be an OW stream. BibleThump,neither,0.044907551041996126,0.32743859460671604,0.6276538543512878
the items will be there if you push,neither,0.03522151403773451,0.3438457941375026,0.620932691824763
look it's my overwatch teammates again,neither,0.02850836110066179,0.4312453817846168,0.5402462571147215
You just reload to get the items,neither,0.05704089097785605,0.38562905819880083,0.5573300508233431
!discord,neither,0.03945320844208391,0.33037608806864915,0.630170703489267
Once you have discord open > click on the cog wheel on the bottom for user settings > connections > sync your twitch,neither,0.05266856676401333,0.332051899217062,0.6152795340189248
!discord,neither,0.03945320844208391,0.33037608806864915,0.630170703489267
Once you have discord open > click on the cog wheel on the bottom for user settings > connections > sync your twitch,neither,0.05266856676401333,0.332051899217062,0.6152795340189248
I'm the dude who is crying against the wall,neither,0.04576245463949318,0.3313034755492975,0.6229340698112094
if you reload your game their stuff would be where they were standing before,neither,0.05054755970366841,0.36693564609214135,0.5825167942041901
"streamer,will you be doing movie night tonight?",neither,0.046217533081591794,0.29251702671490803,0.6612654402035002
what ganju skin is that,neither,0.052571219816076126,0.3733592831943815,0.5740694969895425
"MOONMOON_OW, If you push him of then reload his items will be there",neither,0.05263665433498497,0.3598359874472716,0.5875273582177434
"@MOONMOON_OW, You took my sub virginity, and it feels real good Kreygasm",neither,0.03412523752434964,0.4694566012249149,0.4964181612507354
@Moonmoon_ow playing dark souls 3 on competitive overwatch LUL,neither,0.03773662141881085,0.33853424052193576,0.6237291380592533
off*,neither,0.03945320844208391,0.33037608806864915,0.630170703489267
Gengu gon kill you now,offensive_language,0.3892941251732447,0.45024157222400363,0.1604643026027518
you gonna use shields?,offensive_language,0.014240972141861223,0.600738875009383,0.38502015284875574
"coward, join my steam group",neither,0.03155989218819599,0.38959516803498995,0.5788449397768142
So you meme'd on us when you said you hadn;t played before,offensive_language,0.08795849204496285,0.523309576986585,0.3887319309684522
type Xd im fucking dumb xd in chat if u think he will beat him first try,offensive_language,0.0692402992158768,0.9003267753896638,0.0304329253944594
moon2GASM moon2GASM moon2GASM moon2GASM moon2GASM moon2GASM moon2GASM moon2GASM moon2GASM moon2GASM,neither,0.03945320844208391,0.33037608806864915,0.630170703489267
jontron?,neither,0.03945320844208391,0.33037608806864915,0.630170703489267
He fucking Moonwalked away from you man. Ice Cold,offensive_language,0.13605266174695324,0.86101106280763,0.002936275445416845
moon2GASM moon2GASM moon2GASM moon2GASM moon2GASM,neither,0.03945320844208391,0.33037608806864915,0.630170703489267
when you load back in after knocking them off the items are there,neither,0.06639866902835813,0.31599517471559,0.6176061562560519
DS3 Coward!,neither,0.03945320844208391,0.33037608806864915,0.630170703489267
why people say gengu?,neither,0.05907565022736294,0.35157457536019926,0.5893497744124379
LUL,neither,0.03945320844208391,0.33037608806864915,0.630170703489267
PogChamp,neither,0.03945320844208391,0.33037608806864915,0.630170703489267
whats movie night?,neither,0.0339951902908927,0.29107823220262374,0.6749265775064837
LUL,neither,0.03945320844208391,0.33037608806864915,0.630170703489267
moon2GASM moon2GASM moon2GASM,neither,0.03945320844208391,0.33037608806864915,0.630170703489267
VoHiYo VoHiYo VoHiYo VoHiYo,neither,0.03945320844208391,0.33037608806864915,0.630170703489267
moon2LUL moon2LUL moon2LUL moon2LUL,neither,0.03945320844208391,0.33037608806864915,0.630170703489267
moon2GASM moon2GASM moon2GASM moon2GASM moon2GASM moon2GASM,neither,0.03945320844208391,0.33037608806864915,0.630170703489267
gooo,neither,0.03945320844208391,0.33037608806864915,0.630170703489267
moon2GASM moon2GASM moon2GASM moon2GASM,neither,0.03945320844208391,0.33037608806864915,0.630170703489267
h nooo,neither,0.03945320844208391,0.33037608806864915,0.630170703489267
moon2GASM moon2GASM moon2GASM moon2GASM moon2GASM moon2GASM moon2GASM moon2GASM moon2GASM moon2GASM moon2GASM moon2GASM,neither,0.03945320844208391,0.33037608806864915,0.630170703489267
moon2WINKY moon2GASM moon2WINKY moon2GASM moon2WINKY moon2GASM moon2WINKY,neither,0.03945320844208391,0.33037608806864915,0.630170703489267
PogChamp,neither,0.03945320844208391,0.33037608806864915,0.630170703489267
SwiftRage SwiftRage SwiftRage,neither,0.03945320844208391,0.33037608806864915,0.630170703489267
PogChamp,neither,0.03945320844208391,0.33037608806864915,0.630170703489267
VoHiYo,neither,0.03945320844208391,0.33037608806864915,0.630170703489267
moon2GASM moon2WINKY moon2GASM moon2WINKY moon2GASM moon2WINKY moon2GASM moon2WINKY moon2GASM moon2WINKY moon2GASM moon2WINKY,neither,0.03945320844208391,0.33037608806864915,0.630170703489267
weeeebbbb,neither,0.03945320844208391,0.33037608806864915,0.630170703489267
HIT EM WITH THE FLEX PogChamp,neither,0.028561453774091108,0.3500371272723245,0.6214014189535844
PogChamp,neither,0.03945320844208391,0.33037608806864915,0.630170703489267
moon2GASM moon2GASM moon2GASM moon2GASM moon2GASM moon2GASM moon2GASM moon2GASM moon2GASM moon2GASM moon2GASM moon2GASM,neither,0.03945320844208391,0.33037608806864915,0.630170703489267
HAHAHA LOVE IT,neither,0.03387603720759298,0.3489862389697151,0.6171377238226918
GENGUUUUUU,neither,0.03945320844208391,0.33037608806864915,0.630170703489267
moon2GASM moon2GASM moon2GASM moon2GASM moon2GASM moon2GASM moon2GASM moon2GASM moon2GASM moon2GASM moon2GASM,neither,0.03945320844208391,0.33037608806864915,0.630170703489267
moon2HEART moon2HEART moon2HEART moon2HEART moon2HEART,neither,0.03945320844208391,0.33037608806864915,0.630170703489267
GENGUUUUU,neither,0.03945320844208391,0.33037608806864915,0.630170703489267
bajFlex,neither,0.03945320844208391,0.33037608806864915,0.630170703489267
Rofl,neither,0.03945320844208391,0.33037608806864915,0.630170703489267
moon2WINKY moon2WINKY moon2WINKY moon2WINKY moon2GASM moon2GASM moon2GASM moon2GASM moon2GASM moon2WINKY moon2WINKY moon2WINKY,neither,0.03945320844208391,0.33037608806864915,0.630170703489267
moon2GASM moon2WINKY moon2GASM moon2WINKY moon2GASM moon2WINKY moon2GASM moon2WINKY moon2WINKY moon2GASM moon2WINKY moon2GASM moon2GASM moon2WINKY moon2GASM moon2WINKY moon2GASM,neither,0.03945320844208391,0.33037608806864915,0.630170703489267
discount gasm,neither,0.03945320844208391,0.33037608806864915,0.630170703489267
HIT EM WITH THE FLEX,neither,0.028561453774091108,0.3500371272723245,0.6214014189535844
Kreygasm,neither,0.03945320844208391,0.33037608806864915,0.630170703489267
HYAAAAAAA,neither,0.03945320844208391,0.33037608806864915,0.630170703489267
moon2XD moon2XD moon2XD,neither,0.03945320844208391,0.33037608806864915,0.630170703489267
moon2GASM moon2GASM moon2GASM moon2GASM moon2GASM moon2GASM moon2GASM moon2GASM moon2GASM moon2GASM,neither,0.03945320844208391,0.33037608806864915,0.630170703489267
moon2GASM moon2GASM moon2WINKY moon2WINKY moon2WINKY moon2GASM moon2WINKY moon2WINKY moon2GASM moon2WINKY moon2GASM moon2WINKY moon2WINKY moon2GASM moon2WINKY moon2GASM moon2GASM moon2WINKY moon2WINKY moon2GASM moon2WINKY moon2GASM moon2GASM moon2WINKY,neither,0.03945320844208391,0.33037608806864915,0.630170703489267
moon2WINKY moon2WINKY moon2WINKY moon2WINKY moon2WINKY moon2WINKY moon2WINKY moon2WINKY moon2WINKY,neither,0.03945320844208391,0.33037608806864915,0.630170703489267
moon2WINKY moon2WINKY moon2WINKY moon2WINKY moon2WINKY moon2WINKY moon2GASM moon2GASM moon2GASM moon2GASM moon2GASM moon2GASM moon2GASM moon2GASM,neither,0.03945320844208391,0.33037608806864915,0.630170703489267
Is this exclusive gameplay of Sea of thieves Kappa,neither,0.044682785896852595,0.3296040178742351,0.6257131962289123
bajFlex bajFlex bajFlex bajFlex bajFlex bajFlex bajFlex bajFlex bajFlex bajFlex bajFlex bajFlex bajFlex bajFlex,neither,0.03945320844208391,0.33037608806864915,0.630170703489267
moon2WINKY moon2GASM moon2WINKY moon2GASM,neither,0.03945320844208391,0.33037608806864915,0.630170703489267
moon2GASM moon2GASM moon2GASM moon2GASM moon2GASM moon2GASM moon2GASM moon2GASM moon2GASM moon2GASM,neither,0.03945320844208391,0.33037608806864915,0.630170703489267
what song is this?,neither,0.05996683045653229,0.33256274023851656,0.6074704293049512
moon2WINKY,neither,0.03945320844208391,0.33037608806864915,0.630170703489267
WEEB POWER PogChamp,neither,0.03945320844208391,0.33037608806864915,0.630170703489267
moon2GASM moon2GASM moon2GASM moon2GASM moon2GASM moon2GASM moon2GASM moon2WINKY moon2WINKY moon2WINKY moon2WINKY moon2WINKY moon2WINKY moon2WINKY,neither,0.03945320844208391,0.33037608806864915,0.630170703489267
STRAFE GAME,neither,0.03826383497213389,0.24674689817812728,0.7149892668497387
moon2WINKY moon2GASM moon2WINKY moon2GASM moon2WINKY moon2GASM moon2WINKY moon2GASM moon2WINKY moon2GASM moon2WINKY moon2GASM,neither,0.03945320844208391,0.33037608806864915,0.630170703489267
FUCKING BLIZZ NERF GENGU FFS,offensive_language,0.10816772023574688,0.8912101372551614,0.000622142509091592
opening to Attack on titan?,neither,0.043018678497896826,0.3398870146581827,0.6170943068439204
moon2WINKY moon2GASM moon2WINKY moon2GASM moon2WINKY moon2GASM moon2WINKY moon2GASM moon2WINKY moon2GASM moon2WINKY moon2GASM moon2WINKY moon2GASM moon2WINKY moon2GASM moon2WINKY moon2GASM moon2WINKY,neither,0.03945320844208391,0.33037608806864915,0.630170703489267
moon2GASM moon2WINKY moon2GASM moon2WINKY moon2GASM moon2WINKY moon2GASM moon2WINKY moon2GASM moon2WINKY moon2GASM moon2WINKY moon2GASM moon2WINKY,neither,0.03945320844208391,0.33037608806864915,0.630170703489267
SMOrc WEEBS SMOrc,neither,0.03945320844208391,0.33037608806864915,0.630170703489267
moon2GASM moon2GASM moon2GASM moon2GASM,neither,0.03945320844208391,0.33037608806864915,0.630170703489267
ew,neither,0.03945320844208391,0.33037608806864915,0.630170703489267
FutureMan FutureMan FutureMan FutureMan,neither,0.03945320844208391,0.33037608806864915,0.630170703489267
oh shit boi,offensive_language,0.047801050303324516,0.9515847091439461,0.0006142405527294053
@MOONMOON_OW YOLO BABY!,neither,0.03945320844208391,0.33037608806864915,0.630170703489267
VaultBoy TWO VaultBoy NUKES VaultBoy WEREN'T VaultBoy ENOUGH VaultBoy,neither,0.04007201994297493,0.3198732419292019,0.6400547381278233
ATTACK ON WEEB. Kreygasm,neither,0.03555782340361116,0.3492776245270808,0.6151645520693081
COWARD,neither,0.03945320844208391,0.33037608806864915,0.630170703489267
For no one who claims not to bed a weeb Moon has some great weeby emote moon2WINKY moon2GASM moon2WINKY moon2GASM moon2WINKY moon2GASM,neither,0.03203579496164898,0.3643117202940045,0.6036524847443464
"@PersianFlow, it's a dank meme from overwatch that we started but moon hates so we keep doing it to make strimmer mad: http://i.imgur.com/HzHf1w6.jpg",neither,0.03648647343900785,0.3126834501094898,0.6508300764515024
NO HONOR,neither,0.038391190278684685,0.34840130794807905,0.6132075017732364
NO HONOR,neither,0.038391190278684685,0.34840130794807905,0.6132075017732364
@valecity HeyGuys,neither,0.03945320844208391,0.33037608806864915,0.630170703489267
You are the Titan you ugly thing DansGame,hate_speech,0.4593045481034889,0.10628252745455524,0.4344129244419558
What song is this?,neither,0.05996683045653229,0.33256274023851656,0.6074704293049512
VoHiYo weeb?,neither,0.03945320844208391,0.33037608806864915,0.630170703489267
REFLECT PogChamp,neither,0.03945320844208391,0.33037608806864915,0.630170703489267
VoHiYo 竜神の剣を喰らえ VoHiYo,neither,0.03945320844208391,0.33037608806864915,0.630170703489267
DS3 COWARD,neither,0.03945320844208391,0.33037608806864915,0.630170703489267
GO SENSEI moon2WINKY moon2WINKY,neither,0.04276165647058889,0.34190019769565555,0.6153381458337556
@valecity HeyGuys &#12,neither,0.03945320844208391,0.33037608806864915,0.630170703489267
NO HONOR,neither,0.038391190278684685,0.34840130794807905,0.6132075017732364
"@clashpenguini05 Gengu, by Skrillex.",neither,0.042841257694558106,0.4528711557106023,0.5042875865948396
"This song is called ""Every Anime Ever""",neither,0.04540753303023466,0.33536823946349775,0.6192242275062677
just get a buckler and parry his bitch ass,offensive_language,0.02271906066261512,0.9772808258750031,1.1346238177038632e-07
HES GONNA DASH YOU ANY SECOND,neither,0.05068259482725263,0.4033824654558388,0.5459349397169085
"@PersianFlow, but basically everything is a gengu. literally everything.",neither,0.04254456662447722,0.33544806801945704,0.6220073653560657
@valecity HeyGuys,neither,0.03945320844208391,0.33037608806864915,0.630170703489267
HOW DOES GENGU ALWAYS HAVE ULT,offensive_language,0.023072901609101838,0.5219853187835629,0.45494177960733523
Come on you bag of bones move it!!!,neither,0.049726479310145594,0.3619569014177911,0.5883166192720632
PARRY HIM U WONT,neither,0.039328778182354515,0.33248799431335785,0.6281832275042877
PogChamp,neither,0.03945320844208391,0.33037608806864915,0.630170703489267
!movie night,neither,0.032267670507475914,0.2774683332972669,0.6902639961952571
5,neither,0.03945320844208391,0.33037608806864915,0.630170703489267
PogChamp PogChamp PogChamp PogChamp PogChamp,neither,0.03945320844208391,0.33037608806864915,0.630170703489267
Death Count: 5,neither,0.03945320844208391,0.33037608806864915,0.630170703489267
LUL,neither,0.03945320844208391,0.33037608806864915,0.630170703489267
LUL,neither,0.03945320844208391,0.33037608806864915,0.630170703489267
VoHiYo 戦う覚悟だ VoHiYo,neither,0.03945320844208391,0.33037608806864915,0.630170703489267
YOU CANNOT DEFEAT THE WEEB moon2GASM moon2GASM moon2GASM moon2GASM,neither,0.05454371144712104,0.3572319998312593,0.5882242887216196
R E K T,neither,0.03945320844208391,0.33037608806864915,0.630170703489267
4Head,neither,0.03945320844208391,0.33037608806864915,0.630170703489267
DEAD,neither,0.03945320844208391,0.33037608806864915,0.630170703489267
LUL,neither,0.03945320844208391,0.33037608806864915,0.630170703489267
REKT,neither,0.03945320844208391,0.33037608806864915,0.630170703489267
LUL,neither,0.03945320844208391,0.33037608806864915,0.630170703489267
RYŪ WAGA TEKI NO KURAU,neither,0.036918905254960256,0.37338982715841207,0.5896912675866277
This fight is the highlight of my night,neither,0.029427791908469798,0.3838550252150488,0.5867171828764813
NOOOOOOOOOO,neither,0.03945320844208391,0.33037608806864915,0.630170703489267
FATALITY,neither,0.03945320844208391,0.33037608806864915,0.630170703489267
RIP,neither,0.03945320844208391,0.33037608806864915,0.630170703489267
REKT,neither,0.03945320844208391,0.33037608806864915,0.630170703489267
moon2THUMP moon2THUMP moon2THUMP moon2THUMP moon2THUMP moon2THUMP moon2THUMP moon2THUMP moon2THUMP moon2THUMP moon2THUMP moon2THUMP moon2THUMP moon2THUMP moon2THUMP,neither,0.03945320844208391,0.33037608806864915,0.630170703489267
DEFLECTED,neither,0.03945320844208391,0.33037608806864915,0.630170703489267
NOOOOO,neither,0.03945320844208391,0.33037608806864915,0.630170703489267
noob down lmaooooo,neither,0.03945320844208391,0.33037608806864915,0.630170703489267
the slowwalk disrespect is real,neither,0.03853978224038825,0.4420132829141305,0.5194469348454813
MY CUMMIES,offensive_language,0.011017215557639733,0.6062201221254095,0.3827626623169507
moon2LUL,neither,0.03945320844208391,0.33037608806864915,0.630170703489267
RIPPPP,neither,0.03945320844208391,0.33037608806864915,0.630170703489267
REKT,neither,0.03945320844208391,0.33037608806864915,0.630170703489267
R E K T,neither,0.03945320844208391,0.33037608806864915,0.630170703489267
fucking lol,offensive_language,0.09339348782146913,0.9066061930924608,3.1908607007420275e-07
death count 5,neither,0.03945320844208391,0.33037608806864915,0.630170703489267
