text,top_class,hate_speech,offensive_language,neither
:x,neither,0.03945320844208391,0.33037608806864915,0.630170703489267
That peaceful music,neither,0.03557957986036988,0.3725073082173587,0.5919131119222714
Why no division?:(,neither,0.02718008522252254,0.36207895991472167,0.6107409548627558
what's the benefit of >144fps if the monitor can't refresh that fast?,neither,0.02613864029393991,0.3712583451990646,0.6026030145069956
"@FusedEclipse, I think he won it from betting? Not sure though.",neither,0.03795028371711071,0.41158220879345087,0.5504675074894384
@summit1g How are you sooo amazing :O,neither,0.09020485321100344,0.3271840613586456,0.582611085430351
Summit if u read this u r god,neither,0.02521875238930178,0.37648524741935374,0.5982960001913444
@Heinehansen he is going pro,neither,0.05328693761244929,0.35438409468765547,0.5923289676998953
caught you yawn,neither,0.0706864099480714,0.41396683955524866,0.51534675049668
"@dblue92 its an esea pug, just to make sure all the server settings are correct",neither,0.04899267856406139,0.45224186663394705,0.4987654548019916
"saltiest_salt, you were timed out for excessive repetition! (10s)",neither,0.04271737365062013,0.33425593645700535,0.6230266898923745
we got faith summit !!,neither,0.03826753743553226,0.3704473087805292,0.5912851537839385
Are there an decent knifes for £60,neither,0.050774483753139345,0.25049734952944147,0.6987281667174191
@Summit1g when did you pick up the bowie knfe?,neither,0.045641343905242195,0.39938504659664426,0.5549736094981136
Since when did csgo add a bowie knife,neither,0.032863343337760725,0.36285329081284234,0.6042833658493969
"@Heinehansen, because he has done everything in The Division that there is to do atm",neither,0.04954426590445596,0.3186987982668975,0.6317569358286464
Yawn 4Head,neither,0.03945320844208391,0.33037608806864915,0.630170703489267
what's the benefit of eyes if they're only 20 fps,neither,0.040446846191812345,0.3108179023559265,0.6487352514522612
"oh okay, thx nicholas for providing an actual answer",neither,0.03883211288054961,0.2851236454948375,0.676044241624613
LOL,neither,0.020706217963973744,0.4882283491876925,0.4910654328483337
What does this Knife cost? Bowie knife,neither,0.03386704515273553,0.40122183902683417,0.5649111158204304
gutknifes,neither,0.03945320844208391,0.33037608806864915,0.630170703489267
!uptime,neither,0.03945320844208391,0.33037608806864915,0.630170703489267
"@remarkabell Channel summit1g has been live for 12h, 17m and 01s",neither,0.037527441653855145,0.2724964938497483,0.6899760644963965
wait whos kitty,neither,0.03945320844208391,0.33037608806864915,0.630170703489267
!uptime,neither,0.03945320844208391,0.33037608806864915,0.630170703489267
"@hunter_swizz_9 Channel summit1g has been live for 12h, 17m and 07s",neither,0.037527441653855145,0.2724964938497483,0.6899760644963965
team damage in esea what? O_o,neither,0.04497045427833864,0.3264217721293492,0.6286077735923121
KittyPLaysGames,neither,0.03945320844208391,0.33037608806864915,0.630170703489267
Hahaha 12 hour what a man,neither,0.044280176360582194,0.38061910280492345,0.5751007208344945
"@dblue92, pretty sure its so that they dont have time to figure out spawn spots and stuff, idk maybe its just to make sure the server is fresh or something",neither,0.032310696907412485,0.4538116926644773,0.5138776104281102
@dblue92 npnp,neither,0.03945320844208391,0.33037608806864915,0.630170703489267
PogChamp,neither,0.03945320844208391,0.33037608806864915,0.630170703489267
SUMMIT IS BNACK,neither,0.04912624121044723,0.3270490885368631,0.6238246702526896
PogChamp,neither,0.03945320844208391,0.33037608806864915,0.630170703489267
PogChamp,neither,0.03945320844208391,0.33037608806864915,0.630170703489267
GET IT,neither,0.03490679507544832,0.35300313020848223,0.6120900747160695
VAC,neither,0.03945320844208391,0.33037608806864915,0.630170703489267
PogChamp,neither,0.03945320844208391,0.33037608806864915,0.630170703489267
PogChamp,neither,0.03945320844208391,0.33037608806864915,0.630170703489267
VAC,neither,0.03945320844208391,0.33037608806864915,0.630170703489267
PogChamp HES BACK,neither,0.03945320844208391,0.33037608806864915,0.630170703489267
LETS GOO,neither,0.0381375099945381,0.3527069244228318,0.6091555655826302
PogCHamp,neither,0.03945320844208391,0.33037608806864915,0.630170703489267
@georg_the_only_pirate cause of his fps,neither,0.08240277943286609,0.37796975041302333,0.5396274701541106
PogChamp,neither,0.03945320844208391,0.33037608806864915,0.630170703489267
PogChamp,neither,0.03945320844208391,0.33037608806864915,0.630170703489267
PogChamp,neither,0.03945320844208391,0.33037608806864915,0.630170703489267
LETS GO,neither,0.039984317429425154,0.35542799280679366,0.6045876897637812
vC,neither,0.03945320844208391,0.33037608806864915,0.630170703489267
lets go,neither,0.039984317429425154,0.35542799280679366,0.6045876897637812
OMG,neither,0.03945320844208391,0.33037608806864915,0.630170703489267
PogChampo,neither,0.03945320844208391,0.33037608806864915,0.630170703489267
PogChamp,neither,0.03945320844208391,0.33037608806864915,0.630170703489267
11 ponds,neither,0.03945320844208391,0.33037608806864915,0.630170703489267
sumWut sumWut sumWut sumWut sumWut sumLove sumLove sum100 sum100 sum100 sum100 sumWut sumWut sumWut sumWut sumWut sumWut sumWut,neither,0.03945320844208391,0.33037608806864915,0.630170703489267
holy fuck,offensive_language,0.19397613669184155,0.8059762285570093,4.7634751149108454e-05
VAAC,neither,0.03945320844208391,0.33037608806864915,0.630170703489267
PogChamp,neither,0.03945320844208391,0.33037608806864915,0.630170703489267
VAC,neither,0.03945320844208391,0.33037608806864915,0.630170703489267
4k LETS GO,neither,0.039984317429425154,0.35542799280679366,0.6045876897637812
sumOhface sumOhface sumOhface sumOhface,neither,0.03945320844208391,0.33037608806864915,0.630170703489267
leggo summit,neither,0.03945320844208391,0.33037608806864915,0.630170703489267
Didnt you say one more game 6 hrs ago?,neither,0.05091998809665188,0.34544806133765904,0.6036319505656892
wooow,neither,0.03945320844208391,0.33037608806864915,0.630170703489267
PogChamp,neither,0.03945320844208391,0.33037608806864915,0.630170703489267
summit carry,neither,0.03945320844208391,0.33037608806864915,0.630170703489267
PogChamp,neither,0.03945320844208391,0.33037608806864915,0.630170703489267
WutFace,neither,0.03945320844208391,0.33037608806864915,0.630170703489267
sumBuhblam,neither,0.03945320844208391,0.33037608806864915,0.630170703489267
sumOhface sumOhface,neither,0.03945320844208391,0.33037608806864915,0.630170703489267
DAMN,offensive_language,0.042479326866149344,0.9516554255713155,0.005865247562535126
:/,neither,0.03945320844208391,0.33037608806864915,0.630170703489267
vac,neither,0.03945320844208391,0.33037608806864915,0.630170703489267
HES BACK,neither,0.03945320844208391,0.33037608806864915,0.630170703489267
@Summit1g is FPL dead?,neither,0.05431922338769539,0.32526298383878083,0.6204177927735237
damn,offensive_language,0.042479326866149344,0.9516554255713155,0.005865247562535126
God,neither,0.03945320844208391,0.33037608806864915,0.630170703489267
ur nuts dude,neither,0.06716330658913222,0.3208453146526326,0.6119913787582351
naaajs 4k,neither,0.03945320844208391,0.33037608806864915,0.630170703489267
VAC,neither,0.03945320844208391,0.33037608806864915,0.630170703489267
GG,neither,0.03945320844208391,0.33037608806864915,0.630170703489267
PogChamp SUMMIT on fire VisLaud,neither,0.03678476550766061,0.34317296728457286,0.6200422672077666
HE'S BACK,neither,0.05051617290504041,0.32657102729093723,0.6229127998040224
1g,neither,0.03945320844208391,0.33037608806864915,0.630170703489267
sumVac2,neither,0.03945320844208391,0.33037608806864915,0.630170703489267
vac,neither,0.03945320844208391,0.33037608806864915,0.630170703489267
Vac,neither,0.03945320844208391,0.33037608806864915,0.630170703489267
EZ,neither,0.03945320844208391,0.33037608806864915,0.630170703489267
AYEE,neither,0.03945320844208391,0.33037608806864915,0.630170703489267
4k,neither,0.03945320844208391,0.33037608806864915,0.630170703489267
danChamp danChamp,neither,0.03945320844208391,0.33037608806864915,0.630170703489267
VAC,neither,0.03945320844208391,0.33037608806864915,0.630170703489267
SUMMIT HE IS BACK,neither,0.05400777590043841,0.3253701049112607,0.6206221191883009
@summit1g I choose you!,neither,0.0657576921055031,0.40200484595927277,0.5322374619352241
VAC,neither,0.03945320844208391,0.33037608806864915,0.630170703489267
let's go!,neither,0.01806316484133749,0.39391011985298136,0.5880267153056813
Summits a pro now,neither,0.03945320844208391,0.33037608806864915,0.630170703489267
omg,neither,0.03945320844208391,0.33037608806864915,0.630170703489267
VACCC PogChamp,neither,0.03945320844208391,0.33037608806864915,0.630170703489267
LMAO,neither,0.03705015143476208,0.3711622369619404,0.5917876116032975
SUMMITONFIRE,neither,0.03945320844208391,0.33037608806864915,0.630170703489267
VAC,neither,0.03945320844208391,0.33037608806864915,0.630170703489267
LETS GO,neither,0.039984317429425154,0.35542799280679366,0.6045876897637812
1g,neither,0.03945320844208391,0.33037608806864915,0.630170703489267
"@Summit1g, DEEZ NUTS. GOT EM",neither,0.038275244476250754,0.3726917163061553,0.5890330392175941
Vac,neither,0.03945320844208391,0.33037608806864915,0.630170703489267
1Gs in the chat,neither,0.03831145552551962,0.3093391937240226,0.6523493507504577
pistol OP,neither,0.03945320844208391,0.33037608806864915,0.630170703489267
1G,neither,0.03945320844208391,0.33037608806864915,0.630170703489267
1g,neither,0.03945320844208391,0.33037608806864915,0.630170703489267
sumVac2 sumVac sumVac2 sumVac sumVac2,neither,0.03945320844208391,0.33037608806864915,0.630170703489267
sumBuhblam,neither,0.03945320844208391,0.33037608806864915,0.630170703489267
ayyyy the smiles,neither,0.03831673657550799,0.3094399058884286,0.6522433575360634
!res,neither,0.03945320844208391,0.33037608806864915,0.630170703489267
"@johncantstream, summit's resolution is: 1600x900 16:9",neither,0.045524733458051476,0.32828781220222003,0.6261874543397284
oddshot_ missed it >*,neither,0.03742755396072793,0.3310728035323942,0.6314996425068778
CHIKEN,neither,0.03945320844208391,0.33037608806864915,0.630170703489267
1g,neither,0.03945320844208391,0.33037608806864915,0.630170703489267
PogChamp,neither,0.03945320844208391,0.33037608806864915,0.630170703489267
so huge,neither,0.03940859138782646,0.3968017356237245,0.5637896729884492
summit1tap,neither,0.03945320844208391,0.33037608806864915,0.630170703489267
420,neither,0.03945320844208391,0.33037608806864915,0.630170703489267
SUMMIT IS BACK,neither,0.04816456976848439,0.32737985144377757,0.624455578787738
C9 Summit,neither,0.03945320844208391,0.33037608806864915,0.630170703489267
LOL,neither,0.020706217963973744,0.4882283491876925,0.4910654328483337
lost pick op,neither,0.04375680784319953,0.2573327747322738,0.6989104174245266
!uptime,neither,0.03945320844208391,0.33037608806864915,0.630170703489267
what PogChamp,neither,0.057770773616808734,0.3180719994247239,0.6241572269584672
They lost to glocks,neither,0.04588485204178152,0.3266132277659323,0.6275019201922861
sumDerp sumDerp sumWut sumWut sumWut sumDerp sumDerp sumDerp sumDerp sumWut sumWut sumWut sumDerp sumDerp sumDerp,neither,0.03945320844208391,0.33037608806864915,0.630170703489267
summit might go to bed tonight :D,neither,0.04318974073287131,0.31267375859497487,0.6441365006721538
!crosshair,neither,0.03945320844208391,0.33037608806864915,0.630170703489267
default crosshair (summit will get tilted and go back to it). You can download this crosshair generator and make one yourself or mimic Summit's Crosshair: https://steamcommunity.com/sharedfiles/filedetails/?id=308490450,neither,0.0472275596154907,0.31947853101933565,0.6332939093651737
He's back,neither,0.05051617290504041,0.32657102729093723,0.6229127998040224
VAC1g,neither,0.03945320844208391,0.33037608806864915,0.630170703489267
sumVac2 sumVac2,neither,0.03945320844208391,0.33037608806864915,0.630170703489267
SUUUUMMITSS BACK,neither,0.03945320844208391,0.33037608806864915,0.630170703489267
just gettin warmed up,neither,0.030085984241208865,0.43400154529278495,0.5359124704660063
NIP Summt Inc,neither,0.040806819397493206,0.09407293664245689,0.8651202439600499
sumOhface sumOhface sumOhface,neither,0.03945320844208391,0.33037608806864915,0.630170703489267
summit literally just got a contract offered to him for that pistol round play,neither,0.03461883575733525,0.36696014966812396,0.5984210145745408
Liquid.summit,neither,0.03945320844208391,0.33037608806864915,0.630170703489267
Fuck stream over boys,offensive_language,0.14744622095551344,0.849570882567546,0.0029828964769405414
someone oddshot that,neither,0.03257894340918954,0.40605549816082975,0.5613655584299807
He is back PogChamp,neither,0.06762386238615045,0.3206869083949745,0.611689229218875
OpTic Summit 4Head,neither,0.03945320844208391,0.33037608806864915,0.630170703489267
dream team,neither,0.03945320844208391,0.33037608806864915,0.630170703489267
PTR Handshake LUL,neither,0.03945320844208391,0.33037608806864915,0.630170703489267
HotPokket PJSalt PJSalt,neither,0.03945320844208391,0.33037608806864915,0.630170703489267
12 houre warm up,neither,0.036620364424105496,0.3879805112187318,0.5753991243571628
he turned his hacks on,neither,0.06461768027364745,0.3415562837074139,0.5938260360189387
PogChamp cmonBruh,neither,0.03945320844208391,0.33037608806864915,0.630170703489267
that laugh,neither,0.03371102511330693,0.3933258097898909,0.5729631650968021
if only summit had 40 second oddshots instead of 20 FeelsBadMan,neither,0.028431492336650016,0.3638380788694818,0.6077304287938682
!res,neither,0.03945320844208391,0.33037608806864915,0.630170703489267
"@lukakrsnik, summit's resolution is: 1600x900 16:9",neither,0.045524733458051476,0.32828781220222003,0.6261874543397284
why have 60+ fps if the human eye cant see beyond that EleGiggle just science nerds EleGiggle,neither,0.06359823911925395,0.31346917878183594,0.6229325820989102
"""lucky""",neither,0.03945320844208391,0.33037608806864915,0.630170703489267
shazam! the future teammate!,neither,0.03861422477977264,0.31505416738948794,0.6463316078307395
another game? PogChamp,neither,0.12861840698744056,0.16796776796436522,0.7034138250481942
fucking GLAWKS,offensive_language,0.16642190182174219,0.8335780959705128,2.207744944905971e-09
"No luck, all skill",neither,0.04024000472860209,0.40917513094541125,0.5505848643259867
lol,neither,0.020706217963973744,0.4882283491876925,0.4910654328483337
Fnatic Summ1t,neither,0.03945320844208391,0.33037608806864915,0.630170703489267
"@Smokey, did you ever play h2 ?",neither,0.054020628219105235,0.3717049015051454,0.5742744702757495
luck? your aim was nuts,neither,0.06399409105652425,0.3251752702859826,0.6108306386574931
!sens,neither,0.03945320844208391,0.33037608806864915,0.630170703489267
"summit is very sensitive. Currently 1.1 in game, 400 dpi",neither,0.04365051636993934,0.3041637365150395,0.6521857471150212
100% skill,neither,0.03945320844208391,0.33037608806864915,0.630170703489267
summit is using the Corsair Strafe with Brown switches and Red LEDs: http://amzn.to/1nHOXvm,neither,0.035916080568457985,0.29242837695756485,0.6716555424739772
!crosshair,neither,0.03945320844208391,0.33037608806864915,0.630170703489267
RES?,neither,0.03945320844208391,0.33037608806864915,0.630170703489267
PogChamp sum1g,neither,0.03945320844208391,0.33037608806864915,0.630170703489267
why have 60+ fps if the human eye cant see beyond that EleGiggle its just science nerds EleGiggle,neither,0.058141859982220497,0.31550327605669654,0.6263548639610829
grand prix ump Kreygasm,neither,0.03945320844208391,0.33037608806864915,0.630170703489267
DansGame,neither,0.03945320844208391,0.33037608806864915,0.630170703489267
!Trade,neither,0.03945320844208391,0.33037608806864915,0.630170703489267
Steam Trades: -CLOSED- (for now),neither,0.03525199858095969,0.30938160971356765,0.6553663917054726
Aimbot.lmao,neither,0.03705015143476208,0.3711622369619404,0.5917876116032975
DansGame,neither,0.03945320844208391,0.33037608806864915,0.630170703489267
WutFace,neither,0.03945320844208391,0.33037608806864915,0.630170703489267
!uptime,neither,0.03945320844208391,0.33037608806864915,0.630170703489267
"@at0mik_slay3r Channel summit1g has been live for 12h, 18m and 38s",neither,0.037527441653855145,0.2724964938497483,0.6899760644963965
"@P4pita, nice memes",neither,0.03945320844208391,0.33037608806864915,0.630170703489267
!res,neither,0.03945320844208391,0.33037608806864915,0.630170703489267
"@P4pita, CS noob EleGiggle",neither,0.03945320844208391,0.33037608806864915,0.630170703489267
"P4pita, only people who cant afford 100+ hz says that",neither,0.0571761086111277,0.4064968270965006,0.5363270642923716
420x420,neither,0.03945320844208391,0.33037608806864915,0.630170703489267
shittiest skin e er,neither,0.03945320844208391,0.33037608806864915,0.630170703489267
1title,neither,0.03945320844208391,0.33037608806864915,0.630170703489267
lmao spaghetti strat,neither,0.03826895052530885,0.35047603558320173,0.6112550138914894
@Summit1g been playing Rocket League lately... holy smokes that game is fun,neither,0.040874258854937104,0.33123485896079236,0.6278908821842706
NotLikeThis,neither,0.03945320844208391,0.33037608806864915,0.630170703489267
why have 60+ fps if the human eye cant see beyond that EleGiggle its just science nerds EleGiggle .,neither,0.058141859982220497,0.31550327605669654,0.6263548639610829
LOL,neither,0.020706217963973744,0.4882283491876925,0.4910654328483337
sumFood sumFood sumFood sumFood,neither,0.03945320844208391,0.33037608806864915,0.630170703489267
"@xJoshie_77, 16;9 1600x900",neither,0.03945320844208391,0.33037608806864915,0.630170703489267
hnlbot ascend,neither,0.03945320844208391,0.33037608806864915,0.630170703489267
420x710,neither,0.03945320844208391,0.33037608806864915,0.630170703489267
FeelsBadMan,neither,0.03945320844208391,0.33037608806864915,0.630170703489267
lul,neither,0.03945320844208391,0.33037608806864915,0.630170703489267
Kreygasm,neither,0.03945320844208391,0.33037608806864915,0.630170703489267
!profile,neither,0.03945320844208391,0.33037608806864915,0.630170703489267
butthole hnl,neither,0.03945320844208391,0.33037608806864915,0.630170703489267
!uptime,neither,0.03945320844208391,0.33037608806864915,0.630170703489267
"@lordofdisaster1 Channel summit1g has been live for 12h, 18m and 59s",neither,0.037527441653855145,0.2724964938497483,0.6899760644963965
sumFood sumFood sumFood sumFood sumFood sumFood sumFood sumFood sumFood sumFood sumFood sumFood,neither,0.03945320844208391,0.33037608806864915,0.630170703489267
mom's spaghetti?,neither,0.03945320844208391,0.33037608806864915,0.630170703489267
spagetthi,neither,0.03945320844208391,0.33037608806864915,0.630170703489267
!resolution,neither,0.03945320844208391,0.33037608806864915,0.630170703489267
4:20 am here,neither,0.10149598592129701,0.28306218577205977,0.6154418283066432
You suck,offensive_language,0.16450004709331634,0.4394260942096852,0.39607385869699846
@P4pita thats the stupidest b8 people post 4Head EleGiggle kill yourself pls,neither,0.27074186644852716,0.22293896154794454,0.5063191720035284
mom's spahgetti?,neither,0.03945320844208391,0.33037608806864915,0.630170703489267
sumFood sumFood sumFood sumFood sumFood sumFood sumFood sumFood sumFood sumFood sumFood sumFood sumFood,neither,0.03945320844208391,0.33037608806864915,0.630170703489267
the human eye sees at 72 frames,neither,0.14266921073227237,0.2169310765587636,0.6403997127089641
hey,neither,0.03945320844208391,0.33037608806864915,0.630170703489267
I play cs on a laptop :3,neither,0.03722931466775631,0.34099610905939265,0.621774576272851
why does shazam still sound like he has the shittiest mic still. isnt he sponsored?,neither,0.034505014813461424,0.40935567977796633,0.5561393054085721
suck my dick,offensive_language,0.06253279774600497,0.9290110242191187,0.008456178034876262
HOW TO BE GOOD?,neither,0.050324573323464114,0.3303317745863431,0.6193436520901928
"xJoshie_77, 1024x768 bb, stretched for stream",neither,0.034330723673706695,0.30478573251735136,0.660883543808942
Ez 3 dollars,neither,0.03945320844208391,0.33037608806864915,0.630170703489267
im nude rn,neither,0.038631920752333876,0.36155170827143784,0.5998163709762283
:3,neither,0.03945320844208391,0.33037608806864915,0.630170703489267
!uptime,neither,0.03945320844208391,0.33037608806864915,0.630170703489267
"@kingofclouds420 Channel summit1g has been live for 12h, 19m and 22s",neither,0.037527441653855145,0.2724964938497483,0.6899760644963965
: @Summit1g been playing Rocket League lately... holy smokes that game is fun,neither,0.040874258854937104,0.33123485896079236,0.6278908821842706
@Summit1g have you found a hosue to move to,neither,0.0773547120036628,0.37840507299609044,0.5442402150002468
what does the star in their names means?,neither,0.031436106559996374,0.41409008753613974,0.5544738059038639
Hey summit I have my cock in my hand thinking about you,offensive_language,0.04173748525473944,0.7593856650005845,0.19887684974467615
4-1? beast mode?,neither,0.03945320844208391,0.33037608806864915,0.630170703489267
i stream nude on chaturbate,neither,0.036886023569996644,0.34267551149233,0.6204384649376733
this knife looks like shit,offensive_language,0.055527904518748956,0.9421327380029598,0.002339357478291163
!hnlbot ascend,neither,0.03945320844208391,0.33037608806864915,0.630170703489267
"@Bonny101, FailFish",neither,0.03945320844208391,0.33037608806864915,0.630170703489267
nerds thinking u can see beyond 60 fps LMAO EleGiggle,neither,0.03896154240612444,0.3387209438449863,0.6223175137488893
Bonny101 shut up,neither,0.06265639021040895,0.38499471102054117,0.5523488987690499
!res,neither,0.03945320844208391,0.33037608806864915,0.630170703489267
"@snw0w, summit's resolution is: 1600x900 16:9",neither,0.045524733458051476,0.32828781220222003,0.6261874543397284
"@Jorean_Kesus, TY",neither,0.03945320844208391,0.33037608806864915,0.630170703489267
I'm fapping to that knife right now,neither,0.04090007551215479,0.3833795537733436,0.5757203707145017
if im not at work im usually in my underwear with no shirt on,neither,0.018068535178570485,0.48482648727572475,0.49710497754570476
!RES,neither,0.03945320844208391,0.33037608806864915,0.630170703489267
jesus that knife is huge,neither,0.04254357959555282,0.3617625475010079,0.5956938729034394
@P4pita ayy nice troll,neither,0.03945320844208391,0.33037608806864915,0.630170703489267
!crosshair,neither,0.03945320844208391,0.33037608806864915,0.630170703489267
nerds thinking u can see beyond 60 fps LMAO EleGiggle 4Head,neither,0.03896154240612444,0.3387209438449863,0.6223175137488893
how can eyes be real if corey in the house isn't on anymore FeelsBadMan,neither,0.02455769075200578,0.41638088338920953,0.5590614258587847
its so ugly dude,neither,0.16787750343505417,0.16288351107762047,0.6692389854873254
sum1g sumLove sumUp sum1g,neither,0.03945320844208391,0.33037608806864915,0.630170703489267
,neither,0.03945320844208391,0.33037608806864915,0.630170703489267
@Aggyro i think he said something about buying the one hes in,neither,0.04117715217668857,0.3526878205117589,0.6061350273115526
"guys i'm telling you now, in the future we're going to have gpu's that connect directly to our visual cortex, like gsync for the human eye",neither,0.139608409489944,0.26308979020948403,0.5973018003005719
sum1g sum1g sum1g sum1g sum1g sum1g sum1g sum1g sum1g sum1g,neither,0.03945320844208391,0.33037608806864915,0.630170703489267
LUL,neither,0.03945320844208391,0.33037608806864915,0.630170703489267
we heard you the first time @P4pita,neither,0.04435064656211222,0.3876925518346101,0.5679568016032777
just woke up cool to see you still playing @Summit1g,neither,0.05094673399028737,0.44179883778299833,0.5072544282267142
sum100,neither,0.03945320844208391,0.33037608806864915,0.630170703489267
is that a knife or a sword?,neither,0.04249735286244585,0.361322993059183,0.5961796540783711
Goodnight sumsum. <3,neither,0.03945320844208391,0.33037608806864915,0.630170703489267
sumOhface sumOhface,neither,0.03945320844208391,0.33037608806864915,0.630170703489267
,neither,0.03945320844208391,0.33037608806864915,0.630170703489267
sum1g sumLove sumUp sum1g,neither,0.03945320844208391,0.33037608806864915,0.630170703489267
pistol dinked?,neither,0.03945320844208391,0.33037608806864915,0.630170703489267
LUL,neither,0.03945320844208391,0.33037608806864915,0.630170703489267
"P4pita, i got gamer glasses i see 120fps when i use them anomPleb",neither,0.0186139159061854,0.4556516421150034,0.5257344419788113
you gonna play cs all night?,offensive_language,0.04624480145464623,0.48549010589496555,0.4682650926503881
"P4pita, we hear youu ResidentSleeper",neither,0.03930140737147239,0.33295254840615174,0.6277460442223759
P4pita are u serious?,neither,0.08596774748322561,0.25868797923686365,0.6553442732799107
sumFail sumFail sumFail sumFail sumFail sumFail sumFail sumFail sumFail sumThump sumThump sumThump sumThump,neither,0.03945320844208391,0.33037608806864915,0.630170703489267
sum1g sum1g sum1g sum1g sum1g sum1g sum1g sum1g sum1g sum1g sum1g sum1g sum1g,neither,0.03945320844208391,0.33037608806864915,0.630170703489267
"@P4pita, poor guy cant afford a 144hz monitor so he trolls twitch chat MingLee",neither,0.042080833683421234,0.35818924406054703,0.5997299222560318
@Summit1g do you palm or claw?,neither,0.05395180645542517,0.3670462710827866,0.5790019224617884
sum1g 's + sumLove 's = sumSwag,neither,0.03945320844208391,0.33037608806864915,0.630170703489267
The human eye can interpret upto 1000 frames lol,neither,0.1472702011469381,0.2216374485860224,0.6310923502670395
sum1g sum1g sum1g sum1g sum1g sum1g sum1g sum1g sum1g sum1g sum1g sum1g sum1g sum1g,neither,0.03945320844208391,0.33037608806864915,0.630170703489267
sum1g sum1g sum1g sum1g sum1g sum1g sum1g sum1g sum1g sum1g sum1g sum1g sum1g sum1g sum1g sum1g sum1g,neither,0.03945320844208391,0.33037608806864915,0.630170703489267
sum1g,neither,0.03945320844208391,0.33037608806864915,0.630170703489267
that blows,neither,0.034563150067920476,0.3837986916761464,0.5816381582559332
1G,neither,0.03945320844208391,0.33037608806864915,0.630170703489267
tatCreepy,neither,0.03945320844208391,0.33037608806864915,0.630170703489267
sum1g,neither,0.03945320844208391,0.33037608806864915,0.630170703489267
sum1g sum1g sum1g sum1g sum1g sum1g sum1g sum1g sum1g sum1g sum1g sum1g sum1g sum1g sum1g sum1g sum1g sum1g sum1g,neither,0.03945320844208391,0.33037608806864915,0.630170703489267
1200 miles PogChamp,neither,0.03945320844208391,0.33037608806864915,0.630170703489267
sum1g,neither,0.03945320844208391,0.33037608806864915,0.630170703489267
!viewmodel,neither,0.03945320844208391,0.33037608806864915,0.630170703489267
cocaine,neither,0.03945320844208391,0.33037608806864915,0.630170703489267
"12,000 MILES PogChamp",neither,0.03945320844208391,0.33037608806864915,0.630170703489267
JuAn Gee,neither,0.03945320844208391,0.33037608806864915,0.630170703489267
PogChamp,neither,0.03945320844208391,0.33037608806864915,0.630170703489267
no,neither,0.036918905254960256,0.37338982715841207,0.5896912675866277
20+ hours,neither,0.03945320844208391,0.33037608806864915,0.630170703489267
sum1g sum1g sum1g sum1g sum1g,neither,0.03945320844208391,0.33037608806864915,0.630170703489267
"@P4pita, you've embarrassed yourself EleGiggle",neither,0.02735726788042064,0.3499661210247847,0.6226766110947947
lots of amphetamines,neither,0.03945320844208391,0.33037608806864915,0.630170703489267
sum1g sum1g sum1g sum1g sum1g sum1g,neither,0.03945320844208391,0.33037608806864915,0.630170703489267
huh huh SUH DUDE,neither,0.03945320844208391,0.33037608806864915,0.630170703489267
it is if you're on meth,neither,0.05372672981419122,0.4156685996323263,0.5306046705534826
"12,000,000 miles",neither,0.03945320844208391,0.33037608806864915,0.630170703489267
!sum1g,neither,0.03945320844208391,0.33037608806864915,0.630170703489267
vegas to cali is about 4 hours,neither,0.0505108819954723,0.3461318811552827,0.603357236849245
Uppers!,neither,0.03945320844208391,0.33037608806864915,0.630170703489267
It's possible. It was 18 hours both ways,neither,0.037545191969096635,0.33233869503790836,0.6301161129929952
20 hours at 60mph,neither,0.03858504957313958,0.3567879048699631,0.6046270455568973
86 days trip,neither,0.03945320844208391,0.33037608806864915,0.630170703489267
How long would that take?,neither,0.03448939499348195,0.3674644446538922,0.5980461603526258
You'd fall asleep,neither,0.05889171998613556,0.3845966469883131,0.5565116330255513
yea it is,neither,0.049683412385623446,0.3318785812189697,0.6184380063954068
tatSuh tatSuh tatSuh tatSuh tatSuh tatSuh tatSuh tatSuh,neither,0.03945320844208391,0.33037608806864915,0.630170703489267
the us is lie 3k isnt it?,neither,0.07379996869274022,0.3110179635305889,0.6151820677766708
THATS INSANNNNE,neither,0.03945320844208391,0.33037608806864915,0.630170703489267
"120,000 PogChamp",neither,0.03945320844208391,0.33037608806864915,0.630170703489267
!uptime,neither,0.03945320844208391,0.33037608806864915,0.630170703489267
I would fall asleep,neither,0.0388119004341895,0.3250058573760991,0.6361822421897115
"@ekeimic Channel summit1g has been live for 12h, 20m and 51s",neither,0.037527441653855145,0.2724964938497483,0.6899760644963965
and he sucks again,neither,0.04254293307806511,0.3189992353029368,0.638457831618998
rip your car mileage lmfao,neither,0.07076847941050667,0.32113408301498625,0.6080974375745071
HOW TO BE GOOD?,neither,0.050324573323464114,0.3303317745863431,0.6193436520901928
How did your car not over hear,neither,0.06137777675011331,0.32936583022102045,0.6092563930288662
i can do like 900 a day no issues,neither,0.05182181414331635,0.33996362003122327,0.6082145658254604
18 hours depending,neither,0.03945320844208391,0.33037608806864915,0.630170703489267
do you even vape bruh,neither,0.05501453265475139,0.3869262124819784,0.5580592548632701
Chat triggered over 60fps eyes 4Head,neither,0.03804613401836003,0.30101988573910726,0.6609339802425328
4 hours for 220 miles?,neither,0.034807729655779315,0.3071645203180973,0.6580277500261235
Heat *,neither,0.03945320844208391,0.33037608806864915,0.630170703489267
"@rohkroh, Unless it's Sunday Kappa",neither,0.038291493211346644,0.33077565520765156,0.6309328515810019
!fov,neither,0.03945320844208391,0.33037608806864915,0.630170703489267
!resolution,neither,0.03945320844208391,0.33037608806864915,0.630170703489267
"@lukakrsnik, summit's resolution is: 1600x900 16:9",neither,0.045524733458051476,0.32828781220222003,0.6261874543397284
hi,neither,0.03945320844208391,0.33037608806864915,0.630170703489267
1200000 PogChamp,neither,0.03945320844208391,0.33037608806864915,0.630170703489267
17.5,neither,0.03945320844208391,0.33037608806864915,0.630170703489267
sure chat u can see beyond 60 fps 4Head keep spending ur money on hardware ROFL,neither,0.04548715778752786,0.39962771346353115,0.554885128748941
"@UoRGhostayame, who drives 60 mph Kappa",neither,0.039895464961045436,0.37769077088816055,0.5824137641507939
yo summit i just got back from a 12 trillion mile trip straight,neither,0.03697188751355531,0.3938875520431378,0.5691405604433069
"1200 miles is possible, i'd just fly that shit",offensive_language,0.049840925316108176,0.9287485299207147,0.02141054476317721
12 million miles,neither,0.03945320844208391,0.33037608806864915,0.630170703489267
"12h PogChamp, Summit1g you are inhuman PogChamp",neither,0.3074667772907956,0.2930344039624175,0.399498818746787
Its called,neither,0.030527332019740477,0.33344610627173443,0.636026561708525
driving 18 hours with no sleep fuck that,offensive_language,0.09716379157998557,0.8921909270726324,0.010645281347382119
"ive driven 1000 miles from chicago to boulder colorado straight, took a couple adderall though :P",neither,0.04285883088821475,0.32066994057826914,0.6364712285335161
I get a headache after 1 hour of driving rip,neither,0.0391068424975227,0.33625482209093654,0.6246383354115407
terrorists win FeelsBadMan,neither,0.03945320844208391,0.33037608806864915,0.630170703489267
where does summit leave,neither,0.028893424414194287,0.4171953141883577,0.5539112613974482
1200 is like 17 hours,neither,0.05547739169938691,0.3401273760905939,0.6043952322100192
lol 4 eyes 4Head,neither,0.030492859955887783,0.3701667750004477,0.5993403650436645
shroudInsane dazedInsane,neither,0.03945320844208391,0.33037608806864915,0.630170703489267
4Head Chat triggered over 60fps eyes 4Head,neither,0.03804613401836003,0.30101988573910726,0.6609339802425328
I can stay up for multiple days without stimulants 0.o? Yall never pulled an over-nighter without drugs?,neither,0.03163649229789761,0.3670591216511697,0.6013043860509327
"its possible, but it sure is stupid",neither,0.09704232728809176,0.3577783681616082,0.5451793045503
That dudes car is burnt,neither,0.04293523137589803,0.365448356699408,0.591616411924694
P4pita nice troll ***,neither,0.03945320844208391,0.33037608806864915,0.630170703489267
sure chat u can see beyond 60 fps 4Head keep spending ur money on hardware ROFL EleGiggle,neither,0.04548715778752786,0.39962771346353115,0.554885128748941
shroudinsane,neither,0.03945320844208391,0.33037608806864915,0.630170703489267
"@Summit1g, thanks for noticing my 7 month resub you heartless bastard BibleThump",neither,0.03444061887590578,0.38329726119521806,0.5822621199288761
@The_reflex exactly ninjaCreep,neither,0.03945320844208391,0.33037608806864915,0.630170703489267
i literally went around the globe 3 times to get here and watch Kappa,neither,0.07158165302931488,0.2799982652965939,0.6484200816740913
how much is 1200miles in kilometers? almost 2k?,neither,0.042654645714431914,0.32927496698685355,0.6280703872987144
Its called Caffine And Insomnia,neither,0.03322038343245367,0.295320321177721,0.6714592953898254
"I would drive from Southern California to Oregon in 1 shot, about 15 hours",neither,0.04781182360328296,0.3892352747924489,0.5629529016042681
welcome home sum sum,neither,0.03945320844208391,0.33037608806864915,0.630170703489267
Mkiz 193km,neither,0.03945320844208391,0.33037608806864915,0.630170703489267
shroudInsane,neither,0.03945320844208391,0.33037608806864915,0.630170703489267
i can make that in 10 hours in my lambo Keepo,neither,0.029272272253354863,0.41572797653827975,0.5549997512083653
late stream <3 <3,neither,0.03945320844208391,0.33037608806864915,0.630170703489267
"2,000 km",neither,0.03945320844208391,0.33037608806864915,0.630170703489267
Mkiz 1930*,neither,0.03945320844208391,0.33037608806864915,0.630170703489267
@steveballs22 miles counter isnt more than just a number unless you are selling it,neither,0.06028393041454256,0.3404867304831934,0.5992293391022641
@summit1g is the ak brand new?,neither,0.04908638261982596,0.23893609911085936,0.7119775182693145
shroudW shroudMilk,neither,0.03945320844208391,0.33037608806864915,0.630170703489267
"Mkiz, 1930",neither,0.03945320844208391,0.33037608806864915,0.630170703489267
"@Slowpoke28g who even wants to be awake without drugs, let alone STAYING UP multiple nights",neither,0.03298035513007206,0.4133564362206709,0.553663208649257
PogChamp,neither,0.03945320844208391,0.33037608806864915,0.630170703489267
blcoked,neither,0.03945320844208391,0.33037608806864915,0.630170703489267
dazedInsane shroudInsane,neither,0.03945320844208391,0.33037608806864915,0.630170703489267
!uptime,neither,0.03945320844208391,0.33037608806864915,0.630170703489267
"@johnnyk46 Channel summit1g has been live for 12h, 21m and 54s",neither,0.037527441653855145,0.2724964938497483,0.6899760644963965
!sum1g,neither,0.03945320844208391,0.33037608806864915,0.630170703489267
"@P4pita, stay silver LUL MingLee",neither,0.03945320844208391,0.33037608806864915,0.630170703489267
"@Lettoo, thats insane",neither,0.03945320844208391,0.33037608806864915,0.630170703489267
bait,neither,0.03945320844208391,0.33037608806864915,0.630170703489267
"@Mkiz, Just google it lol, and yeah it's 1931",neither,0.017577273522974078,0.4456068176649172,0.5368159088121087
"Plebs in chat thinking twelve hundred is 12,000 sumStache",neither,0.044224889557762104,0.3287348881246548,0.6270402223175832
"@Mkiz, 1931.213",neither,0.03945320844208391,0.33037608806864915,0.630170703489267
its about 1900 km,neither,0.027242240208967487,0.3811678370949973,0.5915899226960352
!crosshair,neither,0.03945320844208391,0.33037608806864915,0.630170703489267
default crosshair (summit will get tilted and go back to it). You can download this crosshair generator and make one yourself or mimic Summit's Crosshair: https://steamcommunity.com/sharedfiles/filedetails/?id=308490450,neither,0.0472275596154907,0.31947853101933565,0.6332939093651737
"btw i have a 200 word essay due for tomorrow and i am still watching summit, what am i doing with my life FailFish",neither,0.027922275258696127,0.3823484392571881,0.5897292854841159
FeelsBadMan It,neither,0.034373745257138544,0.33212314837979673,0.6335031063630647
"""802 kills"" lel",neither,0.03945320844208391,0.33037608806864915,0.630170703489267
!uptime,neither,0.03945320844208391,0.33037608806864915,0.630170703489267
is he doin a 24 h stream>?,neither,0.0512283124114386,0.3263260898591007,0.6224455977294606
!res,neither,0.03945320844208391,0.33037608806864915,0.630170703489267
200? thats it? @P4pita,neither,0.037854175913935965,0.3309260686796792,0.6312197554063848
"Mkiz yeah and quite stupid, no wai you can keep focus for 18h straight",neither,0.07583589671230923,0.31416061338772694,0.6100034898999638
@summit1g cmon sum sum crack a smile ❤❤ that forhead lights my day up fo shooo,neither,0.031002489001780698,0.41183903816156703,0.5571584728366524
It's not intentional @legendtier FeelsBadMan,neither,0.033343388287243585,0.34312202601138486,0.6235345857013717
!rank,neither,0.03945320844208391,0.33037608806864915,0.630170703489267
Hi all ^^,neither,0.0423466876598404,0.4436528871510691,0.5140004251890904
yeah 200 words man... im fucked,offensive_language,0.028776522648155965,0.733221979091095,0.23800149826074896
!sens,neither,0.03945320844208391,0.33037608806864915,0.630170703489267
!resolution,neither,0.03945320844208391,0.33037608806864915,0.630170703489267
"@olofmeister225, summit's resolution is: 1600x900 16:9",neither,0.045524733458051476,0.32828781220222003,0.6261874543397284
anyone know if this is stretched or black bars?,neither,0.043446283065722596,0.3621286451313046,0.5944250718029729
!res,neither,0.03945320844208391,0.33037608806864915,0.630170703489267
!sens,neither,0.03945320844208391,0.33037608806864915,0.630170703489267
"summit is very sensitive. Currently 1.1 in game, 400 dpi",neither,0.04365051636993934,0.3041637365150395,0.6521857471150212
Twitch chat = quality dank maymays BrokeBack,neither,0.03945320844208391,0.33037608806864915,0.630170703489267
200 is easy,neither,0.04825964863944339,0.3273471494601558,0.6243932019004007
black,neither,0.10239964558054145,0.28810026718488857,0.6095000872345699
ananı seveyim,neither,0.03945320844208391,0.33037608806864915,0.630170703489267
200 words!,neither,0.03945320844208391,0.33037608806864915,0.630170703489267
black bars,neither,0.06867642808736862,0.3075539803663401,0.6237695915462914
"@bryy_tv, blackbars",neither,0.03945320844208391,0.33037608806864915,0.630170703489267
I'm sad chat thinks I'm dumb for driving Twelve hundred miles straight.,neither,0.036251844385638055,0.31437542087166825,0.6493727347426936
