text,top_class,hate_speech,offensive_language,neither
WutFace,neither,0.03945320844208391,0.33037608806864915,0.630170703489267
how many Years Have You Been Streaming??,neither,0.05140026794083944,0.3786686807698182,0.5699310512893424
"@PEPPERONIxPLAYBOY, what, do you want him to grow dreads and wear a beanie or something? its what he wears whats wrong with that lol",neither,0.04313888909736934,0.3814829802586485,0.5753781306439821
BibleThump WE CAN PRETEND Bible Thump,neither,0.039539311227309026,0.32891469909301574,0.6315459896796752
"@milobentley, guy was droppping the n bomb in a donation",neither,0.037918076526239,0.3234645471134895,0.6386173763602715
"Karnage_105, wasn't that the guy summit banned from the donos?",neither,0.03617182396052041,0.32991845178777196,0.6339097242517078
1 PogChamp,neither,0.03945320844208391,0.33037608806864915,0.630170703489267
"@Summit1g, Oh your not going to stay on too much longer tonight? thats fine, i wanted to watch Tim over you anyways man 4Head",neither,0.06725105870883427,0.360812319265438,0.5719366220257277
1-1,neither,0.03945320844208391,0.33037608806864915,0.630170703489267
what does summit use for his wasd?,neither,0.018821480453528567,0.4676688491549135,0.5135096703915579
100% PogChamp,neither,0.03945320844208391,0.33037608806864915,0.630170703489267
blue_tw1tch who?,offensive_language,0.04159901189299763,0.525362713080101,0.4330382750269014
we got this,neither,0.03675758764508414,0.4193210458240908,0.5439213665308251
@summit1g m,neither,0.03945320844208391,0.33037608806864915,0.630170703489267
"@bLuE_tw1tch, it was a different name, but most likely the same person",neither,0.03609811962329017,0.33262987576048564,0.6312720046162241
"Karnage_105, that mrdavid guy",neither,0.032320111450793595,0.41345824141993653,0.5542216471292698
lucio lmaoo,neither,0.03945320844208391,0.33037608806864915,0.630170703489267
"@BummSoup, the nagger one? Or was it the N word N word?",neither,0.03640678553030761,0.3313928073298794,0.6322004071398131
"Karnage70, Mrdhdavid",neither,0.03945320844208391,0.33037608806864915,0.630170703489267
moon2VAPE moon2VAPE moon2VAPE,neither,0.03945320844208391,0.33037608806864915,0.630170703489267
I wasnt a donator,neither,0.03945320844208391,0.33037608806864915,0.630170703489267
haHAA,neither,0.03945320844208391,0.33037608806864915,0.630170703489267
"@Summit1g, also use default crosshair for roadhog, the big circle shows the hooks you can land",neither,0.019313754506624196,0.3960699521293011,0.5846162933640746
@summit1g can I have a knife from csgo please,neither,0.04004751124006701,0.32028921858016673,0.6396632701797662
blue_tw1tch no that donator started with a G,neither,0.02226577348663843,0.4417148774288847,0.5360193490844768
Does he have to play hog all match for this challenge?,neither,0.03346704099570406,0.43331778246798686,0.5332151765363091
new cs is coming in a year,neither,0.0494195179785647,0.25536212700713545,0.6952183550142997
"With that rate, you aren't gonna make it 15 hooks",neither,0.03669574536492419,0.4432993483869403,0.5200049062481356
"@NicklesJ the kid needs to be himself, a white man from Colorado. no shame in his game",offensive_language,0.3467764795630156,0.4304254649680875,0.22279805546889686
padding hook accuracy lil,neither,0.03945320844208391,0.33037608806864915,0.630170703489267
slow the game down summit! you wont make enough hooks,neither,0.0472393682806349,0.3192987893297469,0.6334618423896181
anaanananananaa,neither,0.03945320844208391,0.33037608806864915,0.630170703489267
LUL,neither,0.03945320844208391,0.33037608806864915,0.630170703489267
try to use default crosshair for roadhog man @summit1g,neither,0.016019239006053385,0.42653577577437773,0.5574449852195689
3/4?,neither,0.03945320844208391,0.33037608806864915,0.630170703489267
fooking hook,neither,0.03945320844208391,0.33037608806864915,0.630170703489267
2/3 PogChamp,neither,0.03945320844208391,0.33037608806864915,0.630170703489267
66%,neither,0.03945320844208391,0.33037608806864915,0.630170703489267
"Karnage_105, oh, i saw summit ban him after that so ii wasn't sure",neither,0.036752110901821566,0.4235699343537413,0.5396779547444371
3/4,neither,0.03945320844208391,0.33037608806864915,0.630170703489267
100%,neither,0.03945320844208391,0.33037608806864915,0.630170703489267
"@Karnage_105, i thought it was 100, then 150, then 250, then like 500",neither,0.04575509572151689,0.2875151495745891,0.666729754703894
ananananana lol,neither,0.020706217963973744,0.4882283491876925,0.4910654328483337
"@DasCaliber, the nagger, and he was donating spammed words",neither,0.04258195840505944,0.2843952867034858,0.6730227548914548
"@bLuE_tw1tch, I said nagger in the chat, but I never donated the message",neither,0.03372743876144236,0.34229417921675653,0.6239783820218012
do a pre hook or something make bi g plays big boy,neither,0.03061241368581502,0.36633831189872984,0.6030492744154552
HARAMBE BibleThump,neither,0.03945320844208391,0.33037608806864915,0.630170703489267
blue_tw1tch that was somone named spazzis or something,neither,0.03545455323549406,0.374630724506832,0.5899147222576739
80% PogChamp,neither,0.03945320844208391,0.33037608806864915,0.630170703489267
75%,neither,0.03945320844208391,0.33037608806864915,0.630170703489267
PogChamp,neither,0.03945320844208391,0.33037608806864915,0.630170703489267
LOL,neither,0.020706217963973744,0.4882283491876925,0.4910654328483337
LUL,neither,0.03945320844208391,0.33037608806864915,0.630170703489267
damn,offensive_language,0.042479326866149344,0.9516554255713155,0.005865247562535126
LOL,neither,0.020706217963973744,0.4882283491876925,0.4910654328483337
"@BummSoup, Yea the peanut and the howdy",neither,0.03725147258202601,0.2700562170575972,0.6926923103603767
wowowow,neither,0.03945320844208391,0.33037608806864915,0.630170703489267
HOLY,neither,0.03945320844208391,0.33037608806864915,0.630170703489267
What's your favorite game of all time?,neither,0.08001832618958227,0.35940600932599026,0.5605756644844275
lo,neither,0.03945320844208391,0.33037608806864915,0.630170703489267
lmaoooooo,neither,0.03945320844208391,0.33037608806864915,0.630170703489267
You aren't gonna make it 15 dude,neither,0.05098399290755511,0.4154486241968781,0.5335673828955667
LOL,neither,0.020706217963973744,0.4882283491876925,0.4910654328483337
PogChamp,neither,0.03945320844208391,0.33037608806864915,0.630170703489267
PogChamp,neither,0.03945320844208391,0.33037608806864915,0.630170703489267
"@Summit1g, use default crosshair for roadhog, the big circle shows the hooks you can land",neither,0.018724753033870185,0.3986001458777676,0.5826751010883622
I ca*'t use the * word because simply saying the letter * is a ba**able offe*se,neither,0.023068474173470188,0.361384163672239,0.6155473621542908
denied,neither,0.03945320844208391,0.33037608806864915,0.630170703489267
lolol,neither,0.03945320844208391,0.33037608806864915,0.630170703489267
LUL,neither,0.03945320844208391,0.33037608806864915,0.630170703489267
5/6,neither,0.03945320844208391,0.33037608806864915,0.630170703489267
PogChamp,neither,0.03945320844208391,0.33037608806864915,0.630170703489267
Road to 80%!!!! PogChamp sumStache,neither,0.04651613755226146,0.3262556384429789,0.6272282240047597
YO SAMMIT THE PLAYS,neither,0.0383185042358746,0.397098302162436,0.5645831936016893
5-6,neither,0.03945320844208391,0.33037608806864915,0.630170703489267
PogChamp PogChamp PogChamp PogChamp,neither,0.03945320844208391,0.33037608806864915,0.630170703489267
4/5,neither,0.03945320844208391,0.33037608806864915,0.630170703489267
lawlization what u talkin about,neither,0.04465386076578256,0.3611401750896687,0.5942059641445486
Lol,neither,0.020706217963973744,0.4882283491876925,0.4910654328483337
"@Karnage_105, nvm im dumb wrong guy",neither,0.038326151416177845,0.36486974644761117,0.5968041021362109
denied,neither,0.03945320844208391,0.33037608806864915,0.630170703489267
PogChamp,neither,0.03945320844208391,0.33037608806864915,0.630170703489267
MLG,neither,0.03945320844208391,0.33037608806864915,0.630170703489267
83 PogChamp,neither,0.03945320844208391,0.33037608806864915,0.630170703489267
alright that was a clutch hook,neither,0.03631446999080789,0.36498153048768656,0.5987039995215057
"Karnage_105, oh got ya sumUp",offensive_language,0.02553975959376048,0.6703506000052559,0.30410964040098354
LOL,neither,0.020706217963973744,0.4882283491876925,0.4910654328483337
clutch hook,neither,0.03945320844208391,0.33037608806864915,0.630170703489267
Denied LOL,neither,0.031120645729857982,0.3912535864736078,0.5776257677965343
I failed,neither,0.03945320844208391,0.33037608806864915,0.630170703489267
PogChamp,neither,0.03945320844208391,0.33037608806864915,0.630170703489267
TriHard ?,neither,0.03945320844208391,0.33037608806864915,0.630170703489267
Holy moly,neither,0.03945320844208391,0.33037608806864915,0.630170703489267
PogChamp,neither,0.03945320844208391,0.33037608806864915,0.630170703489267
lol,neither,0.020706217963973744,0.4882283491876925,0.4910654328483337
Hey guys how do I tell if my dads are gay? They've been acting strange recently.,neither,0.07120230589542602,0.3080255889244327,0.6207721051801414
PogChamp FINISHED,neither,0.03945320844208391,0.33037608806864915,0.630170703489267
moon2CHAMP moon2CHAMP moon2CHAMP,neither,0.03945320844208391,0.33037608806864915,0.630170703489267
yeah that was a gutsy hook lol,offensive_language,0.017620667624577417,0.5079758504235338,0.47440348195188875
moon2MLADY moon2MLADY moon2MLADY moon2MLADY moon2MLADY moon2MLADY moon2MLADY moon2MLADY,neither,0.03945320844208391,0.33037608806864915,0.630170703489267
gotta be clutch now,neither,0.03809861769011185,0.36501960891692264,0.5968817733929656
he needs 15 hooks at 80% and to win,neither,0.04642687322381032,0.31566861666409446,0.6379045101120951
"Mrdhdavid, don't say dumb shit in chat homie",offensive_language,0.047061648576745,0.9467142626114927,0.00622408881176235
ezpz summit,neither,0.03945320844208391,0.33037608806864915,0.630170703489267
Gg ez,neither,0.03945320844208391,0.33037608806864915,0.630170703489267
lol,neither,0.020706217963973744,0.4882283491876925,0.4910654328483337
looking for friend to raom twitchcon with FeelsBadMan,neither,0.02775199232833753,0.33460854968584247,0.6376394579858201
Bring VEI back BibleThump,neither,0.03945320844208391,0.33037608806864915,0.630170703489267
PogChamp wow,neither,0.03945320844208391,0.33037608806864915,0.630170703489267
do you get anything for 80% hook challenge? lol,neither,0.0395291120545619,0.38044893080280906,0.5800219571426292
@Pujikula what does that mean,offensive_language,0.025450117307523622,0.5020143506522202,0.4725355320402561
@summit1g I know u played csgo so can I have a knife pleas I really want one,neither,0.03885160081538671,0.3796457823054263,0.581502616879187
guys putting the fuckign word in quotes dosn't mean you can say it,neither,0.04852268537218521,0.34737339242396476,0.6041039222038501
we dont want him to complete the challange because when he does he gets off,neither,0.03378662727690019,0.4152693068068122,0.5509440659162876
summitgayg,neither,0.03945320844208391,0.33037608806864915,0.630170703489267
summit is using an Audio-Technica ATH-ADG1x http://amzn.to/1UhAK5y,neither,0.04471472993563879,0.29125221169430604,0.6640330583700553
stop sayinng the word if you dont wanna get banned,neither,0.033701239411446565,0.4641617390399395,0.502137021548614
@Yoda7224 if you walk in on them having anal coidus you know,neither,0.05610106851692833,0.46306357132654435,0.4808353601565273
use your heads,neither,0.02448582536635298,0.43544955490061055,0.5400646197330365
@ChrisToday respect,neither,0.03945320844208391,0.33037608806864915,0.630170703489267
@pronaron nobody cares if you got banned,offensive_language,0.028745043482296045,0.5545983542470845,0.41665660227061946
"@ChrisToday, Internet dick size",offensive_language,0.06080824440763569,0.8603268943666982,0.0788648612256661
@summit1g will you be doing races against subs in fh3?,neither,0.05399480154025317,0.33084622543237424,0.6151589730273725
6:10 left? my dad could do it in 6:20 disgracefull Kappa,neither,0.032098948901564374,0.38505758296587755,0.582843468132558
Chat so smart LUL,neither,0.03941612359379593,0.36573551825573775,0.5948483581504663
does anyone know why i cant show a deleted message anymore?,neither,0.030992965232030083,0.37993201258108233,0.5890750221868877
is annoying banned as well then?,neither,0.044299570361389005,0.3561851467418491,0.599515282896762
@chat what doe she get if he completes the challenge?,neither,0.033327014251052646,0.406099708505898,0.5605732772430493
what word,neither,0.04856732700198349,0.3239733138270362,0.6274593591709804
"@bLuE_tw1tch, they have heads, just nothing inside",neither,0.03070664918849438,0.22626888364088354,0.743024467170622
whats up with that,neither,0.021979937296931536,0.4764961180888467,0.5015239446142217
what ur drinking?,neither,0.08105773423944977,0.31372138259307164,0.6052208831674786
If you land 15 hooks you can only miss 3 o.o,neither,0.04050155487648394,0.4390815394710331,0.520416905652483
empy heads FeelsBadMan,neither,0.03945320844208391,0.33037608806864915,0.630170703489267
empty*,neither,0.03945320844208391,0.33037608806864915,0.630170703489267
"you can miss 3 hooks out of 15 and make it, 12/15 is 80%",neither,0.043624276933309204,0.33703469513051576,0.6193410279361751
@summit1g how you loke the new h1z1 so far,neither,0.06372370751918877,0.308230557588567,0.6280457348922442
PHOON,neither,0.03945320844208391,0.33037608806864915,0.630170703489267
-=]- Summit1G Overwatch God -[=-,neither,0.03945320844208391,0.33037608806864915,0.630170703489267
LUL,neither,0.03945320844208391,0.33037608806864915,0.630170703489267
@pronaron fuk off you cunt,offensive_language,0.0677142631002526,0.9321551133421164,0.00013062355763096884
!chair,neither,0.03945320844208391,0.33037608806864915,0.630170703489267
summit has a Need For Seat Pro chair similar to this one: http://www.needforseatusa.com/computer_gaming_chair_needforseat_pro,neither,0.03764176348896586,0.2749549174234055,0.6874033190876285
Hello,neither,0.03945320844208391,0.33037608806864915,0.630170703489267
"When the N word is racist, but every other word isnt lol oh wait...blacks are the only ones that get offended LUL",neither,0.18011380404053734,0.2324925333034048,0.587393662656058
@bLuE_tw1tch hows the ice cream?,neither,0.03868394433493261,0.31635428571763474,0.6449617699474328
"Fucking morons, man. It hurts",offensive_language,0.09378021950723503,0.9031055220623493,0.0031142584304156063
"@bLuE_tw1tch, Would you say LUL > EleGiggle ?",neither,0.055234393892392035,0.3704350598906696,0.5743305462169385
Kappa,neither,0.03945320844208391,0.33037608806864915,0.630170703489267
FORZA HORIZON 3 1 HOUR 45 MINUTES,neither,0.03945320844208391,0.33037608806864915,0.630170703489267
wait it doesnt show when people get banned wtf,offensive_language,0.06289832859070418,0.47685692962790854,0.46024474178138725
"@Admiral_VoHiYo you are so stupid, its crazy",neither,0.21951471449932863,0.358558803979888,0.4219264815207834
Or you can land 80 out of 100 hooks Kappa,neither,0.04573208858424877,0.3642430519534468,0.5900248594623044
@summit1g asuh bro,neither,0.03945320844208391,0.33037608806864915,0.630170703489267
"@Summit1g, how much for u to sign the shirt ur wearing and send it to me",neither,0.04783719328813951,0.29618594117725006,0.6559768655346104
oh my god,neither,0.030266422441093326,0.38268872444249025,0.5870448531164164
Tension rises as summit gets less hooks and chat goes into n-word anarchy Kappa,neither,0.03825148113783462,0.32757510281998725,0.6341734160421781
perma PogChamp,neither,0.03945320844208391,0.33037608806864915,0.630170703489267
@admiral_vohiyo that just doesnt make sense,neither,0.03202765686914627,0.38785579394945924,0.5801165491813945
@summit1g will you be doing races against subs in fh3?,neither,0.05399480154025317,0.33084622543237424,0.6151589730273725
summit,neither,0.03945320844208391,0.33037608806864915,0.630170703489267
damn,offensive_language,0.042479326866149344,0.9516554255713155,0.005865247562535126
DAM],neither,0.03945320844208391,0.33037608806864915,0.630170703489267
YOU DONE PogChamp,neither,0.07531082551592745,0.4569810852733005,0.46770808921077206
perma?,neither,0.03945320844208391,0.33037608806864915,0.630170703489267
Chat can we just try to act decent tonight? FFS,neither,0.037838775940180834,0.34154041810518065,0.6206208059546384
SLAP HIM,neither,0.03926181570870985,0.3336245222492383,0.627113662042052
sereFeels,neither,0.03945320844208391,0.33037608806864915,0.630170703489267
summit is a savage,neither,0.04680936299740092,0.3278459691961762,0.6253446678064228
Savage summit,neither,0.03945320844208391,0.33037608806864915,0.630170703489267
rip,neither,0.03945320844208391,0.33037608806864915,0.630170703489267
*cracks knuckles* TIME TO GET TO BANNING,neither,0.04858559652446091,0.34538952673247286,0.6060248767430662
OpieOP AMPTropPunch AMPTropPunch,neither,0.03945320844208391,0.33037608806864915,0.630170703489267
omg,neither,0.03945320844208391,0.33037608806864915,0.630170703489267
Banned EZ,neither,0.03945320844208391,0.33037608806864915,0.630170703489267
REKT,neither,0.03945320844208391,0.33037608806864915,0.630170703489267
lol,neither,0.020706217963973744,0.4882283491876925,0.4910654328483337
P BabyRage K E is the problem,neither,0.05131794267928396,0.3017135695947052,0.6469684877260108
PogChamp,neither,0.03945320844208391,0.33037608806864915,0.630170703489267
RIP that guy,neither,0.034667008231628625,0.3857027385448301,0.5796302532235412
lirikCHAMP lirikCHAMP lirikCHAMP lirikCHAMP lirikCHAMP,neither,0.03945320844208391,0.33037608806864915,0.630170703489267
game over fuc boi,neither,0.03617209714436957,0.29472851327233324,0.6690993895832972
PERMA left and RIGHT,neither,0.037222576321765316,0.30145943952452603,0.6613179841537087
"@admiral_vohiyo you are racist, and your logic is flawed",hate_speech,0.5455196654925902,0.08667836393259758,0.3678019705748122
RIP,neither,0.03945320844208391,0.33037608806864915,0.630170703489267
BCWarrior,neither,0.03945320844208391,0.33037608806864915,0.630170703489267
lol,neither,0.020706217963973744,0.4882283491876925,0.4910654328483337
the ban hammer rises,neither,0.03880287619706388,0.3185595698367297,0.6426375539662065
Naww mean,neither,0.03945320844208391,0.33037608806864915,0.630170703489267
can someone explain to me what happened to who?,neither,0.04867395426730608,0.3961538736980327,0.5551721720346613
LUL,neither,0.03945320844208391,0.33037608806864915,0.630170703489267
LUL,neither,0.03945320844208391,0.33037608806864915,0.630170703489267
Sir yes sir,neither,0.03945320844208391,0.33037608806864915,0.630170703489267
"what, did they change banning? I cant see past messages",neither,0.04276642506725424,0.3279700954100795,0.6292634795226663
?,neither,0.03945320844208391,0.33037608806864915,0.630170703489267
you a dibshit,offensive_language,0.21217306638279385,0.6099082758190073,0.17791865779819876
The hell is goin on in chat dzamn,offensive_language,0.04481413887332213,0.6692149456436685,0.2859709154830094
SHITS GETTIN REAL,neither,0.032442291869975076,0.4540750476802328,0.5134826604497921
Noooo,neither,0.03945320844208391,0.33037608806864915,0.630170703489267
But I am a dipshit... :( :( :(,neither,0.03597345701314698,0.34025332961557403,0.6237732133712789
banned comments get erased from chat now? use to u could view them with bttv,neither,0.025360454505598127,0.38939054169285825,0.5852490038015435
i knaw wgat u sayin man,neither,0.039671346837613676,0.42093529092656834,0.5393933622358179
sumRekt sumRekt sumRekt sumRekt sumRekt sumRekt sumRekt sumRekt sumRekt,neither,0.03945320844208391,0.33037608806864915,0.630170703489267
@Admiral_VoHiYo this guy is a piece of shite. I mean you,neither,0.058894106114387834,0.36983988171425836,0.5712660121713538
Lol RIP who's next on line,neither,0.030465476317385602,0.4586796362732539,0.5108548874093605
We aren't save,neither,0.039281857572417804,0.3332843595170179,0.6274337829105643
@Karnage_105 SLAY,neither,0.03945320844208391,0.33037608806864915,0.630170703489267
baited chat lul,neither,0.03945320844208391,0.33037608806864915,0.630170703489267
"@mayfu, You still can, i can",neither,0.06286315878676217,0.40439818446547743,0.5327386567477604
"@Summit1g, how much for u to sign the shirt ur wearing and send it to me",neither,0.04783719328813951,0.29618594117725006,0.6559768655346104
Timing out racists in 2016 LUL,neither,0.03680949977041104,0.3403537454347617,0.6228367547948273
summit the oprah of perm bans,neither,0.03882429524317256,0.31895511301285234,0.6422205917439752
Yes,neither,0.03945320844208391,0.33037608806864915,0.630170703489267
mayfu imo i liked the old way,neither,0.03878858076045258,0.3174989148864438,0.6437125043531037
Hey dumsum want some ice for that burn oh wait,neither,0.033850921716917934,0.2385334594532484,0.7276156188298336
@FalseMann what happened?,neither,0.04722295797655572,0.3248777811305592,0.6278992608928851
haha,neither,0.03186685585600258,0.45913629025701075,0.5089968538869867
SUMMIT HIT THOSE HOOKS FFS,neither,0.05853009550629464,0.27475499528002706,0.6667149092136783
VoteNay,neither,0.03945320844208391,0.33037608806864915,0.630170703489267
Every so often summit has to shit on a pleb LUL,offensive_language,0.05263782077570053,0.9243550879512435,0.023007091273055905
GANGSTER LUL,neither,0.03945320844208391,0.33037608806864915,0.630170703489267
jeez u are sensitive,neither,0.07713431962109496,0.2694654762606152,0.6534002041182898
"@FalseMann, how much money is that amt of bits",neither,0.03895478207722109,0.3765930089111748,0.584452209011604
"Pls play KoTk, wanna see the legend play it :D",neither,0.03794808946964954,0.32003384434709614,0.6420180661832544
TriHard,neither,0.03945320844208391,0.33037608806864915,0.630170703489267
Jk don't ban me I love twitch,neither,0.032361599848026446,0.3676596574112219,0.5999787427407516
LINK,neither,0.03945320844208391,0.33037608806864915,0.630170703489267
Kappa,neither,0.03945320844208391,0.33037608806864915,0.630170703489267
moon2NOBRAIN moon2NOBRAIN moon2NOBRAIN,neither,0.03945320844208391,0.33037608806864915,0.630170703489267
I'm going to be next FeelsBadMan,neither,0.0457986878068575,0.3836157329635427,0.5705855792295998
@summit1g will you be doing races against subs in fh3?,neither,0.05399480154025317,0.33084622543237424,0.6151589730273725
WoW big dongor Baremanc :D,neither,0.019987249948809457,0.4147427813398432,0.5652699687113473
bye spazzin lol he keeps coming,neither,0.037283242145031495,0.36808963485069823,0.5946271230042702
add neighbor too ban list as well then its close to the word,neither,0.03774539729498692,0.3411934928661946,0.6210611098388183
in 2016 meme in 2016 LUL,neither,0.03945320844208391,0.33037608806864915,0.630170703489267
"@Spazzzin, ...",neither,0.03945320844208391,0.33037608806864915,0.630170703489267
U GET A BAN U GET A BAN U GET A BAN,neither,0.03879753702167022,0.34150454323912055,0.6196979197392092
75%,neither,0.03945320844208391,0.33037608806864915,0.630170703489267
"play KoTk, wanna see the legend play it :D",neither,0.03774925733619714,0.3186630985855931,0.6435876440782098
LUL,neither,0.03945320844208391,0.33037608806864915,0.630170703489267
Watch please,neither,0.04770119240929221,0.32753922816605174,0.624759579424656
how come it doesnt show when people get banned,neither,0.05940923613053265,0.3354182723687797,0.6051724915006877
can users no longer see if a person was timed out or banned?,neither,0.026453018968635982,0.3789601930055771,0.594586788025787
Brazzers LOL,neither,0.020706217963973744,0.4882283491876925,0.4910654328483337
what time does FH3 release ?,neither,0.02949278143887689,0.46100355707962104,0.5095036614815021
summit in 2016,neither,0.03945320844208391,0.33037608806864915,0.630170703489267
"@Summit1g, got you hammie, they were being dumbasses so i didnt know if you wanted to perma them, but i'll perma the rest",neither,0.04969949320239331,0.4615411557419178,0.48875935105568896
LUL show it,neither,0.05348249537775571,0.253396822223208,0.6931206823990365
the trailer is safe,neither,0.2844680672727195,0.32121978554133757,0.3943121471859429
Batemanc*,neither,0.03945320844208391,0.33037608806864915,0.630170703489267
LOL,neither,0.020706217963973744,0.4882283491876925,0.4910654328483337
Its on youtube,neither,0.029272241750026982,0.3495233675042011,0.6212043907457719
Is night bot here?,neither,0.08289374139666789,0.2924286879519721,0.6246775706513599
bitchboy racists in 2016,neither,0.03945320844208391,0.33037608806864915,0.630170703489267
DO IT LUL,neither,0.039410037166420414,0.33039093664999464,0.6301990261835848
link,neither,0.03945320844208391,0.33037608806864915,0.630170703489267
bans for days,neither,0.03360105081852506,0.3011510008837903,0.6652479482976846
PALADINS LUL,neither,0.03945320844208391,0.33037608806864915,0.630170703489267
I was watching youtube about summit then i realized why the fuck i am i not watching summit live?,offensive_language,0.09300591065965132,0.7506531342211383,0.1563409551192103
best hookers xD,neither,0.0384576577554569,0.32203947479156386,0.6395028674529792
SFW,neither,0.03945320844208391,0.33037608806864915,0.630170703489267
oversnatch AHHAHA,neither,0.03945320844208391,0.33037608806864915,0.630170703489267
that might actually be a site LOL,neither,0.030346154386032956,0.41536355750770654,0.5542902881062604
LUL,neither,0.03945320844208391,0.33037608806864915,0.630170703489267
roadhog quite the hooker LUL,neither,0.03879433289905432,0.31840166663376757,0.6428040004671781
"There's a overwatch knock off on steam, i forgot what it's called",neither,0.03999772744083897,0.3087616371017148,0.6512406354574463
LUL,neither,0.03945320844208391,0.33037608806864915,0.630170703489267
7-9,neither,0.03945320844208391,0.33037608806864915,0.630170703489267
the best hooker is summit,neither,0.04430400699786069,0.31028616954514704,0.6454098234569924
NSFW incoming LUL,neither,0.03945320844208391,0.33037608806864915,0.630170703489267
NSFW,neither,0.03945320844208391,0.33037608806864915,0.630170703489267
domain taken LUL,neither,0.03945320844208391,0.33037608806864915,0.630170703489267
"@Summit1g, The trailer is safe",neither,0.2844680672727195,0.32121978554133757,0.3943121471859429
Prob no nudity in the trailer play dat shit,offensive_language,0.17100269108002494,0.8247258563531431,0.004271452566831808
jesus poke going fuckign ham,neither,0.038187933984791124,0.3518510977121097,0.6099609683030992
It's free to play to,neither,0.0547861336008187,0.3212950222515168,0.6239188441476644
best hookers is probably taken,neither,0.04418150158969199,0.33808773585326585,0.6177307625570421
78%,neither,0.03945320844208391,0.33037608806864915,0.630170703489267
"racists stay at home, its always been like that",neither,0.03694225523393712,0.43335931992504007,0.5296984248410228
"@commentman666, Summit uses a different bot",neither,0.03945320844208391,0.33037608806864915,0.630170703489267
6 more hooks!!,neither,0.041596361393762056,0.31922582178203746,0.6391778168242005
"tugsmckenzie, you have to ask a mod to permit you to link! (10s)",neither,0.10335134959197549,0.40812972405621806,0.4885189263518064
@summit1g whats good man?,neither,0.038870167921207115,0.4043252364678959,0.556804595610897
"Please, racists make yourselves known so we can ban you Kreygasm",neither,0.04896045073789299,0.38506285336541024,0.5659766958966967
"YOU GUYS HEARD IT, IF YOU SAY THE WORD TRYING TO BE CUTE OF FUNNY IT'S A PERMA, NO MORE WARNINGS",neither,0.048024444755229156,0.4096983064698389,0.5422772487749318
80% PogChamp,neither,0.03945320844208391,0.33037608806864915,0.630170703489267
summit's main monitor is an Asus VG248QE 144hz 24-Inch LED-Lit Monitor http://amzn.to/1yZGNhK,neither,0.04584828843197268,0.26034440364743233,0.693807307920595
only 8 hooks tho,neither,0.035474186079570307,0.3392928203553539,0.6252329935650758
test,neither,0.03945320844208391,0.33037608806864915,0.630170703489267
"Oprah Winfrey over here with YOU get a perma, YOU get a perma, EVERYONE gets a perma",offensive_language,0.08507441005525516,0.5040633702341722,0.4108622197105726
Best hookers dot com is taken,neither,0.04412951481532039,0.3235411977584278,0.6323292874262517
m80s PogChamp,neither,0.03945320844208391,0.33037608806864915,0.630170703489267
is spazzzin finally perma banned?,neither,0.04781186758489055,0.32750116189808665,0.6246869705170228
"roadhog needs a really slutty dress cosmetic that says ""whore"" on the front and ""hooker on the back""",neither,0.04909714610938482,0.32354250004081453,0.6273603538498007
"Bro I been on the shitter for the past hour now, guys take this advice from me, Don't Eat Mexican",neither,0.03241843406959284,0.3207650150292589,0.6468165509011483
7 hooks to go,neither,0.04884648693718676,0.3303847087179092,0.620768804344904
80%! time to mess it up Kappa,neither,0.04021057166810708,0.3795631724896335,0.5802262558422595
moon2HEART moon2HEART moon2HEART,neither,0.03945320844208391,0.33037608806864915,0.630170703489267
6,neither,0.03945320844208391,0.33037608806864915,0.630170703489267
"@Mikedh945, LUL",neither,0.03945320844208391,0.33037608806864915,0.630170703489267
"@FalseMann ching chang chow, but im asian lol so i can be racist to myself Kappa",neither,0.2614974036804212,0.1590321767910004,0.5794704195285785
@summit1g have you seen attack on titan 2015 movie? it's by the same director who made godzilla(the stop motion original),neither,0.045460153121074945,0.418805487718941,0.535734359159984
5,neither,0.03945320844208391,0.33037608806864915,0.630170703489267
what word ?,neither,0.04856732700198349,0.3239733138270362,0.6274593591709804
BANS FeelsAmazingMan,neither,0.03945320844208391,0.33037608806864915,0.630170703489267
"paladins is the ow clone on steam, it even does some things better than ow",neither,0.029703686448903924,0.40553871887605425,0.5647575946750418
CENSORSHIP,neither,0.03945320844208391,0.33037608806864915,0.630170703489267
can i not use TriHard anymore FeelsBadMan,neither,0.011597460577285303,0.43230009091428045,0.5561024485084342
"@Summit1g, this is it, only go for safe hooks!",neither,0.0401250598428569,0.3091268539693757,0.6507480861877675
BibleThump WE CAN PRETEND BibleThump,neither,0.0395967005552524,0.32794065242360576,0.6324626470211419
lmafo that trailer was rediculous,offensive_language,0.32179375919781456,0.39901438123496236,0.27919185956722303
"@awescar, math is hard",offensive_language,0.0378258457280293,0.5553301948948598,0.4068439593771109
"@Summit1g, wait do you have to get exactly 80% or just over?",neither,0.049988528645777276,0.3903096409858464,0.5597018303683762
PogChamp,neither,0.03945320844208391,0.33037608806864915,0.630170703489267
Please don't choke like H1Z1 today,neither,0.04833900918367235,0.32218933959633544,0.6294716512199922
@Pizza_man_dave thats your bitch ass stomach bro,offensive_language,0.026325586763706908,0.9736743293899305,8.384636252211132e-08
whats the challenge?,neither,0.038557145221110374,0.31398553032247634,0.6474573244564134
how many does he have to hook total,neither,0.03571693720964167,0.4292084602158332,0.535074602574525
PogChamp,neither,0.03945320844208391,0.33037608806864915,0.630170703489267
Reaches 15 than stops hooking LUL,neither,0.03911767117677037,0.33607103114350273,0.624811297679727
5,neither,0.03945320844208391,0.33037608806864915,0.630170703489267
sumOhface,neither,0.03945320844208391,0.33037608806864915,0.630170703489267
PogChamp,neither,0.03945320844208391,0.33037608806864915,0.630170703489267
THIS IS THE GAME BOYS,neither,0.04753994256282483,0.26476096896684775,0.6876990884703275
Yoooo,neither,0.03945320844208391,0.33037608806864915,0.630170703489267
that was a risky hook,neither,0.03470177731577604,0.3831281954217609,0.5821700272624631
THIS IS THE GAME BOYS,neither,0.04753994256282483,0.26476096896684775,0.6876990884703275
PogChamp lost count to Hype PogChamp,neither,0.04572049720385959,0.32670663951417706,0.6275728632819634
Keep calm!!!,neither,0.03945320844208391,0.33037608806864915,0.630170703489267
4!,neither,0.03945320844208391,0.33037608806864915,0.630170703489267
83 :0,neither,0.03945320844208391,0.33037608806864915,0.630170703489267
PogChamp,neither,0.03945320844208391,0.33037608806864915,0.630170703489267
@ChrisToday moon2THUMP,neither,0.03945320844208391,0.33037608806864915,0.630170703489267
whats summit trying to do @bLuE_tw1tch,neither,0.04614100938970757,0.3267587117349057,0.6271002788753868
THIS IS THE GAME BOYS,neither,0.04753994256282483,0.26476096896684775,0.6876990884703275
THIS IS IT PogChamp,neither,0.054689012228839526,0.3284676879129209,0.6168432998582396
Killing it,neither,0.03742755396072793,0.3310728035323942,0.6314996425068778
LOL,neither,0.020706217963973744,0.4882283491876925,0.4910654328483337
PogChamp WOW,neither,0.03945320844208391,0.33037608806864915,0.630170703489267
PogChamp,neither,0.03945320844208391,0.33037608806864915,0.630170703489267
ayyy,neither,0.03945320844208391,0.33037608806864915,0.630170703489267
That's it LOL,offensive_language,0.019265477330741375,0.5046753335791276,0.47605918909013095
3,neither,0.03945320844208391,0.33037608806864915,0.630170703489267
3 more!,neither,0.044084690295906365,0.306805713525994,0.6491095961780997
IS THIS IT?,neither,0.054689012228839526,0.3284676879129209,0.6168432998582396
12/14,neither,0.03945320844208391,0.33037608806864915,0.630170703489267
no,neither,0.036918905254960256,0.37338982715841207,0.5896912675866277
14,neither,0.03945320844208391,0.33037608806864915,0.630170703489267
14,neither,0.03945320844208391,0.33037608806864915,0.630170703489267
no only 14,neither,0.0384648942529397,0.3471503591529262,0.6143847465941341
3 more cunt,offensive_language,0.056112285045601694,0.9438839312003343,3.7837540641209435e-06
12,neither,0.03945320844208391,0.33037608806864915,0.630170703489267
14,neither,0.03945320844208391,0.33037608806864915,0.630170703489267
??????????,neither,0.03945320844208391,0.33037608806864915,0.630170703489267
12/14,neither,0.03945320844208391,0.33037608806864915,0.630170703489267
U gotta hold and win sum,neither,0.037279353418548135,0.32067772864614574,0.6420429179353061
12,neither,0.03945320844208391,0.33037608806864915,0.630170703489267
Friendly hook xD,neither,0.03945320844208391,0.33037608806864915,0.630170703489267
bask in the shadow of d*ck,neither,0.03868762254601608,0.3164227223861143,0.6448896550678695
14,neither,0.03945320844208391,0.33037608806864915,0.630170703489267
14,neither,0.03945320844208391,0.33037608806864915,0.630170703489267
14,neither,0.03945320844208391,0.33037608806864915,0.630170703489267
12 hooks,neither,0.03945320844208391,0.33037608806864915,0.630170703489267
balanced lul,neither,0.03945320844208391,0.33037608806864915,0.630170703489267
you can miss 1 more,neither,0.054030690979497434,0.38134792579532983,0.5646213832251726
1 more yup,neither,0.041786180600603455,0.31825877243002965,0.6399550469693669
you can miss one though and still be 80%,neither,0.043642513020605254,0.3718051289588126,0.5845523580205821
it says 12,neither,0.037757073553267774,0.33095946663420034,0.631283459812532
its 12teen,neither,0.02700859978372578,0.3346563596412867,0.6383350405749875
@Keelwa i get it,neither,0.03490679507544832,0.35300313020848223,0.6120900747160695
IT SAYS 12 HOOKS,neither,0.038203489183895746,0.3308059238281696,0.6309905869879346
He can miss 1 more,neither,0.03940950691082817,0.31365822953856437,0.6469322635506075
chat moves too fast,neither,0.03924273814318787,0.33394831832462485,0.6268089435321874
PogChamp win the game PogChamp PogChamp win the game PogChamp,neither,0.03772978092272502,0.25884375669211757,0.7034264623851574
change character after the hook!!!,neither,0.03873090038473463,0.31722681344254683,0.6440422861727186
"@Summit1g, it says 12 hooks, you need 3 more",neither,0.05254181775781388,0.35810273530601944,0.5893554469361666
15,neither,0.03945320844208391,0.33037608806864915,0.630170703489267
U got 4 mins take ur time,neither,0.05983163091989201,0.3831402887596179,0.5570280803204901
CHAT HE MEANS TOTAL HOOKS LUL,neither,0.04277284763729363,0.32923431192536107,0.6279928404373454
its Twelvteen,neither,0.02700859978372578,0.3346563596412867,0.6383350405749875
"@si,",neither,0.03945320844208391,0.33037608806864915,0.630170703489267
@summit1g it says the number hooked on the right,neither,0.0343454909077461,0.3306240964749062,0.6350304126173476
"no how many he has thrown, not landed @bLuE_tw1tch",neither,0.041952115581231075,0.33780398571858705,0.6202438987001819
16 ritard,neither,0.03945320844208391,0.33037608806864915,0.630170703489267
wait what's happening,neither,0.044808022502227984,0.32653456781448276,0.6286574096832893
What's he trying to do??,neither,0.06860535369544844,0.3158548002693833,0.6155398460351684
speaking in another lenguague is a reason to get banned?,neither,0.09450331846008533,0.27378281040189195,0.6317138711380227
@summit1g you cna miss 1,neither,0.05511722190890318,0.4328550504860264,0.5120277276050704
why's he fishing for hooks,neither,0.029624228988150834,0.3169813633881001,0.653394407623749
14,neither,0.03945320844208391,0.33037608806864915,0.630170703489267
ohhh maybe he meant in 15 hooks gets 80%,neither,0.04278546551551697,0.3292299720584396,0.6279845624260434
bLuE_tw1tch but is it out of 15 hooks? or he needs to hook 15 people,neither,0.060539967522614216,0.3381276683022009,0.6013323641751848
W,neither,0.03945320844208391,0.33037608806864915,0.630170703489267
enimies hooked is how many hooks landed,neither,0.044951823516262396,0.32848486220233186,0.6265633142814058
@summit1g you dont need to hit it,neither,0.06957891879165991,0.3813082277904353,0.5491128534179048
XD,neither,0.03945320844208391,0.33037608806864915,0.630170703489267
what was happening with the banerinos? some racist shit?,offensive_language,0.367860287538121,0.6280809228440097,0.004058789617869331
you can miss one...,neither,0.049724074607204315,0.4464612103084158,0.5038147150843799
which is 12 hook/15 = 80%,neither,0.04506559779192211,0.32844573001174454,0.6264886721963333
PogChamp PogChamp LETS GO PogChamp PogChamp,neither,0.039984317429425154,0.35542799280679366,0.6045876897637812
"@Summit1g, no its 13",neither,0.031605451430145884,0.3495545411055238,0.6188400074643303
math moon2THUMP,neither,0.03945320844208391,0.33037608806864915,0.630170703489267
"@Summit1g, no its 13",neither,0.031605451430145884,0.3495545411055238,0.6188400074643303
Change character!!!!!,neither,0.03945320844208391,0.33037608806864915,0.630170703489267
2 MORE,neither,0.044084690295906365,0.306805713525994,0.6491095961780997
13 hooks,neither,0.03945320844208391,0.33037608806864915,0.630170703489267
"@Summit1g, no its 13",neither,0.031605451430145884,0.3495545411055238,0.6188400074643303
15 baby!,neither,0.03945320844208391,0.33037608806864915,0.630170703489267
"@Summit1g, no its 13",neither,0.031605451430145884,0.3495545411055238,0.6188400074643303
13 hooks,neither,0.03945320844208391,0.33037608806864915,0.630170703489267
"@Summit1g, no its 13",neither,0.031605451430145884,0.3495545411055238,0.6188400074643303
That's 15 total,neither,0.035389995401560355,0.37460689645590517,0.5900031081425345
PogChamp,neither,0.03945320844208391,0.33037608806864915,0.630170703489267
"spazzzzzin, you were timed out for typing a blacklisted phrase! (10s)",neither,0.041639904622532246,0.33300157452806234,0.6253585208494054
15,neither,0.03945320844208391,0.33037608806864915,0.630170703489267
you can miss one still,neither,0.04687523151163632,0.4482137742820716,0.5049109942062922
