text,top_class,hate_speech,offensive_language,neither
shrooooooood,neither,0.03945320844208391,0.33037608806864915,0.630170703489267
OMG YES,neither,0.03945320844208391,0.33037608806864915,0.630170703489267
legggoooo,neither,0.03945320844208391,0.33037608806864915,0.630170703489267
FeelsGoodMan,neither,0.03945320844208391,0.33037608806864915,0.630170703489267
whats a guy gotta do to pug with you?,neither,0.04703146098567714,0.43826340751984927,0.5147051314944736
FeelsGoodMan,neither,0.03945320844208391,0.33037608806864915,0.630170703489267
shieght,neither,0.03945320844208391,0.33037608806864915,0.630170703489267
hi shroudy,neither,0.03945320844208391,0.33037608806864915,0.630170703489267
PogChamp,neither,0.03945320844208391,0.33037608806864915,0.630170703489267
DADDY,neither,0.03945320844208391,0.33037608806864915,0.630170703489267
Shroudy roudy,neither,0.03945320844208391,0.33037608806864915,0.630170703489267
yo,offensive_language,0.04010381111145228,0.5271105317972344,0.4327856570913131
Father?,neither,0.03945320844208391,0.33037608806864915,0.630170703489267
first,neither,0.02604892428726219,0.3349864360510187,0.6389646396617191
guys what is the best application for streaming?,neither,0.042994181429585165,0.2934754311918919,0.663530387378523
shroodle,neither,0.03945320844208391,0.33037608806864915,0.630170703489267
sumOhface sumOhface sumOhface,neither,0.03945320844208391,0.33037608806864915,0.630170703489267
obs @mahdiattacker,neither,0.03945320844208391,0.33037608806864915,0.630170703489267
hi,neither,0.03945320844208391,0.33037608806864915,0.630170703489267
1 viewer luyl,neither,0.03945320844208391,0.33037608806864915,0.630170703489267
@mahdiattacker OBS,neither,0.03945320844208391,0.33037608806864915,0.630170703489267
1 viewer LUL,neither,0.03945320844208391,0.33037608806864915,0.630170703489267
PogChamp,neither,0.03945320844208391,0.33037608806864915,0.630170703489267
DAD,neither,0.03945320844208391,0.33037608806864915,0.630170703489267
DAD?,neither,0.03945320844208391,0.33037608806864915,0.630170703489267
nice,neither,0.03945320844208391,0.33037608806864915,0.630170703489267
[Twitter Live Feed @C9shroud] 200K followers on Twitter celebratory stream! Thank you guys so much! STAY BEAUTIFUL PEOPLE! &lt;3 https://t.co/0nsby7MTHi https://twitter.com/C9shroud/status/804166739785199616,offensive_language,0.05305666224066973,0.5011394352459861,0.4458039025133441
My favourite washed up pro player is back FeelsGoodMan,neither,0.03170406544053331,0.4687599281494492,0.4995360064100174
shr000ddyyy :D,neither,0.03945320844208391,0.33037608806864915,0.630170703489267
!mouse,neither,0.03945320844208391,0.33037608806864915,0.630170703489267
@humanzzzz He's using the Logitech G Pro,neither,0.03984410112167261,0.377725686199306,0.5824302126790214
ayyyyyyyyyyy,neither,0.03945320844208391,0.33037608806864915,0.630170703489267
1rd,neither,0.03945320844208391,0.33037608806864915,0.630170703489267
!keyboard,neither,0.03945320844208391,0.33037608806864915,0.630170703489267
@younghumma He uses the Logitech 810 keyboard,neither,0.04334137227189974,0.314749098452785,0.6419095292753153
dad,neither,0.03945320844208391,0.33037608806864915,0.630170703489267
shroud and stewie stream PogCHamp,neither,0.038754217059340755,0.29544860789974065,0.6657971750409186
!iloveyoushroud,neither,0.03945320844208391,0.33037608806864915,0.630170703489267
@shroud hey mike its lucas from high school remember?,neither,0.03410670559815497,0.3739157001820867,0.5919775942197584
EleGiggle !,neither,0.03945320844208391,0.33037608806864915,0.630170703489267
LETS GO BABY,neither,0.03989086924885973,0.3509994628938089,0.6091096678573312
Could I get my profile signed shroud :D I have 1k bits for you,neither,0.03492627111191143,0.4185742304061802,0.5464994984819083
FeelsGoodMan,neither,0.03945320844208391,0.33037608806864915,0.630170703489267
hiii,neither,0.03945320844208391,0.33037608806864915,0.630170703489267
shreeeeewwwwwddd,neither,0.03945320844208391,0.33037608806864915,0.630170703489267
hey shroud,neither,0.03945320844208391,0.33037608806864915,0.630170703489267
I WILL MAKE YOUR BABIES,neither,0.07989832120771893,0.2927877291646848,0.6273139496275963
Shroud,neither,0.03945320844208391,0.33037608806864915,0.630170703489267
wo,neither,0.03945320844208391,0.33037608806864915,0.630170703489267
"@shroud, tell me your kept your sens high bb",neither,0.07600685307306702,0.4039824003004299,0.520010746626503
WOO SHROWDY GETTING ROWFDY,neither,0.03512256917772868,0.4038783384526202,0.560999092369651
@shroud tell stewie to stream Kappa,neither,0.0440111131095917,0.32768613507208766,0.6283027518183205
Hey babe,neither,0.03945320844208391,0.33037608806864915,0.630170703489267
<3,neither,0.03945320844208391,0.33037608806864915,0.630170703489267
Shroud,neither,0.03945320844208391,0.33037608806864915,0.630170703489267
First,neither,0.02604892428726219,0.3349864360510187,0.6389646396617191
shroudSellout shroudSellout shroudSellout shroudSellout shroudSellout shroudSellout shroudSellout shroudSellout,neither,0.03945320844208391,0.33037608806864915,0.630170703489267
hey mike its mike form high school remember? LUL @shroud,neither,0.03481197011718955,0.37241035038150233,0.5927776795013081
hello,neither,0.03945320844208391,0.33037608806864915,0.630170703489267
Hi,neither,0.03945320844208391,0.33037608806864915,0.630170703489267
stew and shroud on at the same time PogChamp,neither,0.033133796162773885,0.33987662336068786,0.6269895804765383
hi,neither,0.03945320844208391,0.33037608806864915,0.630170703489267
PogChamp LETS GO,neither,0.039984317429425154,0.35542799280679366,0.6045876897637812
sumLove sumLove sumLove,neither,0.03945320844208391,0.33037608806864915,0.630170703489267
shorod,neither,0.03945320844208391,0.33037608806864915,0.630170703489267
Shrouuudddy,neither,0.03945320844208391,0.33037608806864915,0.630170703489267
@shroud dude I LIVE at Oakland!!!!!!,neither,0.0428177349172084,0.35068945588335626,0.6064928091994353
boatyDG boatyDG boatyDG boatyDG boatyDG boatyDG boatyDG boatyDG boatyDG boatyDG boatyDG boatyDG,neither,0.03945320844208391,0.33037608806864915,0.630170703489267
@gukilljoy He is,neither,0.0817087036342036,0.3158424856208871,0.6024488107449093
@GuKilljoy he is Kappa,neither,0.055481864099256185,0.32486309838448474,0.619655037516259
Shroud sign my profile!!!,neither,0.028545784014548752,0.41501547491462004,0.556438741070831
"@GuKilljoy, he is streaming u stupid shit",offensive_language,0.1664708757462117,0.8311482737501699,0.0023808505036185153
@gukilljoy he is,neither,0.0817087036342036,0.3158424856208871,0.6024488107449093
!sens,neither,0.03945320844208391,0.33037608806864915,0.630170703489267
fuk yeaaa,neither,0.03945320844208391,0.33037608806864915,0.630170703489267
@truereflexx DPI: 400 - Ingame : 2.5 - Windows: 6/11 - Raw-Input: On - 1000 Hz Polling Rate,neither,0.03781786467716525,0.33814216926935486,0.6240399660534798
is obs for windows 10?,neither,0.04087007138884271,0.2987268183980952,0.6604031102130621
asuuhhhh dude,neither,0.03945320844208391,0.33037608806864915,0.630170703489267
nickmercsKAPPA nickmercsKAPPA nickmercsKAPPA nickmercsKAPPA nickmercsKAPPA nickmercsKAPPA,neither,0.03945320844208391,0.33037608806864915,0.630170703489267
Shroud PogChamp,neither,0.03945320844208391,0.33037608806864915,0.630170703489267
YESSS,neither,0.03945320844208391,0.33037608806864915,0.630170703489267
Hi mikey shroudH,neither,0.03945320844208391,0.33037608806864915,0.630170703489267
lit,neither,0.03945320844208391,0.33037608806864915,0.630170703489267
AYEEEEEE,neither,0.03945320844208391,0.33037608806864915,0.630170703489267
Hi from brazil @shroud,neither,0.04051699958719197,0.3123207760625068,0.6471622243503011
Shroud and Stewie streaming at the same time? Coincidence? I think not Kappa @shroud,neither,0.03757189866423589,0.3249444069941135,0.6374836943416506
hi shroud,neither,0.03945320844208391,0.33037608806864915,0.630170703489267
!crosshair,neither,0.03945320844208391,0.33037608806864915,0.630170703489267
Hype,neither,0.03945320844208391,0.33037608806864915,0.630170703489267
"@shroud, yo bro, whats a dude gotta do to pug with you?",offensive_language,0.04669976861696182,0.47907933291622,0.47422089846681814
Papa Shrood PogChamp,neither,0.03945320844208391,0.33037608806864915,0.630170703489267
shroudHype shroudHype shroudHype,neither,0.03945320844208391,0.33037608806864915,0.630170703489267
"itss1mpl3d3stroy, you were timed out because your message was too long!",neither,0.07710611650747322,0.35928222474629357,0.5636116587462332
YO YO YO,offensive_language,0.04010381111145228,0.5271105317972344,0.4327856570913131
@shroud please show your updated OBS settings man,neither,0.0906040428707668,0.30768934264252584,0.6017066144867074
shroood mah dooood,neither,0.03945320844208391,0.33037608806864915,0.630170703489267
DAD,neither,0.03945320844208391,0.33037608806864915,0.630170703489267
Suhhhhhh,neither,0.03945320844208391,0.33037608806864915,0.630170703489267
shroudW,neither,0.03945320844208391,0.33037608806864915,0.630170703489267
Could I get my profile signed @shroud :D I have 1k bits for you <3 <3,neither,0.03492627111191143,0.4185742304061802,0.5464994984819083
sup guys,neither,0.039318079907253584,0.33266957196209385,0.6280123481306527
shroudW shroudW shroudW,neither,0.03945320844208391,0.33037608806864915,0.630170703489267
hey shroudy,neither,0.03945320844208391,0.33037608806864915,0.630170703489267
@shroud did you change your sens?,neither,0.1288326623317195,0.37726853219788437,0.4938988054703961
Join the new Curse server! https://curse.com/invite/Xv6nbZgd4kugsL2fxlg6NQ,neither,0.04082319323556661,0.27696135383134185,0.6822154529330917
"@l3g1tbrox, you gotta be a cool kid",neither,0.05534476679076821,0.4272222171023966,0.5174330161068352
adrenP adrenP adrenP,neither,0.03945320844208391,0.33037608806864915,0.630170703489267
It's my birthday,neither,0.022630187269649195,0.4574319169498503,0.5199378957805005
first,neither,0.02604892428726219,0.3349864360510187,0.6389646396617191
CAW CAW CAW CAW CAW CAW CAW CAW CAW CAW,neither,0.03945320844208391,0.33037608806864915,0.630170703489267
Second in the stream,neither,0.03860079145767856,0.3148030178881749,0.6465961906541466
@truereflexx he changed it to 2.5 @ 400 DPI,neither,0.04936429505144386,0.3255159903301526,0.6251197146184034
LOLOOLOLOOOOOOOOOOOL,neither,0.03945320844208391,0.33037608806864915,0.630170703489267
i can be cool sometimes FeelsBadMan,neither,0.040305102337095444,0.32937699999344505,0.6303178976694597
cawd cawd,neither,0.03945320844208391,0.33037608806864915,0.630170703489267
DAD,neither,0.03945320844208391,0.33037608806864915,0.630170703489267
wait does that mean im third?,neither,0.025591000802201634,0.4813852503581101,0.49302374883968825
DoritosChip,neither,0.03945320844208391,0.33037608806864915,0.630170703489267
wot,neither,0.03945320844208391,0.33037608806864915,0.630170703489267
lolo,neither,0.03945320844208391,0.33037608806864915,0.630170703489267
Mods PogChamp @l3g1tbrox,neither,0.03945320844208391,0.33037608806864915,0.630170703489267
VoteNay VoteNay,neither,0.03945320844208391,0.33037608806864915,0.630170703489267
kappa,neither,0.03945320844208391,0.33037608806864915,0.630170703489267
@shroud you should do 1v1s with subs if they beat u ya play at least 1 or 2 comp games or esea games with them,offensive_language,0.0299919919759213,0.5631244045453938,0.40688360347868485
Love you @shroud,offensive_language,0.079837142191777,0.5038574454704381,0.4163054123377849
VoteYea,neither,0.03945320844208391,0.33037608806864915,0.630170703489267
KappaHD,neither,0.03945320844208391,0.33037608806864915,0.630170703489267
"cuz ur a fucking dweeb, get out of here, not even sub or mod, pathetic @l3g1tbrox",offensive_language,0.1734804176400537,0.7895729785850364,0.036946603774909915
shroudHype shroudHype shroudHype shroudHype shroudHype,neither,0.03945320844208391,0.33037608806864915,0.630170703489267
shroud waiting room ResidentSleeper,neither,0.03945320844208391,0.33037608806864915,0.630170703489267
I love you shroud <3 <3 <3 <3 <3 <3,offensive_language,0.079837142191777,0.5038574454704381,0.4163054123377849
Kappa,neither,0.03945320844208391,0.33037608806864915,0.630170703489267
where are the mod applications at,neither,0.08450782124464039,0.22701057358076895,0.6884816051745907
Kappa,neither,0.03945320844208391,0.33037608806864915,0.630170703489267
shroudy pls gimme keyboard,neither,0.03945320844208391,0.33037608806864915,0.630170703489267
HEY BB KappaPride,neither,0.03945320844208391,0.33037608806864915,0.630170703489267
Aye i was just watching shrouds youtube,neither,0.035309648919128404,0.35118856873889964,0.613501782341972
HORNY,neither,0.03945320844208391,0.33037608806864915,0.630170703489267
"yeah ima watch shroud, kaceytron having a straight up mental breakdown",neither,0.028687471684337575,0.44654661927688694,0.5247659090387755
KAPOW KAPOW KAPOW KAPOW KAPOW KAPOW,neither,0.03945320844208391,0.33037608806864915,0.630170703489267
Nut was second,neither,0.03932572668434368,0.33253978619837704,0.6281344871172794
Kappa Kappa Kappa,neither,0.03945320844208391,0.33037608806864915,0.630170703489267
"@zDraKe2K, ?",neither,0.03945320844208391,0.33037608806864915,0.630170703489267
hello beautiful people,neither,0.07218373463531624,0.32692622111235986,0.6008900442523238
PermaSmug panicBasket,neither,0.03945320844208391,0.33037608806864915,0.630170703489267
livechat?,neither,0.03945320844208391,0.33037608806864915,0.630170703489267
Hi dad,neither,0.03945320844208391,0.33037608806864915,0.630170703489267
!dpi,neither,0.03945320844208391,0.33037608806864915,0.630170703489267
shroud the only cs streamer worth watching Kappa,neither,0.03884919590188709,0.31941434807210645,0.6417364560260066
suh,neither,0.03945320844208391,0.33037608806864915,0.630170703489267
I mean 3rd,neither,0.03945320844208391,0.33037608806864915,0.630170703489267
"its b8 m8, 8/8, chillax @l3g1tbrox",neither,0.03309144916294284,0.33256418880705063,0.6343443620300065
STEWS LIVE TOO,neither,0.04635637785631377,0.3345655208011851,0.6190781013425011
DAD?,neither,0.03945320844208391,0.33037608806864915,0.630170703489267
when u have a final you are supposed to be prepping for but shroud is streaming LUL,neither,0.05952659283971087,0.3466409567586771,0.5938324504016119
HI,neither,0.03945320844208391,0.33037608806864915,0.630170703489267
read full msg @l3g1tbrox,neither,0.05682772693937652,0.32440019443841595,0.6187720786222076
PApA,neither,0.03945320844208391,0.33037608806864915,0.630170703489267
DAD BibleThump,neither,0.03945320844208391,0.33037608806864915,0.630170703489267
Hiiii,neither,0.03945320844208391,0.33037608806864915,0.630170703489267
DADDDD,neither,0.03945320844208391,0.33037608806864915,0.630170703489267
dad,neither,0.03945320844208391,0.33037608806864915,0.630170703489267
hiiii,neither,0.03945320844208391,0.33037608806864915,0.630170703489267
STREAM!!,neither,0.03945320844208391,0.33037608806864915,0.630170703489267
WutFace,neither,0.03945320844208391,0.33037608806864915,0.630170703489267
ScaredyCat,neither,0.03945320844208391,0.33037608806864915,0.630170703489267
SHROUD,neither,0.03945320844208391,0.33037608806864915,0.630170703489267
DAD?,neither,0.03945320844208391,0.33037608806864915,0.630170703489267
STREAM,neither,0.03945320844208391,0.33037608806864915,0.630170703489267
Father :D,neither,0.03945320844208391,0.33037608806864915,0.630170703489267
Daddy,neither,0.03945320844208391,0.33037608806864915,0.630170703489267
dad,neither,0.03945320844208391,0.33037608806864915,0.630170703489267
Hi,neither,0.03945320844208391,0.33037608806864915,0.630170703489267
Welcome back Veeperzee (10 months) Kreygasm,neither,0.03945320844208391,0.33037608806864915,0.630170703489267
YES,neither,0.03945320844208391,0.33037608806864915,0.630170703489267
DAD,neither,0.03945320844208391,0.33037608806864915,0.630170703489267
Sup SHROUDY,neither,0.03945320844208391,0.33037608806864915,0.630170703489267
Daddy BibleThump,neither,0.03945320844208391,0.33037608806864915,0.630170703489267
wtf where's my sub,offensive_language,0.032102101373713166,0.6343377649186153,0.3335601337076715
rank S lets go,neither,0.03980986016623285,0.34716463328462877,0.6130255065491383
Papi?,neither,0.03945320844208391,0.33037608806864915,0.630170703489267
!uptime,neither,0.03945320844208391,0.33037608806864915,0.630170703489267
@jeffri90 Channel shroud has been live for 04m and 49s,neither,0.037527441653855145,0.2724964938497483,0.6899760644963965
DAD,neither,0.03945320844208391,0.33037608806864915,0.630170703489267
<3,neither,0.03945320844208391,0.33037608806864915,0.630170703489267
WHAT SONG IS THISSSSS,neither,0.0622135757233595,0.3302657648930177,0.6075206593836229
Could I get my profile signed @shroud :D I have 1k bits for you <3 <3,neither,0.03492627111191143,0.4185742304061802,0.5464994984819083
Shroud and Stewie stream at the same time? Coincidence? I think not Kappa @shroud,neither,0.03754925603718049,0.324881732978558,0.6375690109842617
Daddy!!!,neither,0.03945320844208391,0.33037608806864915,0.630170703489267
Shrooood,neither,0.03945320844208391,0.33037608806864915,0.630170703489267
"Great, and you shroud",neither,0.061748998898037276,0.28490269222687525,0.6533483088750875
Welcome back polarthelegend (5 months) Kreygasm,neither,0.03945320844208391,0.33037608806864915,0.630170703489267
@shroud do ittt,neither,0.04109043849331578,0.32981296957786,0.6290965919288242
HEY SHROUD,neither,0.03945320844208391,0.33037608806864915,0.630170703489267
DAD,neither,0.03945320844208391,0.33037608806864915,0.630170703489267
Well,neither,0.03945320844208391,0.33037608806864915,0.630170703489267
We good bruh,neither,0.03835860285205373,0.3343036807863921,0.6273377163615541
Hi dad @shroud,neither,0.03945320844208391,0.33037608806864915,0.630170703489267
Hey shroud,neither,0.03945320844208391,0.33037608806864915,0.630170703489267
hi shroud,neither,0.03945320844208391,0.33037608806864915,0.630170703489267
hey shroud!,neither,0.03945320844208391,0.33037608806864915,0.630170703489267
who is shroud,offensive_language,0.06273239322143805,0.47642182036533837,0.4608457864132235
!sensitivity,neither,0.03945320844208391,0.33037608806864915,0.630170703489267
@attilacs DPI: 400 - Ingame : 2.0 - Windows: 6/11 - Raw-Input: On - 1000 Hz Polling Rate,neither,0.03781786467716525,0.33814216926935486,0.6240399660534798
hiiii,neither,0.03945320844208391,0.33037608806864915,0.630170703489267
Hey MIKE,neither,0.03945320844208391,0.33037608806864915,0.630170703489267
wassup bitces,neither,0.33529425248498695,0.08556156890646638,0.5791441786085466
!sens,neither,0.03945320844208391,0.33037608806864915,0.630170703489267
Shroudy,neither,0.03945320844208391,0.33037608806864915,0.630170703489267
!dad,neither,0.03945320844208391,0.33037608806864915,0.630170703489267
my arms hurt send help,neither,0.030354758302763036,0.3995573196926362,0.5700879220046008
@talindana stars project 46,neither,0.03945320844208391,0.33037608806864915,0.630170703489267
Been waiting on you to stream what's uuuuuup?,neither,0.06366555510022551,0.3789458118855548,0.5573886330142197
dad,neither,0.03945320844208391,0.33037608806864915,0.630170703489267
Josh unboxed gloves,neither,0.03945320844208391,0.33037608806864915,0.630170703489267
Sup gees,neither,0.03945320844208391,0.33037608806864915,0.630170703489267
Hi shroudy,neither,0.03945320844208391,0.33037608806864915,0.630170703489267
@shroud get me preggo,neither,0.023414511680441973,0.43748305160694917,0.5391024367126087
!sens,neither,0.03945320844208391,0.33037608806864915,0.630170703489267
@attilacs DPI: 400 - Ingame : 2.5 - Windows: 6/11 - Raw-Input: On - 1000 Hz Polling Rate,neither,0.03781786467716525,0.33814216926935486,0.6240399660534798
I got school tomorrow but FUCK IT SHROUD IS LIVE,offensive_language,0.15867958249183506,0.8385154224386984,0.0028049950694665903
rip face cam FeelsBadMan,neither,0.03945320844208391,0.33037608806864915,0.630170703489267
4:40 am and im watching shroud ðŸ˜‚,neither,0.03772175319145601,0.3226160628157646,0.6396621839927794
Jshshhjh EagleEye JKanStyle GingerPower MrDestructoid GingerPower GingerPower GingerPower GingerPower GingerPower,neither,0.03945320844208391,0.33037608806864915,0.630170703489267
DAD,neither,0.03945320844208391,0.33037608806864915,0.630170703489267
DAD,neither,0.03945320844208391,0.33037608806864915,0.630170703489267
whatsup SHROUDIE,neither,0.03945320844208391,0.33037608806864915,0.630170703489267
:) :) :) :) :) :) :),neither,0.03945320844208391,0.33037608806864915,0.630170703489267
WIN RANK S THIS MONTH,neither,0.03937222081600553,0.33175065944406074,0.6288771197399338
"@Radiance445, are u me wtf",offensive_language,0.07157004486220246,0.6800335662652266,0.24839638887257087
Hey,neither,0.03945320844208391,0.33037608806864915,0.630170703489267
im blak,neither,0.03732396775172632,0.41122202234291466,0.5514540099053589
shroudW shroudW shroudW shroudW shroudW shroudW DADDY,neither,0.03945320844208391,0.33037608806864915,0.630170703489267
KevinTurtle SwiftRage DansGame GingerPower BCWarrior MVGame Kappa RedCoat,neither,0.03945320844208391,0.33037608806864915,0.630170703489267
yo im bouta eat this salad rn hype can i get a PogChamp in the chat,neither,0.03827255921315435,0.38113914775383084,0.5805882930330148
DAD,neither,0.03945320844208391,0.33037608806864915,0.630170703489267
@radiance LUL,neither,0.03945320844208391,0.33037608806864915,0.630170703489267
PogChamp,neither,0.03945320844208391,0.33037608806864915,0.630170703489267
PogChamp SALAD? OpieOP,neither,0.03945320844208391,0.33037608806864915,0.630170703489267
shroud1D shroudAK shroudWithIt shroudMilk shroudC9 shroudPigeon shroudDad shroudBhop shroudBurn shroudOverit shroudAFK shroudW shroudKobe shroudSellout shroudThump shroudWhiff shroudH shroudHype shroudPalm shroudInsane shroudTilt shroudA shroudC,neither,0.03945320844208391,0.33037608806864915,0.630170703489267
i was at game stop and i said PcMasterRace and some fat fuck tried hiting me and i dodged all his punchers #blessed,offensive_language,0.2579728821909109,0.684048301045178,0.0579788167639111
looool,neither,0.03945320844208391,0.33037608806864915,0.630170703489267
Song name?,neither,0.038830105554549986,0.3409517702390533,0.6202181242063967
PogChamp eat that salad bro,neither,0.035630005193484644,0.3719493858024739,0.5924206090040414
mike pls,neither,0.03945320844208391,0.33037608806864915,0.630170703489267
PogChamp,neither,0.03945320844208391,0.33037608806864915,0.630170703489267
shroudy let me see that beuatiasdful face,neither,0.015605916778492752,0.45202211394161157,0.5323719692798958
Keepo,neither,0.03945320844208391,0.33037608806864915,0.630170703489267
ðŸ˜˜ðŸ‘€ðŸ˜­ðŸŽ¶â˜ºï¸ðŸ‘€ðŸ˜˜ðŸ˜­,neither,0.03945320844208391,0.33037608806864915,0.630170703489267
Hello people,neither,0.08342635347872217,0.3250217469284455,0.5915518995928324
@shroud I donated to you a couple days ago and you didn't see it :( I asked if you could sign my profile pleas? <3,neither,0.03819470843715956,0.47658217951239557,0.4852231120504448
Daddy?? OMGScoots OMGScoots OMGScoots,neither,0.03945320844208391,0.33037608806864915,0.630170703489267
song?,neither,0.038601720699969956,0.3448280572582511,0.616570222041779
@shroud fap,neither,0.03945320844208391,0.33037608806864915,0.630170703489267
!song,neither,0.038601720699969956,0.3448280572582511,0.616570222041779
shroudy,neither,0.03945320844208391,0.33037608806864915,0.630170703489267
DADDY,neither,0.03945320844208391,0.33037608806864915,0.630170703489267
HI DAD,neither,0.03945320844208391,0.33037608806864915,0.630170703489267
ResidentSleeper,neither,0.03945320844208391,0.33037608806864915,0.630170703489267
hype,neither,0.03945320844208391,0.33037608806864915,0.630170703489267
321,neither,0.03945320844208391,0.33037608806864915,0.630170703489267
let me see you dad,neither,0.028235363055104167,0.47128719324282364,0.5004774437020723
fuken ad,neither,0.03945320844208391,0.33037608806864915,0.630170703489267
rank s,neither,0.03945320844208391,0.33037608806864915,0.630170703489267
shroud the girl isnt as important as US LOYAL VIEWERs!,neither,0.048650556414614236,0.4226372094652149,0.5287122341201708
WutFace,neither,0.03945320844208391,0.33037608806864915,0.630170703489267
i think stew is,neither,0.06033608231040822,0.3049013581527986,0.6347625595367932
omg,neither,0.03945320844208391,0.33037608806864915,0.630170703489267
"people who call streamers ""dad"" are so weird. like i'm not sure if you're all like 14 years old so shroud seems old to you or you're just weirdos",offensive_language,0.11903257385078767,0.5493421105833323,0.33162531556588015
autiC9 autiCreep autiCLOUD9 autiGOD autiVAC autiWHIFF,neither,0.03945320844208391,0.33037608806864915,0.630170703489267
cheer500 me: Save money for uni. Me to me: Give it to shroud.,neither,0.02921923492262151,0.3782059630481292,0.5925748020292494
Shroud is shit,offensive_language,0.06582539731401009,0.9341745528487485,4.98372412275836e-08
"guys, whisper me what you want for christmas, i need ideas",neither,0.04270191007601037,0.35685616623164634,0.6004419236923434
First LUL,neither,0.03217609621446155,0.3328790206600943,0.6349448831254441
uh,neither,0.03945320844208391,0.33037608806864915,0.630170703489267
"@shroud I just clicked my 5 month sub anniversary, but my little thing next to my name says 3 month sub lol rip",neither,0.024094586109668685,0.46302861580032395,0.5128767980900074
Join the new Curse server! https://curse.com/invite/Xv6nbZgd4kugsL2fxlg6NQ,neither,0.04082319323556661,0.27696135383134185,0.6822154529330917
@ravio1i give $20 he said on his last stream he doesn't sell out haha,neither,0.052107766162017705,0.3855107825456898,0.5623814512922924
Could I get my profile signed @shroud :D I have 1k bits for you <3 <3,neither,0.03492627111191143,0.4185742304061802,0.5464994984819083
HI DAD Kappa,neither,0.03945320844208391,0.33037608806864915,0.630170703489267
hi,neither,0.03945320844208391,0.33037608806864915,0.630170703489267
Shroud luv me,neither,0.029963539409600077,0.3829036873448657,0.5871327732455343
KAPOW,neither,0.03945320844208391,0.33037608806864915,0.630170703489267
@shroud I donated to you a couple days ago and you didn't see it :( I asked if you could sign my profile pleas? <3,neither,0.03819470843715956,0.47658217951239557,0.4852231120504448
Thanks for subscribing with Prime nathanmjk,neither,0.023796193918851447,0.32351757895080435,0.6526862271303442
@skittlez2113 but she Korean tho,neither,0.03392997831090947,0.4311659005861106,0.53490412110298
Where art thou @shroud,neither,0.04120934139827087,0.30056992866035315,0.6582207299413759
Hi dad,neither,0.03945320844208391,0.33037608806864915,0.630170703489267
ayyy shroudPigeon shroudPigeon shroudPigeon shroudPigeon,neither,0.03945320844208391,0.33037608806864915,0.630170703489267
whats up shoud,neither,0.03597034933595279,0.4023906385329718,0.5616390121310755
hey sexy boi,neither,0.03945320844208391,0.33037608806864915,0.630170703489267
hi,neither,0.03945320844208391,0.33037608806864915,0.630170703489267
Welcome back unique_gayboy (20 months) Kreygasm,neither,0.03945320844208391,0.33037608806864915,0.630170703489267
we good bois,neither,0.038623651322347706,0.3333448883351649,0.6280314603424872
shroud get a haircut damnit,neither,0.03898459808033346,0.3383296288831444,0.6226857730365222
looking sekc today Mikey KappaPride,neither,0.03804008897178131,0.30866120791127694,0.6532987031169418
Kappa,neither,0.03945320844208391,0.33037608806864915,0.630170703489267
@shroud hey shroudy whats up,neither,0.036571476693687426,0.38904843232797925,0.5743800909783333
@shroud do you sign profiles,neither,0.05667831915264819,0.3734786788058431,0.5698430020415085
shrooooooooooooddddd,neither,0.03945320844208391,0.33037608806864915,0.630170703489267
@shroud HEY!,neither,0.03945320844208391,0.33037608806864915,0.630170703489267
NIP BEAT SK,neither,0.040549842782494405,0.12714588646155836,0.8323042707559473
so we grinding MM later Kappa,neither,0.03931851427956446,0.36092987829252426,0.5997516074279112
Shroud and Stewie stream at the same time? Coincidence? I think not Kappa @shroud,neither,0.03754925603718049,0.324881732978558,0.6375690109842617
!uptime,neither,0.03945320844208391,0.33037608806864915,0.630170703489267
@filiperamos9 Channel shroud has been live for 07m and 23s,neither,0.037527441653855145,0.2724964938497483,0.6899760644963965
@shroud are you tarrik,neither,0.3074667772907956,0.2930344039624175,0.399498818746787
@shroud long stream or whaaaaa,neither,0.0392239339319146,0.3284561728385662,0.6323198932295193
sHROOD,neither,0.03945320844208391,0.33037608806864915,0.630170703489267
"@shroud, tell me your kept your sens high bb",neither,0.07600685307306702,0.4039824003004299,0.520010746626503
sick meme for money dude haha classic dude xDDDD,neither,0.033701900463042556,0.3539494245260924,0.612348675010865
@shroud I donated to you a couple days ago and you didn't see it :( I asked if you could sign my profile pleas? <3,neither,0.03819470843715956,0.47658217951239557,0.4852231120504448
I love u bb imma succ u,neither,0.03671959741797084,0.34308516861750277,0.6201952339645264
which sound is this?,neither,0.04878869404175783,0.32891637654654116,0.6222949294117011
How are you dad?,neither,0.12022768302360243,0.3245515822338546,0.555220734742543
anyone see what the name of that last song was?,neither,0.039361695443984525,0.35417001345274224,0.6064682911032734
@shroud GREAT JOB AT ELEAGUE Kappa,neither,0.03715762512450039,0.32837104185937743,0.6344713330161222
!sens,neither,0.03945320844208391,0.33037608806864915,0.630170703489267
@calexy_ DPI: 400 - Ingame : 2.5 - Windows: 6/11 - Raw-Input: On - 1000 Hz Polling Rate,neither,0.03781786467716525,0.33814216926935486,0.6240399660534798
Test,neither,0.03945320844208391,0.33037608806864915,0.630170703489267
Could I get my profile signed @shroud :D I have 1k bits for you <3 <3,neither,0.03492627111191143,0.4185742304061802,0.5464994984819083
"@Shroud, whos your favourite pro player from EU?",neither,0.05428941207375034,0.37780743407253325,0.5679031538537165
gayboy,neither,0.03945320844208391,0.33037608806864915,0.630170703489267
wait,neither,0.03945320844208391,0.33037608806864915,0.630170703489267
Shroud tell me you love. E,offensive_language,0.04540870942820907,0.49200670136245434,0.4625845892093364
!uptime,neither,0.03945320844208391,0.33037608806864915,0.630170703489267
Â»Â» Get 10% off an awesome Lootcrate at http://c9.gg/lootcratebot! Â«Â«,neither,0.035854241356283546,0.2575495405642879,0.7065962180794285
I have golden pigeon wtf?,offensive_language,0.041755369587353715,0.5938010828166853,0.3644435475959609
"@Shroud, you online piece of canadian shit Kreygasm",offensive_language,0.058246686080355395,0.9366680572251206,0.005085256694524054
Do pro players pay attention to their hltv ratings,neither,0.04460380716282945,0.32757263914444107,0.6278235536927295
WE WANT A GLOVE OPENING,neither,0.03951985292037415,0.329244957343835,0.6312351897357908
!sens,neither,0.03945320844208391,0.33037608806864915,0.630170703489267
Dont tell me how to live my life,neither,0.029114101351827543,0.4778867886097086,0.4929991100384639
lul XD,neither,0.03945320844208391,0.33037608806864915,0.630170703489267
Sup @Shroud,neither,0.03945320844208391,0.33037608806864915,0.630170703489267
So you're first picking stewie if you're captain in rank S right? @shroud,neither,0.05979852061293875,0.4212890920379121,0.5189123873491491
LOL :D,neither,0.020706217963973744,0.4882283491876925,0.4910654328483337
TELL ME YOU LOVE ME Kreygasm,offensive_language,0.0343594785738081,0.503514318474169,0.46212620295202295
@shroud I donated to you a couple days ago and you didn't see it :( I asked if you could sign my profile pleas? <3,neither,0.03819470843715956,0.47658217951239557,0.4852231120504448
LUL,neither,0.03945320844208391,0.33037608806864915,0.630170703489267
!uptime,neither,0.03945320844208391,0.33037608806864915,0.630170703489267
@xbawo Channel shroud has been live for 08m and 14s,neither,0.037527441653855145,0.2724964938497483,0.6899760644963965
heyo @shroud,neither,0.03945320844208391,0.33037608806864915,0.630170703489267
@shroud do you pay attention to your hltv rating?,neither,0.09862005618835581,0.35450368726744885,0.5468762565441955
open cases pls,neither,0.03945320844208391,0.33037608806864915,0.630170703489267
@shroud what's good tonight,neither,0.04234492596924663,0.2971449816684117,0.6605100923623416
lol,neither,0.020706217963973744,0.4882283491876925,0.4910654328483337
!headset,neither,0.03945320844208391,0.33037608806864915,0.630170703489267
"@Shroud, whos your favourite pro player from EU?",neither,0.05428941207375034,0.37780743407253325,0.5679031538537165
yay,neither,0.03945320844208391,0.33037608806864915,0.630170703489267
@shroud I wanna go pro but can't go to a lan but too far xD,neither,0.04059616175708425,0.34454018366456046,0.6148636545783553
xdd,neither,0.03945320844208391,0.33037608806864915,0.630170703489267
Yo shroud,offensive_language,0.04010381111145228,0.5271105317972344,0.4327856570913131
Welcome back exbrah (19 months) Kreygasm,neither,0.03945320844208391,0.33037608806864915,0.630170703489267
@shroud what sens,neither,0.057770773616808734,0.3180719994247239,0.6241572269584672
NOTICE ME,neither,0.030417710561350883,0.38017139541472955,0.5894108940239196
Love you shroud <3,offensive_language,0.079837142191777,0.5038574454704381,0.4163054123377849
@shroud hello from Argentina bro!,neither,0.04032623950993787,0.31555847241763935,0.6441152880724228
Glove cases are only $5 rn FeelsGoodMan @shroud,neither,0.05749033866959435,0.2973514431763584,0.6451582181540472
leperKon,neither,0.03945320844208391,0.33037608806864915,0.630170703489267
!viewmodel,neither,0.03945320844208391,0.33037608806864915,0.630170703489267
"@nots1mple Shroud's viewmodel settings are: viewmodel_fov ""68"";viewmodel_offset_x ""2.5"";viewmodel_offset_y ""1"";viewmodel_offset_z ""-1.5"";",neither,0.1675493120064283,0.18605165911864094,0.6463990288749307
he only pays attention to his reddit rating Kappa,neither,0.06459543568476354,0.32738880754912264,0.608015756766114
@shroud how do i do it,neither,0.04110095616384433,0.3298093520686711,0.6290896917674845
Glove sucks dont open it,neither,0.038340758186415,0.33075871072365043,0.6309005310899346
"@zDraKe2K ""only""",neither,0.03945320844208391,0.33037608806864915,0.630170703489267
STEW AND DAD STREAMING AT SAME TIME,neither,0.03791599397722831,0.3381448032775193,0.6239392027452525
shroudC9 shroudC9 shroudC9 shroudC9 shroudC9 shroudC9 shroudC9 shroudC9 shroudC9,neither,0.03945320844208391,0.33037608806864915,0.630170703489267
"@shroud, tell me your kept your sens high bb",neither,0.07600685307306702,0.4039824003004299,0.520010746626503
perfect thing to poop to,neither,0.05252382859846867,0.3229399476466477,0.6245362237548836
!cfg,neither,0.03945320844208391,0.33037608806864915,0.630170703489267
Dmin is for plebs you dont need dm shrood,neither,0.05826686075172932,0.3347879242901124,0.6069452149581582
@shroud can u tickle my eraser,neither,0.02805749905693723,0.41673234046233393,0.5552101604807289
i just made$250k last month from my app. now I'm lonely and depressed.,neither,0.03031837240941209,0.35820866193519096,0.6114729656553969
GLOBE PogChamp u must be really good Keepo,neither,0.04011006263997687,0.3199208675960274,0.6399690697639958
!sens,neither,0.03945320844208391,0.33037608806864915,0.630170703489267
@exbrah DPI: 400 - Ingame : 2.5 - Windows: 6/11 - Raw-Input: On - 1000 Hz Polling Rate,neither,0.03781786467716525,0.33814216926935486,0.6240399660534798
!config,neither,0.03945320844208391,0.33037608806864915,0.630170703489267
gloves PogChamp,neither,0.03945320844208391,0.33037608806864915,0.630170703489267
Could I get my profile signed @shroud :D I have 1k bits for you <3 <3,neither,0.03492627111191143,0.4185742304061802,0.5464994984819083
Have any gloves Kappa,neither,0.03903620735391724,0.33745368482095645,0.6235101078251264
!res,neither,0.03945320844208391,0.33037608806864915,0.630170703489267
"the guy with the most insane play on shrouds stream, is subbed. FeelsGoodMan @ChoTown",neither,0.03420744499374941,0.34379547208556815,0.6219970829206825
I remember you <3 @ChoTown,neither,0.07679510312187991,0.4281938613695751,0.495011035508545
"@Shroud, open glove cases",neither,0.03945320844208391,0.33037608806864915,0.630170703489267
open new case? @Shroud,neither,0.04318261315545442,0.23723082509530202,0.7195865617492435
LUL,neither,0.03945320844208391,0.33037608806864915,0.630170703489267
!commands,neither,0.03945320844208391,0.33037608806864915,0.630170703489267
@hotwheels54 http://hnlbot.com/commands/shroud,neither,0.03558056210193769,0.1941005909087057,0.7703188469893567
@shroud did you change your sens? :/,neither,0.1288326623317195,0.37726853219788437,0.4938988054703961
!resolution,neither,0.03945320844208391,0.33037608806864915,0.630170703489267
Welcome back kAMiKOIZE (9 months) Kreygasm,neither,0.03945320844208391,0.33037608806864915,0.630170703489267
This song is actually so dope,neither,0.04643162907791362,0.37783294787050675,0.5757354230515795
Kappa,neither,0.03945320844208391,0.33037608806864915,0.630170703489267
Hey shroud <3,neither,0.03945320844208391,0.33037608806864915,0.630170703489267
"@exbrah Yes, to 2.5",neither,0.0527016778443644,0.3228439940512669,0.6244543281043687
!res,neither,0.03945320844208391,0.33037608806864915,0.630170703489267
Welcome back Atowner (12 months) Kreygasm,neither,0.03945320844208391,0.33037608806864915,0.630170703489267
"@Shroud, have you bought your dad a christmas present yet?",neither,0.07518772282611151,0.36232011401763964,0.562492163156249
<3 <3 <3 <3 <3 <3 <3 <3 <3 <3 <3 <3 <3 I LOVE YOU SHROUD,offensive_language,0.079837142191777,0.5038574454704381,0.4163054123377849
Welcome back stm_cs (19 months) Kreygasm,neither,0.03945320844208391,0.33037608806864915,0.630170703489267
i heard that shroud wants to do an overwatch,neither,0.04383554343862672,0.361928471555159,0.5942359850062142
shroud what happened to jordans dm servers?,neither,0.04803398734491341,0.3249196967382161,0.6270463159168705
@shroud how do u go pro without going to a lan homie too far?,neither,0.04379194304499645,0.34905493806898286,0.6071531188860207
right ??,neither,0.03719022913728602,0.3744360956046963,0.5883736752580178
"@shroud can you join Ireland's first pro team with me, might only last a few days but whatever",neither,0.03192992705021313,0.39567884650326685,0.5723912264465201
TASTY,neither,0.03945320844208391,0.33037608806864915,0.630170703489267
@shroud your sub count thing is counting for resubs just saying,neither,0.04841403273132594,0.3187310996880003,0.6328548675806737
!crosshair,neither,0.03945320844208391,0.33037608806864915,0.630170703489267
"@nots1mple Cl_crosshairsize 3, cl_crosshair_drawoutline 1, cl_crosshaircolor 5, cl_crosshairgap -1, cl_crosshairthickness 0.5",neither,0.03945320844208391,0.33037608806864915,0.630170703489267
real flusha,offensive_language,0.025561593684253106,0.5993264658233612,0.3751119404923855
PogChamp,neither,0.03945320844208391,0.33037608806864915,0.630170703489267
@zDraKe2K I use to be a sub long time ago but I ended up being broke and had to unsub shroudC,neither,0.021465754815716838,0.41708668810157956,0.5614475570827036
!sens,neither,0.03945320844208391,0.33037608806864915,0.630170703489267
!res,neither,0.03945320844208391,0.33037608806864915,0.630170703489267
!resolution,neither,0.03945320844208391,0.33037608806864915,0.630170703489267
