text,top_class,hate_speech,offensive_language,neither
:D,neither,0.03945320844208391,0.33037608806864915,0.630170703489267
hi,neither,0.03945320844208391,0.33037608806864915,0.630170703489267
im early,neither,0.04045404751103885,0.34134231388191977,0.6182036386070414
lol,neither,0.020706217963973744,0.4882283491876925,0.4910654328483337
DAD PogChamp,neither,0.03945320844208391,0.33037608806864915,0.630170703489267
hello,neither,0.03945320844208391,0.33037608806864915,0.630170703489267
Hi there sexyboy,neither,0.039369405442012055,0.27395600237499595,0.686674592182992
ooooooooo,neither,0.03945320844208391,0.33037608806864915,0.630170703489267
shrood,neither,0.03945320844208391,0.33037608806864915,0.630170703489267
Yes I am first. And twitch records chat FUCK YES,offensive_language,0.11760568193159521,0.8058849752433712,0.0765093428250336
RareShroud,neither,0.03945320844208391,0.33037608806864915,0.630170703489267
hi dad,neither,0.03945320844208391,0.33037608806864915,0.630170703489267
first,neither,0.02604892428726219,0.3349864360510187,0.6389646396617191
dad,neither,0.03945320844208391,0.33037608806864915,0.630170703489267
NOTIFICATION SQUAD,neither,0.03945320844208391,0.33037608806864915,0.630170703489267
YOOO,neither,0.03945320844208391,0.33037608806864915,0.630170703489267
xd,neither,0.03945320844208391,0.33037608806864915,0.630170703489267
HEY THERE,neither,0.039367870622775906,0.26767823129172763,0.6929538980854965
tmr is resub day,neither,0.05919630243282648,0.29470783567397096,0.6460958618932024
HI SHROUD,neither,0.03945320844208391,0.33037608806864915,0.630170703489267
You don't even use your own rare emote xd,neither,0.05818193136752801,0.45621535157210785,0.4856027170603642
fyhr¨'ä,neither,0.03945320844208391,0.33037608806864915,0.630170703489267
sumOhface,neither,0.03945320844208391,0.33037608806864915,0.630170703489267
First,neither,0.02604892428726219,0.3349864360510187,0.6389646396617191
!uptime,neither,0.03945320844208391,0.33037608806864915,0.630170703489267
@reddevils235 Channel shroud has been live for 01m and 42s,neither,0.037527441653855145,0.2724964938497483,0.6899760644963965
You guys aren't first lmao,neither,0.04557972409196537,0.40245170695047894,0.5519685689575556
PogChamp Shroud,neither,0.03945320844208391,0.33037608806864915,0.630170703489267
hi,neither,0.03945320844208391,0.33037608806864915,0.630170703489267
HYPEP AF SHROUDY,neither,0.03945320844208391,0.33037608806864915,0.630170703489267
Kappa,neither,0.03945320844208391,0.33037608806864915,0.630170703489267
RareParrot,neither,0.03945320844208391,0.33037608806864915,0.630170703489267
first,neither,0.02604892428726219,0.3349864360510187,0.6389646396617191
<3,neither,0.03945320844208391,0.33037608806864915,0.630170703489267
i love yoooou,neither,0.03633489270100109,0.3449275588628445,0.6187375484361545
SHROUD,neither,0.03945320844208391,0.33037608806864915,0.630170703489267
i was first,neither,0.02795943722407552,0.3378485275292669,0.6341920352466575
w00t,neither,0.03945320844208391,0.33037608806864915,0.630170703489267
"@IFapwithTwohands, lol you thought you were 100% not first nt tho",neither,0.04865120736452601,0.3617845016352538,0.5895642910002202
rekt,neither,0.03945320844208391,0.33037608806864915,0.630170703489267
Firstly,neither,0.03945320844208391,0.33037608806864915,0.630170703489267
Papa Kreygasm,neither,0.03945320844208391,0.33037608806864915,0.630170703489267
0 viewers,neither,0.03945320844208391,0.33037608806864915,0.630170703489267
BEARS,neither,0.03945320844208391,0.33037608806864915,0.630170703489267
I'm first,neither,0.02604892428726219,0.3349864360510187,0.6389646396617191
!uptime,neither,0.03945320844208391,0.33037608806864915,0.630170703489267
@nany004 Channel shroud has been live for 02m and 03s,neither,0.037527441653855145,0.2724964938497483,0.6899760644963965
HEY SHROUD 8===👊==D💦😍,neither,0.03945320844208391,0.33037608806864915,0.630170703489267
I am the first,neither,0.0284936023110528,0.3104868291660956,0.6610195685228516
father shrood,neither,0.03945320844208391,0.33037608806864915,0.630170703489267
hey ad,neither,0.03945320844208391,0.33037608806864915,0.630170703489267
Yo,offensive_language,0.04010381111145228,0.5271105317972344,0.4327856570913131
Hi,neither,0.03945320844208391,0.33037608806864915,0.630170703489267
dam',neither,0.03945320844208391,0.33037608806864915,0.630170703489267
dad,neither,0.03945320844208391,0.33037608806864915,0.630170703489267
PogChamp shroudHype,neither,0.03945320844208391,0.33037608806864915,0.630170703489267
Yoight,neither,0.03945320844208391,0.33037608806864915,0.630170703489267
dad,neither,0.03945320844208391,0.33037608806864915,0.630170703489267
SHROOD,neither,0.03945320844208391,0.33037608806864915,0.630170703489267
HIIIII SHROUD,neither,0.03945320844208391,0.33037608806864915,0.630170703489267
im last,neither,0.038054541830466006,0.38340216355745876,0.5785432946120752
hi,neither,0.03945320844208391,0.33037608806864915,0.630170703489267
PogChamp,neither,0.03945320844208391,0.33037608806864915,0.630170703489267
rip 3rd,neither,0.03945320844208391,0.33037608806864915,0.630170703489267
AYE LETS FUCKIN GOOOO MY DICK HARD!!!!!,offensive_language,0.04706283929073238,0.9496006623316401,0.0033364983776275705
FlipThis,neither,0.03945320844208391,0.33037608806864915,0.630170703489267
hi,neither,0.03945320844208391,0.33037608806864915,0.630170703489267
Dad,neither,0.03945320844208391,0.33037608806864915,0.630170703489267
Hi Dad,neither,0.03945320844208391,0.33037608806864915,0.630170703489267
What's good SHROOT,neither,0.049264040363752405,0.32301434720671374,0.6277216124295337
Hi shroud,neither,0.03945320844208391,0.33037608806864915,0.630170703489267
shrooooood,neither,0.03945320844208391,0.33037608806864915,0.630170703489267
Dad how was your day,neither,0.07708336075453814,0.30600704793203987,0.6169095913134222
Daddy,neither,0.03945320844208391,0.33037608806864915,0.630170703489267
YOU QUALIFYED,offensive_language,0.21217306638279385,0.6099082758190073,0.17791865779819876
hi son,neither,0.03945320844208391,0.33037608806864915,0.630170703489267
Early bird,neither,0.0008747839094687892,0.01950035827580147,0.9796248578147296
Suhhhhhh,neither,0.03945320844208391,0.33037608806864915,0.630170703489267
WE EARLY BOIS,neither,0.0407737323553333,0.30796335096801497,0.6512629166766518
Hey Chat HeyGuys,neither,0.03945320844208391,0.33037608806864915,0.630170703489267
Shroud PogChamp,neither,0.03945320844208391,0.33037608806864915,0.630170703489267
I was just about to go to sleep dad,neither,0.04662664680413008,0.3709761366729319,0.582397216522938
its fucking happenign,offensive_language,0.09696023042005422,0.9030359252005178,3.844379427999004e-06
[Twitter Live Feed @C9shroud] Playin a game of Rank Sisssy https://t.co/0nsby7MTHi https://twitter.com/C9shroud/status/805949474027630592,neither,0.04041589815478144,0.4159699026476547,0.5436141991975637
Dad,neither,0.03945320844208391,0.33037608806864915,0.630170703489267
suhhhhhhh dude,neither,0.03945320844208391,0.33037608806864915,0.630170703489267
early bois,neither,0.04102454388876046,0.3037064246798135,0.655269031431426
DAD U QUALIFIED,neither,0.03945320844208391,0.33037608806864915,0.630170703489267
"rank s,",neither,0.03945320844208391,0.33037608806864915,0.630170703489267
C9 in winter = TRASH,neither,0.04224684886927759,0.11170591318098246,0.84604723794974
First 100,neither,0.030303708395878762,0.3335230206903765,0.6361732709137446
HeyGuys,neither,0.03945320844208391,0.33037608806864915,0.630170703489267
moe said shroud spanks to hentai,neither,0.044078899336597734,0.32764700898541266,0.6282740916779895
XDDDDDDD,neither,0.03945320844208391,0.33037608806864915,0.630170703489267
Hey guys pm me if you want free skins ;),neither,0.030995001959105085,0.42282266956054865,0.5461823284803463
100 viewers PogChamp,neither,0.03945320844208391,0.33037608806864915,0.630170703489267
yaaaaa,neither,0.03945320844208391,0.33037608806864915,0.630170703489267
moon2CUTE,neither,0.03945320844208391,0.33037608806864915,0.630170703489267
Keepo Keepo Keepo Keepo Keepo Keepo Keepo,neither,0.03945320844208391,0.33037608806864915,0.630170703489267
KappaRoss,neither,0.03945320844208391,0.33037608806864915,0.630170703489267
Well they qualified for the qualifier,neither,0.030607306795527943,0.27186956319744215,0.6975231300070298
@muchbutter kys,neither,0.03945320844208391,0.33037608806864915,0.630170703489267
who is this shroud guym,neither,0.05821697703665943,0.4560551609872064,0.48572786197613427
EARLY EU STREAM NotLikeThis NotLikeThis NotLikeThis NotLikeThis,neither,0.04105563611597919,0.30317870843966455,0.6557656554443562
No guac extra cock,offensive_language,0.05911070486751409,0.8077667778169323,0.13312251731555352
dad\,neither,0.03945320844208391,0.33037608806864915,0.630170703489267
ITS ALIVE,neither,0.031903049979589954,0.33297293378096626,0.6351240162394438
DADDY,neither,0.03945320844208391,0.33037608806864915,0.630170703489267
@shroud LETS GET ROWDY SHROUDY!!,neither,0.03823542367592954,0.3510450737152732,0.6107195026087974
PogChamp,neither,0.03945320844208391,0.33037608806864915,0.630170703489267
@jackson_chris U fucker!!!! Its so fuckin true,offensive_language,0.0648665192275026,0.9132051021893745,0.021928378583123062
FaZe > C9,neither,0.03945320844208391,0.33037608806864915,0.630170703489267
KappaPride KappaPride KappaPride,neither,0.03945320844208391,0.33037608806864915,0.630170703489267
in in the 40 ckub woo,neither,0.03868389139966454,0.3163533006946251,0.6449628079057104
MAMA,neither,0.03945320844208391,0.33037608806864915,0.630170703489267
Papa,neither,0.03945320844208391,0.33037608806864915,0.630170703489267
WASSUP,neither,0.33529425248498695,0.08556156890646638,0.5791441786085466
Roudy Shroudy,neither,0.03945320844208391,0.33037608806864915,0.630170703489267
"@Shroud, do you sign profiles for bits? If i donate a few thousand bits",neither,0.03301053632531859,0.36838858180894374,0.5986008818657377
dad,neither,0.03945320844208391,0.33037608806864915,0.630170703489267
shroudie,neither,0.03945320844208391,0.33037608806864915,0.630170703489267
hi,neither,0.03945320844208391,0.33037608806864915,0.630170703489267
xD,neither,0.03945320844208391,0.33037608806864915,0.630170703489267
PogChamp,neither,0.03945320844208391,0.33037608806864915,0.630170703489267
HELLO,neither,0.03945320844208391,0.33037608806864915,0.630170703489267
shroudHype,neither,0.03945320844208391,0.33037608806864915,0.630170703489267
SENPAI,neither,0.03945320844208391,0.33037608806864915,0.630170703489267
BibleThump BibleThump BibleThump,neither,0.03945320844208391,0.33037608806864915,0.630170703489267
Hey shroud,neither,0.03945320844208391,0.33037608806864915,0.630170703489267
HELLO,neither,0.03945320844208391,0.33037608806864915,0.630170703489267
Pappy\,neither,0.03945320844208391,0.33037608806864915,0.630170703489267
PogChamp,neither,0.03945320844208391,0.33037608806864915,0.630170703489267
sumOhface sumOhface sumOhface sumOhface sumOhface,neither,0.03945320844208391,0.33037608806864915,0.630170703489267
Hoi,neither,0.03945320844208391,0.33037608806864915,0.630170703489267
Hello?,neither,0.03945320844208391,0.33037608806864915,0.630170703489267
@muchbutter Lol I know,neither,0.025426707347054857,0.44080850221105544,0.5337647904418897
Hullo,neither,0.03945320844208391,0.33037608806864915,0.630170703489267
DAD,neither,0.03945320844208391,0.33037608806864915,0.630170703489267
im ear;y,neither,0.038394007859696565,0.3705519152323827,0.5910540769079209
SHREWD GETTING ROWDY PogChamp,neither,0.03524128684636728,0.40186338978739716,0.5628953233662356
FeelsBadMan Optic > C9 Kappa,neither,0.03945320844208391,0.33037608806864915,0.630170703489267
LOL HI,neither,0.029068264864247538,0.40827028370723706,0.5626614514285154
shroudy daddy,neither,0.03945320844208391,0.33037608806864915,0.630170703489267
<3 <3 <3,neither,0.03945320844208391,0.33037608806864915,0.630170703489267
fuck me in the ass dadyyyyyyyyy,offensive_language,0.23018381598656504,0.7698161839238197,8.961539758706197e-11
shroudHype shroudHype shroudHype,neither,0.03945320844208391,0.33037608806864915,0.630170703489267
KappaHD,neither,0.03945320844208391,0.33037608806864915,0.630170703489267
"99% of CSGO Audio is ""Hello?!?""",neither,0.044857679144356205,0.3285172427688773,0.6266250780867664
shroudW shroudW shroudW,neither,0.03945320844208391,0.33037608806864915,0.630170703489267
Hi shrood,neither,0.03945320844208391,0.33037608806864915,0.630170703489267
im early,neither,0.04045404751103885,0.34134231388191977,0.6182036386070414
Otou-san VoHiYo,neither,0.03945320844208391,0.33037608806864915,0.630170703489267
KappaClaus,neither,0.03945320844208391,0.33037608806864915,0.630170703489267
click click click,neither,0.03945320844208391,0.33037608806864915,0.630170703489267
KappaHD KappaHD KappaHD KappaHD,neither,0.03945320844208391,0.33037608806864915,0.630170703489267
@shroud its 3am still watching u xdd,neither,0.03326748351628562,0.3458453095840964,0.6208872068996181
PogChamp,neither,0.03945320844208391,0.33037608806864915,0.630170703489267
!uptime,neither,0.03945320844208391,0.33037608806864915,0.630170703489267
@twistofthewrist Channel shroud has been live for 03m and 39s,neither,0.037527441653855145,0.2724964938497483,0.6899760644963965
How are you papa?,neither,0.10138785131334951,0.32629818750413137,0.5723139611825191
PJSugar KappaPride,neither,0.03945320844208391,0.33037608806864915,0.630170703489267
"YEEESSSS I needed this, 3 am and I need to wake up",neither,0.04141775447769134,0.33486921776495104,0.6237130277573577
KappaPride,neither,0.03945320844208391,0.33037608806864915,0.630170703489267
SHROOOOD,neither,0.03945320844208391,0.33037608806864915,0.630170703489267
shroudHype shroudHype,neither,0.03945320844208391,0.33037608806864915,0.630170703489267
SHOW US DAT SEXY FACE,neither,0.10191532173050537,0.25142558312349533,0.6466590951459993
WutFace,neither,0.03945320844208391,0.33037608806864915,0.630170703489267
im scared,neither,0.038256595597773745,0.3757511155271296,0.5859922888750968
HeyGuys,neither,0.03945320844208391,0.33037608806864915,0.630170703489267
hey,neither,0.03945320844208391,0.33037608806864915,0.630170703489267
Join the new Curse server! https://curse.com/invite/Xv6nbZgd4kugsL2fxlg6NQ,neither,0.04082319323556661,0.27696135383134185,0.6822154529330917
FACE REVEAL,neither,0.03945320844208391,0.33037608806864915,0.630170703489267
hello everyone :),neither,0.03269494828970791,0.4450814005079928,0.5222236512022994
I mean stay awake lol,neither,0.03229524952683242,0.3819053831815446,0.5857993672916231
WSUUUUUUUUUUP SHROUD!!!,neither,0.03945320844208391,0.33037608806864915,0.630170703489267
LUL face reveal,neither,0.03945320844208391,0.33037608806864915,0.630170703489267
4:30 am LUL,neither,0.03927690980021451,0.33043672525586854,0.6302863649439171
!song,neither,0.038601720699969956,0.3448280572582511,0.616570222041779
\ TriHard >,neither,0.03945320844208391,0.33037608806864915,0.630170703489267
Welcome back Coreyloper (3 months) Kreygasm,neither,0.03945320844208391,0.33037608806864915,0.630170703489267
PJSalt KappaPride KappaPride KappaPride KappaPride KappaPride KappaPride KappaPride KappaPride KappaPride KappaPride,neither,0.03945320844208391,0.33037608806864915,0.630170703489267
@shroud play OK! by San Holo and Jauz,neither,0.03958372882784422,0.3331939178921733,0.6272223532799825
whats up guys its scarce here,neither,0.06129085919694727,0.34469342573844736,0.5940157150646054
mcaT mcaT mcaT,neither,0.03945320844208391,0.33037608806864915,0.630170703489267
mcaT mcaT mcaT mcaT mcaT mcaT mcaT mcaT mcaT,neither,0.03945320844208391,0.33037608806864915,0.630170703489267
imt>c9,neither,0.03945320844208391,0.33037608806864915,0.630170703489267
Justin Fanboy here too :P,neither,0.09726512648979273,0.29028000512381796,0.6124548683863892
SHOW US DAT SEXY FACE Kreygasm Kreygasm Kreygasm Kreygasm Kreygasm Kreygasm,neither,0.10191532173050537,0.25142558312349533,0.6466590951459993
"@shroud I need a new mouse pad, how's the cloud9 Zoom Large feel compared to like a Logitech soft cloth / Steelseries qck pad?",neither,0.04768471697938004,0.2908122793952021,0.6615030036254178
@shroud it's in the mcat channel;,neither,0.03681110524667987,0.3121812182217363,0.651007676531584
3am DUDE im dead and wanna stay awake watching your ass CoolStoryBob,offensive_language,0.13903545252267865,0.797126314061435,0.06383823341588635
SMOrc,neither,0.03945320844208391,0.33037608806864915,0.630170703489267
!sens,neither,0.03945320844208391,0.33037608806864915,0.630170703489267
Show us your beautiful face,neither,0.1707971632754072,0.23120198448314383,0.5980008522414488
@bobovac2 DPI: 400 - Ingame : 2.5 - Windows: 6/11 - Raw-Input: On - 1000 Hz Polling Rate,neither,0.03781786467716525,0.33814216926935486,0.6240399660534798
🚬👶🏿🖕🏿,neither,0.03945320844208391,0.33037608806864915,0.630170703489267
"@Shroud, Miiikkkkeee it was good seeing you again gumiWave",neither,0.05134354040774908,0.4157636637304415,0.5328927958618094
is he already in a game,neither,0.0547818789844994,0.29741868444441005,0.6477994365710906
PogChamp,neither,0.03945320844208391,0.33037608806864915,0.630170703489267
first,neither,0.02604892428726219,0.3349864360510187,0.6389646396617191
Welcome back iDedicated (19 months) Kreygasm,neither,0.03945320844208391,0.33037608806864915,0.630170703489267
hi shroud,neither,0.03945320844208391,0.33037608806864915,0.630170703489267
You guys looked rough against imt,neither,0.05155784446865396,0.34602959764432123,0.6024125578870249
those gloves,neither,0.06940834553687121,0.24970328122095314,0.6808883732421755
"@Shroud, pls listen to Foster the People - Pumped up Kicks (Bridge and Law Remix)",neither,0.05297391464539211,0.324183509950851,0.6228425754037569
Welcome back KiiLLa_B (19 months) Kreygasm,neither,0.03945320844208391,0.33037608806864915,0.630170703489267
DAYUUUUUM 😍😍😍😍😍😍😍,neither,0.03945320844208391,0.33037608806864915,0.630170703489267
WHAT UP SHROOOOD,neither,0.04549209283961305,0.43877665191533993,0.5157312552450469
LUL this music,neither,0.03936127887839828,0.3319363726814375,0.6287023484401641
PogChamp,neither,0.03945320844208391,0.33037608806864915,0.630170703489267
@shroud gatta go on a school trip to a dif continent (its 3am going to asia),neither,0.04106064424687903,0.3524230394694027,0.6065163162837183
HAWT,neither,0.03945320844208391,0.33037608806864915,0.630170703489267
DendiFace,neither,0.03945320844208391,0.33037608806864915,0.630170703489267
WutFace,neither,0.03945320844208391,0.33037608806864915,0.630170703489267
Welcome back Chobandit (14 months) Kreygasm,neither,0.03945320844208391,0.33037608806864915,0.630170703489267
!sens,neither,0.03945320844208391,0.33037608806864915,0.630170703489267
@kayvyin DPI: 400 - Ingame : 2.5 - Windows: 6/11 - Raw-Input: On - 1000 Hz Polling Rate,neither,0.03781786467716525,0.33814216926935486,0.6240399660534798
@shroud entry fragging tips for my open team?,neither,0.02571284275250039,0.37481955152181023,0.5994676057256894
@shroud HEY,neither,0.03945320844208391,0.33037608806864915,0.630170703489267
@oguzhanesn lol go sleep. Are you Turkish by the way?,neither,0.07905848071330818,0.4274472672390961,0.49349425204759567
loves everything,neither,0.03945320844208391,0.33037608806864915,0.630170703489267
Welcome back Pennies_for_Paul (2 months) Kreygasm,neither,0.03945320844208391,0.33037608806864915,0.630170703489267
aye daddy shroud,neither,0.03945320844208391,0.33037608806864915,0.630170703489267
who thinks shroud is daddy af,neither,0.04773610317137832,0.3878464937410079,0.5644174030876138
Hi dad,neither,0.03945320844208391,0.33037608806864915,0.630170703489267
PogChamp,neither,0.03945320844208391,0.33037608806864915,0.630170703489267
Any TriHard subs here,neither,0.08837898447194073,0.291486190082826,0.6201348254452332
what the fuck are you listening to mike,offensive_language,0.3225899087138792,0.67432020648727,0.003089884798850856
!viewmodel,neither,0.03945320844208391,0.33037608806864915,0.630170703489267
"@oguzgaziofficial Shroud's viewmodel settings are: viewmodel_fov ""68"";viewmodel_offset_x ""2.5"";viewmodel_offset_y ""1"";viewmodel_offset_z ""-1.5"";",neither,0.1675493120064283,0.18605165911864094,0.6463990288749307
right here TriHard,neither,0.14092693309900944,0.28829288408892206,0.5707801828120685
"@Itssuffer, haHAA",neither,0.03945320844208391,0.33037608806864915,0.630170703489267
SHROUD O.O hi,neither,0.03945320844208391,0.33037608806864915,0.630170703489267
Heyro,neither,0.03945320844208391,0.33037608806864915,0.630170703489267
BR!,neither,0.03945320844208391,0.33037608806864915,0.630170703489267
i call everyone dad im 12 btw haHaa,neither,0.03505519004909617,0.41552161300261814,0.5494231969482857
lel,neither,0.03945320844208391,0.33037608806864915,0.630170703489267
!commands,neither,0.03945320844208391,0.33037608806864915,0.630170703489267
"@Shroud, csgo is a broken game",neither,0.045866135893386534,0.29205082417901557,0.6620830399275979
3:41 am :(,neither,0.03902346103501681,0.3305238979082658,0.6304526410567174
where is yung stew,neither,0.05270821425102422,0.28737474699051774,0.659917038758458
!digital,neither,0.03945320844208391,0.33037608806864915,0.630170703489267
!res,neither,0.03945320844208391,0.33037608806864915,0.630170703489267
@deepesh30 He plays at 1920x1080,neither,0.0452480919340949,0.3577890385339979,0.5969628695319072
KappaClaus Hey guys check out my new hat. KappaRoss my hair is all messy dangit NotLikeThis awww thats better Kappa,neither,0.032148978304506165,0.4115844066992485,0.5562666149962453
hello,neither,0.03945320844208391,0.33037608806864915,0.630170703489267
!cmds,neither,0.03945320844208391,0.33037608806864915,0.630170703489267
haHAA dad haHAA im 12 haHAA,neither,0.039128060431748074,0.34275197256361956,0.6181199670046325
Wow shroud you saved my night by streaming shroudH,neither,0.036131670064725785,0.4681766611292444,0.4956916688060298
!dv,neither,0.03945320844208391,0.33037608806864915,0.630170703489267
shroud tasty <3,neither,0.03945320844208391,0.33037608806864915,0.630170703489267
did you turn digital vibrance back up? @Shroud,neither,0.05081130264503298,0.4198714153953437,0.5293172819596235
@shroud what is your favorite animal,neither,0.09784619180574775,0.3103982317291097,0.5917555764651427
@kapisch dad is a funny meme :DDDD,neither,0.04564690518440085,0.3432945620223869,0.6110585327932124
phoon LUL,neither,0.03945320844208391,0.33037608806864915,0.630170703489267
Welcome back rachelcrader (5 months) Kreygasm,neither,0.03945320844208391,0.33037608806864915,0.630170703489267
Hello father,neither,0.03945320844208391,0.33037608806864915,0.630170703489267
haHAA fking 12 yr olds saying dad haHAA,neither,0.035855598841663276,0.33161347098078964,0.632530930177547
shroud back on 100 digital vibrance? seems high af rn,neither,0.035621217910635425,0.3895865280755552,0.5747922540138092
Hey @shroud ! Hope youre well,neither,0.09387812431713953,0.21463851250269086,0.6914833631801696
!mouse,neither,0.03945320844208391,0.33037608806864915,0.630170703489267
@lsd_power He's using the Logitech G Pro,neither,0.03984410112167261,0.377725686199306,0.5824302126790214
Welcome back Apmonster (5 months) Kreygasm,neither,0.03945320844208391,0.33037608806864915,0.630170703489267
shroudW shroudMilk,neither,0.03945320844208391,0.33037608806864915,0.630170703489267
!music,neither,0.03945320844208391,0.33037608806864915,0.630170703489267
@shroud how do you like your gloves?,neither,0.12879892033054194,0.3818844172661987,0.4893166624032594
fuck yes shroud is back baby !,offensive_language,0.2009948855071569,0.7983674866907691,0.0006376278020739562
LUL,neither,0.03945320844208391,0.33037608806864915,0.630170703489267
ay lmao,neither,0.038254027523145044,0.35072931787585365,0.6110166546010013
MEDIA SHARE,neither,0.03945320844208391,0.33037608806864915,0.630170703489267
Shroud you need more mods 4Head /,neither,0.07719303268317275,0.3955094334893334,0.5272975338274939
shrooooood whats up HeyGuys,neither,0.03597034933595279,0.4023906385329718,0.5616390121310755
Shrouds aim Kreygasm,neither,0.03945320844208391,0.33037608806864915,0.630170703489267
"@Shroud, listen to Foster the People - Pumped up Kicks (Bridge and Law Remix)",neither,0.05394420854085063,0.32375883814117284,0.6222969533179765
yo wtf are u listening bro,offensive_language,0.06855143334150805,0.5844261112271419,0.34702245543135
FeelsBadMan 🔫 i made that music Kappa,neither,0.036064796287937115,0.3671480498218561,0.5967871538902068
!sens,neither,0.03945320844208391,0.33037608806864915,0.630170703489267
@s4nti_ DPI: 400 - Ingame : 2.5 - Windows: 6/11 - Raw-Input: On - 1000 Hz Polling Rate,neither,0.03781786467716525,0.33814216926935486,0.6240399660534798
listen to no music Kappa,neither,0.04431792868787834,0.3388223761937009,0.6168596951184208
hello daddy,neither,0.03945320844208391,0.33037608806864915,0.630170703489267
Hey Penis!,neither,0.03945320844208391,0.33037608806864915,0.630170703489267
Anti-Sellout FeelsGoodMan,neither,0.03945320844208391,0.33037608806864915,0.630170703489267
monstercat is trash now,neither,0.05946369143650228,0.06733021610758405,0.8732060924559137
HI shroudy,neither,0.03945320844208391,0.33037608806864915,0.630170703489267
daddys back,neither,0.03945320844208391,0.33037608806864915,0.630170703489267
monstercat BrokeBack,neither,0.03945320844208391,0.33037608806864915,0.630170703489267
What mobile phone do u use?,neither,0.018880396690408262,0.4064317205257497,0.574687882783842
That song just kept going lmao,neither,0.030233447854371473,0.42568347245890076,0.5440830796867279
Welcome back Cascoid (7 months) Kreygasm,neither,0.03945320844208391,0.33037608806864915,0.630170703489267
"hello baby, ty for stream",neither,0.035121467102703564,0.3087300625476634,0.656148470349633
Sup @Shroud How's it going?,neither,0.03627898131597121,0.36020740232692017,0.6035136163571087
shroud did u use Situartion Toggler for the screen ? i mean this color sets,neither,0.01793084305727407,0.3632555096443591,0.6188136472983667
@shroud Thoughs on the greenwall?,neither,0.02980773873212874,0.32493258238145833,0.645259678886413
!sens,neither,0.03945320844208391,0.33037608806864915,0.630170703489267
@blorka DPI: 400 - Ingame : 2.5 - Windows: 6/11 - Raw-Input: On - 1000 Hz Polling Rate,neither,0.03781786467716525,0.33814216926935486,0.6240399660534798
Shroud on lan EleGiggle,neither,0.03604994862660617,0.3468118372728627,0.617138214100531
"@shroud what's up dad, when u coming home",neither,0.032533017954396254,0.41779491825067494,0.5496720637949287
@shroud wat does rank s stand for,neither,0.025164650299051676,0.4083976123222463,0.566437737378702
!sens,neither,0.03945320844208391,0.33037608806864915,0.630170703489267
@shroud whats your favorite type of food,neither,0.06502668063435356,0.3232809729747259,0.6116923463909204
@shroud which mobile phone do u use?,neither,0.017829499161163505,0.40399836523495264,0.578172135603884
Thanks for subscribing with Prime coolninja6060,neither,0.023796193918851447,0.32351757895080435,0.6526862271303442
rank shit,offensive_language,0.04354612540070379,0.9560252151051463,0.0004286594941500141
FeelsBadMan 2.1 shroud was the best,neither,0.03673217020582456,0.298597772223097,0.6646700575710784
I listen to them on spotify @Shroud that way you can go back and skip and shit,offensive_language,0.0755400000171521,0.9070879516072029,0.017372048375645
@shroud HI FROM SLOVAKIA FutureMan,neither,0.04094187055022747,0.3051096069949388,0.6539485224548338
rank shit haHAA,offensive_language,0.04681775283769498,0.947691208709822,0.005491038452483068
!volume,neither,0.03945320844208391,0.33037608806864915,0.630170703489267
"@Shroud, Dad, get me at school I'm waiting",neither,0.031825879529680634,0.3947874719192905,0.5733866485510289
@shroud hey shroud i missed u,neither,0.03945320844208391,0.33037608806864915,0.630170703489267
hi daniel ricard nunez,neither,0.03945320844208391,0.33037608806864915,0.630170703489267
this is super early,neither,0.05067644894349919,0.30037288381755367,0.6489506672389472
it is,neither,0.059603583318096655,0.32344545014120724,0.616950966540696
Join the new Curse server! https://curse.com/invite/Xv6nbZgd4kugsL2fxlg6NQ,neither,0.04082319323556661,0.27696135383134185,0.6822154529330917
!mouse,neither,0.03945320844208391,0.33037608806864915,0.630170703489267
@ijerryr He's using the Logitech G Pro,neither,0.03984410112167261,0.377725686199306,0.5824302126790214
"@Shroud, crazy how times change, still remember port credit man?",neither,0.03236425410246094,0.43979155025650707,0.527844195641032
BOY ITS 6 FOR HIM miss me with that shit,offensive_language,0.01973914484163781,0.9743350489549413,0.005925806203420848
it's almost like house music is shit,offensive_language,0.0639213245876245,0.9336562512002246,0.0024224242121510583
soup /r9k/,neither,0.03945320844208391,0.33037608806864915,0.630170703489267
this stream is like 4 hours early,neither,0.05787321585259296,0.32066473874000345,0.6214620454074036
!settings,neither,0.03945320844208391,0.33037608806864915,0.630170703489267
"@Shroud, its fucking 2:43am over here",offensive_language,0.20324801280330704,0.7965168640325961,0.00023512316409691645
lmaokai,neither,0.03945320844208391,0.33037608806864915,0.630170703489267
02:43 am man :x,neither,0.03939141441240537,0.38025076620251597,0.5803578193850787
!keyboard,neither,0.03945320844208391,0.33037608806864915,0.630170703489267
@ijerryr He uses the Logitech 810 keyboard,neither,0.04334137227189974,0.314749098452785,0.6419095292753153
not early for eu,neither,0.03166139132981783,0.2627802226159648,0.7055583860542174
reiterate big plan please,neither,0.02383521214613601,0.39465281420372583,0.5815119736501382
I finally made a shroud stream,neither,0.03945320844208391,0.33037608806864915,0.630170703489267
cut from c9,neither,0.041132039720542204,0.30188193987271156,0.6569860204067463
!res,neither,0.03945320844208391,0.33037608806864915,0.630170703489267
It's 2:44 where I am FeelsBadMan,neither,0.03966811126824502,0.300116322516458,0.660215566215297
"Yeah, its 3 fcking am Mike :D",neither,0.020556065361386846,0.4361010558407587,0.5433428787978545
@party_king89 it's ESEA's (an alternative to match making) top players,neither,0.044349853440197345,0.3135794745027967,0.6420706720570059
!crosshair,neither,0.03945320844208391,0.33037608806864915,0.630170703489267
@shroud u missed my sub :(,neither,0.028208074523291583,0.41797056697707907,0.5538213584996293
2017 SHROUD RETIRES,neither,0.03945320844208391,0.33037608806864915,0.630170703489267
!reso,neither,0.03945320844208391,0.33037608806864915,0.630170703489267
shroud can you tell logitech to use more flexible cables FeelsBadMan,neither,0.023436721386240318,0.47909605636731173,0.49746722224644796
theres 3:43 am 4Head ResidentSleeper,neither,0.03928017744694183,0.3304356013623191,0.6302842211907391
@shroud Music??,neither,0.03945320844208391,0.33037608806864915,0.630170703489267
03:43,neither,0.03945320844208391,0.33037608806864915,0.630170703489267
Great time for Australia,neither,0.03220667987598831,0.30266905106136777,0.665124269062644
it's late in europe @shroud,neither,0.03809505364705605,0.33084321978166564,0.6310617265712782
LOL,neither,0.020706217963973744,0.4882283491876925,0.4910654328483337
!mouse,neither,0.03945320844208391,0.33037608806864915,0.630170703489267
@drannon He's using the Logitech G Pro,neither,0.03984410112167261,0.377725686199306,0.5824302126790214
Selam alek iz bosne,neither,0.03945320844208391,0.33037608806864915,0.630170703489267
!resolution,neither,0.03945320844208391,0.33037608806864915,0.630170703489267
@blorka He plays at 1920x1080,neither,0.0452480919340949,0.3577890385339979,0.5969628695319072
!nvidia,neither,0.03945320844208391,0.33037608806864915,0.630170703489267
That's why I'm here right now... every time I wake up for college your stream ends,neither,0.05957185497057456,0.3672474879795985,0.5731806570498269
Shrroooooood,neither,0.03945320844208391,0.33037608806864915,0.630170703489267
!video,neither,0.049266163358008055,0.16382463337382713,0.7869092032681648
LUL g303 cable,neither,0.03945320844208391,0.33037608806864915,0.630170703489267
4:40 am,neither,0.03920201422596571,0.3304624852782343,0.6303355004957999
2 44 pm Kreygasm,neither,0.03945320844208391,0.33037608806864915,0.630170703489267
nice miss,neither,0.03078068742762947,0.3333589657291966,0.6358603468431739
You gonna win the Major in January?,neither,0.0500578832254324,0.39007032456206403,0.5598717922125037
Sup shrood,neither,0.03945320844208391,0.33037608806864915,0.630170703489267
!video le_wulff,neither,0.049266163358008055,0.16382463337382713,0.7869092032681648
@shroud what mouse do you use??,neither,0.023926054564797482,0.4707532910622989,0.5053206543729036
PogChamp,neither,0.03945320844208391,0.33037608806864915,0.630170703489267
@le_wulff His video settings are: https://oddshot.tv/shot/shroud/Uzq8urzW8upKBbuF6ynXbe4X,neither,0.1019338503408884,0.21490523439902035,0.6831609152600913
what's the plan?,neither,0.04542137269963821,0.3050455997968193,0.6495330275035424
1.34 am for me,neither,0.027468179733054803,0.33891379742440875,0.6336180228425364
your gonna do 9/11 for your big plan,neither,0.061972551213302196,0.3749232456819815,0.5631042031047163
!cfg,neither,0.03945320844208391,0.33037608806864915,0.630170703489267
So thoughts on Optic?,neither,0.03594162655143731,0.40285696121868586,0.5612014122298769
!cfg TwitchPrem,neither,0.03945320844208391,0.33037608806864915,0.630170703489267
@TwitchPrem His config can be found on his ESEA page here: http://play.esea.net/users/248592 OR in the FAQ section down below! (Don't click on the link that the bot whispers you),neither,0.07495492607328838,0.29592674608676545,0.6291183278399461
lmao,neither,0.03705015143476208,0.3711622369619404,0.5917876116032975
show gloves Kreygasm,neither,0.057099588684466074,0.245922282839898,0.6969781284756359
stewie's live cya <3,neither,0.04432795846917474,0.32869943799973295,0.6269726035310923
casual 1244 pm,neither,0.03945320844208391,0.33037608806864915,0.630170703489267
are these servers 128 tick,neither,0.06553839699400368,0.3450362860082501,0.5894253169977463
stew just went live lul,neither,0.039169766598415375,0.34744894657446346,0.6133812868271211
kinda late Kappa,neither,0.03945320844208391,0.33037608806864915,0.630170703489267
2 am,neither,0.03902346103501681,0.3305238979082658,0.6304526410567174
!SNES,neither,0.03945320844208391,0.33037608806864915,0.630170703489267
but mid-night shroud is the best shroud,neither,0.03461841557492431,0.3162024307711981,0.6491791536538776
!sens,neither,0.03945320844208391,0.33037608806864915,0.630170703489267
@megahochy DPI: 400 - Ingame : 2.5 - Windows: 6/11 - Raw-Input: On - 1000 Hz Polling Rate,neither,0.03781786467716525,0.33814216926935486,0.6240399660534798
@shroud missed my sub :(,neither,0.028208074523291583,0.41797056697707907,0.5538213584996293
why,neither,0.016768318525353994,0.3685911158159394,0.6146405656587067
"@Shroud, I wish I had money to throw at you but hopefully just telling you I love you is kinda enough",neither,0.07418503295495099,0.45410674977944077,0.47170821726560824
shroud stewie is streaming 2 itd funny,neither,0.044869716619954696,0.3418041316551569,0.6133261517248885
I was pleasantly surprised to see Shroud streaming,neither,0.045016947362086446,0.32876108620668165,0.6262219664312318
3am,neither,0.03945320844208391,0.33037608806864915,0.630170703489267
yung stew,neither,0.03945320844208391,0.33037608806864915,0.630170703489267
@shroud how come you dont use the wireless g933,neither,0.017307799433067705,0.4897224399376537,0.49296976062927866
@Creativly with mod SeemsGood,neither,0.01332993187238274,0.44459218524224076,0.5420778828853765
late and in the same time with stewie DansGame,neither,0.02975617092086039,0.3361048485770924,0.6341389805020472
they're 16 tick Kappa,neither,0.05222435370399719,0.30975561340578756,0.6380200328902154
do you do dis to me,neither,0.059328427293167965,0.4168053487817517,0.5238662239250804
!mouse,neither,0.03945320844208391,0.33037608806864915,0.630170703489267
@laurence927 He's using the Logitech G Pro,neither,0.03984410112167261,0.377725686199306,0.5824302126790214
@shroud do u not like g403,neither,0.062021689376282566,0.36852060168945827,0.5694577089342591
stew gonna steal some viewers,neither,0.03184322977548926,0.3825302907866707,0.58562647943784
its very early in singapore,neither,0.03452354921084253,0.30516689631796046,0.6603095544711971
@shroud You should move to Poland and bang polish hoes,offensive_language,0.026399538310025592,0.9704847071936816,0.0031157544962927687
@uRSINHOdAk1Ng Keepo,neither,0.03945320844208391,0.33037608806864915,0.630170703489267
Welcome back LeSaltGod (2 months) Kreygasm,neither,0.03945320844208391,0.33037608806864915,0.630170703489267
4:45 am Moscow,neither,0.03922123162233087,0.33045587553439904,0.63032289284327
!colors,neither,0.03945320844208391,0.33037608806864915,0.630170703489267
@shroud where is the one place you want to live?,neither,0.08830236316871455,0.29117555129368,0.6205220855376054
!crosshair please,neither,0.03945320844208391,0.33037608806864915,0.630170703489267
"@please Cl_crosshairsize 3, cl_crosshair_drawoutline 1, cl_crosshaircolor 5, cl_crosshairgap -1, cl_crosshairthickness 1.5",neither,0.03945320844208391,0.33037608806864915,0.630170703489267
@shroud did u know stewie is streaming,neither,0.04563881492590394,0.32824857435415106,0.6261126107199448
"@Shroud, if food comes you have to get it",neither,0.037059155046548053,0.44586881022148045,0.5170720347319714
@creativly god,neither,0.03945320844208391,0.33037608806864915,0.630170703489267
!sens,neither,0.03945320844208391,0.33037608806864915,0.630170703489267
@shroud how is the sens switch up?,neither,0.044090724074433194,0.36520985820159896,0.5906994177239678
Shroud how do you have the old ask sound?,neither,0.05440544855602355,0.36306878194740344,0.582525769496573
"@shroud since optic won eleague,that means u guys will have to win the major to top that right Keepo",neither,0.04172589990244061,0.3663931515586453,0.591880948538914
"@Shroud, would you sign my profile for bits? If i donate a few thousand bits <3",neither,0.026333666209828716,0.4142234934209972,0.559442840369174
twitch.tv/stewie2k,neither,0.03945320844208391,0.33037608806864915,0.630170703489267
did shroud just start?,neither,0.03351588376903284,0.35878661584343763,0.6076975003875296
!sesnsivity,neither,0.03945320844208391,0.33037608806864915,0.630170703489267
입육 원숭이 wtf,offensive_language,0.04410695246022759,0.7898861884776351,0.16600685906213722
nice gloves lmao,neither,0.03846768035150071,0.34710307178920824,0.6144292478592912
Hi Shroud :),neither,0.03945320844208391,0.33037608806864915,0.630170703489267
!stew,neither,0.03945320844208391,0.33037608806864915,0.630170703489267
@creativly https://www.twitch.tv/stewie2k,neither,0.03945320844208391,0.33037608806864915,0.630170703489267
@Stewie2K GO STREAM DUDE,neither,0.040653047957617025,0.3345400094416754,0.6248069426007076
!sensitivity,neither,0.03945320844208391,0.33037608806864915,0.630170703489267
!stew,neither,0.03945320844208391,0.33037608806864915,0.630170703489267
@creativly https://www.twitch.tv/stewie2k,neither,0.03945320844208391,0.33037608806864915,0.630170703489267
!sens,neither,0.03945320844208391,0.33037608806864915,0.630170703489267
WOW STEW,neither,0.03945320844208391,0.33037608806864915,0.630170703489267
