text,top_class,hate_speech,offensive_language,neither
WE ARE GOOD NOW,neither,0.07774548240753822,0.270235588430654,0.6520189291618078
BACK!!!,neither,0.03945320844208391,0.33037608806864915,0.630170703489267
Kappa,neither,0.03945320844208391,0.33037608806864915,0.630170703489267
SAVED,neither,0.03945320844208391,0.33037608806864915,0.630170703489267
what happened shrood,neither,0.04722295797655572,0.3248777811305592,0.6278992608928851
i didnt hear anything,neither,0.03945320844208391,0.33037608806864915,0.630170703489267
live,neither,0.04891340716200846,0.3271222919257548,0.6239643009122369
SAVED CoolStoryBob,neither,0.03945320844208391,0.33037608806864915,0.630170703489267
sup,neither,0.03945320844208391,0.33037608806864915,0.630170703489267
SAVED CoolStoryBob,neither,0.03945320844208391,0.33037608806864915,0.630170703489267
there we go,neither,0.04083933629015207,0.27628362646603744,0.6828770372438104
you're good now :),neither,0.11309893181699726,0.3534761402453247,0.5334249279376779
Welcome back MrDaavid (12 months) Kreygasm,neither,0.03945320844208391,0.33037608806864915,0.630170703489267
SHROUDY!!!!,neither,0.03945320844208391,0.33037608806864915,0.630170703489267
WE GOOD,neither,0.037966903445868415,0.3357298710444097,0.626303225509722
Lmao,neither,0.03705015143476208,0.3711622369619404,0.5917876116032975
Offline,neither,0.03945320844208391,0.33037608806864915,0.630170703489267
why do i have a pinwheel in the middle of my damn stream! :(,offensive_language,0.02749636573843835,0.7349356302475629,0.23756800401399877
"@shroud, I love this new angle",neither,0.03999362776230668,0.2546308241649728,0.7053755480727204
HI DAD,neither,0.03945320844208391,0.33037608806864915,0.630170703489267
first,neither,0.02604892428726219,0.3349864360510187,0.6389646396617191
"@skittlez2113, refresh",neither,0.03945320844208391,0.33037608806864915,0.630170703489267
[Twitter Live Feed @C9shroud] Live now! Tech difficulties. Somehow my avermedia cable disappeared while I was gone.. Borrowing your's @C9Skadoodle https://t.co/0nsby7MTHi https://twitter.com/C9shroud/status/814642349527547904,neither,0.047197526337220595,0.4458413771347939,0.5069610965279855
everything is going horribly wrong...,neither,0.04666258194665724,0.35791498105461844,0.5954224369987242
ok,neither,0.03935517884257045,0.3320399062092607,0.6286049149481688
Whazzup,neither,0.03945320844208391,0.33037608806864915,0.630170703489267
had the same thing,neither,0.03934707432776207,0.3192985487844922,0.6413543768877458
HYPE PogChamp,neither,0.03945320844208391,0.33037608806864915,0.630170703489267
i fixed my audio,neither,0.029728922116524652,0.4048355486460493,0.5654355292374259
bepis,neither,0.03945320844208391,0.33037608806864915,0.630170703489267
@shroud you are one tasty sexy man,neither,0.08265255194023798,0.41876472111880386,0.4985827269409582
Br9kenTV just subscribed! PogChamp,neither,0.02667013123193722,0.39600456006212814,0.5773253087059346
its back now lol but it was there for like 20 seconds stupid pc,neither,0.06810657592497288,0.264578555590319,0.6673148684847081
Covering C9 logo on chair. Kicked confirmed Kappa,neither,0.0379365755784622,0.3375703623239391,0.6244930620975987
twitter notifications SwiftRage,neither,0.03873011669821857,0.45466681634036044,0.506603066961421
alright,neither,0.03945320844208391,0.33037608806864915,0.630170703489267
we goochie,neither,0.039025862747262004,0.3376292597931679,0.6233448774595702
NOTIFICATION SQUAD WHERE YOU AT PogChamp PogChamp PogChamp PogChamp,neither,0.05506102446536775,0.3647478503655643,0.5801911251690679
hey shroudie,neither,0.03945320844208391,0.33037608806864915,0.630170703489267
I can't wait for the !res !sens! !viewmodel and more ! spam to begin PogChamp,neither,0.040164367601101106,0.25994644743218537,0.6998891849667136
dad?,neither,0.03945320844208391,0.33037608806864915,0.630170703489267
@hedemand hedemoments 2? PogChamp,neither,0.03945320844208391,0.33037608806864915,0.630170703489267
DAD PogChamp,neither,0.03945320844208391,0.33037608806864915,0.630170703489267
shroudW shroudMilk,neither,0.03945320844208391,0.33037608806864915,0.630170703489267
Yo yo! Sup my boiz,offensive_language,0.031322046972936814,0.49975679471417955,0.46892115831288356
1st,neither,0.03945320844208391,0.33037608806864915,0.630170703489267
twitter squad,neither,0.03863738415463722,0.4771796026802159,0.48418301316514684
Heyyyy,neither,0.03945320844208391,0.33037608806864915,0.630170703489267
daddy shroud,neither,0.03945320844208391,0.33037608806864915,0.630170703489267
wow shroud kicked from c9 cause chair logo gone,neither,0.03891117114228471,0.3395758756508697,0.6215129532068455
aw hell yeah :D,offensive_language,0.02660671369951705,0.7851229930887103,0.18827029321177272
sounds good,neither,0.03854999574512859,0.3306867443324945,0.6307632599223769
counter strike CO ??,neither,0.03945320844208391,0.33037608806864915,0.630170703489267
yes,neither,0.03945320844208391,0.33037608806864915,0.630170703489267
Welcome back Chichinn (14 months) Kreygasm,neither,0.03945320844208391,0.33037608806864915,0.630170703489267
FUCK YEAAAA,offensive_language,0.34803241646388117,0.6519675835059184,3.0200377847433446e-11
!res,neither,0.03945320844208391,0.33037608806864915,0.630170703489267
@otakony He plays at 1920x1080,neither,0.0452480919340949,0.3577890385339979,0.5969628695319072
Hiii,neither,0.03945320844208391,0.33037608806864915,0.630170703489267
shroud turned to freak RIP,neither,0.04550516078158061,0.32682922572170536,0.6276656134967139
SHROUD <3,neither,0.03945320844208391,0.33037608806864915,0.630170703489267
STEWIE FKN TOOK IT,neither,0.038335178006018975,0.33076063000357114,0.6309041919904098
Hell yeah,offensive_language,0.024014075456083226,0.8806496383571902,0.0953362861867266
Oh shit,offensive_language,0.04652059265363964,0.9534729203614298,6.486984930600159e-06
stewie stole that sheet shroud,neither,0.03656296089034082,0.36166817017725106,0.6017688689324082
I blame Dexter,neither,0.03945320844208391,0.33037608806864915,0.630170703489267
Hey Mike,neither,0.03945320844208391,0.33037608806864915,0.630170703489267
SHROOD,neither,0.03945320844208391,0.33037608806864915,0.630170703489267
yo shroud,offensive_language,0.04010381111145228,0.5271105317972344,0.4327856570913131
IT WAS STEWIE,neither,0.03775667640564746,0.33318558245552493,0.6290577411388275
daddy!,neither,0.03945320844208391,0.33037608806864915,0.630170703489267
SHROUUUUUDDDDD,neither,0.03945320844208391,0.33037608806864915,0.630170703489267
DAD,neither,0.03945320844208391,0.33037608806864915,0.630170703489267
Omg dhroud,neither,0.03945320844208391,0.33037608806864915,0.630170703489267
All stewie,neither,0.04167083427717469,0.4183849112737958,0.5399442544490295
hello,neither,0.03945320844208391,0.33037608806864915,0.630170703489267
롤,neither,0.03945320844208391,0.33037608806864915,0.630170703489267
Hey shr00dy,neither,0.03945320844208391,0.33037608806864915,0.630170703489267
C9 is bad xDdDdd,neither,0.04946168503118751,0.32693371402493204,0.6236046009438804
100% stewie took it,neither,0.038211059999488914,0.3308033198775229,0.6309856201229883
SROOOOD,neither,0.03945320844208391,0.33037608806864915,0.630170703489267
@shrooooooooooooood,neither,0.03945320844208391,0.33037608806864915,0.630170703489267
STEWIE HAB IT,neither,0.037770165237438216,0.33095496380368705,0.6312748709588748
Hi,neither,0.03945320844208391,0.33037608806864915,0.630170703489267
STEWIE TOOK IT,neither,0.03802526269178679,0.3308672240914891,0.6311075132167242
are you my father?,neither,0.08033341523976768,0.449577137186866,0.47008944757336635
that's on me,offensive_language,0.017285220111633165,0.4993462921373027,0.48336848775106406
sah,neither,0.03945320844208391,0.33037608806864915,0.630170703489267
sorry,neither,0.03945320844208391,0.33037608806864915,0.630170703489267
shrood?,neither,0.03945320844208391,0.33037608806864915,0.630170703489267
stewieeeeeeeeeeeee,neither,0.03945320844208391,0.33037608806864915,0.630170703489267
stewie 100%,neither,0.03945320844208391,0.33037608806864915,0.630170703489267
DAD,neither,0.03945320844208391,0.33037608806864915,0.630170703489267
Wtf,offensive_language,0.04410695246022759,0.7898861884776351,0.16600685906213722
MIIIIIIKEEEEEEE,neither,0.03945320844208391,0.33037608806864915,0.630170703489267
lol I was just bitching about you never streaming,neither,0.03609190850014313,0.4717499248947858,0.49215816660507106
!uptime,neither,0.03945320844208391,0.33037608806864915,0.630170703489267
The cable has a mind of its own WutFace,neither,0.05222801128539857,0.3081929366858665,0.6395790520287349
@captain__skittles Channel shroud is not live!,neither,0.05158998041372838,0.33065313973924526,0.6177568798470263
yung stew for sure,neither,0.027772042958338534,0.43702547531493957,0.535202481726722
im already here mike,neither,0.0837265292374021,0.340996724800868,0.57527674596173
hyy dude :)),neither,0.03945320844208391,0.33037608806864915,0.630170703489267
"@shroud, Can you do a Camera angle where we can see your mousepad and you. Like at your Dads house in Canada",neither,0.11366095387758014,0.3429836793331606,0.5433553667892592
finna buss ?,neither,0.03945320844208391,0.33037608806864915,0.630170703489267
SHROOOD,neither,0.03945320844208391,0.33037608806864915,0.630170703489267
Welcome back mrdoitch (12 months) Kreygasm,neither,0.03945320844208391,0.33037608806864915,0.630170703489267
how come stewie streams from the prac room? is his bedroom the size of a shoebox,neither,0.05603866300852741,0.317362309054023,0.6265990279374496
Supppp,neither,0.03945320844208391,0.33037608806864915,0.630170703489267
Kappa,neither,0.03945320844208391,0.33037608806864915,0.630170703489267
NOTIFICATION SQUAD,neither,0.03945320844208391,0.33037608806864915,0.630170703489267
"@shroud, move ur jacket from ur chair if ur not kicked from c9 dad",neither,0.061934130629586366,0.33041046415090586,0.6076554052195079
DADDY STEWIE,neither,0.03945320844208391,0.33037608806864915,0.630170703489267
@creativly hi,neither,0.03945320844208391,0.33037608806864915,0.630170703489267
Sup shroudy,neither,0.03945320844208391,0.33037608806864915,0.630170703489267
HI DADDY NOTIFICATION SQUAD,neither,0.03945320844208391,0.33037608806864915,0.630170703489267
MY BODY IS READDDYYYY,neither,0.03259314810085283,0.4517685725240414,0.5156382793751056
REDDIT,neither,0.03945320844208391,0.33037608806864915,0.630170703489267
BLAME STEWIE,neither,0.03945320844208391,0.33037608806864915,0.630170703489267
I think u need to have a chat to Mr. Yip,neither,0.05117485339697725,0.32242540256883967,0.626399744034183
@Exotiic_Fiire hi,neither,0.03945320844208391,0.33037608806864915,0.630170703489267
@shroud yoooooooooo,neither,0.03945320844208391,0.33037608806864915,0.630170703489267
U look like white 21 savage,hate_speech,0.5488423076508047,0.3931632120618878,0.057994480287307526
RIp music,neither,0.03945320844208391,0.33037608806864915,0.630170703489267
HES A LYING SLUT,neither,0.03945320844208391,0.33037608806864915,0.630170703489267
play league with summit LUL,neither,0.03191713559555793,0.35570344851141533,0.6123794158930268
go play whit summit @Shroud,neither,0.04035190930090366,0.3334929313361307,0.6261551593629656
!mouse,neither,0.03945320844208391,0.33037608806864915,0.630170703489267
@jamesbonzzi He's using the Logitech G303 Mau5,neither,0.04013781075571735,0.3944284229437154,0.5654337663005673
wa,neither,0.03945320844208391,0.33037608806864915,0.630170703489267
LUL,neither,0.03945320844208391,0.33037608806864915,0.630170703489267
!uptime,neither,0.03945320844208391,0.33037608806864915,0.630170703489267
WAZZUP,neither,0.03945320844208391,0.33037608806864915,0.630170703489267
Finally lol,neither,0.02901161241734649,0.40875284864300493,0.5622355389396486
Soge streaming,neither,0.03945320844208391,0.33037608806864915,0.630170703489267
hey,neither,0.03945320844208391,0.33037608806864915,0.630170703489267
@shroud HELLLOOOOOO,neither,0.03945320844208391,0.33037608806864915,0.630170703489267
:),neither,0.03945320844208391,0.33037608806864915,0.630170703489267
Doge,neither,0.03945320844208391,0.33037608806864915,0.630170703489267
Yo,offensive_language,0.04010381111145228,0.5271105317972344,0.4327856570913131
@shroud play CS:CO hermano,neither,0.03945320844208391,0.33037608806864915,0.630170703489267
hihihi,neither,0.03945320844208391,0.33037608806864915,0.630170703489267
play classic offensive!!! pleaaaaase!!!!!!!!,neither,0.03945320844208391,0.33037608806864915,0.630170703489267
EAR RAPE,neither,0.03945320844208391,0.33037608806864915,0.630170703489267
dad did u get the milk .. r u back from the store @shroud,neither,0.057437651331540045,0.29519837622516676,0.6473639724432932
-shroud + scream?,neither,0.03945320844208391,0.33037608806864915,0.630170703489267
Shroud i fucking love you my man 😉😉,offensive_language,0.08960262735952053,0.9103850294598367,1.2343180642784023e-05
get sgares as coach u really need one,neither,0.0361795608481637,0.3969041872047637,0.5669162519470726
"@shroud, is this a wow stream",neither,0.047465747494095586,0.3291448807070779,0.6233893717988265
Shroud ur alpha as fuck,offensive_language,0.21808868859439992,0.7805572946790762,0.0013540167265239348
@shroud do you know brandon from levate,neither,0.06201388488810838,0.3614748739872087,0.576511241124683
what cable?,neither,0.04608760383524793,0.32565139261192405,0.6282610035528281
Not your teammate for long EleGiggle,neither,0.05723453183739899,0.2983723245793169,0.644393143583284
the sub sound sounds ecoy,neither,0.03862757630451701,0.3153035782771279,0.6460688454183551
HEY DADDY,neither,0.03945320844208391,0.33037608806864915,0.630170703489267
Hi @shroud,neither,0.03945320844208391,0.33037608806864915,0.630170703489267
"@shroud, move ur jacket from ur chair if ur not kicked from c9 dad",neither,0.061934130629586366,0.33041046415090586,0.6076554052195079
@shroud You still use the G303 mouse? 🤔,neither,0.018909965667449964,0.46795244369653466,0.5131375906360153
@shroud i miss you ^^,neither,0.05511722190890318,0.4328550504860264,0.5120277276050704
first,neither,0.02604892428726219,0.3349864360510187,0.6389646396617191
or is it just m,neither,0.041894193993451144,0.36102663242613064,0.5970791735804182
Hello where have u bin,neither,0.04065764154224376,0.3099337150390239,0.6494086434187324
lying asian piece of shit,offensive_language,0.057312053939412376,0.9384704979651444,0.00421744809544325
Don't you mean former teammate Kappa,neither,0.05021585286585914,0.3613151171674429,0.5884690299666979
are u a jew?,hate_speech,0.5526188934548754,0.05791201994236127,0.38946908660276347
ya,offensive_language,0.017331157930923866,0.7872544665869478,0.19541437548212848
Welcome back Rodney_33 (21 months) Kreygasm,neither,0.03945320844208391,0.33037608806864915,0.630170703489267
Bro dafuq is that hair @Shroud,neither,0.04287395471730291,0.36487621948159066,0.5922498258011065
@shroud I blame ska,neither,0.03945320844208391,0.33037608806864915,0.630170703489267
!trade,neither,0.03945320844208391,0.33037608806864915,0.630170703489267
@roskata56 send trade offers to him here: http://steamcommunity.com/tradeoffer/new/?partner=4515926&token=vFY2imwk,neither,0.06428716009250758,0.213167701631012,0.7225451382764804
@shroud YO shroud! if you are in csgo could you show ur Radar settings? i want the same settings,neither,0.10006692201668782,0.3775478089090876,0.5223852690742246
shruuud <3,neither,0.03945320844208391,0.33037608806864915,0.630170703489267
HIII,neither,0.03945320844208391,0.33037608806864915,0.630170703489267
SHROUD my best,neither,0.02059547373941241,0.4619699442474779,0.5174345820131095
jewmelter is coming,neither,0.05405443391116958,0.32535405708183907,0.6205915090069913
aye i have the same wallpaper,neither,0.03873197235711402,0.33044379229440096,0.630824235348485
whatcha gonna do mike?,neither,0.0397591941696756,0.3702863034852539,0.5899545023450705
yooooo,neither,0.03945320844208391,0.33037608806864915,0.630170703489267
!crosshair,neither,0.03945320844208391,0.33037608806864915,0.630170703489267
Play classic offensive with adren,neither,0.029559038677463262,0.36454061670634547,0.6059003446161912
@shroud is it in ur buns?,neither,0.0737266943568911,0.31858786463119965,0.6076854410119092
MMIKEEEEE,neither,0.03945320844208391,0.33037608806864915,0.630170703489267
Play overwatch,neither,0.03945320844208391,0.33037608806864915,0.630170703489267
WHAT CABLE?,neither,0.04608760383524793,0.32565139261192405,0.6282610035528281
AAAAAAA,neither,0.03945320844208391,0.33037608806864915,0.630170703489267
happy hanukkah,neither,0.03945320844208391,0.33037608806864915,0.630170703489267
@shroud did you see the 1v5 clutch on reddit on mirage?,neither,0.04675053547602306,0.380559496574193,0.5726899679497838
i am @mvxi,neither,0.03902346103501681,0.3305238979082658,0.6304526410567174
its ur dad,neither,0.05853628870911894,0.32381254169867213,0.617651169592209
drwH drwH drwH drwH drwH drwH drwH drwH drwH drwH,neither,0.03945320844208391,0.33037608806864915,0.630170703489267
!uptime,neither,0.03945320844208391,0.33037608806864915,0.630170703489267
@shroud what are you missing????,neither,0.12762460992003347,0.3169732546540691,0.5554021354258973
10% growth Kreygasm,neither,0.03945320844208391,0.33037608806864915,0.630170703489267
Welcome back deezalol (27 months) Kreygasm,neither,0.03945320844208391,0.33037608806864915,0.630170703489267
"@shroud, Check in your bag. The one you travel with",neither,0.06707843500745644,0.36294868414191783,0.5699728808506256
hi,neither,0.03945320844208391,0.33037608806864915,0.630170703489267
is it in canada?,neither,0.047032747085175866,0.32776913716497846,0.6251981157498456
PogChamp,neither,0.03945320844208391,0.33037608806864915,0.630170703489267
!subscribe,neither,0.03945320844208391,0.33037608806864915,0.630170703489267
@theziginator Subscribe here https://secure.twitch.tv/products/meclipse/ticket?ref=in_chat_subscriber_link,neither,0.06283698991218,0.3096097700840702,0.6275532400037498
@shroud ty for saving me from watching summit's bronze league of legends play,neither,0.03312356593636524,0.3252025024334479,0.6416739316301869
LOL,neither,0.020706217963973744,0.4882283491876925,0.4910654328483337
shroud gonewild,neither,0.03945320844208391,0.33037608806864915,0.630170703489267
Join the new Curse server! https://curse.com/invite/Xv6nbZgd4kugsL2fxlg6NQ,neither,0.04082319323556661,0.27696135383134185,0.6822154529330917
What cable???,neither,0.04608760383524793,0.32565139261192405,0.6282610035528281
hi shrooooooodyyyy <3,neither,0.03945320844208391,0.33037608806864915,0.630170703489267
woooo c9 shroud in 2017 wooooo,neither,0.03945320844208391,0.33037608806864915,0.630170703489267
LMAO,neither,0.03705015143476208,0.3711622369619404,0.5917876116032975
!mouse,neither,0.03945320844208391,0.33037608806864915,0.630170703489267
Used it as a whip because you're a kinky freak,neither,0.06083778330825725,0.3640932463927657,0.5750689702989771
!uptime,neither,0.03945320844208391,0.33037608806864915,0.630170703489267
lmao,neither,0.03705015143476208,0.3711622369619404,0.5917876116032975
I love you <3,offensive_language,0.079837142191777,0.5038574454704381,0.4163054123377849
I mean what,neither,0.04933077920698415,0.3234650197943779,0.6272042009986378
shroudW shroudMilk,neither,0.03945320844208391,0.33037608806864915,0.630170703489267
autiCreep mike? autiCreep,neither,0.03945320844208391,0.33037608806864915,0.630170703489267
@Pavecaps His Avermedia,neither,0.14069094616772104,0.3246784056473605,0.5346306481849185
shroudW shroudMilk,neither,0.03945320844208391,0.33037608806864915,0.630170703489267
lets be real tho,offensive_language,0.02812949331543885,0.49021448387796646,0.4816560228065946
aayyy <3,neither,0.03945320844208391,0.33037608806864915,0.630170703489267
cable,neither,0.03945320844208391,0.33037608806864915,0.630170703489267
LUL @DexteRekt,neither,0.03945320844208391,0.33037608806864915,0.630170703489267
esl shirt? he's been bought by wesa confirmed,neither,0.043430250588476875,0.36165782714365086,0.5949119222678724
Hello o/,neither,0.03945320844208391,0.33037608806864915,0.630170703489267
HeyGuys Hey Shrood,neither,0.03945320844208391,0.33037608806864915,0.630170703489267
asuhhhh shroudie,neither,0.03945320844208391,0.33037608806864915,0.630170703489267
I can't wait to see shroud and c9 destroy at dreamhack masters,neither,0.04403528901181764,0.30881928151612204,0.6471454294720603
STEWIE TOOK IT YESTERDAY,neither,0.03823532146137828,0.33079497524825513,0.6309697032903666
\ TriHard >,neither,0.03945320844208391,0.33037608806864915,0.630170703489267
@shroud YO shroud! if you are in csgo could you show ur Radar settings? i want the same settings,neither,0.10006692201668782,0.3775478089090876,0.5223852690742246
stew was using it yesterday,neither,0.033980932936385745,0.4009311942129789,0.5650878728506354
Shrooooooooooood!,neither,0.03945320844208391,0.33037608806864915,0.630170703489267
are shroud home?,neither,0.09225948310180433,0.2515196205412174,0.6562208963569782
@shroud YO shroud! if you are in csgo could you show ur Radar settings? i want the same settings .,neither,0.10006692201668782,0.3775478089090876,0.5223852690742246
"@Shroud, r u kik frum cloude 9? stewKappa",neither,0.03945320844208391,0.33037608806864915,0.630170703489267
!uptime,neither,0.03945320844208391,0.33037608806864915,0.630170703489267
if someone is gonna be kicked it is gonna be roudy or ska,neither,0.03442016506808832,0.4300789227774162,0.5355009121544955
@hamos_ Channel shroud has been live for 04m and 01s,neither,0.037527441653855145,0.2724964938497483,0.6899760644963965
"@Shroud, stewie stole it",neither,0.038126790135127625,0.3308323041481221,0.6310409057167503
!viewmodel,neither,0.03945320844208391,0.33037608806864915,0.630170703489267
hi,neither,0.03945320844208391,0.33037608806864915,0.630170703489267
why no PEA SHIRT @shroud LUL,neither,0.029181025955286335,0.35624896898654584,0.6145700050581678
shroood PogChamp,neither,0.03945320844208391,0.33037608806864915,0.630170703489267
Thank god your tweet saved me from the mesmerizing manny,neither,0.05468794151573963,0.3332766567381737,0.6120354017460866
Welcome back mockel1997 (12 months) Kreygasm,neither,0.03945320844208391,0.33037608806864915,0.630170703489267
@s,neither,0.03945320844208391,0.33037608806864915,0.630170703489267
!fov thefury02,neither,0.03945320844208391,0.33037608806864915,0.630170703489267
"@thefury02 Shroud's viewmodel settings are: viewmodel_fov ""68"";viewmodel_offset_x ""2.5"";viewmodel_offset_y ""1"";viewmodel_offset_z ""-1.5"";",neither,0.1675493120064283,0.18605165911864094,0.6463990288749307
makes sense,neither,0.0394355215786359,0.3302279805512406,0.6303364978701236
@shroud what's your current crosshair?,neither,0.09494982647497814,0.3115566481631537,0.5934935253618681
"@shroud, Check in your bag. The one you travel with",neither,0.06707843500745644,0.36294868414191783,0.5699728808506256
Welcome back gtf0myface (10 months) Kreygasm,neither,0.03945320844208391,0.33037608806864915,0.630170703489267
"""I'll be on in 10"" *gets on 30 minutes later*",neither,0.035979177012466904,0.3511719878028989,0.6128488351846342
someone took it?,neither,0.03758234101246203,0.33101956516744935,0.6313980938200886
PogChamp hi dad,neither,0.03945320844208391,0.33037608806864915,0.630170703489267
it was stew,neither,0.03593062006447523,0.3363165027571517,0.627752877178373
@shroud What mouse are you using?,neither,0.09121411876867891,0.3873697541192819,0.5214161271120393
@officialmikeyk He's using the Logitech G303 Mau5,neither,0.04013781075571735,0.3944284229437154,0.5654337663005673
shrood PogChamp,neither,0.03945320844208391,0.33037608806864915,0.630170703489267
i was watching highlight vids and 1 taps and your reaction when you get em are just great @Shroud,neither,0.06653391235172215,0.30793019562335044,0.6255358920249275
it's dad,neither,0.037211369203317246,0.3311471593837501,0.6316414714129328
@JagerTVreal Scroll down,neither,0.03945320844208391,0.33037608806864915,0.630170703489267
someone broke in and stole it dude im telling you,neither,0.048311933272404343,0.3561954484941999,0.5954926182333958
SHROUDD,neither,0.03945320844208391,0.33037608806864915,0.630170703489267
lol,neither,0.020706217963973744,0.4882283491876925,0.4910654328483337
"@shroud, Stewie took it 100%",neither,0.038211059999488914,0.3308033198775229,0.6309856201229883
"someone took your cord, probably stewie.. Kappa",neither,0.05629964894260332,0.33770462760647985,0.6059957234509169
stew has it,neither,0.037466634629501894,0.31789117281524343,0.6446421925552547
!uptime,neither,0.03945320844208391,0.33037608806864915,0.630170703489267
@eduardog66 Channel shroud has been live for 04m and 23s,neither,0.037527441653855145,0.2724964938497483,0.6899760644963965
why no TSM shirt ? Kappa Keepo xD,neither,0.03094199687983796,0.3513646531439473,0.6176933499762146
I love shroud,neither,0.03217296676969875,0.3657703709031763,0.602056662327125
Stewie2k stole it,neither,0.03748292270080534,0.33105375968371464,0.63146331761548
yea,neither,0.03908133164861177,0.3366878077749653,0.624230860576423
Thanks for subscribing with Prime Theziginator,neither,0.023796193918851447,0.32351757895080435,0.6526862271303442
SHROUDY BOY,neither,0.03945320844208391,0.33037608806864915,0.630170703489267
!crosshair,neither,0.03945320844208391,0.33037608806864915,0.630170703489267
Welcome back VermundvG (12 months) Kreygasm,neither,0.03945320844208391,0.33037608806864915,0.630170703489267
LIES,neither,0.03945320844208391,0.33037608806864915,0.630170703489267
Welcome back PeeGeeGeeGee (15 months) Kreygasm,neither,0.03945320844208391,0.33037608806864915,0.630170703489267
Danan stole it,neither,0.03748292270080534,0.33105375968371464,0.63146331761548
Nibba,neither,0.03945320844208391,0.33037608806864915,0.630170703489267
!sens,neither,0.03945320844208391,0.33037608806864915,0.630170703489267
TriHard mine now,neither,0.03945320844208391,0.33037608806864915,0.630170703489267
Can you sign my profile Shroud pls <3 @shroud,neither,0.041208968693735394,0.434967465096989,0.5238235662092757
ghosts man...,offensive_language,0.040018442559345856,0.5018538837344726,0.4581276737061815
cs:co!!!,neither,0.03945320844208391,0.33037608806864915,0.630170703489267
!fov,neither,0.03945320844208391,0.33037608806864915,0.630170703489267
lul,neither,0.03945320844208391,0.33037608806864915,0.630170703489267
"@manidude1 Shroud's viewmodel settings are: viewmodel_fov ""68"";viewmodel_offset_x ""2.5"";viewmodel_offset_y ""1"";viewmodel_offset_z ""-1.5"";",neither,0.1675493120064283,0.18605165911864094,0.6463990288749307
stew took that shit!,offensive_language,0.03972658442689725,0.960231639144928,4.177642817474969e-05
!crosshair,neither,0.03945320844208391,0.33037608806864915,0.630170703489267
!sens,neither,0.03945320844208391,0.33037608806864915,0.630170703489267
!followage,neither,0.03945320844208391,0.33037608806864915,0.630170703489267
LUL,neither,0.03945320844208391,0.33037608806864915,0.630170703489267
botska took it,neither,0.03708916159677834,0.3311891921835422,0.6317216462196794
BRING WHAT?,neither,0.04884743069675119,0.3237863854939658,0.6273661838092831
"he had dual stream yesterday, stewie is aa liar!",neither,0.047274106609445046,0.3276861225568959,0.625039770833659
shrooood PogChamp,neither,0.03945320844208391,0.33037608806864915,0.630170703489267
WHAT DID HE LOSE,neither,0.053145895206869916,0.3233125567574197,0.6235415480357105
he is lying,neither,0.06131638015646949,0.32285634076715986,0.6158272790763708
cleaing lady ?,neither,0.03945320844208391,0.33037608806864915,0.630170703489267
STEW TOOK IT,neither,0.03708916159677834,0.3311891921835422,0.6317216462196794
When theonemanny has more viewers than shroudy,neither,0.03241571663943669,0.3647268531869237,0.6028574301736396
!sensitivity,neither,0.03945320844208391,0.33037608806864915,0.630170703489267
"@IBlurred 2.5 in game, 400 DPI",neither,0.03874012792646238,0.286398727233636,0.6748611448399015
He has it,neither,0.04670431806911443,0.3170232012838635,0.6362724806470221
do you own a dog,neither,0.11278405755489174,0.3679087816658601,0.5193071607792482
LIAR,neither,0.03945320844208391,0.33037608806864915,0.630170703489267
stew definitely took it LUL,neither,0.03826056717113014,0.3307862920910142,0.6309531407378556
HE TOOK IT,neither,0.04525118805174873,0.328381897011037,0.6263669149372143
"@JamesBonzzi 2.5 in game, 400 DPI",neither,0.03874012792646238,0.286398727233636,0.6748611448399015
Kill stewie,hate_speech,0.45925047527522106,0.16434459369899734,0.3764049310257816
MAIDS STOLE IT Kappa,neither,0.038155667063297934,0.33082237204835535,0.6310219608883467
it had to be him,neither,0.047032385376079656,0.3339499511385787,0.6190176634853417
!dv,neither,0.03945320844208391,0.33037608806864915,0.630170703489267
@urbanbel He runs at 66% Digital Vibrance shroudW,neither,0.04328120620031966,0.34895093305814784,0.6077678607415324
look what the cat dragged in 4Head,neither,0.045122572080509044,0.3123408478318172,0.6425365800876739
hes lying young metro dont trust stewie,neither,0.03767229997104652,0.36060275262289815,0.6017249474060553
Heyo,neither,0.03945320844208391,0.33037608806864915,0.630170703489267
too dab on,neither,0.036106089319306076,0.349939249193433,0.6139546614872611
"he may not have it, but he used it Kappa",neither,0.04187198166019147,0.328247064644141,0.6298809536956674
Cable burglar PogChamp,neither,0.03945320844208391,0.33037608806864915,0.630170703489267
idk,neither,0.03945320844208391,0.33037608806864915,0.630170703489267
he had streaming problems tho,neither,0.04033246321879532,0.33599582210576073,0.623671714675444
Thanks for subscribing with Prime 10PGG,neither,0.023796193918851447,0.32351757895080435,0.6526862271303442
@shroud what cable?,neither,0.04608760383524793,0.32565139261192405,0.6282610035528281
The fucking maids man,offensive_language,0.11722671015190655,0.8827708471897161,2.442658377338146e-06
@shroud YO shroud! if you are in csgo could you show ur Radar settings? i want the same settings,neither,0.10006692201668782,0.3775478089090876,0.5223852690742246
"@shroud, well i mean 1 person cable gone has to be him =)~",neither,0.04460247663718685,0.32819139440865563,0.6272061289541576
TIM TOOK IT,neither,0.0379212474061344,0.33090299971790854,0.6311757528759572
@creativly I can't I'm on my phone but I will when I get in the pc ty,neither,0.023715081417770748,0.4078783673087555,0.5684065512734737
"why are you streaming, I need to sleep",neither,0.07191717068502539,0.3380042954211946,0.59007853389378
It's a ghost man,neither,0.03794954280261569,0.405972832979217,0.5560776242181674
he traded it for weed,neither,0.031049622166319717,0.41500997194286604,0.5539404058908143
"@shroud, Maybe check to see if any cables are just unplugged and are loose. in the crap ton of cables you have",neither,0.062448408286384476,0.31599659328182783,0.6215549984317876
Stewie is using a dual pc he might took it,neither,0.04446681111603214,0.3707155473583141,0.5848176415256537
Thanks for subscribing with Prime pcw_,neither,0.023796193918851447,0.32351757895080435,0.6526862271303442
"It's Stewie, he lied, Kappa",neither,0.04218062347487788,0.32943800497161163,0.6283813715535105
check pussie,neither,0.03945320844208391,0.33037608806864915,0.630170703489267
@shroud what do you Think is The Best Way to improve when you have reached global mm? Faceit alot of DM?,neither,0.05999905824383222,0.37779418101044526,0.5622067607457225
@JagerTVreal Alright OSsloth,neither,0.03945320844208391,0.33037608806864915,0.630170703489267
@remixthelegend p,neither,0.03945320844208391,0.33037608806864915,0.630170703489267
cuz he broke his one :D stewie liiaaaaaarrr,neither,0.06621158561955813,0.35596695329115013,0.5778214610892917
HEEYY BROOO,neither,0.03945320844208391,0.33037608806864915,0.630170703489267
@shroud what did you lose,neither,0.07170632780186553,0.3846973686802538,0.5435963035178807
!uptime,neither,0.03945320844208391,0.33037608806864915,0.630170703489267
!sens,neither,0.03945320844208391,0.33037608806864915,0.630170703489267
@callmereek Channel shroud has been live for 05m and 22s,neither,0.037527441653855145,0.2724964938497483,0.6899760644963965
OL,neither,0.03945320844208391,0.33037608806864915,0.630170703489267
penis :D,neither,0.03945320844208391,0.33037608806864915,0.630170703489267
@shroud he had streaming problems he said on twitter,neither,0.04425537031413401,0.4152929288831612,0.5404517008027047
go play whit summit @Shroud,neither,0.04035190930090366,0.3334929313361307,0.6261551593629656
LOL,neither,0.020706217963973744,0.4882283491876925,0.4910654328483337
"@Shroud, whats up man :D",neither,0.03661499947049185,0.47475261117528955,0.4886323893542186
C9 Mysteries,neither,0.03945320844208391,0.33037608806864915,0.630170703489267
daddddyyyyyyy,neither,0.03945320844208391,0.33037608806864915,0.630170703489267
someone snuck in and stole it maybe it was corey,neither,0.03721603308539213,0.3079453773101696,0.6548385896044383
!sensitivity,neither,0.03945320844208391,0.33037608806864915,0.630170703489267
The maids stoled it,neither,0.03324079787543189,0.28729122359747633,0.6794679785270917
"@shroud, ska took it for his yearly stream Kappa",neither,0.05041086386143815,0.3100201665543274,0.6395689695842345
@steveharveydent His Avermedia cable,neither,0.07229115916464232,0.33205583846230485,0.5956530023730529
what cable,neither,0.04608760383524793,0.32565139261192405,0.6282610035528281
theif,neither,0.03945320844208391,0.33037608806864915,0.630170703489267
@shroud SLOVAKIA in da houseeeee HeyGuys HeyGuys,offensive_language,0.12990798870847878,0.5736247004884774,0.2964673108030437
NA ghost,neither,0.03945320844208391,0.33037608806864915,0.630170703489267
ah,neither,0.03945320844208391,0.33037608806864915,0.630170703489267
oooo,neither,0.03945320844208391,0.33037608806864915,0.630170703489267
had to be stew lmao,neither,0.04878317519296511,0.35498777153114675,0.5962290532758883
it was stewie,neither,0.03775667640564746,0.33318558245552493,0.6290577411388275
👻 oh shit a cable,offensive_language,0.04860431224681753,0.9500714430140751,0.0013242447391073474
"@Tekonaz 2.5 in game, 400 DPI",neither,0.03874012792646238,0.286398727233636,0.6748611448399015
LLU,neither,0.03945320844208391,0.33037608806864915,0.630170703489267
morning,neither,0.05283876784042269,0.1031882115525248,0.8439730206070525
LUL,neither,0.03945320844208391,0.33037608806864915,0.630170703489267
a ghost WutFace,neither,0.03945320844208391,0.33037608806864915,0.630170703489267
MingLee did it,neither,0.03679680055061391,0.33128974855371013,0.631913450895676
!mouse,neither,0.03945320844208391,0.33037608806864915,0.630170703489267
@googlepenguin He's using the Logitech G303 Mau5,neither,0.04013781075571735,0.3944284229437154,0.5654337663005673
Na ghost,neither,0.03945320844208391,0.33037608806864915,0.630170703489267
Welcome back xacii (33 months) Kreygasm,neither,0.03945320844208391,0.33037608806864915,0.630170703489267
@creativly are you mod in every chat btw?,neither,0.08488438763577051,0.32756721364879593,0.5875483987154336
for double pc stream,neither,0.03480010452593264,0.30712648002385456,0.6580734154502128
@shroud I can sex you to relieve some stress bb,offensive_language,0.03788244718476807,0.5633129045682701,0.39880464824696177
!crosshair,neither,0.03945320844208391,0.33037608806864915,0.630170703489267
33 months PogChamp,neither,0.03945320844208391,0.33037608806864915,0.630170703489267
ily dad,neither,0.03945320844208391,0.33037608806864915,0.630170703489267
must be stewie,neither,0.040876443998585366,0.31814160470455594,0.6409819512968586
feelsbadman,neither,0.03945320844208391,0.33037608806864915,0.630170703489267
maybe its at the major xDD plz no h8 just jokes,neither,0.031999708834933346,0.3566230787128176,0.6113772124522491
@hnlbot its not 66% dv . shroud showed 85%,neither,0.03313453792818982,0.33649717487860414,0.6303682871932061
"10-0% stu, he is a child, it's obviously him lol",neither,0.0413621302110901,0.3645023745486224,0.5941354952402875
no they stole his hacks,neither,0.05992436796633362,0.343729720415581,0.5963459116180855
Thank fuck,offensive_language,0.20137656132245116,0.7986109738512424,1.246482630650044e-05
Did you ask Slemmy?,neither,0.06661989020787595,0.404129164241646,0.529250945550478
ooooooh its shroud,neither,0.02700859978372578,0.3346563596412867,0.6383350405749875
didnt stew set up a new pc the other day for his stream? @Shroud,neither,0.04959760844485672,0.2718428900957994,0.678559501459344
hello,neither,0.03945320844208391,0.33037608806864915,0.630170703489267
!res,neither,0.03945320844208391,0.33037608806864915,0.630170703489267
"@shroud, stewie stole it",neither,0.038126790135127625,0.3308323041481221,0.6310409057167503
!followage,neither,0.03945320844208391,0.33037608806864915,0.630170703489267
"@JagerTVreal Nope, only in a couple",neither,0.03945320844208391,0.33037608806864915,0.630170703489267
Welcome back SimoneSapphire (24 months) Kreygasm,neither,0.03945320844208391,0.33037608806864915,0.630170703489267
"@shroud wait wat, in your streaming PC you have GTX 660 but you still have sooooo much FPS? how",neither,0.06974885592991369,0.40168836557252285,0.5285627784975634
Rage?,neither,0.03945320844208391,0.33037608806864915,0.630170703489267
@shroud ;DDD,neither,0.03945320844208391,0.33037608806864915,0.630170703489267
Shroud baby ! shroudH shroudH,neither,0.03945320844208391,0.33037608806864915,0.630170703489267
@Nvir 1920x1080,neither,0.03945320844208391,0.33037608806864915,0.630170703489267
!mouse,neither,0.03945320844208391,0.33037608806864915,0.630170703489267
@ttertter123 He's using the Logitech G303 Mau5,neither,0.04013781075571735,0.3944284229437154,0.5654337663005673
ninjaMindBlown you're streaming ninjaMindBlown,neither,0.08786341451312578,0.3470440505500504,0.5650925349368239
yolosw4ggy just subscribed! PogChamp,neither,0.02667013123193722,0.39600456006212814,0.5773253087059346
Does Calle maybe have it,neither,0.0230909025988167,0.47861037579574855,0.4982987216054348
@shroud how are you getting more than 60hz with hdmi? cause it's impossible to use avermedia without hdmi? @shroud,neither,0.029475696144869532,0.4760603277806523,0.494463976074478
can you show us quickly your desktop/table?,neither,0.16970951453266317,0.2763495834771635,0.5539409019901733
"Instead of the pc flastscreen n shit, w/e man i need that dank cable! @Shroud",offensive_language,0.04726737845687805,0.922569577398876,0.030163044144245893
hello @Shroud,neither,0.03945320844208391,0.33037608806864915,0.630170703489267
!crosshair,neither,0.03945320844208391,0.33037608806864915,0.630170703489267
Hello shrud :),neither,0.03945320844208391,0.33037608806864915,0.630170703489267
"@shroud, Maybe go downstairs and see if it's on Stewies setup",neither,0.0255586938802956,0.3511205248737647,0.6233207812459397
sometimes to bring a kingdom to it's knees all you have to do is burn a bridge.,neither,0.07469127435790142,0.3339238198250429,0.5913849058170556
!RES,neither,0.03945320844208391,0.33037608806864915,0.630170703489267
i think your coach took it,neither,0.07017974296204589,0.31329859343284866,0.6165216636051055
hiiiiii,neither,0.03945320844208391,0.33037608806864915,0.630170703489267
!fps,neither,0.03945320844208391,0.33037608806864915,0.630170703489267
TriHard it was me TriHard,neither,0.024409443436055472,0.409035800203909,0.5665547563600355
!res,neither,0.03945320844208391,0.33037608806864915,0.630170703489267
