text,top_class,hate_speech,offensive_language,neither
yea boi,neither,0.03922085405605925,0.33431974839611384,0.626459397547827
STREAM BOIS,neither,0.03945320844208391,0.33037608806864915,0.630170703489267
summit says hes down to play some cs,neither,0.03797492116868132,0.336715252002253,0.6253098268290657
aaaayyyeee,neither,0.03945320844208391,0.33037608806864915,0.630170703489267
ye summit's down,neither,0.03945320844208391,0.33037608806864915,0.630170703489267
VoHiYo VoHiYo VoHiYo,neither,0.03945320844208391,0.33037608806864915,0.630170703489267
Hi @shroud :),neither,0.03945320844208391,0.33037608806864915,0.630170703489267
"hey, where i can find Mike`s settings?",neither,0.0451829111775345,0.21408986636695068,0.7407272224555148
SHROUDYYYY !!,neither,0.03945320844208391,0.33037608806864915,0.630170703489267
!crosshair,neither,0.03945320844208391,0.33037608806864915,0.630170703489267
"@highlandtv_dexen Color 5, gap -2, size 3.5, style 4",neither,0.04044731846568626,0.33003416804601815,0.6295185134882955
ur realy on that strean grind huh bud lol,neither,0.04323087014335484,0.4049741969816884,0.5517949328749567
wooooooooooooo,neither,0.03945320844208391,0.33037608806864915,0.630170703489267
sup danny,neither,0.03945320844208391,0.33037608806864915,0.630170703489267
???,neither,0.03945320844208391,0.33037608806864915,0.630170703489267
early strum,neither,0.042215779998293526,0.28348803902252573,0.6742961809791808
"hello hello, all good and u",neither,0.03945734829330996,0.34862733380652217,0.611915317900168
😍,neither,0.03945320844208391,0.33037608806864915,0.630170703489267
Heyyy,neither,0.03945320844208391,0.33037608806864915,0.630170703489267
Daddy shrood,neither,0.03945320844208391,0.33037608806864915,0.630170703489267
PogChamp,neither,0.03945320844208391,0.33037608806864915,0.630170703489267
whats good shroud,neither,0.03862477639939439,0.3306610238363805,0.6307141997642249
Hi,neither,0.03945320844208391,0.33037608806864915,0.630170703489267
yesss,neither,0.03945320844208391,0.33037608806864915,0.630170703489267
yo,offensive_language,0.04010381111145228,0.5271105317972344,0.4327856570913131
"Crosshair:I change the crosshair a lot, so this may not be completely up-to-date at all times:cl_crosshairStyle 4 cl_crosshairSize 3.5 cl_crosshairgap -2 cl_Crosshairthickness 1.5",neither,0.04206213059200712,0.4286627372264541,0.5292751321815388
hallo my friend,neither,0.022970318883937142,0.46682102922165425,0.5102086518944084
"ah. StoneLightning MrDestructoid :/ u ,""8 8 5 :p :p @?# ;I",neither,0.03945320844208391,0.33037608806864915,0.630170703489267
idk lol,neither,0.028304113722400964,0.41483968225408185,0.5568562040235172
Yaaaa,neither,0.03945320844208391,0.33037608806864915,0.630170703489267
hi shrd,neither,0.03945320844208391,0.33037608806864915,0.630170703489267
Aye,neither,0.03945320844208391,0.33037608806864915,0.630170703489267
Yee,neither,0.03945320844208391,0.33037608806864915,0.630170703489267
Sup,neither,0.03945320844208391,0.33037608806864915,0.630170703489267
Suh dudes!,neither,0.03945320844208391,0.33037608806864915,0.630170703489267
Hello everyone happy new year,neither,0.03728656395823228,0.3455768898075199,0.6171365462342477
EU friendly PogChamp,neither,0.03945320844208391,0.33037608806864915,0.630170703489267
YES AN EU TIME STREAM,neither,0.038685704821406784,0.34340262753637685,0.6179116676422165
ayeeee,neither,0.03945320844208391,0.33037608806864915,0.630170703489267
ayyy SHKHOWD,neither,0.03945320844208391,0.33037608806864915,0.630170703489267
sup,neither,0.03945320844208391,0.33037608806864915,0.630170703489267
femHello femHello femHello femHello femHello femHello femHello,neither,0.03945320844208391,0.33037608806864915,0.630170703489267
i just got so happy ahahah,neither,0.03191024104235268,0.48261868050226914,0.4854710784553782
woop woop \:D/,neither,0.03945320844208391,0.33037608806864915,0.630170703489267
heyo,neither,0.03945320844208391,0.33037608806864915,0.630170703489267
ho,offensive_language,0.013321108536384277,0.8771497931721385,0.10952909829147721
heyyy,neither,0.03945320844208391,0.33037608806864915,0.630170703489267
Suh dudes,neither,0.03945320844208391,0.33037608806864915,0.630170703489267
Hi#aye#,neither,0.03945320844208391,0.33037608806864915,0.630170703489267
Shrood,neither,0.03945320844208391,0.33037608806864915,0.630170703489267
under 500 club ayy,neither,0.03945320844208391,0.33037608806864915,0.630170703489267
!commands,neither,0.03945320844208391,0.33037608806864915,0.630170703489267
@officialfristy http://hnlbot.com/commands/shroud,neither,0.03558056210193769,0.1941005909087057,0.7703188469893567
Commands: !merch !artists !albums !tweet !itunes !spotify !soundcloud !beatport !bandcamp !youtube !facebook !twitter !artist [site],neither,0.031879224763754266,0.39951344743223577,0.5686073278040099
shroudInsane,neither,0.03945320844208391,0.33037608806864915,0.630170703489267
shtu the stream down,neither,0.03848819454641666,0.3126893830721621,0.6488224223814212
hi,neither,0.03945320844208391,0.33037608806864915,0.630170703489267
kappa,neither,0.03945320844208391,0.33037608806864915,0.630170703489267
I AM GOING TO HECK MY DAD CoolCat,neither,0.03333831609547852,0.41776146830855326,0.5489002155959682
yoooo],neither,0.03945320844208391,0.33037608806864915,0.630170703489267
!crosshair,neither,0.03945320844208391,0.33037608806864915,0.630170703489267
paladinOUT paladinOUT,neither,0.03945320844208391,0.33037608806864915,0.630170703489267
SHROUDDDDDDDDDDDDDDDDD,neither,0.03945320844208391,0.33037608806864915,0.630170703489267
dad,neither,0.03945320844208391,0.33037608806864915,0.630170703489267
i get notified via email that hes online,neither,0.04029763676132473,0.1856172889112313,0.774085074327444
shrooooood,neither,0.03945320844208391,0.33037608806864915,0.630170703489267
QQ,neither,0.03945320844208391,0.33037608806864915,0.630170703489267
:o,neither,0.03945320844208391,0.33037608806864915,0.630170703489267
notification squad,neither,0.03945320844208391,0.33037608806864915,0.630170703489267
Shroudey,neither,0.03945320844208391,0.33037608806864915,0.630170703489267
shroudPigeon,neither,0.03945320844208391,0.33037608806864915,0.630170703489267
!crosshair,neither,0.03945320844208391,0.33037608806864915,0.630170703489267
"@blackpentagram Color 5, gap -2, size 3.5, style 4",neither,0.04044731846568626,0.33003416804601815,0.6295185134882955
Dude I've been awake since u started streaming yesterday,neither,0.025220961611126996,0.321749682772946,0.653029355615927
shroudW shroudMilk,neither,0.03945320844208391,0.33037608806864915,0.630170703489267
shut the stream down i'm trying to do work here,neither,0.10023121776896733,0.26933616937684507,0.6304326128541876
SHKHOWD WHERE R U BIG DAD,neither,0.0237308636694542,0.3669692864068845,0.6092998499236613
;d,neither,0.03945320844208391,0.33037608806864915,0.630170703489267
"is that shroud playing the piano and singing, so talented BibleThump",neither,0.04100164709834508,0.3496922343478181,0.6093061185538368
Shroud Why you so early?,neither,0.045292125676952635,0.4610782978570259,0.4936295764660215
nb3Hello nb3Hello nb3Hello,neither,0.03945320844208391,0.33037608806864915,0.630170703489267
!dpi,neither,0.03945320844208391,0.33037608806864915,0.630170703489267
!song,neither,0.038601720699969956,0.3448280572582511,0.616570222041779
Now Playing: Champions (feat. Harry Brooks Jnr) by Astronaut - Listen on Spotify: spoti.fi/1kH9t68,neither,0.03862787551442502,0.3581353901925769,0.6032367342929982
DAD,neither,0.03945320844208391,0.33037608806864915,0.630170703489267
NOTIFICATION,neither,0.03945320844208391,0.33037608806864915,0.630170703489267
Shroud PogChamp,neither,0.03945320844208391,0.33037608806864915,0.630170703489267
hi shroud ! :D,neither,0.03945320844208391,0.33037608806864915,0.630170703489267
dad,neither,0.03945320844208391,0.33037608806864915,0.630170703489267
SHROOD,neither,0.03945320844208391,0.33037608806864915,0.630170703489267
what time is it in na,neither,0.05157525299294664,0.3438033744888539,0.6046213725181995
Dude I see your stream when I try to sleep and when I wake up ur still up xD,neither,0.053798215865092064,0.412915116375935,0.5332866677589729
SHKHOWD SINGS SO GUD,neither,0.03940840016725221,0.3881618993133147,0.5724297005194332
cmon shroood we is waiting,neither,0.04699094571027559,0.33016741535879257,0.6228416389309318
elo kurwa,neither,0.03945320844208391,0.33037608806864915,0.630170703489267
Notification squadddd,neither,0.03945320844208391,0.33037608806864915,0.630170703489267
@raiggu 2:30 pm,neither,0.03945320844208391,0.33037608806864915,0.630170703489267
PogChamp,neither,0.03945320844208391,0.33037608806864915,0.630170703489267
2:32 @raiggu,neither,0.03945320844208391,0.33037608806864915,0.630170703489267
!crosshair,neither,0.03945320844208391,0.33037608806864915,0.630170703489267
Hi shroud I luv u <3,neither,0.03945320844208391,0.33037608806864915,0.630170703489267
"@jffate0 Color 5, gap -2, size 3.5, style 4",neither,0.04044731846568626,0.33003416804601815,0.6295185134882955
@gehmus no siema,neither,0.036918905254960256,0.37338982715841207,0.5896912675866277
Notification gang,neither,0.03945320844208391,0.33037608806864915,0.630170703489267
wub wub wuuuub,neither,0.03945320844208391,0.33037608806864915,0.630170703489267
Shroud,neither,0.03945320844208391,0.33037608806864915,0.630170703489267
!crosshair,neither,0.03945320844208391,0.33037608806864915,0.630170703489267
welcome shroud !,neither,0.03945320844208391,0.33037608806864915,0.630170703489267
real shroud???,offensive_language,0.025561593684253106,0.5993264658233612,0.3751119404923855
8:,neither,0.03945320844208391,0.33037608806864915,0.630170703489267
10 min later...,neither,0.03945320844208391,0.33037608806864915,0.630170703489267
9.30 pm :D,neither,0.03945320844208391,0.33037608806864915,0.630170703489267
early as fuck lol,offensive_language,0.12717621521005115,0.8726383123598886,0.00018547243006036119
DAB DAB,neither,0.03945320844208391,0.33037608806864915,0.630170703489267
SHROOD,neither,0.03945320844208391,0.33037608806864915,0.630170703489267
WHAAAA UP BOOYS 4Head,offensive_language,0.031680140546704795,0.5091262166492487,0.45919364280404645
Kappa,neither,0.03945320844208391,0.33037608806864915,0.630170703489267
@raiggu lol,neither,0.020706217963973744,0.4882283491876925,0.4910654328483337
no. its fake shroud @decoybomber,neither,0.030741567282832335,0.3518818440011229,0.6173765887160447
!commands,neither,0.03945320844208391,0.33037608806864915,0.630170703489267
@kosteczka1st http://hnlbot.com/commands/shroud,neither,0.03558056210193769,0.1941005909087057,0.7703188469893567
Commands: !merch !artists !albums !tweet !itunes !spotify !soundcloud !beatport !bandcamp !youtube !facebook !twitter !artist [site],neither,0.031879224763754266,0.39951344743223577,0.5686073278040099
OMG SHROUD SINGS SO WELL,neither,0.03941225135179075,0.37312673260093293,0.5874610160472763
<3,neither,0.03945320844208391,0.33037608806864915,0.630170703489267
It's 11:30 west coast,neither,0.03836229459953125,0.3307513033636146,0.6308864020368542
8:32 pm here,neither,0.08149633949871185,0.29606673904244407,0.622436921458844
IKR,neither,0.03945320844208391,0.33037608806864915,0.630170703489267
cock,offensive_language,0.05923419587639302,0.9107081209527805,0.03005768317082635
Woah look at this sexy gameplay,neither,0.04024541405436853,0.3526018765208046,0.6071527094248269
!crosshair,neither,0.03945320844208391,0.33037608806864915,0.630170703489267
"@dreesking Color 5, gap -2, size 3.5, style 4",neither,0.04044731846568626,0.33003416804601815,0.6295185134882955
So does this mean no stream tonight,neither,0.02655231907045326,0.4494524894878235,0.5239951914417232
2pm here hehehe,neither,0.09364123505225529,0.28810195686813106,0.6182568080796136
TwitchRPG,neither,0.03945320844208391,0.33037608806864915,0.630170703489267
Talented shrood,neither,0.03945320844208391,0.33037608806864915,0.630170703489267
!monitorsettings,neither,0.03945320844208391,0.33037608806864915,0.630170703489267
@eaonism This should cover everything - https://oddshot.tv/shot/shroud/Uzo5ePmU5eNGfJjUBBuyr41e,neither,0.04850576097466769,0.3582940665363575,0.5932001724889747
1:32 here,neither,0.09942143302913084,0.28448859399755033,0.6160899729733189
HI REDDIT,neither,0.03945320844208391,0.33037608806864915,0.630170703489267
Another one?,neither,0.14580522163004245,0.25133971661883303,0.6028550617511247
11:33 am,neither,0.03927720332959859,0.3304366242976533,0.630286172372748
why we have so many timezones on Earth can you tell me ???,neither,0.03257799999127426,0.4681443016496024,0.4992776983591233
Joho,neither,0.03945320844208391,0.33037608806864915,0.630170703489267
shrood,neither,0.03945320844208391,0.33037608806864915,0.630170703489267
Now Playing: Far Away by Tristam & Braken - Listen now: spoti.fi/1BP4T39 Tweet it: monster.cat/2bpS21S,neither,0.04006064544524011,0.34168622332297727,0.6182531312317826
what the hell early stream,offensive_language,0.04665859265122242,0.6516121668621513,0.30172924048662614
Love staring at this for 10 mins,neither,0.03207325333824661,0.33633652024488164,0.6315902264168718
21:32,neither,0.03945320844208391,0.33037608806864915,0.630170703489267
My boi shroud streaming :) :) imGlitch,neither,0.029409627248076428,0.40755661302470325,0.5630337597272203
STRUM,neither,0.03945320844208391,0.33037608806864915,0.630170703489267
@crashyyyyyyy do u live in Norway,neither,0.048960790698546655,0.32710599455473865,0.6239332147467147
!crosshair,neither,0.03945320844208391,0.33037608806864915,0.630170703489267
"@nilsson_jr Color 5, gap -2, size 3.5, style 4",neither,0.04044731846568626,0.33003416804601815,0.6295185134882955
22:33 here,neither,0.07932461738341864,0.29755234335451825,0.6231230392620631
[Twitter Live Feed @C9shroud] Come say HI! https://t.co/0nsby7MTHi https://twitter.com/C9shroud/status/816729264699543552,neither,0.04010797817647811,0.4579858754495423,0.5019061463739797
Hey shroudy,neither,0.03945320844208391,0.33037608806864915,0.630170703489267
20:33 polaaaand,neither,0.03945320844208391,0.33037608806864915,0.630170703489267
shrud or shroud,neither,0.03945320844208391,0.33037608806864915,0.630170703489267
shroudW,neither,0.03945320844208391,0.33037608806864915,0.630170703489267
the early boys,neither,0.04014711859933132,0.27865532047258507,0.6811975609280837
italy,neither,0.03945320844208391,0.33037608806864915,0.630170703489267
22:33 in turkey lul,neither,0.03945320844208391,0.33037608806864915,0.630170703489267
20:33 CZ,neither,0.03945320844208391,0.33037608806864915,0.630170703489267
J,neither,0.03945320844208391,0.33037608806864915,0.630170703489267
"early for the first time in 9 months, sick",neither,0.02942513776057027,0.2925419847493802,0.6780328774900495
SHROOD,neither,0.03945320844208391,0.33037608806864915,0.630170703489267
Hey,neither,0.03945320844208391,0.33037608806864915,0.630170703489267
21:33,neither,0.03945320844208391,0.33037608806864915,0.630170703489267
Join the new Curse server! https://curse.com/invite/Xv6nbZgd4kugsL2fxlg6NQ,neither,0.04082319323556661,0.27696135383134185,0.6822154529330917
!crosshair,neither,0.03945320844208391,0.33037608806864915,0.630170703489267
Vietnam,neither,0.03945320844208391,0.33037608806864915,0.630170703489267
"@blueflame12345 Color 5, gap -2, size 3.5, style 4",neither,0.04044731846568626,0.33003416804601815,0.6295185134882955
@decoybomber haha nice trolls. .were mot answering you.. go to school,neither,0.052643513254688565,0.3933468789165708,0.5540096078287408
YO any one got the i5 6600k with 1070 how much fps u get?,neither,0.02469827703198263,0.4845068083848857,0.4907949145831317
!livetime,neither,0.03945320844208391,0.33037608806864915,0.630170703489267
shroudW shroudW shroudW shroudW shroudW shroudW,neither,0.03945320844208391,0.33037608806864915,0.630170703489267
shroud so early dude,neither,0.04144054649723921,0.3555405748920842,0.6030188786106766
Early,neither,0.042215779998293526,0.28348803902252573,0.6742961809791808
i'm early,neither,0.042215779998293526,0.28348803902252573,0.6742961809791808
@yungbam shrood,neither,0.03945320844208391,0.33037608806864915,0.630170703489267
holy shit its early,offensive_language,0.03870493549855254,0.9595419305577145,0.0017531339437329768
@pablo71161 you mean poorland,neither,0.08074110716318905,0.43704206053036015,0.4822168323064508
early strum,neither,0.042215779998293526,0.28348803902252573,0.6742961809791808
HI,neither,0.03945320844208391,0.33037608806864915,0.630170703489267
CY KAPOW ER,neither,0.03945320844208391,0.33037608806864915,0.630170703489267
99:99 here in pergatory fags,hate_speech,0.5777788565904067,0.3576997089221414,0.06452143448745183
hi,neither,0.03945320844208391,0.33037608806864915,0.630170703489267
@shroud do you have fps problems with new csgo build?,neither,0.04462842790251768,0.3297078821446577,0.6256636899528245
hello,neither,0.03945320844208391,0.33037608806864915,0.630170703489267
20:33 italy,neither,0.03945320844208391,0.33037608806864915,0.630170703489267
hi,neither,0.03945320844208391,0.33037608806864915,0.630170703489267
19:34,neither,0.03945320844208391,0.33037608806864915,0.630170703489267
@kylemwhunterv1 don't get i5,neither,0.03826773538215842,0.3504966597337354,0.6112356048841062
@kylemwhunterv1 ur gonna get more than you need to stop asking,offensive_language,0.08535898492995307,0.46005700346290274,0.4545840116071443
How many reports need to get into OW ?,neither,0.04358760894521513,0.332741492644577,0.6236708984102078
u get like 300 on 1920 x 1080,neither,0.048116075540708424,0.37836735012085393,0.5735165743384377
17:34 Brazil,neither,0.03945320844208391,0.33037608806864915,0.630170703489267
8:33 in Africa DendiFace RlyTho,neither,0.03945320844208391,0.33037608806864915,0.630170703489267
Anyone here from Vietnam?,neither,0.08293136790198627,0.2804272088287204,0.6366414232692934
shroudW wazzzuuuuuup,neither,0.03945320844208391,0.33037608806864915,0.630170703489267
Wait for Kaby lake,neither,0.03324404214625797,0.2993747411060396,0.6673812167477023
Helo Shroud am from Poland,neither,0.04092242090983727,0.2997063323249504,0.6593712467652123
20:34 Poland,neither,0.03945320844208391,0.33037608806864915,0.630170703489267
@zoex_ 9,neither,0.03945320844208391,0.33037608806864915,0.630170703489267
@direfash okay,neither,0.03945320844208391,0.33037608806864915,0.630170703489267
"@Thefazestorm, why not i5?",neither,0.019254511639927464,0.36928594044212826,0.6114595479179443
DAD,neither,0.03945320844208391,0.33037608806864915,0.630170703489267
suh,neither,0.03945320844208391,0.33037608806864915,0.630170703489267
hello,neither,0.03945320844208391,0.33037608806864915,0.630170703489267
21:34 in Finland,neither,0.03945320844208391,0.33037608806864915,0.630170703489267
HIHIHI,neither,0.03945320844208391,0.33037608806864915,0.630170703489267
NotLikeThis NotLikeThis,neither,0.03945320844208391,0.33037608806864915,0.630170703489267
"Yesterday I just got scammed, -350$ :(",neither,0.03222463350899229,0.4165639855478565,0.5512113809431511
Eeeellooo,neither,0.03945320844208391,0.33037608806864915,0.630170703489267
what do you guys think about the source 2 update for cs go? man this feels like csgo v2,neither,0.05237830980467411,0.37560228521389544,0.5720194049814304
herro,neither,0.03945320844208391,0.33037608806864915,0.630170703489267
show urself dad,neither,0.05447376906497303,0.2568887044868917,0.6886375264481353
YYOYOYOY,neither,0.03945320844208391,0.33037608806864915,0.630170703489267
hi,neither,0.03945320844208391,0.33037608806864915,0.630170703489267
Eeeelllooo,neither,0.03945320844208391,0.33037608806864915,0.630170703489267
hey,neither,0.03945320844208391,0.33037608806864915,0.630170703489267
Helo xdddd,neither,0.03945320844208391,0.33037608806864915,0.630170703489267
14:33 USEAST,neither,0.03945320844208391,0.33037608806864915,0.630170703489267
SHROOD,neither,0.03945320844208391,0.33037608806864915,0.630170703489267
hi,neither,0.03945320844208391,0.33037608806864915,0.630170703489267
"@Shroud, what level are you in BDO?",neither,0.12701955471926776,0.3170765875376564,0.5559038577430758
Helloo,neither,0.03945320844208391,0.33037608806864915,0.630170703489267
@kylemwhunterv1 cuz i7 is way better,neither,0.049814355643727624,0.32787449342312297,0.6223111509331494
HI,neither,0.03945320844208391,0.33037608806864915,0.630170703489267
qq,neither,0.03945320844208391,0.33037608806864915,0.630170703489267
shroud leaving c9 check hltv!1!!!!!!,neither,0.03945320844208391,0.33037608806864915,0.630170703489267
shroudW shroudMilk,neither,0.03945320844208391,0.33037608806864915,0.630170703489267
20:34 Italy,neither,0.03945320844208391,0.33037608806864915,0.630170703489267
Hi daddy,neither,0.03945320844208391,0.33037608806864915,0.630170703489267
0:34 in Russia Kappa,neither,0.03945320844208391,0.33037608806864915,0.630170703489267
Herrro My Friend,neither,0.022970318883937142,0.46682102922165425,0.5102086518944084
69:69 honolulu,neither,0.03945320844208391,0.33037608806864915,0.630170703489267
13:34 steelNA,neither,0.03945320844208391,0.33037608806864915,0.630170703489267
HI DAD,neither,0.03945320844208391,0.33037608806864915,0.630170703489267
sup,neither,0.03945320844208391,0.33037608806864915,0.630170703489267
WHY,neither,0.016768318525353994,0.3685911158159394,0.6146405656587067
17:35 oh brazil,neither,0.04365304980145771,0.2900655287687092,0.666281421429833
shroudAFK,neither,0.03945320844208391,0.33037608806864915,0.630170703489267
!crosshair,neither,0.03945320844208391,0.33037608806864915,0.630170703489267
6 am Australia,neither,0.039246452605914695,0.33044720088162116,0.6303063465124641
"@vladislavich2016 Color 5, gap -2, size 3.5, style 4",neither,0.04044731846568626,0.33003416804601815,0.6295185134882955
@XxFREEZIE is that eggs icon :D ?,neither,0.04271051609732522,0.3633419646760112,0.5939475192266637
PogChamp,neither,0.03945320844208391,0.33037608806864915,0.630170703489267
give minikerr the code,neither,0.0384283032418556,0.3115587008123613,0.6500129959457831
20:34 Poland!,neither,0.03945320844208391,0.33037608806864915,0.630170703489267
hello shroud from argentina,neither,0.04040683511112239,0.31419055472777996,0.6454026101610977
Jak ty kozak Shroud,neither,0.03945320844208391,0.33037608806864915,0.630170703489267
But he sux,neither,0.04346879901963377,0.34759599659663337,0.6089352043837328
20:34,neither,0.03945320844208391,0.33037608806864915,0.630170703489267
21:34,neither,0.03945320844208391,0.33037608806864915,0.630170703489267
20:34 Poland,neither,0.03945320844208391,0.33037608806864915,0.630170703489267
20:35 germany,neither,0.03945320844208391,0.33037608806864915,0.630170703489267
21.35 lithuania,neither,0.03945320844208391,0.33037608806864915,0.630170703489267
Is dis fake shroud?,neither,0.05048264824695006,0.32658255795814795,0.6229347937949021
go to sleep to shroud ending stream waking up to shroud starting stream FeelsGoodMan,neither,0.04833839834892808,0.3504795407653378,0.6011820608857341
A code for rank s? Mumble?,neither,0.03403858414259391,0.3033298497240225,0.6626315661333836
suuup shroud,neither,0.03945320844208391,0.33037608806864915,0.630170703489267
@kylemwhunterv1 that guy has no clue what he's saying i5 is more than good enough probably,neither,0.0418256046260139,0.3706670198352877,0.5875073755386984
69:69 lmao,neither,0.03886146719693348,0.340419481320441,0.6207190514826256
oooo,neither,0.03945320844208391,0.33037608806864915,0.630170703489267
noot noot send shroots,neither,0.03945320844208391,0.33037608806864915,0.630170703489267
ME NO SEE ShROUD,neither,0.02688372525484068,0.41710706994934454,0.5560092047958148
20:34 sweden stockholm,neither,0.03945320844208391,0.33037608806864915,0.630170703489267
21:34,neither,0.03945320844208391,0.33037608806864915,0.630170703489267
SHROOD FeelsGoodMan,neither,0.03945320844208391,0.33037608806864915,0.630170703489267
BRAZIL SUCKS,neither,0.03945320844208391,0.33037608806864915,0.630170703489267
19:35 Portugal,neither,0.03945320844208391,0.33037608806864915,0.630170703489267
Hi shroud nice new place man <3,neither,0.04606349722724721,0.2547974252318998,0.699139077540853
20:35 Netherlands,neither,0.03945320844208391,0.33037608806864915,0.630170703489267
en eh shroud,neither,0.03945320844208391,0.33037608806864915,0.630170703489267
hi,neither,0.03945320844208391,0.33037608806864915,0.630170703489267
It's 3am at my side LUL,neither,0.026617068939929205,0.43704003714419887,0.5363428939158718
"@ImJoshHello, ik",neither,0.03945320844208391,0.33037608806864915,0.630170703489267
yees plz with summit lets go,neither,0.03139527672186446,0.37154725789592014,0.5970574653822154
17;35 Brazil,neither,0.03945320844208391,0.33037608806864915,0.630170703489267
!res,neither,0.03945320844208391,0.33037608806864915,0.630170703489267
@vladislavich2016 He plays at 1920x1080,neither,0.0452480919340949,0.3577890385339979,0.5969628695319072
21:35,neither,0.03945320844208391,0.33037608806864915,0.630170703489267
"he will , got a donation to wait for you @shroud and said OKAY",neither,0.05849340680830218,0.314705433663023,0.6268011595286749
20:35 Poland,neither,0.03945320844208391,0.33037608806864915,0.630170703489267
"@Shroud, waddup man",neither,0.03961933983461771,0.4054141257912207,0.5549665343741617
speak polish,neither,0.03945320844208391,0.33037608806864915,0.630170703489267
"@DarkoReal, never lokked that close to it :D",neither,0.03592369940924805,0.4183236630945826,0.5457526374961694
2:25 Canada,neither,0.03945320844208391,0.33037608806864915,0.630170703489267
Kreygasm,neither,0.03945320844208391,0.33037608806864915,0.630170703489267
elo shroud ziomeczku mordo,neither,0.03945320844208391,0.33037608806864915,0.630170703489267
@shroud play more minecraft?,neither,0.042474778166538274,0.31477812368439356,0.642747098149068
@kylemwhunterv1 unless you're streaming i5 is good enough,neither,0.07920342193676931,0.33865188005067876,0.582144698012552
Hi,neither,0.03945320844208391,0.33037608806864915,0.630170703489267
Hi from Romania,neither,0.04094187055022747,0.3051096069949388,0.6539485224548338
Help,neither,0.03945320844208391,0.33037608806864915,0.630170703489267
Poland 20:35 :D,neither,0.03945320844208391,0.33037608806864915,0.630170703489267
@shroud Fuck u DaD,offensive_language,0.2024688397121559,0.797511349635153,1.9810652691160232e-05
hi shroud,neither,0.03945320844208391,0.33037608806864915,0.630170703489267
21:35 lithuania,neither,0.03945320844208391,0.33037608806864915,0.630170703489267
hello,neither,0.03945320844208391,0.33037608806864915,0.630170703489267
sign my ass ?,offensive_language,0.07463014360144633,0.9250755001023707,0.0002943562961829316
shorud why new camera angel? i dont like it :/,neither,0.0390895727335246,0.28200883050676434,0.678901596759711
JESUS SHROUS,neither,0.03945320844208391,0.33037608806864915,0.630170703489267
Let's Go dud,neither,0.01806316484133749,0.39391011985298136,0.5880267153056813
Are you still living with Papa shroud?,neither,0.06414735547575132,0.3778564945743442,0.5579961499499044
Dude when I go to sleep you start stream and when I wake up ur still up xD,neither,0.047472306688504363,0.44875880092357584,0.5037688923879198
LET ME GO AND SPAM HIM IN HIS CHAT BRB,neither,0.036891448813420095,0.35568983586639047,0.6074187153201895
Poland hi,neither,0.03945320844208391,0.33037608806864915,0.630170703489267
19:35 from india,neither,0.040249369338491735,0.31686315984224145,0.6428874708192668
"@DarkoReal, looked*",neither,0.03945320844208391,0.33037608806864915,0.630170703489267
Yo best NA @shroud,neither,0.038476810454249034,0.39903765757964793,0.5624855319661031
!uptime,neither,0.03945320844208391,0.33037608806864915,0.630170703489267
NO,neither,0.036918905254960256,0.37338982715841207,0.5896912675866277
@shaken322 Channel shroud has been live for 06m and 52s,neither,0.037527441653855145,0.2724964938497483,0.6899760644963965
!uptime,neither,0.03945320844208391,0.33037608806864915,0.630170703489267
RAINBOW SIX SIEGE,neither,0.03945320844208391,0.33037608806864915,0.630170703489267
PJSalt PJSalt,neither,0.03945320844208391,0.33037608806864915,0.630170703489267
U GOT BED SHEETS XD,neither,0.03815941984646309,0.3768893922727753,0.5849511878807615
I can see the kitchen from here,neither,0.08603809656101068,0.2582065230509223,0.6557553803880671
Poland Welcome,neither,0.03945320844208391,0.33037608806864915,0.630170703489267
23.36 Russia,neither,0.03945320844208391,0.33037608806864915,0.630170703489267
hi,neither,0.03945320844208391,0.33037608806864915,0.630170703489267
YEAAAAAa,neither,0.03945320844208391,0.33037608806864915,0.630170703489267
"RoryGO, no",neither,0.036918905254960256,0.37338982715841207,0.5896912675866277
Sign my pene,neither,0.024786277878258333,0.4492148523904266,0.525998869731315
dont you dare,neither,0.0630901715709124,0.39534595215221463,0.541563876276873
23:34 samara,neither,0.03945320844208391,0.33037608806864915,0.630170703489267
did you move out of c9 gaming house ?,neither,0.04801347259728909,0.38147792853200363,0.5705085988707074
ye,neither,0.03945320844208391,0.33037608806864915,0.630170703489267
NO,neither,0.036918905254960256,0.37338982715841207,0.5896912675866277
Hey Shroud!,neither,0.03945320844208391,0.33037608806864915,0.630170703489267
HY,neither,0.03945320844208391,0.33037608806864915,0.630170703489267
yes can hear,neither,0.03979319165043346,0.32460568573748755,0.6356011226120789
2:35 Toronto,neither,0.03945320844208391,0.33037608806864915,0.630170703489267
Play with summit if ur gonna,neither,0.029532479893254724,0.4329888094832267,0.5374787106235187
NOOOOO,neither,0.03945320844208391,0.33037608806864915,0.630170703489267
:D Rainbow 6 with me and @anythiNG again?!,neither,0.024094149111445137,0.3837846702670994,0.5921211806214555
U really uses 400 dpi?,neither,0.03945320844208391,0.33037608806864915,0.630170703489267
@shroud play overwatch with summit!,neither,0.02888720554038716,0.36715168682429816,0.6039611076353146
!radar,neither,0.03945320844208391,0.33037608806864915,0.630170703489267
sup @shroud,neither,0.03945320844208391,0.33037608806864915,0.630170703489267
NOOOO,neither,0.03945320844208391,0.33037608806864915,0.630170703489267
SUMMIT,neither,0.03945320844208391,0.33037608806864915,0.630170703489267
Go play 2/ Summit :D,neither,0.04061510880541573,0.33440802531146396,0.6249768658831203
early,neither,0.042215779998293526,0.28348803902252573,0.6742961809791808
21:35 Bulgaria,neither,0.03945320844208391,0.33037608806864915,0.630170703489267
1am zimbabwe,neither,0.03945320844208391,0.33037608806864915,0.630170703489267
16.35 argentina,neither,0.03945320844208391,0.33037608806864915,0.630170703489267
12:35,neither,0.03945320844208391,0.33037608806864915,0.630170703489267
sjruuud,neither,0.03945320844208391,0.33037608806864915,0.630170703489267
Welcome back TinySan (6 months) Kreygasm,neither,0.03945320844208391,0.33037608806864915,0.630170703489267
20:35 germany,neither,0.03945320844208391,0.33037608806864915,0.630170703489267
19.35 UK,neither,0.03945320844208391,0.33037608806864915,0.630170703489267
@shroud CS:CO?,neither,0.03945320844208391,0.33037608806864915,0.630170703489267
"because they're all about ""being super early to the stream""",neither,0.05319822354197135,0.3627890897221391,0.5840126867358896
eyyyy yo,neither,0.0396125210663535,0.40881389182064354,0.551573587113003
play with dizzywi,neither,0.0224239371025857,0.39477495987263056,0.5828011030247837
Because you're streaming early AF LUL,neither,0.06625004602424066,0.32277718373011405,0.6109727702456452
shroudW shroudMilk pupperAL pupperS,neither,0.03945320844208391,0.33037608806864915,0.630170703489267
c9 colored blankets?,neither,0.04200903261311861,0.07677104720254524,0.8812199201843361
"@gehmus co tam ziomuś, siemano kolano",neither,0.03945320844208391,0.33037608806864915,0.630170703489267
man i like these times my dude,offensive_language,0.046342948383489346,0.6174985444338761,0.33615850718263457
SHROUD have my babied,offensive_language,0.01773941090559619,0.5293345432150258,0.452926045879378
17:36 BRAZIL,neither,0.03945320844208391,0.33037608806864915,0.630170703489267
"@Shroud, what's with the insane camera quality?",neither,0.03395554952815353,0.343123487926373,0.6229209625454736
@shroud why new camera angel? like the old one was netter,neither,0.03876508545128172,0.2981751601281163,0.6630597544206019
Play with summit PogChamp,neither,0.02888720554038716,0.36715168682429816,0.6039611076353146
stewC9 stewC9 stewC9,neither,0.03945320844208391,0.33037608806864915,0.630170703489267
13:36 Chicago,neither,0.03945320844208391,0.33037608806864915,0.630170703489267
@heavensrat MY G,offensive_language,0.011017215557639733,0.6062201221254095,0.3827626623169507
21.35 pm in finland LUL,neither,0.03945320844208391,0.33037608806864915,0.630170703489267
2:35 Florida,neither,0.03945320844208391,0.33037608806864915,0.630170703489267
3:30,neither,0.03945320844208391,0.33037608806864915,0.630170703489267
i did it dad,neither,0.03762785889455557,0.3310039094805475,0.631368231624897
@Shroud how's the new place?,neither,0.04547515979351086,0.1498810180925212,0.804643822113968
"@Shroud, please stream at this mor often",neither,0.038720444178689715,0.35162842932615423,0.609651126495156
Play with summit,neither,0.02888720554038716,0.36715168682429816,0.6039611076353146
01.36 Kansas,neither,0.03945320844208391,0.33037608806864915,0.630170703489267
you're streaming at the perfect time for all time zones @shroud,neither,0.05360821527382675,0.38697538630607886,0.5594163984200944
shroud whats your radar settings,neither,0.06908810871522171,0.32214660149856844,0.6087652897862099
lē češv gzmd unāā1m,neither,0.03945320844208391,0.33037608806864915,0.630170703489267
20:36 sweden,neither,0.03945320844208391,0.33037608806864915,0.630170703489267
11:36 from outside @Shroud's window :P,neither,0.04022878000554453,0.31721261455623284,0.6425586054382227
18:43 Sweden,neither,0.03945320844208391,0.33037608806864915,0.630170703489267
1:36 pm USA,neither,0.03945320844208391,0.33037608806864915,0.630170703489267
@shroud because you are early as fuck lol,offensive_language,0.23479368511377738,0.7645540874287331,0.000652227457489337
do it,neither,0.039361844991312706,0.33040751214889547,0.6302306428597919
shroud lets make some babies,neither,0.03101233579667359,0.3569364182783254,0.612051245925001
13:37 Kappa,neither,0.03945320844208391,0.33037608806864915,0.630170703489267
20.36 sweden,neither,0.03945320844208391,0.33037608806864915,0.630170703489267
"@Dezanhil, siemaneczko ziomeczku @Shroud co tam u ciebie",neither,0.03945320844208391,0.33037608806864915,0.630170703489267
"@Shroud, hi dad",neither,0.03945320844208391,0.33037608806864915,0.630170703489267
@shroud how long u gonna stream for?,neither,0.033214899790331064,0.342081655967551,0.6247034442421179
20:36 Denmark,neither,0.03945320844208391,0.33037608806864915,0.630170703489267
"@Shroud, what level are you in BDO?",neither,0.12701955471926776,0.3170765875376564,0.5559038577430758
Summit said only 1 game,neither,0.03883497031983454,0.292906620113104,0.6682584095670615
2 mice ? @shroud,neither,0.03945320844208391,0.33037608806864915,0.630170703489267
NOO DONT,neither,0.03945320844208391,0.33037608806864915,0.630170703489267
22:36 Moscow,neither,0.03945320844208391,0.33037608806864915,0.630170703489267
kys Netherlands,neither,0.03945320844208391,0.33037608806864915,0.630170703489267
@shroud minecraft?,neither,0.03945320844208391,0.33037608806864915,0.630170703489267
yea rainbow 6,neither,0.03924693984562397,0.33387700446871466,0.6268760556856614
where are you in Us,neither,0.2536624365528443,0.24968273465964452,0.49665482878751116
Do Minecraft Jk,neither,0.041447826479433104,0.3296900474611928,0.628862126059374
shroudHype shroudHype shroudHype,neither,0.03945320844208391,0.33037608806864915,0.630170703489267
@shroud gtx 6gb?,neither,0.03945320844208391,0.33037608806864915,0.630170703489267
Hey Shroud!,neither,0.03945320844208391,0.33037608806864915,0.630170703489267
Poland ist best @Shroud,neither,0.03765011267139979,0.31527719622551265,0.6470726911030876
hi,neither,0.03945320844208391,0.33037608806864915,0.630170703489267
18:36 Sweden !!!!!!!!!!!!!!,neither,0.03945320844208391,0.33037608806864915,0.630170703489267
!sens,neither,0.03945320844208391,0.33037608806864915,0.630170703489267
@trebonator DPI: 400 - Ingame : 2.5 - Windows: 6/11 - Raw-Input: On - 1000 Hz Polling Rate,neither,0.03781786467716525,0.33814216926935486,0.6240399660534798
@shroud Hi bro CSCO?,neither,0.03945320844208391,0.33037608806864915,0.630170703489267
play rainbow6,neither,0.03945320844208391,0.33037608806864915,0.630170703489267
What EU stream PogChamp,neither,0.04608760383524793,0.32565139261192405,0.6282610035528281
"@bluebeaufilmshdtv well alright then, lets roll",neither,0.03880583934345975,0.3413636311710192,0.6198305294855211
"hey @Shroud , how were u able to play CSCO online?",neither,0.04464135030281592,0.3116525100656164,0.6437061396315675
13:26 Texas,neither,0.03945320844208391,0.33037608806864915,0.630170703489267
NEW HOUSE TOUR CMON SHROUDIE,neither,0.04245514222051568,0.2559953484217564,0.7015495093577279
PLAY MINECRAFT XD,neither,0.03945320844208391,0.33037608806864915,0.630170703489267
!uptime,neither,0.03945320844208391,0.33037608806864915,0.630170703489267
shroudW shroudW shroudW,neither,0.03945320844208391,0.33037608806864915,0.630170703489267
ayyy gpro ?,neither,0.03945320844208391,0.33037608806864915,0.630170703489267
PLAY CS,neither,0.03945320844208391,0.33037608806864915,0.630170703489267
@shroud main g303 ?,neither,0.03945320844208391,0.33037608806864915,0.630170703489267
HI,neither,0.03945320844208391,0.33037608806864915,0.630170703489267
dad,neither,0.03945320844208391,0.33037608806864915,0.630170703489267
@shroud whisper summit to give u the lobby key for a game with him,neither,0.03260941845845664,0.30343124705279295,0.6639593344887504
hi @shroud Kappa,neither,0.03945320844208391,0.33037608806864915,0.630170703489267
Hi :D,neither,0.03945320844208391,0.33037608806864915,0.630170703489267
21:36 In finland!,neither,0.03945320844208391,0.33037608806864915,0.630170703489267
shroud get a Tan you nerd,neither,0.05382716984134894,0.3811318389849321,0.565040991173719
Why is your,neither,0.0935369734617252,0.3371424068941649,0.5693206196441097
Ale dymy XDDDDDD,neither,0.03945320844208391,0.33037608806864915,0.630170703489267
1:36 at my house,neither,0.028537272811441926,0.4316064424894716,0.5398562846990864
shroud using G PRO??? Look at screen,neither,0.03704421796729657,0.4014578784333444,0.5614979035993591
"Hope your shit mods don't make it mod only chat today, bunch of geeks who think they're doing something",offensive_language,0.12089113338839905,0.8566376787820559,0.022471187829545058
i said hi say hi back,neither,0.03945320844208391,0.33037608806864915,0.630170703489267
??,neither,0.03945320844208391,0.33037608806864915,0.630170703489267
new year new mikey,neither,0.04491419455102049,0.19055592524521836,0.7645298802037611
Play h1z1 with JUST9N,neither,0.0224239371025857,0.39477495987263056,0.5828011030247837
daddy,neither,0.03945320844208391,0.33037608806864915,0.630170703489267
Hey,neither,0.03945320844208391,0.33037608806864915,0.630170703489267
banned :P,neither,0.03945320844208391,0.33037608806864915,0.630170703489267
Supreme :DFDD,neither,0.03945320844208391,0.33037608806864915,0.630170703489267
@shroud Hi :),neither,0.03945320844208391,0.33037608806864915,0.630170703489267
