text,top_class,hate_speech,offensive_language,neither
lets goo,neither,0.0381375099945381,0.3527069244228318,0.6091555655826302
OR maybe just ask about Bdo,neither,0.033286837489376817,0.37996879194872607,0.5867443705618971
wait did he start and stop ??,neither,0.04365313096529649,0.35886636171537184,0.5974805073193317
lets goooo,neither,0.03868305123800957,0.34344766577192837,0.6178692829900622
ellooo,neither,0.03945320844208391,0.33037608806864915,0.630170703489267
rip,neither,0.03945320844208391,0.33037608806864915,0.630170703489267
@JackL42 DID U STOP DANCING?,neither,0.039403837090025685,0.4119074923248618,0.5486886705851125
still going strong,neither,0.03654009647982179,0.3798192006846365,0.5836407028355418
+ for me its still live,neither,0.024095720377005678,0.35657520631224143,0.6193290733107528
MIKE!,neither,0.03945320844208391,0.33037608806864915,0.630170703489267
o/,neither,0.03945320844208391,0.33037608806864915,0.630170703489267
Join the new Curse server! https://curse.com/invite/Xv6nbZgd4kugsL2fxlg6NQ,neither,0.04082319323556661,0.27696135383134185,0.6822154529330917
oh damn wqhats up,offensive_language,0.045372288598811844,0.9102186939916344,0.04440901740955382
helooo,neither,0.03945320844208391,0.33037608806864915,0.630170703489267
lets gooo,neither,0.03868305123800957,0.34344766577192837,0.6178692829900622
SourPls,neither,0.03945320844208391,0.33037608806864915,0.630170703489267
PogChamp,neither,0.03945320844208391,0.33037608806864915,0.630170703489267
hi dad,neither,0.03945320844208391,0.33037608806864915,0.630170703489267
poo,neither,0.03945320844208391,0.33037608806864915,0.630170703489267
Dad,neither,0.03945320844208391,0.33037608806864915,0.630170703489267
Shroud PogChamp,neither,0.03945320844208391,0.33037608806864915,0.630170703489267
NAZI MODS WutFace,neither,0.03945320844208391,0.33037608806864915,0.630170703489267
Lietuva,neither,0.03945320844208391,0.33037608806864915,0.630170703489267
jasonr1 jasonr2,neither,0.03945320844208391,0.33037608806864915,0.630170703489267
PogChamp,neither,0.03945320844208391,0.33037608806864915,0.630170703489267
just when i needed him the most he was hgere for me,neither,0.023500259991717003,0.37897485882108395,0.597524881187199
shroudW shroudMilk,neither,0.03945320844208391,0.33037608806864915,0.630170703489267
SHROOD,neither,0.03945320844208391,0.33037608806864915,0.630170703489267
AyyLmao,neither,0.03945320844208391,0.33037608806864915,0.630170703489267
PogChamp,neither,0.03945320844208391,0.33037608806864915,0.630170703489267
hi,neither,0.03945320844208391,0.33037608806864915,0.630170703489267
first?,neither,0.02604892428726219,0.3349864360510187,0.6389646396617191
jasonr1 jasonr2 jasonr3 jasonr4 jasonr1,neither,0.03945320844208391,0.33037608806864915,0.630170703489267
"@mioxo, already nazi mods WutFace",neither,0.038313153071771126,0.34972580301028316,0.6119610439179457
hellooo,neither,0.03945320844208391,0.33037608806864915,0.630170703489267
HELLO,neither,0.03945320844208391,0.33037608806864915,0.630170703489267
second,neither,0.03945320844208391,0.33037608806864915,0.630170703489267
@,neither,0.03945320844208391,0.33037608806864915,0.630170703489267
Eyyyy,neither,0.03945320844208391,0.33037608806864915,0.630170703489267
VOD FAGS,hate_speech,0.7286232863620369,0.2712101497539348,0.00016656388402820404
aef,neither,0.03945320844208391,0.33037608806864915,0.630170703489267
Dad,neither,0.03945320844208391,0.33037608806864915,0.630170703489267
hey shroud!,neither,0.03945320844208391,0.33037608806864915,0.630170703489267
PogChamp PogChamp PogChamp PogChamp,neither,0.03945320844208391,0.33037608806864915,0.630170703489267
LOL,neither,0.020706217963973744,0.4882283491876925,0.4910654328483337
Y KKona Y,neither,0.03945320844208391,0.33037608806864915,0.630170703489267
shrouuuuuuuuud,neither,0.03945320844208391,0.33037608806864915,0.630170703489267
shroudW shroudW shroudW shroudW shroudW shroudW,neither,0.03945320844208391,0.33037608806864915,0.630170703489267
REDEDIT,neither,0.03945320844208391,0.33037608806864915,0.630170703489267
PogChamp,neither,0.03945320844208391,0.33037608806864915,0.630170703489267
Oh yes daddy,neither,0.04534501900416813,0.2744978775811054,0.6801571034147263
Sup,neither,0.03945320844208391,0.33037608806864915,0.630170703489267
!crosshair,neither,0.03945320844208391,0.33037608806864915,0.630170703489267
"@xgranny4thewinx Size 3.5, thickness 1.5, color 4, gap -2, style 4",neither,0.04044731846568626,0.33003416804601815,0.6295185134882955
please save summit from playing that shitty paladins game,offensive_language,0.044425367566863536,0.5812635217296095,0.3743111107035269
hihihi,neither,0.03945320844208391,0.33037608806864915,0.630170703489267
:),neither,0.03945320844208391,0.33037608806864915,0.630170703489267
reddit !,neither,0.03945320844208391,0.33037608806864915,0.630170703489267
DAD YOU FORGOT TO TWEET,neither,0.06613335109013647,0.3734986410314336,0.56036800787843
shrood,neither,0.03945320844208391,0.33037608806864915,0.630170703489267
SHKHOWD MA MAN,offensive_language,0.03138096599887483,0.546928885308094,0.421690148693031
Hello,neither,0.03945320844208391,0.33037608806864915,0.630170703489267
LOL WH,neither,0.03027887083479381,0.3981251484381287,0.5715959807270774
shroudDad shroudDad shroudDad shroudDad,neither,0.03945320844208391,0.33037608806864915,0.630170703489267
PALADINS 9puke),neither,0.03945320844208391,0.33037608806864915,0.630170703489267
LETS GOOO,neither,0.03868305123800957,0.34344766577192837,0.6178692829900622
Hi,neither,0.03945320844208391,0.33037608806864915,0.630170703489267
36th in chat,neither,0.03945320844208391,0.33037608806864915,0.630170703489267
hello shrooood,neither,0.03945320844208391,0.33037608806864915,0.630170703489267
Meow,neither,0.03945320844208391,0.33037608806864915,0.630170703489267
mod me xd,neither,0.018491955366437673,0.460246435692358,0.5212616089412043
ONE punch Man,neither,0.03857618271662452,0.4464477693496324,0.5149760479337431
"@Shroud, pls link your monstercat spotify playlist",neither,0.06226649307909173,0.3240500752198916,0.6136834317010166
sup,neither,0.03945320844208391,0.33037608806864915,0.630170703489267
hi,neither,0.03945320844208391,0.33037608806864915,0.630170703489267
We are the VIP VIEWERS,neither,0.058364893432898274,0.2837980695501668,0.657837037016935
<3,neither,0.03945320844208391,0.33037608806864915,0.630170703489267
"@jirah_ Size 3.5, thickness 1.5, color 4, gap -2, style 4",neither,0.04044731846568626,0.33003416804601815,0.6295185134882955
@shroud talin wants to kiss your cute little face,neither,0.07669729231451886,0.2964848386270224,0.6268178690584588
What's up shroud,neither,0.04549209283961305,0.43877665191533993,0.5157312552450469
PogChamp,neither,0.03945320844208391,0.33037608806864915,0.630170703489267
yeeeee,neither,0.03945320844208391,0.33037608806864915,0.630170703489267
hi reddit HeyGuys HeyGuys,neither,0.03945320844208391,0.33037608806864915,0.630170703489267
MingLee,neither,0.03945320844208391,0.33037608806864915,0.630170703489267
YEs,neither,0.03945320844208391,0.33037608806864915,0.630170703489267
PogChamp,neither,0.03945320844208391,0.33037608806864915,0.630170703489267
hihihihi,neither,0.03945320844208391,0.33037608806864915,0.630170703489267
SHROUD Kreygasm,neither,0.03945320844208391,0.33037608806864915,0.630170703489267
Cloudynio Shroudynioooooo,neither,0.03945320844208391,0.33037608806864915,0.630170703489267
SHKHOWD SAY HI TO ME DAD,neither,0.03801526346398511,0.3657056809618651,0.5962790555741497
@just9n SHUT UP,neither,0.06265639021040895,0.38499471102054117,0.5523488987690499
Daddy,neither,0.03945320844208391,0.33037608806864915,0.630170703489267
<3 shroody,neither,0.03945320844208391,0.33037608806864915,0.630170703489267
Been waiting for this shit boisss,offensive_language,0.03932306778140317,0.9595729943141909,0.0011039379044060014
REDDIT,neither,0.03945320844208391,0.33037608806864915,0.630170703489267
Hi noob :D,neither,0.03945320844208391,0.33037608806864915,0.630170703489267
:D,neither,0.03945320844208391,0.33037608806864915,0.630170703489267
hi mammy,neither,0.03945320844208391,0.33037608806864915,0.630170703489267
BRASIL,neither,0.03945320844208391,0.33037608806864915,0.630170703489267
Mike PogChamp,neither,0.03945320844208391,0.33037608806864915,0.630170703489267
sup,neither,0.03945320844208391,0.33037608806864915,0.630170703489267
dad?,neither,0.03945320844208391,0.33037608806864915,0.630170703489267
hisoCate,neither,0.03945320844208391,0.33037608806864915,0.630170703489267
!sens,neither,0.03945320844208391,0.33037608806864915,0.630170703489267
@mrfreeeman313 DPI: 400 - Ingame : 2.5 - Windows: 6/11 - Raw-Input: On - 1000 Hz Polling Rate,neither,0.03781786467716525,0.33814216926935486,0.6240399660534798
!crosshair,neither,0.03945320844208391,0.33037608806864915,0.630170703489267
Hi daddy shroud,neither,0.03945320844208391,0.33037608806864915,0.630170703489267
REDDIIIIIT,neither,0.03945320844208391,0.33037608806864915,0.630170703489267
hey daddy shroud shroudW shroudW shroudW,neither,0.03945320844208391,0.33037608806864915,0.630170703489267
SHROOD,neither,0.03945320844208391,0.33037608806864915,0.630170703489267
saatana,neither,0.03945320844208391,0.33037608806864915,0.630170703489267
gj shrud,neither,0.03945320844208391,0.33037608806864915,0.630170703489267
shroudW boxrO,neither,0.03945320844208391,0.33037608806864915,0.630170703489267
Hello dude!,neither,0.03945320844208391,0.33037608806864915,0.630170703489267
Been waiting for shroud to stream all dat,neither,0.04025199958654474,0.3588204683790227,0.6009275320344325
Hi daddy,neither,0.03945320844208391,0.33037608806864915,0.630170703489267
HELLO DADDY,neither,0.03945320844208391,0.33037608806864915,0.630170703489267
shroudC9 shroudC9 shroudC9,neither,0.03945320844208391,0.33037608806864915,0.630170703489267
Who is this?,neither,0.05821697703665943,0.4560551609872064,0.48572786197613427
Fk u shroud,neither,0.03945320844208391,0.33037608806864915,0.630170703489267
Yo shroody,offensive_language,0.04010381111145228,0.5271105317972344,0.4327856570913131
SHROOD or SRHROOORD?,neither,0.03945320844208391,0.33037608806864915,0.630170703489267
i love you baby,neither,0.0625658753412137,0.4359640011248161,0.5014701235339702
shroudHype shroudHype shroudHype,neither,0.03945320844208391,0.33037608806864915,0.630170703489267
shruude,neither,0.03945320844208391,0.33037608806864915,0.630170703489267
shroudd,neither,0.03945320844208391,0.33037608806864915,0.630170703489267
hey dad,neither,0.03945320844208391,0.33037608806864915,0.630170703489267
FeelsGoodMan,neither,0.03945320844208391,0.33037608806864915,0.630170703489267
šruuud,neither,0.03945320844208391,0.33037608806864915,0.630170703489267
shroud!!!,neither,0.03945320844208391,0.33037608806864915,0.630170703489267
shroudWithIt shroudWithIt shroudWithIt shroudWithIt,neither,0.03945320844208391,0.33037608806864915,0.630170703489267
rozoPUKE rozoPUKE rozoPUKE rozoPUKE rozoPUKE,neither,0.03945320844208391,0.33037608806864915,0.630170703489267
JUST9N IS WASHED UP VoteYea VoteNay,neither,0.04592826553095898,0.39131094512894127,0.5627607893400998
hello everyone,neither,0.03269494828970791,0.4450814005079928,0.5222236512022994
I mean ESEA is up Kappa,neither,0.04445420185147826,0.37801560308659327,0.5775301950619285
@threeftfury I know you lurking here,neither,0.12146774679951071,0.3307873780260395,0.5477448751744497
SHROUD BEST STREAMER WORLDWIDE,neither,0.03765011267139979,0.31527719622551265,0.6470726911030876
VoteYea,neither,0.03945320844208391,0.33037608806864915,0.630170703489267
shroudW shroudC9 shroudW shroudC9 shroudAFK shroudC9 shroudW shroudC9,neither,0.03945320844208391,0.33037608806864915,0.630170703489267
@hnlBot NAZI MODSSSSS WutFace,neither,0.03945320844208391,0.33037608806864915,0.630170703489267
VoteYea,neither,0.03945320844208391,0.33037608806864915,0.630170703489267
VoteYea,neither,0.03945320844208391,0.33037608806864915,0.630170703489267
Shroud = <3,neither,0.03945320844208391,0.33037608806864915,0.630170703489267
VoteYea,neither,0.03945320844208391,0.33037608806864915,0.630170703489267
sup shrood,neither,0.03945320844208391,0.33037608806864915,0.630170703489267
tutututututu,neither,0.03945320844208391,0.33037608806864915,0.630170703489267
"Almost 12 here at U.K., school tomorrow... fuck it I ain't sleeping.",offensive_language,0.11756893879263593,0.8722414484563614,0.010189612751002596
SHROUD BEST STREAMER WORLDWIDE,neither,0.03765011267139979,0.31527719622551265,0.6470726911030876
SoonerLater PartyTime RlyTho YouDontSay SoonerLater SoonerLater YouDontSay SoonerLater KAPOW ItsBoshyTime CoolStoryBob ItsBoshyTime TwitchRPG TwitchRPG NerfRedBlaster SoonerLater NerfRedBlaster ItsBoshyTime PartyTime TwitchRPG RlyTho KAPOW SoonerLater UncleNox PrimeMe CurseLit PrimeMe CurseLit PrimeMe,neither,0.03945320844208391,0.33037608806864915,0.630170703489267
whats up shroudyyy,neither,0.03597034933595279,0.4023906385329718,0.5616390121310755
hype,neither,0.03945320844208391,0.33037608806864915,0.630170703489267
10/10 would atart stream agaon xD,neither,0.038982639407777714,0.3264356035590423,0.6345817570331799
I have to go to fuckin bed now.......,offensive_language,0.10419333723601704,0.8776619862926249,0.01814467647135803
VoteNay You have to be good in the first place to be washed Kappa,neither,0.055145319750639535,0.321086403347793,0.6237682769015676
fucking Polish time. .. 0:56 :(,offensive_language,0.09952117200448868,0.8927758097847589,0.007703018210752574
shroudDad shroudDad,neither,0.03945320844208391,0.33037608806864915,0.630170703489267
Start the stream Jesus u nerd,neither,0.03879668217532268,0.31844509531418685,0.6427582225104905
Kappa Kappa,neither,0.03945320844208391,0.33037608806864915,0.630170703489267
washed up like he takes showers? Kappa,neither,0.04814206476555102,0.37347569137389186,0.5783822438605571
Rip justin BibleThump,neither,0.03945320844208391,0.33037608806864915,0.630170703489267
Yarak,neither,0.03945320844208391,0.33037608806864915,0.630170703489267
fav<3,neither,0.03945320844208391,0.33037608806864915,0.630170703489267
@just9n shroudW shroudMilk,neither,0.03945320844208391,0.33037608806864915,0.630170703489267
SHROED,neither,0.03945320844208391,0.33037608806864915,0.630170703489267
"well, latvia time 1.56",neither,0.0383155747849543,0.34968470021739695,0.6119997249976488
Y'all ever looked in the mirror and was like damn I'm really a person. Like damn I'm really in this bitch.,offensive_language,0.022782834593170164,0.9769002187201752,0.0003169466866545737
waddup @chat <3,neither,0.03945320844208391,0.33037608806864915,0.630170703489267
!res,neither,0.03945320844208391,0.33037608806864915,0.630170703489267
@snoeyyy He plays at 1920x1080,neither,0.0452480919340949,0.3577890385339979,0.5969628695319072
daaaaaaaaamn,neither,0.03945320844208391,0.33037608806864915,0.630170703489267
stream is ended?,neither,0.04718106064976454,0.32771812532910854,0.6251008140211268
Oaky same,neither,0.04148851938089603,0.3488915597363099,0.609619920882794
am I perms banned now,neither,0.03924710272458293,0.3304469772759996,0.6303059199994175
JUST9M LET ME SUCK UR DICK PLS,offensive_language,0.07436665673434224,0.8247225518502637,0.1009107914153941
"Hey I fell asleep last night, did shroud get that trio thing he was trying to get?",neither,0.036599227075016894,0.3938523226371432,0.56954845028784
sup dizzy,neither,0.03945320844208391,0.33037608806864915,0.630170703489267
nah not like that though i am bored as,neither,0.04126129779939233,0.4060291420093938,0.5527095601912139
!song,neither,0.038601720699969956,0.3448280572582511,0.616570222041779
no,neither,0.036918905254960256,0.37338982715841207,0.5896912675866277
Now Playing: Tunnel Vision by Subtact,neither,0.04034221361893585,0.3645840979781025,0.5950736884029618
Hey @dizzywi how're you,neither,0.104738712212198,0.35068025932335806,0.544581028464444
memes,neither,0.03945320844208391,0.33037608806864915,0.630170703489267
North Africa 00:57 DendiFace TriHard,neither,0.03945320844208391,0.33037608806864915,0.630170703489267
@just9n LET ME SUCK UR DICK PLS,offensive_language,0.07436665673434224,0.8247225518502637,0.1009107914153941
he will stream now?,neither,0.04648782935872292,0.3044205917223744,0.6490915789189027
Hi,neither,0.03945320844208391,0.33037608806864915,0.630170703489267
"sup, how was the gym u grindin'? just9n",neither,0.03868892312098237,0.3196140942664321,0.6416969826125857
no go away @sureshotstreams,neither,0.04198850017538326,0.3224561560151012,0.6355553438095156
shroudThump,neither,0.03945320844208391,0.33037608806864915,0.630170703489267
yeds,neither,0.03945320844208391,0.33037608806864915,0.630170703489267
"@Lemon_stealing_whor3, every morning mah dude",neither,0.04633371173033106,0.21359599058440967,0.7400702976852592
SHROUD I LOVE YOU,offensive_language,0.079837142191777,0.5038574454704381,0.4163054123377849
"Bylxgical, hi, im good",neither,0.03765578439969049,0.3702193475803825,0.592124868019927
1g,neither,0.03945320844208391,0.33037608806864915,0.630170703489267
@just9n you playing esea with shorud,neither,0.04340095587505156,0.4775265994939786,0.4790724446309698
"ever looked in a mirror and sAID, WHO THIS UGLY MOFO!",neither,0.11521138285124477,0.2037787664482056,0.6810098507005496
@dizzywi i actually pugged today randomly with some girl,neither,0.02111594892316311,0.40011522562618684,0.57876882545065
Dizzy gl on the open :),neither,0.03594768701752212,0.3276956300108348,0.636356682971643
moin,neither,0.03945320844208391,0.33037608806864915,0.630170703489267
!uptime,neither,0.03945320844208391,0.33037608806864915,0.630170703489267
@northerngroin Channel shroud has been live for 04m and 50s,neither,0.03779113064157903,0.28212066614672776,0.6800882032116932
"just9n, and? what happened PogChamp /",neither,0.0456657576148507,0.275253942683624,0.6790802997015253
4Head,neither,0.03945320844208391,0.33037608806864915,0.630170703489267
@talindana But I wanna stay so stfu?,offensive_language,0.09135931588366945,0.47043483530213936,0.4382058488141912
perfect time to go live ty mike,neither,0.04785420250645609,0.3431396176430026,0.6090061798505414
I CAN'T HIT ANYTHING ON 64 TICK BabyRage,neither,0.03751694264827748,0.3370634660990192,0.6254195912527033
IM C9S BIGGESTS FAN,neither,0.03824227701905851,0.37629302133523346,0.5854647016457082
@dizzywi we fukt,neither,0.039025862747262004,0.3376292597931679,0.6233448774595702
when is stream starting?!?!,neither,0.036689782373970505,0.37244801547282186,0.5908622021532077
"Why do kids in chat say ""it's 6:00 in the morning I haven't slept yet and I have school tomorrow"" like no one gives a fuck about how late you stay up.",offensive_language,0.12027987757417238,0.7505183594655215,0.12920176296030605
wow,neither,0.03945320844208391,0.33037608806864915,0.630170703489267
Lmao,neither,0.03705015143476208,0.3711622369619404,0.5917876116032975
shroud? PogChamp,neither,0.03945320844208391,0.33037608806864915,0.630170703489267
Kappa,neither,0.03945320844208391,0.33037608806864915,0.630170703489267
@sureshotstreams fuck off,offensive_language,0.23917139054341482,0.760828044063423,5.653931622883597e-07
"just9n, o shit fukt on the first pug? O_O!",offensive_language,0.028919387368164785,0.971027407838031,5.320479380408576e-05
Shroud cmon start thefucking stream,neither,0.03945320844208391,0.33037608806864915,0.630170703489267
Join the new Curse server! https://curse.com/invite/Xv6nbZgd4kugsL2fxlg6NQ,neither,0.04082319323556661,0.27696135383134185,0.6822154529330917
sorry,neither,0.03945320844208391,0.33037608806864915,0.630170703489267
@dizzywi hey my love when your streaming again WutFace,neither,0.036896903217118145,0.45887163198493003,0.5042314647979518
atta boy Justin...,neither,0.03945320844208391,0.33037608806864915,0.630170703489267
LETS GOOOOO BABY,neither,0.03873108728989848,0.34263236860726803,0.6186365441028335
!uptime,neither,0.03945320844208391,0.33037608806864915,0.630170703489267
i didnt mean to be mean,neither,0.04559130274156218,0.3302046954907833,0.6242040017676546
had enough of 1g and paladins,neither,0.038498780772576235,0.28085397261129785,0.680647246616126
@lightn1ngb0lt Channel shroud has been live for 05m and 10s,neither,0.037527441653855145,0.2724964938497483,0.6899760644963965
Shrood,neither,0.03945320844208391,0.33037608806864915,0.630170703489267
@just9n you guys need a 5th?,neither,0.057039496223307874,0.3809626095973179,0.5619978941793742
@just9n are you the real just9n?,offensive_language,0.11804272117273698,0.5180151314743846,0.36394214735287833
Just9n the biggest leech in history? @just9n,neither,0.03854167091808791,0.3136951492153402,0.647763179866572
@phantom_is_poop its 7 am and i havent slept for 3 days,neither,0.030403945052362658,0.2822064010724761,0.6873896538751612
"ShaDoWr2, soon like 2 mins probs",neither,0.04856559331134129,0.34377049204567506,0.6076639146429836
just9n :D :D,neither,0.03945320844208391,0.33037608806864915,0.630170703489267
"@hnlBot, stop this nazi WutFace",neither,0.03929581334551146,0.41515299592063126,0.5455511907338574
Wow i have never seen the starting of his streams LUL,neither,0.049902836974539705,0.35133591281604126,0.5987612502094191
how am i a leech,neither,0.039117955746251064,0.33049139684396045,0.6303906474097886
Sup guiiiz,neither,0.03945320844208391,0.33037608806864915,0.630170703489267
what,neither,0.057770773616808734,0.3180719994247239,0.6241572269584672
RitzMitz,neither,0.03945320844208391,0.33037608806864915,0.630170703489267
!sens,neither,0.03945320844208391,0.33037608806864915,0.630170703489267
@forenzicx DPI: 400 - Ingame : 2.5 - Windows: 6/11 - Raw-Input: On - 1000 Hz Polling Rate,neither,0.03781786467716525,0.33814216926935486,0.6240399660534798
!just9n,neither,0.03945320844208391,0.33037608806864915,0.630170703489267
sup roudy shroudie,neither,0.03945320844208391,0.33037608806864915,0.630170703489267
shroudW shroudAK,neither,0.03945320844208391,0.33037608806864915,0.630170703489267
yo chill let shroud get his stuff together b4 stream,neither,0.04141726631127999,0.4016228298729192,0.5569599038158008
SHROUD Kreygasm,neither,0.03945320844208391,0.33037608806864915,0.630170703489267
I will upload my consciousness to shrouds stream,neither,0.03570891666453913,0.37877587266343415,0.5855152106720267
@000_future it's 4:20 and I haven't slept for 69 days 4Head,neither,0.034263905379379796,0.2865240568071101,0.67921203781351
but yeah pugs arent fun,neither,0.025773030627050615,0.41703256810206457,0.5571944012708848
jasonrLUL,neither,0.03945320844208391,0.33037608806864915,0.630170703489267
"@just9n, Nazi Mods WutFace",neither,0.03945320844208391,0.33037608806864915,0.630170703489267
!res,neither,0.03945320844208391,0.33037608806864915,0.630170703489267
shrood PogChamp,neither,0.03945320844208391,0.33037608806864915,0.630170703489267
i learned that,neither,0.034331915392564236,0.38637883177222937,0.5792892528352064
!crosshair,neither,0.03945320844208391,0.33037608806864915,0.630170703489267
Hey shroud!!!!!,neither,0.03945320844208391,0.33037608806864915,0.630170703489267
|-/,neither,0.03945320844208391,0.33037608806864915,0.630170703489267
wanna pug? @just9n,neither,0.03945320844208391,0.33037608806864915,0.630170703489267
SHROUDYY STARTTTT PLS,neither,0.03945320844208391,0.33037608806864915,0.630170703489267
but ill continue to endure the pain,neither,0.041215231352291985,0.32176759149587986,0.637017177151828
PogChamp,neither,0.03945320844208391,0.33037608806864915,0.630170703489267
"@just9n, rate gang beasts",neither,0.03945320844208391,0.33037608806864915,0.630170703489267
tatman is the biggest leech. if we're talking about getting carried,neither,0.036679499476261736,0.4022936702679252,0.561026830255813
@just9n do you have a second account?,neither,0.057603532622810684,0.3867338173482591,0.5556626500289302
just9n you a noob I'd take u on a 1v1 anydaay,neither,0.05338699064876906,0.39621926670636415,0.5503937426448668
twerkChamp rhinoAGREE PogChamp rhinoAGREE twerkChamp,neither,0.03945320844208391,0.33037608806864915,0.630170703489267
i hate the fact that i cant stay up and watch ir stream cuz of school tomorrow,neither,0.11486498015179553,0.2901646200360696,0.5949703998121348
lol,neither,0.020706217963973744,0.4882283491876925,0.4910654328483337
DADDY SHROUD Kreygasm,neither,0.03945320844208391,0.33037608806864915,0.630170703489267
!just9n,neither,0.03945320844208391,0.33037608806864915,0.630170703489267
@just9n let me borrow 10$,neither,0.02032467062206601,0.398299838142783,0.581375491235151
!mouse,neither,0.03945320844208391,0.33037608806864915,0.630170703489267
@syskoz He's using the Logitech G303 Mau5,neither,0.04013781075571735,0.3944284229437154,0.5654337663005673
[Twitter Live Feed @C9shroud] thx https://t.co/0nsby7MTHi https://twitter.com/C9shroud/status/818245618879512576,neither,0.04099685016073401,0.44807244797851636,0.5109307018607496
@sureshotstreams i thought u wanted my dick,offensive_language,0.04724881993848796,0.8989760976317722,0.053775082429739704
"just9n, atleast pugs are better than gang beasts :/",neither,0.056490776524892435,0.30370867745346297,0.6398005460216446
Has anyone seen Chef?,neither,0.0399203249621759,0.32244790164571413,0.6376317733921101
fuk this chillin guy...,neither,0.03894016579359517,0.3390837607481213,0.6219760734582837
true,neither,0.03945320844208391,0.33037608806864915,0.630170703489267
@just9n both are good,neither,0.07825785339855396,0.2664729656654301,0.6552691809360159
gang beasts #1,neither,0.03945320844208391,0.33037608806864915,0.630170703489267
"just9n, no thats me",neither,0.028009980246227657,0.4086334405079576,0.5633565792458148
@dizzywi gl on fragaton open :),neither,0.03502724498048952,0.35196233028611673,0.6130104247333937
shroudOverit,neither,0.03945320844208391,0.33037608806864915,0.630170703489267
SHROUD VoteYea STEWIE VoteNay,neither,0.03945320844208391,0.33037608806864915,0.630170703489267
is it big ?,neither,0.02283074793469006,0.42785714241507394,0.5493121096502359
hey josh,neither,0.03945320844208391,0.33037608806864915,0.630170703489267
SHROOD,neither,0.03945320844208391,0.33037608806864915,0.630170703489267
TFW grandma buys you a brazzers subscription for christmas so you stop fucking the furnature FeelsBadMan,offensive_language,0.11608203420143799,0.8774113177765894,0.00650664802197253
@just9n I sent you a friend request,neither,0.05402579172376711,0.3717188095690101,0.5742553987072229
@just9n can I link something?,neither,0.03975193965665757,0.32530583973098937,0.6349422206123531
!mouse,neither,0.03945320844208391,0.33037608806864915,0.630170703489267
@hkearm He's using the Logitech G303 Mau5,neither,0.04013781075571735,0.3944284229437154,0.5654337663005673
Justin FailFish,neither,0.03945320844208391,0.33037608806864915,0.630170703489267
@nah_tv HI!,neither,0.03945320844208391,0.33037608806864915,0.630170703489267
MonkaS reckClap,neither,0.03945320844208391,0.33037608806864915,0.630170703489267
ayyyy,neither,0.03945320844208391,0.33037608806864915,0.630170703489267
@just9n stay golden pony boy ! :),neither,0.03945320844208391,0.33037608806864915,0.630170703489267
@dizzywi suuuh,neither,0.03945320844208391,0.33037608806864915,0.630170703489267
this monstercat playlist takes me way back,neither,0.03359362720982741,0.3636794504988323,0.6027269222913404
shroudW shroudMilk,neither,0.03945320844208391,0.33037608806864915,0.630170703489267
"@just9n, everyone hates you for some reason",neither,0.03313334015251815,0.4395500629103214,0.5273165969371604
"But.. I need to go to bed, whyy start stream now shroudy",neither,0.04765927408308654,0.33351270473860933,0.618828021178304
Yay fuck u Stevie and shroud are good,offensive_language,0.24288755632304262,0.7491279466831684,0.007984496993788935
I CAN'T HIT ANYTHING ON 64 TICK BabyRage,neither,0.03751694264827748,0.3370634660990192,0.6254195912527033
!uptime,neither,0.03945320844208391,0.33037608806864915,0.630170703489267
!crosshair,neither,0.03945320844208391,0.33037608806864915,0.630170703489267
shroudDad shroudMilk,neither,0.03945320844208391,0.33037608806864915,0.630170703489267
:D,neither,0.03945320844208391,0.33037608806864915,0.630170703489267
can i buy one of your old pcs c:,neither,0.07433248816005893,0.3501732251154099,0.5754942867245312
just9n when ru gonna get good like shroud,neither,0.035706502897483366,0.4807967696850591,0.4834967274174576
@just9n why is moe suck a BITCH,offensive_language,0.011604150190317755,0.9883706430397363,2.5206769945820122e-05
HeyGuys,neither,0.03945320844208391,0.33037608806864915,0.630170703489267
KappaHD KappaHD KappaHD,neither,0.03945320844208391,0.33037608806864915,0.630170703489267
never,neither,0.030459082922392345,0.4239770323623975,0.5455638847152102
hi spaciouscs,neither,0.03945320844208391,0.33037608806864915,0.630170703489267
shroudHype shroudHype shroudHype shroudHype shroudHype shroudHype shroudHype shroudHype shroudHype shroudHype shroudHype,neither,0.03945320844208391,0.33037608806864915,0.630170703489267
Man i cut my finger today when cooking. Crazy slice to middle of my finger.,neither,0.023466077117565917,0.48528851441451903,0.4912454084679151
Je n'aime pas les arabes,neither,0.03945320844208391,0.33037608806864915,0.630170703489267
shroudC,neither,0.03945320844208391,0.33037608806864915,0.630170703489267
sumSuh,neither,0.03945320844208391,0.33037608806864915,0.630170703489267
me,neither,0.018491955366437673,0.460246435692358,0.5212616089412043
!uptime,neither,0.03945320844208391,0.33037608806864915,0.630170703489267
"xSkyCrackx, fragaaton?",neither,0.03945320844208391,0.33037608806864915,0.630170703489267
@affiqzulfayri Channel shroud has been live for 06m and 49s,neither,0.037527441653855145,0.2724964938497483,0.6899760644963965
"draxe_monster, why not",neither,0.019254511639927464,0.36928594044212826,0.6114595479179443
"Hi Chat , Hi @shroud ; Hi @just9n",neither,0.03945320844208391,0.33037608806864915,0.630170703489267
Look who's live 🤔,neither,0.04967291273800147,0.4166962825868835,0.5336308046751149
just9n when ru gonna join a good team,neither,0.029493403128744905,0.4161128338221356,0.5543937630491195
@dizzywi R u the real one <3?,offensive_language,0.026753726548474653,0.534730750661399,0.43851552279012634
Just9n is a babe tbh,neither,0.048563574914942766,0.3272426152772891,0.6241938098077681
lol,neither,0.020706217963973744,0.4882283491876925,0.4910654328483337
Mod is cunt?!??,offensive_language,0.0785254256600991,0.9214742631977241,3.1114217673544025e-07
!song,neither,0.038601720699969956,0.3448280572582511,0.616570222041779
"CreativLy, PogChamp",neither,0.03945320844208391,0.33037608806864915,0.630170703489267
Now Playing: After Dark by PYLOT - Listen on Spotify: monster.cat/2efBd90,neither,0.03835074195237873,0.3681647971321683,0.593484460915453
"@Amahoori, WutFace",neither,0.03945320844208391,0.33037608806864915,0.630170703489267
full time intro,neither,0.05718165885758141,0.3422735006160525,0.6005448405263659
@just9n do you have a second account called just9n and has 3k hrs?,neither,0.049191075307472194,0.33160317962056685,0.6192057450719609
heyyyy,neither,0.03945320844208391,0.33037608806864915,0.630170703489267
"spaciouscs, :^)",neither,0.03945320844208391,0.33037608806864915,0.630170703489267
FeelsShroudMan,neither,0.03945320844208391,0.33037608806864915,0.630170703489267
Just9n wyd here,neither,0.09942143302913084,0.28448859399755033,0.6160899729733189
"@just9n, you took my name LUL",neither,0.04118431304979877,0.45288258267642706,0.5059331042737742
@Lycaniousfan no,neither,0.036918905254960256,0.37338982715841207,0.5896912675866277
dizzywi OSsloth,neither,0.03945320844208391,0.33037608806864915,0.630170703489267
ahhhhhh my headpphones ARE SHAKING THE BASS,neither,0.04642288809716836,0.35035958742259066,0.603217524480241
@jackflaners leechin ya know,offensive_language,0.020025654393719023,0.7116723097817351,0.26830203582454587
I can't hit anything on 64tick or 128 tick or 120000 tick. I'll stick to playing LoL Kappa,neither,0.03762475033503475,0.35483100180728155,0.6075442478576837
shit hurts,offensive_language,0.042988980453274164,0.9568261861907383,0.00018483335598752767
FUCK YEAH MIKE,offensive_language,0.09289791018800295,0.9067632046268754,0.000338885185121756
@joshuadadbodnissan toi speak french ?,neither,0.03945320844208391,0.33037608806864915,0.630170703489267
twitter.com/just9n_,neither,0.038643638597066765,0.475547814777205,0.4858085466257283
@just9n then its a fake :(,neither,0.03190764542227885,0.33297135319749877,0.6351210013802223
"CreativLy, how do i edit a command in hnlbot like the command name?? :o",neither,0.049704564016309176,0.32836906363454627,0.6219263723491446
follow that,neither,0.03323004724845472,0.3987249581255167,0.5680449946260284
imGlitch,neither,0.03945320844208391,0.33037608806864915,0.630170703489267
!crosshair,neither,0.03945320844208391,0.33037608806864915,0.630170703489267
thanks,neither,0.035884468650613,0.3004919205142699,0.6636236108351171
"@justyolowftw Size 3.5, thickness 1.5, color 4, gap -2, style 4",neither,0.04044731846568626,0.33003416804601815,0.6295185134882955
Fair dos,neither,0.03945320844208391,0.33037608806864915,0.630170703489267
"@just9n, how many fools do you think mike is going to reddit today ? Kappa or are we gonna see duo h1z1 :O",neither,0.06861485468367663,0.3458789357516847,0.5855062095646387
Ye shroudy,neither,0.03945320844208391,0.33037608806864915,0.630170703489267
@just9n 1v1 me and ill follow,neither,0.032741397444021915,0.3292672365929889,0.6379913659629892
shroud <3,neither,0.03945320844208391,0.33037608806864915,0.630170703489267
"CreativLy, its like greyed out",neither,0.037616238565732145,0.390244297141184,0.5721394642930838
VoteYea VoteNay,neither,0.03945320844208391,0.33037608806864915,0.630170703489267
"just9n, when are you gonna stream???",neither,0.07044631813550399,0.431483572540115,0.498070109324381
Hurry up michael,neither,0.036811835925218216,0.3838226326572613,0.5793655314175206
@just9n did dizzy get u anymore games? Kappa,neither,0.03910751615770772,0.33624338831948386,0.6246490955228085
@dizzywi gl in ur next match,neither,0.06440544037551088,0.3343869146352611,0.6012076449892281
frame of mike?,neither,0.03945320844208391,0.33037608806864915,0.630170703489267
i love shroud,neither,0.03217296676969875,0.3657703709031763,0.602056662327125
!uptime,neither,0.03945320844208391,0.33037608806864915,0.630170703489267
"spaciouscs, ty",neither,0.03945320844208391,0.33037608806864915,0.630170703489267
@just9n sellout,neither,0.03945320844208391,0.33037608806864915,0.630170703489267
fina-fucking-ly,offensive_language,0.10816772023574688,0.8912101372551614,0.000622142509091592
Kappa,neither,0.03945320844208391,0.33037608806864915,0.630170703489267
@just9n whos better you or shroud ? :),neither,0.05784016890994422,0.38185216465263877,0.560307666437417
!sens,neither,0.03945320844208391,0.33037608806864915,0.630170703489267
@fknsledge DPI: 400 - Ingame : 2.5 - Windows: 6/11 - Raw-Input: On - 1000 Hz Polling Rate,neither,0.03781786467716525,0.33814216926935486,0.6240399660534798
"dizzywi Wait, what is?",neither,0.063349895975452,0.3191221759525913,0.6175279280719567
why is it just saying strema starting??,neither,0.023848675913832114,0.36618002874031724,0.6099712953458506
hai shrad,neither,0.03945320844208391,0.33037608806864915,0.630170703489267
@just9n what sens you play cos I play on a relatively high sens and I want to improve my aim,neither,0.04276726682962944,0.42205623047632407,0.5351765026940464
@joshuadadbodnissan MDRR c'était une blague pour voir si il y avait des fr,neither,0.03945320844208391,0.33037608806864915,0.630170703489267
@just9n how old are you,neither,0.13388046371139098,0.3230890478562269,0.5430304884323822
!mouse,neither,0.03945320844208391,0.33037608806864915,0.630170703489267
ill let you know when i go live @ twitter.com/just9n_,offensive_language,0.03311813345982146,0.5213311296283444,0.44555073691183406
shroood back for anther strum PogChamp,neither,0.028966163866781903,0.2782566127857013,0.6927772233475168
!uptime,neither,0.03945320844208391,0.33037608806864915,0.630170703489267
Yeh aint u in an open major with swag witmer ... Dizz,neither,0.030299020371189072,0.4410580867427999,0.5286428928860112
hurry up shrould,neither,0.03599261148368874,0.4018895354509613,0.5621178530653499
!sens,neither,0.03945320844208391,0.33037608806864915,0.630170703489267
"dizzywi oh, you can't",neither,0.09373721839500113,0.3169833297237729,0.5892794518812259
@just9n report this just9n kid spamming links,neither,0.039037469571995935,0.3374322616860344,0.6235302687419698
leech @just9n,neither,0.03945320844208391,0.33037608806864915,0.630170703489267
shrad shad shrad,neither,0.03945320844208391,0.33037608806864915,0.630170703489267
thanx shroud saving my night,neither,0.02506330332150343,0.40178015189608024,0.5731565447824163
followed PogChamp,neither,0.03945320844208391,0.33037608806864915,0.630170703489267
"CreativLy, oh ok",neither,0.04713570804197639,0.2590205851270262,0.6938437068309974
shruddy,neither,0.03945320844208391,0.33037608806864915,0.630170703489267
leech leech,neither,0.03945320844208391,0.33037608806864915,0.630170703489267
yo whats good,neither,0.038879525440524795,0.41390959132825234,0.5472108832312229
"@just9n, you need to sellout like stewie",neither,0.07342369103368415,0.3784941274226847,0.5480821815436312
PJSalt,neither,0.03945320844208391,0.33037608806864915,0.630170703489267
@just9n Why did shroud go to 2.5 sens?,neither,0.03315170216217655,0.3524805742789415,0.6143677235588819
Kappa Kappa Kappa,neither,0.03945320844208391,0.33037608806864915,0.630170703489267
can someone tell me when this stream will be live,neither,0.03144361461923927,0.37638090909004046,0.5921754762907202
Sup,neither,0.03945320844208391,0.33037608806864915,0.630170703489267
!dicksize,neither,0.03945320844208391,0.33037608806864915,0.630170703489267
@dizzywi you still on mythic,offensive_language,0.06634953555288177,0.4936214405923062,0.440029023854812
!crosshair,neither,0.03945320844208391,0.33037608806864915,0.630170703489267
"@pekka1020 Size 3.5, thickness 1.5, color 4, gap -2, style 4",neither,0.04044731846568626,0.33003416804601815,0.6295185134882955
hi,neither,0.03945320844208391,0.33037608806864915,0.630170703489267
(ditto),neither,0.03945320844208391,0.33037608806864915,0.630170703489267
"xSkyCrackx, im not no",neither,0.034720587115065885,0.41290823269497,0.552371180189964
it l;ive now,neither,0.03774550994338003,0.33096344388989696,0.6312910461667229
I CAN'T HIT ANYTHING ON 64 TICK BabyRage,neither,0.03751694264827748,0.3370634660990192,0.6254195912527033
"dizzywi You have to delete the whole command and remake it, I know, it sucks",neither,0.050282426453394743,0.3232966469363435,0.6264209266102616
Legit steel,neither,0.03945320844208391,0.33037608806864915,0.630170703489267
Shroody my man,offensive_language,0.020282109035550354,0.626510835736738,0.35320705522771156
"dcsports10, yes i've been on mythic and still on mythic",neither,0.016487324530556898,0.3219926023164632,0.6615200731529799
just put in sub mode and spam it like 100 times,neither,0.041139335593108874,0.3276163091645834,0.6312443552423076
Shroud VoteYea maikelelelele VoteNay,neither,0.03945320844208391,0.33037608806864915,0.630170703489267
!dpi,neither,0.03945320844208391,0.33037608806864915,0.630170703489267
!sens,neither,0.03945320844208391,0.33037608806864915,0.630170703489267
What Time Is It?,neither,0.05846485729964668,0.3495149862607771,0.5920201564395762
