text,top_class,hate_speech,offensive_language,neither
sup,neither,0.03945320844208391,0.33037608806864915,0.630170703489267
wtf is without the S,offensive_language,0.052490681166376625,0.5919759420317977,0.3555333768018256
!crosshair,neither,0.03945320844208391,0.33037608806864915,0.630170703489267
"@declann123 Size 3.5, thickness 1.5, color 4, gap -2, style 4",neither,0.04044731846568626,0.33003416804601815,0.6295185134882955
hello babe,neither,0.03945320844208391,0.33037608806864915,0.630170703489267
"nvm """,neither,0.03945320844208391,0.33037608806864915,0.630170703489267
foist,neither,0.03945320844208391,0.33037608806864915,0.630170703489267
supp,neither,0.03945320844208391,0.33037608806864915,0.630170703489267
SHROUD,neither,0.03945320844208391,0.33037608806864915,0.630170703489267
Ayy there he is,neither,0.054836775937289826,0.28190464348505545,0.6632585805776549
Yoo,neither,0.03945320844208391,0.33037608806864915,0.630170703489267
shroudTilt shroudTilt shroudTilt,neither,0.03945320844208391,0.33037608806864915,0.630170703489267
@shroud 10mil challenge?,neither,0.03945320844208391,0.33037608806864915,0.630170703489267
hi,neither,0.03945320844208391,0.33037608806864915,0.630170703489267
hi shrood,neither,0.03945320844208391,0.33037608806864915,0.630170703489267
shroudW shroudW shroudW,neither,0.03945320844208391,0.33037608806864915,0.630170703489267
ayy we startin,neither,0.03931968613673394,0.3326423100558872,0.6280380038073788
!uptime,neither,0.03945320844208391,0.33037608806864915,0.630170703489267
10 mill is so boring,neither,0.046319200013416106,0.366074739603585,0.5876060603829989
@cr0w1eycsgo Channel shroud has been live for 01m and 45s,neither,0.037527441653855145,0.2724964938497483,0.6899760644963965
FIRST PogChamp,neither,0.02604892428726219,0.3349864360510187,0.6389646396617191
Dis ya boiii shrud,offensive_language,0.021889362042037577,0.6635129699308051,0.3145976680271573
s h r o u d,neither,0.03945320844208391,0.33037608806864915,0.630170703489267
@shroud Are you gonna do races with summit today aswell?,neither,0.05782385105121335,0.37221999567235753,0.569956153276429
ayy girl @Shroud,neither,0.03246930312170267,0.3993515668062107,0.5681791300720866
HeyGuys,neither,0.03945320844208391,0.33037608806864915,0.630170703489267
shroudW,neither,0.03945320844208391,0.33037608806864915,0.630170703489267
how was your day @shroud?,neither,0.0916980720533799,0.2981142805831897,0.6101876473634303
Shroud shroudW shroudW shroudW shroudW,neither,0.03945320844208391,0.33037608806864915,0.630170703489267
shroood?,neither,0.03945320844208391,0.33037608806864915,0.630170703489267
!uptime,neither,0.03945320844208391,0.33037608806864915,0.630170703489267
shroud @shroud shroud,neither,0.03945320844208391,0.33037608806864915,0.630170703489267
@tharealfreddys Channel shroud has been live for 02m and 12s,neither,0.037527441653855145,0.2724964938497483,0.6899760644963965
BloodTrail,neither,0.03945320844208391,0.33037608806864915,0.630170703489267
jasonr2 jasonrLUL jasonrLUL jasonrLUL jasonrLUL jasonrLUL jasonrLUL jasonrLUL jasonrLUL,neither,0.03945320844208391,0.33037608806864915,0.630170703489267
PogChamp,neither,0.03945320844208391,0.33037608806864915,0.630170703489267
!cfg,neither,0.03945320844208391,0.33037608806864915,0.630170703489267
@shroud shroud,neither,0.03945320844208391,0.33037608806864915,0.630170703489267
Shrooud my boiii,offensive_language,0.011017215557639733,0.6062201221254095,0.3827626623169507
cheer1,neither,0.03945320844208391,0.33037608806864915,0.630170703489267
"hello streamer, did you get a haircut?",neither,0.05387251581801921,0.3812825513227239,0.5648449328592569
finally,neither,0.03945320844208391,0.33037608806864915,0.630170703489267
notification gang,neither,0.03945320844208391,0.33037608806864915,0.630170703489267
shroud Kreygasm Kreygasm,neither,0.03945320844208391,0.33037608806864915,0.630170703489267
1st,neither,0.03945320844208391,0.33037608806864915,0.630170703489267
FINALLY,neither,0.03945320844208391,0.33037608806864915,0.630170703489267
I saw you on summit's chat. I also think you would enjoy Paladins BloodTrail,neither,0.058824483663236914,0.39013716848858554,0.5510383478481775
!config,neither,0.03945320844208391,0.33037608806864915,0.630170703489267
@dslnothing His config can be found on his ESEA page here: http://play.esea.net/users/248592 OR in the FAQ section down below!,neither,0.0839337416261435,0.2602498405772156,0.6558164177966408
!cfg,neither,0.03945320844208391,0.33037608806864915,0.630170703489267
M O I S T haHAA,neither,0.03945320844208391,0.33037608806864915,0.630170703489267
щас будет мясо,neither,0.03945320844208391,0.33037608806864915,0.630170703489267
BTW First haHAA,neither,0.03339484266313271,0.33245983787004363,0.6341453194668237
Hype shroudWithIt,neither,0.03945320844208391,0.33037608806864915,0.630170703489267
!resoluti0on,neither,0.03945320844208391,0.33037608806864915,0.630170703489267
rip c9,neither,0.03945320844208391,0.33037608806864915,0.630170703489267
xd,neither,0.03945320844208391,0.33037608806864915,0.630170703489267
2nd,neither,0.03945320844208391,0.33037608806864915,0.630170703489267
hello everybody :),neither,0.03945320844208391,0.33037608806864915,0.630170703489267
how much longer until no more c9 intro? 🤔,neither,0.03730787763914666,0.33453157687397234,0.6281605454868809
@shroud could you tell n0thing about a scammer called erase thats in one of his private steam groups? he scammed my friend off a karambit night.....,neither,0.048278196580016496,0.418958404657619,0.5327633987623644
Join the new Curse server! https://curse.com/invite/Xv6nbZgd4kugsL2fxlg6NQ,neither,0.04082319323556661,0.27696135383134185,0.6822154529330917
!config,neither,0.03945320844208391,0.33037608806864915,0.630170703489267
@the_hambone His config can be found on his ESEA page here: http://play.esea.net/users/248592 OR in the FAQ section down below!,neither,0.0839337416261435,0.2602498405772156,0.6558164177966408
!resolution,neither,0.03945320844208391,0.33037608806864915,0.630170703489267
3rd,neither,0.03945320844208391,0.33037608806864915,0.630170703489267
Kappa,neither,0.03945320844208391,0.33037608806864915,0.630170703489267
DADDY,neither,0.03945320844208391,0.33037608806864915,0.630170703489267
4th,neither,0.03945320844208391,0.33037608806864915,0.630170703489267
feels good now Shroud streams everyday,neither,0.03895766082631013,0.33054652961734826,0.6304958095563417
have a good night or evening since the spam will soon beginn,neither,0.034256303022258607,0.31056608294958143,0.6551776140281601
Hey,neither,0.03945320844208391,0.33037608806864915,0.630170703489267
!resolu,neither,0.03945320844208391,0.33037608806864915,0.630170703489267
[Twitter Live Feed @C9shroud] come say hi https://t.co/0nsby7MTHi https://twitter.com/C9shroud/status/819341740888862720,neither,0.04010797817647811,0.4579858754495423,0.5019061463739797
SUH DOOOOOOD,neither,0.03945320844208391,0.33037608806864915,0.630170703489267
5th,neither,0.03945320844208391,0.33037608806864915,0.630170703489267
SHROOD,neither,0.03945320844208391,0.33037608806864915,0.630170703489267
Love u shroud,neither,0.03217296676969875,0.3657703709031763,0.602056662327125
hello sir!,neither,0.03945320844208391,0.33037608806864915,0.630170703489267
ty5hfcrd fbcvxcvg fbt,neither,0.03945320844208391,0.33037608806864915,0.630170703489267
@shroud will you be doing races today?,neither,0.05428945713439524,0.32950419834880657,0.6162063445167982
shroudW shroudW shroudW,neither,0.03945320844208391,0.33037608806864915,0.630170703489267
Im horny,neither,0.03834022009660328,0.3725868187674882,0.5890729611359085
HE TALKS,neither,0.04709250308981045,0.32774858433483706,0.6251589125753526
Hes voice omg HYPE HYPE,neither,0.03945320844208391,0.33037608806864915,0.630170703489267
!uptime,neither,0.03945320844208391,0.33037608806864915,0.630170703489267
KappaPride,neither,0.03945320844208391,0.33037608806864915,0.630170703489267
@taterscs Channel shroud has been live for 04m and 02s,neither,0.037527441653855145,0.2724964938497483,0.6899760644963965
PogChamp,neither,0.03945320844208391,0.33037608806864915,0.630170703489267
!playlist,neither,0.03945320844208391,0.33037608806864915,0.630170703489267
"@harpunen123, ssame",neither,0.03945320844208391,0.33037608806864915,0.630170703489267
!uptime,neither,0.03945320844208391,0.33037608806864915,0.630170703489267
"hey, hey, hey!!!",neither,0.03945320844208391,0.33037608806864915,0.630170703489267
PogChamp,neither,0.03945320844208391,0.33037608806864915,0.630170703489267
ayyy,neither,0.03945320844208391,0.33037608806864915,0.630170703489267
i almost never make it to the beginning of the stream,neither,0.038868086254669865,0.33394102071631965,0.6271908930290105
LUL,neither,0.03945320844208391,0.33037608806864915,0.630170703489267
<3,neither,0.03945320844208391,0.33037608806864915,0.630170703489267
hi,neither,0.03945320844208391,0.33037608806864915,0.630170703489267
@shroud Daddy,neither,0.03945320844208391,0.33037608806864915,0.630170703489267
hi dad,neither,0.03945320844208391,0.33037608806864915,0.630170703489267
EZ,neither,0.03945320844208391,0.33037608806864915,0.630170703489267
Hi there,neither,0.039369405442012055,0.27395600237499595,0.686674592182992
DAD,neither,0.03945320844208391,0.33037608806864915,0.630170703489267
Glasgow bones Kreygasm,neither,0.03945320844208391,0.33037608806864915,0.630170703489267
!crosshair,neither,0.03945320844208391,0.33037608806864915,0.630170703489267
"@officalkevinkevin Size 3.5, thickness 1.5, color 4, gap -2, style 4",neither,0.04044731846568626,0.33003416804601815,0.6295185134882955
24 hr stream? or did u lie about that,neither,0.03593158938201519,0.3749290796484721,0.5891393309695128
@shroud could you tell n0thing about a scammer called erase thats in one of his private steam groups? he scammed my friend off a karambit night.....,neither,0.048278196580016496,0.418958404657619,0.5327633987623644
HeyGuys,neither,0.03945320844208391,0.33037608806864915,0.630170703489267
ecksdee,neither,0.03945320844208391,0.33037608806864915,0.630170703489267
#DADDY,neither,0.03945320844208391,0.33037608806864915,0.630170703489267
FINALLY,neither,0.03945320844208391,0.33037608806864915,0.630170703489267
Eyyy @shroud <3,neither,0.03945320844208391,0.33037608806864915,0.630170703489267
Hi,neither,0.03945320844208391,0.33037608806864915,0.630170703489267
shroud needs to just become a fulltime streamer step down proffesionally,neither,0.04062616802317161,0.3423942434692942,0.6169795885075342
hi,neither,0.03945320844208391,0.33037608806864915,0.630170703489267
hi xD,neither,0.03945320844208391,0.33037608806864915,0.630170703489267
Song is - https://www.youtube.com/watch?v=FtveSk1N7Uo,neither,0.04864686758940343,0.33211689551108264,0.6192362368995139
lets fucking go,offensive_language,0.1098961779793749,0.889951275628114,0.0001525463925110468
Song is - https://www.youtube.com/watch?v=FtveSk1N7Uo,neither,0.04864686758940343,0.33211689551108264,0.6192362368995139
Scassidyyy : HeyGuys,neither,0.03945320844208391,0.33037608806864915,0.630170703489267
eyyyy,neither,0.03945320844208391,0.33037608806864915,0.630170703489267
Hi,neither,0.03945320844208391,0.33037608806864915,0.630170703489267
hi,neither,0.03945320844208391,0.33037608806864915,0.630170703489267
hi,neither,0.03945320844208391,0.33037608806864915,0.630170703489267
FONT PAGE OF REDDIT BABY,neither,0.03945320844208391,0.33037608806864915,0.630170703489267
Hey,neither,0.03945320844208391,0.33037608806864915,0.630170703489267
hi,neither,0.03945320844208391,0.33037608806864915,0.630170703489267
!config,neither,0.03945320844208391,0.33037608806864915,0.630170703489267
FUCK YES,offensive_language,0.21364074035292993,0.786352787018362,6.472628708199161e-06
@st_neo His config can be found on his ESEA page here: http://play.esea.net/users/248592 OR in the FAQ section down below!,neither,0.0839337416261435,0.2602498405772156,0.6558164177966408
are you doing gta today? @Shroud,neither,0.08569173918509092,0.3018302095922271,0.6124780512226822
Hey,neither,0.03945320844208391,0.33037608806864915,0.630170703489267
eu song MVGame,neither,0.038601720699969956,0.3448280572582511,0.616570222041779
hmm 🤔,neither,0.03945320844208391,0.33037608806864915,0.630170703489267
sahh,neither,0.03945320844208391,0.33037608806864915,0.630170703489267
"hi, but im going to sleep so night",neither,0.03350902710182989,0.4201945728348685,0.5462964000633016
!resolution,neither,0.03945320844208391,0.33037608806864915,0.630170703489267
hi,neither,0.03945320844208391,0.33037608806864915,0.630170703489267
Summit stream ResidentSleeper,neither,0.03945320844208391,0.33037608806864915,0.630170703489267
Salt in her scars Kreygasm,offensive_language,0.029381474198879546,0.585309078912726,0.3853094468883945
why you playing cs the crews about to race !!! @shroud hi btw lol,neither,0.18469339934124493,0.16566317534114236,0.6496434253176128
@shroud yo,offensive_language,0.04010381111145228,0.5271105317972344,0.4327856570913131
@xchainzow 1920x1080,neither,0.03945320844208391,0.33037608806864915,0.630170703489267
My soooooong,offensive_language,0.011017215557639733,0.6062201221254095,0.3827626623169507
Love you @shroud,offensive_language,0.079837142191777,0.5038574454704381,0.4163054123377849
hi,neither,0.03945320844208391,0.33037608806864915,0.630170703489267
Notification GANGGGGG,neither,0.03945320844208391,0.33037608806864915,0.630170703489267
@shroud We love you m8 :3 <3,neither,0.05261936787293841,0.3963961020614605,0.550984530065601
hello,neither,0.03945320844208391,0.33037608806864915,0.630170703489267
THERE HE IS,neither,0.06696178465494368,0.25359748659330317,0.6794407287517531
favourite cs pro player?,neither,0.03568100128733756,0.39440028816088535,0.5699187105517771
!commands,neither,0.03945320844208391,0.33037608806864915,0.630170703489267
#salty,neither,0.03945320844208391,0.33037608806864915,0.630170703489267
Kappa,neither,0.03945320844208391,0.33037608806864915,0.630170703489267
@icedpear http://hnlbot.com/commands/shroud,neither,0.03558056210193769,0.1941005909087057,0.7703188469893567
Commands: !merch !artists !albums !tweet !itunes !spotify !soundcloud !beatport !bandcamp !youtube !facebook !twitter !artist [site],neither,0.031879224763754266,0.39951344743223577,0.5686073278040099
hi,neither,0.03945320844208391,0.33037608806864915,0.630170703489267
hi,neither,0.03945320844208391,0.33037608806864915,0.630170703489267
hi,neither,0.03945320844208391,0.33037608806864915,0.630170703489267
waiting for major stickers ResidentSleeper,neither,0.034619819487275744,0.3062272045989206,0.6591529759138036
sup @shroud,neither,0.03945320844208391,0.33037608806864915,0.630170703489267
DADDY PogChamp,neither,0.03945320844208391,0.33037608806864915,0.630170703489267
DAD,neither,0.03945320844208391,0.33037608806864915,0.630170703489267
he has still c9 logo why ?,neither,0.03277080752589671,0.35075266198687616,0.6164765304872272
HAIR,neither,0.03945320844208391,0.33037608806864915,0.630170703489267
DAD! <3,neither,0.03945320844208391,0.33037608806864915,0.630170703489267
GO CLOUD 9,neither,0.04096070637719676,0.33561098343940704,0.6234283101833961
SUP,neither,0.03945320844208391,0.33037608806864915,0.630170703489267
<3,neither,0.03945320844208391,0.33037608806864915,0.630170703489267
i want sex with shruuuud,offensive_language,0.01606418327792737,0.7020989215461657,0.2818368951759068
Sup,neither,0.03945320844208391,0.33037608806864915,0.630170703489267
Name of song ?,neither,0.038869642567444226,0.3402807239468567,0.6208496334856991
The girl that time forgot kaceyFace,neither,0.02784141696397561,0.4350907187914055,0.5370678642446188
hellö,neither,0.03945320844208391,0.33037608806864915,0.630170703489267
Heyyy,neither,0.03945320844208391,0.33037608806864915,0.630170703489267
HeyGuys,neither,0.03945320844208391,0.33037608806864915,0.630170703489267
@shroud HEYYY!!],neither,0.03945320844208391,0.33037608806864915,0.630170703489267
"@Shroud, say my name and i donate 500",neither,0.03023606911857403,0.36361415884001175,0.6061497720414141
Now Playing: The Girl (Mr FijiWiji Remix) by Hellberg - Listen now: spoti.fi/1gCqVyH Tweet it: monster.cat/2cbKBsK,neither,0.03579368648859477,0.37343440461219063,0.5907719088992146
Shroud stop streaming! Every time I try to study for tests I can't stop watching your stream,neither,0.05221698351745151,0.38708597342812645,0.5606970430544221
AYEEEE SUP SHROOD OOOOOD,neither,0.03945320844208391,0.33037608806864915,0.630170703489267
fuckyeh :D got tired of watching summit. so loud,neither,0.03850167341214856,0.3963356285230003,0.5651626980648512
@Tomschoon https://www.youtube.com/watch?v=FtveSk1N7Uo,neither,0.04349866177839444,0.3289846711595917,0.6275166670620138
sup DAD haHAA,neither,0.03945320844208391,0.33037608806864915,0.630170703489267
@shroud luv u,neither,0.03945320844208391,0.33037608806864915,0.630170703489267
Daddy's home,neither,0.03945320844208391,0.33037608806864915,0.630170703489267
gg,neither,0.03945320844208391,0.33037608806864915,0.630170703489267
HeyGuys HeyGuys HeyGuys,neither,0.03945320844208391,0.33037608806864915,0.630170703489267
FrostyThump,neither,0.03945320844208391,0.33037608806864915,0.630170703489267
Daddy's home,neither,0.03945320844208391,0.33037608806864915,0.630170703489267
!song,neither,0.038601720699969956,0.3448280572582511,0.616570222041779
Now Playing: The Girl (Mr FijiWiji Remix) by Hellberg - Listen on Spotify: spoti.fi/1gCqVyH,neither,0.03411624768257721,0.39164343386129,0.5742403184561328
Sup shroud,neither,0.03945320844208391,0.33037608806864915,0.630170703489267
hello,neither,0.03945320844208391,0.33037608806864915,0.630170703489267
@shroud shoutout from toronto,neither,0.040422852677522055,0.31391869482346035,0.6456584524990175
dad,neither,0.03945320844208391,0.33037608806864915,0.630170703489267
@shroud whats with the stickers?,neither,0.029160184852712354,0.34881431041619554,0.6220255047310922
zw,neither,0.03945320844208391,0.33037608806864915,0.630170703489267
GTA Races?!?! CruW CruW CruW,neither,0.03945320844208391,0.33037608806864915,0.630170703489267
My Kacey sub!!,neither,0.02505926657236978,0.44663184017466445,0.5283088932529656
daddy haHAA,neither,0.03945320844208391,0.33037608806864915,0.630170703489267
hi mike,neither,0.03945320844208391,0.33037608806864915,0.630170703489267
hihihi,neither,0.03945320844208391,0.33037608806864915,0.630170703489267
RACESSSS ?!?!,neither,0.03945320844208391,0.33037608806864915,0.630170703489267
!crosshair,neither,0.03945320844208391,0.33037608806864915,0.630170703489267
"@trag1ic Size 3.5, thickness 1.5, color 4, gap -2, style 4",neither,0.04044731846568626,0.33003416804601815,0.6295185134882955
hello,neither,0.03945320844208391,0.33037608806864915,0.630170703489267
daddy shroud i love your hair,neither,0.07075241830213563,0.3353890775152554,0.593858504182609
OMG shroud the n0b,neither,0.03799319295305244,0.3031937689918349,0.6588130380551126
SHKHOWD,neither,0.03945320844208391,0.33037608806864915,0.630170703489267
HEYYYY SHROUDY,neither,0.03945320844208391,0.33037608806864915,0.630170703489267
Hey shroud!,neither,0.03945320844208391,0.33037608806864915,0.630170703489267
hey hey,neither,0.03945320844208391,0.33037608806864915,0.630170703489267
!song,neither,0.038601720699969956,0.3448280572582511,0.616570222041779
"@apathynsx, why would he know? c9 wont have stickers",neither,0.033403243317866385,0.34370617285371735,0.6228905838284161
Its the remix?!,neither,0.031760461971896414,0.3141114200197244,0.6541281180083791
Now Playing: The Girl (Mr FijiWiji Remix) by Hellberg - Listen on Spotify: spoti.fi/1gCqVyH,neither,0.03411624768257721,0.39164343386129,0.5742403184561328
GTA 5 today?,neither,0.03782798579290095,0.3052720855317765,0.6568999286753225
gud,neither,0.03945320844208391,0.33037608806864915,0.630170703489267
What is up shorud,neither,0.06373696261214323,0.41611123090648383,0.520151806481373
ayyyyyyyyyyyyy wassup my boy,neither,0.1902299118697281,0.21582924873815582,0.593940839392116
Hey,neither,0.03945320844208391,0.33037608806864915,0.630170703489267
Dust 2 no way lol,neither,0.03121551514297898,0.4000279973772876,0.5687564874797334
hi,neither,0.03945320844208391,0.33037608806864915,0.630170703489267
Here's to another 2+ because I'm distracted,neither,0.17046608414825679,0.22088031105123365,0.6086536048005097
waiting for the stickers and about to get rbeakfast lol,neither,0.03126400262755825,0.33202194304193094,0.6367140543305108
Ayyyyy Shroud,neither,0.03945320844208391,0.33037608806864915,0.630170703489267
dont spill that coffee,neither,0.0463613359216057,0.1761076954405652,0.7775309686378291
!song,neither,0.038601720699969956,0.3448280572582511,0.616570222041779
Now Playing: The Girl (Mr FijiWiji Remix) by Hellberg - Listen on Spotify: spoti.fi/1gCqVyH,neither,0.03411624768257721,0.39164343386129,0.5742403184561328
That ain't a remix,offensive_language,0.015634805661008385,0.5974276589340116,0.38693753540498
@shroud whats up bro,neither,0.036530249360309755,0.38995101473896665,0.5735187359007236
I came to say HI,neither,0.04680015235438673,0.32609537331096516,0.6271044743346481
nice tunes,neither,0.03945320844208391,0.33037608806864915,0.630170703489267
hi and bye,neither,0.038578066609334404,0.28553884588643075,0.6758830875042349
Tracham just subscribed! PogChamp,neither,0.02667013123193722,0.39600456006212814,0.5773253087059346
"@Shroud, where in the world are you gaming at?",neither,0.08184926359142115,0.3052280518619908,0.612922684546588
@GypsyUnit just cause they didnt make it to the major doesnt mean he doesnt know about stickers lol,neither,0.03619568639448225,0.38094918228751495,0.5828551313180029
shroudw,neither,0.03945320844208391,0.33037608806864915,0.630170703489267
!sens,neither,0.03945320844208391,0.33037608806864915,0.630170703489267
@forenzicx DPI: 400 - Ingame : 2.5 - Windows: 6/11 - Raw-Input: On - 1000 Hz Polling Rate,neither,0.03781786467716525,0.33814216926935486,0.6240399660534798
that butterfly is dopeee!,neither,0.0436934699612105,0.3723876712986079,0.5839188587401816
Let's go,neither,0.01806316484133749,0.39391011985298136,0.5880267153056813
i have been lovin it,neither,0.03699681917610408,0.3467564925345674,0.6162466882893285
HeyGuys,neither,0.03945320844208391,0.33037608806864915,0.630170703489267
"Honestly shroud, you couldn't have started the stream at a better time for me lirikH",neither,0.03711785237012825,0.38298464781552644,0.5798974998143454
I really enjoy watching you play GTA,neither,0.05248180423846827,0.36753690131835726,0.5799812944431744
DECENT LUL,neither,0.03945320844208391,0.33037608806864915,0.630170703489267
I love GTA,neither,0.0360053414055849,0.3465167256147498,0.6174779329796654
!followage,neither,0.03945320844208391,0.33037608806864915,0.630170703489267
ResidentSleeper,neither,0.03945320844208391,0.33037608806864915,0.630170703489267
GTA the best,neither,0.037602675341318205,0.30534143487799514,0.6570558897806867
gta best game ever,neither,0.03811005266938783,0.2864977449177197,0.6753922024128927
weed1 weed2,neither,0.03945320844208391,0.33037608806864915,0.630170703489267
I've been having fun watching it,neither,0.01958381640987556,0.3182076163289478,0.6622085672611766
Update where tf are you ResidentSleeper,neither,0.09657416366866942,0.2939407156452278,0.6094851206861028
gta 5 races are so fun shroud,neither,0.05953580866438963,0.32937326463023775,0.6110909267053725
"@apathynsx, they arent gonna update teams that dont have stickers lol unless he learns from another pro of course",neither,0.054131685555741126,0.35856175577256877,0.5873065586716902
Hi Shroodie shroudH,neither,0.03945320844208391,0.33037608806864915,0.630170703489267
hi dad,neither,0.03945320844208391,0.33037608806864915,0.630170703489267
Hi Shroudy Hows it going,neither,0.036761436214160274,0.35560028030118696,0.6076382834846527
shroudW,neither,0.03945320844208391,0.33037608806864915,0.630170703489267
"@Shroud, I love the GTA V races. Play with Ska again tonight <3",neither,0.027652287886732258,0.3580757696548154,0.6142719424584524
The girl that time forgot,neither,0.02784141696397561,0.4350907187914055,0.5370678642446188
who comes here for cs wtf,offensive_language,0.0700008690866597,0.49983879237542694,0.4301603385379133
Any non competetive game is a waste of time,neither,0.044236117761154985,0.310715068970536,0.6450488132683091
!howlong,neither,0.03945320844208391,0.33037608806864915,0.630170703489267
play what you enjoy otherwise its not worth it for you,neither,0.05359833222142838,0.3724140608885084,0.5739876068900632
YouDontSay big fan Shroud,neither,0.020662306918156396,0.41105331511196375,0.5682843779698797
Im here for the racing Kappa,neither,0.06259967471110942,0.2949471507721796,0.642453174516711
GTA is the best,neither,0.046299579428928865,0.3034728204245657,0.6502276001465054
Ska going on?>,neither,0.03151540377244989,0.40626961562125635,0.5622149806062938
lowkey enjoy the gta streams more than the cs ones,neither,0.039246615570530684,0.31219768990720964,0.6485556945222597
"Mike, What kind of Coffee do you like?",neither,0.08927010893919592,0.23523234101267873,0.6754975500481254
!mouse,neither,0.03945320844208391,0.33037608806864915,0.630170703489267
@wup7 He's using the Logitech G303 Mau5,neither,0.04013781075571735,0.3944284229437154,0.5654337663005673
!music,neither,0.03945320844208391,0.33037608806864915,0.630170703489267
!crosshair,neither,0.03945320844208391,0.33037608806864915,0.630170703489267
@Ktmrider65 https://www.youtube.com/watch?v=FtveSk1N7Uo,neither,0.04349866177839444,0.3289846711595917,0.6275166670620138
"@kiwijuicez, How so",neither,0.03942328999676899,0.42777235043609385,0.5328043595671372
Your awesome,neither,0.08979947842598954,0.3163072056979203,0.5938933158760903
I saw you on summit's chat. I also think you would enjoy Paladins BloodTrail,neither,0.058824483663236914,0.39013716848858554,0.5510383478481775
@shroud i enjoy watching you and the guys race... not as much as rank s but if i was a streamer id do what i wanted not what others want so keep doing you,neither,0.1232024125389436,0.2541016169660368,0.6226959704950197
"@GypsyUnit yeah thats what im wondering, he could always just hear from someone in the community",neither,0.031314309422413845,0.42767333445069194,0.5410123561268944
!commands,neither,0.03945320844208391,0.33037608806864915,0.630170703489267
Commands: !merch !artists !albums !tweet !itunes !spotify !soundcloud !beatport !bandcamp !youtube !facebook !twitter !artist [site],neither,0.031879224763754266,0.39951344743223577,0.5686073278040099
Hello!,neither,0.03945320844208391,0.33037608806864915,0.630170703489267
@shroud how are ya today,offensive_language,0.04348070906196527,0.5488691204533469,0.4076501704846878
shroudW shroudMilk,neither,0.03945320844208391,0.33037608806864915,0.630170703489267
!crosshairdifference,neither,0.03945320844208391,0.33037608806864915,0.630170703489267
YASSSS,neither,0.03945320844208391,0.33037608806864915,0.630170703489267
Join the new Curse server! https://curse.com/invite/Xv6nbZgd4kugsL2fxlg6NQ,neither,0.04082319323556661,0.27696135383134185,0.6822154529330917
TBH if shroud plays anything other than Cs I just listen to his voice lmao,neither,0.039917682545853955,0.3845496514252957,0.5755326660288503
@shroud I really wanted to see those C9 stickers :(,neither,0.06802532414363612,0.2673855513781932,0.6645891244781706
what heck i subbed but it never came up? @shroud,neither,0.035241505209606526,0.3966871697396014,0.5680713250507922
lol,neither,0.020706217963973744,0.4882283491876925,0.4910654328483337
you ready for the Stickers release?,neither,0.04487956055871461,0.32431460362468656,0.6308058358165989
LUL,neither,0.03945320844208391,0.33037608806864915,0.630170703489267
"@GypsyUnit i wanna know if he has heard anything, thats all",neither,0.03003692793050645,0.42315715235632073,0.5468059197131728
What's up Shroud,neither,0.04549209283961305,0.43877665191533993,0.5157312552450469
My boy blue!,neither,0.026205279040214153,0.43596305406459346,0.5378316668951924
!keyboard,neither,0.03945320844208391,0.33037608806864915,0.630170703489267
@ryandabadger He uses the Logitech 810 keyboard,neither,0.04334137227189974,0.314749098452785,0.6419095292753153
LOL THE BAIT,neither,0.029673267731842732,0.374501439074706,0.5958252931934513
LUL,neither,0.03945320844208391,0.33037608806864915,0.630170703489267
LOL,neither,0.020706217963973744,0.4882283491876925,0.4910654328483337
LOL,neither,0.020706217963973744,0.4882283491876925,0.4910654328483337
dude how do you hold your mouse i have the same mouse and its just feels so random,neither,0.05430900737948414,0.3595284706005486,0.5861625220199673
Shroud stream is so chill it doesn't matter what game he plays,neither,0.050362049361186545,0.32544880595473374,0.6241891446840796
"@apathynsx, im sure hes heard as much as other pros tbh, they are supposed to be released tonight... who knows tho, valve time :P",neither,0.04166820461871954,0.4350569401288959,0.5232748552523845
A Christmas Miracle PogChamp,neither,0.03945320844208391,0.33037608806864915,0.630170703489267
@shroud SHROUDY <3,neither,0.03945320844208391,0.33037608806864915,0.630170703489267
TRYHARD LOL,neither,0.031120645729857982,0.3912535864736078,0.5776257677965343
haha,neither,0.03186685585600258,0.45913629025701075,0.5089968538869867
LMAO,neither,0.03705015143476208,0.3711622369619404,0.5917876116032975
!commands,neither,0.03945320844208391,0.33037608806864915,0.630170703489267
Commands: !merch !artists !albums !tweet !itunes !spotify !soundcloud !beatport !bandcamp !youtube !facebook !twitter !artist [site],neither,0.031879224763754266,0.39951344743223577,0.5686073278040099
LMFAO,neither,0.05470637918084239,0.32512982320825545,0.6201637976109021
Jebaited I thought he was gonna say CS LUL,neither,0.044724666764770715,0.2940967146650486,0.6611786185701808
"@shroud , I watch'd your all 12 hour-stream yesterday xD",neither,0.06739599051439775,0.3720625914973728,0.5605414179882294
Shroud why did you leave the team house?,neither,0.04020356992680983,0.37078142420638693,0.5890150058668032
Are you doing a comp,neither,0.15471060166829065,0.32055482491618215,0.5247345734155272
"@Shroud, did you tell him to stream tonight?",neither,0.05598251945126043,0.34197673011802027,0.6020407504307194
what a savage,neither,0.04669458147422191,0.3252366670159509,0.6280687515098271
!res,neither,0.03945320844208391,0.33037608806864915,0.630170703489267
@symentric He plays at 1920x1080,neither,0.0452480919340949,0.3577890385339979,0.5969628695319072
!settings,neither,0.03945320844208391,0.33037608806864915,0.630170703489267
shroud u ready to destroy in 2017,neither,0.04626562316711319,0.3263973144003396,0.6273370624325472
lul more dedicated to gta then cs,neither,0.04448620592540356,0.3223928052383271,0.6331209888362693
@shroud Fresh trim or were you actually bothered to do you hair today?,neither,0.06486117680345395,0.35207749227060653,0.5830613309259396
!uptime,neither,0.03945320844208391,0.33037608806864915,0.630170703489267
@shroud so is he racing with yall tonight?,neither,0.036539762399880236,0.38869526443608,0.5747649731640398
Why doesnt he do that with csgo lol,neither,0.021519158369923748,0.4369867252915126,0.5414941163385637
SAVAGE,neither,0.03945320844208391,0.33037608806864915,0.630170703489267
Haircut PogChamp,neither,0.03945320844208391,0.33037608806864915,0.630170703489267
"@Shroud, Please play GTA V Soon",neither,0.03945320844208391,0.33037608806864915,0.630170703489267
Shroud go support sparkles stream if you want!,neither,0.05597970134066311,0.3955467186571089,0.5484735800022279
!crosshair,neither,0.03945320844208391,0.33037608806864915,0.630170703489267
"@cr0sby_cs Size 3.5, thickness 1.5, color 4, gap -2, style 4",neither,0.04044731846568626,0.33003416804601815,0.6295185134882955
"@GypsyUnit lol yeah, knowing valve we wont get them until a day before the major",neither,0.02901224505776232,0.44475872813585093,0.5262290268063867
@shroud why did you leave the team house?,neither,0.04020356992680983,0.37078142420638693,0.5890150058668032
razer dedadder or g402,neither,0.03945320844208391,0.33037608806864915,0.630170703489267
@shroud settings?,neither,0.03945320844208391,0.33037608806864915,0.630170703489267
hes been cut 100% :?,neither,0.03915737582974724,0.3353971395615981,0.6254454846086546
"Bro Defuk you doin, join Sum sum on Pala pala",neither,0.04733229728085034,0.36843504592413795,0.5842326567950118
hi,neither,0.03945320844208391,0.33037608806864915,0.630170703489267
Anybody wanna trade?,neither,0.03945320844208391,0.33037608806864915,0.630170703489267
do a house tour of your house,neither,0.06431720876586203,0.3233700526002025,0.6123127386339354
"@Shroud, once you get everything setup would you plan on doing a setup video?",neither,0.05665800035540801,0.337494712594669,0.605847287049923
D BibleThump I BibleThump S BibleThump B BibleThump A BibleThump N BibleThump D,neither,0.03945320844208391,0.33037608806864915,0.630170703489267
@shroud HAIR PogChamp,neither,0.03945320844208391,0.33037608806864915,0.630170703489267
"@Shroud, why didn't you move back to sauga?",neither,0.031512720765818535,0.44220954674504737,0.5262777324891342
@shroud Why did you move out of the team house? Just wanna know :D,neither,0.033593644300114224,0.39066813339272133,0.5757382223071644
g302 best mouse,neither,0.03842305484749508,0.3217497144952623,0.6398272306572427
"@apathynsx, who knows at this point! hopefully they will come out asap tho, I want stickers!",neither,0.03494417174413151,0.39125190893878625,0.5738039193170821
@shroud what's your current crosshair?,neither,0.09494982647497814,0.3115566481631537,0.5934935253618681
vac,neither,0.03945320844208391,0.33037608806864915,0.630170703489267
@shroud what fragshack you on bro,neither,0.07300873246528118,0.4196852953291174,0.5073059722056014
@GypsyUnit me too haha,neither,0.025166700339264252,0.4744234902216508,0.500409809439085
Shroudy why did you leave the teamhouse,neither,0.04052945095475345,0.3853935185344123,0.5740770305108343
Welcome back RenaissanceMan1 (3 months) Kreygasm,neither,0.03945320844208391,0.33037608806864915,0.630170703489267
PogChamp,neither,0.03945320844208391,0.33037608806864915,0.630170703489267
!uptime,neither,0.03945320844208391,0.33037608806864915,0.630170703489267
"@Kluey, he is living with his gf",neither,0.06433481600855949,0.36115622382686496,0.5745089601645755
@zedrenn Channel shroud has been live for 08m and 13s,neither,0.037527441653855145,0.2724964938497483,0.6899760644963965
crisp shots,neither,0.03945320844208391,0.33037608806864915,0.630170703489267
@shroud what is the best logitech mouse for csgo?,neither,0.04363962503146237,0.2879618670930461,0.6683985078754916
@nolspanda He's using the Logitech G303 Mau5,neither,0.04013781075571735,0.3944284229437154,0.5654337663005673
@shroud could you tell n0thing about a scammer called erase thats in one of his private steam groups? he scammed my friend off a karambit night.....,neither,0.048278196580016496,0.418958404657619,0.5327633987623644
"@ItsEddiee, who dat",neither,0.04070288556628902,0.45053203638124417,0.5087650780524667
oonce oonce oonce,neither,0.03945320844208391,0.33037608806864915,0.630170703489267
@shroud why did you leave the team house? Help me understand,neither,0.034635226575868955,0.39002833477795407,0.575336438646177
Always watch the Shrod,neither,0.043453376440241415,0.38073932650071374,0.5758072970590449
did shroud gethis new computer yet,neither,0.042821713437628035,0.24658900058763,0.710589285974742
"yeah you need to dm more, your aim kinda blows",neither,0.0606813355411639,0.41823525966654673,0.5210834047922894
!sens,neither,0.03945320844208391,0.33037608806864915,0.630170703489267
@attilacs DPI: 400 - Ingame : 2.5 - Windows: 6/11 - Raw-Input: On - 1000 Hz Polling Rate,neither,0.03781786467716525,0.33814216926935486,0.6240399660534798
!crosshair,neither,0.03945320844208391,0.33037608806864915,0.630170703489267
"@Shroud, once you get everything setup would you plan on doing a setup video?",neither,0.05665800035540801,0.337494712594669,0.605847287049923
"@Kluey, he doesn't say",neither,0.04711889329842895,0.32773950753195424,0.6251415991696169
the raw aim you have is amazing,neither,0.05850772809488172,0.3557621837787959,0.5857300881263223
no,neither,0.036918905254960256,0.37338982715841207,0.5896912675866277
@shroud WTF inspired the sens change???,offensive_language,0.04076693976657996,0.5180916494069813,0.44114141082643876
Ahahah!,neither,0.03945320844208391,0.33037608806864915,0.630170703489267
spotify <3,neither,0.03945320844208391,0.33037608806864915,0.630170703489267
Lmfao I was thinking the exact same thing,neither,0.04465243606385933,0.3233941872616658,0.6319533766744749
@shroud so we havin any GTA V races feat. ska again tonight?,neither,0.03669363991945529,0.3597226024093428,0.603583757671202
@Likeabose48 rip :(,neither,0.03945320844208391,0.33037608806864915,0.630170703489267
@shroud why dont you train on bot maps ?,neither,0.03873992830943495,0.3821360124649898,0.5791240592255753
Are you doing a comp,neither,0.15471060166829065,0.32055482491618215,0.5247345734155272
im gay for you,hate_speech,0.4897004587514092,0.15235088199103713,0.3579486592575537
@shroud Thoughts about reuploading your config? OMGScoots,neither,0.07697000616884492,0.3511539892176654,0.5718760046134898
coldzera hair PogChamp,neither,0.03945320844208391,0.33037608806864915,0.630170703489267
@shroud why did you leave the team house?,neither,0.04020356992680983,0.37078142420638693,0.5890150058668032
!crosshair,neither,0.03945320844208391,0.33037608806864915,0.630170703489267
"@kingesterrrr Size 3.5, thickness 1.5, color 4, gap -2, style 4",neither,0.04044731846568626,0.33003416804601815,0.6295185134882955
add,neither,0.03945320844208391,0.33037608806864915,0.630170703489267
B0aty's playlist is pretty dope.,neither,0.04659572726547357,0.32791944832078124,0.6254848244137452
"@Shroud, is there a way to get your playlist?",neither,0.08788552049883235,0.2850643871438592,0.6270500923573086
",",neither,0.03945320844208391,0.33037608806864915,0.630170703489267
@shroud Maduk is the ish,neither,0.04857426747449921,0.3074463626051908,0.64397936992031
@nolspanda ikr :'(( feelsbadman...,neither,0.03945320844208391,0.33037608806864915,0.630170703489267
LEAKED,neither,0.03945320844208391,0.33037608806864915,0.630170703489267
@shroud whats your crosshair alpha?!,neither,0.0705318919509253,0.321742538539026,0.6077255695100486
lookin cute today shroud ;),neither,0.03978896101494491,0.27020452122125327,0.6900065177638017
!uptimne,neither,0.03945320844208391,0.33037608806864915,0.630170703489267
@shroud why did you leave the team house,neither,0.04020356992680983,0.37078142420638693,0.5890150058668032
!song,neither,0.038601720699969956,0.3448280572582511,0.616570222041779
!uptime,neither,0.03945320844208391,0.33037608806864915,0.630170703489267
@oakydokey https://www.twitch.tv/monstercat or Frame of Mike (ditto) https://www.youtube.com/watch?v=SCD2tB1qILc (ditto),neither,0.04157164359088077,0.32964746107885773,0.6287808953302615
5 minutes or so,neither,0.03940841351561024,0.3879962520697298,0.57259533441466
Now Playing: The Girl (Mr FijiWiji Remix) by Hellberg - Listen on Spotify: spoti.fi/1gCqVyH,neither,0.03411624768257721,0.39164343386129,0.5742403184561328
@Likeabose48 I got scammed myself and it feels like shit... hope somthing lucky happens to him XD,offensive_language,0.11776720985652922,0.8402743756810904,0.041958414462380335
