text,top_class,hate_speech,offensive_language,neither
hello?,neither,0.03945320844208391,0.33037608806864915,0.630170703489267
hi,neither,0.03945320844208391,0.33037608806864915,0.630170703489267
shroud bb,neither,0.03945320844208391,0.33037608806864915,0.630170703489267
Hmmmmm,neither,0.03945320844208391,0.33037608806864915,0.630170703489267
voice enable 0?,neither,0.03945320844208391,0.33037608806864915,0.630170703489267
babe <3,neither,0.03945320844208391,0.33037608806864915,0.630170703489267
bottom left scoreboard,neither,0.03945320844208391,0.33037608806864915,0.630170703489267
ayy,neither,0.03945320844208391,0.33037608806864915,0.630170703489267
!crosshair,neither,0.03945320844208391,0.33037608806864915,0.630170703489267
"press tab, go to the cog in the bottom left",neither,0.043442395079527824,0.30899384530543034,0.6475637596150419
@insert_coins1 cl_crosshairgap 0 cl_crosshairsize 4.5 cl_crosshairthickness 1.5,neither,0.03945320844208391,0.33037608806864915,0.630170703489267
heyyy shrooodyy,neither,0.03945320844208391,0.33037608806864915,0.630170703489267
shroudHype shroudHype shroudHype shroudHype,neither,0.03945320844208391,0.33037608806864915,0.630170703489267
Better than the official stream,neither,0.03837198599110553,0.32339518585311994,0.6382328281557745
show tits @shroud,neither,0.06028761808136904,0.23326710414118115,0.7064452777774498
Join the new Curse server! https://curse.com/invite/Xv6nbZgd4kugsL2fxlg6NQ,neither,0.04082319323556661,0.27696135383134185,0.6822154529330917
Hey shroudy,neither,0.03945320844208391,0.33037608806864915,0.630170703489267
omg so hawt,neither,0.039411750511183424,0.3743171224679489,0.5862711270208678
@shroud care bro u may be fucked cuz of casters voice,offensive_language,0.04287953840996721,0.6077359887320031,0.34938447285802976
turn casters on,neither,0.03463972975151198,0.35394057590084227,0.6114196943476456
Ho,offensive_language,0.013321108536384277,0.8771497931721385,0.10952909829147721
Hi,neither,0.03945320844208391,0.33037608806864915,0.630170703489267
press 1 if dosier has nice tits,neither,0.02555890205530552,0.36954726281784156,0.6048938351268529
1,neither,0.03945320844208391,0.33037608806864915,0.630170703489267
Hey Shrood,neither,0.03945320844208391,0.33037608806864915,0.630170703489267
AH GOOD MORNING CUNTS PogChamp,offensive_language,0.050867307046697986,0.9240240727805554,0.02510862017274662
@shroud tv_showchat 0 or something like that,neither,0.04868608308370444,0.41243091496099826,0.5388830019552974
DAD,neither,0.03945320844208391,0.33037608806864915,0.630170703489267
1. 1. 1,neither,0.03945320844208391,0.33037608806864915,0.630170703489267
Hello dude,neither,0.03945320844208391,0.33037608806864915,0.630170703489267
XD,neither,0.03945320844208391,0.33037608806864915,0.630170703489267
hi dad,neither,0.03945320844208391,0.33037608806864915,0.630170703489267
YESSS,neither,0.03945320844208391,0.33037608806864915,0.630170703489267
they are dominating every round,neither,0.06115258473049687,0.29165010650811096,0.6471973087613923
vp are stomping,neither,0.07187469396139935,0.27634098980219296,0.6517843162364078
It's live tho kek,neither,0.037898648144836136,0.34099603412622076,0.6211053177289431
NO DROP NO WATCH Kappa,neither,0.050020311851208005,0.34776276542631007,0.6022169227224818
tv_nochat 1,neither,0.03945320844208391,0.33037608806864915,0.630170703489267
hellooo,neither,0.03945320844208391,0.33037608806864915,0.630170703489267
"its 1:34 AM for me, its not morning anywhere",neither,0.028358227216140335,0.25592709627281485,0.7157146765110448
its insane,neither,0.03249885153445373,0.3327680103054093,0.6347331381601369
@shroud hey bb,neither,0.03945320844208391,0.33037608806864915,0.630170703489267
#,neither,0.03945320844208391,0.33037608806864915,0.630170703489267
who needs casters when you have Shroud's HIGH OCTANE Commentary,offensive_language,0.03997999766148038,0.5895512869299533,0.37046871540856635
🤔,neither,0.03945320844208391,0.33037608806864915,0.630170703489267
Why is chat doubling,neither,0.03385143609103673,0.3463538195119229,0.6197947443970404
!crosshair,neither,0.03945320844208391,0.33037608806864915,0.630170703489267
@charlieultimate cl_crosshairgap 0 cl_crosshairsize 4.5 cl_crosshairthickness 1.5,neither,0.03945320844208391,0.33037608806864915,0.630170703489267
NOTIFICATION SQUAD!,neither,0.03945320844208391,0.33037608806864915,0.630170703489267
!uptime,neither,0.03945320844208391,0.33037608806864915,0.630170703489267
virtus pro,neither,0.03945320844208391,0.33037608806864915,0.630170703489267
Cast the game PogChamp,neither,0.03803196321880094,0.27405212802684287,0.6879159087543562
GET RID OF CHAT,neither,0.038964255798607975,0.33867489049315075,0.6223608537082415
test,neither,0.03945320844208391,0.33037608806864915,0.630170703489267
Ug,neither,0.03945320844208391,0.33037608806864915,0.630170703489267
@Stun_Empire hi daddu :),neither,0.03945320844208391,0.33037608806864915,0.630170703489267
@shroud be caster for us,neither,0.09870680558720929,0.27655722346257006,0.6247359709502206
how did he get purple chat ;/,neither,0.04347656440139227,0.33614273051565113,0.6203807050829566
Shroud the caster ?!?! Kappa,neither,0.03843498882663835,0.31168514531390124,0.6498798658594604
Can you get rid of chat?,neither,0.054209598853716,0.3769441428337262,0.5688462583125579
turn off chat mike,neither,0.03945320844208391,0.33037608806864915,0.630170703489267
how did you get purple chat @Shroud,neither,0.05317989716014834,0.37897447013691404,0.5678456327029376
!uptime,neither,0.03945320844208391,0.33037608806864915,0.630170703489267
tv_chat 0 @Shroud,neither,0.03945320844208391,0.33037608806864915,0.630170703489267
;-;,neither,0.03945320844208391,0.33037608806864915,0.630170703489267
hi,neither,0.03945320844208391,0.33037608806864915,0.630170703489267
hiiiiiii,neither,0.03945320844208391,0.33037608806864915,0.630170703489267
:(,neither,0.03945320844208391,0.33037608806864915,0.630170703489267
tv_nochat 1,neither,0.03945320844208391,0.33037608806864915,0.630170703489267
SeemsGood,neither,0.03945320844208391,0.33037608806864915,0.630170703489267
!reward,neither,0.03945320844208391,0.33037608806864915,0.630170703489267
"""shroud casts eleague"" sounds like some easy views to me 🤔",neither,0.03906300764429464,0.3834338102433367,0.5775031821123687
!uptime,neither,0.03945320844208391,0.33037608806864915,0.630170703489267
@trevorm4 Channel shroud has been live for 03m and 13s,neither,0.037527441653855145,0.2724964938497483,0.6899760644963965
Will pay 1 dollar to cast,neither,0.04601642919254612,0.30814924859541337,0.6458343222120404
tv_chat 0 @Shroud,neither,0.03945320844208391,0.33037608806864915,0.630170703489267
@shroud yo dood is ska alright?,neither,0.05059616637802718,0.4179445871625244,0.5314592464594484
Shroud come on man cast pls,neither,0.036077895274317984,0.4099279609148386,0.5539941438108433
he cant have the chat on when streaming,neither,0.03288138168110931,0.3679790878294461,0.5991395304894447
!drop,neither,0.05757372328425773,0.3241436120872994,0.618282664628443
"@Shroud, Are you gonna play for honor with summit?",neither,0.05215493409916893,0.3664736586758263,0.5813714072250047
who's pick cache ?,neither,0.04901095746060925,0.3118449306530006,0.6391441118863901
Welcome back Loyalldo11 (26 months) Kreygasm,neither,0.03945320844208391,0.33037608806864915,0.630170703489267
!uptime,neither,0.03945320844208391,0.33037608806864915,0.630170703489267
wtf,offensive_language,0.04410695246022759,0.7898861884776351,0.16600685906213722
EU SMOKE,neither,0.0335731746334851,0.430175607465976,0.5362512179005389
wtf.,offensive_language,0.04410695246022759,0.7898861884776351,0.16600685906213722
EU smoke,neither,0.0335731746334851,0.430175607465976,0.5362512179005389
PogChamp,neither,0.03945320844208391,0.33037608806864915,0.630170703489267
LOL,neither,0.020706217963973744,0.4882283491876925,0.4910654328483337
Why isn't c9 playing?,neither,0.026943865920152067,0.34844748741876974,0.6246086466610782
eu,neither,0.03945320844208391,0.33037608806864915,0.630170703489267
LUL,neither,0.03945320844208391,0.33037608806864915,0.630170703489267
EU smoke,neither,0.0335731746334851,0.430175607465976,0.5362512179005389
EU SMOKE,neither,0.0335731746334851,0.430175607465976,0.5362512179005389
block gotv chat,neither,0.03945320844208391,0.33037608806864915,0.630170703489267
X,neither,0.03945320844208391,0.33037608806864915,0.630170703489267
EU,neither,0.03945320844208391,0.33037608806864915,0.630170703489267
EU Smoke,neither,0.0335731746334851,0.430175607465976,0.5362512179005389
x,neither,0.03945320844208391,0.33037608806864915,0.630170703489267
EU SMOKE,neither,0.0335731746334851,0.430175607465976,0.5362512179005389
Eu,neither,0.03945320844208391,0.33037608806864915,0.630170703489267
Eu,neither,0.03945320844208391,0.33037608806864915,0.630170703489267
REPORTED FOR COPYRIGHT,neither,0.0322289169994526,0.29433324177559567,0.6734378412249518
EU SMOKE,neither,0.0335731746334851,0.430175607465976,0.5362512179005389
Holy shit that smoke,offensive_language,0.04104085823721161,0.9580813484172083,0.0008777933455802253
@shroud K0nfig got the balls of Steel award!,neither,0.04300543886398943,0.4744114426274464,0.4825831185085641
x,neither,0.03945320844208391,0.33037608806864915,0.630170703489267
Hello this is my first time catching u stream its currently 1:30 in the morning,neither,0.032990164346743144,0.30504610992592995,0.661963725727327
this streamer looks very nerdy today,neither,0.03820483633817459,0.31365966404353,0.6481354996182954
BITCH,offensive_language,1.8792072070478463e-06,0.9999981207927928,1.29077893950195e-29
x,neither,0.03945320844208391,0.33037608806864915,0.630170703489267
PRESS TAB,neither,0.03945320844208391,0.33037608806864915,0.630170703489267
!uptime,neither,0.03945320844208391,0.33037608806864915,0.630170703489267
@madfox21 Channel shroud has been live for 03m and 57s,neither,0.037527441653855145,0.2724964938497483,0.6899760644963965
North's pick @TeslaCSgo,neither,0.04455618436339011,0.24376526897816364,0.7116785466584463
Thanks for subscribing with Prime BrandoTF2,neither,0.023796193918851447,0.32351757895080435,0.6526862271303442
X,neither,0.03945320844208391,0.33037608806864915,0.630170703489267
X,neither,0.03945320844208391,0.33037608806864915,0.630170703489267
press tab lower left corner @Shroud,neither,0.03945320844208391,0.33037608806864915,0.630170703489267
ctrl + w,neither,0.03945320844208391,0.33037608806864915,0.630170703489267
/reward,neither,0.03945320844208391,0.33037608806864915,0.630170703489267
c,neither,0.03945320844208391,0.33037608806864915,0.630170703489267
tv_nochat 1 or w/e that command is please,neither,0.04487138246162234,0.3826482269839787,0.5724803905543989
MIKE THAT CHAT! TURN IT OFF!,neither,0.035188644081051934,0.3651066841444549,0.5997046717744932
"on polish gotv chat they write !pack or !drop, lmao, like they have higher chances to drop souvenir",neither,0.05292804720703167,0.3482190636054415,0.5988528891875268
PRESS TAB AND THE SETTINGS BUTTON,neither,0.03826836710911586,0.2895264938305575,0.6722051390603265
"scoreboard, bottom left for xray",neither,0.033096271504649104,0.29863997859803215,0.6682637498973186
HE CAMT HAVE CASTERS ON,neither,0.0427266535728183,0.36728606696768173,0.5899872794595
tv_nochat 0,neither,0.03945320844208391,0.33037608806864915,0.630170703489267
is this homosexual loser strim?,neither,0.04693203402239291,0.32923525582561597,0.6238327101519912
press tab lower left turn it off and then spec_show_xray 1,neither,0.038073577162240656,0.30578351734406006,0.6561429054936994
!drop,neither,0.05757372328425773,0.3241436120872994,0.618282664628443
!dorp,neither,0.03945320844208391,0.33037608806864915,0.630170703489267
type spec_show_impacts 1,neither,0.03945320844208391,0.33037608806864915,0.630170703489267
wish you were there ;-; <3,neither,0.0608066788204061,0.3011646218805072,0.6380286992990866
tab and then settings,neither,0.038614036838579814,0.28761472063458576,0.6737712425268344
its C,neither,0.02700859978372578,0.3346563596412867,0.6383350405749875
tv_nochat 1,neither,0.03945320844208391,0.33037608806864915,0.630170703489267
@shroud tv_nochat 1 removes chat,neither,0.03945320844208391,0.33037608806864915,0.630170703489267
someone did / donald,neither,0.03945320844208391,0.33037608806864915,0.630170703489267
lol,neither,0.020706217963973744,0.4882283491876925,0.4910654328483337
press n,neither,0.03945320844208391,0.33037608806864915,0.630170703489267
turn off caster xray then press x,neither,0.03945320844208391,0.33037608806864915,0.630170703489267
N,neither,0.03945320844208391,0.33037608806864915,0.630170703489267
commands,neither,0.03945320844208391,0.33037608806864915,0.630170703489267
@shroud the press n,neither,0.03826739049100925,0.3084973326782542,0.6532352768307366
!trade,neither,0.03945320844208391,0.33037608806864915,0.630170703489267
@smashboom send trade offers to him here: http://steamcommunity.com/tradeoffer/new/?partner=4515926&token=vFY2imwk,neither,0.06428716009250758,0.213167701631012,0.7225451382764804
Why isn't c9 playing?,neither,0.026943865920152067,0.34844748741876974,0.6246086466610782
N,neither,0.03945320844208391,0.33037608806864915,0.630170703489267
NotLikeThis,neither,0.03945320844208391,0.33037608806864915,0.630170703489267
Turn it off and then press X,neither,0.03742920163069707,0.29411735178766435,0.6684534465816385
open console type quit Kappa,neither,0.03945320844208391,0.33037608806864915,0.630170703489267
N,neither,0.03945320844208391,0.33037608806864915,0.630170703489267
N,neither,0.03945320844208391,0.33037608806864915,0.630170703489267
spec_show_xray 1,neither,0.03945320844208391,0.33037608806864915,0.630170703489267
N,neither,0.03945320844208391,0.33037608806864915,0.630170703489267
N,neither,0.03945320844208391,0.33037608806864915,0.630170703489267
Hold alt to follow a thrown nade,neither,0.044342591796780594,0.3274950336223821,0.6281623745808373
Use caster control,neither,0.010146778871299353,0.4437727128355287,0.5460805082931719
ى,neither,0.03945320844208391,0.33037608806864915,0.630170703489267
i think,neither,0.04078787600207219,0.3077232963708793,0.6514888276270485
preess x with setting off,neither,0.02794067284277913,0.37090539397446565,0.6011539331827552
turn caster x ray off then press n,neither,0.03945320844208391,0.33037608806864915,0.630170703489267
n,neither,0.03945320844208391,0.33037608806864915,0.630170703489267
press n,neither,0.03945320844208391,0.33037608806864915,0.630170703489267
n,neither,0.03945320844208391,0.33037608806864915,0.630170703489267
N,neither,0.03945320844208391,0.33037608806864915,0.630170703489267
N\,neither,0.03945320844208391,0.33037608806864915,0.630170703489267
n,neither,0.03945320844208391,0.33037608806864915,0.630170703489267
N,neither,0.03945320844208391,0.33037608806864915,0.630170703489267
N,neither,0.03945320844208391,0.33037608806864915,0.630170703489267
N,neither,0.03945320844208391,0.33037608806864915,0.630170703489267
turn it off and press x,neither,0.037297497316597435,0.2917172882766245,0.6709852144067782
PRESS N,neither,0.03945320844208391,0.33037608806864915,0.630170703489267
PRESS N,neither,0.03945320844208391,0.33037608806864915,0.630170703489267
DISABLE CASTER XRAY THAN PRESS N,neither,0.0388943377805413,0.33986158173122877,0.6212440804882299
X,neither,0.03945320844208391,0.33037608806864915,0.630170703489267
n,neither,0.03945320844208391,0.33037608806864915,0.630170703489267
n,neither,0.03945320844208391,0.33037608806864915,0.630170703489267
turn off caster xray then press x shroud D:,neither,0.03945320844208391,0.33037608806864915,0.630170703489267
pro gamer D:,neither,0.03945320844208391,0.33037608806864915,0.630170703489267
PRESS N,neither,0.03945320844208391,0.33037608806864915,0.630170703489267
Press N Shroudy,neither,0.03945320844208391,0.33037608806864915,0.630170703489267
turn off caster then press x,neither,0.03945320844208391,0.33037608806864915,0.630170703489267
Hey Shroud whats going on,neither,0.03508984936022184,0.3713140147390718,0.5935961359007064
when you enter chat by Y u can click turn off gotv chat,neither,0.04221531739532963,0.403797198319481,0.5539874842851893
@shroud Press N now,neither,0.03945320844208391,0.33037608806864915,0.630170703489267
press n shroudy,neither,0.03945320844208391,0.33037608806864915,0.630170703489267
i says on the bottom of their score thingyyy,neither,0.036482988409574486,0.32806435217250896,0.6354526594179166
press n,neither,0.03945320844208391,0.33037608806864915,0.630170703489267
NotLikeThis,neither,0.03945320844208391,0.33037608806864915,0.630170703489267
PRESS N PLEASE,neither,0.03945320844208391,0.33037608806864915,0.630170703489267
open chat and tick the box,neither,0.03829480669505601,0.2905322981097205,0.6711728951952235
lul,neither,0.03945320844208391,0.33037608806864915,0.630170703489267
Join the new Curse server! https://curse.com/invite/Xv6nbZgd4kugsL2fxlg6NQ,neither,0.04082319323556661,0.27696135383134185,0.6822154529330917
What's up shroud,neither,0.04549209283961305,0.43877665191533993,0.5157312552450469
"No, because you turned it on",neither,0.050916199063982044,0.4168261183017396,0.5322576826342784
N for Noob,neither,0.023896577328981292,0.2538532852897668,0.7222501373812519
It did NotLikeThis,neither,0.03679680055061391,0.33128974855371013,0.631913450895676
NA eyes,neither,0.04154111696833706,0.2949388313710895,0.6635200516605735
NotLikeThis,neither,0.03945320844208391,0.33037608806864915,0.630170703489267
SHROUD,neither,0.03945320844208391,0.33037608806864915,0.630170703489267
whoa okay,neither,0.03945320844208391,0.33037608806864915,0.630170703489267
Kreygasm,neither,0.03945320844208391,0.33037608806864915,0.630170703489267
eco win,neither,0.03945320844208391,0.33037608806864915,0.630170703489267
shroudOverit shroudOverit shroudOverit shroudOverit,neither,0.03945320844208391,0.33037608806864915,0.630170703489267
it is because you turned off caster xray control,neither,0.06259553642777708,0.37050564244665574,0.5668988211255672
cast it,neither,0.037828236809968684,0.3309349903269868,0.6312367728630445
NA NotLikeThis,neither,0.03945320844208391,0.33037608806864915,0.630170703489267
@shroud R u staying roudy shroudy????,neither,0.03945320844208391,0.33037608806864915,0.630170703489267
OH,neither,0.051363287716059566,0.22255663153133606,0.7260800807526044
"@shroud you can turn on caster vision but i forgot how, you just cant listen to them",neither,0.07030454378193533,0.41114158331960504,0.5185538728984596
@shroud Dont you speak fluent Polish?,neither,0.05453856389186686,0.37309739925391644,0.5723640368542168
who won the first map?,neither,0.03287428265819448,0.37379792618263946,0.5933277911591661
ECO,neither,0.03945320844208391,0.33037608806864915,0.630170703489267
dont u need any permission to stream major games ?,neither,0.04350404956967424,0.3269699979574155,0.6295259524729103
vp are literally dicking,neither,0.05862509703575385,0.29555582302559086,0.6458190799386553
vp,neither,0.03945320844208391,0.33037608806864915,0.630170703489267
lol,neither,0.020706217963973744,0.4882283491876925,0.4910654328483337
VP 16 - 4,neither,0.03945320844208391,0.33037608806864915,0.630170703489267
ECO'd,neither,0.03945320844208391,0.33037608806864915,0.630170703489267
its insane,neither,0.03249885153445373,0.3327680103054093,0.6347331381601369
@thepaad917 VP,neither,0.03945320844208391,0.33037608806864915,0.630170703489267
POLAND IS THE BEST,neither,0.05135998456280659,0.2889087219359037,0.6597312935012896
@thepaad917 Dont bother making an effort to look at the top of the screen,neither,0.04346286284345255,0.3124857633288528,0.6440513738276946
sliding in the DMS like,neither,0.04830602743298068,0.32887389767464537,0.622820074892374
shroud where is n0thing,neither,0.06245822111259904,0.2612427577458543,0.6762990211415466
VP <3,neither,0.03945320844208391,0.33037608806864915,0.630170703489267
Stun arent you at the major?,neither,0.052642841395227985,0.37903019315372316,0.5683269654510489
@thepaad917 VP 16-4,neither,0.03945320844208391,0.33037608806864915,0.630170703489267
we chillin,neither,0.03924276411001361,0.3339478775998239,0.6268093582901624
no,neither,0.036918905254960256,0.37338982715841207,0.5896912675866277
shroudW,neither,0.03945320844208391,0.33037608806864915,0.630170703489267
Vp 32-4,neither,0.03945320844208391,0.33037608806864915,0.630170703489267
the long dick of vp plows the danish,offensive_language,0.06000767335214489,0.7822769040029028,0.15771542264495222
god smoke,neither,0.034906161137160545,0.40755134768104245,0.5575424911817971
what team was north before ?,neither,0.040600065075026504,0.385104253646013,0.5742956812789605
shroudW,neither,0.03945320844208391,0.33037608806864915,0.630170703489267
@shroud good on sunday is my bday <3 :D,neither,0.03235639105144218,0.4165263221150004,0.5511172868335574
@shroud ur c9 house is awensome,neither,0.09825664231614531,0.3101508906924685,0.5915924669913861
Vp gonna wi. Major,neither,0.038686616365125846,0.3656923766705243,0.5956210069643498
check trades shroud xD,neither,0.03945320844208391,0.33037608806864915,0.630170703489267
"That shroudC9 , got it",offensive_language,0.027821521917418057,0.49448397078708267,0.47769450729549934
weren't streams getting banned cause of streaming GOTV? Careful @Shroud,neither,0.03629174626908308,0.38403435190327456,0.5796739018276424
Shroud tryin to see who he's replacing after the major in VP? sumW,neither,0.046420932290015544,0.3534506204488652,0.6001284472611194
Show where it landed,neither,0.05524188221282996,0.22473308191696867,0.7200250358702013
@myth_tv_ oh shit didnt even realize,offensive_language,0.04858026022244997,0.947928165331995,0.0034915744455550598
you can hold alt to view the nade when its in mid air my guy,neither,0.03414085711302929,0.42006378420082136,0.5457953586861494
@Stun_Empire I thought I just saw a thing with Stunna and some random dude between matches,neither,0.028576822549322117,0.29339647452018847,0.6780267029304895
Fyck u,neither,0.03945320844208391,0.33037608806864915,0.630170703489267
!crosshair,neither,0.03945320844208391,0.33037608806864915,0.630170703489267
@kungsten99 cl_crosshairgap 0 cl_crosshairsize 4.5 cl_crosshairthickness 1.5,neither,0.03945320844208391,0.33037608806864915,0.630170703489267
Why isn't c9 playing?,neither,0.026943865920152067,0.34844748741876974,0.6246086466610782
where did it land?,neither,0.039891145768835186,0.2972100694598574,0.6628987847713073
@shroud where is n0thing,neither,0.06245822111259904,0.2612427577458543,0.6762990211415466
im not stunna,neither,0.037190277342445045,0.36994219708193293,0.5928675255756221
jesus christ,neither,0.03945320844208391,0.33037608806864915,0.630170703489267
damn nice mod mode,offensive_language,0.044815373737237325,0.7811170081733512,0.1740676180894115
@Stun_Empire Ok Stunna Kappa,neither,0.03941292741757195,0.33105976217971406,0.629527310402714
no u can,neither,0.03821995536505984,0.35130761131980637,0.6104724333151338
you can get banned if you have casters,offensive_language,0.04756154715724859,0.5053387689178397,0.44709968392491173
vac,neither,0.03945320844208391,0.33037608806864915,0.630170703489267
Thanks for subscribing with Prime UnderscoreBard,neither,0.023796193918851447,0.32351757895080435,0.6526862271303442
vac,neither,0.03945320844208391,0.33037608806864915,0.630170703489267
hey dad,neither,0.03945320844208391,0.33037608806864915,0.630170703489267
VAC,neither,0.03945320844208391,0.33037608806864915,0.630170703489267
DO PLAY BY PLAY,neither,0.041920526118877366,0.3728220594459764,0.5852574144351463
you can watch it,neither,0.07913070506814308,0.39636496098248225,0.5245043339493747
WHAT,neither,0.057770773616808734,0.3180719994247239,0.6241572269584672
dont run adds and you are fine,neither,0.07583663662303218,0.29301146661436545,0.6311518967626023
@shroud u can but with no casters,neither,0.02008461737690919,0.4160264306392877,0.5638889519838032
taz pushed N,neither,0.03945320844208391,0.33037608806864915,0.630170703489267
-shroud +elige?,neither,0.03945320844208391,0.33037608806864915,0.630170703489267
its fine bro twerkWow,neither,0.03258136433083957,0.3327396303710583,0.6346790052981022
You can't use there auto cam or voice,neither,0.02483407153623598,0.39550637221122853,0.5796595562525355
1 tap,neither,0.03945320844208391,0.33037608806864915,0.630170703489267
I always thought you were Stunna,neither,0.05625696987484583,0.3084850538367513,0.6352579762884029
!crosshair,neither,0.03945320844208391,0.33037608806864915,0.630170703489267
@alanqt cl_crosshairgap 0 cl_crosshairsize 4.5 cl_crosshairthickness 1.5,neither,0.03945320844208391,0.33037608806864915,0.630170703489267
Casters?,neither,0.03945320844208391,0.33037608806864915,0.630170703489267
"@Shroud, don't run ads and don't turn on the casters",neither,0.036117943388742746,0.2983351505758106,0.6655469060354465
"@Shroud, u are not gonna be banned rlx",neither,0.06313888435538376,0.34081503766693,0.5960460779776863
rip,neither,0.03945320844208391,0.33037608806864915,0.630170703489267
BANNED LUL,neither,0.03945320844208391,0.33037608806864915,0.630170703489267
Why isn't c9 playing?,neither,0.026943865920152067,0.34844748741876974,0.6246086466610782
You can watch. But some people got banned for streaming it.,neither,0.05667199949109194,0.3782893954527065,0.5650386050562016
Thanks for subscribing with Prime Jonasgroehn,neither,0.023796193918851447,0.32351757895080435,0.6526862271303442
@shroud let me barrow some gloves,neither,0.015814313318972748,0.4113435995073173,0.57284208717371
"@Shroud, you will be fine otherwise",neither,0.0588746005701932,0.35757167396327955,0.5835537254665272
"u can watch on gotv , but not include anything to do witheleague @shroud",neither,0.04420529403924699,0.34390378581157593,0.6118909201491772
shroud what do you think about the french shuffle?,neither,0.056530994828882714,0.36129312534585106,0.5821758798252662
"ryyke, If you want to link something, please ask a mod to permit you!",neither,0.05873329292628772,0.44157701766020946,0.49968968941350295
yes u can,neither,0.03991739006836329,0.32249771445317665,0.6375848954784602
No ads no casters,neither,0.03777805053792706,0.3588078895159483,0.6034140599461246
NO UR FINE.,neither,0.07147663997654169,0.33624268250219086,0.5922806775212675
If you run ads Eleague might report you i think,neither,0.04653949365197401,0.4412482063820407,0.5122122999659853
"@TheJamesG You can use casters cam, but not their voices",neither,0.021936095698112,0.4446479648432828,0.5334159394586052
"you can, people were like advertising shit and thats why they got banned",offensive_language,0.07897509721016949,0.9016722781900582,0.019352624599772203
@shroud Who win major?,neither,0.04014817853647787,0.40166180983824346,0.5581900116252787
you can watch and you can run adds,neither,0.07370223557586245,0.35819574070959337,0.5681020237145442
you are fine,neither,0.13997723631778844,0.32238430565872084,0.5376384580234906
I think you cant Bida from Brasil was banned for 24hrs because of this,neither,0.04565938717780537,0.32107804411020374,0.6332625687119908
no ads no casters and u are fun,neither,0.0580936397699252,0.2828285047957212,0.6590778554343535
No ads no casters,neither,0.03777805053792706,0.3588078895159483,0.6034140599461246
Apparently recasting a stream is not allowed,neither,0.04472836782694932,0.33210233036880316,0.6231693018042475
I think 4 streamers got banned for streaming this game 2 days ago but you should be fine...?,neither,0.04828002997150138,0.3606535190911222,0.5910664509373763
UR FINE. you can only get banned if u have casters on,neither,0.04753736262015761,0.4219822672439913,0.5304803701358511
you can dont worry as long as casters are off,neither,0.06988667346966942,0.3752384477667937,0.5548748787635368
No ads + no caster voice,neither,0.0379984549102444,0.3550670521081473,0.6069344929816083
you cant use caster voices or run adds,neither,0.02492008452522743,0.4293140162884798,0.5457658991862926
summit did it and hes not banned,neither,0.03704461620889415,0.30627880211596364,0.6566765816751422
Some of them are unbanned,neither,0.09762511770566076,0.2670352929135621,0.6353395893807771
Nah its if you have like the casters you can get banned,neither,0.04814680268818126,0.4715232558915126,0.4803299414203061
i think,neither,0.04078787600207219,0.3077232963708793,0.6514888276270485
"@Shroud, follow the smoke next time plz",neither,0.034666404708930385,0.388590962790578,0.5767426325004916
just dont run any ads and no casters,neither,0.034655746756172424,0.3261416618521697,0.6392025913916579
Maybe all of them are 🤔,neither,0.11149170406197255,0.3461268693299093,0.5423814266081181
idk im not a twitch staff,neither,0.03786425320122145,0.3580336145300868,0.6041021322686917
Sup Shroud,neither,0.03945320844208391,0.33037608806864915,0.630170703489267
well Visual is in here,neither,0.14587402537177352,0.2649234657495888,0.5892025088786376
@shroud to unleash the c9 power put G2A in your guy's name and bam,neither,0.06495836060389212,0.28728560320381413,0.6477560361922938
Thanks for subscribing with Prime Jedijaster,neither,0.023796193918851447,0.32351757895080435,0.6526862271303442
"Ofc you can stream GOTV, but its not allowed to broadcast another stream.",neither,0.06776817092168229,0.3192059857075294,0.6130258433707882
Thanks for subscribing with Prime macfarlandd,neither,0.023796193918851447,0.32351757895080435,0.6526862271303442
@shroud you are allowed as long as you have no ads or casters,neither,0.0791004946164304,0.4201845421232159,0.5007149632603536
dafuq is VIsual when you need him,neither,0.05079027345625097,0.4186033970137939,0.5306063295299551
@creativly I think if you run ads or use the casters voices,neither,0.016781180235225932,0.44502203702468013,0.538196782740094
Shroud how can i aim better ?,neither,0.03973295242855799,0.3256281025445561,0.634638945026886
Why isn't c9 playing?,neither,0.026943865920152067,0.34844748741876974,0.6246086466610782
@whitemencantjump23 Yep,neither,0.03945320844208391,0.33037608806864915,0.630170703489267
check trades shroud,neither,0.03945320844208391,0.33037608806864915,0.630170703489267
ez astralis,neither,0.03945320844208391,0.33037608806864915,0.630170703489267
Join the new Curse server! https://curse.com/invite/Xv6nbZgd4kugsL2fxlg6NQ,neither,0.04082319323556661,0.27696135383134185,0.6822154529330917
Yeah u can lol,offensive_language,0.01369284861305315,0.5311685853484001,0.4551385660385468
@whitemencantjump23 That's a big no no,neither,0.018605163192590715,0.46995529616479265,0.5114395406426167
these guys are full of shit of course you can watch gotv,offensive_language,0.12320768356720624,0.8721646432210632,0.004627673211730607
why would caster voices get you banned when it's going through the game lol?,neither,0.027142224592545398,0.4096693090042925,0.563188466403162
Welcome back HairyyPotter (25 months) Kreygasm,neither,0.03945320844208391,0.33037608806864915,0.630170703489267
"@nybeeerg, they didnt make it :(",neither,0.03776675473275348,0.33095613683263886,0.6312771084346076
Kappa inb ban,neither,0.03945320844208391,0.33037608806864915,0.630170703489267
@carnifex9 what I tried to say but typing on a iPad running on 5 hrs of sleep in 3 days is hard :P,neither,0.03903794074740121,0.46340014748899305,0.49756191176360576
"@Shroud, no ads or casters is all they ask for",neither,0.04091730579147347,0.36850346460558236,0.5905792296029441
astralis ftw they will win the major,neither,0.039818825125000915,0.29957627174709817,0.660604903127901
"@Creativly, so u came here hmm",neither,0.08607939513577845,0.33517370239635175,0.5787469024678699
@shroud where is n0thing is he going to stream,neither,0.06892074997612797,0.31569788221906014,0.6153813678048118
@shroud k0nfig got the Balls of Steel award xD,neither,0.04300543886398943,0.4744114426274464,0.4825831185085641
VP went ham on north first map,neither,0.033642895441588064,0.3398553782692261,0.6265017262891858
"stun is right, no caster etc, listen to him",neither,0.05134974025582935,0.35425637031024326,0.5943938894339273
3,neither,0.03945320844208391,0.33037608806864915,0.630170703489267
@TheJamesG Lol its all good,offensive_language,0.02446448438521017,0.5160452687552627,0.45949024685952716
no ban for watching???,neither,0.033011807881083356,0.31521090246163896,0.6517772896572777
"oaabj12, If you want to link something, please ask a mod to permit you!",neither,0.05873329292628772,0.44157701766020946,0.49968968941350295
I think that ur stream should be clean from ads like this from c9 shop too :),neither,0.06694150462455566,0.35754395339734857,0.5755145419780958
TTours,neither,0.03945320844208391,0.33037608806864915,0.630170703489267
Snax's gloves are nice @shroud,neither,0.06664100475125437,0.28357720979378287,0.6497817854549627
!keyboard,neither,0.03945320844208391,0.33037608806864915,0.630170703489267
@maxi0390 He uses the Logitech 810 keyboard,neither,0.04334137227189974,0.314749098452785,0.6419095292753153
"smiggl3s, But obviously not run adds and earn money for their work",neither,0.03315886177336876,0.29923325259270284,0.6676078856339284
@Milanxd024 What do you mean?,neither,0.08245657491013737,0.3929748893959136,0.524568535693949
@shroud what crosshair color is that?,neither,0.0542504078985425,0.3711637751895748,0.5745858169118827
!crosshair,neither,0.03945320844208391,0.33037608806864915,0.630170703489267
rubino looks like if m0e took care of himself,neither,0.0313075046142206,0.38955388906496746,0.5791386063208119
VP are going hard,offensive_language,0.04874204230411104,0.515267077467463,0.43599088022842586
Hey shroudy,neither,0.03945320844208391,0.33037608806864915,0.630170703489267
"@Creativly, go mod eleague's chat",neither,0.040997384493216237,0.33573873992806136,0.6232638755787224
LOL,neither,0.020706217963973744,0.4882283491876925,0.4910654328483337
@Milanxd024 I am there OSsloth,neither,0.039049548177134484,0.263367169890383,0.6975832819324825
How long is stream on guys?,neither,0.04331723269611196,0.3395548336174571,0.617127933686431
like 30 seconds,neither,0.05178701840025735,0.3480795970876421,0.6001333845121006
10 minutes,neither,0.03945320844208391,0.33037608806864915,0.630170703489267
"Move cam, it blocks",neither,0.03833234790949658,0.330761603403541,0.6309060486869624
!uptime,neither,0.03945320844208391,0.33037608806864915,0.630170703489267
@stun_empire Channel shroud has been live for 10m and 25s,neither,0.03779113064157903,0.28212066614672776,0.6800882032116932
or 10 mins,neither,0.03945320844208391,0.33037608806864915,0.630170703489267
im gay idk,neither,0.35151512452561157,0.17982985602970858,0.4686550194446799
RUBINO Skååååål!,neither,0.03945320844208391,0.33037608806864915,0.630170703489267
Noice,neither,0.03945320844208391,0.33037608806864915,0.630170703489267
"@Shroud, you will play more for honor?",neither,0.05067423355545261,0.3070542076141236,0.6422715588304239
!crosshair,neither,0.03945320844208391,0.33037608806864915,0.630170703489267
does rubino look like moe in his picture or is that just me,offensive_language,0.04560295311556853,0.48722365226743847,0.4671733946169931
you are not allowed to run manually adds,neither,0.07602133868966789,0.3283861930168718,0.5955924682934602
like ads coming during clutches,neither,0.04906717489386271,0.3444546861622292,0.606478138943908
"@Shroud, like dont run ads",neither,0.04999595332691619,0.3457084814689066,0.6042955652041772
is twitch prime worth,neither,0.045717695473750576,0.32822144371663164,0.6260608608096179
x,neither,0.03945320844208391,0.33037608806864915,0.630170703489267
HELLO!,neither,0.03945320844208391,0.33037608806864915,0.630170703489267
"shroud, you should move the cam to the bottom right",neither,0.06679113664593835,0.3756344924411743,0.5575743709128874
dont run an ad on purpose,neither,0.037465483726114385,0.3367766551029619,0.6257578611709237
snax is a god,neither,0.055732361789954374,0.3247769407419311,0.6194906974681145
"people are just guessing here, ofc you can run ads",neither,0.15772675016283555,0.2989260851831369,0.5433471646540277
"@Shroud, if you run ads or casters you will be banned",neither,0.04786732489100753,0.4340684317367944,0.5180642433721981
i guess you cant get revenue from something that's not yours?,neither,0.04593703011640951,0.3907698019563649,0.5632931679272256
"@Shroud, Why do you have 3 different fps indicators at the top left/right and bottom of the screen XD",neither,0.0381975085938123,0.3503940391452835,0.6114084522609042
"no maxinomic char, no drinking redbull, no using logitech periphs, no using hyperx components",neither,0.03426745704252954,0.41839182305179007,0.5473407199056803
2hp,neither,0.03945320844208391,0.33037608806864915,0.630170703489267
rubino = budget moe Kappa,neither,0.03945320844208391,0.33037608806864915,0.630170703489267
@Stun_Empire your meems has been on point lately twerkWow,neither,0.06367513327980483,0.333839687144686,0.6024851795755092
@crackmouse you can't run ads,neither,0.05767362209324137,0.3752892753690594,0.5670371025376991
shroud Fallen yesterday complained on twitter about brazilian streamers getting banned for streaming the GOTV,neither,0.031970818872594155,0.40992257194010373,0.5581066091873021
oh damn rubino is getting fucked,offensive_language,0.054932714531043474,0.9233297921947847,0.021737493274171862
"@Shroud, move cam bottom left?",neither,0.03945320844208391,0.33037608806864915,0.630170703489267
this man is 2 hp without seeing an enemy,neither,0.04504709693493643,0.3672641872896571,0.5876887157754064
@shroud is -shroud +elige tru,neither,0.05005952611256733,0.3267280890626825,0.6232123848247502
"Because it's not your content, you're not supposed to force run ads and make money off of it like that I believe",neither,0.0789455499602415,0.34193427774924245,0.579120172290516
playing against vp must be fun,neither,0.04156032934926928,0.3033730925267573,0.6550665781239734
