text,top_class,hate_speech,offensive_language,neither
hi dad,neither,0.03945320844208391,0.33037608806864915,0.630170703489267
h i shourd,neither,0.03945320844208391,0.33037608806864915,0.630170703489267
!viewmodel,neither,0.03945320844208391,0.33037608806864915,0.630170703489267
"@baesty01 His viewmodel settings are: viewmodel_fov ""68"";viewmodel_offset_x ""2.5"";viewmodel_offset_y ""1"";viewmodel_offset_z ""-1.5"";",neither,0.23661474315658715,0.2198168619923564,0.5435683948510565
shroudXD,neither,0.03945320844208391,0.33037608806864915,0.630170703489267
hey shrood HeyGuys,neither,0.03945320844208391,0.33037608806864915,0.630170703489267
whats up :0,neither,0.03597034933595279,0.4023906385329718,0.5616390121310755
first,neither,0.02604892428726219,0.3349864360510187,0.6389646396617191
nice,neither,0.03945320844208391,0.33037608806864915,0.630170703489267
first,neither,0.02604892428726219,0.3349864360510187,0.6389646396617191
sup shrood,neither,0.03945320844208391,0.33037608806864915,0.630170703489267
u fools late,neither,0.03945320844208391,0.33037608806864915,0.630170703489267
Thanks for streaming fammm,neither,0.03241658459684017,0.28985336809466683,0.677730047308493
notice me senpai,neither,0.030417710561350883,0.38017139541472955,0.5894108940239196
i was here before he tweeted,neither,0.08878861826495524,0.3521848777515183,0.5590265039835265
Shrooooood,neither,0.03945320844208391,0.33037608806864915,0.630170703489267
Sup bud,neither,0.03945320844208391,0.33037608806864915,0.630170703489267
HEYYY Shroud :),neither,0.03945320844208391,0.33037608806864915,0.630170703489267
hows practice,neither,0.03945320844208391,0.33037608806864915,0.630170703489267
no ur late,neither,0.06998217504254406,0.33616492798398845,0.5938528969734675
play with justin tonight,neither,0.02708848734550693,0.3438743255196759,0.6290371871348172
oh hey good timing,neither,0.04342601278447201,0.28659420565236504,0.669979781563163
ayy,neither,0.03945320844208391,0.33037608806864915,0.630170703489267
i was waiting all day for ur stream lowkey,neither,0.0516242115990064,0.3397323399143485,0.6086434484866452
!uptime,neither,0.03945320844208391,0.33037608806864915,0.630170703489267
@jeckdoto Channel shroud has been live for 01m and 35s,neither,0.037527441653855145,0.2724964938497483,0.6899760644963965
notification SQUAD,neither,0.03945320844208391,0.33037608806864915,0.630170703489267
@shroud u streams as soon as im about to go to sleep :(,neither,0.04435358394238399,0.4063257655056795,0.5493206505519365
hi mike o/,neither,0.03945320844208391,0.33037608806864915,0.630170703489267
you actually came back,neither,0.059655830069997515,0.3865777334888972,0.5537664364411053
Wooooooooooooooo,neither,0.03945320844208391,0.33037608806864915,0.630170703489267
dad,neither,0.03945320844208391,0.33037608806864915,0.630170703489267
shrood:D,neither,0.03945320844208391,0.33037608806864915,0.630170703489267
damnn,neither,0.03945320844208391,0.33037608806864915,0.630170703489267
"@mralone6969, then dont sleep",neither,0.03945320844208391,0.33037608806864915,0.630170703489267
sup mike HeyGuys,neither,0.03945320844208391,0.33037608806864915,0.630170703489267
Wooooo,neither,0.03945320844208391,0.33037608806864915,0.630170703489267
wOoOoOoOo,neither,0.03945320844208391,0.33037608806864915,0.630170703489267
yo,offensive_language,0.04010381111145228,0.5271105317972344,0.4327856570913131
only 7 viewers?,neither,0.03945320844208391,0.33037608806864915,0.630170703489267
dad,neither,0.03945320844208391,0.33037608806864915,0.630170703489267
Fucking finally mike,offensive_language,0.10704087993677917,0.8918713497573159,0.0010877703059049347
ESL Pro League shroudHype ?,neither,0.03945320844208391,0.33037608806864915,0.630170703489267
yo,offensive_language,0.04010381111145228,0.5271105317972344,0.4327856570913131
hi,neither,0.03945320844208391,0.33037608806864915,0.630170703489267
only 7 viewers?,neither,0.03945320844208391,0.33037608806864915,0.630170703489267
Dad,neither,0.03945320844208391,0.33037608806864915,0.630170703489267
finally back lets go,neither,0.039822458787850575,0.34776069076114213,0.6124168504510072
"@Shroud, this metro skin for steam is sick",neither,0.04023293383242334,0.30980057643962894,0.6499664897279477
hey,neither,0.03945320844208391,0.33037608806864915,0.630170703489267
hype,neither,0.03945320844208391,0.33037608806864915,0.630170703489267
hey @shroud,neither,0.03945320844208391,0.33037608806864915,0.630170703489267
hello!~,neither,0.03945320844208391,0.33037608806864915,0.630170703489267
SHROODDDD,neither,0.03945320844208391,0.33037608806864915,0.630170703489267
shroudyyy,neither,0.03945320844208391,0.33037608806864915,0.630170703489267
Sup Shroud!,neither,0.03945320844208391,0.33037608806864915,0.630170703489267
!song,neither,0.038601720699969956,0.3448280572582511,0.616570222041779
yo,offensive_language,0.04010381111145228,0.5271105317972344,0.4327856570913131
DAD,neither,0.03945320844208391,0.33037608806864915,0.630170703489267
@ilaffinityli school tmr :(,neither,0.03945320844208391,0.33037608806864915,0.630170703489267
Wass good @shroud,neither,0.037820165765928906,0.33093776632913474,0.6312420679049364
Notif squad!!,neither,0.03945320844208391,0.33037608806864915,0.630170703489267
SHROOD,neither,0.03945320844208391,0.33037608806864915,0.630170703489267
Yo,offensive_language,0.04010381111145228,0.5271105317972344,0.4327856570913131
Sup shroud,neither,0.03945320844208391,0.33037608806864915,0.630170703489267
Hey shroud!,neither,0.03945320844208391,0.33037608806864915,0.630170703489267
HI,neither,0.03945320844208391,0.33037608806864915,0.630170703489267
daddy?,neither,0.03945320844208391,0.33037608806864915,0.630170703489267
pussy,offensive_language,0.00010138569199919424,0.9998986143080004,4.1439271741012164e-16
"@Shroud, hai shroudy",neither,0.03945320844208391,0.33037608806864915,0.630170703489267
DADI NOTIF BOYY,neither,0.03945320844208391,0.33037608806864915,0.630170703489267
Hi. notice. Me,neither,0.03220506839919345,0.36964324707235563,0.5981516845284509
ITS DOUBLING,neither,0.02700859978372578,0.3346563596412867,0.6383350405749875
:),neither,0.03945320844208391,0.33037608806864915,0.630170703489267
"@Shroud, DAD PogChamp",neither,0.03945320844208391,0.33037608806864915,0.630170703489267
Hey,neither,0.03945320844208391,0.33037608806864915,0.630170703489267
"@Shroud, hey shroud",neither,0.03945320844208391,0.33037608806864915,0.630170703489267
leaving when michael?,neither,0.02982763900697053,0.3792821938952952,0.5908901670977342
yoo,neither,0.03945320844208391,0.33037608806864915,0.630170703489267
!vm,neither,0.03945320844208391,0.33037608806864915,0.630170703489267
hey,neither,0.03945320844208391,0.33037608806864915,0.630170703489267
Papa shroud,neither,0.03945320844208391,0.33037608806864915,0.630170703489267
gay,hate_speech,0.6637135133068858,0.05619448739973522,0.280091999293379
daddy????,neither,0.03945320844208391,0.33037608806864915,0.630170703489267
dad,neither,0.03945320844208391,0.33037608806864915,0.630170703489267
Sup brother,neither,0.03945320844208391,0.33037608806864915,0.630170703489267
such a good gf shroudThump,neither,0.039012147825647096,0.3260392031322165,0.6349486490421363
RUSH B NO STOP,neither,0.0384896444215987,0.42426956891030654,0.5372407866680947
***,neither,0.03945320844208391,0.33037608806864915,0.630170703489267
got any dank inferno prac in? Kappa,neither,0.038638949683181344,0.35956235904750505,0.6017986912693137
!viewmodel,neither,0.03945320844208391,0.33037608806864915,0.630170703489267
"@fluffyroooster His viewmodel settings are: viewmodel_fov ""68"";viewmodel_offset_x ""2.5"";viewmodel_offset_y ""1"";viewmodel_offset_z ""-1.5"";",neither,0.23661474315658715,0.2198168619923564,0.5435683948510565
BEST GF NA PogChamp,neither,0.03859758428616878,0.3232112015448258,0.6381912141690055
Dude im so happy your streaming :),neither,0.06372603545991844,0.3887511095693884,0.5475228549706933
what a good GF,neither,0.04524626756858347,0.32592581189732855,0.628827920534088
Doubling....,neither,0.03945320844208391,0.33037608806864915,0.630170703489267
"@Shroud, Hey ummmm idk how to say this but........HI!",neither,0.04147692827171925,0.3355769791338928,0.6229460925943879
lets go boys,neither,0.03987377233651652,0.350189727460353,0.6099365002031304
is that you daddy?????,neither,0.07357553980860766,0.453728583022053,0.47269587716933925
"shroud my dream is to play hackey sack with you, just leting you know Kappa",neither,0.04777346943888253,0.46851563231592186,0.48371089824519553
Last week FeelsBadMan,neither,0.03945320844208391,0.33037608806864915,0.630170703489267
"@Shroud, DAD PogChamp",neither,0.03945320844208391,0.33037608806864915,0.630170703489267
Where do you live @shroud,neither,0.08031771124590123,0.3465345449579149,0.5731477437961838
slap dat pussy,offensive_language,0.0049928637585478445,0.9950022882877911,4.847953661072864e-06
wow,neither,0.03945320844208391,0.33037608806864915,0.630170703489267
24HR stream confirmed?,neither,0.03945320844208391,0.33037608806864915,0.630170703489267
hope not,neither,0.11309497567723577,0.15302964885650489,0.7338753754662594
!viewmodel,neither,0.03945320844208391,0.33037608806864915,0.630170703489267
hey shroud!,neither,0.03945320844208391,0.33037608806864915,0.630170703489267
Good luck!,neither,0.038607236521895655,0.330667056604554,0.6307257068735503
RUSH ALL BY HIMSLEF Kappa,neither,0.04207161737178041,0.4303821641034411,0.5275462185247786
@shroud hello good sir,neither,0.03881752824620183,0.33059472763751135,0.6305877441162867
is there any filters lol,neither,0.038773153610563486,0.3376993937428224,0.6235274526466141
last stream BibleThump,neither,0.03945320844208391,0.33037608806864915,0.630170703489267
cant wait to see c9 play,neither,0.046442892737017204,0.32629703067551924,0.6272600765874635
IM EARLY DAD!,neither,0.040214851174299335,0.33873288404574026,0.6210522647799606
lol 7 viewers,neither,0.031120645729857982,0.3912535864736078,0.5776257677965343
NUUUU,neither,0.03945320844208391,0.33037608806864915,0.630170703489267
Papa shroud,neither,0.03945320844208391,0.33037608806864915,0.630170703489267
fucking die jews,hate_speech,0.7141908439633659,0.285187960713674,0.0006211953229601636
PogChamp,neither,0.03945320844208391,0.33037608806864915,0.630170703489267
@shroud hey,neither,0.03945320844208391,0.33037608806864915,0.630170703489267
!uptime,neither,0.03945320844208391,0.33037608806864915,0.630170703489267
***,neither,0.03945320844208391,0.33037608806864915,0.630170703489267
@primeank1 Channel shroud has been live for 03m and 22s,neither,0.037527441653855145,0.2724964938497483,0.6899760644963965
white people music....,hate_speech,0.6986040462682123,0.29134595599418533,0.010049997737602534
shroudC9,neither,0.03945320844208391,0.33037608806864915,0.630170703489267
Thanks for subscribing with Prime crashies,neither,0.023796193918851447,0.32351757895080435,0.6526862271303442
cracker,hate_speech,0.4516990546837204,0.12816908229109653,0.42013186302518307
Jebaited,neither,0.03945320844208391,0.33037608806864915,0.630170703489267
ass,offensive_language,0.19807820542404952,0.8019217940132747,5.626757984447914e-10
gang music?,neither,0.03945320844208391,0.33037608806864915,0.630170703489267
Hi @Shroud,neither,0.03945320844208391,0.33037608806864915,0.630170703489267
@shroud please listen to weak by ajr,neither,0.04727912133116872,0.3707924269574699,0.5819284517113614
brother KKona,neither,0.03945320844208391,0.33037608806864915,0.630170703489267
hey dad,neither,0.03945320844208391,0.33037608806864915,0.630170703489267
HI SHROUD PLZ RESPOND ILY,neither,0.03945320844208391,0.33037608806864915,0.630170703489267
BRAZIL LOVE U.,neither,0.03590019277228542,0.3470259104819143,0.6170738967458003
Re FailFish FailFish sedent,neither,0.10802165902134243,0.2484119200751343,0.6435664209035233
Hey @shroud,neither,0.03945320844208391,0.33037608806864915,0.630170703489267
***,neither,0.03945320844208391,0.33037608806864915,0.630170703489267
Shroud will you facetime me?,neither,0.04922766646780059,0.40141446781541423,0.5493578657167852
Kappa,neither,0.03945320844208391,0.33037608806864915,0.630170703489267
Discover weekly is every week PogChamp PogChamp,neither,0.047383169828201135,0.32764861071480605,0.6249682194569928
why you do this to me @shroud ? Tarik is live and trolling with stew,neither,0.03969239062429265,0.40031339200685123,0.5599942173688561
Rain drop drop top I was paralysed by a pork chop,neither,0.05051467594691573,0.3523716423897709,0.5971136816633135
i wonder what my subage/follow age is,neither,0.039716108932204355,0.3999866395910061,0.5602972514767895
shroudH shroudH shroudH,neither,0.03945320844208391,0.33037608806864915,0.630170703489267
shroud alert PogChamp,neither,0.03945320844208391,0.33037608806864915,0.630170703489267
Shroud where's the crowd ;),neither,0.04054323329648186,0.2731518521238131,0.6863049145797051
heloo shroud,neither,0.03945320844208391,0.33037608806864915,0.630170703489267
!uptime,neither,0.03945320844208391,0.33037608806864915,0.630170703489267
@gseckz Channel shroud has been live for 04m and 17s,neither,0.037527441653855145,0.2724964938497483,0.6899760644963965
@shroud facetime me,neither,0.030927728264656087,0.377130947507585,0.5919413242277588
I wanna watch ur stream but I have school tomorrow :/ so I gotta go sleep,neither,0.05399212930505061,0.3824493972924528,0.5635584734024967
How was the team prac mr @shroud ? :),neither,0.0384314106201522,0.31592430265476373,0.645644286725084
@shroud what do u expect if they renew dust2?,neither,0.0293231568800887,0.3715227321925328,0.5991541109273785
how do u say your last name?????,neither,0.07558091142668522,0.3201628957880199,0.604256192785295
if I see you in person will you sign my phone case ? LOL,offensive_language,0.03269205795329395,0.5257669398414003,0.44154100220530573
shroudH shroudH shroudH,neither,0.03945320844208391,0.33037608806864915,0.630170703489267
s,neither,0.03945320844208391,0.33037608806864915,0.630170703489267
hi,neither,0.03945320844208391,0.33037608806864915,0.630170703489267
its broken wtf,offensive_language,0.03562333707082924,0.5897278269448254,0.3746488359843454
s,neither,0.03945320844208391,0.33037608806864915,0.630170703489267
work for me mother fucker,neither,0.028315193288971093,0.3381374022073661,0.6335474045036628
SHROUD É UMA BIXA VEIA,neither,0.03945320844208391,0.33037608806864915,0.630170703489267
shroud whats good bruh,neither,0.03875302884837695,0.3306169119380821,0.630630059213541
hi,neither,0.03945320844208391,0.33037608806864915,0.630170703489267
shroudW,neither,0.03945320844208391,0.33037608806864915,0.630170703489267
shroudMilk shroudMilk shroudMilk shroudMilk shroudMilk shroudMilk,neither,0.03945320844208391,0.33037608806864915,0.630170703489267
h,neither,0.03945320844208391,0.33037608806864915,0.630170703489267
"if there are any mods, can i post a youtube link for a song suggestion? thanks",neither,0.035324205642727126,0.2907665021479093,0.6739092922093636
s,neither,0.03945320844208391,0.33037608806864915,0.630170703489267
@shroud forest pls,neither,0.03945320844208391,0.33037608806864915,0.630170703489267
l,neither,0.03945320844208391,0.33037608806864915,0.630170703489267
s,neither,0.03945320844208391,0.33037608806864915,0.630170703489267
S,neither,0.03945320844208391,0.33037608806864915,0.630170703489267
Hello!,neither,0.03945320844208391,0.33037608806864915,0.630170703489267
whats mine wtf,offensive_language,0.042188113813897254,0.5676885254019737,0.39012336078412907
Get some fat 1 deags,neither,0.21209447555877645,0.1759034460166837,0.6120020784245398
2012 noob Kappa,neither,0.03945320844208391,0.33037608806864915,0.630170703489267
csgo?,neither,0.03945320844208391,0.33037608806864915,0.630170703489267
5 years strong shroudW,neither,0.03945320844208391,0.33037608806864915,0.630170703489267
has this emote ever been used before shroudAK,neither,0.03601813693168545,0.388678216422382,0.5753036466459326
LUL,neither,0.03945320844208391,0.33037608806864915,0.630170703489267
Shroud will you facetime me?,neither,0.04922766646780059,0.40141446781541423,0.5493578657167852
Pap shroud,neither,0.03945320844208391,0.33037608806864915,0.630170703489267
shroudie pooh whats mine,neither,0.03945320844208391,0.33037608806864915,0.630170703489267
Join the new Curse server! https://curse.com/invite/Xv6nbZgd4kugsL2fxlg6NQ,neither,0.04082319323556661,0.27696135383134185,0.6822154529330917
test,neither,0.03945320844208391,0.33037608806864915,0.630170703489267
dont mind me just checking my account age,neither,0.025225059106091515,0.4269679605190639,0.5478069803748447
Welcome back Big_Pepsi_Can (26 months) Kreygasm,neither,0.03945320844208391,0.33037608806864915,0.630170703489267
cZgo,neither,0.03945320844208391,0.33037608806864915,0.630170703489267
is there a match tomorrow?,neither,0.0477063070314321,0.285427605734209,0.6668660872343588
yo 2011 comin at ya live plebs,offensive_language,0.031080980620627505,0.5819984163466124,0.38692060303276005
how was dream hax daddy shroud shroudW shroudW shroudW shroudW,neither,0.039331266855353264,0.3324457550376502,0.6282229781069966
*Papa shroud,neither,0.03945320844208391,0.33037608806864915,0.630170703489267
whod u fuckers scrim,neither,0.03945320844208391,0.33037608806864915,0.630170703489267
radiation hazard,neither,0.03945320844208391,0.33037608806864915,0.630170703489267
RE7 ? Kappa,neither,0.03945320844208391,0.33037608806864915,0.630170703489267
SENPAI Notice me,neither,0.030417710561350883,0.38017139541472955,0.5894108940239196
HEY MIKE,neither,0.03945320844208391,0.33037608806864915,0.630170703489267
s,neither,0.03945320844208391,0.33037608806864915,0.630170703489267
PogChamp,neither,0.03945320844208391,0.33037608806864915,0.630170703489267
shroudHype shroudHype shroudHype shroudHype shroudHype shroudHype shroudHype shroudHype shroudHype shroudHype shroudHype shroudHype shroudHype,neither,0.03945320844208391,0.33037608806864915,0.630170703489267
@shroud What's up shroudy,neither,0.04549209283961305,0.43877665191533993,0.5157312552450469
Waddup,neither,0.03945320844208391,0.33037608806864915,0.630170703489267
SHROUD BBBBBBBB,neither,0.03945320844208391,0.33037608806864915,0.630170703489267
Popeys is amazing,neither,0.051766257226869686,0.3261410659692903,0.62209267680384
shroudTilt shroudA shroudC shroudInsane shroudSellout shroudThump shroudWhiff shroudOverit shroudAFK shroudW shroudKobe shroudPalm shroudHype shroudH shroud1D shroudAK shroudWithIt shroudMilk shroudDad shroudC9 shroudPigeon shroudBurn shroudBhop,neither,0.03945320844208391,0.33037608806864915,0.630170703489267
bro u get the cajun fish? if not go back right now,neither,0.025186148942041485,0.37373483586389594,0.6010790151940626
yo popeyes is sooo good,neither,0.04582054961151592,0.3873782902984116,0.5668011600900724
!uptime,neither,0.03945320844208391,0.33037608806864915,0.630170703489267
@navamexballer35 Channel shroud has been live for 05m and 40s,neither,0.03779113064157903,0.28212066614672776,0.6800882032116932
@Zenthrox862 2011 gang gang,neither,0.03945320844208391,0.33037608806864915,0.630170703489267
@shroud dad?,neither,0.03945320844208391,0.33037608806864915,0.630170703489267
is there like a competitive match tomorrow?,neither,0.05466826534949588,0.306338842235846,0.638992892414658
gordan ramsey ftw,neither,0.03945320844208391,0.33037608806864915,0.630170703489267
Popeyes Kreygasm,neither,0.03945320844208391,0.33037608806864915,0.630170703489267
i was here eariler!,neither,0.16237291887918595,0.2531150994017352,0.5845119817190788
LUL,neither,0.03945320844208391,0.33037608806864915,0.630170703489267
bruhh :D :D :D :D,neither,0.03945320844208391,0.33037608806864915,0.630170703489267
is it yum,neither,0.059603583318096655,0.32344545014120724,0.616950966540696
Grocery shopping at Popeyes,neither,0.038877758424136884,0.34791133558595844,0.6132109059899048
Popeyes is delicious,neither,0.04672191812798832,0.3278760454966043,0.6254020363754073
@shroud Do u work out ?,neither,0.03509837820920976,0.353828561476406,0.6110730603143844
"@xEquate, OG squad",neither,0.03945320844208391,0.33037608806864915,0.630170703489267
gf in shower Kreygasm,neither,0.03945320844208391,0.33037608806864915,0.630170703489267
!trade,neither,0.03945320844208391,0.33037608806864915,0.630170703489267
!crosshair,neither,0.03945320844208391,0.33037608806864915,0.630170703489267
popeyes is meh im not really a fan of fried chicken,neither,0.0427044669841519,0.3506929356867916,0.6066025973290564
Popeyes > KFC,neither,0.03945320844208391,0.33037608806864915,0.630170703489267
Chef Ramsey is a GOD <3,neither,0.047794620554150596,0.32750709394283106,0.6246982855030183
Shroud facetime me paps,neither,0.030927728264656087,0.377130947507585,0.5919413242277588
daddy dicked mommy down,neither,0.03945320844208391,0.33037608806864915,0.630170703489267
Not even close wtf,offensive_language,0.03980666841636524,0.6013910657341885,0.3588022658494463
why didnt u shower together Keepo,neither,0.029668079203084344,0.3440618583217136,0.626270062475202
what,neither,0.057770773616808734,0.3180719994247239,0.6241572269584672
Hell no! popeyes is better,offensive_language,0.04819022342180757,0.6967362583232879,0.25507351825490443
!uptime,neither,0.03945320844208391,0.33037608806864915,0.630170703489267
@devious4 Channel shroud has been live for 06m and 17s,neither,0.037527441653855145,0.2724964938497483,0.6899760644963965
LUL,neither,0.03945320844208391,0.33037608806864915,0.630170703489267
Popeyes are delicious,neither,0.06218361997103412,0.2900923368401076,0.6477240431888582
bruh get the double biscuit,neither,0.038299041067113626,0.3242019792404007,0.6374989796924856
didnt justin say he was popping down to shroud's house xdd,neither,0.04793921935794589,0.327698560769625,0.624362219872429
unless its like hispanic made fried chicken,neither,0.04184379035537002,0.3430760898203373,0.6150801198242927
k,neither,0.03945320844208391,0.33037608806864915,0.630170703489267
Popeyes chicken is so different,neither,0.04611886444450344,0.3650946119927137,0.5887865235627829
!crosshair,neither,0.03945320844208391,0.33037608806864915,0.630170703489267
how would you rate popeyes on a scale of 1-10,neither,0.04708707535958594,0.3654583365688625,0.5874545880715516
Not even close my bro,neither,0.02667197024401217,0.4353335699751843,0.5379944597808035
@steeze18 i bet shroud can give her some company,offensive_language,0.025992945118227816,0.528603390314011,0.44540366456776115
@shroud Do u work out ?,neither,0.03509837820920976,0.353828561476406,0.6110730603143844
Whats up @shroud,neither,0.03597034933595279,0.4023906385329718,0.5616390121310755
Welcome back A2DaZe (3 months) Kreygasm,neither,0.03945320844208391,0.33037608806864915,0.630170703489267
btw no the fuck it is not like kfc shroud stop,offensive_language,0.15566723770927948,0.8372449105745771,0.007087851716143366
Twitch is fucked up doesn't even show you're online unless I search you up,offensive_language,0.0892955405525488,0.6154135947198237,0.29529086472762744
"You're crazy @shroud, popeyes spicy chicken strips, with their mash potatoes and gravy, is fucking",offensive_language,0.0978934272593234,0.8214794714538752,0.08062710128680134
theres the place near me that has the best fried chicken,neither,0.033323054446672495,0.31978640774368317,0.6468905378096443
u can -side +biscuit. the biscuits are too good,neither,0.05033671163752688,0.3136653961209428,0.6359978922415302
twitch didnt tell me shroud is streaming curse did,neither,0.03932666522462393,0.3520410214785936,0.6086323132967826
the best,neither,0.03652221034163643,0.28968136375604325,0.6737964259023204
!link,neither,0.03945320844208391,0.33037608806864915,0.630170703489267
!fov,neither,0.03945320844208391,0.33037608806864915,0.630170703489267
"@skyzthegod His viewmodel settings are: viewmodel_fov ""68"";viewmodel_offset_x ""2.5"";viewmodel_offset_y ""1"";viewmodel_offset_z ""-1.5"";",neither,0.23661474315658715,0.2198168619923564,0.5435683948510565
you have to put the jelly on the biscuit though,neither,0.05092319838415202,0.3485172447336451,0.6005595568822031
!res,neither,0.03945320844208391,0.33037608806864915,0.630170703489267
!video,neither,0.049266163358008055,0.16382463337382713,0.7869092032681648
goodmo bois,neither,0.03945320844208391,0.33037608806864915,0.630170703489267
@shroud Do u work out ?,neither,0.03509837820920976,0.353828561476406,0.6110730603143844
!uptime,neither,0.03945320844208391,0.33037608806864915,0.630170703489267
what is this server ?,neither,0.07282678549990032,0.31792604547631814,0.6092471690237815
!sens,neither,0.03945320844208391,0.33037608806864915,0.630170703489267
BIG FUCKIN LIE RIGHT THERE,offensive_language,0.05021551538315221,0.9284738703552405,0.021310614261607214
canadian tastes DansGame,neither,0.03945320844208391,0.33037608806864915,0.630170703489267
how was practice @shroud,neither,0.03931763777132392,0.3326770761627031,0.6280052860659731
BLASPHEMY,neither,0.03945320844208391,0.33037608806864915,0.630170703489267
LUL,neither,0.03945320844208391,0.33037608806864915,0.630170703489267
real subroza?,offensive_language,0.025561593684253106,0.5993264658233612,0.3751119404923855
Popeyes > KFC Fuck you shroud,offensive_language,0.17941258751463451,0.817674791561,0.0029126209243653584
i garuntee you i could,neither,0.08218823790519371,0.4402212600795194,0.4775905020152869
new content cop out today and its really fucking good,offensive_language,0.10386930653540917,0.8575032276529119,0.03862746581167891
@shroud Thoughts on new G2 lineup?,neither,0.040047868540606525,0.2647096409408783,0.6952424905185153
@DONDI3156 FFA,neither,0.03945320844208391,0.33037608806864915,0.630170703489267
"yes you can, popeyes is delicoius and kfc taste like shit @Shroud",offensive_language,0.07812896581545986,0.9067275614459659,0.015143472738574191
!cfg,neither,0.03945320844208391,0.33037608806864915,0.630170703489267
@eisen46 His config can be found on his ESEA page here: http://play.esea.net/users/248592 OR in the FAQ section down below! (Don't click on the link that the bot whispers you),neither,0.07495492607328838,0.29592674608676545,0.6291183278399461
@shroud Do u work out ?,neither,0.03509837820920976,0.353828561476406,0.6110730603143844
"Popeyes > KFC, you're crazy if you think otherwise",neither,0.04794705339444763,0.4747994945225288,0.4772534520830236
Popeyes over kfc any day,neither,0.03752807722304977,0.32070961939720866,0.6417623033797416
Popeyes is Cajun! @shroud,neither,0.0495192247997867,0.32691392345999004,0.6235668517402233
thats like saying Labats taste like Molsen,neither,0.05134078567697666,0.3661453145855776,0.5825138997374456
Yeah but Popeyes serves catfish,neither,0.026353675200651273,0.41292829219416494,0.5607180326051837
!uptime,neither,0.03945320844208391,0.33037608806864915,0.630170703489267
@Shroud I'm pretty sure people who eat either on a regular basis could tell the difference,neither,0.04813062300042042,0.43682834686814537,0.5150410301314342
"Shroud, what did u put in ur drink today?",neither,0.06538684150796813,0.3007201946081359,0.633892963883896
!uptime,neither,0.03945320844208391,0.33037608806864915,0.630170703489267
McDonald's has best chicken Kappa,neither,0.03908248702070248,0.3199974392409906,0.640920073738307
Popeyes catfish is amazing,neither,0.045849452154965296,0.32817612655217987,0.6259744212928549
Kreygasm,neither,0.03945320844208391,0.33037608806864915,0.630170703489267
@shroud i want ur opinion on thr new lineups,neither,0.05862332016254289,0.2631583425128813,0.6782183373245759
!commands,neither,0.03945320844208391,0.33037608806864915,0.630170703489267
SHROOOOD,neither,0.03945320844208391,0.33037608806864915,0.630170703489267
who the fuck eats catfish,offensive_language,0.14250519044526488,0.8547771144059083,0.0027176951488267873
McDonalad's has the best pizza Kappa,neither,0.03837998218347495,0.30657414748140965,0.6550458703351154
@shroud do you work out sexy??,neither,0.05415213410545017,0.4041358793839418,0.5417119865106081
will c9 be at dreamhack austin?? @shroud,neither,0.04074772911613878,0.3349312194169931,0.6243210514668681
shroud are you high,offensive_language,0.13069230653822417,0.46534697602468295,0.4039607174370928
"popeyes fish is the bomb, like full on ANELE",neither,0.06835245687145282,0.31848354780806326,0.613163995320484
best chicken nuggets is at wendys,neither,0.04377412164521647,0.3397251359911641,0.6165007423636193
dubstep DansGame,neither,0.03945320844208391,0.33037608806864915,0.630170703489267
Shroud I can talk now,neither,0.017452426181018093,0.33074901606542473,0.6517985577535573
"yassssssss, I was waiting for you to come on!!!! @shroud",neither,0.05042044651498033,0.380443953480358,0.5691356000046617
shroudc9,neither,0.03945320844208391,0.33037608806864915,0.630170703489267
@biannualsquid fuck u mean catfish is life my dude,offensive_language,0.10887005790598733,0.8876986204639702,0.0034313216300424923
Join the new Curse server! https://curse.com/invite/Xv6nbZgd4kugsL2fxlg6NQ,neither,0.04082319323556661,0.27696135383134185,0.6822154529330917
wtf are labats and molsen,offensive_language,0.09383150626341032,0.5555933877236056,0.35057510601298403
of course he works out his right wrist and left fingers,neither,0.05323693130238256,0.32688982148274137,0.619873247214876
shroudC9,neither,0.03945320844208391,0.33037608806864915,0.630170703489267
8O 8),neither,0.03945320844208391,0.33037608806864915,0.630170703489267
Wendys 100% has the best chicken nuggets fuck all of you,offensive_language,0.14482571729649532,0.8330205232270361,0.02215375947646857
dubstep ear rape ftl,neither,0.03945320844208391,0.33037608806864915,0.630170703489267
Song name???,neither,0.038830105554549986,0.3409517702390533,0.6202181242063967
@shroud Do you crouch when you dm? Or do you try not to? :o,offensive_language,0.08327250513591401,0.491169675574728,0.425557819289358
Do you know mcdonald used to sell pizza.,neither,0.0593410035277762,0.360828891709376,0.5798301047628477
you like that canade refference huh lmao,offensive_language,0.07057229965241198,0.48704595893358893,0.4423817414139991
WUB WUB WUB SourPls,neither,0.03945320844208391,0.33037608806864915,0.630170703489267
!sens,neither,0.03945320844208391,0.33037608806864915,0.630170703489267
@ushinaki DPI: 400 - Ingame : 2.5 - Windows: 6/11 - Raw-Input: On - 1000 Hz Polling Rate,neither,0.03781786467716525,0.33814216926935486,0.6240399660534798
You don't have 1k viewers😮,neither,0.05676302590183675,0.3910197382912081,0.552217235806955
song name is eighto,neither,0.0499884954500015,0.3363946489582409,0.6136168555917576
Song name is 8 o,neither,0.0499884954500015,0.3363946489582409,0.6136168555917576
"@turntturtles you right, you right",offensive_language,0.08294747237160117,0.4962873385648823,0.42076518906351656
dafuq is this song?,neither,0.047047786556526756,0.33657273739793503,0.6163794760455382
!tradelink,neither,0.03945320844208391,0.33037608806864915,0.630170703489267
Play game with summit,neither,0.029338076590574164,0.3256985522844631,0.6449633711249628
@shroud Ever had White Castle?,hate_speech,0.5298879609583722,0.40427330946147344,0.06583872958015437
!sub,neither,0.03945320844208391,0.33037608806864915,0.630170703489267
@imanthonytran Subscribe here https://secure.twitch.tv/products/meclipse/ticket?ref=in_chat_subscriber_link,neither,0.06283698991218,0.3096097700840702,0.6275532400037498
!fov,neither,0.03945320844208391,0.33037608806864915,0.630170703489267
Its 5:40 am in the morning in my town,neither,0.03134929342194892,0.27858433717033704,0.690066369407714
!viewmodel,neither,0.03945320844208391,0.33037608806864915,0.630170703489267
wuu i like this song~,neither,0.056632429829344896,0.37005799933289274,0.5733095708377624
when do you crouch awhile shooting,neither,0.04396722198963851,0.4139930885090125,0.542039689501349
!launch´~,neither,0.03945320844208391,0.33037608806864915,0.630170703489267
i only know this from osu,neither,0.04034427101918087,0.3152524306472964,0.6444032983335227
best fries NA is McDonalds dont @ me,neither,0.038681100431072264,0.3507310304198092,0.6105878691491186
!viewmodel,neither,0.03945320844208391,0.33037608806864915,0.630170703489267
"@notoriouslegionc His viewmodel settings are: viewmodel_fov ""68"";viewmodel_offset_x ""2.5"";viewmodel_offset_y ""1"";viewmodel_offset_z ""-1.5"";",neither,0.23661474315658715,0.2198168619923564,0.5435683948510565
@shroud call me daddy <3,neither,0.030511874179142858,0.37960783668306947,0.5898802891377876
!launch,neither,0.03945320844208391,0.33037608806864915,0.630170703489267
VAC,neither,0.03945320844208391,0.33037608806864915,0.630170703489267
what song this is,neither,0.05996683045653229,0.33256274023851656,0.6074704293049512
"@shroud do some killswitch engage radio, shit will make a 3 year old's balls drop",offensive_language,0.050373468549338184,0.9398720285917287,0.009754502858933123
!followage,neither,0.03945320844208391,0.33037608806864915,0.630170703489267
"bruh in my town, the burgers from Burger King, Jack In The Box, and Whataburger all taste the same. It's dreadful",neither,0.033655776401356655,0.35216946246289715,0.6141747611357462
@shroud what is your Spotify playlist,neither,0.1010222030060401,0.3093312454406325,0.5896465515533273
@leuex https://open.spotify.com/user/mgrzesiek162/playlist/2OOV6oRyqoj837Cpu7DnyO,neither,0.03945320844208391,0.33037608806864915,0.630170703489267
1 TAP ONLY,neither,0.03945320844208391,0.33037608806864915,0.630170703489267
Listen to cast callin by migos,neither,0.04490058235978848,0.3588783841086281,0.5962210335315834
subroza wtf,offensive_language,0.04410695246022759,0.7898861884776351,0.16600685906213722
shroudC9 shroudC9 shroudC9 shroudC9 shroudC9 shroudC9,neither,0.03945320844208391,0.33037608806864915,0.630170703489267
@shroud What do you think about SEMPHIS getting back?,neither,0.058762017089824835,0.4627375443537145,0.4785004385564607
Fries and strawberry milkshake,neither,0.03883795358154628,0.2999582461061683,0.6612038003122855
!uptime,neither,0.03945320844208391,0.33037608806864915,0.630170703489267
"If you had the chance, would you punch nothing in the face",neither,0.041218608467592024,0.4347630524399266,0.5240183390924814
shroudInsane shroudInsane shroudInsane shroudInsane shroudInsane shroudInsane shroudInsane,neither,0.03945320844208391,0.33037608806864915,0.630170703489267
TheIlluminati,neither,0.03945320844208391,0.33037608806864915,0.630170703489267
!song,neither,0.038601720699969956,0.3448280572582511,0.616570222041779
Welcome back CwAy14 (2 months) Kreygasm,neither,0.03945320844208391,0.33037608806864915,0.630170703489267
Welcome back JoshuaDeane (23 months) Kreygasm,neither,0.03945320844208391,0.33037608806864915,0.630170703489267
good dont @shroud,neither,0.03836155810431059,0.33075155667809336,0.6308868852175961
On a scale room 1-10 I'm kinda tired,neither,0.03732121336948861,0.3405483867332968,0.6221303998972146
White Castle is actually disgusting,hate_speech,0.472136485918056,0.41830281084906873,0.10956070323287527
@papashroud shroudDad shroudDad shroudDad shroudDad shroudDad,neither,0.03945320844208391,0.33037608806864915,0.630170703489267
XF,neither,0.03945320844208391,0.33037608806864915,0.630170703489267
2 streams in one day PogChamp,neither,0.03909668279251539,0.34729581903794055,0.6136074981695441
Is White Castle even a thing anymore?,hate_speech,0.4649790390734659,0.43032859197605183,0.10469236895048238
dont ever consume anything from white castle,hate_speech,0.4642534737719064,0.4205950069404177,0.11515151928767589
!playlist,neither,0.03945320844208391,0.33037608806864915,0.630170703489267
@dk_na https://open.spotify.com/user/mgrzesiek162/playlist/2OOV6oRyqoj837Cpu7DnyO,neither,0.03945320844208391,0.33037608806864915,0.630170703489267
b4ck,neither,0.03945320844208391,0.33037608806864915,0.630170703489267
hi @Hiko shroudH,neither,0.03945320844208391,0.33037608806864915,0.630170703489267
@shroud Favorite fast food?,neither,0.03945320844208391,0.33037608806864915,0.630170703489267
"shroud, if you had the chance would you punch yourself in the face?",neither,0.043240407316897995,0.40467196080626544,0.5520876318768365
!shroudC9,neither,0.03945320844208391,0.33037608806864915,0.630170703489267
for fun lol,neither,0.023046380011969316,0.36081368567554445,0.6161399343124861
!uptime,neither,0.03945320844208391,0.33037608806864915,0.630170703489267
Ever had Portillos,neither,0.03945320844208391,0.33037608806864915,0.630170703489267
If u had a chance to smash would u do it ?,neither,0.029046278698941098,0.36610323596097405,0.6048504853400848
Bojangles is better than kfc,neither,0.04716736824693234,0.3351868987956063,0.6176457329574614
Best burgers NA is Five Guys,neither,0.04420584933863027,0.3246524122493099,0.6311417384120599
"@TurntTurtles, why?",neither,0.016768318525353994,0.3685911158159394,0.6146405656587067
shwazytv just subscribed! PogChamp,neither,0.02667013123193722,0.39600456006212814,0.5773253087059346
!song,neither,0.038601720699969956,0.3448280572582511,0.616570222041779
!crosshair,neither,0.03945320844208391,0.33037608806864915,0.630170703489267
@danya1191 Ask Shr00d,neither,0.03945320844208391,0.33037608806864915,0.630170703489267
FIVE GUYS IS SO GROSS,neither,0.04628716797401574,0.36814466873827895,0.5855681632877052
@shroud how much fps do you think are enough to Play cs go?,neither,0.07844461369694083,0.32257664221886395,0.5989787440841953
Hiko PogChamp,neither,0.03945320844208391,0.33037608806864915,0.630170703489267
@shroud hi :),neither,0.03945320844208391,0.33037608806864915,0.630170703489267
Kreygasm F I V E G U Y S Kreygasm,neither,0.03945320844208391,0.33037608806864915,0.630170703489267
Where else does he stream?,neither,0.0324025092083051,0.4146819928125652,0.5529154979791298
!config,neither,0.03945320844208391,0.33037608806864915,0.630170703489267
jason youre dead to me,neither,0.04678206376169773,0.3578511026050328,0.5953668336332695
!cfg,neither,0.03945320844208391,0.33037608806864915,0.630170703489267
@shroud What do you think about SEMPHIS getting back?,neither,0.058762017089824835,0.4627375443537145,0.4785004385564607
moon2SMUG style,neither,0.03945320844208391,0.33037608806864915,0.630170703489267
