text,top_class,hate_speech,offensive_language,neither
u just gotta git gud,neither,0.028950928254936763,0.41923922483951154,0.5518098469055518
giveaways rigged?,neither,0.03945320844208391,0.33037608806864915,0.630170703489267
69,neither,0.03945320844208391,0.33037608806864915,0.630170703489267
inpossible,neither,0.03945320844208391,0.33037608806864915,0.630170703489267
sounds like you have won one before,offensive_language,0.06098180424151188,0.48912748012802854,0.4498907156304595
PogChamp,neither,0.03945320844208391,0.33037608806864915,0.630170703489267
Kappa,neither,0.03945320844208391,0.33037608806864915,0.630170703489267
2,neither,0.03945320844208391,0.33037608806864915,0.630170703489267
wtf,offensive_language,0.04410695246022759,0.7898861884776351,0.16600685906213722
Im here Mike,neither,0.09592518383079679,0.3215280746068216,0.5825467415623815
you won 2?,neither,0.08013416156312246,0.43569823313548983,0.48416760530138764
ye,neither,0.03945320844208391,0.33037608806864915,0.630170703489267
shroudOverit shroudOverit shroudOverit shroudOverit shroudOverit shroudOverit shroudOverit shroudOverit shroudOverit,neither,0.03945320844208391,0.33037608806864915,0.630170703489267
hi,neither,0.03945320844208391,0.33037608806864915,0.630170703489267
shroudWithIt,neither,0.03945320844208391,0.33037608806864915,0.630170703489267
I came,neither,0.03945320844208391,0.33037608806864915,0.630170703489267
ayyy,neither,0.03945320844208391,0.33037608806864915,0.630170703489267
oh shittt,neither,0.0450478101092574,0.2772031091301225,0.6777490807606199
woooo,neither,0.03945320844208391,0.33037608806864915,0.630170703489267
!subage,neither,0.03945320844208391,0.33037608806864915,0.630170703489267
"@shroud, pls respond shroud :D",neither,0.03945320844208391,0.33037608806864915,0.630170703489267
hellooo,neither,0.03945320844208391,0.33037608806864915,0.630170703489267
yo why do i have to refresh the stream that you're live? TWITCH fix ur fucking shit,offensive_language,0.10423881707475581,0.894805013277831,0.0009561696474132722
!subage Joyfal,neither,0.03945320844208391,0.33037608806864915,0.630170703489267
!subage,neither,0.03945320844208391,0.33037608806864915,0.630170703489267
PogChamp PogChamp PogChamp PogChamp PogChamp,neither,0.03945320844208391,0.33037608806864915,0.630170703489267
rip,neither,0.03945320844208391,0.33037608806864915,0.630170703489267
it doesnt show,neither,0.05615736421285156,0.24078152279924486,0.7030611129879036
rip,neither,0.03945320844208391,0.33037608806864915,0.630170703489267
tweeG tweeG,neither,0.03945320844208391,0.33037608806864915,0.630170703489267
3,neither,0.03945320844208391,0.33037608806864915,0.630170703489267
SHROUD AND INDEPENDENT,neither,0.03852460340978638,0.282397176840787,0.6790782197494266
OHHHHHHH HELLLLLLLL YEAAHHHHHH,neither,0.03945320844208391,0.33037608806864915,0.630170703489267
Take me out of here SourPls,neither,0.07582381252100823,0.3524966192815523,0.5716795681974396
sheeesh,neither,0.03945320844208391,0.33037608806864915,0.630170703489267
DADDY PogChamp,neither,0.03945320844208391,0.33037608806864915,0.630170703489267
OOHH YEEEH,neither,0.03945320844208391,0.33037608806864915,0.630170703489267
hi,neither,0.03945320844208391,0.33037608806864915,0.630170703489267
heeeeeey,neither,0.03945320844208391,0.33037608806864915,0.630170703489267
SHROUDM Y BOI,neither,0.03945320844208391,0.33037608806864915,0.630170703489267
shroudHype shroudHype shroudHype,neither,0.03945320844208391,0.33037608806864915,0.630170703489267
HEY,neither,0.03945320844208391,0.33037608806864915,0.630170703489267
SHROOOOOOD,neither,0.03945320844208391,0.33037608806864915,0.630170703489267
meddl loide,neither,0.03945320844208391,0.33037608806864915,0.630170703489267
"@shroud, play with summit",neither,0.02888720554038716,0.36715168682429816,0.6039611076353146
HeyGuys,neither,0.03945320844208391,0.33037608806864915,0.630170703489267
okay good I can work on my homework now,neither,0.028386589059578974,0.4058319692969329,0.5657814416434881
Dad,neither,0.03945320844208391,0.33037608806864915,0.630170703489267
SHROOOOD,neither,0.03945320844208391,0.33037608806864915,0.630170703489267
Song is - https://www.youtube.com/watch?v=tEPB7uzKuh4,neither,0.04864686758940343,0.33211689551108264,0.6192362368995139
shoud oot ihana,neither,0.03945320844208391,0.33037608806864915,0.630170703489267
DAD!,neither,0.03945320844208391,0.33037608806864915,0.630170703489267
SHROUD MY BOIII,offensive_language,0.011017215557639733,0.6062201221254095,0.3827626623169507
daddy pls trilluxeE,neither,0.03945320844208391,0.33037608806864915,0.630170703489267
Welcome back shrouddd,neither,0.03945320844208391,0.33037608806864915,0.630170703489267
SUOMI FINLAND PERKELE,neither,0.03945320844208391,0.33037608806864915,0.630170703489267
Pendulum PogChamp,neither,0.03945320844208391,0.33037608806864915,0.630170703489267
RareParrot,neither,0.03945320844208391,0.33037608806864915,0.630170703489267
Hallo 4Head,neither,0.03945320844208391,0.33037608806864915,0.630170703489267
i dont know how did i survive the week without shroud's stream,neither,0.03887183340454341,0.31983128892548984,0.6412968776699668
"@Shroud, play with summit !!",neither,0.02888720554038716,0.36715168682429816,0.6039611076353146
yooooooooo,neither,0.03945320844208391,0.33037608806864915,0.630170703489267
OMG,neither,0.03945320844208391,0.33037608806864915,0.630170703489267
OON HOMO,neither,0.31346249532902065,0.23613172944728353,0.4504057752236958
tatW Creativly,neither,0.03945320844208391,0.33037608806864915,0.630170703489267
Hey,neither,0.03945320844208391,0.33037608806864915,0.630170703489267
Kreygasm Kreygasm Kreygasm Kreygasm,neither,0.03945320844208391,0.33037608806864915,0.630170703489267
Easy,neither,0.03945320844208391,0.33037608806864915,0.630170703489267
shroudDad,neither,0.03945320844208391,0.33037608806864915,0.630170703489267
@depgod Chello,neither,0.03945320844208391,0.33037608806864915,0.630170703489267
HEY DUDE,neither,0.03945320844208391,0.33037608806864915,0.630170703489267
SHROOD,neither,0.03945320844208391,0.33037608806864915,0.630170703489267
KappaPride,neither,0.03945320844208391,0.33037608806864915,0.630170703489267
Autismi on kova täällä,neither,0.02983740057173753,0.3797445071048369,0.5904180923234256
yaasssssss,neither,0.03945320844208391,0.33037608806864915,0.630170703489267
GET IT,neither,0.03490679507544832,0.35300313020848223,0.6120900747160695
"""hallo""? do you speak german:)",neither,0.057865211398893425,0.3762354182282089,0.5658993703728977
PogChamp PogChamp PogChamp,neither,0.03945320844208391,0.33037608806864915,0.630170703489267
DAD,neither,0.03945320844208391,0.33037608806864915,0.630170703489267
YES,neither,0.03945320844208391,0.33037608806864915,0.630170703489267
is that the real shrood? 🤔,offensive_language,0.032993996677246874,0.5323207995052675,0.4346852038174856
o/,neither,0.03945320844208391,0.33037608806864915,0.630170703489267
nawFeels shroudC9 shroudHype shroudC9 shroudHype shroudC9 shroudHype,neither,0.03945320844208391,0.33037608806864915,0.630170703489267
HES BACK!,neither,0.03945320844208391,0.33037608806864915,0.630170703489267
im eating almond butter,neither,0.03876593812042416,0.35647972847817117,0.6047543334014046
"@classyho, lol",neither,0.020706217963973744,0.4882283491876925,0.4910654328483337
HELLO,neither,0.03945320844208391,0.33037608806864915,0.630170703489267
!crosshair,neither,0.03945320844208391,0.33037608806864915,0.630170703489267
"@f0rbul cl_crosshairsize 5, cl_crosshairstyle 2, cl_crosshairthickness 1.5, cl_crosshairdrawoutilne 1, cl_crosshaircolor 5, cl_crosshaircolor_b 255,cl_crosshaircolor_g 255, cl_crosshaircolor_r 255 , cl_crosshairgap 0",neither,0.03945320844208391,0.33037608806864915,0.630170703489267
B O I S,neither,0.03945320844208391,0.33037608806864915,0.630170703489267
shroudHype shroudC9 shroudHype shroudC9 shroudHype,neither,0.03945320844208391,0.33037608806864915,0.630170703489267
daddy,neither,0.03945320844208391,0.33037608806864915,0.630170703489267
HEY MIKE,neither,0.03945320844208391,0.33037608806864915,0.630170703489267
shr000d shroudW shroudMilk,neither,0.03945320844208391,0.33037608806864915,0.630170703489267
Yeeeeeeeeeeees Shrouuuuuuud YEEEEES 😍,neither,0.03945320844208391,0.33037608806864915,0.630170703489267
YEAAAAAAAA,neither,0.03945320844208391,0.33037608806864915,0.630170703489267
Fake Shroud Kappa,neither,0.03945320844208391,0.33037608806864915,0.630170703489267
"@classyho, YES DAD",neither,0.03945320844208391,0.33037608806864915,0.630170703489267
Broken chat PogChamp,neither,0.03945320844208391,0.33037608806864915,0.630170703489267
(ditto),neither,0.03945320844208391,0.33037608806864915,0.630170703489267
is this hikos stream??,neither,0.04907462259199723,0.3288661739393127,0.6220592034686901
shroud fengGasm,neither,0.03945320844208391,0.33037608806864915,0.630170703489267
SUUUUUUUP,neither,0.03945320844208391,0.33037608806864915,0.630170703489267
why am i not a mod here i don't understand shrewt,neither,0.06291049827597506,0.31570054591315505,0.62138895581087
shorrod,neither,0.03945320844208391,0.33037608806864915,0.630170703489267
Guten Tag,neither,0.03945320844208391,0.33037608806864915,0.630170703489267
shroudW shroudW shroudW shroudW shroudW shroudW,neither,0.03945320844208391,0.33037608806864915,0.630170703489267
anysen OSsloth,neither,0.03945320844208391,0.33037608806864915,0.630170703489267
BB ITS BEEN SO LONG,neither,0.03379066859059425,0.3738706659014474,0.5923386655079584
Join the new Curse server! https://curse.com/invite/Xv6nbZgd4kugsL2fxlg6NQ,neither,0.04082319323556661,0.27696135383134185,0.6822154529330917
pendulum time,neither,0.036668274527354654,0.377643684699956,0.5856880407726893
this is stewie2ks stream,neither,0.04907462259199723,0.3288661739393127,0.6220592034686901
I am shroot,neither,0.03902346103501681,0.3305238979082658,0.6304526410567174
OSsloth,neither,0.03945320844208391,0.33037608806864915,0.630170703489267
shroudW shroudW shroudW shroudW,neither,0.03945320844208391,0.33037608806864915,0.630170703489267
Is the chat weird for anyone else or just me,neither,0.031771859061446736,0.33873285606727344,0.6294952848712799
surp bro,neither,0.03945320844208391,0.33037608806864915,0.630170703489267
dareHi Hey chat,neither,0.03945320844208391,0.33037608806864915,0.630170703489267
hi shroud!,neither,0.03945320844208391,0.33037608806864915,0.630170703489267
Finally,neither,0.03945320844208391,0.33037608806864915,0.630170703489267
hey,neither,0.03945320844208391,0.33037608806864915,0.630170703489267
"@theValveAntiCheat, yes it is the real shroud, fake shroud doesnt have this long ass waiting screen",offensive_language,0.08861678856459454,0.8676957325155253,0.043687478919880236
Heyyy,neither,0.03945320844208391,0.33037608806864915,0.630170703489267
hi shroud,neither,0.03945320844208391,0.33037608806864915,0.630170703489267
(ditto),neither,0.03945320844208391,0.33037608806864915,0.630170703489267
HeyGuys,neither,0.03945320844208391,0.33037608806864915,0.630170703489267
Welcome back DadyShroud,neither,0.03945320844208391,0.33037608806864915,0.630170703489267
me first,neither,0.018850461058803916,0.40301099929825307,0.578138539642943
weedFaded weedFaded weedFaded,neither,0.03945320844208391,0.33037608806864915,0.630170703489267
Ditto,neither,0.03945320844208391,0.33037608806864915,0.630170703489267
Shroud online LUL,neither,0.03945320844208391,0.33037608806864915,0.630170703489267
shroudW shroudW,neither,0.03945320844208391,0.33037608806864915,0.630170703489267
its been so long shroud im glad ur back,neither,0.05001685284414597,0.3899341862542971,0.5600489609015571
hi,neither,0.03945320844208391,0.33037608806864915,0.630170703489267
hi,neither,0.03945320844208391,0.33037608806864915,0.630170703489267
🐍🐍,neither,0.03945320844208391,0.33037608806864915,0.630170703489267
3,neither,0.03945320844208391,0.33037608806864915,0.630170703489267
BloodTrail,neither,0.03945320844208391,0.33037608806864915,0.630170703489267
still waiting xd,neither,0.038224000827163575,0.35123894927009114,0.6105370499027453
shrouds streaming im out,neither,0.0342763917709985,0.38020376892719543,0.5855198393018062
TheIlluminati TheIlluminati TheIlluminati,neither,0.03945320844208391,0.33037608806864915,0.630170703489267
OMG SHROUD FINALLY I JOIN YOUR STREAM FOR THE FIRST TIME. Fuck yeah @shroud,offensive_language,0.10613093774664475,0.8580042503126776,0.035864811940677734
cumooonnn,neither,0.03945320844208391,0.33037608806864915,0.630170703489267
it get s so boring listening Moe bitch and wine about crap,offensive_language,0.015907479017783496,0.981604723951148,0.002487797031068509
empieza luego la wea po ctm,neither,0.03945320844208391,0.33037608806864915,0.630170703489267
Hi shroooodd,neither,0.03945320844208391,0.33037608806864915,0.630170703489267
2323232323323232323232,neither,0.03945320844208391,0.33037608806864915,0.630170703489267
FeelsBadMan FeelsGoodMan FeelsAmazingMan three frames when you see that shroud started streaming,neither,0.039067915296716695,0.43371596232386533,0.527216122379418
shroud hype!!!,neither,0.03945320844208391,0.33037608806864915,0.630170703489267
!sens,neither,0.03945320844208391,0.33037608806864915,0.630170703489267
@spiocc_gg DPI: 400 - Ingame : 2.5 - Windows: 6/11 - Raw-Input: On - 1000 Hz Polling Rate,neither,0.03781786467716525,0.33814216926935486,0.6240399660534798
ROUDY SHROUDY <3,neither,0.03945320844208391,0.33037608806864915,0.630170703489267
shroud watch thoorin's latest video they pretty much talk about c9 and optic,neither,0.02909801680438309,0.2587069551699905,0.7121950280256266
!crosshair,neither,0.03945320844208391,0.33037608806864915,0.630170703489267
shrood,neither,0.03945320844208391,0.33037608806864915,0.630170703489267
:O,neither,0.03945320844208391,0.33037608806864915,0.630170703489267
hi,neither,0.03945320844208391,0.33037608806864915,0.630170703489267
Ok,neither,0.03935517884257045,0.3320399062092607,0.6286049149481688
sumW,neither,0.03945320844208391,0.33037608806864915,0.630170703489267
suh,neither,0.03945320844208391,0.33037608806864915,0.630170703489267
lolololl zx-xddd,neither,0.03945320844208391,0.33037608806864915,0.630170703489267
!crosshair,neither,0.03945320844208391,0.33037608806864915,0.630170703489267
shroud,neither,0.03945320844208391,0.33037608806864915,0.630170703489267
Shr00d.exe,neither,0.03945320844208391,0.33037608806864915,0.630170703489267
finally!,neither,0.03945320844208391,0.33037608806864915,0.630170703489267
:o,neither,0.03945320844208391,0.33037608806864915,0.630170703489267
PogChamp PogChamp PogChamp PogChamp PogChamp PogChamp PogChamp PogChamp PogChamp,neither,0.03945320844208391,0.33037608806864915,0.630170703489267
Hello :D,neither,0.03945320844208391,0.33037608806864915,0.630170703489267
Shroud is bae,neither,0.04774802271121307,0.40523027171091003,0.5470217055778768
HeyGuys,neither,0.03945320844208391,0.33037608806864915,0.630170703489267
feels bad man,neither,0.03573224765122619,0.40722402411743597,0.5570437282313377
halo,neither,0.03945320844208391,0.33037608806864915,0.630170703489267
HI,neither,0.03945320844208391,0.33037608806864915,0.630170703489267
SUP,neither,0.03945320844208391,0.33037608806864915,0.630170703489267
hi shroud,neither,0.03945320844208391,0.33037608806864915,0.630170703489267
too bad the battlegrounds duals are over feelsbadman,neither,0.05988188161335775,0.26273278424604446,0.6773853341405977
omg he speeks,neither,0.0483989551896883,0.3272992355495408,0.6243018092607708
helloooooo,neither,0.03945320844208391,0.33037608806864915,0.630170703489267
HI DAD,neither,0.03945320844208391,0.33037608806864915,0.630170703489267
yooo,neither,0.03945320844208391,0.33037608806864915,0.630170703489267
hi,neither,0.03945320844208391,0.33037608806864915,0.630170703489267
hasssah duuude,neither,0.03945320844208391,0.33037608806864915,0.630170703489267
HELLOOOOOO,neither,0.03945320844208391,0.33037608806864915,0.630170703489267
hellllooo,neither,0.03945320844208391,0.33037608806864915,0.630170703489267
shroud watch thoorin's latest video they pretty much talk about c9 and optic,neither,0.02909801680438309,0.2587069551699905,0.7121950280256266
yo!,offensive_language,0.04010381111145228,0.5271105317972344,0.4327856570913131
WASSUP,neither,0.33529425248498695,0.08556156890646638,0.5791441786085466
shroudHype,neither,0.03945320844208391,0.33037608806864915,0.630170703489267
WOOO HE LIVES,neither,0.047411426400912324,0.32763889198372853,0.6249496816153592
Hi dad,neither,0.03945320844208391,0.33037608806864915,0.630170703489267
SHROUD AND INDEPENDENT!!!!,neither,0.03852460340978638,0.282397176840787,0.6790782197494266
cykaaaaaaaa,neither,0.03945320844208391,0.33037608806864915,0.630170703489267
High,neither,0.033145104355715105,0.48079866637856256,0.4860562292657223
hi dad,neither,0.03945320844208391,0.33037608806864915,0.630170703489267
ALOHA,neither,0.03945320844208391,0.33037608806864915,0.630170703489267
hii anomPapa,neither,0.03945320844208391,0.33037608806864915,0.630170703489267
Hi guys,neither,0.03930687933907141,0.3328596748352989,0.6278334458256297
im here for the grills,neither,0.07057653737360782,0.2861860255391424,0.6432374370872498
hi smelly,neither,0.03945320844208391,0.33037608806864915,0.630170703489267
Hello,neither,0.03945320844208391,0.33037608806864915,0.630170703489267
hu,neither,0.03945320844208391,0.33037608806864915,0.630170703489267
Shr0udy gettin ROWDY BOISSSS,neither,0.03945320844208391,0.33037608806864915,0.630170703489267
shroom,neither,0.03945320844208391,0.33037608806864915,0.630170703489267
Hi Dad,neither,0.03945320844208391,0.33037608806864915,0.630170703489267
Hello,neither,0.03945320844208391,0.33037608806864915,0.630170703489267
PogChamp,neither,0.03945320844208391,0.33037608806864915,0.630170703489267
HELLO MAN,neither,0.03965108193617412,0.41507551703727336,0.5452734010265525
ROUDY SHROUDY!!!!! <3,neither,0.03945320844208391,0.33037608806864915,0.630170703489267
"@Shroud, dareHi",neither,0.03945320844208391,0.33037608806864915,0.630170703489267
osu!,neither,0.03945320844208391,0.33037608806864915,0.630170703489267
shroud can u be my bae?,offensive_language,0.02352737220917198,0.4982742382079963,0.4781983895828316
PogChamp,neither,0.03945320844208391,0.33037608806864915,0.630170703489267
ellhooooo,neither,0.03945320844208391,0.33037608806864915,0.630170703489267
so glad ur back,neither,0.06811251062172134,0.36993794356051124,0.5619495458177673
HYPE EVERYONE!!!!!!,neither,0.03279139948631474,0.4434443719840102,0.5237642285296751
Welcome back TheFancyViking (4 months) shroudInsane,neither,0.03945320844208391,0.33037608806864915,0.630170703489267
PogChamp,neither,0.03945320844208391,0.33037608806864915,0.630170703489267
shroudaddy!!,neither,0.03945320844208391,0.33037608806864915,0.630170703489267
yeh!!!!!!!!!!!!!!!!,neither,0.03945320844208391,0.33037608806864915,0.630170703489267
Daddy shrood,neither,0.03945320844208391,0.33037608806864915,0.630170703489267
Ayoooo,neither,0.03945320844208391,0.33037608806864915,0.630170703489267
HYPE,neither,0.03945320844208391,0.33037608806864915,0.630170703489267
welcome back shroud! shroudW shroudMilk,neither,0.03945320844208391,0.33037608806864915,0.630170703489267
Ily shroud,neither,0.03945320844208391,0.33037608806864915,0.630170703489267
Fix chat pogchamp,neither,0.03945320844208391,0.33037608806864915,0.630170703489267
PogChamp dat voice Kreygasm,neither,0.03945320844208391,0.33037608806864915,0.630170703489267
@shroud are you getting roudy tonight shroudy>,neither,0.09324384880506262,0.3767805911313473,0.5299755600635899
!subs,neither,0.03945320844208391,0.33037608806864915,0.630170703489267
TriHard,neither,0.03945320844208391,0.33037608806864915,0.630170703489267
Notice me senpai shrood!,neither,0.030417710561350883,0.38017139541472955,0.5894108940239196
PogChamp,neither,0.03945320844208391,0.33037608806864915,0.630170703489267
Welcome back ItsDays (3 months) shroudBurn,neither,0.03945320844208391,0.33037608806864915,0.630170703489267
HALLO IS GERMAN,neither,0.05005952611256733,0.3267280890626825,0.6232123848247502
krebaxd just subscribed shroudH,neither,0.02667013123193722,0.39600456006212814,0.5773253087059346
...,neither,0.03945320844208391,0.33037608806864915,0.630170703489267
!commands,neither,0.03945320844208391,0.33037608806864915,0.630170703489267
@fancysalara http://hnlbot.com/commands/shroud,neither,0.03558056210193769,0.1941005909087057,0.7703188469893567
BibleThump BibleThump BibleThump BibleThump BibleThump FailFish FailFish,neither,0.03945320844208391,0.33037608806864915,0.630170703489267
legend says shroud takes 1 min to get ready,neither,0.04371012116955664,0.3337825494091705,0.6225073294212728
@xMatzMan or dutch,neither,0.03945320844208391,0.33037608806864915,0.630170703489267
Rumor: shroud announces csgo retirement today on stream,neither,0.03690016105095174,0.3248441769872864,0.638255661961762
shroud your intro still there,neither,0.06937705531328515,0.2940173026127058,0.636605642074009
hallo,neither,0.03945320844208391,0.33037608806864915,0.630170703489267
Welcome back OneGabis (6 months) shroudDad,neither,0.03945320844208391,0.33037608806864915,0.630170703489267
Hello !,neither,0.03945320844208391,0.33037608806864915,0.630170703489267
hey shorudddyyyy,neither,0.03945320844208391,0.33037608806864915,0.630170703489267
sumW,neither,0.03945320844208391,0.33037608806864915,0.630170703489267
hi dad.,neither,0.03945320844208391,0.33037608806864915,0.630170703489267
!uptime,neither,0.03945320844208391,0.33037608806864915,0.630170703489267
its been like 3 mins,neither,0.042900906012702,0.35672945611037643,0.6003696378769217
sum2,neither,0.03945320844208391,0.33037608806864915,0.630170703489267
papa shroud,neither,0.03945320844208391,0.33037608806864915,0.630170703489267
!playlist,neither,0.03945320844208391,0.33037608806864915,0.630170703489267
FUNgineer FUNgineer,neither,0.03945320844208391,0.33037608806864915,0.630170703489267
SSSsss,neither,0.03945320844208391,0.33037608806864915,0.630170703489267
Will you quit csgo?,neither,0.05783261542199499,0.3522609588968663,0.5899064256811386
sumBlind sumBlind sumBlind,neither,0.03945320844208391,0.33037608806864915,0.630170703489267
sumW,neither,0.03945320844208391,0.33037608806864915,0.630170703489267
NerfRedBlaster NerfRedBlaster NerfRedBlaster,neither,0.03945320844208391,0.33037608806864915,0.630170703489267
shroudW shroudW shroudW shroudW shroudW shroudW shroudW shroudW shroudW shroudW,neither,0.03945320844208391,0.33037608806864915,0.630170703489267
Hi daddy,neither,0.03945320844208391,0.33037608806864915,0.630170703489267
!song,neither,0.038601720699969956,0.3448280572582511,0.616570222041779
!shroud,neither,0.03945320844208391,0.33037608806864915,0.630170703489267
you suck,offensive_language,0.16450004709331634,0.4394260942096852,0.39607385869699846
Pidr,neither,0.03945320844208391,0.33037608806864915,0.630170703489267
SHROUD AND INDEPENDENT,neither,0.03852460340978638,0.282397176840787,0.6790782197494266
turn it on so i can resub shroudW shroudMilk,neither,0.03440078358843479,0.4020512528454228,0.5635479635661425
sumw,neither,0.03945320844208391,0.33037608806864915,0.630170703489267
Synced song?,neither,0.038601720699969956,0.3448280572582511,0.616570222041779
shroud watch thoorin's latest video they pretty much talk about c9 and optic,neither,0.02909801680438309,0.2587069551699905,0.7121950280256266
Rot tvoy ebal sin sobaki,neither,0.03945320844208391,0.33037608806864915,0.630170703489267
the god,neither,0.03787558888030183,0.3008815747844735,0.6612428363352246
Match today?,neither,0.03772417882188365,0.3035971105382451,0.6586787106398713
Join the new Curse server! https://curse.com/invite/Xv6nbZgd4kugsL2fxlg6NQ,neither,0.04082319323556661,0.27696135383134185,0.6822154529330917
Wassup,neither,0.33529425248498695,0.08556156890646638,0.5791441786085466
asuhhhh,neither,0.03945320844208391,0.33037608806864915,0.630170703489267
Hey,neither,0.03945320844208391,0.33037608806864915,0.630170703489267
hallo blya ebat`,neither,0.03945320844208391,0.33037608806864915,0.630170703489267
Kreygasm,neither,0.03945320844208391,0.33037608806864915,0.630170703489267
there he is PogChamp,neither,0.06696178465494368,0.25359748659330317,0.6794407287517531
@shroud go play for optic,neither,0.03250540129147318,0.29326109122044686,0.6742335074880799
PogChamp,neither,0.03945320844208391,0.33037608806864915,0.630170703489267
whapuuuud,neither,0.03945320844208391,0.33037608806864915,0.630170703489267
BlessRNG (ditto) (ditto) (ditto) BlessRNG,neither,0.03945320844208391,0.33037608806864915,0.630170703489267
:D,neither,0.03945320844208391,0.33037608806864915,0.630170703489267
TriHard,neither,0.03945320844208391,0.33037608806864915,0.630170703489267
shroudW shroudMilk shroudW shroudMilk shroudW shroudMilk shroudW shroudMilk shroudW shroudMilk,neither,0.03945320844208391,0.33037608806864915,0.630170703489267
update OBS Kappa,neither,0.03945320844208391,0.33037608806864915,0.630170703489267
@shroud shroudW shroudMilk yo,offensive_language,0.04010381111145228,0.5271105317972344,0.4327856570913131
good song for yall to listen to is capital steez vibe ratings,neither,0.04570861284043488,0.3257088466299404,0.6285825405296247
@shroud pls notice me pls,neither,0.03497807589348559,0.35399297687680975,0.6110289472297047
Greetings mike how was your flight?,neither,0.06825055838359965,0.3242054496510029,0.6075439919653974
German stream PogChamp,neither,0.03945320844208391,0.33037608806864915,0.630170703489267
that hair :p,neither,0.03301149395749379,0.4011829429291309,0.5658055631133754
hey @shroud,neither,0.03945320844208391,0.33037608806864915,0.630170703489267
huiBunt huiBunt huiBunt,neither,0.03945320844208391,0.33037608806864915,0.630170703489267
heyy,neither,0.03945320844208391,0.33037608806864915,0.630170703489267
hallo moto,neither,0.03945320844208391,0.33037608806864915,0.630170703489267
"@Shroud, sumW",neither,0.03945320844208391,0.33037608806864915,0.630170703489267
Shroooood,neither,0.03945320844208391,0.33037608806864915,0.630170703489267
Hallao,neither,0.03945320844208391,0.33037608806864915,0.630170703489267
!cfg,neither,0.03945320844208391,0.33037608806864915,0.630170703489267
@dooplex1337 His config can be found on his ESEA page here: http://play.esea.net/users/248592 OR in the FAQ section down below! (Don't click on the link that the bot whispers you),neither,0.07495492607328838,0.29592674608676545,0.6291183278399461
!video,neither,0.049266163358008055,0.16382463337382713,0.7869092032681648
@shroud how sad were u when VP got eliminated?,neither,0.03221372219749589,0.3790730620659651,0.5887132157365389
!resolution,neither,0.03945320844208391,0.33037608806864915,0.630170703489267
shroooooooooud,neither,0.03945320844208391,0.33037608806864915,0.630170703489267
"@Shroud, sup dude.",neither,0.03945320844208391,0.33037608806864915,0.630170703489267
shroud can u play comp?,neither,0.039941075854229305,0.3220957048520548,0.6379632192937158
"hello Grzesiek, Greetings from Poland",neither,0.040875471929787875,0.3062365648703896,0.6528879631998226
SHROUD BACK BBY,neither,0.03945320844208391,0.33037608806864915,0.630170703489267
shroud's back time to shout my longest ye boi ever,neither,0.03517793893449898,0.39168255115090017,0.5731395099146008
there is !,neither,0.058135835131279276,0.24227746891369034,0.6995866959550303
Welcome back DuhhhEnacT (3 months) shroudTilt,neither,0.03945320844208391,0.33037608806864915,0.630170703489267
!help,neither,0.03945320844208391,0.33037608806864915,0.630170703489267
@slowdisq Twitch message or whisper Creativly on Twitch or message him on Twitter ( https://twitter.com/Creativlyy ) . Or tweet @hnlbot on twitter for help.,neither,0.03420816798475948,0.43866699843580587,0.5271248335794345
hack . com,neither,0.03945320844208391,0.33037608806864915,0.630170703489267
Welcome back Lurnnnn (4 months) shroudWhiff,neither,0.03945320844208391,0.33037608806864915,0.630170703489267
Shrooooooooooooood,neither,0.03945320844208391,0.33037608806864915,0.630170703489267
Welcome back DefusedMC (15 months) shroudBhop,neither,0.03945320844208391,0.33037608806864915,0.630170703489267
he's here boisss legend is here,neither,0.18036442552064863,0.24762965135764375,0.5720059231217075
If shroud sees this and says hi to me,neither,0.024554883873650558,0.36933917208099953,0.6061059440453499
Thanks for subscribing with Prime thecrispycreamer,neither,0.023796193918851447,0.32351757895080435,0.6526862271303442
@dee4chan 1920x1080,neither,0.03945320844208391,0.33037608806864915,0.630170703489267
huiBunt huiBunt huiBunt huiRound,neither,0.03945320844208391,0.33037608806864915,0.630170703489267
Hello from russki suka blyat!!!,neither,0.040875471929787875,0.3062365648703896,0.6528879631998226
"@Shroud, @MarkE_1, sumW",neither,0.03945320844208391,0.33037608806864915,0.630170703489267
@shroud what are your monitor settings?,neither,0.26381456804639414,0.19972336487178252,0.5364620670818234
@deyastus This should cover everything - https://oddshot.tv/shot/shroud/Uzo5ePmU5eNGfJjUBBuyr41e,neither,0.04850576097466769,0.3582940665363575,0.5932001724889747
HeyGuys,neither,0.03945320844208391,0.33037608806864915,0.630170703489267
Welcome back ImAlwaysLurkin (2 months) shroudA,neither,0.03945320844208391,0.33037608806864915,0.630170703489267
Welcome back thestone87 (2 months) shroudSellout,neither,0.03945320844208391,0.33037608806864915,0.630170703489267
!uptime,neither,0.03945320844208391,0.33037608806864915,0.630170703489267
FFA Kappa,neither,0.03945320844208391,0.33037608806864915,0.630170703489267
shroud,neither,0.03945320844208391,0.33037608806864915,0.630170703489267
!crosshair,neither,0.03945320844208391,0.33037608806864915,0.630170703489267
"@mrpearsonnnn cl_crosshairsize 5, cl_crosshairstyle 2, cl_crosshairthickness 1.5, cl_crosshairdrawoutilne 1, cl_crosshaircolor 5, cl_crosshaircolor_b 255,cl_crosshaircolor_g 255, cl_crosshaircolor_r 255 , cl_crosshairgap 0",neither,0.03945320844208391,0.33037608806864915,0.630170703489267
Welcome back fuzion2k (2 months) shroudBurn,neither,0.03945320844208391,0.33037608806864915,0.630170703489267
!video,neither,0.049266163358008055,0.16382463337382713,0.7869092032681648
krispykreme = froggyfresh,neither,0.03945320844208391,0.33037608806864915,0.630170703489267
@shroud greetings from Poland,neither,0.04228451509352876,0.2823214250720796,0.6753940598343917
SHROUD AND INDEPENDENT :D,neither,0.03852460340978638,0.282397176840787,0.6790782197494266
change yo name,neither,0.03963968461797735,0.4175215841529143,0.5428387312291082
did u say shut up keem?,neither,0.05417784890419299,0.36724575783224467,0.5785763932635622
!video robertisbaeeeeee,neither,0.049266163358008055,0.16382463337382713,0.7869092032681648
@robertisbaeeeeee His video settings are: https://gyazo.com/a4de6b3c8645897647b8ee0dc1189590 (picture taken 12.29.2016),neither,0.07441748442788888,0.2550711281234634,0.6705113874486478
!settings,neither,0.03945320844208391,0.33037608806864915,0.630170703489267
"Yo Shroud, how you doin",offensive_language,0.06215977732363148,0.4930602062783807,0.44478001639798787
Are you in the cloud9 hause right now,neither,0.1153851903918553,0.3235102167781773,0.5611045928299675
Welcome back SAO_Inferno (3 months) shroudBurn,neither,0.03945320844208391,0.33037608806864915,0.630170703489267
@shroud are you gnna play the new tom clancy?,neither,0.10144461336954079,0.2116893227121829,0.6868660639182763
@shroud what are your monitor settings?,neither,0.26381456804639414,0.19972336487178252,0.5364620670818234
shroud watch thoorin's latest video they pretty much talk about c9 and optic,neither,0.02909801680438309,0.2587069551699905,0.7121950280256266
OMG its Shrewd,neither,0.031071987481826623,0.3332587742828187,0.6356692382353547
!cfg,neither,0.03945320844208391,0.33037608806864915,0.630170703489267
players unknown today?,neither,0.03815455437164662,0.31047301117787823,0.6513724344504752
i think twitch is weird,neither,0.047333366790418,0.31985751911343074,0.6328091140961513
what is this headset ?,neither,0.07282678549990032,0.31792604547631814,0.6092471690237815
@Deyastus i think he has all settings listed,neither,0.051909170302337375,0.4077981307822721,0.5402926989153903
good,neither,0.037820165765928906,0.33093776632913474,0.6312420679049364
@SHROUD I FUCKED UP,offensive_language,0.03776469212613609,0.9067267585177469,0.055508549356117064
Welcome back jolte0nz (4 months) shroudOverit,neither,0.03945320844208391,0.33037608806864915,0.630170703489267
!config,neither,0.03945320844208391,0.33037608806864915,0.630170703489267
@robertisbaeeeeee His config can be found on his ESEA page here: http://play.esea.net/users/248592 OR in the FAQ section down below!,neither,0.0839337416261435,0.2602498405772156,0.6558164177966408
!res,neither,0.03945320844208391,0.33037608806864915,0.630170703489267
@shroud watch thorins video,neither,0.05621021932938811,0.20150748821860223,0.7422822924520097
Good shroud missed the fun streams in my life but they back,neither,0.027497978894484895,0.4177141609003038,0.5547878602052113
You excited for your games against IMT tonight?,neither,0.06550186366032712,0.29711783370417894,0.6373803026354941
Why are you so god youtube and twitch and csgo i loven you shroude,neither,0.0640820683603377,0.3406744633172236,0.5952434683224387
it says 2 months but its been longer,neither,0.031162677584045426,0.3443377058481266,0.624499616567828
Hello dude! Say hello to Artem,neither,0.044022535737990524,0.3276795402686289,0.6282979239933806
"@Shroud, Did you see Thorin did a video with Freakazoid",neither,0.04708834525815547,0.3217246793519104,0.6311869753899341
hi @marKE_1,neither,0.03945320844208391,0.33037608806864915,0.630170703489267
"@Deyastus, in the description thingy below",neither,0.03881300958291223,0.31874676210124364,0.642440228315844
SHROUD AND INDEPENDENT,neither,0.03852460340978638,0.282397176840787,0.6790782197494266
Hi shroud,neither,0.03945320844208391,0.33037608806864915,0.630170703489267
So heard u guys are doing 6 days of pract now. Is that going to interfere with streaming? @shroud,neither,0.049876537245145694,0.38491398102775354,0.5652094817271008
Welcome back BullDzn (3 months) shroudPigeon,neither,0.03945320844208391,0.33037608806864915,0.630170703489267
can we buy the ibp c9 pc case,neither,0.03882756322028794,0.31564894064749827,0.6455234961322137
shroud :D,neither,0.03945320844208391,0.33037608806864915,0.630170703489267
I think he already changed,neither,0.04442154566584415,0.3376286236836675,0.6179498306504885
"Hey Shroud, thoughts on Stewie saying that if you don't ""step up"" he's going to drop you??",offensive_language,0.044170216757567105,0.4882928256986396,0.4675369575437932
when is a next major?,neither,0.03545562881781354,0.39268308882452974,0.5718612823576568
@shroud i wish you always had like 1500 viewers because you respond more to viewers lul,neither,0.06501379164442068,0.4010509298600749,0.5339352784955044
!res,neither,0.03945320844208391,0.33037608806864915,0.630170703489267
@st1veyo He plays at 1920x1080,neither,0.0452480919340949,0.3577890385339979,0.5969628695319072
Welcome back bdblock94 (6 months) shroudOverit,neither,0.03945320844208391,0.33037608806864915,0.630170703489267
Is this Trails of Sevens @shroud,neither,0.05901210796655965,0.32696539943122555,0.6140224926022149
PogChamp,neither,0.03945320844208391,0.33037608806864915,0.630170703489267
!sens,neither,0.03945320844208391,0.33037608806864915,0.630170703489267
change you res,neither,0.07444497043246864,0.42279754643165773,0.5027574831358737
hihi,neither,0.03945320844208391,0.33037608806864915,0.630170703489267
ip?,neither,0.03945320844208391,0.33037608806864915,0.630170703489267
it would be nice if you could bring your setting into lan ^^,neither,0.051052753895091764,0.3895218929215254,0.559425353183383
!sens,neither,0.03945320844208391,0.33037608806864915,0.630170703489267
f,neither,0.03945320844208391,0.33037608806864915,0.630170703489267
!uptime,neither,0.03945320844208391,0.33037608806864915,0.630170703489267
<3 loveu dude,neither,0.03945320844208391,0.33037608806864915,0.630170703489267
Thanks for subscribing with Prime RaptorSS24,neither,0.023796193918851447,0.32351757895080435,0.6526862271303442
Hi sheoud,neither,0.03945320844208391,0.33037608806864915,0.630170703489267
Do you guys still use 77 cm desk high?,neither,0.023875139558328335,0.4858276207226716,0.4902972397190001
@shroud thoughts on not making it out of groups?,neither,0.03306968638537741,0.34692449186194124,0.6200058217526814
beast,neither,0.03945320844208391,0.33037608806864915,0.630170703489267
On lan,neither,0.03604994862660617,0.3468118372728627,0.617138214100531
HE NOTICED MEEEE SENPEIII,neither,0.046611222423217774,0.32791411882549326,0.625474658751289
Sup shroud :D,neither,0.03945320844208391,0.33037608806864915,0.630170703489267
"@Shroud, ip?",neither,0.03945320844208391,0.33037608806864915,0.630170703489267
Fuck my keyboard,offensive_language,0.10945371073258608,0.889991193524778,0.0005550957426358266
ip plz :D,neither,0.03945320844208391,0.33037608806864915,0.630170703489267
muahaha,neither,0.03945320844208391,0.33037608806864915,0.630170703489267
song please,neither,0.038839061904584526,0.3407997576047561,0.6203611804906594
bulldzn? are you a designer?,neither,0.1114980837032638,0.3254005988514716,0.5631013174452646
sup everyone,neither,0.0329156616963718,0.44133531798081543,0.5257490203228127
Welcome back Cascoid (10 months) shroudPalm,neither,0.03945320844208391,0.33037608806864915,0.630170703489267
I do,neither,0.04358573029058539,0.32895472430567013,0.6274595454037444
"@Kypawa36, tapa ittes vitun homo kukaa ei tykkää susta että siitä vaa hyppää sillalta vitun vammane",neither,0.1850427136649654,0.2803011811280166,0.5346561052070179
gonna play wildlands shrood?,neither,0.03785503690846681,0.40424451450070353,0.5579004485908295
!uptime,neither,0.03945320844208391,0.33037608806864915,0.630170703489267
!uptime,neither,0.03945320844208391,0.33037608806864915,0.630170703489267
@ninjarudolphh Channel shroud has been live for 09m and 59s,neither,0.037527441653855145,0.2724964938497483,0.6899760644963965
What headsets do you use,offensive_language,0.019553932867428007,0.5265343507299497,0.4539117164026224
fallout time bb,neither,0.0385122700834126,0.34634626766873616,0.6151414622478513
@scrubDZN Yes,neither,0.03945320844208391,0.33037608806864915,0.630170703489267
Fallout 4,neither,0.03945320844208391,0.33037608806864915,0.630170703489267
!headphones,neither,0.03945320844208391,0.33037608806864915,0.630170703489267
"@Shroud, we actualy prefer games that you are good at",neither,0.0727374938562484,0.38808219752446027,0.5391803086192913
last song please/?,neither,0.03893744494748982,0.3391299406073714,0.6219326144451387
NEW HEADSET DAYUM,neither,0.04361047364002771,0.22599520028436243,0.73039432607561
PLay Ghost Recon,neither,0.03945320844208391,0.33037608806864915,0.630170703489267
Welcome back A2DaZe (4 months) shroud1D,neither,0.03945320844208391,0.33037608806864915,0.630170703489267
!uptime,neither,0.03945320844208391,0.33037608806864915,0.630170703489267
@shroud dpi. sensitive mouse,neither,0.03945320844208391,0.33037608806864915,0.630170703489267
na dm,neither,0.03945320844208391,0.33037608806864915,0.630170703489267
Join the new Curse server! https://curse.com/invite/Xv6nbZgd4kugsL2fxlg6NQ,neither,0.04082319323556661,0.27696135383134185,0.6822154529330917
pendulum Kreygasm Kreygasm,neither,0.03945320844208391,0.33037608806864915,0.630170703489267
