text,top_class,hate_speech,offensive_language,neither
PogChamp,neither,0.03945320844208391,0.33037608806864915,0.630170703489267
hi shroodie,neither,0.03945320844208391,0.33037608806864915,0.630170703489267
PogChamp,neither,0.03945320844208391,0.33037608806864915,0.630170703489267
First,neither,0.02604892428726219,0.3349864360510187,0.6389646396617191
Shroudy be back gettin roudy,neither,0.04008401933903467,0.33565841730561347,0.6242575633553519
bigpace Kappa /,neither,0.03945320844208391,0.33037608806864915,0.630170703489267
Welcome back shroud,neither,0.03945320844208391,0.33037608806864915,0.630170703489267
hi shroud,neither,0.03945320844208391,0.33037608806864915,0.630170703489267
Kappa / Matt :),neither,0.03945320844208391,0.33037608806864915,0.630170703489267
Yo shroud did ska play with you guys today?,neither,0.0399321785615594,0.45602771376274676,0.504040107675694
!viewmodel,neither,0.03945320844208391,0.33037608806864915,0.630170703489267
"@keloh1 Viewmodel_fov ""68"" viewmodel_offset_x ""2.5"" viewmodel_offset_y ""1"" viewmodel_offset_z ""-1.5""",neither,0.03945320844208391,0.33037608806864915,0.630170703489267
ayee lmao hi appa,neither,0.038524940339641114,0.3461312203538044,0.6153438393065545
Im the real first Kreygsam,offensive_language,0.022552987852407676,0.49742493749609645,0.4800220746514959
Kreygasm *,neither,0.03945320844208391,0.33037608806864915,0.630170703489267
hi,neither,0.03945320844208391,0.33037608806864915,0.630170703489267
butthole*,neither,0.03945320844208391,0.33037608806864915,0.630170703489267
FRESH MICHEAL,neither,0.03945320844208391,0.33037608806864915,0.630170703489267
this has been a great run for battlegrounds.,neither,0.03270881131506371,0.28402256795217173,0.6832686207327645
sumW,neither,0.03945320844208391,0.33037608806864915,0.630170703489267
Over take summit ez,neither,0.0371084468242458,0.33180022977545837,0.631091323400296
LUL Just saw DrDisrespect nade himself like Relyks did,neither,0.04347823240618236,0.35854066241722016,0.5979811051765975
KappaHD,neither,0.03945320844208391,0.33037608806864915,0.630170703489267
!uptime,neither,0.03945320844208391,0.33037608806864915,0.630170703489267
ayyy we top 10,neither,0.0393163755216068,0.3326984998346119,0.6279851246437814
@gubblethrump Channel shroud is not live!,neither,0.05158998041372838,0.33065313973924526,0.6177568798470263
Fuck,offensive_language,0.34803241646388117,0.6519675835059184,3.0200377847433446e-11
lol,neither,0.020706217963973744,0.4882283491876925,0.4910654328483337
shroudW,neither,0.03945320844208391,0.33037608806864915,0.630170703489267
yo,offensive_language,0.04010381111145228,0.5271105317972344,0.4327856570913131
You were savage as fuk earlier in summits chat it was beautiful,neither,0.0464489409170367,0.3661881409235392,0.587362918159424
hi @shroud,neither,0.03945320844208391,0.33037608806864915,0.630170703489267
shroudPigeon,neither,0.03945320844208391,0.33037608806864915,0.630170703489267
Where's Skadaddy??????,neither,0.04379278224195774,0.2567221952996476,0.6994850224583946
@shroud have you been watching Hitch stream,neither,0.05377180317606493,0.38765000428330754,0.5585781925406275
Shrouuuuuuud!111,neither,0.03945320844208391,0.33037608806864915,0.630170703489267
"@Shroud, you playing with summit? if not you should message Relyks",offensive_language,0.044610925673522525,0.5192640110239605,0.4361250633025171
shroud Kreygasm,neither,0.03945320844208391,0.33037608806864915,0.630170703489267
woooooo,neither,0.03945320844208391,0.33037608806864915,0.630170703489267
Wait,neither,0.03945320844208391,0.33037608806864915,0.630170703489267
!uptime,neither,0.03945320844208391,0.33037608806864915,0.630170703489267
PogChamp,neither,0.03945320844208391,0.33037608806864915,0.630170703489267
PogChamp,neither,0.03945320844208391,0.33037608806864915,0.630170703489267
@shroud im not getting crashes on pugs?,neither,0.03324361666324941,0.41416079929196703,0.5525955840447836
Just like Discord and Curse,neither,0.044586608574031704,0.32455267575648217,0.6308607156694861
I just pugged @Shroud and it worked fine,neither,0.03313760379582319,0.31212014380960684,0.65474225239457
lots of server problems everywhere today,neither,0.038281749290456454,0.3124732273978149,0.6492450233117287
MM is fine.,neither,0.047685242874722825,0.3275447139423657,0.6247700431829114
Hey shrood @shroud,neither,0.03945320844208391,0.33037608806864915,0.630170703489267
Yeh i had some problems in dm,neither,0.031822860722373954,0.34364456974061086,0.6245325695370152
32 viewers?,neither,0.03945320844208391,0.33037608806864915,0.630170703489267
heya there,neither,0.03938975662112344,0.2339556726221167,0.7266545707567599
I played a full game just then,neither,0.05166953081955495,0.30518311372246587,0.6431473554579792
Hi first time here,neither,0.07356450894425322,0.31493349054772835,0.6115020005080184
Hey bby,neither,0.03945320844208391,0.33037608806864915,0.630170703489267
shroudWithIt,neither,0.03945320844208391,0.33037608806864915,0.630170703489267
NOTIFICAtion SQUAD,neither,0.03945320844208391,0.33037608806864915,0.630170703489267
@BIGPACE have you been watching Hitch stream a bit before Shroud started streaming,neither,0.04540774750621476,0.40443131505194707,0.5501609374418381
isnt the beta over at 10?,neither,0.03598926703298939,0.33722395563798774,0.6267867773290228
@shroud PLAY counterstrike???,neither,0.03945320844208391,0.33037608806864915,0.630170703489267
hows ur shadow daggers,neither,0.05957492956363243,0.3234553054813027,0.6169697649550648
"@Shroud, extension untill release Kappa",neither,0.03945320844208391,0.33037608806864915,0.630170703489267
Why the duck is it one g,neither,0.031611590671413184,0.360053208389312,0.6083352009392748
Xd,neither,0.03945320844208391,0.33037608806864915,0.630170703489267
so is he playing cs later?,neither,0.0508279615829147,0.36208216313656555,0.5870898752805198
i want them,neither,0.07139125512545086,0.3064347209910127,0.6221740238835364
What are these view counts?,neither,0.08454231347960986,0.34556757602178473,0.5698901104986054
"DangerZone15, nope",neither,0.03945320844208391,0.33037608806864915,0.630170703489267
I see shroud in the mirror Kreygasm,neither,0.03845798314601589,0.3121195971270488,0.6494224197269355
Welcome back RexonaElQueTeAbandona (4 months) shroudBurn,neither,0.03945320844208391,0.33037608806864915,0.630170703489267
10 dollars shroud spills that water,neither,0.035766010866418084,0.3704456842845155,0.5937883048490664
SHROUD,neither,0.03945320844208391,0.33037608806864915,0.630170703489267
shrood,neither,0.03945320844208391,0.33037608806864915,0.630170703489267
HI DAD E,neither,0.03945320844208391,0.33037608806864915,0.630170703489267
heloowwww,neither,0.03945320844208391,0.33037608806864915,0.630170703489267
Where's Skadaddy???,neither,0.04379278224195774,0.2567221952996476,0.6994850224583946
hi,neither,0.03945320844208391,0.33037608806864915,0.630170703489267
how was prac,neither,0.03920842303404325,0.3345307352821077,0.6262608416838491
Join the new Curse server! https://curse.com/invite/Xv6nbZgd4kugsL2fxlg6NQ,neither,0.04082319323556661,0.27696135383134185,0.6822154529330917
sumW,neither,0.03945320844208391,0.33037608806864915,0.630170703489267
that would be 10 for me,neither,0.02306352553267663,0.3826230035347632,0.59431347093256
r u gonna play cstonight,neither,0.03785503690846681,0.40424451450070353,0.5579004485908295
dad,neither,0.03945320844208391,0.33037608806864915,0.630170703489267
Who is going to buy this game? PogChamp,neither,0.053191095219514706,0.36999753467431196,0.5768113701061732
!uptime,neither,0.03945320844208391,0.33037608806864915,0.630170703489267
@akpballer24 Channel shroud has been live for 04m and 27s,neither,0.037527441653855145,0.2724964938497483,0.6899760644963965
Hey dad,neither,0.03945320844208391,0.33037608806864915,0.630170703489267
Welcome back EditCSGO (3 months) shroudPigeon,neither,0.03945320844208391,0.33037608806864915,0.630170703489267
@BIGPACE he's reading fifty shades of grey on stream he's on chapter 8 right now lol,neither,0.0371523523345239,0.3778937997442743,0.5849538479212018
@hnlBot thanks dad e,neither,0.03684340998212449,0.3085219717649097,0.6546346182529659
CS! PogChamp PogChamp PogChamp,neither,0.03945320844208391,0.33037608806864915,0.630170703489267
Shaz is waiting for rank-s,neither,0.040761402584988234,0.300435466628689,0.6588031307863227
meeee,neither,0.03945320844208391,0.33037608806864915,0.630170703489267
LIVE PogChamp,neither,0.04891340716200846,0.3271222919257548,0.6239643009122369
hey papa,neither,0.03945320844208391,0.33037608806864915,0.630170703489267
Hi,neither,0.03945320844208391,0.33037608806864915,0.630170703489267
HeyGuys hey shroud @shroud,neither,0.03945320844208391,0.33037608806864915,0.630170703489267
5,neither,0.03945320844208391,0.33037608806864915,0.630170703489267
Yo,offensive_language,0.04010381111145228,0.5271105317972344,0.4327856570913131
shroudC9 shroudAK shroud1D shroudAFK shroudOverit shroudW shroudKobe shroudSellout shroudTilt shroudInsane shroudPalm shroudHype shroudH shroudWhiff shroudThump shroudA shroudPigeon shroudDad shroudMilk,neither,0.03945320844208391,0.33037608806864915,0.630170703489267
3 hours LUL turns into 10 LUL,neither,0.03945320844208391,0.33037608806864915,0.630170703489267
5,neither,0.03945320844208391,0.33037608806864915,0.630170703489267
hello friends,neither,0.03945320844208391,0.33037608806864915,0.630170703489267
haha DangerZone15 that is different for sure lol,offensive_language,0.025281693764495048,0.513178119249888,0.46154018698561705
"After playing this game Solo, I told myself I like watching people play it more than play solo myself",neither,0.055241350696651224,0.31761087695666096,0.6271477723466877
4 hours 30 minutes,neither,0.03945320844208391,0.33037608806864915,0.630170703489267
what is na time rn?,neither,0.05155801562338748,0.3416328834391987,0.6068091009374139
Are you not playing DUOs???,neither,0.12359037929436263,0.3319253046829296,0.5444843160227077
FLICK IT Kreygasm,neither,0.03763529989067434,0.33100135018077087,0.6313633499285548
TheIlluminati RlyTho,neither,0.03945320844208391,0.33037608806864915,0.630170703489267
FLICK LIKE SKADOODLE,neither,0.05428259695713731,0.35128550575827694,0.5944318972845857
FLICK OF THE ARM,neither,0.03861800267162767,0.3151247607603689,0.6462572365680035
flicka da clit,offensive_language,0.08076711150118229,0.4687900416953419,0.45044284680347596
I want @shroud to read a book on stream on day like Hitch,neither,0.0478548227410593,0.3443081824802091,0.6078369947787315
"@Shroud, but u said 9 hours last night :^(",neither,0.029831284557598953,0.33925935349451325,0.6309093619478878
It's 5 a.m in Turkey time lol and I'm watching you,neither,0.04152914033223678,0.39681980358033897,0.5616510560874243
Ltd go,neither,0.04276165647058889,0.34190019769565555,0.6153381458337556
jerDOIT jerDOIT,neither,0.03945320844208391,0.33037608806864915,0.630170703489267
First Try!,neither,0.029617596851873255,0.33375900591241825,0.6366233972357085
MISSED M4!!!!,neither,0.03945320844208391,0.33037608806864915,0.630170703489267
MISSED M4,neither,0.03945320844208391,0.33037608806864915,0.630170703489267
Did the stream just start?,neither,0.034633654837517194,0.33465690928106157,0.6307094358814213
wait shroud switched gender?,neither,0.03945320844208391,0.33037608806864915,0.630170703489267
missed m4?,neither,0.03945320844208391,0.33037608806864915,0.630170703489267
onions69420666888 just subscribed shroudAFK,neither,0.02667013123193722,0.39600456006212814,0.5773253087059346
MISSED M4 sumW,neither,0.03945320844208391,0.33037608806864915,0.630170703489267
YOU MISSED M4,neither,0.05557183961162296,0.3758598878669526,0.5685682725214244
@loganohannesian its been like 5 minutes,neither,0.042941200138453636,0.3570341651665754,0.600024634694971
MISSED M4,neither,0.03945320844208391,0.33037608806864915,0.630170703489267
MISSED M4 LOL,neither,0.03255295779163476,0.3798907890075217,0.5875562532008436
Don't dye just telling you,neither,0.04938524210534706,0.39494311369465906,0.5556716441999939
missed m4!,neither,0.03945320844208391,0.33037608806864915,0.630170703489267
If only his morning stream was one hour later :( school + east coast = missing shrouds stream,neither,0.042950637442443554,0.31096083537977537,0.6460885271777811
M$,neither,0.03945320844208391,0.33037608806864915,0.630170703489267
waddup,neither,0.03945320844208391,0.33037608806864915,0.630170703489267
M4,neither,0.03945320844208391,0.33037608806864915,0.630170703489267
MISSED M4 sumBlind,neither,0.03945320844208391,0.33037608806864915,0.630170703489267
MISSED M4!!!!!!!,neither,0.03945320844208391,0.33037608806864915,0.630170703489267
LOOL,neither,0.03945320844208391,0.33037608806864915,0.630170703489267
MISSED M4,neither,0.03945320844208391,0.33037608806864915,0.630170703489267
STOP,offensive_language,0.03955985943432937,0.5175432020074249,0.44289693855824575
Missed M4,neither,0.03945320844208391,0.33037608806864915,0.630170703489267
at the top,neither,0.03698888743851029,0.34163390327960114,0.6213772092818886
ump OP,neither,0.03945320844208391,0.33037608806864915,0.630170703489267
!uptime,neither,0.03945320844208391,0.33037608806864915,0.630170703489267
@quew_uk Channel shroud has been live for 06m and 51s,neither,0.037527441653855145,0.2724964938497483,0.6899760644963965
MISSED M4,neither,0.03945320844208391,0.33037608806864915,0.630170703489267
Don't be so long for3hours,neither,0.03974359392287874,0.3974645277892011,0.5627918782879203
JOEL SKYPE of pubg?,neither,0.03945320844208391,0.33037608806864915,0.630170703489267
MISSED AWP,neither,0.03945320844208391,0.33037608806864915,0.630170703489267
AT THE TOP MISSED m4,neither,0.03810685643493317,0.33630275059006465,0.6255903929750022
@shroud thoughts on nothing always vlogging?,neither,0.03277051502381406,0.4362308448814291,0.5309986400947568
oh thats why the view count is low,neither,0.03883269365975251,0.291921127607634,0.6692461787326135
MISSED M4,neither,0.03945320844208391,0.33037608806864915,0.630170703489267
!cfg,neither,0.03945320844208391,0.33037608806864915,0.630170703489267
UMP insted M4 LUL,neither,0.03945320844208391,0.33037608806864915,0.630170703489267
!config,neither,0.03945320844208391,0.33037608806864915,0.630170703489267
MISSED M4,neither,0.03945320844208391,0.33037608806864915,0.630170703489267
M4 ON THE ROP,neither,0.03544871912850776,0.3273670060351998,0.6371842748362925
MISSED NEGEV IN APARTMENTS,neither,0.03945320844208391,0.33037608806864915,0.630170703489267
MISSED M4 AGAin,neither,0.03787817323877057,0.35710854598320657,0.6050132807780229
y u never play csgo..,neither,0.035487251717732426,0.3707662008416871,0.5937465474405804
!settings,neither,0.03945320844208391,0.33037608806864915,0.630170703489267
@quaqe13 His video settings are: https://gyazo.com/a4de6b3c8645897647b8ee0dc1189590 (picture taken 12.29.2016),neither,0.07441748442788888,0.2550711281234634,0.6705113874486478
Does everyone get an UMP to spawn in with or naw,offensive_language,0.024411240288143597,0.4895143506150105,0.4860744090968459
!commands,neither,0.03945320844208391,0.33037608806864915,0.630170703489267
UMP> M4 Kappa Kappa,neither,0.03945320844208391,0.33037608806864915,0.630170703489267
@Golden_mW hes playing in 45 min when beta is over,neither,0.03588269306421978,0.35905623401385856,0.6050610729219217
i rate n0things vlogs,neither,0.03945320844208391,0.33037608806864915,0.630170703489267
My playstationps4 broke,neither,0.021957205092867697,0.47697624637527286,0.5010665485318594
"in the vlog ""turn that shiz off""",neither,0.033638918267759846,0.36263064521904464,0.6037304365131957
no one watching bc its not cs,neither,0.03290940987439967,0.3696242959533728,0.5974662941722275
@shroud is there any news on brax's release from valve prison? shroudC9 shroudC9,neither,0.04352617054428464,0.2961422457026405,0.6603315837530749
!command,neither,0.03945320844208391,0.33037608806864915,0.630170703489267
GOT M4,neither,0.038022615232289246,0.38185919229981474,0.5801181924678961
FOUND M4,neither,0.03945320844208391,0.33037608806864915,0.630170703489267
Join the new Curse server! https://curse.com/invite/Xv6nbZgd4kugsL2fxlg6NQ,neither,0.04082319323556661,0.27696135383134185,0.6822154529330917
FishMoley,neither,0.03945320844208391,0.33037608806864915,0.630170703489267
"came in frok SHAZZ stream, first time in forever",neither,0.033551503543962344,0.3463045059748657,0.620143990481172
MISSED M4 LOL,neither,0.03255295779163476,0.3798907890075217,0.5875562532008436
sup,neither,0.03945320844208391,0.33037608806864915,0.630170703489267
I'm gonna have xbox,neither,0.03767116143699008,0.3944144745465921,0.5679143640164177
MingLee,neither,0.03945320844208391,0.33037608806864915,0.630170703489267
@shroud medkit,neither,0.03945320844208391,0.33037608806864915,0.630170703489267
DIDN't MISS M4 FeelsGreatMan,neither,0.022505854335558306,0.37087253359721073,0.606621612067231
Play cs mah dood,neither,0.03945320844208391,0.33037608806864915,0.630170703489267
FeelsAmazingMan,neither,0.03945320844208391,0.33037608806864915,0.630170703489267
he's playing cs in ~40 mins,neither,0.04330398037602572,0.32905163102109936,0.627644388602875
missed medkit,neither,0.03945320844208391,0.33037608806864915,0.630170703489267
Hey shroud :),neither,0.03945320844208391,0.33037608806864915,0.630170703489267
hows it hangin guys,neither,0.03818653399661663,0.3323976569237731,0.6294158090796104
after the beta,neither,0.03855059271672102,0.3138626055679223,0.6475868017153568
finna bust a nut on theese fools,neither,0.03734876505675811,0.3404143091317445,0.6222369258114974
#,neither,0.03945320844208391,0.33037608806864915,0.630170703489267
misseed medkit in last building,neither,0.03945320844208391,0.33037608806864915,0.630170703489267
@originade nice to know,neither,0.05007649649643999,0.3242726116259513,0.6256508918776087
"@Shroud, u like the m4 more then the scar?",neither,0.047086838979180375,0.31039800581409666,0.6425151552067229
firstaid,neither,0.03945320844208391,0.33037608806864915,0.630170703489267
@shroud is there any news on brax's release from valve prison? shroudC9 shroudC9,neither,0.04352617054428464,0.2961422457026405,0.6603315837530749
All the subs are 1gs on my screen xD,neither,0.04519914431493877,0.42251629540607566,0.5322845602789854
why didn't you pick up both med kits?,neither,0.02922537056000231,0.4216881152037904,0.5490865142362074
first aid atc,neither,0.03133498369381717,0.3331683178256653,0.6354966984805174
Love your vids I'll subscribe in youtube,neither,0.06091356028398612,0.33454495130552625,0.6045414884104876
Welcome back MajikDragonz (16 months) shroudBhop,neither,0.03945320844208391,0.33037608806864915,0.630170703489267
you saw him,neither,0.06516829820667053,0.4048068509395171,0.5300248508538122
What's up Shroud,neither,0.04549209283961305,0.43877665191533993,0.5157312552450469
BloodTrail,neither,0.03945320844208391,0.33037608806864915,0.630170703489267
!uptime,neither,0.03945320844208391,0.33037608806864915,0.630170703489267
@fishyftd Channel shroud has been live for 09m and 23s,neither,0.037527441653855145,0.2724964938497483,0.6899760644963965
Shroud with the jiggle peek,neither,0.027284591461645778,0.3527138059996461,0.6200016025387082
This is my first stream i've been able to watch live,neither,0.025857036148668678,0.3696993778601002,0.604443585991231
BlessRNG,neither,0.03945320844208391,0.33037608806864915,0.630170703489267
Shroud blind?,neither,0.03945320844208391,0.33037608806864915,0.630170703489267
"fl0ms_dick, isnt he perma banned?",neither,0.04450195989686598,0.32863959092980966,0.6268584491733245
did you not see that guy?,neither,0.05002750617345534,0.4451453888855628,0.5048271049409818
is this game available to purchase?,neither,0.055408251455726046,0.28260767782129737,0.6619840707229766
did he see that guy?,neither,0.04033170075777507,0.3819962951752983,0.5776720040669266
!playlist,neither,0.03945320844208391,0.33037608806864915,0.630170703489267
VAULT,neither,0.03945320844208391,0.33037608806864915,0.630170703489267
Tell us PogChamp,neither,0.11766384810665796,0.31324179616485975,0.5690943557284822
FailFish saw him,neither,0.03925635202079658,0.3337172552922156,0.6270263926869878
Welcome back fl0ms_dick (2 months) shroudBhop,neither,0.03945320844208391,0.33037608806864915,0.630170703489267
time to sub then @Ollievolco,neither,0.04567641939605038,0.34757157243819325,0.6067520081657565
"He must have seen that guy, no way he missed him running by",neither,0.04348830551603829,0.3900117261428152,0.5664999683411466
2 days @jck0_,neither,0.03945320844208391,0.33037608806864915,0.630170703489267
just looked right at a guy twice with no reaction...,neither,0.02776785902502901,0.41104848470752414,0.5611836562674468
40 minutes,neither,0.03945320844208391,0.33037608806864915,0.630170703489267
i saw him,neither,0.03925635202079658,0.3337172552922156,0.6270263926869878
beta is ending in 40 min?,neither,0.04484811979476854,0.3285205306675502,0.6266313495376812
You prefer this over H1?,neither,0.05395274350690975,0.38912361199564643,0.5569236444974438
ska?,neither,0.03945320844208391,0.33037608806864915,0.630170703489267
HeyGuys,neither,0.03945320844208391,0.33037608806864915,0.630170703489267
h1 is so basic,neither,0.05235223508712648,0.39402372388,0.5536240410328734
Xd,neither,0.03945320844208391,0.33037608806864915,0.630170703489267
Do you have rainbowsixsiege,neither,0.08218235272790121,0.45004917764943775,0.46776846962266094
i dont know why my name shows up as anonymous,neither,0.022849751758739344,0.45787125929634487,0.5192789889449158
