text,top_class,hate_speech,offensive_language,neither
lol,neither,0.020706217963973744,0.4882283491876925,0.4910654328483337
J0rdan is here PogChamp,neither,0.23309924666169,0.22544613742661174,0.5414546159116982
@shroud check out some reviews maybe on youtube/google,neither,0.030225834291627836,0.35823989439550546,0.6115342713128666
lol,neither,0.020706217963973744,0.4882283491876925,0.4910654328483337
iv been waiting for you all morning shroud,neither,0.0560416661003274,0.28608584821796557,0.657872485681707
"@n0thingTV, JORDAN PogChamp",neither,0.03945320844208391,0.33037608806864915,0.630170703489267
FRENCH PRESS,neither,0.03945320844208391,0.33037608806864915,0.630170703489267
nespresso is best,neither,0.05398371701739224,0.3116414551347536,0.6343748278478542
@n0thingtv woooh jordan,neither,0.03945320844208391,0.33037608806864915,0.630170703489267
@shroud FRENCH PRESS IN THE CHAT,neither,0.03871853960439499,0.31699736544463586,0.6442840949509692
what should the mashine be able to do ? just coffee or other stuff as well ?,neither,0.05967822902029674,0.2656814951239125,0.6746402758557908
!mouse,neither,0.03945320844208391,0.33037608806864915,0.630170703489267
CITIZ AND MILK,neither,0.038398165978229315,0.2746616676741898,0.6869401663475808
They are epic,neither,0.07198471406655975,0.276193275540431,0.6518220103930092
logitech maker with RGB,neither,0.026862448990530186,0.3752934049572424,0.5978441460522274
PJSalt,neither,0.03945320844208391,0.33037608806864915,0.630170703489267
"@n0thingTV, wuss poppin b i got perma banned in your chat like 3 years ago lol",neither,0.055953698276512316,0.39330925418519036,0.5507370475382974
You never talk to the guy across the room?,neither,0.034339842606252995,0.37936941003180225,0.5862907473619449
that song was doodoo,neither,0.03532005485393562,0.3785985686225508,0.5860813765235136
"@n0thingTV, hey broooooooooo",neither,0.03945320844208391,0.33037608806864915,0.630170703489267
@motar2k hello :D,neither,0.03945320844208391,0.33037608806864915,0.630170703489267
@n0thingTV hi dad,neither,0.03945320844208391,0.33037608806864915,0.630170703489267
"@n0thingTV, yo",offensive_language,0.04010381111145228,0.5271105317972344,0.4327856570913131
The legend himself shroud. hello,neither,0.03869006862565375,0.3164682256316595,0.6448417057426867
no BG cry every day,neither,0.03917254190113911,0.32991288168968375,0.6309145764091771
drink tea Kappa,neither,0.03945320844208391,0.33037608806864915,0.630170703489267
Join the new Curse server! https://curse.com/invite/Xv6nbZgd4kugsL2fxlg6NQ,neither,0.04082319323556661,0.27696135383134185,0.6822154529330917
@n0thingtv yooo,neither,0.03945320844208391,0.33037608806864915,0.630170703489267
shroud baba boynuma dola,neither,0.03945320844208391,0.33037608806864915,0.630170703489267
like late and shit,offensive_language,0.05703848052868364,0.9427549933929433,0.00020652607837303265
!commands,neither,0.03945320844208391,0.33037608806864915,0.630170703489267
but on drakes new album,neither,0.037282617561620365,0.27403409626299624,0.6886832861753833
@creativly stream sniping?,neither,0.03945320844208391,0.33037608806864915,0.630170703489267
Logitech RGB Coffee Maker,neither,0.04921170149380591,0.1647489933434771,0.786039305162717
"@shroud yea, do what N0thing said, thats a good one",neither,0.04412288900986732,0.35809410882637466,0.597783002163758
Thanks for subscribing with Prime Floppy_HD shroudPigeon,neither,0.023796193918851447,0.32351757895080435,0.6526862271303442
u suck u are my favourite :(,neither,0.07378041661751317,0.37724234565466735,0.5489772377278195
Who is that in your mirror,neither,0.08225161833846817,0.42775106873530794,0.48999731292622395
notice me pls,neither,0.03269266536470383,0.36683211058804904,0.6004752240472471
"@n0thingTV loved ur latest vlog btw, keep making them!",neither,0.0681697133772061,0.31028539921180026,0.6215448874109936
Get the ninja coffee maker with the built in frother,neither,0.03622060161136275,0.23048002917910512,0.7332993692095322
YO stream wsup :),neither,0.03962709703626502,0.41355379323212454,0.5468191097316105
"denied13, If you want to link something, please ask a mod to permit you!",neither,0.05873329292628772,0.44157701766020946,0.49968968941350295
tea> coffee,neither,0.050023038560297495,0.15097848590410026,0.7989984755356023
Ninja Made in China LUL,neither,0.03945320844208391,0.33037608806864915,0.630170703489267
@Exotiic_Fiire Maaaaaybe,neither,0.03945320844208391,0.33037608806864915,0.630170703489267
@shroud Go for Jura machines ! there are the ! best !!!!,neither,0.05973748362881275,0.19596885022174781,0.7442936661494395
the espresso machine from the kicking and screaming movie,neither,0.039867867838458436,0.24760547366985153,0.71252665849169
frenchpress is really good,neither,0.05227161178784342,0.3259672513624336,0.621761136849723
TriHard Cx,neither,0.03945320844208391,0.33037608806864915,0.630170703489267
"@Shroud, Do mirror only cam",neither,0.040682695820202446,0.3299532109804296,0.6293640931993678
lol,neither,0.020706217963973744,0.4882283491876925,0.4910654328483337
ANDREJA PREMIUM EVO ESPRESSO MACHINE,neither,0.03945320844208391,0.33037608806864915,0.630170703489267
@n0thingtv we want your streams back :D,neither,0.06941780267651106,0.3208243554754427,0.6097578418480463
shroud play 4:3 @shroud,neither,0.03945320844208391,0.33037608806864915,0.630170703489267
!mouse,neither,0.03945320844208391,0.33037608806864915,0.630170703489267
Who is that other guy further back in the room? :),neither,0.041509342913545785,0.3973110136789097,0.5611796434075444
@shroud notice meee,neither,0.03945320844208391,0.33037608806864915,0.630170703489267
https://www.amazon.com/exec/obidos/ASIN/B0001KOA4Q/CoffeePicks-20,neither,0.03945320844208391,0.33037608806864915,0.630170703489267
sit straight BloodTrail,neither,0.03945320844208391,0.33037608806864915,0.630170703489267
can i post a general link?,neither,0.039685696355365126,0.32643016143516235,0.6338841422094725
hello,neither,0.03945320844208391,0.33037608806864915,0.630170703489267
"@shroud any coffee machine that uses grounded beans tastes better imo, but espresso is much more potent in lower concentrations",neither,0.04280914748839541,0.2765532022817468,0.6806376502298578
blue waffle best,neither,0.03859816101544245,0.3232160310015122,0.6381858079830454
he said it,neither,0.04613168901413205,0.3280790523541712,0.6257892586316968
"n0thingTV, are you a riggity RaccAttack racoon",neither,0.3074667772907956,0.2930344039624175,0.399498818746787
@n0thingtv you planning on streaming?,neither,0.05029934664519294,0.38220389112714165,0.5674967622276654
TriHard !!!,neither,0.03945320844208391,0.33037608806864915,0.630170703489267
Be a normal person,neither,0.039954088643575934,0.33457039438984204,0.6254755169665822
@shroud is that the lirik night-stream shirt?,neither,0.03517899793900992,0.34955839267242145,0.6152626093885687
4shroud3,neither,0.03945320844208391,0.33037608806864915,0.630170703489267
That's a mirror :),neither,0.03450886227439651,0.3844040801407027,0.5810870575849008
lul,neither,0.03945320844208391,0.33037608806864915,0.630170703489267
SHOW US,neither,0.16769537339040438,0.2005943964582871,0.6317102301513084
show us,neither,0.16769537339040438,0.2005943964582871,0.6317102301513084
show us,neither,0.16769537339040438,0.2005943964582871,0.6317102301513084
can i post a link,neither,0.03973380265637338,0.3256136719596111,0.6346525253840156
Looks like adreN in the back,neither,0.05262333798512434,0.32805779539301,0.6193188666218656
and just make a pot of coffee,neither,0.042174763484679044,0.16843522445966208,0.7893900120556588
lolol,neither,0.03945320844208391,0.33037608806864915,0.630170703489267
4-3,neither,0.03945320844208391,0.33037608806864915,0.630170703489267
show on stream bruh,neither,0.05072099454036809,0.27097135220983265,0.6783076532497992
that looks dope actually just looked it up,neither,0.030442255736613952,0.41861300488663195,0.5509447393767541
HEY SHROUD,neither,0.03945320844208391,0.33037608806864915,0.630170703489267
@n0thingtv HeyGuys sign my twitch chat Kappa,neither,0.031984149618869966,0.3861499793083987,0.5818658710727314
come one 4-3,neither,0.03529241017011442,0.4289972893825094,0.5357103004473761
@shroud Show us so we can see,neither,0.11501193858710339,0.2828320825272908,0.602155978885606
@shroud nice 'W' on the last game yesterday in PUBG bro that was sick,neither,0.03395422124921794,0.3299433268985579,0.636102451852224
yo,offensive_language,0.04010381111145228,0.5271105317972344,0.4327856570913131
HyperX Coffee II,neither,0.048750047344164105,0.17258446908422165,0.7786654835716144
Can this shirt changes color to Shroud,neither,0.04632564383511408,0.32425038297146924,0.6294239731934167
French press,neither,0.03945320844208391,0.33037608806864915,0.630170703489267
"@shroud If you are looking for the best straight up coffee maker (not esspresso), get the bonavita BV1900TS) It seriously makes an amazing no frills cup. I did a ton of research and a ton of review places say its the best for the money",neither,0.037112608788529344,0.2644534043858303,0.6984339868256403
show us u dipshit,neither,0.1037910751631663,0.24969430306951726,0.6465146217673166
shrood play 4-3,neither,0.03945320844208391,0.33037608806864915,0.630170703489267
Dirty mug WutFace Kappa,neither,0.03945320844208391,0.33037608806864915,0.630170703489267
sumBlind sumBlind sumBlind sumBlind,neither,0.03945320844208391,0.33037608806864915,0.630170703489267
!commands,neither,0.03945320844208391,0.33037608806864915,0.630170703489267
there's someone in your room,neither,0.07496170532744793,0.27416001551011243,0.6508782791624396
@itsjustmelvyn http://hnlbot.com/commands/shroud,neither,0.03558056210193769,0.1941005909087057,0.7703188469893567
What happens to the pug?,neither,0.09855045807889548,0.2858742211502156,0.615575320770889
@shroud pansonic is good,neither,0.057176020302150646,0.32428040037975586,0.6185435793180933
Show us,neither,0.16769537339040438,0.2005943964582871,0.6317102301513084
can i post a link or no,neither,0.03894560783763925,0.33899139505809,0.6220629971042708
!res,neither,0.03945320844208391,0.33037608806864915,0.630170703489267
Try : Jura Impressa F8 Espresso Machine,neither,0.03945320844208391,0.33037608806864915,0.630170703489267
@shroud Breville BES870XL Barista Express Espresso Machine.,neither,0.03945320844208391,0.33037608806864915,0.630170703489267
!uptime,neither,0.03945320844208391,0.33037608806864915,0.630170703489267
LMAO,neither,0.03705015143476208,0.3711622369619404,0.5917876116032975
fuck yeah lol,offensive_language,0.07185890983267923,0.9281300340085196,1.105615880118374e-05
negro waddup,offensive_language,0.04900397876313909,0.8420740036777139,0.10892201755914689
"@Shroud, That is the most milky coffee i have ever seeb",neither,0.05189440966314141,0.2025141805312854,0.7455914098055731
Mike did you just woke up wtf,offensive_language,0.048411786709969123,0.6447194055016404,0.3068688077883905
https://www.amazon.com/exec/obidos/ASIN/B0001KOA4Q/CoffeePicks-20,neither,0.03945320844208391,0.33037608806864915,0.630170703489267
is that a robot lmao,neither,0.042193534915806755,0.3847739686258392,0.5730324964583541
WutFace,neither,0.03945320844208391,0.33037608806864915,0.630170703489267
shroud gonna play PUBG PogChamp PogChamp,neither,0.03785503690846681,0.40424451450070353,0.5579004485908295
is that a spaceship WutFace,neither,0.0436934699612105,0.3723876712986079,0.5839188587401816
whoa,neither,0.03945320844208391,0.33037608806864915,0.630170703489267
ROFL,neither,0.03945320844208391,0.33037608806864915,0.630170703489267
Super reliable. It has a little measuring spoon mounted to it that tells you how much to measure for various coffee sizes,neither,0.050413604022558976,0.26587982935038046,0.6837065666270605
"@Shroud, the pants on your bed look like someone laying there",neither,0.06856454363581835,0.30126139584583267,0.630174060518349
"thats not a coffee machine, thats a time machine",neither,0.043233542807120655,0.2563780326352159,0.7003884245576634
@shroud hows it going? IM AR SCHOOL WATCHING YOU,neither,0.048557725853263387,0.41880972187535315,0.5326325522713834
Lol,neither,0.020706217963973744,0.4882283491876925,0.4910654328483337
WutFace star wars,neither,0.03945320844208391,0.33037608806864915,0.630170703489267
hf,neither,0.03945320844208391,0.33037608806864915,0.630170703489267
LUL,neither,0.03945320844208391,0.33037608806864915,0.630170703489267
Back to the future coffee machine,neither,0.05230097074069214,0.18492350659652107,0.7627755226627868
TIME VEHICLE,neither,0.038173762391091964,0.3520916266420968,0.6097346109668113
@shroud it looks like the one in green hornet XD,neither,0.04790287822128714,0.3349506166960301,0.6171465050826827
In exactly 10 days I will sub lol,neither,0.03451898245434725,0.3540512929510302,0.6114297245946225
from Starbucks lol,neither,0.03188442775317236,0.3733496502371599,0.5947659220096677
it looks sentient,neither,0.03702237535631434,0.3312121630341611,0.6317654616095246
that looks cool actually,neither,0.0354531169902295,0.3739075025676841,0.5906393804420863
that's for a coffee shop,neither,0.03804229814056778,0.18240075334346947,0.7795569485159627
Straight out of Starbucks,neither,0.03500908281719672,0.3474589588258327,0.6175319583569706
@Creativly Aye,neither,0.03945320844208391,0.33037608806864915,0.630170703489267
best and cheapest - astro 2000 search it,neither,0.03739986572818428,0.29901113475452407,0.6635889995172918
these are great,neither,0.10303470478943733,0.3115238811623019,0.5854414140482608
LUL I have a GS3 at home,neither,0.03822900051930415,0.3609185920214466,0.6008524074592493
WATCH THE VID,neither,0.04433082179104749,0.31176772882004217,0.6439014493889103
Actually maybe today,neither,0.037871615491190516,0.3059727820704834,0.656155602438326
is this the new csgo?,neither,0.050920413925539754,0.22463607135819655,0.7244435147162637
1700 dollar BrokeBack,neither,0.03945320844208391,0.33037608806864915,0.630170703489267
Get a Siemens @shroud,neither,0.03779508335914271,0.3585187980877974,0.6036861185530599
you can do everything with them,neither,0.06348112732237658,0.418071834056908,0.5184470386207155
moeKappa,neither,0.03945320844208391,0.33037608806864915,0.630170703489267
can you cut your meat with that ? o_o,neither,0.06848005994167025,0.44396652688526383,0.48755341317306583
!cfg,neither,0.03945320844208391,0.33037608806864915,0.630170703489267
@game_35403 His config can be found on his ESEA page here: http://play.esea.net/users/248592 OR in the FAQ section down below! (Don't click on the link that the bot whispers you),neither,0.07495492607328838,0.29592674608676545,0.6291183278399461
@deniannnn Hi,neither,0.03945320844208391,0.33037608806864915,0.630170703489267
@shroud i made it to your stream early for once,neither,0.06272913931891626,0.27822603872611545,0.6590448219549683
Report for no CS!,neither,0.03378903168483932,0.3169016037894643,0.6493093645256964
I CAME AS SOON AS I SAW UR LIVE -HIKO +SHROUD,neither,0.05633693472064137,0.37013259241595087,0.5735304728634077
thats a pussy wetter,offensive_language,0.007469617324101443,0.9924764216635388,5.396101235970121e-05
eheh heeeeeeeeeeeeeee,neither,0.03945320844208391,0.33037608806864915,0.630170703489267
launch options settings,neither,0.03945320844208391,0.33037608806864915,0.630170703489267
nice T-shirt daddy,neither,0.03945320844208391,0.33037608806864915,0.630170703489267
thats me MrDestructoid,neither,0.027583817646168764,0.3976104505557016,0.5748057317981298
Jura Impressa F8 Espresso Machine,neither,0.03945320844208391,0.33037608806864915,0.630170703489267
@shroud panasonic is good it costs like 120 bucks or sthg around that,neither,0.04714547477854921,0.3648753862242925,0.5879791389971584
Hello,neither,0.03945320844208391,0.33037608806864915,0.630170703489267
omg you could have a SSG007 for that !,neither,0.042941306324613966,0.3966051119908033,0.5604535816845828
buy a blue waffle they have the best coffee,neither,0.04438903944993283,0.20361816060091523,0.751992799949152
Can this Shirt changes color to Shroud,neither,0.04632564383511408,0.32425038297146924,0.6294239731934167
a,neither,0.03945320844208391,0.33037608806864915,0.630170703489267
Why know PUBG???,neither,0.021165161117973334,0.3589803225776379,0.6198545163043887
1.7k and it doesn't even have an i7 in it WutFace,neither,0.035161283801568306,0.311808690844418,0.6530300253540138
Shroudbucks ™,neither,0.03945320844208391,0.33037608806864915,0.630170703489267
"@shroud If you are looking for the best straight up coffee maker (not esspresso), get the bonavita BV1900TS) It seriously makes an amazing no frills cup. I did a ton of research and a ton of review places say its the best for the money",neither,0.037112608788529344,0.2644534043858303,0.6984339868256403
FUCK YOIU,offensive_language,0.34803241646388117,0.6519675835059184,3.0200377847433446e-11
!uptime,neither,0.03945320844208391,0.33037608806864915,0.630170703489267
lol,neither,0.020706217963973744,0.4882283491876925,0.4910654328483337
he hates us BibleThump,neither,0.1013809730637454,0.31617203837909663,0.582446988557158
@shroud turn on your mic,neither,0.0691777923153104,0.33555353801603643,0.5952686696686532
