text,top_class,hate_speech,offensive_language,neither
hi,neither,0.03945320844208391,0.33037608806864915,0.630170703489267
Live soon?,neither,0.04550856038343726,0.32829337486420596,0.6261980647523568
ayeeeeee,neither,0.03945320844208391,0.33037608806864915,0.630170703489267
SHOW US,neither,0.16769537339040438,0.2005943964582871,0.6317102301513084
GivePLZ NAO,neither,0.03945320844208391,0.33037608806864915,0.630170703489267
THANKS,neither,0.035884468650613,0.3004919205142699,0.6636236108351171
YO SHROUDE,offensive_language,0.04010381111145228,0.5271105317972344,0.4327856570913131
negev,neither,0.03945320844208391,0.33037608806864915,0.630170703489267
was i just click bated??,neither,0.03414431137864345,0.35734108983431795,0.6085145987870387
Eeey Mike,neither,0.03945320844208391,0.33037608806864915,0.630170703489267
YESSS,neither,0.03945320844208391,0.33037608806864915,0.630170703489267
Suuuup! :D,neither,0.03945320844208391,0.33037608806864915,0.630170703489267
show negev,neither,0.07685697407988158,0.17767316758924298,0.7454698583308754
show us the new update LUL,neither,0.08872357695006268,0.19474663339086437,0.7165297896590729
shrood!,neither,0.03945320844208391,0.33037608806864915,0.630170703489267
!snapchat,neither,0.03945320844208391,0.33037608806864915,0.630170703489267
negev hype,neither,0.03945320844208391,0.33037608806864915,0.630170703489267
GivePLZ,neither,0.03945320844208391,0.33037608806864915,0.630170703489267
U CLICKBAITING AGAIN SHROODY?,neither,0.0358555699129713,0.3914374029960717,0.5727070270909569
SHROOOOOOOOOOUD,neither,0.03945320844208391,0.33037608806864915,0.630170703489267
we LIVE,neither,0.04675156173251523,0.3319383047908141,0.6213101334766706
PLS PLAY CS,neither,0.03945320844208391,0.33037608806864915,0.630170703489267
NEGEV AND REVOLVER REMOVED FROM CSGO,neither,0.039670422827289976,0.26681207269915463,0.6935175044735555
XD,neither,0.03945320844208391,0.33037608806864915,0.630170703489267
I HEARD,neither,0.03945320844208391,0.33037608806864915,0.630170703489267
clickbaited smh,neither,0.07477682771337969,0.3182266756154054,0.6069964966712149
the new ui is neatt,neither,0.06163060774847355,0.15030644793134892,0.7880629443201774
Oh shyyytttttt,neither,0.051363287716059566,0.22255663153133606,0.7260800807526044
HI MOM,neither,0.03945320844208391,0.33037608806864915,0.630170703489267
Release Notes for 3/24/201724 MAR 2017 - [GAMEPLAY]– Revolver and Negev have been removed from Competitive Matchmaking as they undergo substantial revision.,neither,0.03471897428068735,0.3088495034608981,0.6564315222584145
"hi shroud, thanks for streaming again :)",neither,0.03251925863949457,0.319839151177301,0.6476415901832044
Kreygasm,neither,0.03945320844208391,0.33037608806864915,0.630170703489267
Sup fam.,neither,0.03945320844208391,0.33037608806864915,0.630170703489267
DAd,neither,0.03945320844208391,0.33037608806864915,0.630170703489267
hey shrud,neither,0.03945320844208391,0.33037608806864915,0.630170703489267
Welcome back Bartley1993 (3 months) shroudOverit,neither,0.03945320844208391,0.33037608806864915,0.630170703489267
whats the chnage rofl rofl,neither,0.0389334305453674,0.3209631663331411,0.6401034031214916
THE TWEET BAIT LOOL,neither,0.03871622071377526,0.3169543020511454,0.6443294772350794
SHRUD,neither,0.03945320844208391,0.33037608806864915,0.630170703489267
oi,neither,0.03945320844208391,0.33037608806864915,0.630170703489267
Hey Dad,neither,0.03945320844208391,0.33037608806864915,0.630170703489267
rofl rofl,neither,0.03945320844208391,0.33037608806864915,0.630170703489267
Ayyyyyy,neither,0.03945320844208391,0.33037608806864915,0.630170703489267
new stream,neither,0.043491983419288865,0.22912321039323882,0.7273848061874723
instant strum PogChamp,neither,0.03945320844208391,0.33037608806864915,0.630170703489267
hi mikey mike,neither,0.03945320844208391,0.33037608806864915,0.630170703489267
why audio so low,neither,0.029569919272584396,0.38485475012298004,0.5855753306044355
third viewer,neither,0.03945320844208391,0.33037608806864915,0.630170703489267
DAD PogChamp,neither,0.03945320844208391,0.33037608806864915,0.630170703489267
VIABLE LUL,neither,0.03945320844208391,0.33037608806864915,0.630170703489267
PogChamp,neither,0.03945320844208391,0.33037608806864915,0.630170703489267
Waddup,neither,0.03945320844208391,0.33037608806864915,0.630170703489267
hi shroud,neither,0.03945320844208391,0.33037608806864915,0.630170703489267
Welcome back GuiltyAU (3 months) shroudKobe,neither,0.03945320844208391,0.33037608806864915,0.630170703489267
NotLikeThis supression in CS,neither,0.03945320844208391,0.33037608806864915,0.630170703489267
still love watching you after like 4 years,neither,0.06332044775781628,0.42016196304335185,0.5165175891988318
hi michael,neither,0.03945320844208391,0.33037608806864915,0.630170703489267
KUK,neither,0.03945320844208391,0.33037608806864915,0.630170703489267
hello,neither,0.03945320844208391,0.33037608806864915,0.630170703489267
WAT,neither,0.03945320844208391,0.33037608806864915,0.630170703489267
",moifgjgfonoitkjl",neither,0.03945320844208391,0.33037608806864915,0.630170703489267
"valve has gone full retard, I didn't think they could go more retard than they already have",offensive_language,0.11495821612399734,0.8744172718644377,0.010624512011564901
PogChamp PogChamp,neither,0.03945320844208391,0.33037608806864915,0.630170703489267
Mr avocado man,neither,0.03966410365961797,0.4188656216611407,0.5414702746792411
lmao,neither,0.03705015143476208,0.3711622369619404,0.5917876116032975
4000 PogChamp,neither,0.03945320844208391,0.33037608806864915,0.630170703489267
4000 LUL,neither,0.03945320844208391,0.33037608806864915,0.630170703489267
@LiquidEliGE: the negev's new accuracy just makes the gun go everywhere. if they upped the movement speed a bit it'd be sooo good,neither,0.02967269185237928,0.30575107626084097,0.6645762318867796
PogChamp,neither,0.03945320844208391,0.33037608806864915,0.630170703489267
4k???,neither,0.03945320844208391,0.33037608806864915,0.630170703489267
shrood,neither,0.03945320844208391,0.33037608806864915,0.630170703489267
$4000,neither,0.03945320844208391,0.33037608806864915,0.630170703489267
NEGEV 4K PogChamp,neither,0.03945320844208391,0.33037608806864915,0.630170703489267
RIP NEGEV,neither,0.03945320844208391,0.33037608806864915,0.630170703489267
4k lets go,neither,0.039984317429425154,0.35542799280679366,0.6045876897637812
Is that the real meShroud?,offensive_language,0.032993996677246874,0.5323207995052675,0.4346852038174856
FIRST HERE!?,neither,0.10458593680701099,0.2733858726626806,0.6220281905303083
and they removed it from mm lmao,neither,0.03747295519510243,0.29358606552168753,0.66894097928321
o no,neither,0.036918905254960256,0.37338982715841207,0.5896912675866277
HI SHROOD,neither,0.03945320844208391,0.33037608806864915,0.630170703489267
hello,neither,0.03945320844208391,0.33037608806864915,0.630170703489267
did he just go live?,neither,0.04661619632583104,0.3542818751164828,0.5991019285576862
oi,neither,0.03945320844208391,0.33037608806864915,0.630170703489267
why...,neither,0.016768318525353994,0.3685911158159394,0.6146405656587067
"LimitlessTheGOAT, no",neither,0.036918905254960256,0.37338982715841207,0.5896912675866277
shroood,neither,0.03945320844208391,0.33037608806864915,0.630170703489267
shroudW,neither,0.03945320844208391,0.33037608806864915,0.630170703489267
OR NAH LOL,neither,0.029192440133389976,0.4072150370204925,0.5635925228461176
Wait wtf,offensive_language,0.043276161762225984,0.6669941063855993,0.2897297318521747
SUPPRESSING FIRE!,neither,0.03945320844208391,0.33037608806864915,0.630170703489267
I WAS FIRST LOOL,neither,0.03227381755767724,0.3349013570462144,0.6328248253961084
hey,neither,0.03945320844208391,0.33037608806864915,0.630170703489267
"ireignn, yes",neither,0.03945320844208391,0.33037608806864915,0.630170703489267
new update,neither,0.04385106130749641,0.21960221285816534,0.7365467258343382
Join the new Curse server! https://curse.com/invite/Xv6nbZgd4kugsL2fxlg6NQ,neither,0.04082319323556661,0.27696135383134185,0.6822154529330917
I LOVE U,neither,0.03217296676969875,0.3657703709031763,0.602056662327125
!crosshair,neither,0.03945320844208391,0.33037608806864915,0.630170703489267
"@kupiontv Size 5, gap 0, thickness 1.5, dot 0",neither,0.03945320844208391,0.33037608806864915,0.630170703489267
PogChamp,neither,0.03945320844208391,0.33037608806864915,0.630170703489267
yooooo,neither,0.03945320844208391,0.33037608806864915,0.630170703489267
HIIIIII,neither,0.03945320844208391,0.33037608806864915,0.630170703489267
LUL,neither,0.03945320844208391,0.33037608806864915,0.630170703489267
HELOOOOO,neither,0.03945320844208391,0.33037608806864915,0.630170703489267
lmao,neither,0.03705015143476208,0.3711622369619404,0.5917876116032975
What's up Mike @shroud,neither,0.042761715638813,0.3910812427007923,0.5661570416603946
lmaooooooooooooooo,neither,0.03945320844208391,0.33037608806864915,0.630170703489267
Shroud,neither,0.03945320844208391,0.33037608806864915,0.630170703489267
BRO,neither,0.03945320844208391,0.33037608806864915,0.630170703489267
LOL,neither,0.020706217963973744,0.4882283491876925,0.4910654328483337
lololololol,neither,0.03945320844208391,0.33037608806864915,0.630170703489267
LOL\,neither,0.020706217963973744,0.4882283491876925,0.4910654328483337
WTF,offensive_language,0.04410695246022759,0.7898861884776351,0.16600685906213722
LOOOOL,neither,0.03945320844208391,0.33037608806864915,0.630170703489267
WTF,offensive_language,0.04410695246022759,0.7898861884776351,0.16600685906213722
xdxdxdxd,neither,0.03945320844208391,0.33037608806864915,0.630170703489267
WTF?,offensive_language,0.04410695246022759,0.7898861884776351,0.16600685906213722
LMAOO,neither,0.03945320844208391,0.33037608806864915,0.630170703489267
HAHAHAHAHAHAHAHAHAHAHAHAHAHAHAHAHAHAHAHAHAHAHAHA,neither,0.03945320844208391,0.33037608806864915,0.630170703489267
LOL,neither,0.020706217963973744,0.4882283491876925,0.4910654328483337
LMFAOOOOO,neither,0.03945320844208391,0.33037608806864915,0.630170703489267
hahahahahahhaa,neither,0.03945320844208391,0.33037608806864915,0.630170703489267
ROFL,neither,0.03945320844208391,0.33037608806864915,0.630170703489267
WTF,offensive_language,0.04410695246022759,0.7898861884776351,0.16600685906213722
LOL,neither,0.020706217963973744,0.4882283491876925,0.4910654328483337
LOL,neither,0.020706217963973744,0.4882283491876925,0.4910654328483337
lololololololololol,neither,0.03945320844208391,0.33037608806864915,0.630170703489267
WTF,offensive_language,0.04410695246022759,0.7898861884776351,0.16600685906213722
HAHAHAHAHAHAHA,neither,0.03945320844208391,0.33037608806864915,0.630170703489267
WTF,offensive_language,0.04410695246022759,0.7898861884776351,0.16600685906213722
WTF HJAHAHAHA,offensive_language,0.04410695246022759,0.7898861884776351,0.16600685906213722
oh lord,neither,0.046192855847311955,0.26685084782252855,0.6869562963301595
OMG THE SOUND,neither,0.03837151003231791,0.31048220869694293,0.6511462812707391
LOOOOOOOOOOOOOOOOOOOOOOOl,neither,0.03945320844208391,0.33037608806864915,0.630170703489267
LMAO,neither,0.03705015143476208,0.3711622369619404,0.5917876116032975
stop it bb,neither,0.037899702648882407,0.4126870244731079,0.5494132728780096
WHAT,neither,0.057770773616808734,0.3180719994247239,0.6241572269584672
TOTAL BALANCE,neither,0.03945320844208391,0.33037608806864915,0.630170703489267
OVERPOWERED,neither,0.03945320844208391,0.33037608806864915,0.630170703489267
\WHAT IS THAT,neither,0.06192082320891666,0.3949353930334496,0.5431437837576337
PogChamp,neither,0.03945320844208391,0.33037608806864915,0.630170703489267
lol,neither,0.020706217963973744,0.4882283491876925,0.4910654328483337
LOOOOOOOOOOOOOOOOOOOOL,neither,0.03945320844208391,0.33037608806864915,0.630170703489267
WHAAAAAAAAAT,neither,0.03945320844208391,0.33037608806864915,0.630170703489267
............,neither,0.03945320844208391,0.33037608806864915,0.630170703489267
OMG,neither,0.03945320844208391,0.33037608806864915,0.630170703489267
What's happening,neither,0.04568673754512718,0.3259267583143808,0.628386504140492
WTFFFFFFFFFF,neither,0.03945320844208391,0.33037608806864915,0.630170703489267
SUPRESSING FIRE,neither,0.03945320844208391,0.33037608806864915,0.630170703489267
NEGEV NEW META?,neither,0.04660400397451208,0.1401930676750457,0.8132029283504423
HAHAHHAAA,neither,0.03945320844208391,0.33037608806864915,0.630170703489267
hello shroud,neither,0.03945320844208391,0.33037608806864915,0.630170703489267
LOL,neither,0.020706217963973744,0.4882283491876925,0.4910654328483337
GOOD JOB VALVE,neither,0.03847136223752934,0.3307137900015447,0.6308148477609259
THE SOUND,neither,0.038037336126344766,0.30405558068253574,0.6579070831911196
Wtf,offensive_language,0.04410695246022759,0.7898861884776351,0.16600685906213722
aye @JordanPixels I was close ;),neither,0.03931953442075085,0.33264488507206746,0.6280355805071817
BROKEN LOL,neither,0.029690598935995554,0.40301554936428274,0.5672938516997218
LMFAOOOOOO,neither,0.03945320844208391,0.33037608806864915,0.630170703489267
Cs go wtf,offensive_language,0.043434307551112626,0.5690597040226336,0.3875059884262537
LOL,neither,0.020706217963973744,0.4882283491876925,0.4910654328483337
Negev Update?,neither,0.03945320844208391,0.33037608806864915,0.630170703489267
LASEEER PogChamp,neither,0.03945320844208391,0.33037608806864915,0.630170703489267
What?,neither,0.057770773616808734,0.3180719994247239,0.6241572269584672
SKILLED GAME,neither,0.03874828661588119,0.28697012516936804,0.6742815882147507
whyyyyyyyyy!?,neither,0.03945320844208391,0.33037608806864915,0.630170703489267
VOLVO,neither,0.03945320844208391,0.33037608806864915,0.630170703489267
WTF,offensive_language,0.04410695246022759,0.7898861884776351,0.16600685906213722
ROFL,neither,0.03945320844208391,0.33037608806864915,0.630170703489267
NEGEVE>M4A4 BOYS 4Head,neither,0.03945320844208391,0.33037608806864915,0.630170703489267
W E T F A R T S,neither,0.03945320844208391,0.33037608806864915,0.630170703489267
"LimitlessTheGOAT, nah",neither,0.03945320844208391,0.33037608806864915,0.630170703489267
What?,neither,0.057770773616808734,0.3180719994247239,0.6241572269584672
#1 smoke spam gun,neither,0.03629380260520563,0.3839994505126652,0.5797067468821292
PogChamp,neither,0.03945320844208391,0.33037608806864915,0.630170703489267
Herro,neither,0.03945320844208391,0.33037608806864915,0.630170703489267
look at your arms,neither,0.07775374816280187,0.3455427571199838,0.5767034947172144
whats Yours crosshair shroud,neither,0.03945320844208391,0.33037608806864915,0.630170703489267
?,neither,0.03945320844208391,0.33037608806864915,0.630170703489267
What the hell is this xD,offensive_language,0.06311407153259319,0.7895546108146484,0.14733131765275842
Wtf did they change the noise??,offensive_language,0.04067712227454054,0.507370433094365,0.4519524446310946
LOL,neither,0.020706217963973744,0.4882283491876925,0.4910654328483337
WTF,offensive_language,0.04410695246022759,0.7898861884776351,0.16600685906213722
your hands are SO SMALL LOL,neither,0.09295997387213566,0.37342782470679087,0.5336122014210734
ICE-FROG EQUIVALENT IN CSGO LUL,neither,0.03945320844208391,0.33037608806864915,0.630170703489267
oi,neither,0.03945320844208391,0.33037608806864915,0.630170703489267
sounds like a helicopter,neither,0.05072094386424078,0.3466755651843074,0.6026034909514517
this is too far volvo,neither,0.04952252861712223,0.3341116357611816,0.6163658356216962
Xd,neither,0.03945320844208391,0.33037608806864915,0.630170703489267
wtf,offensive_language,0.04410695246022759,0.7898861884776351,0.16600685906213722
Yay not battlegrounds,neither,0.03779879555407328,0.3366121553211162,0.6255890491248105
LOOK AT YOUR HANDS,neither,0.08261333973527221,0.3465637947778345,0.5708228654868932
what are we doing?,neither,0.08948491241519305,0.2667039365867321,0.6438111509980748
check revovler,neither,0.03945320844208391,0.33037608806864915,0.630170703489267
PogChamp WHO NEEDS M4 PogChamp,neither,0.04005329191118399,0.39283496719462285,0.5671117408941931
S U P P R E S S I N G F I R E,neither,0.03945320844208391,0.33037608806864915,0.630170703489267
what about the r8?,neither,0.04522989272745547,0.34331171757297363,0.6114583896995709
nah I was 100%,neither,0.03930716265744588,0.33285486618308213,0.627837971159472
nerf guns,neither,0.03945320844208391,0.33037608806864915,0.630170703489267
The fkn negev is about to make a come back now fk me...,neither,0.04087884966915989,0.3743261446438946,0.5847950056869455
ITS TOO ACCURATE,neither,0.03290966671690359,0.3371519128713655,0.629938420411731
"valve, who are they hiring",neither,0.06730924120167776,0.3484068948577416,0.5842838639405806
Tiny hands LUL,neither,0.03945320844208391,0.33037608806864915,0.630170703489267
LASER BEAMS,neither,0.03945320844208391,0.33037608806864915,0.630170703489267
What's wrong with the sounds,neither,0.031819945510491554,0.348594192059503,0.6195858624300055
the arms omfg,neither,0.038579614573544335,0.31440666189714045,0.6470137235293153
@EliGE you streaming tonight?,neither,0.05222290510655416,0.3471211603521468,0.600655934541299
ITS A 1 HIT HEADSHOT,neither,0.030383090044653036,0.33349571770126973,0.6361211922540773
stock up on negev skins,neither,0.03488435045317859,0.38674095362863053,0.5783746959181908
WHAT IS THE POINT OF THIS CHANGE LOL,neither,0.04298187372948099,0.3610051003102153,0.5960130259603036
dont thats the new sounds,neither,0.04202160659385168,0.2273182764937332,0.7306601169124152
what did they do to R8? @shroud,neither,0.059957001024783886,0.3185676603023208,0.6214753386728953
@shroud mm or something? What's happening?,neither,0.04352796456014848,0.32743068787307755,0.629041347566774
LeBalance OSfrog,neither,0.03945320844208391,0.33037608806864915,0.630170703489267
Well we know what wep's gonna be in the game for the next month,neither,0.03644271752978747,0.30408179220137693,0.6594754902688356
NotLikeThis,neither,0.03945320844208391,0.33037608806864915,0.630170703489267
@shroud,neither,0.03945320844208391,0.33037608806864915,0.630170703489267
they removed r8 from comp right,neither,0.03962331136506169,0.3313368875222102,0.6290398011127281
hi waddup sroud answer me pls @shroud,neither,0.034179965716041,0.3584144709212949,0.6074055633626642
"@Gruanger, defenetely any of the dota2 devs LUL csgo devs are so awful",neither,0.05471586349720302,0.318361727305688,0.626922409197109
PUBG PLS,neither,0.03945320844208391,0.33037608806864915,0.630170703489267
removed r8 and negev from comp,neither,0.03993872663407561,0.2110020514151397,0.7490592219507847
that's too fast,neither,0.034244495348552055,0.3893144480901634,0.5764410565612845
not*,neither,0.03554889144452836,0.3454295093440936,0.619021599211378
so accurate wtf,offensive_language,0.04244562607484679,0.6366366898586682,0.32091768406648513
!uptime,neither,0.03945320844208391,0.33037608806864915,0.630170703489267
@akpballer24 Channel shroud has been live for 04m and 07s,neither,0.037527441653855145,0.2724964938497483,0.6899760644963965
@shroud zgól ten koper synu #polish,neither,0.03945320844208391,0.33037608806864915,0.630170703489267
Whats new? Just tuned in :),neither,0.038572457549660474,0.27205065128978895,0.6893768911605506
cs got a new update now,neither,0.041448673654149545,0.2937280803383103,0.6648232460075401
show us negev,neither,0.16769537339040438,0.2005943964582871,0.6317102301513084
"@PatrickJD1243 yeah, I quit playing a while ago, but this shit cracks me up",offensive_language,0.030685341911716093,0.9481407881910632,0.021173869897220796
OMG LOL,neither,0.028153223926309316,0.41615248093853685,0.5556942951351538
WHAT IS THIS,neither,0.07282678549990032,0.31792604547631814,0.6092471690237815
well rip matchmaking warmup spams,neither,0.03945320844208391,0.33037608806864915,0.630170703489267
still 100% accurate? LUL,neither,0.03878351295675862,0.34174256822056326,0.619473918822678
HAHAHAHAH,neither,0.03945320844208391,0.33037608806864915,0.630170703489267
SUPRRESSIVE FIiIIIIIIRE,neither,0.03945320844208391,0.33037608806864915,0.630170703489267
LOL SILENCED NEGEV?,neither,0.020706217963973744,0.4882283491876925,0.4910654328483337
LUL,neither,0.03945320844208391,0.33037608806864915,0.630170703489267
no pugb today? @Shroud,neither,0.03582344737894328,0.31780966450636605,0.6463668881146906
OLD REVO :(((((((((((((((((((((,neither,0.03945320844208391,0.33037608806864915,0.630170703489267
lol,neither,0.020706217963973744,0.4882283491876925,0.4910654328483337
WTF?,offensive_language,0.04410695246022759,0.7898861884776351,0.16600685906213722
xD,neither,0.03945320844208391,0.33037608806864915,0.630170703489267
na spray,neither,0.03945320844208391,0.33037608806864915,0.630170703489267
wtf is that sound,offensive_language,0.04786355059227512,0.6455947886807802,0.3065416607269448
WTF,offensive_language,0.04410695246022759,0.7898861884776351,0.16600685906213722
paintball gun!,neither,0.03945320844208391,0.33037608806864915,0.630170703489267
the sound is awful,neither,0.04696783117674109,0.31101802078002616,0.6420141480432326
Hey @shroud,neither,0.03945320844208391,0.33037608806864915,0.630170703489267
XDDD,neither,0.03945320844208391,0.33037608806864915,0.630170703489267
PogChamp PogChamp,neither,0.03945320844208391,0.33037608806864915,0.630170703489267
WTF,offensive_language,0.04410695246022759,0.7898861884776351,0.16600685906213722
LOOOOOOOOOOOL,neither,0.03945320844208391,0.33037608806864915,0.630170703489267
SOUNDS LIKE A BB GUN,neither,0.04853204285263145,0.3437245468785363,0.6077434102688322
22,neither,0.03945320844208391,0.33037608806864915,0.630170703489267
negev is gone @shroud,neither,0.055853555094506506,0.32750881448624736,0.6166376304192461
sounds like airsoft,neither,0.05776902341798489,0.3555857992240617,0.5866451773579534
it was removed from comp @shroud,neither,0.03856356839705832,0.3029148264476519,0.6585216051552898
new cs,neither,0.043301118494078285,0.23413499177287803,0.7225638897330438
how much does the negev cost now ?,neither,0.024636159237767588,0.4290381186127782,0.5463257221494542
M249 it is shroudW,neither,0.059603583318096655,0.32344545014120724,0.616950966540696
B.B. Gun,neither,0.03945320844208391,0.33037608806864915,0.630170703489267
Ewww,neither,0.03945320844208391,0.33037608806864915,0.630170703489267
@shroud pubg pls,neither,0.03945320844208391,0.33037608806864915,0.630170703489267
@shroud Revolver and Negev have been removed from Competitive Matchmaking,neither,0.038900370693371704,0.2907728479298811,0.6703267813767472
update?,neither,0.03945320844208391,0.33037608806864915,0.630170703489267
NEGEV SPRAY TRANSFERS PogChamp,neither,0.03945320844208391,0.33037608806864915,0.630170703489267
They Are ruining the sounds xD,neither,0.06214197557856453,0.2741993302282802,0.6636586941931554
it sounds nice for my ears,neither,0.02509221849791056,0.37433260160653076,0.6005751798955586
sounds like plastic,neither,0.05104017649011407,0.34709822831523596,0.6018615951946499
!crosshair,neither,0.03945320844208391,0.33037608806864915,0.630170703489267
"@ngames01 Size 5, gap 0, thickness 1.5, dot 0",neither,0.03945320844208391,0.33037608806864915,0.630170703489267
Ddt,neither,0.03945320844208391,0.33037608806864915,0.630170703489267
its literally a bb gun,neither,0.03451701843512505,0.33207387016400924,0.6334091114008656
How much does it cost?,neither,0.02371926103298379,0.44769473923259323,0.5285859997344229
$4000,neither,0.03945320844208391,0.33037608806864915,0.630170703489267
"aquila_cs, 4k",neither,0.03945320844208391,0.33037608806864915,0.630170703489267
hi,neither,0.03945320844208391,0.33037608806864915,0.630170703489267
4k?,neither,0.03945320844208391,0.33037608806864915,0.630170703489267
3 shots PogChamp,neither,0.03945320844208391,0.33037608806864915,0.630170703489267
it sounds pleasent,neither,0.03729036240041516,0.3311199900009874,0.6315896475985974
that sounds horrible,neither,0.0354032907928338,0.374459553912156,0.5901371552950102
"@aquila_cs, 4k lol",neither,0.020706217963973744,0.4882283491876925,0.4910654328483337
holy shit,offensive_language,0.04257650662097627,0.9573463282193174,7.716515970639687e-05
can you still tap with it? @shroud,neither,0.039595229554962134,0.42937137875001197,0.531033391695026
35 dmg is more than AK LUL,neither,0.04601765750371788,0.32706992155089887,0.6269124209453834
"@Shroud, Hello beautiful",neither,0.03945320844208391,0.33037608806864915,0.630170703489267
NOT EARRAPE FeelsGoodMan,neither,0.03554889144452836,0.3454295093440936,0.619021599211378
WHAT,neither,0.057770773616808734,0.3180719994247239,0.6241572269584672
WHAT IS THIS,neither,0.07282678549990032,0.31792604547631814,0.6092471690237815
imagine spraying mid doors,neither,0.03945320844208391,0.33037608806864915,0.630170703489267
iam down with this game NotLikeThis,neither,0.029392556586602527,0.3271428278737504,0.6434646155396472
that first bullet accuracy lewwwwwwwd,neither,0.030892602015241508,0.3664511741504944,0.602656223834264
LUL,neither,0.03945320844208391,0.33037608806864915,0.630170703489267
down mid doors,neither,0.03945320844208391,0.33037608806864915,0.630170703489267
WOW,neither,0.03945320844208391,0.33037608806864915,0.630170703489267
VALVE,neither,0.03945320844208391,0.33037608806864915,0.630170703489267
PENIS LOL,neither,0.02958781151373683,0.4038776379912608,0.5665345504950025
its worth or no?,neither,0.031969937197639506,0.34858717128545985,0.6194428915169006
hyahaha,neither,0.03945320844208391,0.33037608806864915,0.630170703489267
WTH? lol,neither,0.03027887083479381,0.3981251484381287,0.5715959807270774
hahahahahahaa,neither,0.03945320844208391,0.33037608806864915,0.630170703489267
wtf,offensive_language,0.04410695246022759,0.7898861884776351,0.16600685906213722
Is this a update,neither,0.05021911897019718,0.32866242751473784,0.6211184535150651
N I C E O N E V A L V E,neither,0.03945320844208391,0.33037608806864915,0.630170703489267
lol,neither,0.020706217963973744,0.4882283491876925,0.4910654328483337
SPRAY CONTROL Kreygasm,neither,0.03945320844208391,0.33037608806864915,0.630170703489267
wtg???!?!,neither,0.03945320844208391,0.33037608806864915,0.630170703489267
HELLO?,neither,0.03945320844208391,0.33037608806864915,0.630170703489267
NEW META,neither,0.04660400397451208,0.1401930676750457,0.8132029283504423
@shroud is this a new cs update? or something,neither,0.048442440764152064,0.2627304236812387,0.6888271355546092
needs to be less accurate,neither,0.045835042826016775,0.3301944766033185,0.6239704805706646
"no need to buy an awp in casual now, just buy a negev LUL",neither,0.04000121808602297,0.3441330243548872,0.6158657575590899
LMAO DONT DO IT,neither,0.038058426032564346,0.35317582396882646,0.6087657499986093
"spammable doors, cobblestone afterplant",neither,0.03945320844208391,0.33037608806864915,0.630170703489267
lol,neither,0.020706217963973744,0.4882283491876925,0.4910654328483337
new update?,neither,0.04385106130749641,0.21960221285816534,0.7365467258343382
MID Doors op,neither,0.03945320844208391,0.33037608806864915,0.630170703489267
OMG LUL,neither,0.03945320844208391,0.33037608806864915,0.630170703489267
!uptime,neither,0.03945320844208391,0.33037608806864915,0.630170703489267
Send nudes,neither,0.03945320844208391,0.33037608806864915,0.630170703489267
What the hell were they thinking,offensive_language,0.04625048034871955,0.680287936918228,0.2734615827330525
@teshu_sd Channel shroud has been live for 05m and 38s,neither,0.037527441653855145,0.2724964938497483,0.6899760644963965
4K?,neither,0.03945320844208391,0.33037608806864915,0.630170703489267
"@Shroud, holding drop with it xD",neither,0.03461546095289275,0.3657979321600472,0.5995866068870601
Lol,neither,0.020706217963973744,0.4882283491876925,0.4910654328483337
So ur telling me that 1shot is not instant headshot DansGame,neither,0.052635353167858084,0.4211178186499819,0.5262468281821602
WTF,offensive_language,0.04410695246022759,0.7898861884776351,0.16600685906213722
Hellau Shroudi whats up bra?,neither,0.03684118595991117,0.3831887553026512,0.5799700587374377
4k?,neither,0.03945320844208391,0.33037608806864915,0.630170703489267
who on cloud 9 needs to go? Kappa,neither,0.043475474810794855,0.38859306960107376,0.5679314555881313
buy negav and hold the door,neither,0.037984228793729015,0.27828095581368895,0.6837348153925821
@shroud dmg through mid doors from t spawn?,neither,0.040182252933827496,0.31800230038925215,0.6418154466769205
Do people not even read the patch notes? They're only testing.,neither,0.06650097194036421,0.3142134285962241,0.6192855994634117
Wait it's only 4000?,neither,0.03745024484186617,0.33106499909786674,0.6314847560602671
line up some bots @Shroud,neither,0.030135086357034203,0.39083803649428317,0.5790268771486825
4k wut?,neither,0.03945320844208391,0.33037608806864915,0.630170703489267
fucking christ,offensive_language,0.11119860890797523,0.8886297413047273,0.00017164978729735433
!commands,neither,0.03945320844208391,0.33037608806864915,0.630170703489267
Best B RUSH BUN LUL,neither,0.03883522995333342,0.3252012157658383,0.6359635542808283
ITS SO BROKEN,neither,0.032513250471009496,0.38640555262200826,0.5810811969069821
rofl,neither,0.03945320844208391,0.33037608806864915,0.630170703489267
LMAO,neither,0.03705015143476208,0.3711622369619404,0.5917876116032975
LMAO,neither,0.03705015143476208,0.3711622369619404,0.5917876116032975
WHAT IS THIS,neither,0.07282678549990032,0.31792604547631814,0.6092471690237815
"4,000 are you fuking my ass?",offensive_language,0.14531100794500015,0.8497168899303831,0.004972102124616823
...,neither,0.03945320844208391,0.33037608806864915,0.630170703489267
wtf,offensive_language,0.04410695246022759,0.7898861884776351,0.16600685906213722
bb gun,neither,0.03945320844208391,0.33037608806864915,0.630170703489267
NO WAY,neither,0.03814847073940352,0.35698458620139334,0.6048669430592032
OMFG LUL,neither,0.03945320844208391,0.33037608806864915,0.630170703489267
WTF,offensive_language,0.04410695246022759,0.7898861884776351,0.16600685906213722
YESH BAXK TO CS,neither,0.04754392689132449,0.32567743738237265,0.6267786357263028
HAHAHAHA great,neither,0.03724811739038243,0.30082389669092247,0.6619279859186952
WHAT????!!,neither,0.057770773616808734,0.3180719994247239,0.6241572269584672
HAHAHA LUL,neither,0.03945320844208391,0.33037608806864915,0.630170703489267
LMFAO,neither,0.05470637918084239,0.32512982320825545,0.6201637976109021
they removed both guns from comp tho,neither,0.03671736886389458,0.3216708927448809,0.6416117383912247
omg wtf,offensive_language,0.043212916691237564,0.6604878252970349,0.2962992580117274
LOL,neither,0.020706217963973744,0.4882283491876925,0.4910654328483337
Negev is broken.,neither,0.05142790244426832,0.3262574416944894,0.6223146558612423
IAM DONE WITH THE GAME LMAO LUL,neither,0.030234521528320468,0.3363662595927991,0.6333992188788805
Suppressing fire BabyRage,neither,0.03945320844208391,0.33037608806864915,0.630170703489267
4Head,neither,0.03945320844208391,0.33037608806864915,0.630170703489267
cobblestone afterplant doors @shroud,neither,0.03945320844208391,0.33037608806864915,0.630170703489267
how can they fuck up this bad??,offensive_language,0.13574951544366237,0.8639336234941026,0.00031686106223500045
!config,neither,0.03945320844208391,0.33037608806864915,0.630170703489267
@carlosskyyy His config can be found on his ESEA page here: http://play.esea.net/users/248592 OR in the FAQ section down below!,neither,0.0839337416261435,0.2602498405772156,0.6558164177966408
lol,neither,0.020706217963973744,0.4882283491876925,0.4910654328483337
new strat 4Head,neither,0.04660400397451208,0.1401930676750457,0.8132029283504423
it's disabled on competetive calm down chat,neither,0.03640613303731934,0.34054885356417075,0.6230450133985098
!uptime,neither,0.03945320844208391,0.33037608806864915,0.630170703489267
Guys I need some help,neither,0.03067878500230713,0.34576134955110155,0.6235598654465914
The recoil of the negev is broken @Shroud,neither,0.04694343066561567,0.2923225937586478,0.6607339755757364
give this to skadoodle and let him be the turret LUL,neither,0.0303280173449054,0.3143972532591902,0.6552747293959044
wtf is the point of this update,offensive_language,0.04820157395605379,0.5164321813029553,0.4353662447409909
Its not on competative idiots lmao,neither,0.02968146701013085,0.3655507499961165,0.6047677829937527
@shroud u gonna play battlegrounds ?,neither,0.03785503690846681,0.40424451450070353,0.5579004485908295
Join the new Curse server! https://curse.com/invite/Xv6nbZgd4kugsL2fxlg6NQ,neither,0.04082319323556661,0.27696135383134185,0.6822154529330917
shroud my bday is coming up give me a usp kill confirmed @shroud,neither,0.20608552080974954,0.3725945523607568,0.42131992682949365
Kyero99 just subscribed shroudH,neither,0.02667013123193722,0.39600456006212814,0.5773253087059346
LOL,neither,0.020706217963973744,0.4882283491876925,0.4910654328483337
!sens,neither,0.03945320844208391,0.33037608806864915,0.630170703489267
@ex_wonderkid1 DPI: 400 - Ingame : 2.4 - Windows: 6/11 - Raw-Input: On - 1000 Hz Polling Rate,neither,0.03781786467716525,0.33814216926935486,0.6240399660534798
get a negev skin! on strim,neither,0.03497184631055775,0.36084987767524934,0.6041782760141928
HS damage? @Shroud,neither,0.03945320844208391,0.33037608806864915,0.630170703489267
shroud how fast do you move with the m249?,neither,0.04193765582670288,0.3938649572216788,0.5641973869516184
what happened to the audio,neither,0.04985968093713182,0.3093541912002687,0.6407861278625995
lol,neither,0.020706217963973744,0.4882283491876925,0.4910654328483337
CRISP CLEAN,neither,0.03945320844208391,0.33037608806864915,0.630170703489267
Kappa,neither,0.03945320844208391,0.33037608806864915,0.630170703489267
its negev op now? XD,neither,0.03304980136946549,0.3325785133930122,0.6343716852375224
try r8,neither,0.03945320844208391,0.33037608806864915,0.630170703489267
LUL,neither,0.03945320844208391,0.33037608806864915,0.630170703489267
Shroud pubg pls,neither,0.03945320844208391,0.33037608806864915,0.630170703489267
Can you BHOP with the Negev @shroud Kappa,neither,0.04093777111426205,0.39449674634902204,0.5645654825367159
WTF IS THIS GAME,offensive_language,0.05290743976225659,0.564264653433393,0.3828279068043504
this is the first time valve removes a gun from competitive to make changes @shroud,neither,0.042496146159808665,0.32081665631490736,0.636687197525284
paintball,neither,0.03945320844208391,0.33037608806864915,0.630170703489267
LOCK BOYS,neither,0.03945320844208391,0.33037608806864915,0.630170703489267
NEGEV SPRAY TRANSFERS PogChamp,neither,0.03945320844208391,0.33037608806864915,0.630170703489267
yeah hes on the gera,neither,0.020007701616018825,0.4438277399816069,0.5361645584023744
why is he trying negev?,neither,0.03976591220979973,0.3453838477929448,0.6148502399972554
not in competetive,neither,0.03633741070581727,0.3422934649026239,0.6213691243915589
⚙,neither,0.03945320844208391,0.33037608806864915,0.630170703489267
What is the sound,neither,0.05922522447262515,0.2992222575146992,0.6415525180126757
CRISP CLEAN LOCK BOIS,neither,0.03945320844208391,0.33037608806864915,0.630170703489267
whats up man,neither,0.03661499947049185,0.47475261117528955,0.4886323893542186
whats even happening here,neither,0.07566275721460194,0.31199801304514446,0.6123392297402537
cheat ?,neither,0.03945320844208391,0.33037608806864915,0.630170703489267
PogChamp shroud online,neither,0.03945320844208391,0.33037608806864915,0.630170703489267
marcuswcsgo LUL,neither,0.03945320844208391,0.33037608806864915,0.630170703489267
What did they change exactly,neither,0.04469076363898012,0.3266161207263182,0.6286931156347016
FINALLY my NEGEV skins are gonna be put to use Kappa,neither,0.025979814480650953,0.44344362799204656,0.5305765575273025
Negev Bhop,neither,0.03945320844208391,0.33037608806864915,0.630170703489267
i hate vavle,hate_speech,0.8506971177962884,0.04335368827137609,0.1059491939323355
this isnt battlegrounds,neither,0.03932968176043309,0.33247265823521366,0.6281976600043533
rip the R8 and negev FeelsBadMan,neither,0.0375803264061589,0.26037783431399997,0.7020418392798411
hey guys this is my first time in a shroud stream hey guys hi michael,neither,0.033059381598423185,0.3842867437049791,0.5826538746965978
I still think it's garbage LUL,neither,0.03799720515082966,0.3357386862440229,0.6262641086051474
ouch,neither,0.03945320844208391,0.33037608806864915,0.630170703489267
WutFace,neither,0.03945320844208391,0.33037608806864915,0.630170703489267
WutFace,neither,0.03945320844208391,0.33037608806864915,0.630170703489267
LIPPLES UltimateOW,neither,0.03945320844208391,0.33037608806864915,0.630170703489267
"@shroud please please please please please keep streaming CS, I've hated that other game you've been streaming lately :(",neither,0.02758830376033276,0.3314423120306213,0.6409693842090459
!uptime,neither,0.03945320844208391,0.33037608806864915,0.630170703489267
good luck rushing b site mirage 4Head,neither,0.03884219961472356,0.3305862420225563,0.6305715583627202
@shroud Revolver and Negev have been removed from Competitive tho,neither,0.035656720300649224,0.30087007345944544,0.6634732062399052
RIP,neither,0.03945320844208391,0.33037608806864915,0.630170703489267
ow,neither,0.03945320844208391,0.33037608806864915,0.630170703489267
valve,neither,0.03945320844208391,0.33037608806864915,0.630170703489267
u cant use it though @shroud,neither,0.012005756351947863,0.42922952236200185,0.5587647212860503
try the r8,neither,0.03789106568149868,0.3011872489282623,0.660921685390239
!sens,neither,0.03945320844208391,0.33037608806864915,0.630170703489267
@eriksoni_tv DPI: 400 - Ingame : 2.4 - Windows: 6/11 - Raw-Input: On - 1000 Hz Polling Rate,neither,0.03781786467716525,0.33814216926935486,0.6240399660534798
@shroud what do you think bout the coin,neither,0.06370764756194625,0.44660699290446976,0.48968535953358394
⚙,neither,0.03945320844208391,0.33037608806864915,0.630170703489267
!crosshair,neither,0.03945320844208391,0.33037608806864915,0.630170703489267
good thing they removed this bs from comp,neither,0.039747874684091924,0.3151886334773106,0.6450634918385975
@shroud give me a usp kill confirmed my bday is coming up,neither,0.20608552080974954,0.3725945523607568,0.42131992682949365
Negev removed from comp =(,neither,0.04228451509352876,0.2823214250720796,0.6753940598343917
JI DADDY SHROOD:D,neither,0.03945320844208391,0.33037608806864915,0.630170703489267
!sens,neither,0.03945320844208391,0.33037608806864915,0.630170703489267
Shrouds back,neither,0.03945320844208391,0.33037608806864915,0.630170703489267
"""Removed from Competitive Matchmaking""",neither,0.04062582848913359,0.31047366557575606,0.6489005059351104
We BAttlefield now BOIS LUL,neither,0.03933096805621535,0.3324508264388241,0.6282182055049607
!uptimr,neither,0.03945320844208391,0.33037608806864915,0.630170703489267
@shroud u gonna play battlegrounds with ska later?,neither,0.027215689191387563,0.4204887318050442,0.5522955790035682
"""Negev spray transfers"" Kappa @shroud",neither,0.03945320844208391,0.33037608806864915,0.630170703489267
WutFace,neither,0.03945320844208391,0.33037608806864915,0.630170703489267
do you like the new UI,neither,0.11113140969802371,0.2504018271685609,0.6384667631334153
"@Shroud, Mike, u started streaming in not EU hours :( . Best wishes from Poland ! :)",neither,0.038756668115771865,0.31827282383216493,0.6429705080520632
Shroud is so fucking chill,offensive_language,0.13003265098494707,0.8698771023355432,9.024667950973628e-05
