text,top_class,hate_speech,offensive_language,neither
jesus i had the offline chat open this scared tf outta me,neither,0.034164105183057195,0.34577979798215147,0.6200560968347913
DAD ? @Shroud duckFG,neither,0.03945320844208391,0.33037608806864915,0.630170703489267
First,neither,0.02604892428726219,0.3349864360510187,0.6389646396617191
First papa,neither,0.031714943249840644,0.3330376323110745,0.6352474244390849
third,neither,0.03945320844208391,0.33037608806864915,0.630170703489267
Papa shroud.,neither,0.03945320844208391,0.33037608806864915,0.630170703489267
i was first btw haHAA,neither,0.033523560846920326,0.33408328941729937,0.6323931497357804
Shit,offensive_language,0.041595751201534026,0.9584042484281707,3.702953810110442e-10
hi shroud,neither,0.03945320844208391,0.33037608806864915,0.630170703489267
dad,neither,0.03945320844208391,0.33037608806864915,0.630170703489267
Papa if u reply i will subscribe,neither,0.02548492151388971,0.3569864699875942,0.6175286084985161
DAD,neither,0.03945320844208391,0.33037608806864915,0.630170703489267
how quick,neither,0.03945320844208391,0.33037608806864915,0.630170703489267
PogChamp HE FELT LIKE STREAMING,neither,0.05486261659514413,0.3423143582587803,0.6028230251460756
dad,neither,0.03945320844208391,0.33037608806864915,0.630170703489267
hi,neither,0.03945320844208391,0.33037608806864915,0.630170703489267
sumW,neither,0.03945320844208391,0.33037608806864915,0.630170703489267
!upime,neither,0.03945320844208391,0.33037608806864915,0.630170703489267
Jajaja,neither,0.03945320844208391,0.33037608806864915,0.630170703489267
PAPI,neither,0.03945320844208391,0.33037608806864915,0.630170703489267
I love u,neither,0.03217296676969875,0.3657703709031763,0.602056662327125
Shroud play h1z1 new update,neither,0.04330643212206715,0.23399589870094223,0.7226976691769906
shroudPigeon shroudPigeon shroudPigeon shroudPigeon shroudPigeon shroudPigeon shroudPigeon shroudPigeon shroudPigeon shroudPigeon shroudPigeon,neither,0.03945320844208391,0.33037608806864915,0.630170703489267
!uptime,neither,0.03945320844208391,0.33037608806864915,0.630170703489267
@bjmcnuts Channel shroud has been live for 02m and 41s,neither,0.037527441653855145,0.2724964938497483,0.6899760644963965
!uptime,neither,0.03945320844208391,0.33037608806864915,0.630170703489267
H1 sucks,neither,0.03945320844208391,0.33037608806864915,0.630170703489267
aye,neither,0.03945320844208391,0.33037608806864915,0.630170703489267
shroudPigeon,neither,0.03945320844208391,0.33037608806864915,0.630170703489267
Yo,offensive_language,0.04010381111145228,0.5271105317972344,0.4327856570913131
PogChamp,neither,0.03945320844208391,0.33037608806864915,0.630170703489267
@shroud hi,neither,0.03945320844208391,0.33037608806864915,0.630170703489267
Aye,neither,0.03945320844208391,0.33037608806864915,0.630170703489267
hi lots of love from India!!!!,neither,0.0381138390818071,0.32695302766799894,0.634933133250194
Mike,neither,0.03945320844208391,0.33037608806864915,0.630170703489267
My internet is down RIP,neither,0.03505100565080735,0.4072606010759177,0.5576883932732749
HI SHROUD :D,neither,0.03945320844208391,0.33037608806864915,0.630170703489267
how do u feel about wwIII?????????,neither,0.039184280697579385,0.3643967913001418,0.5964189280022788
YEEEEEEES,neither,0.03945320844208391,0.33037608806864915,0.630170703489267
Yahh,neither,0.03945320844208391,0.33037608806864915,0.630170703489267
MIKEY,neither,0.03945320844208391,0.33037608806864915,0.630170703489267
Lets go boyss,neither,0.039984317429425154,0.35542799280679366,0.6045876897637812
YEAH,offensive_language,0.013968601452186464,0.5182923869769311,0.4677390115708824
PogChamp,neither,0.03945320844208391,0.33037608806864915,0.630170703489267
yayyyyyyyy,neither,0.03945320844208391,0.33037608806864915,0.630170703489267
Everyone on the WW3 hype train?,neither,0.03287958818949516,0.40024234310265366,0.5668780687078511
Wtf he does this shit every time I get the fucking notification and there is no stream?,offensive_language,0.06378228934266236,0.93589461098334,0.00032309967399764527
god emperor has delivered swift justice upon the infidels Kreygasm,neither,0.039140815095586194,0.3162797932510442,0.6445793916533696
I <3 mike,neither,0.03945320844208391,0.33037608806864915,0.630170703489267
Wth,neither,0.03945320844208391,0.33037608806864915,0.630170703489267
19 viewrs lets go😂,neither,0.039824114853465306,0.34783905164503054,0.612336833501504
Ayyyye,neither,0.03945320844208391,0.33037608806864915,0.630170703489267
heelo,neither,0.03945320844208391,0.33037608806864915,0.630170703489267
hi,neither,0.03945320844208391,0.33037608806864915,0.630170703489267
gang gang,neither,0.03945320844208391,0.33037608806864915,0.630170703489267
Is shroud Kreygasm Kreygasm Kreygasm Kreygasm Kreygasm Kreygasm Kreygasm Kreygasm Kreygasm Kreygasm,neither,0.081172750358939,0.3160268245287109,0.60280042511235
True fans right here,neither,0.08784870413425738,0.30917932532132886,0.6029719705444138
shroudA,neither,0.03945320844208391,0.33037608806864915,0.630170703489267
shiet,neither,0.03945320844208391,0.33037608806864915,0.630170703489267
XD,neither,0.03945320844208391,0.33037608806864915,0.630170703489267
@spyboy_1st TRUE,neither,0.03945320844208391,0.33037608806864915,0.630170703489267
PUBG PLEASE,neither,0.03945320844208391,0.33037608806864915,0.630170703489267
@shroud Did you and Stewie plan to go live at the same time?,neither,0.05742535336235191,0.3520256855849091,0.5905489610527389
shroudHype shroudHype shroudHype shroudHype,neither,0.03945320844208391,0.33037608806864915,0.630170703489267
Prime Gang HHYY,neither,0.03945320844208391,0.33037608806864915,0.630170703489267
HeyGuys,neither,0.03945320844208391,0.33037608806864915,0.630170703489267
G A M E P L A Y,neither,0.03945320844208391,0.33037608806864915,0.630170703489267
oh yeah I'm down,neither,0.02465848163417147,0.41167508635504674,0.5636664320107818
35 viewrs rgnow😂,neither,0.03945320844208391,0.33037608806864915,0.630170703489267
"Wassup, SHROOD my guy",neither,0.18180476446812796,0.22779592794986328,0.5903993075820089
Join the new Curse server! https://curse.com/invite/Xv6nbZgd4kugsL2fxlg6NQ,neither,0.04082319323556661,0.27696135383134185,0.6822154529330917
Will he ever play cs again,neither,0.043329433387980676,0.3346349212331269,0.6220356453788923
shroudW shroudMilk,neither,0.03945320844208391,0.33037608806864915,0.630170703489267
"remember when shroud used to be a cs go pro player, now he plays pubg and cod :Z :(",neither,0.037335034467738316,0.3842092428201603,0.5784557227121013
No,neither,0.036918905254960256,0.37338982715841207,0.5896912675866277
Watchim dont feel like playing CS and just switch to battle grounds 😂,neither,0.045732849683234975,0.3252961231281326,0.6289710271886323
hes,neither,0.03945320844208391,0.33037608806864915,0.630170703489267
shroudHype,neither,0.03945320844208391,0.33037608806864915,0.630170703489267
shroudPalm shroudPalm,neither,0.03945320844208391,0.33037608806864915,0.630170703489267
Shroud is a god,neither,0.055732361789954374,0.3247769407419311,0.6194906974681145
Hi Shroud <3,neither,0.03945320844208391,0.33037608806864915,0.630170703489267
yo,offensive_language,0.04010381111145228,0.5271105317972344,0.4327856570913131
SAAPPPPP,neither,0.03945320844208391,0.33037608806864915,0.630170703489267
SHROUDIE,neither,0.03945320844208391,0.33037608806864915,0.630170703489267
shroud addicted to bg,neither,0.04590376558683568,0.3266024865581977,0.6274937478549666
Shroud is a human he is no God,neither,0.2492347689980875,0.17126621740244566,0.579499013599467
XDDDDDDD,neither,0.03945320844208391,0.33037608806864915,0.630170703489267
More bg,neither,0.041596361393762056,0.31922582178203746,0.6391778168242005
Dad,neither,0.03945320844208391,0.33037608806864915,0.630170703489267
what my name,neither,0.02955114318269469,0.4523548919175353,0.51809396489977
helloooo,neither,0.03945320844208391,0.33037608806864915,0.630170703489267
@shroud hi,neither,0.03945320844208391,0.33037608806864915,0.630170703489267
Dad,neither,0.03945320844208391,0.33037608806864915,0.630170703489267
Omg,neither,0.03945320844208391,0.33037608806864915,0.630170703489267
Is that teamspeak?,neither,0.05154613418987003,0.42924314326430335,0.5192107225458266
lit,neither,0.03945320844208391,0.33037608806864915,0.630170703489267
hi shroud,neither,0.03945320844208391,0.33037608806864915,0.630170703489267
"shroud is not human, he is a normie",neither,0.2876151098094885,0.14578402703241514,0.5666008631580962
Yay,neither,0.03945320844208391,0.33037608806864915,0.630170703489267
heyyyy,neither,0.03945320844208391,0.33037608806864915,0.630170703489267
SHROUUUUD,neither,0.03945320844208391,0.33037608806864915,0.630170703489267
Shrood,neither,0.03945320844208391,0.33037608806864915,0.630170703489267
damn I was hoping he'd start out with some DM,offensive_language,0.030257963571278513,0.7146393155110066,0.2551027209177149
I LOVE MIKE,neither,0.035733287235145336,0.34783628867904354,0.6164304240858111
pls it doesnt help LUL,neither,0.03845441929940848,0.3307196174548932,0.6308259632456984
SHROOD LOVE,neither,0.03217296676969875,0.3657703709031763,0.602056662327125
Yayayayayayay,neither,0.03945320844208391,0.33037608806864915,0.630170703489267
shroudH shroudH shroudH,neither,0.03945320844208391,0.33037608806864915,0.630170703489267
shroud = God,neither,0.03945320844208391,0.33037608806864915,0.630170703489267
bluehole,neither,0.03945320844208391,0.33037608806864915,0.630170703489267
playing with stew and just9n?,neither,0.023782772021195542,0.32640994784384986,0.6498072801349547
mouse moving?,neither,0.03945320844208391,0.33037608806864915,0.630170703489267
Mike notice me bb,neither,0.03381047017788177,0.36048387103763274,0.6057056587844855
WHY NO CSGO SHROOOODDDDD?????,neither,0.02718008522252254,0.36207895991472167,0.6107409548627558
You missed out on races FeelsBadMan,neither,0.0462240820827788,0.4022373819800467,0.5515385359371744
PLS CSGO!!!!!,neither,0.03945320844208391,0.33037608806864915,0.630170703489267
Shroud is the best PUBG streamer hands down!,neither,0.0463106917375254,0.3034368103591206,0.650252497903354
Why is everything showing double in chat!! shroudThump,neither,0.03596255390765498,0.3401095960366186,0.6239278500557264
Hes just trying new games!! Just enjoy guys 🙂🙂🙂,neither,0.03570366458444342,0.2987669145579216,0.665529420857635
shurd,neither,0.03945320844208391,0.33037608806864915,0.630170703489267
@Dilzaaa REFRESH,neither,0.03945320844208391,0.33037608806864915,0.630170703489267
king shrud,neither,0.03945320844208391,0.33037608806864915,0.630170703489267
sorry caps,neither,0.03945320844208391,0.33037608806864915,0.630170703489267
!runtiem,neither,0.03945320844208391,0.33037608806864915,0.630170703489267
i was just watching ur twitch videos of yesterdays stream,neither,0.04995151596555936,0.3399809059088079,0.6100675781256327
terrible,neither,0.03945320844208391,0.33037608806864915,0.630170703489267
shroudC,neither,0.03945320844208391,0.33037608806864915,0.630170703489267
"@Shroud, good bb",neither,0.03872947641674942,0.3306250126993298,0.6306455108839208
shrud we are fine,neither,0.078568361522102,0.27071592017643953,0.6507157183014585
shrud u missed races :(,neither,0.03945320844208391,0.33037608806864915,0.630170703489267
Notice me bb,neither,0.03295957361382245,0.3653041743274448,0.6017362520587328
@shroud what do you think of star series so far,neither,0.059371910391084436,0.3926204056041537,0.548007684004762
"@shroud, what mouse smoothing, spill it",neither,0.04419973699081702,0.326276662039959,0.6295236009692241
you gonna play with Stew today?,neither,0.03874918535931622,0.45426655117139675,0.506984263469287
Love races with u and sumsum,neither,0.02563551460880713,0.34049350988378313,0.6338709755074097
how was prac?,neither,0.03920842303404325,0.3345307352821077,0.6262608416838491
pls come to IEM sydney,neither,0.04357276781948344,0.34936080557852833,0.6070664266019882
yooooooooo,neither,0.03945320844208391,0.33037608806864915,0.630170703489267
i got to when u died by the dude with the sniper and gillie suit,neither,0.02752022103342113,0.3966930069025731,0.5757867720640059
runtime,neither,0.03945320844208391,0.33037608806864915,0.630170703489267
Bruh stream Cs,neither,0.03945320844208391,0.33037608806864915,0.630170703489267
"@Shroud, as a straight male you sound really attractive right now",neither,0.04789935141484136,0.3990795580626349,0.5530210905225239
shroudHype shroudHype shroudHype shroudHype shroudHype shroudHype,neither,0.03945320844208391,0.33037608806864915,0.630170703489267
"@shroud i am posting highlights from you and just9n on yt from yesterday, il give you a link and you can look if you want, i would appriciate :)",neither,0.05746960138361144,0.3820632438425185,0.5604671547738701
Hi,neither,0.03945320844208391,0.33037608806864915,0.630170703489267
How's the strats going mike,neither,0.03677510062571602,0.34295482827137097,0.6202700711029131
Twice is better than once,neither,0.04669000024825276,0.3349275752192155,0.6183824245325317
@shroud PLEAS COME TO IEM SYDNEY,neither,0.04468963103435337,0.3540817993234916,0.601228569642155
Did I miss CS or are you not playing jt today?,neither,0.05752870782535674,0.3183829092092539,0.6240883829653894
Join the new Curse server! https://curse.com/invite/Xv6nbZgd4kugsL2fxlg6NQ,neither,0.04082319323556661,0.27696135383134185,0.6822154529330917
!runtime,neither,0.03945320844208391,0.33037608806864915,0.630170703489267
duo with justNINEn,neither,0.027686866552126148,0.3719273338417147,0.6003857996061591
@shroud what do you think of star series so far and why aren't you there,neither,0.055963059903654896,0.3633968444454269,0.5806400956509182
"@DT_Lewis888, he'll probably play later",neither,0.043376074176799645,0.3473554585527172,0.6092684672704832
He's not playing CS today,neither,0.04151131339308249,0.31430242158067767,0.6441862650262398
@DT_Lewis888 he not long just started,neither,0.038324763069798776,0.35359487775441545,0.6080803591757857
!uptime,neither,0.03945320844208391,0.33037608806864915,0.630170703489267
@zenzarr Channel shroud has been live for 08m and 48s,neither,0.037527441653855145,0.2724964938497483,0.6899760644963965
DUDE I'M JUST A COLLEGE KID I CAN'T AFFORD SUBSCRIPTIONS ON TWITCH sorry i was at summits....it was lonely.,neither,0.034419609841037174,0.36427920426417265,0.6013011858947903
coco crispies shroudHype shroudHype shroudHype,neither,0.03945320844208391,0.33037608806864915,0.630170703489267
WHERE MY COCOA POPS BOYS AT 😩,neither,0.03162048535728744,0.3898197114781511,0.5785598031645613
they queued for squads again?,neither,0.03252783556500056,0.33149015376310487,0.6359820106718945
im eating hashbrown,neither,0.038134449890200046,0.3803751585541131,0.5814903915556869
Where's the healthy shit at just9n,offensive_language,0.04554000077461062,0.9523188489099047,0.0021411503154846138
"when you start enjoying special k, you realize you aren't a kid anymore",offensive_language,0.08964682757513238,0.4569550512481581,0.4533981211767094
Eew,neither,0.03945320844208391,0.33037608806864915,0.630170703489267
KappaPride special k,neither,0.11023555225710363,0.29265026762434604,0.5971141801185504
500 viewers?,neither,0.03945320844208391,0.33037608806864915,0.630170703489267
No cookie crisps DansGame,neither,0.03833216230472147,0.3494031667169709,0.6122646709783076
"@Shroud, what kind of special k?",neither,0.0880763615494764,0.30280993883281204,0.6091136996177116
"ramloll, Kreygasm yes",neither,0.03945320844208391,0.33037608806864915,0.630170703489267
fruitie pepples are the best,neither,0.08498120668534354,0.22258623080277495,0.6924325625118817
pebbles*,neither,0.03945320844208391,0.33037608806864915,0.630170703489267
"500 views , fake shroud",neither,0.03945320844208391,0.33037608806864915,0.630170703489267
!uptime,neither,0.03945320844208391,0.33037608806864915,0.630170703489267
HONEY NUT CRUNCH kreygasm,neither,0.03945320844208391,0.33037608806864915,0.630170703489267
@nedv1dek Channel shroud has been live for 09m and 46s,neither,0.037527441653855145,0.2724964938497483,0.6899760644963965
Mike notice me bb,neither,0.03381047017788177,0.36048387103763274,0.6057056587844855
Hi,neither,0.03945320844208391,0.33037608806864915,0.630170703489267
!uptime,neither,0.03945320844208391,0.33037608806864915,0.630170703489267
Oh lol,neither,0.03432266842050277,0.33997719235432944,0.6257001392251679
10 mins,neither,0.03945320844208391,0.33037608806864915,0.630170703489267
LUL,neither,0.03945320844208391,0.33037608806864915,0.630170703489267
Love your channel,neither,0.07216561185012554,0.3354708277892649,0.5923635603606094
we bombed syria if anyone cares lol,neither,0.023441875848948645,0.4056084701872334,0.5709496539638179
You aint thanking my host? FeelsBadMan,offensive_language,0.043340306300150996,0.5771932470312645,0.37946644666858437
"@Shroud, hi dad",neither,0.03945320844208391,0.33037608806864915,0.630170703489267
omg shroud only has 6rws what a noob!,neither,0.046446721272332375,0.3178801322386559,0.6356731464890116
no cs just bg,neither,0.035146620275432805,0.3589474856129717,0.6059058941115956
shroudH shroudH shroudH,neither,0.03945320844208391,0.33037608806864915,0.630170703489267
What's rws,neither,0.057770773616808734,0.3180719994247239,0.6241572269584672
What is Rws,neither,0.08191733112755817,0.31109320414220176,0.6069894647302402
@shroud STEW IS ON 1080P,neither,0.05411543891717976,0.358108051247265,0.5877765098355552
rws is a esea stat for cs go,neither,0.04138769415854397,0.30736804647921573,0.6512442593622403
syria :( sroudH,neither,0.03945320844208391,0.33037608806864915,0.630170703489267
CSGO DUDE,neither,0.03945320844208391,0.33037608806864915,0.630170703489267
He knew he couldn't beat stew so he didn't want to play,neither,0.04289585620328941,0.37617957611259795,0.5809245676841127
shroudH,neither,0.03945320844208391,0.33037608806864915,0.630170703489267
bless u,neither,0.03945320844208391,0.33037608806864915,0.630170703489267
CCCSSSGGGOOOOO,neither,0.03945320844208391,0.33037608806864915,0.630170703489267
(puke),neither,0.03945320844208391,0.33037608806864915,0.630170703489267
bless you,neither,0.06637703555667432,0.4035321832267536,0.5300907812165722
ENvyChaox just subscribed shroudPalm,neither,0.02667013123193722,0.39600456006212814,0.5773253087059346
Blessed,neither,0.03945320844208391,0.33037608806864915,0.630170703489267
Mike needs to play with m0e they're so funny together,neither,0.0461403660796399,0.37804627227864446,0.5758133616417157
Join the new Curse server! https://curse.com/invite/Xv6nbZgd4kugsL2fxlg6NQ,neither,0.04082319323556661,0.27696135383134185,0.6822154529330917
Who eats breakfast LUL,neither,0.03992097373665708,0.38018295393666074,0.5798960723266822
envychaox you subbed,neither,0.06070030064870593,0.38926782493489026,0.5500318744164038
only plebs eat cereal,neither,0.03945320844208391,0.33037608806864915,0.630170703489267
nice nice,neither,0.03945320844208391,0.33037608806864915,0.630170703489267
yup yup,neither,0.03945320844208391,0.33037608806864915,0.630170703489267
"oh shit i was watching the vod, totally thought he was done streaming today",offensive_language,0.06462552611745702,0.867261063377682,0.06811341050486085
FROSTED FLAKES IS THE BEST CEREAL ANYONE WHO DISAGREES CAN FIGHT ME,neither,0.03871782070019812,0.36885135140472614,0.5924308278950757
new sub hypee,neither,0.043919015707405175,0.21778587109643513,0.7382951131961598
show me juan tap,neither,0.04463620018098311,0.2994295743619214,0.6559342254570956
did this shit work,offensive_language,0.04308931724102632,0.9566829645178346,0.00022771824113926374
sweet it worked,neither,0.03794656587715203,0.3308942915347318,0.6311591425881161
"@Vvevz, yes",neither,0.03945320844208391,0.33037608806864915,0.630170703489267
SHROUD U BETTER WIN THIS I JUST SUBBED,neither,0.03551683595654545,0.34983568619655425,0.6146474778469003
"@Iapple103003, i havent had frosted flakes in a long time could you send me some via prime pantry please? i want to experience one last bit of joy before i die",neither,0.08055518965725696,0.22633085860867183,0.6931139517340711
"that gun sound, jesus",neither,0.03583664660636224,0.3696653686463946,0.5944979847472432
that's a fan of the stream if i ever saw one,neither,0.023972359608324088,0.4073212274874704,0.5687064129042056
"hey shroud, was waiting all day for this stream :)",neither,0.035994505283690977,0.3475540419968129,0.6164514527194961
Na spray,neither,0.03945320844208391,0.33037608806864915,0.630170703489267
i cant wait tell they fix the footstep sounds and its louder cause that shit is real annoying,offensive_language,0.0440708970462395,0.9023347775646625,0.05359432538909797
RIP my ears,neither,0.02851945783278837,0.4152450417476901,0.5562355004195216
that shroud so pro :>,neither,0.0346363389577098,0.43685231329753377,0.5285113477447565
Jk,neither,0.03945320844208391,0.33037608806864915,0.630170703489267
I'm never awake in time for breakfast,neither,0.030943098025062864,0.3539926702454961,0.615064231729441
709??,neither,0.03945320844208391,0.33037608806864915,0.630170703489267
!mouse,neither,0.03945320844208391,0.33037608806864915,0.630170703489267
@vtemp10 He's using the Logitech G303 Mau5,neither,0.04013781075571735,0.3944284229437154,0.5654337663005673
PogChamp,neither,0.03945320844208391,0.33037608806864915,0.630170703489267
oh you finally disabled it?,neither,0.05892172717398427,0.32672279239896085,0.6143554804270549
