text,top_class,hate_speech,offensive_language,neither
SHROUD :O,neither,0.03945320844208391,0.33037608806864915,0.630170703489267
tyler1Hey @Shroud,neither,0.03945320844208391,0.33037608806864915,0.630170703489267
Hello shroody,neither,0.03945320844208391,0.33037608806864915,0.630170703489267
It's literally impossible to connect.,neither,0.04342492023541894,0.32773618150258943,0.6288388982619917
dad,neither,0.03945320844208391,0.33037608806864915,0.630170703489267
SHROUD,neither,0.03945320844208391,0.33037608806864915,0.630170703489267
hey dad,neither,0.03945320844208391,0.33037608806864915,0.630170703489267
hi shroud,neither,0.03945320844208391,0.33037608806864915,0.630170703489267
lowkey?,neither,0.03945320844208391,0.33037608806864915,0.630170703489267
!uptime,neither,0.03945320844208391,0.33037608806864915,0.630170703489267
@llevil82ll Channel shroud is not live!,neither,0.05158998041372838,0.33065313973924526,0.6177568798470263
shroooooood,neither,0.03945320844208391,0.33037608806864915,0.630170703489267
good to see you playing GTA :D :D,neither,0.06252866633051411,0.3699971997989702,0.5674741338705157
hi,neither,0.03945320844208391,0.33037608806864915,0.630170703489267
"@Shroud, No PUBG today?",neither,0.03582344737894328,0.31780966450636605,0.6463668881146906
DAD,neither,0.03945320844208391,0.33037608806864915,0.630170703489267
DADADADAD,neither,0.03945320844208391,0.33037608806864915,0.630170703489267
"hi dad, I missed you",neither,0.055508087796608215,0.37569004335728867,0.5688018688461031
xd,neither,0.03945320844208391,0.33037608806864915,0.630170703489267
Hello,neither,0.03945320844208391,0.33037608806864915,0.630170703489267
owo whats this,neither,0.03932325789638521,0.3325816879730554,0.6280950541305595
Daaaaad,neither,0.03945320844208391,0.33037608806864915,0.630170703489267
Skrr,neither,0.03945320844208391,0.33037608806864915,0.630170703489267
HI SHROUD,neither,0.03945320844208391,0.33037608806864915,0.630170703489267
is this fiverp or network. just curious,neither,0.04178726488558162,0.34659025927547016,0.6116224758389481
Shroud I'm from Toronto,neither,0.04066490145509902,0.30981049537100724,0.6495246031738937
Finally,neither,0.03945320844208391,0.33037608806864915,0.630170703489267
hi,neither,0.03945320844208391,0.33037608806864915,0.630170703489267
Shrood,neither,0.03945320844208391,0.33037608806864915,0.630170703489267
daaaaaaaaaaaaaaaaaad shroudW,neither,0.03945320844208391,0.33037608806864915,0.630170703489267
!uptime,neither,0.03945320844208391,0.33037608806864915,0.630170703489267
@seywerd Channel shroud has been live for 02m and 32s,neither,0.037527441653855145,0.2724964938497483,0.6899760644963965
shrooooood,neither,0.03945320844208391,0.33037608806864915,0.630170703489267
shroud delivering shady hacks in his van Kappa,neither,0.05358075800623435,0.3318617023102274,0.6145575396835383
HI SHROUD :D,neither,0.03945320844208391,0.33037608806864915,0.630170703489267
I'm really early,neither,0.04168162650257264,0.2925540178744482,0.6657643556229792
Hey,neither,0.03945320844208391,0.33037608806864915,0.630170703489267
SHROUDS BACK,neither,0.03945320844208391,0.33037608806864915,0.630170703489267
lowkeyyyyy,neither,0.03945320844208391,0.33037608806864915,0.630170703489267
SHROUD RP???,neither,0.03945320844208391,0.33037608806864915,0.630170703489267
sumDerp,neither,0.03945320844208391,0.33037608806864915,0.630170703489267
hell yea,offensive_language,0.04178788088246488,0.8367652767089439,0.12144684240859135
Like holy crap early,neither,0.05106836914365717,0.32121899270749416,0.6277126381488486
Csgo!!!!,neither,0.03945320844208391,0.33037608806864915,0.630170703489267
shroud is an ethical hacker! hes delivering some guud shieett here,neither,0.07571988227785212,0.3042381701197801,0.6200419476023679
Ayyyyyyy,neither,0.03945320844208391,0.33037608806864915,0.630170703489267
Play battlegrounds,neither,0.03945320844208391,0.33037608806864915,0.630170703489267
hi,neither,0.03945320844208391,0.33037608806864915,0.630170703489267
Hey,neither,0.03945320844208391,0.33037608806864915,0.630170703489267
"fuckin floor it pussy, you wont",offensive_language,0.01652394342538831,0.9834748485614011,1.2080132104003977e-06
Im a bit drunk ngl,neither,0.03850824897211862,0.3662303659134743,0.5952613851144072
"Shroud forget these jobs, go do some druggy shit man.",offensive_language,0.04181769029710212,0.955455660429086,0.00272664927381188
sit the fook down,neither,0.03826550482685261,0.3084612459698056,0.6532732492033417
y does shroud have 130 viewers,neither,0.028522659497910937,0.4345204004865014,0.5369569400155876
how you doing guys ?,neither,0.06174568022511784,0.3950948676869096,0.5431594520879726
"does he have to drive the speed limit, and normally?",neither,0.032211934630215315,0.43935136370788563,0.5284367016618992
!times,neither,0.03945320844208391,0.33037608806864915,0.630170703489267
!uptime,neither,0.03945320844208391,0.33037608806864915,0.630170703489267
@brianlava Channel shroud has been live for 03m and 46s,neither,0.037527441653855145,0.2724964938497483,0.6899760644963965
PogChamp SHROUD BibleThump FeelsGoodMan,neither,0.03945320844208391,0.33037608806864915,0.630170703489267
wtf get on cs!!!!!!!!!,offensive_language,0.03862626152727088,0.573816876242886,0.38755686222984304
since when did gta have fuel?,neither,0.03197361815850244,0.3721603041643881,0.5958660776771093
what is this,neither,0.07282678549990032,0.31792604547631814,0.6092471690237815
reckless driving? get em E L FUCKIN I,offensive_language,0.07657537083478587,0.8806709411913695,0.04275368797384484
0 viewers???,neither,0.03945320844208391,0.33037608806864915,0.630170703489267
Finally Gawd Shroud,neither,0.03945320844208391,0.33037608806864915,0.630170703489267
sumW sumE ?,neither,0.03945320844208391,0.33037608806864915,0.630170703489267
o sic im in the corner,neither,0.037431566931178176,0.3487388314161211,0.6138296016527007
pulled over for drunk driving inbound,neither,0.03219972003358756,0.30683099799399716,0.6609692819724151
oh its been 3 min and now he got 700 vieers,neither,0.040304330415833575,0.30341783493778207,0.6562778346463845
This is GTA RP,neither,0.04959008194734716,0.32877495885699387,0.621634959195659
"""11am"" Kappa",neither,0.03945320844208391,0.33037608806864915,0.630170703489267
"@greenman360 Bro, its gta, he like it make it realistic bruh",neither,0.043847302764409596,0.3433863528711585,0.6127663443644319
!crosshair,neither,0.03945320844208391,0.33037608806864915,0.630170703489267
at least he is obeying the speed limit Kappa,neither,0.04714189438306449,0.33201669769876035,0.6208414079181752
How do you play this?,neither,0.06612093058153684,0.39736837114852774,0.5365106982699355
!cross,neither,0.03945320844208391,0.33037608806864915,0.630170703489267
Thanks for subscribing with Prime nick124699 shroudThump,neither,0.023796193918851447,0.32351757895080435,0.6526862271303442
"Damnit, I wanted cs",neither,0.03945320844208391,0.33037608806864915,0.630170703489267
sup,neither,0.03945320844208391,0.33037608806864915,0.630170703489267
"ninja400_, i wasnt judging, i was asking if it was part of the RP",neither,0.026931748543401555,0.35700515458834503,0.6160630968682534
Goodnight chat how is day going?,neither,0.04504246205543618,0.3387888760835527,0.616168661861011
what mod is that?,neither,0.06192082320891666,0.3949353930334496,0.5431437837576337
!uptime,neither,0.03945320844208391,0.33037608806864915,0.630170703489267
jesus the car blew fuel so fast,neither,0.03877272849278189,0.34882436418583906,0.6124029073213791
@blackedocom Channel shroud has been live for 04m and 41s,neither,0.037527441653855145,0.2724964938497483,0.6899760644963965
ay night stream,neither,0.033060406744590785,0.33018934348695894,0.6367502497684502
i love u shroud,neither,0.03217296676969875,0.3657703709031763,0.602056662327125
did he just start his stream?,neither,0.0621839206969332,0.34812418636795067,0.5896918929351161
They reset it at like 11,neither,0.04969101625058443,0.3806930192180508,0.5696159645313646
hello shroud,neither,0.03945320844208391,0.33037608806864915,0.630170703489267
good morning,neither,0.04970930963283925,0.13564577574880146,0.8146449146183593
!uptime,neither,0.03945320844208391,0.33037608806864915,0.630170703489267
which update PogChamp,neither,0.03945320844208391,0.33037608806864915,0.630170703489267
!uptime,neither,0.03945320844208391,0.33037608806864915,0.630170703489267
!followage,neither,0.03945320844208391,0.33037608806864915,0.630170703489267
is summit playing too?,neither,0.04674056792904516,0.33175134786333854,0.6215080842076164
what new windows?,neither,0.04990791686960937,0.22921566407426977,0.720876419056121
!uptime,neither,0.03945320844208391,0.33037608806864915,0.630170703489267
sumE sumW,neither,0.03945320844208391,0.33037608806864915,0.630170703489267
summit was playing this earlier its great,neither,0.03391725226725221,0.31653643910119494,0.6495463086315528
Took me 35min,neither,0.028167360180306734,0.3939425468836953,0.577890092935998
LUL timing,neither,0.03945320844208391,0.33037608806864915,0.630170703489267
lmao,neither,0.03705015143476208,0.3711622369619404,0.5917876116032975
"@Shroud, just a warning, theres a problem where you could be in the wrong instance and you would need to reconnect, if you never see anyone thats the problem",neither,0.047884518642092214,0.38893000557790697,0.5631854757800008
!steam,neither,0.03945320844208391,0.33037608806864915,0.630170703489267
LUL,neither,0.03945320844208391,0.33037608806864915,0.630170703489267
LUL,neither,0.03945320844208391,0.33037608806864915,0.630170703489267
lol,neither,0.020706217963973744,0.4882283491876925,0.4910654328483337
LUL,neither,0.03945320844208391,0.33037608806864915,0.630170703489267
KappaPride,neither,0.03945320844208391,0.33037608806864915,0.630170703489267
KappaPride,neither,0.03945320844208391,0.33037608806864915,0.630170703489267
KappaPride,neither,0.03945320844208391,0.33037608806864915,0.630170703489267
LUL,neither,0.03945320844208391,0.33037608806864915,0.630170703489267
boyfriend KappaPride,neither,0.03945320844208391,0.33037608806864915,0.630170703489267
What csgo is this???,neither,0.055548561190412744,0.3242975222100186,0.6201539165995688
boyfriend fo sho,neither,0.03945320844208391,0.33037608806864915,0.630170703489267
hes watching it with minikerr KappaPride no Kappa,neither,0.029591404473906575,0.37009406161859953,0.600314533907494
he suck that dick yet?,offensive_language,0.0933216261477088,0.8610641319371638,0.0456142419151275
!uptime,neither,0.03945320844208391,0.33037608806864915,0.630170703489267
@reljl Channel shroud has been live for 05m and 44s,neither,0.037527441653855145,0.2724964938497483,0.6899760644963965
is this a new update for gta or something?,neither,0.043115632682956595,0.2424717479498758,0.7144126193671676
do you need windows 10 for update,neither,0.0467372379586496,0.33586444142042393,0.6173983206209265
Please some XD later,neither,0.030177144027025694,0.34681418513472734,0.6230086708382471
I'm confused as to what's is going on,neither,0.05380392287067419,0.3900327375357786,0.5561633395935472
Join the new Curse server! https://curse.com/invite/Xv6nbZgd4kugsL2fxlg6NQ,neither,0.04082319323556661,0.27696135383134185,0.6822154529330917
Roleplay.,neither,0.03945320844208391,0.33037608806864915,0.630170703489267
I don't get it nobody put black on server name/. now on every stream there is black shit.. but most of people can go on vods and see the server. but the real question is is this different server then it was or what? cuz i dont see the server,offensive_language,0.07871879074778401,0.7551783730519731,0.16610283620024285
Probably with his brother,neither,0.04885083149870544,0.3941428405325581,0.5570063279687365
name of mod?,neither,0.03945320844208391,0.33037608806864915,0.630170703489267
Please play CS later plllleeeeaaasssseeeeee,neither,0.03945320844208391,0.33037608806864915,0.630170703489267
which version is the new windows 10 update,neither,0.04660016158697652,0.26050321525173914,0.6928966231612843
@nick124699 its a roleplaying server,neither,0.02700859978372578,0.3346563596412867,0.6383350405749875
ohhhh,neither,0.03945320844208391,0.33037608806864915,0.630170703489267
what is he playing on??,neither,0.0627290209801883,0.3350239273468941,0.6022470516729177
@VaiJuDuDis the black thing doesn't matter. It's just the website,neither,0.04712620057026129,0.3093170977390116,0.643556701690727
When are you going to start dealing?,neither,0.07564014436576919,0.3957571552723784,0.5286027003618524
ResidentSleeper,neither,0.03945320844208391,0.33037608806864915,0.630170703489267
The IP is way different..,neither,0.048797265498104064,0.308129344812596,0.6430733896893
!uptime,neither,0.03945320844208391,0.33037608806864915,0.630170703489267
@flamesea2 Channel shroud has been live for 06m and 46s,neither,0.037527441653855145,0.2724964938497483,0.6899760644963965
"@Valtor24, he played cs like a long time",neither,0.05136767839485238,0.354459442881309,0.5941728787238386
so there are people roleplaying as cops and stuff,neither,0.08896039237481387,0.28466586901261787,0.6263737386125683
Whats he roleplaying as? A pussy ass bitch?,offensive_language,0.002645818288739833,0.9973541817109505,3.097637617389761e-13
YESSSSSSS,neither,0.03945320844208391,0.33037608806864915,0.630170703489267
Summit bein salty af yesterday,neither,0.03945320844208391,0.33037608806864915,0.630170703489267
NO COP NO STOP,neither,0.03767588470203738,0.4335523059669376,0.5287718093310251
@reachcstv no it's an update for w10,neither,0.031610587690917215,0.3092274374903653,0.6591619748187175
Just run the red when there are no cops,neither,0.04274045900909472,0.3150704239033089,0.6421891170875963
Damn I'm early,offensive_language,0.04578181897984448,0.893122636412591,0.06109554460756439
"stopping at red lights is just like pubg bombs, move at your own risk",neither,0.08064200316922837,0.36044331791893136,0.5589146789118402
I may have been calling you a nerd earlier shroud but low key I wana see you try hard this MF,offensive_language,0.04676852265671409,0.4971043134342838,0.45612716390900204
hitting every red light,neither,0.039296782779239946,0.32906619970710316,0.6316370175136569
Finally something to watch,neither,0.053827316529589615,0.3236955481251479,0.6224771353452625
longest red,neither,0.03927237966377134,0.32886185115996175,0.6318657691762669
LUL,neither,0.03945320844208391,0.33037608806864915,0.630170703489267
"@Shroud, theres one thing to remember about this server, no cop no stop",neither,0.040731359393505286,0.4318612265420085,0.5274074140644863
lmfao,neither,0.05470637918084239,0.32512982320825545,0.6201637976109021
shroud drug lord? LUL,neither,0.03945320844208391,0.33037608806864915,0.630170703489267
Is he doing 10 mil again??,neither,0.049363340678508276,0.3516359636512281,0.5990006956702636
i doubt windows 10 update will help performance LUL,neither,0.04021693139211582,0.31741371644853494,0.6423693521593493
!uptime,neither,0.03945320844208391,0.33037608806864915,0.630170703489267
@pmcsmoke Channel shroud has been live for 07m and 27s,neither,0.037527441653855145,0.2724964938497483,0.6899760644963965
Oh did the windows gaming mode get released?,neither,0.04160562339844391,0.2964646897390084,0.6619296868625477
will you be mr white gta version @shroud ?,hate_speech,0.4838140902014344,0.4273700381839648,0.0888158716146007
KappaRoss Smokey,neither,0.03945320844208391,0.33037608806864915,0.630170703489267
no cops go Kappa,neither,0.039738236035317544,0.3463018275149649,0.6139599364497177
Driving Simulator 2017 PogChamp,neither,0.03945320844208391,0.33037608806864915,0.630170703489267
Damn he is playing grand theft auto,offensive_language,0.053969586106055734,0.6451203487434831,0.3009100651504611
reckless driver sumVac2,neither,0.03945320844208391,0.33037608806864915,0.630170703489267
pussy LUL,offensive_language,0.006488306477076823,0.9934884505373418,2.3242985581334466e-05
These dudes are so cringy. What gives?! They're role players!,neither,0.08941746470608533,0.35210404403025575,0.558478491263659
LOL,neither,0.020706217963973744,0.4882283491876925,0.4910654328483337
is this the streamer server?,neither,0.05826455335773012,0.2920297504162585,0.6497056962260115
SHR PogChamp UD,neither,0.03945320844208391,0.33037608806864915,0.630170703489267
"I have been watching gta rp for 2 hours, what did you do to me",neither,0.048184846885041654,0.36661743719376866,0.5851977159211897
who is the nerd? Kappa,neither,0.045585781765869186,0.36476650648305026,0.5896477117510805
Does anyone here have a product key for Microsoft office 2016,neither,0.045102669011194585,0.37171461389935395,0.5831827170894516
LUL,neither,0.03945320844208391,0.33037608806864915,0.630170703489267
Just torrent thaat shit,offensive_language,0.03402919974451742,0.9659705999430579,2.0031242451843885e-07
Why are u playing fuckingg gta???,neither,0.048572028995315694,0.3019615911138679,0.6494663798908163
@shroud watch your fuel level,neither,0.07425344575807866,0.3201964447600407,0.6055501094818806
Why the fuck not,offensive_language,0.13091069567079852,0.8690731107470916,1.6193582109869834e-05
"@Shroud, did you get the creators update wher you need to download the update assistant?",neither,0.057498164673841536,0.35726902367334645,0.585232811652812
"@felixislive, yea i know. i have the address.But question is i don't see it because i am EU or how i don't see it",neither,0.0391732270667419,0.33251987463991606,0.6283068982933421
gta is hella fun broo,neither,0.041242202384712344,0.4090823726633237,0.5496754249519639
FLOOR IT YOLO,neither,0.03804515187931404,0.33086038328786777,0.6310944648328182
awake?,neither,0.03945320844208391,0.33037608806864915,0.630170703489267
What do you mean you can't see it?,neither,0.09601737424474885,0.4319915781773602,0.4719910475778909
Don't get caught by the cops with broken windows they can fine you,neither,0.04074483970153303,0.4020848717447655,0.5571702885537014
GTA PogChamp,neither,0.03945320844208391,0.33037608806864915,0.630170703489267
LOL,neither,0.020706217963973744,0.4882283491876925,0.4910654328483337
LUL,neither,0.03945320844208391,0.33037608806864915,0.630170703489267
The server doesn't show on the server list.,neither,0.04845008277545669,0.24468883633022864,0.7068610808943147
!uptime,neither,0.03945320844208391,0.33037608806864915,0.630170703489267
lmao,neither,0.03705015143476208,0.3711622369619404,0.5917876116032975
LUL,neither,0.03945320844208391,0.33037608806864915,0.630170703489267
@aquawave11 Channel shroud has been live for 09m and 00s,neither,0.037527441653855145,0.2724964938497483,0.6899760644963965
!uptime,neither,0.03945320844208391,0.33037608806864915,0.630170703489267
LUL,neither,0.03945320844208391,0.33037608806864915,0.630170703489267
To get in you have to have the IP,neither,0.07504341050306407,0.3777733312275175,0.5471832582694184
shouldnt you go to bed?,neither,0.06622130670702649,0.37614502829046265,0.5576336650025108
that guy just went,neither,0.029725933527946467,0.4115549309571459,0.5587191355149076
LUL,neither,0.03945320844208391,0.33037608806864915,0.630170703489267
"idkwth, If you want to link something, please ask a mod to permit you!",neither,0.05873329292628772,0.44157701766020946,0.49968968941350295
this the streamer server??,neither,0.03696299722393305,0.2916185648193861,0.671418437956681
SLAYAAA,neither,0.03945320844208391,0.33037608806864915,0.630170703489267
Isn't that the high pitched cuck who hates America?,neither,0.12835031922761764,0.36564864600169616,0.5060010347706863
I made it PogChamp,neither,0.03684238675525566,0.33127406936755094,0.6318835438771935
"@Plushlord, cuz its his stream he can play what he wants",neither,0.06477830475987727,0.3245506677577593,0.6106710274823635
!trade,neither,0.03945320844208391,0.33037608806864915,0.630170703489267
"Damn this is weird as fuck. It's like, real life in a game",offensive_language,0.09737004849415698,0.9019886368623947,0.0006413146434482949
you saw a guy postal,neither,0.06263184870613714,0.40736927409686113,0.5299988771970017
It's the creators update,neither,0.03742274622783452,0.3164098462582608,0.6461674075139047
Hellu,neither,0.03945320844208391,0.33037608806864915,0.630170703489267
I think mine updated last night come to think of it. How would I know?,neither,0.03693230261889818,0.33073416758306917,0.6323335297980326
is this the same server lirik plays on?,neither,0.044531033588263484,0.3339774177016745,0.6214915487100621
Join the new Curse server! https://curse.com/invite/Xv6nbZgd4kugsL2fxlg6NQ,neither,0.04082319323556661,0.27696135383134185,0.6822154529330917
PogChamp,neither,0.03945320844208391,0.33037608806864915,0.630170703489267
lacMU lacMU lacMU hi shroud,neither,0.03945320844208391,0.33037608806864915,0.630170703489267
fun facts: UPS drivers never turn left,neither,0.036894170806764895,0.3562455677160113,0.6068602614772238
Any PUBG/CS today @shroud?,neither,0.03810177901037382,0.30963908968869186,0.6522591313009343
whats good shroudyy,neither,0.03862477639939439,0.3306610238363805,0.6307141997642249
what's rp?,neither,0.057770773616808734,0.3180719994247239,0.6241572269584672
LUL,neither,0.03945320844208391,0.33037608806864915,0.630170703489267
Turn right on red in NA,neither,0.03600068859614609,0.35744168291491557,0.6065576284889385
roleplay,neither,0.03945320844208391,0.33037608806864915,0.630170703489267
gta ai LUL,neither,0.03945320844208391,0.33037608806864915,0.630170703489267
spreeLUL,neither,0.03945320844208391,0.33037608806864915,0.630170703489267
What's the creators update I just came in,neither,0.03919100886601524,0.33102053549449867,0.6297884556394862
this the same server lirik plays on?,neither,0.036182412491833967,0.33710662170519273,0.6267109658029734
it's the new paul denino driver ai,neither,0.040307645498917535,0.2543094934153829,0.7053828610856996
@BopRock Yes,neither,0.03945320844208391,0.33037608806864915,0.630170703489267
My message is unique enough you *******,neither,0.04807276943246629,0.4423605902320772,0.5095666403354565
The ai is even worse in this mod than the regular game,neither,0.0472672165174189,0.21307778545134837,0.7396549980312328
