text,top_class,hate_speech,offensive_language,neither
shroudHype shroudHype,neither,0.03945320844208391,0.33037608806864915,0.630170703489267
daddy PogChamp,neither,0.03945320844208391,0.33037608806864915,0.630170703489267
shroooood,neither,0.03945320844208391,0.33037608806864915,0.630170703489267
dad,neither,0.03945320844208391,0.33037608806864915,0.630170703489267
mOM?,neither,0.03945320844208391,0.33037608806864915,0.630170703489267
!sens,neither,0.03945320844208391,0.33037608806864915,0.630170703489267
@scar4k DPI: 400 - Ingame : 2.4 - Windows: 6/11 - Raw-Input: On - 1000 Hz Polling Rate,neither,0.03781786467716525,0.33814216926935486,0.6240399660534798
shroud say hi to me,neither,0.03770257342855909,0.37332373144769765,0.5889736951237433
shrooooooood,neither,0.03945320844208391,0.33037608806864915,0.630170703489267
yes it's me dad,neither,0.029851695983638914,0.3760821564537838,0.5940661475625773
who are these people,offensive_language,0.23176374605537559,0.45402936811677264,0.3142068858278517
"@shroud, <3 u dood",neither,0.03945320844208391,0.33037608806864915,0.630170703489267
lemme guess,neither,0.03888646070100869,0.33718834214341126,0.62392519715558
im gonna see wow on the screen,neither,0.03476036053048082,0.3945688213972192,0.5706708180722999
in 3 mins,neither,0.03945320844208391,0.33037608806864915,0.630170703489267
LETS GO BB,neither,0.03980413065736791,0.34689360935225816,0.613302259990374
I CANT SEE ANYTHING,neither,0.03945320844208391,0.33037608806864915,0.630170703489267
hello,neither,0.03945320844208391,0.33037608806864915,0.630170703489267
xd,neither,0.03945320844208391,0.33037608806864915,0.630170703489267
Ayy,neither,0.03945320844208391,0.33037608806864915,0.630170703489267
early squad whats up,neither,0.03849170287489408,0.35403523007195564,0.6074730670531502
"@shroud, love me dad",neither,0.02701319371450538,0.3993123435309039,0.5736744627545907
daaaaaad,neither,0.03945320844208391,0.33037608806864915,0.630170703489267
my twitch broken,neither,0.02943460942389957,0.40734301985622656,0.5632223707198739
yooo,neither,0.03945320844208391,0.33037608806864915,0.630170703489267
KonCha,neither,0.03945320844208391,0.33037608806864915,0.630170703489267
HeyGuys,neither,0.03945320844208391,0.33037608806864915,0.630170703489267
hey mike,neither,0.03945320844208391,0.33037608806864915,0.630170703489267
monkaGIGA,neither,0.03945320844208391,0.33037608806864915,0.630170703489267
Its real n*gga houds smash that like button if u up,offensive_language,0.023450704726131182,0.5086410037318555,0.4679082915420132
im seeing double,neither,0.038538711976461776,0.36507799603597746,0.5963832919875608
first,neither,0.02604892428726219,0.3349864360510187,0.6389646396617191
Fuck messed it up,offensive_language,0.13804916837620998,0.8613355308055163,0.0006153008182737977
just9n crossbow is OP on pubg :D,neither,0.043661655100916116,0.3396082125732316,0.6167301323258523
1st,neither,0.03945320844208391,0.33037608806864915,0.630170703489267
TwitchLit,neither,0.03945320844208391,0.33037608806864915,0.630170703489267
@shroud Hi good friend :D,neither,0.038743227986563517,0.3306202829038842,0.6306364891095523
First,neither,0.02604892428726219,0.3349864360510187,0.6389646396617191
"Hey Shroud , Hey Chat HeyGuys",neither,0.03945320844208391,0.33037608806864915,0.630170703489267
i was first,neither,0.02795943722407552,0.3378485275292669,0.6341920352466575
Not watching sumsum's match? @shroud,neither,0.038013146709192196,0.33579270716647575,0.6261941461243321
i spammed,neither,0.03945320844208391,0.33037608806864915,0.630170703489267
FINALLY shroud is here,neither,0.1336505740682768,0.27099255315247395,0.5953568727792492
Maybe not,neither,0.03738639750069936,0.338198574598048,0.6244150279012527
BOI YO AS SCHLEEEPP,neither,0.037195633677768604,0.4502653449284796,0.5125390213937517
helo gais,neither,0.03945320844208391,0.33037608806864915,0.630170703489267
Ree,neither,0.03945320844208391,0.33037608806864915,0.630170703489267
!followage,neither,0.03945320844208391,0.33037608806864915,0.630170703489267
No ok,neither,0.03801931220503878,0.35471304938228493,0.6072676384126763
SMASH THAT MF LIKE BUTTON,neither,0.044506901701971614,0.37754097342940796,0.5779521248686204
Shrouds playlist on spotify is lit for dming,neither,0.03833486161569956,0.31681524046347764,0.6448498979208227
@mcnallyy8 https://open.spotify.com/user/mgrzesiek162/playlist/2OOV6oRyqoj837Cpu7DnyO,neither,0.03945320844208391,0.33037608806864915,0.630170703489267
Shruad,neither,0.03945320844208391,0.33037608806864915,0.630170703489267
Is today the long stream?@shroud,neither,0.04454136073392657,0.2934703707459658,0.6619882685201075
Wait,neither,0.03945320844208391,0.33037608806864915,0.630170703489267
Sup,neither,0.03945320844208391,0.33037608806864915,0.630170703489267
Skrrt,neither,0.03945320844208391,0.33037608806864915,0.630170703489267
I was not first prob,neither,0.031327134235504414,0.33965557560633153,0.629017290158164
ay bb,neither,0.03945320844208391,0.33037608806864915,0.630170703489267
was watching and now shrouds live what a treat [:,neither,0.047685833334084424,0.2930236361403734,0.6592905305255421
Skrrrrr,neither,0.03945320844208391,0.33037608806864915,0.630170703489267
OBVS I HAVE IT ALREADY BOT ULYSSEUS,neither,0.03667601936334063,0.3560466079823034,0.607277372654356
BabyRage BabyRage BabyRage BabyRage BabyRage,neither,0.03945320844208391,0.33037608806864915,0.630170703489267
Skrrrr,neither,0.03945320844208391,0.33037608806864915,0.630170703489267
your a long stream,neither,0.07300795779086929,0.31884003555766893,0.6081520066514617
summit*,neither,0.03945320844208391,0.33037608806864915,0.630170703489267
brax is back brax is back brax is back brax is back brax is back brax is back brax is back brax is back brax is back brax is back brax is back,neither,0.05875706531986777,0.3237366064983911,0.6175063281817412
Why is there 1G signs,neither,0.03456543260758991,0.29982914468078536,0.6656054227116247
Watch summits match shroudie,neither,0.046411263785615955,0.3279828937701883,0.6256058424441958
"here we go, 12 hour stream inc",neither,0.07372635217517755,0.3070396392881657,0.6192340085366568
Wtf ahroud,offensive_language,0.04410695246022759,0.7898861884776351,0.16600685906213722
NOW U WANT IT,neither,0.03748616472935885,0.32453508688310073,0.6379787483875403
Skrrr skrrrr SKRRRRR!!!,neither,0.03945320844208391,0.33037608806864915,0.630170703489267
How was mediaday,neither,0.03920842303404325,0.3345307352821077,0.6262608416838491
U troll,neither,0.03945320844208391,0.33037608806864915,0.630170703489267
Shroud ur such a troll,neither,0.0653685073800142,0.3174387660876285,0.6171927265323572
Sup shroudie,neither,0.03945320844208391,0.33037608806864915,0.630170703489267
xD,neither,0.03945320844208391,0.33037608806864915,0.630170703489267
hey boyssssss dm for succ,neither,0.03276365570060413,0.29698715409851073,0.6702491902008851
I love you shroud your my dad,offensive_language,0.0814961758883423,0.5170835060230217,0.4014203180886361
!uptime,neither,0.03945320844208391,0.33037608806864915,0.630170703489267
@holygio Channel shroud has been live for 03m and 44s,neither,0.037527441653855145,0.2724964938497483,0.6899760644963965
DAD,neither,0.03945320844208391,0.33037608806864915,0.630170703489267
calling streamers dad haHAA,neither,0.03945320844208391,0.33037608806864915,0.630170703489267
Hi,neither,0.03945320844208391,0.33037608806864915,0.630170703489267
daddy,neither,0.03945320844208391,0.33037608806864915,0.630170703489267
!sens,neither,0.03945320844208391,0.33037608806864915,0.630170703489267
WHY IS THERE 1G SIGNS,neither,0.03456543260758991,0.29982914468078536,0.6656054227116247
1g hype,neither,0.03945320844208391,0.33037608806864915,0.630170703489267
Is he really playing COUNTER STRIKE GLOBAL OFFENSIVE?,neither,0.04781915492156936,0.32749865544883755,0.6246821896295931
*watches shroud in the shower* gg,neither,0.03862561089831136,0.3152668768806516,0.646107512221037
No,neither,0.036918905254960256,0.37338982715841207,0.5896912675866277
Lmao,neither,0.03705015143476208,0.3711622369619404,0.5917876116032975
speedyWhale speedyWhale speedyWhale speedyWhale speedyWhale speedyWhale speedyWhale,neither,0.03945320844208391,0.33037608806864915,0.630170703489267
Join the new Curse server! https://curse.com/invite/Xv6nbZgd4kugsL2fxlg6NQ,neither,0.04082319323556661,0.27696135383134185,0.6822154529330917
@holygio he usually starts every stream playing cs a bit,neither,0.04248640874622954,0.32933283139482594,0.6281807598589445
!uptime,neither,0.03945320844208391,0.33037608806864915,0.630170703489267
@jamuel_l_sackson Channel shroud has been live for 04m and 23s,neither,0.037527441653855145,0.2724964938497483,0.6899760644963965
shroudThump shroudThump shroudThump,neither,0.03945320844208391,0.33037608806864915,0.630170703489267
probably not @holygio it's just a bait.,neither,0.03189435362667944,0.3741232980707347,0.5939823483025859
GOWSkull GOWSkull,neither,0.03945320844208391,0.33037608806864915,0.630170703489267
what is going on,neither,0.053652426185914176,0.3789212265798947,0.5674263472341913
SourPls,neither,0.03945320844208391,0.33037608806864915,0.630170703489267
What is something you can say to ur dog but not ur wife???,neither,0.11478208148829534,0.3392287526378889,0.5459891658738159
Isn't he at summit also?,neither,0.04316788040158987,0.3484275591650279,0.6084045604333823
wow this music is so hype 10/10 am dance,neither,0.04389530841460911,0.3559086423565656,0.6001960492288253
Cum,neither,0.03945320844208391,0.33037608806864915,0.630170703489267
stop being such a bitch,offensive_language,0.004421762163349286,0.9955776393455429,5.984911077775141e-07
Lmao,neither,0.03705015143476208,0.3711622369619404,0.5917876116032975
brax is back PogChamp brax is back PogChamp brax is back PogChamp brax is back PogChamp brax is back PogChamp brax is back PogChamp brax is back PogChamp brax is back PogChamp brax is back PogChamp brax is back PogChamp,neither,0.05875706531986774,0.3237366064983911,0.6175063281817412
@shroud shroudDad,neither,0.03945320844208391,0.33037608806864915,0.630170703489267
@greypigeonn67 stop pooping urself!,neither,0.03940779102874822,0.42068856880373884,0.5399036401675128
@k3rmit_tv no he doesn't have to drive far,neither,0.04219078239892149,0.4392720067304051,0.5185372108706734
FeelsGoodMan 👌,neither,0.03945320844208391,0.33037608806864915,0.630170703489267
"Just got home lads, pissed drunk but happy Shroudy is streaming",neither,0.03838209430859446,0.3735648396057432,0.5880530660856622
yo,offensive_language,0.04010381111145228,0.5271105317972344,0.4327856570913131
shroud <#,neither,0.03945320844208391,0.33037608806864915,0.630170703489267
<3,neither,0.03945320844208391,0.33037608806864915,0.630170703489267
Wat?,neither,0.03945320844208391,0.33037608806864915,0.630170703489267
free brax,neither,0.03945320844208391,0.33037608806864915,0.630170703489267
@greypigeonn67 shit in my ass you bitch x,offensive_language,0.007249835447554023,0.992750164552446,1.4440200643704405e-18
!time,neither,0.036668274527354654,0.377643684699956,0.5856880407726893
Brazz,neither,0.03945320844208391,0.33037608806864915,0.630170703489267
"@greypigeonn67 u can say that to ur dog but not your wife, right?",neither,0.08708718850819644,0.36454558809773047,0.548367223394073
burat,neither,0.03945320844208391,0.33037608806864915,0.630170703489267
!clock,neither,0.03945320844208391,0.33037608806864915,0.630170703489267
BOISSSS,neither,0.03945320844208391,0.33037608806864915,0.630170703489267
Yup,neither,0.03945320844208391,0.33037608806864915,0.630170703489267
"@clapton_fam before u get settled in mate, i just yoinked some new trainers from the shop, was wondering if you would fancy a game at the pitch mate>",neither,0.031461244317052835,0.34537565302608714,0.6231631026568599
Cum,neither,0.03945320844208391,0.33037608806864915,0.630170703489267
@clapton_fam you da man,offensive_language,0.16727325932481807,0.7061909724424581,0.12653576823272394
gud,neither,0.03945320844208391,0.33037608806864915,0.630170703489267
BILAL,neither,0.03945320844208391,0.33037608806864915,0.630170703489267
Huuuu,neither,0.03945320844208391,0.33037608806864915,0.630170703489267
Ayyy,neither,0.03945320844208391,0.33037608806864915,0.630170703489267
belul,neither,0.03945320844208391,0.33037608806864915,0.630170703489267
whaddup strem,neither,0.03945320844208391,0.33037608806864915,0.630170703489267
He came,neither,0.04824780655079488,0.3273512224974682,0.6244009709517369
is this a WOW stream?,neither,0.047465747494095586,0.3291448807070779,0.6233893717988265
fgb what's your name?,neither,0.11412489948710718,0.3052420342978649,0.5806330662150279
hey shroody,neither,0.03945320844208391,0.33037608806864915,0.630170703489267
how did the photos go? @shroud,neither,0.039683445353818826,0.3183993580421471,0.6419171966040342
Braxton,neither,0.03945320844208391,0.33037608806864915,0.630170703489267
yo,offensive_language,0.04010381111145228,0.5271105317972344,0.4327856570913131
Belawl,neither,0.03945320844208391,0.33037608806864915,0.630170703489267
was geht,neither,0.039089514555301665,0.336548922492753,0.6243615629519452
CS PogChamp,neither,0.03945320844208391,0.33037608806864915,0.630170703489267
yo,offensive_language,0.04010381111145228,0.5271105317972344,0.4327856570913131
sup shroud,neither,0.03945320844208391,0.33037608806864915,0.630170703489267
SUP,neither,0.03945320844208391,0.33037608806864915,0.630170703489267
case opening for the lols?,neither,0.0331788601429001,0.28884300456282075,0.6779781352942792
HIIIIIII!!!!!,neither,0.03945320844208391,0.33037608806864915,0.630170703489267
You'd have to come to Ireland for a kick about then,neither,0.05329670257825084,0.3759810478738363,0.5707222495479128
EW ITS SHROUD,neither,0.03226283669033427,0.33284918663290486,0.6348879766767608
two days in a row shroud has styled his hair? to what do we owe this honor? KappaHD,neither,0.06146881135143916,0.31996160304510807,0.6185695856034527
@shroud whens the first day of summit?,neither,0.0339256631910153,0.3093950667930603,0.6566792700159245
SUP MY DUDE,neither,0.027486707660907647,0.4243579449745238,0.5481553473645685
omg cs,neither,0.03945320844208391,0.33037608806864915,0.630170703489267
@clapton_fam what county ye from lad?,neither,0.044346609704776135,0.31410865921384407,0.6415447310813799
im shocked wow isnt on,neither,0.0365179016289107,0.3673759783833296,0.5961061199877596
sup S-rude,neither,0.03945320844208391,0.33037608806864915,0.630170703489267
shrouddd,neither,0.03945320844208391,0.33037608806864915,0.630170703489267
just9n HeyGuys,neither,0.03945320844208391,0.33037608806864915,0.630170703489267
yo,offensive_language,0.04010381111145228,0.5271105317972344,0.4327856570913131
You should pull up summit's stream he is playing his match @shroud,neither,0.09046696703926352,0.4147610649377353,0.4947719680230012
!music,neither,0.03945320844208391,0.33037608806864915,0.630170703489267
!uptime,neither,0.03945320844208391,0.33037608806864915,0.630170703489267
@reddevils235 Channel shroud has been live for 06m and 53s,neither,0.037527441653855145,0.2724964938497483,0.6899760644963965
15$ SHROUD GIVE S U C C,neither,0.03945320844208391,0.33037608806864915,0.630170703489267
yeet yeet skeet skeet,neither,0.03945320844208391,0.33037608806864915,0.630170703489267
they didnt hto,neither,0.03945320844208391,0.33037608806864915,0.630170703489267
LUL,neither,0.03945320844208391,0.33037608806864915,0.630170703489267
I like just9n,neither,0.10032665912632961,0.39589500941497124,0.5037783314586992
woah,neither,0.03945320844208391,0.33037608806864915,0.630170703489267
toxic,neither,0.03945320844208391,0.33037608806864915,0.630170703489267
"@just9n, i wanna see more minecraft",neither,0.04210431355552204,0.3166453749822402,0.6412503114622378
you just explained exactly what they did do,neither,0.0539312520608881,0.37927936593074046,0.5667893820083715
!sens,neither,0.03945320844208391,0.33037608806864915,0.630170703489267
stewKappa,neither,0.03945320844208391,0.33037608806864915,0.630170703489267
@just9n the love hate relationship,neither,0.3172408511729523,0.18387266469688648,0.49888648413016123
brax is back PogChamp brax is back PogChamp brax is back PogChamp brax is back PogChamp brax is back PogChamp brax is back PogChamp brax is back PogChamp brax is back PogChamp brax is back PogChamp brax is back PogChamp brax is back PogChamp brax is back PogChamp,neither,0.05875706531986777,0.3237366064983911,0.6175063281817412
Visiting home in Wexford atm @mcnallyy8,neither,0.03945320844208391,0.33037608806864915,0.630170703489267
!RES,neither,0.03945320844208391,0.33037608806864915,0.630170703489267
@matita0 He plays at 1920x1080 - 16:9,neither,0.043882046932993087,0.3516997489148195,0.6044182041521874
its a great song,neither,0.0303999925481982,0.31249507038168667,0.6571049370701152
!uptime,neither,0.03945320844208391,0.33037608806864915,0.630170703489267
!crosshair,neither,0.03945320844208391,0.33037608806864915,0.630170703489267
KKona,neither,0.03945320844208391,0.33037608806864915,0.630170703489267
yeet,neither,0.03945320844208391,0.33037608806864915,0.630170703489267
Brax is awp of at cs summit right?,neither,0.04402225157555556,0.35976860857823667,0.5962091398462077
Lmao there is chat,neither,0.047088360479464825,0.3007950136600756,0.6521166258604595
25 you mean,neither,0.06152068650609601,0.39136635969731803,0.547112953796586
early crew,neither,0.04121054256258962,0.3005495417670751,0.6582399156703355
tiered subscribers SeemsGood,neither,0.03945320844208391,0.33037608806864915,0.630170703489267
Join the new Curse server! https://curse.com/invite/Xv6nbZgd4kugsL2fxlg6NQ,neither,0.04082319323556661,0.27696135383134185,0.6822154529330917
10 and 25 isnt it?,neither,0.03753954212555643,0.29612392209778765,0.6663365357766559
!crosshair,neither,0.03945320844208391,0.33037608806864915,0.630170703489267
XXX PogChamp,neither,0.03945320844208391,0.33037608806864915,0.630170703489267
u lemme know i got tons of songs that are fire like that 1,neither,0.05566980139790659,0.39288752298696333,0.5514426756151303
Shroud still not at summit lul,neither,0.03722854452823883,0.36327817255367234,0.5994932829180889
"@Phillyfan266, what?",neither,0.057770773616808734,0.3180719994247239,0.6241572269584672
"Naht bad, im from tyrone, fucking hate the north @clapton_fam",offensive_language,0.30985765652468517,0.6829217613811894,0.007220582094125522
Are u not at summit ?,neither,0.0629265411030059,0.31332835314978513,0.623745105747209
METAL,neither,0.03945320844208391,0.33037608806864915,0.630170703489267
hi,neither,0.03945320844208391,0.33037608806864915,0.630170703489267
@just9n suicide silence,neither,0.03945320844208391,0.33037608806864915,0.630170703489267
how did the photos go? @shroud,neither,0.039683445353818826,0.3183993580421471,0.6419171966040342
"@Iamoh, he's an hour away so he can just drive",neither,0.03956822089453999,0.4332997200821607,0.5271320590232993
cs summit is next door for him guys,neither,0.03962525567067705,0.32038845792980514,0.6399862863995178
"@dazzzzzz123, he lives close enough he just drives to and from",neither,0.0479936796785649,0.3019920392852381,0.650014281036197
guys summit is literally in the same town as him lamo,neither,0.04255687963840337,0.3457072800031017,0.611735840358495
who was that,offensive_language,0.03362639930533797,0.5209673050980553,0.44540629559660666
;o,neither,0.03945320844208391,0.33037608806864915,0.630170703489267
Papa,neither,0.03945320844208391,0.33037608806864915,0.630170703489267
!sens,neither,0.03945320844208391,0.33037608806864915,0.630170703489267
@ecips_dlo DPI: 400 - Ingame : 2.4 - Windows: 6/11 - Raw-Input: On - 1000 Hz Polling Rate,neither,0.03781786467716525,0.33814216926935486,0.6240399660534798
cs summit is in his house,neither,0.0662011452283824,0.32915942109758467,0.6046394336740329
@shroud Have you listened to Alestorm?,neither,0.06868303504183189,0.38881107910755663,0.5425058858506114
@clapton_fam do you watch much hurling,neither,0.057485382147519186,0.37122439897246184,0.571290218880019
Is brax awping at cs summit or stew?,neither,0.045002429232725585,0.34666659695672686,0.6083309738105477
4E3M-8NEL-24LA-GVN1-LK4Y,neither,0.03945320844208391,0.33037608806864915,0.630170703489267
@anikin657 I know lol,neither,0.025426707347054857,0.44080850221105544,0.5337647904418897
looked like someone with a C9 shirt,neither,0.03725672118481422,0.3819494929607786,0.5807937858544071
who in the background??? TheIlluminati,neither,0.03895995559066259,0.3858331598758016,0.5752068845335359
"Your so handsome, by that I mean ur only friend is ur hand xDD",neither,0.10474064176125898,0.3848851149494438,0.5103742432892971
shroudddd whos the girl in the background,neither,0.033124833175545196,0.35463617877682163,0.6122389880476333
Welcome back ungfrutussa (3 months) shroudA,neither,0.03945320844208391,0.33037608806864915,0.630170703489267
Why not stay lol?,neither,0.018873792752558547,0.4233315954102652,0.5577946118371763
if,neither,0.006725917576924588,0.4780292726816787,0.5152448097413966
@roadratt u irish too?,neither,0.039134593125340976,0.3357838215134929,0.6250815853611661
@shroud Skadaddy finish career and brax in official roster now or what?,neither,0.04232160344567785,0.3024947535190284,0.6551836430352939
you win summit i will donate 200,neither,0.051647385182340126,0.3448572124347838,0.6034954023828761
Shrrrouuddd hello beautiful,neither,0.03945320844208391,0.33037608806864915,0.630170703489267
@shroud dsiarmonia mundi - quicksand symmetry,neither,0.03945320844208391,0.33037608806864915,0.630170703489267
Hey shroud big LoVE from NORWAY,neither,0.0214044769915683,0.3954813345830607,0.5831141884253711
NotLikeThis why is my twitch not working,neither,0.0262561932394819,0.4153714466867622,0.558372360073756
suicide silence - unanswered,neither,0.03945320844208391,0.33037608806864915,0.630170703489267
What are your feelings on playing with brax in a tournament?,neither,0.07548237717381333,0.3242437796042317,0.6002738432219549
@shroud is Brax still nutty,neither,0.05616764736281741,0.35459560431738774,0.5892367483197949
LUL,neither,0.03945320844208391,0.33037608806864915,0.630170703489267
"@echolmao, its a mirror lmao",neither,0.032128837628353044,0.35099437022490954,0.6168767921467373
you like Elvis?,offensive_language,0.22321183735377922,0.5483667414121888,0.22842142123403195
@mcnallyy8 a load of my friends are from Donegal/ Belfast. Had a few good nights out in the north. Probably the same as Wexford not a lot going on,neither,0.036852896430817246,0.383043483054941,0.5801036205142417
@mcnallyy8 no lol im from this side of the pond i just play for a team @ junior c level,neither,0.026053173843549337,0.38463272454470226,0.5893141016117485
Song?,neither,0.038601720699969956,0.3448280572582511,0.616570222041779
maybe too much screamin for u but i like that 1,neither,0.03319325303892909,0.362121223893506,0.604685523067565
Brax gonna give the dickening,neither,0.03655808739482156,0.3754975394813446,0.5879443731238339
@shredmajor he already played with brax in a tournament lol,neither,0.0285763811379445,0.41084577980037246,0.560577839061683
@shroud what's up with ska,neither,0.025020228416843378,0.48179339567884644,0.4931863759043101
@acer458 They will be playing with Valens against Misfits tonight - https://clips.twitch.tv/FunSmokyKittenAliens,neither,0.03379175903847838,0.3141412230419624,0.6520670179195592
the mouse accel is fucking up brax's awp,offensive_language,0.11482024374038449,0.8845696012356267,0.0006101550239887656
where is cs summit gonna be at?,neither,0.04560576816043407,0.3597516573364802,0.5946425745030858
Shroud what time is ur game tomorrow,neither,0.08121290345689738,0.29328496841611734,0.6255021281269852
Yeah lol @roadratt,offensive_language,0.011806779804805862,0.5514052530606893,0.43678796713450474
Brax is nutz shroud believe me you guys wil win the major :),neither,0.051428703980275096,0.3844762723287839,0.5640950236909409
Media day done?,neither,0.03916786537292387,0.32826165306584665,0.6325704815612295
"@Shroud, chelsea grin, four horsemen",neither,0.03945320844208391,0.33037608806864915,0.630170703489267
@Phannycf summit1g's house,neither,0.03945320844208391,0.33037608806864915,0.630170703489267
"@clapton_fam aye belfasts good for the festivals, dublins so nice though, crokers just a beauty",neither,0.032204183396434105,0.34076630272394065,0.6270295138796252
"my twitch is broken, ive just got a black screen",neither,0.043933404019565685,0.41469063505589593,0.5413759609245384
@shroud are any of the c9 boys coming to hang out at your house during the summit?,neither,0.07296577621673003,0.301066746329049,0.625967477454221
@jerxzyt its not a major lol,neither,0.02512309111321323,0.3967211435045174,0.5781557653822694
@clapton_fam isnt tyrone a football county,neither,0.03945320844208391,0.33037608806864915,0.630170703489267
Shroud doesn't read chat facepalm,neither,0.03945320844208391,0.33037608806864915,0.630170703489267
help?,neither,0.03945320844208391,0.33037608806864915,0.630170703489267
"summit is always fun to watch for dota, excited to see a cs one",neither,0.04982400236720445,0.35279221216440027,0.5973837854683953
@ithiri o,neither,0.03945320844208391,0.33037608806864915,0.630170703489267
shroudPalm,neither,0.03945320844208391,0.33037608806864915,0.630170703489267
@shroud what are your feelings about playing with brax?,neither,0.09155984293298794,0.33319146684464146,0.5752486902223707
Is it like a big ass house?,offensive_language,0.09767201178478734,0.9013703783090343,0.0009576099061782633
"@roadratt JUNIOR C, i thought junior b was a joke holy",neither,0.0411246489569632,0.27876366456588897,0.6801116864771479
Is brax still insane?,neither,0.04787640897523337,0.3440603064017491,0.6080632846230176
amazing I bet @Shredmajor,neither,0.03945320844208391,0.33037608806864915,0.630170703489267
who owns cs optic,neither,0.03997874483017401,0.385760951400546,0.57426030376928
@Phannycf No I think it's somewhere in la,neither,0.03787341215035215,0.33561691513240766,0.6265096727172402
@shroud is swag unbanned ?,neither,0.048294503690891354,0.3824972498824178,0.5692082464266909
@shroud breath into me - red,neither,0.0321694850847777,0.36758579849906414,0.6002447164161581
no,neither,0.036918905254960256,0.37338982715841207,0.5896912675866277
what do you think of elvis?,neither,0.08406756852810776,0.3795526293430382,0.536379802128854
why isn't the cs summit on?,neither,0.029193931606895648,0.33914112764491183,0.6316649407481925
@just9n kinky,neither,0.03945320844208391,0.33037608806864915,0.630170703489267
!commands,neither,0.03945320844208391,0.33037608806864915,0.630170703489267
@saint6868 http://hnlbot.com/commands/shroud,neither,0.03558056210193769,0.1941005909087057,0.7703188469893567
@shroud dsiarmonia mundi - quicksand symmetry,neither,0.03945320844208391,0.33037608806864915,0.630170703489267
"@Shroud, tell summit 2 stop trolling and tAke his match serious BibleThump FeelsBadMan 🔫",neither,0.05362799225840116,0.3510754094139319,0.595296598327667
!crosshair,neither,0.03945320844208391,0.33037608806864915,0.630170703489267
"@just9n good taste brah, red-already over also xx",neither,0.03645458739366902,0.34190989816297807,0.621635514443353
Welcome back terracade (14 months) shroudAFK,neither,0.03945320844208391,0.33037608806864915,0.630170703489267
were you there?,neither,0.06797390425226459,0.2933522080317604,0.6386738877159751
@shroud i accidentally deleted he signature on my profile,neither,0.033414002721382736,0.39133195554709194,0.5752540417315253
@just9n suicide silence - unanswered,neither,0.03945320844208391,0.33037608806864915,0.630170703489267
how many kills do you have on your ak? @shroud,neither,0.07685997014131625,0.37490146144035225,0.5482385684183314
@shroud who is brax replacing,neither,0.049131565424771526,0.39689703281573707,0.5539714017594913
can u resign @shroud,neither,0.039764471581886875,0.32509314025412933,0.6351423881639837
Join the new Curse server! https://curse.com/invite/Xv6nbZgd4kugsL2fxlg6NQ,neither,0.04082319323556661,0.27696135383134185,0.6822154529330917
