text,top_class,hate_speech,offensive_language,neither
live?,neither,0.04891340716200846,0.3271222919257548,0.6239643009122369
!,neither,0.03945320844208391,0.33037608806864915,0.630170703489267
HI SHROUD :D,neither,0.03945320844208391,0.33037608806864915,0.630170703489267
!,neither,0.03945320844208391,0.33037608806864915,0.630170703489267
ayyy i just randomly checked the stream too LOL,neither,0.031667757392374304,0.3678791059727823,0.6004531366348435
The fuck I am,offensive_language,0.21995993919368606,0.7800330205387048,7.0402676091308885e-06
I have shroud ESP,neither,0.03883945251552854,0.3407931279176229,0.6203674195668485
shrood?!@,neither,0.03945320844208391,0.33037608806864915,0.630170703489267
the fuck this stream is,offensive_language,0.19898055894260247,0.7999132880134824,0.0011061530439151548
"what a lier, no stream my a$$",neither,0.03163358481486495,0.42886027264138243,0.5395061425437525
"oh fuck, he is coming",offensive_language,0.27591492352802716,0.7234420495325147,0.0006430269394581753
loved the casting lol,neither,0.029148390831021692,0.3771231530773598,0.5937284560916186
Streaming at lan?,neither,0.038784837706406956,0.350731737339982,0.610483424953611
Kappa,neither,0.03945320844208391,0.33037608806864915,0.630170703489267
doess anybody know where I can look at the csgo game he played earlier ?,neither,0.043525155668308904,0.28803088260623183,0.6684439617254593
PogChamp,neither,0.03945320844208391,0.33037608806864915,0.630170703489267
shroud casted? hold up i need this in my life,offensive_language,0.024293238664228257,0.5091204123332286,0.46658634900254314
what up dude,neither,0.04342304383627899,0.4028737264900402,0.5537032296736809
HUH?,neither,0.03945320844208391,0.33037608806864915,0.630170703489267
slurp,neither,0.03945320844208391,0.33037608806864915,0.630170703489267
wow shroud aint staying for mafia,neither,0.03439782593567936,0.3657319899858639,0.5998701840784568
HELLO,neither,0.03945320844208391,0.33037608806864915,0.630170703489267
Does pros use 5.1 surround or headphones in audio settings?,neither,0.017375687608918004,0.45081578061200334,0.5318085317790786
first,neither,0.02604892428726219,0.3349864360510187,0.6389646396617191
Shroud playing serious this LAN booting up the stream PogChamp,neither,0.03688892581623519,0.3555132289874257,0.6075978451963391
shrud,neither,0.03945320844208391,0.33037608806864915,0.630170703489267
ayy,neither,0.03945320844208391,0.33037608806864915,0.630170703489267
cs_summit?,neither,0.03945320844208391,0.33037608806864915,0.630170703489267
Ez qin,neither,0.03945320844208391,0.33037608806864915,0.630170703489267
shr00d,neither,0.03945320844208391,0.33037608806864915,0.630170703489267
#freebrax,neither,0.03945320844208391,0.33037608806864915,0.630170703489267
shrad,neither,0.03945320844208391,0.33037608806864915,0.630170703489267
gg,neither,0.03945320844208391,0.33037608806864915,0.630170703489267
shroud streaming during a lan is an instant victory,neither,0.04421991398215368,0.325708420607826,0.6300716654100204
time to bring back tryone,neither,0.04652872600932818,0.34968281165830595,0.6037884623323659
Littttttt,neither,0.03945320844208391,0.33037608806864915,0.630170703489267
Shroudy,neither,0.03945320844208391,0.33037608806864915,0.630170703489267
#freebrax,neither,0.03945320844208391,0.33037608806864915,0.630170703489267
Hoffman j,neither,0.03945320844208391,0.33037608806864915,0.630170703489267
Littt,neither,0.03945320844208391,0.33037608806864915,0.630170703489267
wt,neither,0.03945320844208391,0.33037608806864915,0.630170703489267
WOO,neither,0.03945320844208391,0.33037608806864915,0.630170703489267
YOURE INSANE,neither,0.05030598756212246,0.3266433196685422,0.6230506927693352
Yo wtf,offensive_language,0.04349557694201511,0.8026099823266297,0.15389444073135516
Daddy!!!,neither,0.03945320844208391,0.33037608806864915,0.630170703489267
TYRONE,neither,0.03945320844208391,0.33037608806864915,0.630170703489267
SHROOD PogChamp,neither,0.03945320844208391,0.33037608806864915,0.630170703489267
Daddy shrood,neither,0.03945320844208391,0.33037608806864915,0.630170703489267
hey everyone :),neither,0.031959242684595296,0.4575682446653829,0.5104725126500218
Litttt boyssss,neither,0.03945320844208391,0.33037608806864915,0.630170703489267
Shrouddddddd,neither,0.03945320844208391,0.33037608806864915,0.630170703489267
DADA,neither,0.03945320844208391,0.33037608806864915,0.630170703489267
Yooooooo good game,neither,0.037419010121717514,0.26477365220296545,0.6978073376753172
Shrood,neither,0.03945320844208391,0.33037608806864915,0.630170703489267
@shroud not as summit?,neither,0.0361163870987534,0.37007779648258937,0.5938058164186574
Last time he said no stream till the end of ivent,neither,0.041067550462246534,0.34073751390994134,0.6181949356278121
SHROUD D:,neither,0.03945320844208391,0.33037608806864915,0.630170703489267
You said you weren't going home Tyrone -.-,neither,0.06458938486735502,0.4253213416996531,0.5100892734329919
Shrooood,neither,0.03945320844208391,0.33037608806864915,0.630170703489267
WHERE THE FUCK I AM,offensive_language,0.2176594759166525,0.7822169636075392,0.00012356047580830008
hey daddy shrood:),neither,0.03945320844208391,0.33037608806864915,0.630170703489267
xantares song D:,neither,0.038601720699969956,0.3448280572582511,0.616570222041779
Daddyy,neither,0.03945320844208391,0.33037608806864915,0.630170703489267
Shroud daddy,neither,0.03945320844208391,0.33037608806864915,0.630170703489267
HeyGuys sumE,neither,0.03945320844208391,0.33037608806864915,0.630170703489267
Send the taco clip please,neither,0.03876323148807592,0.3178261710069796,0.6434105975049444
Shrood,neither,0.03945320844208391,0.33037608806864915,0.630170703489267
@shroud How you streaming? what,neither,0.06501994619202459,0.3747652505200149,0.5602148032879606
The double comments lol,neither,0.031221529528463254,0.3669317726645085,0.6018466978070282
SHAUGGGG,neither,0.03945320844208391,0.33037608806864915,0.630170703489267
HI,neither,0.03945320844208391,0.33037608806864915,0.630170703489267
gg today,neither,0.03670833772556013,0.28647033973868863,0.6768213225357513
SHIRTLESS stream boys ITS HYPE,neither,0.034538085837121965,0.3320666241184041,0.6333952900444739
SHROOD,neither,0.03945320844208391,0.33037608806864915,0.630170703489267
finally!,neither,0.03945320844208391,0.33037608806864915,0.630170703489267
Battlegrounds tonight?,neither,0.03498084806025125,0.2929251180277183,0.6720940339120305
SHIRTLESS stream boys ITS HYPE,neither,0.034538085837121965,0.3320666241184041,0.6333952900444739
SUCC ME SHORRD 😩😩😩,neither,0.018491955366437673,0.460246435692358,0.5212616089412043
gg today man,neither,0.03696814060270717,0.39078621209784575,0.572245647299447
finalllllly,neither,0.03945320844208391,0.33037608806864915,0.630170703489267
"@healzonwheel, Because the event is close to his house",neither,0.07473186495650048,0.3123755063979727,0.6128926286455267
hey @shroud,neither,0.03945320844208391,0.33037608806864915,0.630170703489267
hola,neither,0.03945320844208391,0.33037608806864915,0.630170703489267
Shr TheIlluminati TheIlluminatid,neither,0.03945320844208391,0.33037608806864915,0.630170703489267
Dad is finally home PogChamp,neither,0.04771954953057824,0.3275329143102646,0.6247475361591571
iIT'S TYRONE,neither,0.03945320844208391,0.33037608806864915,0.630170703489267
Killed it today,neither,0.035938270726976036,0.30339368355985746,0.6606680457131664
ola,neither,0.03945320844208391,0.33037608806864915,0.630170703489267
this stream is the fake shroud,neither,0.04640869706842886,0.3136012180075959,0.6399900849239752
hy shroud,neither,0.03945320844208391,0.33037608806864915,0.630170703489267
I thought he said he wasnt playin?,neither,0.051102245328657446,0.2515735463613169,0.6973242083100256
why's the music so quiet,neither,0.02796723294447938,0.3723754504354115,0.5996573166201092
Its shorrd guys,neither,0.030615290646455885,0.33633205066184396,0.6330526586917001
no more h1z1 please,neither,0.040857486506557204,0.33641774640311917,0.6227247670903236
Shirtlesss ohhhh dammm shroud getting serious,neither,0.03580165706318694,0.3923524447582385,0.5718458981785747
BONEY SKELLI,neither,0.03945320844208391,0.33037608806864915,0.630170703489267
TYRONE,neither,0.03945320844208391,0.33037608806864915,0.630170703489267
Boy said he wasn't going home tonight,neither,0.040163349770605435,0.3326765027144133,0.6271601475149814
plz play csgo,neither,0.03945320844208391,0.33037608806864915,0.630170703489267
play some dota,neither,0.02681439626318465,0.3537220552299243,0.6194635485068909
mommy daddy,neither,0.03945320844208391,0.33037608806864915,0.630170703489267
SHROOOOOD DAD,neither,0.03945320844208391,0.33037608806864915,0.630170703489267
Lied to the casters,neither,0.04745177356875625,0.30405856496747447,0.6484896614637692
shroud pay with just9n some fun maps,neither,0.025318899422887734,0.37152772874520795,0.6031533718319043
hey how is cs_summit,neither,0.05214099093636377,0.32601217786295533,0.621846831200681
download dota and play,neither,0.03860951649968806,0.28735544017074083,0.6740350433295711
man I gotta wake up at like 7:30 and shroud goes live at 12,neither,0.04421816269170227,0.4307683803916354,0.5250134569166623
Shroud's a liar,neither,0.03945320844208391,0.33037608806864915,0.630170703489267
streaming after summit :),neither,0.03945320844208391,0.33037608806864915,0.630170703489267
@yip_jian dota BrokeBack,neither,0.03945320844208391,0.33037608806864915,0.630170703489267
PrimeRlyTho,neither,0.03945320844208391,0.33037608806864915,0.630170703489267
Sucks for u east coast plebs xd,neither,0.03444576455026468,0.30535925623198307,0.6601949792177523
HI,neither,0.03945320844208391,0.33037608806864915,0.630170703489267
Join the new Curse server! https://curse.com/invite/Xv6nbZgd4kugsL2fxlg6NQ,neither,0.04082319323556661,0.27696135383134185,0.6822154529330917
"@Shroud, i thought you were supposed to stay at the hotel today o_O",neither,0.056282710113287907,0.26049998741684544,0.6832173024698668
in b4 he says fuck pugs and plays PUBG,offensive_language,0.1563833184034161,0.8151845881790705,0.02843209341751344
Hi DAD,neither,0.03945320844208391,0.33037608806864915,0.630170703489267
"Well played @shroud against optic, french streamers didn't understand why ur using aug and called u ""SHRAUG"" AHAHAH",neither,0.03271897102374741,0.36188483819926937,0.6053961907769831
DAM U BACK,neither,0.03945320844208391,0.33037608806864915,0.630170703489267
I AM FROM AUS,neither,0.04092242090983727,0.2997063323249504,0.6593712467652123
"@Shroud, loved your cast today",neither,0.06332435402323999,0.3039880033233235,0.6326876426534366
HeyGuys,neither,0.03945320844208391,0.33037608806864915,0.630170703489267
Nice job vs Optic shroud,neither,0.03945320844208391,0.33037608806864915,0.630170703489267
can you sellout boomeo more on stream @Shroud,neither,0.052145383208287314,0.36823214498214496,0.5796224718095676
rowdy ahroudy,neither,0.03945320844208391,0.33037608806864915,0.630170703489267
come on allreadyyy boyyy,neither,0.035059577441318844,0.37126508228692573,0.5936753402717555
@Eniiex what game did shroud cast?,neither,0.043742327904948766,0.28943565311624647,0.6668220189788048
shraug,neither,0.03945320844208391,0.33037608806864915,0.630170703489267
shroudy,neither,0.03945320844208391,0.33037608806864915,0.630170703489267
"shroud, how excited was brax to play this lan? <3",neither,0.044590115226257596,0.3301215277345314,0.625288357039211
tyrone,neither,0.03945320844208391,0.33037608806864915,0.630170703489267
Battlegrounds!!??,neither,0.03945320844208391,0.33037608806864915,0.630170703489267
Gj shroud,neither,0.03945320844208391,0.33037608806864915,0.630170703489267
So much hype rn,neither,0.035800985251464496,0.3738782440173646,0.590320770731171
shroud wadidoo mane,neither,0.03945320844208391,0.33037608806864915,0.630170703489267
Daddy show you beautiful fave,neither,0.07028944630265996,0.30207978769137267,0.6276307660059673
hi shrood <3,neither,0.03945320844208391,0.33037608806864915,0.630170703489267
sup tyrone,neither,0.03945320844208391,0.33037608806864915,0.630170703489267
PogChamp,neither,0.03945320844208391,0.33037608806864915,0.630170703489267
PogChamp,neither,0.03945320844208391,0.33037608806864915,0.630170703489267
they played optic and who else today or just optic?,neither,0.03424650816012921,0.3454300114443171,0.6203234803955535
suh,neither,0.03945320844208391,0.33037608806864915,0.630170703489267
"@Joyfal, he just sat on the couch, answered some questions",neither,0.03241460294672523,0.34928106600133274,0.6183043310519422
j,neither,0.03945320844208391,0.33037608806864915,0.630170703489267
:D,neither,0.03945320844208391,0.33037608806864915,0.630170703489267
Shroooooooooood,neither,0.03945320844208391,0.33037608806864915,0.630170703489267
ERM ERM,neither,0.03945320844208391,0.33037608806864915,0.630170703489267
DAD,neither,0.03945320844208391,0.33037608806864915,0.630170703489267
PogChamp PogChamp,neither,0.03945320844208391,0.33037608806864915,0.630170703489267
!!!,neither,0.03945320844208391,0.33037608806864915,0.630170703489267
"Well played @shroud against optic, french streamers didn't understand why ur using aug and called u ""SHRAUG"" AHAHAH",neither,0.03271897102374741,0.36188483819926937,0.6053961907769831
great win over optic today PogChamp,neither,0.03361528045908261,0.28828922444192284,0.6780954950989946
WHO TF IS TYRONE,neither,0.04783820919175134,0.38851469205479616,0.5636470987534524
happy 4/20 shroud,neither,0.03945320844208391,0.33037608806864915,0.630170703489267
Ehem Ehem,neither,0.03945320844208391,0.33037608806864915,0.630170703489267
Silly willy,neither,0.03945320844208391,0.33037608806864915,0.630170703489267
JOSHog i smoking weed lol,offensive_language,0.02527786783741817,0.5045013161838284,0.47022081597875337
!uptime,neither,0.03945320844208391,0.33037608806864915,0.630170703489267
@zachion_999 Channel shroud has been live for 05m and 58s,neither,0.037527441653855145,0.2724964938497483,0.6899760644963965
tyrone TriHard,neither,0.03945320844208391,0.33037608806864915,0.630170703489267
4/20 babyyyyyyyyyyyyyy,neither,0.03945320844208391,0.33037608806864915,0.630170703489267
Tyrone is that you? @Shroud,neither,0.06404008966030443,0.42475978537700193,0.5112001249626935
ez game 4 c9 PogChamp,neither,0.03873065854542482,0.28573260743461,0.6755367340199652
is*,neither,0.081172750358939,0.3160268245287109,0.60280042511235
shroudW shroudMilk shroudW shroudMilk,neither,0.03945320844208391,0.33037608806864915,0.630170703489267
someone,neither,0.03945320844208391,0.33037608806864915,0.630170703489267
is this prerecorded??? PogChamp,neither,0.06444388513749441,0.32581973129223984,0.6097363835702658
"@Shroud, wow you didnt stay to play mafia smh fam",neither,0.07232988601464213,0.35645876616194483,0.571211347823413
Hes blazing it,neither,0.03742755396072793,0.3310728035323942,0.6314996425068778
G,neither,0.03945320844208391,0.33037608806864915,0.630170703489267
shroudW the fuck i am,offensive_language,0.21995993919368606,0.7800330205387048,7.0402676091308885e-06
Tyrone,neither,0.03945320844208391,0.33037608806864915,0.630170703489267
Hello,neither,0.03945320844208391,0.33037608806864915,0.630170703489267
???,neither,0.03945320844208391,0.33037608806864915,0.630170703489267
shroudW shroudW shroudW shroudW,neither,0.03945320844208391,0.33037608806864915,0.630170703489267
someone is fapping in the intro,neither,0.0466076729325753,0.3118424904407502,0.6415498366266745
"@Joyfal, it was the cbble match gambit vs godsent",neither,0.03710959608313909,0.3169971038687233,0.6458933000481375
@btrosen tyrone = black shroud,neither,0.06302683821814521,0.3113518641627531,0.6256212976191017
get'n fkn blazed rn,neither,0.03896637772087686,0.33863887593447173,0.6223947463446513
already,neither,0.03738043260619613,0.36555650351753366,0.5970630638762703
BOI,neither,0.03945320844208391,0.33037608806864915,0.630170703489267
is this shroud the dota player? EleGiggle,neither,0.040884776907600104,0.42421093855806075,0.5349042845343391
Streaming at Lan? PogChamp,neither,0.038784837706406956,0.350731737339982,0.610483424953611
WHERE THE FUCK I AM,offensive_language,0.2176594759166525,0.7822169636075392,0.00012356047580830008
ok tyty,neither,0.03935517884257045,0.3320399062092607,0.6286049149481688
where the fk i am,neither,0.04013083616577819,0.2851850471948299,0.6746841166393919
are there two shrouds PogChamp PogChamp,neither,0.08142661629073392,0.19753138525535507,0.7210419984539111
!uptime,neither,0.03945320844208391,0.33037608806864915,0.630170703489267
High af shroud ???,neither,0.03485873339336671,0.4392238565006717,0.5259174101059617
where the fuck i am,offensive_language,0.2176594759166525,0.7822169636075392,0.00012356047580830008
@Eniiex tyty,neither,0.03945320844208391,0.33037608806864915,0.630170703489267
HELLO,neither,0.03945320844208391,0.33037608806864915,0.630170703489267
yeeeeeeeeeeeeeeey,neither,0.03945320844208391,0.33037608806864915,0.630170703489267
GG SHROUD NICE GAME :dd,neither,0.03855505808263884,0.27271976117388513,0.688725180743476
WE can hear u,neither,0.039618712217895674,0.3275670570626875,0.6328142307194169
where the fuck i am,offensive_language,0.2176594759166525,0.7822169636075392,0.00012356047580830008
sup,neither,0.03945320844208391,0.33037608806864915,0.630170703489267
shrood is taking some huge bong rips as we wait,neither,0.037414596130537346,0.3597366296906269,0.6028487741788359
HI SHROUD :D,neither,0.03945320844208391,0.33037608806864915,0.630170703489267
sup tyrone,neither,0.03945320844208391,0.33037608806864915,0.630170703489267
TYRONE,neither,0.03945320844208391,0.33037608806864915,0.630170703489267
Erm da fuck,offensive_language,0.21383076297115788,0.7856842548528039,0.0004849821760382189
hey tyrone,neither,0.03945320844208391,0.33037608806864915,0.630170703489267
Blaze the dope fam,neither,0.03870038013245457,0.3166599718545315,0.644639648013014
TYRONE,neither,0.03945320844208391,0.33037608806864915,0.630170703489267
this is also on my diuscovery weekly lol,offensive_language,0.02399078933818314,0.4996108067853541,0.4763984038764627
tyrone,neither,0.03945320844208391,0.33037608806864915,0.630170703489267
@shroud You never signed my profile!!!,offensive_language,0.037405322142868735,0.4860434104540245,0.47655126740310666
hows brax,neither,0.03945320844208391,0.33037608806864915,0.630170703489267
that was a great match shroud!,neither,0.033686413312634375,0.34865489611232736,0.6176586905750383
DAAAAAAAAAAAAAAAAAAAAAADDDDDDDDD,neither,0.03945320844208391,0.33037608806864915,0.630170703489267
Bg's with just9n tonight?,neither,0.02672067355256784,0.3444173478561203,0.6288619785913118
"Well played @shroud against optic, french streamers didn't understand why ur using aug and called u ""SHRAUG"" AHAHAH",neither,0.03271897102374741,0.36188483819926937,0.6053961907769831
TYRONE,neither,0.03945320844208391,0.33037608806864915,0.630170703489267
Where the fuck i am,offensive_language,0.2176594759166525,0.7822169636075392,0.00012356047580830008
shroud 9k player from dota pro scenes,neither,0.03587739821478939,0.39106691974689056,0.57305568203832
TYRONE,neither,0.03945320844208391,0.33037608806864915,0.630170703489267
dqveeBabydqvee dqveeBabydqvee,neither,0.03945320844208391,0.33037608806864915,0.630170703489267
Tyrone!!!,neither,0.03945320844208391,0.33037608806864915,0.630170703489267
hello dad,neither,0.03945320844208391,0.33037608806864915,0.630170703489267
sup nibba,neither,0.03945320844208391,0.33037608806864915,0.630170703489267
how did cs_summit go? @shroud,neither,0.04119227101463315,0.3364178309625165,0.6223898980228503
HeyGuys haiiii shrood :),neither,0.03945320844208391,0.33037608806864915,0.630170703489267
Play 1.6 pls,neither,0.03945320844208391,0.33037608806864915,0.630170703489267
WHERE THE FUCK I AM?,offensive_language,0.2176594759166525,0.7822169636075392,0.00012356047580830008
hi dada,neither,0.03945320844208391,0.33037608806864915,0.630170703489267
"Hey Shroud, do you actually use a laptop or PC?",neither,0.025781976331685073,0.4269094104800276,0.5473086131882874
SUP TYRONE <3,neither,0.03945320844208391,0.33037608806864915,0.630170703489267
Tyrone,neither,0.03945320844208391,0.33037608806864915,0.630170703489267
@shroud Where the fuck I am,offensive_language,0.2176594759166525,0.7822169636075392,0.00012356047580830008
good games today bud,neither,0.0375083898254708,0.3097619314172771,0.6527296787572521
FREEBRAX,neither,0.03945320844208391,0.33037608806864915,0.630170703489267
LUL,neither,0.03945320844208391,0.33037608806864915,0.630170703489267
LOL,neither,0.020706217963973744,0.4882283491876925,0.4910654328483337
Desktop*,neither,0.03945320844208391,0.33037608806864915,0.630170703489267
@shroud WHERE THE FUCK I AM,offensive_language,0.2176594759166525,0.7822169636075392,0.00012356047580830008
@shroud hi shrAUG,neither,0.03945320844208391,0.33037608806864915,0.630170703489267
What's up @shroud,neither,0.04549209283961305,0.43877665191533993,0.5157312552450469
WHATS UP TYRONE PogChamp,neither,0.03710095151538933,0.37761861153781784,0.585280436946793
@shroud play 1.6 PLS,neither,0.03945320844208391,0.33037608806864915,0.630170703489267
lel,neither,0.03945320844208391,0.33037608806864915,0.630170703489267
Hehe just assumed,neither,0.03575079465335132,0.3477078606281545,0.6165413447184942
Hello From Aus @shroud,neither,0.040875471929787875,0.3062365648703896,0.6528879631998226
FREEBRAX,neither,0.03945320844208391,0.33037608806864915,0.630170703489267
"Well played @shroud against optic, french streamers didn't understand why ur using aug and called u ""SHRAUG"" AHAHAH",neither,0.03271897102374741,0.36188483819926937,0.6053961907769831
how excited was brax @shroud,neither,0.03930406842679703,0.3329073833524916,0.6277885482207114
hey nibba shroud,neither,0.03945320844208391,0.33037608806864915,0.630170703489267
@shroud are you playing workshop maps today again? really enjoyed those,neither,0.0804541127095333,0.29012302248427535,0.6294228648061914
"@kukripro This map is called ""Haunted"" and can be found here - http://steamcommunity.com/sharedfiles/filedetails/?id=634737301",neither,0.06950302299844865,0.21909890669007967,0.7113980703114718
"well done tonight, gg c9",neither,0.03569906266115626,0.31986220534021903,0.6444387319986248
@shroud did u use the aug vs OG?,neither,0.015826247124653768,0.39575813226338913,0.5884156206119571
c9 to good for loser bracket,neither,0.03891410179935254,0.2937443113907181,0.6673415868099294
WHERE THE FUCK AM I,offensive_language,0.2176594759166525,0.7822169636075392,0.00012356047580830008
This heavy metal yeee,neither,0.039366460190635146,0.33184843229063055,0.6287851075187344
hello friend,neither,0.03945320844208391,0.33037608806864915,0.630170703489267
Kappa,neither,0.03945320844208391,0.33037608806864915,0.630170703489267
"@Shroud, thats ok buddy. You guys are used to look at the losers one LUL",neither,0.06835730900094941,0.3486567722093409,0.5829859187897096
Quick question. What rank would be good for someone entirely new to pc gaming on a shitty laptop?,neither,0.04699746287823344,0.4400040694585943,0.5129984676631723
tyrone,neither,0.03945320844208391,0.33037608806864915,0.630170703489267
ROFL Shroudy aint feeling the Lan Party atmosphere,neither,0.03951371429571006,0.3630084541155786,0.5974778315887114
FAP,neither,0.03945320844208391,0.33037608806864915,0.630170703489267
@shroud hI TYRONE <3,neither,0.03945320844208391,0.33037608806864915,0.630170703489267
Shrood,neither,0.03945320844208391,0.33037608806864915,0.630170703489267
why was brax plaing with c9 today?,neither,0.015803461758146786,0.36959247074735696,0.6146040674944963
WHERE THE FUCK I AM,offensive_language,0.2176594759166525,0.7822169636075392,0.00012356047580830008
fap Kappa,neither,0.03945320844208391,0.33037608806864915,0.630170703489267
BRAX,neither,0.03945320844208391,0.33037608806864915,0.630170703489267
TYRONE shroudW,neither,0.03945320844208391,0.33037608806864915,0.630170703489267
living the lfie,neither,0.03812459404649665,0.30574984906218505,0.6561255568913182
FRE EBRAX,neither,0.03945320844208391,0.33037608806864915,0.630170703489267
"@PatrickJD1243, He's an old man already",neither,0.04450689427918882,0.40792438835849465,0.5475687173623166
!uptime,neither,0.03945320844208391,0.33037608806864915,0.630170703489267
tf is this song?,neither,0.048931857618565985,0.33787712596233416,0.6131910164190998
tyrone,neither,0.03945320844208391,0.33037608806864915,0.630170703489267
@affiqzulfayri Channel shroud has been live for 07m and 28s,neither,0.037527441653855145,0.2724964938497483,0.6899760644963965
@Shroud you never signed my profile last night!!!,neither,0.032137294265138415,0.46347889953704713,0.5043838061978144
WHERE THE FUCK I AM,offensive_language,0.2176594759166525,0.7822169636075392,0.00012356047580830008
WHERE THE FUCK I AM,offensive_language,0.2176594759166525,0.7822169636075392,0.00012356047580830008
now you say you have time but tomorror you will lose 0-2 against sk....,neither,0.08663131171988939,0.4493543104923328,0.4640143777877777
WHAT DID U THINK OF BRAX,neither,0.04792042091935202,0.31287208415912576,0.6392074949215223
"@Shroud, how was playing with brax",neither,0.02632037956010541,0.379574843088723,0.5941047773511715
"@Shroud, happy 4/20 shroud <3",neither,0.03945320844208391,0.33037608806864915,0.630170703489267
@shroud TYRONE,neither,0.03945320844208391,0.33037608806864915,0.630170703489267
"so shroud, where the fuck you am today?",offensive_language,0.21006795827985258,0.7892882518588649,0.0006437898612826788
shroud the dota player right?,neither,0.031124993488818132,0.44207295491388465,0.5268020515972971
"@SkelliCS, BONEY DUmBY",neither,0.03945320844208391,0.33037608806864915,0.630170703489267
Shroof,neither,0.03945320844208391,0.33037608806864915,0.630170703489267
How was is playing with Brax,neither,0.0341233429465097,0.3744108634889351,0.5914657935645551
@shroud FRE EBRAX MAYN,neither,0.03945320844208391,0.33037608806864915,0.630170703489267
@shroud Do you play on a laptop or desktop?,neither,0.052927126354533685,0.3861115412593496,0.5609613323861168
"Well played @shroud against optic, french streamers didn't understand why ur using aug and called u ""SHRAUG"" AHAHAH",neither,0.03271897102374741,0.36188483819926937,0.6053961907769831
wtf why live,offensive_language,0.03316058809591874,0.643513339735576,0.3233260721685051
how excited was brax at lan?,neither,0.03867398907457676,0.3526945789562413,0.608631431969182
@shroud play with just9n some fun maps,neither,0.025051987570127436,0.37245700186383907,0.6024910105660335
@shroud get just9n and lets play that game again,neither,0.03293715806931634,0.3428202311855418,0.6242426107451419
😤😤😤,neither,0.03945320844208391,0.33037608806864915,0.630170703489267
WHERE THE FUCK I AM,offensive_language,0.2176594759166525,0.7822169636075392,0.00012356047580830008
MrDestructoid,neither,0.03945320844208391,0.33037608806864915,0.630170703489267
@shroud u streaming on summit house?,neither,0.037280251821531246,0.34074785148070375,0.6219718966977649
@shroud HEY SHROUDY,neither,0.03945320844208391,0.33037608806864915,0.630170703489267
where the fuck i am,offensive_language,0.2176594759166525,0.7822169636075392,0.00012356047580830008
@shroud WHERE THE FUCK I AM,offensive_language,0.2176594759166525,0.7822169636075392,0.00012356047580830008
when is cs summit? @shroud,neither,0.0370395043258336,0.36710781457073044,0.5958526811034361
I dont understand? when are u playing? its 0605 here now ^^,neither,0.08245509358947939,0.3039966110395953,0.6135482953709253
where can i go to watch their games? they're not on twitch,neither,0.060745160991243975,0.29763832633210063,0.6416165126766553
# Mau5,neither,0.03945320844208391,0.33037608806864915,0.630170703489267
"thank God, thought i was going to have to fap to your vods",neither,0.07944775531704668,0.28008255304360297,0.6404696916393503
"@Shroud, shiet mieky u werent lyin when u said you'd go back home and stream",neither,0.04178702667181049,0.36415691636211395,0.5940560569660754
@shroud tmr use ign tyrone Kappa,neither,0.019597403485513178,0.394122451591114,0.5862801449233729
SUB SOUND?,neither,0.03945320844208391,0.33037608806864915,0.630170703489267
@shroud hi SHRAUG,neither,0.03945320844208391,0.33037608806864915,0.630170703489267
How was it playing with brax? @shroud,neither,0.025707414630618795,0.37749018140579615,0.596802403963585
It says youre playing at 3 pm pacific,neither,0.045295258204899935,0.3471005992745458,0.6076041425205543
"@brenniven it's a nice start but it's not at all the same as having a good PC, learn all you can with what you have then upgrade when you want",offensive_language,0.048674722456260734,0.5473682152765476,0.40395706226719175
SmoocherZ,neither,0.03945320844208391,0.33037608806864915,0.630170703489267
shroudC9 shroudC9 shroudC9 shroudC9 shroudC9 shroudC9 shroudC9,neither,0.03945320844208391,0.33037608806864915,0.630170703489267
can you just put brax on the full time roster hes insane,neither,0.05512408850613376,0.3738102775377672,0.571065633956099
PLAY MM PogChamp PogChamp,neither,0.03945320844208391,0.33037608806864915,0.630170703489267
PUBG? pls mr shroody...,neither,0.03945320844208391,0.33037608806864915,0.630170703489267
DOTA'S ON PogChamp PogChamp PogChamp PogChamp,neither,0.02983740057173753,0.3797445071048369,0.5904180923234256
Knife unbox,neither,0.03945320844208391,0.33037608806864915,0.630170703489267
What happened to staying at hotel tonight?,neither,0.045501197335848995,0.3250113745335835,0.6294874281305675
Join the new Curse server! https://curse.com/invite/Xv6nbZgd4kugsL2fxlg6NQ,neither,0.04082319323556661,0.27696135383134185,0.6822154529330917
Incoming,neither,0.03945320844208391,0.33037608806864915,0.630170703489267
how was the match?,neither,0.0382945530440294,0.3139478327470886,0.647757614208882
RERUN,neither,0.03945320844208391,0.33037608806864915,0.630170703489267
CHEACK OUT COBBLE DANGER IT HSA CHANGED,neither,0.034382921448843584,0.34571244185775923,0.6199046366933971
TheIlluminati,neither,0.03945320844208391,0.33037608806864915,0.630170703489267
"Well played @shroud against optic, french streamers didn't understand why ur using aug and called u ""SHRAUG"" AHAHAH",neither,0.03271897102374741,0.36188483819926937,0.6053961907769831
Thanks for subscribing with Prime mustardcsgo shroudWithIt,neither,0.023796193918851447,0.32351757895080435,0.6526862271303442
Optic didnt play well today,neither,0.03804390673053418,0.3087218239870946,0.6532342692823713
@why do you loo so sexy with that hair to the side,offensive_language,0.029814901482290965,0.4911455543779854,0.4790395441397237
when is cs summit??,neither,0.0370395043258336,0.36710781457073044,0.5958526811034361
"@turtlebiscut, except hes fucking banned FeelsBadMan",offensive_language,0.10402438641271669,0.8899177050639002,0.006057908523383221
where's XXXtentacion,neither,0.04379278224195774,0.2567221952996476,0.6994850224583946
TriHard,neither,0.03945320844208391,0.33037608806864915,0.630170703489267
watch liquid nip? @shroud,neither,0.045172835775841975,0.17474283003473418,0.7800843341894238
The fk,neither,0.03843498882663835,0.31168514531390124,0.6498798658594604
!,neither,0.03945320844208391,0.33037608806864915,0.630170703489267
UnSane,neither,0.03945320844208391,0.33037608806864915,0.630170703489267
sub game??????????????? @shroud,neither,0.03865068212939034,0.2799720800278894,0.6813772378427202
"@Shroud, how was it playing with swag",neither,0.026398476028545954,0.40366974134407974,0.5699317826273743
tyrone you streamin damn,offensive_language,0.06162649222512926,0.8502996407174599,0.08807386705741076
DAD,neither,0.03945320844208391,0.33037608806864915,0.630170703489267
dudududud,neither,0.03945320844208391,0.33037608806864915,0.630170703489267
ELEAGUE,neither,0.03945320844208391,0.33037608806864915,0.630170703489267
"Well played @shroud against optic, french streamers didn't understand why ur using aug and called u ""SHRAUG"" AHAHAH",neither,0.03271897102374741,0.36188483819926937,0.6053961907769831
overwatch,neither,0.03945320844208391,0.33037608806864915,0.630170703489267
@shroud tmr us alias tyrone #maketyronegreatagain,neither,0.07015370885109515,0.3248579202723986,0.6049883708765063
SwiftRage,neither,0.03945320844208391,0.33037608806864915,0.630170703489267
@shroud why couldnt brax stand in for skadoodle in pro league,neither,0.02877998457066606,0.32029255965300385,0.65092745577633
wtf how r u live,offensive_language,0.04920022356735582,0.6279314980030173,0.3228682784296269
has cs summit already been??,neither,0.03876214574377944,0.34210522558880246,0.6191326286674181
y is he live,neither,0.0741047021908723,0.31845785040331653,0.6074374474058112
connect what ?,neither,0.04568673754512718,0.3259267583143808,0.628386504140492
y isnt he at the lan,neither,0.042525870564184554,0.33506924483039385,0.6224048846054215
wtf,offensive_language,0.04410695246022759,0.7898861884776351,0.16600685906213722
shroud is back PogChamp,neither,0.05875706531986774,0.3237366064983911,0.6175063281817412
shroud,neither,0.03945320844208391,0.33037608806864915,0.630170703489267
shroudW,neither,0.03945320844208391,0.33037608806864915,0.630170703489267
lol Joshog is smoking weed on stream irl,neither,0.032535566767151115,0.4510030339251445,0.5164613993077044
y arent u at the lan,neither,0.03800929495830803,0.3367525491706842,0.6252381558710078
@cpfc710 he lives near it,neither,0.04340426314072446,0.32901713917979286,0.6275785976794828
@liam_buckrell yea 1st teams are finishing rn,neither,0.056157395521086256,0.3015000592227733,0.6423425452561404
@shroud ur white,hate_speech,0.7235125424848348,0.27385588945150774,0.0026315680636574954
What do you think of loop?,neither,0.06543381784728629,0.3614347496425104,0.5731314325102033
what is the server,neither,0.07361277284457059,0.28255123200191234,0.6438359951535172
@shroud tmr use alias tyrone #maketyronegreatagain,neither,0.017250428745866873,0.4045269472015821,0.578222624052551
Hes at lan,neither,0.0387072848770338,0.35308380300389036,0.6082089121190758
he's streaming at Summit House Kappa,neither,0.04228492923776222,0.3442956826886014,0.6134193880736364
wait shouldnt you be at summit?,neither,0.05158487101406516,0.3891328399147812,0.5592822890711535
go to the lan and fuck bitches,offensive_language,0.018028091937457615,0.9819718959777701,1.2084772340194386e-08
shroody,neither,0.03945320844208391,0.33037608806864915,0.630170703489267
shroud how did it feel to spank optic LUL,neither,0.043116946850349266,0.3279367062609382,0.6289463468887126
hey this hotel is nice!,neither,0.046749780627372554,0.3292658721811574,0.6239843471914701
shroud streaming while at lan? i aren't think that,neither,0.03669301476138446,0.3683782524472929,0.5949287327913227
@shrd,neither,0.03945320844208391,0.33037608806864915,0.630170703489267
It just that he live c.+,neither,0.03880362603958235,0.4033889098676162,0.5578074640928015
@cpfc710 close to home,neither,0.048064810245249646,0.3253862352782284,0.626548954476522
close,neither,0.03945320844208391,0.33037608806864915,0.630170703489267
rerun :)))) look chat board,neither,0.04109036952577225,0.32981299329896085,0.629096637175267
did shourd play cs summit on his home?,neither,0.05353810833123195,0.3411613564391284,0.6053005352296397
good shit out there today @shroud,offensive_language,0.03888546006485347,0.9601402528379893,0.0009742870971570904
he lives close to the lan so hes sleeping home,neither,0.04628910597997773,0.3432259508748142,0.610484943145208
he dodged lan,neither,0.0442536678898831,0.3287249899365906,0.6270213421735262
guys. he lives like half hour from the lan,neither,0.05053751002472452,0.31732490398769664,0.6321375859875789
where the lan its going to,neither,0.0387703663591361,0.31107522656120096,0.6501544070796629
"oh ur at summit, nifty",neither,0.06777860683046406,0.29895793990345865,0.6332634532660771
"Well played @shroud against optic, french streamers didn't understand why ur using aug and called u ""SHRAUG"" AHAHAH",neither,0.03271897102374741,0.36188483819926937,0.6053961907769831
What's yo sensitivity,neither,0.05153379212176615,0.46555939720951983,0.48290681066871405
@shroud did you celebrate 4/20?,neither,0.05629077659399146,0.37776981853459973,0.5659394048714086
Decided to come home shroud,neither,0.04456605636298936,0.35356797674384244,0.6018659668931683
@davetons he lives close so he drove back,neither,0.04741220614910178,0.3594833032004215,0.5931044906504769
SHROUD!!! WHERE THE FUCK I AM?!,offensive_language,0.2176594759166525,0.7822169636075392,0.00012356047580830008
"@Shroud, if they were going to play mafia would you stay?",neither,0.03762521274497486,0.41362941443980894,0.5487453728152162
prerecorded PogChamp,neither,0.03945320844208391,0.33037608806864915,0.630170703489267
@shroud Where is just9n ?,neither,0.06245822111259904,0.2612427577458543,0.6762990211415466
@shroud mm sub games,neither,0.03945320844208391,0.33037608806864915,0.630170703489267
ez 2-0 :D,neither,0.03945320844208391,0.33037608806864915,0.630170703489267
"@Shroud, y do you dm with ak but play with krieg",neither,0.031279964153769324,0.42888386979338683,0.5398361660528439
anyone know the server ?,neither,0.03822160362545021,0.30761964746976805,0.6541587489047818
Wait shroud spank OPTIC or STEwiE LMAO 4Head,neither,0.03870217229018487,0.34312313161454383,0.6181746960952713
"@Shroud, listen to Animals as Leaders, or Scale the Summit, both are right up your chill rock style",neither,0.0654713891662514,0.34280467318542207,0.5917239376483264
how close are you to cs_summit? i didnt know you would come back to your house tonight,neither,0.1314733141468685,0.3331111038988218,0.5354155819543096
where did shroud live?,neither,0.047852691359508225,0.28865389134426384,0.663493417296228
playing pubg and csgo community maps? @shroud,neither,0.03889091358356212,0.30275321633836966,0.6583558700780682
"@2ezsobreeze This map is called ""Haunted"" and can be found here - http://steamcommunity.com/sharedfiles/filedetails/?id=634737301",neither,0.06950302299844865,0.21909890669007967,0.7113980703114718
!dpi,neither,0.03945320844208391,0.33037608806864915,0.630170703489267
@mtan00 He uses 400 DPI,neither,0.044463797769253195,0.32865271663544304,0.6268834855953038
GUYS THIS IS A RERUN,neither,0.052976789498995494,0.3312096944457622,0.6158135160552423
$3 donation to sign a profile? LIES,neither,0.04522732587303655,0.3269877273203843,0.6277849468065793
WHERE THE FUCK I AM,offensive_language,0.2176594759166525,0.7822169636075392,0.00012356047580830008
how u are in house?(sorry for bad english),neither,0.04947350468610719,0.2718515279355444,0.6786749673783483
Hung like a horse,neither,0.0498401454937221,0.34549932600506056,0.6046605285012174
@LAKEOFBLOODz hes like an hour i think,neither,0.0503827837668612,0.3316214336270108,0.6179957826061281
!playlist,neither,0.03945320844208391,0.33037608806864915,0.630170703489267
where the fuck you am?,offensive_language,0.26191017308769354,0.7380110354189572,7.879149334947665e-05
WHERE THE FUCK I AM,offensive_language,0.2176594759166525,0.7822169636075392,0.00012356047580830008
KappaPride,neither,0.03945320844208391,0.33037608806864915,0.630170703489267
ez,neither,0.03945320844208391,0.33037608806864915,0.630170703489267
TYRONE,neither,0.03945320844208391,0.33037608806864915,0.630170703489267
TYRONE 4Head,neither,0.03945320844208391,0.33037608806864915,0.630170703489267
@LAKEOFBLOODz thats what i've heard,neither,0.02058041681839998,0.30705509582269896,0.6723644873589011
