text,top_class,hate_speech,offensive_language,neither
Yo,offensive_language,0.04010381111145228,0.5271105317972344,0.4327856570913131
PogChamp,neither,0.03945320844208391,0.33037608806864915,0.630170703489267
FIRST,neither,0.02604892428726219,0.3349864360510187,0.6389646396617191
ayy lmao,neither,0.038286200742828215,0.35018325437241776,0.6115305448847541
Sup dood,neither,0.03945320844208391,0.33037608806864915,0.630170703489267
I was here already,neither,0.11151791649544403,0.30146872264397506,0.5870133608605808
I'm waiting for a haircut,neither,0.03348558392160868,0.30057634291448904,0.6659380731639023
shroudW shroudW shroudW,neither,0.03945320844208391,0.33037608806864915,0.630170703489267
Camping it,neither,0.037828236809968684,0.3309349903269868,0.6312367728630445
you gonna play some outlast 2 shroud?,neither,0.04385442591425016,0.43374545819906335,0.5224001158866867
yooooo,neither,0.03945320844208391,0.33037608806864915,0.630170703489267
Imhere,neither,0.03945320844208391,0.33037608806864915,0.630170703489267
Am I the only one,neither,0.0368685369884794,0.3503888802727621,0.6127425827387584
"outlast 2, pft good 1",neither,0.03875228192880013,0.33061716883797504,0.6306305492332248
Player unknown?,neither,0.03399834938087194,0.4229592823851517,0.5430423682339763
morning,neither,0.05283876784042269,0.1031882115525248,0.8439730206070525
:D,neither,0.03945320844208391,0.33037608806864915,0.630170703489267
theiaOreo,neither,0.03945320844208391,0.33037608806864915,0.630170703489267
Shroud ily @shroud,neither,0.03945320844208391,0.33037608806864915,0.630170703489267
Pubg2,neither,0.03945320844208391,0.33037608806864915,0.630170703489267
ey,neither,0.03945320844208391,0.33037608806864915,0.630170703489267
DAD,neither,0.03945320844208391,0.33037608806864915,0.630170703489267
what up,neither,0.04549209283961305,0.43877665191533993,0.5157312552450469
first,neither,0.02604892428726219,0.3349864360510187,0.6389646396617191
HELLO DAD,neither,0.03945320844208391,0.33037608806864915,0.630170703489267
yo,offensive_language,0.04010381111145228,0.5271105317972344,0.4327856570913131
WazzzzzzzzzzzzzUPP,neither,0.03945320844208391,0.33037608806864915,0.630170703489267
First,neither,0.02604892428726219,0.3349864360510187,0.6389646396617191
first,neither,0.02604892428726219,0.3349864360510187,0.6389646396617191
second,neither,0.03945320844208391,0.33037608806864915,0.630170703489267
wassup meik,neither,0.33529425248498695,0.08556156890646638,0.5791441786085466
outlast or no balls :/,offensive_language,0.045278338055676326,0.4897482311478927,0.4649734307964311
Lit,neither,0.03945320844208391,0.33037608806864915,0.630170703489267
nookyHi nookyHi,neither,0.03945320844208391,0.33037608806864915,0.630170703489267
zeroed,neither,0.03945320844208391,0.33037608806864915,0.630170703489267
Wtf shroud types in chat,offensive_language,0.04182929650384578,0.5381049782533714,0.42006572524278274
HeyGuys,neither,0.03945320844208391,0.33037608806864915,0.630170703489267
"shroud, grettins fromd argentina :D",neither,0.03945320844208391,0.33037608806864915,0.630170703489267
Cs summit was such a cool event. Hope you enjoyed it as much as we did,neither,0.05776391590346838,0.3294391661372409,0.6127969179592908
DADDY,neither,0.03945320844208391,0.33037608806864915,0.630170703489267
first,neither,0.02604892428726219,0.3349864360510187,0.6389646396617191
good music :D,neither,0.03848309311303649,0.3307097552155315,0.6308071516714321
shroudW shroudMilk shroudW shroudMilk shroudW shroudMilk,neither,0.03945320844208391,0.33037608806864915,0.630170703489267
can you show video setting soon???? @shroud,neither,0.07749764018267898,0.2213382468720014,0.7011641129453197
what games will you play? shrood,neither,0.07029327564849064,0.3505894656342919,0.5791172587172175
Dude,neither,0.03945320844208391,0.33037608806864915,0.630170703489267
Unfollowed,neither,0.03945320844208391,0.33037608806864915,0.630170703489267
you heard it here first shroud drops 40 in dreamhack austin,neither,0.07469570393527598,0.33694221346475706,0.5883620825999669
daddy fuck me hard,offensive_language,0.09084548211182378,0.9089572236330415,0.00019729425513477923
Long stream! PogCha,neither,0.03920646557911316,0.32830989510117986,0.632483639319707
cs or no balls,offensive_language,0.045278338055676326,0.4897482311478927,0.4649734307964311
sHROUD,neither,0.03945320844208391,0.33037608806864915,0.630170703489267
mp,neither,0.03945320844208391,0.33037608806864915,0.630170703489267
Lol,neither,0.020706217963973744,0.4882283491876925,0.4910654328483337
HeyGuys HeyGuys,neither,0.03945320844208391,0.33037608806864915,0.630170703489267
Rip Me.,neither,0.029796195469697875,0.38391635786922995,0.5862874466610721
NOTIFICATION SQUAD,neither,0.03945320844208391,0.33037608806864915,0.630170703489267
@stun_empire stun u cunt what are u doing here xd,offensive_language,0.19486095456347688,0.804872169989874,0.00026687544664903055
Hi,neither,0.03945320844208391,0.33037608806864915,0.630170703489267
DAD,neither,0.03945320844208391,0.33037608806864915,0.630170703489267
shrood,neither,0.03945320844208391,0.33037608806864915,0.630170703489267
naj,neither,0.03945320844208391,0.33037608806864915,0.630170703489267
hi,neither,0.03945320844208391,0.33037608806864915,0.630170703489267
eyyyyyyyyyyy,neither,0.03945320844208391,0.33037608806864915,0.630170703489267
2:30 in the morning,neither,0.046974007680962035,0.15886944967052138,0.7941565426485165
yeah strum,offensive_language,0.013968601452186464,0.5182923869769311,0.4677390115708824
@deezalol swagcsC9 didn't win so no it wasn't fun,neither,0.026007982699519736,0.4163990495687576,0.5575929677317227
Double,neither,0.03945320844208391,0.33037608806864915,0.630170703489267
Shrrood your laugh makes me thingle,neither,0.06332824721541888,0.3657258460647542,0.5709459067198269
omgggfgbraaahhh,neither,0.03945320844208391,0.33037608806864915,0.630170703489267
Yo Waaaat. KonCha,offensive_language,0.04010381111145228,0.5271105317972344,0.4327856570913131
Papa Shroud,neither,0.03945320844208391,0.33037608806864915,0.630170703489267
WOOO,neither,0.03945320844208391,0.33037608806864915,0.630170703489267
hi shrouuudududd,neither,0.03945320844208391,0.33037608806864915,0.630170703489267
start this shit,offensive_language,0.042279602691455434,0.9576875677729413,3.282953560324271e-05
ä du dum i huvudet,neither,0.03945320844208391,0.33037608806864915,0.630170703489267
madre teresa,neither,0.03945320844208391,0.33037608806864915,0.630170703489267
i l o v e u s h r o u d,neither,0.03945320844208391,0.33037608806864915,0.630170703489267
di calcutta,neither,0.03945320844208391,0.33037608806864915,0.630170703489267
sup bitches,offensive_language,0.003248617062994486,0.9967511955970789,1.873399265961554e-07
Who came here from s1mple stream ??,neither,0.0825260846865269,0.33600852258072916,0.5814653927327441
KappaHD KappaHD KappaHD KappaHD KappaHD,neither,0.03945320844208391,0.33037608806864915,0.630170703489267
PogChamp,neither,0.03945320844208391,0.33037608806864915,0.630170703489267
Sup shroud,neither,0.03945320844208391,0.33037608806864915,0.630170703489267
clown9,neither,0.03945320844208391,0.33037608806864915,0.630170703489267
SHROOOOOOOOOOUD,neither,0.03945320844208391,0.33037608806864915,0.630170703489267
i was just saying i wonder if shroud was streaming,neither,0.0206644606210354,0.3880305310753531,0.5913050083036115
im always here lmao,neither,0.09233990067984052,0.4026163944535959,0.5050437048665636
suppp shroud from c9,neither,0.04228451509352876,0.2823214250720796,0.6753940598343917
srioud,neither,0.03945320844208391,0.33037608806864915,0.630170703489267
IM GAY,hate_speech,0.5154402502539991,0.12695318785875706,0.357606561887244
sup guys,neither,0.039318079907253584,0.33266957196209385,0.6280123481306527
SHROUD I HAVE THE SAME MOUSE AS YOU <333,neither,0.05228868208783254,0.4095948053502541,0.5381165125619133
shrrooood,neither,0.03945320844208391,0.33037608806864915,0.630170703489267
shroud is an onliner as seen from beyond the summit,neither,0.04397644669519572,0.32474826044874683,0.6312752928560573
shroud dat vac shot in inferno apps holy shit m8,offensive_language,0.05044240428293605,0.9233100874184431,0.026247508298620846
youre gay,hate_speech,0.44074839467294685,0.12362102333107645,0.4356305819959767
arent this the guy who destroided NIP?,neither,0.03948354264937804,0.21676010212422725,0.7437563552263947
🤡,neither,0.03945320844208391,0.33037608806864915,0.630170703489267
HAIIIIII,neither,0.03945320844208391,0.33037608806864915,0.630170703489267
shroud,neither,0.03945320844208391,0.33037608806864915,0.630170703489267
@shroud ur going the LAN in Montreal in September right?,neither,0.05047368096263385,0.34317626778890375,0.6063500512484625
being a cloud9 fan hurts,neither,0.0346967740169085,0.3577939731352263,0.6075092528478653
Eeeey shroudddy,neither,0.03945320844208391,0.33037608806864915,0.630170703489267
PogChamp,neither,0.03945320844208391,0.33037608806864915,0.630170703489267
ayyyy,neither,0.03945320844208391,0.33037608806864915,0.630170703489267
Join the new Curse server! https://curse.com/invite/Xv6nbZgd4kugsL2fxlg6NQ,neither,0.04082319323556661,0.27696135383134185,0.6822154529330917
hype,neither,0.03945320844208391,0.33037608806864915,0.630170703489267
daddy<,neither,0.03945320844208391,0.33037608806864915,0.630170703489267
S1mple the strange think about him is that he is looking at the ground like a bot his movement is like a bot but he is hitting heads like a god,neither,0.07609838250790459,0.35914350119358057,0.5647581162985149
You should play more workshop maps,neither,0.06571782431356091,0.38996871110579906,0.54431346458064
@noupdatesneeded ikr,neither,0.03945320844208391,0.33037608806864915,0.630170703489267
i wanna meet shroud,neither,0.03945320844208391,0.33037608806864915,0.630170703489267
sup bros,neither,0.03945320844208391,0.33037608806864915,0.630170703489267
shroud i 5'2,neither,0.03945320844208391,0.33037608806864915,0.630170703489267
is*,neither,0.081172750358939,0.3160268245287109,0.60280042511235
vac shot on inferno by shroud with deag,neither,0.028995272482112526,0.41319232047768273,0.5578124070402046
sup ramobullet,neither,0.03945320844208391,0.33037608806864915,0.630170703489267
shroud love ur vac shot in apps inferno ayy,neither,0.05326388119094966,0.334155926772747,0.6125801920363034
OMG https://www.youtube.com/watch?v=PVQ70CojIvM look at tnjis rapper,neither,0.04331750931262079,0.3429768821774144,0.6137056085099648
!crosshair,neither,0.03945320844208391,0.33037608806864915,0.630170703489267
"@swantewante Size 5, gap 0, thickness 1.5, style 4, color light blue",neither,0.04030748238179283,0.330082264087537,0.6296102535306701
"@dank_memer12, You'll have to wait your turn. There's 11 other dank_memers that get to meet him first",neither,0.070345508556991,0.3587152132010362,0.5709392782419728
acserusss ti ho inzegniato bene,offensive_language,0.023458051561647812,0.6434577443567037,0.33308420408164857
BloodTrail,neither,0.03945320844208391,0.33037608806864915,0.630170703489267
!crosshair,neither,0.03945320844208391,0.33037608806864915,0.630170703489267
su~p?,neither,0.03945320844208391,0.33037608806864915,0.630170703489267
Is shroud really 5'2?,neither,0.05849150894100995,0.32382794351432803,0.6176805475446621
@togglezickzack try this,neither,0.03928615292251307,0.3332114562159309,0.6275023908615561
Suuuuup,neither,0.03945320844208391,0.33037608806864915,0.630170703489267
!follow,neither,0.03945320844208391,0.33037608806864915,0.630170703489267
@Badass_seagull they go ona good run then get f*cked by optic like wtf,offensive_language,0.0511025320915753,0.5730520571263501,0.37584541078207473
!followage,neither,0.03945320844208391,0.33037608806864915,0.630170703489267
@crashyyyyyyy no but hes a midget,neither,0.03571912249317734,0.3521934997151571,0.6120873777916656
hahahhahahha @Goacherguy,neither,0.03945320844208391,0.33037608806864915,0.630170703489267
Why is he on so early,neither,0.038141708984901955,0.38087609768783137,0.5809821933272666
thx for timing out that white boy cmonBruh ....,offensive_language,0.3410951226497515,0.4888294674708614,0.17007540987938702
sup dank_memmer12 how's it going dude,neither,0.036635183255189566,0.35680348960859365,0.6065613271362167
Hi bby,neither,0.03945320844208391,0.33037608806864915,0.630170703489267
lel,neither,0.03945320844208391,0.33037608806864915,0.630170703489267
morning,neither,0.05283876784042269,0.1031882115525248,0.8439730206070525
stewKappa stewKappa stewKappa stewKappa stewKappa stewKappa,neither,0.03945320844208391,0.33037608806864915,0.630170703489267
@shroud mitoHey,neither,0.03945320844208391,0.33037608806864915,0.630170703489267
@togglezickzack cl_crosshairstyle 4;cl_crosshairsize 1.5; cl_crosshairgap -3.5;cl_crosshaircolor 1,neither,0.03945320844208391,0.33037608806864915,0.630170703489267
"calm dudes, summer is coming",neither,0.04605836232808234,0.32810427276394305,0.6258373649079746
!song,neither,0.038601720699969956,0.3448280572582511,0.616570222041779
watching stream in class xd fuck history,offensive_language,0.14399529680797146,0.8430231287222187,0.012981574469809921
@noupdatesneeded ik shroud and n0thing need to step up their game,neither,0.04106792534019544,0.30090424182147874,0.6580278328383258
"@bycHeZz, +1",neither,0.03945320844208391,0.33037608806864915,0.630170703489267
wHERE iS sHROUD,neither,0.06245822111259904,0.2612427577458543,0.6762990211415466
Kappu,neither,0.03945320844208391,0.33037608806864915,0.630170703489267
IN YOUR ASS @Skarylex,offensive_language,0.3051524487376488,0.69484520217902,2.3490833311407454e-06
Hi,neither,0.03945320844208391,0.33037608806864915,0.630170703489267
shroud is next to me,neither,0.04874801219836007,0.3964547109793846,0.5547972768222553
fuck this im going back to s1mple stream,offensive_language,0.14959653675963688,0.8466149729740027,0.003788490266360378
FASTER MAN GET HERE FASTER,neither,0.066757365692834,0.3514490922294992,0.5817935420776669
and I like it,neither,0.059970297067180045,0.2725593705622294,0.6674703323705906
IM CUMMINGGG AAA,neither,0.03732396775172632,0.41122202234291466,0.5514540099053589
@AndreN_n4 rude boy,neither,0.03945320844208391,0.33037608806864915,0.630170703489267
"cmon shroodie, i heard outlast 2 has an AUG in it MiniK",neither,0.03895437730377147,0.3221786380179934,0.6388669846782352
Shroud PogChamp,neither,0.03945320844208391,0.33037608806864915,0.630170703489267
Jebaited Jebaited,neither,0.03945320844208391,0.33037608806864915,0.630170703489267
@shroud are you going to watch G2 apex 1v1 NBK? - who do you think will win?,neither,0.09938158200077793,0.39229010186171714,0.508328316137505
jeez @LMF12,neither,0.03945320844208391,0.33037608806864915,0.630170703489267
SHROUD,neither,0.03945320844208391,0.33037608806864915,0.630170703489267
Howdy Ninja,neither,0.03945320844208391,0.33037608806864915,0.630170703489267
BOOOOOOIIIIII',neither,0.03945320844208391,0.33037608806864915,0.630170703489267
@noupdatesneeded and brax would be their best player if he was offically on their team,neither,0.02558602573556157,0.4012927489868177,0.5731212252776207
@Skarylex just kidding bro,neither,0.034486101504172785,0.35391730523997045,0.6115965932558567
Whats up shroud?,neither,0.03597034933595279,0.4023906385329718,0.5616390121310755
daddy,neither,0.03945320844208391,0.33037608806864915,0.630170703489267
#Start,neither,0.03945320844208391,0.33037608806864915,0.630170703489267
shroud cs man,neither,0.03960195919676192,0.39982609383172646,0.5605719469715116
@Badass_seagull step up or leave. id give them untill next lan,neither,0.04572676513356174,0.36722232094941987,0.5870509139170184
shroudW shroudW shroudW shroudW shroudW,neither,0.03945320844208391,0.33037608806864915,0.630170703489267
HELLO DADDY,neither,0.03945320844208391,0.33037608806864915,0.630170703489267
@AndreN_n4 :),neither,0.03945320844208391,0.33037608806864915,0.630170703489267
Shroudddd,neither,0.03945320844208391,0.33037608806864915,0.630170703489267
why are the viewers so lo,neither,0.04582484562439156,0.32911511619024364,0.6250600381853647
8pm too early,neither,0.04063344909784534,0.31034432395771366,0.6490222269444409
is shroud from west coast?,neither,0.04823776833530958,0.31104300330733914,0.6407192283573513
Have you listened to the new Kendrick album,neither,0.05895305141508714,0.28612770696549955,0.6549192416194134
eyeyeyyeeyyeyeyeye,neither,0.03945320844208391,0.33037608806864915,0.630170703489267
any body watching the simple stream,neither,0.03879603150719789,0.3184330676611877,0.6427709008316145
@shroud how would you like hiko on C9?,neither,0.0833595891488486,0.4438103911607598,0.47283001969039157
i wonder if he'll address the hate hes been receiving,neither,0.11751325230704492,0.2922678099431927,0.5902189377497623
GO FOR CS GO,neither,0.036038224875481466,0.3103456126519021,0.6536161624726164
ZADDY,neither,0.03945320844208391,0.33037608806864915,0.630170703489267
man is 6:57 pm here in italy lel,neither,0.07672454147783496,0.34289050636909124,0.5803849521530738
cs,neither,0.03945320844208391,0.33037608806864915,0.630170703489267
hey <3 <3 <3 <3,neither,0.03945320844208391,0.33037608806864915,0.630170703489267
fiverp pls,neither,0.03945320844208391,0.33037608806864915,0.630170703489267
@LMF12 Okay Mr. Silver Surfer,neither,0.03945320844208391,0.33037608806864915,0.630170703489267
i here u,neither,0.22097653003277068,0.2221615150675793,0.55686195489965
:),neither,0.03945320844208391,0.33037608806864915,0.630170703489267
"@shroud, HeyGuys",neither,0.03945320844208391,0.33037608806864915,0.630170703489267
in my Country it is 7:00 pm,neither,0.038753015792624614,0.39269100597048967,0.5685559782368856
HIiiiiiiii,neither,0.03945320844208391,0.33037608806864915,0.630170703489267
SHROOOOOOOOOOOOOOOOOOD,neither,0.03945320844208391,0.33037608806864915,0.630170703489267
$20 for a simple profile signature jesus christ,neither,0.03584208253952152,0.3123282533247674,0.651829664135711
VoteYea VoteYea,neither,0.03945320844208391,0.33037608806864915,0.630170703489267
Shroud im early todayy !!,neither,0.04045404751103885,0.34134231388191977,0.6182036386070414
"ye ,e tpp",neither,0.03945320844208391,0.33037608806864915,0.630170703489267
SHROUDYYYYYY!!!!! <3 <3 <3 <3 <3 <3,neither,0.03945320844208391,0.33037608806864915,0.630170703489267
@Badass_seagull ohh yea if brax was unbanned shroud or nothing would get dropped,neither,0.025305499016777516,0.4016104835787156,0.573084017404507
12:00 here,neither,0.08588393886609456,0.2931253608240229,0.6209907003098825
is 18:00 in PORTUGAL,neither,0.045559166509775505,0.32827596909678386,0.6261648643934408
its 1 pm here,neither,0.07965380056784808,0.29266204495983467,0.6276841544723173
Opinion on the whole shroud thing on reddit ?,neither,0.033891140704688995,0.33967350705660243,0.6264353522387086
Hello shroud my cutie,neither,0.029140688061732624,0.40986348263544675,0.5609958293028205
1 am here,neither,0.13730754398843772,0.2626346527658901,0.600057803245672
@noupdatesneeded ik but shroud has soo much potential and n0thing is a good caller.,neither,0.038815004229059306,0.30484119616579797,0.6563437996051428
Shroud are you going to the lan in Montreal in September,neither,0.07164097104126757,0.33150430729581587,0.5968547216629165
18:00 in italy,neither,0.03945320844208391,0.33037608806864915,0.630170703489267
hellllo,neither,0.03945320844208391,0.33037608806864915,0.630170703489267
!sub,neither,0.03945320844208391,0.33037608806864915,0.630170703489267
@xm4rcvisi0n Subscribe here https://secure.twitch.tv/products/meclipse/ticket?ref=in_chat_subscriber_link,neither,0.06283698991218,0.3096097700840702,0.6275532400037498
its 12.58am here yes its too early alright,neither,0.05585928361307471,0.2966322501992013,0.647508466187724
1am here,neither,0.0979213125458446,0.2854165492562083,0.6166621381979471
0.00 am here,neither,0.0904251717316428,0.29002367718848115,0.619551151079876
Wow,neither,0.03945320844208391,0.33037608806864915,0.630170703489267
Hi,neither,0.03945320844208391,0.33037608806864915,0.630170703489267
Yay a,neither,0.03945320844208391,0.33037608806864915,0.630170703489267
!crosshair,neither,0.03945320844208391,0.33037608806864915,0.630170703489267
"@royan01 Size 5, gap 0, thickness 1.5, style 4, color light blue",neither,0.04030748238179283,0.330082264087537,0.6296102535306701
Thanks for subscribing with Prime calvinlove1 shroudKobe,neither,0.023796193918851447,0.32351757895080435,0.6526862271303442
Thanks for subscribing with Prime scutty29 shroudDad,neither,0.023796193918851447,0.32351757895080435,0.6526862271303442
Stewie looked on point this past weekend @shroud what you think?,neither,0.05198875545194502,0.3613962857727229,0.586614958775332
HELLO,neither,0.03945320844208391,0.33037608806864915,0.630170703489267
19:00*,neither,0.03945320844208391,0.33037608806864915,0.630170703489267
legoooooooo,neither,0.03945320844208391,0.33037608806864915,0.630170703489267
hi,neither,0.03945320844208391,0.33037608806864915,0.630170703489267
OMG SHROUD SUCH BIG FAN!,neither,0.025009377005121316,0.38599227131313824,0.5889983516817405
!crosshair,neither,0.03945320844208391,0.33037608806864915,0.630170703489267
Shroud i have a suggestion,neither,0.03883945251552854,0.3407931279176229,0.6203674195668485
HELLO,neither,0.03945320844208391,0.33037608806864915,0.630170703489267
How many moths I gotta sub for a sign??? @shroud I'm at 4,neither,0.03306453996002362,0.3472304316268076,0.6197050284131688
Hello,neither,0.03945320844208391,0.33037608806864915,0.630170703489267
Damn 10 am stream did yo,offensive_language,0.04407959520455889,0.7633556022876522,0.19256480250778893
6:00 pm here,neither,0.08199236861956737,0.295730264451186,0.6222773669292465
im hungover yall,neither,0.03717177333344507,0.38648778776318854,0.5763404389033663
HEY DAD,neither,0.03945320844208391,0.33037608806864915,0.630170703489267
GO BACK TO YOU 2 SENS I SWEAR,neither,0.07918920360082495,0.3945224627762094,0.5262883336229657
say hi to me you will do my day,neither,0.04304212206165227,0.45285828371290454,0.504099594225443
!res,neither,0.03945320844208391,0.33037608806864915,0.630170703489267
Pls,neither,0.03945320844208391,0.33037608806864915,0.630170703489267
@shroud what's goin on man? you guys did well at the summit!,neither,0.050690124858679256,0.41754306651959894,0.5317668086217219
whats the time shroud,neither,0.037053744355156785,0.33445302324393367,0.6284932324009095
2am here,neither,0.10180729571362719,0.2830261766997025,0.6151665275866702
GO BACK TO SENS 2,neither,0.05439715950130249,0.3302058261996958,0.6153970142990017
SHROUD ITS MONDAY DAILY IN SPOTIFY BRO,neither,0.03418800751223615,0.33218703210738487,0.6336249603803791
!sens,neither,0.03945320844208391,0.33037608806864915,0.630170703489267
shroud! my love <3 hey there,neither,0.02389471172834566,0.3956580320560816,0.5804472562155727
"@Shroud, wp at bts, dont let idiots get to you",neither,0.04092400105484807,0.4323740584194499,0.5267019405257021
!sens,neither,0.03945320844208391,0.33037608806864915,0.630170703489267
@inceptionk DPI: 400 - Ingame : 2.4 - Windows: 6/11 - Raw-Input: On - 1000 Hz Polling Rate,neither,0.03781786467716525,0.33814216926935486,0.6240399660534798
"@NightCrawlerBRC, Yeh the other 4 did LUL",neither,0.038623688000920885,0.3152309649315671,0.646145347067512
I feel like I can touch you through the screen,neither,0.06321980109658489,0.3627182209794125,0.5740619779240027
Go back to 2 SENS,neither,0.05439715950130249,0.3302058261996958,0.6153970142990017
Thanks for subscribing with Prime Gibboverse shroudTilt,neither,0.023796193918851447,0.32351757895080435,0.6526862271303442
@shroud Whats up homie? Much love from Poland <3,neither,0.03275059686824491,0.3718903132072742,0.5953590899244808
"@shroud go back to old sens, you know you need to.",neither,0.10643401199746179,0.4221764373172015,0.4713895506853367
Join the new Curse server! https://curse.com/invite/Xv6nbZgd4kugsL2fxlg6NQ,neither,0.04082319323556661,0.27696135383134185,0.6822154529330917
@shroud Yaooooo it was a pleasure watching u guys play at Beyond !,neither,0.03776998689718561,0.35016332039858633,0.6120666927042281
play with s1mple,neither,0.0224239371025857,0.39477495987263056,0.5828011030247837
YOUR GAME WILL BE BACK,neither,0.08285374065325829,0.24384049318773787,0.6733057661590037
Welcome back robtobx (3 months) shroudKobe,neither,0.03945320844208391,0.33037608806864915,0.630170703489267
2 SENS,neither,0.03945320844208391,0.33037608806864915,0.630170703489267
Brax was amazing too so bad with the bann,neither,0.025779194955289023,0.39836002107850216,0.5758607839662089
go back to 2 sens,neither,0.05439715950130249,0.3302058261996958,0.6153970142990017
simple - faceit shroud - esea,neither,0.03945320844208391,0.33037608806864915,0.630170703489267
it was cool so see swag again,neither,0.034658351292953055,0.4284605607807217,0.5368810879263254
#FREEBRAX,neither,0.03945320844208391,0.33037608806864915,0.630170703489267
@shroud Wrong resolution?:O,neither,0.03945320844208391,0.33037608806864915,0.630170703489267
AYYY,neither,0.03945320844208391,0.33037608806864915,0.630170703489267
#freeBRAX,neither,0.03945320844208391,0.33037608806864915,0.630170703489267
whos that guy next to shroud?,neither,0.04060014399374968,0.38302007859881226,0.5763797774074381
!sens,neither,0.03945320844208391,0.33037608806864915,0.630170703489267
@shroud are you going to watch G2 apex 1v1 NBK? - who do you think will win?,neither,0.09938158200077793,0.39229010186171714,0.508328316137505
@golde1e DPI: 400 - Ingame : 2.4 - Windows: 6/11 - Raw-Input: On - 1000 Hz Polling Rate,neither,0.03781786467716525,0.33814216926935486,0.6240399660534798
sound is earlier than the movement or is it just me ?,neither,0.0394191469405832,0.3603849754938288,0.6001958775655881
Why did stewie fuckin play the matches like a pug... So aggressive,offensive_language,0.06753069664932,0.8197990179063216,0.11267028544435838
Shroud,neither,0.03945320844208391,0.33037608806864915,0.630170703489267
@Stvdy his twin,neither,0.07433049569008346,0.33199113295066474,0.5936783713592517
"It's dreamhack open Montreal, I want to meet you <3",neither,0.058025739296056644,0.3610513103411157,0.5809229503628277
GO BACK TO SENS 2,neither,0.05439715950130249,0.3302058261996958,0.6153970142990017
SHROUD I LOVE YOU,offensive_language,0.079837142191777,0.5038574454704381,0.4163054123377849
KennyS is that you?,offensive_language,0.11555166227198248,0.5480332132037015,0.336415124524316
my password is shityourpantsmate,neither,0.033962830148087673,0.42681110689149643,0.539226062960416
@shroud play with s1mple ?,neither,0.0224239371025857,0.39477495987263056,0.5828011030247837
what sens?,neither,0.057770773616808734,0.3180719994247239,0.6241572269584672
@Badass_seagull keyword potential he doesn't try hard enough to improve and unlock that potential,neither,0.037684130006770476,0.4344554182155727,0.5278604517776567
I miss Brax already BibleThump,neither,0.029499595107549542,0.3576117827012822,0.6128886221911682
shroud do you guys think you wouldve went deeper in the tournament with ska,neither,0.050709964371715155,0.39287067917644014,0.5564193564518447
@Stvdy his closest has mirror doors,neither,0.05837970292889042,0.3270896039940511,0.6145306930770584
what did u think of brax @shroud,neither,0.04792042091935202,0.31287208415912576,0.6392074949215223
!sens,neither,0.03945320844208391,0.33037608806864915,0.630170703489267
!trade,neither,0.03945320844208391,0.33037608806864915,0.630170703489267
GO BACK TO 2 SENS,neither,0.05439715950130249,0.3302058261996958,0.6153970142990017
I broke my right arm,neither,0.027656482711695043,0.4334918195644768,0.5388516977238282
She'll me,offensive_language,0.029857014829022394,0.5410768135048657,0.429066171666112
Efkaxd fuck off,offensive_language,0.23917139054341482,0.760828044063423,5.653931622883597e-07
Is he back to 2.1?,neither,0.08326420393365101,0.3127606294225202,0.6039751666438288
Thanks for subscribing with Prime Burrowski shroudPigeon,neither,0.023796193918851447,0.32351757895080435,0.6526862271303442
shroud sry about the loss against gambit bro,neither,0.038511860489582786,0.3182641542694963,0.643223985240921
"@Stvdy, lol it's a mirror :D",neither,0.02918830263254528,0.3965695032436116,0.574242194123843
brax and the other IBP should be unbanned,neither,0.05444436411462574,0.29911819118174715,0.6464374447036272
!crosshair,neither,0.03945320844208391,0.33037608806864915,0.630170703489267
"@charzzzzxd Size 5, gap 0, thickness 1.5, style 4, color light blue",neither,0.04030748238179283,0.330082264087537,0.6296102535306701
it has been too long,neither,0.03749648128054826,0.3320556239508986,0.6304478947685532
What is this?,neither,0.07282678549990032,0.31792604547631814,0.6092471690237815
@shroud Can you bring back brax BibleThump,neither,0.06532290439130341,0.39260318815764017,0.5420739074510565
"drinks coffee, still kills him",neither,0.046295635235586205,0.2142422480719625,0.7394621166924513
vac,neither,0.03945320844208391,0.33037608806864915,0.630170703489267
+,neither,0.03945320844208391,0.33037608806864915,0.630170703489267
coffee aimer xD,neither,0.05312950063699334,0.09825371724258368,0.848616782120423
"@ddosurmumslifesupport, ok LUL",neither,0.03940124662278849,0.33125801575163477,0.6293407376255769
#FreeBrax,neither,0.03945320844208391,0.33037608806864915,0.630170703489267
@whitefiash yes,neither,0.03945320844208391,0.33037608806864915,0.630170703489267
4/24/17 19:00 39 secs 3 mlsecs,neither,0.03945320844208391,0.33037608806864915,0.630170703489267
Sens,neither,0.03945320844208391,0.33037608806864915,0.630170703489267
CONSIDERING TO GO BACK TO 2 SENSITIVITY?,neither,0.055072177495107094,0.3261519566579201,0.6187758658469728
yee,neither,0.03945320844208391,0.33037608806864915,0.630170703489267
outlast 2 or riot SMOrc who's with me SMOrc,neither,0.02703298862006175,0.43396503581194934,0.5390019755679889
did you change your sens again??,neither,0.1032347143511812,0.4053163585594543,0.4914489270893644
sumE,neither,0.03945320844208391,0.33037608806864915,0.630170703489267
@shroud did you hear about the guy who was impersonating you on here? shroudy or something was his name,neither,0.11008206721378165,0.41498455020342645,0.474933382582792
whats his trade offer,neither,0.05991125135043614,0.33210763485059686,0.6079811137989669
coffee frag TehePelo,neither,0.05312950063699334,0.09825371724258368,0.848616782120423
play with s1mple,neither,0.0224239371025857,0.39477495987263056,0.5828011030247837
"@noupdatesneeded ik his stream is kinda that let back, but who doesnt love his stream",neither,0.05083379484710956,0.4038100318763207,0.5453561732765698
that coffee aim,neither,0.045195540270878055,0.20407131642627271,0.7507331433028491
"@ddosurmumslifesupport, hilarious name btw haHAA",neither,0.03945320844208391,0.33037608806864915,0.630170703489267
Brax,neither,0.03945320844208391,0.33037608806864915,0.630170703489267
!crosshair,neither,0.03945320844208391,0.33037608806864915,0.630170703489267
#kickshroud,neither,0.03945320844208391,0.33037608806864915,0.630170703489267
100% hes switching games soon Kappa,neither,0.03945320844208391,0.33037608806864915,0.630170703489267
Efkaxd that's for damn sure,offensive_language,0.03279133527120276,0.8789774895754698,0.08823117515332757
eee,neither,0.03945320844208391,0.33037608806864915,0.630170703489267
shroudW shroudMilk,neither,0.03945320844208391,0.33037608806864915,0.630170703489267
#FREEBRAX,neither,0.03945320844208391,0.33037608806864915,0.630170703489267
that coffee aim boys,neither,0.044578664528515284,0.21839059715867395,0.7370307383128109
!trade @jvnasty,neither,0.03945320844208391,0.33037608806864915,0.630170703489267
@@jvnasty You can send trade offers to him here: http://steamcommunity.com/tradeoffer/new/?partner=4515926&token=vFY2imwk,neither,0.07530344695099081,0.22568326202935007,0.6990132910196591
@shroud How would you feel about hiko on C9,neither,0.05138342701740803,0.4263818718948422,0.5222347010877498
!vac,neither,0.03945320844208391,0.33037608806864915,0.630170703489267
You do not know how many times I tweeted you to go back to this sens xD shroud,neither,0.08147366676650347,0.3999832861515021,0.5185430470819945
has just subscribed to Twitch!,neither,0.041542520374138796,0.34070606434530165,0.6177514152805594
#FREEBRAX,neither,0.03945320844208391,0.33037608806864915,0.630170703489267
"@shroud you've been getting a lot of hate recently especially during cs_summit, although this hate is unwarranted you can't really deny you haven't been playing as well as you did under sean's leadership. Do you think it was something sean did, the opportunities he gave you that made you so good? if so perhaps you could talk to autimatic about those things.",offensive_language,0.1530582877382502,0.463782285954817,0.3831594263069327
Wassup shroudddy,neither,0.33529425248498695,0.08556156890646638,0.5791441786085466
"@shroud, any pubg on the horizon?",neither,0.035888504851608154,0.3276558766465217,0.63645561850187
its just me or you just woke up? xD @Shroud,offensive_language,0.030072529605147946,0.4946829438998673,0.47524452649498466
shroudHype shroudHype,neither,0.03945320844208391,0.33037608806864915,0.630170703489267
Kickshroud,neither,0.03945320844208391,0.33037608806864915,0.630170703489267
!followage,neither,0.03945320844208391,0.33037608806864915,0.630170703489267
yesss,neither,0.03945320844208391,0.33037608806864915,0.630170703489267
yes,neither,0.03945320844208391,0.33037608806864915,0.630170703489267
Yes,neither,0.03945320844208391,0.33037608806864915,0.630170703489267
@WhiteFIash he just doesnt care lol,neither,0.0323051473001925,0.4028071856893504,0.5648876670104571
yeee,neither,0.03945320844208391,0.33037608806864915,0.630170703489267
yes,neither,0.03945320844208391,0.33037608806864915,0.630170703489267
yes,neither,0.03945320844208391,0.33037608806864915,0.630170703489267
is it normal to stutter alot when you are like 15,neither,0.09362351218706934,0.3728784384534977,0.533498049359433
nah too ez for u,neither,0.03375172380193376,0.3068711328399653,0.6593771433581008
yes,neither,0.03945320844208391,0.33037608806864915,0.630170703489267
!sens,neither,0.03945320844208391,0.33037608806864915,0.630170703489267
@superbromanstfu DPI: 400 - Ingame : 2.4 - Windows: 6/11 - Raw-Input: On - 1000 Hz Polling Rate,neither,0.03781786467716525,0.33814216926935486,0.6240399660534798
i dunno whatsit btw,neither,0.03945320844208391,0.33037608806864915,0.630170703489267
Ye,neither,0.03945320844208391,0.33037608806864915,0.630170703489267
!trade,neither,0.03945320844208391,0.33037608806864915,0.630170703489267
#Freevrax,neither,0.03945320844208391,0.33037608806864915,0.630170703489267
what is boomeo?,neither,0.08191733112755817,0.31109320414220176,0.6069894647302402
giveaway,neither,0.03945320844208391,0.33037608806864915,0.630170703489267
@leel0w45 it was playing support at summit tbh,neither,0.05869619265361207,0.34158199765877073,0.5997218096876172
shroudW,neither,0.03945320844208391,0.33037608806864915,0.630170703489267
It doesn't work,neither,0.037564902736655435,0.33102556299014185,0.6314095342732027
@shroud when are you going to update your config to download,neither,0.11748622516090057,0.36921201873306314,0.5133017561060363
shroud do you think you guys would have went deeper with ska,neither,0.05424195709310527,0.4297241364480863,0.5160339064588083
@shroud yea he basically recorded your stream and spammed some type of donate crap in the chat to try and scam people,neither,0.06540867468445948,0.2895546677323849,0.6450366575831555
GO BACK TO 2 SENS,neither,0.05439715950130249,0.3302058261996958,0.6153970142990017
"@Shroud, Notice me daddy!<3",neither,0.03211186785139805,0.3701835140332484,0.5977046181153535
!sens,neither,0.03945320844208391,0.33037608806864915,0.630170703489267
ok thanks for telling,neither,0.03213160700325152,0.28931836779882086,0.6785500251979275
!sub,neither,0.03945320844208391,0.33037608806864915,0.630170703489267
@goldpc doubt it,neither,0.037459284651233826,0.3310618898928993,0.6314788254558669
@xm4rcvisi0n Subscribe here https://secure.twitch.tv/products/meclipse/ticket?ref=in_chat_subscriber_link,neither,0.06283698991218,0.3096097700840702,0.6275532400037498
"@Catalynxx, no but you can get speech therapy",neither,0.048273059902785805,0.3925511013674105,0.5591758387298036
!trade,neither,0.03945320844208391,0.33037608806864915,0.630170703489267
EBOLA,neither,0.03945320844208391,0.33037608806864915,0.630170703489267
You just worked up,offensive_language,0.04920389165083167,0.4906967041001319,0.4600994042490364
when i wake up it takes me 3 hours to get out of bed LUL,neither,0.02839874486719866,0.42339877081527755,0.5482024843175237
Bless you @Shroud,neither,0.06637703555667432,0.4035321832267536,0.5300907812165722
bless you,neither,0.06637703555667432,0.4035321832267536,0.5300907812165722
bless u,neither,0.03945320844208391,0.33037608806864915,0.630170703489267
bless your heart,neither,0.07558684239664795,0.32032436508127066,0.6040887925220815
EBOLA,neither,0.03945320844208391,0.33037608806864915,0.630170703489267
bless u,neither,0.03945320844208391,0.33037608806864915,0.630170703489267
"@shroud, any pubg on the horizon?",neither,0.035888504851608154,0.3276558766465217,0.63645561850187
yo sick event @shroud really well played,neither,0.039541281102473,0.382542596832034,0.5779161220654929
@shroud sub 10mans so i can sub?,neither,0.03962228438109957,0.35935437396763736,0.6010233416512629
!crosshair,neither,0.03945320844208391,0.33037608806864915,0.630170703489267
"@zinqcs Size 5, gap 0, thickness 1.5, style 4, color light blue",neither,0.04030748238179283,0.330082264087537,0.6296102535306701
bless you,neither,0.06637703555667432,0.4035321832267536,0.5300907812165722
bless u,neither,0.03945320844208391,0.33037608806864915,0.630170703489267
TriHard ?,neither,0.03945320844208391,0.33037608806864915,0.630170703489267
bless you,neither,0.06637703555667432,0.4035321832267536,0.5300907812165722
bless you,neither,0.06637703555667432,0.4035321832267536,0.5300907812165722
bless u,neither,0.03945320844208391,0.33037608806864915,0.630170703489267
