text,top_class,hate_speech,offensive_language,neither
shroudW shroudMilk,neither,0.03945320844208391,0.33037608806864915,0.630170703489267
sdasd,neither,0.03945320844208391,0.33037608806864915,0.630170703489267
1,neither,0.03945320844208391,0.33037608806864915,0.630170703489267
2,neither,0.03945320844208391,0.33037608806864915,0.630170703489267
shroudAFK,neither,0.03945320844208391,0.33037608806864915,0.630170703489267
!crosshair,neither,0.03945320844208391,0.33037608806864915,0.630170703489267
"@xixproxassassin Size 3.5, gap -2, thickness 1.5 and color 4",neither,0.03989655270801228,0.2968699184788442,0.6632335288131436
yo,offensive_language,0.04010381111145228,0.5271105317972344,0.4327856570913131
Pogchamp,neither,0.03945320844208391,0.33037608806864915,0.630170703489267
ey new video,neither,0.0473421392498602,0.1670953961998557,0.785562464550284
i was first ha,neither,0.030929897630355915,0.3357978190507596,0.6332722833188845
hi sir,neither,0.03945320844208391,0.33037608806864915,0.630170703489267
shroudHype,neither,0.03945320844208391,0.33037608806864915,0.630170703489267
!uptime,neither,0.03945320844208391,0.33037608806864915,0.630170703489267
@gubblethrump Channel shroud is not live!,neither,0.05158998041372838,0.33065313973924526,0.6177568798470263
HELLO,neither,0.03945320844208391,0.33037608806864915,0.630170703489267
i'm already wathcing @Stun_Empire dont spoil it,neither,0.03705360323243344,0.34846539016397926,0.6144810066035872
dad??,neither,0.03945320844208391,0.33037608806864915,0.630170703489267
First,neither,0.02604892428726219,0.3349864360510187,0.6389646396617191
Hey,neither,0.03945320844208391,0.33037608806864915,0.630170703489267
Hello shroudi,neither,0.03945320844208391,0.33037608806864915,0.630170703489267
yo,offensive_language,0.04010381111145228,0.5271105317972344,0.4327856570913131
yo,offensive_language,0.04010381111145228,0.5271105317972344,0.4327856570913131
ayyyyy,neither,0.03945320844208391,0.33037608806864915,0.630170703489267
Sup,neither,0.03945320844208391,0.33037608806864915,0.630170703489267
PogChamp,neither,0.03945320844208391,0.33037608806864915,0.630170703489267
? Why,neither,0.016768318525353994,0.3685911158159394,0.6146405656587067
VoHiYo,neither,0.03945320844208391,0.33037608806864915,0.630170703489267
Hey shroody,neither,0.03945320844208391,0.33037608806864915,0.630170703489267
😚,neither,0.03945320844208391,0.33037608806864915,0.630170703489267
A shroud a day keeps the doctor away,neither,0.04025090667372563,0.2843043327029206,0.6754447606233539
ayy,neither,0.03945320844208391,0.33037608806864915,0.630170703489267
1st,neither,0.03945320844208391,0.33037608806864915,0.630170703489267
shroudC9 shroudC9 shroudC9 shroudC9,neither,0.03945320844208391,0.33037608806864915,0.630170703489267
Hey dad,neither,0.03945320844208391,0.33037608806864915,0.630170703489267
yesssss,neither,0.03945320844208391,0.33037608806864915,0.630170703489267
Hello,neither,0.03945320844208391,0.33037608806864915,0.630170703489267
Have u seen loop_,neither,0.03856439122892248,0.345461635804083,0.6159739729669945
my peenie iws woke and it's time to stroke,neither,0.03202786010910517,0.3797182139917483,0.5882539258991466
SHROUDY,neither,0.03945320844208391,0.33037608806864915,0.630170703489267
suh HeyGuys,neither,0.03945320844208391,0.33037608806864915,0.630170703489267
@myth1c_ true,neither,0.03945320844208391,0.33037608806864915,0.630170703489267
Hi,neither,0.03945320844208391,0.33037608806864915,0.630170703489267
Oh boy,neither,0.04768565599480007,0.25364348607606696,0.698670857929133
hey,neither,0.03945320844208391,0.33037608806864915,0.630170703489267
shroudW,neither,0.03945320844208391,0.33037608806864915,0.630170703489267
Hey boi,neither,0.03945320844208391,0.33037608806864915,0.630170703489267
ayyyyy,neither,0.03945320844208391,0.33037608806864915,0.630170703489267
hey,neither,0.03945320844208391,0.33037608806864915,0.630170703489267
Thanks shroud now i am not gonna sleep,neither,0.035291608580772287,0.35920541718701265,0.605502974232215
yo,offensive_language,0.04010381111145228,0.5271105317972344,0.4327856570913131
jasonrCCS,neither,0.03945320844208391,0.33037608806864915,0.630170703489267
❤️,neither,0.03945320844208391,0.33037608806864915,0.630170703489267
is this wiggles dubstep?,neither,0.048827387017930185,0.3289095995902385,0.6222630133918313
Shrouuud,neither,0.03945320844208391,0.33037608806864915,0.630170703489267
SHRUUUD DAD,neither,0.03945320844208391,0.33037608806864915,0.630170703489267
Hello everybody,neither,0.03945320844208391,0.33037608806864915,0.630170703489267
cs,neither,0.03945320844208391,0.33037608806864915,0.630170703489267
"inb4 shroud wastes all his money on cs, oh wait its too late",neither,0.05165748079497829,0.3563545750357346,0.5919879441692871
@shroud hey keep it up kid you got this,offensive_language,0.048382357879882015,0.48494308842838824,0.4666745536917298
hello,neither,0.03945320844208391,0.33037608806864915,0.630170703489267
Its 00:25 rn,neither,0.0345984901639396,0.3320458483005347,0.6333556615355257
srud,neither,0.03945320844208391,0.33037608806864915,0.630170703489267
@shroud hey daddy,neither,0.03945320844208391,0.33037608806864915,0.630170703489267
cmonBruh cmonBruh,neither,0.03945320844208391,0.33037608806864915,0.630170703489267
@kicker_united,neither,0.03945320844208391,0.33037608806864915,0.630170703489267
KappaPride KappaPride KappaPride KappaPride,neither,0.03945320844208391,0.33037608806864915,0.630170703489267
Goodnight everyone,neither,0.03284905976900505,0.44246572650540894,0.524685213725586
yeh juckin eu compared to na,neither,0.04627316620132853,0.32639304417382126,0.6273337896248502
@shroud <3,neither,0.03945320844208391,0.33037608806864915,0.630170703489267
Hia,neither,0.03945320844208391,0.33037608806864915,0.630170703489267
hi mike,neither,0.03945320844208391,0.33037608806864915,0.630170703489267
GN,neither,0.03945320844208391,0.33037608806864915,0.630170703489267
yo,offensive_language,0.04010381111145228,0.5271105317972344,0.4327856570913131
Wtf is streaming CS?,offensive_language,0.04804224880551879,0.5077764828540766,0.44418126834040456
@HorridSUPERSTAR 4 real came here to get some sleep,neither,0.06625526674610807,0.42212945816417835,0.5116152750897135
@shroud i believe in YOU,neither,0.07116565364203557,0.41510669066816713,0.5137276556897973
its shrouds 23rd bday HAPPY BDAY SHROUD!!,neither,0.03522901029500681,0.3318289835145802,0.632942006190413
Join the new Curse server! https://curse.com/invite/Xv6nbZgd4kugsL2fxlg6NQ,neither,0.04082319323556661,0.27696135383134185,0.6822154529330917
!launchoptions,neither,0.03945320844208391,0.33037608806864915,0.630170703489267
hello shruuuuud,neither,0.03945320844208391,0.33037608806864915,0.630170703489267
tnx shroud for not letting me sleep,neither,0.026406177689311004,0.34378920699282345,0.6298046153178655
@Shroud thanks for playing CS. I am getting sick of PUBG.,neither,0.031805218234330114,0.3462071758137955,0.6219876059518744
When's next c9 match,neither,0.028233049548440428,0.3980096146725958,0.5737573357789638
hey guys,neither,0.03929207127355727,0.33311100635304525,0.6275969223733975
happy bday,neither,0.03945320844208391,0.33037608806864915,0.630170703489267
rank s?,neither,0.03945320844208391,0.33037608806864915,0.630170703489267
Haooy Birthday,neither,0.03945320844208391,0.33037608806864915,0.630170703489267
HAPPY BIRTHDAY,neither,0.03945320844208391,0.33037608806864915,0.630170703489267
HAPPY BIRTHDAY SHROODDD,neither,0.03945320844208391,0.33037608806864915,0.630170703489267
"Hey papa, rock medley pls <3",neither,0.03945320844208391,0.33037608806864915,0.630170703489267
And i have school at 8:30,neither,0.03726384737096825,0.3223172185692428,0.6404189340597891
yeah,offensive_language,0.013968601452186464,0.5182923869769311,0.4677390115708824
shroud stop fapping and start+,neither,0.03797396959706041,0.37576691470238205,0.5862591157005576
sup old man,neither,0.039600943869587825,0.39949219221863236,0.5609068639117799
!launch,neither,0.03945320844208391,0.33037608806864915,0.630170703489267
PogChamp,neither,0.03945320844208391,0.33037608806864915,0.630170703489267
"@zyddet -novid, -high, -tickrate 128 , freq 144 (only on LAN)",neither,0.03483966744836572,0.4018274542164626,0.5633328783351716
We in here. :D,neither,0.13991764068711082,0.2651764694668101,0.5949058898460792
Hahah yeah for real @itsfungus,neither,0.017419625639884875,0.49104168969605055,0.4915386846640646
shr00000d,neither,0.03945320844208391,0.33037608806864915,0.630170703489267
BigPhish BigPhish BigPhish BigPhish BigPhish BigPhish BigPhish BigPhish BigPhish BigPhish,neither,0.03945320844208391,0.33037608806864915,0.630170703489267
i Love you,offensive_language,0.079837142191777,0.5038574454704381,0.4163054123377849
OSsloth OSsloth OSsloth OSsloth OSsloth OSsloth,neither,0.03945320844208391,0.33037608806864915,0.630170703489267
Feliz Cumpleaños,neither,0.03945320844208391,0.33037608806864915,0.630170703489267
SwiftRage SwiftRage,neither,0.03945320844208391,0.33037608806864915,0.630170703489267
FishMoley,neither,0.03945320844208391,0.33037608806864915,0.630170703489267
HB MIKEYYY <3 <3 <3,neither,0.03945320844208391,0.33037608806864915,0.630170703489267
adrenO adrenO,neither,0.03945320844208391,0.33037608806864915,0.630170703489267
CarlSmile CarlSmile CarlSmile CarlSmile,neither,0.03945320844208391,0.33037608806864915,0.630170703489267
Yo shraed,offensive_language,0.04010381111145228,0.5271105317972344,0.4327856570913131
alien,neither,0.03945320844208391,0.33037608806864915,0.630170703489267
HBD,neither,0.03945320844208391,0.33037608806864915,0.630170703489267
!mouse,neither,0.03945320844208391,0.33037608806864915,0.630170703489267
isn't his birthday june 2nd,neither,0.058273882907058046,0.3320640927323808,0.6096620243605612
Happy birthday shroud!,neither,0.03945320844208391,0.33037608806864915,0.630170703489267
TehePelo PunOko KonCha TearGlove,neither,0.03945320844208391,0.33037608806864915,0.630170703489267
admiralW,neither,0.03945320844208391,0.33037608806864915,0.630170703489267
im confused,neither,0.038276236261443435,0.37500784111753377,0.5867159226210228
Is shoodle or Shoud,neither,0.05995422757372493,0.3233248475026931,0.616720924923582
ROFL,neither,0.03945320844208391,0.33037608806864915,0.630170703489267
pubg pls,neither,0.03945320844208391,0.33037608806864915,0.630170703489267
Kappa,neither,0.03945320844208391,0.33037608806864915,0.630170703489267
shroud start talking so i can get some sleep mang,neither,0.031675740385877164,0.39007626717195426,0.5782479924421686
hue,neither,0.03945320844208391,0.33037608806864915,0.630170703489267
Why does everything happens twice,neither,0.0321142055279319,0.4415961109126992,0.5262896835593689
wait its my birthday??,neither,0.022858815223769167,0.4254960560317295,0.5516451287445013
ya,offensive_language,0.017331157930923866,0.7872544665869478,0.19541437548212848
LEL,neither,0.03945320844208391,0.33037608806864915,0.630170703489267
OMG HAPPY BIRTHDAY TO ME,neither,0.03797632597122478,0.3666551099156684,0.5953685641131068
apparently,neither,0.03945320844208391,0.33037608806864915,0.630170703489267
yo anyone else eating mac n cheese bruh,neither,0.03953200177300234,0.3785781222579226,0.581889875969075
hahaha,neither,0.03945320844208391,0.33037608806864915,0.630170703489267
yes,neither,0.03945320844208391,0.33037608806864915,0.630170703489267
yep happy birthday,neither,0.03945320844208391,0.33037608806864915,0.630170703489267
😂😂😂,neither,0.03945320844208391,0.33037608806864915,0.630170703489267
shroudeee,neither,0.03945320844208391,0.33037608806864915,0.630170703489267
Shroud birthday June 2,neither,0.03945320844208391,0.33037608806864915,0.630170703489267
FeelsBirthdayMan,neither,0.03945320844208391,0.33037608806864915,0.630170703489267
hue hue,neither,0.03945320844208391,0.33037608806864915,0.630170703489267
lol isn't shrouds birthday in june,neither,0.033075774687067225,0.3758430453647937,0.5910811799481391
XD,neither,0.03945320844208391,0.33037608806864915,0.630170703489267
hb fam,neither,0.03945320844208391,0.33037608806864915,0.630170703489267
FeelsBirthdayMan,neither,0.03945320844208391,0.33037608806864915,0.630170703489267
@shroud this guy forgets his own bday FailFish,neither,0.08432526063579561,0.3295013732286573,0.586173366135547
FeelsBirthdayMan,neither,0.03945320844208391,0.33037608806864915,0.630170703489267
Happy bday🎉❤️😂,neither,0.03945320844208391,0.33037608806864915,0.630170703489267
FeelsBirthdayMan,neither,0.03945320844208391,0.33037608806864915,0.630170703489267
RLLY?,neither,0.03945320844208391,0.33037608806864915,0.630170703489267
Kappa,neither,0.03945320844208391,0.33037608806864915,0.630170703489267
KING'S BIRTHDAY,neither,0.03945320844208391,0.33037608806864915,0.630170703489267
@shroud BG custom games today??,neither,0.038101606217348954,0.30963635535760187,0.6522620384250492
Hahaha happy birthday,neither,0.03945320844208391,0.33037608806864915,0.630170703489267
HBD,neither,0.03945320844208391,0.33037608806864915,0.630170703489267
FeelsBirthdayMan,neither,0.03945320844208391,0.33037608806864915,0.630170703489267
@hnlbot how do I join the server,neither,0.04005526623106433,0.31157156873170816,0.6483731650372276
hey @shroud,neither,0.03945320844208391,0.33037608806864915,0.630170703489267
sup boiz,neither,0.03945320844208391,0.33037608806864915,0.630170703489267
sup stream,neither,0.03945320844208391,0.33037608806864915,0.630170703489267
!crosshair,neither,0.03945320844208391,0.33037608806864915,0.630170703489267
"@4chandotorgmemes Size 3.5, gap -2, thickness 1.5 and color 4",neither,0.03989655270801228,0.2968699184788442,0.6632335288131436
Happy Birthday,neither,0.03945320844208391,0.33037608806864915,0.630170703489267
well its my birhtday,neither,0.019222052180000136,0.4529919816063537,0.5277859662136463
oi oii,neither,0.03945320844208391,0.33037608806864915,0.630170703489267
HAPPY BIRTHDAY SHROUDY,neither,0.03945320844208391,0.33037608806864915,0.630170703489267
Shroud spank me dad KappaPride,neither,0.032306574687702996,0.3690559093400519,0.598637515972245
happy cindo de mayo all of you illegal immigrants!,neither,0.05093372802315907,0.407855005156052,0.5412112668207888
dad,neither,0.03945320844208391,0.33037608806864915,0.630170703489267
I turned 12 yay,neither,0.03945320844208391,0.33037608806864915,0.630170703489267
@extek111 Happy bday❤️🎉,neither,0.03945320844208391,0.33037608806864915,0.630170703489267
@shroud hi Shroud,neither,0.03945320844208391,0.33037608806864915,0.630170703489267
Happy bday extek,neither,0.03945320844208391,0.33037608806864915,0.630170703489267
Shroud happy moms day Kappa,neither,0.03986193953260223,0.3183226626071376,0.6418153978602603
shroud! finally! now i can go to bed <3,neither,0.047539051234819225,0.32594948804485674,0.6265114607203239
!viewmodel,neither,0.03945320844208391,0.33037608806864915,0.630170703489267
heyy,neither,0.03945320844208391,0.33037608806864915,0.630170703489267
i know i,neither,0.03945320844208391,0.33037608806864915,0.630170703489267
Happy Birthday Shroud,neither,0.03945320844208391,0.33037608806864915,0.630170703489267
i thought i had the same bday as shroudy,neither,0.04053454303842452,0.2646357458154176,0.6948297111461579
!trade,neither,0.03945320844208391,0.33037608806864915,0.630170703489267
@pro3riller You can send trade offers to him here: http://steamcommunity.com/tradeoffer/new/?partner=4515926&token=vFY2imwk,neither,0.07530344695099081,0.22568326202935007,0.6990132910196591
what is going on guys mcskillet here with another cs go video,neither,0.11865984191513698,0.24371385844508675,0.6376262996397762
!viewmodel,neither,0.03945320844208391,0.33037608806864915,0.630170703489267
Hi dad,neither,0.03945320844208391,0.33037608806864915,0.630170703489267
Hi Dad,neither,0.03945320844208391,0.33037608806864915,0.630170703489267
@shroud you hit 900k followers,neither,0.06351373361691788,0.3964120717659076,0.5400741946171745
narcissist MiniK,neither,0.03945320844208391,0.33037608806864915,0.630170703489267
Congrats on 900k followers bro,neither,0.03682114230271923,0.3429941468592727,0.6201847108380082
happyB :D xex,neither,0.03945320844208391,0.33037608806864915,0.630170703489267
i hear the guy who makes those videos is super hot,neither,0.061365530112279076,0.315567529779232,0.623066940108489
Happy Birthday dad,neither,0.03945320844208391,0.33037608806864915,0.630170703489267
@shroud how is zelda dude??,neither,0.047194094607376405,0.3277136423534059,0.6250922630392177
hi reddit,neither,0.03945320844208391,0.33037608806864915,0.630170703489267
!viewmodel,neither,0.03945320844208391,0.33037608806864915,0.630170703489267
Papa mike <3,neither,0.03945320844208391,0.33037608806864915,0.630170703489267
@Stun_Empire lol,neither,0.020706217963973744,0.4882283491876925,0.4910654328483337
@hnlBot why isn't the trade url working,neither,0.030925356359130986,0.32963023807880293,0.6394444055620659
9000000000K,neither,0.03945320844208391,0.33037608806864915,0.630170703489267
faker's birthday PogChamp,neither,0.03945320844208391,0.33037608806864915,0.630170703489267
love u @shroud,neither,0.03217296676969875,0.3657703709031763,0.602056662327125
June 2nd FeelsBirthdayMan,neither,0.03945320844208391,0.33037608806864915,0.630170703489267
ćao mama,neither,0.03945320844208391,0.33037608806864915,0.630170703489267
seagSG,neither,0.03945320844208391,0.33037608806864915,0.630170703489267
I LOVE SHROUD,neither,0.03217296676969875,0.3657703709031763,0.602056662327125
lol,neither,0.020706217963973744,0.4882283491876925,0.4910654328483337
HAPPY GURTTHDAY,neither,0.03945320844208391,0.33037608806864915,0.630170703489267
JUNE 02 IS HIS BDAY,neither,0.06570630152663673,0.3292091131913475,0.6050845852820157
Merry Christmas!!!,neither,0.03945320844208391,0.33037608806864915,0.630170703489267
Lol,neither,0.020706217963973744,0.4882283491876925,0.4910654328483337
LUL,neither,0.03945320844208391,0.33037608806864915,0.630170703489267
HAPPY BIRTHDAY,neither,0.03945320844208391,0.33037608806864915,0.630170703489267
My birthday is in 10 days :D,neither,0.03480476546991754,0.411664391714464,0.5535308428156184
BibleThump,neither,0.03945320844208391,0.33037608806864915,0.630170703489267
@shroud FRAME OF MIKE PLEASE,neither,0.03945320844208391,0.33037608806864915,0.630170703489267
yoooooo shroud,neither,0.03945320844208391,0.33037608806864915,0.630170703489267
scammed,neither,0.03945320844208391,0.33037608806864915,0.630170703489267
🎁🎁🎁,neither,0.03945320844208391,0.33037608806864915,0.630170703489267
Happy Hannukah!,neither,0.03945320844208391,0.33037608806864915,0.630170703489267
feels good to get the GE back,neither,0.0431249237601374,0.32133356489019127,0.6355415113496713
Song ??,neither,0.038601720699969956,0.3448280572582511,0.616570222041779
mine's june 1st... beat you by one day,neither,0.05163556486697239,0.41188580448057927,0.5364786306524483
is june 2nd right?,neither,0.045510089180405465,0.34372650032876684,0.6107634104908277
🎈🎈🎉🎉🎉,neither,0.03945320844208391,0.33037608806864915,0.630170703489267
Happy bday,neither,0.03945320844208391,0.33037608806864915,0.630170703489267
Mine is the 31st,neither,0.05102894735586653,0.30229710488393197,0.6466739477602015
@shroud you see sneaky got a 24 hour ban? lol,neither,0.04287505113798486,0.43406057580445917,0.5230643730575559
HAPPY NEW YEAR BITCH,offensive_language,0.005666121586748226,0.9943312363729717,2.6420402800470928e-06
Of May,neither,0.04177209542804838,0.2910185241040439,0.6672093804679079
Jew,hate_speech,0.5441455347060039,0.06996699634540168,0.38588746894859444
Yay to 23,neither,0.04591478591734019,0.32659622878842154,0.6274889852942382
happy national bj day,neither,0.03985294687844224,0.3185887759826032,0.6415582771389545
im 10 and i play minecraft,neither,0.03754266381645964,0.320818087528083,0.6416392486554574
shroudPalm,neither,0.03945320844208391,0.33037608806864915,0.630170703489267
@rnb__ we both did OSsloth,neither,0.03925492388945839,0.3337414944081505,0.6270035817023911
how old are you packing,neither,0.08830373271165894,0.327323728785236,0.584372538503105
It's fake shroud dewG,neither,0.03703586468255562,0.33120752343630555,0.6317566118811389
Happy fake bday Shroud! U da bust MingLee Kappa,neither,0.06028670783583222,0.4076973021197294,0.5320159900444383
you're a year older than me tho,neither,0.058036502968851926,0.3960854994451636,0.5458779975859844
HAPPY SHROOD DAY .,neither,0.04023417877537722,0.3072658275026805,0.6524999937219423
hey shroud shroudW shroudMilk,neither,0.03945320844208391,0.33037608806864915,0.630170703489267
Hi from Portugal!,neither,0.04042618578566652,0.3138621232795296,0.6457116909348039
@Be_Zx im 35 and i play minecraft,neither,0.03773260404713891,0.3217370359491964,0.6405303600036647
Shroooood,neither,0.03945320844208391,0.33037608806864915,0.630170703489267
may the force be with you,neither,0.04274548977092385,0.3771460190965722,0.580108491132504
Hello,neither,0.03945320844208391,0.33037608806864915,0.630170703489267
dad?,neither,0.03945320844208391,0.33037608806864915,0.630170703489267
Stew?,neither,0.03945320844208391,0.33037608806864915,0.630170703489267
lol,neither,0.020706217963973744,0.4882283491876925,0.4910654328483337
Hi,neither,0.03945320844208391,0.33037608806864915,0.630170703489267
Shroudie,neither,0.03945320844208391,0.33037608806864915,0.630170703489267
xD,neither,0.03945320844208391,0.33037608806864915,0.630170703489267
It's m,neither,0.034373745257138544,0.33212314837979673,0.6335031063630647
@harri1950 what happen LOL,neither,0.03571695094283225,0.39492773103701245,0.5693553180201553
steww,neither,0.03945320844208391,0.33037608806864915,0.630170703489267
Shroud What does ur mok think about Proffesional Gaming?,neither,0.04641096766265739,0.43726019396420857,0.5163288383731339
Lol,neither,0.020706217963973744,0.4882283491876925,0.4910654328483337
1,neither,0.03945320844208391,0.33037608806864915,0.630170703489267
stewie?,neither,0.03945320844208391,0.33037608806864915,0.630170703489267
shroood <3,neither,0.03945320844208391,0.33037608806864915,0.630170703489267
WE LOVE YOU SHROUD,neither,0.0667431826429772,0.4602730207261189,0.47298379663090395
Stew?,neither,0.03945320844208391,0.33037608806864915,0.630170703489267
Join the new Curse server! https://curse.com/invite/Xv6nbZgd4kugsL2fxlg6NQ,neither,0.04082319323556661,0.27696135383134185,0.6822154529330917
really ? what res ?,neither,0.05052640029700388,0.3226764404885144,0.6267971592144818
Stew racist confirmed???? PogChamp,hate_speech,0.5392749271314909,0.07461398645134719,0.38611108641716185
STEWIE!,neither,0.03945320844208391,0.33037608806864915,0.630170703489267
B==D,neither,0.03945320844208391,0.33037608806864915,0.630170703489267
How,neither,0.03945320844208391,0.33037608806864915,0.630170703489267
Rice guy!! Hi HeyGuys,neither,0.0434666417051966,0.2622576513674596,0.6942757069273437
@Assist_tv played an offensive filthy frank song apparently lol,neither,0.03465521059005634,0.36467917628153484,0.6006656131284088
hi from dubai ❤,neither,0.04094187055022747,0.3051096069949388,0.6539485224548338
shroud on 1024 stretched would be nuuuuuts,neither,0.034276011509244045,0.35110870324902826,0.6146152852417277
WHAT RES STEWIE,neither,0.045915666119560924,0.3257693565681219,0.6283149773123172
"Shroud. I'm the Brax fanboy again, hi. Invite Brax whatever you do :D",neither,0.05064122213770297,0.37576687221898414,0.573591905643313
yessss,neither,0.03945320844208391,0.33037608806864915,0.630170703489267
!res,neither,0.03945320844208391,0.33037608806864915,0.630170703489267
@ed154 He plays at 1920x1080 - 16:9,neither,0.043882046932993087,0.3516997489148195,0.6044182041521874
hey shroud,neither,0.03945320844208391,0.33037608806864915,0.630170703489267
jasonr1 jasonr1 jasonr3 jasonr4,neither,0.03945320844208391,0.33037608806864915,0.630170703489267
@shroud you can't stream zelda?,neither,0.05390060628211682,0.3664085403180987,0.5796908533997845
new res PogChamp,neither,0.04660400397451208,0.1401930676750457,0.8132029283504423
"@itsfungus lets play on hypixel , what is your nickname ? Kappa",neither,0.06864846274621153,0.3371212160733313,0.5942303211804572
STREAM ZELDER !!!!!!,neither,0.03945320844208391,0.33037608806864915,0.630170703489267
STREAM IT BibleThump,neither,0.03772653554390317,0.33096997005595963,0.6313034944001372
Heyy @shroud any PUBG tonight?,neither,0.037019806919874526,0.3099990970113062,0.6529810960688193
why cs ? playeruknown now,neither,0.028504392248102486,0.34589737308338764,0.6255982346685098
STEWIE RES?,neither,0.03945320844208391,0.33037608806864915,0.630170703489267
!uptime,neither,0.03945320844208391,0.33037608806864915,0.630170703489267
@shroud What does Ur mom think About Professional Gaming,neither,0.044761686075019555,0.4182605303512819,0.5369777835736986
16:10 DEFINATLY,neither,0.03945320844208391,0.33037608806864915,0.630170703489267
720p DansGame,neither,0.03945320844208391,0.33037608806864915,0.630170703489267
@Be_Zx im banned from hypixel cause my name is offensive its assfungus,neither,0.03118279250190253,0.420555029400012,0.5482621780980855
Welcome back shorple (8 months) shroudSellout,neither,0.03945320844208391,0.33037608806864915,0.630170703489267
Me,neither,0.018491955366437673,0.460246435692358,0.5212616089412043
lol,neither,0.020706217963973744,0.4882283491876925,0.4910654328483337
Me,neither,0.018491955366437673,0.460246435692358,0.5212616089412043
"yea, none",neither,0.03919696851725499,0.33472514832591105,0.626077883156834
"@shroud dude we wanna see zelda, that game is awesome",neither,0.041448042943203894,0.3297519511913274,0.6288000058654687
All of us,neither,0.13190804802476738,0.43106512082578397,0.4370268311494485
Hi shroudie,neither,0.03945320844208391,0.33037608806864915,0.630170703489267
US,neither,0.16231652794574625,0.30086888815671975,0.5368145838975339
VoteYea or VoteNay Watch Zelda?,neither,0.044914582697964084,0.3284976710274448,0.6265877462745911
me,neither,0.018491955366437673,0.460246435692358,0.5212616089412043
!crosshair,neither,0.03945320844208391,0.33037608806864915,0.630170703489267
"@killermillerrr Size 3.5, gap -2, thickness 1.5 and color 4",neither,0.03989655270801228,0.2968699184788442,0.6632335288131436
!res,neither,0.03945320844208391,0.33037608806864915,0.630170703489267
Yea,neither,0.03908133164861177,0.3366878077749653,0.624230860576423
MEEEEE,neither,0.03945320844208391,0.33037608806864915,0.630170703489267
we'd watch you stream anything daddy,neither,0.05799296515725396,0.3675350887383927,0.5744719461043534
VoteYea,neither,0.03945320844208391,0.33037608806864915,0.630170703489267
every one,neither,0.03793799131502683,0.38595718189369205,0.5761048267912812
like 6k people @shroud,neither,0.18789054164264693,0.3364884223628392,0.47562103599451394
VoteYea,neither,0.03945320844208391,0.33037608806864915,0.630170703489267
VoteNay,neither,0.03945320844208391,0.33037608806864915,0.630170703489267
VoteNay,neither,0.03945320844208391,0.33037608806864915,0.630170703489267
!song,neither,0.038601720699969956,0.3448280572582511,0.616570222041779
VoteYea VoteYea VoteYea,neither,0.03945320844208391,0.33037608806864915,0.630170703489267
1080p stream?,neither,0.03945320844208391,0.33037608806864915,0.630170703489267
Welcome back DylsterZ (15 months) shroudC,neither,0.03945320844208391,0.33037608806864915,0.630170703489267
666 viewer wtf,offensive_language,0.04231805002032073,0.5786253524025317,0.3790565975771476
VoteYea,neither,0.03945320844208391,0.33037608806864915,0.630170703489267
NO 900P REEEEEEEE,neither,0.036918905254960256,0.37338982715841207,0.5896912675866277
Yayy!,neither,0.03945320844208391,0.33037608806864915,0.630170703489267
hiii shroudie <3,neither,0.03945320844208391,0.33037608806864915,0.630170703489267
whats the song bro ? @shroud,neither,0.038153034127795575,0.3217628592648775,0.640084106607327
@shroud play with loop,neither,0.02863858859737866,0.3681290062736026,0.6032324051290187
!commands,neither,0.03945320844208391,0.33037608806864915,0.630170703489267
holy fuck that dono scared the fuck outta me i thought i forgot about mothers day,offensive_language,0.1580692365083502,0.8412598616860838,0.0006709018055660128
!ress,neither,0.03945320844208391,0.33037608806864915,0.630170703489267
@shroud What does Ur mom think About Professional Gaming,neither,0.044761686075019555,0.4182605303512819,0.5369777835736986
@shroud\,neither,0.03945320844208391,0.33037608806864915,0.630170703489267
PogChamp PUBG SQUAD ????,neither,0.03945320844208391,0.33037608806864915,0.630170703489267
WHAT RES STEWIE?,neither,0.045915666119560924,0.3257693565681219,0.6283149773123172
I love pubg,neither,0.03217296676969875,0.3657703709031763,0.602056662327125
i thought u had practice against sk ha ha,neither,0.04234312452366397,0.25318263869843743,0.7044742367778986
@shroud di u watch misfits beat navi?,neither,0.04369876801233899,0.3289158454497463,0.6273853865379148
!res,neither,0.03945320844208391,0.33037608806864915,0.630170703489267
@shroud Why you start streaming so late >< I need to sleep now,neither,0.04532858727816986,0.4030019901569825,0.5516694225648475
@himzzzz He plays at 1920x1080 - 16:9,neither,0.043882046932993087,0.3516997489148195,0.6044182041521874
Thanks for subscribing with Prime Shareal0325 shroudHype,neither,0.023796193918851447,0.32351757895080435,0.6526862271303442
!uptime,neither,0.03945320844208391,0.33037608806864915,0.630170703489267
hey shroud and chat pvpPraise,neither,0.038589712668144205,0.2862141593850597,0.6751961279467961
Summit?,neither,0.03945320844208391,0.33037608806864915,0.630170703489267
!crosshair,neither,0.03945320844208391,0.33037608806864915,0.630170703489267
Welcome back TheFancyViking (6 months) shroudW,neither,0.03945320844208391,0.33037608806864915,0.630170703489267
@shroud pubg now!,neither,0.03945320844208391,0.33037608806864915,0.630170703489267
hey mutzel,neither,0.03945320844208391,0.33037608806864915,0.630170703489267
@shroud as long as the streamer is enjoying the game people will watch.,neither,0.06531010926465944,0.30609037013451007,0.6285995206008304
Make custom squad-game on PUBG ! <3,neither,0.03586076174269501,0.30064368092230037,0.6634955573350048
i bet stew is really clingy with justin ;),neither,0.035989882306880654,0.3577925442919331,0.6062175734011863
RIP sneaky FeelsBadMan,neither,0.03945320844208391,0.33037608806864915,0.630170703489267
@QripTey dude its 3pm,neither,0.033778796914397204,0.3323277783965802,0.6338934246890225
HI DAD,neither,0.03945320844208391,0.33037608806864915,0.630170703489267
!Res,neither,0.03945320844208391,0.33037608806864915,0.630170703489267
!sens,neither,0.03945320844208391,0.33037608806864915,0.630170703489267
@shroud favorite skin???,neither,0.03945320844208391,0.33037608806864915,0.630170703489267
What server is this,neither,0.07282678549990032,0.31792604547631814,0.6092471690237815
!res,neither,0.03945320844208391,0.33037608806864915,0.630170703489267
@goooshot He plays at 1920x1080 - 16:9,neither,0.043882046932993087,0.3516997489148195,0.6044182041521874
@shroud enjoying zelda so far?,neither,0.039416070879447755,0.3658216415941885,0.5947622875263637
Hey shroud,neither,0.03945320844208391,0.33037608806864915,0.630170703489267
Hey shroud. :),neither,0.03945320844208391,0.33037608806864915,0.630170703489267
Just9n is having his daily... you know ... KappaPride,neither,0.11018409702849186,0.37213951357533165,0.5176763893961764
xBlindShot just subscribed shroudThump,neither,0.02667013123193722,0.39600456006212814,0.5773253087059346
navi got smacked lmao,neither,0.03698909575098071,0.39777215600155696,0.5652387482474623
Does stew actually live with just8n?,neither,0.020860596914009273,0.4851619750778503,0.49397742800814043
lol,neither,0.020706217963973744,0.4882283491876925,0.4910654328483337
They kicked Starix.. @shroud,neither,0.03945320844208391,0.33037608806864915,0.630170703489267
@shroud if i send you an ak and a name tag can you sign it?,neither,0.043583681816215775,0.3915580002422877,0.5648583179414965
@shroud you PUBG is one of the most entertaining keep it up.,neither,0.055345330182791475,0.42724358662115347,0.517411083196055
sneakyC sneakyC,neither,0.03945320844208391,0.33037608806864915,0.630170703489267
navi in 2k17 EleGiggle,neither,0.03945320844208391,0.33037608806864915,0.630170703489267
Hmmm,neither,0.03945320844208391,0.33037608806864915,0.630170703489267
KappaPride,neither,0.03945320844208391,0.33037608806864915,0.630170703489267
shroud can i queue with you :D,offensive_language,0.04578342404344522,0.5268722771747034,0.4273442987818513
S1mple killed navi LUL,neither,0.03945320844208391,0.33037608806864915,0.630170703489267
SUP @shroud,neither,0.03945320844208391,0.33037608806864915,0.630170703489267
"@shroud got in one of your games and watching your stream, i was trying to stay on the complete other side of the map from you, then my teamate made a bad call and we died",neither,0.05899477931599239,0.3722730056088355,0.5687322150751721
yoo,neither,0.03945320844208391,0.33037608806864915,0.630170703489267
Navi is the definition of trash,neither,0.05137224205446132,0.12262730591151608,0.8260004520340226
!viewmodel,neither,0.03945320844208391,0.33037608806864915,0.630170703489267
"@s_neakybeaky Viewmodel_fov ""68"" viewmodel_offset_x ""2.5"" viewmodel_offset_y ""1"" viewmodel_offset_z ""-1.5""",neither,0.03945320844208391,0.33037608806864915,0.630170703489267
Shroud can you send me friend request I want to join deatchmatch to play ssg,neither,0.054192185596141064,0.37458345325733106,0.571224361146528
shroud whats stewie res rn,neither,0.03945320844208391,0.33037608806864915,0.630170703489267
yoyo @shroud i sstay true to you bro even when every one licks summets arse,neither,0.04489601119009134,0.41942657196733757,0.535677416842571
They kicked Starix.. They deserve everything. @shroud,neither,0.04688033500113313,0.3278215586696287,0.6252981063292382
STRAYA,neither,0.03945320844208391,0.33037608806864915,0.630170703489267
Navi just don't have their leader,neither,0.03449333514718086,0.36036778768807376,0.6051388771647455
real stewie?,neither,0.03196116502903117,0.4633485945407499,0.5046902404302189
!profile,neither,0.03945320844208391,0.33037608806864915,0.630170703489267
!viewmodel,neither,0.03945320844208391,0.33037608806864915,0.630170703489267
c9 scriming SK? PogChamp,neither,0.03945320844208391,0.33037608806864915,0.630170703489267
Simple calls him csgod LUL,neither,0.039345752284751484,0.33219989949680406,0.6284543482184445
i knew u wouldnt,neither,0.03945320844208391,0.33037608806864915,0.630170703489267
@occupanther9 they were bad even with starix,neither,0.024257907201048187,0.36695754956842175,0.6087845432305301
shroud ur hair looks great today very thick and lush,neither,0.05274046532955012,0.26936736403617223,0.6778921706342776
"Got University tomorrow, rip sleep now that you start stream",neither,0.04528717996525656,0.4129154081288692,0.5417974119058744
misfits destroyed navi LUL,neither,0.03945320844208391,0.33037608806864915,0.630170703489267
@shroud enjoying zelda so far ?,neither,0.039416070879447755,0.3658216415941885,0.5947622875263637
@shroud cause i fucking suck why else lol,offensive_language,0.08583997143304546,0.9127752088282869,0.0013848197386675894
@shroud NaVi choked man,neither,0.03961933983461771,0.4054141257912207,0.5549665343741617
Sup Mike <3,neither,0.03945320844208391,0.33037608806864915,0.630170703489267
!crosshair,neither,0.03945320844208391,0.33037608806864915,0.630170703489267
"@daguru15 Size 3.5, gap -2, thickness 1.5 and color 4",neither,0.03989655270801228,0.2968699184788442,0.6632335288131436
Join the new Curse server! https://curse.com/invite/Xv6nbZgd4kugsL2fxlg6NQ,neither,0.04082319323556661,0.27696135383134185,0.6822154529330917
@Scheduling they weren't that bad.,neither,0.031931043049018275,0.37738906019420115,0.5906798967567805
!sens,neither,0.03945320844208391,0.33037608806864915,0.630170703489267
Kappa Kappa KappaRoss KappaRoss,neither,0.03945320844208391,0.33037608806864915,0.630170703489267
pega no meu penis,neither,0.03832560401191842,0.349514478061619,0.6121599179264625
