text,top_class,hate_speech,offensive_language,neither
xD,neither,0.03945320844208391,0.33037608806864915,0.630170703489267
ayyy,neither,0.03945320844208391,0.33037608806864915,0.630170703489267
shroud and summit live at same time help,neither,0.04128682925611443,0.33641279154060205,0.6223003792032836
shroud dad,neither,0.03945320844208391,0.33037608806864915,0.630170703489267
weed1 weed2,neither,0.03945320844208391,0.33037608806864915,0.630170703489267
oo,neither,0.03945320844208391,0.33037608806864915,0.630170703489267
Congraz on making it to Dallas,neither,0.042433572629205496,0.32774311801607336,0.6298233093547211
just to make sure can u guys hear the music,neither,0.03561314935860836,0.4318722109832243,0.5325146396581673
SHROOD,neither,0.03945320844208391,0.33037608806864915,0.630170703489267
i dont remember if i was playing zelda or not last night,neither,0.02369338263939548,0.3694937655205506,0.606812851840054
we can,neither,0.03970622078696985,0.3260818082663321,0.6342119709466981
okay coo,neither,0.03945320844208391,0.33037608806864915,0.630170703489267
this song is a masterpiece,neither,0.05191067595099181,0.33978125200944165,0.6083080720395666
YE I CAN HEAR OK,neither,0.039654802192084455,0.32695451601337666,0.633390681794539
SHROUD LETS GO,neither,0.039984317429425154,0.35542799280679366,0.6045876897637812
HI MIKE,neither,0.03945320844208391,0.33037608806864915,0.630170703489267
hello motherfucker how you doin,neither,0.05327089698507141,0.36967997263258806,0.5770491303823406
first,neither,0.02604892428726219,0.3349864360510187,0.6389646396617191
just9n and shroud strema,neither,0.03763944115734239,0.1918412352459551,0.7705193235967025
First,neither,0.02604892428726219,0.3349864360510187,0.6389646396617191
Hey,neither,0.03945320844208391,0.33037608806864915,0.630170703489267
damn,offensive_language,0.042479326866149344,0.9516554255713155,0.005865247562535126
PogChamp,neither,0.03945320844208391,0.33037608806864915,0.630170703489267
o7,neither,0.03945320844208391,0.33037608806864915,0.630170703489267
HI DAD,neither,0.03945320844208391,0.33037608806864915,0.630170703489267
@imchroma,neither,0.03945320844208391,0.33037608806864915,0.630170703489267
just9n is streaming,neither,0.04912624121044723,0.3270490885368631,0.6238246702526896
watsupppppppppp,neither,0.03945320844208391,0.33037608806864915,0.630170703489267
life is good,neither,0.04523377607527291,0.4130061185834091,0.541760105341318
Idi nahui,neither,0.03945320844208391,0.33037608806864915,0.630170703489267
prac tonight shroud?,neither,0.03498084806025125,0.2929251180277183,0.6720940339120305
Hi,neither,0.03945320844208391,0.33037608806864915,0.630170703489267
im saying hello to shroud,neither,0.03607942984514472,0.36433866050540675,0.5995819096494486
Sup,neither,0.03945320844208391,0.33037608806864915,0.630170703489267
HeyGuys,neither,0.03945320844208391,0.33037608806864915,0.630170703489267
imma watch just9n,neither,0.04720764317806475,0.32770898237866825,0.625083374443267
go shooting stars non stop,neither,0.04033351686995372,0.39186521810760966,0.5678012650224367
Notification shroudHype shroudHype shroudHype,neither,0.03945320844208391,0.33037608806864915,0.630170703489267
@shroud play quake champions!,neither,0.03945320844208391,0.33037608806864915,0.630170703489267
!crosshair,neither,0.03945320844208391,0.33037608806864915,0.630170703489267
i dont think ive ever gotten here so early,neither,0.0719881472917731,0.31090274681818975,0.6171091058900371
"@leafendis Size 3.5, gap -2, thickness 1.5 and color 4",neither,0.03989655270801228,0.2968699184788442,0.6632335288131436
shroooooood,neither,0.03945320844208391,0.33037608806864915,0.630170703489267
sup bois,neither,0.03945320844208391,0.33037608806864915,0.630170703489267
just9n are gay,hate_speech,0.6451505840972984,0.04728631320243609,0.30756310270026566
Русские есть ?,neither,0.03945320844208391,0.33037608806864915,0.630170703489267
first!0,neither,0.02604892428726219,0.3349864360510187,0.6389646396617191
Suppp,neither,0.03945320844208391,0.33037608806864915,0.630170703489267
HI,neither,0.03945320844208391,0.33037608806864915,0.630170703489267
HELLo,neither,0.03945320844208391,0.33037608806864915,0.630170703489267
KonCha,neither,0.03945320844208391,0.33037608806864915,0.630170703489267
нету,neither,0.03945320844208391,0.33037608806864915,0.630170703489267
YOYOYO,neither,0.03945320844208391,0.33037608806864915,0.630170703489267
where the fuk i am,neither,0.04023245790753146,0.27814813092665863,0.6816194111658098
HIIIIIIIIIIIIi,neither,0.03945320844208391,0.33037608806864915,0.630170703489267
shroudThump shroudC9 <3 <3 <3,neither,0.03945320844208391,0.33037608806864915,0.630170703489267
Play pubg!!!,neither,0.03945320844208391,0.33037608806864915,0.630170703489267
Daddy,neither,0.03945320844208391,0.33037608806864915,0.630170703489267
HeyGuys,neither,0.03945320844208391,0.33037608806864915,0.630170703489267
Quake champions today?!?!!,neither,0.038248965328877026,0.31195895051331995,0.6497920841578031
monkey,neither,0.04448387311790626,0.03234800043431917,0.9231681264477746
hi,neither,0.03945320844208391,0.33037608806864915,0.630170703489267
hiiiiiiii,neither,0.03945320844208391,0.33037608806864915,0.630170703489267
shit,offensive_language,0.041595751201534026,0.9584042484281707,3.702953810110442e-10
shroudW shroudMilk,neither,0.03945320844208391,0.33037608806864915,0.630170703489267
Ахуеено,neither,0.03945320844208391,0.33037608806864915,0.630170703489267
hey,neither,0.03945320844208391,0.33037608806864915,0.630170703489267
Pubg!!,neither,0.03945320844208391,0.33037608806864915,0.630170703489267
aye lmao,neither,0.03805840171285098,0.35404959841922573,0.6078919998679233
we are the first and the best :DD,neither,0.051653146806377295,0.21879153470686233,0.7295553184867604
shroudHype shroudW shroudHype shroudW shroudHype shroudPigeon,neither,0.03945320844208391,0.33037608806864915,0.630170703489267
plebs lets rule this chat 4Head,neither,0.038698046828029874,0.34319315147391233,0.6181088016980577
cmonBruh,neither,0.03945320844208391,0.33037608806864915,0.630170703489267
heeey,neither,0.03945320844208391,0.33037608806864915,0.630170703489267
sa du,neither,0.03945320844208391,0.33037608806864915,0.630170703489267
WHATS UP BITCHES,offensive_language,0.0033971025763330893,0.9966025846810865,3.1274258042764335e-07
everybody say monkey,neither,0.04449433780689386,0.0957158989352974,0.8597897632578086
W supp,neither,0.03945320844208391,0.33037608806864915,0.630170703489267
Hi shroudy,neither,0.03945320844208391,0.33037608806864915,0.630170703489267
Why am I a Pug 😍😍😍,neither,0.02265971485698807,0.3557631985335062,0.6215770866095058
HI!,neither,0.03945320844208391,0.33037608806864915,0.630170703489267
moeFail1 moeFail moeFail1 moeFail moeFail1 moeFail moeGo moeMini,neither,0.03945320844208391,0.33037608806864915,0.630170703489267
mokey,neither,0.03945320844208391,0.33037608806864915,0.630170703489267
hi bro,neither,0.03945320844208391,0.33037608806864915,0.630170703489267
m0e subs WutFace,neither,0.03945320844208391,0.33037608806864915,0.630170703489267
rip,neither,0.03945320844208391,0.33037608806864915,0.630170703489267
Mikeeee,neither,0.03945320844208391,0.33037608806864915,0.630170703489267
yooo people,neither,0.07640429518925226,0.32624103345195915,0.5973546713587886
PogChamp PogChamp PogChamp PogChamp,neither,0.03945320844208391,0.33037608806864915,0.630170703489267
"we know time is measured in seconds, but how is a second measured? 🤔",neither,0.04807588985702435,0.34983399569786366,0.6020901144451118
Eyyyy,neither,0.03945320844208391,0.33037608806864915,0.630170703489267
MUSIC FeelsGoodMan,neither,0.03945320844208391,0.33037608806864915,0.630170703489267
hello guys,neither,0.0393123287649956,0.33276718385549703,0.6279204873795073
did we get baited,neither,0.03843228811825801,0.34770377035370514,0.6138639415280368
suck a dick night bird,neither,0.005155450661548763,0.24840786762836428,0.746436681710087
4Head we have the power 4Head we have the power 4Head we have the power 4Head we have the power 4Head we have the power 4Head we have the power 4Head we have the power 4Head we have the power,neither,0.03761760665543524,0.32495696030450566,0.6374254330400592
lol sluchy,neither,0.020706217963973744,0.4882283491876925,0.4910654328483337
Sup dude,neither,0.03945320844208391,0.33037608806864915,0.630170703489267
?,neither,0.03945320844208391,0.33037608806864915,0.630170703489267
is he idf,neither,0.055481864099256185,0.32486309838448474,0.619655037516259
Идите нахуй,neither,0.03945320844208391,0.33037608806864915,0.630170703489267
hi,neither,0.03945320844208391,0.33037608806864915,0.630170703489267
@apeklets mendoThink mendoThink mendoThink,neither,0.03945320844208391,0.33037608806864915,0.630170703489267
off,neither,0.03945320844208391,0.33037608806864915,0.630170703489267
shroudH,neither,0.03945320844208391,0.33037608806864915,0.630170703489267
woah there,neither,0.039374178110881314,0.28252818257766454,0.6780976393114541
"If nothing exists, do you have a way to know it ? 🤔",neither,0.03645796791372237,0.4756355021241635,0.48790652996211414
"@hreebo was really hope that was going to say ""we like to party""",neither,0.08697395246487849,0.30322001548700006,0.6098060320481214
the chill zone has been entered,neither,0.038699378487357064,0.31405446479324234,0.6472461567194006
tjena sharood,neither,0.03945320844208391,0.33037608806864915,0.630170703489267
weed1 weed2 refresh,neither,0.03945320844208391,0.33037608806864915,0.630170703489267
"Am I unbanned? got banned for a week for saying ""rused n-word"" jadeFeelsSpidey",neither,0.026209424824003864,0.32188104905719717,0.6519095261187988
thuglife69878 just subscribed shroudWithIt,neither,0.02667013123193722,0.39600456006212814,0.5773253087059346
woo shroudH,neither,0.03945320844208391,0.33037608806864915,0.630170703489267
:/,neither,0.03945320844208391,0.33037608806864915,0.630170703489267
hi dad,neither,0.03945320844208391,0.33037608806864915,0.630170703489267
Hearing you,neither,0.06666059860292295,0.4042291276308796,0.5291102737661973
test received PogChamp,neither,0.03945320844208391,0.33037608806864915,0.630170703489267
Join the new Curse server! https://curse.com/invite/Xv6nbZgd4kugsL2fxlg6NQ,neither,0.04082319323556661,0.27696135383134185,0.6822154529330917
shroudGP,neither,0.03945320844208391,0.33037608806864915,0.630170703489267
1 2,neither,0.03945320844208391,0.33037608806864915,0.630170703489267
Shroud just9n wans to pug,neither,0.08141052394132535,0.3085008144527792,0.6100886616058954
hi dad,neither,0.03945320844208391,0.33037608806864915,0.630170703489267
imGlitch imGlitch imGlitch,neither,0.03945320844208391,0.33037608806864915,0.630170703489267
toast,neither,0.03945320844208391,0.33037608806864915,0.630170703489267
hey,neither,0.03945320844208391,0.33037608806864915,0.630170703489267
SUP DUDE,neither,0.03945320844208391,0.33037608806864915,0.630170703489267
hi,neither,0.03945320844208391,0.33037608806864915,0.630170703489267
yes,neither,0.03945320844208391,0.33037608806864915,0.630170703489267
YAY!,neither,0.03945320844208391,0.33037608806864915,0.630170703489267
we vant see you,neither,0.07473300588004339,0.42970663727647423,0.4955603568434824
shroudPigeon shroudPigeon shroudPigeon shroudPigeon,neither,0.03945320844208391,0.33037608806864915,0.630170703489267
good,neither,0.037820165765928906,0.33093776632913474,0.6312420679049364
Ayyy,neither,0.03945320844208391,0.33037608806864915,0.630170703489267
Yee,neither,0.03945320844208391,0.33037608806864915,0.630170703489267
Yes,neither,0.03945320844208391,0.33037608806864915,0.630170703489267
@kniter u got lucky i got a perma ban in freak chat for saying the n word lol,neither,0.026447317269957974,0.3845488832112013,0.5890037995188409
Thanks for subscribing with Prime Proximity21 shroudPigeon,neither,0.023796193918851447,0.32351757895080435,0.6526862271303442
hey shroud,neither,0.03945320844208391,0.33037608806864915,0.630170703489267
LUL,neither,0.03945320844208391,0.33037608806864915,0.630170703489267
shroud is here PogChamp,neither,0.23309924666169,0.22544613742661174,0.5414546159116982
shroudPigeon,neither,0.03945320844208391,0.33037608806864915,0.630170703489267
shroudHype shroudHype shroudHype shroudHype,neither,0.03945320844208391,0.33037608806864915,0.630170703489267
@shroud say sup plizzzz,neither,0.03945320844208391,0.33037608806864915,0.630170703489267
Quake ?,neither,0.03945320844208391,0.33037608806864915,0.630170703489267
i love u,neither,0.03217296676969875,0.3657703709031763,0.602056662327125
weedFaded,neither,0.03945320844208391,0.33037608806864915,0.630170703489267
turn ur facecam pleb Kappa @shroud,neither,0.06254031100486028,0.3224353748243117,0.615024314170828
we cant see u,neither,0.03924653910427536,0.33388380609525203,0.6268696548004725
FreakinStinkin,neither,0.03945320844208391,0.33037608806864915,0.630170703489267
Shroud C'mon Start Play,neither,0.03945320844208391,0.33037608806864915,0.630170703489267
shroudTHICC shroudTHICC shroudTHICC,neither,0.03945320844208391,0.33037608806864915,0.630170703489267
greeting from slovakia @shroud <3,neither,0.04228451509352876,0.2823214250720796,0.6753940598343917
no music dude,neither,0.03841384272540601,0.3480168368090429,0.613569320465551
say my name,neither,0.0244837569156099,0.45209638477138003,0.5234198583130101
lol,neither,0.020706217963973744,0.4882283491876925,0.4910654328483337
lets get it,neither,0.035792812152059726,0.3614291354098794,0.6027780524380607
LOL,neither,0.020706217963973744,0.4882283491876925,0.4910654328483337
Hey mike I want to marry you,neither,0.06188778109471865,0.36340207051478624,0.5747101483904952
shroudPalm,neither,0.03945320844208391,0.33037608806864915,0.630170703489267
im just a pleb shroudPigeon FeelsBadMan,neither,0.029774459574114082,0.43222802498031365,0.5379975154455723
shroudH shroudH shroudH,neither,0.03945320844208391,0.33037608806864915,0.630170703489267
PLAY CA MY GUY,neither,0.028229974575644304,0.421686016985263,0.5500840084390928
r.i.p -_- late shipments,neither,0.03945320844208391,0.33037608806864915,0.630170703489267
thicc emote is my new fav thing,neither,0.03835871866908784,0.3225192311208169,0.6391220502100953
look im early,neither,0.04266110663915721,0.338970519528844,0.6183683738319986
LUUUUL,neither,0.03945320844208391,0.33037608806864915,0.630170703489267
Hi Reddit,neither,0.03945320844208391,0.33037608806864915,0.630170703489267
I really want to see you play pubg man,neither,0.06906462117647158,0.44817985345232975,0.48275552537119854
What one?,neither,0.04906081809904235,0.38506392892528046,0.5658752529756771
!song,neither,0.038601720699969956,0.3448280572582511,0.616570222041779
❤️❤️❤️❤️❤️❤️,neither,0.03945320844208391,0.33037608806864915,0.630170703489267
@willsxd I just dont get it why these guys are so against people of color BootyBlasted,neither,0.07435243453397479,0.3996058785494632,0.5260416869165621
shroudTHICC shroudTHICC shroudTHICC,neither,0.03945320844208391,0.33037608806864915,0.630170703489267
Nothing sucks more then new toys you can't use...,neither,0.025921904512756583,0.3906122365859523,0.5834658589012911
!song,neither,0.038601720699969956,0.3448280572582511,0.616570222041779
shroudTHICC,neither,0.03945320844208391,0.33037608806864915,0.630170703489267
we cant see you,neither,0.0631652763861355,0.40000012529346474,0.5368345983203998
!Song,neither,0.038601720699969956,0.3448280572582511,0.616570222041779
ye,neither,0.03945320844208391,0.33037608806864915,0.630170703489267
PogChamp PogChamp PogChamp PogChamp PogChamp,neither,0.03945320844208391,0.33037608806864915,0.630170703489267
song name ??,neither,0.038830105554549986,0.3409517702390533,0.6202181242063967
early,neither,0.042215779998293526,0.28348803902252573,0.6742961809791808
imGlitch,neither,0.03945320844208391,0.33037608806864915,0.630170703489267
THICC,neither,0.03945320844208391,0.33037608806864915,0.630170703489267
ima play faceit,neither,0.03945320844208391,0.33037608806864915,0.630170703489267
Sup man,neither,0.03963703663028572,0.41087941302266007,0.5494835503470542
Sup chat. Sup shroud shroudH,neither,0.03945320844208391,0.33037608806864915,0.630170703489267
He hasn't switched scenes so you can't see him. -_-,neither,0.05395176962805906,0.38765996125630736,0.5583882691156334
!playlist,neither,0.03945320844208391,0.33037608806864915,0.630170703489267
@mufflikesgaming https://open.spotify.com/user/mgrzesiek162/playlist/2OOV6oRyqoj837Cpu7DnyO,neither,0.03945320844208391,0.33037608806864915,0.630170703489267
shroudTHICC shroudTHICC shroudTHICC,neither,0.03945320844208391,0.33037608806864915,0.630170703489267
Why is everything doubling up lol 😂😂,neither,0.0241097744553886,0.4724931342656679,0.5033970912789435
Hyper_TB just subscribed shroudKobe,neither,0.02667013123193722,0.39600456006212814,0.5773253087059346
BloodTrail BloodTrail BloodTrail,neither,0.03945320844208391,0.33037608806864915,0.630170703489267
did someone say pubg? PogChamp,neither,0.03945320844208391,0.33037608806864915,0.630170703489267
ASHES BY HELLBERG,neither,0.042841257694558106,0.4528711557106023,0.5042875865948396
HeyGuys,neither,0.03945320844208391,0.33037608806864915,0.630170703489267
u have the calmest voice on earth wtf :D,offensive_language,0.037611222573444986,0.5409521544244745,0.42143662300208046
maybe,neither,0.03945320844208391,0.33037608806864915,0.630170703489267
say my name shroud,neither,0.0244837569156099,0.45209638477138003,0.5234198583130101
overlay,neither,0.03945320844208391,0.33037608806864915,0.630170703489267
PogChamp,neither,0.03945320844208391,0.33037608806864915,0.630170703489267
SHROOOOOOD,neither,0.03945320844208391,0.33037608806864915,0.630170703489267
Pubg,neither,0.03945320844208391,0.33037608806864915,0.630170703489267
shroudTHICC shroudTHICC shroudTHICC shroudTHICC,neither,0.03945320844208391,0.33037608806864915,0.630170703489267
hello,neither,0.03945320844208391,0.33037608806864915,0.630170703489267
SHREDDIT,neither,0.03945320844208391,0.33037608806864915,0.630170703489267
your voice is like suuuuh duuuude,neither,0.1482803952357344,0.32401939305053146,0.5277002117137343
Ur voice thooooo xxxxxx,neither,0.07713622936262794,0.3174151691964447,0.6054486014409274
@shroud its sooo good,neither,0.032034400829195835,0.3329277562006145,0.6350378429701897
Hyper_TB just subscribed shroudAK,neither,0.02667013123193722,0.39600456006212814,0.5773253087059346
here i tought im gonna play cs... guess im gonna do it tommorow,neither,0.05987751687302075,0.4042973137545058,0.5358251693724736
shroudTHICC shroudTHICC shroudTHICC shroudH,neither,0.03945320844208391,0.33037608806864915,0.630170703489267
!song,neither,0.038601720699969956,0.3448280572582511,0.616570222041779
new guardians of the galaxy was good,neither,0.041160035314378576,0.23457886598879482,0.7242610986968266
Shroud sup bruh :),neither,0.03945320844208391,0.33037608806864915,0.630170703489267
great movie,neither,0.03970589358091482,0.25104555930437344,0.7092485471147116
he should run a radio station with this voice,neither,0.042488476963391,0.38303260776046805,0.574478915276141
SUP SUP,neither,0.03945320844208391,0.33037608806864915,0.630170703489267
out cmonBruh,neither,0.027825811811235897,0.3787197998747999,0.5934543883139641
Kigh Arthur but its shit @shroud,offensive_language,0.035890870804465874,0.9617794105966201,0.002329718598914038
Fast and furious,neither,0.03834455617662007,0.27123075823966836,0.6904246855837116
ay man I wanna see ya face bra,offensive_language,0.029065889023606507,0.5579532873593029,0.4129808236170905
guardians was good,neither,0.037975473254186445,0.33481650793596,0.6272080188098536
ITS SO SAD,neither,0.031862676138530076,0.3924366820849189,0.5757006417765511
its average,neither,0.0319311316716846,0.33296327519935204,0.6351055931289634
if i see spoiler i'll time you out~,offensive_language,0.027462723300525294,0.4921442660196874,0.4803930106797873
START PLAYING,neither,0.03945320844208391,0.33037608806864915,0.630170703489267
Yooooo,neither,0.03945320844208391,0.33037608806864915,0.630170703489267
Hello @shroud,neither,0.03945320844208391,0.33037608806864915,0.630170703489267
play with just9m,neither,0.0224239371025857,0.39477495987263056,0.5828011030247837
Shroud is live boii,neither,0.06612417478258875,0.321202719730918,0.6126731054864932
ITS GOOD,neither,0.028901295535216566,0.334005374781645,0.6370933296831385
shroudyyyy,neither,0.03945320844208391,0.33037608806864915,0.630170703489267
Sexy voice ;) ;),neither,0.03945320844208391,0.33037608806864915,0.630170703489267
KappaWealth,neither,0.03945320844208391,0.33037608806864915,0.630170703489267
@shroud say a suuuuh dudee,neither,0.03945320844208391,0.33037608806864915,0.630170703489267
SSHHRROOOOOOD,neither,0.03945320844208391,0.33037608806864915,0.630170703489267
"it is a good movie, so many good moment",neither,0.0451714813141419,0.3337415037236891,0.6210870149621689
No face zone,neither,0.03850539103428441,0.34646302308532906,0.6150315858803865
should go see beauty and the beast.. I heard it's about you and Jordan xD,neither,0.05400537561742532,0.3340029142087377,0.6119917101738369
is that shroud ? omg shroud !!!!!!!!!!!!!,neither,0.04555267061011034,0.38829319681521585,0.566154132574674
spoiler alert chris pratt is the main character again,neither,0.04298871662691625,0.3387083796969285,0.6183029036761553
hello @shroud,neither,0.03945320844208391,0.33037608806864915,0.630170703489267
you can do podcast and stuff,neither,0.061545020066094865,0.3244695711792993,0.6139854087546058
InuyoFace,neither,0.03945320844208391,0.33037608806864915,0.630170703489267
overwatch strum?? shroudi?? @shroud,neither,0.03945320844208391,0.33037608806864915,0.630170703489267
Sup Shroooudy,neither,0.03945320844208391,0.33037608806864915,0.630170703489267
Surrrrrrrrr rudddd,neither,0.03945320844208391,0.33037608806864915,0.630170703489267
too many special effects IMO,neither,0.06943799872127318,0.316283060268997,0.6142789410097298
Welcome back Yingjieong0329 (4 months) shroudWhiff,neither,0.03945320844208391,0.33037608806864915,0.630170703489267
Hi,neither,0.03945320844208391,0.33037608806864915,0.630170703489267
Hello :o,neither,0.03945320844208391,0.33037608806864915,0.630170703489267
Shorts webcam?,neither,0.03945320844208391,0.33037608806864915,0.630170703489267
sup shroud ma brah,neither,0.03377615125888171,0.42673056440621504,0.5394932843349033
ThankEgg SwiftRage,neither,0.03945320844208391,0.33037608806864915,0.630170703489267
dad,neither,0.03945320844208391,0.33037608806864915,0.630170703489267
Hi,neither,0.03945320844208391,0.33037608806864915,0.630170703489267
!Song,neither,0.038601720699969956,0.3448280572582511,0.616570222041779
hey @shroud did you react to Stewie the smoke criminal chapter 2? pls watch that :D,neither,0.049584999392105464,0.39350980506625727,0.5569051955416373
@shroud do you master hikoBait lol,neither,0.049333935447421165,0.4572817320285041,0.4933843325240749
"@shroud Say my name pls, I'm from Portugal you are my idol.",neither,0.04706276872551001,0.4286080521263179,0.5243291791481721
@shroud so even if you have an excessive amount of proof why he donated is it still unlikely i'd win the dispute?,neither,0.03473494543224755,0.41038591829450455,0.554879136273248
!Song,neither,0.038601720699969956,0.3448280572582511,0.616570222041779
"King Arthur, is that Marvel or DC? CarlSmile",neither,0.04186918204396684,0.3552564071686199,0.6028744107874133
kappa,neither,0.03945320844208391,0.33037608806864915,0.630170703489267
What's actually fucking good chat.,offensive_language,0.11642333784466621,0.8810984207427303,0.0024782414126036083
@shroud Wut Happened With C9?? How Do U Lose To A Team Like Liquid???,neither,0.04286897353711426,0.36028302740962054,0.5968479990532652
!sens,neither,0.03945320844208391,0.33037608806864915,0.630170703489267
"@alem2199 DPI: 400 - Ingame : 2.1 - Windows: 6/11 - Raw-Input: On - 1000 Hz Polling Rate, AWP sens is 1",neither,0.04219570543018974,0.33652810856513393,0.6212761860046764
Papi Shroud <3 <3,neither,0.03945320844208391,0.33037608806864915,0.630170703489267
@CrazyOG LUL,neither,0.03945320844208391,0.33037608806864915,0.630170703489267
ayyyy just on time,neither,0.026693004742793416,0.41855823157299804,0.5547487636842086
OMG SHROUD READ MY COMMENT,neither,0.029087495530793327,0.4103213787849945,0.5605911256842122
@kniter DansGame,neither,0.03945320844208391,0.33037608806864915,0.630170703489267
Hi,neither,0.03945320844208391,0.33037608806864915,0.630170703489267
I HEAR TYPING PogChamp,neither,0.03945320844208391,0.33037608806864915,0.630170703489267
ArsonNoSexy ArsonNoSexy ArsonNoSexy,neither,0.03945320844208391,0.33037608806864915,0.630170703489267
ahhh,neither,0.03945320844208391,0.33037608806864915,0.630170703489267
SourPls,neither,0.03945320844208391,0.33037608806864915,0.630170703489267
SPOILER: Groot is ADORABLE!,neither,0.04687435916958522,0.3278236140321234,0.6253020267982915
We cant see you Shroud :D,neither,0.0631652763861355,0.40000012529346474,0.5368345983203998
SHROOD I LOVE U,neither,0.03217296676969875,0.3657703709031763,0.602056662327125
<3 <3 <3 <3 <3 <3 <3,neither,0.03945320844208391,0.33037608806864915,0.630170703489267
900K Followers DAD KappaPride,neither,0.03945320844208391,0.33037608806864915,0.630170703489267
han solo dies,neither,0.03945320844208391,0.33037608806864915,0.630170703489267
shroudH shroudH shroudH,neither,0.03945320844208391,0.33037608806864915,0.630170703489267
Shroud i got the donation sound for you,neither,0.04698588704373033,0.3798664595714908,0.5731476533847788
overwatch strum?? shroudi?? @shroud,neither,0.03945320844208391,0.33037608806864915,0.630170703489267
groot makes the movie,neither,0.04057615003559217,0.28246635556556,0.6769574943988479
never clicked out of hentai haven so fast,neither,0.033386697137385006,0.40503808842750283,0.5615752144351122
face,neither,0.03945320844208391,0.33037608806864915,0.630170703489267
Shroud Top 2 👍👍,neither,0.03945320844208391,0.33037608806864915,0.630170703489267
type 1 if ur a marvel fan type 2 if ur a DC fan,neither,0.03884460665525698,0.3734440387988419,0.5877113545459011
HE SPOKE OMG,neither,0.04507939535153969,0.3284409843982966,0.6264796202501636
hi shrouuuuud,neither,0.03945320844208391,0.33037608806864915,0.630170703489267
is this john cena,neither,0.05095974043590737,0.3285282603963328,0.6205119991677598
He has to switch scenes. calm your boners.,neither,0.07362631731402694,0.31427211656584086,0.6121015661201322
1,neither,0.03945320844208391,0.33037608806864915,0.630170703489267
EleGiggle DendiFace,neither,0.03945320844208391,0.33037608806864915,0.630170703489267
2,neither,0.03945320844208391,0.33037608806864915,0.630170703489267
Shrud,neither,0.03945320844208391,0.33037608806864915,0.630170703489267
Overwatch LUL,neither,0.03945320844208391,0.33037608806864915,0.630170703489267
SHROOOOD ily\,neither,0.03945320844208391,0.33037608806864915,0.630170703489267
LUL,neither,0.03945320844208391,0.33037608806864915,0.630170703489267
2,neither,0.03945320844208391,0.33037608806864915,0.630170703489267
Dad,neither,0.03945320844208391,0.33037608806864915,0.630170703489267
@dogukannneco you blind? he's right there - oh wait sub privileges Kreygasm,neither,0.05737797100685748,0.30735704783136164,0.6352649811617809
shroud always reads chat,neither,0.037875882817732326,0.37955250473373675,0.5825716124485311
hey @shroud did you react to Stewie the smoke criminal chapter 2? pls watch that :D,neither,0.049584999392105464,0.39350980506625727,0.5569051955416373
type LUL if u a retarded TriHard,offensive_language,0.05896017909856739,0.8902057408255744,0.05083408007585833
finally get to watch the stream cause i work late today shroudHype shroudHype shroudHype shroudHype,neither,0.0443290378543238,0.3275783142628063,0.6280926478828699
how do i get my subscription to pop up?,neither,0.03302595400399787,0.4571439574400046,0.5098300885559975
jasonrHU jasonrUU jasonrUU,neither,0.03945320844208391,0.33037608806864915,0.630170703489267
LUL,neither,0.03945320844208391,0.33037608806864915,0.630170703489267
!mouse,neither,0.03945320844208391,0.33037608806864915,0.630170703489267
@nalyx94 He's using the Logitech G303 http://amzn.to/2pnaFct Mau5,neither,0.04637941512927271,0.2643085356486416,0.6893120492220858
you can't see me,offensive_language,0.052796631693738466,0.4790312420439999,0.46817212626226173
mike is in the top 5 sexiest faces in csgo pro scene,neither,0.04306776839694095,0.32045927386902245,0.6364729577340366
SHOODIEDADDY,neither,0.03945320844208391,0.33037608806864915,0.630170703489267
@shroud Heyy SHROUDY,neither,0.03945320844208391,0.33037608806864915,0.630170703489267
@elitechester1337 oh ik that feeling man,neither,0.040616129412963775,0.3804666060090809,0.5789172645779553
Join the new Curse server! https://curse.com/invite/Xv6nbZgd4kugsL2fxlg6NQ,neither,0.04082319323556661,0.27696135383134185,0.6822154529330917
shroudie poudie,neither,0.03945320844208391,0.33037608806864915,0.630170703489267
hey eclipse sodaS,neither,0.03945320844208391,0.33037608806864915,0.630170703489267
@shroud hey whaddup,neither,0.03945320844208391,0.33037608806864915,0.630170703489267
how tall is srhoud? about 5 7?,neither,0.0468949322006031,0.3576737978841157,0.5954312699152812
@shroud have you played dark souls 3 yet?,neither,0.051105979142666125,0.3721552493857365,0.5767387714715974
ye shroud watch smoke criminal pt 2 anomKappa monkaS2,neither,0.04063715190716264,0.3680107115237294,0.591352136569108
where is your face,neither,0.11480131723478068,0.2675006286833234,0.6176980540818958
6'4,neither,0.03945320844208391,0.33037608806864915,0.630170703489267
hi,neither,0.03945320844208391,0.33037608806864915,0.630170703489267
shroud is 5'2,neither,0.081172750358939,0.3160268245287109,0.60280042511235
I hear shrood...,neither,0.03945320844208391,0.33037608806864915,0.630170703489267
6'5,neither,0.03945320844208391,0.33037608806864915,0.630170703489267
5 2 thats small,neither,0.03945320844208391,0.33037608806864915,0.630170703489267
U gonna play overwatch?,neither,0.03785503690846681,0.40424451450070353,0.5579004485908295
All left,neither,0.04278182939233571,0.45988125623763126,0.497336914370033
!crosshair,neither,0.03945320844208391,0.33037608806864915,0.630170703489267
@shroud U gonna play some cs?,neither,0.03141398783582608,0.38576633110594866,0.5828196810582252
@shroud quake today?,neither,0.037958996135523816,0.3073705101606052,0.654670493703871
Fake shroud LUL????,neither,0.03945320844208391,0.33037608806864915,0.630170703489267
4'11,neither,0.03945320844208391,0.33037608806864915,0.630170703489267
sharood you should watch smoke criminal 2 Kappa @shroud,neither,0.0637550121367236,0.4355203680821409,0.5007246197811357
shroud do you drink alcohol?,neither,0.059115146884694075,0.37911056439554225,0.5617742887197635
@n1ckst4r2002 ur dick is small,offensive_language,0.12272090595575154,0.8258489618355639,0.051430132208684615
PUBG later? @shroud,neither,0.03945320844208391,0.33037608806864915,0.630170703489267
@shroud I don't understand why you stopped playing Rank S,neither,0.040855965696332305,0.3766715480502339,0.582472486253434
@shroud you watch launders vid on stewie?,neither,0.05492477796986053,0.3765796965021385,0.568495525528001
i am 5'1 though FeelsBadMan,neither,0.039167519555433704,0.33047434957720423,0.6303581308673623
daddy show me your face,neither,0.08402966761919525,0.28202943913045986,0.633940893250345
Oooooo,neither,0.03945320844208391,0.33037608806864915,0.630170703489267
@shroud how big is your dick?,offensive_language,0.08307164146696074,0.8914877789431562,0.025440579589883
fridexi not what ur mom said LUL,neither,0.06333778218868791,0.324042620097706,0.6126195977136061
you should tell skadoodle to stream more,neither,0.08610565463608741,0.40313552980187545,0.5107588155620372
Hi,neither,0.03945320844208391,0.33037608806864915,0.630170703489267
shroudTHICC shroudTHICC,neither,0.03945320844208391,0.33037608806864915,0.630170703489267
Have you decided what you are gonna do for your bday when you get to Dallas??,neither,0.12757317118299616,0.4217214535332317,0.4507053752837722
OH DADDY!!,neither,0.0466245357041594,0.2629976493449647,0.690377814950876
Smoke Criminal Chapter 2,neither,0.035882201554131264,0.3909853945425421,0.5731324039033265
@Harri1950 You can write like a man,offensive_language,0.08157727042125779,0.4956850734770872,0.422737656101655
: sharood you should watch smoke criminal 2 Kappa @shroud,neither,0.0637550121367236,0.4355203680821409,0.5007246197811357
hi dad,neither,0.03945320844208391,0.33037608806864915,0.630170703489267
dont ask him to watch the second smoke criminal he has already seen it,neither,0.045630174624456225,0.3574304022053101,0.5969394231702336
Rank S is ass,offensive_language,0.13923607694622117,0.8593190260289681,0.0014448970248106786
Hello everyone. shroudH shroudH,neither,0.03269494828970791,0.4450814005079928,0.5222236512022994
jas9n PogChamp,neither,0.03945320844208391,0.33037608806864915,0.630170703489267
a game PogChamp,neither,0.03826383497213389,0.24674689817812728,0.7149892668497387
!music,neither,0.03945320844208391,0.33037608806864915,0.630170703489267
"men under 6' are not men lol, pls chat",neither,0.04690901847561842,0.3391887573514324,0.6139022241729492
hiho,neither,0.03945320844208391,0.33037608806864915,0.630170703489267
<3 <3 <3 <3 <3 <3 <3 <3 <3 <3 <3 <3 <3 <3 <3,neither,0.03945320844208391,0.33037608806864915,0.630170703489267
hey shroud,neither,0.03945320844208391,0.33037608806864915,0.630170703489267
overwatch strum?? shroudi?? @shroud,neither,0.03945320844208391,0.33037608806864915,0.630170703489267
shroudH,neither,0.03945320844208391,0.33037608806864915,0.630170703489267
hey mike <3,neither,0.03945320844208391,0.33037608806864915,0.630170703489267
"hiiiiiiiiiiiiiiiiiiiiiii, first stream man, thanks for gettin me into cs!!!!!!!!!!!",neither,0.026978758111386128,0.36037415494623565,0.6126470869423782
@n1ckst4r2002 ur a funny kid i must admit,neither,0.0586150354506642,0.3305062073761585,0.6108787571731772
!cfg,neither,0.03945320844208391,0.33037608806864915,0.630170703489267
dust LOL,neither,0.030390423329749658,0.3972060592599654,0.5724035174102851
@auschwitzu His config can be found on his ESEA page here: http://play.esea.net/users/248592 OR in the FAQ section down below! (Don't click on the link that the bot whispers you),neither,0.07495492607328838,0.29592674608676545,0.6291183278399461
@shroud gratz on making dallas,neither,0.03711285557947154,0.331303398632216,0.6315837457883124
SHROOD,neither,0.03945320844208391,0.33037608806864915,0.630170703489267
any pubg tonight?,neither,0.03593546998268386,0.30091899910283626,0.6631455309144799
damn lost my deagle blaze today;(,offensive_language,0.03332338780089591,0.7565601228710865,0.21011648932801755
muted,neither,0.03945320844208391,0.33037608806864915,0.630170703489267
its true;.. if u shorter than 6 feet u are a disgrace,neither,0.035507432316218154,0.34349577419060745,0.6209967934931745
White crosshaircolor is the new thing? 2017,hate_speech,0.7609834029199445,0.2121684611608526,0.026848135919202907
the song <3,neither,0.03723279492333708,0.3157821823626932,0.6469850227139697
!sens,neither,0.03945320844208391,0.33037608806864915,0.630170703489267
!uptime,neither,0.03945320844208391,0.33037608806864915,0.630170703489267
"@freakdevil_ DPI: 400 - Ingame : 2.1 - Windows: 6/11 - Raw-Input: On - 1000 Hz Polling Rate, AWP sens is 1",neither,0.04219570543018974,0.33652810856513393,0.6212761860046764
hallooo,neither,0.03945320844208391,0.33037608806864915,0.630170703489267
you need new sticker on your ak brother,neither,0.07737147526170075,0.2985981071972241,0.6240304175410751
Can you day happy Bday Hugo,neither,0.05846855356908824,0.35880109435274454,0.5827303520781673
Hands cold? you jittering,neither,0.06123633890615005,0.39064043490236106,0.5481232261914889
@shroud what cl_bob do you play on?,neither,0.07182391502564427,0.4084642076465061,0.5197118773278495
!video,neither,0.049266163358008055,0.16382463337382713,0.7869092032681648
@leafendis His video settings are: https://gyazo.com/a4de6b3c8645897647b8ee0dc1189590 (picture taken 12.29.2016),neither,0.07441748442788888,0.2550711281234634,0.6705113874486478
Did anyone see the video of what changes could be happening to dust 2?,neither,0.049462074299773166,0.26748254271246275,0.683055382987764
!uptime,neither,0.03945320844208391,0.33037608806864915,0.630170703489267
and ofc m1 is in there,neither,0.053067336032204905,0.20578486100196203,0.7411478029658332
he needs 4 Titan holo Kato 14 on his ak,neither,0.062055083501688924,0.3407730464995606,0.5971718699987505
eu curto penis,neither,0.03945320844208391,0.33037608806864915,0.630170703489267
br Não...,neither,0.03945320844208391,0.33037608806864915,0.630170703489267
cl_lower_bob_amt 5,neither,0.03945320844208391,0.33037608806864915,0.630170703489267
What website do u use to get games,neither,0.021658231569319338,0.4095358646025088,0.568805903828172
what up Mikey!,neither,0.042441577905481906,0.3853237793234182,0.5722346427710998
@shroud I don't understand why you stopped playing Rank S,neither,0.040855965696332305,0.3766715480502339,0.582472486253434
LUL,neither,0.03945320844208391,0.33037608806864915,0.630170703489267
!mousepad,neither,0.03945320844208391,0.33037608806864915,0.630170703489267
