text,top_class,hate_speech,offensive_language,neither
notification squad,neither,0.03945320844208391,0.33037608806864915,0.630170703489267
shroudH,neither,0.03945320844208391,0.33037608806864915,0.630170703489267
or 6.7k lurkers?,neither,0.03945320844208391,0.33037608806864915,0.630170703489267
staple shots,neither,0.03945320844208391,0.33037608806864915,0.630170703489267
CarlSmile CarlSmile CarlSmile,neither,0.03945320844208391,0.33037608806864915,0.630170703489267
SHROUD RETIRED HLTV CONFIRMED,neither,0.03945320844208391,0.33037608806864915,0.630170703489267
SHROOD,neither,0.03945320844208391,0.33037608806864915,0.630170703489267
hello shroud,neither,0.03945320844208391,0.33037608806864915,0.630170703489267
WHADDUP,neither,0.03945320844208391,0.33037608806864915,0.630170703489267
MORNING,neither,0.05283876784042269,0.1031882115525248,0.8439730206070525
SHROOD OR Shroud?,neither,0.03945320844208391,0.33037608806864915,0.630170703489267
You realy gotta get online when i shared my 30 months resub like 1 hour ago >_<,neither,0.03863810790708755,0.4645961997969215,0.496765692295991
shimp,neither,0.03945320844208391,0.33037608806864915,0.630170703489267
shrimp,neither,0.03945320844208391,0.33037608806864915,0.630170703489267
shrood,neither,0.03945320844208391,0.33037608806864915,0.630170703489267
Hi,neither,0.03945320844208391,0.33037608806864915,0.630170703489267
yoyoyo,neither,0.03945320844208391,0.33037608806864915,0.630170703489267
yeah i like shrimp too,neither,0.030804920741361225,0.4566550846790279,0.512539994579611
hollllllllla,neither,0.03945320844208391,0.33037608806864915,0.630170703489267
RETIREMENT,neither,0.03945320844208391,0.33037608806864915,0.630170703489267
HI RODCHIE,neither,0.03945320844208391,0.33037608806864915,0.630170703489267
at this time,neither,0.03610577246950257,0.40416730978279725,0.5597269177477002
No one can deny potatos are good,neither,0.06151142701625097,0.32598325306205844,0.6125053199216905
yo big man @shroud,offensive_language,0.020448287047122246,0.5925949484184904,0.38695676453438743
eyy,neither,0.03945320844208391,0.33037608806864915,0.630170703489267
shroudWTF shroudIA,neither,0.03945320844208391,0.33037608806864915,0.630170703489267
Slipknot lmao,neither,0.03705015143476208,0.3711622369619404,0.5917876116032975
hey mate,neither,0.03945320844208391,0.33037608806864915,0.630170703489267
yoyoyo,neither,0.03945320844208391,0.33037608806864915,0.630170703489267
DADDY,neither,0.03945320844208391,0.33037608806864915,0.630170703489267
Kappa,neither,0.03945320844208391,0.33037608806864915,0.630170703489267
i would actually like shroud to retire and concentrate on his stream more,neither,0.06539564541081574,0.3120252135011608,0.6225791410880234
FUCK YEAH,offensive_language,0.10370730243492932,0.8962908387340361,1.8588310345579474e-06
is your internet good today?,neither,0.08465387437178148,0.2923878930382902,0.6229582325899282
R E T I R E M E N T,neither,0.03945320844208391,0.33037608806864915,0.630170703489267
hello shroud,neither,0.03945320844208391,0.33037608806864915,0.630170703489267
please succ me,neither,0.027733714911649544,0.3966643840372839,0.5756019010510666
SHROUD PogChamp,neither,0.03945320844208391,0.33037608806864915,0.630170703489267
SPAM MONKAS,neither,0.03945320844208391,0.33037608806864915,0.630170703489267
hey,neither,0.03945320844208391,0.33037608806864915,0.630170703489267
Hi shrood! @shroud,neither,0.03945320844208391,0.33037608806864915,0.630170703489267
lelelelets go,neither,0.04276165647058889,0.34190019769565555,0.6153381458337556
shroudIA shroudJ,neither,0.03945320844208391,0.33037608806864915,0.630170703489267
shroudWTF shroudIA,neither,0.03945320844208391,0.33037608806864915,0.630170703489267
Hey dad I love you,neither,0.05515301409020732,0.4040110935775396,0.540835892332253
MonkaS,neither,0.03945320844208391,0.33037608806864915,0.630170703489267
1st Kappa,neither,0.03945320844208391,0.33037608806864915,0.630170703489267
stream too quiet,neither,0.03922029412094105,0.33432925195638385,0.6264504539226751
Hey @shroud Thanks for streaming. It's my birthday today by the way. Hope you can greet me so I can clip it and make my friends envious!,neither,0.03802417505727026,0.36388704407045885,0.5980887808722709
shroudTHICC shroudTHICC,neither,0.03945320844208391,0.33037608806864915,0.630170703489267
henlo,neither,0.03945320844208391,0.33037608806864915,0.630170703489267
MonkaS,neither,0.03945320844208391,0.33037608806864915,0.630170703489267
:D,neither,0.03945320844208391,0.33037608806864915,0.630170703489267
shroudyyy,neither,0.03945320844208391,0.33037608806864915,0.630170703489267
shroudC9 shroudC9 shroudC9 shroudC9 shroudC9 shroudC9,neither,0.03945320844208391,0.33037608806864915,0.630170703489267
NiteSwift just subscribed shroudThump,neither,0.02667013123193722,0.39600456006212814,0.5773253087059346
hello,neither,0.03945320844208391,0.33037608806864915,0.630170703489267
first?,neither,0.02604892428726219,0.3349864360510187,0.6389646396617191
yessss mike,neither,0.03945320844208391,0.33037608806864915,0.630170703489267
Hi,neither,0.03945320844208391,0.33037608806864915,0.630170703489267
Hello,neither,0.03945320844208391,0.33037608806864915,0.630170703489267
first,neither,0.02604892428726219,0.3349864360510187,0.6389646396617191
NOTIFICATION SQUAADDDDD,neither,0.03945320844208391,0.33037608806864915,0.630170703489267
WHERE THE FUCK I AM,offensive_language,0.2176594759166525,0.7822169636075392,0.00012356047580830008
Hey @shroud Thanks for streaming. It's my birthday today by the way. Hope you can greet me so I can clip it and make my friends jealous :3,neither,0.03798749326608785,0.3647409373473353,0.5972715693865769
First,neither,0.02604892428726219,0.3349864360510187,0.6389646396617191
wooo,neither,0.03945320844208391,0.33037608806864915,0.630170703489267
yufvi;,neither,0.03945320844208391,0.33037608806864915,0.630170703489267
daddy,neither,0.03945320844208391,0.33037608806864915,0.630170703489267
ooh baby shroud 1v4,neither,0.03945320844208391,0.33037608806864915,0.630170703489267
shrood,neither,0.03945320844208391,0.33037608806864915,0.630170703489267
boom bytch,neither,0.03945320844208391,0.33037608806864915,0.630170703489267
before i forget by slipknot,neither,0.036324179773546815,0.455398624713395,0.5082771955130583
Hey babe,neither,0.03945320844208391,0.33037608806864915,0.630170703489267
shroudWTF shroudIA,neither,0.03945320844208391,0.33037608806864915,0.630170703489267
Double messages?,neither,0.03945320844208391,0.33037608806864915,0.630170703489267
Sup biTch,offensive_language,0.004049259607888814,0.9959505052883315,2.35103779646016e-07
!config,neither,0.03945320844208391,0.33037608806864915,0.630170703489267
@therealstash His config can be found on his ESEA page here: http://play.esea.net/users/248592 OR in the FAQ section down below!,neither,0.0839337416261435,0.2602498405772156,0.6558164177966408
where the fuck i am,offensive_language,0.2176594759166525,0.7822169636075392,0.00012356047580830008
1,neither,0.03945320844208391,0.33037608806864915,0.630170703489267
!uptime,neither,0.03945320844208391,0.33037608806864915,0.630170703489267
shrood,neither,0.03945320844208391,0.33037608806864915,0.630170703489267
Hello Shroud,neither,0.03945320844208391,0.33037608806864915,0.630170703489267
shroudWTF shroudIA,neither,0.03945320844208391,0.33037608806864915,0.630170703489267
WHER TEH FUCK AM I,offensive_language,0.1618033068149832,0.8366194033803238,0.0015772898046931107
hi,neither,0.03945320844208391,0.33037608806864915,0.630170703489267
!song,neither,0.038601720699969956,0.3448280572582511,0.616570222041779
hi,neither,0.03945320844208391,0.33037608806864915,0.630170703489267
yeet,neither,0.03945320844208391,0.33037608806864915,0.630170703489267
@shroud I WON NOTHINGS JERSEY LAST NIGHT!!!,neither,0.03250945287139225,0.330155633923168,0.6373349132054399
shroudWTF shroudIA,neither,0.03945320844208391,0.33037608806864915,0.630170703489267
!uptime,neither,0.03945320844208391,0.33037608806864915,0.630170703489267
!uptime,neither,0.03945320844208391,0.33037608806864915,0.630170703489267
slipknot is so good,neither,0.05371581062743705,0.4071450768424978,0.5391391125300652
@shroud you should play paragon with minikerr :),offensive_language,0.06486394065853184,0.5401749662931159,0.3949610930483523
KappaHD +,neither,0.03945320844208391,0.33037608806864915,0.630170703489267
<o/ dab,neither,0.03945320844208391,0.33037608806864915,0.630170703489267
!uptime,neither,0.03945320844208391,0.33037608806864915,0.630170703489267
@chap1stick Channel shroud has been live for 03m and 20s,neither,0.03779113064157903,0.28212066614672776,0.6800882032116932
Shrimpmeister,neither,0.03945320844208391,0.33037608806864915,0.630170703489267
where the fuck i am spam chat dab now,offensive_language,0.14971827602571522,0.8220532689425759,0.02822845503170888
Hello,neither,0.03945320844208391,0.33037608806864915,0.630170703489267
lol i was watching moe reacts to stewie2k accused of cheating,neither,0.03825595250586026,0.36171539163470967,0.6000286558594299
song,neither,0.038601720699969956,0.3448280572582511,0.616570222041779
HeyGuys,neither,0.03945320844208391,0.33037608806864915,0.630170703489267
sup babe,neither,0.03945320844208391,0.33037608806864915,0.630170703489267
hey,neither,0.03945320844208391,0.33037608806864915,0.630170703489267
stream STARTING UP,neither,0.036962939241051415,0.3805690534615407,0.582468007297408
heey,neither,0.03945320844208391,0.33037608806864915,0.630170703489267
eh,neither,0.03945320844208391,0.33037608806864915,0.630170703489267
where the fuck i am,offensive_language,0.2176594759166525,0.7822169636075392,0.00012356047580830008
Holla holla get dolla,neither,0.03913666181512132,0.33574871044907023,0.6251146277358084
yoo,neither,0.03945320844208391,0.33037608806864915,0.630170703489267
Squid1 Squid2 Squid3 Squid4,neither,0.03945320844208391,0.33037608806864915,0.630170703489267
nookyHi nookyHi nookyHi nookyHi nookyHi,neither,0.03945320844208391,0.33037608806864915,0.630170703489267
tes tes 1 2,neither,0.03945320844208391,0.33037608806864915,0.630170703489267
3 4,neither,0.03945320844208391,0.33037608806864915,0.630170703489267
we can hear you,neither,0.06446856302062165,0.3952187175911303,0.5403127193882481
WE HEAR YOU,neither,0.06695848439768794,0.4100304654786806,0.5230110501236314
hi,neither,0.03945320844208391,0.33037608806864915,0.630170703489267
Squid1 Squid2 Squid2 Squid3 Squid2 Squid2 Squid2 Squid4,neither,0.03945320844208391,0.33037608806864915,0.630170703489267
test test 12 test test,neither,0.03945320844208391,0.33037608806864915,0.630170703489267
SHROUUUUUUUUUUUUUUUUUUUUUD,neither,0.03945320844208391,0.33037608806864915,0.630170703489267
DAD,neither,0.03945320844208391,0.33037608806864915,0.630170703489267
Hey @shroud Thanks for streaming. It's my birthday today by the way. Hope you can greet me so I can clip it and make my friends jealous :3 .,neither,0.03798749326608785,0.3647409373473353,0.5972715693865769
Im gat,neither,0.03851573713138852,0.3659471027577181,0.5955371601108934
hi,neither,0.03945320844208391,0.33037608806864915,0.630170703489267
TEST,neither,0.03945320844208391,0.33037608806864915,0.630170703489267
1 2,neither,0.03945320844208391,0.33037608806864915,0.630170703489267
test,neither,0.03945320844208391,0.33037608806864915,0.630170703489267
jahHey jahHey jahHey jahHey,neither,0.03945320844208391,0.33037608806864915,0.630170703489267
LOUD AND CLEAR,neither,0.038633186248340806,0.2887081821702001,0.6726586315814592
5 6,neither,0.03945320844208391,0.33037608806864915,0.630170703489267
testing,neither,0.03945320844208391,0.33037608806864915,0.630170703489267
Hi boysss,neither,0.03945320844208391,0.33037608806864915,0.630170703489267
TESTIES,neither,0.03945320844208391,0.33037608806864915,0.630170703489267
FUCK MY OVARIES @shroud,offensive_language,0.11002759995308076,0.8895593673619602,0.0004130326849590261
hi,neither,0.03945320844208391,0.33037608806864915,0.630170703489267
heey,neither,0.03945320844208391,0.33037608806864915,0.630170703489267
TEST,neither,0.03945320844208391,0.33037608806864915,0.630170703489267
i love slipknot,neither,0.03217296676969875,0.3657703709031763,0.602056662327125
test,neither,0.03945320844208391,0.33037608806864915,0.630170703489267
hey,neither,0.03945320844208391,0.33037608806864915,0.630170703489267
test,neither,0.03945320844208391,0.33037608806864915,0.630170703489267
Yaaaaaassssssss,neither,0.03945320844208391,0.33037608806864915,0.630170703489267
TESTES,neither,0.03945320844208391,0.33037608806864915,0.630170703489267
PogChamp slipknot now i love this channel,neither,0.03638303441990203,0.3459086518047422,0.6177083137753556
YEEEEEEEE BOI,neither,0.03945320844208391,0.33037608806864915,0.630170703489267
test,neither,0.03945320844208391,0.33037608806864915,0.630170703489267
heeeeey shroudi,neither,0.03945320844208391,0.33037608806864915,0.630170703489267
@haz02 lol I was just watching How Shroud Really Plays CSGO,neither,0.030961656014407774,0.3858028134312562,0.583235530554336
LETS GO,neither,0.039984317429425154,0.35542799280679366,0.6045876897637812
shroudGEZ shroudGEZ shroudGEZ,neither,0.03945320844208391,0.33037608806864915,0.630170703489267
!crosshair,neither,0.03945320844208391,0.33037608806864915,0.630170703489267
@jinxv2 It's classified information - Shr00dy,neither,0.037828236809968684,0.3309349903269868,0.6312367728630445
shroudWTF shroudIA,neither,0.03945320844208391,0.33037608806864915,0.630170703489267
test test 1 2 test test 1 2 test test,neither,0.03945320844208391,0.33037608806864915,0.630170703489267
I love you shroud,offensive_language,0.079837142191777,0.5038574454704381,0.4163054123377849
LEEEEEEEEEEEEETS GO,neither,0.04276165647058889,0.34190019769565555,0.6153381458337556
SHROOD,neither,0.03945320844208391,0.33037608806864915,0.630170703489267
before i forget is so fuckin good,offensive_language,0.08033326858751991,0.9065369813265387,0.013129750085941264
@shroud kuk,neither,0.03945320844208391,0.33037608806864915,0.630170703489267
!uptime,neither,0.03945320844208391,0.33037608806864915,0.630170703489267
hi,neither,0.03945320844208391,0.33037608806864915,0.630170703489267
Hey @shroud Thanks for streaming. It's my birthday today by the way. Hope you can greet me so I can clip it and make my friends jealous :3 My name is Lexter by the way :D,neither,0.03653950927547993,0.3997864860290149,0.5636740046955051
Squid1 Squid2 Squid3 Squid4,neither,0.03945320844208391,0.33037608806864915,0.630170703489267
i'm doing homework,neither,0.03945320844208391,0.33037608806864915,0.630170703489267
SHROUD PUG WITH NOW MAN @shroud,offensive_language,0.023812220409497258,0.48871943010903296,0.4874683494814699
SHRIMP,neither,0.03945320844208391,0.33037608806864915,0.630170703489267
@shroud Hello can u donate me items pls i got scammed *-* -,neither,0.03415219177290565,0.38119810497676354,0.5846497032503308
Hola,neither,0.03945320844208391,0.33037608806864915,0.630170703489267
mike do u like metallica man? ;),neither,0.054758607365716964,0.42430126296373954,0.5209401296705436
song name?,neither,0.038830105554549986,0.3409517702390533,0.6202181242063967
Hey @shroud missed u man <3,neither,0.03960340102609385,0.4002987725692097,0.5600978264046965
here comes the shroud,neither,0.1140079383939047,0.2548459408580536,0.6311461207480417
shroudWTF shroudIA,neither,0.03945320844208391,0.33037608806864915,0.630170703489267
Hello shrimp,neither,0.03945320844208391,0.33037608806864915,0.630170703489267
shrood or shrode,neither,0.03945320844208391,0.33037608806864915,0.630170703489267
we dem boys,neither,0.03926857964299864,0.3335097206318958,0.6272216997251057
shroudWTF shroudIA,neither,0.03945320844208391,0.33037608806864915,0.630170703489267
BloodTrail,neither,0.03945320844208391,0.33037608806864915,0.630170703489267
hi,neither,0.03945320844208391,0.33037608806864915,0.630170703489267
j@shroud Hello can u donate me items pls i got scammed *-* -,neither,0.03415219177290565,0.38119810497676354,0.5846497032503308
"hello bois, hello shroud",neither,0.03945320844208391,0.33037608806864915,0.630170703489267
YO SHROUD,offensive_language,0.04010381111145228,0.5271105317972344,0.4327856570913131
hi shrud,neither,0.03945320844208391,0.33037608806864915,0.630170703489267
@shroud you gonna beat Pain?,neither,0.056041898286755334,0.43570425608391644,0.5082538456293282
ITS TIME FOR SHROUD!!!,neither,0.023197453047324,0.3197327276815167,0.6570698192711594
Im gay,hate_speech,0.5154402502539991,0.12695318785875706,0.357606561887244
Join the new Curse server! https://curse.com/invite/Xv6nbZgd4kugsL2fxlg6NQ,neither,0.04082319323556661,0.27696135383134185,0.6822154529330917
shroudWTF shroudIA,neither,0.03945320844208391,0.33037608806864915,0.630170703489267
shroudWTF shroudIA,neither,0.03945320844208391,0.33037608806864915,0.630170703489267
shrimp,neither,0.03945320844208391,0.33037608806864915,0.630170703489267
"@shroud , hey shroud which mouse would u prefer with small hands?",neither,0.03229191978453038,0.34976626696890534,0.6179418132465643
hello @shroud,neither,0.03945320844208391,0.33037608806864915,0.630170703489267
@shroud what u eat for breakfast?,neither,0.03839052554589618,0.2949709647584185,0.6666385096956854
OOOOH BOY O BOY,neither,0.03945320844208391,0.33037608806864915,0.630170703489267
"Hows your internet today, Mike?",neither,0.06093922169049132,0.3062717595293676,0.632789018780141
@shroud which crosshair?,neither,0.03945320844208391,0.33037608806864915,0.630170703489267
ðŸ˜‚ðŸ’¤ðŸ˜µðŸ˜“ðŸ‘‹ðŸ¼ðŸŽ¾ðŸ™ðŸ¼ðŸ’ªðŸ¼ðŸ˜˜ðŸ‘ðŸ¼ðŸ³â˜€ï¸ðŸ˜ðŸ˜­ðŸ’ðŸ½ðŸ˜‡ðŸ‘ðŸ¤¢ðŸ”¥ðŸ˜ðŸ˜…â¤ï¸ðŸƒðŸ½ðŸ“šðŸ˜ŒðŸ™„â˜”ï¸ðŸ«ðŸš¶ðŸ½ðŸ”œ,neither,0.03945320844208391,0.33037608806864915,0.630170703489267
hiiii,neither,0.03945320844208391,0.33037608806864915,0.630170703489267
o/,neither,0.03945320844208391,0.33037608806864915,0.630170703489267
hey,neither,0.03945320844208391,0.33037608806864915,0.630170703489267
mike do u like metallica bro,neither,0.05338655608485173,0.3469144858184055,0.5996989580967429
@shroud Hello can u donate me items pls i got scammed *-* -,neither,0.03415219177290565,0.38119810497676354,0.5846497032503308
is shrood or shrimp,neither,0.048978539028980965,0.3270998900900419,0.6239215708809771
hi lixo,neither,0.03945320844208391,0.33037608806864915,0.630170703489267
"Hey @shroud Thanks for streaming. It's my birthday today by the way. Hope you can greet me so I can clip it and make my friends jealous :3 My name is Lexter by the way :D ,",neither,0.03653950927547993,0.3997864860290149,0.5636740046955051
Sup Doggo,neither,0.03945320844208391,0.33037608806864915,0.630170703489267
hello,neither,0.03945320844208391,0.33037608806864915,0.630170703489267
sup shrood,neither,0.03945320844208391,0.33037608806864915,0.630170703489267
time to bong shrud,neither,0.04563313073209403,0.34746289703186556,0.6069039722360405
psychosocial,neither,0.03945320844208391,0.33037608806864915,0.630170703489267
hey yo,neither,0.039733087206308505,0.4442218102433518,0.5160451025503396
Welcome back RyanMakesNoise (5 months) shroudMilk,neither,0.03945320844208391,0.33037608806864915,0.630170703489267
ITS TIME FOR SHROUD!,neither,0.023197453047324,0.3197327276815167,0.6570698192711594
i am hatred,neither,0.03923542281563193,0.3304509945322771,0.630313582652091
pinguxdxd just subscribed shroudHype,neither,0.02667013123193722,0.39600456006212814,0.5773253087059346
echo ping back after 282065285ms,neither,0.03945320844208391,0.33037608806864915,0.630170703489267
!uptime,neither,0.03945320844208391,0.33037608806864915,0.630170703489267
p@shroud Hello can u donate me items pls i got scammed *-*,neither,0.03415219177290565,0.38119810497676354,0.5846497032503308
@mmrhamz Channel shroud has been live for 04m and 54s,neither,0.037527441653855145,0.2724964938497483,0.6899760644963965
hey,neither,0.03945320844208391,0.33037608806864915,0.630170703489267
Daddy is home!!!??? @shroud,neither,0.049845455207906744,0.32680171786314566,0.6233528269289477
eyoo,neither,0.03945320844208391,0.33037608806864915,0.630170703489267
no video @shroud,neither,0.046848757063929526,0.2048543271120338,0.7482969158240367
AutomaticTV waiting room ResidentSleeper ResidentSleeper,neither,0.03945320844208391,0.33037608806864915,0.630170703489267
@shroud will you play some sum 41 music Kreygasm,neither,0.04685217057624708,0.3666808699482764,0.5864669594754766
@shroud play psycosocial plz,neither,0.03945320844208391,0.33037608806864915,0.630170703489267
game time?,neither,0.036831986904325216,0.29642753231080715,0.6667404807848678
I can't see you shroomp,neither,0.0791500659051213,0.421602158652166,0.49924777544271276
XIX for sure,neither,0.02401742335574164,0.4711104313852341,0.5048721452590242
like shrimp?,neither,0.05374066111310745,0.35059868741263056,0.595660651474262
Before i Forget Slipknot,neither,0.034653012230340445,0.4118479452957805,0.5534990424738792
@shroud wait and bleed,neither,0.03864604949405993,0.28943831091933425,0.6719156395866058
Welcome back hiimberserker (7 months) shroudH,neither,0.03945320844208391,0.33037608806864915,0.630170703489267
"mike, psychosocial is good @shroud",neither,0.048955057140886306,0.32710796658813374,0.6239369762709798
the devil inn i,neither,0.038215876222912545,0.3075096453319408,0.6542744784451466
"@shroud Is this real, i am watching stream from beginging where da fuq i am",neither,0.05850669530612001,0.4389950469135253,0.5024982577803545
IOWA,neither,0.03945320844208391,0.33037608806864915,0.630170703489267
"""the devil and i"" i love that one",neither,0.03073412190494623,0.3608786999031879,0.6083871781918659
shroudWTF shroudIA,neither,0.03945320844208391,0.33037608806864915,0.630170703489267
Whatup shroudy,neither,0.03945320844208391,0.33037608806864915,0.630170703489267
Show me some cool skills broo,neither,0.03689113892286823,0.309138282318679,0.6539705787584527
CAN U OPEN UR TITS SHROOD,neither,0.06480912366353317,0.31720880783251126,0.6179820685039557
@shroud Hello can u donate me items pls i got scammed *-*,neither,0.03415219177290565,0.38119810497676354,0.5846497032503308
@stewie2k pogchamp,neither,0.03945320844208391,0.33037608806864915,0.630170703489267
Duck anything from that album dad @shroud,neither,0.03727996828521986,0.34877972757147097,0.6139403041433092
@shroud We Hawt?,neither,0.03928250105640122,0.33327343791445996,0.6274440610291387
shroudHype shroudHype shroudHype,neither,0.03945320844208391,0.33037608806864915,0.630170703489267
Happy BirthDay Lexter1104,neither,0.03945320844208391,0.33037608806864915,0.630170703489267
hi,neither,0.03945320844208391,0.33037608806864915,0.630170703489267
@shroud play a blues song,neither,0.039035048435597915,0.3374733546893711,0.6234915968750309
Hii,neither,0.03945320844208391,0.33037608806864915,0.630170703489267
daddy,neither,0.03945320844208391,0.33037608806864915,0.630170703489267
Hello,neither,0.03945320844208391,0.33037608806864915,0.630170703489267
@shroud Hello can u donate me items pls i got scammed *-* -,neither,0.03415219177290565,0.38119810497676354,0.5846497032503308
o/,neither,0.03945320844208391,0.33037608806864915,0.630170703489267
Deddiideed,neither,0.03945320844208391,0.33037608806864915,0.630170703489267
stewie2k PogChamp,neither,0.03945320844208391,0.33037608806864915,0.630170703489267
hi dad,neither,0.03945320844208391,0.33037608806864915,0.630170703489267
"@shroud , hey shroud which mouse would u prefer with small hands?",neither,0.03229191978453038,0.34976626696890534,0.6179418132465643
Before I forget.,neither,0.034653012230340445,0.4118479452957805,0.5534990424738792
There's no such thing as a good heavy metal song @shroud,neither,0.037123064384281014,0.33611681234681384,0.6267601232689052
@mardogg_17 thanks bro :),neither,0.03667965215114467,0.3071506847713781,0.6561696630774774
OYOYOYOY,neither,0.03945320844208391,0.33037608806864915,0.630170703489267
Hey Shrood,neither,0.03945320844208391,0.33037608806864915,0.630170703489267
@shroud maybe the maggots song lol I think it's track 2 of that album,neither,0.03028064319873837,0.3844571330826507,0.5852622237186109
@xrenegades_ptx that's your fault,neither,0.0760216292229503,0.37181406093113695,0.5521643098459127
hi daddy BibleThump,neither,0.03945320844208391,0.33037608806864915,0.630170703489267
How are u mike,neither,0.07393147027540882,0.27360775419100386,0.6524607755335873
Hi guys I am first,neither,0.03238213993221667,0.33469449730624024,0.6329233627615432
hello,neither,0.03945320844208391,0.33037608806864915,0.630170703489267
Jake,neither,0.03945320844208391,0.33037608806864915,0.630170703489267
@stewie2k sup bitch,offensive_language,0.004049259607888814,0.9959505052883315,2.35103779646016e-07
Dad..,neither,0.03945320844208391,0.33037608806864915,0.630170703489267
@shroud Hello can u donate me items pls i got scammed *-*,neither,0.03415219177290565,0.38119810497676354,0.5846497032503308
@xrenegades_ptx LOL,neither,0.020706217963973744,0.4882283491876925,0.4910654328483337
wylSav,neither,0.03945320844208391,0.33037608806864915,0.630170703489267
@shroud how did you make your reaction time so insanely fast im a fellow csgo player and i flinch at the most critical moments,neither,0.052768699398230506,0.4109317867135737,0.5362995138881956
Hi shroud,neither,0.03945320844208391,0.33037608806864915,0.630170703489267
stew ya fuck add me on steam,offensive_language,0.0656685710401267,0.9319050007589081,0.002426428200965221
@Stewie2K hi,neither,0.03945320844208391,0.33037608806864915,0.630170703489267
play minecraft XDdxdDXD,neither,0.03945320844208391,0.33037608806864915,0.630170703489267
HEY,neither,0.03945320844208391,0.33037608806864915,0.630170703489267
I am the 51st viewer,neither,0.03834771585266141,0.3138360861763871,0.6478161979709515
stewie2k stream here we gooooooooo,neither,0.09154844660801302,0.2919375864367539,0.6165139669552331
BANN THAT GUY,neither,0.032320111450793595,0.41345824141993653,0.5542216471292698
@shroud before i forget is a good song,neither,0.042130394259422874,0.39517350245534755,0.5626961032852297
shroudTHICC,neither,0.03945320844208391,0.33037608806864915,0.630170703489267
mike listen to psychosocial :DDD @shroud,neither,0.04722029972241738,0.32585897660230073,0.6269207236752818
hiii,neither,0.03945320844208391,0.33037608806864915,0.630170703489267
@shroud Hello can u donate me items pls i got scammed *-* -,neither,0.03415219177290565,0.38119810497676354,0.5846497032503308
I was so surprised when you liked my tweet @shroud @shroud,offensive_language,0.03276941264998277,0.5190766406920052,0.44815394665801195
Wazzzaaaaap,neither,0.03945320844208391,0.33037608806864915,0.630170703489267
who is stewie2k,offensive_language,0.06273239322143805,0.47642182036533837,0.4608457864132235
Any chance your gonna play LoL again? I've been enjoying watching/playing it recently :),neither,0.031099104013284435,0.38753712051966976,0.5813637754670459
How is it going shroud,neither,0.0465511074625678,0.36673495664957173,0.5867139358878606
Welcome back MarcusWCSGO (6 months) shroudPigeon,neither,0.03945320844208391,0.33037608806864915,0.630170703489267
play DAYZZ,neither,0.03945320844208391,0.33037608806864915,0.630170703489267
psychosocial dude,neither,0.03945320844208391,0.33037608806864915,0.630170703489267
I was first here chat I'm all better than you,neither,0.09205628768641941,0.41291380243246595,0.49502990988111467
DUDE THIS ALVUM IS SO SICK WTF,offensive_language,0.05077554860702105,0.6107265324490062,0.3384979189439728
@Stewie2K love u bby <3,neither,0.03615980259924816,0.34577062025063376,0.6180695771501182
who is stewie2k??,offensive_language,0.06273239322143805,0.47642182036533837,0.4608457864132235
Sup lads,neither,0.03945320844208391,0.33037608806864915,0.630170703489267
The devil in i?,neither,0.038284299691244514,0.30882070531398315,0.6528949949947722
@Stewie2K sup bitch,offensive_language,0.004049259607888814,0.9959505052883315,2.35103779646016e-07
Are u ok ?? Mike,neither,0.07003580884510648,0.27967154934312094,0.6502926418117727
daddy,neither,0.03945320844208391,0.33037608806864915,0.630170703489267
stew que with shroud,neither,0.026862448990530186,0.3752934049572424,0.5978441460522274
@shroud new Superstitum Video,neither,0.05016760986039994,0.10085752295545433,0.8489748671841457
genuis player,neither,0.031471429528787453,0.46584770701033107,0.5026808634608816
Hey @shroud Thanks for streaming. It's my birthday today by the way. Hope you can greet me so I can clip it and make my friends jealous :3 My name is Lexter by the way :D,neither,0.03653950927547993,0.3997864860290149,0.5636740046955051
@shroud Hello can u donate me items pls i got scammed *-*,neither,0.03415219177290565,0.38119810497676354,0.5846497032503308
@xrenegades_ptx how did u get scammed,neither,0.03866608438987952,0.3437356374646403,0.6175982781454801
Daddy,neither,0.03945320844208391,0.33037608806864915,0.630170703489267
"Traveling in a fiery kombri. On a hippie trail, head full of zombie.",neither,0.0466492936750907,0.34961984139981045,0.6037308649250989
the devil in i boi,neither,0.03856549926700106,0.31414217674673117,0.6472923239862677
gappa,neither,0.03945320844208391,0.33037608806864915,0.630170703489267
Hii shroudy,neither,0.03945320844208391,0.33037608806864915,0.630170703489267
"@shroud , hey shroud which mouse would u prefer with small hands?",neither,0.03229191978453038,0.34976626696890534,0.6179418132465643
hey shrud how has been the practice for the minor? what do you think about pain?,neither,0.04625618532228985,0.32381776376548627,0.6299260509122239
Minecraft Mike pls,neither,0.03945320844208391,0.33037608806864915,0.630170703489267
listen to psychosocial mike,neither,0.04722029972241738,0.32585897660230073,0.6269207236752818
Tell stewie you r better than him I wanna see his damn reaction,offensive_language,0.07445338152113339,0.6830347616303136,0.24251185684855292
I LOVE THIS SONG,neither,0.034725997547388365,0.3621436434349178,0.6031303590176939
@shroud best song is Russian national anthem,neither,0.04396145084729497,0.32845016985180164,0.6275883793009034
fking middleman scam....,neither,0.03945320844208391,0.33037608806864915,0.630170703489267
Shroud the man the myth the legend how long you going to be streaming today if you have an idea,neither,0.04350587728931106,0.40807584296905214,0.5484182797416367
@jcrazecs He lies,neither,0.04721043711322542,0.32770802141624894,0.6250815414705257
yessss,neither,0.03945320844208391,0.33037608806864915,0.630170703489267
pls not emo and punk music again. u did it all day last night @shroud,neither,0.042037867117818255,0.19076430440822362,0.7671978284739581
@shroud Hello can u donate me items pls i got scammed *-* -,neither,0.03415219177290565,0.38119810497676354,0.5846497032503308
These are all so good,offensive_language,0.11578979567663472,0.5930168675538428,0.2911933367695226
@xrenegades_ptx rip,neither,0.03945320844208391,0.33037608806864915,0.630170703489267
@xrenegades_ptx you must be retarded,offensive_language,0.14482131588930566,0.8513557583844473,0.003822925726246862
PLAY DAYZZ,neither,0.03945320844208391,0.33037608806864915,0.630170703489267
@shroud do you know when the CLX guy is going to make another amazing coop map?,neither,0.08646611915207944,0.34620299659020576,0.5673308842577148
Shroud ply game,neither,0.03826383497213389,0.24674689817812728,0.7149892668497387
@jcrazecs Who da fuq goes for middle man trades,neither,0.053368033396687706,0.46299381883131485,0.48363814777199743
psychosocial is so good,neither,0.05371581062743705,0.4071450768424978,0.5391391125300652
Fucking advertises xd,offensive_language,0.16642190182174219,0.8335780959705128,2.207744944905971e-09
@shroud I stopped watching DaZeD's Road To Global series for this,neither,0.03940164800122606,0.3097206625777291,0.650877689421045
Kreygasm,neither,0.03945320844208391,0.33037608806864915,0.630170703489267
Hey Shroud XDðŸ‘,neither,0.03945320844208391,0.33037608806864915,0.630170703489267
"I met a strange lady, she made me nervous, she took me in and gave me breakfast.",neither,0.02997607875548555,0.44478551733344057,0.5252384039110739
i noticed to late,neither,0.04671015256797315,0.32614611802066723,0.6271437294113595
@shroud hey shroud how has been the practice for the minor? what do you think about pain?,neither,0.04625618532228985,0.32381776376548627,0.6299260509122239
@L0kum ikr lmao,neither,0.03705015143476208,0.3711622369619404,0.5917876116032975
@shroud how'd you not get discouraged from streaming when you had like one viewer for a year?,neither,0.0552409872188302,0.43948009822502493,0.5052789145561447
Welcome back GamerDraft_2uKa (4 months) shroudInsane,neither,0.03945320844208391,0.33037608806864915,0.630170703489267
why did my name show up in red in my last message?,neither,0.025142723856572784,0.4377137211843798,0.5371435549590475
"@shroud , hey shroud which mouse would u prefer with small hands?",neither,0.03229191978453038,0.34976626696890534,0.6179418132465643
hey shroudy,neither,0.03945320844208391,0.33037608806864915,0.630170703489267
!nvidia,neither,0.03945320844208391,0.33037608806864915,0.630170703489267
pls not emo and punk music again. u did it all day last night @shroud :),neither,0.042037867117818255,0.19076430440822362,0.7671978284739581
@fffatalist I hope this video covers everything that you're looking for - http://oddshot.tv/shot/shroud-2015121931237495,neither,0.07786516559017163,0.16423568730122057,0.7578991471086078
I want this playlist @shroud,neither,0.039604420899864524,0.32780961802704406,0.6325859610730914
@realsoupprodigy https://open.spotify.com/user/mgrzesiek162/playlist/2OOV6oRyqoj837Cpu7DnyO,neither,0.03945320844208391,0.33037608806864915,0.630170703489267
psychosocial is lit mike,neither,0.048017589532995335,0.32743040468662954,0.6245520057803752
@shroud Hello can u donate me items pls i got scammed *-*,neither,0.03415219177290565,0.38119810497676354,0.5846497032503308
hey daddy,neither,0.03945320844208391,0.33037608806864915,0.630170703489267
shroudEZ,neither,0.03945320844208391,0.33037608806864915,0.630170703489267
ITS LIT FOOLS,neither,0.03401092442546098,0.33224793910117845,0.6337411364733605
yes PogChamp,neither,0.03945320844208391,0.33037608806864915,0.630170703489267
4:20,neither,0.03945320844208391,0.33037608806864915,0.630170703489267
@dudadude98 get out of here,neither,0.1070968753489462,0.30826509486755294,0.5846380297835008
no,neither,0.036918905254960256,0.37338982715841207,0.5896912675866277
@shroud I stopped watching DaZeD's Road To Global series for this,neither,0.03940164800122606,0.3097206625777291,0.650877689421045
!uptime,neither,0.03945320844208391,0.33037608806864915,0.630170703489267
!uptime,neither,0.03945320844208391,0.33037608806864915,0.630170703489267
anybody want some skins. just scammed this xrenegades_ptx guy,neither,0.030164690423404986,0.3606396799201732,0.6091956296564218
Tell stewie you r better than him I wanna see his damn reaction,offensive_language,0.07445338152113339,0.6830347616303136,0.24251185684855292
@kye_martinovic14 it didnt,neither,0.037350499161530534,0.33109930621123246,0.631550194627237
I knew it,neither,0.037256246933524945,0.33113172387443623,0.6316120291920387
!uptime,neither,0.03945320844208391,0.33037608806864915,0.630170703489267
@shroud pulse of the maggots YES!!!,neither,0.038065343521932825,0.3046007173563815,0.6573339391216856
@angryvideogamenerd111 Channel shroud has been live for 07m and 27s,neither,0.037527441653855145,0.2724964938497483,0.6899760644963965
Hey @shroud Thanks for streaming. It's my birthday today by the way. Hope you can greet me so I can clip it and make my friends jealous :3 My name is Lexter by the way :D .,neither,0.03653950927547993,0.3997864860290149,0.5636740046955051
DO U UNDERSTAND ? Please shroud volume FeelsBadMan,neither,0.04066068631206221,0.32996078105953836,0.6293785326283995
I have a rare pattern awp boom i need a buyer,neither,0.03894030214604619,0.3358071455068229,0.6252525523471308
watch the new superstitum vid,neither,0.04760060403552968,0.23019711576809004,0.7222022801963802
@kye_martinovic14 cus you used @shroud,neither,0.06106424106410927,0.39020034036606077,0.54873541856983
@shroud Hello can u donate me items pls i got scammed *-* -,neither,0.03415219177290565,0.38119810497676354,0.5846497032503308
"@jcrazecs He lies , just wants free items -.-",neither,0.03980311434857757,0.3447309715881277,0.6154659140632948
That's what I'm fucking talking about mike! This song is sick!! @shroud,offensive_language,0.10896308687550409,0.8820308850150184,0.00900602810947758
paly DAYZZ,neither,0.03945320844208391,0.33037608806864915,0.630170703489267
can we listen to real music,neither,0.03853324065275099,0.44226343647217997,0.5192033228750691
!sens,neither,0.03945320844208391,0.33037608806864915,0.630170703489267
"she said, ""Do you come from the land down under?""",neither,0.05312275466234898,0.4268164979624674,0.5200607473751836
shroudH shroudH shroudH hi shroud how are you today? have a great day @shroud,neither,0.07495360606851104,0.27837105194446243,0.6466753419870265
GREETINGS FROM GERMANy,neither,0.04069404815304118,0.30931579984010865,0.6499901520068502
!crosshair,neither,0.03945320844208391,0.33037608806864915,0.630170703489267
@spartacus_b It's classified information - Shr00dy,neither,0.037828236809968684,0.3309349903269868,0.6312367728630445
Yes pls DexteRekt,neither,0.03945320844208391,0.33037608806864915,0.630170703489267
!viewmodel,neither,0.03945320844208391,0.33037608806864915,0.630170703489267
dad is back,neither,0.05102245223002834,0.3263968946153304,0.6225806531546413
@L0kum yeah most likely,neither,0.02365066234320545,0.4401110215091215,0.5362383161476729
@shroud Hello can u donate me items pls i got scammed *-*,neither,0.03415219177290565,0.38119810497676354,0.5846497032503308
!sensitivity,neither,0.03945320844208391,0.33037608806864915,0.630170703489267
Welcome back murk_24 (5 months) shroudMilk,neither,0.03945320844208391,0.33037608806864915,0.630170703489267
shrouddddd,neither,0.03945320844208391,0.33037608806864915,0.630170703489267
!res,neither,0.03945320844208391,0.33037608806864915,0.630170703489267
Kreygasm,neither,0.03945320844208391,0.33037608806864915,0.630170703489267
U finished all operation missions?,neither,0.04077510808499805,0.38428922536290355,0.5749356665520984
@jcrazecs I dont think there are people falling for middle man trades,neither,0.07111173232673616,0.2854859841690528,0.6434022835042111
@dexterekt like what?,neither,0.0930136579451813,0.355425617874717,0.5515607241801017
give me tactic,neither,0.026785394678102665,0.4026951720026604,0.5705194333192369
"""Where women glow and men plunder?""",neither,0.047424260270512796,0.31799894263336836,0.6345767970961189
LIT,neither,0.03945320844208391,0.33037608806864915,0.630170703489267
@shroud I stopped watching DaZeD's Road To Global series for this,neither,0.03940164800122606,0.3097206625777291,0.650877689421045
watch the new superstitum vid PLZ,neither,0.04623424008241878,0.24562562601357457,0.7081401339040065
Welcome back iBrowny_ (5 months) shroudAK,neither,0.03945320844208391,0.33037608806864915,0.630170703489267
SHOW ME SOME HEAD SHOOTS MAN,neither,0.0358518018763301,0.38853971639535273,0.5756084817283172
"@shroud , hey shroud which mouse would u prefer with small hands?",neither,0.03229191978453038,0.34976626696890534,0.6179418132465643
@shroud zelda stream? PogChamp,neither,0.03945320844208391,0.33037608806864915,0.630170703489267
@shroud Hello can u donate me items pls i got scammed *-* -,neither,0.03415219177290565,0.38119810497676354,0.5846497032503308
