text,top_class,hate_speech,offensive_language,neither
DAD,neither,0.03945320844208391,0.33037608806864915,0.630170703489267
VoHiYo WEEBS UNITE,neither,0.03945320844208391,0.33037608806864915,0.630170703489267
what r u gunna play,neither,0.045792147316861695,0.32585423490955134,0.6283536177735871
tpFree,neither,0.03945320844208391,0.33037608806864915,0.630170703489267
Worlds Adrift ClappyHype,neither,0.03945320844208391,0.33037608806864915,0.630170703489267
Hello,neither,0.03945320844208391,0.33037608806864915,0.630170703489267
hello shroud!,neither,0.03945320844208391,0.33037608806864915,0.630170703489267
my right ear Kreygasm,neither,0.026379570677610487,0.44608803241123085,0.5275323969111586
voice on right side only,neither,0.030917210983581495,0.39855394137965483,0.5705288476367637
!viewmodel,neither,0.03945320844208391,0.33037608806864915,0.630170703489267
"@dvraa Viewmodel_fov ""68"" viewmodel_offset_x ""2.5"" viewmodel_offset_y ""1"" viewmodel_offset_z ""-1.5""",neither,0.03945320844208391,0.33037608806864915,0.630170703489267
SHROUD,neither,0.03945320844208391,0.33037608806864915,0.630170703489267
PogChamp,neither,0.03945320844208391,0.33037608806864915,0.630170703489267
yo whats up people,offensive_language,0.06973606709076596,0.466055997886337,0.46420793502289703
good,neither,0.037820165765928906,0.33093776632913474,0.6312420679049364
!config,neither,0.03945320844208391,0.33037608806864915,0.630170703489267
fixed,neither,0.03945320844208391,0.33037608806864915,0.630170703489267
@punpun100cc His config can be found on his ESEA page here: http://play.esea.net/users/248592 OR in the FAQ section down below!,neither,0.0839337416261435,0.2602498405772156,0.6558164177966408
hi shroud,neither,0.03945320844208391,0.33037608806864915,0.630170703489267
hello everyone!,neither,0.03269494828970791,0.4450814005079928,0.5222236512022994
yeah,offensive_language,0.013968601452186464,0.5182923869769311,0.4677390115708824
FeelsGoodMan fixed,neither,0.03945320844208391,0.33037608806864915,0.630170703489267
Aheoud,neither,0.03945320844208391,0.33037608806864915,0.630170703489267
BloodTrail,neither,0.03945320844208391,0.33037608806864915,0.630170703489267
love me,neither,0.02147655881074121,0.4357531606079768,0.5427702805812821
how we doing tonight homies :),neither,0.03692250709021439,0.3125529327648628,0.6505245601449229
LMAO,neither,0.03705015143476208,0.3711622369619404,0.5917876116032975
hi,neither,0.03945320844208391,0.33037608806864915,0.630170703489267
VoHiYo hello weebs,neither,0.03945320844208391,0.33037608806864915,0.630170703489267
SHRIMP PogChamp,neither,0.03945320844208391,0.33037608806864915,0.630170703489267
=),neither,0.03945320844208391,0.33037608806864915,0.630170703489267
sup shroudy,neither,0.03945320844208391,0.33037608806864915,0.630170703489267
Shroooood,neither,0.03945320844208391,0.33037608806864915,0.630170703489267
yay on time,neither,0.03501260117724624,0.36784780494735325,0.5971395938754005
jojo,neither,0.03945320844208391,0.33037608806864915,0.630170703489267
wooo twitter notification gang âœ‹âœŒ,neither,0.038824156574995994,0.4345635292608413,0.5266123141641627
yo,offensive_language,0.04010381111145228,0.5271105317972344,0.4327856570913131
shroudC9 shroudC9,neither,0.03945320844208391,0.33037608806864915,0.630170703489267
shrood,neither,0.03945320844208391,0.33037608806864915,0.630170703489267
Dad,neither,0.03945320844208391,0.33037608806864915,0.630170703489267
wheres stewie,neither,0.03945320844208391,0.33037608806864915,0.630170703489267
hey mike,neither,0.03945320844208391,0.33037608806864915,0.630170703489267
PogChamp,neither,0.03945320844208391,0.33037608806864915,0.630170703489267
Shroudie â¤ï¸,neither,0.03945320844208391,0.33037608806864915,0.630170703489267
SHRPUDYYY,neither,0.03945320844208391,0.33037608806864915,0.630170703489267
shroudWTF shroudIA,neither,0.03945320844208391,0.33037608806864915,0.630170703489267
Hey :),neither,0.03945320844208391,0.33037608806864915,0.630170703489267
PogChamp,neither,0.03945320844208391,0.33037608806864915,0.630170703489267
shroudHype shroudHype,neither,0.03945320844208391,0.33037608806864915,0.630170703489267
SHROUD,neither,0.03945320844208391,0.33037608806864915,0.630170703489267
PogChamp,neither,0.03945320844208391,0.33037608806864915,0.630170703489267
EARLY,neither,0.042215779998293526,0.28348803902252573,0.6742961809791808
sup,neither,0.03945320844208391,0.33037608806864915,0.630170703489267
What's happening?,neither,0.04568673754512718,0.3259267583143808,0.628386504140492
yo nigguh,offensive_language,0.0590571833934155,0.9407286884205545,0.00021412818602996924
Hello chat ðŸ˜Š,neither,0.03945320844208391,0.33037608806864915,0.630170703489267
so shrod,offensive_language,0.039501631330860744,0.48329170807269783,0.4772066605964413
wooo,neither,0.03945320844208391,0.33037608806864915,0.630170703489267
sup bitch,offensive_language,0.004049259607888814,0.9959505052883315,2.35103779646016e-07
suh dudes,neither,0.03945320844208391,0.33037608806864915,0.630170703489267
WASSUP,neither,0.33529425248498695,0.08556156890646638,0.5791441786085466
I AM SO HAPPY :D,neither,0.03914038914974341,0.39360016065933234,0.5672594501909242
Shroudy,neither,0.03945320844208391,0.33037608806864915,0.630170703489267
@Robby3G PogChamp,neither,0.03945320844208391,0.33037608806864915,0.630170703489267
NOTI SQUAD,neither,0.03945320844208391,0.33037608806864915,0.630170703489267
ye BOI,neither,0.03945320844208391,0.33037608806864915,0.630170703489267
Awww rip I thought I was gonna be first,neither,0.03597431582780682,0.2965973919740908,0.6674282921981023
PogChamp,neither,0.03945320844208391,0.33037608806864915,0.630170703489267
sup shroud,neither,0.03945320844208391,0.33037608806864915,0.630170703489267
SHROUD,neither,0.03945320844208391,0.33037608806864915,0.630170703489267
LOL,neither,0.020706217963973744,0.4882283491876925,0.4910654328483337
@polo_fukkboii PogChamp,neither,0.03945320844208391,0.33037608806864915,0.630170703489267
@KiezzyGatz shut up,neither,0.06265639021040895,0.38499471102054117,0.5523488987690499
Been waitin,neither,0.03909761539641234,0.33641143007759433,0.6244909545259933
Hey shrimp,neither,0.03945320844208391,0.33037608806864915,0.630170703489267
:o,neither,0.03945320844208391,0.33037608806864915,0.630170703489267
PogChamp PogChamp PogChamp PogChamp PogChamp,neither,0.03945320844208391,0.33037608806864915,0.630170703489267
@shroud rektSup,neither,0.03945320844208391,0.33037608806864915,0.630170703489267
HIII,neither,0.03945320844208391,0.33037608806864915,0.630170703489267
Mikeyyyy,neither,0.03945320844208391,0.33037608806864915,0.630170703489267
"what, no way",neither,0.046871268340981875,0.346930922580299,0.6061978090787192
shroooood,neither,0.03945320844208391,0.33037608806864915,0.630170703489267
Whatsup shrooooooodyyy,neither,0.03945320844208391,0.33037608806864915,0.630170703489267
Shrood,neither,0.03945320844208391,0.33037608806864915,0.630170703489267
Wtf it's past midnight.,offensive_language,0.04060929349061351,0.5544088062836887,0.4049819002256977
WHAT IS THIS PogChamp,neither,0.07282678549990032,0.31792604547631814,0.6092471690237815
SwiftRage,neither,0.03945320844208391,0.33037608806864915,0.630170703489267
!uptime,neither,0.03945320844208391,0.33037608806864915,0.630170703489267
@amox_tv Channel shroud has been live for 03m and 10s,neither,0.037527441653855145,0.2724964938497483,0.6899760644963965
tell stewie to stream pls bbby,neither,0.04419432866698504,0.3275804385361253,0.6282252327968897
wut up shrimp,neither,0.0370719725400434,0.3782364475941898,0.5846915798657668
New monitor?,neither,0.04660400397451208,0.1401930676750457,0.8132029283504423
POGVCHAMP,neither,0.03945320844208391,0.33037608806864915,0.630170703489267
rektSup rektSup rektSup rektSup rektSup everybody,neither,0.03945320844208391,0.33037608806864915,0.630170703489267
Late night streaming?? â¤ï¸â¤ï¸,neither,0.032868530201726476,0.33017795865841104,0.6369535111398624
wtf is this late stream,offensive_language,0.049101902286213715,0.5315642181625378,0.4193338795512485
PogChamp,neither,0.03945320844208391,0.33037608806864915,0.630170703489267
???,neither,0.03945320844208391,0.33037608806864915,0.630170703489267
@Paroxtus it is 10:27 where he lives I think,neither,0.05111967902529051,0.2960696150360658,0.6528107059386435
shroudd,neither,0.03945320844208391,0.33037608806864915,0.630170703489267
hi dad â™¥â™¥ shroudHype shroudHype,neither,0.03945320844208391,0.33037608806864915,0.630170703489267
ResidentSleeper,neither,0.03945320844208391,0.33037608806864915,0.630170703489267
mydude,neither,0.03945320844208391,0.33037608806864915,0.630170703489267
DADDY,neither,0.03945320844208391,0.33037608806864915,0.630170703489267
just shroud things streaming from minor i respect THO,neither,0.0346696305911119,0.3381761113511699,0.6271542580577183
Papa shroud you should get some sleep,neither,0.05783890296591141,0.44048797591728006,0.5016731211168085
uhhhh,neither,0.03945320844208391,0.33037608806864915,0.630170703489267
UHHHHHHHHHHHH,neither,0.03945320844208391,0.33037608806864915,0.630170703489267
Yeah,offensive_language,0.013968601452186464,0.5182923869769311,0.4677390115708824
Hey mike!,neither,0.03945320844208391,0.33037608806864915,0.630170703489267
How long till it starts,neither,0.037972968197446,0.3290877157537198,0.6329393160488341
haHAA,neither,0.03945320844208391,0.33037608806864915,0.630170703489267
SHRIMP PogChamp,neither,0.03945320844208391,0.33037608806864915,0.630170703489267
shroud is announcing his retirement Kappa,neither,0.06434786536857302,0.3293415257407224,0.6063106088907045
Shroud saw all the cs streamers and decided to steal all their viewers FeelsBadMan,neither,0.04400157450974908,0.37199219753478796,0.5840062279554629
shroudInsane,neither,0.03945320844208391,0.33037608806864915,0.630170703489267
im still sub,neither,0.037466966568679004,0.38434178963955434,0.5781912437917668
Noooo,neither,0.03945320844208391,0.33037608806864915,0.630170703489267
SHRIMP,neither,0.03945320844208391,0.33037608806864915,0.630170703489267
lit,neither,0.03945320844208391,0.33037608806864915,0.630170703489267
Shroud,neither,0.03945320844208391,0.33037608806864915,0.630170703489267
:>,neither,0.03945320844208391,0.33037608806864915,0.630170703489267
shroudR shroudR shroudR,neither,0.03945320844208391,0.33037608806864915,0.630170703489267
Shroud stream,neither,0.03945320844208391,0.33037608806864915,0.630170703489267
Join the new Curse server! https://curse.com/invite/Xv6nbZgd4kugsL2fxlg6NQ,neither,0.04082319323556661,0.27696135383134185,0.6822154529330917
hi,neither,0.03945320844208391,0.33037608806864915,0.630170703489267
shroudH shroudH shroudH,neither,0.03945320844208391,0.33037608806864915,0.630170703489267
Shroud waiting room ResidentSleeper,neither,0.03945320844208391,0.33037608806864915,0.630170703489267
@wraithee_cs lol like less than 2-3 mins,neither,0.04049668994860015,0.40594361139060164,0.5535596986607981
been waiting all day for you my man,offensive_language,0.03705142435761663,0.5511958617629978,0.4117527138793855
if you were here right now i would do questionable thing to you,neither,0.10060071951272458,0.40841990185351923,0.49097937863375624
PogChamp PogChamp PogChamp PogChamp PogChamp PogChamp,neither,0.03945320844208391,0.33037608806864915,0.630170703489267
RIP,neither,0.03945320844208391,0.33037608806864915,0.630170703489267
SHROUDIEEEEE PogChamp PogChamp PogChamp PogChamp PogChamp PogChamp,neither,0.03945320844208391,0.33037608806864915,0.630170703489267
DAD!,neither,0.03945320844208391,0.33037608806864915,0.630170703489267
shroudW shroudW shroudW,neither,0.03945320844208391,0.33037608806864915,0.630170703489267
KonCha,neither,0.03945320844208391,0.33037608806864915,0.630170703489267
hey @shroud,neither,0.03945320844208391,0.33037608806864915,0.630170703489267
@shroud i downloaded walls will i get vac banned,neither,0.04008657979765588,0.3196261231970732,0.640287297005271
@shroud you have zero respect for other people's time.. fine I wiill hang for a bit,neither,0.05558324282286526,0.3320552396773789,0.6123615174997558
@thebrette thx <3,neither,0.03945320844208391,0.33037608806864915,0.630170703489267
EMO MUSIC,neither,0.03945320844208391,0.33037608806864915,0.630170703489267
"Shroud, you have a match in 12 hours man",neither,0.052655754017077346,0.43311370859988235,0.5142305373830403
PogChamp PogChamp PogChamp PogChamp,neither,0.03945320844208391,0.33037608806864915,0.630170703489267
bunnyb0o just subscribed shroudSellout,neither,0.02667013123193722,0.39600456006212814,0.5773253087059346
THE ONE AND ONLY SHROOOOUUUUD!!,neither,0.036023886885532055,0.29525258409260596,0.6687235290218619
Subs unite shroudW shroudW shroudW shroudW,neither,0.03945320844208391,0.33037608806864915,0.630170703489267
Kappa Kappa Kappa,neither,0.03945320844208391,0.33037608806864915,0.630170703489267
Where is everyone at mannnnn,neither,0.041456688104745856,0.4098420760317936,0.5487012358634604
love you shroudie,offensive_language,0.079837142191777,0.5038574454704381,0.4163054123377849
c9 logo spinning wow,neither,0.03945320844208391,0.33037608806864915,0.630170703489267
shroudPigeon,neither,0.03945320844208391,0.33037608806864915,0.630170703489267
I want shroud to part my ass like the Red sea,offensive_language,0.10378998757889359,0.882054093627943,0.014155918793163434
C9's game was great! I hope they keep it up,neither,0.06224928094961285,0.21976528190926992,0.7179854371411171
ITS TIME FOR SHROUD,neither,0.023197453047324,0.3197327276815167,0.6570698192711594
Quiet for anyone?,neither,0.03324097515775871,0.2993594882731905,0.6673995365690508
F4F !!! CarlSmile HeyGuys,neither,0.03945320844208391,0.33037608806864915,0.630170703489267
This is gonna be a good nights,neither,0.04604540198257426,0.38001899323673494,0.5739356047806908
shroudInsane shroudIA,neither,0.03945320844208391,0.33037608806864915,0.630170703489267
guess I'm betting against c9 tmrw LUL,neither,0.04005927280897136,0.31859666199912146,0.6413440651919072
SHRIMP @shroud,neither,0.03945320844208391,0.33037608806864915,0.630170703489267
Yeah it's quiet,neither,0.021332034424906082,0.45119618530234873,0.5274717802727452
ITS TIME FOR SHROUD!!!,neither,0.023197453047324,0.3197327276815167,0.6570698192711594
shroud have my babier,offensive_language,0.01773941090559619,0.5293345432150258,0.452926045879378
OOOooooohh baby shroud 1v4,neither,0.03945320844208391,0.33037608806864915,0.630170703489267
i love shroud,neither,0.03217296676969875,0.3657703709031763,0.602056662327125
shroudGP shroudGP shroudGP shroudGP,neither,0.03945320844208391,0.33037608806864915,0.630170703489267
suh @shroud,neither,0.03945320844208391,0.33037608806864915,0.630170703489267
its 1:30 where i am why am i watching this,neither,0.028790312025154943,0.3211246230303796,0.6500850649444655
@shroud is it shrood or shrode?,neither,0.052911789443946325,0.32574706491076766,0.621341145645286
"@shroud I love you man, no homo :)",offensive_language,0.25889598835111094,0.3814748614774626,0.35962915017142644
shroudChill shroudChill,neither,0.03945320844208391,0.33037608806864915,0.630170703489267
Shroud bring back the goatee!!!,neither,0.03819754606321456,0.30715726683951927,0.6546451870972663
it's alq,neither,0.034373745257138544,0.33212314837979673,0.6335031063630647
bye bye,neither,0.03945320844208391,0.33037608806864915,0.630170703489267
OH BABY SHROUD 1V4!! shroudWithIt shroudWithIt shroudWithIt shroudWithIt,neither,0.04753725104348948,0.25494159976262926,0.6975211491938813
shroudy boutta play some rank S??,neither,0.032761072932459806,0.3418925623146974,0.6253463647528427
@subswifty same lmao,neither,0.039192971386189525,0.3717876914874326,0.5890193371263778
@shroud,neither,0.03945320844208391,0.33037608806864915,0.630170703489267
is it night for you?,neither,0.048293492112079436,0.3406560670697842,0.6110504408181364
doctorEAGLES shroudPigeon doctorEAGLES2,neither,0.03945320844208391,0.33037608806864915,0.630170703489267
Shroud 2k17,neither,0.03945320844208391,0.33037608806864915,0.630170703489267
@womack04 ranks s dead,neither,0.03945320844208391,0.33037608806864915,0.630170703489267
aYYY,neither,0.03945320844208391,0.33037608806864915,0.630170703489267
!crosshair,neither,0.03945320844208391,0.33037608806864915,0.630170703489267
@jaceaplex It's classified information - Shr00dy,neither,0.037828236809968684,0.3309349903269868,0.6312367728630445
Goatee spam chat,neither,0.03945320844208391,0.33037608806864915,0.630170703489267
DAD,neither,0.03945320844208391,0.33037608806864915,0.630170703489267
test succesful!,neither,0.03945320844208391,0.33037608806864915,0.630170703489267
test test,neither,0.03945320844208391,0.33037608806864915,0.630170703489267
PogChamp,neither,0.03945320844208391,0.33037608806864915,0.630170703489267
new room bre,neither,0.04277769035674838,0.2477236978381031,0.7094986118051485
Getting that 1v4 for the 16-14 win feelsgoodman,neither,0.02922497945917737,0.37931689456269385,0.5914581259781287
@cade8900,neither,0.03945320844208391,0.33037608806864915,0.630170703489267
Test Test Shroud MrDestructoid,neither,0.03945320844208391,0.33037608806864915,0.630170703489267
â¤ï¸â¤ï¸â¤ï¸â¤ï¸â¤ï¸â¤ï¸â¤ï¸â¤ï¸,neither,0.03945320844208391,0.33037608806864915,0.630170703489267
Welcome back Lurnnnn (7 months) shroudA,neither,0.03945320844208391,0.33037608806864915,0.630170703489267
Testing sexy voices,neither,0.03945320844208391,0.33037608806864915,0.630170703489267
GOKU PogChamp,neither,0.03945320844208391,0.33037608806864915,0.630170703489267
tyler1Hey tyler1Hey tyler1Hey tyler1Hey,neither,0.03945320844208391,0.33037608806864915,0.630170703489267
aye,neither,0.03945320844208391,0.33037608806864915,0.630170703489267
@shroud Wassap,neither,0.03945320844208391,0.33037608806864915,0.630170703489267
@DaveSlayZ I haven't had a good sleep schedule in like a week,neither,0.04664391383366524,0.34206766748816314,0.6112884186781716
new house?,neither,0.04467619584897844,0.1971869848105641,0.7581368193404574
Shroudddddd,neither,0.03945320844208391,0.33037608806864915,0.630170703489267
!crosshair,neither,0.03945320844208391,0.33037608806864915,0.630170703489267
@stmsm It's classified information - Shr00dy,neither,0.037828236809968684,0.3309349903269868,0.6312367728630445
!sens,neither,0.03945320844208391,0.33037608806864915,0.630170703489267
works,neither,0.03945320844208391,0.33037608806864915,0.630170703489267
ðŸ¦ðŸ¦ðŸ¦ðŸ¦,neither,0.03945320844208391,0.33037608806864915,0.630170703489267
!uptime,neither,0.03945320844208391,0.33037608806864915,0.630170703489267
SHROUD,neither,0.03945320844208391,0.33037608806864915,0.630170703489267
NEW ROOM? PogChamp,neither,0.0443316956812392,0.20664593347639387,0.7490223708423669
@shroud Good morning from Norway :DS,neither,0.047192872670291514,0.18695857160829688,0.7658485557214115
papi,neither,0.03945320844208391,0.33037608806864915,0.630170703489267
@sir_fernie its not completely dead. people still play just very few lmao,neither,0.04557681870870256,0.36687280004081246,0.5875503812504851
Shhhrrrrooouuudddd,neither,0.03945320844208391,0.33037608806864915,0.630170703489267
@shroud when will get we zelda again?,neither,0.030648781493629873,0.3854377760972765,0.5839134424090936
Um Different Set Up PogChamp,neither,0.03709949950941833,0.3776495472971817,0.5852509531933999
??????,neither,0.03945320844208391,0.33037608806864915,0.630170703489267
you changed your cam position?@shroud,neither,0.08355861448410515,0.35996805644251845,0.5564733290733765
Is ska there?,neither,0.058135835131279276,0.24227746891369034,0.6995866959550303
Where ya at homie,offensive_language,0.025829145756032016,0.5896009054389096,0.3845699488050584
shrimp,neither,0.03945320844208391,0.33037608806864915,0.630170703489267
hey do you just go on a smurf to mess with people?,neither,0.06347282839846972,0.41403715008765246,0.5224900215138778
shroudWTF shroudIA,neither,0.03945320844208391,0.33037608806864915,0.630170703489267
Wait I thought shroud was at the major,neither,0.04077321032412092,0.25008253620170096,0.7091442534741782
new bedroom?,neither,0.043491983419288865,0.22912321039323882,0.7273848061874723
@shroud Sup,neither,0.03945320844208391,0.33037608806864915,0.630170703489267
where are you?? @shroud,neither,0.18235154988220573,0.25932092387656086,0.5583275262412335
did he move ?,neither,0.046493132611916545,0.3279547353266792,0.6255521320614044
!crosshair,neither,0.03945320844208391,0.33037608806864915,0.630170703489267
@typhoon84887 It's classified information - Shr00dy,neither,0.037828236809968684,0.3309349903269868,0.6312367728630445
@sir_fernie that was fun cs to watch late at night tho. what happened :(,neither,0.03938327127092109,0.3690786219858951,0.591538106743184
@shroud nice work against Pain and CLG,neither,0.039917576278747466,0.27542094456624994,0.6846614791550025
what country you in for the minor? @shroud,neither,0.05757485954727167,0.31766446561520073,0.6247606748375275
!uptime,neither,0.03945320844208391,0.33037608806864915,0.630170703489267
"It's past midnight, what are you doing lol.",neither,0.07408035516438849,0.3745343838494553,0.5513852609861561
Gl tommorow get that W @shroud,neither,0.02963059925980306,0.44622686852941695,0.5241425322107799
@shroud where are you?,neither,0.18235154988220573,0.25932092387656086,0.5583275262412335
canada??,neither,0.03945320844208391,0.33037608806864915,0.630170703489267
!hacks,neither,0.03945320844208391,0.33037608806864915,0.630170703489267
!uptime,neither,0.03945320844208391,0.33037608806864915,0.630170703489267
!keyboard,neither,0.03945320844208391,0.33037608806864915,0.630170703489267
@corpus_cule Channel shroud has been live for 06m and 20s,neither,0.03779113064157903,0.28212066614672776,0.6800882032116932
is time for shroud !!,neither,0.040528982281631126,0.3125785436561943,0.6468924740621745
!reddit,neither,0.03945320844208391,0.33037608806864915,0.630170703489267
Guys. Shrouds feeling it tonight,neither,0.03531833473805029,0.3104565168981677,0.6542251483637821
new room?,neither,0.0443316956812392,0.20664593347639387,0.7490223708423669
canada shroud???,neither,0.03945320844208391,0.33037608806864915,0.630170703489267
shrimp PogChamp,neither,0.03945320844208391,0.33037608806864915,0.630170703489267
It's fucking 6am here,offensive_language,0.20646656856853357,0.7918035336277119,0.0017298978037545013
WHERE ARE U,neither,0.10587005775369884,0.19000328551932744,0.7041266567269737
PACIFIC TIME,neither,0.036668274527354654,0.377643684699956,0.5856880407726893
Yoo jake said hes gonna leak the new member wtff,neither,0.04043872085948364,0.2967680705534091,0.6627932085871072
!crosshair,neither,0.03945320844208391,0.33037608806864915,0.630170703489267
@ramneet08 It's classified information - Shr00dy,neither,0.037828236809968684,0.3309349903269868,0.6312367728630445
west coast boi,neither,0.03945320844208391,0.33037608806864915,0.630170703489267
Xd,neither,0.03945320844208391,0.33037608806864915,0.630170703489267
WHERE YOU AT @shroud,neither,0.07889641572396747,0.41211288413587666,0.5089907001401559
"Hey Shroud, Greetings from Iceland, its only 7:30 am here. :)",neither,0.0692284781793503,0.28723979423453083,0.643531727586119
not everywhere lol,neither,0.02883417946258953,0.4051444610445006,0.5660213594929099
@shroud are you at justin's,neither,0.10850199894039196,0.3575710157215083,0.5339269853380998
@shroud where are you at?,neither,0.1484862560772756,0.3109037307782689,0.5406100131444554
yo does anyone know why csgo runs like ass i have a 1070 i76700 and ddr4,offensive_language,0.06469840477553805,0.9035386714050839,0.03176292381937805
wait where are you at? @shroud,neither,0.11437042261630431,0.31659289601672314,0.5690366813669726
1:30 EST,neither,0.03945320844208391,0.33037608806864915,0.630170703489267
@shroud did you see Ska's impact rating against Pain? it was nuts,neither,0.048536118806489906,0.3438329088805205,0.6076309723129896
its 130 for me wtf,offensive_language,0.025752213090223415,0.5228130109193644,0.4514347759904123
MATCH AT TOMORROW?!?!,neither,0.03860260004015858,0.3562562905167961,0.6051411094430452
"@shroud When you were in silver did you ever feel you were undervalued in that rank, like you belonged in a higher rank?",neither,0.06751309392951658,0.4406489098850482,0.4918379961854353
You in cali?,neither,0.06358864709690405,0.3966002848144578,0.5398110680886382
"Hey shroud!!! I know this a probably a no but. Will you be willing to mentor me in CS. I understand if you can't but I'm trying to get better and become pro one day, and I think getting input from a pro. So will you mentor me??",neither,0.04197100365134393,0.4206548211607903,0.5373741751878659
6:30am bois,neither,0.03945320844208391,0.33037608806864915,0.630170703489267
LZ,neither,0.03945320844208391,0.33037608806864915,0.630170703489267
12:30 here,neither,0.09352677806896201,0.28817456821310117,0.6182986537179368
!means,neither,0.03945320844208391,0.33037608806864915,0.630170703489267
boi it's fucking 1:30,offensive_language,0.10318699851760872,0.8954811885038116,0.0013318129785796673
he in tronto,neither,0.05350807025075136,0.3255419765984917,0.6209499531507569
@KumHoo_ same,neither,0.04148851938089603,0.3488915597363099,0.609619920882794
new house ?,neither,0.04467619584897844,0.1971869848105641,0.7581368193404574
"@shroud pacific time, possibly vancouver?",neither,0.03814432885341907,0.3525911905918181,0.6092644805547629
i'm in est so it's 1:30 AM for me. i just got pulled over on my way home and i have a curfew of 1:00 AM because i'm 17 and nearly shit myself. he didn't bring it up though so i'm chilling,offensive_language,0.03077923864501424,0.8080359537459285,0.16118480760905723
!crosshair,neither,0.03945320844208391,0.33037608806864915,0.630170703489267
!mouse,neither,0.03945320844208391,0.33037608806864915,0.630170703489267
@davgee92 He's using the Logitech G303 http://amzn.to/2pnaFct Mau5,neither,0.04637941512927271,0.2643085356486416,0.6893120492220858
@shroud do u live in redondo beach,neither,0.04578571498605856,0.32819804868727315,0.6260162363266683
!res,neither,0.03945320844208391,0.33037608806864915,0.630170703489267
are you going to do signings tomorrow?,neither,0.11772078447570349,0.34894597743060446,0.5333332380936919
12:30 am here,neither,0.08576102270179645,0.2930801433826173,0.6211588339155862
Join the new Curse server! https://curse.com/invite/Xv6nbZgd4kugsL2fxlg6NQ,neither,0.04082319323556661,0.27696135383134185,0.6822154529330917
1:30 am boiiii,neither,0.03918792540007802,0.3304673310715087,0.6303447435284133
2:31 am here,neither,0.08583807522881273,0.29302898815480216,0.621132936616385
where the fuck are u,offensive_language,0.42222309111655176,0.5777391409147553,3.7767968692925346e-05
hey shroud how are you,neither,0.12685502096733792,0.3238618840777952,0.5492830949548669
timezones dont exist right chat EleGiggle,neither,0.038616331904828015,0.3467082458176326,0.6146754222775395
any interest in paragon @shroud,neither,0.03945320844208391,0.33037608806864915,0.630170703489267
@gythem you're retarded,offensive_language,0.2582642766728242,0.741076314906374,0.0006594084208018599
shroud looks really into the dm,neither,0.03858915762186638,0.314585339695669,0.6468255026824646
where are you shroud,neither,0.18235154988220573,0.25932092387656086,0.5583275262412335
DaveSlayZ rookie mistake,neither,0.03945320844208391,0.33037608806864915,0.630170703489267
!mousepade,neither,0.03945320844208391,0.33037608806864915,0.630170703489267
12:30 here,neither,0.09352677806896201,0.28817456821310117,0.6182986537179368
1.30 pm here lol,neither,0.07052884221247875,0.34646211030044766,0.5830090474870735
new setup2??,neither,0.04660400397451208,0.1401930676750457,0.8132029283504423
Retro cam position,neither,0.03945320844208391,0.33037608806864915,0.630170703489267
I like shroud,neither,0.10032665912632961,0.39589500941497124,0.5037783314586992
!resolution,neither,0.03945320844208391,0.33037608806864915,0.630170703489267
@aphix_ He plays at 1920x1080 - 16:9,neither,0.043882046932993087,0.3516997489148195,0.6044182041521874
8:31 am,neither,0.039246452605914695,0.33044720088162116,0.6303063465124641
New setup?,neither,0.04341101089575549,0.23125336554662146,0.725335623557623
7:30 am here LUL,neither,0.07807608830045291,0.29830463525207623,0.6236192764474708
Welcome back Ryanrules23 (3 months) shroudC,neither,0.03945320844208391,0.33037608806864915,0.630170703489267
!crosshair,neither,0.03945320844208391,0.33037608806864915,0.630170703489267
new cam position tho,neither,0.03903420676269255,0.2625470306314453,0.6984187626058621
1130pm here,neither,0.22097653003277068,0.2221615150675793,0.55686195489965
!mousepad,neither,0.03945320844208391,0.33037608806864915,0.630170703489267
02h32 here,neither,0.22097653003277068,0.2221615150675793,0.55686195489965
New setup?,neither,0.04341101089575549,0.23125336554662146,0.725335623557623
3.32pm,neither,0.03945320844208391,0.33037608806864915,0.630170703489267
"I'm in the ""mid"" timezone",neither,0.03835789103365107,0.3102234286798537,0.6514186802864952
no more mirror PogChamp,neither,0.04060497565242819,0.3353512455070038,0.624043778840568
Shroud play more HotS Kappa,neither,0.04125696706050238,0.3209631182091479,0.6377799147303497
where is the mirror? ],neither,0.05004704820464248,0.27419426893723353,0.675758682858124
#TheOtherSide,neither,0.03945320844208391,0.33037608806864915,0.630170703489267
this is a rerun so the room is different,neither,0.05485270850073705,0.35137815265639416,0.5937691388428689
retire man,neither,0.03960927059015994,0.40220548409300644,0.5581852453168337
@shroud When you were in silver did it ever feel like you belonged in a higher rank?,neither,0.05807027838894032,0.4145965094951477,0.527333212115912
wtf,offensive_language,0.04410695246022759,0.7898861884776351,0.16600685906213722
GOKU?,neither,0.03945320844208391,0.33037608806864915,0.630170703489267
Covering c9 logo on chair...confirmed shroud cut from c9,neither,0.03836847432717207,0.32772546594549895,0.6339060597273289
new setup? @shroud,neither,0.04341101089575549,0.23125336554662146,0.725335623557623
@prius707 i was babysitting my cousins and my aunt took so long to come home i was pissed. he pulled me over for a broken plate light.. i even saw him so i went the speed limit,neither,0.028426082949905264,0.41392618689248345,0.5576477301576113
rektsup rektsup @shroud hows your day going...??,neither,0.06901122166229016,0.33436947357934244,0.5966193047583674
@shroud covers the mirror and everyone loses their minds,neither,0.035148624810290525,0.3590813051879079,0.6057700700018016
is 12:32 over here in Houston feels goos man @shroud,neither,0.07199160697789803,0.34447021672801953,0.5835381762940824
son goku PogChamp,neither,0.03945320844208391,0.33037608806864915,0.630170703489267
are you doing signings tomorrow,neither,0.11081237749842332,0.32546439360241375,0.5637232288991629
Ohhhhh,neither,0.03945320844208391,0.33037608806864915,0.630170703489267
@shroud like u in a new place,neither,0.06517284632356146,0.1706755674302825,0.7641515862461561
Hey,neither,0.03945320844208391,0.33037608806864915,0.630170703489267
thats not your room wtf where is mirror,offensive_language,0.0767137568416684,0.4814933577695379,0.44179288538879374
New setup? @shroud,neither,0.04341101089575549,0.23125336554662146,0.725335623557623
He moved stuff in his room,neither,0.06642034154143642,0.3299049579950316,0.6036747004635319
hey @ shroud any tips on getting better at cs? lmao,neither,0.03413810632620924,0.40667924091225294,0.5591826527615378
oh new setup kk,neither,0.0462273887683396,0.22392698026748276,0.7298456309641778
@DaveSlayZ ah unlucky then,neither,0.03945320844208391,0.33037608806864915,0.630170703489267
@shroud the mirror made the room look so much bigger,neither,0.036614114225320196,0.33826691463007874,0.625118971144601
sup guys,neither,0.039318079907253584,0.33266957196209385,0.6280123481306527
LUL,neither,0.03945320844208391,0.33037608806864915,0.630170703489267
LUL,neither,0.03945320844208391,0.33037608806864915,0.630170703489267
rektSup rektSup rektSup @shroud notice me sensei,neither,0.030417710561350883,0.38017139541472955,0.5894108940239196
New set up. I dig it.,neither,0.03912982994498914,0.29399226847044646,0.6668779015845643
lol,neither,0.020706217963973744,0.4882283491876925,0.4910654328483337
Gl tomorrow get that w @shroud,neither,0.033451920339160696,0.4005319121011346,0.5660161675597046
Lmaoo,neither,0.03945320844208391,0.33037608806864915,0.630170703489267
goku,neither,0.03945320844208391,0.33037608806864915,0.630170703489267
"Hey shroud!!! I know this a probably a no but. Will you be willing to mentor me in CS. I understand if you can't but I'm trying to get better and become pro one day, and I think getting input from a pro. So will you mentor me??",neither,0.04197100365134393,0.4206548211607903,0.5373741751878659
damn,offensive_language,0.042479326866149344,0.9516554255713155,0.005865247562535126
RIP FeelsBadMan,neither,0.03945320844208391,0.33037608806864915,0.630170703489267
What is this angle?,neither,0.055548561190412744,0.3242975222100186,0.6201539165995688
challenge accepted,neither,0.03945320844208391,0.33037608806864915,0.630170703489267
Facts!,neither,0.03945320844208391,0.33037608806864915,0.630170703489267
Jacket over the c9 logo.. rip,neither,0.03645559667718183,0.31923217681129235,0.6443122265115259
!res,neither,0.03945320844208391,0.33037608806864915,0.630170703489267
@blizzy570 He plays at 1920x1080 - 16:9,neither,0.043882046932993087,0.3516997489148195,0.6044182041521874
not even when they barely started?,neither,0.029326435615415706,0.39057131107668575,0.5801022533078987
im silver feelsbadman,neither,0.038404490269701975,0.37015536725825304,0.5914401424720449
@shroud what time is your next match tomorrow,neither,0.08139799521908947,0.34178175354763934,0.5768202512332713
HOW THAT WORK?????,neither,0.03376847247753639,0.39268193406579865,0.5735495934566648
I HAVE NO CHANCE THEN NO,neither,0.037374067306302,0.365664539268846,0.596961393424852
Is ska there?,neither,0.058135835131279276,0.24227746891369034,0.6995866959550303
JasonR was in silver,neither,0.039307900640764254,0.33284234068018625,0.6278497586790494
whats you fav skin,neither,0.054304685237701114,0.37246924873632997,0.5732260660259689
@kqly_was_framed i see u in every csgo stream i go to wtf,offensive_language,0.04722660706133319,0.4952555447526933,0.45751784818597346
Yo Mikey are you know in Canada or US?,neither,0.12009159176223928,0.371809882782023,0.5080985254557377
LUL,neither,0.03945320844208391,0.33037608806864915,0.630170703489267
@shroud did stewie start with CSGO? what was his first rank?,neither,0.04350260550747797,0.3547288594184665,0.6017685350740556
"@prius707 every time i've seen a cop car and slow down to avoid being pulled over, i've been pulled over for something else.. bad luck",neither,0.01945436790912643,0.31217970837055603,0.6683659237203176
"@shroud any tips, I am D+ in esea and",neither,0.0385150629341854,0.29249452944243903,0.6689904076233756
Shroooood,neither,0.03945320844208391,0.33037608806864915,0.630170703489267
shroud can you mentor me,neither,0.04740278736082904,0.4207215675638592,0.5318756450753117
"i started at MG1, idk what u guys are smoking LMAO",neither,0.062126266684430734,0.32491882298257674,0.6129549103329925
hi shroud,neither,0.03945320844208391,0.33037608806864915,0.630170703489267
shroudTHICC shroudTHICC shroudTHICC,neither,0.03945320844208391,0.33037608806864915,0.630170703489267
i started with 5 silver and now im global elite,neither,0.03149253351195658,0.34827308299368437,0.6202343834943591
FNS was dangerously close to silver xD,neither,0.044478011283918886,0.32891918624202116,0.6266028024740601
@shroud any tips on getting better at cs? lmao,neither,0.033855589553080156,0.41077251865648046,0.5553718917904393
"@DaveSlayZ yeah very unlucky, ez no ticket",neither,0.027092014447762967,0.41958161117756265,0.5533263743746745
So if I started ins liver when I started playing that means I'll never be good?,neither,0.023834121352205716,0.4394105610250011,0.5367553176227933
BabyRage I dont like it BabyRage,neither,0.05700794702387758,0.36031076179015686,0.5826812911859655
Lots of players come from other FPS games. No silver,neither,0.038577889245345054,0.34523253923837616,0.6161895715162788
show ska PogChamp,neither,0.07685697407988158,0.17767316758924298,0.7454698583308754
CHANGE IT BACK,neither,0.037515226970989274,0.33104264876386663,0.6314421242651441
@shroud What are the games tonight daddio,neither,0.07273406790749357,0.2407502111677594,0.686515720924747
ohhhhh i was gunna say i coulndt see your dooe @shroud,neither,0.06381765249774596,0.3252151049938718,0.6109672425083822
@shroud why side camera and not front face camera?,neither,0.029153253944193266,0.3398483906858142,0.6309983553699926
@shroud its like in the new room or house,neither,0.04505032232815844,0.2500508606855419,0.7048988169862996
@shroud how are you playing the LAN?,neither,0.08540812784124897,0.30958650835491963,0.6050053638038314
!videosettings,neither,0.03945320844208391,0.33037608806864915,0.630170703489267
Yo Mikey are you know in Canada or US?,neither,0.12009159176223928,0.371809882782023,0.5080985254557377
hey shroodie,neither,0.03945320844208391,0.33037608806864915,0.630170703489267
Skaaaaaaaa,neither,0.03945320844208391,0.33037608806864915,0.630170703489267
!bromance,neither,0.03945320844208391,0.33037608806864915,0.630170703489267
PogChamp,neither,0.03945320844208391,0.33037608806864915,0.630170703489267
tyler1 PogChamp,neither,0.03945320844208391,0.33037608806864915,0.630170703489267
"@shroud any tips, I am D+ in esea and I have 11 RWS Avg but i cant rank up?",neither,0.03539482998171781,0.34566354670172106,0.6189416233165611
Welcome back the_heron_baron (2 months) shroudThump,neither,0.03945320844208391,0.33037608806864915,0.630170703489267
Cheer500 shroudy! gl in the minor <3,neither,0.038418640283058,0.31137584264479273,0.6502055170721494
KappaPride,neither,0.03945320844208391,0.33037608806864915,0.630170703489267
KappaPride PogChamp,neither,0.03945320844208391,0.33037608806864915,0.630170703489267
handle those prefire servers on boomeo,neither,0.058260415886019976,0.27862468059786605,0.6631149035161139
@mind_fuzz same bro... I hate it honestly if I could just get out of the S4 SE range and get out of silver it will be heaven,neither,0.06176568688455051,0.31619306473719777,0.6220412483782516
KappaPride,neither,0.03945320844208391,0.33037608806864915,0.630170703489267
LATHAM PogChamp get him on cam @shroud,neither,0.03587653101025902,0.35597665600383055,0.6081468129859106
tell him to stream @shroud,neither,0.046062868348539066,0.328730053718893,0.6252070779325679
are you doing a signing tomorrow?,neither,0.08500957585975155,0.32755847137658084,0.5874319527636677
@shroud your camera is nuking your face again WutFace why BibleThump,neither,0.09102419212298378,0.3503679989419435,0.5586078089350727
bring ska on stream @shroud,neither,0.0365474356943028,0.34434267245820166,0.6191098918474954
g@y porno,neither,0.03945320844208391,0.33037608806864915,0.630170703489267
Say hi to tyler for us mike!,neither,0.06745836219171344,0.3004577507715079,0.6320838870367788
!mouse,neither,0.03945320844208391,0.33037608806864915,0.630170703489267
@amox_tv He's using the Logitech G303 http://amzn.to/2pnaFct Mau5,neither,0.04637941512927271,0.2643085356486416,0.6893120492220858
new room?,neither,0.0443316956812392,0.20664593347639387,0.7490223708423669
can i stay over?,neither,0.03567053871643556,0.32640354544775657,0.6379259158358078
