text,top_class,hate_speech,offensive_language,neither
refresh,neither,0.03945320844208391,0.33037608806864915,0.630170703489267
what happened to stream?,neither,0.05152565686232237,0.3228239276423941,0.6256504154952834
FeelsGoodMan,neither,0.03945320844208391,0.33037608806864915,0.630170703489267
SHROOD,neither,0.03945320844208391,0.33037608806864915,0.630170703489267
shroudHype shroudHype shroudHype shroudHype shroudHype shroudHype shroudHype,neither,0.03945320844208391,0.33037608806864915,0.630170703489267
its back,neither,0.029829768354409376,0.333686030403444,0.6364842012421467
WE BACK,neither,0.039166053543719236,0.33524985610846453,0.6255840903478163
did i muss when he go off?,neither,0.034606715437748535,0.38967751277804685,0.5757157717842046
SAVED,neither,0.03945320844208391,0.33037608806864915,0.630170703489267
@m0E_tv 1v1 me for knife nerd ill whoop dat ass,offensive_language,0.08133088466731131,0.8200340794658009,0.09863503586688768
SAVED,neither,0.03945320844208391,0.33037608806864915,0.630170703489267
ah okay finally it refreshed,neither,0.03807045455833335,0.3308516805362834,0.6310778649053832
shroudWTF shroudIA,neither,0.03945320844208391,0.33037608806864915,0.630170703489267
!uptime,neither,0.03945320844208391,0.33037608806864915,0.630170703489267
@chainunit Channel shroud has been live for 02m and 17s,neither,0.037527441653855145,0.2724964938497483,0.6899760644963965
Saved!,neither,0.03945320844208391,0.33037608806864915,0.630170703489267
WoXoW_san just subscribed shroudDad,neither,0.02667013123193722,0.39600456006212814,0.5773253087059346
back back,neither,0.03945320844208391,0.33037608806864915,0.630170703489267
I missed you so much shrood,neither,0.05391521583467108,0.4532146657530056,0.49287011841232337
shroud4Head shroud4Head shroud4Head shroud4Head shroud4Head shroud4Head,neither,0.03945320844208391,0.33037608806864915,0.630170703489267
hi,neither,0.03945320844208391,0.33037608806864915,0.630170703489267
shroud leaving C9 confirmed,neither,0.03945320844208391,0.33037608806864915,0.630170703489267
Mmmmhhhmmmm,neither,0.03945320844208391,0.33037608806864915,0.630170703489267
that'll stop stream snipers,neither,0.03633802459412654,0.42128054147066213,0.5423814339352112
"@Ckalvin feel the same way, so glad Shroud is streaming PUBG now cause now when it comes to Grimmmz, just flat out shroudOverit",neither,0.0349064780524243,0.40390606664803697,0.5611874552995386
nice jump,neither,0.03945320844208391,0.33037608806864915,0.630170703489267
professional streamer shroud200,neither,0.03945320844208391,0.33037608806864915,0.630170703489267
REFRESH BOYS,neither,0.03945320844208391,0.33037608806864915,0.630170703489267
the best stream sniper solution just cut the stream,neither,0.03586516813562743,0.32108162932483414,0.6430532025395383
@shroud crossboys are legit if you know how to use them,neither,0.03391141824746242,0.45440325146686605,0.5116853302856715
poor grimmz....the quality of his stream is so much worse than shroud's lol,neither,0.05608282956902029,0.30299285956388794,0.6409243108670919
Shroud goes down to deter stream snipers shroud200,neither,0.044572700002583066,0.3273627073100761,0.6280645926873408
"@HawkMan4k for sure, i was a fan until he whinged about it nonstop on stream",neither,0.03228158065346096,0.41239026725692296,0.5553281520896162
ultimate defense,neither,0.03945320844208391,0.33037608806864915,0.630170703489267
when it's 4 am and u get hit w/ that shroud is live notification,neither,0.035581423383378205,0.36974103095592337,0.5946775456606984
@m0E_tv moe reacrs,neither,0.03945320844208391,0.33037608806864915,0.630170703489267
esfesf,neither,0.03945320844208391,0.33037608806864915,0.630170703489267
kaivenn just subscribed shroudHype,neither,0.02667013123193722,0.39600456006212814,0.5773253087059346
Wtf,offensive_language,0.04410695246022759,0.7898861884776351,0.16600685906213722
wtf is this,offensive_language,0.05875134067276458,0.7027317341486384,0.23851692517859707
He's love?,neither,0.0441272085611784,0.35279323403133833,0.6030795574074832
!uptime,neither,0.03945320844208391,0.33037608806864915,0.630170703489267
@eatmyassrattata Channel shroud has been live for 02m and 33s,neither,0.037527441653855145,0.2724964938497483,0.6899760644963965
it dp,neither,0.037828236809968684,0.3309349903269868,0.6312367728630445
Black bar ?,neither,0.06930060728601327,0.30714688866179835,0.6235525040521884
what time is it where he lives?,neither,0.0592998015442487,0.31027790887911677,0.6304222895766347
@shroud a xbow pops a lvl 3 helmet in 1 shot,neither,0.03945320844208391,0.33037608806864915,0.630170703489267
that 6 ft drop,neither,0.04440444232954255,0.36840498067016747,0.5871905770002901
Lol,neither,0.020706217963973744,0.4882283491876925,0.4910654328483337
hi :),neither,0.03945320844208391,0.33037608806864915,0.630170703489267
Hey shrood PogChamp,neither,0.03945320844208391,0.33037608806864915,0.630170703489267
2:30am,neither,0.03945320844208391,0.33037608806864915,0.630170703489267
<3,neither,0.03945320844208391,0.33037608806864915,0.630170703489267
Hes been live the stream just stopped working,neither,0.038478877961698715,0.33587366358426235,0.6256474584540389
"@eatmyassrattata, 2:30 am",neither,0.03918792540007802,0.3304673310715087,0.6303447435284133
ye,neither,0.03945320844208391,0.33037608806864915,0.630170703489267
Shrooooood,neither,0.03945320844208391,0.33037608806864915,0.630170703489267
Yep,neither,0.03945320844208391,0.33037608806864915,0.630170703489267
yes,neither,0.03945320844208391,0.33037608806864915,0.630170703489267
hey dude :),neither,0.03945320844208391,0.33037608806864915,0.630170703489267
yeet,neither,0.03945320844208391,0.33037608806864915,0.630170703489267
works after refreshing,neither,0.03945320844208391,0.33037608806864915,0.630170703489267
@eatmyassrattata i think 2:30,neither,0.04020763433090966,0.3175715118405998,0.6422208538284906
yes,neither,0.03945320844208391,0.33037608806864915,0.630170703489267
shroud4Head shroud4Head shroud4Head shroud4Head,neither,0.03945320844208391,0.33037608806864915,0.630170703489267
GLAWK,neither,0.03945320844208391,0.33037608806864915,0.630170703489267
PST whatever it's there,neither,0.03751108424770604,0.2759877509072444,0.6865011648450495
@DicklessTheclown9 i thought he stopped when he left the gta tacing lol,neither,0.035578662271829674,0.319152959455051,0.6452683782731193
Wait . . . I thought he was finished streaming.,neither,0.045851934412316865,0.25826618268489443,0.6958818829027886
24h stream??,neither,0.03945320844208391,0.33037608806864915,0.630170703489267
silentseraph123 just subscribed shroudGEZ,neither,0.02667013123193722,0.39600456006212814,0.5773253087059346
LUL,neither,0.03945320844208391,0.33037608806864915,0.630170703489267
@shroud New day reset subs!!!!!!!,neither,0.0435538997715658,0.22458789752084923,0.7318582027075851
HelixDreaM just subscribed shroudDad,neither,0.02667013123193722,0.39600456006212814,0.5773253087059346
LMAO he's going to trigger grimz with the honking,neither,0.03658133831965128,0.3725264263431816,0.590892235337167
shroudHype shroudHype shroudHype shroudHype,neither,0.03945320844208391,0.33037608806864915,0.630170703489267
@eatmyassrattata Hes going all night,neither,0.031755725974261365,0.4341443963332688,0.5340998776924698
Welcome back ChichCS (22 months) shroudWithIt,neither,0.03945320844208391,0.33037608806864915,0.630170703489267
Why are u streamin so late? :thinking:,neither,0.04884757802838978,0.34659973880472744,0.6045526831668827
i stay up working and a 2am stream from mike shroudHyper,neither,0.03786097001933751,0.3247099261573394,0.6374291038233231
Waking up and shroud Kreygasm,neither,0.03520511017089795,0.3416328107581648,0.6231620790709372
BOOOOOO,neither,0.03945320844208391,0.33037608806864915,0.630170703489267
Join the new Curse server! https://curse.com/invite/Xv6nbZgd4kugsL2fxlg6NQ,neither,0.04082319323556661,0.27696135383134185,0.6822154529330917
@DicklessTheclown9 oh fuck yea,offensive_language,0.23036276496663227,0.7694638733679208,0.00017336166544688195
PICK THAT XBOW BACK UP,neither,0.03703069796955051,0.353688089859606,0.6092812121708435
"Good bye, Crossbow shroudThump",neither,0.03885831466481135,0.33058069931786577,0.6305609860173229
shroudHype shroudHype shroudHype,neither,0.03945320844208391,0.33037608806864915,0.630170703489267
Rip viewers,neither,0.03945320844208391,0.33037608806864915,0.630170703489267
shroudW shroudMilk shroudW shroudMilk,neither,0.03945320844208391,0.33037608806864915,0.630170703489267
!uptime,neither,0.03945320844208391,0.33037608806864915,0.630170703489267
@mattshak Channel shroud has been live for 04m and 19s,neither,0.037527441653855145,0.2724964938497483,0.6899760644963965
lul,neither,0.03945320844208391,0.33037608806864915,0.630170703489267
the crossbow shroudThump shroudThump shroudThump,neither,0.03843498882663835,0.31168514531390124,0.6498798658594604
PogChamp,neither,0.03945320844208391,0.33037608806864915,0.630170703489267
24h stream PogChamp,neither,0.03945320844208391,0.33037608806864915,0.630170703489267
SwiftRage Use GLAWK,neither,0.004683663156386073,0.4896546958069714,0.5056616410366426
was wondering where you went babe,neither,0.055487416605717474,0.3439344293039341,0.6005781540903485
24hr shroud,neither,0.03945320844208391,0.33037608806864915,0.630170703489267
not about the viewers its about the entertainment and having a chill time,neither,0.0320429660574747,0.33540550266213975,0.6325515312803855
cuz you chocke,neither,0.08187500540405016,0.43953608092911084,0.47858891366683903
choke,neither,0.03945320844208391,0.33037608806864915,0.630170703489267
@shroud I bailed cuz I thought you said you had a meeting today.,neither,0.06441350455528977,0.3040847807383334,0.631501714706377
uzi over ump?????,neither,0.036112134425266444,0.3324170436434458,0.6314708219312877
negligent discharge,neither,0.03945320844208391,0.33037608806864915,0.630170703489267
hi plebs,neither,0.03945320844208391,0.33037608806864915,0.630170703489267
@rilassante he said hes gonna try and reschedule it,neither,0.04113755349170209,0.33423822362965067,0.6246242228786473
@rilassante he said fk it lol,neither,0.035416834024414395,0.3798318460951605,0.5847513198804251
i am,neither,0.03902346103501681,0.3305238979082658,0.6304526410567174
a pleb,neither,0.03945320844208391,0.33037608806864915,0.630170703489267
and i cannot lie,neither,0.0386099692884416,0.2873814317757609,0.6740085989357975
lol . . . uh man,neither,0.03040861454021813,0.47913846174042163,0.4904529237193603
oh no one of them got in!,neither,0.059089082724443215,0.3691107995356911,0.5718001177398657
he's staying up till the meeting,neither,0.0406516310355952,0.3555048775391179,0.603843491425287
get him,neither,0.03823945036862901,0.35097673023133247,0.6107838194000385
Shoud,neither,0.03945320844208391,0.33037608806864915,0.630170703489267
this chat is like 500 views chat,neither,0.05045343527007731,0.3384131103269612,0.6111334544029615
Its nice,neither,0.0309783130542373,0.33329099321396394,0.6357306937317987
what happened? where is he?,neither,0.06599751255660025,0.2866401141935809,0.6473623732498188
@phoinghi bc no one spams shit and were just hanging chatting,offensive_language,0.04297604749675383,0.9493819803569052,0.007641972146340972
@haiashinsu refresh the stream,neither,0.03868342901844291,0.31634469653961944,0.6449718744419376
it's nice to be able to read the chat,neither,0.04797197667159708,0.3157947700466878,0.6362332532817151
oh,neither,0.051363287716059566,0.22255663153133606,0.7260800807526044
theres almost 11k rn,neither,0.03945320844208391,0.33037608806864915,0.630170703489267
shroudPigeon shroudPigeon shroudPigeon shroudPigeon shroudPigeon shroudPigeon shroudPigeon shroudPigeon shroudPigeon shroudPigeon,neither,0.03945320844208391,0.33037608806864915,0.630170703489267
!uptime,neither,0.03945320844208391,0.33037608806864915,0.630170703489267
@hk_fishpaper1203 Channel shroud has been live for 06m and 24s,neither,0.03779113064157903,0.28212066614672776,0.6800882032116932
yeah props to all the subs being cool as fuck rn,offensive_language,0.0826359001220696,0.8955854497600129,0.02177865011791749
!uptime,neither,0.03945320844208391,0.33037608806864915,0.630170703489267
@acennn Channel shroud has been live for 06m and 35s,neither,0.037527441653855145,0.2724964938497483,0.6899760644963965
oh that was weird. thanks,neither,0.03829634513852414,0.3072046583325791,0.6544989965288968
"Yeah, fuck plebs",offensive_language,0.10370730243492932,0.8962908387340361,1.8588310345579474e-06
Heeellloo,neither,0.03945320844208391,0.33037608806864915,0.630170703489267
I feel sad somehow tho' it's easier to read but not fun ahha,neither,0.037375516873506306,0.3413097290289581,0.6213147540975356
plebs are nice people,neither,0.15703129277001046,0.25320184556541075,0.5897668616645789
TheTarFu,neither,0.03945320844208391,0.33037608806864915,0.630170703489267
does anyone know how i can get my twitch prime set?,neither,0.02510252562106993,0.4578894290230751,0.517008045355855
trade uzi for Kar ez,neither,0.03504170405872745,0.308331981185147,0.6566263147561255
@shroud do you or anyone in chat have any good tips for end game? I keep ending top 10 but cant close out a chicken dinner :(,neither,0.03904559971717915,0.33067568759788857,0.6302787126849323
shroud has so many subs now we can permanently get rid of plebs shroud4Head,neither,0.0394224161195233,0.35707200116629384,0.6035055827141828
@shroud Do you use NDI or do you still use your cap card,offensive_language,0.026717894296770715,0.5095435291582702,0.4637385765449592
special_mode just subscribed shroudThump,neither,0.02667013123193722,0.39600456006212814,0.5773253087059346
@kaivenn I'm thinking the same thing lol,neither,0.031478750993967256,0.37791299215789936,0.5906082568481335
how many of you guys get whispers of the plebs asking you for favors to type in chat lol,neither,0.04985359964368554,0.38165374417697595,0.5684926561793385
@kaivenn You cant anymore you have to buy off market,neither,0.07453848194952473,0.4085039537938588,0.5169575642566165
@silvioj_ I've gotten 1,neither,0.016298472035900416,0.30824590849225,0.6754556194718496
"Lol, shroud getting ""decent""",neither,0.02778600278807625,0.45733760514707505,0.5148763920648486
Plebs are the worst,neither,0.08131833461817613,0.21876764298464615,0.6999140223971778
ripp,neither,0.03945320844208391,0.33037608806864915,0.630170703489267
wow,neither,0.03945320844208391,0.33037608806864915,0.630170703489267
Join the new Curse server! https://curse.com/invite/Xv6nbZgd4kugsL2fxlg6NQ,neither,0.04082319323556661,0.27696135383134185,0.6822154529330917
@ChichCS must be capturecard cause he still still getting screen tearing.,neither,0.03866655194472342,0.4000925503277533,0.5612408977275232
shroud200,neither,0.03945320844208391,0.33037608806864915,0.630170703489267
contemplating twitch prime was stupid LOL,neither,0.09209475509530952,0.28151702348767565,0.6263882214170148
shroudAK change this gun,neither,0.03934455133449379,0.3322202827569075,0.6284351659085987
shroud200 shroud200,neither,0.03945320844208391,0.33037608806864915,0.630170703489267
@acashmore the cardinal rule is only shoot if you can 100% kill,neither,0.26590728830683774,0.24498586875504533,0.4891068429381169
Kilow_ just subscribed shroudPigeon,neither,0.02667013123193722,0.39600456006212814,0.5773253087059346
"dont honk, you'll trigger Grimmz monkaS",neither,0.052519430962045865,0.36763936654348767,0.5798412024944664
shroudSL,neither,0.03945320844208391,0.33037608806864915,0.630170703489267
!followage,neither,0.03945320844208391,0.33037608806864915,0.630170703489267
"Yes, honk more",neither,0.041229212932864266,0.3211056548005507,0.637665132266585
!uptime,neither,0.03945320844208391,0.33037608806864915,0.630170703489267
shroudMilk,neither,0.03945320844208391,0.33037608806864915,0.630170703489267
@thedrunkginger Channel shroud has been live for 08m and 17s,neither,0.037527441653855145,0.2724964938497483,0.6899760644963965
LMAO,neither,0.03705015143476208,0.3711622369619404,0.5917876116032975
hahahahahaha,neither,0.03945320844208391,0.33037608806864915,0.630170703489267
LOL,neither,0.020706217963973744,0.4882283491876925,0.4910654328483337
shroudCrash shroudCrash shroudCrash,neither,0.03945320844208391,0.33037608806864915,0.630170703489267
AHAHAHA,neither,0.03945320844208391,0.33037608806864915,0.630170703489267
shroudCrash shroudCrash shroudCrash shroudCrash shroudCrash shroudCrash shroudCrash,neither,0.03945320844208391,0.33037608806864915,0.630170703489267
BabyRage,neither,0.03945320844208391,0.33037608806864915,0.630170703489267
shroudCrash shroudCrash shroudCrash,neither,0.03945320844208391,0.33037608806864915,0.630170703489267
shroudCrash,neither,0.03945320844208391,0.33037608806864915,0.630170703489267
hahhaa,neither,0.03945320844208391,0.33037608806864915,0.630170703489267
this chat distracts,neither,0.03932511836016378,0.33255011104730936,0.6281247705925268
shroudCrash shroudCrash shroudCrash shroudCrash shroudCrash shroudCrash shroudCrash shroudCrash shroudCrash,neither,0.03945320844208391,0.33037608806864915,0.630170703489267
shroudCrash shroudCrash shroudCrash shroudCrash shroudCrash shroudCrash,neither,0.03945320844208391,0.33037608806864915,0.630170703489267
shroudCrash,neither,0.03945320844208391,0.33037608806864915,0.630170703489267
shroudCrash shroudCrash shroudCrash shroudCrash shroudCrash shroudCrash shroudCrash shroudCrash shroudCrash,neither,0.03945320844208391,0.33037608806864915,0.630170703489267
shroudCrash shroudCrash shroudCrash shroudCrash shroudCrash shroudCrash shroudCrash shroudCrash,neither,0.03945320844208391,0.33037608806864915,0.630170703489267
shroudCrash shroudCrash shroudCrash shroudCrash shroudCrash shroudCrash shroudCrash shroudCrash shroudCrash shroudCrash,neither,0.03945320844208391,0.33037608806864915,0.630170703489267
shroudCrash,neither,0.03945320844208391,0.33037608806864915,0.630170703489267
shroud4Head,neither,0.03945320844208391,0.33037608806864915,0.630170703489267
shroudCrash shroudCrash shroudCrash shroudCrash shroudCrash shroudCrash,neither,0.03945320844208391,0.33037608806864915,0.630170703489267
shroudCrash shroudCrash,neither,0.03945320844208391,0.33037608806864915,0.630170703489267
shroudCrash shroudCrash shroudCrash shroudCrash shroudCrash shroudCrash shroudCrash,neither,0.03945320844208391,0.33037608806864915,0.630170703489267
Don't text and drive Kappa,neither,0.030412379872587932,0.44887217762864856,0.5207154424987636
shroudCrash shroudCrash shroudCrash shroudCrash,neither,0.03945320844208391,0.33037608806864915,0.630170703489267
hard to head peak with whiplash,offensive_language,0.02755557433264653,0.5466064465632252,0.42583797910412824
shroudCrash shroudCrash shroudCrash shroudCrash shroudCrash shroudCrash shroudCrash,neither,0.03945320844208391,0.33037608806864915,0.630170703489267
LUL,neither,0.03945320844208391,0.33037608806864915,0.630170703489267
shroudW,neither,0.03945320844208391,0.33037608806864915,0.630170703489267
shroudCrash shroudCrash shroudCrash shroudCrash,neither,0.03945320844208391,0.33037608806864915,0.630170703489267
shroudWTF shroudOverit,neither,0.03945320844208391,0.33037608806864915,0.630170703489267
shroudMilk are you sure this is milk looks like cocaine shroud4Head shroud4Head shroud4Head shroud4Head,neither,0.09086545349025192,0.443930567537089,0.46520397897265914
shroudCrash shroudCrash shroudCrash shroudCrash,neither,0.03945320844208391,0.33037608806864915,0.630170703489267
I hurt shroud :(,neither,0.03945320844208391,0.33037608806864915,0.630170703489267
l,neither,0.03945320844208391,0.33037608806864915,0.630170703489267
call AAA,neither,0.03945320844208391,0.33037608806864915,0.630170703489267
shroudCrash shroudCrash shroudCrash shroudCrash shroudCrash shroudCrash shroudCrash shroudCrash shroudCrash,neither,0.03945320844208391,0.33037608806864915,0.630170703489267
yo how many wins with grimmz so far?,neither,0.030578693624043096,0.4566698210993792,0.5127514852765778
shroud4Head shroud4Head shroud4Head shroud4Head shroud4Head,neither,0.03945320844208391,0.33037608806864915,0.630170703489267
ha,neither,0.03945320844208391,0.33037608806864915,0.630170703489267
LUL LUL,neither,0.03945320844208391,0.33037608806864915,0.630170703489267
LUL,neither,0.03945320844208391,0.33037608806864915,0.630170703489267
shroudCrash shroudCrash shroudCrash shroudCrash shroudCrash shroudCrash shroudCrash shroudCrash shroudCrash shroudCrash,neither,0.03945320844208391,0.33037608806864915,0.630170703489267
SAVED,neither,0.03945320844208391,0.33037608806864915,0.630170703489267
SAVED LUL,neither,0.03945320844208391,0.33037608806864915,0.630170703489267
Like a glove,neither,0.05243838686756891,0.3489271222005886,0.5986344909318426
NA driving LUL,neither,0.03945320844208391,0.33037608806864915,0.630170703489267
worst driver Lul,neither,0.040353623831114016,0.3150936890198968,0.6445526871489892
LUL,neither,0.03945320844208391,0.33037608806864915,0.630170703489267
"@shroud im the one who killed you and grimz school, saw the kill feed and freaked out, came here and subbed =D",neither,0.20109203575552875,0.2568441251857729,0.5420638390586983
shroudCrash shroudCrash shroudCrash shroudCrash shroudCrash,neither,0.03945320844208391,0.33037608806864915,0.630170703489267
"""Everything I do is calculated""",neither,0.054736808182007345,0.3251193572794146,0.620143834538578
shroudCrash shroudCrash shroudCrash shroudCrash shroudCrash shroudCrash shroudCrash shroudCrash shroudCrash shroudCrash shroudCrash shroudCrash shroudCrash shroudCrash shroudCrash,neither,0.03945320844208391,0.33037608806864915,0.630170703489267
wait how is it 10AM EU and Shroud is streaming?,neither,0.04938919614140422,0.29920723495397145,0.6514035689046243
poor map design lol,neither,0.033700477181320555,0.37107436815866107,0.5952251546600184
shroudC9 lul,neither,0.03945320844208391,0.33037608806864915,0.630170703489267
shroud200,neither,0.03945320844208391,0.33037608806864915,0.630170703489267
@shroud The rock ran out of nowhere,neither,0.03521465618458141,0.33048632665405586,0.6342990171613627
it's 5am est,neither,0.03772653554390317,0.33096997005595963,0.6313034944001372
monkaS,neither,0.03945320844208391,0.33037608806864915,0.630170703489267
shroudWhiff,neither,0.03945320844208391,0.33037608806864915,0.630170703489267
monkaS,neither,0.03945320844208391,0.33037608806864915,0.630170703489267
shorud is streaming ?,neither,0.04912624121044723,0.3270490885368631,0.6238246702526896
Get some sleep,neither,0.028066695909178773,0.36228888392130976,0.6096444201695116
shroud200 shroud200 shroud200,neither,0.03945320844208391,0.33037608806864915,0.630170703489267
shroud200,neither,0.03945320844208391,0.33037608806864915,0.630170703489267
damn early morning stream,offensive_language,0.058485650859086406,0.659452285839109,0.2820620633018046
f5 for stream,neither,0.03261539664810859,0.2962509210740107,0.6711336822778808
"@intensebarrel, no",neither,0.036918905254960256,0.37338982715841207,0.5896912675866277
shroudInsane shroudInsane shroudInsane shroudInsane shroudInsane,neither,0.03945320844208391,0.33037608806864915,0.630170703489267
"@Ckalvin Thanks, I ended 3rd last solo game, was behind cover with the blue against my back and got headshot out of nowhere",neither,0.026795279111225333,0.3491378403317,0.6240668805570747
@intensebarrel He never stopped streaming the stream just died for a min,neither,0.03384890965557557,0.3379443925049573,0.628206697839467
shroudC9 lol,neither,0.020706217963973744,0.4882283491876925,0.4910654328483337
