text,top_class,hate_speech,offensive_language,neither
720 ResidentSleeper,neither,0.03945320844208391,0.33037608806864915,0.630170703489267
lol,neither,0.020706217963973744,0.4882283491876925,0.4910654328483337
xD,neither,0.03945320844208391,0.33037608806864915,0.630170703489267
shroudThump shroudThump shroudThump shroudThump,neither,0.03945320844208391,0.33037608806864915,0.630170703489267
@frankkthecat ikr,neither,0.03945320844208391,0.33037608806864915,0.630170703489267
!uptime,neither,0.03945320844208391,0.33037608806864915,0.630170703489267
shroudThump shroudThump,neither,0.03945320844208391,0.33037608806864915,0.630170703489267
"@wafflez_plays, Mike has been live for: 22 minutes, 8 seconds",neither,0.03826427090054694,0.3094160462227537,0.6523196828766994
timthetatman streams at 720 no need to feelsbad,neither,0.044097125247463564,0.36164470163463586,0.5942581731179005
is the threadripper still not working?,neither,0.04518534752147801,0.331390676784623,0.6234239756938991
shroudWTF,neither,0.03945320844208391,0.33037608806864915,0.630170703489267
refresh,neither,0.03945320844208391,0.33037608806864915,0.630170703489267
EleGiggle,neither,0.03945320844208391,0.33037608806864915,0.630170703489267
"Yea, rip 1080, lmao",neither,0.03817870410546666,0.3520077528523115,0.6098135430422219
SEXXX,neither,0.03945320844208391,0.33037608806864915,0.630170703489267
Would help if someone actually produced a quality capture card,neither,0.02928294868223598,0.35696467502670054,0.6137523762910635
shroudThump shroudThump shroudThump shroudThump shroudThump come back,neither,0.036802781673112656,0.3753607474007651,0.5878364709261223
bby,neither,0.03945320844208391,0.33037608806864915,0.630170703489267
shroudAFK shroudAFK shroudAFK shroudAFK shroudAFK shroudAFK,neither,0.03945320844208391,0.33037608806864915,0.630170703489267
@shroud Now go back to 1080P LUL,neither,0.04699015235772908,0.330416476223663,0.622593371418608
what is going on?,neither,0.053652426185914176,0.3789212265798947,0.5674263472341913
@myinnerfir3 New PC still not up and running?,neither,0.03775761247181188,0.280470820447675,0.6817715670805131
WHERE WERE YOU WHEN SHROUD STREAM WAS KILL SwiftRage,neither,0.3493833453627837,0.24098870240872594,0.4096279522284904
sailor18Grumpy,neither,0.03945320844208391,0.33037608806864915,0.630170703489267
@papaBRIX IRL IT stream,neither,0.03823264709109052,0.33079589508683194,0.6309714578220776
why can't he use his girlfriends pc?,neither,0.02368859837975422,0.4130118010540696,0.5632996005661761
"@shankly_1985 nop, old pc is acting up with alerts",neither,0.03357990641177048,0.4045983832696574,0.5618217103185722
@shroud try testing lag on a different game,neither,0.03709308852443678,0.3109063872158126,0.6520005242597506
@shroud does your event logs tell you anything when you lag?,offensive_language,0.05994861022080374,0.5094594550381345,0.4305919347410618
back shroudGez shroudGez shroudGez shroudGez,neither,0.03945320844208391,0.33037608806864915,0.630170703489267
wadupuWH wadupuWH wadupuWH wadupuWH wadupuWH wadupuWH wadupuWH wadupuWH wadupuWH wadupuWH wadupuWH wadupuWH,neither,0.03945320844208391,0.33037608806864915,0.630170703489267
shroud4Head shroud4Head,neither,0.03945320844208391,0.33037608806864915,0.630170703489267
Shroud Mustache shroud4Head,neither,0.03945320844208391,0.33037608806864915,0.630170703489267
reinstall,neither,0.03945320844208391,0.33037608806864915,0.630170703489267
LUL LUL,neither,0.03945320844208391,0.33037608806864915,0.630170703489267
720p shroudPalm,neither,0.03945320844208391,0.33037608806864915,0.630170703489267
CHECK THE DEVICE OUTPUT YOU CUNT,offensive_language,0.06476605006587494,0.9341560381109117,0.0010779118232132952
eayyyy,neither,0.03945320844208391,0.33037608806864915,0.630170703489267
!uptime,neither,0.03945320844208391,0.33037608806864915,0.630170703489267
"@hnrkQQ, Mike has been live for: 1 minute, 42 seconds",neither,0.038291149282636765,0.3099138046404605,0.6517950460769029
Guessing it's not fixed?,neither,0.03712619754967257,0.33504015869385445,0.627833643756473
Resintall,neither,0.03945320844208391,0.33037608806864915,0.630170703489267
Press play Kappa,neither,0.03945320844208391,0.33037608806864915,0.630170703489267
yeaaa,neither,0.03945320844208391,0.33037608806864915,0.630170703489267
"@shroud press on the speaker thing, change output",neither,0.03672706631387839,0.32823779363186917,0.6350351400542525
He should try NVIDIA driver,neither,0.05908973739152985,0.36507047161346046,0.5758397909950097
you need to download it,neither,0.06609472054418236,0.37615779631841134,0.5577474831374063
playback devices in sound,neither,0.03945320844208391,0.33037608806864915,0.630170703489267
"This man makes $100k a year and cant afford a PC that can run on 1080p, what the fuck?",offensive_language,0.11503013378605051,0.8252591703025027,0.05971069591144665
Use the web player shroud,neither,0.01373244825094869,0.46359495187629474,0.5226725998727565
plug the power cable into your ear,neither,0.057672645069248754,0.31421390420488293,0.6281134507258682
@shroud because you touch yourself at night.,neither,0.04477119103215147,0.3966612315254982,0.5585675774423503
log out of spotify and back in?,neither,0.03445876361832985,0.30693521469569224,0.6586060216859779
"@TerraBuck, https://open.spotify.com/user/mgrzesiek162/playlist/2OOV6oRyqoj837Cpu7DnyO",neither,0.03945320844208391,0.33037608806864915,0.630170703489267
@Tinyblocktim it's a nice computer 5930k - he's got a beast.,neither,0.04144328079080736,0.36585778245001904,0.5926989367591735
Don't use app it sucks @shroud,neither,0.014928898844620082,0.41344436788869265,0.5716267332666872
Subscribe to my YouTube Channel: https://www.youtube.com/shroud 4Head,neither,0.03627194713873422,0.37416331042531104,0.5895647424359548
now I can see,neither,0.03989046793650898,0.3229546532919094,0.6371548787715816
"@shroud I've had this, it was a playback device issue",neither,0.021715065057201933,0.3184649974657911,0.659819937477007
:D,neither,0.03945320844208391,0.33037608806864915,0.630170703489267
@shroud nickle back? https://www.youtube.com/watch?v=udHaGzEOKmI,neither,0.043332371850835154,0.32904186589100415,0.6276257622581606
Lmao,neither,0.03705015143476208,0.3711622369619404,0.5917876116032975
RESET SPOTIFY,neither,0.03945320844208391,0.33037608806864915,0.630170703489267
My 2DS would be a better stream PC,neither,0.03067222531564001,0.39429653561928785,0.5750312390650721
Hacked,neither,0.03945320844208391,0.33037608806864915,0.630170703489267
more like 100k a month nevermind a year,neither,0.04860113744360917,0.3345736795521234,0.6168251830042676
monkaS the computer is taking over,neither,0.04302174711097231,0.3142098751011738,0.642768377787854
LuL,neither,0.03945320844208391,0.33037608806864915,0.630170703489267
LuL,neither,0.03945320844208391,0.33037608806864915,0.630170703489267
Check Spotify default output,neither,0.03945320844208391,0.33037608806864915,0.630170703489267
"@shankly_1985, https://open.spotify.com/user/mgrzesiek162/playlist/2OOV6oRyqoj837Cpu7DnyO",neither,0.03945320844208391,0.33037608806864915,0.630170703489267
spotify programm is sooo bad,neither,0.04500809970229596,0.3284655062413765,0.6265263940563275
It's a network problem,neither,0.03796569978836256,0.3308877105052695,0.6311465897063679
Doc's losing his shit about pubg atm,offensive_language,0.06837993605328013,0.9181476650000354,0.013472398946684581
i fucking TOLD YOU IDIOT,offensive_language,0.13518574387022683,0.8644423323238687,0.0003719238059044163
@Shroud Re add the Notification URL or even change the animation. Check Task manager for CEF-Bootstrapper.exe one may be eating up your CPU %. Kill them all restart OBS and try again.,neither,0.15962913756530975,0.28682662407453635,0.553544238360154
WAIT WHAT,neither,0.04877470361900789,0.3238348708445956,0.6273904255363965
whats up @shroud ? ur good?,neither,0.06091489620313449,0.37617880800003073,0.5629062957968348
@shroud im not sure if spotify fixed their issue but they also had some problems with memory leakage.,neither,0.019223493236258313,0.46928014646504373,0.5114963602986979
"@gmach24, https://open.spotify.com/user/mgrzesiek162/playlist/2OOV6oRyqoj837Cpu7DnyO",neither,0.03945320844208391,0.33037608806864915,0.630170703489267
@shroud clear cache in settings,neither,0.03945320844208391,0.33037608806864915,0.630170703489267
Jeremy should work at Spotify Customer Service,neither,0.04716135533012569,0.3719981889369888,0.5808404557328856
Kreygasm,neither,0.03945320844208391,0.33037608806864915,0.630170703489267
you're welcome,neither,0.10626763448287628,0.35096606821718634,0.5427662972999374
"@shroud check your spotify account, maybe expired?",neither,0.06273604238290308,0.3239193389717577,0.6133446186453392
HOW DOES THAT WORK,offensive_language,0.02164938758622625,0.5040438927178961,0.4743067196958778
Lmao,neither,0.03705015143476208,0.3711622369619404,0.5917876116032975
that's what i told you Jebaited,neither,0.07036741327784905,0.46200399750758964,0.46762858921456124
shroudWTF shroudIA shroudWTF shroudIA shroudWTF shroudIA shroudWTF shroudIA,neither,0.03945320844208391,0.33037608806864915,0.630170703489267
idiot?,neither,0.03945320844208391,0.33037608806864915,0.630170703489267
The Doc is losing his mind over PUBG,neither,0.06356941341161149,0.3178875510357744,0.6185430355526141
shroud200 shroud200 shroud200,neither,0.03945320844208391,0.33037608806864915,0.630170703489267
THAT SHOULDNT HAPPEN,neither,0.035767036190446244,0.3704343543226026,0.5937986094869512
ROckstar,neither,0.03945320844208391,0.33037608806864915,0.630170703489267
Works,neither,0.03945320844208391,0.33037608806864915,0.630170703489267
im gay,hate_speech,0.5154402502539991,0.12695318785875706,0.357606561887244
play Wadu hek dis track @shroud,neither,0.03945320844208391,0.33037608806864915,0.630170703489267
Rockstar remix,neither,0.03945320844208391,0.33037608806864915,0.630170703489267
Rockstar,neither,0.03945320844208391,0.33037608806864915,0.630170703489267
"Tinyblocktim, 100k a year LUL ?!?!?! Are you dumb? He makes like 100k a month and 1,5 mill a year",neither,0.06570552208450064,0.3160641260542328,0.6182303518612666
its from logic it's the suicide song,neither,0.033607535247653704,0.31180025966686853,0.6545922050854777
rockstar or logic,neither,0.03945320844208391,0.33037608806864915,0.630170703489267
Doc uninstall pubg,neither,0.03945320844208391,0.33037608806864915,0.630170703489267
"just9n has a lil peepy, is what he sings isnt it LUL",neither,0.05163926989309759,0.3206684740935326,0.6276922560133699
@demons56 BUSTED LUL,neither,0.03945320844208391,0.33037608806864915,0.630170703489267
@Shroud Re add the Notification URL or even change the animation. Check Task manager for CEF-Bootstrapper.exe one may be eating up your CPU %. Kill them all restart OBS and try again.,neither,0.15962913756530975,0.28682662407453635,0.553544238360154
LUL,neither,0.03945320844208391,0.33037608806864915,0.630170703489267
SmashMouth All Star,neither,0.042334808024642526,0.4432099346481632,0.5144552573271943
Hii,neither,0.03945320844208391,0.33037608806864915,0.630170703489267
RIP shroud,neither,0.03945320844208391,0.33037608806864915,0.630170703489267
Computer is used out,neither,0.04269507079781417,0.34447838219181326,0.6128265470103726
1800,neither,0.03945320844208391,0.33037608806864915,0.630170703489267
now whats happened ?,neither,0.03945320844208391,0.33037608806864915,0.630170703489267
LUL,neither,0.03945320844208391,0.33037608806864915,0.630170703489267
onononononononono,neither,0.03945320844208391,0.33037608806864915,0.630170703489267
!uptime,neither,0.03945320844208391,0.33037608806864915,0.630170703489267
"@favorite9292, Mike has been live for: 3 minutes, 21 seconds",neither,0.038247129558412335,0.3090978536013409,0.6526550168402467
shroudWTF shroudIA,neither,0.03945320844208391,0.33037608806864915,0.630170703489267
that looks bad,neither,0.02990323409431811,0.3911263176728875,0.5789704482327945
LUL,neither,0.03945320844208391,0.33037608806864915,0.630170703489267
@shroud Buy a 1080 GPU,neither,0.03945320844208391,0.33037608806864915,0.630170703489267
@shroud life hard right ? :'),offensive_language,0.02849896286898452,0.5980656967078054,0.37343534042321
When’s that pc build gonna happen shroud ?,neither,0.029310969795787598,0.4274223306647029,0.5432666995395095
@shroud Just9n always sings: Logic - 1-800-273-8255 ft. Alessia Cara & Khalid,neither,0.03853800714308178,0.35897981097070575,0.6024821818862126
its workign,neither,0.02700859978372578,0.3346563596412867,0.6383350405749875
computers are EZ PZ,neither,0.07187469396139935,0.27634098980219296,0.6517843162364078
i spent 8 hours today on phone with it guy....,neither,0.027845502520534825,0.3560797692749818,0.6160747282044834
<o/,neither,0.03945320844208391,0.33037608806864915,0.630170703489267
"Doc just went on a mad one, watch this https://clips.twitch.tv/SparklingPeacefulDiamondMikeHogu",neither,0.03772182619872676,0.3658245357041209,0.5964536380971523
@shroud its from logic the song is 1800 something something i don't know the rest,neither,0.039428966796907584,0.30480349000422746,0.6557675431988649
Wow shroud4Head shroud4Head,neither,0.03945320844208391,0.33037608806864915,0.630170703489267
Wellcome!,neither,0.03945320844208391,0.33037608806864915,0.630170703489267
shroudWTF shroudIA,neither,0.03945320844208391,0.33037608806864915,0.630170703489267
all fixed ?,neither,0.04188083744528237,0.4262581365805153,0.5318610259742023
OBS fixed?,neither,0.03945320844208391,0.33037608806864915,0.630170703489267
did he fix the problem?,neither,0.04361105700760974,0.31376459675582,0.6426243462365702
OH SHIT WADU IS ONLINE!! BE BACK LATER,offensive_language,0.05980969389766677,0.9345113175215579,0.005678988580775278
how do i unsub,neither,0.04229663383404011,0.32939810368937084,0.6283052624765891
WADU,neither,0.03945320844208391,0.33037608806864915,0.630170703489267
IT WOOOOOOOOOOOOOOOOOOOOOOOOOOOOOOORKS,neither,0.034373745257138544,0.33212314837979673,0.6335031063630647
At first I tought i was watching a video lol,neither,0.030137645247708723,0.320611546979642,0.6492508077726492
46 viewers just like the good old days,neither,0.04186981006581723,0.34380224335099485,0.6143279465831879
YEA,neither,0.03908133164861177,0.3366878077749653,0.624230860576423
lolol,neither,0.03945320844208391,0.33037608806864915,0.630170703489267
@Shroud Re add the Notification URL or even change the animation. Check Task manager for CEF-Bootstrapper.exe one may be eating up your CPU %. Kill them all restart OBS and try again.,neither,0.15962913756530975,0.28682662407453635,0.553544238360154
@shroud Will we ever see you stream with 1080,neither,0.04267472067911059,0.386595751167305,0.5707295281535844
HOW TO UNSUB THO,neither,0.04330649387316659,0.33828605983741583,0.6184074462894176
@shroud basically spotify can't pick up your audio output device because you switched capture cards or switched in that virtual mixer,neither,0.0570947348944321,0.3511767925736693,0.5917284725318988
"@herpaplays, https://open.spotify.com/user/mgrzesiek162/playlist/2OOV6oRyqoj837Cpu7DnyO",neither,0.03945320844208391,0.33037608806864915,0.630170703489267
THAT DOC CLIP HAHA,neither,0.03311049157419906,0.42008321815210525,0.5468062902736956
BAD WAY,neither,0.034203165646452975,0.33368216117310895,0.6321146731804381
:(,neither,0.03945320844208391,0.33037608806864915,0.630170703489267
"i love penis, no one will notice this. hahaha",neither,0.03711043185834206,0.3569703447431859,0.6059192233984722
link link link,neither,0.03945320844208391,0.33037608806864915,0.630170703489267
very bad,neither,0.03478601430282356,0.33198135015014013,0.6332326355470362
720p DansGame,neither,0.03945320844208391,0.33037608806864915,0.630170703489267
what was the problem?,neither,0.04542913195931158,0.30703769039425616,0.6475331776464323
alot of new footage of Battlefront! so excited,neither,0.04268718267726235,0.29011991822017047,0.6671928991025672
unwatchable,neither,0.03945320844208391,0.33037608806864915,0.630170703489267
doc just llost his shit,offensive_language,0.06799775106335357,0.9311043952195608,0.000897853717085446
@karbon_tv we all saw,neither,0.04190751548577196,0.4406231059252913,0.5174693785889368
Very bad,neither,0.03478601430282356,0.33198135015014013,0.6332326355470362
did he fix the issue,neither,0.04333969927677332,0.31475524231108226,0.6419050584121443
@shroud Shouldn't the i9 be at your place by now??,neither,0.07202702892716023,0.32631802311006125,0.6016549479627786
we in 2015 now,neither,0.03928612017289717,0.33321201206238243,0.6275018677647205
someone link that doc clip monkaS,neither,0.03669668698227395,0.3602011702252509,0.6031021427924751
@illusivesage why is chat so slow. xD,neither,0.035003088936210444,0.38533431492597975,0.5796625961378098
DansGame,neither,0.03945320844208391,0.33037608806864915,0.630170703489267
"He shot a guy 3 times with a KAR98 then tried to rush him with a scar, didnt end well.........",neither,0.033468217754542666,0.36810344358816244,0.598428338657295
@shroud why check on another game ?,neither,0.06262382974796595,0.24715553461477602,0.6902206356372581
!uptime,neither,0.03945320844208391,0.33037608806864915,0.630170703489267
"@WeaknndD, Mike has been live for: 4 minutes, 44 seconds",neither,0.038293455266983904,0.30995644253943666,0.6517501021935793
ayy shroud's here,neither,0.09942143302913084,0.28448859399755033,0.6160899729733189
720p is better than nothing,neither,0.045325577966083455,0.3870470213836044,0.567627400650312
why is not playing with chad?,neither,0.025670697314378398,0.3792318468072174,0.5950974558784042
DOCS CLIP LUL,neither,0.03945320844208391,0.33037608806864915,0.630170703489267
2000 viewers?,neither,0.03945320844208391,0.33037608806864915,0.630170703489267
4:44,neither,0.03945320844208391,0.33037608806864915,0.630170703489267
duo with the doc lol,neither,0.025045671766366084,0.38982442511132787,0.5851299031223061
damn doc really went off,offensive_language,0.04467057778353261,0.7514166075657985,0.20391281465066888
@shroud how many years you streaming?,neither,0.05390581873009643,0.3713955246590321,0.5746986566108715
yay PC problems,neither,0.03945320844208391,0.33037608806864915,0.630170703489267
the doc uninstalled pubg lmao,neither,0.03734680170063866,0.3314822426564702,0.6311709556428912
I guess he fixed it by removing the sound with the sub?,neither,0.03409235040682373,0.36087352282046875,0.6050341267727076
Lul,neither,0.03945320844208391,0.33037608806864915,0.630170703489267
:/,neither,0.03945320844208391,0.33037608806864915,0.630170703489267
play with doc,neither,0.028092101059515998,0.3702988216764976,0.6016090772639865
@mahnito his streaming pc was lagging everytime an alert was coming in,neither,0.051511540319103696,0.3310734785576174,0.6174149811232789
cani see clip,neither,0.03945320844208391,0.33037608806864915,0.630170703489267
720p BibleThump,neither,0.03945320844208391,0.33037608806864915,0.630170703489267
nothing is better than 720p,neither,0.045325577966083455,0.3870470213836044,0.567627400650312
Doc clip link?,neither,0.03945320844208391,0.33037608806864915,0.630170703489267
@shroud The song Just9n always listens to is Logic - 1-800-273-8255 ft. Alessia Cara & Khalid... it's named after the suicide hotline phone number :),neither,0.04320953153890082,0.34014087172448415,0.616649596736615
play with chad,neither,0.028092101059515998,0.3702988216764976,0.6016090772639865
"Ewww, 720p",neither,0.03945320844208391,0.33037608806864915,0.630170703489267
Here you go again https://clips.twitch.tv/SparklingPeacefulDiamondMikeHogu,neither,0.08321036413963985,0.35673626827202537,0.5600533675883348
@shroud just had a nice shave there...,neither,0.03539272670158625,0.3109624284064248,0.6536448448919889
AUDIO SOURCE,neither,0.03945320844208391,0.33037608806864915,0.630170703489267
"doc is not wrong though, the games state is terrible and all they care about is grabbing more money LUL",neither,0.06531445138416966,0.29439127139950394,0.6402942772163264
shroudWTF shroudIA,neither,0.03945320844208391,0.33037608806864915,0.630170703489267
i can read chat. throwback LUL,neither,0.03963880032550784,0.32722610945072594,0.6331350902237664
@shroud can you host Lo0p- from Ayasakonr1,neither,0.0611230393694805,0.3580800589425424,0.580796901687977
Drop on one of those rocks out in the ocean!,neither,0.056012752395016886,0.3094032092732891,0.6345840383316941
Doc rage was real,neither,0.033544598733414005,0.433081541279223,0.5333738599873631
you turned it off,neither,0.05985046176320489,0.39507809393320886,0.5450714443035862
not again NotLikeThis,neither,0.03439052528572246,0.38949277640131136,0.5761166983129662
we cant hear them either,neither,0.05282703464596779,0.32528869363289326,0.6218842717211388
compy is slowly shitting the bed eh?,neither,0.04465951495240117,0.3164641990406125,0.6388762860069863
At least the frames are fine,neither,0.06561354423490189,0.28961398075558364,0.6447724750095145
is it fixed?,neither,0.047646860339615335,0.3275579154562434,0.6247952242041411
Pretty sure chad is in this game,neither,0.040127455266613404,0.40336625097122997,0.5565062937621567
waduhek?,neither,0.03945320844208391,0.33037608806864915,0.630170703489267
@Hunney143 I just wanna die today?,neither,0.2047995079541148,0.11593594706891477,0.6792645449769705
YOU STILL LAGGING LIKE A MOFO,neither,0.07214317791795252,0.41726993323817324,0.5105868888438743
shroudWTF shroudIA,neither,0.03945320844208391,0.33037608806864915,0.630170703489267
we cant hear them either,neither,0.05282703464596779,0.32528869363289326,0.6218842717211388
I subed XD nothing happend,neither,0.03675313769993884,0.3762033351859704,0.5870435271140907
FeelsBadMan,neither,0.03945320844208391,0.33037608806864915,0.630170703489267
console > pc clearly Kappa,neither,0.03945320844208391,0.33037608806864915,0.630170703489267
when u playing ow?,neither,0.03008391932581393,0.37785617337776967,0.5920599072964166
@myinnerfir3 Yup!,neither,0.03945320844208391,0.33037608806864915,0.630170703489267
looks fine to mr,neither,0.046316634807916736,0.32636844119615466,0.6273149239959287
"Joke is, he isnt coming back",neither,0.05116934960027615,0.3263463698736347,0.6224842805260891
@shroud how many years you streaming?,neither,0.05390581873009643,0.3713955246590321,0.5746986566108715
cant hear the sound with 720p.,neither,0.02834841579337631,0.3504770904527923,0.6211744937538314
aand rip,neither,0.03945320844208391,0.33037608806864915,0.630170703489267
go steal docs pc FeelsGoodMan,neither,0.040340954241925776,0.3334548634822416,0.6262041822758325
Is it cooled properly?,neither,0.04723366793074807,0.32770003127283975,0.6250663007964122
yes,neither,0.03945320844208391,0.33037608806864915,0.630170703489267
yeah,offensive_language,0.013968601452186464,0.5182923869769311,0.4677390115708824
The Shroud and DrDisrespect cop duo clip haha damn,offensive_language,0.039291824124273185,0.6353478405544886,0.3253603353212382
@shroud thrash your virtual mixer and get a real one,offensive_language,0.0646970842953886,0.4703584209051619,0.4649444947994495
@Hunney143 just9nThump just9nThump,neither,0.03945320844208391,0.33037608806864915,0.630170703489267
clean it Kappa,neither,0.03810262191344942,0.33084061670780557,0.631056761378745
Streaming PC is shit now,offensive_language,0.05532988056475058,0.9367387378203218,0.007931381614927601
vsauce is coming :),neither,0.05405443391116958,0.32535405708183907,0.6205915090069913
@shroud it's because jesus hates your molestache,neither,0.06771587740246834,0.3226781116516141,0.6096060109459176
buy a new one!,neither,0.043216491138620736,0.252226216957359,0.7045572919040203
@shroud,neither,0.03945320844208391,0.33037608806864915,0.630170703489267
"Hey @shroud, didn't you plan on upgrading your PC?",neither,0.05735790953304968,0.4081841062905673,0.5344579841763829
giveaway old pc Kappa,neither,0.03945320844208391,0.33037608806864915,0.630170703489267
@shroud Shouldn't the i9 be at your place by now??,neither,0.07202702892716023,0.32631802311006125,0.6016549479627786
Buy a new one,neither,0.043216491138620736,0.252226216957359,0.7045572919040203
yes,neither,0.03945320844208391,0.33037608806864915,0.630170703489267
me love u shroud long time now,neither,0.027717245752537926,0.4056794455385944,0.5666033087088678
"buy a new one shroud , your pc is in the dumpsters LUL",neither,0.06532260548899936,0.27788688259384403,0.6567905119171566
@shroud play 3s with doc and chad,neither,0.029968470559256482,0.32760683419166947,0.6424246952490742
@shroud sorry dude you still lagging,neither,0.05265016217512625,0.3839603446083087,0.5633894932165651
the ghost of the threadripper is spooking your computer shroud,neither,0.07413971904416095,0.29215584213857837,0.6337044388172606
Buy a new cpu dad shroud,neither,0.04353571619691887,0.22797023824678983,0.7284940455562913
IT HAUNTS YOUR CURRENT COMPUTEr,neither,0.06780213254018362,0.32265450474960944,0.609543362710207
3 years of streaming what do you expeck,neither,0.06240553715726448,0.3671269564316286,0.5704675064111068
I9 build time FeelsGoodMan,neither,0.038054792643257965,0.35411085374914036,0.6078343536076017
Time for two new motherfuckers,neither,0.03652329363146563,0.232873671225966,0.7306030351425684
!subcount,neither,0.03945320844208391,0.33037608806864915,0.630170703489267
"https://twitchstats.net/real-sub-count look for shroud, usually top 10",neither,0.032969218950997504,0.37876308376202045,0.588267697286982
@myinnerfir3 I know right? Apparently the song is a story about a guy wanting to die and then calls the number and is convinced he wants to live by the end,neither,0.10777672548787953,0.22993012961110226,0.6622931449010182
What happened to with Threadripper ?,neither,0.03877749930948071,0.36620729352597614,0.595015207164543
"@shroud, put it in rice. Then the Asians will come and fix it overnight.",neither,0.03910663174004372,0.2604405657376292,0.7004528025223271
@shroud is the GPU in top slot ???,neither,0.046210265253899804,0.3127627599262565,0.6410269748198436
Time to get that ibuypower sponsored pc Kappa,neither,0.039937494759764276,0.3727870078184913,0.5872754974217445
"tho if you are gona buy a new pc, care giving the old to me ? LUL",neither,0.04610093323629674,0.3248319644799737,0.6290671022837296
@shroud could be a bad stick of ram or ur hd is dying,neither,0.05599568058444427,0.32691279089858477,0.6170915285169708
https://clips.twitch.tv/SparklingPeacefulDiamondMikeHogu,neither,0.03945320844208391,0.33037608806864915,0.630170703489267
@shroud we were promised 1080p waaat happened,neither,0.039589828907562276,0.3142299278783768,0.6461802432140609
chadd versus him,neither,0.0391405574965401,0.33568259056847527,0.6251768519349846
oh boy oh boy shroud is on,neither,0.051632978021398594,0.264598382560589,0.6837686394180125
ur insane,neither,0.06975657846099838,0.31995336953985365,0.610290051999148
@shroud windows 10 is fucking all up,offensive_language,0.1023913435309156,0.8963510281205292,0.0012576283485551685
whata cpu in your streaming pc?,neither,0.06016410114690609,0.32463496562791083,0.6152009332251832
Hire an IT guy?,neither,0.03790321447365293,0.3331792488702834,0.6289175366560636
7200 kbps for 720 LUL @shroud,neither,0.03296554473014691,0.29799019813725613,0.669044257132597
56 celcius cpu MonkaS,neither,0.03945320844208391,0.33037608806864915,0.630170703489267
5930k,neither,0.03945320844208391,0.33037608806864915,0.630170703489267
@Unofficiala1 for real lol,offensive_language,0.015491893061397968,0.5203670840563958,0.4641410228822062
u are in same game a chad,neither,0.06432392352974572,0.2548221608187471,0.6808539156515072
shroud is the GPU in top slot ???,neither,0.046210265253899804,0.3127627599262565,0.6410269748198436
7200 kbps for 720 LUL @shroud .,neither,0.03296554473014691,0.29799019813725613,0.669044257132597
"@Hunney143 Yeah, I had it in my head recently. It's wierd to just mumble I just wanna die today. So catchy lol",neither,0.053972190282480334,0.4032373238089069,0.5427904859086127
doc is looking for streamsniper games..shroud my dude...LUL,neither,0.03254746817125507,0.36300588179287196,0.604446650035873
Crossbow only ? shroud4Head,neither,0.03945320844208391,0.33037608806864915,0.630170703489267
lol,neither,0.020706217963973744,0.4882283491876925,0.4910654328483337
nt,neither,0.03945320844208391,0.33037608806864915,0.630170703489267
he is back,neither,0.06762386238615045,0.3206869083949745,0.611689229218875
the ghost of the threadripper is spooking your computer shroud shroud4Head,neither,0.07413971904416095,0.29215584213857837,0.6337044388172606
BAttlefront ?????????,neither,0.03945320844208391,0.33037608806864915,0.630170703489267
damn doc really went off,offensive_language,0.04467057778353261,0.7514166075657985,0.20391281465066888
What capture card was Shroud trying to use?,neither,0.02280266082748489,0.3968171663896471,0.5803801727828681
@Shroud Re add the Notification URL or even change the animation. Check Task manager for CEF-Bootstrapper.exe one may be eating up your CPU %. Kill them all restart OBS and try again.,neither,0.15962913756530975,0.28682662407453635,0.553544238360154
https://clips.twitch.tv/SnappyCrackyAsteriskAMPTropPunch,neither,0.03945320844208391,0.33037608806864915,0.630170703489267
u were with chad @shroud,neither,0.028419847079259923,0.34702685736836136,0.6245532955523787
https://clips.twitch.tv/SparklingPeacefulDiamondMikeHogu,neither,0.03945320844208391,0.33037608806864915,0.630170703489267
@slader16 exactly,neither,0.03945320844208391,0.33037608806864915,0.630170703489267
@myinnerfir3 haha i know.. i was singing it in my office at work and my coworker kinda peeked in to see if i was okay lol.,neither,0.019897635660900113,0.47414814241960873,0.5059542219194911
"DOC VS PUBG - 3 body shots with a Kar98, 3 shoits with a scar, and he is not dead, ends in A RANT - https://clips.twitch.tv/SparklingPeacefulDiamondMikeHogu",neither,0.03437182421994526,0.3437632640360012,0.6218649117440533
Doc is freaking out,neither,0.042241033436339656,0.3425907157673069,0.6151682507963535
still lag?,neither,0.03850086584548503,0.3465398273490562,0.6149593068054587
!uptime,neither,0.03945320844208391,0.33037608806864915,0.630170703489267
"@Syanbyatn, Mike has been live for: 7 minutes, 51 seconds",neither,0.038143554429185315,0.30716222689653355,0.6546942186742811
WADU HEK,neither,0.03945320844208391,0.33037608806864915,0.630170703489267
SHROUD i dont see u in my FOLLOW LIST,neither,0.029418905392463793,0.4074772727737382,0.5631038218337981
AND HES BACK,neither,0.0385079683248948,0.2814050435897194,0.6800869880853858
@shroud can you host Lo0p?- from ayasakonr1,neither,0.0611230393694805,0.3580800589425424,0.580796901687977
whats ur rank shroud,neither,0.06132908555216681,0.32285197079896594,0.6158189436488672
https://clips.twitch.tv/SparklingPeacefulDiamondMikeHogu,neither,0.03945320844208391,0.33037608806864915,0.630170703489267
@shroud Its windows 10 and its bad memory allocation,neither,0.029616938351374772,0.30712956454828055,0.6632534971003446
doc angry ^^,neither,0.03945320844208391,0.33037608806864915,0.630170703489267
I am German..... can i be a Cloud9 fan? XD,neither,0.039926691742925575,0.3296599946981554,0.6304133135589192
lmao docs mad,neither,0.03848022951813361,0.3468900796807327,0.6146296908011338
😡,neither,0.03945320844208391,0.33037608806864915,0.630170703489267
hey shroud do you feel like the damage by the guns in pub has decreased slightly? feels like it takes one or two more shots than usual.,neither,0.05461449337375386,0.3688738132223208,0.5765116934039253
Shroud reinstall cpu and chipset drivers,neither,0.03848376057163518,0.2799481601138674,0.6815680793144975
"@nkvalle, nein kannst du nicht",neither,0.03945320844208391,0.33037608806864915,0.630170703489267
kreygasm1000 love your stream man,neither,0.0682286228785396,0.4010438513711149,0.5307275257503453
shroud is the GPU in top slot ???,neither,0.046210265253899804,0.3127627599262565,0.6410269748198436
"@nkvalle, KappaHD",neither,0.03945320844208391,0.33037608806864915,0.630170703489267
thank god you're alive,neither,0.0790993380876748,0.3519382511372137,0.5689624107751114
@shroud Shouldn't the i9 be at your place by now??,neither,0.07202702892716023,0.32631802311006125,0.6016549479627786
Shroud bless you bro hope the pc is all ok now,neither,0.09381842375886096,0.31187091851305215,0.594310657728087
Its not windows its not the game its the Notification browser source alert,neither,0.02971425093366593,0.30423315093865716,0.6660525981276769
what happen?,neither,0.04747301754087288,0.32470861423304376,0.6278183682260834
How are your temperatures?Because God hates you.,neither,0.11284264915127916,0.31824127191961626,0.5689160789291047
720?,neither,0.03945320844208391,0.33037608806864915,0.630170703489267
can you people stop with the nonsense anecdotal PC troubleshooting,neither,0.06347533337196624,0.4373767687209692,0.4991478979070646
@seppl_de oke danke XD shroudPalm,neither,0.03945320844208391,0.33037608806864915,0.630170703489267
i can hear them :),neither,0.060886495905642136,0.3126267535357878,0.6264867505585701
star wars maybe,neither,0.03945320844208391,0.33037608806864915,0.630170703489267
its better no sound is better,neither,0.03969432273951136,0.34180588455101424,0.6184997927094745
lol Dogsocks23,neither,0.020706217963973744,0.4882283491876925,0.4910654328483337
"@nkvalle, shroudHyper shroudHyper",neither,0.03945320844208391,0.33037608806864915,0.630170703489267
wanna try my beard,neither,0.02844786470971936,0.41587002118241856,0.5556821141078622
@shroud don't be sad..we're all still here :),neither,0.11919198837813742,0.3459385398696407,0.5348694717522219
o,neither,0.03945320844208391,0.33037608806864915,0.630170703489267
@shroud are you on a 1 pc setup,neither,0.07761010152066271,0.34028276604748176,0.5821071324318555
why can't he use his girlfriends pc?,neither,0.02368859837975422,0.4130118010540696,0.5632996005661761
shroud4Head am I late?,neither,0.03919336354151632,0.3304654606452988,0.6303411758131848
CALL DOC HES CRYING,neither,0.03945320844208391,0.33037608806864915,0.630170703489267
Nice beard,neither,0.03945320844208391,0.33037608806864915,0.630170703489267
!uptime,neither,0.03945320844208391,0.33037608806864915,0.630170703489267
shroudOverit shroudOverit shroudOverit shroudOverit shroudOverit shroudOverit,neither,0.03945320844208391,0.33037608806864915,0.630170703489267
"@BL4CK__E4GLE, Mike has been live for: 9 minutes, 31 seconds",neither,0.03830358073741883,0.3101435405721779,0.6515528786904033
i have never won a solo on pubg,neither,0.032603069041397495,0.39076321477901566,0.5766337161795868
!headset,neither,0.03945320844208391,0.33037608806864915,0.630170703489267
"@Masonsanders49, He uses the Logitech G533 headset - http://gaming.logitech.com/en-us/product/g533-wireless-gaming-headset",neither,0.05521349870019428,0.2696841346443192,0.6751023666554866
hey SHROOD,neither,0.03945320844208391,0.33037608806864915,0.630170703489267
Shroudieee,neither,0.03945320844208391,0.33037608806864915,0.630170703489267
wtf,offensive_language,0.04410695246022759,0.7898861884776351,0.16600685906213722
what happened? Reinstall?,neither,0.04722295797655572,0.3248777811305592,0.6278992608928851
Hi,neither,0.03945320844208391,0.33037608806864915,0.630170703489267
"Your facial hair is actually decent. Better than most of peeps I see around to be honest, can't wait to see the end-result.",neither,0.061488926290875524,0.3180557913215937,0.6204552823875309
shroudHyper,neither,0.03945320844208391,0.33037608806864915,0.630170703489267
@shroud Just take the day off,neither,0.033696212441871216,0.3188433267130811,0.6474604608450476
shroud stop downloading viruses,neither,0.039405321154596155,0.41567360848799506,0.5449210703574088
@shroud look,neither,0.04415703775132217,0.3287582254722749,0.6270847367764029
cheer up @shroud LUL lay out some scrubs to feel better,neither,0.03423446884632314,0.37534132500410405,0.5904242061495728
doc is not having a good day today feelsbadman,neither,0.04343968186330146,0.30261342414177766,0.6539468939949209
this is why you research problems .,neither,0.048529620555707996,0.38594150185663284,0.5655288775876592
vsauce is coming shrood :),neither,0.05405443391116958,0.32535405708183907,0.6205915090069913
@gmach24 2,neither,0.03945320844208391,0.33037608806864915,0.630170703489267
@Yolobands what happened to Doc,neither,0.051929609393100026,0.32258537187498904,0.625485018731911
!uptime,neither,0.03945320844208391,0.33037608806864915,0.630170703489267
https://clips.twitch.tv/SparklingPeacefulDiamondMikeHogu,neither,0.03945320844208391,0.33037608806864915,0.630170703489267
"@kingggcon, Mike has been live for: 9 minutes, 45 seconds",neither,0.03826676279011509,0.30946225369587216,0.6522709835140127
@shroud lets just watch clips again haha,neither,0.03496237864703091,0.4267773172932227,0.5382603040597463
Shroud watching too much porn,neither,0.031099002953504165,0.4136218208570975,0.5552791761893984
Shroud what appen?,neither,0.057770773616808734,0.3180719994247239,0.6241572269584672
lool,neither,0.03945320844208391,0.33037608806864915,0.630170703489267
Happen*,neither,0.03945320844208391,0.33037608806864915,0.630170703489267
heya @shroud hey chat :p,neither,0.03945320844208391,0.33037608806864915,0.630170703489267
Hh,neither,0.03945320844208391,0.33037608806864915,0.630170703489267
CPU troll,neither,0.03945320844208391,0.33037608806864915,0.630170703489267
Shroud has a beard!!! sumOhface sumOhface sumOhface,neither,0.03994576661462504,0.3220160904062302,0.6380381429791447
yooooooooooo @shroud :D,neither,0.03945320844208391,0.33037608806864915,0.630170703489267
WHERE IS DOC CLIP,neither,0.04836045765394291,0.30039808304926935,0.6512414592967878
redundant redundancy is your friend,neither,0.08229697471727392,0.31761554597302266,0.6000874793097034
@Shroud Re add the Notification URL or even change the animation. Check Task manager for CEF-Bootstrapper.exe one may be eating up your CPU %. Kill them all restart OBS and try again. THIS IS THE FIX! Happened to me a week ago!,neither,0.14172611471649446,0.29833540353577603,0.5599384817477295
shroud is the GPU in top slot ???,neither,0.046210265253899804,0.3127627599262565,0.6410269748198436
shroud4Head,neither,0.03945320844208391,0.33037608806864915,0.630170703489267
stwap it shwoud,neither,0.034373745257138544,0.33212314837979673,0.6335031063630647
shroud computer locked by pay wall troll,neither,0.0402276664825617,0.36032663949997734,0.599445694017461
FeelsBadMan,neither,0.03945320844208391,0.33037608806864915,0.630170703489267
lfsW lfsW,neither,0.03945320844208391,0.33037608806864915,0.630170703489267
mmmmm that mexican coke,neither,0.03897736510339601,0.37150980372284576,0.5895128311737583
No monkaS,neither,0.036918905254960256,0.37338982715841207,0.5896912675866277
Houston we have a problem,neither,0.038758952814433305,0.3421594179326879,0.6190816292528788
THERE IS THE DOC CLIP GOD DAMN IT SAVE IT OR SOMETHING GUYS https://clips.twitch.tv/SparklingPeacefulDiamondMikeHogu,offensive_language,0.043969536030649646,0.5125149536742108,0.44351551029513947
FeelsBadMan,neither,0.03945320844208391,0.33037608806864915,0.630170703489267
i think @shroud needs a cuddle chat,neither,0.03990419721189053,0.32272163165813117,0.6373741711299784
FeelsBadMan,neither,0.03945320844208391,0.33037608806864915,0.630170703489267
@shroud you think you can screenshot your voice meter settings and set it as a chat command?,neither,0.07858584424442147,0.3650512071259017,0.5563629486296767
