text,top_class,hate_speech,offensive_language,neither
shroudHype shroudHype shroudHype shroudHype shroudHype shroudHype shroudHype shroudHype,neither,0.03945320844208391,0.33037608806864915,0.630170703489267
heloooo @shroud!,neither,0.03945320844208391,0.33037608806864915,0.630170703489267
shrood,neither,0.03945320844208391,0.33037608806864915,0.630170703489267
@shroud gonna jump on the sea of thieves bandwagon?,neither,0.03601969077401836,0.362135376535994,0.6018449326899876
hi shroud,neither,0.03945320844208391,0.33037608806864915,0.630170703489267
thanks for the stream,neither,0.031916881848894366,0.2779716091013474,0.6901115090497583
very nice,neither,0.03945320844208391,0.33037608806864915,0.630170703489267
yayayayayayaya,neither,0.03945320844208391,0.33037608806864915,0.630170703489267
WHERE THE FUCK I AM,offensive_language,0.2176594759166525,0.7822169636075392,0.00012356047580830008
EU friendly shroudH,neither,0.03945320844208391,0.33037608806864915,0.630170703489267
aye,neither,0.03945320844208391,0.33037608806864915,0.630170703489267
where shroudIA fuck,offensive_language,0.262516807776259,0.7374812668274218,1.9253963192071467e-06
yoooooooooooooo,neither,0.03945320844208391,0.33037608806864915,0.630170703489267
that is PRISTINE,neither,0.05154613418987003,0.42924314326430335,0.5192107225458266
!dpi,neither,0.03945320844208391,0.33037608806864915,0.630170703489267
"@HypoGG, He uses 400 DPI",neither,0.044463797769253195,0.32865271663544304,0.6268834855953038
shroudW shroudW shroudW shroudW,neither,0.03945320844208391,0.33037608806864915,0.630170703489267
shroud4Head shroud4Head shroud4Head shroud4Head,neither,0.03945320844208391,0.33037608806864915,0.630170703489267
sup,neither,0.03945320844208391,0.33037608806864915,0.630170703489267
Woooooo,neither,0.03945320844208391,0.33037608806864915,0.630170703489267
OptimizePrime OptimizePrime OptimizePrime OptimizePrime OptimizePrime OptimizePrime,neither,0.03945320844208391,0.33037608806864915,0.630170703489267
!sens,neither,0.03945320844208391,0.33037608806864915,0.630170703489267
"@HypoGG, PUBG - http://imgur.com/a/nJVKv . CS:GO - DPI: 400 - Ingame : 2.2 - Windows: 6/11 - Raw-Input: On - 1000 Hz Polling Rate, AWP sens is 1",neither,0.04045372134755817,0.2824217116843241,0.6771245669681176
shroudW shroudW shroudW shroudW shroudW,neither,0.03945320844208391,0.33037608806864915,0.630170703489267
shroud4Head shroud4Head shroud4Head shroud4Head,neither,0.03945320844208391,0.33037608806864915,0.630170703489267
What the fuck Shroud is like one of my best friends,offensive_language,0.15780682504462157,0.8406038514938579,0.0015893234615205491
shroudWithIt shroudWithIt shroudWithIt shroudWithIt,neither,0.03945320844208391,0.33037608806864915,0.630170703489267
Yaaa,neither,0.03945320844208391,0.33037608806864915,0.630170703489267
shroud4Head shroud4Head shroud4Head shroud4Head shroud4Head shroud4Head shroud4Head shroud4Head,neither,0.03945320844208391,0.33037608806864915,0.630170703489267
yay,neither,0.03945320844208391,0.33037608806864915,0.630170703489267
shroudHyper shroudHyper shroudHyper shroudHyper shroudHyper shroud4Head shroud4Head shroud4Head shroud4Head shroud4Head shroud4Head,neither,0.03945320844208391,0.33037608806864915,0.630170703489267
Check out the community-made subreddit for Mike here: https://www.reddit.com/r/Shroud/,neither,0.053508186408238685,0.2949994036946994,0.651492409897062
AFRICAAAAA,neither,0.03945320844208391,0.33037608806864915,0.630170703489267
shroud1D shroudAK shroudAK shroudAK shroudAK shroudAK shroudAK,neither,0.03945320844208391,0.33037608806864915,0.630170703489267
shroud4Head,neither,0.03945320844208391,0.33037608806864915,0.630170703489267
SHROOOD!,neither,0.03945320844208391,0.33037608806864915,0.630170703489267
Holy h!,neither,0.03945320844208391,0.33037608806864915,0.630170703489267
shroud no hyper x mouse?,neither,0.038402593806060877,0.3482077603276699,0.6133896458662692
shroud4Head shroud4Head shroud4Head shroud4Head,neither,0.03945320844208391,0.33037608806864915,0.630170703489267
shroudRef shroudRef shroudRef shroudRef shroudRef shroudRef,neither,0.03945320844208391,0.33037608806864915,0.630170703489267
shroud4Head shroud4Head shroud4Head shroud4Head shroud4Head shroud4Head,neither,0.03945320844208391,0.33037608806864915,0.630170703489267
shroud4Head shroud4Head shroud4Head shroud4Head shroud4Head shroud4Head shroud4Head shroud4Head shroud4Head shroud4Head,neither,0.03945320844208391,0.33037608806864915,0.630170703489267
boi,neither,0.03945320844208391,0.33037608806864915,0.630170703489267
Is the new computer already there?,neither,0.0485590345031643,0.21614312254269286,0.7352978429541428
shroud4Head shroud4Head shroud4Head shroud4Head shroud4Head,neither,0.03945320844208391,0.33037608806864915,0.630170703489267
shroudAFK shroudAFK shroudAFK shroudAFK shroudAFK shroudAFK shroudAFK shroudAFK shroudAFK shroudAFK shroudAFK shroudAFK shroudAFK shroudAFK shroudAFK,neither,0.03945320844208391,0.33037608806864915,0.630170703489267
dudududududu,neither,0.03945320844208391,0.33037608806864915,0.630170703489267
he hawt,neither,0.04561521575311005,0.3282566911918292,0.6261280930550607
shroud4Head shroud4ead shroud4Head,neither,0.03945320844208391,0.33037608806864915,0.630170703489267
I think he said new pc is thursday,neither,0.054276549973599424,0.25143997480565183,0.6942834752207488
shroudC9,neither,0.03945320844208391,0.33037608806864915,0.630170703489267
I know you are about that sea of thieves life,neither,0.06981632408467815,0.44046088756403906,0.48972278835128286
shroud4Head shroud4Head shroud4Head shroud4Head shroud4Head,neither,0.03945320844208391,0.33037608806864915,0.630170703489267
shroud200 shroud200 shroud200 shroud200 shroud200 shroud200 shroud200 shroud200 shroud200,neither,0.03945320844208391,0.33037608806864915,0.630170703489267
shroud4Head shroud4Head shroud4Head shroudHyper shroudHyper shroudHyper shroud4Head shroud4Head shroud4Head shroudHyper shroudHyper shroudHyper,neither,0.03945320844208391,0.33037608806864915,0.630170703489267
shroud4Head shroud4Head,neither,0.03945320844208391,0.33037608806864915,0.630170703489267
shroud4Head shroud4Head shroud4Head shroud4Head shroud4Head shroud4Head shroud4Head shroud4Head shroud4Head shroud4Head shroud4Head shroud4Head shroud4Head shroud4Head shroud4Head shroud4Head shroud4Head shroud4Head shroud4Head shroud4Head,neither,0.03945320844208391,0.33037608806864915,0.630170703489267
dj shrood,neither,0.03945320844208391,0.33037608806864915,0.630170703489267
????,neither,0.03945320844208391,0.33037608806864915,0.630170703489267
"SO WHEN YOU'RE IN TEXAS LOOK BEHIND YOUUUU, CAUSE THAT'S WHERE THE RANGERS GONNA BE",neither,0.04876332935992891,0.4321346816181847,0.5191019890218863
shroud4Head shroud4Head shroud4Head shroud4Head shroud4Head shroud4Head shroud4Head shroud4Head shroud4Head shroud4Head shroud4Head shroud4Head shroud4Head,neither,0.03945320844208391,0.33037608806864915,0.630170703489267
wadu hek,neither,0.03945320844208391,0.33037608806864915,0.630170703489267
Dicks out for harambe,neither,0.028092003866882716,0.31493291889157704,0.6569750772415403
where my boii at??,neither,0.024257222237187626,0.4583742053272793,0.5173685724355331
no day off :((,neither,0.03895832232323184,0.3295720604674577,0.6314696172093105
SSSsss ArgieB8 CorgiDerp PermaSmug PRChase TTours HumbleLife panicBasket NotLikeThis PRChase TTours Mau5 PermaSmug CorgiDerp panicBasket NotLikeThis BuddhaBar Mau5 twitchRaid TheTarFu PicoMause TooSpicy RaccAttack imGlitch BlargNaut BatChest ArigatoNas SabaPing TheIlluminati TwitchRPG MorphinTime RedTeam AngryJack DarkMode,neither,0.03945320844208391,0.33037608806864915,0.630170703489267
Sea of overrated,neither,0.03945320844208391,0.33037608806864915,0.630170703489267
shroud4Head shroud4Head shroud4Head shroud4Head,neither,0.03945320844208391,0.33037608806864915,0.630170703489267
shroudHype shroudHype shroudHype,neither,0.03945320844208391,0.33037608806864915,0.630170703489267
hi dad,neither,0.03945320844208391,0.33037608806864915,0.630170703489267
shroudW shroudHyper shroudW shroudHyper shroudW shroudHyper,neither,0.03945320844208391,0.33037608806864915,0.630170703489267
shroudDad shroudDad shroudDad shroudDad shroudDad shroudDad,neither,0.03945320844208391,0.33037608806864915,0.630170703489267
3.2 end my sub FeelsBadMan,neither,0.02759937488127763,0.42335351736810206,0.5490471077506204
its not overrated,neither,0.031705592614505375,0.33798185143094267,0.6303125559545519
shroudInsane shroudInsane shroudInsane shroudInsane shroudInsane shroudInsane shroudInsane shroudInsane shroudInsane shroudInsane shroudInsane shroudInsane shroudInsane shroudInsane shroudInsane shroudInsane shroudInsane,neither,0.03945320844208391,0.33037608806864915,0.630170703489267
c o n n e c t e d,neither,0.03945320844208391,0.33037608806864915,0.630170703489267
shroud4Head shroud4Head shroud4Head shroud4Head,neither,0.03945320844208391,0.33037608806864915,0.630170703489267
it just needs more content,neither,0.035743781977136756,0.34108882893812575,0.6231673890847373
"connected, channel switch",neither,0.03945320844208391,0.33037608806864915,0.630170703489267
hey @Its_Just_Bobo My PUBG name is BoBo_Unknown haha,neither,0.030903675839502896,0.4779152999292653,0.4911810242312318
Hi,neither,0.03945320844208391,0.33037608806864915,0.630170703489267
c h a n n e l s w i t c h e d,neither,0.03945320844208391,0.33037608806864915,0.630170703489267
shroud4Head,neither,0.03945320844208391,0.33037608806864915,0.630170703489267
chadd,neither,0.03945320844208391,0.33037608806864915,0.630170703489267
Sup,neither,0.03945320844208391,0.33037608806864915,0.630170703489267
play vr immediately,neither,0.03945320844208391,0.33037608806864915,0.630170703489267
@shroud play the walker texas ranger theme song,neither,0.03865859851887012,0.32509254957226863,0.6362488519088613
Shroooood,neither,0.03945320844208391,0.33037608806864915,0.630170703489267
SHROOOOOODDDD,neither,0.03945320844208391,0.33037608806864915,0.630170703489267
PUBG ResidentSleeper,neither,0.03945320844208391,0.33037608806864915,0.630170703489267
JK2!!!!,neither,0.03945320844208391,0.33037608806864915,0.630170703489267
!uptime,neither,0.03945320844208391,0.33037608806864915,0.630170703489267
"@n4ppul4, Mike has been live for: 4 minutes, 25 seconds",neither,0.03824823334411863,0.3091183609135471,0.6526334057423342
3.2 end my sub FeelsBadMan3.2 end my sub FeelsBadMan3.2 end my sub FeelsBadMan,neither,0.02759937488127763,0.42335351736810206,0.5490471077506204
shroudHype shroudHype shroudHype shroudHype,neither,0.03945320844208391,0.33037608806864915,0.630170703489267
suh shroud :),neither,0.03945320844208391,0.33037608806864915,0.630170703489267
u should play sea of thieves,neither,0.05248196712961318,0.36832335862775484,0.5791946742426319
ab geht die post,neither,0.1764583949277272,0.14719399606918987,0.676347609003083
Where the fuck I am?,offensive_language,0.2176594759166525,0.7822169636075392,0.00012356047580830008
shroud4Head shroud4Head shroud4Head shroud4Head shroud4Head shroud4Head shroud4Head,neither,0.03945320844208391,0.33037608806864915,0.630170703489267
sea of thieves??? @shroud,neither,0.03945320844208391,0.33037608806864915,0.630170703489267
battlefront 2?,neither,0.03945320844208391,0.33037608806864915,0.630170703489267
@pandelea grüsse shroud4Head,neither,0.03945320844208391,0.33037608806864915,0.630170703489267
I just had my wisdom teeth taken out @shroud glad i get to watch you all day Lu),neither,0.04314199940316785,0.47043261303790807,0.48642538755892417
ayooo,neither,0.03945320844208391,0.33037608806864915,0.630170703489267
shroud4Head shroud4Head shroud4Head shroud4Head shroud4Head shroud4Head shroud4Head,neither,0.03945320844208391,0.33037608806864915,0.630170703489267
SEA OF THIEVES,neither,0.03945320844208391,0.33037608806864915,0.630170703489267
LuL *,neither,0.03945320844208391,0.33037608806864915,0.630170703489267
@shroud battlefront today?,neither,0.03670833772556013,0.28647033973868863,0.6768213225357513
shroudDad shroudDad shroudDad shroudDad shroudDad shroudDad shroudDad shroudDad shroudDad shroudDad shroudH,neither,0.03945320844208391,0.33037608806864915,0.630170703489267
Hola,neither,0.03945320844208391,0.33037608806864915,0.630170703489267
hola,neither,0.03945320844208391,0.33037608806864915,0.630170703489267
yo shroud can we get a rock hands emote?,neither,0.03918281470294737,0.40159689061974624,0.5592202946773065
not sea of thieves,neither,0.037920233375406016,0.33614748039374237,0.6259322862308516
"Babyyy,shroud 1v4!!!",neither,0.03945320844208391,0.33037608806864915,0.630170703489267
3.2 end my sub FeelsBadMan,neither,0.02759937488127763,0.42335351736810206,0.5490471077506204
shroudW,neither,0.03945320844208391,0.33037608806864915,0.630170703489267
Hey,neither,0.03945320844208391,0.33037608806864915,0.630170703489267
hello,neither,0.03945320844208391,0.33037608806864915,0.630170703489267
yaya,neither,0.03945320844208391,0.33037608806864915,0.630170703489267
Can you play Sea of thievers ?,neither,0.057543035250109224,0.37498567134937694,0.5674712934005138
SwiftRage \m/,neither,0.03945320844208391,0.33037608806864915,0.630170703489267
@shroud play the walker texas ranger theme song,neither,0.03865859851887012,0.32509254957226863,0.6362488519088613
shroud4Head shroud4Head shroud4Head,neither,0.03945320844208391,0.33037608806864915,0.630170703489267
shroudAFK shroudAFK shroudAFK shroudAFK shroudAFK shroudAFK shroudAFK shroudAFK shroudAFK shroudAFK shroudAFK shroudAFK shroudAFK shroudAFK shroudAFK shroudAFK shroudAFK shroudOverit shroudOverit shroudOverit shroudOverit shroudOverit shroudOverit shroudOverit shroudOverit shroudOverit,neither,0.03945320844208391,0.33037608806864915,0.630170703489267
!uptime,neither,0.03945320844208391,0.33037608806864915,0.630170703489267
shroud4Head,neither,0.03945320844208391,0.33037608806864915,0.630170703489267
"@AlWaYsLeEpIn, Mike has been live for: 5 minutes, 27 seconds",neither,0.03826676279011509,0.30946225369587216,0.6522709835140127
Sea of thieves is a laggy mess,neither,0.04748767034784853,0.327612668194165,0.6248996614579865
PogChamp shroud4Head,neither,0.03945320844208391,0.33037608806864915,0.630170703489267
fk a pubg,neither,0.03945320844208391,0.33037608806864915,0.630170703489267
"sea of thiefes is a thief, 70 euro for that game",neither,0.03772571547134543,0.3123602166812787,0.6499140678473758
Amazing,neither,0.03945320844208391,0.33037608806864915,0.630170703489267
DOC WILL BE HERE SOON,neither,0.08417935445412138,0.278086829626545,0.6377338159193338
"good, how are you doing today @shroud? :)",neither,0.09300582282453078,0.29788051218767,0.6091136649877993
@shroud que passa ?!?!?!?!,neither,0.03945320844208391,0.33037608806864915,0.630170703489267
yayayaya,neither,0.03945320844208391,0.33037608806864915,0.630170703489267
shroudInsane shroudInsane shroudInsane shroudInsane shroudInsane shroudInsane,neither,0.03945320844208391,0.33037608806864915,0.630170703489267
yo,offensive_language,0.04010381111145228,0.5271105317972344,0.4327856570913131
terrible,neither,0.03945320844208391,0.33037608806864915,0.630170703489267
"Sup, Shroud",neither,0.03945320844208391,0.33037608806864915,0.630170703489267
yo,offensive_language,0.04010381111145228,0.5271105317972344,0.4327856570913131
SOT!!!,neither,0.03945320844208391,0.33037608806864915,0.630170703489267
shroudInsane shroudInsane shroudInsane shroudInsane shroudInsane shroudInsane,neither,0.03945320844208391,0.33037608806864915,0.630170703489267
hiya @shroud,neither,0.03945320844208391,0.33037608806864915,0.630170703489267
shroudC9 shroudC9 shroudC9 shroudAFK shroud4Head,neither,0.03945320844208391,0.33037608806864915,0.630170703489267
3.2 end my sub FeelsBadMan,neither,0.02759937488127763,0.42335351736810206,0.5490471077506204
MY MATE (L),neither,0.02572345269125892,0.4404145862843712,0.5338619610243699
shroud4Head shroud4Head,neither,0.03945320844208391,0.33037608806864915,0.630170703489267
@shroud did you get food?,neither,0.06139177684883517,0.4055231257165256,0.5330850974346392
!time,neither,0.036668274527354654,0.377643684699956,0.5856880407726893
"@n4ppul4, Mike's local time is: 11:47",neither,0.04426299652176907,0.3422080576299001,0.6135289458483308
play asia servers its so easy,neither,0.03522387222829824,0.3628201998654454,0.6019559279062564
PLAY SOT,neither,0.03945320844208391,0.33037608806864915,0.630170703489267
pubg ResidentSleeper,neither,0.03945320844208391,0.33037608806864915,0.630170703489267
watching your csgo clip yesterday haha,neither,0.05550113870518348,0.3735111964425294,0.5709876648522871
Hi SENPAI @shroud,neither,0.03945320844208391,0.33037608806864915,0.630170703489267
SEA OF THIEVES,neither,0.03945320844208391,0.33037608806864915,0.630170703489267
shroudHype shroudHype shroudHype shroudHype,neither,0.03945320844208391,0.33037608806864915,0.630170703489267
Woooooooooooo! show us your bobs!,neither,0.26874399522575376,0.18400040410915136,0.5472556006650948
"Sea of Thiefs is ripoff, 70 euro",neither,0.04533242620082302,0.32835395548634605,0.6263136183128309
SHROUDY ROWDY,neither,0.03945320844208391,0.33037608806864915,0.630170703489267
I'M PROUD YOU HAVE 1 OF THE PICTURES ON THE WALL.,neither,0.04701097347498625,0.3553516755342566,0.5976373509907571
hello hello :),neither,0.03945320844208391,0.33037608806864915,0.630170703489267
Hi,neither,0.03945320844208391,0.33037608806864915,0.630170703489267
morning SHROOOOOOD,neither,0.05283876784042269,0.1031882115525248,0.8439730206070525
shroud4Head shroud4Head shroud4Head shroud4Head shroud4Head shroud4Head,neither,0.03945320844208391,0.33037608806864915,0.630170703489267
shroud give me a baby,neither,0.02974933028103908,0.3842005344210269,0.586050135297934
an early start to the stream? hell yeah!,offensive_language,0.03290990660704678,0.6473056308501853,0.3197844625427678
when are you expecting your new PC @shroud,neither,0.10778335106242054,0.2846137508147977,0.6076028981227818
shroudTHICC shroudTHICC shroudTHICC shroudTHICC,neither,0.03945320844208391,0.33037608806864915,0.630170703489267
cuz widows,neither,0.03945320844208391,0.33037608806864915,0.630170703489267
Shrouuddd,neither,0.03945320844208391,0.33037608806864915,0.630170703489267
shroudIA shroudIA,neither,0.03945320844208391,0.33037608806864915,0.630170703489267
shroudH shroudH shroudH shroudH,neither,0.03945320844208391,0.33037608806864915,0.630170703489267
shroudTHICC shroud4Head shroudTHICC shroud4Head shroudTHICC shroud4Head shroudTHICC shroud4Head shroudTHICC shroud4Head shroudTHICC shroud4Head shroudTHICC shroud4Head shroudTHICC shroud4Head shroudTHICC shroud4Head shroudTHICC shroud4Head,neither,0.03945320844208391,0.33037608806864915,0.630170703489267
SUP,neither,0.03945320844208391,0.33037608806864915,0.630170703489267
sup bitch,offensive_language,0.004049259607888814,0.9959505052883315,2.35103779646016e-07
jasonrChamp jasonrB jasonrB shroudW shroudAFK shroudHype shroudJ shroudHype shroudPalm shroudWat shroudPalm shroudHype shroudR shroudR shroudR shroudW shroudW shroudW shroudW shroudW shroudW shroudW shroudW shroudW shroudJ shroudJ shroudJ shroudHyper shroudHyper shroud4Head shroud4Head shroud4Head shroudFists shroudFists shroud200 shroud200 shroud1 shroud1 shroudBarry shroudBarry shroudBarry shroudBarry shroudBarry shroudBarry shroudBarry,neither,0.03945320844208391,0.33037608806864915,0.630170703489267
shroud4Head shroud4Head shroud4Head shroud4Head shroud4Head shroud4Head shroud4Head shroud4Head shroud4Head shroud4Head,neither,0.03945320844208391,0.33037608806864915,0.630170703489267
shroudTHICC shroudTHICC shroudTHICC shroudTHICC shroudTHICC shroudTHICC shroudTHICC shroudTHICC,neither,0.03945320844208391,0.33037608806864915,0.630170703489267
LUL,neither,0.03945320844208391,0.33037608806864915,0.630170703489267
play Bleeding Me by Metallica,neither,0.03352515325603985,0.41159301812165744,0.5548818286223026
Fuck a PUBG gotta try out the Sea of Thieves Beta,offensive_language,0.12227276574002556,0.86034707330707,0.017380160952904556
PUBG LUL,neither,0.03945320844208391,0.33037608806864915,0.630170703489267
My sub runs out soon monkaS,neither,0.027442059543797068,0.41291604437514806,0.559641896081055
shroud4Head shroud4Head shroud4Head shroud4Head shroud4Head,neither,0.03945320844208391,0.33037608806864915,0.630170703489267
3.2 end my sub FeelsBadMan,neither,0.02759937488127763,0.42335351736810206,0.5490471077506204
pubg again shroud4Head,neither,0.0358555699129713,0.3914374029960717,0.5727070270909569
shroudHype shroudHype shroudHype shroudHype shroudHype shroudHype shroudHype shroudHype,neither,0.03945320844208391,0.33037608806864915,0.630170703489267
shr00d,neither,0.03945320844208391,0.33037608806864915,0.630170703489267
is your pc actually working today,neither,0.07180982022425525,0.3019526643799715,0.6262375153957731
shroud200,neither,0.03945320844208391,0.33037608806864915,0.630170703489267
hi,neither,0.03945320844208391,0.33037608806864915,0.630170703489267
LuL,neither,0.03945320844208391,0.33037608806864915,0.630170703489267
Sea of thieves Fam,neither,0.03945320844208391,0.33037608806864915,0.630170703489267
Suh dude,neither,0.03945320844208391,0.33037608806864915,0.630170703489267
wadu hek,neither,0.03945320844208391,0.33037608806864915,0.630170703489267
@shroud thoughts on sea of thieves?,neither,0.03686694260593627,0.34276917833770176,0.6203638790563619
!uptime,neither,0.03945320844208391,0.33037608806864915,0.630170703489267
"@HorizonsPD, Mike has been live for: 6 minutes, 50 seconds",neither,0.038237077226897884,0.30891097659900235,0.6528519461740997
ANOTHER NEW ONE?!?!??!,neither,0.1273398005995648,0.15904317320107128,0.713617026199364
Hey Shroud whats good?,neither,0.03876212119015221,0.33061378466481073,0.630624094145037
sea of thieves shroud4Head shroud4Head shroud4Head,neither,0.03945320844208391,0.33037608806864915,0.630170703489267
new pc hype!,neither,0.04276869406292207,0.24795540277589412,0.7092759031611837
PC BUILD STREAM,neither,0.03945320844208391,0.33037608806864915,0.630170703489267
kurwa,neither,0.03945320844208391,0.33037608806864915,0.630170703489267
Amazon Prime/Twitch Prime deal coming in clutch for Shroud,neither,0.03647770835389554,0.31550409898138443,0.6480181926647199
shroud when is 1944 battalion out? shroud200,neither,0.027377308749424383,0.4386105377983361,0.5340121534522395
gift sub shroudTilt shroudTilt shroudTilt,neither,0.03945320844208391,0.33037608806864915,0.630170703489267
stream the pc build @shroud,neither,0.03877126635767225,0.31797494637684137,0.6432537872654864
10k PC OMEGALUL,neither,0.03945320844208391,0.33037608806864915,0.630170703489267
can you post a video of you building it,neither,0.08062756486067212,0.32945504896483346,0.5899173861744944
hype boi hype boi,neither,0.03945320844208391,0.33037608806864915,0.630170703489267
whats all in the new pc,neither,0.04338760500893788,0.29459681445589453,0.6620155805351676
shroudIA shroudIA shroudIA shroudIA shroudIA shroudIA shroudIA,neither,0.03945320844208391,0.33037608806864915,0.630170703489267
1,neither,0.03945320844208391,0.33037608806864915,0.630170703489267
"@shroud I got teamed up with 3 chinese hackers today and we took 1st place. I checked the replay to confirm and reported them. I was disgusted by them (because they were hackers, not chinese)",neither,0.04374647360747799,0.321845426860992,0.6344080995315301
YA YA YA,offensive_language,0.017331157930923866,0.7872544665869478,0.19541437548212848
HEY SHROUD CAN U PLS READ MY NAME,neither,0.030599072375149323,0.3954997299923116,0.5739011976325392
shroudPigeon shroudPigeon,neither,0.03945320844208391,0.33037608806864915,0.630170703489267
Shrooooooud <3,neither,0.03945320844208391,0.33037608806864915,0.630170703489267
"hey, play with deadmaw",neither,0.0261179389799271,0.37839648426452166,0.5954855767555514
@shroud can u build your new pc in stream please,neither,0.06248591097608454,0.26233297950258416,0.6751811095213314
shroud4Head shroud4Head shroud4Head shroud4Head,neither,0.03945320844208391,0.33037608806864915,0.630170703489267
shroudPigeon shroudPigeon,neither,0.03945320844208391,0.33037608806864915,0.630170703489267
morning BB,neither,0.04783234492562171,0.1881602741393493,0.764007380935029
shroud4Head shroud4Head shroud4Head shroud4Head,neither,0.03945320844208391,0.33037608806864915,0.630170703489267
HEEYEYYYYYYYY YAAAAAAAAAAAA shroud4Head just9nF,neither,0.03945320844208391,0.33037608806864915,0.630170703489267
What he say,neither,0.059656991533775565,0.32015908814580696,0.6201839203204175
yo shroud pls read my name,neither,0.029868616375232568,0.46614214836787576,0.5039892352568917
pls,neither,0.03945320844208391,0.33037608806864915,0.630170703489267
Shrouuuuuud <3,neither,0.03945320844208391,0.33037608806864915,0.630170703489267
shroud4Head shroud4Head shroud4Head shroud4Head shroud4Head shroud4Head,neither,0.03945320844208391,0.33037608806864915,0.630170703489267
shroudFists shroudFists shroudFists,neither,0.03945320844208391,0.33037608806864915,0.630170703489267
hey shroudy boi,neither,0.03945320844208391,0.33037608806864915,0.630170703489267
you built a new pc ?,neither,0.05968231985828878,0.28519405812445403,0.6551236220172572
"Hey Shroudy, I have macbook and it can either handle game load or OBS STreamin. What should i do? @shroud",neither,0.04919808009735303,0.29722134344144013,0.6535805764612069
@shroud is battalion 1944 good? someone told me it was meh,neither,0.037557493096609454,0.3614758158756604,0.6009666910277301
"just tuned in, test server or live server?",neither,0.039195571074625596,0.34591374633778277,0.6148906825875917
forsenE forsenE forsenE forsenE forsenE forsenE,neither,0.03945320844208391,0.33037608806864915,0.630170703489267
Check out the community-made subreddit for Mike here: https://www.reddit.com/r/Shroud/,neither,0.053508186408238685,0.2949994036946994,0.651492409897062
Do you have a Sea of Thieves key @shroud,neither,0.05501305167574141,0.3792511013038316,0.565735847020427
@shroud will you ever get tired of streaming?,neither,0.05390449153233575,0.35579360492351414,0.5903019035441501
shroudIA,neither,0.03945320844208391,0.33037608806864915,0.630170703489267
shroud4Head shroud4Head shroud4Head shroud4Head shroud4Head shroud4Head,neither,0.03945320844208391,0.33037608806864915,0.630170703489267
3.2 end my sub FeelsBadMan,neither,0.02759937488127763,0.42335351736810206,0.5490471077506204
!uptime,neither,0.03945320844208391,0.33037608806864915,0.630170703489267
"@shift_____, Mike has been live for: 7 minutes, 57 seconds",neither,0.038143554429185315,0.30716222689653355,0.6546942186742811
"@shroud What do you think of the movie/novel ""Ready Player One""",neither,0.05328887247373641,0.4117285943752597,0.5349825331510041
shroud4Head shroud4Head shroud4Head shroud4Head shroud4Head shroud4Head shroud4Head,neither,0.03945320844208391,0.33037608806864915,0.630170703489267
pls read my name,neither,0.029272061669575914,0.4087348895974432,0.5619930487329808
shroudHype shroudHype shroudHype,neither,0.03945320844208391,0.33037608806864915,0.630170703489267
Shroud when is 1944 battalion out? shroud200,neither,0.027377308749424383,0.4386105377983361,0.5340121534522395
"shroud bro pls call my nam,e",neither,0.03067792793595867,0.3968600268790152,0.5724620451850261
"PAPA, IS THAT YOU?",neither,0.06640267484732716,0.43226544055873745,0.5013318845939354
SEA OF THIEVES PogChamp SEA OF THIEVES PogChamp SEA OF THIEVES PogChamp,neither,0.03945320844208391,0.33037608806864915,0.630170703489267
PogChamp Pc Building Stream PogChamp,neither,0.03945320844208391,0.33037608806864915,0.630170703489267
@shroud Sea of Thieves!,neither,0.03945320844208391,0.33037608806864915,0.630170703489267
New pc when?? @shroud,neither,0.03257568585124764,0.28554760640589777,0.6818767077428545
shroud200,neither,0.03945320844208391,0.33037608806864915,0.630170703489267
monkaS,neither,0.03945320844208391,0.33037608806864915,0.630170703489267
shroudHype,neither,0.03945320844208391,0.33037608806864915,0.630170703489267
@shroud you figure your PC out??,neither,0.08375466803877706,0.3806975544536195,0.5355477775076034
@creeezzilein shroud just say thjis manns name,neither,0.03323619912143843,0.36020775920380643,0.6065560416747551
SEA OF THIEVES PogChamp SEA OF THIEVES PogChamp SEA OF THIEVES PogChamp3-Month SubscriberTwitch PrimeShedderino: PogChamp Pc Building Stream PogChamp,neither,0.03945320844208391,0.33037608806864915,0.630170703489267
"Hey Shroudy, I have macbook and it can either handle game load or OBS STreamin. What should i do? @shroud",neither,0.04919808009735303,0.29722134344144013,0.6535805764612069
!uptime,neither,0.03945320844208391,0.33037608806864915,0.630170703489267
"@Maluku75, Mike has been live for: 8 minutes, 52 seconds",neither,0.03828635222047998,0.30982507300169343,0.6518885747778266
man lol Sea of thieves is SO LIT @shroud,neither,0.03900441063636517,0.4639204428911999,0.49707514647243495
SEA OF THIEVES PogChamp SEA OF THIEVES PogChamp SEA OF THIEVES PogChamp,neither,0.03945320844208391,0.33037608806864915,0.630170703489267
Any Sea of thieves today?,neither,0.03806440328434862,0.3090470317747668,0.6528885649408847
mow money,neither,0.03945320844208391,0.33037608806864915,0.630170703489267
SEA OF THIEVES PogChamp SEA OF THIEVES PogChamp SEA OF THIEVES PogChamp,neither,0.03945320844208391,0.33037608806864915,0.630170703489267
Shroud are you going to play sea of thieves,neither,0.09523145283859118,0.34790340159388367,0.5568651455675251
want that game sooooo bad!,neither,0.03257788505366341,0.32716462145709657,0.64025749348924
@Blackk_Rheaven gaming on that lmao,neither,0.03208221526822502,0.4016611353591146,0.5662566493726605
PROS MORE MONEY,neither,0.04133210370467984,0.3205775957001647,0.6380903005951555
!uptime,neither,0.03945320844208391,0.33037608806864915,0.630170703489267
"@kam_iko, Mike has been live for: 9 minutes, 20 seconds",neither,0.038226901270143075,0.30872159089865253,0.6530515078312045
PLAY SEA OF THIEVES ITS REALLY FUN MIKE,neither,0.0350409798488545,0.3318936558072613,0.633065364343884
LIQUOR,neither,0.03945320844208391,0.33037608806864915,0.630170703489267
csgo after pubg?,neither,0.03945320844208391,0.33037608806864915,0.630170703489267
SEA OF THIEVES,neither,0.03945320844208391,0.33037608806864915,0.630170703489267
SoT is so lit,neither,0.05033908661591857,0.3850241166640367,0.5646367967200447
dude suh,neither,0.03945320844208391,0.33037608806864915,0.630170703489267
@shroud hows you? shroudH,neither,0.06251506213094515,0.39389304070454173,0.5435918971645132
what is with the SOT hype please explain someone,neither,0.03931438897635701,0.3413606899170445,0.6193249211065986
!uptime,neither,0.03945320844208391,0.33037608806864915,0.630170703489267
!uptime,neither,0.03945320844208391,0.33037608806864915,0.630170703489267
"@anthonydbma, Mike has been live for: 9 minutes, 45 seconds",neither,0.03826676279011509,0.30946225369587216,0.6522709835140127
"Ask them for a key, you're a streamer its an automatic LUL",neither,0.061468091942914686,0.31126355558294483,0.6272683524741405
@shroud play with deadmau5,neither,0.0224239371025857,0.39477495987263056,0.5828011030247837
test servers,neither,0.03945320844208391,0.33037608806864915,0.630170703489267
please play sea of thieves. pleaseeee,neither,0.03945320844208391,0.33037608806864915,0.630170703489267
@shroud Sea of Thieves beta,neither,0.03945320844208391,0.33037608806864915,0.630170703489267
SEA OF THIEVES IS LIT PLEASE,neither,0.04641569753909351,0.32798136879905493,0.6256029336618516
Sea of thieves is for weebs,neither,0.04109047803569715,0.29547034855325904,0.6634391734110437
"Hey Shroudy, I have macbook and it can either handle game load or OBS STreamin. What should i do? @shroud",neither,0.04919808009735303,0.29722134344144013,0.6535805764612069
where the fuck i am,offensive_language,0.2176594759166525,0.7822169636075392,0.00012356047580830008
SEA OF THIEVES OR RIOT,neither,0.03945320844208391,0.33037608806864915,0.630170703489267
stop spamming chat,neither,0.0394116165725202,0.42688646163765404,0.5337019217898259
Sea of thieves?,neither,0.03945320844208391,0.33037608806864915,0.630170703489267
nothing felt like it changed :/,neither,0.044880734265669284,0.3842178146753255,0.5709014510590052
SEA OF THIEVES,neither,0.03945320844208391,0.33037608806864915,0.630170703489267
He doesn’t have sea of thieves,neither,0.044074452267785565,0.3371192534031461,0.6188062943290682
play on xbox Kappa,neither,0.03710392531061702,0.34160825416708146,0.6212878205223015
Fak this gAme,neither,0.03822477425443981,0.260239667358998,0.7015355583865621
man lol Sea of thieves is SO LIT @shroud,neither,0.03900441063636517,0.4639204428911999,0.49707514647243495
SEA OF THIEVES PogChamp SEA OF THIEVES PogChamp SEA OF THIEVES PogChamp3-Month SubscriberTwitch PrimeShedderino: PogChamp Pc Building Stream PogChamp PLEASE BUY IT SHROOD,neither,0.0389524987026922,0.3305483051083728,0.6304991961889351
Pubg is never boring,neither,0.044136112052737625,0.3778384082858443,0.5780254796614182
@Blackk_Rheaven why even game on a mac why tho lmao,neither,0.02066995481626549,0.3595517754580807,0.6197782697256539
SEA OF THIEVES!,neither,0.03945320844208391,0.33037608806864915,0.630170703489267
I wish PUBG got banned forever,neither,0.03832613230768855,0.37085016339762034,0.5908237042946911
plebs stop begging for a sub shroudPalm,neither,0.033945915139606916,0.3653480465260576,0.6007060383343356
SOT IS LIT MIKE @shroud,neither,0.048017589532995335,0.32743040468662954,0.6245520057803752
!monitor,neither,0.03945320844208391,0.33037608806864915,0.630170703489267
"@jfilth96, BenQ XL2430T http://amzn.to/2q7tDBJ",neither,0.054540986868527604,0.0953510767306877,0.8501079364007846
yo boi. thanks for the stream,neither,0.032761281558703025,0.3320046379128885,0.6352340805284084
Cheer Chad up @shroud Fly him out to Cali,neither,0.03879190480641703,0.3738327422553861,0.587375352938197
@woedi if he asked for a key he’d get it in 2 mins lol,neither,0.02473259242800181,0.383094156922192,0.5921732506498062
EU stream PogChamp,neither,0.03945320844208391,0.33037608806864915,0.630170703489267
Sea of thieves is for weebs,neither,0.04109047803569715,0.29547034855325904,0.6634391734110437
It's Raph,neither,0.034373745257138544,0.33212314837979673,0.6335031063630647
It's a little too Raph,neither,0.03642306174793534,0.34588268024878477,0.6176942580032799
sea of thieves PogChamp,neither,0.03945320844208391,0.33037608806864915,0.630170703489267
Play sea of thieves fam,neither,0.03945320844208391,0.33037608806864915,0.630170703489267
is his girlfriend called Eleven? Kappa,neither,0.06528809593208491,0.3867110805263789,0.5480008235415362
SEA OF THIEVES PogChamp SEA OF THIEVES PogChamp SEA OF THIEVES PogChamp please shroud,neither,0.03945320844208391,0.33037608806864915,0.630170703489267
Shrood,neither,0.03945320844208391,0.33037608806864915,0.630170703489267
!uptime,neither,0.03945320844208391,0.33037608806864915,0.630170703489267
"@Microwave_Madman, Mike has been live for: 11 minutes, 8 seconds",neither,0.038230851868077315,0.30879514110364814,0.6529740070282746
!uptime,neither,0.03945320844208391,0.33037608806864915,0.630170703489267
Yo @shroud are you as excited for Feb 5th as all the rest of us plebs?,neither,0.08294201922504123,0.41042771751694146,0.5066302632580173
LUL,neither,0.03945320844208391,0.33037608806864915,0.630170703489267
!uptime,neither,0.03945320844208391,0.33037608806864915,0.630170703489267
wow....,neither,0.03945320844208391,0.33037608806864915,0.630170703489267
3.2 end my sub FeelsBadMan,neither,0.02759937488127763,0.42335351736810206,0.5490471077506204
"@Guildenztern, Mike has been live for: 11 minutes, 15 seconds",neither,0.03830796948094129,0.31022457361326133,0.6514674569057973
shroudInsane shroudInsane shroudInsane shroudInsane shroudInsane shroudInsane,neither,0.03945320844208391,0.33037608806864915,0.630170703489267
PogChamp PogChamp PogChamp PogChamp PogChamp PogChamp PogChamp,neither,0.03945320844208391,0.33037608806864915,0.630170703489267
Shrood shot Shroud,neither,0.03945320844208391,0.33037608806864915,0.630170703489267
dirrttttyyyyy,neither,0.03945320844208391,0.33037608806864915,0.630170703489267
!tweet,neither,0.03945320844208391,0.33037608806864915,0.630170703489267
Last Tweet from shroud (@C9shroud): o kay https://t.co/0nsby7MTHi | 6 mins 48 secs ago,neither,0.04010325969784775,0.3193430217597466,0.6405537185424057
@shroud hows the pc treatin ya today,neither,0.02827350329151061,0.4666718282921104,0.505054668416379
!uptime,neither,0.03945320844208391,0.33037608806864915,0.630170703489267
!uptime,neither,0.03945320844208391,0.33037608806864915,0.630170703489267
"@cabib1, Mike has been live for: 11 minutes, 30 seconds",neither,0.03830145580296823,0.31010429268948225,0.6515942515075495
A game being full price is a rip off OMEGALUL,neither,0.055751041041987366,0.31270261703278274,0.6315463419252298
Its really fun youre gonna enjoy playing sea of thieves. @shroud,neither,0.040518746345020715,0.3598781544243038,0.5996030992306755
@stevyjoe1 he's only streaming for 2 hours cuz pc dying out,neither,0.03616240092148118,0.32084951939305273,0.6429880796854661
let's see some shroud200 plays,neither,0.018770309703690907,0.3776100541099403,0.6036196361863687
