text,top_class,hate_speech,offensive_language,neither
WADU HEK,neither,0.03945320844208391,0.33037608806864915,0.630170703489267
you're here ?:O,neither,0.3444995985961436,0.23885812482674038,0.4166422765771159
yo waddup shoud,neither,0.0396322394376664,0.41518806354762605,0.5451796970147076
@shroud :>,neither,0.03945320844208391,0.33037608806864915,0.630170703489267
half asleep,neither,0.03945320844208391,0.33037608806864915,0.630170703489267
you are on?!,neither,0.20224279620737254,0.3464419675168478,0.4513152362757796
Wadu hek,neither,0.03945320844208391,0.33037608806864915,0.630170703489267
but im here,neither,0.11260532912666439,0.33148238045906314,0.5559122904142724
LOL,neither,0.020706217963973744,0.4882283491876925,0.4910654328483337
hey hey hey,neither,0.03945320844208391,0.33037608806864915,0.630170703489267
LUL,neither,0.03945320844208391,0.33037608806864915,0.630170703489267
hi,neither,0.03945320844208391,0.33037608806864915,0.630170703489267
LUL,neither,0.03945320844208391,0.33037608806864915,0.630170703489267
nice LUL,neither,0.03945320844208391,0.33037608806864915,0.630170703489267
Yo,offensive_language,0.04010381111145228,0.5271105317972344,0.4327856570913131
Hahs,neither,0.03945320844208391,0.33037608806864915,0.630170703489267
Ello,neither,0.03945320844208391,0.33037608806864915,0.630170703489267
кек,neither,0.03945320844208391,0.33037608806864915,0.630170703489267
LOl,neither,0.020706217963973744,0.4882283491876925,0.4910654328483337
Shrood or shrimp?,neither,0.03945320844208391,0.33037608806864915,0.630170703489267
what are you doing? LUL,neither,0.0981692042417758,0.3217604422269848,0.5800703535312394
Mike?,neither,0.03945320844208391,0.33037608806864915,0.630170703489267
wtf,offensive_language,0.04410695246022759,0.7898861884776351,0.16600685906213722
wtf,offensive_language,0.04410695246022759,0.7898861884776351,0.16600685906213722
Hello,neither,0.03945320844208391,0.33037608806864915,0.630170703489267
!time,neither,0.036668274527354654,0.377643684699956,0.5856880407726893
yo,offensive_language,0.04010381111145228,0.5271105317972344,0.4327856570913131
HeyGuys,neither,0.03945320844208391,0.33037608806864915,0.630170703489267
"@Twitchchillarn, Mike's local time is: 06:40",neither,0.04413124427748367,0.34190665902753475,0.6139620966949815
Hi,neither,0.03945320844208391,0.33037608806864915,0.630170703489267
LETS GO !,neither,0.039984317429425154,0.35542799280679366,0.6045876897637812
Are you alright?,neither,0.12666895388953875,0.32388177272237195,0.5494492733880892
BANANA MAN,neither,0.039629548872181765,0.408592583888053,0.5517778672397653
monkaS,neither,0.03945320844208391,0.33037608806864915,0.630170703489267
Wtf,offensive_language,0.04410695246022759,0.7898861884776351,0.16600685906213722
Damn early,offensive_language,0.04578181897984448,0.893122636412591,0.06109554460756439
Hu,neither,0.03945320844208391,0.33037608806864915,0.630170703489267
good morning @shroud LUL,neither,0.04638486404299651,0.20072574318086445,0.7528893927761391
Wtf,offensive_language,0.04410695246022759,0.7898861884776351,0.16600685906213722
WTF,offensive_language,0.04410695246022759,0.7898861884776351,0.16600685906213722
why are u awake shrood,neither,0.050226636796340526,0.2972696307871047,0.6525037324165547
Csgo,neither,0.03945320844208391,0.33037608806864915,0.630170703489267
What’s up shroud,neither,0.04549209283961305,0.43877665191533993,0.5157312552450469
Hello,neither,0.03945320844208391,0.33037608806864915,0.630170703489267
Whaaaat,neither,0.03945320844208391,0.33037608806864915,0.630170703489267
lolol,neither,0.03945320844208391,0.33037608806864915,0.630170703489267
Im early af,neither,0.04023604795573796,0.3389643866078073,0.6207995654364548
o/,neither,0.03945320844208391,0.33037608806864915,0.630170703489267
Hi,neither,0.03945320844208391,0.33037608806864915,0.630170703489267
LETS GOOO,neither,0.03868305123800957,0.34344766577192837,0.6178692829900622
Penis,neither,0.03945320844208391,0.33037608806864915,0.630170703489267
shroud love,neither,0.03217296676969875,0.3657703709031763,0.602056662327125
why now?!?!?!,neither,0.021579952290913345,0.35815608784581904,0.6202639598632677
whaaat,neither,0.03945320844208391,0.33037608806864915,0.630170703489267
DInner TIme !!!,neither,0.03792659135524287,0.35628676418545685,0.6057866444593004
Sup mike,neither,0.03945320844208391,0.33037608806864915,0.630170703489267
what?,neither,0.057770773616808734,0.3180719994247239,0.6241572269584672
dafuq?,neither,0.03945320844208391,0.33037608806864915,0.630170703489267
Shroud,neither,0.03945320844208391,0.33037608806864915,0.630170703489267
morning lmao,neither,0.04958774764749781,0.15836650871306837,0.7920457436394337
@shroud The fuck is wrong wit you broy,offensive_language,0.20930410900330895,0.7906664434157654,2.944758092563193e-05
Oi mate,neither,0.03945320844208391,0.33037608806864915,0.630170703489267
papa shroud early AF,neither,0.04086827790497808,0.30635866624632035,0.6527730558487015
Early michael? <3,neither,0.04124693505414197,0.29993186620859696,0.6588211987372611
Sup,neither,0.03945320844208391,0.33037608806864915,0.630170703489267
Lets go,neither,0.039984317429425154,0.35542799280679366,0.6045876897637812
MIKEY,neither,0.03945320844208391,0.33037608806864915,0.630170703489267
wtf is happening,offensive_language,0.051020955935800125,0.5646961791071393,0.38428286495706065
Hi @shroud,neither,0.03945320844208391,0.33037608806864915,0.630170703489267
what is the time mike,neither,0.053152117533518534,0.32626298846369484,0.6205848940027866
"ohai, can't sleep ?",neither,0.039904412599049255,0.3227179759759317,0.637377611425019
this aint no healthy boi,neither,0.03960803184594325,0.40664964535668663,0.5537423227973701
lol wut,neither,0.03027887083479381,0.3981251484381287,0.5715959807270774
!uptime,neither,0.03945320844208391,0.33037608806864915,0.630170703489267
Yooooo,neither,0.03945320844208391,0.33037608806864915,0.630170703489267
hello,neither,0.03945320844208391,0.33037608806864915,0.630170703489267
"@Twitchchillarn, Mike has been live for: 1 minute",neither,0.03799718945439161,0.304386169175646,0.6576166413699625
Hi,neither,0.03945320844208391,0.33037608806864915,0.630170703489267
fuk u im in class,neither,0.03855205915152892,0.3645730806647827,0.5968748601836884
daddy's on early,neither,0.03784224418007063,0.3160889012838297,0.6460688545360997
EU STREAM!,neither,0.03945320844208391,0.33037608806864915,0.630170703489267
Let’s gooo,neither,0.024028385875293705,0.36420730681166985,0.6117643073130364
Hi,neither,0.03945320844208391,0.33037608806864915,0.630170703489267
9 pm in Hong Kong,neither,0.03945320844208391,0.33037608806864915,0.630170703489267
j,neither,0.03945320844208391,0.33037608806864915,0.630170703489267
Early af,neither,0.0414457122203709,0.2965580989306266,0.6619961888490025
Thonk,neither,0.03945320844208391,0.33037608806864915,0.630170703489267
!time,neither,0.036668274527354654,0.377643684699956,0.5856880407726893
"@FILYP51, Mike's local time is: 06:40",neither,0.04413124427748367,0.34190665902753475,0.6139620966949815
Lolaaajdjdkf,neither,0.03945320844208391,0.33037608806864915,0.630170703489267
9:40 IN CANADA,neither,0.03945320844208391,0.33037608806864915,0.630170703489267
Hi,neither,0.03945320844208391,0.33037608806864915,0.630170703489267
i love it,neither,0.030831260484157012,0.3601344986151421,0.609034240900701
LOUDER,neither,0.03945320844208391,0.33037608806864915,0.630170703489267
Hello,neither,0.03945320844208391,0.33037608806864915,0.630170703489267
EU STREAM POGGERS,neither,0.03945320844208391,0.33037608806864915,0.630170703489267
Yo,offensive_language,0.04010381111145228,0.5271105317972344,0.4327856570913131
cant sleep?,neither,0.03945320844208391,0.33037608806864915,0.630170703489267
OHHHH SHIIIEEET,neither,0.03945320844208391,0.33037608806864915,0.630170703489267
VOLUME UP,neither,0.03652901740313922,0.3899780138970196,0.5734929686998411
so early my guy,neither,0.027894588195127745,0.4642465638655693,0.5078588479393029
Louder,neither,0.03945320844208391,0.33037608806864915,0.630170703489267
3:40 pm,neither,0.03945320844208391,0.33037608806864915,0.630170703489267
!time,neither,0.036668274527354654,0.377643684699956,0.5856880407726893
hi,neither,0.03945320844208391,0.33037608806864915,0.630170703489267
boy,neither,0.03945320844208391,0.33037608806864915,0.630170703489267
wtf,offensive_language,0.04410695246022759,0.7898861884776351,0.16600685906213722
shroud4Head shroud4Head shroud4Head shroud4Head shroud4Head shroud4Head shroud4Head shroud4Head,neither,0.03945320844208391,0.33037608806864915,0.630170703489267
oioi,neither,0.03945320844208391,0.33037608806864915,0.630170703489267
OHHHH SHIT HE WENT LOUDER,offensive_language,0.05348505182044068,0.9337122465921845,0.012802701587374796
3pm in germany LUL,neither,0.03945320844208391,0.33037608806864915,0.630170703489267
16:41 here,neither,0.10939774771427146,0.27847602778133307,0.6121262245043955
Heyyyyyyyy,neither,0.03945320844208391,0.33037608806864915,0.630170703489267
Yoooo,neither,0.03945320844208391,0.33037608806864915,0.630170703489267
Am early for once :o,neither,0.03442144585723189,0.27324253889011474,0.6923360152526533
Oiiii,neither,0.03945320844208391,0.33037608806864915,0.630170703489267
Boy,neither,0.03945320844208391,0.33037608806864915,0.630170703489267
YESSS,neither,0.03945320844208391,0.33037608806864915,0.630170703489267
15.41 here,neither,0.11476279257202522,0.2753458413846094,0.6098913660433655
3:43 PM sweden,neither,0.03945320844208391,0.33037608806864915,0.630170703489267
TAKE ME AWAAAYYYYYY,neither,0.02662153890935304,0.4037482254446758,0.5696302356459712
just9nCB just9nD just9nS just9nS just9nS,neither,0.03945320844208391,0.33037608806864915,0.630170703489267
940 am lol,neither,0.026765707494041426,0.4263797282852576,0.546854564220701
LETS GOOOOOOOOOOOOO,neither,0.0381375099945381,0.3527069244228318,0.6091555655826302
EU SHROUD,neither,0.03945320844208391,0.33037608806864915,0.630170703489267
"Mike, what the fak are you doing awake?",neither,0.08680695976059472,0.307753356129899,0.6054396841095062
20:41 in vietnam,neither,0.03945320844208391,0.33037608806864915,0.630170703489267
!time,neither,0.036668274527354654,0.377643684699956,0.5856880407726893
Everything okay shroody? XD,neither,0.03945320844208391,0.33037608806864915,0.630170703489267
"@decentfascism, Mike's local time is: 06:41",neither,0.04468385839255237,0.3431628552878863,0.6121532863195613
!time,neither,0.036668274527354654,0.377643684699956,0.5856880407726893
forsenCD,neither,0.03945320844208391,0.33037608806864915,0.630170703489267
"Heeey, someone can give me shroud pubg settings?",neither,0.0306648214193471,0.3746608996202635,0.5946742789603894
Hahah,neither,0.03945320844208391,0.33037608806864915,0.630170703489267
Yooo,neither,0.03945320844208391,0.33037608806864915,0.630170703489267
sup shroudddddddddddddddddddddd,neither,0.03945320844208391,0.33037608806864915,0.630170703489267
twitchRaid twitchRaid TheIlluminati TheIlluminati TheIlluminati SnickersHype,neither,0.03945320844208391,0.33037608806864915,0.630170703489267
I’m surprised you are on so early,neither,0.09126819859666874,0.3664641357761191,0.5422676656272122
EU SHROUDYYYY,neither,0.03945320844208391,0.33037608806864915,0.630170703489267
WtF,offensive_language,0.04410695246022759,0.7898861884776351,0.16600685906213722
shroud went live boiss,neither,0.045946296303805936,0.3281428174085467,0.6259108862876472
ist 16:41 here im down lets go,neither,0.07706931122072533,0.3397416951833319,0.5831889935959427
Late night shroud streamin for me hahah its night here,neither,0.03737151929518617,0.31604180961662226,0.6465866710881915
8:40 am EleGiggle,neither,0.03920201422596571,0.3304624852782343,0.6303355004957999
ayyyy he is on early wtf,offensive_language,0.058400495885209035,0.5797463441938742,0.3618531599209169
SHROOOOOOOOOOOOOOD,neither,0.03945320844208391,0.33037608806864915,0.630170703489267
"LOUDER, MAKE J9 PROUD",neither,0.03945320844208391,0.33037608806864915,0.630170703489267
oo,neither,0.03945320844208391,0.33037608806864915,0.630170703489267
!tıme,neither,0.03945320844208391,0.33037608806864915,0.630170703489267
dad?,neither,0.03945320844208391,0.33037608806864915,0.630170703489267
sup,neither,0.03945320844208391,0.33037608806864915,0.630170703489267
is this gunna be in sub only mode soon i cant afford that shit,offensive_language,0.054620115927943566,0.9022074813955366,0.04317240267651989
BRUHHH,neither,0.03945320844208391,0.33037608806864915,0.630170703489267
6:40 AM socal,neither,0.039281230793538464,0.3304352390681226,0.6302835301383388
!settings,neither,0.03945320844208391,0.33037608806864915,0.630170703489267
"@the_Powerr, Updated settings https://clips.twitch.tv/OilyWealthySkirretKeepo PogChamp",neither,0.03945320844208391,0.33037608806864915,0.630170703489267
!uptime,neither,0.03945320844208391,0.33037608806864915,0.630170703489267
Wadu Hek,neither,0.03945320844208391,0.33037608806864915,0.630170703489267
shroudW,neither,0.03945320844208391,0.33037608806864915,0.630170703489267
GO BACK TO BED,neither,0.04979795191869421,0.33036272311020737,0.6198393249710983
@shroud did i wake you with my sub ? LUL,neither,0.03245668357559373,0.4578198272214934,0.5097234892029128
gachiBASS,neither,0.03945320844208391,0.33037608806864915,0.630170703489267
Go bad to bed shroud!,neither,0.04486004658821771,0.3321144558415386,0.6230254975702436
!time,neither,0.036668274527354654,0.377643684699956,0.5856880407726893
"@legendofang, Mike has been live for: 1 minute, 36 seconds",neither,0.03830133692575116,0.31010209674860656,0.6515965663256422
shroudPigeon shroudMilk,neither,0.03945320844208391,0.33037608806864915,0.630170703489267
How long until start?,neither,0.03921426831598674,0.3283752342151915,0.6324104974688218
!time,neither,0.036668274527354654,0.377643684699956,0.5856880407726893
shroud4Head shroud4Head shroud4Head shroud4Head shroud4Head shroud4Head shroud4Head shroud4Head shroud4Head shroud4Head,neither,0.03945320844208391,0.33037608806864915,0.630170703489267
"@dwnde, Mike's local time is: 06:41",neither,0.04468385839255237,0.3431628552878863,0.6121532863195613
16:41 in Latvia,neither,0.03945320844208391,0.33037608806864915,0.630170703489267
Best PUBG player XD,neither,0.031974017545052164,0.4335207330754993,0.5345052493794485
WHAT THE FUCK SHROUD?????????,offensive_language,0.29142062242413674,0.7085786605941925,7.169816707264273e-07
shroudHype shroudHype shroudHype shroudHype shroudHype shroudHype shroudHype shroudHype shroudHype,neither,0.03945320844208391,0.33037608806864915,0.630170703489267
dad?,neither,0.03945320844208391,0.33037608806864915,0.630170703489267
hello :),neither,0.03945320844208391,0.33037608806864915,0.630170703489267
EU FRIENDLY STREAM POGGERS,neither,0.03945320844208391,0.33037608806864915,0.630170703489267
i gift a sub for quickest pleb,neither,0.03362896463441269,0.3012899456893758,0.6650810896762116
shrooooooddd,neither,0.03945320844208391,0.33037608806864915,0.630170703489267
GUess i will not take nap,neither,0.0391018375319601,0.3178119763752795,0.6430861860927605
HELLO,neither,0.03945320844208391,0.33037608806864915,0.630170703489267
10:41 AM BRAZIL,neither,0.03925409054074131,0.3304445738455922,0.6303013356136665
dad!?!???!?!??!?!??!?!?!?!?!??!?!?!??,neither,0.03945320844208391,0.33037608806864915,0.630170703489267
Owww sheyyyttttt,neither,0.03945320844208391,0.33037608806864915,0.630170703489267
Yo,offensive_language,0.04010381111145228,0.5271105317972344,0.4327856570913131
BANGER PogChamp,neither,0.03945320844208391,0.33037608806864915,0.630170703489267
SHROUDS LIVE NOW???,neither,0.04690879655657297,0.3278117694355912,0.6252794340078359
hi,neither,0.03945320844208391,0.33037608806864915,0.630170703489267
"Heeey, someone can give me shroud pubg settings",neither,0.0306648214193471,0.3746608996202635,0.5946742789603894
Me jampot!,neither,0.018491955366437673,0.460246435692358,0.5212616089412043
im so confused,neither,0.03832423033830298,0.4294104524679758,0.5322653171937214
shroud4Head shroud4Head shroud4Head shroud4Head shroud4Head shroud4Head shroud4Head shroud4Head,neither,0.03945320844208391,0.33037608806864915,0.630170703489267
9:41 PM Philippines,neither,0.03945320844208391,0.33037608806864915,0.630170703489267
hello,neither,0.03945320844208391,0.33037608806864915,0.630170703489267
Whats good bro,neither,0.03875256714160396,0.3306170707402132,0.6306303621181828
!time,neither,0.036668274527354654,0.377643684699956,0.5856880407726893
"@pum_p, Mike's local time is: 06:41",neither,0.04468385839255237,0.3431628552878863,0.6121532863195613
EU stream!!!!!!!!,neither,0.03945320844208391,0.33037608806864915,0.630170703489267
Русские есть в чатике?,neither,0.03945320844208391,0.33037608806864915,0.630170703489267
!time,neither,0.036668274527354654,0.377643684699956,0.5856880407726893
9:41 at phil,neither,0.03845555255516996,0.36070842219644317,0.600836025248387
He’s up early!!!!!!,neither,0.04558545270035458,0.36612453605915996,0.5882900112404854
I WAS JUST ABOUT TO WATCH YOUR VOD LOL,neither,0.07060089175859136,0.42547848502918734,0.5039206232122212
forsenPls,neither,0.03945320844208391,0.33037608806864915,0.630170703489267
Finally early stream thank god,neither,0.040276293251695405,0.316406190769361,0.6433175159789436
IM EARLY,neither,0.04045404751103885,0.34134231388191977,0.6182036386070414
Hello dad,neither,0.03945320844208391,0.33037608806864915,0.630170703489267
Delaware? 9:40,neither,0.03945320844208391,0.33037608806864915,0.630170703489267
1 min live 2k viewers already,neither,0.041742327187954155,0.34140888838298034,0.6168487844290654
Sup shroud,neither,0.03945320844208391,0.33037608806864915,0.630170703489267
SKRT,neither,0.03945320844208391,0.33037608806864915,0.630170703489267
whaat?,neither,0.03945320844208391,0.33037608806864915,0.630170703489267
shroud live wtf,offensive_language,0.05045120743695754,0.6636959604136548,0.28585283214938756
FIRST,neither,0.02604892428726219,0.3349864360510187,0.6389646396617191
ACULITE IS BETTTEEERRRR,neither,0.081172750358939,0.3160268245287109,0.60280042511235
shroudHi shroudHi shroudHi shroudHi shroudHi shroudHi shroudHi shroudHi shroudHi shroudHi shroudHi shroudHi shroudHi shroudHi shroudHi shroudHi shroudHi shroudHi shroudHi shroudHi,neither,0.03945320844208391,0.33037608806864915,0.630170703489267
!time,neither,0.036668274527354654,0.377643684699956,0.5856880407726893
hi,neither,0.03945320844208391,0.33037608806864915,0.630170703489267
@jampo123 yesss please,neither,0.03945320844208391,0.33037608806864915,0.630170703489267
20:41 pm in vietnam,neither,0.03945320844208391,0.33037608806864915,0.630170703489267
10:41 Argentina!,neither,0.03945320844208391,0.33037608806864915,0.630170703489267
yeeeee,neither,0.03945320844208391,0.33037608806864915,0.630170703489267
hi,neither,0.03945320844208391,0.33037608806864915,0.630170703489267
TwitchVotes TwitchVotes TwitchVotes TwitchVotes,neither,0.03945320844208391,0.33037608806864915,0.630170703489267
wut,neither,0.03945320844208391,0.33037608806864915,0.630170703489267
shroudHi shroudHi shroudHi shroudHi shroudHi shroudHi shroudHi shroudHi shroudHi,neither,0.03945320844208391,0.33037608806864915,0.630170703489267
AYYYYYYYYYYYYYYYYYYEEEEEEE,neither,0.03945320844208391,0.33037608806864915,0.630170703489267
*dabs furiously*,neither,0.03945320844208391,0.33037608806864915,0.630170703489267
15:41 in Croatia,neither,0.03945320844208391,0.33037608806864915,0.630170703489267
Shroudyyy early stream <3 <3 <3,neither,0.04105563611597919,0.30317870843966455,0.6557656554443562
TAKE ME AWAY,neither,0.03149677166779058,0.3515130794037005,0.616990148928509
Omg im actually early,neither,0.04011171569171349,0.33760571853021787,0.6222825657780686
Early stream?,neither,0.04105563611597919,0.30317870843966455,0.6557656554443562
ayo,neither,0.03945320844208391,0.33037608806864915,0.630170703489267
Hi,neither,0.03945320844208391,0.33037608806864915,0.630170703489267
"If someone gifts me a sub, I'll skip school for the next week and punch my mother!",neither,0.02091362023207032,0.3779754491225756,0.601110930645354
Pleb walk,neither,0.03945320844208391,0.33037608806864915,0.630170703489267
hi,neither,0.03945320844208391,0.33037608806864915,0.630170703489267
23:41 in Australia,neither,0.03945320844208391,0.33037608806864915,0.630170703489267
Hi,neither,0.03945320844208391,0.33037608806864915,0.630170703489267
KevinTurtle KevinTurtle KevinTurtle KevinTurtle KevinTurtle KevinTurtle KevinTurtle KevinTurtle KevinTurtle KevinTurtle KevinTurtle KevinTurtle,neither,0.03945320844208391,0.33037608806864915,0.630170703489267
!commands,neither,0.03945320844208391,0.33037608806864915,0.630170703489267
"@Osku33, You can find a list of all Commands here https://streamelements.com/shroud/commands",neither,0.10722364320476009,0.3118012459043019,0.580975110890938
Start now,neither,0.03945320844208391,0.33037608806864915,0.630170703489267
!time,neither,0.036668274527354654,0.377643684699956,0.5856880407726893
MORING STREAMN IUGGNAHS,neither,0.03945320844208391,0.33037608806864915,0.630170703489267
"@niklas791, Mike's local time is: 06:41",neither,0.04468385839255237,0.3431628552878863,0.6121532863195613
cmonBruh,neither,0.03945320844208391,0.33037608806864915,0.630170703489267
oh yeah this music though (ditto),neither,0.027564188804556668,0.39479175856445203,0.5776440526309913
what the fuck,offensive_language,0.29142062242413674,0.7085786605941925,7.169816707264273e-07
PM10:41 in TOKYO,neither,0.03945320844208391,0.33037608806864915,0.630170703489267
I got a pocketfull of sun shine,neither,0.038248532532645804,0.3736590290018829,0.5880924384654712
Hello,neither,0.03945320844208391,0.33037608806864915,0.630170703489267
LUL PogChamp,neither,0.03945320844208391,0.33037608806864915,0.630170703489267
18:41,neither,0.03945320844208391,0.33037608806864915,0.630170703489267
AYYYY,neither,0.03945320844208391,0.33037608806864915,0.630170703489267
8:41 Mexico,neither,0.03945320844208391,0.33037608806864915,0.630170703489267
shroudHi shroudHi shroudHi shroudHi shroudHi shroudHi shroudHi shroudHi shroudHi shroudHi shroudHi shroudHi shroudHi shroudHi shroudHi shroudHi,neither,0.03945320844208391,0.33037608806864915,0.630170703489267
PLEVS,neither,0.03945320844208391,0.33037608806864915,0.630170703489267
Kreygasm Kreygasm Kreygasm Kreygasm Kreygasm Kreygasm Kreygasm Kreygasm Kreygasm Kreygasm,neither,0.03945320844208391,0.33037608806864915,0.630170703489267
YOOOOO guys,neither,0.039333895611238866,0.33240113818976524,0.628264966198996
ayyyyyyyyyyyy,neither,0.03945320844208391,0.33037608806864915,0.630170703489267
heyyyyyyyy,neither,0.03945320844208391,0.33037608806864915,0.630170703489267
EU friendly LUL,neither,0.03945320844208391,0.33037608806864915,0.630170703489267
so early,neither,0.042044420556601424,0.36306019752883945,0.5948953819145592
2k,neither,0.03945320844208391,0.33037608806864915,0.630170703489267
!time,neither,0.036668274527354654,0.377643684699956,0.5856880407726893
1k viewers so quick jesus,neither,0.03941483409554928,0.367934094356043,0.5926510715484078
15:41 in Albania🇦🇱,neither,0.03945320844208391,0.33037608806864915,0.630170703489267
PLEBS RISE,neither,0.03945320844208391,0.33037608806864915,0.630170703489267
15:41 here BOOIII EU FRIENDLY,neither,0.08947024288435312,0.29077646041240857,0.6197532967032382
hello,neither,0.03945320844208391,0.33037608806864915,0.630170703489267
what time in USA?,neither,0.04397090850681154,0.34670087329367777,0.6093282181995107
take me away#,neither,0.03149677166779058,0.3515130794037005,0.616990148928509
!time,neither,0.036668274527354654,0.377643684699956,0.5856880407726893
YOU LITTLES FAGOTNOG LINCH GAMES HORSE,neither,0.05302149357975945,0.36900393924192537,0.5779745671783151
WHERE TF THE TIME!?!?,neither,0.03922699303773529,0.295656502677646,0.6651165042846188
PogChamp PogChamp PogChamp,neither,0.03945320844208391,0.33037608806864915,0.630170703489267
16:41 in finland!,neither,0.03945320844208391,0.33037608806864915,0.630170703489267
15:45 Scandinavia,neither,0.03945320844208391,0.33037608806864915,0.630170703489267
Ay yooooo EU friendly stream thanks dad @shroud,neither,0.038150372977252836,0.3194663116204335,0.6423833154023137
Hi Shroud From PH,neither,0.04042618578566652,0.3138621232795296,0.6457116909348039
shroudHi shroudHi shroudHi shroudHi shroudHi shroudHi shroudHi,neither,0.03945320844208391,0.33037608806864915,0.630170703489267
15:41 POOOOOLANDD MY FRIEND,neither,0.02705303240010438,0.42824797061005787,0.5446989969898378
cmonBruh cmonBruh cmonBruh cmonBruh cmonBruh cmonBruh cmonBruh cmonBruh cmonBruh cmonBruh cmonBruh cmonBruh cmonBruh cmonBruh cmonBruh cmonBruh cmonBruh cmonBruh cmonBruh cmonBruh cmonBruh cmonBruh,neither,0.03945320844208391,0.33037608806864915,0.630170703489267
ayyyyy hype hype bois,neither,0.03945320844208391,0.33037608806864915,0.630170703489267
20:41 in indonesia,neither,0.03945320844208391,0.33037608806864915,0.630170703489267
15:41 Hungary,neither,0.03945320844208391,0.33037608806864915,0.630170703489267
3:42 PM GERMANY POGGERS,neither,0.03945320844208391,0.33037608806864915,0.630170703489267
@SuperTexan :>,neither,0.03945320844208391,0.33037608806864915,0.630170703489267
shroud4Head,neither,0.03945320844208391,0.33037608806864915,0.630170703489267
Türk Varmı la gavatlar,neither,0.03945320844208391,0.33037608806864915,0.630170703489267
15:42 Germany,neither,0.03945320844208391,0.33037608806864915,0.630170703489267
experimental servers is over,neither,0.04448479066314901,0.32949601157590197,0.626019197760949
@shroud eu time=eu smokes,neither,0.03821333703971211,0.3514199415734102,0.6103667213868778
shroudTHICC shroudTHICC shroudTHICC shroudTHICC shroudTHICC shroudTHICC shroudTHICC shroudTHICC shroudTHICC shroudTHICC shroudTHICC shroudTHICC shroudTHICC shroudTHICC shroudTHICC shroudTHICC shroudTHICC,neither,0.03945320844208391,0.33037608806864915,0.630170703489267
Давайте захватим этот поток Keepo,neither,0.03945320844208391,0.33037608806864915,0.630170703489267
15:42 :D,neither,0.03945320844208391,0.33037608806864915,0.630170703489267
@jumply Twitch Prime LUL,neither,0.03945320844208391,0.33037608806864915,0.630170703489267
shroudSL shroudSL shroudSL shroudSL shroudSL shroudSL shroudSL shroudSL shroudSL,neither,0.03945320844208391,0.33037608806864915,0.630170703489267
7am stream?????,neither,0.03945320844208391,0.33037608806864915,0.630170703489267
hype!,neither,0.03945320844208391,0.33037608806864915,0.630170703489267
tf,neither,0.03945320844208391,0.33037608806864915,0.630170703489267
wadu hek,neither,0.03945320844208391,0.33037608806864915,0.630170703489267
9 am,neither,0.03902346103501681,0.3305238979082658,0.6304526410567174
HYPE,neither,0.03945320844208391,0.33037608806864915,0.630170703489267
!location,neither,0.03945320844208391,0.33037608806864915,0.630170703489267
3:42pm in germany,neither,0.03945320844208391,0.33037608806864915,0.630170703489267
shroudHyper shroudHyper shroudHyper shroudHyper shroudHyper shroudHyper,neither,0.03945320844208391,0.33037608806864915,0.630170703489267
yooo,neither,0.03945320844208391,0.33037608806864915,0.630170703489267
sup,neither,0.03945320844208391,0.33037608806864915,0.630170703489267
6 AM STREAM PogChamp 6 AM STREAM PogChamp 6 AM STREAM PogChamp 6 AM STREAM PogChamp,neither,0.03923542281563193,0.3304509945322771,0.630313582652091
8:30am cmonBruh,neither,0.03945320844208391,0.33037608806864915,0.630170703489267
loooool,neither,0.03945320844208391,0.33037608806864915,0.630170703489267
Btw Shroud GOOD SONG,neither,0.03829588182799026,0.33869728528531295,0.6230068328866968
????????/,neither,0.03945320844208391,0.33037608806864915,0.630170703489267
16:42,neither,0.03945320844208391,0.33037608806864915,0.630170703489267
!uptime,neither,0.03945320844208391,0.33037608806864915,0.630170703489267
what the fook 9:42,neither,0.04461205529501933,0.30811631106636944,0.6472716336386113
shroudHi shroudHi shroudHi shroudHi shroudHi shroudHi shroudHi shroudHi shroudHi shroudHi shroudHi shroudHi shroudHi shroudHi shroudHi shroudHi shroudHi shroudHi,neither,0.03945320844208391,0.33037608806864915,0.630170703489267
"@vincentcui, Mike has been live for: 2 minutes, 29 seconds",neither,0.0382808944504514,0.30972406508985817,0.6519950404596905
finlanddd,neither,0.03945320844208391,0.33037608806864915,0.630170703489267
10:41,neither,0.03945320844208391,0.33037608806864915,0.630170703489267
shroud4Head shroud4Head shroud4Head shroud4Head shroud4Head shroud4Head shroud4Head shroud4Head shroud4Head shroud4Head shroud4Head shroud4Head shroud4Head shroud4Head shroud4Head shroud4Head shroud4Head shroud4Head shroud4Head shroud4Head shroud4Head shroud4Head shroud4Head shroud4Head shroud4Head shroud4Head,neither,0.03945320844208391,0.33037608806864915,0.630170703489267
FIRST,neither,0.02604892428726219,0.3349864360510187,0.6389646396617191
best song,neither,0.03760965028166018,0.3305040917158874,0.6318862580024524
is this a troll,neither,0.04959008194734716,0.32877495885699387,0.621634959195659
is shroud a robot?,neither,0.04912624121044723,0.3270490885368631,0.6238246702526896
SCHOOL,neither,0.03945320844208391,0.33037608806864915,0.630170703489267
!time,neither,0.036668274527354654,0.377643684699956,0.5856880407726893
"@zanix93, Mike's local time is: 06:42",neither,0.04387540364308747,0.3413179576120868,0.6148066387448257
BLUE forsenEmote RED forsenEmote2 TRANSPARENT forsenCD,neither,0.03923704609131044,0.3285659723732148,0.6321969815354749
EST MORNIN BOYZ,neither,0.03945320844208391,0.33037608806864915,0.630170703489267
It’s 14:42 in England,neither,0.038385956844006065,0.33074316483269317,0.6308708783233007
sup shrouud,neither,0.03945320844208391,0.33037608806864915,0.630170703489267
EU STREAMER LUL,neither,0.03945320844208391,0.33037608806864915,0.630170703489267
omggggggggggg,neither,0.03945320844208391,0.33037608806864915,0.630170703489267
NON sub pleb here,neither,0.08636469823652905,0.29280769595295647,0.6208276058105145
@sinannunatov var 😂,neither,0.03945320844208391,0.33037608806864915,0.630170703489267
CSGO?,neither,0.03945320844208391,0.33037608806864915,0.630170703489267
Wtf 7am stream,offensive_language,0.04247332236699677,0.5919089613830419,0.3656177162499613
axt18 axt18 axtSub,neither,0.03945320844208391,0.33037608806864915,0.630170703489267
WTF TOO EARLY,offensive_language,0.044639886537105204,0.600721916121614,0.35463819734128077
WADU HEK POGGERS,neither,0.03945320844208391,0.33037608806864915,0.630170703489267
!commands,neither,0.03945320844208391,0.33037608806864915,0.630170703489267
ear,neither,0.03945320844208391,0.33037608806864915,0.630170703489267
"@vincentcui, You can find a list of all Commands here https://streamelements.com/shroud/commands",neither,0.10722364320476009,0.3118012459043019,0.580975110890938
ow,neither,0.03945320844208391,0.33037608806864915,0.630170703489267
hype in here!!!!!!!!!!!!!!!,neither,0.10318008794200924,0.2821919645190754,0.6146279475389153
!time,neither,0.036668274527354654,0.377643684699956,0.5856880407726893
wtf 7 am stream?,offensive_language,0.041936196483596005,0.5636822176528384,0.39438158586356553
What time in US?,neither,0.11322384917170088,0.33425405516516155,0.5525220956631377
3:42pm Germany,neither,0.03945320844208391,0.33037608806864915,0.630170703489267
gift me pls im poor,neither,0.03309633568328505,0.38636620096250124,0.5805374633542137
16:42 POGGERS,neither,0.03945320844208391,0.33037608806864915,0.630170703489267
Wadu hek,neither,0.03945320844208391,0.33037608806864915,0.630170703489267
!time,neither,0.036668274527354654,0.377643684699956,0.5856880407726893
FEEL GOOD SONG,neither,0.03809738041689476,0.340139782254668,0.6217628373284373
I LOVE IT,neither,0.030831260484157012,0.3601344986151421,0.609034240900701
suupp,neither,0.03945320844208391,0.33037608806864915,0.630170703489267
hey,neither,0.03945320844208391,0.33037608806864915,0.630170703489267
what stream at 5 am WTF SHROUD,offensive_language,0.045959994528624176,0.5563046403023741,0.39773536516900165
take me awaaaaaay,neither,0.02662153890935304,0.4037482254446758,0.5696302356459712
HSWP HSWP HSWP HSWP HSWP HSWP HSWP HSWP HSWP HSWP HSWP HSWP HSWP HSWP HSWP HSWP HSWP,neither,0.03945320844208391,0.33037608806864915,0.630170703489267
4:42 greece,neither,0.03945320844208391,0.33037608806864915,0.630170703489267
Whaaaat that's early,neither,0.03714954219428546,0.3462030748659939,0.6166473829397205
shroudHype shroudHype,neither,0.03945320844208391,0.33037608806864915,0.630170703489267
Oiiiii,neither,0.03945320844208391,0.33037608806864915,0.630170703489267
my dick is fucking HUGEEE!,offensive_language,0.0877023226197933,0.9122976148099626,6.257024406885487e-08
What time in US,neither,0.11322384917170088,0.33425405516516155,0.5525220956631377
wadu hek,neither,0.03945320844208391,0.33037608806864915,0.630170703489267
!time,neither,0.036668274527354654,0.377643684699956,0.5856880407726893
"@bhdrbalcioglu, Mike's local time is: 06:42",neither,0.04387540364308747,0.3413179576120868,0.6148066387448257
hello shroud,neither,0.03945320844208391,0.33037608806864915,0.630170703489267
whats going on,neither,0.03439360123695853,0.3780338149411443,0.5875725838218971
I LOVE YOU,offensive_language,0.079837142191777,0.5038574454704381,0.4163054123377849
Bro hurry I’m in school,neither,0.03945320844208391,0.33037608806864915,0.630170703489267
POGGERS,neither,0.03945320844208391,0.33037608806864915,0.630170703489267
finn,neither,0.03945320844208391,0.33037608806864915,0.630170703489267
аааааааа,neither,0.03945320844208391,0.33037608806864915,0.630170703489267
TAKE ME AWAY,neither,0.03149677166779058,0.3515130794037005,0.616990148928509
Say my name and you will change my day,neither,0.03189120655132274,0.4491726237321361,0.5189361697165412
!settings,neither,0.03945320844208391,0.33037608806864915,0.630170703489267
djdhd,neither,0.03945320844208391,0.33037608806864915,0.630170703489267
6AM,neither,0.03945320844208391,0.33037608806864915,0.630170703489267
"@Szupoka, Updated settings https://clips.twitch.tv/OilyWealthySkirretKeepo PogChamp",neither,0.03945320844208391,0.33037608806864915,0.630170703489267
KappaRoss KappaRoss KappaRoss KappaRoss KappaRoss KappaRoss KappaRoss KappaRoss KappaRoss KappaRoss KappaRoss KappaRoss KappaRoss KappaRoss KappaRoss KappaRoss KappaRoss KappaRoss KappaRoss KappaRoss KappaRoss KappaRoss KappaRoss KappaRoss,neither,0.03945320844208391,0.33037608806864915,0.630170703489267
TAKE ME AWAAYYYYY,neither,0.02662153890935304,0.4037482254446758,0.5696302356459712
EU friendly time POGGERS,neither,0.03796284549453367,0.35567143682592783,0.6063657176795384
LUL,neither,0.03945320844208391,0.33037608806864915,0.630170703489267
SHRUD,neither,0.03945320844208391,0.33037608806864915,0.630170703489267
HI HUYS,neither,0.03945320844208391,0.33037608806864915,0.630170703489267
:),neither,0.03945320844208391,0.33037608806864915,0.630170703489267
Early stream boys,neither,0.04084501266496806,0.30675353808672845,0.6524014492483035
TAKE ME AWAYYYY,neither,0.02662153890935304,0.4037482254446758,0.5696302356459712
tune,neither,0.03945320844208391,0.33037608806864915,0.630170703489267
21:42in CHINA,neither,0.03945320844208391,0.33037608806864915,0.630170703489267
9:42,neither,0.03945320844208391,0.33037608806864915,0.630170703489267
EU friendly? At last,neither,0.03854197187470388,0.3580924656092573,0.6033655625160388
VoteYea,neither,0.03945320844208391,0.33037608806864915,0.630170703489267
wat?????,neither,0.03945320844208391,0.33037608806864915,0.630170703489267
9:42 p.m,neither,0.03945320844208391,0.33037608806864915,0.630170703489267
shroudHype shroudHype shroudHype shroudHype shroudHype shroudHype shroudHype shroudHype shroudHype shroudHype shroudHype shroudHype shroudHype shroudHype shroudHype shroudHype shroudHype shroudHype shroudHype shroudHype shroudHype shroudHype shroudHype shroudHype shroudHype shroudHype shroudHype shroudHype shroudHype shroudHype shroudHype shroudHype shroudHype shroudHype shroudHype,neither,0.03945320844208391,0.33037608806864915,0.630170703489267
what time is it in his country ?,neither,0.096592737217364,0.3380662389557454,0.5653410238268906
EARLY STREAM BROYS,neither,0.04105563611597919,0.30317870843966455,0.6557656554443562
what is this,neither,0.07282678549990032,0.31792604547631814,0.6092471690237815
wtf shroud live now ?,offensive_language,0.04912140883372276,0.6256599748862369,0.3252186162800404
MODU HEK,neither,0.03945320844208391,0.33037608806864915,0.630170703489267
holy 6AM @shroud,neither,0.03945320844208391,0.33037608806864915,0.630170703489267
!time,neither,0.036668274527354654,0.377643684699956,0.5856880407726893
Jews,neither,0.3156855291338147,0.23536712618326028,0.44894734468292496
"@Darkaunt, Mike's local time is: 06:42",neither,0.04387540364308747,0.3413179576120868,0.6148066387448257
TAKE ME AWAY,neither,0.03149677166779058,0.3515130794037005,0.616990148928509
THIS SONG DansGame,neither,0.03854389284817469,0.34580954682188375,0.6156465603299416
too eu friendly,neither,0.039116055203753816,0.33609845842294717,0.624785486373299
molodGrubie05molodGrubie2,neither,0.03945320844208391,0.33037608806864915,0.630170703489267
first,neither,0.02604892428726219,0.3349864360510187,0.6389646396617191
15:42 FR yeeee,neither,0.03945320844208391,0.33037608806864915,0.630170703489267
we have to go through 2 songs and then it starts,neither,0.04294550769633158,0.3094279458700677,0.6476265464336006
EU Stream PogChamp,neither,0.03945320844208391,0.33037608806864915,0.630170703489267
SHROOOOOOOOOODDD,neither,0.03945320844208391,0.33037608806864915,0.630170703489267
!time,neither,0.036668274527354654,0.377643684699956,0.5856880407726893
omg what tine is it,neither,0.057959979868868465,0.3212325435136913,0.6208074766174403
hek yeah,offensive_language,0.013968601452186464,0.5182923869769311,0.4677390115708824
wtf,offensive_language,0.04410695246022759,0.7898861884776351,0.16600685906213722
3:50 pm Gerany,neither,0.03945320844208391,0.33037608806864915,0.630170703489267
helo,neither,0.03945320844208391,0.33037608806864915,0.630170703489267
Kreygasm,neither,0.03945320844208391,0.33037608806864915,0.630170703489267
WAAADDUU,neither,0.03945320844208391,0.33037608806864915,0.630170703489267
??,neither,0.03945320844208391,0.33037608806864915,0.630170703489267
Fortnite,neither,0.03945320844208391,0.33037608806864915,0.630170703489267
9:42pm Phillippines!,neither,0.03945320844208391,0.33037608806864915,0.630170703489267
TAKE ME AWAYYYYYYY,neither,0.02662153890935304,0.4037482254446758,0.5696302356459712
Lolll,neither,0.03945320844208391,0.33037608806864915,0.630170703489267
Wadu hek,neither,0.03945320844208391,0.33037608806864915,0.630170703489267
stayhyBottle Welcome to SHBv5: Mod+ can now type !emotehydrate to toggle emote mode when sending hydration reminders. Also your settings may now be changed from my chat while you are offline.,neither,0.0684812319600597,0.3630690570106095,0.5684497110293308
6am POGGERS,neither,0.03945320844208391,0.33037608806864915,0.630170703489267
get em!!!,neither,0.03853198617258056,0.34601163418066344,0.615456379646756
Hi,neither,0.03945320844208391,0.33037608806864915,0.630170703489267
so anyone else not sleep yet?,neither,0.03828101128259637,0.37338967062174094,0.5883293180956627
wtf are u doing?????,offensive_language,0.08455421042092222,0.5888229187602005,0.32662287081887725
The fuck?,offensive_language,0.31255729367621293,0.6874427038301136,2.493673431948408e-09
