text,top_class,hate_speech,offensive_language,neither
saved,neither,0.03945320844208391,0.33037608806864915,0.630170703489267
shroud4Head,neither,0.03945320844208391,0.33037608806864915,0.630170703489267
ty <3,neither,0.03945320844208391,0.33037608806864915,0.630170703489267
POGGERS,neither,0.03945320844208391,0.33037608806864915,0.630170703489267
Hes back,neither,0.03945320844208391,0.33037608806864915,0.630170703489267
YIKES,neither,0.03945320844208391,0.33037608806864915,0.630170703489267
WE require additional pylons,neither,0.03927675534959872,0.3333709575539982,0.627352287096403
YAAAAA,neither,0.03945320844208391,0.33037608806864915,0.630170703489267
shroud4Head shroud4Head shroud4Head shroud4Head shroud4Head shroud4Head,neither,0.03945320844208391,0.33037608806864915,0.630170703489267
Oh yea,neither,0.046804910670892125,0.2635056757852452,0.6896894135438627
AY,neither,0.03945320844208391,0.33037608806864915,0.630170703489267
hes back,neither,0.03945320844208391,0.33037608806864915,0.630170703489267
Hes back,neither,0.03945320844208391,0.33037608806864915,0.630170703489267
DDADDDd,neither,0.03945320844208391,0.33037608806864915,0.630170703489267
DAD POGGERS,neither,0.03945320844208391,0.33037608806864915,0.630170703489267
off,neither,0.03945320844208391,0.33037608806864915,0.630170703489267
HES BACK I FORGOT I HAD YOU ON,neither,0.05135989382558672,0.3870535461435628,0.5615865600308504
DADDY,neither,0.03945320844208391,0.33037608806864915,0.630170703489267
aye sexy,neither,0.03945320844208391,0.33037608806864915,0.630170703489267
poggers,neither,0.03945320844208391,0.33037608806864915,0.630170703489267
wb,neither,0.03945320844208391,0.33037608806864915,0.630170703489267
waduPod Clap,neither,0.03945320844208391,0.33037608806864915,0.630170703489267
AYYY,neither,0.03945320844208391,0.33037608806864915,0.630170703489267
dad,neither,0.03945320844208391,0.33037608806864915,0.630170703489267
We hawt,neither,0.03928250105640122,0.33327343791445996,0.6274440610291387
saved,neither,0.03945320844208391,0.33037608806864915,0.630170703489267
HES BACK POGGERS POGGERS POGGERS,neither,0.03945320844208391,0.33037608806864915,0.630170703489267
he is back just9nB just9nB just9nB just9nHS,neither,0.06762386238615045,0.3206869083949745,0.611689229218875
POGGERS,neither,0.03945320844208391,0.33037608806864915,0.630170703489267
SHROOD PogChamp,neither,0.03945320844208391,0.33037608806864915,0.630170703489267
DAd!!!!!!!!!,neither,0.03945320844208391,0.33037608806864915,0.630170703489267
KEEP PLEBS FREE,neither,0.03945320844208391,0.33037608806864915,0.630170703489267
chaddGasm shroud4Head,neither,0.03945320844208391,0.33037608806864915,0.630170703489267
"Baby come back, any kind of fool could seeThere was something in everything about youBaby come back, you can blame it all on meI was wrong, and I just can't live without you",neither,0.047879969525724535,0.4201188671238985,0.5320011633503771
shroudHype,neither,0.03945320844208391,0.33037608806864915,0.630170703489267
Dad? OOGGERS,neither,0.03945320844208391,0.33037608806864915,0.630170703489267
1ST,neither,0.03945320844208391,0.33037608806864915,0.630170703489267
rip,neither,0.03945320844208391,0.33037608806864915,0.630170703489267
reeeeeeeeee,neither,0.03945320844208391,0.33037608806864915,0.630170703489267
PLEB MODE PLEASE STAY,neither,0.03945320844208391,0.33037608806864915,0.630170703489267
Are the cleaners fired?,neither,0.0604005527576022,0.27778233382245704,0.6618171134199408
shroudyC,neither,0.03945320844208391,0.33037608806864915,0.630170703489267
Daddy's back,neither,0.03945320844208391,0.33037608806864915,0.630170703489267
WOHOOO,neither,0.03945320844208391,0.33037608806864915,0.630170703489267
shroudyC I drink Madrinas every day to fuel up shroudyC,neither,0.04304564863737235,0.3577225558581587,0.5992317955044688
PAPA is BACK,neither,0.04883601461857011,0.3271489107703249,0.624015074611105
shroud4Head shroud4Head shroud4Head shroud4Head shroud4Head shroud4Head shroud4Head shroud4Head,neither,0.03945320844208391,0.33037608806864915,0.630170703489267
Hi Dad!,neither,0.03945320844208391,0.33037608806864915,0.630170703489267
Shrood <3,neither,0.03945320844208391,0.33037608806864915,0.630170703489267
"taehirock, If you want to link something, please ask a mod to permit you!",neither,0.05873329292628772,0.44157701766020946,0.49968968941350295
POGGERS BROYS,neither,0.03945320844208391,0.33037608806864915,0.630170703489267
HI DAD POGGERS,neither,0.03945320844208391,0.33037608806864915,0.630170703489267
we back POGGERS,neither,0.039166053543719236,0.33524985610846453,0.6255840903478163
DADDY IS BACK!,neither,0.05073268383224183,0.3264965592548336,0.6227707569129245
shroud4Head shroud4Head shroud4Head shroud4Head,neither,0.03945320844208391,0.33037608806864915,0.630170703489267
NO SUB MODE,neither,0.03868912836620923,0.3433445210463393,0.6179663505874515
DAD LOOKS PISSED,neither,0.03945320844208391,0.33037608806864915,0.630170703489267
POGGERS,neither,0.03945320844208391,0.33037608806864915,0.630170703489267
POGGERS,neither,0.03945320844208391,0.33037608806864915,0.630170703489267
VACCUM EMOTE NOW!!!!!,neither,0.03945320844208391,0.33037608806864915,0.630170703489267
daddy back,neither,0.03945320844208391,0.33037608806864915,0.630170703489267
back POGGERS,neither,0.03945320844208391,0.33037608806864915,0.630170703489267
PLAY HAPPY MUSIC https://www.youtube.com/watch?v=hHNqwT7T-7g,neither,0.04286402730357329,0.32920295105702896,0.6279330216393978
<3,neither,0.03945320844208391,0.33037608806864915,0.630170703489267
DAD IS ALIVE AGAIN,neither,0.045427390169592734,0.3577383292770285,0.5968342805533787
AAAAAAAAAAAAAAAAAAAAAA,neither,0.03945320844208391,0.33037608806864915,0.630170703489267
welcome BACK,neither,0.03945320844208391,0.33037608806864915,0.630170703489267
Finally!!!,neither,0.03945320844208391,0.33037608806864915,0.630170703489267
🎮🎮🎮🎮🎮🎮,neither,0.03945320844208391,0.33037608806864915,0.630170703489267
what happened?,neither,0.04722295797655572,0.3248777811305592,0.6278992608928851
@Timbalo0 well we are rich in hydropower but lack electricity,neither,0.053181238436908904,0.3077593615539215,0.6390594000091696
HES BACK,neither,0.03945320844208391,0.33037608806864915,0.630170703489267
u need a new HOUSE NOW,neither,0.04337096647746816,0.22482651557010733,0.7318025179524245
shroud200 shroud200 shroud200,neither,0.03945320844208391,0.33037608806864915,0.630170703489267
VACUUM TOO STRONG,neither,0.03909309701763587,0.3364881187574598,0.6244187842249043
https://www.youtube.com/watch?v=0tdyU_gW6WE&t=54s,neither,0.04349866177839444,0.3289846711595917,0.6275166670620138
cmon shroud,neither,0.03945320844208391,0.33037608806864915,0.630170703489267
REEEEEEEEEEEEEEEEEEEEEEEEEEEEEEEEEEEEEEEEEEEEEEE,neither,0.03945320844208391,0.33037608806864915,0.630170703489267
YAAAY,neither,0.03945320844208391,0.33037608806864915,0.630170703489267
hi @shroud,neither,0.03945320844208391,0.33037608806864915,0.630170703489267
@hnlBot Why you still here? DansGame shroudyH UNMOD HNLBOT shroudyH,neither,0.12377330388080925,0.382121393257758,0.4941053028614329
nope,neither,0.03945320844208391,0.33037608806864915,0.630170703489267
waduDad /,neither,0.03945320844208391,0.33037608806864915,0.630170703489267
hows the vacuum,neither,0.038372653207642965,0.3105039192898759,0.6511234275024811
hi shroud,neither,0.03945320844208391,0.33037608806864915,0.630170703489267
vacuuming done?,neither,0.03795687855583607,0.3557727113480953,0.6062704100960686
Welcome back :),neither,0.03945320844208391,0.33037608806864915,0.630170703489267
shroudWB shroudWB shroudWB shroudWB,neither,0.03945320844208391,0.33037608806864915,0.630170703489267
monkaS,neither,0.03945320844208391,0.33037608806864915,0.630170703489267
@shroud lol someone has already uploaded your 49 kill game on Battlefield V.,neither,0.23019073481003594,0.26112290061533494,0.5086863645746291
shroud got the suck is what happened,neither,0.07945764984761271,0.35696870746768117,0.5635736426847062
Live !!!!!!!! :D,neither,0.04891340716200846,0.3271222919257548,0.6239643009122369
i prime subbed to yew <3,neither,0.04538753705847632,0.32689628220830425,0.6277161807332194
shroudPigeon shroudPigeon shroudPigeon,neither,0.03945320844208391,0.33037608806864915,0.630170703489267
shroudCrash shroud4Head shroud4Head shroud4Head,neither,0.03945320844208391,0.33037608806864915,0.630170703489267
Sucky sucky lady,neither,0.03945320844208391,0.33037608806864915,0.630170703489267
@shroud what happened my d00d?,neither,0.030999171530677917,0.43330159305793664,0.5356992354113854
WILL NEPDOO PASS ALHASHMI?,neither,0.04154634801372876,0.2948500468788517,0.6636036051074196
Hear me RAWR!!!,neither,0.032530848377044064,0.36776217847561327,0.5997069731473427
VACCUM SUCKED UP THE INTERNET?,neither,0.03592919375197537,0.3645611250896311,0.5995096811583936
how vacuum doin :D,neither,0.03945320844208391,0.33037608806864915,0.630170703489267
Plebs?,neither,0.03945320844208391,0.33037608806864915,0.630170703489267
yeayy,neither,0.03945320844208391,0.33037608806864915,0.630170703489267
VACCUM EMOTE PLS,neither,0.03945320844208391,0.33037608806864915,0.630170703489267
OMEGALUL Clap,neither,0.03945320844208391,0.33037608806864915,0.630170703489267
where is the troy,neither,0.04890881469647319,0.2795733213583069,0.6715178639452198
IM A NON-SUB TALKING FOR THE FIRST TIME IN SHROUD CHAT,neither,0.029745392852355498,0.33514302425770615,0.6351115828899384
CAGE SUBS,neither,0.03945320844208391,0.33037608806864915,0.630170703489267
sub me pls <3,neither,0.03247147130080815,0.36810416683525715,0.5994243618639347
hahaha @Bas0100 well u shoud check google,neither,0.03945320844208391,0.33037608806864915,0.630170703489267
WHEN IS THE CS MATC,neither,0.03554192881663526,0.36096263364959513,0.6034954375337697
BabyRage BabyRage,neither,0.03945320844208391,0.33037608806864915,0.630170703489267
hes back POGGERS,neither,0.03945320844208391,0.33037608806864915,0.630170703489267
yooooooooo,neither,0.03945320844208391,0.33037608806864915,0.630170703489267
THATS AN OOF,neither,0.03996067196596507,0.32176310769412275,0.6382762203399123
<3,neither,0.03945320844208391,0.33037608806864915,0.630170703489267
shroudHey,neither,0.03945320844208391,0.33037608806864915,0.630170703489267
WB!,neither,0.03945320844208391,0.33037608806864915,0.630170703489267
HE'S BACK,neither,0.05051617290504041,0.32657102729093723,0.6229127998040224
yay,neither,0.03945320844208391,0.33037608806864915,0.630170703489267
"you look a bit salty, get some MADRINAS man",neither,0.046064774067380514,0.4516577545038394,0.5022774714287802
shroudyC USE CODE 'SHROUD' ON YOUR NEXT PURCHASE https://madrinascoffee.com/shroud shroudyC,neither,0.027009049460311588,0.4175952760755504,0.5553956744641382
shroud1 shroud1 shroud1 shroud1 shroud1 shroud1 shroud1 shroud1 shroud1 shroud1 shroud1 shroudOverit,neither,0.03945320844208391,0.33037608806864915,0.630170703489267
CAGE SUBS POGGERS,neither,0.03945320844208391,0.33037608806864915,0.630170703489267
shroudM,neither,0.03945320844208391,0.33037608806864915,0.630170703489267
@fuinharococo Feels good right?!,neither,0.03763375137925649,0.3520023145166456,0.6103639341040978
HIS FAT COCK KNOCKED OUT HIS INTERNET,offensive_language,0.24959180309387644,0.49080834633467746,0.2595998505714461
WHAT HAPPENED @shroud ?????,neither,0.04722295797655572,0.3248777811305592,0.6278992608928851
@shroud theres no girl's tee !!?,neither,0.033419819530298524,0.39465921391733716,0.5719209665523642
How are the plebs so quier,neither,0.0872180120778418,0.29751231467538697,0.6152696732467713
The man,neither,0.037464842583463,0.4316471360146332,0.5308880214019036
Plebs gon be caged soon FeelsBadMan,offensive_language,0.019349050831552972,0.4960800841177345,0.48457086505071256
FAT SOCK,neither,0.1755510654535958,0.19191298467768148,0.6325359498687226
@Aaaarrrgg AALRRIIIGHHT,neither,0.03945320844208391,0.33037608806864915,0.630170703489267
Are we back?,neither,0.08811033486161277,0.2597640706658902,0.6521255944724972
sub me im famous <3,neither,0.03183376822000842,0.39817527576508793,0.5699909560149036
@shroud you should move your router to a spot that hasn't lost power,neither,0.09259198557809818,0.40889322513100257,0.4985147892908992
OMEGALUL,neither,0.03945320844208391,0.33037608806864915,0.630170703489267
shroudM,neither,0.03945320844208391,0.33037608806864915,0.630170703489267
CAGE MODS POGGERS,neither,0.03945320844208391,0.33037608806864915,0.630170703489267
kill them,hate_speech,0.7384350560446284,0.07935724451515287,0.1822076994402187
SHROUD,neither,0.03945320844208391,0.33037608806864915,0.630170703489267
J9's vacuum cleaner gf blew a fuse instead of him LUL,neither,0.03937949259195015,0.33162723842845765,0.6289932689795922
f,neither,0.03945320844208391,0.33037608806864915,0.630170703489267
cage all the plebs just9nB just9nB just9nB just9nB,neither,0.0402870663683684,0.39409499574761525,0.5656179378840164
DADDY,neither,0.03945320844208391,0.33037608806864915,0.630170703489267
shroudM,neither,0.03945320844208391,0.33037608806864915,0.630170703489267
and its on the day of the tourney :(,neither,0.028487696809317984,0.2568915733034133,0.7146207298872687
It's just too much on one circuit,neither,0.025694260781621993,0.4119651457327464,0.5623405934856316
BibleThump BibleThump BibleThump,neither,0.03945320844208391,0.33037608806864915,0.630170703489267
its the ddos vacuum,neither,0.026706422716135464,0.30199434054308116,0.6712992367407834
circuit might be overloaded,neither,0.040257947011883836,0.337114865245637,0.6226271877424793
need better fuses,neither,0.039151832023941485,0.32785240074399985,0.6329957672320587
@shroud i can't find the icon to buy the skins :(,neither,0.04601228973568115,0.24107780419564212,0.7129099060686767
@shroud install a UPS,neither,0.03945320844208391,0.33037608806864915,0.630170703489267
Still willing to blow for a sub!,neither,0.038845309491516135,0.31566002436639384,0.64549466614209
kill the vacuum,hate_speech,0.7454791067572198,0.06189922843395018,0.19262166480882992
fuk a vacum,neither,0.03945320844208391,0.33037608806864915,0.630170703489267
Does anyone know the word on the street?,neither,0.02587596761314511,0.4178255708976896,0.5562984614891653
Press 3 if ur gay,neither,0.2614805420722647,0.22386555397694574,0.5146539039507895
too much power draw,neither,0.03572290430148953,0.3355052797028392,0.6287718159956713
LUL,neither,0.03945320844208391,0.33037608806864915,0.630170703489267
xD,neither,0.03945320844208391,0.33037608806864915,0.630170703489267
FeelbadMan,neither,0.03945320844208391,0.33037608806864915,0.630170703489267
3,neither,0.03945320844208391,0.33037608806864915,0.630170703489267
lirikFEELS lirikFEELS lirikFEELS,neither,0.03945320844208391,0.33037608806864915,0.630170703489267
just get an extension Cord and get the Power from the neighbour !!,neither,0.03588879099765836,0.30024550567671704,0.6638657033256247
OMEGALUL,neither,0.03945320844208391,0.33037608806864915,0.630170703489267
LUL,neither,0.03945320844208391,0.33037608806864915,0.630170703489267
3,neither,0.03945320844208391,0.33037608806864915,0.630170703489267
just9nF vacuum,neither,0.03945320844208391,0.33037608806864915,0.630170703489267
Where are the girl merch D:,neither,0.05605626861711502,0.30221686978344287,0.6417268615994421
NA houses,neither,0.03945320844208391,0.33037608806864915,0.630170703489267
hello again,neither,0.037234283857329756,0.36803702920363696,0.5947286869390334
HAHAHA,neither,0.03945320844208391,0.33037608806864915,0.630170703489267
too much power lol,neither,0.02782259997489869,0.3947664712331187,0.5774109287919827
So tell them to vacuum for only 4 seconds at a time Kappa,neither,0.047227782025334,0.3593062215289027,0.5934659964457633
3,neither,0.03945320844208391,0.33037608806864915,0.630170703489267
i think you have too many things plugged in,neither,0.05611772962400132,0.3828941873486776,0.5609880830273212
POGGERS,neither,0.03945320844208391,0.33037608806864915,0.630170703489267
RIP truck,neither,0.03945320844208391,0.33037608806864915,0.630170703489267
@shroud lol someone has already uploaded your 49 kill game on Battlefield V,neither,0.23019073481003594,0.26112290061533494,0.5086863645746291
FAT COCK VACUUM,offensive_language,0.3538471707140789,0.5678988737269083,0.0782539555590127
LUL,neither,0.03945320844208391,0.33037608806864915,0.630170703489267
wow,neither,0.03945320844208391,0.33037608806864915,0.630170703489267
It will kill the truck though @shroud,neither,0.3412935730255056,0.17062722492913385,0.4880792020453605
33333333,neither,0.03945320844208391,0.33037608806864915,0.630170703489267
LUL,neither,0.03945320844208391,0.33037608806864915,0.630170703489267
lol,neither,0.020706217963973744,0.4882283491876925,0.4910654328483337
@Wardosa its bc its gon ya pleb,offensive_language,0.011475231894549947,0.6123743597790966,0.37615040832635355
vacum cant suck his FK Kappa,neither,0.07767808783616637,0.3365527390145588,0.5857691731492748
LUL,neither,0.03945320844208391,0.33037608806864915,0.630170703489267
F,neither,0.03945320844208391,0.33037608806864915,0.630170703489267
Shroud my bro wassup,neither,0.18614862643669064,0.21799660925532782,0.5958547643079815
shroud4Head shroud4Head,neither,0.03945320844208391,0.33037608806864915,0.630170703489267
LUL,neither,0.03945320844208391,0.33037608806864915,0.630170703489267
LUL,neither,0.03945320844208391,0.33037608806864915,0.630170703489267
Bye bye truck power,neither,0.03945320844208391,0.33037608806864915,0.630170703489267
Use a fucking broom,offensive_language,0.03877972874856064,0.9595421838879452,0.0016780873634942488
give me subs maybe,neither,0.03278854933955938,0.3662823345460787,0.6009291161143618
please play CREW 2,neither,0.03945320844208391,0.33037608806864915,0.630170703489267
When will there be a vaccum emote,neither,0.028702765406929405,0.31024542748695694,0.6610518071061137
RIP RIVALS,neither,0.03945320844208391,0.33037608806864915,0.630170703489267
WHEN IS THE CS MATCH?,neither,0.03619610426344853,0.35563920305426433,0.6081646926822871
The Vac has a fatter cock.,offensive_language,0.05994696684047947,0.7127759594782525,0.22727707368126807
FAT VACUUM,neither,0.4011369750535107,0.08413252862852376,0.5147304963179655
fk a vacuum,neither,0.03945320844208391,0.33037608806864915,0.630170703489267
new house,neither,0.04467619584897844,0.1971869848105641,0.7581368193404574
@shroud please stop dc,neither,0.03940389455295095,0.41207005649287864,0.5485260489541705
word on that the street is that vacuum has a fat cock,offensive_language,0.14951382486640755,0.5708285064476384,0.279657668685954
1 S U C C for a S U B,neither,0.023896577328981292,0.2538532852897668,0.7222501373812519
!uptime,neither,0.03945320844208391,0.33037608806864915,0.630170703489267
F,neither,0.03945320844208391,0.33037608806864915,0.630170703489267
"@marcusll, Mike has been live for: 2 minutes, 24 seconds",neither,0.038229902642377286,0.3087774718371575,0.6529926255204652
"Wait, are they trying to vacuum the freaking paint of the wall?",neither,0.05910668915046849,0.2789797399846973,0.6619135708648343
NA house Kappa,neither,0.03945320844208391,0.33037608806864915,0.630170703489267
110volt shroudCrash,neither,0.03945320844208391,0.33037608806864915,0.630170703489267
@shroud maybe vaccum is broken ?,neither,0.04879585466443882,0.3271627236201095,0.6240414217154515
wackyjWUT wackyjRLY wackyjWUT wackyjRLY wackyjWUT wackyjRLY wackyjWUT,neither,0.03945320844208391,0.33037608806864915,0.630170703489267
IT WAS THE FAT COCKSUCKER,neither,0.14631313891690226,0.19712105765115698,0.6565658034319407
https://www.youtube.com/watch?v=3XDxx8jvRGc&t=7s,neither,0.042932533007176456,0.32917938880418945,0.627888078188634
just9nF vacuum!,neither,0.03945320844208391,0.33037608806864915,0.630170703489267
probably a 15A circuit and they need 20A,neither,0.03765710960349601,0.3117271673690809,0.6506157230274231
Shrood is alive!,neither,0.051914894884597704,0.32608994266292834,0.621995162452474
Their shitty sucky sucky machine,offensive_language,0.04569899965836281,0.5393812036304958,0.4149197967111413
l0l,neither,0.03945320844208391,0.33037608806864915,0.630170703489267
shroudM shroudM shroudM,neither,0.03945320844208391,0.33037608806864915,0.630170703489267
!rivals salasti2,neither,0.03945320844208391,0.33037608806864915,0.630170703489267
"@salasti2, Mike is participating in the PUBG Twitch Rivals Duo Invitational today at 3PM PST together with just9n. They're playing Duos on Sanhok a Prize pool of $160,000! shroudHype",neither,0.04149724835472866,0.33228176929751546,0.6262209823477558
I told you to stop slipping that fat cock in the outlets.,offensive_language,0.1986918529415306,0.6279896121442491,0.17331853491422033
!uptime,neither,0.03945320844208391,0.33037608806864915,0.630170703489267
"@klashae, Mike has been live for: 2 minutes, 34 seconds",neither,0.038293455266983904,0.30995644253943666,0.6517501021935793
realm royale! :D,neither,0.03945320844208391,0.33037608806864915,0.630170703489267
shroud you should try to play with m shadows sometime,neither,0.0564405838506083,0.42071296856494883,0.5228464475844429
Probably because you have multiple beast gaming pcs in your house lol,neither,0.06084767423460764,0.40646381967130546,0.5326885060940869
na houses,neither,0.03945320844208391,0.33037608806864915,0.630170703489267
NA electricity LUL,neither,0.03945320844208391,0.33037608806864915,0.630170703489267
realm royale,neither,0.03945320844208391,0.33037608806864915,0.630170703489267
Check out the community-made subreddit for Mike here: https://www.reddit.com/r/Shroud/,neither,0.053508186408238685,0.2949994036946994,0.651492409897062
WADU HEK?,neither,0.03945320844208391,0.33037608806864915,0.630170703489267
!uptime,neither,0.03945320844208391,0.33037608806864915,0.630170703489267
"@shusterhockey, Mike has been live for: 2 minutes, 47 seconds",neither,0.0382764714457318,0.3096421645712236,0.6520813639830445
Its probably a combination on your standard power draw and the wiring,neither,0.047462742355744984,0.31331169683759974,0.6392255608066553
rip out the shitty carpet floors tbh,offensive_language,0.043061207519726405,0.5888587538624499,0.3680800386178236
flipping the breaker fam,neither,0.0387454049585854,0.31749584173656775,0.6437587533048469
OK,neither,0.03935517884257045,0.3320399062092607,0.6286049149481688
turn everything off to clean it lol,neither,0.036555324719054656,0.3759935082259873,0.587451167054958
You could buy a generator :D,neither,0.06598946070442673,0.4025772224902078,0.5314333168053654
wakanda 4eva,neither,0.03945320844208391,0.33037608806864915,0.630170703489267
Why deepclean?,neither,0.016768318525353994,0.3685911158159394,0.6146405656587067
!viewmodel,neither,0.03945320844208391,0.33037608806864915,0.630170703489267
when's twitch rivals,neither,0.029005800438506337,0.38390556720316915,0.5870886323583246
"@catoj, PUBG: 103 (Max). CS:GO: Viewmodel_fov ""68"" viewmodel_offset_x ""2.5"" viewmodel_offset_y ""1"" viewmodel_offset_z ""-1.5""",neither,0.04024978669161532,0.33313813072355164,0.6266120825848331
Feels bad an,neither,0.035943218776787696,0.3253104350565162,0.6387463461666961
"""your power is ass bro"" LUL",offensive_language,0.18583950427580598,0.7998689566927276,0.014291539031466361
Thats one strong vacuum cleaner @shroud,neither,0.03872769292233668,0.35704491925939985,0.6042273878182635
"Dude, it should cause a breaker downstairs to trip, not the whole house!!",neither,0.046761070600123085,0.3584139787406844,0.5948249506591925
Jurassic world,neither,0.03945320844208391,0.33037608806864915,0.630170703489267
@shroud New desk when,neither,0.032494326812404946,0.2849758616504827,0.6825298115371123
NA wiring OMEGALUL,neither,0.03945320844208391,0.33037608806864915,0.630170703489267
your ass is power,offensive_language,0.25122256629202705,0.7482508175530693,0.0005266161549035246
just9nF vacuum,neither,0.03945320844208391,0.33037608806864915,0.630170703489267
troys probably helping making it dirty haha,neither,0.034990298664074895,0.3896289144992021,0.575380786836723
ewwwwww mike shroudPalm,neither,0.03945320844208391,0.33037608806864915,0.630170703489267
THERE IS A DILDO in the back,neither,0.04667694100117674,0.2723936912471165,0.6809293677517068
if she says needed it is needed,neither,0.031824584213180095,0.41639248132539836,0.5517829344614215
@shroud are you playing in the twitch rivals?,neither,0.08491058404777159,0.30977825041734813,0.6053111655348804
LUL,neither,0.03945320844208391,0.33037608806864915,0.630170703489267
WutFace WutFace,neither,0.03945320844208391,0.33037608806864915,0.630170703489267
NA building code Kappa,neither,0.03945320844208391,0.33037608806864915,0.630170703489267
vacuum is an ass LUL,offensive_language,0.1346351541728988,0.8611056656343551,0.004259180192746163
can you watch reddit videos,neither,0.06705606033377533,0.3738887350469802,0.5590552046192444
HERE WE BACK,neither,0.1238776217697343,0.2735571302208221,0.6025652480094437
Guaranteed you'll still end up paying for carpet cleaning at the end... I have every time.,neither,0.039650939224127706,0.3817311406858518,0.5786179200900207
Dino broke the power,neither,0.038677760092775626,0.3162391875323911,0.6450830523748333
is he moving again?,neither,0.052950392932925354,0.35793008364110146,0.5891195234259733
you could power your whole house with your fat cock shroud,offensive_language,0.2851364015360293,0.5153682839994872,0.19949531446448346
thiccc ass man not just ass xD,offensive_language,0.1270117402887234,0.8729880443146538,2.1539662270243723e-07
@shusterhockey yes he is,neither,0.06356978563790174,0.3220812912908292,0.614348923071269
Hello dad <3,neither,0.03945320844208391,0.33037608806864915,0.630170703489267
when u play tourement,neither,0.024356588320515515,0.41159081606481007,0.5640525956146744
"when’s the tourney,",neither,0.0180469965103435,0.4075396077444263,0.5744133957452301
@shroud we all know he ate he routernlol,neither,0.05228579349893895,0.3968229340079515,0.5508912724931097
its an anal plug,neither,0.034604745605691045,0.327562942321622,0.637832312072687
@shroud just send them home,neither,0.049241774292274304,0.345450498766543,0.6053077269411827
shroudW,neither,0.03945320844208391,0.33037608806864915,0.630170703489267
ree,neither,0.03945320844208391,0.33037608806864915,0.630170703489267
Mike has partnered with Madrinas Coffee! Use code 'SHROUD' for 40% off your online order shroudyC https://madrinascoffee.com/shroud,neither,0.028924841216797822,0.2923385662958248,0.6787365924873774
What happened?,neither,0.04722295797655572,0.3248777811305592,0.6278992608928851
:/,neither,0.03945320844208391,0.33037608806864915,0.630170703489267
bring the dog,neither,0.03833037068952425,0.3096997369454625,0.6519698923650132
:S,neither,0.03945320844208391,0.33037608806864915,0.630170703489267
what happened,neither,0.04722295797655572,0.3248777811305592,0.6278992608928851
shroudHey,neither,0.03945320844208391,0.33037608806864915,0.630170703489267
when do they leave?,neither,0.029073704334357346,0.39062237728260024,0.5803039183830425
shroud has a buttplug on the floor,neither,0.03565234707720299,0.3193182640611621,0.645029388861635
!uptime,neither,0.03945320844208391,0.33037608806864915,0.630170703489267
pay them anyway and get the home vacumned another day @shroud,neither,0.09251954554805486,0.2219253421354909,0.6855551123164543
"@lilvizy, Mike has been live for: 3 minutes, 53 seconds",neither,0.03830358073741883,0.3101435405721779,0.6515528786904033
@shroud we all know he ate he router lol,neither,0.042842462426256646,0.4453468288652916,0.5118107087084518
Problem is the electrician was a cost cutting idiot. waduDad,neither,0.04436144636709544,0.3184044718838465,0.637234081749058
what time is rivals?,neither,0.06441787528703147,0.34977477335903184,0.5858073513539367
!rivals,neither,0.03945320844208391,0.33037608806864915,0.630170703489267
ay plebs uncaged,neither,0.03945320844208391,0.33037608806864915,0.630170703489267
R.I.P Truck,neither,0.03945320844208391,0.33037608806864915,0.630170703489267
"@salasti2, Mike is participating in the PUBG Twitch Rivals Duo Invitational today at 3PM PST together with just9n. They're playing Duos on Sanhok a Prize pool of $160,000! shroudHype",neither,0.04149724835472866,0.33228176929751546,0.6262209823477558
\;l\,neither,0.03945320844208391,0.33037608806864915,0.630170703489267
@shroud what happend? why do you have 3 short vods from today?,neither,0.045049521733219994,0.34655842293043887,0.6083920553363411
dog stream dog stream,neither,0.03945320844208391,0.33037608806864915,0.630170703489267
just9nTP just9nTP just9nTP just9nTP,neither,0.03945320844208391,0.33037608806864915,0.630170703489267
LUL,neither,0.03945320844208391,0.33037608806864915,0.630170703489267
...,neither,0.03945320844208391,0.33037608806864915,0.630170703489267
shroudY shroudY,neither,0.03945320844208391,0.33037608806864915,0.630170703489267
anneHeart anneHeart anneFlex,neither,0.03945320844208391,0.33037608806864915,0.630170703489267
F,neither,0.03945320844208391,0.33037608806864915,0.630170703489267
dildo behind you,neither,0.05807666024442816,0.38247122989199794,0.559452109863574
@shroud DO some PUBG missions dude plz <3,neither,0.034074301182426235,0.3408754984850456,0.6250502003325281
WADU HEK is life,neither,0.048506342376991814,0.43048582340049435,0.5210078342225138
WHO'S SHROUDS PARTNER FOR RIVALS?,neither,0.03327366456300259,0.36209265776528027,0.604633677671717
..,neither,0.03945320844208391,0.33037608806864915,0.630170703489267
160k prize pool tho Kappa,neither,0.03662646116813272,0.336634818583205,0.6267387202486624
oooh its not in sub mode,neither,0.03442861592867037,0.335187578494136,0.6303838055771935
@shroud Waffle said he gon kill ya.,offensive_language,0.1569070312796091,0.6069936582884576,0.23609931043193333
!time,neither,0.036668274527354654,0.377643684699956,0.5856880407726893
j9,neither,0.03945320844208391,0.33037608806864915,0.630170703489267
look how much fucking money hes made off of donations wadu,offensive_language,0.09761028077267749,0.8784371593664013,0.023952559860921242
"@tonystank0, Mike's local time is: 13:41",neither,0.04501842841533061,0.3439133219243346,0.6110682496603348
J(,neither,0.03945320844208391,0.33037608806864915,0.630170703489267
why didn't you have them come early in the morning?,neither,0.04339526028013861,0.2895301890280565,0.6670745506918049
NA vacuum LUL,neither,0.03945320844208391,0.33037608806864915,0.630170703489267
J9,neither,0.03945320844208391,0.33037608806864915,0.630170703489267
ilikemymomscooking just9n,neither,0.03945320844208391,0.33037608806864915,0.630170703489267
just reschedule fam @shroud,neither,0.03299219943910187,0.36145405897048866,0.6055537415904094
rival 2018 thats no no,neither,0.03800195851667625,0.3550075867633147,0.6069904547200091
lets play duo together,neither,0.03882577217782707,0.34102531895125343,0.6201489088709197
Social https://twitter.com/Shroud - https://www.youtube.com/shroud - https://www.reddit.com/r/Shroud/ - http://www.instagram.com/shroud 4Head,neither,0.0378810848931468,0.33376661315284734,0.6283523019540059
fun fact _ there is not even a single streamer from nepal,neither,0.04485759617934633,0.29622879739165536,0.6589136064289983
THANKS,neither,0.035884468650613,0.3004919205142699,0.6636236108351171
is he moving again?,neither,0.052950392932925354,0.35793008364110146,0.5891195234259733
When the twitch rival starts?,neither,0.0318974079513094,0.353294990782236,0.6148076012664545
when u play tourement,neither,0.024356588320515515,0.41159081606481007,0.5640525956146744
lurnnnArmLeft lurnnn1 lurnnn2 lurnnnArmRight,neither,0.03945320844208391,0.33037608806864915,0.630170703489267
HI DADDY,neither,0.03945320844208391,0.33037608806864915,0.630170703489267
F,neither,0.03945320844208391,0.33037608806864915,0.630170703489267
You can't reschedule?,offensive_language,0.10892562496355655,0.47477317434616667,0.4163012006902769
f,neither,0.03945320844208391,0.33037608806864915,0.630170703489267
F,neither,0.03945320844208391,0.33037608806864915,0.630170703489267
saved,neither,0.03945320844208391,0.33037608806864915,0.630170703489267
!rivals iMagenariuM,neither,0.03945320844208391,0.33037608806864915,0.630170703489267
"@iMagenariuM, Mike is participating in the PUBG Twitch Rivals Duo Invitational today at 3PM PST together with just9n. They're playing Duos on Sanhok a Prize pool of $160,000! shroudHype",neither,0.04149724835472866,0.33228176929751546,0.6262209823477558
you think you’ll be good for the tournament?,neither,0.06094636788081914,0.357994129062011,0.5810595030571698
Risk it for the biscuit @shroud,neither,0.03307936454333212,0.29525890376448566,0.6716617316921821
SAVED,neither,0.03945320844208391,0.33037608806864915,0.630170703489267
Make sure everything unnecessary is turned off around the house,neither,0.03985445738802235,0.4045032349127448,0.5556423076992327
CoolStoryBob,neither,0.03945320844208391,0.33037608806864915,0.630170703489267
"shroud cage us, we are plebs just9nKA just9nKP just9nKA just9nKP",neither,0.12640788684585255,0.2743424032447012,0.5992497099094463
plebs still alive?,neither,0.03829594408867558,0.3500178843652817,0.6116861715460428
tell them to get their own damn generator,offensive_language,0.11029591628836952,0.7336387777311906,0.15606530598043983
chaddRIP FeelsBadMan,neither,0.03945320844208391,0.33037608806864915,0.630170703489267
what's going on,neither,0.04055656154423346,0.38833852883122105,0.5711049096245454
"Damn, that sucks..",offensive_language,0.0407470878588319,0.8784148326307061,0.08083807951046205
@hakdalong168 at 3 PST,neither,0.037091946445510025,0.40193141593839976,0.5609766376160902
WE BACK,neither,0.039166053543719236,0.33524985610846453,0.6255840903478163
Kappa Kappa Kappa Kappa,neither,0.03945320844208391,0.33037608806864915,0.630170703489267
bung hole plug needs to be vacumed up,neither,0.042366190757588254,0.36593808008916134,0.5916957291532504
fun fact _ there is not even a single streamer from nepal /,neither,0.04485759617934633,0.29622879739165536,0.6589136064289983
MY NAME A UVUVWEVWEVWE ONYETENYEVWE UGWEMUBWEM OSSAS,neither,0.0218657201241479,0.4779054633843532,0.5002288164914989
Wait you paid them to do nothing?,neither,0.07992523107095878,0.39888829564745515,0.5211864732815861
POGGERS,neither,0.03945320844208391,0.33037608806864915,0.630170703489267
how long does it take to clean ur house entirely? aaprox time?,neither,0.04420786107792525,0.41606528805447085,0.5397268508676037
Stop slipping that fat cock in the outlets.......,offensive_language,0.16389352037426833,0.6332804503108699,0.2028260293148618
"just reschedule fam, its all good, they'll understand @shroud",neither,0.03184079336617921,0.4094358495431916,0.5587233570906291
Vacuum is probably 20A and circuits are 15A,neither,0.07166600177308872,0.2681429216520004,0.660191076574911
draw a picture in ms paint shroud4Head,neither,0.03945320844208391,0.33037608806864915,0.630170703489267
yooo,neither,0.03945320844208391,0.33037608806864915,0.630170703489267
fun fact _ there is not even a single streamer from nepal ...,neither,0.04485759617934633,0.29622879739165536,0.6589136064289983
Still do rivals,neither,0.04043254315277027,0.35710408270834315,0.6024633741388867
plebs mode Kappa,neither,0.03945320844208391,0.33037608806864915,0.630170703489267
shroud4Head,neither,0.03945320844208391,0.33037608806864915,0.630170703489267
@Wadu POGGERS,neither,0.03945320844208391,0.33037608806864915,0.630170703489267
we back,neither,0.039166053543719236,0.33524985610846453,0.6255840903478163
Spell it,neither,0.03743769619726978,0.3310693151521691,0.6314929886505611
!time,neither,0.036668274527354654,0.377643684699956,0.5856880407726893
"@Mr_Dorfmeister, Mike's local time is: 13:42",neither,0.04407406066458023,0.34177547146491793,0.614150467870502
FINALLY,neither,0.03945320844208391,0.33037608806864915,0.630170703489267
waduuu!!!,neither,0.03945320844208391,0.33037608806864915,0.630170703489267
thx,neither,0.03945320844208391,0.33037608806864915,0.630170703489267
fun fact _ there is not even a single streamer from nepal ........,neither,0.04485759617934633,0.29622879739165536,0.6589136064289983
maybe r6 today @shroud ? poggers,neither,0.03752349773423533,0.3003257028821241,0.6621507993836405
Waduuuuuuuuuuuu,neither,0.03945320844208391,0.33037608806864915,0.630170703489267
selPleb,neither,0.03945320844208391,0.33037608806864915,0.630170703489267
@nosties thanks man :),neither,0.036093915448851564,0.39026333765636056,0.5736427468947878
what did i miss? shroudM,neither,0.03686804772469507,0.32860615125000875,0.6345258010252961
Wadu drawing shroud4Head,neither,0.03945320844208391,0.33037608806864915,0.630170703489267
generator*,neither,0.03945320844208391,0.33037608806864915,0.630170703489267
!tier 2,neither,0.03945320844208391,0.33037608806864915,0.630170703489267
Jurassic ples,neither,0.03945320844208391,0.33037608806864915,0.630170703489267
waduuuuuu,neither,0.03945320844208391,0.33037608806864915,0.630170703489267
!uo,neither,0.03945320844208391,0.33037608806864915,0.630170703489267
wadu i love you,offensive_language,0.079837142191777,0.5038574454704381,0.4163054123377849
!uotime,neither,0.03945320844208391,0.33037608806864915,0.630170703489267
@shroud you moving again?,neither,0.05729749949462413,0.4276196462217385,0.5150828542836375
lve u shroud,neither,0.03945320844208391,0.33037608806864915,0.630170703489267
a re wire is not needed,neither,0.06226795256224533,0.3073880563889759,0.6303439910487787
nuy that new house,neither,0.03907853946177654,0.2615834561385936,0.6993380043996298
!uptime,neither,0.03945320844208391,0.33037608806864915,0.630170703489267
"@thebestperson, Mike has been live for: 5 minutes, 12 seconds",neither,0.03823400678039169,0.30885385460802667,0.6529121386115817
"New Merch is OUT now! Use promo code ""SHROUD"" for 10% off your order! https://www.jinx.com/shroud shroudTHICC",neither,0.03289612813846888,0.3241734647948536,0.6429304070666775
just rent a carpet cleaner/steamer,neither,0.03611586266274876,0.34594370463554075,0.6179404327017104
!teir 2,neither,0.03945320844208391,0.33037608806864915,0.630170703489267
im sad :c,neither,0.03820280267298893,0.3777871683756134,0.5840100289513978
don't mess with it FeelsGoodMan,neither,0.025323855006604137,0.3770147345666243,0.5976614104267715
"i was 4 month sub and offer subs here, i'm a pleb now BibleThump help me ! broo",neither,0.05675256393126564,0.3098736813222549,0.6333737547464795
just reschedule the tourney shroud4Head,neither,0.026980517381990143,0.34438285278385816,0.6286366298341518
SUPER VACUUM,neither,0.03945320844208391,0.33037608806864915,0.630170703489267
I can do it for u im an electrician!!,neither,0.03227501969447123,0.3209842267483801,0.6467407535571487
LuL,neither,0.03945320844208391,0.33037608806864915,0.630170703489267
fun fact _ there is not even a single streamer from nepal............,neither,0.04485759617934633,0.29622879739165536,0.6589136064289983
amarHERZ amarHERZ amarHERZ amarHERZ amarHERZ amarHERZ amarHERZ,neither,0.03945320844208391,0.33037608806864915,0.630170703489267
Wadu wadu wadu wadu wadu hek,neither,0.03945320844208391,0.33037608806864915,0.630170703489267
hessssss backkkkkkkkkkk,neither,0.03945320844208391,0.33037608806864915,0.630170703489267
did he trip your electricity,neither,0.07173896572370095,0.32095125356672566,0.6073097807095734
!tier2,neither,0.03945320844208391,0.33037608806864915,0.630170703489267
@zk3s be the first POGGERS,neither,0.027587805087955226,0.31238491000565505,0.6600272849063896
