text,top_class,hate_speech,offensive_language,neither
POGGERS,neither,0.03945320844208391,0.33037608806864915,0.630170703489267
shroudW shroudW shroudW,neither,0.03945320844208391,0.33037608806864915,0.630170703489267
POGGERS,neither,0.03945320844208391,0.33037608806864915,0.630170703489267
shroudEZ,neither,0.03945320844208391,0.33037608806864915,0.630170703489267
POGGERS,neither,0.03945320844208391,0.33037608806864915,0.630170703489267
@Jynocide i gotchyu,neither,0.03945320844208391,0.33037608806864915,0.630170703489267
graphM graphHAND,neither,0.03945320844208391,0.33037608806864915,0.630170703489267
is he adding delay?,neither,0.05651330921652682,0.32450833711111804,0.6189783536723552
HES BACK PogChamp,neither,0.03945320844208391,0.33037608806864915,0.630170703489267
POGGERS,neither,0.03945320844208391,0.33037608806864915,0.630170703489267
POGGERS,neither,0.03945320844208391,0.33037608806864915,0.630170703489267
!uptime,neither,0.03945320844208391,0.33037608806864915,0.630170703489267
"@robutr, Mike has been live for: 2 hours, 45 minutes, 45 seconds",neither,0.038533758612022025,0.31434581935966677,0.6471204220283112
POGGERS,neither,0.03945320844208391,0.33037608806864915,0.630170703489267
awwwyis,neither,0.03945320844208391,0.33037608806864915,0.630170703489267
forsenE,neither,0.03945320844208391,0.33037608806864915,0.630170703489267
come back shroudThump,neither,0.036802781673112656,0.3753607474007651,0.5878364709261223
shroudAFK,neither,0.03945320844208391,0.33037608806864915,0.630170703489267
shroudTHICC shroudTHICC shroudTHICC shroudTHICC shroudTHICC,neither,0.03945320844208391,0.33037608806864915,0.630170703489267
POGGERS,neither,0.03945320844208391,0.33037608806864915,0.630170703489267
"we back, bitches",offensive_language,0.0017065512759538582,0.9982934453118459,3.412200242806223e-09
FUCK,offensive_language,0.34803241646388117,0.6519675835059184,3.0200377847433446e-11
POGGERS,neither,0.03945320844208391,0.33037608806864915,0.630170703489267
@simpsoni0 damn 2 secs off lol,offensive_language,0.033095129239206114,0.9267127846201008,0.04019208614069316
720p? PEASENT,neither,0.03945320844208391,0.33037608806864915,0.630170703489267
POGGERS,neither,0.03945320844208391,0.33037608806864915,0.630170703489267
shroudWat shroudWat shroudWat,neither,0.03945320844208391,0.33037608806864915,0.630170703489267
ITS BACK,neither,0.029829768354409376,0.333686030403444,0.6364842012421467
longest 4 mins ever,neither,0.03945320844208391,0.33037608806864915,0.630170703489267
we bac and afk,neither,0.03845188257221868,0.29002434003980887,0.6715237773879725
shroud4Head shroud4Head shroud4Head shroud4Head shroud4Head shroud4Head shroud4Head shroud4Head,neither,0.03945320844208391,0.33037608806864915,0.630170703489267
we back,neither,0.039166053543719236,0.33524985610846453,0.6255840903478163
AFK OMEGALUL,neither,0.03945320844208391,0.33037608806864915,0.630170703489267
shroudTHICC shroudTHICC shroudTHICC shroudTHICC shroudTHICC shroudTHICC shroudTHICC shroudTHICC shroudTHICC,neither,0.03945320844208391,0.33037608806864915,0.630170703489267
shroudWB,neither,0.03945320844208391,0.33037608806864915,0.630170703489267
shroudTHICC shroudTHICC shroudTHICC shroudTHICC shroudTHICC shroudTHICC shroudTHICC,neither,0.03945320844208391,0.33037608806864915,0.630170703489267
",",neither,0.03945320844208391,0.33037608806864915,0.630170703489267
HEhehehe\,neither,0.03945320844208391,0.33037608806864915,0.630170703489267
@Dacchei hope you're feeling better dacH,neither,0.15791343171439912,0.21555031145312098,0.6265362568324799
shroudBarry,neither,0.03945320844208391,0.33037608806864915,0.630170703489267
shroudTHICC shroudTHICC shroudTHICC shroudTHICC shroudTHICC shroudTHICC shroudTHICC shroudTHICC shroudTHICC shroudTHICC shroudTHICC,neither,0.03945320844208391,0.33037608806864915,0.630170703489267
god I missed you,neither,0.06149638326868833,0.3913043740800608,0.5471992426512509
4 minute delay PogChamp PogChamp PogChamp PogChamp PogChamp PogChamp PogChamp,neither,0.03945320844208391,0.33037608806864915,0.630170703489267
Can someone tell me who shrouds team mate is,neither,0.03991711511781748,0.40719708219848355,0.552885802683699
shroudAFK shroudAFK shroudAFK shroudAFK,neither,0.03945320844208391,0.33037608806864915,0.630170703489267
@YEWWW22,neither,0.03945320844208391,0.33037608806864915,0.630170703489267
720p OMEGALUL,neither,0.03945320844208391,0.33037608806864915,0.630170703489267
@shroud HELLO FROM THE PAST,neither,0.03958661606460831,0.2955181417191887,0.664895242216203
shroudAFK shroudAFK shroudAFK shroudAFK shroudAFK shroudAFK shroudAFK shroudAFK shroudAFK shroudAFK shroudAFK shroudAFK shroudAFK shroudAFK shroudAFK shroudAFK shroudAFK shroudAFK shroudAFK shroudAFK shroudAFK shroudAFK shroudAFK shroudAFK,neither,0.03945320844208391,0.33037608806864915,0.630170703489267
This is so delayed now geeez,neither,0.05333381389150622,0.4016672402651594,0.5449989458433343
shroudAFK shroudAFK shroudAFK shroudAFK shroudAFK shroudAFK shroudAFK shroudAFK shroudAFK shroudAFK shroudAFK shroudAFK shroudAFK shroudAFK shroudAFK shroudAFK,neither,0.03945320844208391,0.33037608806864915,0.630170703489267
old chat BibleThump,neither,0.03945320844208391,0.33037608806864915,0.630170703489267
shroudAFK shroudAFK shroudAFK shroudAFK shroudAFK shroudAFK shroudAFK shroudAFK shroudAFK shroudAFK shroudAFK shroudAFK shroudAFK shroudAFK shroudAFK shroudAFK shroudAFK shroudAFK shroudAFK shroudAFK shroudAFK shroudAFK shroudAFK shroudAFK,neither,0.03945320844208391,0.33037608806864915,0.630170703489267
We're looking into the past monkaS,neither,0.0559027700006587,0.29021662506453927,0.653880604934802
!subcount,neither,0.03945320844208391,0.33037608806864915,0.630170703489267
"@100percentvegan, Jotobo",neither,0.03945320844208391,0.33037608806864915,0.630170703489267
Look GUYS! it is us 2 minutes in the PAST Kappa,neither,0.07116645981871778,0.31389954118370156,0.6149339989975806
"@jryan1799, 50904 are currently subscribed shroudHype",neither,0.07713431962109496,0.2694654762606152,0.6534002041182898
720p OMEGALUL PEASANTTT,neither,0.03945320844208391,0.33037608806864915,0.630170703489267
shroudTHICC shroudTHICC shroudTHICC shroudTHICC shroudTHICC shroudTHICC shroudTHICC shroudTHICC shroudTHICC shroudTHICC shroudTHICC shroudTHICC shroudTHICC shroudTHICC shroudTHICC,neither,0.03945320844208391,0.33037608806864915,0.630170703489267
SHROUD COME BACK shroudThump shroudThump shroudThump shroudThump,neither,0.036802781673112656,0.3753607474007651,0.5878364709261223
Now another 4 minutes untill h comes back,neither,0.0843050133615582,0.26318048324615523,0.6525145033922864
6 min delay PepeHands,neither,0.03945320844208391,0.33037608806864915,0.630170703489267
"this vids from 4 minutes ago, i dont know what to doooooooo",neither,0.04900954187940147,0.3134894160616028,0.6375010420589957
THE DELAY D:,neither,0.03613032604487659,0.2619290779399786,0.7019405960151449
shroudAFK shroudAFK shroudAFK shroudAFK shroudAFK shroudAFK shroudAFK shroudAFK shroudAFK shroudAFK shroudAFK shroudAFK,neither,0.03945320844208391,0.33037608806864915,0.630170703489267
and 720p PogChamp,neither,0.03763944115734239,0.1918412352459551,0.7705193235967025
720p DansGame 720p DansGame 720p DansGame 720p DansGame 720p DansGame 720p DansGame,neither,0.03945320844208391,0.33037608806864915,0.630170703489267
shroudAFK shroudAFK shroudAFK,neither,0.03945320844208391,0.33037608806864915,0.630170703489267
That were 4 mins of fun Kappa,neither,0.036826193444650074,0.3454178772990578,0.6177559292562921
shroudR shroudTHICC shroudTHICC shroudTHICC shroudTHICC shroudTHICC shroudTHICC shroudTHICC shroudTHICC shroudTHICC shroudTHICC shroudTHICC shroudTHICC,neither,0.03945320844208391,0.33037608806864915,0.630170703489267
yikes,neither,0.03945320844208391,0.33037608806864915,0.630170703489267
720.. nice,neither,0.03945320844208391,0.33037608806864915,0.630170703489267
shroud4Head Troy said rauul,neither,0.03945320844208391,0.33037608806864915,0.630170703489267
1080p will come soon FeelsAmazingMan,neither,0.03923497795467337,0.334080028976194,0.6266849930691326
jo,neither,0.03945320844208391,0.33037608806864915,0.630170703489267
what did we do to deserve this,neither,0.06523398996999082,0.3218918535354101,0.6128741564945991
QUALITY DansGame,neither,0.03945320844208391,0.33037608806864915,0.630170703489267
"HI MOM, I""LL BE ON TV IN 4 MINUTES",neither,0.03765236566328781,0.34339012996954427,0.6189575043671679
720p eanuts :(,neither,0.03945320844208391,0.33037608806864915,0.630170703489267
Where he is??,neither,0.07097085400654432,0.26912212030185784,0.6599070256915978
shroudTHICC shroudTHICC shroudTHICC,neither,0.03945320844208391,0.33037608806864915,0.630170703489267
we're time travelers now,neither,0.06309500153477228,0.3210014770285232,0.6159035214367045
Hi past,neither,0.03945320844208391,0.33037608806864915,0.630170703489267
dacQuacc dacQuacc dacQuacc dacQuacc,neither,0.03945320844208391,0.33037608806864915,0.630170703489267
lasomu,neither,0.03945320844208391,0.33037608806864915,0.630170703489267
shroudWithIt,neither,0.03945320844208391,0.33037608806864915,0.630170703489267
shroud4Head,neither,0.03945320844208391,0.33037608806864915,0.630170703489267
shroudAFK shroudAFK shroudAFK shroudAFK shroudAFK shroudAFK,neither,0.03945320844208391,0.33037608806864915,0.630170703489267
1080?,neither,0.03945320844208391,0.33037608806864915,0.630170703489267
shroudY 4 min me shroudY,neither,0.030241444290899557,0.38122902835368316,0.5885295273554173
dacQuacc dacQuacc dacQuacc dacQuacc dacQuacc,neither,0.03945320844208391,0.33037608806864915,0.630170703489267
graphRUN graphRUN graphRUN,neither,0.03945320844208391,0.33037608806864915,0.630170703489267
shroudAFK shroudAFK shroudAFK shroudAFK shroudAFK,neither,0.03945320844208391,0.33037608806864915,0.630170703489267
1080p gone?,neither,0.039260305037624,0.3336501622801024,0.6270895326822736
1080 shroudHype,neither,0.03945320844208391,0.33037608806864915,0.630170703489267
@Nosties wasn't it 720p the last time as well?,neither,0.03465488837731218,0.36455589751625067,0.6007892141064372
REFRESH FOR 1080p,neither,0.03296554473014691,0.29799019813725613,0.669044257132597
living the past NotLikeThis NotLikeThis,neither,0.03844729269445931,0.3119176975402239,0.6496350097653169
Check out Mike's Instagram account - http://www.instagram.com/shroud :D,neither,0.03410941730160631,0.30554211570058515,0.6603484669978086
just9nBald,neither,0.03945320844208391,0.33037608806864915,0.630170703489267
what happen,neither,0.04747301754087288,0.32470861423304376,0.6278183682260834
shroud4Head,neither,0.03945320844208391,0.33037608806864915,0.630170703489267
We are now in the past fellas,neither,0.06077885788521517,0.27887798299832744,0.6603431591164574
"most of the people have low bandwidth , so 720p is good , you guys are a bunch of spoiled people",neither,0.13060815457830513,0.4141994237348283,0.4551924216868666
0 vies,neither,0.03945320844208391,0.33037608806864915,0.630170703489267
1080p?,neither,0.03945320844208391,0.33037608806864915,0.630170703489267
the chat on the screen is 4 minutes old,neither,0.0417463478509639,0.3149762127026819,0.6432774394463542
shroudWat shroudWat shroudWat,neither,0.03945320844208391,0.33037608806864915,0.630170703489267
Lego?,neither,0.03945320844208391,0.33037608806864915,0.630170703489267
shroudAFK shroudAFK shroudAFK shroudAFK shroudAFK shroudAFK shroudAFK shroudAFK shroudAFK shroudAFK shroudAFK shroudAFK,neither,0.03945320844208391,0.33037608806864915,0.630170703489267
FancreeperMC only in the beginning I think?,neither,0.039074048294522136,0.3053215791896817,0.6556043725157962
shroudAFK,neither,0.03945320844208391,0.33037608806864915,0.630170703489267
whaaaaattt,neither,0.03945320844208391,0.33037608806864915,0.630170703489267
shroudM,neither,0.03945320844208391,0.33037608806864915,0.630170703489267
!uptime,neither,0.03945320844208391,0.33037608806864915,0.630170703489267
"@ggspartanu, Mike has been live for: 2 minutes, 5 seconds",neither,0.038143554429185315,0.30716222689653355,0.6546942186742811
wtfff,neither,0.03945320844208391,0.33037608806864915,0.630170703489267
FIRST,neither,0.02604892428726219,0.3349864360510187,0.6389646396617191
YAYA,neither,0.03945320844208391,0.33037608806864915,0.630170703489267
dacQuacc dacQuacc rooDuck dacQuacc dacQuacc,neither,0.03945320844208391,0.33037608806864915,0.630170703489267
Doc is garbage at gaming,neither,0.04491038560850764,0.34641557893737873,0.6086740354541135
#1 viewer,neither,0.03945320844208391,0.33037608806864915,0.630170703489267
ayayyayayyayyayayya,neither,0.03945320844208391,0.33037608806864915,0.630170703489267
AYAYA,neither,0.03945320844208391,0.33037608806864915,0.630170703489267
@barabara9880 how can your internet not support 1080p in 2018,neither,0.11113302290727325,0.3074532411327606,0.581413735959966
1080.. it's no 4K but feels good man,neither,0.03359352605825791,0.41767300662983203,0.5487334673119101
HeyGuys shroudHyper,neither,0.03945320844208391,0.33037608806864915,0.630170703489267
realm?,neither,0.03945320844208391,0.33037608806864915,0.630170703489267
yeayeayeayeayeayeayeayyeayeayeayeayeayeayeayea,neither,0.03945320844208391,0.33037608806864915,0.630170703489267
Doc is playing CoD FailFish FailFish FailFish FailFish,neither,0.04629256925922913,0.3280237182606217,0.6256837124801491
waduT waduT waduT waduT waduT waduT waduT,neither,0.03945320844208391,0.33037608806864915,0.630170703489267
Literal garbage,neither,0.03945320844208391,0.33037608806864915,0.630170703489267
Remember 4 minutes ago when we were all so uncertain about the future?,neither,0.0322311105859317,0.4323871946877718,0.5353816947262965
nymnO,neither,0.03945320844208391,0.33037608806864915,0.630170703489267
i like minecraft,neither,0.10032665912632961,0.39589500941497124,0.5037783314586992
HeyGuys hello 4 minute me,neither,0.03191154650110425,0.37134795196006193,0.5967405015388337
He sucks at gaming,neither,0.043566107249266815,0.3502597878825366,0.6061741048681965
BIIIIIIGGGG BOOOOOIIIISS,neither,0.03945320844208391,0.33037608806864915,0.630170703489267
shroudBurn shroudBurn shroudBurn shroudBurn shroudBurn shroudBurn shroudBurn shroudBurn shroudBurn shroudBurn shroudBurn shroudBurn shroudBurn,neither,0.03945320844208391,0.33037608806864915,0.630170703489267
Like he always complains,neither,0.05475788783581405,0.39980893720243205,0.5454331749617538
https://clips.twitch.tv/ExquisiteSpicyTarsierRiPepperonis,neither,0.03945320844208391,0.33037608806864915,0.630170703489267
@oreoMilkshake__ live in middle east and tell me how please,neither,0.03646775985948654,0.32830837863676093,0.6352238615037527
shroudAFK shroudAFK shroudAFK shroudAFK shroudAFK shroudAFK shroudAFK shroudAFK shroudAFK,neither,0.03945320844208391,0.33037608806864915,0.630170703489267
@barabara9880 in flight internet can get to 1080p,neither,0.04557892773744915,0.3305661775275505,0.6238548947350004
what r u talking about it's 1080p60,neither,0.04260240042817497,0.3628675991585369,0.5945300004132882
has to complain about everything,neither,0.04487157474001952,0.34640369273025046,0.60872473252973
100k realm somethin RNG lego,neither,0.03945320844208391,0.33037608806864915,0.630170703489267
old chat pepeHUH,neither,0.03945320844208391,0.33037608806864915,0.630170703489267
@barabara9880 where in middle east?,neither,0.0413348930262329,0.29843898987019885,0.6602261171035684
0 viewers,neither,0.03945320844208391,0.33037608806864915,0.630170703489267
Yay shrood,neither,0.03945320844208391,0.33037608806864915,0.630170703489267
just9nOL,neither,0.03945320844208391,0.33037608806864915,0.630170703489267
Now hes bitching about COD and the classes,neither,0.03744655762710583,0.3119584901580902,0.6505949522148041
And claymores,neither,0.03763944115734239,0.1918412352459551,0.7705193235967025
graphWTF,neither,0.03945320844208391,0.33037608806864915,0.630170703489267
The tournament started,neither,0.03859584935456218,0.31471056682225096,0.6466935838231869
Cry baby,neither,0.03945320844208391,0.33037608806864915,0.630170703489267
0 viewers lol,neither,0.031120645729857982,0.3912535864736078,0.5776257677965343
MANS HAVING CHINESEEE,neither,0.03945320844208391,0.33037608806864915,0.630170703489267
Just ordered a fuckin SHROUD TANK TOP,offensive_language,0.07014371979544193,0.8897835244396134,0.04007275576494464
waduT,neither,0.03945320844208391,0.33037608806864915,0.630170703489267
had to wait 4 minutes + shroud left for 4 minutes = 8 minutes lol,neither,0.035717593745596445,0.338810134876247,0.6254722713781566
shroudInsane shroudInsane shroudInsane shroudInsane shroudInsane shroudInsane,neither,0.03945320844208391,0.33037608806864915,0.630170703489267
shroudY shroudPrime,neither,0.03945320844208391,0.33037608806864915,0.630170703489267
"Now what I am saying is sublime; That it was not already written is a crime; I should need not bribe, To have you all subscribe, Sub to Shroud with Twitch Prime shroudPrime",neither,0.05413919486457965,0.44528002795050076,0.5005807771849194
"@oreoMilkshake__ jordan , come hand out on 4mb up 1mb down best adsl",neither,0.030567006101180922,0.40639859875982864,0.5630343951389906
shroudAFK shroudAFK shroudAFK shroudAFK shroudAFK shroudAFK shroudAFK shroudAFK,neither,0.03945320844208391,0.33037608806864915,0.630170703489267
!delay,neither,0.03945320844208391,0.33037608806864915,0.630170703489267
MercyWing1 shroudHey MercyWing2,neither,0.03945320844208391,0.33037608806864915,0.630170703489267
quality content danGachi,neither,0.03945320844208391,0.33037608806864915,0.630170703489267
hang*,neither,0.03945320844208391,0.33037608806864915,0.630170703489267
hol on a second 🤔 why is there a 4 min delay 🤔,neither,0.03409160145714046,0.31853261815332007,0.6473757803895395
shroudAFK shroudAFK shroudAFK shroudAFK shroudAFK shroudAFK shroudAFK shroudAFK shroudAFK shroudAFK shroudAFK shroudAFK shroudAFK shroudAFK,neither,0.03945320844208391,0.33037608806864915,0.630170703489267
!settings,neither,0.03945320844208391,0.33037608806864915,0.630170703489267
"@Questeux, Updated settings as of 7/25/18: https://clips.twitch.tv/TangiblePeppyDeerShadyLulu",neither,0.03835574473548159,0.34900291132173183,0.6126413439427867
"@barabara9880 ah nevermind, in mecca + dubai I had really solid internet",neither,0.03945320844208391,0.33037608806864915,0.630170703489267
Hello my brothers,neither,0.028228428824882978,0.4177918283259125,0.5539797428492046
wadu9Head wadu9Head wadu9Head wadu9Head wadu9Head wadu9Head wadu9Head wadu9Head wadu9Head wadu9Head wadu9Head wadu9Head wadu9Head wadu9Head,neither,0.03945320844208391,0.33037608806864915,0.630170703489267
!dpi,neither,0.03945320844208391,0.33037608806864915,0.630170703489267
"@Questeux, He uses 400 DPI",neither,0.044463797769253195,0.32865271663544304,0.6268834855953038
delay is for the tournament,neither,0.04029698304306245,0.28388606961225393,0.6758169473446837
shroudAFK shroudAFK shroudAFK shroudAFK,neither,0.03945320844208391,0.33037608806864915,0.630170703489267
@cyrian shroudH,neither,0.03945320844208391,0.33037608806864915,0.630170703489267
Hello Mikiel,neither,0.03945320844208391,0.33037608806864915,0.630170703489267
!house,neither,0.03945320844208391,0.33037608806864915,0.630170703489267
"@qballkingfour, Mike is living in California with Jess, Justin and their dog Troy.",neither,0.04559996417734744,0.3243282404234181,0.6300717953992344
s+staff? shroudM,neither,0.03945320844208391,0.33037608806864915,0.630170703489267
supp boiis,neither,0.03945320844208391,0.33037608806864915,0.630170703489267
Thanks,neither,0.035884468650613,0.3004919205142699,0.6636236108351171
@cyrian <3,neither,0.03945320844208391,0.33037608806864915,0.630170703489267
Cyrian monkaS,neither,0.03945320844208391,0.33037608806864915,0.630170703489267
hellooooooo.,neither,0.03945320844208391,0.33037608806864915,0.630170703489267
monkaS staff,neither,0.03945320844208391,0.33037608806864915,0.630170703489267
@oreoMilkshake__ of course lol,neither,0.029670116587461656,0.4031871550957746,0.5671427283167638
is stream quality also RNG?,neither,0.04615514366036008,0.32807098522580647,0.6257738711138335
Do free amazon prime subs not show up?,neither,0.04820836989348539,0.31538225827158595,0.6364093718349286
shroudM shroudM shroudM shroudM shroudM shroudM shroudM shroudM,neither,0.03945320844208391,0.33037608806864915,0.630170703489267
Shroud has a new Discord server! Type !discord in chat to find out how to join shroudHype,neither,0.05133128248534859,0.21299183095886853,0.7356768865557829
shroudM shroudM shroudM,neither,0.03945320844208391,0.33037608806864915,0.630170703489267
shroudAFK shroudAFK shroudAFK shroudAFK shroudAFK shroudAFK shroudAFK shroudAFK shroudAFK shroudAFK shroudAFK shroudAFK shroudAFK shroudAFK,neither,0.03945320844208391,0.33037608806864915,0.630170703489267
Some of these questions asked on here couldn't be more dumb.,neither,0.06932134442563387,0.36938273995602094,0.5612959156183452
this with jetobo?,neither,0.017940085888422753,0.4200875190681605,0.5619723950434168
shroudAFK shroudAFK shroudAFK shroudAFK shroudAFK shroudAFK,neither,0.03945320844208391,0.33037608806864915,0.630170703489267
where did he go ?,neither,0.05093337117923457,0.29280008561723336,0.6562665432035321
Staff monkaS Hide your memes,neither,0.06279767864727585,0.32390217466444204,0.613300146688282
shroudAFK shroudAFK shroudAFK shroudAFK shroudAFK shroudAFK shroudAFK shroudAFK shroudAFK shroudAFK shroudAFK shroudAFK shroudAFK shroudAFK shroudAFK shroudAFK shroudAFK shroudAFK shroudAFK shroudAFK shroudAFK shroudAFK shroudAFK shroudAFK shroudAFK shroudAFK shroudAFK shroudAFK shroudAFK shroudAFK shroudAFK shroudAFK shroudAFK shroudAFK shroudAFK shroudAFK shroudAFK shroudAFK shroudAFK shroudAFK shroudAFK shroudAFK,neither,0.03945320844208391,0.33037608806864915,0.630170703489267
BideArms yes,neither,0.03945320844208391,0.33037608806864915,0.630170703489267
shroud4Head shroud4Head shroud4Head shroud4Head,neither,0.03945320844208391,0.33037608806864915,0.630170703489267
shroudAFK,neither,0.03945320844208391,0.33037608806864915,0.630170703489267
AYYY,neither,0.03945320844208391,0.33037608806864915,0.630170703489267
@BideArms yea,neither,0.03908133164861177,0.3366878077749653,0.624230860576423
!uptime,neither,0.03945320844208391,0.33037608806864915,0.630170703489267
"@glucoseguardian13, Mike has been live for: 4 minutes, 1 second",neither,0.038126622940099004,0.3068436139433241,0.6550297631165768
DAD POGGERS,neither,0.03945320844208391,0.33037608806864915,0.630170703489267
shroudAFK shroudAFK shroudAFK shroudAFK shroudAFK shroudAFK shroudAFK shroudAFK,neither,0.03945320844208391,0.33037608806864915,0.630170703489267
shroudY WB,neither,0.03945320844208391,0.33037608806864915,0.630170703489267
refresh for 1080p,neither,0.03296554473014691,0.29799019813725613,0.669044257132597
shroudPigeon,neither,0.03945320844208391,0.33037608806864915,0.630170703489267
1080p,neither,0.03945320844208391,0.33037608806864915,0.630170703489267
shroudTHICC shroudTHICC shroudTHICC shroudTHICC shroudTHICC shroudTHICC shroudTHICC shroudTHICC shroudTHICC shroudTHICC shroudTHICC shroudTHICC shroudTHICC shroudTHICC shroudTHICC shroudTHICC shroudTHICC shroudTHICC shroudTHICC shroudTHICC,neither,0.03945320844208391,0.33037608806864915,0.630170703489267
CHTA,neither,0.03945320844208391,0.33037608806864915,0.630170703489267
shroud4Head shroud4Head shroud4Head shroud4Head shroud4Head shroud4Head shroud4Head shroud4Head,neither,0.03945320844208391,0.33037608806864915,0.630170703489267
hi dad,neither,0.03945320844208391,0.33037608806864915,0.630170703489267
LUL,neither,0.03945320844208391,0.33037608806864915,0.630170703489267
POGGERS,neither,0.03945320844208391,0.33037608806864915,0.630170703489267
5,neither,0.03945320844208391,0.33037608806864915,0.630170703489267
@shroud Hello,neither,0.03945320844208391,0.33037608806864915,0.630170703489267
3,neither,0.03945320844208391,0.33037608806864915,0.630170703489267
so late OMEGALUL,neither,0.039408851386368314,0.3986148855256441,0.5619762630879874
Now we are live boys,neither,0.07486197978489686,0.28275102735089985,0.6423869928642033
dacT,neither,0.03945320844208391,0.33037608806864915,0.630170703489267
!UPTIME,neither,0.03945320844208391,0.33037608806864915,0.630170703489267
POGGERS,neither,0.03945320844208391,0.33037608806864915,0.630170703489267
hi shroud... oh wait,neither,0.04521011324398561,0.2757242368272037,0.6790656499288107
LUL,neither,0.03945320844208391,0.33037608806864915,0.630170703489267
1,neither,0.03945320844208391,0.33037608806864915,0.630170703489267
shroudKobe shroudKobe shroudKobe shroudKobe shroudKobe,neither,0.03945320844208391,0.33037608806864915,0.630170703489267
"@xrompus, Mike has been live for: 4 minutes, 13 seconds",neither,0.038247129558412335,0.3090978536013409,0.6526550168402467
This used to be a shroud stream shroudThump now is the chair’s? shroudAFK NotLikeThis,neither,0.050094739336902776,0.3174941533967295,0.6324111072663677
Thats a long 4 minutes,neither,0.03921211461755509,0.32835719942180397,0.6324306859606409
Rip,neither,0.03945320844208391,0.33037608806864915,0.630170703489267
lol so late,neither,0.029739179883454717,0.46390743260859924,0.506353387507946
OH SHIT IT'S THE TWITCH POPO TriHard,offensive_language,0.04815610680509005,0.9486226597082383,0.0032212334866715334
LUL,neither,0.03945320844208391,0.33037608806864915,0.630170703489267
GHOST shroudM,neither,0.03945320844208391,0.33037608806864915,0.630170703489267
POGGERS,neither,0.03945320844208391,0.33037608806864915,0.630170703489267
back (4 minutesago),neither,0.03945320844208391,0.33037608806864915,0.630170703489267
shroud4Head,neither,0.03945320844208391,0.33037608806864915,0.630170703489267
shroud200 shroud200 shroud200,neither,0.03945320844208391,0.33037608806864915,0.630170703489267
when are you going to do the cs go stream?,neither,0.06698108493768368,0.3698201186187899,0.5631987964435266
POGGERS ?,neither,0.03945320844208391,0.33037608806864915,0.630170703489267
how tall are you little guy @shroud,neither,0.0875427735927648,0.3399084884218016,0.5725487379854336
stiwiek,neither,0.03945320844208391,0.33037608806864915,0.630170703489267
ITS 4 MINUTES GUYS,neither,0.0328467446139414,0.33475728706053554,0.6323959683255231
DAD CANT SEE US shroud4Head,neither,0.08185616513748777,0.32222698405134326,0.5959168508111691
SHROUD YOU ARE SEXY AS FUCK,offensive_language,0.3138901773747385,0.6859582273839938,0.00015159524126779386
POGGERS,neither,0.03945320844208391,0.33037608806864915,0.630170703489267
DELAY ?,neither,0.03945320844208391,0.33037608806864915,0.630170703489267
inb4 password leaked,neither,0.03945320844208391,0.33037608806864915,0.630170703489267
This is so weird,neither,0.050396801499957504,0.38804325146065194,0.5615599470393905
hi 4 min me shroudWB,neither,0.03211714627272066,0.3701528906616332,0.5977299630656461
shroudHype shroudH shroudHype shroudH shroudHype shroudH,neither,0.03945320844208391,0.33037608806864915,0.630170703489267
Tf I got no notification email :((((,neither,0.03782789678679744,0.3762875947707894,0.585884508442413
We're looking into the past!! POGGERS,neither,0.0559027700006587,0.29021662506453927,0.653880604934802
"wow, a rerun",neither,0.03945320844208391,0.33037608806864915,0.630170703489267
PogChamp,neither,0.03945320844208391,0.33037608806864915,0.630170703489267
shroudWat,neither,0.03945320844208391,0.33037608806864915,0.630170703489267
fuck a delay,offensive_language,0.34803241646388117,0.6519675835059184,3.0200377847433446e-11
shroudWB shroudWB,neither,0.03945320844208391,0.33037608806864915,0.630170703489267
PogChamp,neither,0.03945320844208391,0.33037608806864915,0.630170703489267
none of you know how the delay works,neither,0.05386492985859796,0.35610430635746465,0.5900307637839374
New users on Postmates get $100 in free delivery with code 'SHROUD'! https://t.co/Lcfq8GkGKz shroudHype,neither,0.03326933434814068,0.3127855011129714,0.6539451645388881
dealllyy,neither,0.03945320844208391,0.33037608806864915,0.630170703489267
shroudM,neither,0.03945320844208391,0.33037608806864915,0.630170703489267
Fk a delay,neither,0.03945320844208391,0.33037608806864915,0.630170703489267
not a rerun lol,neither,0.023130888376486695,0.4543182368508579,0.5225508747726553
we playing LEGO?? POGGERS,neither,0.0393056548445264,0.3328804577034038,0.6278138874520698
lol,neither,0.020706217963973744,0.4882283491876925,0.4910654328483337
Delaaayy,neither,0.03945320844208391,0.33037608806864915,0.630170703489267
Kappa,neither,0.03945320844208391,0.33037608806864915,0.630170703489267
20k poggers,neither,0.03945320844208391,0.33037608806864915,0.630170703489267
hello,neither,0.03945320844208391,0.33037608806864915,0.630170703489267
ILL TAKE THAT DUB FK IT.,neither,0.03576101570701869,0.3603251778797178,0.6039138064132634
@xrompus I never get emails,neither,0.03472304690418915,0.3823939507728505,0.5828830023229604
f1,neither,0.03945320844208391,0.33037608806864915,0.630170703489267
Mike has partnered with Madrinas Coffee! Use code 'SHROUD' for 40% off your online order shroudyC https://madrinascoffee.com/shroud,neither,0.028924841216797822,0.2923385662958248,0.6787365924873774
40 minute delay,neither,0.03945320844208391,0.33037608806864915,0.630170703489267
@gizdragon neither do you LUL,neither,0.056159240524724645,0.37226482142275563,0.5715759380525198
xd,neither,0.03945320844208391,0.33037608806864915,0.630170703489267
shroudThump shroudThump shroudThump,neither,0.03945320844208391,0.33037608806864915,0.630170703489267
1 week delay,neither,0.03945320844208391,0.33037608806864915,0.630170703489267
Mods have anti delay stream,neither,0.03895220675765284,0.3388793941636505,0.6221683990786967
shroudWB shroudWB shroudWB shroudWB shroudWB shroudWB,neither,0.03945320844208391,0.33037608806864915,0.630170703489267
"Hey Chat, when people ask for a delay.... this is why he tends not to do it. Very hard for him to interact with us.",neither,0.04961430967406044,0.4468807564278596,0.5035049338980799
Yeet boiz,neither,0.03945320844208391,0.33037608806864915,0.630170703489267
5 year delay,neither,0.03945320844208391,0.33037608806864915,0.630170703489267
1 year delay??,neither,0.03945320844208391,0.33037608806864915,0.630170703489267
HE HAS TO PLAY ASSASSIN PepeHands,neither,0.05833252111551801,0.31302851325967995,0.6286389656248021
are you dead ?,neither,0.14484890706757403,0.32179889727619193,0.533352195656234
shroudPrime shroudPrime shroudPrime shroudPrime shroudPrime shroudPrime shroudPrime shroudPrime shroudPrime shroudPrime shroud1,neither,0.03945320844208391,0.33037608806864915,0.630170703489267
"Now what I am saying is sublime; That it was not already written is a crime; I should need not bribe, To have you all subscribe, Sub to Shroud with Twitch Prime shroudPrime",neither,0.05413919486457965,0.44528002795050076,0.5005807771849194
@PartyCheese1 hahaha ya i do tho,offensive_language,0.023279928305021947,0.5949920405523879,0.38172803114259013
not the yaddas,neither,0.03424414432760835,0.3035728550278661,0.6621830006445256
@shroud if you respond then future me will be happy,neither,0.030928543181969356,0.42697055026817876,0.5421009065498519
shroud,neither,0.03945320844208391,0.33037608806864915,0.630170703489267
!uptime,neither,0.03945320844208391,0.33037608806864915,0.630170703489267
"@Nadeko_moe, Mike has been live for: 5 minutes, 41 seconds",neither,0.038143554429185315,0.30716222689653355,0.6546942186742811
NEW merch is out now! (new designs available only for a limited time) https://www.jinx.com/shroud shroudTHICC,neither,0.04064925152257784,0.25387125526736043,0.7054794932100618
!delay,neither,0.03945320844208391,0.33037608806864915,0.630170703489267
Hi shroud 4 minutes older PogChamp,neither,0.03945320844208391,0.33037608806864915,0.630170703489267
YES PLAY RAINBOW,neither,0.03945320844208391,0.33037608806864915,0.630170703489267
Pepsithemexican ok let me just find the ani-delay button,neither,0.0220898388446289,0.3164357137514179,0.6614744474039532
PLAY RAINBOWWWWWW,neither,0.03945320844208391,0.33037608806864915,0.630170703489267
!delay,neither,0.03945320844208391,0.33037608806864915,0.630170703489267
Lol this looks lit,neither,0.031433302369654026,0.389676336927516,0.57889036070283
is this a 10 game tourney again or did they change the format?,neither,0.04292071304019188,0.30993628213139673,0.6471430048284113
@gizdragon so your the only viewer here who knows? yeah sure,offensive_language,0.07596983294240507,0.5321810125701604,0.3918491544874345
is this a tournament?,neither,0.0484976811701294,0.3289671781834557,0.6225351406464149
why 720p ?,neither,0.016768318525353994,0.3685911158159394,0.6146405656587067
@doximanman *younger,neither,0.03945320844208391,0.33037608806864915,0.630170703489267
do you still have cars by now?? Kappa,neither,0.05286907543784779,0.4220456569206148,0.5250852676415374
Why only 720p?,neither,0.021910063718985573,0.3575087326667578,0.6205812036142566
this game sucks,neither,0.03855175762398038,0.28224318073140436,0.6792050616446154
ima powerclipper boiiissss,neither,0.03945320844208391,0.33037608806864915,0.630170703489267
wady hek,neither,0.03945320844208391,0.33037608806864915,0.630170703489267
@nosties let us knows what happens LUL LUL,neither,0.061568479244748175,0.33787002515947273,0.6005614955957791
Shroud send me lottery numbers seeing your 4 minutes ahead shroudHype shroudHype shroudHype shroudHype shroudHype shroudHype,neither,0.0508812629301031,0.3497056829843693,0.5994130540855275
!commands,neither,0.03945320844208391,0.33037608806864915,0.630170703489267
refresh for 1080p,neither,0.03296554473014691,0.29799019813725613,0.669044257132597
"@JonMocha, You can find a list of all Commands here https://streamelements.com/shroud/commands",neither,0.10722364320476009,0.3118012459043019,0.580975110890938
Social https://twitter.com/Shroud - https://www.youtube.com/shroud - https://www.reddit.com/r/Shroud/ - http://www.instagram.com/shroud 4Head,neither,0.0378810848931468,0.33376661315284734,0.6283523019540059
!bracket,neither,0.03945320844208391,0.33037608806864915,0.630170703489267
"@Elllwood, Mike is participating in the weekly Keemstar Realm Royale tournament together with Jotobo, live on Thursdays at 4:00 PM ET (8:00 PM UTC) https://esports.realmroyale.com/~/keemstar-invitational",neither,0.03788072669300416,0.3483633411019131,0.6137559322050827
@Deliky AGREED,neither,0.03945320844208391,0.33037608806864915,0.630170703489267
Pepsithemexican peepoWeird,neither,0.03945320844208391,0.33037608806864915,0.630170703489267
the fps is real,offensive_language,0.03830018851652491,0.5027007131562609,0.45899909832721425
Play R6 on separate monitor while you play Realm,neither,0.047372262996311545,0.368622501392585,0.5840052356111034
i have 1080p,neither,0.03788192279475323,0.35704490623261964,0.6050731709726273
I don't think amazon prime subs show up,neither,0.0492842124745888,0.3038967450657212,0.6468190424596901
@PartyCheese1 it was a joke man obviously other people do too... but a lot of them dont,neither,0.06505237615851453,0.3725513206765916,0.5623963031648938
basically csgo,neither,0.03945320844208391,0.33037608806864915,0.630170703489267
The view count dropped so much FeelsBadMan,neither,0.03561392598956561,0.35304615654261556,0.6113399174678189
fk a warmup,neither,0.03945320844208391,0.33037608806864915,0.630170703489267
@Sinable LUL,neither,0.03945320844208391,0.33037608806864915,0.630170703489267
ceezYeet,neither,0.03945320844208391,0.33037608806864915,0.630170703489267
shroudPrime shroudPrime shroudPrime shroudPrime shroudPrime shroudPrime shroudPrime shroudPrime shroudPrime shroudPrime shroudPrime,neither,0.03945320844208391,0.33037608806864915,0.630170703489267
"Now what I am saying is sublime; That it was not already written is a crime; I should need not bribe, To have you all subscribe, Sub to Shroud with Twitch Prime shroudPrime",neither,0.05413919486457965,0.44528002795050076,0.5005807771849194
Why is it 720p,neither,0.0290012087113627,0.35568259256868706,0.6153161987199501
Check out the community-made subreddit for Mike here: https://www.reddit.com/r/Shroud/,neither,0.053508186408238685,0.2949994036946994,0.651492409897062
shroudyC,neither,0.03945320844208391,0.33037608806864915,0.630170703489267
shroudyC Have you ever wanted to drink coffee that actually tastes good? DRINK MADRINAS! shroudyC,neither,0.05614256509987063,0.2859943989147845,0.6578630359853449
POGGERS,neither,0.03945320844208391,0.33037608806864915,0.630170703489267
WAIT ANOTHER REALM TOURNEY?!??!?!?! WutFace,neither,0.08566276581914871,0.2616304988145377,0.6527067353663136
!postmates,neither,0.03945320844208391,0.33037608806864915,0.630170703489267
That was the secret,neither,0.03386814864495171,0.3628741565401623,0.603257694814886
"@AndiiiL, New users get $100 in free delivery with code 'SHROUD'! https://t.co/Lcfq8GkGKz shroudHype",neither,0.03463703657858867,0.30482199212670186,0.6605409712947093
this is basically world of warcraft,neither,0.048432045459449444,0.32897859480257485,0.6225893597379757
does he ever fortnite?,neither,0.027547503502306274,0.4830129441704994,0.48943955232719427
PogChamp,neither,0.03945320844208391,0.33037608806864915,0.630170703489267
@Baconarie refresh for 1080,neither,0.03296554473014691,0.29799019813725613,0.669044257132597
@GrislyArc874938 ik FeelsBadMan,neither,0.03945320844208391,0.33037608806864915,0.630170703489267
anyone know how much $ this tourney ?,neither,0.035178078558941804,0.33354442485964375,0.6312774965814144
dont bother trying to nade people,neither,0.07699835614995611,0.3227679111866394,0.6002337326634045
@perrystheman not much anymore,neither,0.033247438520842824,0.3380840176967509,0.6286685437824062
haHAA,neither,0.03945320844208391,0.33037608806864915,0.630170703489267
hahah thats what you ditched chad for. the pax west,neither,0.04716828316917282,0.3232388032144775,0.6295929136163498
@omgezjonesy is 8 games now,neither,0.05131066458986044,0.3262977651686327,0.6223915702415068
i have 1080p60 just refresh,neither,0.03426773037835055,0.3617941965833612,0.6039380730382882
@gunhollowtip title says 100k,neither,0.03945320844208391,0.33037608806864915,0.630170703489267
realm DansGame,neither,0.03945320844208391,0.33037608806864915,0.630170703489267
when you are going but cant say,neither,0.06478043309610763,0.4215035066877515,0.5137160602161408
Is the tourney today??,neither,0.05086206733803406,0.2677313014092385,0.6814066312527275
Thank you random person,neither,0.05614583577610213,0.38626626963366434,0.5575878945902335
shroudY,neither,0.03945320844208391,0.33037608806864915,0.630170703489267
"@omgezjonesy yeah, and 4 min delay :(",neither,0.022106273445869976,0.4077519338618441,0.5701417926922858
Suprise LUL,neither,0.03945320844208391,0.33037608806864915,0.630170703489267
thx bb,neither,0.03945320844208391,0.33037608806864915,0.630170703489267
ok i'm outtie sleep sleep sleep time,neither,0.03875059471310265,0.34230127672517535,0.618948128561722
"creamytacomeat realm, yes. it's right about now",neither,0.03625096526262845,0.3680281279055752,0.5957209068317963
@Sohdium Absolutely LUL,neither,0.03945320844208391,0.33037608806864915,0.630170703489267
@shroud this tourney shorter this time?,neither,0.03821769922260869,0.351345903945265,0.6104363968321264
Check out Mike's Instagram account - http://www.instagram.com/shroud :D,neither,0.03410941730160631,0.30554211570058515,0.6603484669978086
"hey chat, at least we got each other :(",neither,0.03786831741784002,0.3819952069087343,0.5801364756734257
