text,top_class,hate_speech,offensive_language,neither
YEeee,neither,0.03945320844208391,0.33037608806864915,0.630170703489267
BACK!,neither,0.03945320844208391,0.33037608806864915,0.630170703489267
What’s up,neither,0.04549209283961305,0.43877665191533993,0.5157312552450469
WE BACK,neither,0.039166053543719236,0.33524985610846453,0.6255840903478163
SAVED,neither,0.03945320844208391,0.33037608806864915,0.630170703489267
yeahh baby,neither,0.03945320844208391,0.33037608806864915,0.630170703489267
back,neither,0.03945320844208391,0.33037608806864915,0.630170703489267
heeeeeeeeeeey,neither,0.03945320844208391,0.33037608806864915,0.630170703489267
YES,neither,0.03945320844208391,0.33037608806864915,0.630170703489267
BACK,neither,0.03945320844208391,0.33037608806864915,0.630170703489267
there we GO BABY,neither,0.040570142385344406,0.2862952740765056,0.6731345835381499
@shroud welcome back,neither,0.03945320844208391,0.33037608806864915,0.630170703489267
YAYYYYYYYYYYYYYYYY,neither,0.03945320844208391,0.33037608806864915,0.630170703489267
hes back,neither,0.03945320844208391,0.33037608806864915,0.630170703489267
POGGERS,neither,0.03945320844208391,0.33037608806864915,0.630170703489267
back,neither,0.03945320844208391,0.33037608806864915,0.630170703489267
We bnack bois,neither,0.03927675534959872,0.3333709575539982,0.627352287096403
POGGERS,neither,0.03945320844208391,0.33037608806864915,0.630170703489267
Shroud is restarting,neither,0.081172750358939,0.3160268245287109,0.60280042511235
baccck,neither,0.03945320844208391,0.33037608806864915,0.630170703489267
HES BACK,neither,0.03945320844208391,0.33037608806864915,0.630170703489267
yay boy,neither,0.03945320844208391,0.33037608806864915,0.630170703489267
we up boys,neither,0.03568364602015606,0.40762262078370315,0.5566937331961407
!uptime,neither,0.03945320844208391,0.33037608806864915,0.630170703489267
F5 GUYS,neither,0.03922184957078739,0.3343028519130907,0.6264752985161218
I always play with my sac when i masturbate @hereforthefun,neither,0.020080587735635792,0.4762730536544235,0.5036463586099408
we back,neither,0.039166053543719236,0.33524985610846453,0.6255840903478163
shroudHype shroudHype shroudHype,neither,0.03945320844208391,0.33037608806864915,0.630170703489267
Back!,neither,0.03945320844208391,0.33037608806864915,0.630170703489267
shroud,neither,0.03945320844208391,0.33037608806864915,0.630170703489267
"@MkGrnd, Mike has been live for: 1 hour, 20 minutes, 6 seconds",neither,0.03831354602006023,0.3103274841152352,0.6513589698647047
chocotGG chocotGG chocotGG chocotGG chocotGG,neither,0.03945320844208391,0.33037608806864915,0.630170703489267
back pog,neither,0.03945320844208391,0.33037608806864915,0.630170703489267
Shroud,neither,0.03945320844208391,0.33037608806864915,0.630170703489267
shroud4Head shroud4Head shroud4Head shroud4Head shroud4Head shroud4Head shroud4Head shroud4Head shroud4Head,neither,0.03945320844208391,0.33037608806864915,0.630170703489267
POGGERS POGGERS,neither,0.03945320844208391,0.33037608806864915,0.630170703489267
WE OUT HERE,neither,0.11297217554866132,0.2974384286360053,0.5895893958153334
hey bb shroud misuNose,neither,0.03945320844208391,0.33037608806864915,0.630170703489267
THERE WE GO POGGERS,neither,0.04083933629015207,0.27628362646603744,0.6828770372438104
YES,neither,0.03945320844208391,0.33037608806864915,0.630170703489267
back,neither,0.03945320844208391,0.33037608806864915,0.630170703489267
HE's BACK,neither,0.05051617290504041,0.32657102729093723,0.6229127998040224
DADD,neither,0.03945320844208391,0.33037608806864915,0.630170703489267
yeeeeeeeeeeeeeees,neither,0.03945320844208391,0.33037608806864915,0.630170703489267
father,neither,0.03945320844208391,0.33037608806864915,0.630170703489267
we back!!!!! shroudHype shroudHype shroudHype,neither,0.039166053543719236,0.33524985610846453,0.6255840903478163
s a v e d,neither,0.03945320844208391,0.33037608806864915,0.630170703489267
31 viewers LUL,neither,0.03945320844208391,0.33037608806864915,0.630170703489267
just9nS,neither,0.03945320844208391,0.33037608806864915,0.630170703489267
papa,neither,0.03945320844208391,0.33037608806864915,0.630170703489267
POGGERS,neither,0.03945320844208391,0.33037608806864915,0.630170703489267
back,neither,0.03945320844208391,0.33037608806864915,0.630170703489267
shroudHype shroudHype shroudHype shroudHype shroudHype shroudHype shroudHype shroudHype,neither,0.03945320844208391,0.33037608806864915,0.630170703489267
WELCOME BACK!!!!,neither,0.03945320844208391,0.33037608806864915,0.630170703489267
WE BACK,neither,0.039166053543719236,0.33524985610846453,0.6255840903478163
ADDADDADFADSFDS,neither,0.03945320844208391,0.33037608806864915,0.630170703489267
shroudHype shroudHype shroudHype shroudHype shroudHype shroudHype shroudHype shroudHype,neither,0.03945320844208391,0.33037608806864915,0.630170703489267
31,neither,0.03945320844208391,0.33037608806864915,0.630170703489267
shroudHype shroudHype shroudHype shroudHype shroudHype shroudHype shroudHype shroudHype shroudHype,neither,0.03945320844208391,0.33037608806864915,0.630170703489267
shroud4Head shroud4Head shroud4Head shroud4Head shroud4Head shroud4Head shroud4Head shroud4Head shroud4Head,neither,0.03945320844208391,0.33037608806864915,0.630170703489267
shroudH shroudH shroudH shroudH shroudH shroudH shroudH shroudH shroudH shroudH,neither,0.03945320844208391,0.33037608806864915,0.630170703489267
back pog,neither,0.03945320844208391,0.33037608806864915,0.630170703489267
POGGERS,neither,0.03945320844208391,0.33037608806864915,0.630170703489267
just9nS,neither,0.03945320844208391,0.33037608806864915,0.630170703489267
wtf is this BB PUBG!,offensive_language,0.050731461737356806,0.5629055196185843,0.3863630186440588
shroudHype shroudHype shroudHype shroudHype shroudHype shroudHype,neither,0.03945320844208391,0.33037608806864915,0.630170703489267
woooo,neither,0.03945320844208391,0.33037608806864915,0.630170703489267
WERE BACK,neither,0.039949478692595033,0.2960586047043182,0.6639919166030868
@Nosties I don't see BibleThump,neither,0.03945320844208391,0.33037608806864915,0.630170703489267
we back POGGERS,neither,0.039166053543719236,0.33524985610846453,0.6255840903478163
shroudHype shroudHype shroudHype shroudHype shroudHype,neither,0.03945320844208391,0.33037608806864915,0.630170703489267
POGGERS,neither,0.03945320844208391,0.33037608806864915,0.630170703489267
shroudHype shroudHype shroudHype shroudHype shroudHype shroudHype shroudHype shroudHype shroudHype shroudHype shroudHype shroudHype,neither,0.03945320844208391,0.33037608806864915,0.630170703489267
Check out the community-made subreddit for Mike here: https://www.reddit.com/r/Shroud/,neither,0.053508186408238685,0.2949994036946994,0.651492409897062
He is online :)),neither,0.058550621340400795,0.3238076120495428,0.6176417666100563
what is this,neither,0.07282678549990032,0.31792604547631814,0.6092471690237815
hiiiii,neither,0.03945320844208391,0.33037608806864915,0.630170703489267
shrood,neither,0.03945320844208391,0.33037608806864915,0.630170703489267
POGGERS,neither,0.03945320844208391,0.33037608806864915,0.630170703489267
30,neither,0.03945320844208391,0.33037608806864915,0.630170703489267
shroudHyper shroudHyper shroudHyper shroudHyper shroudHyper shroudHyper shroudHyper shroudHyper,neither,0.03945320844208391,0.33037608806864915,0.630170703489267
WE'RE BACK BOIS,neither,0.05739049560341167,0.30475533920106856,0.6378541651955197
Clap,neither,0.03945320844208391,0.33037608806864915,0.630170703489267
shroudHype shroudHype shroudHype shroudHype shroudHype shroudHype shroudHype shroudHype shroudHype shroudHype shroudHype,neither,0.03945320844208391,0.33037608806864915,0.630170703489267
HELLO,neither,0.03945320844208391,0.33037608806864915,0.630170703489267
shroudHype shroudHype shroudHype shroudHype,neither,0.03945320844208391,0.33037608806864915,0.630170703489267
@madness777 you don't? PepeHands,offensive_language,0.10804382292263683,0.4914262140441072,0.400529963033256
fat cok is back :),neither,0.3035088775613268,0.135660753902155,0.5608303685365181
shroudHype shroudHype shroudHype shroudHype shroudHype shroudHype shroudHype,neither,0.03945320844208391,0.33037608806864915,0.630170703489267
did twitch crash or something? xD,neither,0.03945320844208391,0.33037608806864915,0.630170703489267
and he says nothing LUL,neither,0.0410836992830993,0.33182384151249544,0.6270924592044053
Welcome back daddy shrood shroudMilk shroudMilk shroudMilk shroudMilk shroudMilk shroudMilk shroudMilk shroudMilk shroudMilk shroudMilk shroudMilk shroudMilk shroudMilk,neither,0.03945320844208391,0.33037608806864915,0.630170703489267
Clap,neither,0.03945320844208391,0.33037608806864915,0.630170703489267
we back!!! shroudHype shroudHype shroudHype,neither,0.039166053543719236,0.33524985610846453,0.6255840903478163
Is this the new dying light or original?,neither,0.047864194313683536,0.2498981291339501,0.7022376765523664
38 viewers,neither,0.03945320844208391,0.33037608806864915,0.630170703489267
hi mike,neither,0.03945320844208391,0.33037608806864915,0.630170703489267
WE BACK! POGGERS,neither,0.039166053543719236,0.33524985610846453,0.6255840903478163
MkGrnd yes,neither,0.03945320844208391,0.33037608806864915,0.630170703489267
So close,neither,0.039408851386368314,0.3986148855256441,0.5619762630879874
shroudHype shroudHype shroudHype shroudHype shroudHype shroudHype shroudHype,neither,0.03945320844208391,0.33037608806864915,0.630170703489267
30????????,neither,0.03945320844208391,0.33037608806864915,0.630170703489267
:),neither,0.03945320844208391,0.33037608806864915,0.630170703489267
9000 POGGERS,neither,0.03945320844208391,0.33037608806864915,0.630170703489267
WTF Why does shroud have 40 viewers,offensive_language,0.023882229884878557,0.5873435653350914,0.38877420478003
30 VIEWERS POG can we get to 10k?,neither,0.043838628552674896,0.3323798546995002,0.6237815167478248
WE BACK @shroud,neither,0.039166053543719236,0.33524985610846453,0.6255840903478163
its alive,neither,0.031903049979589954,0.33297293378096626,0.6351240162394438
30wtf,neither,0.03945320844208391,0.33037608806864915,0.630170703489267
shroudHype shroudHype shroudHype shroudHype shroudHype shroudHype shroudHype shroudHype shroudHype shroudHype,neither,0.03945320844208391,0.33037608806864915,0.630170703489267
POGGERS,neither,0.03945320844208391,0.33037608806864915,0.630170703489267
is it just me,neither,0.029456720079491155,0.4277679613433626,0.5427753185771462
SHROOD!!!!!,neither,0.03945320844208391,0.33037608806864915,0.630170703489267
LETS GO,neither,0.039984317429425154,0.35542799280679366,0.6045876897637812
wow pubg update looks a lot different,neither,0.03945320844208391,0.33037608806864915,0.630170703489267
this minecraft update is sick,neither,0.0480795129304717,0.3290396514230121,0.6228808356465162
refresh guys,neither,0.039333895611238866,0.33240113818976524,0.628264966198996
Whooo!,neither,0.03945320844208391,0.33037608806864915,0.630170703489267
we just get thrown into this action POGGERS,neither,0.0353000421147853,0.3573741417445885,0.6073258161406263
POGGERS,neither,0.03945320844208391,0.33037608806864915,0.630170703489267
POGGERS,neither,0.03945320844208391,0.33037608806864915,0.630170703489267
your 30 best fans here,neither,0.13661008606202563,0.271537047269646,0.5918528666683283
POGGERS!!!!,neither,0.03945320844208391,0.33037608806864915,0.630170703489267
@Krvtch ty,neither,0.03945320844208391,0.33037608806864915,0.630170703489267
what is going on at twitch,neither,0.04663547637335367,0.3810353030891248,0.5723292205375216
its 9000+,neither,0.02700859978372578,0.3346563596412867,0.6383350405749875
WE BACK,neither,0.039166053543719236,0.33524985610846453,0.6255840903478163
HES BACK,neither,0.03945320844208391,0.33037608806864915,0.630170703489267
gg,neither,0.03945320844208391,0.33037608806864915,0.630170703489267
SROOOOOOOOD @shroud,neither,0.03945320844208391,0.33037608806864915,0.630170703489267
Refresh my friends,neither,0.02860543055912108,0.4144958483248169,0.5568987211160619
YAY .. we are back,neither,0.0676512526795076,0.28454572733758415,0.6478030199829083
POGGERS,neither,0.03945320844208391,0.33037608806864915,0.630170703489267
shroudY shroudY shroudY shroudY,neither,0.03945320844208391,0.33037608806864915,0.630170703489267
Clap we back,neither,0.039284665028539036,0.3332367096597641,0.627478625311697
WE BACK,neither,0.039166053543719236,0.33524985610846453,0.6255840903478163
okay we back,neither,0.039250367378599674,0.33381883028896875,0.6269308023324317
did you make the announcement yet?,neither,0.058579921547325685,0.3637947596509114,0.577625318801763
shroud you look good today,neither,0.06253328569557745,0.35636924540703696,0.5810974688973856
FINALLY,neither,0.03945320844208391,0.33037608806864915,0.630170703489267
Poggers,neither,0.03945320844208391,0.33037608806864915,0.630170703489267
!uptime,neither,0.03945320844208391,0.33037608806864915,0.630170703489267
went from 30 to 9.5k like that,neither,0.051547352009738104,0.35888588994869136,0.5895667580415705
"@bigt1312, Mike has been live for: 1 hour, 21 minutes, 6 seconds",neither,0.03832970875504613,0.3106254163132401,0.6510448749317137
LIVE AGAIN forsenDED,neither,0.04313931009089391,0.3710717101884997,0.5857889797206065
from 38 to 10k people POG,neither,0.07180121893861752,0.3102026605270454,0.6179961205343371
yesass,neither,0.03945320844208391,0.33037608806864915,0.630170703489267
we back @shroud,neither,0.039166053543719236,0.33524985610846453,0.6255840903478163
@Nosties Finally...,neither,0.03945320844208391,0.33037608806864915,0.630170703489267
@shroud no more pubg todar??,neither,0.0414033953804817,0.33869422621718615,0.6199023784023323
POGGERS PAH PAH IS BACK,neither,0.05875706531986774,0.3237366064983911,0.6175063281817412
Level 2 Clap,neither,0.03945320844208391,0.33037608806864915,0.630170703489267
Lol,neither,0.020706217963973744,0.4882283491876925,0.4910654328483337
what,neither,0.057770773616808734,0.3180719994247239,0.6241572269584672
Finalement,neither,0.03945320844208391,0.33037608806864915,0.630170703489267
I couldnt even watch the stream 10m ago,neither,0.041634384387575954,0.3288165174538634,0.6295490981585605
We backkkkk,neither,0.039025862747262004,0.3376292597931679,0.6233448774595702
@madness777 yay shroudyH,neither,0.03945320844208391,0.33037608806864915,0.630170703489267
level 2 POGGERS,neither,0.03945320844208391,0.33037608806864915,0.630170703489267
Wow thanks for the warm welcome back everyone,neither,0.03016672030302542,0.36166738768883894,0.6081658920081356
now they are at 480p,neither,0.08180850899469942,0.2962014417586029,0.6219900492466978
Wassup mike?,neither,0.21005872407182963,0.14649158656645522,0.6434496893617152
we see ya,offensive_language,0.022085038856211686,0.6581135663970964,0.3198013947466919
yes he back POGGERS,neither,0.04715977071143279,0.3277254479151638,0.6251147813734034
does he know that we're live ??,neither,0.044701006639699205,0.4560709117321329,0.499228081628168
some random fat fuck at twitch headquarters decided to click the wrong button,offensive_language,0.2494458927867205,0.6824754042447594,0.06807870296852006
Clap,neither,0.03945320844208391,0.33037608806864915,0.630170703489267
now 30views,neither,0.03945320844208391,0.33037608806864915,0.630170703489267
wait this the new dying light???,neither,0.04169764038260281,0.2393398078612976,0.7189625517560997
yay,neither,0.03945320844208391,0.33037608806864915,0.630170703489267
lul,neither,0.03945320844208391,0.33037608806864915,0.630170703489267
now the view is fixed,neither,0.04586038135077765,0.3135823158168886,0.6405573028323337
LUL,neither,0.03945320844208391,0.33037608806864915,0.630170703489267
Hi,neither,0.03945320844208391,0.33037608806864915,0.630170703489267
OMEGALUL,neither,0.03945320844208391,0.33037608806864915,0.630170703489267
LUL,neither,0.03945320844208391,0.33037608806864915,0.630170703489267
LUL,neither,0.03945320844208391,0.33037608806864915,0.630170703489267
D:,neither,0.03945320844208391,0.33037608806864915,0.630170703489267
LUL shroud4Head LUL shroud4Head LUL shroud4Head LUL shroud4Head LUL shroud4Head LUL shroud4Head LUL shroud4Head LUL shroud4Head LUL shroud4Head LUL shroud4Head LUL shroud4Head LUL shroud4Head LUL shroud4Head LUL shroud4Head LUL shroud4Head,neither,0.03945320844208391,0.33037608806864915,0.630170703489267
Check out Mike's Instagram account - http://www.instagram.com/shroud :D,neither,0.03410941730160631,0.30554211570058515,0.6603484669978086
36 viewers,neither,0.03945320844208391,0.33037608806864915,0.630170703489267
9k viewers in 1s,neither,0.03945320844208391,0.33037608806864915,0.630170703489267
We're back shroudHype shroudHype,neither,0.0707855877519284,0.2891816921207498,0.6400327201273217
The hell is this game? Lol,offensive_language,0.039635779257830454,0.7401104238519773,0.2202537968901922
ew,neither,0.03945320844208391,0.33037608806864915,0.630170703489267
31 to 10k viewers in like 10 seconds,neither,0.050124938427393455,0.33713718616306515,0.6127378754095414
LUL,neither,0.03945320844208391,0.33037608806864915,0.630170703489267
is the DLC or new game???,neither,0.048405046712330424,0.2079844780688276,0.743610475218842
so whats the point of this game?,neither,0.03789541045848101,0.3181565522139297,0.6439480373275893
hello???,neither,0.03945320844208391,0.33037608806864915,0.630170703489267
DansGame,neither,0.03945320844208391,0.33037608806864915,0.630170703489267
This battle royale?,neither,0.03932968176043309,0.33247265823521366,0.6281976600043533
!who,offensive_language,0.04159901189299763,0.525362713080101,0.4330382750269014
"@bigt1312, https://multistre.am/shroud/sacriel",neither,0.03915034076981565,0.33048025814932175,0.6303694010808625
Sacriel is really quiet @shroud,neither,0.04965312662769926,0.32686786848122185,0.6234790048910788
@awiz420 yes,neither,0.03945320844208391,0.33037608806864915,0.630170703489267
!prime,neither,0.03945320844208391,0.33037608806864915,0.630170703489267
shroudW Have you heard of shroudPrime ? shroudHyper https://clips.twitch.tv/FuriousPiercingBananaPJSugar - https://help.twitch.tv/customer/portal/articles/2574674-how-to-use-twitch-prime-free-subscriptions,neither,0.03378631091341733,0.3745956949382822,0.5916179941483005
you should feel bad,offensive_language,0.08553407446400461,0.4760993890220962,0.43836653651389923
Yeah it’s. Br.,offensive_language,0.01482352794274893,0.5028216638527432,0.48235480820450793
Pog,neither,0.03945320844208391,0.33037608806864915,0.630170703489267
!uptime,neither,0.03945320844208391,0.33037608806864915,0.630170703489267
"@Themountain213141, Mike has been live for: 1 hour, 22 minutes, 20 seconds",neither,0.038394738175628905,0.31181915172591407,0.6497861100984571
No wayyyyyy,neither,0.036918905254960256,0.37338982715841207,0.5896912675866277
Snapback hats are coming in November! The Classic Logo tees are always in stock: https://www.jinx.com/shroud shroudTHICC,neither,0.05804770555773991,0.30947840106928465,0.6324738933729754
we're back dad!!,neither,0.061555948820297884,0.29966062659779635,0.6387834245819058
Just me or do the graphics look the exact same as the 1st game except different lighting?,neither,0.03318946728554063,0.3358560943573785,0.6309544383570809
That’s so cooool,offensive_language,0.030683180344515223,0.5315575211398714,0.4377592985156132
WTF is he playin,offensive_language,0.06075417859990716,0.5905610244203101,0.3486847969797827
dying light BR?,neither,0.03945320844208391,0.33037608806864915,0.630170703489267
i can see shroud :D,neither,0.03999935686626648,0.32110652397646294,0.6388941191572706
did twitch crash for guys too some time ago?,neither,0.030071318991539375,0.33569781019231765,0.6342308708161429
Sacriel is really quiet,neither,0.04965312662769926,0.32686786848122185,0.6234790048910788
shroudPalm shroudPalm shroudPalm shroudPalm shroudPalm shroudPalm,neither,0.03945320844208391,0.33037608806864915,0.630170703489267
Its back on!!!,neither,0.027235819760241045,0.3539448852862982,0.6188192949534608
not TOMB raider,neither,0.038339759084272354,0.3345507520269659,0.6271094888887618
@ihateracism101 isn't this the same game?,neither,0.038580768698286604,0.278248064407788,0.6831711668939253
yap.,neither,0.03945320844208391,0.33037608806864915,0.630170703489267
"@shroud mike whenever i stream i drop like 20 - 30 fps. usually i get 150 but i go down to 110 but the game doesnt feel like ts playing at 110, its so choppy, do you know what i can do?",neither,0.05851310653049348,0.3688020033445599,0.5726848901249467
IT'S BACK,neither,0.03654534214784638,0.3313762366291984,0.6320784212229552
LUL,neither,0.03945320844208391,0.33037608806864915,0.630170703489267
26 viewers only?,neither,0.03945320844208391,0.33037608806864915,0.630170703489267
OH WE BACK,neither,0.04681515212725173,0.2629421555750124,0.6902426922977358
is that like a br mode?,neither,0.056960201009181116,0.3890963382894865,0.5539434607013324
OH MY,neither,0.02748693229954249,0.40236076101129065,0.5701523066891669
oh u ded,neither,0.051363287716059566,0.22255663153133606,0.7260800807526044
@Natedog that 9k,neither,0.026110925149043836,0.4791292047641166,0.4947598700868395
Twitch goona lose Votes in the Esports Even for the The Stream Platform Of The Year absolutely,neither,0.03501572794733339,0.29726777652613384,0.6677164955265328
back,neither,0.03945320844208391,0.33037608806864915,0.630170703489267
poggers we at 2k now,neither,0.038451198182892964,0.35862597743108743,0.6029228243860197
is this the new dying light?,neither,0.050290182424047286,0.22967754114218591,0.7200322764337668
OH SNAP! NOW ITS OVER 9 THOUSAND!,neither,0.036065128335863054,0.29449031669795495,0.6694445549661822
@shroud RIP pubg for the day?,neither,0.03275614146316104,0.2673898550790584,0.6998540034577805
!uptime,neither,0.03945320844208391,0.33037608806864915,0.630170703489267
"@MrHerc, Mike has been live for: 1 hour, 23 minutes, 3 seconds",neither,0.03835336607241516,0.3110606023830754,0.6505860315445094
@Natedog refresh,neither,0.03945320844208391,0.33037608806864915,0.630170703489267
we back?,neither,0.039166053543719236,0.33524985610846453,0.6255840903478163
ALIVE,neither,0.03945320844208391,0.33037608806864915,0.630170703489267
Elidor I honestly don't know. Maybe it is just the 1st game on the same engine but with BR?,neither,0.030076334944709102,0.33730250550086777,0.6326211595544232
Reeeee,neither,0.03945320844208391,0.33037608806864915,0.630170703489267
wut? is this left for dead?,neither,0.04053847804136853,0.30417294556918245,0.655288576389449
9.766,neither,0.03945320844208391,0.33037608806864915,0.630170703489267
bogg,neither,0.03945320844208391,0.33037608806864915,0.630170703489267
26???,neither,0.03945320844208391,0.33037608806864915,0.630170703489267
OMEGALUL,neither,0.03945320844208391,0.33037608806864915,0.630170703489267
DYING LIGHT BR,neither,0.03945320844208391,0.33037608806864915,0.630170703489267
26 vievers? is my count bugged?,neither,0.034917718375210474,0.4096428894979736,0.5554393921268159
,neither,0.03945320844208391,0.33037608806864915,0.630170703489267
WTF happend?,offensive_language,0.042407859720907694,0.5862771718565469,0.37131496842254547
FINALLY,neither,0.03945320844208391,0.33037608806864915,0.630170703489267
what is this? it looks worse the first one,neither,0.048334361518637736,0.2252618099981209,0.7264038284832414
shroudEZ shroudW,neither,0.03945320844208391,0.33037608806864915,0.630170703489267
we back! shroud4Head,neither,0.039166053543719236,0.33524985610846453,0.6255840903478163
"@ihateracism101 it is the engine of the first game, just a different, standalone mode",neither,0.0345361119065853,0.2992149541466683,0.6662489339467464
"@naaykee yes it is, it's about 10k",neither,0.042179929281769404,0.3518925936220637,0.605927477096167
shroudW shroudMilk,neither,0.03945320844208391,0.33037608806864915,0.630170703489267
oh this is a BR?,neither,0.0660503861220027,0.24410967673554362,0.6898399371424537
37 viewers dead stream Kappa,neither,0.03945320844208391,0.33037608806864915,0.630170703489267
"10,581 viewers here",neither,0.0845013037946597,0.29404392726529427,0.6214547689400461
"@ihateracism101 yeah, the new one hasn't come out yet, this is just br for the original game",neither,0.026133080161920962,0.3426277893930699,0.6312391304450091
"26 viewers, dead streamer",neither,0.03945320844208391,0.33037608806864915,0.630170703489267
Hello,neither,0.03945320844208391,0.33037608806864915,0.630170703489267
Blackops 4 beta can be download on PC POGGERS,neither,0.03795940332798032,0.33925202216843714,0.6227885745035826
Is it me you are looking for,neither,0.08761391375453188,0.3275735332620619,0.5848125529834063
GalSa Ahk that makes sense. TY for clarifying,neither,0.03290969596705231,0.3376567536159982,0.6294335504169495
24 viewers,neither,0.03945320844208391,0.33037608806864915,0.630170703489267
man the graphics are dope,neither,0.07287406310480919,0.3269717208046657,0.6001542160905251
BACK,neither,0.03945320844208391,0.33037608806864915,0.630170703489267
mine says 26,neither,0.03945320844208391,0.33037608806864915,0.630170703489267
doc has 2x views lmao,neither,0.03902000692653672,0.3377286483533502,0.623251344720113
lol,neither,0.020706217963973744,0.4882283491876925,0.4910654328483337
Elidor Ok that makes sense,neither,0.03556614570812342,0.37269936172915724,0.5917344925627193
Mike has partnered with Madrinas Coffee! Use code 'SHROUD' for 40% off your online order shroudyC https://madrinascoffee.com/shroud,neither,0.028924841216797822,0.2923385662958248,0.6787365924873774
@Nosties But imma get off I can barely keep my eyes open,neither,0.03056868545330605,0.37870518456692936,0.5907261299797646
dead stream lol,neither,0.03190741544338124,0.38496166803050946,0.5831309165261093
wtf you're back but my stream isn't,offensive_language,0.055175363238520424,0.6216517884540022,0.3231728483074775
Guys One Moment Silence for PUBG DEATH. R.I.P shroudThump,neither,0.03425595127921381,0.33192999119627964,0.6338140575245066
24viewers yeaa,neither,0.03945320844208391,0.33037608806864915,0.630170703489267
"Guys it's the same game engine from 2015, only a standalone mode",neither,0.03867656012976007,0.2915886427320925,0.6697347971381473
Wtf twitch,offensive_language,0.04231805002032073,0.5786253524025317,0.3790565975771476
shroud4Head shroud4Head shroud4Head shroud4Head,neither,0.03945320844208391,0.33037608806864915,0.630170703489267
26 viewers,neither,0.03945320844208391,0.33037608806864915,0.630170703489267
WE BACK BOIS,neither,0.03929258263871214,0.3331023271518106,0.6276050902094774
shroudHype,neither,0.03945320844208391,0.33037608806864915,0.630170703489267
twitch fixed?,neither,0.03945320844208391,0.33037608806864915,0.630170703489267
I want my bits back,neither,0.023408413295952557,0.4595863849646786,0.5170052017393688
is this BR ?!??!?,neither,0.06444388513749441,0.32581973129223984,0.6097363835702658
!discord,neither,0.03945320844208391,0.33037608806864915,0.630170703489267
What?,neither,0.057770773616808734,0.3180719994247239,0.6241572269584672
"@tripla1, Mike has created a new subscriber discord server! Feel free to join the official discord server by connecting your twitch account to discord in your user settings, then choose connections and join Shrowdy Rowdy 2.0! Check this GIF if you're struggling - https://goo.gl/dz95Vv",neither,0.06892717291510825,0.3094515353031996,0.621621291781692
11k now,neither,0.03945320844208391,0.33037608806864915,0.630170703489267
Twitch is bugging out chat relax,neither,0.04143326946703841,0.33916338796212087,0.6194033425708408
"guys, its at 11k",neither,0.03331707482964421,0.3556770751937141,0.6110058499766418
just refresh,neither,0.03446215123834754,0.35403638765649625,0.6115014611051561
shroudHype shroudHype shroudHype shroudHype shroudHype shroudHype shroudHype shroudHype shroudHype shroudHype shroudHype shroudHype shroudHype shroudHype shroudHype shroudHype shroudHype shroudHype shroudHype shroudHype shroudHype shroudHype shroudHype shroudHype shroudHype shroudHype shroudHype shroudHype shroudHype shroudHype shroudHype shroudHype shroudHype shroudHype shroudHype shroudHype shroudHype shroudHype shroudHype shroudHype shroudHype shroudHype,neither,0.03945320844208391,0.33037608806864915,0.630170703489267
Social https://twitter.com/Shroud - https://www.youtube.com/shroud - https://www.reddit.com/r/Shroud/ - http://www.instagram.com/shroud 4Head,neither,0.0378810848931468,0.33376661315284734,0.6283523019540059
Just refresh everyone,neither,0.030148648143890733,0.4426432065913388,0.5272081452647704
it is fixed,neither,0.047646860339615335,0.3275579154562434,0.6247952242041411
is this dead rising br? Kappa,neither,0.045499423123677,0.32947245801191266,0.6250281188644105
chat is truly brain dead,neither,0.04571962288068758,0.3282207807930036,0.6260595963263088
WOOOOOOOOOOOO!,neither,0.03945320844208391,0.33037608806864915,0.630170703489267
@madness777 alright! dacH enjoy the rest of your day,neither,0.06398801038036162,0.29796861315961404,0.6380433764600243
combat stamina is gay as shit,offensive_language,0.3368867416381417,0.6630773502026621,3.590815919619599e-05
Did shroud finish Spider-man?,neither,0.03955956776199972,0.38503568994759463,0.5754047422904056
his head came off monkaS,neither,0.0668726179520908,0.36234824481652006,0.5707791372313892
"relax chat, I see 144213 viewers here",neither,0.07077540727659948,0.30361638842931293,0.6256082042940877
wtf,offensive_language,0.04410695246022759,0.7898861884776351,0.16600685906213722
Are these real players or Ai?,neither,0.06194593966062368,0.46326791885396046,0.47478614148541576
Guys One Moment Silence for PUBG DEATH. R.I.P shroudThump,neither,0.03425595127921381,0.33192999119627964,0.6338140575245066
"1k viewers, dead stream Kappa",neither,0.03945320844208391,0.33037608806864915,0.630170703489267
!uptime,neither,0.03945320844208391,0.33037608806864915,0.630170703489267
"@Seraphim343, Mike has been live for: 1 hour, 24 minutes, 55 seconds",neither,0.03841703701157946,0.31222670139670816,0.6493562615917122
"201,621,295",neither,0.03945320844208391,0.33037608806864915,0.630170703489267
LUL,neither,0.03945320844208391,0.33037608806864915,0.630170703489267
pvp pve ?,neither,0.03945320844208391,0.33037608806864915,0.630170703489267
dafuq is this game,neither,0.04701767092578474,0.2872329780846857,0.6657493509895295
30 POGGERS,neither,0.03945320844208391,0.33037608806864915,0.630170703489267
@Nosties Bed time for me gosuGasm night,neither,0.02080540163642592,0.35873208024011727,0.6204625181234569
@Chad no Kappa,neither,0.03873163080938285,0.34262314366314545,0.6186452255274718
What is this???,neither,0.07282678549990032,0.31792604547631814,0.6092471690237815
yes broken af,neither,0.03945320844208391,0.33037608806864915,0.630170703489267
LUL,neither,0.03945320844208391,0.33037608806864915,0.630170703489267
You are just bad shroud OMEGALUL,neither,0.11623385774935087,0.36809935771346375,0.5156667845371854
@madness777 night shroudHey shroudH,neither,0.02550723072422885,0.32941079269047424,0.6450819765852968
@shroud you a variety streamer now?,neither,0.05845381352918614,0.38345629897404987,0.558089887496764
LUL what is this,neither,0.05466209117209791,0.32462793044583993,0.6207099783820622
monkaS,neither,0.03945320844208391,0.33037608806864915,0.630170703489267
What the fuck was that dude,offensive_language,0.1743105067131442,0.8254145714920309,0.00027492179482497246
the fuck is that,offensive_language,0.2571189924849059,0.742880346031736,6.614833582498808e-07
The server is too slow daaaaam it,neither,0.04593100951492325,0.3138032469577042,0.6402657435273726
darwin project PogChamp,neither,0.03945320844208391,0.33037608806864915,0.630170703489267
Livstix has more viewers than shroud. LUL,neither,0.04076261455614791,0.3239661931529825,0.6352711922908696
this looks infuriating lol,neither,0.028616510147037182,0.41338904127529635,0.5579944485776663
what??,neither,0.057770773616808734,0.3180719994247239,0.6241572269584672
!uptime,neither,0.03945320844208391,0.33037608806864915,0.630170703489267
"@segev_, Mike has been live for: 1 hour, 25 minutes, 36 seconds",neither,0.03843498223619897,0.3125540355867702,0.6490109821770308
shroud4Head shroud4Head shroud4Head shroud4Head shroud4Head shroud4Head shroud4Head,neither,0.03945320844208391,0.33037608806864915,0.630170703489267
it works,neither,0.03748292270080534,0.33105375968371464,0.63146331761548
20 views wtf?,offensive_language,0.04210817065551392,0.5610276124650723,0.3968642168794137
shroud4Head shroud4Head shroud4Head,neither,0.03945320844208391,0.33037608806864915,0.630170703489267
Yeh 20 viewers,neither,0.03945320844208391,0.33037608806864915,0.630170703489267
20 views LOL,neither,0.03170160644775021,0.3865955813605973,0.5817028121916524
from 30 to 11k viewers pog,neither,0.045179447120910196,0.3143984763784244,0.6404220765006653
@segev_ refrest,neither,0.03945320844208391,0.33037608806864915,0.630170703489267
are you playing Darwin project ? LUL,neither,0.07879474869628653,0.3279772962369173,0.593227955066796
POG,neither,0.03945320844208391,0.33037608806864915,0.630170703489267
Pog,neither,0.03945320844208391,0.33037608806864915,0.630170703489267
lol,neither,0.020706217963973744,0.4882283491876925,0.4910654328483337
just9nOL just9nOL just9nOL just9nOL just9nOL,neither,0.03945320844208391,0.33037608806864915,0.630170703489267
EZ,neither,0.03945320844208391,0.33037608806864915,0.630170703489267
LUL,neither,0.03945320844208391,0.33037608806864915,0.630170703489267
rip,neither,0.03945320844208391,0.33037608806864915,0.630170703489267
Twitch hectic today,neither,0.03829789142219838,0.3127261300274604,0.6489759785503413
wrekt,neither,0.03945320844208391,0.33037608806864915,0.630170703489267
Clap,neither,0.03945320844208391,0.33037608806864915,0.630170703489267
"11,726",neither,0.03945320844208391,0.33037608806864915,0.630170703489267
POGGERS,neither,0.03945320844208391,0.33037608806864915,0.630170703489267
POGGERS,neither,0.03945320844208391,0.33037608806864915,0.630170703489267
shroudInsane shroudInsane shroudInsane shroudInsane shroudInsane,neither,0.03945320844208391,0.33037608806864915,0.630170703489267
LUL,neither,0.03945320844208391,0.33037608806864915,0.630170703489267
shroudInsane shroudInsane shroudInsane shroudInsane shroudInsane,neither,0.03945320844208391,0.33037608806864915,0.630170703489267
@wijtheslayer23 ok tnx,neither,0.03935517884257045,0.3320399062092607,0.6286049149481688
This Darwin update looks sick,neither,0.03936349344117318,0.33189878577159904,0.6287377207872277
wtf is this game,offensive_language,0.05290743976225659,0.564264653433393,0.3828279068043504
pog,neither,0.03945320844208391,0.33037608806864915,0.630170703489267
shroudyCan shroudyCan shroudyCan shroudyCan shroudyCan,neither,0.03945320844208391,0.33037608806864915,0.630170703489267
POGGERS,neither,0.03945320844208391,0.33037608806864915,0.630170703489267
I’m your 17th viewer LUL,neither,0.06582875000452618,0.3230572119719133,0.6111140380235606
Oh hey! It works! lirikHS,neither,0.04317701811363571,0.28011255654801615,0.676710425338348
POGGERS,neither,0.03945320844208391,0.33037608806864915,0.630170703489267
@shroud PUBG?,neither,0.03945320844208391,0.33037608806864915,0.630170703489267
mahOof,neither,0.03945320844208391,0.33037608806864915,0.630170703489267
20 people watching?!?!,neither,0.07609042231968696,0.3262932917863827,0.5976162858939303
Bodied,neither,0.03945320844208391,0.33037608806864915,0.630170703489267
that's what you get for running from a fight,neither,0.04917713553749809,0.3658800392316154,0.5849428252308866
LUL,neither,0.03945320844208391,0.33037608806864915,0.630170703489267
20 VIEWERS??,neither,0.03945320844208391,0.33037608806864915,0.630170703489267
pogggerssss,neither,0.03945320844208391,0.33037608806864915,0.630170703489267
PogU,neither,0.03945320844208391,0.33037608806864915,0.630170703489267
Welcome back everyone misuLove,neither,0.03311251473850055,0.43799420811038897,0.5288932771511103
NA FIGHTS LUL,neither,0.03945320844208391,0.33037608806864915,0.630170703489267
12k viewers,neither,0.03945320844208391,0.33037608806864915,0.630170703489267
This actually looks pretty fun lol,neither,0.03266252430205431,0.3798349664215663,0.5875025092763794
shroudM tank nearby,neither,0.03945320844208391,0.33037608806864915,0.630170703489267
nevermind! xDDD,neither,0.03945320844208391,0.33037608806864915,0.630170703489267
He left OMEGALUL,neither,0.04852235344289747,0.327256793231761,0.6242208533253416
off 200k viewers here POGGERS,neither,0.07372639939637798,0.3014817693748261,0.6247918312287959
dying light PogChamp,neither,0.03945320844208391,0.33037608806864915,0.630170703489267
shroud channel RIP,neither,0.03945320844208391,0.33037608806864915,0.630170703489267
back to 12k viewers,neither,0.04673119780429614,0.3261342486765459,0.6271345535191581
still ded?,neither,0.03727668703704674,0.36731733658035887,0.5954059763825943
11000 viewers u pelb chat,neither,0.03945320844208391,0.33037608806864915,0.630170703489267
shroudHyper shroudHyper shroudHyper shroudHyper shroudHyper,neither,0.03945320844208391,0.33037608806864915,0.630170703489267
AI OP,neither,0.03945320844208391,0.33037608806864915,0.630170703489267
@Krvtch welcome back shroudWB,neither,0.03945320844208391,0.33037608806864915,0.630170703489267
shroudHype shroudHype shroudHype shroudHype shroudHype,neither,0.03945320844208391,0.33037608806864915,0.630170703489267
@kimchiturks 12k. its broken rn,neither,0.03359610796290162,0.3323906135043115,0.634013278532787
@kimchiturks yes 20 viewers and 12k ppl in chat OMEGALUL,neither,0.038896731353849225,0.30305772299186107,0.6580455456542896
twitch conspiracy to fuk shroud over,neither,0.04236889637001637,0.32862976879019573,0.6290013348397879
:D,neither,0.03945320844208391,0.33037608806864915,0.630170703489267
shroudWB,neither,0.03945320844208391,0.33037608806864915,0.630170703489267
what is this game mode?,neither,0.05249737280879392,0.28635148567172614,0.66115114151948
29 viewers PogChamp,neither,0.03945320844208391,0.33037608806864915,0.630170703489267
"1k viewers, dead stream Kappa",neither,0.03945320844208391,0.33037608806864915,0.630170703489267
shroudM shroudM shroudM shroudM,neither,0.03945320844208391,0.33037608806864915,0.630170703489267
He is fast as fucc boiiii,neither,0.05446378097392453,0.3571789538764763,0.5883572651495992
POGGERS sword,neither,0.03945320844208391,0.33037608806864915,0.630170703489267
@shroud did you win that pubg match,neither,0.051024182347403454,0.42016766641873204,0.5288081512338645
Check out Mike's Instagram account - http://www.instagram.com/shroud :D,neither,0.03410941730160631,0.30554211570058515,0.6603484669978086
wtf 29 viewers?,offensive_language,0.04163937830055657,0.5226906020788883,0.4356700196205551
jbossAY a battle royale apparently,neither,0.03945320844208391,0.33037608806864915,0.630170703489267
hes got 12,neither,0.03808836953764526,0.3794688327800854,0.5824427976822693
stodHIYO,neither,0.03945320844208391,0.33037608806864915,0.630170703489267
29 viewers?,neither,0.03945320844208391,0.33037608806864915,0.630170703489267
He just started streaming,neither,0.03987713840344088,0.34772896136567855,0.6123939002308806
!uptime,neither,0.03945320844208391,0.33037608806864915,0.630170703489267
"its just bugged out, dont be an ass about it",offensive_language,0.06950979845721912,0.9253792406576751,0.005110960885105773
"@NotLeeeroy, Mike has been live for: 1 hour, 27 minutes, 1 second",neither,0.03833552347491435,0.3107324785960022,0.6509319979290834
