text,top_class,hate_speech,offensive_language,neither
Welcome back!,neither,0.03945320844208391,0.33037608806864915,0.630170703489267
WE BACK,neither,0.039166053543719236,0.33524985610846453,0.6255840903478163
Pog we back,neither,0.039166053543719236,0.33524985610846453,0.6255840903478163
we back,neither,0.039166053543719236,0.33524985610846453,0.6255840903478163
We back,neither,0.039166053543719236,0.33524985610846453,0.6255840903478163
OK ITS BACK UP,neither,0.029846292651002415,0.3964945636458819,0.5736591437031157
wb,neither,0.03945320844208391,0.33037608806864915,0.630170703489267
RESTART STREAM,neither,0.03945320844208391,0.33037608806864915,0.630170703489267
https://clips.twitch.tv/NastyTallDillRlyTho,neither,0.03945320844208391,0.33037608806864915,0.630170703489267
WE BACK,neither,0.039166053543719236,0.33524985610846453,0.6255840903478163
no more stream sniping. ya know custom games.would help with this problem Lot,offensive_language,0.025230093093914042,0.4993883825182502,0.4753815243878358
Welcome to the past chat,neither,0.04457401020676838,0.3126619191246498,0.6427640706685818
shroudJ shroudJ shroudJ shroudJ shroudJ shroudJ shroudJ shroudJ shroudJ shroudJ shroudJ shroudJ shroudJ shroudJ shroudJ shroudJ shroudJ,neither,0.03945320844208391,0.33037608806864915,0.630170703489267
we back,neither,0.039166053543719236,0.33524985610846453,0.6255840903478163
we.re back!,neither,0.0707855877519284,0.2891816921207498,0.6400327201273217
f,neither,0.03945320844208391,0.33037608806864915,0.630170703489267
FUCK A DELAYYYY,offensive_language,0.34803241646388117,0.6519675835059184,3.0200377847433446e-11
WE;LL BE RIGHT BACK AFTER THESE MESSAGES,neither,0.04620436011013947,0.41227510337914486,0.5415205365107157
RESTART STREAMMMM,neither,0.03945320844208391,0.33037608806864915,0.630170703489267
hu,neither,0.03945320844208391,0.33037608806864915,0.630170703489267
AUDIO???,neither,0.03945320844208391,0.33037608806864915,0.630170703489267
Pog,neither,0.03945320844208391,0.33037608806864915,0.630170703489267
wtf is this audio,offensive_language,0.0504157133140569,0.5568986653587347,0.39268562132720836
is live or offline?,neither,0.060988771657087056,0.32296902035278263,0.6160422079901304
I bet ninja is whining bout stream sniper kills LOL,neither,0.03642073215455881,0.4088313849551553,0.5547478828902859
shroudDoo shroudDoo shroudDoo,neither,0.03945320844208391,0.33037608806864915,0.630170703489267
Yayyyyyyyy,neither,0.03945320844208391,0.33037608806864915,0.630170703489267
ITS LIVE NOW BOISZ,neither,0.036832985673898394,0.331277302830522,0.6318897114955797
Ninja probably had snipers too,neither,0.03837627949460167,0.3486543828680133,0.6129693376373851
refresh if it does not work,neither,0.016939676703134274,0.4734034416489336,0.5096568816479321
there it is lol,neither,0.03620954734680586,0.3435768615547767,0.6202135910984176
how long of a delay is it?,neither,0.047823300193630784,0.3249510074397779,0.6272256923665913
420 CiGrip,neither,0.03945320844208391,0.33037608806864915,0.630170703489267
@Horizontol stfu fanboy,offensive_language,0.20022954135558085,0.45199920488637724,0.3477712537580419
"We're back, chat. :)",neither,0.05937420646172131,0.30229746994261797,0.6383283235956607
shroudDoo shroudDoo shroudDoo,neither,0.03945320844208391,0.33037608806864915,0.630170703489267
shroudHmm,neither,0.03945320844208391,0.33037608806864915,0.630170703489267
ITS LIVE NOWWWWW,neither,0.03646146549147045,0.3314050856575407,0.6321334488509888
https://clips.twitch.tv/EnticingAdventurousDonutBIRB,neither,0.03945320844208391,0.33037608806864915,0.630170703489267
shroud1,neither,0.03945320844208391,0.33037608806864915,0.630170703489267
HERRY POTTER Pog,neither,0.03945320844208391,0.33037608806864915,0.630170703489267
live with delay,neither,0.028136699693619364,0.38932825478483496,0.5825350455215457
rerun,neither,0.03945320844208391,0.33037608806864915,0.630170703489267
2min boys,neither,0.03945320844208391,0.33037608806864915,0.630170703489267
2 min delay,neither,0.03945320844208391,0.33037608806864915,0.630170703489267
ninjaPon shroudHyper,neither,0.03945320844208391,0.33037608806864915,0.630170703489267
shroudHmm,neither,0.03945320844208391,0.33037608806864915,0.630170703489267
2 hour delay,neither,0.03945320844208391,0.33037608806864915,0.630170703489267
WE BACK,neither,0.039166053543719236,0.33524985610846453,0.6255840903478163
shroudW shroud1D shroudWhiff shroudPan shroudIM shroudDoo,neither,0.03945320844208391,0.33037608806864915,0.630170703489267
This shit is better than any baseball game,offensive_language,0.05563055691149661,0.9362854204280356,0.008084022660467807
We back boys,neither,0.03925076169063039,0.333812137784735,0.6269371005246346
OOF,neither,0.03945320844208391,0.33037608806864915,0.630170703489267
FeelsDelayMan,neither,0.03945320844208391,0.33037608806864915,0.630170703489267
yea baby!!!,neither,0.039177862566692166,0.3350494261695197,0.6257727112637881
Shroud 254.75 - Courage 214.5 - lupo 130.25 - ninja 118.25,neither,0.03945320844208391,0.33037608806864915,0.630170703489267
shroudDoo shroudDoo shroudDoo shroudDoo shroudDoo shroudDoo shroudDoo shroudDoo shroudDoo shroudDoo shroudDoo shroudDoo shroudDoo shroudDoo shroudDoo shroudDoo shroudDoo shroudDoo shroudDoo shroudDoo shroudDoo shroudDoo shroudDoo shroudDoo,neither,0.03945320844208391,0.33037608806864915,0.630170703489267
Hell yeaa,offensive_language,0.04157860764789951,0.7540537501915512,0.20436764216054928
shroudHyper shroudHyper,neither,0.03945320844208391,0.33037608806864915,0.630170703489267
this is like a mind trip...,neither,0.06212831010146347,0.3449797740633222,0.5928919158352144
24 hour delay,neither,0.03945320844208391,0.33037608806864915,0.630170703489267
THIS IS REPLAY,neither,0.0484976811701294,0.3289671781834557,0.6225351406464149
bowl site down?,neither,0.03945320844208391,0.33037608806864915,0.630170703489267
"ok snipers, 2 min delay.. calibrate accordingly",neither,0.03941769212221907,0.33097889270696423,0.6296034151708167
2h deley shroud4Head,neither,0.03945320844208391,0.33037608806864915,0.630170703489267
shroudDoo shroudDoo shroudDoo shroudDoo,neither,0.03945320844208391,0.33037608806864915,0.630170703489267
shroudHmm shroudHmm shroudHmm shroudHmm shroudHmm,neither,0.03945320844208391,0.33037608806864915,0.630170703489267
https://clips.twitch.tv/NastyTallDillRlyTho,neither,0.03945320844208391,0.33037608806864915,0.630170703489267
!multi,neither,0.03945320844208391,0.33037608806864915,0.630170703489267
FeelsGoodMan,neither,0.03945320844208391,0.33037608806864915,0.630170703489267
why not do like 5-10 rounds against the tourney competitors and set up a point system for thst,neither,0.03293124707330267,0.3145917684396546,0.6524769844870428
"@M71s, https://multistre.am/shroud/just9n/chad/chocotaco",neither,0.03925245434493639,0.3304451366083582,0.6303024090467053
https://clips.twitch.tv/CovertBlatantCarabeefKappaWealth,neither,0.03945320844208391,0.33037608806864915,0.630170703489267
dad is backkk,neither,0.05349780000852888,0.3255455090057402,0.6209566909857309
MercyWing1 PinkMercy MercyWing2 BisexualPride BisexualPride BisexualPride BisexualPride,neither,0.03945320844208391,0.33037608806864915,0.630170703489267
shroudDoo shroudDoo shroudDoo shroudDoo shroudDoo shroudDoo shroudDoo shroudDoo shroudDoo,neither,0.03945320844208391,0.33037608806864915,0.630170703489267
shroud4Head,neither,0.03945320844208391,0.33037608806864915,0.630170703489267
!bracket,neither,0.03945320844208391,0.33037608806864915,0.630170703489267
"NOT LIVE, REPLAY",neither,0.04251868124802106,0.33365974222872147,0.6238215765232575
"@pauley821, Team Shroud: 254.75 Team Courage: 214.5 Team Lupo: 130.25 Team Ninja: 118.25",neither,0.03945320844208391,0.33037608806864915,0.630170703489267
@guesswhodrewitt02 It's fucking true.. Name a better BR pro that's better than Ninj. I'll wait.,offensive_language,0.08838723068861937,0.8824622673967314,0.029150501914649216
Hello from the past FeelsBadMan,neither,0.03958661606460831,0.2955181417191887,0.664895242216203
2 weeks delay POG,neither,0.03945320844208391,0.33037608806864915,0.630170703489267
rip 20k views,neither,0.03945320844208391,0.33037608806864915,0.630170703489267
feelsdelayedman,neither,0.03945320844208391,0.33037608806864915,0.630170703489267
@erupt_tv F CLIP,neither,0.03945320844208391,0.33037608806864915,0.630170703489267
shroudDoo,neither,0.03945320844208391,0.33037608806864915,0.630170703489267
monkaGIGA,neither,0.03945320844208391,0.33037608806864915,0.630170703489267
that wasnt even a handshake ?,neither,0.03551457338660377,0.37788789587836585,0.5865975307350303
shroudAK + shroudPigeon = shroudDinner,neither,0.03945320844208391,0.33037608806864915,0.630170703489267
120hr delay. shroudHmm shroudHmm shroudHmm,neither,0.03945320844208391,0.33037608806864915,0.630170703489267
CHAT forsenW,neither,0.03945320844208391,0.33037608806864915,0.630170703489267
IS j9 THE COACH?,neither,0.04968294745324627,0.30507670167590883,0.645240350870845
They only wanted the delay because all their views were here shroudH,neither,0.07233919807909658,0.3233649363674983,0.6042958655534053
420 FapFapFap,neither,0.03945320844208391,0.33037608806864915,0.630170703489267
f,neither,0.03945320844208391,0.33037608806864915,0.630170703489267
https://clips.twitch.tv/SpinelessBumblingGaurItsBoshyTime,neither,0.03945320844208391,0.33037608806864915,0.630170703489267
LUL LUL LUL LUL LUL LUL LUL LUL,neither,0.03945320844208391,0.33037608806864915,0.630170703489267
"You guys, this isn't Shroud's stream, it's Ninja's. Come back tomorrow, though.",neither,0.04657819120915323,0.376911004880298,0.5765108039105488
No RDR2??,neither,0.036918905254960256,0.37338982715841207,0.5896912675866277
what the so long time to start pubg,neither,0.04990239551572289,0.3668109474763519,0.5832866570079253
really he blocking anti ninja messages shroudPalm,neither,0.04297695791358644,0.32916410904174426,0.6278589330446693
!about,neither,0.03510642987957868,0.4041522644624374,0.5607413056579837
https://clips.twitch.tv/CovertBlatantCarabeefKappaWealth ????,neither,0.03945320844208391,0.33037608806864915,0.630170703489267
@horizontol shroud.,neither,0.03945320844208391,0.33037608806864915,0.630170703489267
FeelsBadMan,neither,0.03945320844208391,0.33037608806864915,0.630170703489267
delay because ninja prob had a whinge,neither,0.03945320844208391,0.33037608806864915,0.630170703489267
roflmao shrouds teams killin it baby,neither,0.03815976437105772,0.3308209627963323,0.6310192728326101
!commands,neither,0.03945320844208391,0.33037608806864915,0.630170703489267
"@thefqke1, You can find a list of all Commands here https://streamelements.com/shroud/commands",neither,0.10722364320476009,0.3118012459043019,0.580975110890938
dat 0 viewer,neither,0.03945320844208391,0.33037608806864915,0.630170703489267
10 month delay,neither,0.03945320844208391,0.33037608806864915,0.630170703489267
shroudDoo shroudDoo shroudDoo shroudDoo,neither,0.03945320844208391,0.33037608806864915,0.630170703489267
Check out Mike's Instagram account - http://www.instagram.com/shroud :D,neither,0.03410941730160631,0.30554211570058515,0.6603484669978086
f,neither,0.03945320844208391,0.33037608806864915,0.630170703489267
shroudAFK shroudAFK shroudAFK,neither,0.03945320844208391,0.33037608806864915,0.630170703489267
0 viewers pog,neither,0.03945320844208391,0.33037608806864915,0.630170703489267
Team courage catching up MindManners,neither,0.0372662687883104,0.374111053754201,0.5886226774574885
so shroudHmm is the main stream gonna be delayed?,neither,0.044874017712292345,0.3952061505720008,0.5599198317157069
F,neither,0.03945320844208391,0.33037608806864915,0.630170703489267
banned,neither,0.03945320844208391,0.33037608806864915,0.630170703489267
This delay is dumb we can't even interact with Shrood correctly now,neither,0.035310765706909955,0.3696921707293373,0.5949970635637527
@ChilledAqua facts,neither,0.03945320844208391,0.33037608806864915,0.630170703489267
F,neither,0.03945320844208391,0.33037608806864915,0.630170703489267
F,neither,0.03945320844208391,0.33037608806864915,0.630170703489267
f,neither,0.03945320844208391,0.33037608806864915,0.630170703489267
LULW,neither,0.03945320844208391,0.33037608806864915,0.630170703489267
F,neither,0.03945320844208391,0.33037608806864915,0.630170703489267
He should have a 4 hour Delay,neither,0.06124279203480335,0.38054397599612505,0.5582132319690716
@riseofgzus shroud isn't a BR pro.,neither,0.03945320844208391,0.33037608806864915,0.630170703489267
Dead game,neither,0.038561678515190836,0.27323650929495025,0.6882018121898589
F,neither,0.03945320844208391,0.33037608806864915,0.630170703489267
f,neither,0.03945320844208391,0.33037608806864915,0.630170703489267
shroudPrime shroudPrime shroudPrime shroudPrime shroudPrime shroudPrime shroudPrime,neither,0.03945320844208391,0.33037608806864915,0.630170703489267
"Now what I am saying is sublime; That it was not already written is a crime; I should need not bribe, To have you all subscribe, Sub to Shroud with Twitch Prime shroudPrime",neither,0.05413919486457965,0.44528002795050076,0.5005807771849194
LULLW F,neither,0.03945320844208391,0.33037608806864915,0.630170703489267
Does anyone know why Ninja ended his stream? did the pressure get to him?lol,neither,0.034185403901812295,0.42822070639232757,0.5375938897058601
shroudHmm shroudHmm shroudHmm,neither,0.03945320844208391,0.33037608806864915,0.630170703489267
panicBasket,neither,0.03945320844208391,0.33037608806864915,0.630170703489267
shroud with the shroud200 by ignoring the handshake,neither,0.030470218373077288,0.3669888149475129,0.6025409666794098
2 casters are CSGO casters,neither,0.07292172138624486,0.2749422085244475,0.6521360700893076
https://clips.twitch.tv/CovertBlatantCarabeefKappaWealth,neither,0.03945320844208391,0.33037608806864915,0.630170703489267
LUL LUL,neither,0.03945320844208391,0.33037608806864915,0.630170703489267
Song shroudDoo broken shroudDoo up shroudDoo like shroudDoo,neither,0.04736156549675232,0.41474851671573226,0.5378899177875155
shroudAFK shroudAFK shroudAFK shroudAFK shroudAFK,neither,0.03945320844208391,0.33037608806864915,0.630170703489267
DEAD GAME,neither,0.038561678515190836,0.27323650929495025,0.6882018121898589
shroudM,neither,0.03945320844208391,0.33037608806864915,0.630170703489267
https://clips.twitch.tv/OpenSlickAyeayeRaccAttack,neither,0.03945320844208391,0.33037608806864915,0.630170703489267
@sumSmash69 it already is by like 3 minutes,neither,0.05873282500346058,0.40989934268229256,0.531367832314247
"Ninja turned off his stream so he can have excuses for loosing, ""I didint have streamsnipers"" Kappa",neither,0.0493648923644425,0.34217879331930706,0.6084563143162504
@thephotofromcozumel dacLUL,neither,0.03945320844208391,0.33037608806864915,0.630170703489267
What is the status of the tournament,neither,0.04928879374024886,0.30017161821169613,0.6505395880480551
NotLikeThis,neither,0.03945320844208391,0.33037608806864915,0.630170703489267
shroud4Head shroud4Head,neither,0.03945320844208391,0.33037608806864915,0.630170703489267
Banned,neither,0.03945320844208391,0.33037608806864915,0.630170703489267
Nice error,neither,0.03945320844208391,0.33037608806864915,0.630170703489267
brkBleb s,neither,0.03945320844208391,0.33037608806864915,0.630170703489267
we back,neither,0.039166053543719236,0.33524985610846453,0.6255840903478163
shroudDoo shroudDoo shroudDoo shroudDoo,neither,0.03945320844208391,0.33037608806864915,0.630170703489267
Mike has partnered with Madrinas Coffee! Use code 'SHROUD' for 40% off your online order shroudyC https://madrinascoffee.com/shroud,neither,0.028924841216797822,0.2923385662958248,0.6787365924873774
DEAD GAME,neither,0.038561678515190836,0.27323650929495025,0.6882018121898589
@Oxyprox theyve been atleast 30 points behind at all times,neither,0.039815519369464786,0.3976228254345645,0.5625616551959707
imagine being in a tournament with shroud team on the enemy team -------- this post was made by shroud gang,neither,0.030980286664599666,0.3809371499482149,0.5880825633871855
LUL,neither,0.03945320844208391,0.33037608806864915,0.630170703489267
SeriousSloth SeriousSloth SeriousSloth SeriousSloth,neither,0.03945320844208391,0.33037608806864915,0.630170703489267
LUL,neither,0.03945320844208391,0.33037608806864915,0.630170703489267
!bracket,neither,0.03945320844208391,0.33037608806864915,0.630170703489267
"@baibhavraj, Team Shroud: 254.75 Team Courage: 214.5 Team Lupo: 130.25 Team Ninja: 118.25",neither,0.03945320844208391,0.33037608806864915,0.630170703489267
https://clips.twitch.tv/SpinelessBumblingGaurItsBoshyTime,neither,0.03945320844208391,0.33037608806864915,0.630170703489267
how long is this gosh damn break shroud4Head shroud4Head shroud4Head,offensive_language,0.05111608295940802,0.7017583097469429,0.24712560729364907
Oh no-- we got DDoS'd,neither,0.04346728291309157,0.348315168460068,0.6082175486268405
DOC???,neither,0.03945320844208391,0.33037608806864915,0.630170703489267
SeriousSloth failed to reach minimum SeriousSloth,neither,0.04475236959667475,0.3272595744398381,0.6279880559634871
shroud4Head shroud4Head shroud4Head shroud4Head shroud4Head shroud4Head,neither,0.03945320844208391,0.33037608806864915,0.630170703489267
whats the score,neither,0.03853771315921272,0.3136208336354691,0.6478414532053182
brkFive brkBleb,neither,0.03945320844208391,0.33037608806864915,0.630170703489267
DOC? OMEGALUL,neither,0.03945320844208391,0.33037608806864915,0.630170703489267
@zackzackzack94 5 more minutes,neither,0.041952334564527835,0.31741498302940435,0.640632682406068
WHERE,neither,0.04379278224195774,0.2567221952996476,0.6994850224583946
shroudAK shroud1D,neither,0.03945320844208391,0.33037608806864915,0.630170703489267
!discord,neither,0.03945320844208391,0.33037608806864915,0.630170703489267
"@Gingie93, Mike has created a new subscriber discord server! Feel free to join the official discord server by connecting your twitch account to discord in your user settings, then choose connections and join Shrowdy Rowdy 2.0! Check this GIF if you're struggling - https://goo.gl/dz95Vv",neither,0.06892717291510825,0.3094515353031996,0.621621291781692
this echo.. Pepepains,neither,0.03934556506409844,0.33220307711989316,0.6284513578160085
!bracket,neither,0.03945320844208391,0.33037608806864915,0.630170703489267
"@domesplittr, Team Shroud: 254.75 Team Courage: 214.5 Team Lupo: 130.25 Team Ninja: 118.25",neither,0.03945320844208391,0.33037608806864915,0.630170703489267
"Heh, i think he thought she was pointing at him",neither,0.04613038671547757,0.32848904091127545,0.6253805723732471
!bracket @p0pers,neither,0.03945320844208391,0.33037608806864915,0.630170703489267
5 more min,neither,0.04176711552274361,0.31835575246922987,0.6398771320080265
"Snapback hats are coming in November! Classic Tees have been restocked, get them while you can! Use code 'SHROUD' for 10% off https://www.jinx.com/shroud shroudTHICC",neither,0.03918366867149011,0.3602970447193039,0.6005192866092061
"""this ad supports shroud'",neither,0.039366099313996074,0.3318545573090084,0.6287793433769955
WE OWNING LETS GOOOOOOO !!!!!,neither,0.038566173395905616,0.3454313877792939,0.6160024388248004
@PhilipCy RIP CLIP,neither,0.03945320844208391,0.33037608806864915,0.630170703489267
It does indeed,neither,0.02444193817279345,0.4622837430639207,0.5132743187632858
watches stream,neither,0.03945320844208391,0.33037608806864915,0.630170703489267
is the guy in the back holding a rocket launcher?,neither,0.04307724506751235,0.31320862415624207,0.6437141307762456
<3 DAD,neither,0.03945320844208391,0.33037608806864915,0.630170703489267
!standings,neither,0.03945320844208391,0.33037608806864915,0.630170703489267
"@MrMojoMan, Team Shroud: 254.75 Team Courage: 214.5 Team Lupo: 130.25 Team Ninja: 118.25",neither,0.03945320844208391,0.33037608806864915,0.630170703489267
shroudPrime shroudPrime shroudPrime shroudPrime shroudPrime shroudPrime shroudPrime shroudPrime,neither,0.03945320844208391,0.33037608806864915,0.630170703489267
"Now what I am saying is sublime; That it was not already written is a crime; I should need not bribe, To have you all subscribe, Sub to Shroud with Twitch Prime shroudPrime",neither,0.05413919486457965,0.44528002795050076,0.5005807771849194
@17633632112 Clap,neither,0.03945320844208391,0.33037608806864915,0.630170703489267
anyone know the real reason Ninja ended his stream? I'm curious.,neither,0.04714606598254766,0.3885764277035601,0.5642775063138923
!bracket,neither,0.03945320844208391,0.33037608806864915,0.630170703489267
@naturegoddess why?,neither,0.016768318525353994,0.3685911158159394,0.6146405656587067
Hi,neither,0.03945320844208391,0.33037608806864915,0.630170703489267
Check out Mike's other channel for more streams and more emotes shroudyH https://www.twitch.tv/shroudplaysothergames,neither,0.03603840260309928,0.2981352578286489,0.6658263395682519
team ninja strugglin,neither,0.03945320844208391,0.33037608806864915,0.630170703489267
shroudAFK shroudAFK shroudAFK,neither,0.03945320844208391,0.33037608806864915,0.630170703489267
Ninja's complaining cause he cant build,neither,0.041835679687465106,0.3503601998717966,0.6078041204407384
https://clips.twitch.tv/CovertBlatantCarabeefKappaWealth,neither,0.03945320844208391,0.33037608806864915,0.630170703489267
back to fortnite with you,offensive_language,0.05782833327265655,0.4855314573089846,0.4566402094183588
hahahahaha,neither,0.03945320844208391,0.33037608806864915,0.630170703489267
"@horizontol yet he's still the best man. pro or not, shroud had him best in h1z1, shroud has him beat in cod, and realm, but ninja has him in fortnite.",neither,0.038204274503180306,0.3333558206942241,0.6284399048025956
@autofocused probably streaming issues,neither,0.038476387518903206,0.3469552884344915,0.6145683240466052
PrimeUWot PrimeUWot PrimeUWot Y DONT U SHAKE MY HANDSSSS,neither,0.02660841340336912,0.43227582298781403,0.541115763608817
we got this bois,neither,0.03788943390221543,0.38161587679820047,0.5804946892995839
LUL,neither,0.03945320844208391,0.33037608806864915,0.630170703489267
shroudOverit shroudOverit shroudOverit,neither,0.03945320844208391,0.33037608806864915,0.630170703489267
LUL,neither,0.03945320844208391,0.33037608806864915,0.630170703489267
!bracket,neither,0.03945320844208391,0.33037608806864915,0.630170703489267
"@Babeldude, Team Shroud: 254.75 Team Courage: 214.5 Team Lupo: 130.25 Team Ninja: 118.25",neither,0.03945320844208391,0.33037608806864915,0.630170703489267
Shroud is the Stephen Curry of FPS games,neither,0.04485078500668564,0.3159978369471991,0.6391513780461153
Did he say that was spekel? Lol,neither,0.03196955075563856,0.4355118610920934,0.532518588152268
ninja is just bad LUL,neither,0.039011757846536974,0.34614727298389997,0.614840969169563
4 Hour Delay!,neither,0.03945320844208391,0.33037608806864915,0.630170703489267
@autofocused probably crying,neither,0.037949379246126715,0.3558999942055018,0.6061506265483715
@thephotofromcozumel oh ok. everyone else is just trolling. lol. I was wondering if he raged or something.,neither,0.02841403798254951,0.43131450397706145,0.5402714580403891
Wish all the kids would climb out of ninjas ass,offensive_language,0.09175793619115512,0.8918850132300004,0.016357050578844637
fortnite =4th,neither,0.03945320844208391,0.33037608806864915,0.630170703489267
ofc shrouds team is leading,neither,0.047991719931853104,0.3274393024287285,0.6245689776394184
we are the real champions club !,neither,0.05195366996499764,0.3833661114045962,0.5646802186304062
Damn those standings are whassup SeemsGood,offensive_language,0.16567740668812528,0.7687977822323463,0.06552481107952847
fck ninja,neither,0.03945320844208391,0.33037608806864915,0.630170703489267
I love how twitch at its own event cant have good quality streams LUL,neither,0.044412843154475495,0.3495044041931448,0.6060827526523797
@swingerhd why are u so butthurt about it,neither,0.04499784248852577,0.3726705287705664,0.5823316287409079
<3,neither,0.03945320844208391,0.33037608806864915,0.630170703489267
Ninja cant build = losing,neither,0.03945320844208391,0.33037608806864915,0.630170703489267
ninja go in forknife,neither,0.040829722375052925,0.3351548763642621,0.6240154012606849
#TEAMSHROUD,neither,0.03945320844208391,0.33037608806864915,0.630170703489267
ninja ended so he cant be plastered all over youtube getting owned,neither,0.03930838323297979,0.4393472714904994,0.5213443452765206
@autofocused LUL ninja aint gonna rage of this,neither,0.03946394893496399,0.4112271940949902,0.5493088569700458
@krazee Clap,neither,0.03945320844208391,0.33037608806864915,0.630170703489267
hahahah he still will be plastered,neither,0.04581046785764249,0.3233280639572544,0.6308614681851031
Legggoooo,neither,0.03945320844208391,0.33037608806864915,0.630170703489267
"@riseofgzus No, shroud is not ""the best"". He's just good, but not better than a professional like Ninja who puts thousands of hours into perfecting he's skills in a BR.",neither,0.045576166350538475,0.3759805924771626,0.578443241172299
@PhilipCy CAN'T SEE THE HAND,neither,0.038687896322418355,0.30447734542180693,0.6568347582557749
@yourdadow seems like you are more butthurt LUL,neither,0.08889896676141133,0.3323243282128642,0.5787767050257244
shroudPrime shroudPrime shroudPrime shroudPrime shroudPrime shroudPrime,neither,0.03945320844208391,0.33037608806864915,0.630170703489267
"Now Twitch Prime is quite a great service; To not use it would be a disservice; The free monthly sub, Is nothing to snub, So do it without feeling nervous shroudPrime",neither,0.03220903223231923,0.3791055463733078,0.5886854213943729
did this stream just start or is it about to end,neither,0.04402212928217451,0.36087680028183833,0.5951010704359871
ninja is a great guy :),neither,0.04460566071142296,0.3116429091027245,0.6437514301858525
@thephotofromcozumel I don't know about that. he's always been super competitive.,neither,0.03771045049156178,0.4172281295942108,0.5450614199142275
ninja LUL,neither,0.03945320844208391,0.33037608806864915,0.630170703489267
is it over or wassup chat?,neither,0.1672501209156051,0.1798474257028113,0.6529024533815837
@swingerhd nah im fine,neither,0.038436929316292244,0.36892823544962366,0.5926348352340841
the cring is real boyssss,offensive_language,0.03830018851652491,0.5027007131562609,0.45899909832721425
shroudIM shroudIM,neither,0.03945320844208391,0.33037608806864915,0.630170703489267
or what is going on?,neither,0.05165547457843503,0.37334242537382456,0.5750021000477404
keyboard warriors,neither,0.03945320844208391,0.33037608806864915,0.630170703489267
Twitch con stole shrouds viewers.. shroudBurn shroudBurn shroudBurn,neither,0.03945320844208391,0.33037608806864915,0.630170703489267
Is this a tournament,neither,0.0484976811701294,0.3289671781834557,0.6225351406464149
2 heats still left,neither,0.038130340636638956,0.3528286071369134,0.6090410522264478
@Horizontol have to be trolling,neither,0.047252225359196195,0.34044194337913564,0.6123058312616682
pubg is better than blackout.,neither,0.04672750921455658,0.33494811576687367,0.6183243750185696
"Mike and Justin will be competing for $300,000 in the PUBG Broadcaster Royale Grand Finals at TwitchCon Oct 26-28! More details: https://broadcasterroyale.com/twitchcon-grand-finals-overview shroudHype",neither,0.03788070299981064,0.3019163811267733,0.660202915873416
@NotthatIknowof LULW,neither,0.03945320844208391,0.33037608806864915,0.630170703489267
shroudPrime shroudPrime shroudPrime shroudPrime shroudPrime shroudPrime shroudPrime shroudPrime shroudPrime shroudPrime shroudPrime,neither,0.03945320844208391,0.33037608806864915,0.630170703489267
@HeyImJuice no,neither,0.036918905254960256,0.37338982715841207,0.5896912675866277
2 hours left,neither,0.03945320844208391,0.33037608806864915,0.630170703489267
LUL hahahaah funny guy,neither,0.0381053208558936,0.3532532581125865,0.6086414210315199
chat toxic ☠️,neither,0.03945320844208391,0.33037608806864915,0.630170703489267
@horizontol name one person that has better pure aim than shroud.,neither,0.03632959415925163,0.37889710440773855,0.5847733014330099
"shroud4Head FBBlock KonCha Talk to the hand, gurlfran.",neither,0.02372883095497404,0.3124843887568863,0.6637867802881396
2 heats left / 2 hours,neither,0.03945320844208391,0.33037608806864915,0.630170703489267
WHO WON,neither,0.04061417405158025,0.44294463029151515,0.5164411956569047
@HeyImJuice heat 3 coming up,neither,0.036534912354377586,0.3898488369282138,0.5736162507174085
@naturegoddess i dont get it :/,neither,0.03629353485916755,0.34589444737808533,0.6178120177627471
shroud1 shroudPrime shroud1 shroudPrime,neither,0.03945320844208391,0.33037608806864915,0.630170703489267
PUBG is better than Blackout.,neither,0.04672750921455658,0.33494811576687367,0.6183243750185696
@horizontol It’s funny because ninja is a pro and shrouds still better,neither,0.04198127162568625,0.32324783968882775,0.634770888685486
@autofocused naw this is all in good fun tho,neither,0.04368159623255308,0.40258427504732197,0.5537341287201248
shroudAFK shroudAFK shroudAFK shroudAFK shroudAFK,neither,0.03945320844208391,0.33037608806864915,0.630170703489267
shroud4Head,neither,0.03945320844208391,0.33037608806864915,0.630170703489267
"Ninja is a good streamer for children, very family friendly. :)",neither,0.03984540098583264,0.3093147865429854,0.6508398124711818
some guy proposing live on pubg broadcasterroyale OMEGALUL,neither,0.033352798751705444,0.35863381749575834,0.6080133837525363
shroudAFK shroudAFK shroudAFK shroudAFK shroudAFK shroudAFK shroudAFK shroudAFK shroudAFK shroudAFK shroudAFK shroudAFK shroudAFK shroudAFK shroudAFK shroudAFK shroudAFK shroudAFK shroudAFK shroudAFK shroudAFK shroudAFK shroudAFK shroudAFK shroudAFK shroudAFK shroudAFK shroudAFK shroudAFK shroudAFK,neither,0.03945320844208391,0.33037608806864915,0.630170703489267
shroud is #1,neither,0.081172750358939,0.3160268245287109,0.60280042511235
I like the flow off the tournament. at least they're moving.,neither,0.05583564289312924,0.31613135121382857,0.6280330058930422
cs 1.6 is better than fortnite,neither,0.04672750921455658,0.33494811576687367,0.6183243750185696
how many heats or rounds are there,neither,0.061969069758915855,0.2540439672529418,0.6839869629881423
AdPocalypse in the whispersss,neither,0.037091980359884744,0.28472846616514075,0.6781795534749746
Is this a tournament?,neither,0.0484976811701294,0.3289671781834557,0.6225351406464149
shroudAFK shroudAFK shroudAFK shroudAFK shroudAFK shroudAFK shroudAFK shroudAFK shroudAFK shroudAFK shroudAFK shroudAFK shroudAFK shroudAFK shroudAFK shroudAFK shroudAFK shroudAFK shroudAFK shroudAFK shroudAFK shroudAFK shroudAFK shroudAFK shroudAFK shroudAFK shroudAFK,neither,0.03945320844208391,0.33037608806864915,0.630170703489267
shroudAFK shroudAFK shroudAFK shroudAFK shroudAFK shroudAFK shroudAFK shroudAFK shroudAFK,neither,0.03945320844208391,0.33037608806864915,0.630170703489267
Legggoo,neither,0.03945320844208391,0.33037608806864915,0.630170703489267
!discord,neither,0.03945320844208391,0.33037608806864915,0.630170703489267
"@Gingie93, Mike has created a new subscriber discord server! Feel free to join the official discord server by connecting your twitch account to discord in your user settings, then choose connections and join Shrowdy Rowdy 2.0! Check this GIF if you're struggling - https://goo.gl/dz95Vv",neither,0.06892717291510825,0.3094515353031996,0.621621291781692
POGGERS,neither,0.03945320844208391,0.33037608806864915,0.630170703489267
"@kopitarrules2 I can name you a whole list, but I'm not going to do it.. Nobody has surpassed Ninja. Prove me wrong.",neither,0.03894427763626958,0.4620258306234714,0.499029891740259
@PhilipCy EHH WAT EVER,neither,0.03945320844208391,0.33037608806864915,0.630170703489267
@horizontol stoopid,neither,0.03945320844208391,0.33037608806864915,0.630170703489267
shroudAFK shroudAFK shroudAFK shroudAFK shroudAFK shroudAFK shroudAFK shroudAFK shroudAFK shroudAFK shroudAFK shroudAFK shroudAFK,neither,0.03945320844208391,0.33037608806864915,0.630170703489267
ggfWeGood ggfWeGood ggfWeGood,neither,0.03945320844208391,0.33037608806864915,0.630170703489267
@racyyellowyeti @Jooksz Clap,neither,0.03945320844208391,0.33037608806864915,0.630170703489267
every streamer is good human :),neither,0.2548427403135083,0.14449576780469434,0.6006614918817975
!multi,neither,0.03945320844208391,0.33037608806864915,0.630170703489267
"@domesplittr, https://multistre.am/shroud/just9n/chad/chocotaco",neither,0.03925245434493639,0.3304451366083582,0.6303024090467053
shroudHmm shroudHmm shroudHmm shroudHmm shroudHmm shroudHmm shroudHmm shroudHmm shroudHmm shroudHmm shroudHmm shroudHmm shroudHmm shroudHmm shroudHmm shroudHmm shroudHmm shroudHmm shroudHmm shroudHmm,neither,0.03945320844208391,0.33037608806864915,0.630170703489267
"@adwyer4 4, this is the 3rd now",neither,0.04747156086899954,0.3113606310811551,0.6411678080498454
Ninja Sux LUL,neither,0.03945320844208391,0.33037608806864915,0.630170703489267
shroud4Head shroud4Head shroud4Head shroud4Head,neither,0.03945320844208391,0.33037608806864915,0.630170703489267
@thephotofromcozumel good fun with 100k on the line. he's rich but 25k is still 25k.,neither,0.03442321945036236,0.3657340798247635,0.5998427007248741
clovenLemonGrab the sound echo and broken music,neither,0.03828565290470795,0.2901847662090242,0.6715295808862678
Left side shroud Kreygasm,neither,0.03244585483901871,0.38139694226033466,0.5861572029006465
shroud and the boys put in work to win this and so he deserves it,neither,0.04479153065222408,0.29379734809179825,0.6614111212559778
Chat u cute shroudHmm,neither,0.041682280682993296,0.29254291472543487,0.6657748045915718
I love this team,neither,0.035347010901617945,0.35135410054850397,0.6132988885498781
@isophia Thanks!,neither,0.035884468650613,0.3004919205142699,0.6636236108351171
@dlib_ Shroud isn't better... FailFish,neither,0.03945320844208391,0.33037608806864915,0.630170703489267
shroudTHICC shroudTHICC shroudTHICC,neither,0.03945320844208391,0.33037608806864915,0.630170703489267
Fortnite is obviously better than pubg and blackout duh,neither,0.04402319235482491,0.306316081064544,0.6496607265806312
New users on Postmates get $100 in free delivery with code 'SHROUD'! https://t.co/Lcfq8GkGKz shroudHype,neither,0.03326933434814068,0.3127855011129714,0.6539451645388881
@horizontol OMEGALUL get out,neither,0.029698830301169855,0.3844210954937732,0.5858800742050568
Kill the coms nrageREEE,hate_speech,0.7454791067572198,0.06189922843395018,0.19262166480882992
CUTE CHAT AYAYA Clap,neither,0.04112425742389036,0.30201402575706915,0.6568617168190405
csgo but battleroyale,neither,0.03554640362431945,0.3420745348705892,0.6223790615050914
Courage was wearing his headset backwards for the first 20 minutes LUL His sound was reversed LUL LUL,neither,0.048961660493068,0.3190155914205951,0.632022748086337
@omgezjonesy thank you!!,neither,0.07325166854587051,0.43632638485078484,0.49042194660334476
AYAYA,neither,0.03945320844208391,0.33037608806864915,0.630170703489267
AYAYA Clap,neither,0.03945320844208391,0.33037608806864915,0.630170703489267
CUTE CHAT AUAYAYAYA,neither,0.041682280682993296,0.29254291472543487,0.6657748045915718
LeftShroud BestShroud Kreygasm,neither,0.03945320844208391,0.33037608806864915,0.630170703489267
AYAYA,neither,0.03945320844208391,0.33037608806864915,0.630170703489267
"@autofocused i mean he obviously wants to win, but he's not gonna rage quit and stop streaming",neither,0.0446301651735623,0.3725863273513056,0.582783507475132
"@GonzaloGutierrez on no, really? LUL",neither,0.035914901281535815,0.35736604823346985,0.6067190504849943
"@Horizontol look at the current scores, i think a few people have surpassed him Kappa",neither,0.05531644106653042,0.3342187255593683,0.6104648333741013
"@dlib_ shroud is a pro in other games as much as ninja is a pro at fortnite, shroud practiced this game more so its obvious why he would be winning",neither,0.03681765344423214,0.367466682101442,0.5957156644543259
how is this so far? he enjoying it?,neither,0.049957374316700075,0.36586015414602974,0.5841824715372703
WutFace,neither,0.03945320844208391,0.33037608806864915,0.630170703489267
music is so loud,neither,0.04857250678539806,0.37686187898002266,0.5745656142345793
what happened to j9 being with mike,neither,0.03477546604784195,0.379922604755919,0.585301929196239
@boomshine8 Clap,neither,0.03945320844208391,0.33037608806864915,0.630170703489267
Shroud is better than Mike Kappa,neither,0.04555745323149358,0.33429387168890956,0.6201486750795968
@horizontol your points are vague.. ninja has even said it himself that shroud has better aim..,neither,0.06667244858746625,0.32477453179825455,0.6085530196142792
"@affex12 oof, did I trigger a shroud fanboy?",neither,0.03945320844208391,0.33037608806864915,0.630170703489267
v kh,neither,0.03945320844208391,0.33037608806864915,0.630170703489267
ello,neither,0.03945320844208391,0.33037608806864915,0.630170703489267
WutFace,neither,0.03945320844208391,0.33037608806864915,0.630170703489267
shroud4Head shroud4Head shroud4Head,neither,0.03945320844208391,0.33037608806864915,0.630170703489267
why no points / statusfeed?,neither,0.02603134994422112,0.36557451785998785,0.6083941321957911
@j0hny01 LUL,neither,0.03945320844208391,0.33037608806864915,0.630170703489267
"@nosties Yea, he tweeted about it OMEGALUL",neither,0.0413965051946717,0.35883870404860174,0.5997647907567265
gachiCUTE,neither,0.03945320844208391,0.33037608806864915,0.630170703489267
shroudJ shroudHyper shroudW shroudJ,neither,0.03945320844208391,0.33037608806864915,0.630170703489267
"@horizontol yep, and fck you",neither,0.05553105546805257,0.33092415623658106,0.6135447882953665
@Horizontol says the person subbed to shroud,neither,0.044440115051922725,0.31308346002899473,0.6424764249190825
@GonzaloGutierrez damn LUL,offensive_language,0.04488105798507942,0.8191309442030206,0.1359879978119
Lol Shroud doesnt need practice to win brah,neither,0.03801319888399846,0.3644897296117939,0.5974970715042077
lovew uuuu,neither,0.03945320844208391,0.33037608806864915,0.630170703489267
shroudJ shroudM shroudJ shroudM shroudJ shroudM shroudJ,neither,0.03945320844208391,0.33037608806864915,0.630170703489267
Imagine subbing to shroud to flex how good Ninja is LUL,neither,0.05158319775806121,0.32442290473180224,0.6239938975101366
"@Horizontol Shroud was a CSGO Pro in a top 5 team before streaming, Ninja was a console ""pro"" before streaming smh",neither,0.0408901096608309,0.3732030764743827,0.5859068138647865
"Give me that jersey, Shroud. :)",neither,0.02810793657666237,0.41625630835677746,0.5556357550665602
!multi,neither,0.03945320844208391,0.33037608806864915,0.630170703489267
"@baibhavraj, https://multistre.am/shroud/just9n/chad/chocotaco",neither,0.03925245434493639,0.3304451366083582,0.6303024090467053
shroudDinner,neither,0.03945320844208391,0.33037608806864915,0.630170703489267
shroudHype shroudHype shroudHype shroudHype shroudHype,neither,0.03945320844208391,0.33037608806864915,0.630170703489267
shroudHmm shroudHmm that music,neither,0.03323004724845472,0.3987249581255167,0.5680449946260284
Flowmotion is better then J9 Kappa,neither,0.04734863232018256,0.3276604897475519,0.6249908779322656
"@kopitarrules2 Ninja has, but he never said shroud has more skills than hom. Because that's what Ninj has over a lot of players.",neither,0.038769921667859024,0.3579520209174235,0.6032780574147175
I missed you dad,neither,0.059893780401809864,0.38719240085144535,0.5529138187467448
