text,top_class,hate_speech,offensive_language,neither
no delay Pog,neither,0.036918905254960256,0.37338982715841207,0.5896912675866277
WE BACK,neither,0.039166053543719236,0.33524985610846453,0.6255840903478163
WE BACK,neither,0.039166053543719236,0.33524985610846453,0.6255840903478163
WE ARE BACK,neither,0.08811033486161277,0.2597640706658902,0.6521255944724972
Fallouuuuuuuutv shroudHey shroudHey shroudHey shroudHey shroudHey,neither,0.03945320844208391,0.33037608806864915,0.630170703489267
@TahoeBeast Delay,neither,0.03945320844208391,0.33037608806864915,0.630170703489267
Pog fallout,neither,0.03945320844208391,0.33037608806864915,0.630170703489267
76? :),neither,0.03945320844208391,0.33037608806864915,0.630170703489267
Yo... you have more viewers than Ninja. Sick.,neither,0.05146097036929777,0.41941776985136053,0.5291212597793418
Jebaited,neither,0.03945320844208391,0.33037608806864915,0.630170703489267
TELEPORTED HandsUp,neither,0.03945320844208391,0.33037608806864915,0.630170703489267
PogU,neither,0.03945320844208391,0.33037608806864915,0.630170703489267
shroudThump,neither,0.03945320844208391,0.33037608806864915,0.630170703489267
we back,neither,0.039166053543719236,0.33524985610846453,0.6255840903478163
POG POG POG POG,neither,0.03945320844208391,0.33037608806864915,0.630170703489267
Ah thanks,neither,0.036849678133627814,0.3085744604586018,0.6545758614077704
we back? Pog,neither,0.039166053543719236,0.33524985610846453,0.6255840903478163
We back boys don’t worry,neither,0.03930341168419246,0.33291852998845284,0.6277780583273548
we are the ghosts of 2 minutes past! @shroud,neither,0.06325659277438916,0.27401046392932743,0.6627329432962834
@shroud no losers bracket?,neither,0.03842954017414374,0.34775041013688707,0.6138200496889692
WHAT WAS THE SCORE,neither,0.04483037071063437,0.30910527830363876,0.646064350985727
@SeductiveBanana shroudH,neither,0.03945320844208391,0.33037608806864915,0.630170703489267
shroudHmm,neither,0.03945320844208391,0.33037608806864915,0.630170703489267
stream is back,neither,0.04866475569084044,0.3272078145687525,0.6241274297404071
LUL,neither,0.03945320844208391,0.33037608806864915,0.630170703489267
We back,neither,0.039166053543719236,0.33524985610846453,0.6255840903478163
LUL,neither,0.03945320844208391,0.33037608806864915,0.630170703489267
POG,neither,0.03945320844208391,0.33037608806864915,0.630170703489267
LUL LUL LUL LUL,neither,0.03945320844208391,0.33037608806864915,0.630170703489267
just9nD just9nD just9nD just9nD,neither,0.03945320844208391,0.33037608806864915,0.630170703489267
LUL,neither,0.03945320844208391,0.33037608806864915,0.630170703489267
PepeHands,neither,0.03945320844208391,0.33037608806864915,0.630170703489267
@yoaydrian yo wtf,offensive_language,0.04349557694201511,0.8026099823266297,0.15389444073135516
lost to Doc OMEGALUL,neither,0.04683650260575723,0.3260748885720901,0.6270886088221527
lmao doc interrupted by ads,neither,0.03953389914389075,0.3738706023912931,0.5865954984648163
LUL,neither,0.03945320844208391,0.33037608806864915,0.630170703489267
doctorDANCE doctorDANCE doctorDANCE doctorDANCE doctorDANCE doctorDANCE doctorDANCE doctorDANCE doctorDANCE doctorDANCE doctorDANCE doctorDANCE doctorDANCE doctorDANCE doctorDANCE doctorDANCE doctorDANCE,neither,0.03945320844208391,0.33037608806864915,0.630170703489267
who won?,neither,0.04061417405158025,0.44294463029151515,0.5164411956569047
LUL,neither,0.03945320844208391,0.33037608806864915,0.630170703489267
SOOOOOOOOO RIGGED,neither,0.03945320844208391,0.33037608806864915,0.630170703489267
shroudThump shroudThump shroudThump,neither,0.03945320844208391,0.33037608806864915,0.630170703489267
HE THREW,neither,0.047411426400912324,0.32763889198372853,0.6249496816153592
SeductiveBanana kurib shroudHey shroudH,neither,0.03945320844208391,0.33037608806864915,0.630170703489267
720p LULW 720p LULW 720p LULW,neither,0.03945320844208391,0.33037608806864915,0.630170703489267
stream up,neither,0.03635641562019727,0.3937768671741043,0.5698667172056985
THE SAME DOC SMH,neither,0.053309702291247464,0.3167298965001244,0.6299604012086282
you forgot a sensor dart,neither,0.0706864099480714,0.41396683955524866,0.51534675049668
shroudW shroudW shroudW,neither,0.03945320844208391,0.33037608806864915,0.630170703489267
Dono LUL,neither,0.03945320844208391,0.33037608806864915,0.630170703489267
DONO STFU,offensive_language,0.20022954135558085,0.45199920488637724,0.3477712537580419
@sparta_knight shroudH,neither,0.03945320844208391,0.33037608806864915,0.630170703489267
DIDNT MENTION THE THROW,neither,0.038622893777239736,0.31521613078782557,0.6461609754349349
hey broys,neither,0.03945320844208391,0.33037608806864915,0.630170703489267
YO,offensive_language,0.04010381111145228,0.5271105317972344,0.4327856570913131
DOC OMEGALUL,neither,0.03945320844208391,0.33037608806864915,0.630170703489267
Doc payed Shrouud to throw,neither,0.045067347098259936,0.32707916692891376,0.6278534859728263
he stayed same spot for like 2 hours,neither,0.04690803668153559,0.3219208900728943,0.63117107324557
@shroud why did yoaydrian get unmodded PepeHands,neither,0.023857846919892022,0.3658842678951837,0.6102578851849243
T O X I C,neither,0.03945320844208391,0.33037608806864915,0.630170703489267
UPSET,neither,0.03945320844208391,0.33037608806864915,0.630170703489267
Mike has partnered with Madrinas Coffee! Use code 'SHROUD' for 40% off your online order shroudyC https://madrinascoffee.com/shroud,neither,0.028924841216797822,0.2923385662958248,0.6787365924873774
LULW,neither,0.03945320844208391,0.33037608806864915,0.630170703489267
Allaho Akber <3,neither,0.03945320844208391,0.33037608806864915,0.630170703489267
shroudThump,neither,0.03945320844208391,0.33037608806864915,0.630170703489267
https://clips.twitch.tv/AltruisticSleepyBobaDancingBaby?tt_content=video_title,neither,0.03945320844208391,0.33037608806864915,0.630170703489267
GGs,neither,0.03945320844208391,0.33037608806864915,0.630170703489267
fallout time,neither,0.03821333703971211,0.3514199415734102,0.6103667213868778
@yoaydrian what happened? shroudThump,neither,0.04722295797655572,0.3248777811305592,0.6278992608928851
LuL Dono,neither,0.03945320844208391,0.33037608806864915,0.630170703489267
dono LUL,neither,0.03945320844208391,0.33037608806864915,0.630170703489267
shroudDoo,neither,0.03945320844208391,0.33037608806864915,0.630170703489267
god damnit,neither,0.03945320844208391,0.33037608806864915,0.630170703489267
that DONO LUL,neither,0.035126807190173845,0.3775266654705279,0.5873465273392982
stream up!!!!,neither,0.03635641562019727,0.3937768671741043,0.5698667172056985
RIGGGGGGEEEEDDDD,neither,0.03945320844208391,0.33037608806864915,0.630170703489267
Dono thats why you were in the tourny OMEGALUL,neither,0.04079471986498159,0.35556482676221957,0.6036404533727989
!bracket,neither,0.03945320844208391,0.33037608806864915,0.630170703489267
"@swifffff, Mike is playing the Code Red Live tourney together with Skadoodle! $20,000 on the line, more info and brackets: https://boom.tv/codered shroudHype",neither,0.03784594111045663,0.31502740114407846,0.647126657745465
T O X I C D O N O S OMEGALUL,neither,0.03945320844208391,0.33037608806864915,0.630170703489267
shroudHmm shroudHmm,neither,0.03945320844208391,0.33037608806864915,0.630170703489267
just9nD just9nD just9nD just9nD just9nD,neither,0.03945320844208391,0.33037608806864915,0.630170703489267
i lost $500 because of you shroud,neither,0.05563200506436889,0.3760201057952185,0.5683478891404128
Toxic dono,neither,0.03945320844208391,0.33037608806864915,0.630170703489267
PepeHands,neither,0.03945320844208391,0.33037608806864915,0.630170703489267
Dono OMEGALULW,neither,0.03945320844208391,0.33037608806864915,0.630170703489267
shroudOverit,neither,0.03945320844208391,0.33037608806864915,0.630170703489267
just9nCB just9n4Head just9nFeet,neither,0.03945320844208391,0.33037608806864915,0.630170703489267
Dono more upset than mike is OMEGALUL,neither,0.04807524433018389,0.32606400473233643,0.6258607509374797
PepeHands,neither,0.03945320844208391,0.33037608806864915,0.630170703489267
dumb dono,neither,0.03945320844208391,0.33037608806864915,0.630170703489267
DID DONO JUST SAY HE THREW CODE RED???,neither,0.03968580252614002,0.34402867770233186,0.6162855197715281
Dono yikes,neither,0.03945320844208391,0.33037608806864915,0.630170703489267
stream up,neither,0.03635641562019727,0.3937768671741043,0.5698667172056985
Doc needs it more than you! lul,neither,0.05108363885216946,0.3627269181370784,0.5861894430107522
shroudTHICC shroudTHICC,neither,0.03945320844208391,0.33037608806864915,0.630170703489267
gg guys,neither,0.03922184957078739,0.3343028519130907,0.6264752985161218
RIGGED,neither,0.03945320844208391,0.33037608806864915,0.630170703489267
not enough money for a new pair of shoes PepeHands,neither,0.03646418000624444,0.24661397968272178,0.7169218403110338
"GG Skadoodle, ya did ya best. shroudThump",offensive_language,0.019288509732331576,0.7056185861045497,0.27509290416311877
"I think u would have killed him if u took the fight, u had SDM",neither,0.025835758240748862,0.3556893968206692,0.618474844938582
just9nD just9nD just9nD,neither,0.03945320844208391,0.33037608806864915,0.630170703489267
@YoAydrian hey shroudH shroudHey,neither,0.03945320844208391,0.33037608806864915,0.630170703489267
Check out Mike's Instagram account - http://www.instagram.com/shroud :D,neither,0.03410941730160631,0.30554211570058515,0.6603484669978086
flowmotion would have carried,neither,0.038234928757896615,0.3342690194982275,0.6274960517438759
no losers bracket?,neither,0.03842954017414374,0.34775041013688707,0.6138200496889692
lurnToxic lurnToxic lurnToxic lurnToxic just9nTox just9nTox just9nTox just9nTox just9nTox just9nTox just9nTox just9nTox just9nTox,neither,0.03945320844208391,0.33037608806864915,0.630170703489267
Ska needed that money more than you shroud. Ever think of that,neither,0.04621407396316106,0.42171641243267954,0.5320695136041594
PartyPopper PartyPopper,neither,0.03945320844208391,0.33037608806864915,0.630170703489267
Dono moon2O moon2O moon2O moon2O,neither,0.03945320844208391,0.33037608806864915,0.630170703489267
@robocopjb really?,neither,0.03945320844208391,0.33037608806864915,0.630170703489267
must wake up in 3 hours PepeHands,neither,0.03790237104086897,0.36445397238485666,0.5976436565742744
Fallout shroudH shroudH shroudH,neither,0.03945320844208391,0.33037608806864915,0.630170703489267
GGS,neither,0.03945320844208391,0.33037608806864915,0.630170703489267
Doc's wig almost fell off,neither,0.03703966779972999,0.3713401716085422,0.5916201605917278
WutFace,neither,0.03945320844208391,0.33037608806864915,0.630170703489267
grandad disrespect gets carried in everything its cool guys shroud4Head shroud4Head shroud4Head doctorNOSEDRIP doctorNOSEDRIP doctorNOSEDRIP,neither,0.03539455984269449,0.3330222920668664,0.631583148090439
NT,neither,0.03945320844208391,0.33037608806864915,0.630170703489267
@t0astyyyy shroudH,neither,0.03945320844208391,0.33037608806864915,0.630170703489267
who won?,neither,0.04061417405158025,0.44294463029151515,0.5164411956569047
"PAYMENT RECEIVE, NT LUL",neither,0.03945320844208391,0.33037608806864915,0.630170703489267
just9nD just9nD just9nD just9nD,neither,0.03945320844208391,0.33037608806864915,0.630170703489267
@shashank1388 oh shut up kid,neither,0.05946765633179918,0.3152804554673214,0.6252518882008793
gg man @shroud,offensive_language,0.040018442559345856,0.5018538837344726,0.4581276737061815
that was a fun tourny,neither,0.03387057044580123,0.3925599113016018,0.573569518252597
@SeductiveBanana not sure D:,offensive_language,0.029776164442631387,0.5255371837704355,0.4446866517869332
you got so unlucky with those last 2 drops.... sooo unlucky,neither,0.06038460189705996,0.4175941215807082,0.5220212765222318
DONO FACTS,neither,0.03945320844208391,0.33037608806864915,0.630170703489267
its all good,neither,0.03215703342594684,0.45292238725906814,0.514920579314985
PepeHands,neither,0.03945320844208391,0.33037608806864915,0.630170703489267
HAHAHA,neither,0.03945320844208391,0.33037608806864915,0.630170703489267
U KINDA DID,neither,0.03945320844208391,0.33037608806864915,0.630170703489267
wait did he lose?,neither,0.04522306536882318,0.32839156969127764,0.6263853649398993
im so upset and angry at the samme time @shroud,neither,0.035781976457610935,0.37941377190608305,0.584804251636306
New users on Postmates get $100 in free delivery with code 'SHROUD'! https://t.co/Lcfq8GkGKz shroudHype,neither,0.03326933434814068,0.3127855011129714,0.6539451645388881
oh wow,neither,0.04699983224225219,0.25967008852857676,0.6933300792291711
@shroud it was the lack of delicous coffee,neither,0.04530995353897071,0.17163049022190166,0.7830595562391277
@shashank1388 lmao you're an idiot Ska is fine,neither,0.08687403869509572,0.3498534158026083,0.563272545502296
shroudyC Have you ever wanted to drink coffee that actually tastes good? DRINK MADRINAS! shroudyC,neither,0.05614256509987063,0.2859943989147845,0.6578630359853449
if you ain't third your last,offensive_language,0.03280207901982878,0.6397452194021397,0.3274527015780315
shroud4Head doctorNOSEDRIP,neither,0.03945320844208391,0.33037608806864915,0.630170703489267
FALLOUT WOOO,neither,0.03945320844208391,0.33037608806864915,0.630170703489267
3k for 3rd place tho,neither,0.03408201012385712,0.2740140639275108,0.691903925948632
KKoooona FALLOUT,neither,0.03945320844208391,0.33037608806864915,0.630170703489267
LUL,neither,0.03945320844208391,0.33037608806864915,0.630170703489267
LUL,neither,0.03945320844208391,0.33037608806864915,0.630170703489267
just9nD just9nD just9nD just9nD just9nD,neither,0.03945320844208391,0.33037608806864915,0.630170703489267
LUL,neither,0.03945320844208391,0.33037608806864915,0.630170703489267
@shroud 3rd still pays out doesnt it?,neither,0.03469346093518039,0.353729627201034,0.6115769118637855
@yoaydrian PepeHands,neither,0.03945320844208391,0.33037608806864915,0.630170703489267
doc knows shroud is the best just let him have it,neither,0.02771245097616043,0.3578302983963567,0.6144572506274829
Welll the way hes talking about it he might have,neither,0.04012123890185687,0.3454498505915178,0.6144289105066254
LUL,neither,0.03945320844208391,0.33037608806864915,0.630170703489267
LUL,neither,0.03945320844208391,0.33037608806864915,0.630170703489267
shroud,neither,0.03945320844208391,0.33037608806864915,0.630170703489267
hahahaha true,neither,0.03945320844208391,0.33037608806864915,0.630170703489267
@maietmadao get your priorities together bro,neither,0.06635098131903117,0.3305017018933937,0.6031473167875753
"Its all good, its rng @shroud",neither,0.029164671159563414,0.4087309040271376,0.562104424813299
LUL,neither,0.03945320844208391,0.33037608806864915,0.630170703489267
!,neither,0.03945320844208391,0.33037608806864915,0.630170703489267
shroudWat,neither,0.03945320844208391,0.33037608806864915,0.630170703489267
Gg fuck it,offensive_language,0.26505060318875345,0.7349493816862395,1.512500712348186e-08
hes really not LUL,neither,0.03833054733847727,0.3345856705146808,0.6270837821468419
BEAT HIS ASS FOREVER FROM NOW ON,offensive_language,0.15971692611101238,0.8335508939575066,0.006732179931481155
"you tried so hard, and got so farrrrr, but in the end, it doesnt even matterrrrr",offensive_language,0.036626368858017753,0.563534160200239,0.3998394709417433
true,neither,0.03945320844208391,0.33037608806864915,0.630170703489267
shroud4Head doctorNOSEDRIP shroud4Head doctorNOSEDRIP shroud4Head doctorNOSEDRIP shroud4Head doctorNOSEDRIP shroud4Head doctorNOSEDRIP shroud4Head doctorNOSEDRIP shroud4Head doctorNOSEDRIP shroud4Head doctorNOSEDRIP shroud4Head doctorNOSEDRIP shroud4Head doctorNOSEDRIP shroud4Head doctorNOSEDRIP shroud4Head doctorNOSEDRIP shroud4Head doctorNOSEDRIP shroud4Head doctorNOSEDRIP shroud4Head doctorNOSEDRIP shroud4Head doctorNOSEDRIP shroud4Head doctorNOSEDRIP shroud4Head doctorNOSEDRIP,neither,0.03945320844208391,0.33037608806864915,0.630170703489267
chat is sooo salty,neither,0.04635682017128998,0.3280016194256998,0.6256415604030103
Content that will live forever,neither,0.04102816674726958,0.3437743454290462,0.6151974878236841
1 Guy subbed $50k to Shroud ?,neither,0.044256107097342,0.3332676674469239,0.622476225455734
LUL,neither,0.03945320844208391,0.33037608806864915,0.630170703489267
@shroud 3k still,neither,0.0384701709952264,0.34706079906512094,0.6144690299396526
doc got carried anyway,neither,0.03844403595273714,0.3665893673846824,0.5949665966625803
hi,neither,0.03945320844208391,0.33037608806864915,0.630170703489267
priceless,neither,0.03945320844208391,0.33037608806864915,0.630170703489267
just9nD just9nD,neither,0.03945320844208391,0.33037608806864915,0.630170703489267
that's cool @shroud good sport sir,neither,0.035841026549698556,0.3643975109813598,0.5997614624689417
!GOAT,neither,0.03945320844208391,0.33037608806864915,0.630170703489267
Your hair looks like it smells good.,neither,0.07768302545718864,0.33663004965748833,0.5856869248853231
its gonna be a meme forever,neither,0.03400806465913085,0.375256697105835,0.5907352382350342
Shroud thats what loosing feels like,neither,0.05376266079367457,0.33981185375807593,0.6064254854482495
shroudOverit shroudOverit,neither,0.03945320844208391,0.33037608806864915,0.630170703489267
shroud4Head just9nD,neither,0.03945320844208391,0.33037608806864915,0.630170703489267
YES IT IS,neither,0.0504428408951861,0.3265962495318096,0.6229609095730043
why it only 720p right now?,neither,0.024819078566147866,0.37112555353749965,0.6040553678963525
thats true,neither,0.03945320844208391,0.33037608806864915,0.630170703489267
"it was still fun to watch. missed that 20 bomb, went back and watched it. crazy!",neither,0.035148700633171936,0.3928994701673441,0.5719518291994841
for BOTH,neither,0.03044363318201567,0.28550838664822,0.6840479801697643
@xenonamous you must be fun at parties kiddo. Ever heard of sarcasm,neither,0.0522855387329043,0.37593621920268616,0.5717782420644096
good evening!,neither,0.03869882722860525,0.3306355543605695,0.6306656184108252
even tho he got carried,neither,0.038391275617611444,0.39208473773705815,0.5695239866453304
shroudPalm shroudPalm,neither,0.03945320844208391,0.33037608806864915,0.630170703489267
"He's Thanking you, sincerely",neither,0.06950057760150269,0.3841949346330676,0.5463044877654297
"Doc is hilarious, you're a good sport @shroud",neither,0.076146565644611,0.3382467593607514,0.5856066749946376
@shroud you were talking that trash tho hahah,neither,0.047715009007856496,0.21549504013951162,0.7367899508526318
@deathdefy13 its not,neither,0.02733817789468886,0.3428103995237469,0.6298514225815642
lol,neither,0.020706217963973744,0.4882283491876925,0.4910654328483337
@secondedit PepeHands,neither,0.03945320844208391,0.33037608806864915,0.630170703489267
just9nD shroud4Head just9nD shroud4Head,neither,0.03945320844208391,0.33037608806864915,0.630170703489267
shroudW shroudW shroudW shroudW,neither,0.03945320844208391,0.33037608806864915,0.630170703489267
GG's Doc and Shroud got love for eachother,neither,0.031240730979632918,0.3211200465180987,0.6476392225022684
shroud4Head doctorNOSEDRIP shroud4Head doctorNOSEDRIP shroud4Head doctorNOSEDRIP shroud4Head doctorNOSEDRIP shroud4Head doctorNOSEDRIP shroud4Head doctorNOSEDRIP shroud4Head doctorNOSEDRIP shroud4Head doctorNOSEDRIP shroud4Head doctorNOSEDRIP shroud4Head doctorNOSEDRIP shroud4Head doctorNOSEDRIP shroud4Head doctorNOSEDRIP shroud4Head doctorNOSEDRIP shroud4Head doctorNOSEDRIP shroud4Head doctorNOSEDRIP shroud4Head doctorNOSEDRIP shroud4Head doctorNOSEDRIP shroud4Head doctorNOSEDRIP shroud4Head,neither,0.03945320844208391,0.33037608806864915,0.630170703489267
GG @shroud Good run,neither,0.038480864570714216,0.3307105217134273,0.6308086137158586
Yeet,neither,0.03945320844208391,0.33037608806864915,0.630170703489267
@deathdefy13 refresh it,neither,0.037828236809968684,0.3309349903269868,0.6312367728630445
doc is a god at cod,neither,0.045377110967013606,0.3476822171855354,0.606940671847451
THE DOC HAS BEATEN THE GOD Kappa,neither,0.03859809076373673,0.30598736553008676,0.6554145437061766
he's like oof oof dancing and what not lol almost lost his damn wig,offensive_language,0.0700033972298318,0.6448195120500209,0.2851770907201474
dropped half views,neither,0.03945320844208391,0.33037608806864915,0.630170703489267
"guys, you cant win em all. hes not gunna do any more of them if you guys keep being so salty and hating",neither,0.07667893635119896,0.43011448207741815,0.49320658157138286
Just lost 30k viewers jesus,neither,0.036336256026601926,0.3448846963361367,0.6187790476372613
YES ITS FOR THE MONEY IM FUVKING BROKEN,neither,0.028832088431780162,0.32079536136119136,0.6503725502070283
DOC got carried...Again! lol,neither,0.031280200549612266,0.4316776422210969,0.5370421572292909
dr disrespect talkin mad shit now tmseanPEPEPUMP,offensive_language,0.048037200099778396,0.942085399121944,0.0098774007782776
WHO WON THE TORNEY ?,neither,0.038813161169268015,0.40356112322851334,0.5576257156022186
"@shroud Doc is thanking you and doodle, sincerely",neither,0.05711812108424162,0.32819182030827304,0.6146900586074854
did shroud win the blackout torney?,neither,0.03865498901419189,0.31581500905087484,0.6455300019349333
GG Shroud you're still the best COD player,neither,0.05987421797677544,0.409435725509033,0.5306900565141917
@thescaring hey dickwad! Read and move on,neither,0.03599427165250031,0.3044913305326628,0.6595143978148368
WHO FUNDS THE TOURNEY??,neither,0.03900724476890695,0.3802713191788159,0.5807214360522771
@charlie_hazard thanks bb,neither,0.0372760594165796,0.3121449224273436,0.6505790181560769
@shashank1388 yeah that read real sarcastic bud,offensive_language,0.02202130078217719,0.5111235723429648,0.466855126874858
nice crouch shot its sexy,neither,0.0337591460830933,0.3323345372185663,0.6339063166983404
did shroud lose?,neither,0.03945320844208391,0.33037608806864915,0.630170703489267
he restarted the streams of course he loses views LUL,neither,0.04489439981250782,0.3194592265706277,0.6356463736168646
"guys, sometimes it's not about winning, but just about having fun shroudH",neither,0.031139429462336162,0.388553603746186,0.5803069667914778
haha shroud like nah f this,neither,0.04665116281098845,0.4376279532515149,0.5157208839374965
Shroud do the bed for SKADADDY!!!!!,neither,0.033009930962070215,0.2770266586485218,0.689963410389408
!codered,neither,0.03945320844208391,0.33037608806864915,0.630170703489267
"@Babeldude, Mike is playing the Code Red Live tourney together with Skadoodle! $20,000 on the line, more info and brackets: https://boom.tv/codered shroudHype",neither,0.03784594111045663,0.31502740114407846,0.647126657745465
shroud4Head shroud4Head shroud4Head shroud4Head shroud4Head shroud4Head shroud4Head shroud4Head shroud4Head shroud4Head,neither,0.03945320844208391,0.33037608806864915,0.630170703489267
doc beat em,neither,0.03945320844208391,0.33037608806864915,0.630170703489267
im gonna take a shower to wash off the defeat monkaS,neither,0.041866907496650785,0.3694728291625219,0.5886602633408272
@shroud Doc says firm handshakes,neither,0.03945320844208391,0.33037608806864915,0.630170703489267
doc plays viss,neither,0.03945320844208391,0.33037608806864915,0.630170703489267
I thought shrouds duo was ahead by 8 kills when doc and his duo were eliminated,neither,0.045760897906820794,0.3034059349930798,0.6508331671000993
just9nD FIRM HANDSHAKES,neither,0.03945320844208391,0.33037608806864915,0.630170703489267
@chat we know doc got carried we know shroud is better,neither,0.043060596998666184,0.35816549367169137,0.5987739093296425
@shashank1388 hey idiot the point of chat is to chat 4Head,neither,0.04755907108524212,0.3172098818229163,0.6352310470918415
Is this planet Mars?,neither,0.04693499967916269,0.32923475659193074,0.6238302437289066
@shroud yeah he ain't being sour about it,offensive_language,0.013841218250706862,0.5873708017558413,0.3987879799934518
@shroud mad?,neither,0.03945320844208391,0.33037608806864915,0.630170703489267
@xenonamous I can’t help stupid,neither,0.18337876978569542,0.17019191952933818,0.6464293106849663
@shroud Why is 720p now man?,neither,0.03317037634260559,0.4386789501750165,0.528150673482378
whats with the quality shroud ?,neither,0.028696205257956228,0.34976017127264886,0.621543623469395
Not 1080p60fps LULW,neither,0.03554889144452836,0.3454295093440936,0.619021599211378
lvl 12 Pog,neither,0.03945320844208391,0.33037608806864915,0.630170703489267
"Snapback hats are coming in November! Classic Tees have been restocked, get them while you can! Use code 'SHROUD' for 10% off https://www.jinx.com/shroud shroudTHICC",neither,0.03918366867149011,0.3602970447193039,0.6005192866092061
who won chat,neither,0.04016430541497683,0.4031442386298839,0.5566914559551392
shroudEZ shroudEZ shroudEZ,neither,0.03945320844208391,0.33037608806864915,0.630170703489267
refresh for 1080 u plebs,neither,0.03296554473014691,0.29799019813725613,0.669044257132597
REFRESH STREAM FOR 1080,neither,0.034419532190562624,0.30522846741096477,0.6603520003984725
I WAS JUST HERE FOR FALLOUT ANYWAY LUL,neither,0.05719611062558413,0.30219652823529614,0.6406073611391198
"@Ovysusu nope, dis apoint ted",neither,0.03945320844208391,0.33037608806864915,0.630170703489267
just9nD FIRM HANDSHAKES.,neither,0.03945320844208391,0.33037608806864915,0.630170703489267
it was a good game. proud of both of yall,neither,0.036248447083768384,0.3189560834834506,0.644795469432781
choooke,neither,0.03945320844208391,0.33037608806864915,0.630170703489267
Docs chat is ripping shroud apart,neither,0.04479934487043157,0.3285373066006333,0.6266633485289351
TS in 2018 LUL,neither,0.03945320844208391,0.33037608806864915,0.630170703489267
@S70RY restart stream,neither,0.03945320844208391,0.33037608806864915,0.630170703489267
Then he can be a 2X for real?,neither,0.03290842449219373,0.4013249276668411,0.5657666478409653
Who did you guys do in the tourney?,neither,0.06020638520250125,0.44279695148822357,0.496996663309275
refresh for 1080 guys,neither,0.03362033985494264,0.30359158082872906,0.6627880793163283
SO DONT BE COCKY,neither,0.03993736429878078,0.38406693546581666,0.5759957002354026
doctorHANDSHAKE doctorHANDSHAKE doctorHANDSHAKE doctorHANDSHAKE,neither,0.03945320844208391,0.33037608806864915,0.630170703489267
Shroud and Viss?,neither,0.03763944115734239,0.1918412352459551,0.7705193235967025
@shashank1388 you got that right. youre sitting in a chat spewing that LULW,neither,0.04856345264384425,0.44801746697535233,0.5034190803808035
@thescaring exactly bub,neither,0.03945320844208391,0.33037608806864915,0.630170703489267
@shroud how much did doc pay you?,neither,0.049283161084223516,0.3724474956364522,0.5782693432793243
the two time,neither,0.03742173968073769,0.3199541111672561,0.6426241491520063
What's your level in fallout?,neither,0.07433310550303672,0.3184028816595824,0.607264012837381
"@shroud Its fun to watch too, lots of action and shit talk LUL You were insane today too! GG",offensive_language,0.051119784454455204,0.858377369681431,0.09050284586411375
@themaster99 what's wrong with ts?,neither,0.030331385604761955,0.3790612428619136,0.5906073715333243
shroudOverit shroudOverit shroudOverit shroudOverit shroudOverit,neither,0.03945320844208391,0.33037608806864915,0.630170703489267
@shroud Are you going to BlizzCon tomorrow?,neither,0.12387868585933234,0.3514025567318281,0.5247187574088397
and shrouds chat is ripping doc so we're good,neither,0.05643986627128951,0.31262884550847675,0.6309312882202337
@themaster99 TS is way better than discord,neither,0.04945796198060918,0.3373487925201108,0.61319324549928
doc got carried anyway,neither,0.03844403595273714,0.3665893673846824,0.5949665966625803
whats with that bright red screen lol,neither,0.024873370195135115,0.42206543599750446,0.5530611938073605
Winning his own tourney 2 in a row shroudM,neither,0.0924431125392396,0.3210670247518518,0.5864898627089087
shroudHmm,neither,0.03945320844208391,0.33037608806864915,0.630170703489267
ANYONE KNOW WHO FUNDS THE TOURNEY?,neither,0.039088767222695504,0.37082949171461155,0.590081741062693
Has anyone been nuked yet?,neither,0.03953480836960704,0.3289911243397406,0.6314740672906524
thx refreshing for 1080 worked,neither,0.03401870767081349,0.3032308248257465,0.66275046750344
@remaxbiceps A lot to do but thank you LULW,neither,0.06475860305541617,0.39630087497729455,0.5389405219672893
The RNG on that last drop was awful,neither,0.040152668155796066,0.3618199187639878,0.5980274130802162
@TahoeBeast as normal,neither,0.03693805356470373,0.37306483036895915,0.5899971160663372
72p shroud,neither,0.03945320844208391,0.33037608806864915,0.630170703489267
"Why is it so bad that you lost to doc? Doc isn’t better than u but he’s not the worst either, let him have this win. Doc talks only good about you (when he’s not joking)",neither,0.03741649000727611,0.4217977860229133,0.5407857239698105
Sponsors fund it,neither,0.037770165237438216,0.33095496380368705,0.6312748709588748
720p,neither,0.03945320844208391,0.33037608806864915,0.630170703489267
Shroud and Viss nest Code Red,neither,0.03864854559732592,0.29550032939703713,0.6658511250056369
shroudTHICC shroudTHICC shroudTHICC shroudTHICC shroudTHICC shroudTHICC,neither,0.03945320844208391,0.33037608806864915,0.630170703489267
shroudTHICC shroudTHICC shroudTHICC shroudTHICC,neither,0.03945320844208391,0.33037608806864915,0.630170703489267
@matty19020 it's not 720 dumbass,offensive_language,0.03772872595104232,0.5071952633870195,0.45507601066193826
refresh for 1080p,neither,0.03296554473014691,0.29799019813725613,0.669044257132597
@xenonamous you’re the one falling for it.,neither,0.06428472362202245,0.3250440923285093,0.6106711840494682
@fuzepalmer Doc does,neither,0.024870212047411366,0.46740696089480477,0.5077228270577839
Refresh your browser for 1080P,neither,0.06383689215626011,0.28870713351450167,0.6474559743292383
shroudHey shroudHey shroudHey shroudHey shroudHey shroudHey shroudHey shroudHey,neither,0.03945320844208391,0.33037608806864915,0.630170703489267
@shroud what you think about that freak cooper situation? crazy shit,offensive_language,0.05218830933216228,0.9328405307448014,0.014971159923036298
Shroud do the bed for SKADADDY!!!!!,neither,0.033009930962070215,0.2770266586485218,0.689963410389408
..Refresh your browser for 1080P,neither,0.06383689215626011,0.28870713351450167,0.6474559743292383
@Penko1HP oh frick off,neither,0.04837080802988769,0.2476935611507561,0.7039356308193562
just9nD FIRM HANDSHAKES,neither,0.03945320844208391,0.33037608806864915,0.630170703489267
why 720p @shroud,neither,0.016768318525353994,0.3685911158159394,0.6146405656587067
Refresh stream LULW,neither,0.03945320844208391,0.33037608806864915,0.630170703489267
"just refresh your screen,",neither,0.06086940192940237,0.3419467415711474,0.5971838564994503
shroudHey shroudHey shroudHey shroudHey,neither,0.03945320844208391,0.33037608806864915,0.630170703489267
@matty19020 refresh dude,neither,0.03945320844208391,0.33037608806864915,0.630170703489267
RAWR,neither,0.03945320844208391,0.33037608806864915,0.630170703489267
ARUUU,neither,0.03945320844208391,0.33037608806864915,0.630170703489267
Should live again?,neither,0.05973608125503679,0.4139313516652868,0.5263325670796764
@shashank1388 literally makes no sense. you're 50IQ If you think Ska or Shroud played for money LULW,neither,0.05174721028857929,0.38926271325071765,0.5589900764607031
monkaS,neither,0.03945320844208391,0.33037608806864915,0.630170703489267
shroudHey shroudHey shroudHey,neither,0.03945320844208391,0.33037608806864915,0.630170703489267
Doc didn't win....DougisRaw won,neither,0.027114182340482504,0.3680762511629095,0.6048095664966079
shroudHey,neither,0.03945320844208391,0.33037608806864915,0.630170703489267
@penko1hp thats what i say he always said shroud is the best,neither,0.05394162184068746,0.3483730574645324,0.5976853206947802
SO DOCS GUNNA PAY HIMSELF 20K,neither,0.03942087174380969,0.35891387266921304,0.6016652555869773
shroudHey shroudHey shroudHey shroudHey shroudHey,neither,0.03945320844208391,0.33037608806864915,0.630170703489267
shroudHey shroudHey shroudHey,neither,0.03945320844208391,0.33037608806864915,0.630170703489267
shroudHey shroudHey shroudHey shroudHey shroudHey,neither,0.03945320844208391,0.33037608806864915,0.630170703489267
guys refresh.. it will be 1080,neither,0.039746435777221596,0.31404904850758,0.6462045157151984
shroudHey shroudHey shroudHey shroudHey shroudHey shroudHey,neither,0.03945320844208391,0.33037608806864915,0.630170703489267
shroudHey shroudHey shroudHey shroudHey,neither,0.03945320844208391,0.33037608806864915,0.630170703489267
arooooooooooooooooo,neither,0.03945320844208391,0.33037608806864915,0.630170703489267
shroudHey shroudHey shroudHey shroudHey shroudHey shroudHey,neither,0.03945320844208391,0.33037608806864915,0.630170703489267
shroudHey shroudHey shroudHey,neither,0.03945320844208391,0.33037608806864915,0.630170703489267
!uptime,neither,0.03945320844208391,0.33037608806864915,0.630170703489267
shroudHey shroudHey shroudHey shroudHey shroudHey,neither,0.03945320844208391,0.33037608806864915,0.630170703489267
its okay its okay GG tho,neither,0.029263138194497103,0.3389797643796974,0.6317570974258057
LULW,neither,0.03945320844208391,0.33037608806864915,0.630170703489267
"@roboonwheels, Mike has been live for: 4 minutes, 34 seconds",neither,0.038293455266983904,0.30995644253943666,0.6517501021935793
shroudHey shroudHey shroudHey shroudHey shroudHey shroudHey shroudHey,neither,0.03945320844208391,0.33037608806864915,0.630170703489267
shroudHey,neither,0.03945320844208391,0.33037608806864915,0.630170703489267
arrrroooooooooooooooooooooooo,neither,0.03945320844208391,0.33037608806864915,0.630170703489267
shroudHey shroudHey shroudHey shroudHey shroudHey shroudHey,neither,0.03945320844208391,0.33037608806864915,0.630170703489267
shroudHey shroudH,neither,0.03945320844208391,0.33037608806864915,0.630170703489267
KappaPride,neither,0.03945320844208391,0.33037608806864915,0.630170703489267
shroudHey shroudHey shroudHey shroudHey,neither,0.03945320844208391,0.33037608806864915,0.630170703489267
REEEEEfresh,neither,0.03945320844208391,0.33037608806864915,0.630170703489267
shroudHey shroudHey shroudHey,neither,0.03945320844208391,0.33037608806864915,0.630170703489267
he's saying don't get too cocky,neither,0.035658672938036276,0.3432992390754499,0.621042087986514
Troy mad because your lost,neither,0.06526101427026895,0.3232156115895269,0.6115233741402041
FrankerZ FrankerZ FrankerZ FrankerZ FrankerZ FrankerZ,neither,0.03945320844208391,0.33037608806864915,0.630170703489267
GET HIM TROY,neither,0.03878887475097056,0.34165156457961915,0.6195595606694103
Aro,neither,0.03945320844208391,0.33037608806864915,0.630170703489267
rorororoooooooooooo,neither,0.03945320844208391,0.33037608806864915,0.630170703489267
shroudHey shroudHey shroudHey shroudHey shroudHey shroudHey shroudHey,neither,0.03945320844208391,0.33037608806864915,0.630170703489267
shroudHey,neither,0.03945320844208391,0.33037608806864915,0.630170703489267
"@Penko1HP he isn't saying that it is bad he lost to doc, he said he is glad that is who he lost to",neither,0.05752892751117796,0.37579760290511743,0.5666734695837046
shroudHey shroudHey shroudHey shroudHey shroudHey shroudHey shroudHey shroudHey shroudHey shroudHey shroudHey shroudHey shroudHey shroudHey shroudHey shroudHey shroudHey shroudHey shroudHey shroudHey shroudHey shroudHey shroudHey shroudHey shroudHey shroudHey shroudHey shroudHey shroudHey shroudHey shroudHey shroudHey shroudHey shroudHey shroudHey,neither,0.03945320844208391,0.33037608806864915,0.630170703489267
shroudDoo shroudDoo,neither,0.03945320844208391,0.33037608806864915,0.630170703489267
shroudW shroudM shroudHyper carson3Gottem,neither,0.03945320844208391,0.33037608806864915,0.630170703489267
he wants to playyyy,neither,0.0604547674131534,0.32073457182168785,0.6188106607651588
shroudHey shroudHey shroudDoo shroudHey shroudDoo shroudHey shroudDoo shroudHey shroudDoo shroudHey shroudDoo shroudHey,neither,0.03945320844208391,0.33037608806864915,0.630170703489267
shroudHey,neither,0.03945320844208391,0.33037608806864915,0.630170703489267
Gg shroud,neither,0.03945320844208391,0.33037608806864915,0.630170703489267
awww gooo boy,neither,0.03945320844208391,0.33037608806864915,0.630170703489267
bathroom break shroud,neither,0.03945320844208391,0.33037608806864915,0.630170703489267
you.,offensive_language,0.21217306638279385,0.6099082758190073,0.17791865779819876
shroudHey,neither,0.03945320844208391,0.33037608806864915,0.630170703489267
shroudHey shroudHey shroudHey,neither,0.03945320844208391,0.33037608806864915,0.630170703489267
he saying come here,neither,0.08702202266089035,0.31815228010977553,0.5948256972293341
shroudHey shroudHey shroudHey shroudHey shroudHey shroudHey shroudHey,neither,0.03945320844208391,0.33037608806864915,0.630170703489267
shroudHey shroudHey shroudHey shroudHey shroudHey shroudHey shroudHey shroudHey shroudHey,neither,0.03945320844208391,0.33037608806864915,0.630170703489267
play with meeee,neither,0.0224239371025857,0.39477495987263056,0.5828011030247837
shroudHey shroudHey shroudHey shroudHey,neither,0.03945320844208391,0.33037608806864915,0.630170703489267
shroudHey shroudHey shroudHey shroudHey shroudHey shroudHey shroudHey shroudHey shroudHey shroudHey shroudHey shroudHey,neither,0.03945320844208391,0.33037608806864915,0.630170703489267
shroudHey shroudHey shroudHey shroudHey,neither,0.03945320844208391,0.33037608806864915,0.630170703489267
shroudHey shroudHey shroudHey,neither,0.03945320844208391,0.33037608806864915,0.630170703489267
Troy upset you lost LULW,neither,0.053329614993418165,0.36983895746022466,0.5768314275463573
4Mansion 4Mansion 4Mansion,neither,0.03945320844208391,0.33037608806864915,0.630170703489267
Is he scared?,neither,0.06065540335836819,0.32308368099751616,0.6162609156441156
peepee time,neither,0.036668274527354654,0.377643684699956,0.5856880407726893
Kapp,neither,0.03945320844208391,0.33037608806864915,0.630170703489267
shroudHey,neither,0.03945320844208391,0.33037608806864915,0.630170703489267
shroudHey shroudHey shroudHey shroudHey shroudHey shroudHey shroudHey shroudHey shroudHey,neither,0.03945320844208391,0.33037608806864915,0.630170703489267
troyyyyy,neither,0.03945320844208391,0.33037608806864915,0.630170703489267
FBPass doctorNOSEDRIP FBBlock shroud4Head,neither,0.03945320844208391,0.33037608806864915,0.630170703489267
he needs to shit,offensive_language,0.06274699603223453,0.9371163957466531,0.00013660822111246835
shroudHey shroudHey shroudHey shroudHey shroudHey shroudHey,neither,0.03945320844208391,0.33037608806864915,0.630170703489267
shroudDoo shroudDoo shroudDoo shroudDoo shroudDoo shroudDoo,neither,0.03945320844208391,0.33037608806864915,0.630170703489267
shroudHey,neither,0.03945320844208391,0.33037608806864915,0.630170703489267
did he win,neither,0.04655505407466285,0.32793343769619476,0.6255115082291425
shroudHey shroudHey shroudHey shroudHey shroudHey,neither,0.03945320844208391,0.33037608806864915,0.630170703489267
he wants you to come there,neither,0.07505763876359056,0.3508029003154941,0.5741394609209153
shroudHey shroudHey shroudHey shroudHey shroudHey shroudHey,neither,0.03945320844208391,0.33037608806864915,0.630170703489267
shroudHey shroudHey shroudHey shroudHey shroudHey,neither,0.03945320844208391,0.33037608806864915,0.630170703489267
