text,top_class,hate_speech,offensive_language,neither
yeah!!!1,offensive_language,0.013968601452186464,0.5182923869769311,0.4677390115708824
We BACK,neither,0.039166053543719236,0.33524985610846453,0.6255840903478163
WB,neither,0.03945320844208391,0.33037608806864915,0.630170703489267
we back,neither,0.039166053543719236,0.33524985610846453,0.6255840903478163
we back,neither,0.039166053543719236,0.33524985610846453,0.6255840903478163
We're BACK,neither,0.0707855877519284,0.2891816921207498,0.6400327201273217
shroud4Head shroud4Head shroud4Head shroud4Head shroud4Head,neither,0.03945320844208391,0.33037608806864915,0.630170703489267
DADDDDDY!,neither,0.03945320844208391,0.33037608806864915,0.630170703489267
pog,neither,0.03945320844208391,0.33037608806864915,0.630170703489267
Saved,neither,0.03945320844208391,0.33037608806864915,0.630170703489267
badger13Love,neither,0.03945320844208391,0.33037608806864915,0.630170703489267
WE HAWT,neither,0.03928250105640122,0.33327343791445996,0.6274440610291387
tf,neither,0.03945320844208391,0.33037608806864915,0.630170703489267
shroudH shroudH shroudH shroudH shroudH,neither,0.03945320844208391,0.33037608806864915,0.630170703489267
shroud200 shroud200 shroud200 shroud200 shroud200,neither,0.03945320844208391,0.33037608806864915,0.630170703489267
shroud200 shroud200,neither,0.03945320844208391,0.33037608806864915,0.630170703489267
HE'S BABY BABY WOOoooooOOooOOOOoooOOo,neither,0.0448097420341084,0.3285337305392766,0.626656527426615
WE BACK? woopsYes,neither,0.039166053543719236,0.33524985610846453,0.6255840903478163
Who knows? Might as well build a new PC Kappa,neither,0.04080567676908493,0.33400496532745977,0.6251893579034554
rooKiss @mightyb2b,neither,0.03945320844208391,0.33037608806864915,0.630170703489267
WHO WON,neither,0.04061417405158025,0.44294463029151515,0.5164411956569047
delete ethat router,neither,0.03945320844208391,0.33037608806864915,0.630170703489267
yay,neither,0.03945320844208391,0.33037608806864915,0.630170703489267
we bak?,neither,0.039025862747262004,0.3376292597931679,0.6233448774595702
turn on the RTX in the router,neither,0.03383206331151846,0.3076723596008179,0.6584955770876636
what happened? @shroud,neither,0.04722295797655572,0.3248777811305592,0.6278992608928851
shroudThump shroudH shroudH shroudH shroudH shroudH,neither,0.03945320844208391,0.33037608806864915,0.630170703489267
YALL WON RIGHT,neither,0.03648058450355476,0.38373339027510767,0.5797860252213375
shroudy,neither,0.03945320844208391,0.33037608806864915,0.630170703489267
Buy a new Internet Kappa,neither,0.04242893650219236,0.25666426191853897,0.7009068015792687
routern't,neither,0.03945320844208391,0.33037608806864915,0.630170703489267
he buyin ram,neither,0.04398085520687103,0.3288188227282684,0.6272003220648605
Firmware update the router @shroud,neither,0.038248109054999424,0.30812809647739126,0.6536237944676092
New users on Postmates get $100 in free delivery with code 'SHROUD'! https://t.co/Lcfq8GkGKz shroudHype,neither,0.03326933434814068,0.3127855011129714,0.6539451645388881
buy a server Kappa,neither,0.03945320844208391,0.33037608806864915,0.630170703489267
Download more ram,neither,0.04102962638843845,0.3221327631076245,0.6368376105039372
"See, chat, I had to sacrifice the counters, it brought Mike back",neither,0.04243546989666004,0.3162825389585368,0.6412819911448031
WEBA DAD shroudWB shroudWB shroudWB,neither,0.03945320844208391,0.33037608806864915,0.630170703489267
i feel like some nerdy losers are trying to hack your internet or something,neither,0.07945522306668941,0.3133562309600534,0.6071885459732572
hi mike,neither,0.03945320844208391,0.33037608806864915,0.630170703489267
Router is being weird monkaS,neither,0.04292086506427218,0.3625550364683883,0.5945240984673394
Need the new RTX Router,neither,0.04293611811747372,0.17126860701898447,0.785795274863542
STREAM PC lost internet briefly,neither,0.03945320844208391,0.33037608806864915,0.630170703489267
ah hes back,neither,0.03945320844208391,0.33037608806864915,0.630170703489267
try upgrading your cpu cooler,neither,0.07553569905679183,0.3203387409077833,0.6041255600354248
"I have internet, will u want to buy my internet dad?",neither,0.03648300595873506,0.36912947022907805,0.5943875238121868
wow dude,neither,0.03945320844208391,0.33037608806864915,0.630170703489267
look whos alive,neither,0.04116277279391568,0.3297880904949508,0.6290491367111335
@PauloGuido lol,neither,0.020706217963973744,0.4882283491876925,0.4910654328483337
Overlay?,neither,0.03945320844208391,0.33037608806864915,0.630170703489267
dacT,neither,0.03945320844208391,0.33037608806864915,0.630170703489267
oof,neither,0.03945320844208391,0.33037608806864915,0.630170703489267
@deceitwithin thank you lord,neither,0.059460517649618946,0.39650130151009044,0.5440381808402905
): dont delete the counters,neither,0.03838403078119166,0.3107199010427001,0.6508960681761082
PowerUpL shroud4Head PowerUpR,neither,0.03945320844208391,0.33037608806864915,0.630170703489267
Pog money really does solve all problems,neither,0.029595076590226876,0.479247770285683,0.4911571531240902
Kapp,neither,0.03945320844208391,0.33037608806864915,0.630170703489267
Buy an internet company shroudSellout shroudSellout shroudSellout shroudSellout,neither,0.03973349024508388,0.3256189743945222,0.6346475353603939
Papi,neither,0.03945320844208391,0.33037608806864915,0.630170703489267
Not that im complaining - pure cam is kinda refreshing.,neither,0.04042826914032307,0.38147063554725424,0.5781010953124226
Sometimes i shit my pants just for fun :),offensive_language,0.030580673099712827,0.9635020832036604,0.005917243696626719
shroud have you ever considered just buying a new California/,neither,0.065807712554217,0.31240511441797675,0.6217871730278062
PowerUpL gachiGASM PowerUpR,neither,0.03945320844208391,0.33037608806864915,0.630170703489267
rip,neither,0.03945320844208391,0.33037608806864915,0.630170703489267
Hi,neither,0.03945320844208391,0.33037608806864915,0.630170703489267
shroudHey @x1ll3st,neither,0.03945320844208391,0.33037608806864915,0.630170703489267
@shroud tell your router to alostjJediGG alostjJediGG alostjJediGG alostjJediGG alostjJediGG alostjJediGG alostjJediGG alostjJediGG,neither,0.14036439834030737,0.29725030645401457,0.5623852952056781
well hi there,neither,0.039373930770620943,0.28218783083073784,0.6784382383986413
pure cam! ur owning,neither,0.05694774456152695,0.324358914874678,0.618693340563795
Hi,neither,0.03945320844208391,0.33037608806864915,0.630170703489267
just buy all the money,neither,0.0347291722221035,0.42043324954285566,0.5448375782350409
I'd be running multiple public IPs if I was a big streamer,neither,0.0182071120107414,0.4197409810733968,0.5620519069158618
@jerichofive That's great :),neither,0.030934395832104004,0.35752750176039405,0.611538102407502
so what happened?,neither,0.04651350743400465,0.38273785788463227,0.5707486346813632
"better yet, be the internet company LUL",neither,0.03912833019959583,0.32164009263776755,0.6392315771626367
ShroudCast Internet: 1gig down for all gachiGASM,neither,0.03391032866257638,0.36985836341389766,0.5962313079235261
port for your streaming pc die too? @shroud,neither,0.14668066257209353,0.18002937039261907,0.6732899670352875
@Shroud Just do a firmware update,neither,0.03565028683724753,0.35510027589359733,0.6092494372691551
well hi there LUL,neither,0.039386500499389715,0.2950385348503194,0.6655749646502909
shroudDoo,neither,0.03945320844208391,0.33037608806864915,0.630170703489267
I just talked to POTUS Trump and he said to build a wall between yourself and the router,neither,0.045174342136263104,0.2905228952277992,0.6643027626359377
shroudThump shroudThump shroudThump shroudThump shroudThump shroudThump,neither,0.03945320844208391,0.33037608806864915,0.630170703489267
WE BACK BOIS,neither,0.03929258263871214,0.3331023271518106,0.6276050902094774
I LOVE YOU SHROOD,offensive_language,0.079837142191777,0.5038574454704381,0.4163054123377849
kinda yeah,neither,0.02043795716048873,0.46557387288902896,0.5139881699504822
hello papi,neither,0.03945320844208391,0.33037608806864915,0.630170703489267
shroudHowl shroudHowl shroudHowl shroudHowl shroudHowl shroudHowl shroudHowl shroudHowl,neither,0.03945320844208391,0.33037608806864915,0.630170703489267
saved,neither,0.03945320844208391,0.33037608806864915,0.630170703489267
WE BACK BOIS,neither,0.03929258263871214,0.3331023271518106,0.6276050902094774
we live,neither,0.04675156173251523,0.3319383047908141,0.6213101334766706
we live,neither,0.04675156173251523,0.3319383047908141,0.6213101334766706
You're back yes. But overlay is gone.,neither,0.09215117971160061,0.35342192846579634,0.554426891822603
we were howling for you,neither,0.05206266705830575,0.31550215754777505,0.6324351753939192
dadd,neither,0.03945320844208391,0.33037608806864915,0.630170703489267
critical errors,neither,0.03945320844208391,0.33037608806864915,0.630170703489267
shroudHype,neither,0.03945320844208391,0.33037608806864915,0.630170703489267
overlay is nice and fucked,offensive_language,0.05228525927406945,0.7144944994173866,0.233220241308544
lol,neither,0.020706217963973744,0.4882283491876925,0.4910654328483337
U WAS LITERALLY CRYING @shroud,neither,0.0393140948698421,0.33273720844708554,0.6279486966830724
we back shroudHowl shroudHowl shroudHowl,neither,0.039166053543719236,0.33524985610846453,0.6255840903478163
@Shroud Did you do research on firmware updates at all?,offensive_language,0.054262925500987734,0.4841981047584478,0.4615389697405645
LUL,neither,0.03945320844208391,0.33037608806864915,0.630170703489267
did OBS take a dump too?,neither,0.039197540433580653,0.3347154414132818,0.6260870181531375
shroudHmm,neither,0.03945320844208391,0.33037608806864915,0.630170703489267
shroudHype shroudHype shroudHey,neither,0.03945320844208391,0.33037608806864915,0.630170703489267
@anitabonitapita is that a black keys reference? LUL,neither,0.05693343348025517,0.34509457846206415,0.5979719880576808
"There we go, we good",neither,0.03956324835875369,0.29653140773548736,0.6639053439057591
so how is J9 not effected? you guys get seperate services?,neither,0.05575694714673231,0.4052725865532664,0.5389704663000012
@shroud what's the Router doing?,neither,0.04695672413493869,0.29948382342391955,0.6535594524411417
shroudHowl shroudHowl shroudHowl shroudHowl,neither,0.03945320844208391,0.33037608806864915,0.630170703489267
"stream looking like 2012 shroud, no overlays lol",neither,0.03998557269926095,0.3965183939502603,0.5634960333504787
"PAPA YOU""RE BACK shroudHowl shroudHowl shroudHowl shroudHowl shroudHowl shroudHowl shroudHowl shroudHowl",neither,0.08623429666244457,0.3466430829850435,0.5671226203525119
Rip like 15k people ;0 wowowow,neither,0.08082661015824105,0.3403105698699361,0.5788628199718229
peeeporip,neither,0.03945320844208391,0.33037608806864915,0.630170703489267
shroud,neither,0.03945320844208391,0.33037608806864915,0.630170703489267
yay we gud,neither,0.039261324655788445,0.3336328566988605,0.6271058186453511
I WAS LITERALLY CRYING @shroud,neither,0.0393140948698421,0.33273720844708554,0.6279486966830724
your mic is giving a nice feedback too,neither,0.07650265497317485,0.3229331963342044,0.6005641486926209
whats up shroud,neither,0.03597034933595279,0.4023906385329718,0.5616390121310755
If your pc is bad you could just give it to me? @shroud,neither,0.05236730325074686,0.446895780416406,0.5007369163328473
how you doing shroud,neither,0.07007778407981097,0.41251336593017107,0.517408849990018
where is the puppers today,neither,0.05081161987921567,0.23639237827431017,0.7127960018464741
have you tried turning it off and on again,neither,0.04512038877424533,0.3763548472541185,0.5785247639716362
netgear LUL,neither,0.03945320844208391,0.33037608806864915,0.630170703489267
skaWAH,neither,0.03945320844208391,0.33037608806864915,0.630170703489267
Pog,neither,0.03945320844208391,0.33037608806864915,0.630170703489267
shroudHowl shroudHowl shroudHowl shroudHowl shroudHowl shroudHowl shroudHowl shroudHowl shroudHowl shroudHowl shroudHowl shroudHowl,neither,0.03945320844208391,0.33037608806864915,0.630170703489267
shroud4Head shroud4Head shroud4Head shroud4Head,neither,0.03945320844208391,0.33037608806864915,0.630170703489267
!uptime,neither,0.03945320844208391,0.33037608806864915,0.630170703489267
might need a firmware update,neither,0.03926209312693771,0.32877571302486286,0.6319621938481993
port cancer,neither,0.03945320844208391,0.33037608806864915,0.630170703489267
"@TahoeBeast, Mike has been live for: 3 minutes, 26 seconds",neither,0.03827275891085941,0.30957338982808197,0.6521538512610586
you good shroud?,offensive_language,0.08898074445465029,0.4625610934745836,0.4484581620707661
shroudHowl shroudHowl shroudHowl shroudHowl,neither,0.03945320844208391,0.33037608806864915,0.630170703489267
netgear OMEGALUL,neither,0.03945320844208391,0.33037608806864915,0.630170703489267
power spiked?,neither,0.03945320844208391,0.33037608806864915,0.630170703489267
shroudHype shroudHype shroudHype shroudHype shroudHype shroudHype shroudHype shroudHype shroudHype shroudHype,neither,0.03945320844208391,0.33037608806864915,0.630170703489267
PORT CANCER,neither,0.03945320844208391,0.33037608806864915,0.630170703489267
@shroud Your mic is giving a static feedback I think,neither,0.08363822564399438,0.3090215331247475,0.6073402412312581
Optic vs Eunited euphoGo euphoGo euphoGo euphoGo euphoGo euphoGo,neither,0.03945320844208391,0.33037608806864915,0.630170703489267
how u doin shrou,neither,0.03945320844208391,0.33037608806864915,0.630170703489267
@shroud check the router interface and see the logs,neither,0.03709766554166602,0.25410206528343365,0.7088002691749004
you good shroud,offensive_language,0.08898074445465029,0.4625610934745836,0.4484581620707661
@shroud why have you not hired a network admin for you to set that shit up professionally and get you redundant setups,offensive_language,0.06170410167018746,0.8988078770951614,0.03948802123465112
u doing good shroud?,neither,0.038431711358237385,0.3307274277571482,0.6308408608846143
gmrDDoS gmrDDoS gmrDDoS gmrDDoS gmrDDoS,neither,0.03945320844208391,0.33037608806864915,0.630170703489267
that was scary,neither,0.03428137878002983,0.38789244454866095,0.5778261766713093
how u doing shroud?,neither,0.03945320844208391,0.33037608806864915,0.630170703489267
Streamers should be running business-class network hardware,neither,0.04953297254052109,0.3621024992272784,0.5883645282322005
Check out Mike's Instagram account - http://www.instagram.com/shroud :D,neither,0.03410941730160631,0.30554211570058515,0.6603484669978086
monkaS,neither,0.03945320844208391,0.33037608806864915,0.630170703489267
gmrDDoS,neither,0.03945320844208391,0.33037608806864915,0.630170703489267
@shroud oh if it's old just upgrade lol,neither,0.020453837949150892,0.39733591621679076,0.5822102458340583
exploding modem monkaW,neither,0.03945320844208391,0.33037608806864915,0.630170703489267
fuck a netgear,offensive_language,0.34803241646388117,0.6519675835059184,3.0200377847433446e-11
I thought we lost him PepeHands,neither,0.042561642615989013,0.22939454172152152,0.7280438156624895
@shroud need to water cool it,neither,0.04487071436372677,0.32506316092304904,0.6300661247132242
MorphinTime MorphinTime,neither,0.03945320844208391,0.33037608806864915,0.630170703489267
monkaW,neither,0.03945320844208391,0.33037608806864915,0.630170703489267
kim jong un nuked Cali,neither,0.03945320844208391,0.33037608806864915,0.630170703489267
i was afraid,neither,0.03928779099768096,0.33318365380529613,0.6275285551970229
liquid cooled router?,neither,0.03945320844208391,0.33037608806864915,0.630170703489267
dont do that to us,neither,0.10566159618327711,0.3594397442389955,0.5348986595777274
Probably Troy bit it,neither,0.037291079418692336,0.34760678421629576,0.615102136365012
shroud gone,neither,0.039260305037624,0.3336501622801024,0.6270895326822736
use asus its actually really good,neither,0.01164677062586533,0.4216002290595745,0.56675300031456
sup shroud,neither,0.03945320844208391,0.33037608806864915,0.630170703489267
PepeLaugh,neither,0.03945320844208391,0.33037608806864915,0.630170703489267
We're back chat! shroudHype,neither,0.05937420646172131,0.30229746994261797,0.6383283235956607
TROY,neither,0.03945320844208391,0.33037608806864915,0.630170703489267
how you doing shroud,neither,0.07007778407981097,0.41251336593017107,0.517408849990018
that GPU got to hot LUL,neither,0.040482755432930895,0.40573646278616565,0.5537807817809034
CWL 2K TOURNAMENT euphoGo euphoGo euphoGo euphoGo,neither,0.03945320844208391,0.33037608806864915,0.630170703489267
RIP ROUTER,neither,0.03945320844208391,0.33037608806864915,0.630170703489267
put it in the microwave,neither,0.037124700552283695,0.31435054097702797,0.6485247584706885
YEAHH,neither,0.03945320844208391,0.33037608806864915,0.630170703489267
you good shroud?,offensive_language,0.08898074445465029,0.4625610934745836,0.4484581620707661
i made route :),neither,0.03945320844208391,0.33037608806864915,0.630170703489267
"Snapback hats, Mousepads, and more merch is coming in November and early December! Classic Tees have been restocked, get them while you can! Use code 'SHROUD' for 10% off https://www.jinx.com/shroud shroudTHICC",neither,0.035431940849284145,0.33086947104070125,0.6336985881100147
ASUS > NETGEAR,neither,0.03945320844208391,0.33037608806864915,0.630170703489267
netgear is aight,neither,0.05005952611256733,0.3267280890626825,0.6232123848247502
how you doing shroud?,neither,0.07007778407981097,0.41251336593017107,0.517408849990018
LUL,neither,0.03945320844208391,0.33037608806864915,0.630170703489267
@shroud Asus Routers all day lol,offensive_language,0.030812341982269276,0.528147277764746,0.4410403802529848
whats up shroud?,neither,0.03597034933595279,0.4023906385329718,0.5616390121310755
what router do tou use?,neither,0.011166277723400508,0.4508841499885906,0.5379495722880088
whole home mesh,neither,0.03945320844208391,0.33037608806864915,0.630170703489267
how you doing shroud?,neither,0.07007778407981097,0.41251336593017107,0.517408849990018
suq madiq,neither,0.03945320844208391,0.33037608806864915,0.630170703489267
You need a Fortigate or something professional @shroud,neither,0.05483778076257639,0.3727130669629712,0.5724491522744525
Hi,neither,0.03945320844208391,0.33037608806864915,0.630170703489267
MAYBE IT WAS TROY,neither,0.038024248578346596,0.3327363358363887,0.6292394155852647
!uptime,neither,0.03945320844208391,0.33037608806864915,0.630170703489267
you gdoing goood shroud?,neither,0.06070030064870593,0.38926782493489026,0.5500318744164038
"@mikey24, Mike has been live for: 4 minutes, 44 seconds",neither,0.038293455266983904,0.30995644253943666,0.6517501021935793
Linksys > All,offensive_language,0.046917543854519406,0.6277741405869331,0.3253083155585475
!Iog interface,neither,0.03945320844208391,0.33037608806864915,0.630170703489267
Kapp,neither,0.03945320844208391,0.33037608806864915,0.630170703489267
ASUS=ANUS,neither,0.03945320844208391,0.33037608806864915,0.630170703489267
@shroud asus router are actually good,neither,0.07730977292213789,0.26769935167017284,0.6549908754076893
Yey shrouds back pepehands,neither,0.03945320844208391,0.33037608806864915,0.630170703489267
Cisco router ftw,neither,0.03945320844208391,0.33037608806864915,0.630170703489267
Mike has partnered with Madrinas Coffee! Use code 'SHROUD' for 40% off your online order shroudyC https://madrinascoffee.com/shroud,neither,0.028924841216797822,0.2923385662958248,0.6787365924873774
what did you have to take offline to get the streaming PC back up?,neither,0.06087893035041039,0.3845621855472713,0.5545588841023185
is it an Alienware 128 GB router?,neither,0.044843977990585294,0.32435998259654747,0.6307960394128672
gmrBobEsponja gmrBobEsponja gmrBobEsponja gmrKrillin gmrKrillin gmrKrillin,neither,0.03945320844208391,0.33037608806864915,0.630170703489267
FortOne FortOne FortOne FortOne FortOne,neither,0.03945320844208391,0.33037608806864915,0.630170703489267
Amazon,neither,0.03945320844208391,0.33037608806864915,0.630170703489267
internet down?,neither,0.03945320844208391,0.33037608806864915,0.630170703489267
fuck cisco,offensive_language,0.34803241646388117,0.6519675835059184,3.0200377847433446e-11
!uptime,neither,0.03945320844208391,0.33037608806864915,0.630170703489267
"@rotten_live, Mike has been live for: 5 minutes, 3 seconds",neither,0.038143554429185315,0.30716222689653355,0.6546942186742811
PepeLaugh 👉 NetGear,neither,0.03945320844208391,0.33037608806864915,0.630170703489267
YES SHROUD SAID MY NAME,neither,0.027057168141369384,0.42821069383876553,0.5447321380198652
???,neither,0.03945320844208391,0.33037608806864915,0.630170703489267
WE DID IT BOYS,neither,0.03758491540441162,0.33409258103331396,0.6283225035622744
Command,neither,0.03945320844208391,0.33037608806864915,0.630170703489267
LETS GOOOO,neither,0.03868305123800957,0.34344766577192837,0.6178692829900622
If you don't replace that Kajijij ass router I swear...,offensive_language,0.07433758256726593,0.9218422584509244,0.0038201589818097205
YOU'RE BACK,neither,0.1390900462313621,0.35560183524315236,0.5053081185254855
Shrouds gone on my screen. I’ve refreshed,neither,0.012309682746486968,0.4009505774991916,0.5867397397543215
netgear nighthawk,neither,0.03945320844208391,0.33037608806864915,0.630170703489267
I get my routers from Greg. he has a van behind the jiffylube,neither,0.034564503888443066,0.3661220008624821,0.5993134952490748
"I got a TP link, and I love it",neither,0.033150815208982255,0.3485144803330575,0.6183347044579603
In case we've forgotten ... LUL https://clips.twitch.tv/VibrantGiftedMartenBloodTrail,neither,0.026135008839705345,0.32081428263693484,0.6530507085233598
lmao seamarine,neither,0.03705015143476208,0.3711622369619404,0.5917876116032975
shroudBhop shroudBhop shroudBhop shroudBhop,neither,0.03945320844208391,0.33037608806864915,0.630170703489267
Life is complete now @Seamarine,neither,0.044228141060399725,0.39071093346150804,0.5650609254780921
get a proper cisco router setup,neither,0.038993197288308995,0.3381836778816551,0.622823124830036
shroudTHICC,neither,0.03945320844208391,0.33037608806864915,0.630170703489267
"@tobis86, PC specs below the stream SeemsGood",neither,0.03877662594473052,0.3180741470165668,0.6431492270387028
Netgear has the has throughput out of all the routers,neither,0.03586345678317763,0.3637899963861569,0.6003465468306655
Get ubiquity,neither,0.03779508335914271,0.3585187980877974,0.6036861185530599
Social https://twitter.com/Shroud - https://www.youtube.com/shroud - https://www.reddit.com/r/Shroud/ - http://www.instagram.com/shroud 4Head,neither,0.0378810848931468,0.33376661315284734,0.6283523019540059
shroudHowl,neither,0.03945320844208391,0.33037608806864915,0.630170703489267
If you want a great regular router Asus. Otherwise you should go for fortigate or ubiquiti,neither,0.04858314096532224,0.41853454120649475,0.532882317828183
clipped it lets go shroud said my name bois,neither,0.03013849693793616,0.40960638528395693,0.5602551177781068
Just go and buy CISCO! Problem solved,neither,0.03503512617866876,0.31378886428185376,0.6511760095394774
@shroud there goes the subtrain FeelsBadMan clap,neither,0.03862694051594561,0.27588628766709905,0.6854867718169554
AmazonBasics routers are the best chat,neither,0.06630961392568042,0.25692199122014747,0.6767683948541721
@Seamarine POG,neither,0.03945320844208391,0.33037608806864915,0.630170703489267
"Don't leave us again, ok Shroudy? shroudThump",neither,0.07498552176134778,0.3528741964984605,0.5721402817401918
if you have gig connection,neither,0.03412692748185094,0.4235323943719566,0.5423406781461924
comcasts router SUCKS haha almost 4 times a month it goes out haha,neither,0.03169397463578128,0.4201118856084334,0.5481941397557853
ASUS is pronounced Ay-soos,neither,0.04668319012505554,0.3278893658327089,0.6254274440422356
I have a netgear nighthawk switch,neither,0.03875403243678002,0.34224292958262653,0.6190030379805934
anything over 5 feet and you need POE,neither,0.05030926037179384,0.3313460023589445,0.6183447372692616
I have the Nighthawk XR 500 and it likes to forget how to internet,neither,0.049576012681940645,0.3170787830426693,0.6333452042753899
"@shroud I've got netgear, but you're running a business. You need pro hardware... not ""gamer"" hardware",neither,0.04510685547353648,0.3924450832690311,0.5624480612574323
@seamarine I came for you,neither,0.05283649901673766,0.3450001703873793,0.6021633305958831
@Seamarine POG,neither,0.03945320844208391,0.33037608806864915,0.630170703489267
"you don't need those stupid killer network routers guys, the WRT3200ACM is mint",neither,0.15312434110047907,0.21823916503621754,0.6286364938633034
what happened? i saw he was offline now dads back?,neither,0.04751077542344251,0.3275567592667954,0.6249324653097621
!uptime,neither,0.03945320844208391,0.33037608806864915,0.630170703489267
"@eeerick28, Mike has been live for: 5 minutes, 50 seconds",neither,0.038237077226897884,0.30891097659900235,0.6528519461740997
im back :3,neither,0.0379295078696728,0.3881427419606561,0.5739277501696712
Esports ready router,neither,0.03945320844208391,0.33037608806864915,0.630170703489267
wooot,neither,0.03945320844208391,0.33037608806864915,0.630170703489267
@shroud I use the Asus AC3100,neither,0.005247174020938628,0.4535784549948647,0.5411743709841967
You have to feed the Internet meter,neither,0.057398124362103405,0.35526351684692536,0.5873383587909713
!uptime,neither,0.03945320844208391,0.33037608806864915,0.630170703489267
"@capnthomas, Mike has been live for: 6 minutes, 1 second",neither,0.038126622940099004,0.3068436139433241,0.6550297631165768
@Shroud What router do you use? NETGEAR XR700?,offensive_language,0.019553932867428007,0.5265343507299497,0.4539117164026224
lalala,neither,0.03945320844208391,0.33037608806864915,0.630170703489267
h,neither,0.03945320844208391,0.33037608806864915,0.630170703489267
yeah NetGear,offensive_language,0.013968601452186464,0.5182923869769311,0.4677390115708824
tf,neither,0.03945320844208391,0.33037608806864915,0.630170703489267
PepeHands,neither,0.03945320844208391,0.33037608806864915,0.630170703489267
shroudHmm shroudHmm shroudHmm shroudHmm shroudHmm,neither,0.03945320844208391,0.33037608806864915,0.630170703489267
Kapp,neither,0.03945320844208391,0.33037608806864915,0.630170703489267
Holy fuck your nuts bro,offensive_language,0.23947150778609083,0.7577428032223412,0.002785688991567912
F,neither,0.03945320844208391,0.33037608806864915,0.630170703489267
how many kills,neither,0.03945320844208391,0.33037608806864915,0.630170703489267
i missed that??,neither,0.034082782123849194,0.38916307661339516,0.5767541412627558
shroudH shroudH shroudH,neither,0.03945320844208391,0.33037608806864915,0.630170703489267
"Sure, I'll believe it when I see it Kapp",neither,0.02545750808893164,0.47938601294365546,0.49515647896741277
Catch you on LAN LUL,neither,0.04930257515524716,0.3776115312645923,0.5730858935801605
dees nutz,neither,0.03945320844208391,0.33037608806864915,0.630170703489267
@El_Dooderino this guy gets it. Shroud should have a real switch and some high dollar shit,offensive_language,0.04056657732267033,0.9427584124771915,0.016675010200138226
lies,neither,0.03945320844208391,0.33037608806864915,0.630170703489267
10,neither,0.03945320844208391,0.33037608806864915,0.630170703489267
Hello,neither,0.03945320844208391,0.33037608806864915,0.630170703489267
haha i saw in Skadoodles channel,neither,0.03562367041121652,0.39537334275032326,0.5690029868384602
shroudInsane,neither,0.03945320844208391,0.33037608806864915,0.630170703489267
Tits or gtfo,neither,0.03945320844208391,0.33037608806864915,0.630170703489267
!uptime,neither,0.03945320844208391,0.33037608806864915,0.630170703489267
And it will never happen again!,neither,0.033522698692238374,0.33810686015595753,0.6283704411518041
"@LordOfCreatures17, Mike has been live for: 6 minutes, 39 seconds",neither,0.038293455266983904,0.30995644253943666,0.6517501021935793
I have a Cisco Meraki MX 100,neither,0.03893996327446947,0.3390871980262173,0.6219728386993134
sure Kapp,offensive_language,0.030544123004943555,0.5442266193377375,0.42522925765731895
"Man your shots were on point, it upset me when your stream went off, was so gooda :#",neither,0.05633574014391829,0.4249483390002794,0.5187159208558023
we seen it,neither,0.03712042965695682,0.33503834116518955,0.6278412291778536
@Apathy805 thanks. it's what I do IRL,neither,0.04218803818449936,0.3113741509000059,0.6464378109154946
@shroud i call bullshit,offensive_language,0.05669263237693185,0.5876710875300805,0.3556362800929876
all the broys together,neither,0.040552992711973025,0.41250905538774824,0.5469379519002788
auto shotty needs to be taken out of this game,neither,0.04039070849412233,0.31471708961669814,0.6448922018891795
Shroud has a new Discord server! Type !discord in chat to find out how to join shroudHype,neither,0.05133128248534859,0.21299183095886853,0.7356768865557829
just9n dead already LUL,neither,0.038500816612039655,0.3465406629691134,0.614958520418847
is it ok to use pam instead of thermal paste on cpu?,neither,0.02376684227846139,0.3966827025902645,0.5795504551312741
@shroud prove it loser,neither,0.03810286636433355,0.3308405326299371,0.6310566010057295
@BitterCoffeeee FeelsWeirdMan,neither,0.03945320844208391,0.33037608806864915,0.630170703489267
I have fuckin Huawei router but no wireless antenna,offensive_language,0.06920421135347227,0.9291364910278997,0.0016592976186279645
My fax is my router shroudHmm,offensive_language,0.025001994985908372,0.49118152233188583,0.4838164826822058
shroudJ calebFlexR,neither,0.03945320844208391,0.33037608806864915,0.630170703489267
wtf justin...,offensive_language,0.04279035301839738,0.6199905009206916,0.3372191460609109
!discord,neither,0.03945320844208391,0.33037608806864915,0.630170703489267
"@future_zey, Mike has created a new subscriber discord server! Feel free to join the official discord server by connecting your twitch account to discord in your user settings, then choose connections and join Shrowdy Rowdy 2.0! Check this GIF if you're struggling - https://goo.gl/dz95Vv",neither,0.06892717291510825,0.3094515353031996,0.621621291781692
We found the weakest link,neither,0.03843586195690682,0.3170033558481766,0.6445607821949165
cant you just hit the center mouse button and strip the weapon instantly?,neither,0.04275299938621314,0.3244167967094282,0.6328302039043587
Are we back?,neither,0.08811033486161277,0.2597640706658902,0.6521255944724972
yo i really want to see shroud play dark souls lol,neither,0.03836225662571928,0.4137243483270642,0.5479133950472165
"WE DID IT REDDIT, SHROUD SAID MY NAME, WE'RE OFFICIALLLY FRIENDS NOW PogChamp",neither,0.040515826071401535,0.37753632945425364,0.5819478444743448
!discord,neither,0.03945320844208391,0.33037608806864915,0.630170703489267
"@capnthomas, Mike has created a new subscriber discord server! Feel free to join the official discord server by connecting your twitch account to discord in your user settings, then choose connections and join Shrowdy Rowdy 2.0! Check this GIF if you're struggling - https://goo.gl/dz95Vv",neither,0.06892717291510825,0.3094515353031996,0.621621291781692
"DSTNCT, who is this pam person?",neither,0.0473259112144752,0.38724350961129994,0.565430579174225
Just get an ASUS and be done with it. Best wireless routers on the market.,neither,0.024891362199543188,0.35072154380751486,0.6243870939929419
i missed you shroudH shroudH shroudH shroudH shroudH shroudH,neither,0.06831604575415924,0.4082687268014507,0.5234152274443901
this game is better on concole LUL,neither,0.04304086996199301,0.30485061194692253,0.6521085180910845
shroudPrime shroudPrime shroudPrime,neither,0.03945320844208391,0.33037608806864915,0.630170703489267
"Now Twitch Prime is quite a great service; To not use it would be a disservice; The free monthly sub, Is nothing to snub, So do it without feeling nervous shroudPrime",neither,0.03220903223231923,0.3791055463733078,0.5886854213943729
!uptime,neither,0.03945320844208391,0.33037608806864915,0.630170703489267
"@RJHall90, Mike has been live for: 7 minutes, 48 seconds",neither,0.03826956400838085,0.3095141822811293,0.6522162537104897
@shroud is there any point in going back to pubg at this point?,neither,0.04763726632300091,0.33245987433891117,0.619902859338088
LUL,neither,0.03945320844208391,0.33037608806864915,0.630170703489267
"Shroud, get a GF and use her as your sidekick on stream. Let her shake her behind for the men folk.",offensive_language,0.01820121493154119,0.6085192656764575,0.3732795193920013
LULW,neither,0.03945320844208391,0.33037608806864915,0.630170703489267
SKADADDY,neither,0.03945320844208391,0.33037608806864915,0.630170703489267
doodle my skadoodle,neither,0.02722336998821758,0.4267155325642117,0.5460610974475706
OMEGALUL,neither,0.03945320844208391,0.33037608806864915,0.630170703489267
wow LUL,neither,0.03945320844208391,0.33037608806864915,0.630170703489267
F,neither,0.03945320844208391,0.33037608806864915,0.630170703489267
@simulints he has gf,neither,0.04639333605417542,0.3202743190718386,0.6333323448739858
@simulints has gf,neither,0.03996133927143713,0.3217517817787332,0.6382868789498296
punch him lol,neither,0.03050089550256502,0.39781542812073384,0.5716836763767011
RIP J9 shroudThump,neither,0.03945320844208391,0.33037608806864915,0.630170703489267
Oh,neither,0.051363287716059566,0.22255663153133606,0.7260800807526044
wait,neither,0.03945320844208391,0.33037608806864915,0.630170703489267
what happened? lmao,neither,0.04476081647850146,0.34594225860126865,0.6092969249202299
@Problem_v i doubt it,neither,0.037459284651233826,0.3310618898928993,0.6314788254558669
@simulints Pleb alert shroudHmm,neither,0.03945320844208391,0.33037608806864915,0.630170703489267
LUL,neither,0.03945320844208391,0.33037608806864915,0.630170703489267
lmao,neither,0.03705015143476208,0.3711622369619404,0.5917876116032975
LUL,neither,0.03945320844208391,0.33037608806864915,0.630170703489267
Yoooooo,neither,0.03945320844208391,0.33037608806864915,0.630170703489267
Well then,neither,0.03945320844208391,0.33037608806864915,0.630170703489267
it was me :),neither,0.024409443436055472,0.409035800203909,0.5665547563600355
"@simulints he has a girlfriend, she never gets on can in his stream, she knows Mike's chat",offensive_language,0.05015772433726752,0.4768044691034888,0.4730378065592438
Cheeky lil viewer boost,neither,0.03945320844208391,0.33037608806864915,0.630170703489267
YOOOOOO new subscriber here what’s up crew,neither,0.10128991935196041,0.24719310952561885,0.6515169711224208
yo tell shroud to play dark souls,neither,0.04486413101095792,0.382524969207723,0.572610899781319
dark souls,neither,0.03945320844208391,0.33037608806864915,0.630170703489267
Check out Mike's Instagram account - http://www.instagram.com/shroud :D,neither,0.03410941730160631,0.30554211570058515,0.6603484669978086
WEIRD FLEX BUT OKAY,neither,0.03648664608633364,0.3391722114614613,0.6243411424522051
!uptime,neither,0.03945320844208391,0.33037608806864915,0.630170703489267
"@Pranx94, Mike has been live for: 9 minutes",neither,0.038001846011445364,0.3044752742059462,0.6575228797826084
nice parkour,neither,0.03945320844208391,0.33037608806864915,0.630170703489267
WASSUP BROY @gillymanilly,neither,0.33529425248498695,0.08556156890646638,0.5791441786085466
"I just assumed if you stream 8+ hours a day you dont have a GF, but ok",neither,0.039424334279646985,0.43143060245762893,0.5291450632627241
LUL,neither,0.03945320844208391,0.33037608806864915,0.630170703489267
LULW,neither,0.03945320844208391,0.33037608806864915,0.630170703489267
shroudInsane,neither,0.03945320844208391,0.33037608806864915,0.630170703489267
@simulints ceezThumb,neither,0.03945320844208391,0.33037608806864915,0.630170703489267
"@simulints, D:",neither,0.03945320844208391,0.33037608806864915,0.630170703489267
"Snapback hats, Mousepads, and more merch is coming in November and early December! Classic Tees have been restocked, get them while you can! Use code 'SHROUD' for 10% off https://www.jinx.com/shroud shroudTHICC",neither,0.035431940849284145,0.33086947104070125,0.6336985881100147
!uptime,neither,0.03945320844208391,0.33037608806864915,0.630170703489267
"@00Slayer0, Mike has been live for: 9 minutes, 29 seconds",neither,0.0382808944504514,0.30972406508985817,0.6519950404596905
streamer loot confirmed,neither,0.03945320844208391,0.33037608806864915,0.630170703489267
"@simulints, that only applies to you",neither,0.060048842281402115,0.4168724831326053,0.5230786745859926
POG,neither,0.03945320844208391,0.33037608806864915,0.630170703489267
oof,neither,0.03945320844208391,0.33037608806864915,0.630170703489267
Loving the content @shroud,neither,0.03861648535751482,0.3150964103613859,0.6462871042810993
clearly you haven't watched shroud's stream for long,neither,0.04472521251676123,0.33532624011884143,0.6199485473643973
@simulints weird flex but ok,neither,0.036417775419709246,0.34002999879900964,0.6235522257812812
RIP,neither,0.03945320844208391,0.33037608806864915,0.630170703489267
Mike has partnered with Madrinas Coffee! Use code 'SHROUD' for 40% off your online order shroudyC https://madrinascoffee.com/shroud,neither,0.028924841216797822,0.2923385662958248,0.6787365924873774
"hold up only 18k viewers... did i miss something, this is.. odd",neither,0.03811565061807556,0.3591990143917665,0.6026853349901581
It takes 9 min for twitch to send live notifications,neither,0.041166590928155056,0.31018687225534247,0.6486465368165024
Ya yort,offensive_language,0.017331157930923866,0.7872544665869478,0.19541437548212848
Do you have a canadien accent?,neither,0.06029452456877383,0.3943291829279832,0.5453762925032428
!uptime,neither,0.03945320844208391,0.33037608806864915,0.630170703489267
"@n0thing, Mike has been live for: 10 minutes, 14 seconds",neither,0.03830717893111088,0.3102099797891563,0.6514828412797329
shroudM,neither,0.03945320844208391,0.33037608806864915,0.630170703489267
@insaumnia his viewbot died,neither,0.0814248686540857,0.33166196325606684,0.5869131680898475
"the stream crashed, he just restarted",neither,0.039127993370478106,0.3327808746097734,0.6280911320197484
who is anythiNG,neither,0.05347418204717363,0.42396105860564176,0.5225647593471847
shroudM,neither,0.03945320844208391,0.33037608806864915,0.630170703489267
"Tune in tomorrow (11/6) at 2pm PDT for The Walking Dead - Streaming Dead Live - and watch Mike, AnneMunition, JGhosty, and ANGRYPUG kill some walkers! Watch over at https://www.twitch.tv/starbreeze",neither,0.09800958379180592,0.26574466572902844,0.6362457504791657
Helo again,neither,0.0358555699129713,0.3914374029960717,0.5727070270909569
@kubbiii the fucking man,offensive_language,0.11722671015190655,0.8827708471897161,2.442658377338146e-06
now that makes sense,neither,0.035349997306270094,0.3747685015426844,0.5898815011510455
JGhosty? Pog chaddGasm,neither,0.03945320844208391,0.33037608806864915,0.630170703489267
@kubbiii Jeremey is the name,neither,0.05263814166171493,0.29910453468782827,0.6482573236504567
https://clips.twitch.tv/MagnificentObservantAardvarkPanicVis,neither,0.03945320844208391,0.33037608806864915,0.630170703489267
huh,neither,0.03945320844208391,0.33037608806864915,0.630170703489267
Lazy Mike has been streaming for only 10 minutes LUL,neither,0.03622014920830775,0.3133125219975908,0.6504673287941014
