text,top_class,hate_speech,offensive_language,neither
wb,neither,0.03945320844208391,0.33037608806864915,0.630170703489267
HES BACK,neither,0.03945320844208391,0.33037608806864915,0.630170703489267
PogU,neither,0.03945320844208391,0.33037608806864915,0.630170703489267
shroudHype shroudHype shroudHype shroudHype shroudHype shroudHype,neither,0.03945320844208391,0.33037608806864915,0.630170703489267
Pog,neither,0.03945320844208391,0.33037608806864915,0.630170703489267
we back,neither,0.039166053543719236,0.33524985610846453,0.6255840903478163
Pog,neither,0.03945320844208391,0.33037608806864915,0.630170703489267
webackkkkkkkk,neither,0.03945320844208391,0.33037608806864915,0.630170703489267
Pog,neither,0.03945320844208391,0.33037608806864915,0.630170703489267
ddoss monkaS,neither,0.03945320844208391,0.33037608806864915,0.630170703489267
Pog,neither,0.03945320844208391,0.33037608806864915,0.630170703489267
he is restarting his computer,neither,0.09715396354542902,0.3225435701337194,0.5803024663208516
dadyoure live you know,neither,0.08139918762839098,0.40582880665730403,0.512772005714305
"welcome back, michael shroudH",neither,0.03945320844208391,0.33037608806864915,0.630170703489267
shroud1 shroud1 shroud1 shroud1 shroud1 shroud1,neither,0.03945320844208391,0.33037608806864915,0.630170703489267
Pog,neither,0.03945320844208391,0.33037608806864915,0.630170703489267
shroudInsane,neither,0.03945320844208391,0.33037608806864915,0.630170703489267
POGGERS,neither,0.03945320844208391,0.33037608806864915,0.630170703489267
lmao loyals in here waiting patiently,neither,0.07612814032383929,0.3129114738709267,0.610960385805234
no sound?,neither,0.03817021587683215,0.3521518202447505,0.6096779638784173
shroudHowl shroudHello shroudHowl shroudHello shroudHowl shroudHello shroudHowl shroudHello shroudHowl shroudHello shroudHowl shroudHello shroudHowl shroudHello shroudHowl shroudHello shroudHowl shroudHello shroudHowl shroudHello shroudHowl shroudHello shroudHowl shroudHello shroudHowl shroudHello shroudHowl shroudHello shroudHowl shroudHello shroudHowl shroudHello shroudHowl shroudHowl,neither,0.03945320844208391,0.33037608806864915,0.630170703489267
shroudWB,neither,0.03945320844208391,0.33037608806864915,0.630170703489267
Dad?,neither,0.03945320844208391,0.33037608806864915,0.630170703489267
lmiThink,neither,0.03945320844208391,0.33037608806864915,0.630170703489267
he will be back in sec,neither,0.04657259703513553,0.3093094231984415,0.6441179797664229
shroudHello shroudHello,neither,0.03945320844208391,0.33037608806864915,0.630170703489267
lol,neither,0.020706217963973744,0.4882283491876925,0.4910654328483337
say something mike,neither,0.03945320844208391,0.33037608806864915,0.630170703489267
dad is home!!!,neither,0.050072962634980234,0.32672346762648485,0.6232035697385349
HI,neither,0.03945320844208391,0.33037608806864915,0.630170703489267
The aimbot has fully taken over,neither,0.0364114371292619,0.3119938048924628,0.6515947579782753
dads pised,neither,0.03945320844208391,0.33037608806864915,0.630170703489267
shroudHmm,neither,0.03945320844208391,0.33037608806864915,0.630170703489267
hi shroud,neither,0.03945320844208391,0.33037608806864915,0.630170703489267
@shroud did you get ganked by mom,neither,0.06162649538690602,0.46411097026277925,0.47426253435031474
shroudHello shroudHello shroudHello shroudHello,neither,0.03945320844208391,0.33037608806864915,0.630170703489267
hiii,neither,0.03945320844208391,0.33037608806864915,0.630170703489267
welcome back,neither,0.03945320844208391,0.33037608806864915,0.630170703489267
!uptime,neither,0.03945320844208391,0.33037608806864915,0.630170703489267
"@stinkypoopybutt, Mike has been live for: 1 minute",neither,0.03799718945439161,0.304386169175646,0.6576166413699625
Back :),neither,0.03945320844208391,0.33037608806864915,0.630170703489267
shroudHey,neither,0.03945320844208391,0.33037608806864915,0.630170703489267
shroud bout to slap the circuit breaker,neither,0.040385801074501355,0.38280142443856413,0.5768127744869345
PepeHands,neither,0.03945320844208391,0.33037608806864915,0.630170703489267
!uptime,neither,0.03945320844208391,0.33037608806864915,0.630170703489267
shroudH,neither,0.03945320844208391,0.33037608806864915,0.630170703489267
"@wooolfiiie, Mike has been live for: 1 minute, 11 seconds",neither,0.03822813471870945,0.308744558059996,0.6530273072212947
720p only?,neither,0.03945320844208391,0.33037608806864915,0.630170703489267
are both ur pcs on the same breaker?,neither,0.08200578320725668,0.28978906971191837,0.6282051470808249
yikes,neither,0.03945320844208391,0.33037608806864915,0.630170703489267
wb,neither,0.03945320844208391,0.33037608806864915,0.630170703489267
wadu,neither,0.03945320844208391,0.33037608806864915,0.630170703489267
too much power on one line,neither,0.03277795592568131,0.3755116907291321,0.5917103533451867
yea,neither,0.03908133164861177,0.3366878077749653,0.624230860576423
just glad you didn't burn to death in a forest fire,neither,0.04307084211027234,0.33374139210615095,0.6231877657835767
J9 was charging his Sex Robot again Kappa,offensive_language,0.04232451681029243,0.5174282049946627,0.44024727819504494
bnans1 bnans2,neither,0.03945320844208391,0.33037608806864915,0.630170703489267
we missed you,neither,0.06355723892297856,0.4010499899950155,0.5353927710820059
720p,neither,0.03945320844208391,0.33037608806864915,0.630170703489267
hey hey hey,neither,0.03945320844208391,0.33037608806864915,0.630170703489267
720p? just refresh :),neither,0.03446215123834754,0.35403638765649625,0.6115014611051561
put stream pc on a different breaker,neither,0.037641823488438836,0.3389924858721091,0.6233656906394521
remember he has the cord that goes to the hallway,neither,0.04388280327871543,0.32839237215779665,0.627724824563488
Papa I missed u,neither,0.03945320844208391,0.33037608806864915,0.630170703489267
We backbb,neither,0.039025862747262004,0.3376292597931679,0.6233448774595702
PogChamp,neither,0.03945320844208391,0.33037608806864915,0.630170703489267
@TheScaring LULW,neither,0.03945320844208391,0.33037608806864915,0.630170703489267
dammit j9,neither,0.03945320844208391,0.33037608806864915,0.630170703489267
@shroud you and ska should play pubg together again sometime. You guys used to own,neither,0.10467075249488544,0.3959691118802693,0.4993601356248453
HEY SHROUD,neither,0.03945320844208391,0.33037608806864915,0.630170703489267
HI Dad,neither,0.03945320844208391,0.33037608806864915,0.630170703489267
shroudBlind shroudBlind,neither,0.03945320844208391,0.33037608806864915,0.630170703489267
what happened ?,neither,0.04722295797655572,0.3248777811305592,0.6278992608928851
@jslzr your msg on ska's chat LUL,neither,0.05780533226526235,0.334345866958842,0.6078488007758956
did your mom turn the internet off,neither,0.06474549589133803,0.3087513428464579,0.626503161262204
!uptime,neither,0.03945320844208391,0.33037608806864915,0.630170703489267
"@Kingleo_dagreat, Mike has been live for: 2 minutes, 10 seconds",neither,0.038213327272575565,0.3084686314412399,0.6533180412861845
LMAO damn J9 stop charging those sec toys god,offensive_language,0.05866903569292451,0.6471982407281788,0.2941327235788967
shroud give me a child,neither,0.03081529086467034,0.3777987245497239,0.5913859845856057
shroudW shroudHyper shroudW shroudHyper,neither,0.03945320844208391,0.33037608806864915,0.630170703489267
@jalapenokoolaid LUL LUL,neither,0.03945320844208391,0.33037608806864915,0.630170703489267
resolution lower than normal PepeHands,neither,0.03911431940854054,0.33612791939778086,0.6247577611936785
troy did it,neither,0.038008770638658734,0.3308728964648129,0.6311183328965285
troy did it???,neither,0.038008770638658734,0.3308728964648129,0.6311183328965285
just ur modem or ur pcs too?,neither,0.08500655617705616,0.33511438878588196,0.579879055037062
it was troy LUL,neither,0.038217785616935104,0.3324128539659515,0.6293693604171133
2080ti too stronk,neither,0.038798963802794226,0.34148032703984427,0.6197207091573615
Do you believe you are the best? @shroud,neither,0.13439166116087115,0.34343053258821105,0.5221778062509178
monkaS,neither,0.03945320844208391,0.33037608806864915,0.630170703489267
"buy a generator, just for your internet and computer",neither,0.051436905390663167,0.2855619965099766,0.6630010980993603
ask troy if he did it,neither,0.027447605248891765,0.374263346599149,0.5982890481519594
Spooky.. Im having internet issues too @shroud,neither,0.038671651577048397,0.356256738242544,0.6050716101804074
lirikS,neither,0.03945320844208391,0.33037608806864915,0.630170703489267
thank god!!!!!! i thought you got off @shroud,neither,0.05867613113372636,0.3263776070827197,0.614946261783554
jason hudson cia,neither,0.03945320844208391,0.33037608806864915,0.630170703489267
shroudM,neither,0.03945320844208391,0.33037608806864915,0.630170703489267
J9 did it then,neither,0.03729578398996164,0.33111812526773216,0.6315860907423062
ddos shroudM,neither,0.03945320844208391,0.33037608806864915,0.630170703489267
'twas Troy,neither,0.03945320844208391,0.33037608806864915,0.630170703489267
issa ghost,neither,0.03945320844208391,0.33037608806864915,0.630170703489267
j9,neither,0.03945320844208391,0.33037608806864915,0.630170703489267
your fatcock hit it from your room,neither,0.11821345106999592,0.2919576982711424,0.5898288506588616
that is what happens when you are drawing too much power at once,neither,0.08078790908444164,0.39272216981273617,0.5264899211028221
f,neither,0.03945320844208391,0.33037608806864915,0.630170703489267
Shits haunted,neither,0.03945320844208391,0.33037608806864915,0.630170703489267
Irl streamsnipers,neither,0.03945320844208391,0.33037608806864915,0.630170703489267
Ddos shroudThump,neither,0.03945320844208391,0.33037608806864915,0.630170703489267
Wadu shroudHmm,neither,0.03945320844208391,0.33037608806864915,0.630170703489267
where's my 1080p60 shroudThump,neither,0.022925118919904775,0.43799786296885085,0.5390770181112443
!donate,neither,0.03945320844208391,0.33037608806864915,0.630170703489267
"@tw1isttv, You can Donate to Mike here: https://streamelements.com/tip/shroud ($3 is the minimum and $20 for a profile signature)",neither,0.07176470379816025,0.2858279031505723,0.6424073930512675
"@jslzr ""have you seen my dad, chat? he's a small guy with a big dong"" classic",neither,0.027812354105955013,0.46198020957290814,0.5102074363211369
shroudHype shroudHype,neither,0.03945320844208391,0.33037608806864915,0.630170703489267
Waduhek,neither,0.03945320844208391,0.33037608806864915,0.630170703489267
Yo,offensive_language,0.04010381111145228,0.5271105317972344,0.4327856570913131
troy irl sneaksniping dad,neither,0.03945320844208391,0.33037608806864915,0.630170703489267
maybe overload,neither,0.03945320844208391,0.33037608806864915,0.630170703489267
bFV bad haHAA am I cool? haHAA,neither,0.03751857330362841,0.33104149780662395,0.6314399288897478
shroudW,neither,0.03945320844208391,0.33037608806864915,0.630170703489267
Russia infiltrated your stream,neither,0.0669101784424164,0.32275531552644915,0.6103345060311345
D:,neither,0.03945320844208391,0.33037608806864915,0.630170703489267
wow D:,neither,0.03945320844208391,0.33037608806864915,0.630170703489267
shroudThump shroudThump shroudThump shroudThump shroudThump shroudThump,neither,0.03945320844208391,0.33037608806864915,0.630170703489267
monkaHmm this LOTRO looks weird,neither,0.03933913226413154,0.3323122585236016,0.6283486092122669
10???? rookie numbers LULW,neither,0.03945320844208391,0.33037608806864915,0.630170703489267
Dads back,neither,0.03945320844208391,0.33037608806864915,0.630170703489267
yesssss,neither,0.03945320844208391,0.33037608806864915,0.630170703489267
@shroud do you play bo4 multiplayer?,neither,0.07533617862033894,0.41395133869618517,0.5107124826834759
ULULULULULULULUL,neither,0.03945320844208391,0.33037608806864915,0.630170703489267
Mike has partnered with Madrinas Coffee! Use code 'SHROUD' for 40% off your online order shroudyC https://madrinascoffee.com/shroud,neither,0.028924841216797822,0.2923385662958248,0.6787365924873774
shroudHmm,neither,0.03945320844208391,0.33037608806864915,0.630170703489267
ZULUL,neither,0.03945320844208391,0.33037608806864915,0.630170703489267
@shroud i have only 720p stream quality. what is going on?,neither,0.0455265791919047,0.36178588662655414,0.5926875341815411
shroudHowl shroudHowl shroudHowl shroudHowl shroudHowl,neither,0.03945320844208391,0.33037608806864915,0.630170703489267
shroudThump shroudL,neither,0.03945320844208391,0.33037608806864915,0.630170703489267
shroudTHICC shroudTHICC shroudTHICC shroudTHICC shroudTHICC shroudTHICC,neither,0.03945320844208391,0.33037608806864915,0.630170703489267
power overload,neither,0.03945320844208391,0.33037608806864915,0.630170703489267
shroudHowl shroudHowl shroudHowl shroudHowl,neither,0.03945320844208391,0.33037608806864915,0.630170703489267
Squid1 Squid2 shroudHowl Squid2 Squid4,neither,0.03945320844208391,0.33037608806864915,0.630170703489267
@seppl_de Refresh,neither,0.03945320844208391,0.33037608806864915,0.630170703489267
it's scary without parental supervision,neither,0.03825987713055949,0.33078652942760867,0.6309535934418318
10mKD,neither,0.03945320844208391,0.33037608806864915,0.630170703489267
I only have 1.9 sheeet,neither,0.038435520901362014,0.34764890158753853,0.6139155775110994
@seppl_de you have to set it to be 1080p in your obs settings,neither,0.1328740683928457,0.3685872511026766,0.49853868050447775
!uptime,neither,0.03945320844208391,0.33037608806864915,0.630170703489267
"@swissayyy, Mike has been live for: 3 minutes, 45 seconds",neither,0.03826676279011509,0.30946225369587216,0.6522709835140127
shroudHype shroudHype shroudHype shroudHype shroudHype shroudHype shroudHype shroudHype,neither,0.03945320844208391,0.33037608806864915,0.630170703489267
@seppl_de refresh m8,neither,0.03945320844208391,0.33037608806864915,0.630170703489267
ok,neither,0.03935517884257045,0.3320399062092607,0.6286049149481688
what phone u using shroud,neither,0.04093949711657595,0.4020073428246996,0.5570531600587244
"Refresh the page, and after you may need to reslect 1080p60 like I did",neither,0.06441134808171681,0.3082985988573969,0.6272900530608864
just push back,neither,0.03400229863184116,0.35633373662786805,0.6096639647402908
thx guys,neither,0.039327835343262854,0.33250399675335723,0.6281681679033798
!uptime,neither,0.03945320844208391,0.33037608806864915,0.630170703489267
"@MarththeX, Mike has been live for: 4 minutes",neither,0.038001846011445364,0.3044752742059462,0.6575228797826084
oh i totally thought he meant something else LUL,neither,0.04832659513474553,0.23752345355916324,0.7141499513060913
shroudHowl,neither,0.03945320844208391,0.33037608806864915,0.630170703489267
"Damn Shroud, you're a machine",offensive_language,0.0901361297498159,0.818409940307181,0.09145392994300315
refresh,neither,0.03945320844208391,0.33037608806864915,0.630170703489267
@Krvtch don't boss me around! rooREE,neither,0.03128708886290205,0.3750061431029228,0.5937067680341752
"couldnt even talk in his chat, tf",neither,0.03921980167048484,0.34981013673989464,0.6109700615896204
shroudL,neither,0.03945320844208391,0.33037608806864915,0.630170703489267
PogChamp,neither,0.03945320844208391,0.33037608806864915,0.630170703489267
I love how this chat is in slow mode but it's also in sub only mode so it's pointless LULW,neither,0.03870873130314329,0.3581852509721719,0.6031060177246848
"@jalapenokoolaid hahahaha, the best way to describe Mike",neither,0.04296684242503442,0.31153988797829074,0.6454932695966749
shroudHmm,neither,0.03945320844208391,0.33037608806864915,0.630170703489267
"@Chat, Does Multistream give every stream I have open a single viewer? Just curious.",neither,0.028875751048552275,0.42113874685323616,0.5499855020982116
@jalapenokoolaid misuCry,neither,0.03945320844208391,0.33037608806864915,0.630170703489267
@tw1isttv LUL,neither,0.03945320844208391,0.33037608806864915,0.630170703489267
Kappa,neither,0.03945320844208391,0.33037608806864915,0.630170703489267
@jalapenokoolaid quiet @krvtch is the boss around here,neither,0.09156969362142271,0.27983675435964867,0.6285935520189285
slow mode monkaS,neither,0.03945320844208391,0.33037608806864915,0.630170703489267
MIKE READ IT GOSH,neither,0.03827698787376374,0.3307806442583973,0.630942367867839
READY MAH DONO,neither,0.03945320844208391,0.33037608806864915,0.630170703489267
can't stop me,offensive_language,0.028424737647379017,0.511036642999471,0.4605386193531498
Are you on the 6 or 6T?,neither,0.13104061321198682,0.3134509328231715,0.5555084539648417
!multi,neither,0.03945320844208391,0.33037608806864915,0.630170703489267
"@heliumtree86, https://multistre.am/shroud/skadoodle and Patrick (buhhbye)",neither,0.038476637149848926,0.2908253730450326,0.6706979898051185
@jalapenokoolaid rooREE,neither,0.03945320844208391,0.33037608806864915,0.630170703489267
@Nobasolo misuScam,neither,0.03945320844208391,0.33037608806864915,0.630170703489267
only 720?,neither,0.03945320844208391,0.33037608806864915,0.630170703489267
!uptime,neither,0.03945320844208391,0.33037608806864915,0.630170703489267
"@ipathak7, Mike has been live for: 4 minutes, 47 seconds",neither,0.0382764714457318,0.3096421645712236,0.6520813639830445
"1080p for gaming, 4k for movies, 20k for reality",neither,0.0300349818569464,0.2834974336324535,0.6864675845106002
@luckybandit12 Refresh,neither,0.03945320844208391,0.33037608806864915,0.630170703489267
refresh for 1080,neither,0.03296554473014691,0.29799019813725613,0.669044257132597
@Nobasolo i will roundhouse you into a 3rd dimension w/william shatner,neither,0.05443954668760281,0.34821028735175524,0.5973501659606419
what happened to the atream?,neither,0.055367456511688,0.30009089564106567,0.6445416478472463
poggggeersss shroudH shroudH shroudH shroudH shroudH,neither,0.03945320844208391,0.33037608806864915,0.630170703489267
He’s back,neither,0.05051617290504041,0.32657102729093723,0.6229127998040224
wasnt lied to thanks chat,neither,0.042724555561230365,0.3138267240302834,0.6434487204084863
@jalapenokoolaid rooBooli,neither,0.03945320844208391,0.33037608806864915,0.630170703489267
no mods ya,offensive_language,0.019398599484209147,0.7257346389517328,0.254866761564058
no,neither,0.036918905254960256,0.37338982715841207,0.5896912675866277
simulints probably 20k is not enough,neither,0.04407469358312497,0.3493976192615123,0.6065276871553626
@simulints MY EYES CAn See MorE than 20 K DansGame,neither,0.03220281024793039,0.374151123678914,0.5936460660731556
"Snapback hats, Mousepads, and more merch is coming in November and early December! Classic Tees have been restocked, get them while you can! Use code 'SHROUD' for 10% off https://www.jinx.com/shroud shroudTHICC",neither,0.035431940849284145,0.33086947104070125,0.6336985881100147
we back boys shroudHowl shroudHowl,neither,0.03925076169063039,0.333812137784735,0.6269371005246346
shroudL,neither,0.03945320844208391,0.33037608806864915,0.630170703489267
Fallout?,neither,0.03945320844208391,0.33037608806864915,0.630170703489267
"Hes Back, Back Again, SHROUDIES BACK TELL UR FRIEND shroudHowl shroudHowl shroudHowl shroudHowl shroudHowl shroudHowl shroudHowl shroudL shroudL shroudL",neither,0.05176607463626091,0.3442468822048001,0.603987043158939
!uptime,neither,0.03945320844208391,0.33037608806864915,0.630170703489267
"@bananertanner, Mike has been live for: 5 minutes, 40 seconds",neither,0.03824412680022948,0.30904205263069306,0.6527138205690773
watching to get better,neither,0.04752838107422823,0.33643122536771836,0.6160403935580534
"@seppl_de i read somewhere 20k is equal to human eye resolution, i honestly dont know tho",neither,0.11244911181642062,0.24838829466461504,0.6391625935189643
wow,neither,0.03945320844208391,0.33037608806864915,0.630170703489267
D:,neither,0.03945320844208391,0.33037608806864915,0.630170703489267
PogU second channel,neither,0.03945320844208391,0.33037608806864915,0.630170703489267
Bc the stream snipers went to bed already,neither,0.042392526270768546,0.32886511183301015,0.6287423618962213
I suck ass,offensive_language,0.21781300740843748,0.7821633750790752,2.361751248737458e-05
D:,neither,0.03945320844208391,0.33037608806864915,0.630170703489267
only up for 5 mins rooPog,neither,0.030121006654595175,0.3509799759226503,0.6188990174227545
wha,neither,0.03945320844208391,0.33037608806864915,0.630170703489267
PugU,neither,0.03945320844208391,0.33037608806864915,0.630170703489267
LUL,neither,0.03945320844208391,0.33037608806864915,0.630170703489267
200+ fps. I wish this game ran better LULW,neither,0.038828587327238054,0.29836867642036974,0.6628027362523923
PogU,neither,0.03945320844208391,0.33037608806864915,0.630170703489267
you ever look at brake light reflections in the rain and think WOW life has good graphics,neither,0.04503345211926689,0.35718724677398334,0.5977793011067496
lmao,neither,0.03705015143476208,0.3711622369619404,0.5917876116032975
!uptime,neither,0.03945320844208391,0.33037608806864915,0.630170703489267
"@capnthomas, Mike has been live for: 6 minutes, 4 seconds",neither,0.038143554429185315,0.30716222689653355,0.6546942186742811
!alt,neither,0.03945320844208391,0.33037608806864915,0.630170703489267
"@originade, more streams, more emotes shroudyH https://www.twitch.tv/shroudplaysothergames",neither,0.04155997350632078,0.31941157895305994,0.6390284475406193
@shroudafterdark,neither,0.03945320844208391,0.33037608806864915,0.630170703489267
Shrouuuud,neither,0.03945320844208391,0.33037608806864915,0.630170703489267
shroudHey shroudHey shroudHey shroudHey,neither,0.03945320844208391,0.33037608806864915,0.630170703489267
shroud plays other games shroudyA1 shroudyA2,neither,0.03945320844208391,0.33037608806864915,0.630170703489267
shroud at night LUL,neither,0.031537123907424344,0.35381795609225886,0.6146449200003168
shroudHyper,neither,0.03945320844208391,0.33037608806864915,0.630170703489267
shroudatnight lmao,neither,0.03705015143476208,0.3711622369619404,0.5917876116032975
Second channel is basically extra emotes shroudHey,neither,0.04561029871753197,0.32825838238583815,0.6261313188966299
shroudyH shroudyH shroudyH shroudyH,neither,0.03945320844208391,0.33037608806864915,0.630170703489267
shroud plays other games shroudyH,neither,0.03945320844208391,0.33037608806864915,0.630170703489267
shroudplaysothergamesPog,neither,0.03945320844208391,0.33037608806864915,0.630170703489267
PogU 6 minute stream,neither,0.03945320844208391,0.33037608806864915,0.630170703489267
change to shrowdy rowdy,neither,0.046177456169360864,0.3264472471455115,0.6273752966851277
Shroud at night shroudM,neither,0.026633302492208886,0.37073604719055575,0.6026306503172353
LUL,neither,0.03945320844208391,0.33037608806864915,0.630170703489267
Check out Mike's Instagram account - http://www.instagram.com/shroud :D,neither,0.03410941730160631,0.30554211570058515,0.6603484669978086
rowdy fuk ya,offensive_language,0.027050542886303666,0.548652447594709,0.4242970095189875
LOTRO GANG,neither,0.03945320844208391,0.33037608806864915,0.630170703489267
shhh dont tell the normies about the second channel,neither,0.03732444696918698,0.32705430039767874,0.6356212526331344
ayeee hes backkkk,neither,0.03945320844208391,0.33037608806864915,0.630170703489267
shroud after dark LUL Kreygasm,neither,0.03945320844208391,0.33037608806864915,0.630170703489267
shroud no shirt on,neither,0.034594803833274575,0.36779721191613834,0.5976079842505871
Shroud at night is on another site KappaPride,neither,0.07729354413669556,0.2949776776693947,0.6277287781939097
Shroud after dark shroudHyper,neither,0.03945320844208391,0.33037608806864915,0.630170703489267
Night stream shroud PogU,neither,0.0314386010059893,0.3300809250651798,0.638480473928831
shroud4Head,neither,0.03945320844208391,0.33037608806864915,0.630170703489267
5 months pog,neither,0.03945320844208391,0.33037608806864915,0.630170703489267
How come shroud doesn’t thank subs?,neither,0.037821838621139615,0.35806469146604036,0.6041134699128201
who's been subbed to the second channel this whole time like me? shroudyH,neither,0.043481898703915584,0.4054574040774558,0.5510606972186286
ShroudAfterDark,neither,0.03945320844208391,0.33037608806864915,0.630170703489267
simulints its not so easy^^,neither,0.03130080108607444,0.3913433279865059,0.5773558709274197
!uptime,neither,0.03945320844208391,0.33037608806864915,0.630170703489267
"@astro0, Mike has been live for: 6 minutes, 38 seconds",neither,0.038293455266983904,0.30995644253943666,0.6517501021935793
Shroud leaves Pubg it is dead now,neither,0.04603063725231498,0.3281138086888495,0.6258555540588355
SHROUD STREAMS NAKED WITH BLACKLIGHT,neither,0.029275366250605093,0.3656378348802857,0.6050867988691093
bro wtf 24 hr stream?,offensive_language,0.0413423992562686,0.4987339650012211,0.45992363574251033
5 min sub pog,neither,0.03945320844208391,0.33037608806864915,0.630170703489267
yesss,neither,0.03945320844208391,0.33037608806864915,0.630170703489267
10 hours to go Kappa,neither,0.045980557401311975,0.3304273254120345,0.6235921171866534
Summit vs Shroud,neither,0.03945320844208391,0.33037608806864915,0.630170703489267
shroud4Head shroud4Head shroud4Head shroud4Head shroud4Head shroud4Head,neither,0.03945320844208391,0.33037608806864915,0.630170703489267
@watereddownwaterlive he does sometimes just can't get them all ya know,offensive_language,0.028958834867883816,0.6456433770896189,0.3253977880424972
"Shroud I need a good caulking that is Fat, I hear you can hook that up? shroudWat",neither,0.13462494952214607,0.35846318834323226,0.5069118621346217
@psynytes shroudafterdark sounds like a site Kappa,neither,0.04786820184055267,0.34281076783647746,0.6093210303229699
24 HOUR STREAM POGGERS,neither,0.03945320844208391,0.33037608806864915,0.630170703489267
!uptime,neither,0.03945320844208391,0.33037608806864915,0.630170703489267
Shroud after dark PogU,neither,0.03945320844208391,0.33037608806864915,0.630170703489267
"@Yssom07, Mike has been live for: 7 minutes, 9 seconds",neither,0.038143554429185315,0.30716222689653355,0.6546942186742811
!uptime,neither,0.03945320844208391,0.33037608806864915,0.630170703489267
no pants stream,neither,0.038665937365380106,0.343738132854099,0.617595929780521
Shroud After Dark... S.A.D.,neither,0.03945320844208391,0.33037608806864915,0.630170703489267
@nobasolo Yup rooSmug,neither,0.03945320844208391,0.33037608806864915,0.630170703489267
Pogu,neither,0.03945320844208391,0.33037608806864915,0.630170703489267
but its no nut november shroudThump,neither,0.03125964251000094,0.3522739061923583,0.6164664512976408
shroudHowl shroudHowl shroudHowl shroudHowl,neither,0.03945320844208391,0.33037608806864915,0.630170703489267
no mods @shroudplaysothergames,neither,0.036918905254960256,0.37338982715841207,0.5896912675866277
@watereddownwaterlive because he has become numb to it,neither,0.04841191608536618,0.32084487818290136,0.6307432057317324
snitches get stitches monkaGIGA,neither,0.038845117650812964,0.34069697578702124,0.6204579065621657
uptime!,neither,0.03945320844208391,0.33037608806864915,0.630170703489267
New users on Postmates get $100 in free delivery with code 'SHROUD'! https://t.co/Lcfq8GkGKz shroudHype,neither,0.03326933434814068,0.3127855011129714,0.6539451645388881
@chun stop it,offensive_language,0.0367036531505388,0.4892645587659077,0.4740317880835535
What would shroud after dark be like?,neither,0.056815818657255324,0.33974961212197663,0.6034345692207681
ay,neither,0.03945320844208391,0.33037608806864915,0.630170703489267
show us ! @shroud,neither,0.16769537339040438,0.2005943964582871,0.6317102301513084
shroudPrime shroudPrime shroudPrime,neither,0.03945320844208391,0.33037608806864915,0.630170703489267
"Now Twitch Prime is quite a great service; To not use it would be a disservice; The free monthly sub, Is nothing to snub, So do it without feeling nervous shroudPrime",neither,0.03220903223231923,0.3791055463733078,0.5886854213943729
@Nobasolo that sounds like a horse's name at the Kentucky Derby,neither,0.042052841437356415,0.36965361470492336,0.5882935438577203
schniffing ass troy?,offensive_language,0.11467735472629968,0.8836456078753273,0.0016770373983729103
shroud at night > ninja after dark LUL,neither,0.03385057288849773,0.3465321798445986,0.6196172472669036
shroudHey shroudHey shroudHey,neither,0.03945320844208391,0.33037608806864915,0.630170703489267
Woah,neither,0.03945320844208391,0.33037608806864915,0.630170703489267
shroudL,neither,0.03945320844208391,0.33037608806864915,0.630170703489267
shroudL,neither,0.03945320844208391,0.33037608806864915,0.630170703489267
shroudHello shroudHello,neither,0.03945320844208391,0.33037608806864915,0.630170703489267
hes just egod so many people,neither,0.0630090215509299,0.39441195995031514,0.542579018498755
@jalapenokoolaid LUL,neither,0.03945320844208391,0.33037608806864915,0.630170703489267
@Venom_IoI does bong rips,neither,0.02808177368468,0.436088631258125,0.535829595057195
Shroud its my bday ily,neither,0.025385134170202026,0.408163599683969,0.5664512661458291
shroud4Head,neither,0.03945320844208391,0.33037608806864915,0.630170703489267
how come dono needs to be noticed by senpai?,neither,0.04519031652146966,0.3929317739797804,0.56187790949875
welcome back to stream,neither,0.04570599556714153,0.3267148878697222,0.6275791165631361
D:,neither,0.03945320844208391,0.33037608806864915,0.630170703489267
!uptime,neither,0.03945320844208391,0.33037608806864915,0.630170703489267
"@nooseles, Mike has been live for: 7 minutes, 54 seconds",neither,0.038143554429185315,0.30716222689653355,0.6546942186742811
@PsyNytes comeonnnnn,neither,0.03945320844208391,0.33037608806864915,0.630170703489267
yes,neither,0.03945320844208391,0.33037608806864915,0.630170703489267
PepeHands,neither,0.03945320844208391,0.33037608806864915,0.630170703489267
Imagine thanking 50 thousand subs a month LULW,neither,0.03945320844208391,0.33037608806864915,0.630170703489267
He's back to 50k? Pog,neither,0.05256712748243527,0.3242398838969097,0.623192988620655
shroudHmm,neither,0.03945320844208391,0.33037608806864915,0.630170703489267
It’s bc he doesn’t care: (,neither,0.04336677186518786,0.3290300341486349,0.6276031939861773
he's never said my sub. and I haven't died yet because of it,neither,0.03141222689587977,0.3825342022984042,0.5860535708057161
@simulints LUL,neither,0.03945320844208391,0.33037608806864915,0.630170703489267
@usmcwillis LUL,neither,0.03945320844208391,0.33037608806864915,0.630170703489267
He does pretty well for a guy with 50k subs lol,neither,0.021731481761306248,0.4407218733834079,0.5375466448552858
ive been subbed for almost a year and not once has it be read PepeHands,neither,0.0344859865908748,0.2957106680764212,0.6698033453327039
mike im coming up on my 12 months u better thank me nerd,neither,0.02644959414576452,0.4562548777015871,0.5172955281526485
shroud is here for us,neither,0.239657173812639,0.21030851492686858,0.5500343112604925
i been sub for 13 months and he didnt say anything :( i don't feel loved,neither,0.038294551085345636,0.29485763071819077,0.6668478181964635
Read the 50k names shroudHmm,neither,0.03871592931643524,0.3169488901810211,0.6443351805025437
Because we are here for raw gameplay not to hear someone thank us for subbing,neither,0.10839365379860601,0.252372606379352,0.6392337398220419
and yet I subbed shroudHmm,neither,0.038681809016109,0.29145021274439026,0.6698679782395008
and there is nothing wrong with that shroudHey,neither,0.02934265615549888,0.3677153296143779,0.6029420142301232
shroud is actually a Horse shroudHmm @jalapenokoolaid,neither,0.04858117948503328,0.32723656025836684,0.6241822602565998
Y Restart @shroud,neither,0.03945320844208391,0.33037608806864915,0.630170703489267
id rather watch the stream without the thanking lol,neither,0.03628685058581197,0.3435806458992474,0.6201325035149406
hiiii shroudJ,neither,0.03945320844208391,0.33037608806864915,0.630170703489267
"oh stream did crash, I was like why did I get another Notif LUL",neither,0.0643320693118121,0.28606826861991713,0.6495996620682707
Social https://twitter.com/Shroud - https://www.youtube.com/shroud - https://www.reddit.com/r/Shroud/ - http://www.instagram.com/shroud 4Head,neither,0.0378810848931468,0.33376661315284734,0.6283523019540059
"@shroud is too focused on the content, which is what we all want",neither,0.05204846391932321,0.36568412661969607,0.5822674094609807
"Everyone should know Shroud absolutely appreciates everyone who subs, it doesnt have to be said allowed.",neither,0.04112719575569546,0.4743794091832426,0.4844933950610619
aloud*,neither,0.03945320844208391,0.33037608806864915,0.630170703489267
"if you're subbing and expect to be read out, you don't know shroud LULW",neither,0.06036443033296923,0.3958343283539734,0.5438012413130573
shroudDoo shroudDoo shroudDoo shroudDoo shroudDoo shroudDoo shroudDoo,neither,0.03945320844208391,0.33037608806864915,0.630170703489267
imagine looking over to your notifs and its just always 50+ new subs,neither,0.051592901979406955,0.2923541477742002,0.6560529502463928
reading subs all days would be an entertaining stream,neither,0.0405354486962729,0.36783895392950794,0.5916255973742192
shroudWB shroudWB shroudWB shroudWB shroudWB,neither,0.03945320844208391,0.33037608806864915,0.630170703489267
"hua, yes yes yes yes yes yes yes hua!",neither,0.03945320844208391,0.33037608806864915,0.630170703489267
50k subs hasn’t read any pog that’s how much we love you,neither,0.041253355806061716,0.3910659446919321,0.5676806995020061
If shroud thanked all of his subs then he would spend his whole stream saying thank you and noone would sub LULW,neither,0.05546767178860036,0.38726689378757434,0.5572654344238254
@usmcwillis rooREE,neither,0.03945320844208391,0.33037608806864915,0.630170703489267
when I have to look at that many texts I go insane shroudW,neither,0.034932968073261544,0.4149048478702355,0.5501621840565029
Mike has partnered with Madrinas Coffee! Use code 'SHROUD' for 40% off your online order shroudyC https://madrinascoffee.com/shroud,neither,0.028924841216797822,0.2923385662958248,0.6787365924873774
i sub for gameplay not to hear my username read,neither,0.030844573958758063,0.36666386684965613,0.6024915591915858
yes,neither,0.03945320844208391,0.33037608806864915,0.630170703489267
check out this clip im 9 btw,neither,0.03542584208951559,0.3692671611533177,0.5953069967571666
Ska shroudDoo dle,neither,0.03945320844208391,0.33037608806864915,0.630170703489267
@kenntrash That's what I wanna watch.,neither,0.048879938064227,0.3747285273349838,0.5763915346007892
LOL,neither,0.020706217963973744,0.4882283491876925,0.4910654328483337
sleep< open shrouds stream,neither,0.03945320844208391,0.33037608806864915,0.630170703489267
my 3 year is in like 2 weeks,neither,0.045016010847032585,0.43659947700416263,0.5183845121488048
"well my night shift in the UK is about to end, laters people much love",neither,0.044165498209366244,0.3899408870414038,0.56589361474923
Virus don’t check it,neither,0.038090592075054115,0.3308447543208652,0.6310646536040806
yepppppp,neither,0.03945320844208391,0.33037608806864915,0.630170703489267
just wanna watch u own,neither,0.07232527205603193,0.3400683955537674,0.5876063323902007
Pog @originade,neither,0.03945320844208391,0.33037608806864915,0.630170703489267
@ijoefish have fun :),neither,0.03861966649650238,0.34452347025629904,0.6168568632471987
@originade PogU,neither,0.03945320844208391,0.33037608806864915,0.630170703489267
does your mom need to say she loves you ever hour!?!?,offensive_language,0.06582089485771271,0.5081686086277557,0.42601049651453166
he won't thank you man :(,offensive_language,0.06751334156049191,0.46970935317090107,0.46277730526860705
SHROUD IS GOD! shroudHyper shroudTHICC,neither,0.055732361789954374,0.3247769407419311,0.6194906974681145
thats what were here for Kappa,neither,0.07495502065860739,0.25915469936408564,0.665890279977307
SHROUD THE GAMER GIRL,neither,0.03235587690175736,0.37627956965266035,0.5913645534455824
@originade PogU,neither,0.03945320844208391,0.33037608806864915,0.630170703489267
"Watching you gives me hemorrhoids, you better get them too sitting as much as I do Kappa",neither,0.05558342202526777,0.4435081064470979,0.5009084715276344
my subs and future subs all go to shroud...because what he does for the little guy..gets my respect,neither,0.0279706687601843,0.4466466674340314,0.5253826638057844
@ijoefish later! shroudL,neither,0.03945320844208391,0.33037608806864915,0.630170703489267
@shroud you thanked all your subs back in the MECLIPSE DAYS xD,neither,0.09296187170355287,0.41676729006943247,0.49027083822701456
I respect that,neither,0.033398878724606805,0.3968281174789189,0.5697730037964744
That’s why we watch,neither,0.026951795782095857,0.403412370575035,0.5696358336428692
Did Shroud play Scum recently?,neither,0.03945320844208391,0.33037608806864915,0.630170703489267
hell yeah B),offensive_language,0.024014075456083226,0.8806496383571902,0.0953362861867266
A gamer playing games? Pog,neither,0.03945320844208391,0.33037608806864915,0.630170703489267
NEVER CHANGE SHROUD,neither,0.033807772000178225,0.3883401067704575,0.5778521212293642
sexii,neither,0.03945320844208391,0.33037608806864915,0.630170703489267
Sometimes you and j9 talk tho,neither,0.028344984701681526,0.349916051727576,0.6217389635707425
one of us,neither,0.11121653609102863,0.3609560450326342,0.5278274188763372
i cant stand the constant sub thank yous on other channels tbh,neither,0.037335578401717175,0.3323912578253105,0.6302731637729723
@psynytes hello buddi,neither,0.03945320844208391,0.33037608806864915,0.630170703489267
shroud200,neither,0.03945320844208391,0.33037608806864915,0.630170703489267
if you thank every sub you're trying too hard. we recognize that,offensive_language,0.04502479613989942,0.5740418480512196,0.380933355808881
shroud is life,neither,0.048506342376991814,0.43048582340049435,0.5210078342225138
@originade my 1 year is in another 6 months PepeHands,neither,0.08068093467137237,0.33823110797680805,0.5810879573518196
he better read the 3 year or im unsubbing Kapp,neither,0.042642292437324876,0.342966849771588,0.6143908577910872
@shroud monotone gaming of the highest caliber,neither,0.03867507865167721,0.31618926838681527,0.6451356529615075
J9 retired yet mike?,neither,0.03945320844208391,0.33037608806864915,0.630170703489267
shroudHey shroudL @ikarpingtoni Hello there!,neither,0.03937036753510788,0.27621722592919734,0.6844124065356949
j9 4Head,neither,0.03945320844208391,0.33037608806864915,0.630170703489267
shroudThump,neither,0.03945320844208391,0.33037608806864915,0.630170703489267
shroudTHICC,neither,0.03945320844208391,0.33037608806864915,0.630170703489267
"Snapback hats, Mousepads, and more merch is coming in November and early December! Classic Tees have been restocked, get them while you can! Use code 'SHROUD' for 10% off https://www.jinx.com/shroud shroudTHICC",neither,0.035431940849284145,0.33086947104070125,0.6336985881100147
monkaGIGA,neither,0.03945320844208391,0.33037608806864915,0.630170703489267
I sub cause Troy Kappa,neither,0.03817966852298022,0.3519913841701771,0.6098289473068427
one of the best things i like is your community shroud its the least toxic chat ive seen,neither,0.06103183763578133,0.32804995275827326,0.6109182096059453
J9 is happily retired in Florida shroudHmm,neither,0.04566099480019868,0.32824094567830964,0.6260980595214917
I subbed cuz Jess,neither,0.03945320844208391,0.33037608806864915,0.630170703489267
