text,top_class,hate_speech,offensive_language,neither
f,neither,0.03945320844208391,0.33037608806864915,0.630170703489267
more siege pls,neither,0.04169801213183663,0.3187075446978012,0.6395944431703622
liriks team? you mean GiantWaffles team,neither,0.053760936139643216,0.3710047441796612,0.5752343196806955
!subcount,neither,0.03945320844208391,0.33037608806864915,0.630170703489267
D:,neither,0.03945320844208391,0.33037608806864915,0.630170703489267
"@Curious_Funt_, 35508 are currently subscribed shroudHyp",neither,0.07713431962109496,0.2694654762606152,0.6534002041182898
SO WE JUST REFRESH?,neither,0.03480586779455007,0.3985387127084568,0.566655419496993
WHERE DID HE GO,neither,0.05093337117923457,0.29280008561723336,0.6562665432035321
wb :),neither,0.03945320844208391,0.33037608806864915,0.630170703489267
no delay Pog,neither,0.036918905254960256,0.37338982715841207,0.5896912675866277
refresh it,neither,0.037828236809968684,0.3309349903269868,0.6312367728630445
POG,neither,0.03945320844208391,0.33037608806864915,0.630170703489267
BACK,neither,0.03945320844208391,0.33037608806864915,0.630170703489267
nvm all good,neither,0.0408500962598921,0.4174355932117636,0.5417143105283443
He back Pog,neither,0.05051617290504041,0.32657102729093723,0.6229127998040224
we back,neither,0.039166053543719236,0.33524985610846453,0.6255840903478163
we back?,neither,0.039166053543719236,0.33524985610846453,0.6255840903478163
shroud4Head,neither,0.03945320844208391,0.33037608806864915,0.630170703489267
you owned .. POGU,neither,0.061727289919088414,0.39189285626769765,0.546379853813214
reeeeeeeeeeeee,neither,0.03945320844208391,0.33037608806864915,0.630170703489267
we're back,neither,0.0707855877519284,0.2891816921207498,0.6400327201273217
wtf,offensive_language,0.04410695246022759,0.7898861884776351,0.16600685906213722
Pog,neither,0.03945320844208391,0.33037608806864915,0.630170703489267
"Socks are still in stock, everything else is gone! A very limited quantity of Mouse pads are available - type !mousepad in chat for more info - Classic Tees have been restocked, get them while you can! Use code 'SHROUD' for 10% off https://www.jinx.com/shroud shroudTHICC",neither,0.04650933700726518,0.33146687293701016,0.6220237900557246
Wow we went into the future,neither,0.03854847629827999,0.3185033767482242,0.6429481469534958
that was the finals match,neither,0.035418490610079754,0.35342814047358106,0.6111533689163392
That was fast,neither,0.03421599787878812,0.3886345157146608,0.5771494864065511
no delay hype PogU,neither,0.03833907048782863,0.34928591682072146,0.61237501269145
Pog,neither,0.03945320844208391,0.33037608806864915,0.630170703489267
Pog,neither,0.03945320844208391,0.33037608806864915,0.630170703489267
stream just died,neither,0.035125220504954466,0.35076014974965597,0.6141146297453897
https://clips.twitch.tv/CuriousDignifiedDiamondSMOrc,neither,0.03945320844208391,0.33037608806864915,0.630170703489267
lol i can already see it,neither,0.02850094905234972,0.4111050198496121,0.5603940310980383
he said ur mad LUL,neither,0.0665936392040372,0.32104124938880796,0.6123651114071548
hi :),neither,0.03945320844208391,0.33037608806864915,0.630170703489267
we in the present now??,neither,0.03839138852490756,0.31640940174894816,0.6451992097261444
!uptime,neither,0.03945320844208391,0.33037608806864915,0.630170703489267
who won?,neither,0.04061417405158025,0.44294463029151515,0.5164411956569047
WE back,neither,0.039166053543719236,0.33524985610846453,0.6255840903478163
LULW,neither,0.03945320844208391,0.33037608806864915,0.630170703489267
Just the fastest LUL,neither,0.033765140169159887,0.3355552698717278,0.6306795899591122
"@rec805, Mike has been live for: 4 hours, 13 minutes, 23 seconds",neither,0.03841269911236965,0.3121474888516389,0.6494398120359915
:),neither,0.03945320844208391,0.33037608806864915,0.630170703489267
We in the present now broys,neither,0.03839138852490756,0.31640940174894816,0.6451992097261444
just refresh chat :),neither,0.03544613887488625,0.34918968444435705,0.6153641766807567
no hes not :),neither,0.0367879931824298,0.35431133650042546,0.6089006703171448
nah,neither,0.03945320844208391,0.33037608806864915,0.630170703489267
That was fast LULW,neither,0.03421599787878812,0.3886345157146608,0.5771494864065511
we just timetravled a minute,neither,0.03368343661359138,0.3603168455529136,0.6059997178334949
cs today?,neither,0.037958996135523816,0.3073705101606052,0.654670493703871
@shroud you see the Doc Krypotnite clip?,neither,0.052709132495803036,0.3541677915017003,0.5931230760024967
the long games are dope,neither,0.06329851561020551,0.26976403439031943,0.666937449999475
more siege,neither,0.044084690295906365,0.306805713525994,0.6491095961780997
BEAULO OVER SHROUD *NO CLICKBAIT*,neither,0.032551611409919426,0.36031482838296575,0.6071335602071148
SIEGE MAIN,neither,0.03945320844208391,0.33037608806864915,0.630170703489267
hes just lucky :),neither,0.03467589371807,0.35297562456490067,0.6123484817170293
he went from 1 min to 0min,neither,0.05355560454224691,0.306875969804468,0.6395684256532851
he just plays the game more,neither,0.0403863693655824,0.2861827774690527,0.673430853165365
Shroud's back hurts from all the carrying,neither,0.0409643277752616,0.3587894883453059,0.6002461838794325
hes trash your way better :),neither,0.07518642914399883,0.14165381450801343,0.7831597563479877
Re fresh,neither,0.06701282653402944,0.2901111079904068,0.6428760654755639
didnt even need to refresh,neither,0.0440490385147973,0.3388699670710382,0.6170809944141644
shroud1 shroud2,neither,0.03945320844208391,0.33037608806864915,0.630170703489267
"All that matters is that you had fun, baby",offensive_language,0.05375913072797495,0.4909060745019872,0.45533479477003774
@shroud what do you mean... you owned them Pog,neither,0.10772606110215559,0.40381876268226063,0.48845517621558376
hi shroudPigeon shroudPigeon shroudPigeon,neither,0.03945320844208391,0.33037608806864915,0.630170703489267
Check out Mike's Instagram account - http://www.instagram.com/shroud :D,neither,0.03410941730160631,0.30554211570058515,0.6603484669978086
"Hi dad, how are you doing today? shroudWE",neither,0.07893174611354584,0.3053825520908604,0.6156857017955937
"The staircase play won the game, that's all :)",neither,0.03574273929360281,0.3540010436709062,0.610256217035491
SEE YA J9,offensive_language,0.02052170517863985,0.6984459664727475,0.2810323283486127
GROUNDHOG DAY,neither,0.04062343770405816,0.29560591037067285,0.663770651925269
Would you play with Beaulo at all?,offensive_language,0.042845862863170346,0.559130345190798,0.3980237919460318
more siege Pepega,neither,0.044084690295906365,0.306805713525994,0.6491095961780997
ggs shroudThump,neither,0.03945320844208391,0.33037608806864915,0.630170703489267
so what happen on the rivals?,neither,0.04101152729697547,0.3734603921996034,0.5855280805034211
wask,neither,0.03945320844208391,0.33037608806864915,0.630170703489267
yeah that was a good watch,neither,0.023352364857912363,0.48005658061059653,0.4965910545314911
ggg,neither,0.03945320844208391,0.33037608806864915,0.630170703489267
i love r6s,neither,0.03217296676969875,0.3657703709031763,0.602056662327125
lets play some RE2,neither,0.029385353277398017,0.3626672183667926,0.6079474283558094
Good IGL job J9 Clap,neither,0.038802700055165805,0.3305998277323643,0.6305974722124699
"RIP subs, JK",neither,0.03945320844208391,0.33037608806864915,0.630170703489267
!uptime,neither,0.03945320844208391,0.33037608806864915,0.630170703489267
!uptime,neither,0.03945320844208391,0.33037608806864915,0.630170703489267
that was insane lol,neither,0.02775253355424938,0.4342351253557752,0.5380123410899755
"@brhodess, Mike has been live for: 4 hours, 14 minutes, 8 seconds",neither,0.03833070558504967,0.310643774799772,0.6510255196151783
yay,neither,0.03945320844208391,0.33037608806864915,0.630170703489267
"@shroud you guys were owning, just unlucky at times",neither,0.04703078913903569,0.38673052043518813,0.5662386904257762
The games were insane @shroud shroudHyp,neither,0.038931087996809985,0.2955366828180688,0.6655322291851212
yay,neither,0.03945320844208391,0.33037608806864915,0.630170703489267
for the blizzard thing?,neither,0.02981541480206952,0.26665775133987357,0.7035268338580569
Poog,neither,0.03945320844208391,0.33037608806864915,0.630170703489267
@givebanditacogpls he already has,neither,0.04590753316120611,0.342634635495004,0.6114578313437898
Pog,neither,0.03945320844208391,0.33037608806864915,0.630170703489267
SPEAK,neither,0.03945320844208391,0.33037608806864915,0.630170703489267
Pog,neither,0.03945320844208391,0.33037608806864915,0.630170703489267
Only 4 more hours? 4Head,neither,0.04166574551631807,0.3188719571745105,0.6394622973091715
POGGERS,neither,0.03945320844208391,0.33037608806864915,0.630170703489267
"Use code ""SHROUD"" at checkout to get 40% off your Madrinas Coffee order (discount does not apply to the Shroud Coffeepack) shroudHyp https://madrinascoffee.com/shroud shroudyC",neither,0.033787637214217965,0.3672861776503627,0.5989261851354193
!uptime,neither,0.03945320844208391,0.33037608806864915,0.630170703489267
shroudPrime shroudPrime shroudPrime shroudHyp https://clips.twitch.tv/IntelligentBrightDaikonOMGScoots,neither,0.03945320844208391,0.33037608806864915,0.630170703489267
Pog ?,neither,0.03945320844208391,0.33037608806864915,0.630170703489267
"Now what I am saying is sublime; That it was not already written is a crime; I should need not bribe, To have you all subscribe, Sub to Shroud with Twitch Prime shroudPrime",neither,0.05413919486457965,0.44528002795050076,0.5005807771849194
"@inoshinn, Mike has been live for: 1 minute, 23 seconds",neither,0.03827405851370324,0.30959746809814,0.6521284733881568
Pog,neither,0.03945320844208391,0.33037608806864915,0.630170703489267
Pog],neither,0.03945320844208391,0.33037608806864915,0.630170703489267
RIP POLAND PepeHands,neither,0.03945320844208391,0.33037608806864915,0.630170703489267
shroudHmm,neither,0.03945320844208391,0.33037608806864915,0.630170703489267
LEAK PLS,neither,0.03945320844208391,0.33037608806864915,0.630170703489267
@thehallowedbear I know,neither,0.03945320844208391,0.33037608806864915,0.630170703489267
Pog,neither,0.03945320844208391,0.33037608806864915,0.630170703489267
shroud is now live! Streaming Tom Clancy's Rainbow Six: Siege: Twitch Rivals 1Min Delay | @shroud on socials,neither,0.04464826223047532,0.33534388057515563,0.620007857194369
???,neither,0.03945320844208391,0.33037608806864915,0.630170703489267
shroud1 shroud2,neither,0.03945320844208391,0.33037608806864915,0.630170703489267
LEAK PLZ,neither,0.03945320844208391,0.33037608806864915,0.630170703489267
shroudHmm shroud,neither,0.03945320844208391,0.33037608806864915,0.630170703489267
shroud4Head,neither,0.03945320844208391,0.33037608806864915,0.630170703489267
cock reveal?,offensive_language,0.05923419587639302,0.9107081209527805,0.03005768317082635
POGGERS,neither,0.03945320844208391,0.33037608806864915,0.630170703489267
shroudHmm hm,neither,0.03945320844208391,0.33037608806864915,0.630170703489267
New camera? @shroud ?,neither,0.04389774103521448,0.21835503858285815,0.7377472203819273
shroudHmm shroudHmm shroudHmm shroudHmm shroudHmm,neither,0.03945320844208391,0.33037608806864915,0.630170703489267
"@paddymulch, Yes, he got a new cam! He uses the Sony a6000 webcam - http://bit.ly/SonyA6000Cam",neither,0.04421851900187339,0.2342700585812,0.7215114224169267
@shroud play fortnite?,neither,0.03945320844208391,0.33037608806864915,0.630170703489267
shroudHmm @Krvtch,neither,0.03945320844208391,0.33037608806864915,0.630170703489267
Half Life 3 PogU,neither,0.03466912925004856,0.41232796990141507,0.5530029008485362
Shroud cock reveal Pog,offensive_language,0.05923419587639302,0.9107081209527805,0.03005768317082635
Birdbox 2? Kappa,neither,0.03945320844208391,0.33037608806864915,0.630170703489267
shroud1 shroud2,neither,0.03945320844208391,0.33037608806864915,0.630170703489267
what time Pog,neither,0.047870414617888955,0.35904887146102776,0.5930807139210833
shroud1 shroud2,neither,0.03945320844208391,0.33037608806864915,0.630170703489267
Involved Confirmed,neither,0.03945320844208391,0.33037608806864915,0.630170703489267
was like 45k viewers like 10 mins ago now 25k,neither,0.05486994566679077,0.35356667363440875,0.5915633806988004
break your NDA,neither,0.10154144955765484,0.31295550345175643,0.5855030469905886
fat cock event Pog,offensive_language,0.21928569863695738,0.5602207968966049,0.22049350446643787
i know :),neither,0.03945320844208391,0.33037608806864915,0.630170703489267
doctorNDA doctorNDA doctorNDA doctorNDA,neither,0.03945320844208391,0.33037608806864915,0.630170703489267
fat cock confirmed,offensive_language,0.22376411830294,0.5622423160205973,0.21399356567646288
LEAKED,neither,0.03945320844208391,0.33037608806864915,0.630170703489267
shoud mouse,neither,0.03945320844208391,0.33037608806864915,0.630170703489267
what game now,neither,0.04665073009663651,0.2665788153352053,0.6867704545681581
I have exams PepeHands,neither,0.03788192279475323,0.35704490623261964,0.6050731709726273
BATTELFIELD???????,neither,0.03945320844208391,0.33037608806864915,0.630170703489267
Debonair_Potato shroudHmm,neither,0.03945320844208391,0.33037608806864915,0.630170703489267
doctorNDA,neither,0.03945320844208391,0.33037608806864915,0.630170703489267
@shroud new game???????,neither,0.04304067954003515,0.14580824158711878,0.811151078872846
FK A NDA. u can pay the fine,neither,0.03892944307994293,0.3129384738619178,0.6481320830581393
doctorNDA doctorNDA doctorNDA doctorNDA doctorNDA doctorNDA doctorNDA,neither,0.03945320844208391,0.33037608806864915,0.630170703489267
12am?,neither,0.03945320844208391,0.33037608806864915,0.630170703489267
cock reveal pog,offensive_language,0.05923419587639302,0.9107081209527805,0.03005768317082635
Is the announcment tomorrow?,neither,0.051105724724150266,0.30214163090000545,0.6467526443758442
NDA'd outa his mind,neither,0.06618174305739104,0.3321596744831105,0.6016585824594984
doctorNDA doctorNDA doctorNDA doctorNDA doctorNDA doctorNDA doctorNDA doctorNDA doctorNDA doctorNDA doctorNDA doctorNDA doctorNDA doctorNDA doctorNDA,neither,0.03945320844208391,0.33037608806864915,0.630170703489267
BIRDBOX 2 Pog,neither,0.03945320844208391,0.33037608806864915,0.630170703489267
¡ad420,neither,0.03945320844208391,0.33037608806864915,0.630170703489267
!uptime,neither,0.03945320844208391,0.33037608806864915,0.630170703489267
"@spoooooker, Mike has been live for: 1 minute, 50 seconds",neither,0.038234403076027386,0.30886122830019125,0.6529043686237813
where can we see this anouncment,neither,0.04184276030094512,0.28981915679036363,0.6683380829086913
!headset,neither,0.03945320844208391,0.33037608806864915,0.630170703489267
"@tanrawtheruler, He uses the HyperX Cloud Flight wireless headset - http://hyperx.gg/ShroudFlight",neither,0.040382456267664464,0.23573222815408024,0.7238853155782552
black out,neither,0.07084894860123031,0.32969834184827396,0.5994527095504957
food time,neither,0.03777110942998797,0.35892569823252274,0.6033031923374893
beaulo's team said you cs guys are insane,neither,0.07264872919250735,0.3297814240230927,0.5975698467844
BATTLEFIELD????,neither,0.03945320844208391,0.33037608806864915,0.630170703489267
they lost?,neither,0.03945320844208391,0.33037608806864915,0.630170703489267
FAAXXX,neither,0.03945320844208391,0.33037608806864915,0.630170703489267
shroud4Head shroud4Head shroud4Head shroud4Head shroud4Head shroud4Head shroud4Head shroud4Head shroud4Head shroud4Head shroud4Head shroud4Head shroud4Head,neither,0.03945320844208391,0.33037608806864915,0.630170703489267
gator boys,neither,0.03964819232721966,0.32706670267050486,0.6332851050022754
Another MK11 announcement Pog,neither,0.1972848274561706,0.17136376144574766,0.6313514110980817
sounds really awesome Kappa,neither,0.03945320844208391,0.33037608806864915,0.630170703489267
Is there still 1 min delay?,neither,0.047169323491541154,0.29868950697854363,0.6541411695299152
announcement from what company?,neither,0.04726700407576935,0.3050688569015459,0.6476641390226848
@shroud we need a Schreulo baby to dominate everyone,neither,0.039257149044407476,0.4325478595358534,0.5281949914197392
shroudM,neither,0.03945320844208391,0.33037608806864915,0.630170703489267
@shroud wheres the Cali b at?,neither,0.03796513169444438,0.3369571028234977,0.6250777654820581
shroudHmm,neither,0.03945320844208391,0.33037608806864915,0.630170703489267
PUBG,neither,0.03945320844208391,0.33037608806864915,0.630170703489267
shroudHmm,neither,0.03945320844208391,0.33037608806864915,0.630170703489267
monkaHmm,neither,0.03945320844208391,0.33037608806864915,0.630170703489267
h,neither,0.03945320844208391,0.33037608806864915,0.630170703489267
"go eat, dad",neither,0.04092869772727714,0.3354995048208487,0.6235717974518741
tomorrow when? @shroud,neither,0.025846133063617185,0.4024266889913503,0.5717271779450325
shroud's gonna be the new batman,neither,0.04153179099755368,0.27687587775349665,0.6815923312489496
BF BR,neither,0.03945320844208391,0.33037608806864915,0.630170703489267
LULW,neither,0.03945320844208391,0.33037608806864915,0.630170703489267
damit now i wanna know what this is.,neither,0.057480894415369826,0.32357868867506,0.6189404169095702
Star Wars reveal? shroudHmm,neither,0.03945320844208391,0.33037608806864915,0.630170703489267
LULW,neither,0.03945320844208391,0.33037608806864915,0.630170703489267
damn,offensive_language,0.042479326866149344,0.9516554255713155,0.005865247562535126
PepeLaugh almost said it,neither,0.03757018922575873,0.3310237447241241,0.6314060660501172
LUL,neither,0.03945320844208391,0.33037608806864915,0.630170703489267
LEAKED,neither,0.03945320844208391,0.33037608806864915,0.630170703489267
LULW,neither,0.03945320844208391,0.33037608806864915,0.630170703489267
@TrypleY no,neither,0.036918905254960256,0.37338982715841207,0.5896912675866277
LULW,neither,0.03945320844208391,0.33037608806864915,0.630170703489267
Join the Shroudy Rowdy sub only Discord! Type !discord in chat to find out how shroudHyp,neither,0.04247144539756702,0.27607916661894155,0.6814493879834914
how big is the shroud mousepad ? it looks small,neither,0.028749776261240936,0.3707827880677298,0.6004674356710293
R U GOING TO STREAM IT TMRW???,neither,0.042106624083432805,0.34951901416129916,0.608374361755268
big ass nani SECRETS!?,offensive_language,0.06698467337060966,0.9309471677498663,0.002068158879524016
LEAKED,neither,0.03945320844208391,0.33037608806864915,0.630170703489267
HyperX something,neither,0.03945320844208391,0.33037608806864915,0.630170703489267
whoop,neither,0.03945320844208391,0.33037608806864915,0.630170703489267
@terminatortim19 thx,neither,0.03945320844208391,0.33037608806864915,0.630170703489267
did i miss rivals?,neither,0.03026508563559195,0.3335363048287091,0.636198609535699
NANI!!!!,neither,0.03945320844208391,0.33037608806864915,0.630170703489267
PepeHands,neither,0.03945320844208391,0.33037608806864915,0.630170703489267
"Jesus Mike, chill. LULW",neither,0.03945320844208391,0.33037608806864915,0.630170703489267
@shroud new season of Gator Boys Pog,neither,0.042915728112850306,0.2469184618287831,0.7101658100583667
!merch,neither,0.03945320844208391,0.33037608806864915,0.630170703489267
shitty af,offensive_language,0.0506642272271835,0.8320858294566188,0.11724994331619767
"@ChillGillz, Socks are still in stock, new merch coming this Feb! Mouse pads are sold out - type !mousepad in chat for more info - Classic Tees have been restocked, get them while you can! Use code 'SHROUD' for 10% off https://www.jinx.com/shroud shroudTHICC",neither,0.043739195850421395,0.31089848810711235,0.6453623160424663
@trapicalz L,neither,0.03945320844208391,0.33037608806864915,0.630170703489267
"@shroud is it too late to start up youtube and do like film making cinematic videos? I""m pretty passionate about, is it something that can end up being a living for me? Love the stream. Would appreciate any insight! @shroud <3",neither,0.03778416549093505,0.3791561886441933,0.5830596458648716
Marvel: Endgame reveal can confirm,neither,0.03968756276564788,0.32639848358172135,0.6339139536526309
@PeterFishman no he isnt,neither,0.04485208395168039,0.344611936568371,0.6105359794799486
HyperX mouse,neither,0.03945320844208391,0.33037608806864915,0.630170703489267
Did shroud move as of recent?,neither,0.037662674552740534,0.3607661210918909,0.6015712043553687
club penguin reopening Pog,neither,0.03945320844208391,0.33037608806864915,0.630170703489267
"@cutoff_, POGGERS",neither,0.03945320844208391,0.33037608806864915,0.630170703489267
@shroud why did my name disappear off the top donation list monkaHmm,neither,0.02514405160924564,0.38537355690730063,0.5894823914834537
I always record with my mobile phone Kapp,neither,0.02345024086279832,0.458738261450426,0.5178114976867757
sea of thieves,neither,0.03945320844208391,0.33037608806864915,0.630170703489267
is it a pubg or r6 reveal? @chat @shroud,neither,0.04723048095865669,0.32770112741868257,0.6250683916226609
DONO LUL,neither,0.03945320844208391,0.33037608806864915,0.630170703489267
@Debonair_Potato shroudHmm,neither,0.03945320844208391,0.33037608806864915,0.630170703489267
why your cam so yellow?,neither,0.014563979044015303,0.039432439570821584,0.946003581385163
sub only bs,neither,0.03945320844208391,0.33037608806864915,0.630170703489267
Anyone get a SHROUD WENT LIVE notification?,neither,0.04263866916547465,0.3361757060611509,0.6211856247733745
#blame tyler,neither,0.03945320844208391,0.33037608806864915,0.630170703489267
shroudHmm,neither,0.03945320844208391,0.33037608806864915,0.630170703489267
shroudHmm,neither,0.03945320844208391,0.33037608806864915,0.630170703489267
? mirror monitor i dont get it,neither,0.03738745428325898,0.34041732257287755,0.6221952231438633
!height,neither,0.03945320844208391,0.33037608806864915,0.630170703489267
???,neither,0.03945320844208391,0.33037608806864915,0.630170703489267
@nostrdomus Yeah,offensive_language,0.013968601452186464,0.5182923869769311,0.4677390115708824
@Momoza it makes him hot,neither,0.03767844429112813,0.3334500677036998,0.6288714880051722
YOURE A ONE PC PLEB?,neither,0.04825629914466732,0.3574798369606914,0.5942638638946411
Try Postmates - New users get $100 in free delivery fee credit with code 'SHROUD'! https://t.co/Lcfq8GkGKz shroudHyp,neither,0.0353620628076255,0.3088663594096241,0.6557715777827504
is the delay gone?,neither,0.05273917744217051,0.3011579036950722,0.6461029188627573
!uptime,neither,0.03945320844208391,0.33037608806864915,0.630170703489267
"@og_tamale_king, Mike has been live for: 3 minutes, 54 seconds",neither,0.038143554429185315,0.30716222689653355,0.6546942186742811
notic,neither,0.03945320844208391,0.33037608806864915,0.630170703489267
@shroud when is the new merch out?,neither,0.03537227885003569,0.2917640140870874,0.672863707062877
shroudHmm,neither,0.03945320844208391,0.33037608806864915,0.630170703489267
Thank you @Innovativefarmer,neither,0.07325166854587051,0.43632638485078484,0.49042194660334476
youve done NDA Kappa,neither,0.03886233934412684,0.34040467870644675,0.6207329819494264
shroudDad,neither,0.03945320844208391,0.33037608806864915,0.630170703489267
notificafion received,neither,0.03945320844208391,0.33037608806864915,0.630170703489267
"@shroud Yeah, you can do Game Capture and Screen Capture on NDI - Same as capture card",neither,0.03630819478573431,0.37279615144237377,0.5908956537718919
shroudEZ shroudEZ shroudEZ shroudEZ shroudEZ,neither,0.03945320844208391,0.33037608806864915,0.630170703489267
das,neither,0.03945320844208391,0.33037608806864915,0.630170703489267
1,neither,0.03945320844208391,0.33037608806864915,0.630170703489267
Dono.... twitch prime cost... 4.95 lol,neither,0.03446489002306635,0.3653375290753353,0.6001975809015984
why is shroud soo tan?,neither,0.03510472424336841,0.3426122128378925,0.6222830629187391
amiloSmile amiloSmile shroudDoo shroudDoo,neither,0.03945320844208391,0.33037608806864915,0.630170703489267
its his res @shroud,neither,0.07372035734185979,0.3383918638293168,0.5878877788288233
ANyuone clue me in on the matches score? I had to step out,neither,0.033821373658640026,0.36000315220658263,0.6061754741347773
It's his camera,neither,0.07175366301548551,0.33306295769922656,0.595183379285288
@chrono1g restarted to take off the 1min delay,neither,0.048683982144670276,0.3006201665678067,0.650695851287523
shroud1 shroud2 . shroud3 shroud4,neither,0.03945320844208391,0.33037608806864915,0.630170703489267
Pog,neither,0.03945320844208391,0.33037608806864915,0.630170703489267
o boy what a match,neither,0.045841377991978,0.325820391631585,0.628338230376437
shroudW,neither,0.03945320844208391,0.33037608806864915,0.630170703489267
Kapp,neither,0.03945320844208391,0.33037608806864915,0.630170703489267
liar,neither,0.03945320844208391,0.33037608806864915,0.630170703489267
LULW,neither,0.03945320844208391,0.33037608806864915,0.630170703489267
Kapp,neither,0.03945320844208391,0.33037608806864915,0.630170703489267
Kapp,neither,0.03945320844208391,0.33037608806864915,0.630170703489267
@Aztokk cause the light and he lives in cali,neither,0.04093771292188311,0.3104879562394611,0.6485743308386559
LULW,neither,0.03945320844208391,0.33037608806864915,0.630170703489267
PepeLaugh,neither,0.03945320844208391,0.33037608806864915,0.630170703489267
OMEGALUL,neither,0.03945320844208391,0.33037608806864915,0.630170703489267
you need white lights,hate_speech,0.6434410288992084,0.3432550826107689,0.013303888490022758
total lie lmao,neither,0.0383942931481249,0.34834864415583455,0.6132570626960405
OMEGALUL,neither,0.03945320844208391,0.33037608806864915,0.630170703489267
Outside DansGame,neither,0.03945320844208391,0.33037608806864915,0.630170703489267
Hhahahahaha,neither,0.03945320844208391,0.33037608806864915,0.630170703489267
Kapp,neither,0.03945320844208391,0.33037608806864915,0.630170703489267
Wait so who's on shroud's team?,neither,0.03705900127455805,0.4695425853700527,0.49339841335538914
Kapp,neither,0.03945320844208391,0.33037608806864915,0.630170703489267
vitamin D,neither,0.03945320844208391,0.33037608806864915,0.630170703489267
OMEGALUL UTSIDE,neither,0.03945320844208391,0.33037608806864915,0.630170703489267
Kapp,neither,0.03945320844208391,0.33037608806864915,0.630170703489267
okie... 😉😉,neither,0.03945320844208391,0.33037608806864915,0.630170703489267
not yellow,neither,0.0031505612551914483,0.0029154678511436644,0.9939339708936649
shroudHmm shroudHmm shroudHmm shroudHmm shroudHmm shroudHmm shroudHmm shroudHmm shroudHmm shroudHmm,neither,0.03945320844208391,0.33037608806864915,0.630170703489267
"Yea, GG's Shroud",neither,0.03908133164861177,0.3366878077749653,0.624230860576423
alert me dad,neither,0.0321405502403622,0.37001714645569855,0.5978423033039392
LULW outside doing what Kappa,neither,0.044184793106436256,0.32696924729432103,0.6288459595992426
Outside is cold DansGame,neither,0.049678046013900024,0.32685929756161397,0.623462656424486
he has jaundice Kappa,neither,0.0454108882405996,0.3216347458905039,0.6329543658688965
"@shroud it my bday, thanks for the entertainment for my morning!",neither,0.022418372079666935,0.2924355151662586,0.6851461127540744
!uptime,neither,0.03945320844208391,0.33037608806864915,0.630170703489267
LULW,neither,0.03945320844208391,0.33037608806864915,0.630170703489267
shroud1 shroud2,neither,0.03945320844208391,0.33037608806864915,0.630170703489267
"@DL_Sumo, Mike has been live for: 4 minutes, 58 seconds",neither,0.03830358073741883,0.3101435405721779,0.6515528786904033
LUL,neither,0.03945320844208391,0.33037608806864915,0.630170703489267
lol,neither,0.020706217963973744,0.4882283491876925,0.4910654328483337
@shroud go eat,neither,0.041539091056260774,0.337627391833638,0.6208335171101013
he's had enough,neither,0.046656613701014926,0.32789850668361437,0.6254448796153707
shroud4 shroud3,neither,0.03945320844208391,0.33037608806864915,0.630170703489267
lul,neither,0.03945320844208391,0.33037608806864915,0.630170703489267
is he thicc?,neither,0.0817087036342036,0.3158424856208871,0.6024488107449093
so who was keeping what a secret for so long? shroudHmm shroudHmm,neither,0.03851656707687406,0.4100996787626508,0.551383754160475
@shroud this lighting tho.. would be great if it was white!,offensive_language,0.29596688426139894,0.5278990580108239,0.17613405772777707
Do you see yourself playing more siege??,neither,0.06063078953271865,0.3664317176191881,0.5729374928480933
@shroud please fix ur White Balance LUL it looks super weird LULW,offensive_language,0.3129092250072898,0.4340943854063849,0.2529963895863252
CHANGE THE TITLE PERHAPS,neither,0.03870650346221435,0.31677378114289684,0.6445197153948887
What was the score of the last game? @kurib,neither,0.04213350254734748,0.2694895171932395,0.688376980259413
eat @shroud,neither,0.03945320844208391,0.33037608806864915,0.630170703489267
!title,neither,0.03945320844208391,0.33037608806864915,0.630170703489267
@rec805 Title for channel shroud: Twitch Rivals 1Min Delay | @shroud on socials,neither,0.033287202155144746,0.3182034613501474,0.6485093364947079
Eat Dad,neither,0.03945320844208391,0.33037608806864915,0.630170703489267
@shroud so whats tomorrow ?,neither,0.039409966235661634,0.37949309071206033,0.5810969430522781
whats up shorud,neither,0.03597034933595279,0.4023906385329718,0.5616390121310755
"Socks are still in stock, everything else is gone! A very limited quantity of Mouse pads are available - type !mousepad in chat for more info - Classic Tees have been restocked, get them while you can! Use code 'SHROUD' for 10% off https://www.jinx.com/shroud shroudTHICC",neither,0.04650933700726518,0.33146687293701016,0.6220237900557246
go eat,neither,0.041539091056260774,0.337627391833638,0.6208335171101013
POST MATES,neither,0.03945320844208391,0.33037608806864915,0.630170703489267
Is this a new web cam? I haven't been here for a while,neither,0.07033126387231034,0.2383396518076471,0.6913290843200426
hello,neither,0.03945320844208391,0.33037608806864915,0.630170703489267
The light in that rooms makes me nervous,neither,0.03155278081993033,0.37339476234321334,0.5950524568368564
@Jaskaran158 6-7,neither,0.03945320844208391,0.33037608806864915,0.630170703489267
something healthy Kapp,neither,0.03945320844208391,0.33037608806864915,0.630170703489267
you need white lights not yellow lights,neither,0.20132532667449796,0.11113516792054796,0.6875395054049541
pizza mukbang,neither,0.03945320844208391,0.33037608806864915,0.630170703489267
!uptime,neither,0.03945320844208391,0.33037608806864915,0.630170703489267
pizza Kreygasm,neither,0.03945320844208391,0.33037608806864915,0.630170703489267
"@drewhorse, Mike has been live for: 5 minutes, 29 seconds",neither,0.0382808944504514,0.30972406508985817,0.6519950404596905
u look cute as always but please balance your whites,neither,0.05556154693713831,0.36966565811793084,0.5747727949449308
god i wish there were games like that once a week,neither,0.04407240644963567,0.32455318218056883,0.6313744113697956
shroudMilk shroudMilk shroudMilk shroudMilk shroudMilk shroudMilk shroudMilk shroudMilk shroudMilk shroudMilk shroudMilk shroudMilk shroudMilk shroudMilk shroudMilk shroudMilk shroudMilk,neither,0.03945320844208391,0.33037608806864915,0.630170703489267
That was fucking great FeelsGoodMan,offensive_language,0.09957999103246228,0.9002652812211076,0.00015472774643016088
Go eat then,neither,0.04118044457854529,0.3363766086887771,0.6224429467326776
Pog,neither,0.03945320844208391,0.33037608806864915,0.630170703489267
"@shroud if you had an assistant aka just9n, make you some food",neither,0.03955120686118498,0.4726088445030993,0.4878399486357157
gg's mikey nice last game bruh,neither,0.03888902784835618,0.29649569176359547,0.6646152803880485
do it dad needs to eat for those reactions,neither,0.05643455600888853,0.25756861198118786,0.6859968320099237
I am subbed,neither,0.039246452605914695,0.33044720088162116,0.6303063465124641
who won?,neither,0.04061417405158025,0.44294463029151515,0.5164411956569047
Grab a slice shroudW,neither,0.03945320844208391,0.33037608806864915,0.630170703489267
shroudW shroudMilk,neither,0.03945320844208391,0.33037608806864915,0.630170703489267
wait what were you playing LOL,neither,0.05279736579140472,0.40929863801512334,0.5379039961934718
@shroud change title now?,neither,0.03945320844208391,0.33037608806864915,0.630170703489267
Why I'm I getting an ad?,neither,0.025899787418835647,0.40761346349031236,0.566486749090852
Thanks @kurib,neither,0.035884468650613,0.3004919205142699,0.6636236108351171
@shroud 4 hour Batman sesh? PogU,neither,0.03945320844208391,0.33037608806864915,0.630170703489267
j9999,neither,0.03945320844208391,0.33037608806864915,0.630170703489267
Ihaveab0ner,neither,0.03945320844208391,0.33037608806864915,0.630170703489267
cold pizza Kreygasm,neither,0.03945320844208391,0.33037608806864915,0.630170703489267
Pro R6 gamer shroud Pog,neither,0.03945320844208391,0.33037608806864915,0.630170703489267
Check out Mike's Instagram account - http://www.instagram.com/shroud :D,neither,0.03410941730160631,0.30554211570058515,0.6603484669978086
@just9n the emote got approved Pog,neither,0.03701853343736602,0.3621859289692543,0.6007955375933796
did they win chat?,neither,0.03945320844208391,0.33037608806864915,0.630170703489267
he is playing in 4:3,neither,0.06110198029045767,0.32293008271251633,0.615967936997026
rip fridge,neither,0.03945320844208391,0.33037608806864915,0.630170703489267
Lexie shroudTHICC,neither,0.03945320844208391,0.33037608806864915,0.630170703489267
Just dont play ranked 4Head,neither,0.03536852348853635,0.34956860688705466,0.6150628696244089
Pog,neither,0.03945320844208391,0.33037608806864915,0.630170703489267
"wait a minute, does shroud have a new camera?",neither,0.030407310626741173,0.3758569613043192,0.5937357280689396
@shroud ur mike is bit low,neither,0.06988090441158752,0.3199106081444047,0.6102084874440078
"@NlCO__, Yes, he got a new cam! He uses the Sony a6000 webcam - http://bit.ly/SonyA6000Cam",neither,0.04421851900187339,0.2342700585812,0.7215114224169267
@SeductiveBanana,neither,0.03945320844208391,0.33037608806864915,0.630170703489267
@just9n nice IGL job man,neither,0.03962346629629088,0.40670756113127915,0.55366897257243
@Jaskaran158 np :),neither,0.03945320844208391,0.33037608806864915,0.630170703489267
!uptime,neither,0.03945320844208391,0.33037608806864915,0.630170703489267
Dota Pog,neither,0.03945320844208391,0.33037608806864915,0.630170703489267
"@xxcrash1205xx, Mike has been live for: 5 minutes, 59 seconds",neither,0.03830358073741883,0.3101435405721779,0.6515528786904033
ranked is sooo annoying,neither,0.04612240390084014,0.32808224593040675,0.6257953501687531
play 10 mans,neither,0.03945320844208391,0.33037608806864915,0.630170703489267
Fat Pizza Slice for a fat cock,neither,0.2857935138036492,0.32932964233445083,0.38487684386189996
so Pugs?,neither,0.03940934168832202,0.38195233036853654,0.5786383279431415
@shroud get a good group for custom games,neither,0.03279959168972191,0.31053521946812357,0.6566651888421544
Play the mans,neither,0.03839893390319446,0.3110025482277545,0.650598517869051
did shroud get a new camera,neither,0.04267312005042212,0.24622552453863294,0.711101355410945
dota allstars PogChamp,neither,0.03945320844208391,0.33037608806864915,0.630170703489267
so rank S?,neither,0.03940873201331527,0.3852271981970228,0.5753640697896619
shroud joining dota team Pog,neither,0.03945320844208391,0.33037608806864915,0.630170703489267
10,neither,0.03945320844208391,0.33037608806864915,0.630170703489267
@Celciuse nope,neither,0.03945320844208391,0.33037608806864915,0.630170703489267
!uptime,neither,0.03945320844208391,0.33037608806864915,0.630170703489267
@just9n ggs man! just9nH,offensive_language,0.040018442559345856,0.5018538837344726,0.4581276737061815
"@That_DevilishIce, Mike has been live for: 6 minutes, 9 seconds",neither,0.038143554429185315,0.30716222689653355,0.6546942186742811
do exactly that! @shroud,neither,0.03624868671345042,0.382956754432557,0.5807945588539927
If R6 tms had more people ur dream would be a reality,neither,0.06107957522498471,0.35414795437507307,0.5847724703999423
dota ResidentSleeper,neither,0.03945320844208391,0.33037608806864915,0.630170703489267
yeah ranked is frustrating af,neither,0.030281248712294553,0.42456866904729834,0.5451500822404071
@shroud can you change lighting in this room?,neither,0.052879906925521726,0.3655391371238895,0.5815809559505888
"@SeductiveBanana @kurib oh hello new mods, nice to meet u",neither,0.05329573472015255,0.21263929483735416,0.7340649704424933
shroudJ shroudJ shroudJ shroudJ shroudJ shroudJ shroudJ shroudJ shroudJ shroudJ shroudJ shroudJ shroudJ shroudJ shroudJ shroudJ shroudJ shroudJ shroudJ,neither,0.03945320844208391,0.33037608806864915,0.630170703489267
GG just9n SeemsGood,neither,0.03945320844208391,0.33037608806864915,0.630170703489267
can barely hear,neither,0.039753550213499765,0.32527850437815886,0.6349679454083413
I'm a little upset I lost my 6 month badge,neither,0.03122569531372959,0.3942801630156708,0.5744941416705996
@darksidegunner yup,neither,0.03945320844208391,0.33037608806864915,0.630170703489267
R6TM,neither,0.03945320844208391,0.33037608806864915,0.630170703489267
@just9n That shit was fun to watch gg's my man,offensive_language,0.04332482950414054,0.9554150961167397,0.0012600743791197789
i just hate how the other team chat trash talk on a good close r6 game..,neither,0.08187766831831697,0.13742851986603347,0.7806938118156496
you should try face it!,neither,0.08171768930974428,0.4512448238917628,0.46703748679849305
R6TMS!!! @shroud,neither,0.03945320844208391,0.33037608806864915,0.630170703489267
like esea with csgo,neither,0.036817630359497554,0.3927360808394542,0.5704462888010483
lean peaking angles ResidnetSleeper,neither,0.03945320844208391,0.33037608806864915,0.630170703489267
"Use code ""SHROUD"" at checkout to get 40% off your Madrinas Coffee order (discount does not apply to the Shroud Coffeepack) shroudHyp https://madrinascoffee.com/shroud shroudyC",neither,0.033787637214217965,0.3672861776503627,0.5989261851354193
?,neither,0.03945320844208391,0.33037608806864915,0.630170703489267
NDA= Shroud house new siege house with J9 and Tyler,neither,0.03312080264423014,0.2628713720733425,0.7040078252824273
shroudJ shroudJ shroudJ shroudJ shroudJ,neither,0.03945320844208391,0.33037608806864915,0.630170703489267
@nlco__ shroudL,neither,0.03945320844208391,0.33037608806864915,0.630170703489267
VAC,neither,0.03945320844208391,0.33037608806864915,0.630170703489267
Play R6tms and go4s @shroud,neither,0.03817438682221458,0.25956626617947287,0.7022593469983126
Play R6TM,neither,0.03945320844208391,0.33037608806864915,0.630170703489267
new camera looks good,neither,0.04231461968869947,0.2422707496866266,0.715414630624674
That was fun to watch.,neither,0.049185322987244755,0.37229248518694186,0.5785221918258133
"You know enough people to set that up, surely",neither,0.07953295727943294,0.43347409164287126,0.48699295107769586
The Ash run Kreygasm,neither,0.038578303994466885,0.31438211499854424,0.6470395810069889
@shroud R6TMs are competitive and comms are required,neither,0.0974308514696883,0.21126722962802646,0.6913019189022851
Money 10 mans in Siege? @shroud Pog,neither,0.03945320844208391,0.33037608806864915,0.630170703489267
@SeductiveBanana Pog,neither,0.03945320844208391,0.33037608806864915,0.630170703489267
