text,top_class,hate_speech,offensive_language,neither
Welcome back <3,neither,0.03945320844208391,0.33037608806864915,0.630170703489267
PogU,neither,0.03945320844208391,0.33037608806864915,0.630170703489267
"Davalo3133 subscribed with Twitch Prime. They've subscribed for 4 months, currently on a 2 month streak! luv you shroud , hope you are feeling better on that elbow",neither,0.048527921174739634,0.32064758494710416,0.6308244938781562
3rd ?,neither,0.03945320844208391,0.33037608806864915,0.630170703489267
everyone refresh to get 1080p,neither,0.03905011364648003,0.427724807029235,0.5332250793242849
we back,neither,0.039166053543719236,0.33524985610846453,0.6255840903478163
just9nTP just9nTP just9nTP,neither,0.03945320844208391,0.33037608806864915,0.630170703489267
shroud3 shroud4,neither,0.03945320844208391,0.33037608806864915,0.630170703489267
lol,neither,0.020706217963973744,0.4882283491876925,0.4910654328483337
hiii,neither,0.03945320844208391,0.33037608806864915,0.630170703489267
yes he is restarting stream,neither,0.053937315712898164,0.32539433940075013,0.6206683448863517
dumb as OSFrog,neither,0.036117657184493626,0.3869890980050639,0.5768932448104425
PogChamp,neither,0.03945320844208391,0.33037608806864915,0.630170703489267
april fools,neither,0.03945320844208391,0.33037608806864915,0.630170703489267
!standings,neither,0.03945320844208391,0.33037608806864915,0.630170703489267
"@suryaknt, Here are the US bracket and standings for Twitch Rivals: APEX Legends Challenge: http://bit.ly/RivalsDetails shroudHype",neither,0.09187415659670689,0.20403123798025488,0.7040946054230383
shroud1 shroud2 shroud3 shroud4 shroud4,neither,0.03945320844208391,0.33037608806864915,0.630170703489267
!uptime,neither,0.03945320844208391,0.33037608806864915,0.630170703489267
"@BiskutHupSeng9795, Mike has been live for: 29 seconds",neither,0.03819032204892695,0.30803903699546364,0.6537706409556094
dumb as Pepega,neither,0.036117657184493626,0.3869890980050639,0.5768932448104425
720p EWWWWW,neither,0.03945320844208391,0.33037608806864915,0.630170703489267
is the tourny over boys?,neither,0.04445977832412191,0.3085094491919426,0.6470307724839355
shroud is now live! Streaming Apex Legends: just chattingf? | @shroud on socials for updates,neither,0.03830640802124138,0.3301462011835707,0.6315473907951878
@shroudHmm okay I belive you,neither,0.0751303288207532,0.42438111886733415,0.5004885523119126
beker92 subscribed with Twitch Prime. They've subscribed for 8 months! sorry to hear u guys stranded BROYS .... GGs and have a fast recovery GOD,neither,0.024481762287136326,0.3122761874352101,0.6632420502776536
RituaaLGames subscribed with Twitch Prime. They've subscribed for 2 months!,neither,0.017135853092050617,0.3228815153557895,0.6599826315521599
shroudW,neither,0.03945320844208391,0.33037608806864915,0.630170703489267
shroudHyper,neither,0.03945320844208391,0.33037608806864915,0.630170703489267
!bracket,neither,0.03945320844208391,0.33037608806864915,0.630170703489267
"@BiskutHupSeng9795, Here are the US bracket and standings for Twitch Rivals: APEX Legends Challenge: http://bit.ly/RivalsDetails shroudHype",neither,0.09187415659670689,0.20403123798025488,0.7040946054230383
mike u still gamin ?,neither,0.0383172777180866,0.3496557969978404,0.612026925284073
720p i need to unsub,neither,0.05540472761621201,0.3179541454987824,0.6266411268850055
branson_thecuck subscribed with Twitch Prime.,neither,0.030186173588972614,0.3621416721941929,0.6076721542168345
back up,neither,0.03447390260817962,0.4373209189454551,0.5282051784463654
SeriousSloth,neither,0.03945320844208391,0.33037608806864915,0.630170703489267
go rest mike,neither,0.040690501966587314,0.3346703243322357,0.6246391737011772
720p? what is this budget stream?,neither,0.05135413617353594,0.325864699237529,0.6227811645889351
"later chat, see ya tomorrow, Mike, go easy on that elbow",offensive_language,0.02847353516302408,0.5022257454643514,0.4693007193726246
shroud1 shroud2 shroud4 shroud3,neither,0.03945320844208391,0.33037608806864915,0.630170703489267
SHROUD!?!? HOWS THE ARM DUDE?!,neither,0.038691627501779624,0.3164972211485915,0.6448111513496289
"atomicbrown subscribed with Twitch Prime. They've subscribed for 13 months, currently on a 13 month streak! 1 arm god",neither,0.023353965473073158,0.33027287128543503,0.6463731632414919
"Apex Legends is free to download on PC, PS4, and Xbox right now! http://x.ea.com/56199",neither,0.04204827361557204,0.2767199050837323,0.6812318213006957
Dobby_037 subscribed with Twitch Prime. They've subscribed for 15 months!,neither,0.018278171923937783,0.3232003157147426,0.6585215123613197
refreshing and still says 720p DansGame,neither,0.037290360849277754,0.29620116047759887,0.6665084786731234
"@Sylar917, misuWave",neither,0.03945320844208391,0.33037608806864915,0.630170703489267
squad mode is sick,neither,0.046251920051575544,0.3280376993871277,0.6257103805612967
refresh your browser for 1080,neither,0.06383689215626011,0.28870713351450167,0.6474559743292383
@Sylar917 later <3,neither,0.03945320844208391,0.33037608806864915,0.630170703489267
Michael play some Uno,neither,0.03262328784302548,0.3421474760107801,0.6252292361461944
Have a good one @sylar917 shroudH,neither,0.036296170094113914,0.3944389395922016,0.5692648903136843
!bracket,neither,0.03945320844208391,0.33037608806864915,0.630170703489267
shroud4Head,neither,0.03945320844208391,0.33037608806864915,0.630170703489267
"@XeroSigmaPrime, Here are the US bracket and standings for Twitch Rivals: APEX Legends Challenge: http://bit.ly/RivalsDetails shroudHype",neither,0.09187415659670689,0.20403123798025488,0.7040946054230383
chattingf,neither,0.03945320844208391,0.33037608806864915,0.630170703489267
https://clips.twitch.tv/PeacefulIgnorantHyenaMcaT,neither,0.03945320844208391,0.33037608806864915,0.630170703489267
720p DansGame,neither,0.03945320844208391,0.33037608806864915,0.630170703489267
lautaroogamer subscribed with Twitch Prime.,neither,0.030186173588972614,0.3621416721941929,0.6076721542168345
sooooo dizzy won?,neither,0.03945320844208391,0.33037608806864915,0.630170703489267
Later @sylar917 shroudL,neither,0.03945320844208391,0.33037608806864915,0.630170703489267
"oh nvm, 1080p now Clap",neither,0.04388584041493619,0.28789980629458906,0.6682143532904747
doctorTHROATPUNCH doctorTHROATPUNCH doctorSPIT doctorSPIT doctorSPIT doctorSPIT doctorSPIT doctorWARCRY doctorWARCRY doctorWARCRY doctorWARCRY doctorWARCRY doctorWARCRY doctorWARCRY doctorWARCRY doctorWARCRY doctorWARCRY doctorWARCRY doctorWARCRY doctorWARCRY doctorWARCRY,neither,0.03945320844208391,0.33037608806864915,0.630170703489267
play sum BFV,neither,0.03945320844208391,0.33037608806864915,0.630170703489267
it worked,neither,0.037538547942619474,0.3310346276123258,0.6314268244450547
Runescape stream? Pog,neither,0.03945320844208391,0.33037608806864915,0.630170703489267
shroudD,neither,0.03945320844208391,0.33037608806864915,0.630170703489267
thanks,neither,0.035884468650613,0.3004919205142699,0.6636236108351171
Only for the Plebs.,neither,0.029007939510223863,0.26135182195170314,0.709640238538073
why 720p :(,neither,0.016768318525353994,0.3685911158159394,0.6146405656587067
!bracket,neither,0.03945320844208391,0.33037608806864915,0.630170703489267
Reee,neither,0.03945320844208391,0.33037608806864915,0.630170703489267
"@lynxat, Here are the US bracket and standings for Twitch Rivals: APEX Legends Challenge: http://bit.ly/RivalsDetails shroudHype",neither,0.09187415659670689,0.20403123798025488,0.7040946054230383
look at all the plebs that still don't know how to work Twitch. lel,neither,0.04136706016747142,0.4077219743698503,0.5509109654626783
!ad 120,neither,0.03945320844208391,0.33037608806864915,0.630170703489267
@shroud @wava @PsyNytes @OhYeahitsKT bye shroudL,neither,0.03945320844208391,0.33037608806864915,0.630170703489267
lobsterball subscribed with Twitch Prime.,neither,0.030186173588972614,0.3621416721941929,0.6076721542168345
"NEW merch is out now - grab yours while it's in stock! Mouse pads are sold out - type !mousepad in chat for more info - Classic Tees have been restocked, get them while you can! Use code 'SHROUD' for 10% off https://www.jinx.com/shroud shroudTHICC",neither,0.03817480359083124,0.3234398606850153,0.6383853357241535
keep refreshing,neither,0.03945320844208391,0.33037608806864915,0.630170703489267
hey man how was the surgery??,neither,0.03855874299222593,0.3716247378862281,0.589816519121546
!bracket,neither,0.03945320844208391,0.33037608806864915,0.630170703489267
"@thegoof1008, Here are the US bracket and standings for Twitch Rivals: APEX Legends Challenge: http://bit.ly/RivalsDetails shroudHype",neither,0.09187415659670689,0.20403123798025488,0.7040946054230383
shroud1 shroud2 shroud3 shroud4,neither,0.03945320844208391,0.33037608806864915,0.630170703489267
shroudHmm,neither,0.03945320844208391,0.33037608806864915,0.630170703489267
lol who even won this tourney is a mess LUL,neither,0.038594192148582035,0.42877979266544924,0.5326260151859687
cdubthirty subscribed with Twitch Prime. They've subscribed for 2 months! yesssssssirrr,neither,0.017135853092050617,0.3228815153557895,0.6599826315521599
playing more pex?,neither,0.04227892858059097,0.31576372124539037,0.6419573501740187
I would feel at home if @shroud layed,neither,0.02116312687908017,0.4058944226778111,0.5729424504431088
Derpy_Nova subscribed with Twitch Prime. They've subscribed for 17 months! get well soon man <3,neither,0.020019538013905477,0.3579377249860296,0.6220427370000648
cs,neither,0.03945320844208391,0.33037608806864915,0.630170703489267
play fortnite Kappa,neither,0.03945320844208391,0.33037608806864915,0.630170703489267
Leave Ska alone thankyou,neither,0.03945320844208391,0.33037608806864915,0.630170703489267
refresh until you get 1080p,neither,0.05507153182456223,0.3852474942445641,0.5596809739308736
!sens,neither,0.03945320844208391,0.33037608806864915,0.630170703489267
"@PtrkMRN, PUBG - http://imgur.com/a/nJVKv . CS:GO - DPI: 450 - Ingame : 2.4 - Windows: 6/11 - Raw-Input: On - 1000 Hz Polling Rate, AWP sens is 1 - Siege: 11/11/83 - COD BO4: 9.80 - Fortnite: 0.13/0.13 - BFV: 14/14/110% - Apex: 3.0/1.0 ADS Sens",neither,0.03997572671555083,0.3018919308715805,0.6581323424128687
OSFrog do it,neither,0.039361844991312706,0.33040751214889547,0.6302306428597919
CS,neither,0.03945320844208391,0.33037608806864915,0.630170703489267
OSFrog no balls,offensive_language,0.04968662083062269,0.6203991510421134,0.3299142281272639
@shroud https://www.youtube.com/watch?v=Edvd1-UAGa8 heres the video,neither,0.04556776868965467,0.26428073647447925,0.6901514948358662
@shroud Check out Doc Video https://www.twitch.tv/drdisrespect/clip/BigEntertainingMallardBatChest,neither,0.039924236793327045,0.28989695882058203,0.6701788043860909
"Use code ""SHROUD"" at checkout to get 40% off your Madrinas Coffee order (discount does not apply to the shroud Coffeepack) shroudHype https://madrinascoffee.com/shroud shroudyC",neither,0.033787637214217965,0.3672861776503627,0.5989261851354193
shroudL shroudL shroudL shroudL shroudL shroudL shroudL shroudL shroudL shroudL shroudL shroudL shroudL shroudL shroudL shroudL shroudL shroudL shroudL shroudL shroudL shroudL shroudL shroudL shroudL,neither,0.03945320844208391,0.33037608806864915,0.630170703489267
SuperRipeHerbs subscribed with Twitch Prime. They've subscribed for 2 months!,neither,0.017135853092050617,0.3228815153557895,0.6599826315521599
yo,offensive_language,0.04010381111145228,0.5271105317972344,0.4327856570913131
My LTE is trash shroudPalm,neither,0.036260441460400396,0.12422398073725809,0.8395155778023415
cs or metro shroudL shroudL,neither,0.03945320844208391,0.33037608806864915,0.630170703489267
DaddyFivebuck subscribed with Twitch Prime. They've subscribed for 6 months!,neither,0.017135853092050617,0.3228815153557895,0.6599826315521599
"Lyk0sTv subscribed at Tier 1. They've subscribed for 19 months, currently on a 19 month streak! #19 :)",neither,0.027573673568915796,0.3256552494389911,0.6467710769920932
why is your max stream resolution 720?,neither,0.0549951729857862,0.3341955432282621,0.6108092837859517
Open some CS cases,neither,0.033207752220801315,0.341071668741542,0.6257205790376568
shroudO shroudL,neither,0.03945320844208391,0.33037608806864915,0.630170703489267
!squad,neither,0.03945320844208391,0.33037608806864915,0.630170703489267
"needledix subscribed with Twitch Prime. They've subscribed for 7 months, currently on a 7 month streak! nice",neither,0.020646023779327713,0.330532552980595,0.6488214232400774
"@nyckali, https://multistre.am/shroud/skadoodle/just9n",neither,0.03915034076981565,0.33048025814932175,0.6303694010808625
Cod has a new map are you going to check it out Shroud,neither,0.07228536079607133,0.29019164187627977,0.6375229973276488
@shroud See what Doc have to say https://www.twitch.tv/drdisrespect/clip/BigEntertainingMallardBatChest,neither,0.04571709023271476,0.33092463976904096,0.6233582699982443
shroud1,neither,0.03945320844208391,0.33037608806864915,0.630170703489267
IckyBoneDaddy subscribed at Tier 1. They've subscribed for 8 months!,neither,0.018730042386447116,0.3124437755681934,0.6688261820453595
@lousmoralz It’s not,neither,0.033343388287243585,0.34312202601138486,0.6235345857013717
shroudL i need everyone Troy emote right now shroudL shroudL shroudL,neither,0.033740866276357515,0.4258008914453821,0.5404582422782604
Apex has hit a wall this game crashed so hard hit a wall,neither,0.034497893268252186,0.4408546648834943,0.5246474418482534
"@shroud Naruto dubbed finally out, full season",neither,0.05308447094846758,0.3361625196411753,0.6107530094103572
CS POG,neither,0.03945320844208391,0.33037608806864915,0.630170703489267
Join the Shroudy Rowdy sub only Discord! Type !discord in chat to find out how shroudHyp,neither,0.04247144539756702,0.27607916661894155,0.6814493879834914
yesssss,neither,0.03945320844208391,0.33037608806864915,0.630170703489267
CS KZ PogU,neither,0.03945320844208391,0.33037608806864915,0.630170703489267
Pog,neither,0.03945320844208391,0.33037608806864915,0.630170703489267
do it PogU,neither,0.039361844991312706,0.33040751214889547,0.6302306428597919
ooooo cs,neither,0.03945320844208391,0.33037608806864915,0.630170703489267
yes please cs Pog,neither,0.03945320844208391,0.33037608806864915,0.630170703489267
what now @shroud,neither,0.05101454279603208,0.32235701446326953,0.6266284427406985
cs,neither,0.03945320844208391,0.33037608806864915,0.630170703489267
CSGO POG,neither,0.03945320844208391,0.33037608806864915,0.630170703489267
pwnsaurusrex722 subscribed with Twitch Prime. They've subscribed for 5 months! swelbow,neither,0.017135853092050617,0.3228815153557895,0.6599826315521599
sullja subscribed with Twitch Prime.,neither,0.030186173588972614,0.3621416721941929,0.6076721542168345
PLS,neither,0.03945320844208391,0.33037608806864915,0.630170703489267
PUBG,neither,0.03945320844208391,0.33037608806864915,0.630170703489267
shroudPrime shroudPrime shroudPrime,neither,0.03945320844208391,0.33037608806864915,0.630170703489267
"Now what I am saying is sublime; That it was not already written is a crime; I should need not bribe, To have you all subscribe, Sub to Shroud with Twitch Prime shroudPrime",neither,0.05413919486457965,0.44528002795050076,0.5005807771849194
OSFrog,neither,0.03945320844208391,0.33037608806864915,0.630170703489267
https://www.twitch.tv/drdisrespect/clip/BigEntertainingMallardBatChest @shroud,neither,0.03945320844208391,0.33037608806864915,0.630170703489267
Cs over apex all day,neither,0.038798823953801936,0.37364748345725796,0.5875536925889402
PUBG!!!,neither,0.03945320844208391,0.33037608806864915,0.630170703489267
hi,neither,0.03945320844208391,0.33037608806864915,0.630170703489267
PogChamp,neither,0.03945320844208391,0.33037608806864915,0.630170703489267
PUBG DAD,neither,0.03945320844208391,0.33037608806864915,0.630170703489267
PUBG,neither,0.03945320844208391,0.33037608806864915,0.630170703489267
xxBenjo subscribed with Twitch Prime. They've subscribed for 7 months!,neither,0.017135853092050617,0.3228815153557895,0.6599826315521599
heya,neither,0.03945320844208391,0.33037608806864915,0.630170703489267
shroudOF,neither,0.03945320844208391,0.33037608806864915,0.630170703489267
old cs days,neither,0.03945320844208391,0.33037608806864915,0.630170703489267
@phillyc55 yup,neither,0.03945320844208391,0.33037608806864915,0.630170703489267
shroudOF shroudOF shroudOF,neither,0.03945320844208391,0.33037608806864915,0.630170703489267
PUBG PLS PUBG PUBG PUBG PLEASE,neither,0.03945320844208391,0.33037608806864915,0.630170703489267
csgo would be crazy,neither,0.02950302170831251,0.4273545048909216,0.5431424734007658
pubg,neither,0.03945320844208391,0.33037608806864915,0.630170703489267
Cs,neither,0.03945320844208391,0.33037608806864915,0.630170703489267
PUBGGGG,neither,0.03945320844208391,0.33037608806864915,0.630170703489267
shroudOF shroudOF shroudOF shroudOF,neither,0.03945320844208391,0.33037608806864915,0.630170703489267
@shroud https://www.youtube.com/watch?v=Edvd1-UAGa8,neither,0.04349866177839444,0.3289846711595917,0.6275166670620138
why are people saying this game is falling off? it doesnt seem that way,neither,0.05695376894958405,0.31316935803692325,0.6298768730134926
PUBG,neither,0.03945320844208391,0.33037608806864915,0.630170703489267
Cs or pubg plssssss,neither,0.03945320844208391,0.33037608806864915,0.630170703489267
Spellbreak Pog,neither,0.03945320844208391,0.33037608806864915,0.630170703489267
chat I have a question relative to youtube if anyone has a sec...,neither,0.0321638204229348,0.3597593705905221,0.608076808986543
LUL,neither,0.03945320844208391,0.33037608806864915,0.630170703489267
SASUKEEEE,neither,0.03945320844208391,0.33037608806864915,0.630170703489267
naruto lol,neither,0.020706217963973744,0.4882283491876925,0.4910654328483337
is this a dead channel?!,neither,0.04772429948053703,0.32910071982403,0.6231749806954331
pubg!!!!,neither,0.03945320844208391,0.33037608806864915,0.630170703489267
PuBg,neither,0.03945320844208391,0.33037608806864915,0.630170703489267
@shroud Outward Pog,neither,0.03945320844208391,0.33037608806864915,0.630170703489267
"Dafft subscribed with Twitch Prime. They've subscribed for 8 months, currently on a 2 month streak! love you shroud, stop breaking arms please",neither,0.025182683060729096,0.38367380436288884,0.591143512576382
@shroud wtf I thought you did,offensive_language,0.07468416333142032,0.5847056544715585,0.3406101821970211
Nani,neither,0.03945320844208391,0.33037608806864915,0.630170703489267
just9nWO,neither,0.03945320844208391,0.33037608806864915,0.630170703489267
stukkaju subscribed with Twitch Prime.,neither,0.030186173588972614,0.3621416721941929,0.6076721542168345
"Didn’t get to watch, who won the tournament?",neither,0.035172521932054834,0.3999686142936497,0.5648588637742954
"Murford subscribed at Tier 1. They've subscribed for 13 months, currently on a 13 month streak! Here's some extra money for your medical expenses.",neither,0.041061904239095955,0.30468831132182406,0.6542497844390799
PUBG is in maintenance chat,neither,0.04670084451964771,0.3278832936768557,0.6254158618034966
LeVigilant subscribed with Twitch Prime. They've subscribed for 2 months!,neither,0.017135853092050617,0.3228815153557895,0.6599826315521599
Firestorm?,neither,0.03945320844208391,0.33037608806864915,0.630170703489267
Plub,neither,0.03945320844208391,0.33037608806864915,0.630170703489267
pubg baby,neither,0.03945320844208391,0.33037608806864915,0.630170703489267
0,neither,0.03945320844208391,0.33037608806864915,0.630170703489267
@shroud do you watch any anime?,neither,0.06385566516350248,0.3708746321810349,0.5652697026554627
pubg,neither,0.03945320844208391,0.33037608806864915,0.630170703489267
joaquinaspatatas subscribed with Twitch Prime.,neither,0.030186173588972614,0.3621416721941929,0.6076721542168345
Funky4plus1more is gifting 5 Tier 1 Subs to shroud's community! They've gifted a total of 30 in the channel!,neither,0.03249892386659994,0.3111324058802601,0.6563686702531399
Funky4plus1more gifted a Tier 1 sub to johandante!,neither,0.04444518673407693,0.32743600166770886,0.6281188115982143
Funky4plus1more gifted a Tier 1 sub to jewjuul!,neither,0.04444518673407693,0.32743600166770886,0.6281188115982143
FPL !!!!,neither,0.03945320844208391,0.33037608806864915,0.630170703489267
Funky4plus1more gifted a Tier 1 sub to derock65!,neither,0.04444518673407693,0.32743600166770886,0.6281188115982143
Funky4plus1more gifted a Tier 1 sub to DataNully!,neither,0.04444518673407693,0.32743600166770886,0.6281188115982143
Funky4plus1more gifted a Tier 1 sub to Music_!,neither,0.04444518673407693,0.32743600166770886,0.6281188115982143
@shroud play cs with Jerico for the memes,neither,0.027301984492688388,0.32427458046089364,0.648423435046418
Clap,neither,0.03945320844208391,0.33037608806864915,0.630170703489267
"weird, settings only show 720 and auto choosing does the same. i didn't think that was right",neither,0.027806379249732782,0.3897772279735123,0.5824163927767549
Clap,neither,0.03945320844208391,0.33037608806864915,0.630170703489267
"Mike, dance around in your underwear, you would get mega views",neither,0.06628125925483862,0.3523910597752048,0.5813276809699566
cs,neither,0.03945320844208391,0.33037608806864915,0.630170703489267
Farming noobs is not the same as fighting a good player https://www.twitch.tv/tsm_viss/clip/IntelligentOddLyrebirdPanicBasket?filter=clips&range=7d&sort=time,neither,0.038062830372920124,0.38639557892769866,0.5755415906993813
Clap,neither,0.03945320844208391,0.33037608806864915,0.630170703489267
pubg,neither,0.03945320844208391,0.33037608806864915,0.630170703489267
PUBG!!!,neither,0.03945320844208391,0.33037608806864915,0.630170703489267
Clap,neither,0.03945320844208391,0.33037608806864915,0.630170703489267
@shroud https://www.youtube.com/watch?v=Edvd1-UAGa8 I CAME I CAME I CAME,neither,0.042009142628054795,0.32949698509819164,0.6284938722737536
pubg baby,neither,0.03945320844208391,0.33037608806864915,0.630170703489267
cs baby,neither,0.03945320844208391,0.33037608806864915,0.630170703489267
dattebayo,neither,0.03945320844208391,0.33037608806864915,0.630170703489267
CLap,neither,0.03945320844208391,0.33037608806864915,0.630170703489267
@shroud issa good show tho,neither,0.05262139550788603,0.24169035913035763,0.7056882453617564
@shroud Checkout Doc video for the Broy https://www.twitch.tv/drdisrespect/clip/BigEntertainingMallardBatChest,neither,0.03842421739531524,0.26216768004048824,0.6994081025641966
Clap,neither,0.03945320844208391,0.33037608806864915,0.630170703489267
Lol pubg,neither,0.020706217963973744,0.4882283491876925,0.4910654328483337
pubg,neither,0.03945320844208391,0.33037608806864915,0.630170703489267
"@shroud Have you watched Love, death, and robots?",neither,0.04974220188078165,0.3525884728154672,0.5976693253037513
pub,neither,0.03945320844208391,0.33037608806864915,0.630170703489267
@shroud ex weeb?,neither,0.03464534206759315,0.4119781279751316,0.5533765299572753
CS w Jericho would be pogs,neither,0.03924274681033433,0.3286137094603785,0.6321435437292872
pubg,neither,0.03945320844208391,0.33037608806864915,0.630170703489267
otaku,neither,0.03945320844208391,0.33037608806864915,0.630170703489267
Gettin all funky huh? @funky4plus1more,neither,0.041119015852258994,0.39750969091937155,0.5613712932283694
Naruto <3,neither,0.03945320844208391,0.33037608806864915,0.630170703489267
who won rivals?,neither,0.04061417405158025,0.44294463029151515,0.5164411956569047
shroudM,neither,0.03945320844208391,0.33037608806864915,0.630170703489267
shrood,neither,0.03945320844208391,0.33037608806864915,0.630170703489267
@iptoothless Any good?,neither,0.03841146859738908,0.33073439017084794,0.630854141231763
apex crashes too much,neither,0.036287790391754636,0.33470477188482783,0.6290074377234176
esg_shady subscribed with Twitch Prime. They've subscribed for 3 months!,neither,0.017135853092050617,0.3228815153557895,0.6599826315521599
@shroud you gotta watch DBS !,neither,0.0755157947924197,0.44360901323047797,0.4808751919771022
@PsyNytes Hi shroudL,neither,0.03945320844208391,0.33037608806864915,0.630170703489267
pubg,neither,0.03945320844208391,0.33037608806864915,0.630170703489267
i have never ever never never watched anime,neither,0.032389401592040554,0.4053374906316129,0.5622731077763464
dads gonna be in pain with cs tho... shroudThump hate to se dad in pain,neither,0.08413265170148551,0.334413640957446,0.5814537073410685
CS Pog,neither,0.03945320844208391,0.33037608806864915,0.630170703489267
weebs AYAYA,neither,0.03945320844208391,0.33037608806864915,0.630170703489267
@shroud https://www.twitch.tv/drdisrespect/clip/BigEntertainingMallardBatChest,neither,0.03945320844208391,0.33037608806864915,0.630170703489267
You get Endgame tickets? @shroud,neither,0.06225434093079935,0.4082110898130761,0.5295345692561245
"Purdence subscribed at Tier 1. They've subscribed for 2 months, currently on a 2 month streak! YAY",neither,0.0233559808489618,0.32413780442345375,0.6525062147275844
OSFrog,neither,0.03945320844208391,0.33037608806864915,0.630170703489267
play Jump Force,neither,0.03945320844208391,0.33037608806864915,0.630170703489267
shroudH shroudH @nobasolo Heya,neither,0.03945320844208391,0.33037608806864915,0.630170703489267
Woooop,neither,0.03945320844208391,0.33037608806864915,0.630170703489267
hi,neither,0.03945320844208391,0.33037608806864915,0.630170703489267
yeah this game needs more frequent updates tbh,neither,0.02657280221451687,0.38290711279774614,0.590520084987737
FPS training rouotines ??,neither,0.03945320844208391,0.33037608806864915,0.630170703489267
@shroud fav anime?,neither,0.03945320844208391,0.33037608806864915,0.630170703489267
Hello FUTURE Shroud,neither,0.03945320844208391,0.33037608806864915,0.630170703489267
shroudHey @attack123,neither,0.03945320844208391,0.33037608806864915,0.630170703489267
shroud4Head,neither,0.03945320844208391,0.33037608806864915,0.630170703489267
CSSSSSSSSS,neither,0.03945320844208391,0.33037608806864915,0.630170703489267
@infidellll wow. you're so cool,neither,0.08955270379550105,0.40513681241192223,0.5053104837925767
Papa__Dong subscribed with Twitch Prime. They've subscribed for 4 months! happy 4 month shrood,neither,0.018914822311437034,0.3233876981891167,0.6576974794994462
monkaS,neither,0.03945320844208391,0.33037608806864915,0.630170703489267
@shroud how was the operation?,neither,0.03835146909934764,0.3147711783695545,0.646877352531098
shroudM,neither,0.03945320844208391,0.33037608806864915,0.630170703489267
jacob4014 subscribed with Twitch Prime. They've subscribed for 6 months! wooooo,neither,0.017135853092050617,0.3228815153557895,0.6599826315521599
Justin saying yikes gets me hard is that weird,offensive_language,0.025885923510353192,0.5342170734303008,0.439897003059346
monkaW,neither,0.03945320844208391,0.33037608806864915,0.630170703489267
Check out Mike's other channel for more streams and more emotes shroudHands https://www.twitch.tv/shroudplaysothergames,neither,0.03603840260309928,0.2981352578286489,0.6658263395682519
shroudM,neither,0.03945320844208391,0.33037608806864915,0.630170703489267
aputate it,neither,0.034373745257138544,0.33212314837979673,0.6335031063630647
Docs chat is toxic as fuck lmao I love it,offensive_language,0.13262955266364465,0.8558444841969167,0.011525963139438562
MiniK,neither,0.03945320844208391,0.33037608806864915,0.630170703489267
oh it will hurt,neither,0.04541703497081619,0.24471652194483637,0.7098664430843475
monkaW,neither,0.03945320844208391,0.33037608806864915,0.630170703489267
What if the arm falls off,neither,0.027703504399147816,0.35875866447350957,0.6135378311273426
Octane is giving me anxiety,neither,0.039238721328249085,0.3668048176460777,0.5939564610256731
monkaW,neither,0.03945320844208391,0.33037608806864915,0.630170703489267
its gonna hurt oh yeah,neither,0.023209890036716405,0.4348765304709033,0.5419135794923803
it will hurt,neither,0.03940482192989274,0.297712436796273,0.6628827412738342
What do you think about the new COD map @shroud ? CQB all the way through,neither,0.05664218154274202,0.33081563869766006,0.6125421797595978
that sounds like it'll fuckin HURT,offensive_language,0.08203744338502736,0.8975216962389516,0.020440860376021074
You’ll be okay shroudy rowdy,neither,0.05529675878638158,0.37802585007215617,0.5666773911414623
it's going to hurt,neither,0.04379730216566332,0.3607792139926646,0.5954234838416722
shroud i think you know what to do now.,neither,0.08735890792911172,0.36235405303600393,0.5502870390348844
shroudOF shroudOF shroudOF,neither,0.03945320844208391,0.33037608806864915,0.630170703489267
"Ahh, found an answer",neither,0.03972651476941525,0.32573736642115975,0.634536118809425
It definitely will,neither,0.03940974424258156,0.2998393952666469,0.6607508604907716
shroudM,neither,0.03945320844208391,0.33037608806864915,0.630170703489267
stop posting your video,neither,0.08427099283140345,0.30310045507622047,0.6126285520923761
"Docs chat is saying our chat is toxic, bunch of Pepega 's",neither,0.0441046741185472,0.39536061744894446,0.5605347084325082
Squad stream???,neither,0.03945320844208391,0.33037608806864915,0.630170703489267
@shroud https://www.twitch.tv/drdisrespect/clip/BigEntertainingMallardBatChest,neither,0.03945320844208391,0.33037608806864915,0.630170703489267
"Both, both",neither,0.03945320844208391,0.33037608806864915,0.630170703489267
wait did they lose?,neither,0.03945320844208391,0.33037608806864915,0.630170703489267
painful,neither,0.03945320844208391,0.33037608806864915,0.630170703489267
@shroud i broke my femurs and had to get my range of motion back and moving it honestly hurt like a bitch,offensive_language,0.01709839491053881,0.9771388420959337,0.0057627629935274646
"Your Dr. wont feel a thing, it’ll be fine",neither,0.05975137961786548,0.3278001736689121,0.6124484467132224
shroudHmm,neither,0.03945320844208391,0.33037608806864915,0.630170703489267
im nervous because this chat will spoil avengers for me :( cinema showing late in maldives,neither,0.03343966906941885,0.33842513515918293,0.6281351957713982
cyrfaceBlood cyrfaceBlood,neither,0.03945320844208391,0.33037608806864915,0.630170703489267
That’s cool,neither,0.0331105145141573,0.4000689531361105,0.5668205323497322
throwback CS stream and spin2win,neither,0.038874183309188695,0.30187479914304227,0.6592510175477689
Check out Mike's Instagram account - http://www.instagram.com/shroud :D,neither,0.03410941730160631,0.30554211570058515,0.6603484669978086
chances of pain are likely,neither,0.05929818042751086,0.29450329648082374,0.6461985230916655
It’s definitely going to hurt believe me,neither,0.035750724907366686,0.38321796385306195,0.5810313112395714
mrbiggsftw subscribed with Twitch Prime.,neither,0.030186173588972614,0.3621416721941929,0.6076721542168345
You cant dwell on it @shroud itll be uncomfortable,neither,0.050887704182211266,0.39562064019286497,0.5534916556249238
fucking doc fanboys,offensive_language,0.10478777387477932,0.8913469295931633,0.003865296532057433
!bracket,neither,0.03945320844208391,0.33037608806864915,0.630170703489267
"@segura04, Here are the US bracket and standings for Twitch Rivals: APEX Legends Challenge: http://bit.ly/RivalsDetails shroudHype",neither,0.09187415659670689,0.20403123798025488,0.7040946054230383
"mom was there to kiss it better , so didn't hurt as much",neither,0.028868308799392627,0.381870051469583,0.5892616397310243
@shroud fav anime show?,neither,0.05335399671782121,0.2617210091728008,0.6849249941093781
rip shrouds arm PepeHands,neither,0.03945320844208391,0.33037608806864915,0.630170703489267
Oh yeah it fucking sucks when they do that shit,offensive_language,0.04421900635237982,0.9557700417794548,1.095186816548407e-05
@shammaanu wolfOOF stay away from social media,neither,0.04160386122542272,0.29387389757888327,0.6645222411956939
hello chat,neither,0.03945320844208391,0.33037608806864915,0.630170703489267
Hope your arm surgery goes well and you recover swiftly.,neither,0.10540379710988342,0.24863697144220023,0.6459592314479164
have you seen new avengers trailer? @shroud,neither,0.24267674074525328,0.32254668494980376,0.43477657430494304
docs chat is full of pussies..... he seriously has the worst fans ever...,offensive_language,0.05920532154831166,0.8784601483199099,0.06233453013177836
@shroud there go your jerking days,neither,0.06798798796262989,0.28842869871220017,0.6435833133251698
!uptime,neither,0.03945320844208391,0.33037608806864915,0.630170703489267
Direct inject numb but it will still hurt.,neither,0.036587019166698063,0.3311215372417679,0.632291443591534
can you even play pubg with your arm all fucked up?,offensive_language,0.06643225206004966,0.7885541306654708,0.14501361727447964
@suryaknt stop posting the video,neither,0.044465615583402555,0.29164596596031844,0.663888418456279
"@LazyyLuke, Mike has been live for: 5 minutes, 35 seconds",neither,0.03825481100940878,0.30924051667814645,0.6525046723124447
HeyGuys,neither,0.03945320844208391,0.33037608806864915,0.630170703489267
"i mean it wont tickle, but everyones pain tolerance is different.",neither,0.04107629248639895,0.3348300932756558,0.6240936142379452
they lost?,neither,0.03945320844208391,0.33037608806864915,0.630170703489267
werty_111 subscribed with Twitch Prime. They've subscribed for 11 months! so close to one year,neither,0.021831774392827203,0.35961807571822024,0.6185501498889525
Watch the new Endgame trailer and get hard Shroud,offensive_language,0.182040935262368,0.44395637123503956,0.37400269350259235
funky4plus1more ty for sub,neither,0.03389278237319886,0.30260355556433954,0.6635036620624615
love these new apex emotes shroudBA shroudLL shroudO shroudOF shroudHB shroudNW shroudD,neither,0.04979260217856371,0.31789839066244585,0.6323090071589905
Subbed because I feel for you bro. I have tendinitis in my wrist. Get better soon.,neither,0.03601088711820794,0.3968287229910796,0.5671603898907126
Yeah i mean NO PAIN NO GAIN,neither,0.02659920838726305,0.42881107267767066,0.5445897189350664
"Hope all goes well @shroud JUST DO IT, as Shia would say.",neither,0.05760563509758624,0.3313337959868423,0.6110605689155716
PUBG!!!,neither,0.03945320844208391,0.33037608806864915,0.630170703489267
https://www.youtube.com/watch?v=Edvd1-UAGa8,neither,0.04349866177839444,0.3289846711595917,0.6275166670620138
take some pain meds before,neither,0.03057663322597474,0.39046205467701706,0.5789613120970082
@shroud do you have everything in game,neither,0.058362120521051795,0.33824629663294603,0.603391582846002
!bracket,neither,0.03945320844208391,0.33037608806864915,0.630170703489267
fpl daddy shroudHmm shroudHmm shroudHmm,neither,0.03945320844208391,0.33037608806864915,0.630170703489267
"@mrpoopybutthole09, Here are the US bracket and standings for Twitch Rivals: APEX Legends Challenge: http://bit.ly/RivalsDetails shroudHype",neither,0.09187415659670689,0.20403123798025488,0.7040946054230383
its a hoop u need to jump thru to get better,neither,0.04342863724618556,0.33160476395578925,0.6249665987980252
i made apex :),neither,0.03945320844208391,0.33037608806864915,0.630170703489267
shroudOF shroudOF shroudOF,neither,0.03945320844208391,0.33037608806864915,0.630170703489267
shroudHype shroudHype shroudHype,neither,0.03945320844208391,0.33037608806864915,0.630170703489267
shroudOF shroudOF,neither,0.03945320844208391,0.33037608806864915,0.630170703489267
Social https://twitter.com/Shroud - https://www.youtube.com/shroud - https://www.reddit.com/r/Shroud/ - http://www.instagram.com/shroud 4Head,neither,0.0378810848931468,0.33376661315284734,0.6283523019540059
Pain is temporary stories last forever,neither,0.04482054727574411,0.3285300141211972,0.6266494386030587
Our dad ain’t no bitch,offensive_language,0.0033171709787493484,0.9966796656688778,3.1633523728848675e-06
just hold onto your fat cock itll be okay,offensive_language,0.20587209849189747,0.5127053966649783,0.2814225048431242
no,neither,0.036918905254960256,0.37338982715841207,0.5896912675866277
swaggie365 subscribed with Twitch Prime. They've subscribed for 19 months!,neither,0.018678480341928726,0.3233174116976789,0.6580041079603923
shrood,neither,0.03945320844208391,0.33037608806864915,0.630170703489267
less,neither,0.03945320844208391,0.33037608806864915,0.630170703489267
so wait what are they doing to it??,neither,0.08316126420393903,0.3191626688700728,0.5976760669259882
FPL PUGS or MM,neither,0.03945320844208391,0.33037608806864915,0.630170703489267
raccoonknightt subscribed with Twitch Prime.,neither,0.030186173588972614,0.3621416721941929,0.6076721542168345
Have you listened to Old Town Road by Lil Nas??? its actually very good you should give it a listen,neither,0.0626550695044517,0.4284720015125051,0.5088729289830433
well the adrenaline from the fall keeps the pain minimal until you settle in. so this may hurt more,neither,0.04693211618224493,0.32369052775974183,0.6293773560580133
"Here for you, like the rest of chat, suck it up, dude",neither,0.11687412708213896,0.34619711840675277,0.5369287545111083
shrood,neither,0.03945320844208391,0.33037608806864915,0.630170703489267
Less bro... less for sure,neither,0.0316099011451219,0.401132129254531,0.5672579696003471
"@SterlingKO Very good, its a selcection of short stories with different animation and art each episode, but its 18+ very gory and a lot of nudity.",neither,0.028782023040757772,0.3183503056081751,0.652867671351067
it's a different type of pain since it's more joint pain and not pain from wounds,neither,0.0386348659515589,0.3069252310749115,0.6544399029735296
iTACOCAT subscribed with Twitch Prime. They've subscribed for 10 months! SHRROOOOOOOOOOUUUUUUUUD,neither,0.01797585316727558,0.3231136230633543,0.6589105237693702
is there still a delay with the stream?,neither,0.03407367298915966,0.323063106975656,0.6428632200351844
!uptime,neither,0.03945320844208391,0.33037608806864915,0.630170703489267
"@MagnificentYAK, Mike has been live for: 6 minutes, 32 seconds",neither,0.0382808944504514,0.30972406508985817,0.6519950404596905
It’s gonna be less dude,neither,0.037414209791876755,0.38480407379193093,0.5777817164161922
3 in 1 mode Pog,neither,0.03945320844208391,0.33037608806864915,0.630170703489267
"NEW merch is out now - grab yours while it's in stock! Mouse pads are sold out - type !mousepad in chat for more info - Classic Tees have been restocked, get them while you can! Use code 'SHROUD' for 10% off https://www.jinx.com/shroud shroudTHICC",neither,0.03817480359083124,0.3234398606850153,0.6383853357241535
Hi shroud,neither,0.03945320844208391,0.33037608806864915,0.630170703489267
@TheAsianBuzz nah,neither,0.03945320844208391,0.33037608806864915,0.630170703489267
@psynytes who won the twitch rivals?,neither,0.039056612661682984,0.37453261785271397,0.5864107694856031
did u lose?,neither,0.03945320844208391,0.33037608806864915,0.630170703489267
Dalbella subscribed with Twitch Prime. They've subscribed for 6 months!,neither,0.017135853092050617,0.3228815153557895,0.6599826315521599
reach199 subscribed with Twitch Prime. They've subscribed for 7 months!,neither,0.017135853092050617,0.3228815153557895,0.6599826315521599
hi shroud :),neither,0.03945320844208391,0.33037608806864915,0.630170703489267
It’ll only be more painful because you know it’s about to happen,neither,0.053424668150656045,0.3730840471731722,0.5734912846761717
more centralized,neither,0.044084690295906365,0.306805713525994,0.6491095961780997
