text,top_class,hate_speech,offensive_language,neither
f,neither,0.03945320844208391,0.33037608806864915,0.630170703489267
f5,neither,0.03945320844208391,0.33037608806864915,0.630170703489267
shroudHmm,neither,0.03945320844208391,0.33037608806864915,0.630170703489267
hes removing delay,neither,0.03945320844208391,0.33037608806864915,0.630170703489267
DELAY GONE Pog,neither,0.039260305037624,0.3336501622801024,0.6270895326822736
ohh ok,neither,0.03939538406444768,0.33135751866673624,0.6292470972688162
hello,neither,0.03945320844208391,0.33037608806864915,0.630170703489267
you fucks,offensive_language,0.05122277460694012,0.6772024401156573,0.27157478527740236
chat dumb lol,neither,0.030979857824407916,0.39239268423035034,0.5766274579452417
oh no,neither,0.04751210705993949,0.26629718932274826,0.6861907036173122
@shroud You just made everybody freak out lol,neither,0.0366944724046399,0.46093764554127664,0.5023678820540836
Apologise you scared me,neither,0.046009820630822665,0.4131814425929477,0.5408087367762295
EVERYBODY PANIC,neither,0.03945320844208391,0.33037608806864915,0.630170703489267
Pepega 📣 DELAAAAAYYYYYY,neither,0.03945320844208391,0.33037608806864915,0.630170703489267
H IDAD,neither,0.03945320844208391,0.33037608806864915,0.630170703489267
He gone,neither,0.04909944930593321,0.3296359839525306,0.6212645667415362
blame @Limitless_Paradox,neither,0.03945320844208391,0.33037608806864915,0.630170703489267
now show that fat cock,offensive_language,0.30364206954189227,0.5088851005523035,0.1874728299058041
chat is so dumb,neither,0.04862882190843596,0.37712600380196587,0.5742451742895982
AAAAHHHH,neither,0.03945320844208391,0.33037608806864915,0.630170703489267
CHAT IS A BUNCH OF 1 IQ MFERS,neither,0.04651054232601192,0.4149467396027865,0.5385427180712016
chat ius 50iq,neither,0.03945320844208391,0.33037608806864915,0.630170703489267
"Hey, Dad.",neither,0.03945320844208391,0.33037608806864915,0.630170703489267
OMG OMG WHAT HAPPENED SHROUD R U OK SOMEONE check his pulse,neither,0.05918941250992843,0.32962127658441254,0.611189310905659
"lapierretombale subscribed at Tier 1. They've subscribed for 10 months, currently on a 10 month streak! :D",neither,0.024202848395234434,0.32442708619904803,0.6513700654057175
You still have to end the stream to add/remove delay?,neither,0.058136925938751007,0.3567868342629954,0.5850762397982536
hi,neither,0.03945320844208391,0.33037608806864915,0.630170703489267
hello,neither,0.03945320844208391,0.33037608806864915,0.630170703489267
1st comment Kappa,neither,0.03945320844208391,0.33037608806864915,0.630170703489267
shroud is now live! Streaming Apex Legends: apex leje | @shroud on socials for updates,neither,0.04071094444442466,0.32043291583759664,0.6388561397179787
shroud200,neither,0.03945320844208391,0.33037608806864915,0.630170703489267
"I am small brain, I do not hide it",neither,0.03826699818524911,0.33421820377645267,0.6275147980382981
Shroud play some pubg xd,neither,0.02681439626318465,0.3537220552299243,0.6194635485068909
I thought u just ended the stream randomly,neither,0.03784357823754093,0.2640662746615768,0.6980901471008822
shroudOverit shroudOverit,neither,0.03945320844208391,0.33037608806864915,0.630170703489267
dayz,neither,0.03945320844208391,0.33037608806864915,0.630170703489267
ghiondes subscribed with Twitch Prime.,neither,0.030186173588972614,0.3621416721941929,0.6076721542168345
Dayz,neither,0.03945320844208391,0.33037608806864915,0.630170703489267
leothelion027 subscribed with Twitch Prime.,neither,0.030186173588972614,0.3621416721941929,0.6076721542168345
100000000000 comment,neither,0.03945320844208391,0.33037608806864915,0.630170703489267
"Speaking of ads, that twitchreact channel on YouTube is really outbreak stealing his contents and put like 10ads in one video such a pice of shit lol",offensive_language,0.07029785852644709,0.8219053959240458,0.1077967455495072
Hey,neither,0.03945320844208391,0.33037608806864915,0.630170703489267
are you going to play dayz?,neither,0.13411204894750767,0.35211157656154446,0.5137763744909479
Do it again Pepega,neither,0.036686365585985765,0.37638668203598663,0.5869269523780276
@shroud how do you hold your mouse?,neither,0.09621868865528278,0.36353685979720163,0.5402444515475157
I'm back chat. got my self some d3vils lettuce and a beer thumpAyy,neither,0.02645903391103499,0.39614366369898957,0.5773973023899756
whippersnvpper subscribed with Twitch Prime. They've subscribed for 3 months! Love the stream Shroud.,neither,0.018325924730609032,0.3231049441768908,0.6585691310925003
Hi,neither,0.03945320844208391,0.33037608806864915,0.630170703489267
o no,neither,0.036918905254960256,0.37338982715841207,0.5896912675866277
Host j9,neither,0.03945320844208391,0.33037608806864915,0.630170703489267
who won?,neither,0.04061417405158025,0.44294463029151515,0.5164411956569047
thumpAyy 🚬💨,neither,0.03945320844208391,0.33037608806864915,0.630170703489267
apex yusss,neither,0.03945320844208391,0.33037608806864915,0.630170703489267
ResidentSleeper ResidentSleeper,neither,0.03945320844208391,0.33037608806864915,0.630170703489267
Apex PogChamp,neither,0.03945320844208391,0.33037608806864915,0.630170703489267
Sponsored??,neither,0.03945320844208391,0.33037608806864915,0.630170703489267
@shroud are you playing with grimmz,neither,0.08908205566123117,0.3883828906325106,0.5225350537062583
DansGame,neither,0.03945320844208391,0.33037608806864915,0.630170703489267
Hello,neither,0.03945320844208391,0.33037608806864915,0.630170703489267
!charm,neither,0.03945320844208391,0.33037608806864915,0.630170703489267
"@Dannykacala7, Claim your very own shroud charm in Siege if you're a subscriber, available all the way until the end of Y4! Make sure your Uplay is linked to Twitch and then wait (It can take up to 2h or more) LINK ACCOUNTS HERE: http://drops-register.ubi.com/ | Info on how to link & FAQ: http://bit.ly/r6charmInfo - Charm Preview: http://bit.ly/CharmPreviewTweet shroudHyper",neither,0.0740550827403526,0.28855916658532277,0.6373857506743247
Apex shroudMilk shroudMilk shroudMilk shroudMilk shroudMilk shroudMilk shroudMilk shroudMilk shroudMilk shroudMilk shroudMilk shroudMilk shroudMilk shroudMilk shroudMilk shroudMilk shroudMilk shroudMilk shroudMilk shroudMilk shroudMilk shroudMilk shroudMilk shroudMilk shroudMilk shroudMilk shroudMilk shroudMilk shroudMilk shroudMilk shroudMilk shroudMilk shroudMilk shroudMilk,neither,0.03945320844208391,0.33037608806864915,0.630170703489267
!standings\,neither,0.03945320844208391,0.33037608806864915,0.630170703489267
"@Keltos, Bracket for the Twitch Rivals: Rainbow Six Siege: https://bit.ly/305p7Vx shroudHype",neither,0.03565854477433952,0.30525533116217174,0.6590861240634888
"apex, dayz",neither,0.03945320844208391,0.33037608806864915,0.630170703489267
spanzurd,neither,0.03945320844208391,0.33037608806864915,0.630170703489267
@shroud does limiting fps in apex make it feel smoother? Somethings off about this game,neither,0.028952962032972242,0.4021196225154959,0.5689274154515319
Overlays? We #ad time?,neither,0.03799349866678507,0.35515117249441697,0.606855328838798
turning on the hax LUL,neither,0.03615889293603609,0.3278391603965258,0.6360019466674381
!charm,neither,0.03945320844208391,0.33037608806864915,0.630170703489267
"@sweeperjt, Claim your very own shroud charm in Siege if you're a subscriber, available all the way until the end of Y4! Make sure your Uplay is linked to Twitch and then wait (It can take up to 2h or more) LINK ACCOUNTS HERE: http://drops-register.ubi.com/ | Info on how to link & FAQ: http://bit.ly/r6charmInfo - Charm Preview: http://bit.ly/CharmPreviewTweet shroudHyper",neither,0.0740550827403526,0.28855916658532277,0.6373857506743247
bum,neither,0.03945320844208391,0.33037608806864915,0.630170703489267
Plebs even though you can't talk you can still have a beer. cheers 🍻,neither,0.04409316547301102,0.4248023680025056,0.5311044665244834
"Eekswan subscribed with Twitch Prime. They've subscribed for 5 months, currently on a 3 month streak! hi",neither,0.020809580656904154,0.33051234617851416,0.6486780731645816
"myname1sj3fff subscribed at Tier 1. They've subscribed for 15 months, currently on a 15 month streak!",neither,0.024761336945669385,0.32462278412308815,0.6506158789312425
shroudHello shroudHype,neither,0.03945320844208391,0.33037608806864915,0.630170703489267
NEW Merch is out (6/19) Grab yours now while it's in stock! Mouse pads are still available - type !mousepad in chat for more info - Use code 'SHROUD' for 10% off https://www.jinx.com/shroud shroudTHICC,neither,0.03194612963490736,0.30688016556462766,0.661173704800465
SUBBED 👉 FeelsGoodMan,neither,0.03945320844208391,0.33037608806864915,0.630170703489267
shroud went live again LULW,neither,0.04241908404228475,0.3636634710024266,0.5939174449552886
LUL,neither,0.03945320844208391,0.33037608806864915,0.630170703489267
shroudPrime,neither,0.03945320844208391,0.33037608806864915,0.630170703489267
"Now Twitch Prime is quite a great service; To not use it would be a disservice; The free monthly sub, Is nothing to snub, So do it without feeling nervous shroudPrime",neither,0.03220903223231923,0.3791055463733078,0.5886854213943729
Hi,neither,0.03945320844208391,0.33037608806864915,0.630170703489267
LUL,neither,0.03945320844208391,0.33037608806864915,0.630170703489267
shroudPrime shroudPrime shroudPrime shroudPrime shroudPrime shroudPrime shroudPrime,neither,0.03945320844208391,0.33037608806864915,0.630170703489267
!prime Pog,neither,0.03945320844208391,0.33037608806864915,0.630170703489267
shroudW Have you heard of shroudPrime ? shroudHype https://clips.twitch.tv/FuriousPiercingBananaPJSugar - http://bit.ly/HowToTwitchPrime,neither,0.0448097334536857,0.291441135190592,0.6637491313557223
shroudPrime shroudPrime shroudPrime,neither,0.03945320844208391,0.33037608806864915,0.630170703489267
you can do it,neither,0.0756730639028903,0.41489501303487014,0.5094319230622396
shroudPrime shroudPrime shroudPrime shroudPrime shroudPrime shroudPrime shroudPrime shroudPrime shroudPrime,neither,0.03945320844208391,0.33037608806864915,0.630170703489267
hello,neither,0.03945320844208391,0.33037608806864915,0.630170703489267
LUL,neither,0.03945320844208391,0.33037608806864915,0.630170703489267
@shroud i gave u twitch prime sub 2day,neither,0.03945320844208391,0.33037608806864915,0.630170703489267
SELLOUT DansGame,neither,0.03945320844208391,0.33037608806864915,0.630170703489267
shroudPrime shroudPrime shroudPrime shroudPrime shroudPrime shroudPrime shroudPrime,neither,0.03945320844208391,0.33037608806864915,0.630170703489267
say it,neither,0.03653769773853749,0.3313788658920987,0.6320834363693637
@ScarySoda flexing on these plebs,neither,0.04667321661911946,0.4394220670298566,0.513904716351024
lul,neither,0.03945320844208391,0.33037608806864915,0.630170703489267
LULW,neither,0.03945320844208391,0.33037608806864915,0.630170703489267
shroudPrime shroudPrime shroudPrime shroudPrime shroudPrime shroudPrime,neither,0.03945320844208391,0.33037608806864915,0.630170703489267
Karna94 subscribed with Twitch Prime. They've subscribed for 10 months!,neither,0.01797585316727558,0.3231136230633543,0.6589105237693702
LULW,neither,0.03945320844208391,0.33037608806864915,0.630170703489267
3Head,neither,0.03945320844208391,0.33037608806864915,0.630170703489267
glad to see some apex tonight. ranked is way less sweaty today,neither,0.04003021103641281,0.3122523953010992,0.647717393662488
shroudPrime shroudPrime shroudPrime shroudPrime shroudPrime shroudPrime shroudPrime shroudPrime shroudPrime shroudPrime shroudPrime,neither,0.03945320844208391,0.33037608806864915,0.630170703489267
"No problem shroud, I can't move anyways Pog",neither,0.0389463588728362,0.33897864803075206,0.6220749930964118
shroudPrime shroudPrime shroudHello shroudPrime shroudPrime shroudHello,neither,0.03945320844208391,0.33037608806864915,0.630170703489267
LUL LUL LUL LUL,neither,0.03945320844208391,0.33037608806864915,0.630170703489267
overlord_1475 subscribed with Twitch Prime.,neither,0.030186173588972614,0.3621416721941929,0.6076721542168345
@wava shroudH,neither,0.03945320844208391,0.33037608806864915,0.630170703489267
@glacialchampion LUL,neither,0.03945320844208391,0.33037608806864915,0.630170703489267
Shroud you good bud,neither,0.06146080837793898,0.39484488943797974,0.5436943021840812
shroudHello shroudHello,neither,0.03945320844208391,0.33037608806864915,0.630170703489267
shroud stroke?,neither,0.03945320844208391,0.33037608806864915,0.630170703489267
@Randy_2020 POGGERS shroudH,neither,0.03945320844208391,0.33037608806864915,0.630170703489267
shroudPrime shroudSellout shroudPrime shroudSellout shroudPrime shroudSellout shroudPrime shroudSellout shroudPrime shroudSellout shroudPrime shroudSellout,neither,0.03945320844208391,0.33037608806864915,0.630170703489267
"Now Twitch Prime is quite a great service; To not use it would be a disservice; The free monthly sub, Is nothing to snub, So do it without feeling nervous shroudPrime",neither,0.03220903223231923,0.3791055463733078,0.5886854213943729
LUL,neither,0.03945320844208391,0.33037608806864915,0.630170703489267
how much did he win?,neither,0.04058308777362932,0.3299874707552331,0.6294294414711374
twi shroudPrime shroudPrime shroudPrime shroudPrime shroudPrime shroudPrime shroudPrime shroudPrime shroudPrime,neither,0.03945320844208391,0.33037608806864915,0.630170703489267
shroudPrime shroudSellout shroudPrime shroudSellout shroudPrime shroudSellout shroudPrime shroudSellout shroudPrime shroudSellout,neither,0.03945320844208391,0.33037608806864915,0.630170703489267
shroudBhop,neither,0.03945320844208391,0.33037608806864915,0.630170703489267
buddyboii_ subscribed with Twitch Prime.,neither,0.030186173588972614,0.3621416721941929,0.6076721542168345
shiza,neither,0.03945320844208391,0.33037608806864915,0.630170703489267
SUBBED 👉 FeelsGoodMan,neither,0.03945320844208391,0.33037608806864915,0.630170703489267
shroud4Head,neither,0.03945320844208391,0.33037608806864915,0.630170703489267
shroudPrime shroudPrime,neither,0.03945320844208391,0.33037608806864915,0.630170703489267
shroudPrime jnbPrime shroudPrime jnbPrime shroudPrime,neither,0.03945320844208391,0.33037608806864915,0.630170703489267
!prime,neither,0.03945320844208391,0.33037608806864915,0.630170703489267
shroudW Have you heard of shroudPrime ? shroudHype https://clips.twitch.tv/FuriousPiercingBananaPJSugar - http://bit.ly/HowToTwitchPrime,neither,0.0448097334536857,0.291441135190592,0.6637491313557223
are you ok shroud?,neither,0.1479947757429015,0.3228301281300096,0.5291750961270888
yoo @shroud,neither,0.03945320844208391,0.33037608806864915,0.630170703489267
"Chat, can someone explain me why they pay for sponsored streams even when the streamer already plays the game very often, and for free?",neither,0.024119866055622913,0.3178801653937711,0.657999968550606
How much bread we stackin?,neither,0.03652296405864976,0.3269985795383241,0.6364784564030261
shroudSellout shroudPrime,neither,0.03945320844208391,0.33037608806864915,0.630170703489267
shrood,neither,0.03945320844208391,0.33037608806864915,0.630170703489267
APEXXXX,neither,0.03945320844208391,0.33037608806864915,0.630170703489267
Mortal_RS subscribed with Twitch Prime.,neither,0.030186173588972614,0.3621416721941929,0.6076721542168345
shroud seshed a full boof pack before this stream,neither,0.04886472305885571,0.3694181355349776,0.5817171414061667
shroudLVL3 shroudLVL3 shroudLVL3 shroudLVL3,neither,0.03945320844208391,0.33037608806864915,0.630170703489267
Fuck bous,offensive_language,0.34803241646388117,0.6519675835059184,3.0200377847433446e-11
whats for dinner today,neither,0.03311327367054645,0.2864839795526969,0.6804027467767567
indiALAjones What are you blaming me for now?,neither,0.07200961070731925,0.3278540600706794,0.6001363292220013
what’s for dinner ?,neither,0.03828583797801607,0.2897168716327166,0.6719972903892673
y does shroud look stress,neither,0.026640067028683732,0.4621564127511435,0.5112035202201728
@f_sinan because that's not the only game streamers play pepega,neither,0.03340352412057442,0.32058419522096965,0.6460122806584558
what place they get?,neither,0.050611821801738135,0.26834392649111943,0.6810442517071426
wait how long has he been streaming?,neither,0.04332452572894026,0.3265941996472461,0.6300812746238137
we pexin?,neither,0.039025862747262004,0.3376292597931679,0.6233448774595702
wait so why the timer just to play apex?,neither,0.03102565220008563,0.3772924297154746,0.5916819180844397
pog,neither,0.03945320844208391,0.33037608806864915,0.630170703489267
i think i missed something,neither,0.040048459407598595,0.3202731257026358,0.6396784148897657
BibleThump,neither,0.03945320844208391,0.33037608806864915,0.630170703489267
limesLurk for the stream turning off and back on @Limitless_Paradox,neither,0.03209538188780444,0.27938887390235234,0.6885157442098431
didnt he just connected ?,neither,0.040065953611394554,0.35528415021993937,0.6046498961686662
Shroud uses Predator PCs & Monitors! Check out the Acer Predator Helios 300 gaming laptop here! https://bit.ly/Shroud_Helios,neither,0.05565039247638786,0.3128236741658338,0.6315259333577783
!uptime,neither,0.03945320844208391,0.33037608806864915,0.630170703489267
"@Mexcutioner48, Mike has been live for: 4 mins 32 secs",neither,0.03818897009942893,0.3080137562709522,0.6537972736296188
what a greaser,neither,0.045915666119560924,0.3257693565681219,0.6283149773123172
my boy skittlz,neither,0.021444584624538354,0.48220956225782785,0.49634585311763385
PogU,neither,0.03945320844208391,0.33037608806864915,0.630170703489267
shroudSellout shroudSellout shroudSellout shroudSellout shroudSellout shroudSellout,neither,0.03945320844208391,0.33037608806864915,0.630170703489267
indiALAjones I blame you,neither,0.06926529649025959,0.4105627262909926,0.5201719772187477
placing?,neither,0.03945320844208391,0.33037608806864915,0.630170703489267
they havent updated it yet,neither,0.03831201390892374,0.3307685971987658,0.6309193888923104
one greasy boi,neither,0.038314666097532826,0.3721630852223125,0.5895222486801548
EZY,neither,0.03945320844208391,0.33037608806864915,0.630170703489267
shroudTHICC shroudTHICC shroudTHICC,neither,0.03945320844208391,0.33037608806864915,0.630170703489267
shroudTHICC shroudTHICC shroudTHICC shroudTHICC shroudTHICC shroudTHICC shroudTHICC shroudTHICC shroudTHICC shroudTHICC,neither,0.03945320844208391,0.33037608806864915,0.630170703489267
shroudTHICC shroudTHICC shroudTHICC shroudTHICC,neither,0.03945320844208391,0.33037608806864915,0.630170703489267
1650$,neither,0.03945320844208391,0.33037608806864915,0.630170703489267
Thejetrocket subscribed at Tier 1.,neither,0.03853807016957085,0.358210604756348,0.6032513250740811
Thejetrocket converted from a Twitch Prime sub to a Tier 1 sub!,neither,0.043404596088905956,0.3191712663656506,0.6374241375454435
shroudTHICC shroudTHICC shroudTHICC shroudTHICC shroudTHICC shroudTHICC,neither,0.03945320844208391,0.33037608806864915,0.630170703489267
D: im new you cant blame the new girl,neither,0.05052256338093072,0.2835922468638983,0.6658851897551711
we rich,neither,0.03922196194921334,0.33430094455791814,0.6264770934928685
shroudAFK shroudAFK shroudAFK shroudAFK shroudAFK shroudAFK shroudAFK shroudAFK shroudAFK shroudAFK,neither,0.03945320844208391,0.33037608806864915,0.630170703489267
shroudHype shroudHype,neither,0.03945320844208391,0.33037608806864915,0.630170703489267
shroudTHICC shroudTHICC shroudTHICC shroudTHICC,neither,0.03945320844208391,0.33037608806864915,0.630170703489267
Pog,neither,0.03945320844208391,0.33037608806864915,0.630170703489267
thiccccc,neither,0.03945320844208391,0.33037608806864915,0.630170703489267
shroudW shroudW shroudW shroudW,neither,0.03945320844208391,0.33037608806864915,0.630170703489267
NightWolf138 subscribed with Twitch Prime. They've subscribed for 2 months!,neither,0.017135853092050617,0.3228815153557895,0.6599826315521599
Clap,neither,0.03945320844208391,0.33037608806864915,0.630170703489267
shroudAFK shroudAFK shroudAFK shroudAFK shroudAFK shroudAFK shroudAFK,neither,0.03945320844208391,0.33037608806864915,0.630170703489267
shroudTHICC shroudTHICC,neither,0.03945320844208391,0.33037608806864915,0.630170703489267
daltooPOG daltooPOG daltooPOG daltooPOG,neither,0.03945320844208391,0.33037608806864915,0.630170703489267
shroudTHICC shroudTHICC shroudTHICC shroudTHICC shroudTHICC shroudTHICC shroudTHICC shroudTHICC shroudTHICC shroudTHICC shroudTHICC shroudTHICC shroudTHICC,neither,0.03945320844208391,0.33037608806864915,0.630170703489267
Thejetrocket subscribed with Twitch Prime. They've subscribed for 3 months!,neither,0.017135853092050617,0.3228815153557895,0.6599826315521599
shroudTHICC shroudTHICC shroudTHICC shroudTHICC shroudTHICC shroudTHICC shroudTHICC shroudTHICC,neither,0.03945320844208391,0.33037608806864915,0.630170703489267
shrouds gone avorilFeelsBad,neither,0.039260305037624,0.3336501622801024,0.6270895326822736
shroudW shroudW shroudW shroudW shroudW,neither,0.03945320844208391,0.33037608806864915,0.630170703489267
shroud4Head shroud4Head shroud4Head shroud4Head shroud4Head shroud4Head,neither,0.03945320844208391,0.33037608806864915,0.630170703489267
They win chat?,neither,0.03945320844208391,0.33037608806864915,0.630170703489267
How do they measure who earns what?,neither,0.04632221807011011,0.3836011252272566,0.5700766567026333
shroudPrime,neither,0.03945320844208391,0.33037608806864915,0.630170703489267
shroudD shroudD,neither,0.03945320844208391,0.33037608806864915,0.630170703489267
"Now Twitch Prime is quite a great service; To not use it would be a disservice; The free monthly sub, Is nothing to snub, So do it without feeling nervous shroudPrime",neither,0.03220903223231923,0.3791055463733078,0.5886854213943729
Is that how it works ALA shroudHmm,neither,0.0420403888882718,0.3741783786286185,0.5837812324831096
shroudAFK shroudAFK shroudAFK shroudAFK shroudAFK shroudAFK,neither,0.03945320844208391,0.33037608806864915,0.630170703489267
shroudTHICC,neither,0.03945320844208391,0.33037608806864915,0.630170703489267
shroudTHICC shroudTHICC shroudTHICC shroudTHICC shroudTHICC shroudTHICC,neither,0.03945320844208391,0.33037608806864915,0.630170703489267
guys remember,neither,0.039292824474384806,0.33309822256930444,0.6276089529563107
shroudEZ,neither,0.03945320844208391,0.33037608806864915,0.630170703489267
SandwichBTW,neither,0.03945320844208391,0.33037608806864915,0.630170703489267
Shroud is looking hot ❤️,neither,0.0509069419702783,0.32643662389045097,0.6226564341392707
come back shroud thumpWashed,neither,0.036802781673112656,0.3753607474007651,0.5878364709261223
limesHmm mabbbes,neither,0.03945320844208391,0.33037608806864915,0.630170703489267
shroudPrime shroudPrime shroudPrime shroudPrime shroudPrime shroudPrime shroudPrime shroudPrime shroudPrime,neither,0.03945320844208391,0.33037608806864915,0.630170703489267
KIF_Slayer subscribed with Twitch Prime.,neither,0.030186173588972614,0.3621416721941929,0.6076721542168345
shroudAFK shroudAFK shroudAFK shroudAFK shroudAFK,neither,0.03945320844208391,0.33037608806864915,0.630170703489267
shroudAFK shroudAFK shroudAFK shroudAFK shroudAFK shroudAFK shroudAFK shroudAFK shroudAFK shroudAFK shroudAFK shroudAFK shroudAFK shroudAFK shroudAFK shroudAFK shroudAFK,neither,0.03945320844208391,0.33037608806864915,0.630170703489267
shroud turns me on shroudTHICC,neither,0.027388984534982105,0.3975042375969556,0.5751067778680623
shroudD shroudD,neither,0.03945320844208391,0.33037608806864915,0.630170703489267
Try Postmates - New users get $100 in free delivery fee credit with code 'SHROUD'! https://t.co/Lcfq8GkGKz shroudHype,neither,0.0353620628076255,0.3088663594096241,0.6557715777827504
BibleThump BibleThump BibleThump BibleThump,neither,0.03945320844208391,0.33037608806864915,0.630170703489267
shroudHyper shroudEZ shroudW,neither,0.03945320844208391,0.33037608806864915,0.630170703489267
I blame you :),neither,0.06926529649025959,0.4105627262909926,0.5201719772187477
Shroud is taking bong rips brb,neither,0.044868630621507755,0.32851347605369835,0.626617893324794
shroudD shroudD shroudD shroudD shroudD,neither,0.03945320844208391,0.33037608806864915,0.630170703489267
!chair,neither,0.03945320844208391,0.33037608806864915,0.630170703489267
Shroud is using the Aeron from Herman Miller https://bit.ly/2HFZGDG,neither,0.04191987256799971,0.3494790365739765,0.6086010908580238
"@ScarySoda Mike was probably gonna play apex today, didn't need to get paid LUL",neither,0.03248035204240494,0.3767833466460994,0.5907363013114957
shroudPigeon shroudAFK shroudAFK shroudAFK,neither,0.03945320844208391,0.33037608806864915,0.630170703489267
shroudAFK shroudAFK shroudAFK,neither,0.03945320844208391,0.33037608806864915,0.630170703489267
xqcArm1 shroud4Head xqcArm2,neither,0.03945320844208391,0.33037608806864915,0.630170703489267
@clipseeeee thumpAyy 🚬💨,neither,0.03945320844208391,0.33037608806864915,0.630170703489267
shroudAFK shroudAFK shroudAFK shroudAFK shroudAFK shroudAFK shroudAFK,neither,0.03945320844208391,0.33037608806864915,0.630170703489267
shroudPalm,neither,0.03945320844208391,0.33037608806864915,0.630170703489267
limesHeck @Limitless_Paradox you wot m8,neither,0.06070030064870593,0.38926782493489026,0.5500318744164038
does anyone else get a black menu screen on DayZ???,neither,0.037983933471402206,0.4238579676986713,0.5381580988299265
Check out Mike's Instagram account - http://www.instagram.com/shroud :D,neither,0.03410941730160631,0.30554211570058515,0.6603484669978086
wait when is it starting?,neither,0.03495020076007279,0.3784734720019932,0.586576327237934
Anyway what do I know,neither,0.047939332812053044,0.32504339474083954,0.6270172724471075
MalikMajik subscribed with Twitch Prime. They've subscribed for 3 months!,neither,0.017135853092050617,0.3228815153557895,0.6599826315521599
yo,offensive_language,0.04010381111145228,0.5271105317972344,0.4327856570913131
!rivals,neither,0.03945320844208391,0.33037608806864915,0.630170703489267
"@himayu97, Mike is playing Twitch Rivals: Rainbow Six Siege today, July 3rd around 2:15 PM together with bnans, just9n, annemunition & shortyyguy! More info and brackets: https://bit.ly/305p7Vx shroudHype",neither,0.03767260038012166,0.31660054889251105,0.6457268507273672
someone kiss me under the fireworks while my granny records,neither,0.029174266311911168,0.3883450957885659,0.5824806378995229
shroudAFK shroudAFK shroudAFK shroudAFK shroudAFK shroudAFK shroudAFK shroudAFK,neither,0.03945320844208391,0.33037608806864915,0.630170703489267
shroudD shroudD shroudD shroudD shroudD shroudD shroudD shroudD,neither,0.03945320844208391,0.33037608806864915,0.630170703489267
shroudHype shroudHype,neither,0.03945320844208391,0.33037608806864915,0.630170703489267
rooDevil,neither,0.03945320844208391,0.33037608806864915,0.630170703489267
"@clipseeeee lmao, would not be surprised",neither,0.03690199211533887,0.3511939008912122,0.6119041069934489
shroudAFK shroudAFK shroudAFK,neither,0.03945320844208391,0.33037608806864915,0.630170703489267
shroudHello shroudHello,neither,0.03945320844208391,0.33037608806864915,0.630170703489267
we pexin againn,neither,0.039025862747262004,0.3376292597931679,0.6233448774595702
He is gone forever shroudM,neither,0.05647941716250868,0.3262153831960591,0.6173051996414324
@f_sinan or he prob wasn't and only reason he is playing it now is because someone asked him to.,neither,0.0577338602891217,0.3035685060801385,0.6386976336307397
shroudOF shroudOF shroudOF shroudOF,neither,0.03945320844208391,0.33037608806864915,0.630170703489267
shroudAFK shroudAFK shroudAFK shroudAFK bnansA bnansA shroudHello shroudHello,neither,0.03945320844208391,0.33037608806864915,0.630170703489267
shroudEZ shroudEZ shroudEZ,neither,0.03945320844208391,0.33037608806864915,0.630170703489267
stop living in hypotheticals people,neither,0.07626715704112043,0.4140399239676558,0.5096929189912237
shroudAFK shroudAFK shroudAFK shroudAFK shroudAFK shroudAFK shroudAFK shroudAFK shroudAFK,neither,0.03945320844208391,0.33037608806864915,0.630170703489267
@indiALAjones Let me go pour you another cup of coffee LUL,neither,0.0657977182404072,0.25646464484881515,0.6777376369107777
shroudW I drink Madrinas every day to fuel up shroudW,neither,0.04304564863737235,0.3577225558581587,0.5992317955044688
Food pepega,neither,0.03945320844208391,0.33037608806864915,0.630170703489267
gtvedt subscribed with Twitch Prime.,neither,0.030186173588972614,0.3621416721941929,0.6076721542168345
shroudPrime shroudPrime shroudPrime shroudPrime shroudPrime shroudPrime shroudPrime shroudPrime,neither,0.03945320844208391,0.33037608806864915,0.630170703489267
"Now what I am saying is sublime; That it was not already written is a crime; I should need not bribe, To have you all subscribe, Sub to Shroud with Twitch Prime shroudPrime",neither,0.05413919486457965,0.44528002795050076,0.5005807771849194
WHAT YOU DRINKING?,neither,0.07655280709686028,0.3915332791262875,0.5319139137768522
Zockz subscribed with Twitch Prime.,neither,0.030186173588972614,0.3621416721941929,0.6076721542168345
shroudTHICC shroudTHICC shroudTHICC shroudTHICC shroudTHICC,neither,0.03945320844208391,0.33037608806864915,0.630170703489267
limesLurk i dont drink coffee @Limitless_Paradox,neither,0.04941642085125762,0.16127437157257277,0.7893092075761696
@shroud,neither,0.03945320844208391,0.33037608806864915,0.630170703489267
wheres that burger from YUM,neither,0.03698526828785196,0.3513178362358953,0.6116968954762528
That looks so fucking good,offensive_language,0.09034625901878907,0.9094587252705407,0.00019501571067021022
fuck that looks good...,offensive_language,0.15331155921758197,0.846590667975333,9.77728070850851e-05
who won rivals?,neither,0.04061417405158025,0.44294463029151515,0.5164411956569047
bite,neither,0.03945320844208391,0.33037608806864915,0.630170703489267
that sandwich looks good af,neither,0.0355005980427368,0.3676779787202013,0.596821423237062
what is that PogChamp,neither,0.06192082320891666,0.3949353930334496,0.5431437837576337
DANG WTF IS THATY!,offensive_language,0.06133462473558788,0.7368762788078915,0.20178909645652043
shroudTHICC shroudTHICC shroudTHICC,neither,0.03945320844208391,0.33037608806864915,0.630170703489267
whatd you get @shroud,offensive_language,0.10221443409925421,0.5142936659717918,0.38349189992895405
WHAT R U EATING,neither,0.04876398878995995,0.3238420170755149,0.6273939941345251
I've only ever had one burger before limesYay,neither,0.01984203184597484,0.38608553695245446,0.5940724312015707
Kreygasm,neither,0.03945320844208391,0.33037608806864915,0.630170703489267
fuck that burger is making me salivate,offensive_language,0.1363841518744677,0.8621130648938506,0.0015027832316817206
shroudHmm shroudHmm shroudHmm shroudHmm,neither,0.03945320844208391,0.33037608806864915,0.630170703489267
Father shroud,neither,0.03945320844208391,0.33037608806864915,0.630170703489267
@Tiddles155 Right???,neither,0.03719022913728602,0.3744360956046963,0.5883736752580178
are we still on 1 minute delay? shroudM,neither,0.06242134217032927,0.31432217661505935,0.6232564812146114
@shroud whats that drink?!,neither,0.035363703347135685,0.37489831512185506,0.5897379815310092
"God that looks good, now I am hungry",neither,0.035596488173994016,0.3653562172443383,0.5990472945816677
@Jonatino i was just thinking the same,neither,0.03422386626445178,0.34633460153843054,0.6194415321971178
shroudCDinner shroudCDinner shroudCDinner,neither,0.03945320844208391,0.33037608806864915,0.630170703489267
are you going to play with anyone on apex @shroud,neither,0.06294927830340392,0.3873216054982849,0.549729116198311
"Shroud, your dresser built-in?",neither,0.06756288578896288,0.322572989984609,0.6098641242264282
Teh_Heretic subscribed at Tier 1. They've subscribed for 8 months! we back in this bih again homies,neither,0.02305223088822031,0.3356865920093454,0.6412611771024341
Shrood,neither,0.03945320844208391,0.33037608806864915,0.630170703489267
mmhh,neither,0.03945320844208391,0.33037608806864915,0.630170703489267
indiALAjones What do you drink then? I don't want to mess up this order,neither,0.061462767531389816,0.3953593301191195,0.5431779023494906
WHERE IS THAT SANDWICH FROM!??!,neither,0.046861885033906,0.3191938907139227,0.6339442242521713
loot seems better today,neither,0.03791044818063102,0.306594854847492,0.6554946969718769
dang thats a fucking sandwich,offensive_language,0.10788918316268103,0.891399906046486,0.0007109107908329585
did you bring enough for everyone?,neither,0.04046029252786697,0.4313519245026703,0.5281877829694628
that looks good af,neither,0.03447707063032195,0.37761137270216777,0.5879115566675103
Kreygasm shroud eating,neither,0.03945320844208391,0.33037608806864915,0.630170703489267
dd,neither,0.03945320844208391,0.33037608806864915,0.630170703489267
@shroud Tendergeens?,neither,0.03945320844208391,0.33037608806864915,0.630170703489267
ASMR,neither,0.03945320844208391,0.33037608806864915,0.630170703489267
that looks fucking good,offensive_language,0.09637302351429973,0.9034990621115739,0.00012791437412639574
yum,neither,0.03945320844208391,0.33037608806864915,0.630170703489267
your giving chat Silvia ummm im hungry and i just ate,neither,0.05265651463754172,0.3330492910506179,0.6142941943118403
mocha @Limitless_Paradox,neither,0.03945320844208391,0.33037608806864915,0.630170703489267
What's in the cup?,neither,0.044915137293175283,0.30695460450357254,0.6481302582032521
everyday fried chickin,neither,0.03945320844208391,0.33037608806864915,0.630170703489267
dude i just ate now im hungry again,neither,0.03390113323950236,0.3964559622396201,0.5696429045208775
you ever get a black menu screen on DayZ @shroud ?,neither,0.06954945537209428,0.37376658948678876,0.556683955141117
PogChamp,neither,0.03945320844208391,0.33037608806864915,0.630170703489267
ASMR eating with Shroud,neither,0.023282178275629287,0.39081341555837046,0.5859044061660003
ASMR!,neither,0.03945320844208391,0.33037608806864915,0.630170703489267
it seems legit,neither,0.038049550893816,0.3308588702650611,0.6310915788411229
@limitless_paradox do you know who won the rivals?,neither,0.06331733775760165,0.4544334384392287,0.4822492238031698
playing Apex in 1-?,neither,0.03945320844208391,0.33037608806864915,0.630170703489267
gotta stay shroudTHICC shroudTHICC shroudTHICC shroudTHICC shroudTHICC shroudTHICC shroudTHICC shroudTHICC shroudTHICC shroudTHICC shroudTHICC,neither,0.03688198153173452,0.37401651910479167,0.5891014993634738
Just ONE!?,neither,0.029282913031907595,0.4356567203021416,0.5350603666659508
devicatNOM devicatNOM devicatNOM,neither,0.03945320844208391,0.33037608806864915,0.630170703489267
EAT IT CLOSER TO THE MIC,neither,0.04301095024688494,0.31378249426389426,0.6432065554892208
arexNom arexNom arexNom,neither,0.03945320844208391,0.33037608806864915,0.630170703489267
10*,neither,0.03945320844208391,0.33037608806864915,0.630170703489267
shroudTHICC shroudTHICC shroudTHICC shroudTHICC,neither,0.03945320844208391,0.33037608806864915,0.630170703489267
I gained 20 pounds just by watching this,neither,0.03654070362708789,0.3873805229666645,0.5760787734062475
shroudTHICC shroudTHICC shroudTHICC shroudTHICC,neither,0.03945320844208391,0.33037608806864915,0.630170703489267
limesHmm i want a burger,neither,0.03974943825248357,0.32534829508796703,0.6349022666595495
@twistedbiscuits PepeLaugh,neither,0.03945320844208391,0.33037608806864915,0.630170703489267
save the mother fuckin turtles,offensive_language,0.07798688978193614,0.8693956352141454,0.05261747500391845
someone tell me where i can buy that sandwich please,neither,0.03288711774527836,0.363103321212305,0.6040095610424165
OpieOP,neither,0.03945320844208391,0.33037608806864915,0.630170703489267
himayu97 I do not PepeHands,neither,0.03959970761579478,0.33957286474473264,0.6208274276394725
Yummy juicy,neither,0.03945320844208391,0.33037608806864915,0.630170703489267
making everyone hungry here,neither,0.07588017277157243,0.3808835333916591,0.5432362938367685
@shroud It's my b-day today can I get a shout out please? :D,neither,0.02605457448128733,0.38387613934006976,0.5900692861786431
Whats the drink,neither,0.0384905344188778,0.3127334649405624,0.6487760006405597
1 burger is not enough for shroud,neither,0.039496615564875624,0.3044620042535528,0.6560413801815715
ALA I have cake still shroudHmm,neither,0.03775587277428109,0.3591843040443711,0.6030598231813478
"@shroud, you should eat healthy man.",offensive_language,0.07435841719460641,0.49928519606135563,0.426356386744038
leje,neither,0.03945320844208391,0.33037608806864915,0.630170703489267
You're gonna get grease all over your mouse @shroud,neither,0.10022597797990432,0.4410498769643799,0.45872414505571585
shroudHype shroudHype,neither,0.03945320844208391,0.33037608806864915,0.630170703489267
🐔🐔🐔🐔BAWK BAWK 🐔🐔🐔🐔🐔🐔🐔🐔🐔🐔🐔🐔🐔🐔🐔🐔🐔🐔🐔,neither,0.03945320844208391,0.33037608806864915,0.630170703489267
osokturtle subscribed at Tier 1. They've subscribed for 5 months!,neither,0.018730042386447116,0.3124437755681934,0.6688261820453595
"Jesus mike, eat closer to the fucking mic lol",offensive_language,0.09418750870252163,0.8840372156581466,0.021775275639331747
F,neither,0.03945320844208391,0.33037608806864915,0.630170703489267
D: no cake @Limitless_Paradox,neither,0.03829187504329264,0.3500869466847923,0.6116211782719151
"What do you think About the alternator is too strong, shroud???",neither,0.07152741073379432,0.36755858466389346,0.5609140046023121
F,neither,0.03945320844208391,0.33037608806864915,0.630170703489267
PogChamp PogChamp,neither,0.03945320844208391,0.33037608806864915,0.630170703489267
D: no text to speech FUUUU,neither,0.03983527817844573,0.42349225756938036,0.5366724642521739
F,neither,0.03945320844208391,0.33037608806864915,0.630170703489267
F,neither,0.03945320844208391,0.33037608806864915,0.630170703489267
labu apetiti - good appetite in latvian.,neither,0.038777244361875234,0.33060858311257313,0.6306141725255517
@wolfyy limesHmm,neither,0.03945320844208391,0.33037608806864915,0.630170703489267
NOOOOOOOO,neither,0.03945320844208391,0.33037608806864915,0.630170703489267
What about cup cakes?,neither,0.04276478798520198,0.3506101442412243,0.6066250677735738
!charm,neither,0.03945320844208391,0.33037608806864915,0.630170703489267
YESS KEEP GOING DADDY SHROUD,neither,0.0380274819145123,0.35457438809127645,0.6073981299942112
nooooo rip,neither,0.03945320844208391,0.33037608806864915,0.630170703489267
"@Dannykacala7, Claim your very own shroud charm in Siege if you're a subscriber, available all the way until the end of Y4! Make sure your Uplay is linked to Twitch and then wait (It can take up to 2h or more) LINK ACCOUNTS HERE: http://drops-register.ubi.com/ | Info on how to link & FAQ: http://bit.ly/r6charmInfo - Charm Preview: http://bit.ly/CharmPreviewTweet shroudHyper",neither,0.0740550827403526,0.28855916658532277,0.6373857506743247
a lil ASMR,neither,0.03945320844208391,0.33037608806864915,0.630170703489267
:D,neither,0.03945320844208391,0.33037608806864915,0.630170703489267
THATS A FUCKING TORTA @shroud,offensive_language,0.12051489486875834,0.8794757090345372,9.396096704427494e-06
nothing,neither,0.03449314208061148,0.4145613589645244,0.550945498954864
@shroud this food ASMR lit 👌 🔥,neither,0.039348789207739515,0.33214835498795964,0.6285028558043008
lol,neither,0.020706217963973744,0.4882283491876925,0.4910654328483337
LUL,neither,0.03945320844208391,0.33037608806864915,0.630170703489267
