text,top_class,hate_speech,offensive_language,neither
Shroud quit streaming,neither,0.03945320844208391,0.33037608806864915,0.630170703489267
PepeHands indeed,neither,0.03945320844208391,0.33037608806864915,0.630170703489267
BibleThump BibleThump BibleThump,neither,0.03945320844208391,0.33037608806864915,0.630170703489267
welcome back,neither,0.03945320844208391,0.33037608806864915,0.630170703489267
SAVED,neither,0.03945320844208391,0.33037608806864915,0.630170703489267
ThisIsOwnyx subscribed at Tier 1. They've subscribed for 12 months!,neither,0.02016097560497243,0.31371466741422877,0.6661243569807987
Pog returns,neither,0.03945320844208391,0.33037608806864915,0.630170703489267
Backkk,neither,0.03945320844208391,0.33037608806864915,0.630170703489267
hellllooooo,neither,0.03945320844208391,0.33037608806864915,0.630170703489267
we back Pog,neither,0.039166053543719236,0.33524985610846453,0.6255840903478163
saved,neither,0.03945320844208391,0.33037608806864915,0.630170703489267
go piss dude,neither,0.040793433677834536,0.33502855102396784,0.6241780152981975
his bak,neither,0.14069094616772104,0.3246784056473605,0.5346306481849185
go pee bro,neither,0.040745787687779166,0.3348627148577353,0.6243914974544855
Pog OMG,neither,0.03945320844208391,0.33037608806864915,0.630170703489267
F,neither,0.03945320844208391,0.33037608806864915,0.630170703489267
Already? PogChamp,neither,0.03738043260619613,0.36555650351753366,0.5970630638762703
refresh,neither,0.03945320844208391,0.33037608806864915,0.630170703489267
POGGERS WE MADE IT CHAT,neither,0.037783371725223724,0.333691209694072,0.6285254185807043
Pog,neither,0.03945320844208391,0.33037608806864915,0.630170703489267
FIRST,neither,0.02604892428726219,0.3349864360510187,0.6389646396617191
unsub Kappa,neither,0.03945320844208391,0.33037608806864915,0.630170703489267
shroudHello shroudHello shroudHello,neither,0.03945320844208391,0.33037608806864915,0.630170703489267
welcome back :),neither,0.03945320844208391,0.33037608806864915,0.630170703489267
Pog he is back,neither,0.06762386238615045,0.3206869083949745,0.611689229218875
go peeeeee,neither,0.04276165647058889,0.34190019769565555,0.6153381458337556
subing again,neither,0.0358555699129713,0.3914374029960717,0.5727070270909569
POG HES BACK,neither,0.03945320844208391,0.33037608806864915,0.630170703489267
YEET,neither,0.03945320844208391,0.33037608806864915,0.630170703489267
bathroom @shroud,neither,0.03945320844208391,0.33037608806864915,0.630170703489267
Social https://twitter.com/Shroud - https://www.youtube.com/shroud - https://www.reddit.com/r/Shroud/ - http://www.instagram.com/shroud 4Head,neither,0.0378810848931468,0.33376661315284734,0.6283523019540059
shroudHello shroudHello shroudHello,neither,0.03945320844208391,0.33037608806864915,0.630170703489267
pog,neither,0.03945320844208391,0.33037608806864915,0.630170703489267
wowwwww its 4k now,neither,0.029637735131571277,0.3337520794345772,0.6366101854338516
shroudPrime shroudPrime shroudPrime,neither,0.03945320844208391,0.33037608806864915,0.630170703489267
F5,neither,0.03945320844208391,0.33037608806864915,0.630170703489267
"Now Twitch Prime is quite a great service; To not use it would be a disservice; The free monthly sub, Is nothing to snub, So do it without feeling nervous shroudPrime",neither,0.03220903223231923,0.3791055463733078,0.5886854213943729
Did you pee?,neither,0.06089265739390835,0.3897610063604032,0.5493463362456884
"sosij93 subscribed with Twitch Prime. They've subscribed for 3 months, currently on a 1 month streak!",neither,0.020161301589277043,0.3305963852590941,0.6492423131516288
pc restart that fast?,neither,0.0356704281019031,0.3715022936640891,0.5928272782340078
"OMG, It's 4K",neither,0.037108910668695844,0.3311823995721042,0.6317086897591999
its not,neither,0.02733817789468886,0.3428103995237469,0.6298514225815642
rowdy shroudy,neither,0.03945320844208391,0.33037608806864915,0.630170703489267
did it restart yet,neither,0.03756567406358963,0.33102529769543954,0.6314090282409709
GO PEEEEE,neither,0.04276165647058889,0.34190019769565555,0.6153381458337556
LUL,neither,0.03945320844208391,0.33037608806864915,0.630170703489267
go pwww,neither,0.04276165647058889,0.34190019769565555,0.6153381458337556
KKool LIVE,neither,0.04891340716200846,0.3271222919257548,0.6239643009122369
he needs to restart the streaming PC,neither,0.04826490387545904,0.31371794656441665,0.6380171495601243
shroudR shroudR shroudR shroudR shroudR shroudR shroudR,neither,0.03945320844208391,0.33037608806864915,0.630170703489267
!uptime,neither,0.03945320844208391,0.33037608806864915,0.630170703489267
BATHROOOM?,neither,0.03945320844208391,0.33037608806864915,0.630170703489267
ad!,neither,0.03945320844208391,0.33037608806864915,0.630170703489267
shroudTHICC shroudTHICC shroudTHICC,neither,0.03945320844208391,0.33037608806864915,0.630170703489267
shroudTHICC shroudTHICC shroudTHICC shroudTHICC shroudTHICC shroudTHICC shroudTHICC,neither,0.03945320844208391,0.33037608806864915,0.630170703489267
widepeepoHappy,neither,0.03945320844208391,0.33037608806864915,0.630170703489267
Did you pee?,neither,0.06089265739390835,0.3897610063604032,0.5493463362456884
"@jesusc421, Mike has been live for: 5 hours 47 mins",neither,0.03827454592352102,0.3096064976722122,0.6521189564042669
shroudTHICC shroudTHICC shroudTHICC shroudTHICC shroudTHICC shroudTHICC shroudTHICC shroudTHICC shroudTHICC,neither,0.03945320844208391,0.33037608806864915,0.630170703489267
why not piss in jugs?,neither,0.025941988570370625,0.35393071986584085,0.6201272915637885
birdbox caustic,neither,0.03945320844208391,0.33037608806864915,0.630170703489267
shroudTHICC shroudTHICC shroudTHICC shroudTHICC shroudTHICC,neither,0.03945320844208391,0.33037608806864915,0.630170703489267
ad 55550,neither,0.03945320844208391,0.33037608806864915,0.630170703489267
Ironmaniac95 subscribed at Tier 1. They've subscribed for 19 months!,neither,0.020717582230876913,0.3142115698976945,0.6650708478714286
Hi dad shroudW,neither,0.03945320844208391,0.33037608806864915,0.630170703489267
shroudTHICC shroudTHICC shroudTHICC shroudTHICC shroudTHICC shroudTHICC shroudTHICC,neither,0.03945320844208391,0.33037608806864915,0.630170703489267
shroudTHICC shroudTHICC shroudTHICC shroudTHICC shroudTHICC,neither,0.03945320844208391,0.33037608806864915,0.630170703489267
shroudAFK,neither,0.03945320844208391,0.33037608806864915,0.630170703489267
shroudAFK shroudAFK,neither,0.03945320844208391,0.33037608806864915,0.630170703489267
nickmercsRE nickmercsRE,neither,0.03945320844208391,0.33037608806864915,0.630170703489267
shroudTHICC shroudTHICC shroudTHICC shroudTHICC shroudTHICC shroudTHICC shroudTHICC shroudTHICC shroudTHICC shroudTHICC shroudTHICC shroudTHICC,neither,0.03945320844208391,0.33037608806864915,0.630170703489267
shroudC,neither,0.03945320844208391,0.33037608806864915,0.630170703489267
shroudAFK shroudAFK shroudAFK shroudAFK shroudAFK shroudAFK,neither,0.03945320844208391,0.33037608806864915,0.630170703489267
did he reboot his stream pc?,neither,0.060702728067811865,0.330291986343045,0.609005285589143
"We meant restart the PC, not the broadcast lul",neither,0.037512119537169195,0.31534475557507763,0.647143124887753
shroudAFK shroudAFK shroudAFK shroudAFK shroudAFK,neither,0.03945320844208391,0.33037608806864915,0.630170703489267
"syntxrrr subscribed with Twitch Prime. They've subscribed for 2 months, currently on a 1 month streak! yea",neither,0.02060622077046494,0.3321307664276542,0.6472630128018807
shroudAFK shroudAFK shroudAFK shroudAFK shroudAFK shroudAFK shroudAFK shroudAFK,neither,0.03945320844208391,0.33037608806864915,0.630170703489267
He need a shit bucket to achieve maximum gaming ability,offensive_language,0.06095356099180612,0.8862288988054515,0.052817540202742326
BibleThump BibleThump BibleThump BibleThump BibleThump BibleThump,neither,0.03945320844208391,0.33037608806864915,0.630170703489267
shroudC shroudMilk,neither,0.03945320844208391,0.33037608806864915,0.630170703489267
shroudTHICC shroudTHICC shroudTHICC shroudTHICC,neither,0.03945320844208391,0.33037608806864915,0.630170703489267
shroudTHICC shroudTHICC shroudTHICC shroudTHICC shroudTHICC shroudTHICC shroudTHICC shroudTHICC shroudTHICC shroudTHICC,neither,0.03945320844208391,0.33037608806864915,0.630170703489267
nickmercsHM nickmercsHM nickmercsHM,neither,0.03945320844208391,0.33037608806864915,0.630170703489267
Dada,neither,0.03945320844208391,0.33037608806864915,0.630170703489267
Alaos340 subscribed with Twitch Prime. They've subscribed for 3 months!,neither,0.017135853092050617,0.3228815153557895,0.6599826315521599
Who are you to say what shround needs,neither,0.13456927809750258,0.3899723578504239,0.4754583640520735
shroudW shroudAFK shroudAFK shroudAFK shroudAFK shroudAFK shroudAFK shroudAFK shroudAFK,neither,0.03945320844208391,0.33037608806864915,0.630170703489267
silentd subscribed with Twitch Prime. They've subscribed for 19 months!,neither,0.018678480341928726,0.3233174116976789,0.6580041079603923
shroudAFK shroudAFK shroudAFK shroudAFK shroudAFK,neither,0.03945320844208391,0.33037608806864915,0.630170703489267
shroud is now live! Streaming Apex Legends: pewpew | @shroud on socials for updates,neither,0.04118525648158388,0.31742268384412325,0.6413920596742928
pssshhht,neither,0.03945320844208391,0.33037608806864915,0.630170703489267
shroudAFK shroudAFK shroudAFK shroudAFK,neither,0.03945320844208391,0.33037608806864915,0.630170703489267
He should just soil himself,neither,0.054966978880264375,0.3962046123997908,0.5488284087199448
ohhhhh,neither,0.03945320844208391,0.33037608806864915,0.630170703489267
i still think if he restart the stream PC it will fix it,neither,0.029709226089779297,0.34199820733136443,0.6282925665788562
shroudM shroudM shroudM shroudM shroudM shroudM shroudM shroudM shroudM shroudM shroudM shroudM shroudM shroudM shroudM shroudM shroudM shroudM shroudM shroudM shroudM shroudM shroudM shroudM shroudM shroudM shroudM shroudM,neither,0.03945320844208391,0.33037608806864915,0.630170703489267
Shroud doesn't like restarting PCs. He says it messing things up,neither,0.04874034765117445,0.38302880111407367,0.5682308512347519
!uptime,neither,0.03945320844208391,0.33037608806864915,0.630170703489267
shroudM d e t h,neither,0.03945320844208391,0.33037608806864915,0.630170703489267
yoooo shroud just said shroudAFK shroudAFK shroudAFK shroudAFK shroudAFK shroudAFK,neither,0.03469493303471873,0.35288135191061404,0.6124237150546672
forsenO,neither,0.03945320844208391,0.33037608806864915,0.630170703489267
"@terminalfish, Mike has been live for: 1 min 47 secs",neither,0.038202207936870076,0.30826113029605307,0.6535366617670768
caustic,neither,0.03945320844208391,0.33037608806864915,0.630170703489267
can you pee yourelf on twitch?,neither,0.0509252776844359,0.37948508150221777,0.5695896408133463
nobody play anymore Gibraltar? LUL,neither,0.03366284945134589,0.44443609996284056,0.5219010505858135
shround doesnt restart PCs,neither,0.03945320844208391,0.33037608806864915,0.630170703489267
"oh my gosh, i join and dad is gone",neither,0.0389010747446299,0.32569877189596674,0.6354001533594034
ever,neither,0.03945320844208391,0.33037608806864915,0.630170703489267
nickmercsWR nickmercsWR nickmercsWR nickmercsYURR nickmercsYURR,neither,0.03945320844208391,0.33037608806864915,0.630170703489267
shroud4Head shroud4Head,neither,0.03945320844208391,0.33037608806864915,0.630170703489267
SnackiMaki subscribed at Tier 1. They've subscribed for 15 months!,neither,0.020219732405937437,0.3137670703181373,0.6660131972759252
"oh, dad's back",neither,0.04586739696797381,0.2697739652053613,0.6843586378266648
@JJWellington it messing things up if he doesnt turn off the PC,neither,0.028524261059723596,0.383228023649196,0.5882477152910803
!uptime,neither,0.03945320844208391,0.33037608806864915,0.630170703489267
PepeLaugh,neither,0.03945320844208391,0.33037608806864915,0.630170703489267
shroud1 shroud2,neither,0.03945320844208391,0.33037608806864915,0.630170703489267
helllllooooo,neither,0.03945320844208391,0.33037608806864915,0.630170703489267
"@chun, Mike has been live for: 2 mins 13 secs",neither,0.03814590382846918,0.3072063873234929,0.6546477088480379
shroud1 shroud2,neither,0.03945320844208391,0.33037608806864915,0.630170703489267
shroud1 shroud2 shroud3 shroud4,neither,0.03945320844208391,0.33037608806864915,0.630170703489267
shroudJ,neither,0.03945320844208391,0.33037608806864915,0.630170703489267
"MrEcoli subscribed with Twitch Prime. They've subscribed for 5 months, currently on a 1 month streak!",neither,0.020161301589277043,0.3305963852590941,0.6492423131516288
nickmercsNECK nickmercsNECK nickmercsNECK nickmercsNECK nickmercsNECK nickmercsNECK,neither,0.03945320844208391,0.33037608806864915,0.630170703489267
shroud1 shroud2,neither,0.03945320844208391,0.33037608806864915,0.630170703489267
Try Postmates - New users get $100 in free delivery fee credit with code 'SHROUD'! https://t.co/Lcfq8GkGKz shroudHype,neither,0.0353620628076255,0.3088663594096241,0.6557715777827504
shroud1 shroud2,neither,0.03945320844208391,0.33037608806864915,0.630170703489267
2 minute stream PogU,neither,0.03945320844208391,0.33037608806864915,0.630170703489267
OOKKIIII,neither,0.03945320844208391,0.33037608806864915,0.630170703489267
shroud1 shroud2,neither,0.03945320844208391,0.33037608806864915,0.630170703489267
shroudD shroudD shroudD shroudD shroudD shroudD,neither,0.03945320844208391,0.33037608806864915,0.630170703489267
DSsaintsfan subscribed with Twitch Prime.,neither,0.030186173588972614,0.3621416721941929,0.6076721542168345
Poggers,neither,0.03945320844208391,0.33037608806864915,0.630170703489267
@shroud do you think they should add a solo mode to apex?,neither,0.06593990962539856,0.3747329081031909,0.5593271822714105
Mouse needs a charge? whys it flashing so much haha,neither,0.03356679288653167,0.4044271308797238,0.5620060762337447
"Sneekystone subscribed with Twitch Prime. They've subscribed for 6 months, currently on a 5 month streak! ayyyyyyyyy",neither,0.020161301589277043,0.3305963852590941,0.6492423131516288
FortOne,neither,0.03945320844208391,0.33037608806864915,0.630170703489267
nickmercsTOXIC nickmercsTOXIC nickmercsTOXIC,neither,0.03945320844208391,0.33037608806864915,0.630170703489267
blast pro,neither,0.03945320844208391,0.33037608806864915,0.630170703489267
FIXED,neither,0.03945320844208391,0.33037608806864915,0.630170703489267
FAT BOY,neither,0.2635364443747714,0.14270760442238647,0.5937559512028422
shroud3 shroud4,neither,0.03945320844208391,0.33037608806864915,0.630170703489267
"fat af, lol",neither,0.17721285574701656,0.23376283589128924,0.5890243083616942
What happened chat bnansDerp,neither,0.04501326929401192,0.32639207422068645,0.6285946564853017
jaxattack224 subscribed with Twitch Prime.,neither,0.030186173588972614,0.3621416721941929,0.6076721542168345
There has to be a way to Reinvent that endgame.,neither,0.0510666093590731,0.31814154733521294,0.630791843305714
MegaGram subscribed with Twitch Prime. They've subscribed for 4 months!,neither,0.017135853092050617,0.3228815153557895,0.6599826315521599
shroudTHICC shroudChill,neither,0.03945320844208391,0.33037608806864915,0.630170703489267
shroudTHICC,neither,0.03945320844208391,0.33037608806864915,0.630170703489267
shroudTHICC shroudTHICC shroudTHICC,neither,0.03945320844208391,0.33037608806864915,0.630170703489267
diamond 3 PogU,neither,0.03945320844208391,0.33037608806864915,0.630170703489267
PartyPopper PartyPopper PartyPopper PartyPopper PartyPopper,neither,0.03945320844208391,0.33037608806864915,0.630170703489267
shroudTHICC shroudTHICC shroudTHICC shroudTHICC shroudTHICC,neither,0.03945320844208391,0.33037608806864915,0.630170703489267
Mount a bed pan to the bottom of the Herman Miller chair... shroud200,neither,0.04201234085916539,0.3109895362791914,0.6469981228616432
Did mike restart?,neither,0.03945320844208391,0.33037608806864915,0.630170703489267
@SniperDog *messes. Yup. That's what he said before. Problems pop up after restarts so he leaves them on all the time,neither,0.04847233223852434,0.45801073331369074,0.49351693444778494
Mynameizcole subscribed with Twitch Prime.,neither,0.030186173588972614,0.3621416721941929,0.6076721542168345
He restarted his bladder,neither,0.07802329949554088,0.32879813373949063,0.5931785667649685
LUL the three to instantly type shroudTHICC were 2 year subs,neither,0.04280250270155857,0.30728302525727946,0.649914472041162
!monitor,neither,0.03945320844208391,0.33037608806864915,0.630170703489267
"@Althani199, He uses the Acer Predator XB252Q",neither,0.04522412240947865,0.30810939364225937,0.646666483948262
refresh,neither,0.03945320844208391,0.33037608806864915,0.630170703489267
4,neither,0.03945320844208391,0.33037608806864915,0.630170703489267
hootz12 subscribed with Twitch Prime. They've subscribed for 12 months! hii mikeeeyy,neither,0.019930249421452412,0.3236983453684577,0.6563714052100899
@shroud I wonder if there is a way to use the Zone gas to your advantage rather than waiting.,neither,0.03125503806497608,0.37410838397802637,0.5946365779569976
NEW Merch is out (6/19) Grab yours now while it's in stock! Mouse pads are still available - type !mousepad in chat for more info - Use code 'SHROUD' for 10% off https://www.jinx.com/shroud shroudTHICC,neither,0.03194612963490736,0.30688016556462766,0.661173704800465
!uptime,neither,0.03945320844208391,0.33037608806864915,0.630170703489267
"@jayr0d591, Mike has been live for: 4 mins 36 secs",neither,0.038217523204616945,0.30854686590181857,0.6532356108935645
nB_sativa subscribed with Twitch Prime.,neither,0.030186173588972614,0.3621416721941929,0.6076721542168345
"@JJWellington yeah, its not good to leave a pc on for more than a week and im sure the stream pc is on for more than a month",neither,0.02775200434754409,0.39556977579824804,0.5766782198542079
monkaS !vanish,neither,0.03945320844208391,0.33037608806864915,0.630170703489267
"he back, he ready to attack",neither,0.056055167458170824,0.32329243282149484,0.6206523997203344
shroudM,neither,0.03945320844208391,0.33037608806864915,0.630170703489267
maniksaq21 subscribed at Tier 1.,neither,0.03853807016957085,0.358210604756348,0.6032513250740811
quackBomb quackBomb quackBomb quackBomb,neither,0.03945320844208391,0.33037608806864915,0.630170703489267
noorphans subscribed with Twitch Prime.,neither,0.030186173588972614,0.3621416721941929,0.6076721542168345
@matija5 i can't find you in discord for some reason,neither,0.042917586147239443,0.2518387118934046,0.7052437019593559
westart,neither,0.03945320844208391,0.33037608806864915,0.630170703489267
@shroud you had to restart the stream PC MIKE,neither,0.056334395461123093,0.346608056884249,0.5970575476546278
is fine for now,neither,0.041376724914594716,0.2916018582268306,0.6670214168585746
shroudHmm,neither,0.03945320844208391,0.33037608806864915,0.630170703489267
stream hasnt lagged at all since you restarted @shroud,offensive_language,0.057864217821091656,0.4858025498258662,0.4563332323530422
Get a new one!,neither,0.043073019793057186,0.25220879783009126,0.7047181823768515
"MrSlaughterZ subscribed with Twitch Prime. They've subscribed for 3 months, currently on a 1 month streak!",neither,0.020161301589277043,0.3305963852590941,0.6492423131516288
its better i think,neither,0.03210726298229398,0.3208155189422094,0.6470772180754967
so its way better now,neither,0.03298967979751189,0.3841782043317416,0.5828321158707466
shroudHmm,neither,0.03945320844208391,0.33037608806864915,0.630170703489267
By ryzen 3900x,neither,0.042841257694558106,0.4528711557106023,0.5042875865948396
just buy a beast,neither,0.034672314802893886,0.3529933493992754,0.6123343357978307
Probably the AIO is aging,neither,0.0495256788225425,0.33206170647542055,0.618412614702037
!sub,neither,0.03945320844208391,0.33037608806864915,0.630170703489267
"@oves12, Click here to subscribe: https://subs.twitch.tv/shroud",neither,0.07213181939773314,0.30428591006299466,0.6235822705392722
hasn't lagged since,neither,0.03945320844208391,0.33037608806864915,0.630170703489267
it was dropping frames every few seconds but its great now @shroud,neither,0.03151417459665102,0.32254012726392123,0.6459456981394278
Oof,neither,0.03945320844208391,0.33037608806864915,0.630170703489267
shroudHmm,neither,0.03945320844208391,0.33037608806864915,0.630170703489267
pc building stream when,neither,0.032117126044238026,0.36679987086227445,0.6010830030934875
Liquid metal!!!!!!,neither,0.03945320844208391,0.33037608806864915,0.630170703489267
3900x,neither,0.03945320844208391,0.33037608806864915,0.630170703489267
When is the last time you used compressed Air on your Machines? @shroud,neither,0.07302513923567909,0.4099347166287435,0.5170401441355774
liquid metal,neither,0.03945320844208391,0.33037608806864915,0.630170703489267
P2020 GOLD LULW,neither,0.03945320844208391,0.33037608806864915,0.630170703489267
Hillzbeast subscribed with Twitch Prime. They've subscribed for 2 months!,neither,0.017135853092050617,0.3228815153557895,0.6599826315521599
"Dude, you're getting a Dell",neither,0.0867366163357409,0.43990045897890223,0.4733629246853569
are u gonna get the new ryzen @shroud,neither,0.07801034979836068,0.2105349543722082,0.7114546958294311
thermalgrizzly conductonaut is the best,neither,0.05135998456280659,0.2889087219359037,0.6597312935012896
Can the deathboxes kill you if they land on you?,hate_speech,0.40315808544447035,0.31264007057790044,0.28420184397762926
TheGleeb subscribed with Twitch Prime. They've subscribed for 3 months! woop woop,neither,0.017135853092050617,0.3228815153557895,0.6599826315521599
do the frame drops happen for any other game or just Apex?,neither,0.033953024307080665,0.2958931665290135,0.6701538091639058
"Akrasia_Net subscribed at Tier 1. They've subscribed for 19 months, currently on a 18 month streak!",neither,0.02398193077489495,0.3243507172462417,0.6516673519788633
wish I could get something new instead of cleaning feelsbadman,neither,0.04175109640538574,0.2709477728152522,0.6873011307793621
!specs,neither,0.03945320844208391,0.33037608806864915,0.630170703489267
PC specs in the Amazon extension on the twitch player (when he's live) or in the Amazon Extension under the stream!,neither,0.03479545050827637,0.36454176439265956,0.6006627850990641
@shroud DO IT ON STREAM1,neither,0.034131986302391386,0.3562253090148918,0.6096427046827168
like 72w,neither,0.10032665912632961,0.39589500941497124,0.5037783314586992
@shroud Wheres the sponsored rigs?!,neither,0.038821506506003585,0.31890364098974233,0.6422748525042542
@shroud Might as well stream on a mac lulw,neither,0.03591992577816534,0.3655362598193261,0.5985438144025085
decks_19 subscribed with Twitch Prime.,neither,0.030186173588972614,0.3621416721941929,0.6076721542168345
I wish i get everything free Pog,neither,0.038901262247370914,0.33974405545771197,0.6213546822949171
Join the Shroudy Rowdy sub only Discord! Type !discord in chat to find out how shroudHype,neither,0.04247144539756702,0.27607916661894155,0.6814493879834914
how does he crack his knuckles?,neither,0.050424385352271305,0.45276382662135933,0.4968117880263692
Kreygasm the crack,neither,0.038189321764368164,0.30699900157265414,0.6548116766629778
gas them forsenO,neither,0.06043827726723816,0.3189845960903143,0.6205771266424476
GAS CHAMBER,neither,0.03945320844208391,0.33037608806864915,0.630170703489267
LUL,neither,0.03945320844208391,0.33037608806864915,0.630170703489267
@shroudPrime xcudiO,neither,0.03945320844208391,0.33037608806864915,0.630170703489267
"Now what I am saying is sublime; That it was not already written is a crime; I should need not bribe, To have you all subscribe, Sub to Shroud with Twitch Prime shroudPrime",neither,0.05413919486457965,0.44528002795050076,0.5005807771849194
ultimate,neither,0.03945320844208391,0.33037608806864915,0.630170703489267
PepeLaugh,neither,0.03945320844208391,0.33037608806864915,0.630170703489267
How has Twitch not given you the Optimum Setting for Premium Stream?,neither,0.04252013610067821,0.32531720821661153,0.6321626556827104
shroud200,neither,0.03945320844208391,0.33037608806864915,0.630170703489267
HandsUp,neither,0.03945320844208391,0.33037608806864915,0.630170703489267
HandsUp,neither,0.03945320844208391,0.33037608806864915,0.630170703489267
0hSenpie subscribed with Twitch Prime. They've subscribed for 6 months!,neither,0.017135853092050617,0.3228815153557895,0.6599826315521599
hard xcudiO,offensive_language,0.029144172072522026,0.633731529969142,0.33712429795833593
Pog,neither,0.03945320844208391,0.33037608806864915,0.630170703489267
PogU,neither,0.03945320844208391,0.33037608806864915,0.630170703489267
POG,neither,0.03945320844208391,0.33037608806864915,0.630170703489267
Pog,neither,0.03945320844208391,0.33037608806864915,0.630170703489267
the plays PogU,neither,0.0381955476471936,0.307118819326112,0.6546856330266944
wat a play,neither,0.03945320844208391,0.33037608806864915,0.630170703489267
shroudInsane shroudInsane shroudInsane shroudInsane,neither,0.03945320844208391,0.33037608806864915,0.630170703489267
Toxic asf,neither,0.03945320844208391,0.33037608806864915,0.630170703489267
PogChamp PogChamp PogChamp PogChamp PogChamp PogChamp PogChamp PogChamp PogChamp PogChamp PogChamp PogChamp PogChamp,neither,0.03945320844208391,0.33037608806864915,0.630170703489267
HARD AND ROUGH HandsUp,offensive_language,0.029692023433290252,0.5133875437593085,0.45692043280740124
Caustic is so sick,neither,0.0520985393395262,0.392906846493634,0.5549946141668399
OP,neither,0.03945320844208391,0.33037608806864915,0.630170703489267
Gaz chamber PepeHands,neither,0.03945320844208391,0.33037608806864915,0.630170703489267
just9nOwn,neither,0.03945320844208391,0.33037608806864915,0.630170703489267
THIS IS WHY I WATCH,neither,0.039861428853331146,0.3480213672195551,0.6121172039271138
well played,neither,0.03945320844208391,0.33037608806864915,0.630170703489267
B) my vision is clear,neither,0.0350543616542507,0.40720066167571267,0.5577449766700365
get out of there,neither,0.0326135672906896,0.30568537659052714,0.6617010561187834
shroud200 shroud200 shroud200 shroudInsane shroudInsane,neither,0.03945320844208391,0.33037608806864915,0.630170703489267
shroudInsane,neither,0.03945320844208391,0.33037608806864915,0.630170703489267
BaBallBooey subscribed at Tier 1. They've subscribed for 5 months!,neither,0.018730042386447116,0.3124437755681934,0.6688261820453595
D:,neither,0.03945320844208391,0.33037608806864915,0.630170703489267
dude caustic is so anti-camp is crazy everyone been using him wrong,offensive_language,0.0360257671023339,0.48945261626503495,0.4745216166326312
aggro toxic PogU,neither,0.03945320844208391,0.33037608806864915,0.630170703489267
caustic the anti wattson,neither,0.038189321764368164,0.30699900157265414,0.6548116766629778
D:,neither,0.03945320844208391,0.33037608806864915,0.630170703489267
HandsUp,neither,0.03945320844208391,0.33037608806864915,0.630170703489267
I wonder what Caustic's gas bombs smell like,neither,0.05236856847500583,0.3390150288317463,0.6086164026932479
donut_788 subscribed with Twitch Prime. They've subscribed for 12 months!,neither,0.018231540648681904,0.323186843011016,0.6585816163403021
shroudHmm how much beer is too much beer?,neither,0.03894921000765507,0.3331802884355362,0.6278705015568087
what is this... auschwitz?,neither,0.07282678549990032,0.31792604547631814,0.6092471690237815
shroudEZ,neither,0.03945320844208391,0.33037608806864915,0.630170703489267
joeboy456 subscribed with Twitch Prime.,neither,0.030186173588972614,0.3621416721941929,0.6076721542168345
Yikesssssss,neither,0.03945320844208391,0.33037608806864915,0.630170703489267
420 the whole house,neither,0.03864586903089606,0.31564495637562207,0.645709174593482
Shroud the caustic GOD,neither,0.03787558888030183,0.3008815747844735,0.6612428363352246
They have most definitely increased 3rd party Awareness.,neither,0.03914161340236933,0.3356646690908587,0.6251937175067721
Caustic is so TOXIC am i right guys ?? PepeLaugh,neither,0.04707267822510316,0.40048128382561715,0.5524460379492797
paeliz subscribed with Twitch Prime. They've subscribed for 7 months! love u dad,neither,0.017660493396889194,0.330869800349797,0.6514697062533138
ii_Cap7aiN subscribed at Tier 1. They've subscribed for 12 months! 1 year poggg,neither,0.020971053857039675,0.3144381627153844,0.664590783427576
Pog,neither,0.03945320844208391,0.33037608806864915,0.630170703489267
good teamwork,neither,0.037820165765928906,0.33093776632913474,0.6312420679049364
Weed chamber Kapp,neither,0.032434313608177945,0.44950505125587237,0.5180606351359497
shroudInsane,neither,0.03945320844208391,0.33037608806864915,0.630170703489267
OWNINGGGGGGGGGGGG,neither,0.03945320844208391,0.33037608806864915,0.630170703489267
She's so low or solo?,neither,0.040915722528036706,0.46135888745786513,0.49772539001409816
Pog,neither,0.03945320844208391,0.33037608806864915,0.630170703489267
shroudInsane,neither,0.03945320844208391,0.33037608806864915,0.630170703489267
r LuL k t,neither,0.03945320844208391,0.33037608806864915,0.630170703489267
"""watson2047"" monkaHmm",neither,0.03945320844208391,0.33037608806864915,0.630170703489267
has Mike been owning today or wut,neither,0.038534300045708327,0.3147530884686778,0.646712611485614
mlig,neither,0.03945320844208391,0.33037608806864915,0.630170703489267
good shit boys,offensive_language,0.041882592880304395,0.957983132096353,0.00013427502334267485
shroudHello,neither,0.03945320844208391,0.33037608806864915,0.630170703489267
The frags shroudHype,neither,0.03613032604487659,0.2619290779399786,0.7019405960151449
@The_Evergreen_ its streamer mode,neither,0.03290907704091701,0.33262691494259883,0.6344640080164842
"""effortlessly""",neither,0.03945320844208391,0.33037608806864915,0.630170703489267
nanana nanana,neither,0.03945320844208391,0.33037608806864915,0.630170703489267
DEDEDEDEDEDEDDDDD,neither,0.03945320844208391,0.33037608806864915,0.630170703489267
never really thought about is but he is so good at taking fucking buildings from people,offensive_language,0.1686985425568283,0.8142306469140104,0.01707081052916138
@cup_of_potato ahhhh,neither,0.03945320844208391,0.33037608806864915,0.630170703489267
what is the highest rank in Apex,neither,0.04843005020876666,0.31459812538893805,0.6369718244022952
He's feeling it today,neither,0.0421517709404088,0.30428361279903243,0.6535646162605587
all thst effort and he still +0rp,neither,0.04470031767931104,0.3691848323411646,0.5861148499795242
shroudDoo shroudDoo shroudDoo,neither,0.03945320844208391,0.33037608806864915,0.630170703489267
squadron,neither,0.03945320844208391,0.33037608806864915,0.630170703489267
HandsUp,neither,0.03945320844208391,0.33037608806864915,0.630170703489267
Pog stic,neither,0.03945320844208391,0.33037608806864915,0.630170703489267
shroudW,neither,0.03945320844208391,0.33037608806864915,0.630170703489267
"spikymetal subscribed with Twitch Prime. They've subscribed for 2 months! If ball does not fit in mouth, it is not your ball.",neither,0.021065562701650904,0.4026993343196539,0.5762351029786952
@Buhhbye shroudL,neither,0.03945320844208391,0.33037608806864915,0.630170703489267
@butcheru1 apex predator,neither,0.03945320844208391,0.33037608806864915,0.630170703489267
Try to re imagine a different end game that doesn't require a Sit.. There has to be a different way,neither,0.05332237244074364,0.29064261245899425,0.6560350151002621
forgot this game had streamer mode lol,neither,0.03280640350440686,0.3400749257290341,0.627118670766559
@shroud plz bust up more campers with caustic its so satisfying,neither,0.02816005410473905,0.41624830850164685,0.5555916373936142
@Nads71 Owning today? more like renting,neither,0.05023234581406571,0.3130022228364014,0.6367654313495328
"MillsEh subscribed at Tier 1. They've subscribed for 4 months, currently on a 2 month streak! Idk what to put here so hi",neither,0.04231959966524605,0.32530903293091473,0.6323713674038391
Ghowe2323 subscribed with Twitch Prime.,neither,0.030186173588972614,0.3621416721941929,0.6076721542168345
@jjwellington nice,neither,0.03945320844208391,0.33037608806864915,0.630170703489267
hill maybe,neither,0.03945320844208391,0.33037608806864915,0.630170703489267
@Raggamuff the million dolla question,neither,0.038697875440462326,0.31661340714298425,0.6446887174165534
Caustic shroudTHICC er than a snicker,neither,0.03888646921591942,0.33999513180817936,0.6211183989759012
shroudHey Buhhbye,neither,0.03945320844208391,0.33037608806864915,0.630170703489267
letssss goo,neither,0.03945320844208391,0.33037608806864915,0.630170703489267
shroudWat shroudWat shroudWat,neither,0.03945320844208391,0.33037608806864915,0.630170703489267
gang,neither,0.03945320844208391,0.33037608806864915,0.630170703489267
are u high ??,neither,0.07999016988126174,0.3899810142060615,0.5300288159126768
shroudO shroudO shroudO shroudO shroudO,neither,0.03945320844208391,0.33037608806864915,0.630170703489267
@shroud do you think they should add a solo mode to apex,neither,0.06593990962539856,0.3747329081031909,0.5593271822714105
slizzo82 subscribed with Twitch Prime. They've subscribed for 17 months!,neither,0.018395409525177608,0.3232343455971076,0.6583702448777148
pavesamula12 subscribed with Twitch Prime.,neither,0.030186173588972614,0.3621416721941929,0.6076721542168345
@Buhhbye shroudHey,neither,0.03945320844208391,0.33037608806864915,0.630170703489267
totally watching while riding out a hurricane.,neither,0.03639329099155193,0.34197310192655417,0.6216336070818939
They need to reward being aggressive more. Sitting is way too boring and the 5 point cap for kills is garbage,neither,0.044216692086359775,0.2995777661812985,0.6562055417323417
you're smoking northern lights,neither,0.07022291718386668,0.34217496295504296,0.5876021198610903
chat why should not in crown championship?,neither,0.037792234694186216,0.36999772660569724,0.5922100387001167
@SniperDog yes,neither,0.03945320844208391,0.33037608806864915,0.630170703489267
soulja boy LUL,neither,0.03945320844208391,0.33037608806864915,0.630170703489267
Apex tourney when? shroudHmm,neither,0.029005800438506337,0.38390556720316915,0.5870886323583246
The has to be a way to use the Zone gas..,neither,0.02309697232033781,0.3702913169421911,0.6066117107374711
I got this new dance for yall call the soulja boyy youuuuuuuuuuuuuuuuuuuh,neither,0.0356515062533395,0.2900797624403517,0.6742687313063088
@Spacepopec2c @shroudPrime @chrono023 shroudHyper,neither,0.03945320844208391,0.33037608806864915,0.630170703489267
"Now Twitch Prime is quite a great service; To not use it would be a disservice; The free monthly sub, Is nothing to snub, So do it without feeling nervous shroudPrime",neither,0.03220903223231923,0.3791055463733078,0.5886854213943729
@wava WUT ?,neither,0.03945320844208391,0.33037608806864915,0.630170703489267
shroudHowl shroudHowl shroudHowl,neither,0.03945320844208391,0.33037608806864915,0.630170703489267
"Use code ""SHROUD"" at checkout to get 40% off your Madrinas Coffee order (discount does not apply to the shroud Coffeepack) shroudHype https://madrinascoffee.com/shroud madrinasLogo",neither,0.033787637214217965,0.3672861776503627,0.5989261851354193
"-21 here in Yukon, Canada",neither,0.08212645104888087,0.295639489052458,0.6222340598986611
kheap_ subscribed with Twitch Prime. They've subscribed for 13 months!,neither,0.018395409525177608,0.3232343455971076,0.6583702448777148
"DeTote subscribed with Twitch Prime. They've subscribed for 4 months, currently on a 1 month streak!",neither,0.020161301589277043,0.3305963852590941,0.6492423131516288
how do you do the hand gestures,neither,0.05857418208396387,0.3561735628503425,0.5852522550656936
@SniperDog monkaS gotta go,neither,0.03841408909500514,0.3882686281076786,0.5733172827973164
my fence,neither,0.026849424816611563,0.43008745607894866,0.5430631191044397
Is it possible to bait someone into a portal that leads off cliff or other deadly location? @shroud,neither,0.04363280679087083,0.34683187326409143,0.6095353199450377
@shades711 monkaGIGA,neither,0.03945320844208391,0.33037608806864915,0.630170703489267
thats rhe first time i ever heard tj sing,neither,0.033921349378696355,0.34524567382064963,0.620832976800654
@wava are you high ??,offensive_language,0.13069230653822417,0.46534697602468295,0.4039607174370928
Cago is above fortnite Jebaited,neither,0.05123134903440858,0.3263250454252152,0.6224436055403763
