text,top_class,hate_speech,offensive_language,neither
Pog,neither,0.03945320844208391,0.33037608806864915,0.630170703489267
PogU,neither,0.03945320844208391,0.33037608806864915,0.630170703489267
yoo sup mike,neither,0.03945320844208391,0.33037608806864915,0.630170703489267
shroudHands shroudHands shroudHands shroudHands shroudHands shroudHands shroudHands shroudHands shroudHands shroudHands,neither,0.03945320844208391,0.33037608806864915,0.630170703489267
we going right into the action skaHY,neither,0.03626779082164999,0.3593789719046656,0.6043532372736844
"wait, we live...wth",neither,0.04349930886334011,0.33132884803285506,0.6251718431038049
shroudHype,neither,0.03945320844208391,0.33037608806864915,0.630170703489267
did you doo you hair dad looks good ^^,neither,0.06712153773124185,0.40757768244810627,0.5253007798206518
!uptime,neither,0.03945320844208391,0.33037608806864915,0.630170703489267
"@clubfed11, Mike has been live for: shroud is offline",neither,0.045021092687028565,0.2992510499549321,0.6557278573580393
Pog,neither,0.03945320844208391,0.33037608806864915,0.630170703489267
no intro yesssss,neither,0.03874491212393859,0.3423977250936654,0.6188573627823959
im confused,neither,0.038276236261443435,0.37500784111753377,0.5867159226210228
hey mikey shroudHi,neither,0.03945320844208391,0.33037608806864915,0.630170703489267
wtf is happening,offensive_language,0.051020955935800125,0.5646961791071393,0.38428286495706065
shroud is live what you mean,neither,0.09843545855206018,0.37218241536154495,0.5293821260863949
Ez clap baby,neither,0.03945320844208391,0.33037608806864915,0.630170703489267
hey,neither,0.03945320844208391,0.33037608806864915,0.630170703489267
so we not live?,neither,0.04328581585532868,0.39702254782175705,0.5596916363229143
Lol you look so mad,offensive_language,0.051389000129778005,0.5413482569596805,0.40726274291054165
shroud is now live! Streaming World of Warcraft: Orc Shaman @ Faerlina | @shroud on socials for updates,neither,0.04169560172470913,0.3145240841326238,0.6437803141426671
YO,offensive_language,0.04010381111145228,0.5271105317972344,0.4327856570913131
"@clubfed11, FailFish",neither,0.03945320844208391,0.33037608806864915,0.630170703489267
how you doing? @shroud :),neither,0.07007778407981097,0.41251336593017107,0.517408849990018
hii,neither,0.03945320844208391,0.33037608806864915,0.630170703489267
1,neither,0.03945320844208391,0.33037608806864915,0.630170703489267
HELLO?,neither,0.03945320844208391,0.33037608806864915,0.630170703489267
yooo,neither,0.03945320844208391,0.33037608806864915,0.630170703489267
4Head,neither,0.03945320844208391,0.33037608806864915,0.630170703489267
Woah,neither,0.03945320844208391,0.33037608806864915,0.630170703489267
hih,neither,0.03945320844208391,0.33037608806864915,0.630170703489267
erster,neither,0.03945320844208391,0.33037608806864915,0.630170703489267
Hii,neither,0.03945320844208391,0.33037608806864915,0.630170703489267
FeelsBadMan,neither,0.03945320844208391,0.33037608806864915,0.630170703489267
we poggin,neither,0.039025862747262004,0.3376292597931679,0.6233448774595702
NEW Merch is out (7/19) Grab yours now while it's in stock! Mouse pads are still available - type !mousepad in chat for more info - Use code 'SHROUD' for 10% off https://www.jinx.com/shroud shroudTHICC,neither,0.03194612963490736,0.30688016556462766,0.661173704800465
first,neither,0.02604892428726219,0.3349864360510187,0.6389646396617191
nnnnooooooooooooooooo,neither,0.03945320844208391,0.33037608806864915,0.630170703489267
Pepega,neither,0.03945320844208391,0.33037608806864915,0.630170703489267
oh no shroudPPHands,neither,0.04751210705993949,0.26629718932274826,0.6861907036173122
Hey Guys,neither,0.03929207127355727,0.33311100635304525,0.6275969223733975
shroudPPHands,neither,0.03945320844208391,0.33037608806864915,0.630170703489267
shroudHype shroudHype shroudHype,neither,0.03945320844208391,0.33037608806864915,0.630170703489267
yoo whats good homie !,neither,0.03894524950865322,0.33055079843861895,0.6305039520527279
hows it gooing,neither,0.03772653554390317,0.33096997005595963,0.6313034944001372
nop,neither,0.03945320844208391,0.33037608806864915,0.630170703489267
yom.,neither,0.03945320844208391,0.33037608806864915,0.630170703489267
Hi,neither,0.03945320844208391,0.33037608806864915,0.630170703489267
sup,neither,0.03945320844208391,0.33037608806864915,0.630170703489267
y,neither,0.03945320844208391,0.33037608806864915,0.630170703489267
VoHiYo VoHiYo VoHiYo,neither,0.03945320844208391,0.33037608806864915,0.630170703489267
Dayum we live,neither,0.04402651402060932,0.33143645766683705,0.6245370283125535
Wadu hek,neither,0.03945320844208391,0.33037608806864915,0.630170703489267
First,neither,0.02604892428726219,0.3349864360510187,0.6389646396617191
hello,neither,0.03945320844208391,0.33037608806864915,0.630170703489267
Papa,neither,0.03945320844208391,0.33037608806864915,0.630170703489267
snort some nyquil asap,neither,0.033728346488599535,0.34012532979847687,0.6261463237129236
oooop,neither,0.03945320844208391,0.33037608806864915,0.630170703489267
@shroud PUBG PLEASE,neither,0.03945320844208391,0.33037608806864915,0.630170703489267
Yeeooo,neither,0.03945320844208391,0.33037608806864915,0.630170703489267
i mean dayquil,neither,0.03945320844208391,0.33037608806864915,0.630170703489267
hey,neither,0.03945320844208391,0.33037608806864915,0.630170703489267
Lol,neither,0.020706217963973744,0.4882283491876925,0.4910654328483337
hi shroud im a big fan,neither,0.024396509617571727,0.41859410523860785,0.5570093851438204
shroudLove,neither,0.03945320844208391,0.33037608806864915,0.630170703489267
Anyone have a link to what shroud uses monitor wise?,neither,0.047837504979600584,0.33102555905894093,0.6211369359614584
hey daddy,neither,0.03945320844208391,0.33037608806864915,0.630170703489267
rip to streaming.. my pc exploded..,neither,0.035107233249413956,0.39070505568708574,0.5741877110635003
NO SUB ONLY,neither,0.0384648942529397,0.3471503591529262,0.6143847465941341
shroudMilk shroudMilk shroudMilk shroudMilk shroudMilk shroudMilk shroudMilk shroudMilk,neither,0.03945320844208391,0.33037608806864915,0.630170703489267
Waduuu hek,neither,0.03945320844208391,0.33037608806864915,0.630170703489267
"Your were on that grind man, no wonder",neither,0.05591998173923298,0.41191990967930414,0.5321601085814629
shroudLove,neither,0.03945320844208391,0.33037608806864915,0.630170703489267
shroudy boiiii,neither,0.03945320844208391,0.33037608806864915,0.630170703489267
hi shorud,neither,0.03945320844208391,0.33037608806864915,0.630170703489267
First,neither,0.02604892428726219,0.3349864360510187,0.6389646396617191
Hi,neither,0.03945320844208391,0.33037608806864915,0.630170703489267
<3,neither,0.03945320844208391,0.33037608806864915,0.630170703489267
you da man,offensive_language,0.16727325932481807,0.7061909724424581,0.12653576823272394
noooo not this game again :(,neither,0.03606289750624163,0.3264073025843574,0.637529799909401
oh hell yeah,offensive_language,0.028276047408607233,0.8202133433553158,0.15151060923607693
@shroud Morning nerd,neither,0.04783234492562171,0.1881602741393493,0.764007380935029
HeyGuys HeyGuys,neither,0.03945320844208391,0.33037608806864915,0.630170703489267
LETS GO,neither,0.039984317429425154,0.35542799280679366,0.6045876897637812
!monitor,neither,0.03945320844208391,0.33037608806864915,0.630170703489267
LVL?,neither,0.03945320844208391,0.33037608806864915,0.630170703489267
"@clubfed11, He uses the Acer Predator XB252Q",neither,0.04522412240947865,0.30810939364225937,0.646666483948262
LUL,neither,0.03945320844208391,0.33037608806864915,0.630170703489267
Hi,neither,0.03945320844208391,0.33037608806864915,0.630170703489267
been here since u started lol,neither,0.0712145778784797,0.3520174197519185,0.5767680023696017
:),neither,0.03945320844208391,0.33037608806864915,0.630170703489267
hey,neither,0.03945320844208391,0.33037608806864915,0.630170703489267
im first shroudRage,neither,0.027762498762828915,0.38722415684797934,0.5850133443891918
!uptime,neither,0.03945320844208391,0.33037608806864915,0.630170703489267
!uptime,neither,0.03945320844208391,0.33037608806864915,0.630170703489267
Hi,neither,0.03945320844208391,0.33037608806864915,0.630170703489267
"@Come_stayine, Mike has been live for: 2 minutes, 14 seconds",neither,0.03825332528523838,0.30921293250096415,0.6525337422137975
ResidentSleeper,neither,0.03945320844208391,0.33037608806864915,0.630170703489267
there ya go @Exergy044,offensive_language,0.022671765969955418,0.6078090500817657,0.3695191839482789
first,neither,0.02604892428726219,0.3349864360510187,0.6389646396617191
ily,neither,0.03945320844208391,0.33037608806864915,0.630170703489267
Hi,neither,0.03945320844208391,0.33037608806864915,0.630170703489267
PLAY PUYBG,neither,0.03945320844208391,0.33037608806864915,0.630170703489267
"Great to see you mate, hows the wife and kids?",neither,0.051894857878119476,0.2989101685069894,0.6491949736148911
FeelsGoodMan,neither,0.03945320844208391,0.33037608806864915,0.630170703489267
!live,neither,0.04891340716200846,0.3271222919257548,0.6239643009122369
@clubfed11 thx!,neither,0.03945320844208391,0.33037608806864915,0.630170703489267
evening All,neither,0.041793358651534496,0.4229818652092969,0.5352247761391685
"@ZOLY1, Mike has been live for: 2 minutes, 25 seconds",neither,0.03824823334411863,0.3091183609135471,0.6526334057423342
TwitchLit TwitchLit TwitchLit TwitchLit,neither,0.03945320844208391,0.33037608806864915,0.630170703489267
@shroud share your apex config BlessRNG,neither,0.06857041110548205,0.32229138137405233,0.6091382075204657
when woll be pubg,neither,0.020985072628517343,0.4476071171996288,0.5314078101718539
PUBG,neither,0.03945320844208391,0.33037608806864915,0.630170703489267
Pepega,neither,0.03945320844208391,0.33037608806864915,0.630170703489267
helli,neither,0.03945320844208391,0.33037608806864915,0.630170703489267
Pepega /,neither,0.03945320844208391,0.33037608806864915,0.630170703489267
good morning,neither,0.04970930963283925,0.13564577574880146,0.8146449146183593
@shroud why you stop playing apex?,neither,0.04138884913245778,0.46289552855644633,0.4957156223110957
PokPikachu,neither,0.03945320844208391,0.33037608806864915,0.630170703489267
Shut it,neither,0.0669051378036019,0.2900153710520163,0.6430794911443819
!level,neither,0.03945320844208391,0.33037608806864915,0.630170703489267
"@imstraight, He's level 33 shroudEZ",neither,0.0444780905932061,0.3286478006778796,0.6268741087289144
!uptime,neither,0.03945320844208391,0.33037608806864915,0.630170703489267
"@vilacajr, Mike has been live for: 2 minutes, 34 seconds",neither,0.038293455266983904,0.30995644253943666,0.6517501021935793
yo,offensive_language,0.04010381111145228,0.5271105317972344,0.4327856570913131
can we be friends,neither,0.040244093509602966,0.3327983383965923,0.6269575680938048
Yo shroud was waiting ur stream,neither,0.05986621421849307,0.3834320927746856,0.5567016930068214
shroud has a fat cock,offensive_language,0.3023281394108014,0.5686885884181432,0.12898327217105557
hi,neither,0.03945320844208391,0.33037608806864915,0.630170703489267
can anyone tell me why shrouds orc looks like a human pirate?,neither,0.10769689476339857,0.26391703409351924,0.6283860711430821
pepeSmoke,neither,0.03945320844208391,0.33037608806864915,0.630170703489267
sup gamers can we get a pp in the chat,neither,0.03855941158439917,0.3237403855696341,0.6377002028459668
Hello POGGERS,neither,0.03945320844208391,0.33037608806864915,0.630170703489267
@shroud you should tweet my dude,offensive_language,0.05863879726346581,0.5622411205636065,0.3791200821729277
@Abdullah12307 you have only been following shroud since 2018 so shut up,neither,0.06388341771931834,0.4486213243869394,0.4874952578937424
welcome all shroudHands,neither,0.04232261159718152,0.4427551555250554,0.5149222328777632
cool haircut,neither,0.03945320844208391,0.33037608806864915,0.630170703489267
!lvl,neither,0.03945320844208391,0.33037608806864915,0.630170703489267
"@Alecadius, He's level 33 shroudEZ",neither,0.0444780905932061,0.3286478006778796,0.6268741087289144
hi,neither,0.03945320844208391,0.33037608806864915,0.630170703489267
what level is he?,neither,0.06764356903468792,0.318219565473982,0.6141368654913301
"alright guys enjoy the stream, I was actually about to go to bed now skaSLEEP",neither,0.04639252501459105,0.33632195464718995,0.617285520338219
"Oh yeah baby, we back",neither,0.027008701900979863,0.398856301356243,0.574134996742777
@gltate do u play wow?,neither,0.04123733933215209,0.3297624436431577,0.6290002170246901
PUBGG,neither,0.03945320844208391,0.33037608806864915,0.630170703489267
you look tired af,neither,0.06271310245968471,0.3855477449469841,0.5517391525933312
!up,offensive_language,0.031680140546704795,0.5091262166492487,0.45919364280404645
tlchapEPIC,neither,0.03945320844208391,0.33037608806864915,0.630170703489267
@Nosties night nights,neither,0.03086663548416144,0.330035838689586,0.6390975258262526
i acctualy thought u rerolled,neither,0.04492976990483811,0.14710272341172087,0.807967506683441
bye @Nosties,neither,0.03945320844208391,0.33037608806864915,0.630170703489267
!uptime,neither,0.03945320844208391,0.33037608806864915,0.630170703489267
fghjuhygf,neither,0.03945320844208391,0.33037608806864915,0.630170703489267
"@freshnite, Mike has been live for: 3 minutes",neither,0.038001846011445364,0.3044752742059462,0.6575228797826084
wait for the 30 thousand viewers in 5 mins,neither,0.035145241345337405,0.301856067521883,0.6629986911327796
"splooshy19 subscribed with Twitch Prime. They've subscribed for 11 months, currently on a 1 month streak!",neither,0.02075473347806088,0.33051904951921723,0.6487262170027219
test 4 5 6 7,neither,0.03945320844208391,0.33037608806864915,0.630170703489267
horror game,neither,0.03869896341179529,0.2834793371598706,0.677821699428334
whats the highest level,neither,0.03870630519247674,0.31677009672134054,0.6445235980861828
!time,neither,0.036668274527354654,0.377643684699956,0.5856880407726893
but its just a skin or am i dumb,neither,0.02820984063294414,0.3591131357708115,0.6126770235962444
yo,offensive_language,0.04010381111145228,0.5271105317972344,0.4327856570913131
"@DopeBoyDz, Mike's local time is: 14:35",neither,0.04426615475924966,0.34221526777826994,0.6135185774624804
800 views dafaq,neither,0.03945320844208391,0.33037608806864915,0.630170703489267
shroudLove,neither,0.03945320844208391,0.33037608806864915,0.630170703489267
800 viewrs lul,neither,0.03945320844208391,0.33037608806864915,0.630170703489267
GTA RP MISSES YOU @shroud,neither,0.05553521792091029,0.37576233171753637,0.5687024503615534
"@Nosties, daamn bad timing PepeHands goodnight cya tomorrow shroudLove",neither,0.03683028971161989,0.33127823009557444,0.6318914801928056
@shroud hey .. do you love classic? :),neither,0.05453079173737269,0.39224184860847544,0.5532273596541519
"@zamadzki i just started, but from what i’ve seen they are fat and green",neither,0.09065290323309352,0.17832363929152412,0.7310234574753824
!uptime,neither,0.03945320844208391,0.33037608806864915,0.630170703489267
"@perv_13, Mike has been live for: 3 minutes, 14 seconds",neither,0.03825332528523838,0.30921293250096415,0.6525337422137975
only 800 viewers?,neither,0.03945320844208391,0.33037608806864915,0.630170703489267
60 @MrMansaf,neither,0.03945320844208391,0.33037608806864915,0.630170703489267
"hi shroud,",neither,0.03945320844208391,0.33037608806864915,0.630170703489267
"Evaristo, are you here?",hate_speech,0.40673808325465094,0.198797930387089,0.39446398635826
shroud1 shroud2,neither,0.03945320844208391,0.33037608806864915,0.630170703489267
bruh moment,neither,0.03945320844208391,0.33037608806864915,0.630170703489267
what type of hair gel you use,neither,0.0228798501551018,0.4734692538180002,0.5036508960268979
Ne,neither,0.03945320844208391,0.33037608806864915,0.630170703489267
Daddy,neither,0.03945320844208391,0.33037608806864915,0.630170703489267
Pepega,neither,0.03945320844208391,0.33037608806864915,0.630170703489267
PUBGGGG,neither,0.03945320844208391,0.33037608806864915,0.630170703489267
"finally, just when I'm about to sleep shroudPalm",neither,0.030172379963555443,0.4171626991275082,0.5526649209089364
shroudHi shroudHi shroudHi shroudHi shroudHi shroudHi shroudHi shroudHi shroudHi shroudHi shroudHi shroudHi shroudHi,neither,0.03945320844208391,0.33037608806864915,0.630170703489267
!uptime,neither,0.03945320844208391,0.33037608806864915,0.630170703489267
"@Mitchowl97, Mike has been live for: 3 minutes, 21 seconds",neither,0.038247129558412335,0.3090978536013409,0.6526550168402467
woohoo,neither,0.03945320844208391,0.33037608806864915,0.630170703489267
!uptime,neither,0.03945320844208391,0.33037608806864915,0.630170703489267
under 1k club?,neither,0.03945320844208391,0.33037608806864915,0.630170703489267
"hey shroud, hope you're well.",neither,0.1667170590681915,0.21013219472952901,0.6231507462022795
omg he's' back,neither,0.04692290798630958,0.32780691586781663,0.6252701761458738
seppl_de subscribed at Tier 1. They've subscribed for 24 months!,neither,0.020096536573530378,0.31365721238885996,0.6662462510376096
why everyone is playing wow?,neither,0.029929604334709203,0.436940452666512,0.5331299429987788
Relax ppl,neither,0.03945320844208391,0.33037608806864915,0.630170703489267
d00d00stainz subscribed with Twitch Prime. They've subscribed for 14 months!,neither,0.01847321566222609,0.32325705232198204,0.6582697320157919
we back boys,neither,0.03925076169063039,0.333812137784735,0.6269371005246346
@shroud 4th option on the abomination,neither,0.03619279105637752,0.3278624358722433,0.6359447730713791
800 viewers dying stream PepeHands,neither,0.03945320844208391,0.33037608806864915,0.630170703489267
PUBGGGG,neither,0.03945320844208391,0.33037608806864915,0.630170703489267
Let’s go,neither,0.01806316484133749,0.39391011985298136,0.5880267153056813
how did he start so soon,neither,0.04456312538698164,0.3712525024758744,0.5841843721371439
!tweet,neither,0.03945320844208391,0.33037608806864915,0.630170703489267
!uptime,neither,0.03945320844208391,0.33037608806864915,0.630170703489267
Last Tweet from shroud (@shroud): The WoW grind continues soon BUT did you know me and @OnePlus_USA are giving away a OnePlus 7 Pro? Enter here: https://t.co/9rJ1Hps5B7 https://t.co/P6ewLZyzUi | 3 hours 25 mins ago,neither,0.06660831436082222,0.2961711610691739,0.6372205245700038
"@magicman555, Mike has been live for: 3 minutes, 30 seconds",neither,0.038229902642377286,0.3087774718371575,0.6529926255204652
Hi,neither,0.03945320844208391,0.33037608806864915,0.630170703489267
hypnotysm333 subscribed with Twitch Prime. They've subscribed for 2 months!,neither,0.017135853092050617,0.3228815153557895,0.6599826315521599
pubg,neither,0.03945320844208391,0.33037608806864915,0.630170703489267
Good afternoon shroooooooooooooooooood,neither,0.038712489352510704,0.33063085532967357,0.6306566553178159
1k,neither,0.03945320844208391,0.33037608806864915,0.630170703489267
hows cali life,neither,0.03646120776263966,0.3816358877584018,0.5819029044789586
Hair gel?,neither,0.03945320844208391,0.33037608806864915,0.630170703489267
@shroud you even god bro,neither,0.05958005626707461,0.4110087127138789,0.5294112310190466
yerrrrrrr,neither,0.03945320844208391,0.33037608806864915,0.630170703489267
Join the Shroudy Rowdy sub only Discord! Type !discord in chat to find out how shroudHype,neither,0.04247144539756702,0.27607916661894155,0.6814493879834914
SA,neither,0.03945320844208391,0.33037608806864915,0.630170703489267
hello,neither,0.03945320844208391,0.33037608806864915,0.630170703489267
what is,neither,0.08191733112755817,0.31109320414220176,0.6069894647302402
hi everyone,neither,0.032490659208996964,0.4485487193596734,0.5189606214313296
Hes on Pog,neither,0.035474858479997075,0.34969561785528874,0.6148295236647142
!level,neither,0.03945320844208391,0.33037608806864915,0.630170703489267
"@Drivethru40, He's level 33 shroudEZ",neither,0.0444780905932061,0.3286478006778796,0.6268741087289144
fat big cock like horse,offensive_language,0.16649376694588866,0.6424322753721764,0.19107395768193491
!uptime,neither,0.03945320844208391,0.33037608806864915,0.630170703489267
t,neither,0.03945320844208391,0.33037608806864915,0.630170703489267
@siracreyizz as,neither,0.03452293158275801,0.4140557533686924,0.5514213150485496
hi daddy,neither,0.03945320844208391,0.33037608806864915,0.630170703489267
"@StephLOL, Mike has been live for: 3 minutes, 45 seconds",neither,0.03826676279011509,0.30946225369587216,0.6522709835140127
hi mike,neither,0.03945320844208391,0.33037608806864915,0.630170703489267
800 to 2k?,neither,0.04588901867938677,0.3266108613389094,0.6275001199817039
New character ?,neither,0.04379742455737696,0.22103248281023463,0.7351700926323884
what server is he on,neither,0.07246109065027898,0.33555880424750745,0.5919801051022137
2K IN 3 min chat,neither,0.03945320844208391,0.33037608806864915,0.630170703489267
!uptime,neither,0.03945320844208391,0.33037608806864915,0.630170703489267
wait till 25k,neither,0.03945320844208391,0.33037608806864915,0.630170703489267
the dark pictures anthology!plz,neither,0.03865954466735444,0.315899918796377,0.6454405365362686
hey,neither,0.03945320844208391,0.33037608806864915,0.630170703489267
hello,neither,0.03945320844208391,0.33037608806864915,0.630170703489267
@gltate LUL its just a potion that u drink that makes u look like a pirate or ninja for 1hour,neither,0.03262813061083505,0.376144009994865,0.5912278593943
nice haircut @shroud,neither,0.03945320844208391,0.33037608806864915,0.630170703489267
!time,neither,0.036668274527354654,0.377643684699956,0.5856880407726893
"@hasandenizpolat, Mike's local time is: 14:36",neither,0.043985069034917626,0.34157086042273144,0.614444070542351
WoW 7 gold,neither,0.03945320844208391,0.33037608806864915,0.630170703489267
!uptime,neither,0.03945320844208391,0.33037608806864915,0.630170703489267
KyleDC subscribed with Twitch Prime. They've subscribed for 7 months!,neither,0.017135853092050617,0.3228815153557895,0.6599826315521599
"@pure_talent_narwhal, Mike has been live for: 3 minutes, 57 seconds",neither,0.038143554429185315,0.30716222689653355,0.6546942186742811
hi,neither,0.03945320844208391,0.33037608806864915,0.630170703489267
Pepega,neither,0.03945320844208391,0.33037608806864915,0.630170703489267
!uptime,neither,0.03945320844208391,0.33037608806864915,0.630170703489267
hi,neither,0.03945320844208391,0.33037608806864915,0.630170703489267
sub chat soon,neither,0.03945320844208391,0.33037608806864915,0.630170703489267
I'm a pleb a. d,neither,0.03945320844208391,0.33037608806864915,0.630170703489267
fat big cock like horse!!!,offensive_language,0.16649376694588866,0.6424322753721764,0.19107395768193491
sleep well @Nosties was nice seeing you :),neither,0.05440068238356602,0.3750420930784628,0.5705572245379712
why he's not playing with sonii?,neither,0.021006482079423378,0.3931268113515706,0.585866706569006
Try Postmates - New users get $100 in free delivery fee credit with code 'SHROUD'! https://t.co/Lcfq8GkGKz shroudHype,neither,0.0353620628076255,0.3088663594096241,0.6557715777827504
how do you get on instantly faerlina wtf,offensive_language,0.0545334351208003,0.606494519533412,0.33897204534578756
!uptime,neither,0.03945320844208391,0.33037608806864915,0.630170703489267
pleb mode!!!!!!!!,neither,0.03945320844208391,0.33037608806864915,0.630170703489267
"@Harlem_2k12, Mike has been live for: 4 minutes, 8 seconds",neither,0.038143554429185315,0.30716222689653355,0.6546942186742811
!sens,neither,0.03945320844208391,0.33037608806864915,0.630170703489267
"@psYcroX, PUBG - http://imgur.com/a/nJVKv . CS:GO - DPI: 450 - Ingame : 2.4 - Windows: 6/11 - Raw-Input: On - 1000 Hz Polling Rate, AWP sens is 1 - Siege: 10/10/80 - COD BO4: 9.80 - Fortnite: 0.13/0.13 - BFV: 14/14/110% - Apex: 2.9/1.0 ADS Sens - Battalion: 100 FOV 2.9 sens - Overwatch: 11.45 sens",neither,0.03995620099937362,0.30279402066366523,0.6572497783369612
hi,neither,0.03945320844208391,0.33037608806864915,0.630170703489267
did he reroll or is it a skin guys,neither,0.05095322375942773,0.3281523340248061,0.6208944422157662
!uptime,neither,0.03945320844208391,0.33037608806864915,0.630170703489267
!time,neither,0.036668274527354654,0.377643684699956,0.5856880407726893
"@iliaskant, Mike's local time is: 14:36",neither,0.043985069034917626,0.34157086042273144,0.614444070542351
ARCTIC1984 subscribed at Tier 1. They've subscribed for 16 months!,neither,0.020421538009370858,0.3139471505081261,0.6656313114825031
has anyone here started playing wow recently??,neither,0.06998009279903084,0.2998355540282382,0.630184353172731
shroud i love your gameplays. you are amazing! mastercan @shroud,neither,0.1751609029651319,0.3210694622487351,0.5037696347861329
going for PVP shaman????,neither,0.027464403352239507,0.33075267974559674,0.6417829169021637
i swear streamers don't wait for ques,neither,0.032643997539808914,0.2963929245327458,0.6709630779274454
FOR THE HORDE!,neither,0.025530574474639644,0.23858405014631345,0.7358853753790469
okey tell us from the start are you playing pubg tonight???,neither,0.1284398069923167,0.2651931894387242,0.606367003568959
doctorLAMBO,neither,0.03945320844208391,0.33037608806864915,0.630170703489267
"As much as I'd want to play on the same server with Shroud, Soda and Asmon, I cannot handle those queue times.",neither,0.041261540611546944,0.32664861949360086,0.6320898398948523
yo,offensive_language,0.04010381111145228,0.5271105317972344,0.4327856570913131
fat big cock like horsee,offensive_language,0.2123346593524352,0.6812777545262036,0.10638758612136107
why does he look human,neither,0.12396779604367111,0.3186088597838261,0.5574233441725027
!lvl,neither,0.03945320844208391,0.33037608806864915,0.630170703489267
"@xCondorz, He's level 33 shroudEZ",neither,0.0444780905932061,0.3286478006778796,0.6268741087289144
!lvl,neither,0.03945320844208391,0.33037608806864915,0.630170703489267
Your viewer number goes up faster than my tiny cock,offensive_language,0.06085270560312795,0.7048892586782367,0.23425803571863527
818 views is that fr? shroudThump,neither,0.04314676250542709,0.3674104275100023,0.5894428099845705
plebs before chat reach 1K PogChamp,neither,0.0360952960701219,0.3873686244738104,0.5765360794560678
what level is he on?,neither,0.060797770084303815,0.33484226377355447,0.6043599661421417
Bu oyun ne amq,neither,0.03945320844208391,0.33037608806864915,0.630170703489267
Hello shroud,neither,0.03945320844208391,0.33037608806864915,0.630170703489267
!time,neither,0.036668274527354654,0.377643684699956,0.5856880407726893
"@jaedenlizard27, Mike's local time is: 14:36",neither,0.043985069034917626,0.34157086042273144,0.614444070542351
@zamadzki what’s the point of that potion? is it just for fun? either way i want it! aHYPERS tae,neither,0.036302137017787714,0.3351764136814162,0.628521449300796
@gamexfunner WeirdChamp,neither,0.03945320844208391,0.33037608806864915,0.630170703489267
!Uptime,neither,0.03945320844208391,0.33037608806864915,0.630170703489267
"@dandmanh, Mike has been live for: 4 minutes, 26 seconds",neither,0.03827275891085941,0.30957338982808197,0.6521538512610586
x21sokHYPE x21sokHYPE,neither,0.03945320844208391,0.33037608806864915,0.630170703489267
fat big cock like horseeee,offensive_language,0.2123346593524352,0.6812777545262036,0.10638758612136107
Shroud is a 2k Andy now LUL,neither,0.04520430084245042,0.3283980236723559,0.6263976754851937
man i just woke up holy shit....,offensive_language,0.038332771048038776,0.9596459522142,0.002021276737761146
WHERE'S DA ROCK,neither,0.0868270245845348,0.43367994267534626,0.47949303274011895
HeyGuys <3,neither,0.03945320844208391,0.33037608806864915,0.630170703489267
"Hey shroud, I've never played wow classic, and just joined, What are u up to atm?",neither,0.03514095344524716,0.33059333893930487,0.634265707615448
Lvl 33 so fast? SabaPing SabaPing,neither,0.03941736876679077,0.3637802627565901,0.5968023684766192
FightPepper,neither,0.03945320844208391,0.33037608806864915,0.630170703489267
"@shroud -> guild master, 3rd option sir :)",neither,0.03945320844208391,0.33037608806864915,0.630170703489267
@marcus8player same shroudLove later,neither,0.04067603084021227,0.3415143569165257,0.617809612243262
Check out Mike's Instagram account - http://www.instagram.com/shroud :D,neither,0.03410941730160631,0.30554211570058515,0.6603484669978086
What level is RFK farm available? from 25+,neither,0.04992075365985194,0.31348927879714067,0.6365899675430075
"@FryciaTV, He's level 33 shroudEZ",neither,0.0444780905932061,0.3286478006778796,0.6268741087289144
never liked WORLD OF WARCEAFT,neither,0.03538302273299476,0.37184958484917224,0.5927673924178329
youu bro,neither,0.03945320844208391,0.33037608806864915,0.630170703489267
hi da,offensive_language,0.0903365991435242,0.49339307461663695,0.41627032623983884
no intro pepelaugh,neither,0.03848957175417732,0.3467315175537778,0.6147789106920449
sup,neither,0.03945320844208391,0.33037608806864915,0.630170703489267
fat big cock like horseeeee,offensive_language,0.2123346593524352,0.6812777545262036,0.10638758612136107
LOVE U SHROUD,neither,0.03217296676969875,0.3657703709031763,0.602056662327125
doctorJAWLINE Champions club spy is here,neither,0.08598781779362234,0.2970346355419352,0.6169775466644424
"@VideoReplay, just started",neither,0.032803472495977,0.36242220823605287,0.6047743192679701
!uptime,neither,0.03945320844208391,0.33037608806864915,0.630170703489267
"@Sencilo, Mike has been live for: 4 minutes, 45 seconds",neither,0.03826676279011509,0.30946225369587216,0.6522709835140127
MORNING,neither,0.05283876784042269,0.1031882115525248,0.8439730206070525
!time,neither,0.036668274527354654,0.377643684699956,0.5856880407726893
damn,offensive_language,0.042479326866149344,0.9516554255713155,0.005865247562535126
"@Japan_Tm, Mike's local time is: 14:37",neither,0.04404232393788785,0.34170256495945595,0.6142551111026562
LUL,neither,0.03945320844208391,0.33037608806864915,0.630170703489267
shroudHands shroudHands shroudHands,neither,0.03945320844208391,0.33037608806864915,0.630170703489267
yikes,neither,0.03945320844208391,0.33037608806864915,0.630170703489267
!level,neither,0.03945320844208391,0.33037608806864915,0.630170703489267
POG,neither,0.03945320844208391,0.33037608806864915,0.630170703489267
"@Fabulousflo, He's level 33 shroudEZ",neither,0.0444780905932061,0.3286478006778796,0.6268741087289144
good long break ready to grind out lvls now,neither,0.04017110243618906,0.3385418180076651,0.6212870795561457
congratz day 3 lvl 33,neither,0.03985444578151623,0.31854442306439334,0.6416011311540903
sa,neither,0.03945320844208391,0.33037608806864915,0.630170703489267
@gltate it just makes you look cool nothing else LUL,neither,0.0446944830568735,0.40731209871584745,0.5479934182272792
my shit keeps saying i need game time,offensive_language,0.0300421301428808,0.9641405395362688,0.005817330320850429
Lol wher the hell did all your viewers go?,offensive_language,0.055291193318140475,0.6791420403386496,0.26556676634321014
CAN YOU PLAY RUST,neither,0.05739115797266431,0.3746322290138818,0.5679766130134539
as,neither,0.03452293158275801,0.4140557533686924,0.5514213150485496
!time,neither,0.036668274527354654,0.377643684699956,0.5856880407726893
"@Doolander, Mike's local time is: 14:37",neither,0.04404232393788785,0.34170256495945595,0.6142551111026562
!time,neither,0.036668274527354654,0.377643684699956,0.5856880407726893
melee pumpers are back PogU,neither,0.1043699997181566,0.23871734549465554,0.6569126547871879
hi,neither,0.03945320844208391,0.33037608806864915,0.630170703489267
@shroud its 12:37 AM now yeyy :D,neither,0.03439599609043164,0.33211549529790185,0.6334885086116666
fat big cock like horseee,offensive_language,0.2123346593524352,0.6812777545262036,0.10638758612136107
helooo,neither,0.03945320844208391,0.33037608806864915,0.630170703489267
10am?! that's crazu,neither,0.03486124774340957,0.38047850944979694,0.5846602428067935
yeet,neither,0.03945320844208391,0.33037608806864915,0.630170703489267
!uptime,neither,0.03945320844208391,0.33037608806864915,0.630170703489267
"damn haha i just got in queue for skeram at 5k, already moved up 300",offensive_language,0.031945959254657603,0.6832458249545383,0.28480821579080406
"@susimply, Mike has been live for: 5 minutes, 8 seconds",neither,0.038143554429185315,0.30716222689653355,0.6546942186742811
!time,neither,0.036668274527354654,0.377643684699956,0.5856880407726893
@zamadzki how can i get o e,neither,0.03902242727836319,0.3376875686662401,0.6232900040553967
why cant you just stay logged in?,neither,0.037176890993591276,0.40134741282500924,0.5614756961813996
InfernoScorpi subscribed with Twitch Prime. They've subscribed for 15 months! shroud4Head,neither,0.018278171923937783,0.3232003157147426,0.6585215123613197
Play rust,neither,0.03945320844208391,0.33037608806864915,0.630170703489267
antraxwest subscribed with Twitch Prime. They've subscribed for 12 months!,neither,0.018231540648681904,0.323186843011016,0.6585816163403021
@shroud im missing fps games streams,neither,0.03875836546011504,0.35676640262611414,0.6044752319137708
!level,neither,0.03945320844208391,0.33037608806864915,0.630170703489267
"@a_ocelot, He's level 33 shroudEZ",neither,0.0444780905932061,0.3286478006778796,0.6268741087289144
!time,neither,0.036668274527354654,0.377643684699956,0.5856880407726893
"@ElGuardianEddie, Mike's local time is: 14:37",neither,0.04404232393788785,0.34170256495945595,0.6142551111026562
!Uptime,neither,0.03945320844208391,0.33037608806864915,0.630170703489267
"@The_Turtlinator, Mike has been live for: 5 minutes, 20 seconds",neither,0.038226901270143075,0.30872159089865253,0.6530515078312045
what lvel,neither,0.057770773616808734,0.3180719994247239,0.6241572269584672
@shroud Only 2k :(,neither,0.03945320844208391,0.33037608806864915,0.630170703489267
ZULOL,neither,0.03945320844208391,0.33037608806864915,0.630170703489267
shroudHmm shroudHmm shroudHmm shroudHmm shroudHmm,neither,0.03945320844208391,0.33037608806864915,0.630170703489267
fat big cock like horseeee,offensive_language,0.2123346593524352,0.6812777545262036,0.10638758612136107
!uptime,neither,0.03945320844208391,0.33037608806864915,0.630170703489267
"@SCOTTIOM2, Mike has been live for: 5 minutes, 25 seconds",neither,0.03824823334411863,0.3091183609135471,0.6526334057423342
SoonerLater,neither,0.03945320844208391,0.33037608806864915,0.630170703489267
"i dont know this game that well, can someone explain how sony is a higher level when these guys played longer?",neither,0.0393182754547518,0.3837055173846452,0.5769762071606029
yoo,neither,0.03945320844208391,0.33037608806864915,0.630170703489267
!uptime,neither,0.03945320844208391,0.33037608806864915,0.630170703489267
"@FLoW009, Mike has been live for: 5 minutes, 32 seconds",neither,0.0382808944504514,0.30972406508985817,0.6519950404596905
hello there,neither,0.03937036753510788,0.27621722592919734,0.6844124065356949
ZULOL Clap,neither,0.03945320844208391,0.33037608806864915,0.630170703489267
FUCK YEAH,offensive_language,0.10370730243492932,0.8962908387340361,1.8588310345579474e-06
Pog,neither,0.03945320844208391,0.33037608806864915,0.630170703489267
why is shroud a pirate,neither,0.03455745660248098,0.34423331573512067,0.6212092276623983
LulW,neither,0.03945320844208391,0.33037608806864915,0.630170703489267
Reow,neither,0.03945320844208391,0.33037608806864915,0.630170703489267
what level is shroud?,neither,0.06035904674669373,0.3204607643788538,0.6191801888744525
"@loorfa, He's level 33 shroudEZ",neither,0.0444780905932061,0.3286478006778796,0.6268741087289144
fat big cock like horseeeeeeeeeeee,offensive_language,0.2123346593524352,0.6812777545262036,0.10638758612136107
@shroud boneless or traditional wings????????,neither,0.03945320844208391,0.33037608806864915,0.630170703489267
the stream won’t play after an ad please help,neither,0.03908103870731354,0.3167308591706339,0.6441881021220526
!uptime,neither,0.03945320844208391,0.33037608806864915,0.630170703489267
"@Rollinonbagz, Mike has been live for: 5 minutes, 47 seconds",neither,0.0382764714457318,0.3096421645712236,0.6520813639830445
Woah,neither,0.03945320844208391,0.33037608806864915,0.630170703489267
sa,neither,0.03945320844208391,0.33037608806864915,0.630170703489267
shroudW shroudPrime shroudHyper shroudW shroudPrime shroudHyper shroudW shroudPrime shroudHyper shroudW shroudPrime shroudHyper shroudW shroudPrime shroudHyper shroudW shroudPrime shroudHyper,neither,0.03945320844208391,0.33037608806864915,0.630170703489267
"Now Twitch Prime is quite a great service; To not use it would be a disservice; The free monthly sub, Is nothing to snub, So do it without feeling nervous shroudPrime",neither,0.03220903223231923,0.3791055463733078,0.5886854213943729
!lvl,neither,0.03945320844208391,0.33037608806864915,0.630170703489267
"@markcj, He's level 33 shroudEZ",neither,0.0444780905932061,0.3286478006778796,0.6268741087289144
doctorCOMMITTED1 doctorCOMMITTED2,neither,0.03945320844208391,0.33037608806864915,0.630170703489267
hi,neither,0.03945320844208391,0.33037608806864915,0.630170703489267
soda 38,neither,0.03945320844208391,0.33037608806864915,0.630170703489267
chat,neither,0.03945320844208391,0.33037608806864915,0.630170703489267
I'm free WideHarder,neither,0.03945320844208391,0.33037608806864915,0.630170703489267
wtf you doing go to fucking pubg,offensive_language,0.13022061831300644,0.8697032906923255,7.6090994668036e-05
level?,neither,0.03945320844208391,0.33037608806864915,0.630170703489267
chatbots,neither,0.03945320844208391,0.33037608806864915,0.630170703489267
What level is he?,neither,0.06764356903468792,0.318219565473982,0.6141368654913301
"@xAKxRoyalFlush, He's level 33 shroudEZ",neither,0.0444780905932061,0.3286478006778796,0.6268741087289144
Social https://twitter.com/Shroud - https://www.youtube.com/shroud - https://www.reddit.com/r/Shroud/ - http://www.instagram.com/shroud 4Head,neither,0.0378810848931468,0.33376661315284734,0.6283523019540059
hello plebs,neither,0.03945320844208391,0.33037608806864915,0.630170703489267
Classic?,neither,0.03945320844208391,0.33037608806864915,0.630170703489267
@exiemise 30 min afk timer logs you out,neither,0.0508739501120348,0.3979259139668791,0.551200135921086
let's go,neither,0.01806316484133749,0.39391011985298136,0.5880267153056813
wtf,offensive_language,0.04410695246022759,0.7898861884776351,0.16600685906213722
4k viewers,neither,0.03945320844208391,0.33037608806864915,0.630170703489267
!commands,neither,0.03945320844208391,0.33037608806864915,0.630170703489267
"@islayall3608, You can find a list of all Commands here https://streamelements.com/shroud/commands",neither,0.10722364320476009,0.3118012459043019,0.580975110890938
!level,neither,0.03945320844208391,0.33037608806864915,0.630170703489267
"@blizzymf, He's level 33 shroudEZ",neither,0.0444780905932061,0.3286478006778796,0.6268741087289144
ExpR7 subscribed at Tier 1. They've subscribed for 31 months!,neither,0.021247502842219,0.31468546718044244,0.6640670299773386
Classic POGGERS,neither,0.03945320844208391,0.33037608806864915,0.630170703489267
!uptime,neither,0.03945320844208391,0.33037608806864915,0.630170703489267
"@vaennon23, Mike has been live for: 6 minutes, 15 seconds",neither,0.038237751326669615,0.30892351483810354,0.6528387338352268
8.6k in que POG,neither,0.03945320844208391,0.33037608806864915,0.630170703489267
sa,neither,0.03945320844208391,0.33037608806864915,0.630170703489267
