text,top_class,hate_speech,offensive_language,neither
shroudHype shroudHype shroudHype,neither,0.03945320844208391,0.33037608806864915,0.630170703489267
Pog,neither,0.03945320844208391,0.33037608806864915,0.630170703489267
POGGERS,neither,0.03945320844208391,0.33037608806864915,0.630170703489267
Pog,neither,0.03945320844208391,0.33037608806864915,0.630170703489267
cyrPogger,neither,0.03945320844208391,0.33037608806864915,0.630170703489267
heyheyhey,neither,0.03945320844208391,0.33037608806864915,0.630170703489267
cyrHype,neither,0.03945320844208391,0.33037608806864915,0.630170703489267
shroudHype shroudHype shroudHype shroudHype shroudHype shroudHype,neither,0.03945320844208391,0.33037608806864915,0.630170703489267
Pog,neither,0.03945320844208391,0.33037608806864915,0.630170703489267
Hi Shroud,neither,0.03945320844208391,0.33037608806864915,0.630170703489267
"@jcjoeyfreak, eyyy wasup just9nB shroudLove",neither,0.03945320844208391,0.33037608806864915,0.630170703489267
woop woop,neither,0.03945320844208391,0.33037608806864915,0.630170703489267
"@AreaMann, skaHI shroudLove",neither,0.03945320844208391,0.33037608806864915,0.630170703489267
He went off?,neither,0.04713000089472394,0.32773568712024287,0.6251343119850332
@shroud hi,neither,0.03945320844208391,0.33037608806864915,0.630170703489267
@wava shroudHi shroudLove,neither,0.03945320844208391,0.33037608806864915,0.630170703489267
CrreamAwk,neither,0.03945320844208391,0.33037608806864915,0.630170703489267
@wava lurnHS shroudHi,neither,0.03945320844208391,0.33037608806864915,0.630170703489267
shroud is now live! Streaming World of Warcraft: Q IS HELL!! Orc Shaman @ Faerlina | @shroud on socials for updates,offensive_language,0.04826271069991679,0.5766901947015602,0.3750470945985231
k,neither,0.03945320844208391,0.33037608806864915,0.630170703489267
!uptime,neither,0.03945320844208391,0.33037608806864915,0.630170703489267
bru,neither,0.03945320844208391,0.33037608806864915,0.630170703489267
"@Shoegassm, Mike has been live for: 1 minute, 24 seconds",neither,0.03822717889483446,0.30872676062230264,0.6530460604828628
cu,neither,0.03945320844208391,0.33037608806864915,0.630170703489267
troyD,neither,0.03945320844208391,0.33037608806864915,0.630170703489267
hi,neither,0.03945320844208391,0.33037608806864915,0.630170703489267
Hiiii,neither,0.03945320844208391,0.33037608806864915,0.630170703489267
PogChamp PogChamp PogChamp,neither,0.03945320844208391,0.33037608806864915,0.630170703489267
hey papi,neither,0.03945320844208391,0.33037608806864915,0.630170703489267
hi ma boyy,neither,0.03386472666866791,0.4252272085387443,0.5409080647925879
frick,neither,0.03945320844208391,0.33037608806864915,0.630170703489267
Lets goooo,neither,0.03868305123800957,0.34344766577192837,0.6178692829900622
Hi,neither,0.03945320844208391,0.33037608806864915,0.630170703489267
What up,neither,0.04549209283961305,0.43877665191533993,0.5157312552450469
hahahahahaha,neither,0.03945320844208391,0.33037608806864915,0.630170703489267
Lol,neither,0.020706217963973744,0.4882283491876925,0.4910654328483337
My hips don’t lie,neither,0.028620877004525286,0.4143613948511672,0.5570177281443076
hey,neither,0.03945320844208391,0.33037608806864915,0.630170703489267
Yooo,neither,0.03945320844208391,0.33037608806864915,0.630170703489267
hi bot s,neither,0.03945320844208391,0.33037608806864915,0.630170703489267
Welcome winneds,neither,0.03945320844208391,0.33037608806864915,0.630170703489267
Claps Claps,neither,0.03945320844208391,0.33037608806864915,0.630170703489267
doctorFLAPPIN doctorFLAPPIN doctorFLAPPIN doctorFLAPPIN,neither,0.03945320844208391,0.33037608806864915,0.630170703489267
Hello therer,neither,0.03945320844208391,0.33037608806864915,0.630170703489267
shroudSip,neither,0.03945320844208391,0.33037608806864915,0.630170703489267
yeet,neither,0.03945320844208391,0.33037608806864915,0.630170703489267
sup my g,neither,0.02549807631544042,0.4425136705936049,0.5319882530909548
CU DE CORNOOOOOOOOOO,neither,0.03945320844208391,0.33037608806864915,0.630170703489267
DAD,neither,0.03945320844208391,0.33037608806864915,0.630170703489267
uhnS uhnS uhnS uhnS uhnS uhnS uhnS,neither,0.03945320844208391,0.33037608806864915,0.630170703489267
hello papa,neither,0.03945320844208391,0.33037608806864915,0.630170703489267
Shrooooooooooooooooooooood,neither,0.03945320844208391,0.33037608806864915,0.630170703489267
World first Molten Core LOL,neither,0.027007927908484105,0.3830290567908907,0.5899630153006252
Damn,offensive_language,0.042479326866149344,0.9516554255713155,0.005865247562535126
FOLLOW ME GUYS,neither,0.030405904775720655,0.38189054396750716,0.5877035512567721
YAYAYYA,neither,0.03945320844208391,0.33037608806864915,0.630170703489267
0 viewers,neither,0.03945320844208391,0.33037608806864915,0.630170703489267
!uptime,neither,0.03945320844208391,0.33037608806864915,0.630170703489267
"@Xvvior, Mike has been live for: 2 minutes, 2 seconds",neither,0.038143554429185315,0.30716222689653355,0.6546942186742811
Fat cock,offensive_language,0.3538471707140789,0.5678988737269083,0.0782539555590127
:),neither,0.03945320844208391,0.33037608806864915,0.630170703489267
How long is Q?,neither,0.05184898541129514,0.323212356773656,0.6249386578150489
no fu,neither,0.038402593806060877,0.3482077603276699,0.6133896458662692
Yoooo,neither,0.03945320844208391,0.33037608806864915,0.630170703489267
FreakinStinkin FreakinStinkin,neither,0.03945320844208391,0.33037608806864915,0.630170703489267
Ayyye,neither,0.03945320844208391,0.33037608806864915,0.630170703489267
Bear me 5 children.,neither,0.032006391239213866,0.37079608667465475,0.5971975220861314
Hello world,neither,0.03945320844208391,0.33037608806864915,0.630170703489267
Lol,neither,0.020706217963973744,0.4882283491876925,0.4910654328483337
good night,neither,0.027408777718339543,0.3300282295872874,0.6425629926943731
uhnEvil uhnEvil uhnEvil uhnEvil,neither,0.03945320844208391,0.33037608806864915,0.630170703489267
Shroooooooooooooooooooooooood,neither,0.03945320844208391,0.33037608806864915,0.630170703489267
InuyoFace InuyoFace InuyoFace InuyoFace InuyoFace,neither,0.03945320844208391,0.33037608806864915,0.630170703489267
Pog,neither,0.03945320844208391,0.33037608806864915,0.630170703489267
wtf,offensive_language,0.04410695246022759,0.7898861884776351,0.16600685906213722
Daddy fat cock,offensive_language,0.2629570519609327,0.5742536551044256,0.16278929293464184
shrkudddd,neither,0.03945320844208391,0.33037608806864915,0.630170703489267
shrimp,neither,0.03945320844208391,0.33037608806864915,0.630170703489267
OH NO WOW IS GAY,neither,0.34213474463793786,0.13430476783292694,0.5235604875291352
EZ,neither,0.03945320844208391,0.33037608806864915,0.630170703489267
"Spoonayy subscribed at Tier 1. They've subscribed for 25 months, currently on a 25 month streak! 25 MONTHS BABYYYYY",neither,0.02772020584937663,0.3257107878807059,0.6465690062699174
doctor6 doctor6 doctor6,neither,0.03945320844208391,0.33037608806864915,0.630170703489267
sssss xD lol lest gooooooooooooooooo,neither,0.020706217963973744,0.4882283491876925,0.4910654328483337
Pog dude is late,neither,0.0497608153502381,0.32683082939140956,0.6234083552583525
Wish I had viewers,neither,0.03945320844208391,0.33037608806864915,0.630170703489267
!subcount,neither,0.03945320844208391,0.33037608806864915,0.630170703489267
"@Vvevz, 35398 are currently subscribed shroudHype",neither,0.07713431962109496,0.2694654762606152,0.6534002041182898
OptimizePrime,neither,0.03945320844208391,0.33037608806864915,0.630170703489267
@TheDaddyErick hi,neither,0.03945320844208391,0.33037608806864915,0.630170703489267
SHAAAAAAARUD,neither,0.03945320844208391,0.33037608806864915,0.630170703489267
hi,neither,0.03945320844208391,0.33037608806864915,0.630170703489267
shrimp,neither,0.03945320844208391,0.33037608806864915,0.630170703489267
B),neither,0.03945320844208391,0.33037608806864915,0.630170703489267
!time,neither,0.036668274527354654,0.377643684699956,0.5856880407726893
"@xsan_tiag0, Mike's local time is: 18:05",neither,0.04409418694268116,0.34182166992130336,0.6140841431360156
boii,neither,0.03945320844208391,0.33037608806864915,0.630170703489267
shroudHi,neither,0.03945320844208391,0.33037608806864915,0.630170703489267
Not WOW again! LOL,neither,0.0281143147816759,0.4303229937685147,0.5415626914498094
pleb mode!,neither,0.03945320844208391,0.33037608806864915,0.630170703489267
Are you still in love with autimatic,neither,0.07417767910738116,0.42276266969492665,0.5030596511976921
Sex,offensive_language,0.02185769825360754,0.7822921912998958,0.19585011044649653
ayyy,neither,0.03945320844208391,0.33037608806864915,0.630170703489267
Word on the street shrouds got a fat cock,offensive_language,0.1740872734791686,0.5888144975880837,0.2370982289327477
!uptime,neither,0.03945320844208391,0.33037608806864915,0.630170703489267
"@TheRealAph3x, Mike has been live for: 2 minutes, 53 seconds",neither,0.03830358073741883,0.3101435405721779,0.6515528786904033
hi,neither,0.03945320844208391,0.33037608806864915,0.630170703489267
@TheDaddyErick ive seen u in 3 chats today LMAO,neither,0.03767794893822257,0.3264142149275594,0.635907836134218
Deutsche hier ??,neither,0.03945320844208391,0.33037608806864915,0.630170703489267
The EU guild APES just killed Rag today. I watch the entire raid. No wipes.,neither,0.04247140225612671,0.09624881102376862,0.8612797867201046
5,neither,0.03945320844208391,0.33037608806864915,0.630170703489267
Felixnavidad1 subscribed at Tier 1. They've subscribed for 13 months! Woo hoo!,neither,0.02358829155185026,0.31678188108056204,0.6596298273675877
PogChamp,neither,0.03945320844208391,0.33037608806864915,0.630170703489267
!headset,neither,0.03945320844208391,0.33037608806864915,0.630170703489267
"@benjislayer987, He uses the HyperX Cloud Flight wireless headset - http://hyperx.gg/ShroudFlight",neither,0.040382456267664464,0.23573222815408024,0.7238853155782552
shroud dddddd,neither,0.03945320844208391,0.33037608806864915,0.630170703489267
I didnt know owen Wilson convinced shroud to play his game WOW!,neither,0.060285598550969495,0.3016596786622315,0.6380547227867991
Yo,offensive_language,0.04010381111145228,0.5271105317972344,0.4327856570913131
PowerUpL SabaPing PowerUpR,neither,0.03945320844208391,0.33037608806864915,0.630170703489267
Kiss me shroud,neither,0.02909703224136765,0.388182154878072,0.5827208128805604
Wtf ? Wow ?,offensive_language,0.04318985697797366,0.6581509364235124,0.29865920659851375
hello gamers,neither,0.03945320844208391,0.33037608806864915,0.630170703489267
Hi nicewiGGangles nicewiGGlasers,neither,0.03945320844208391,0.33037608806864915,0.630170703489267
shroood,neither,0.03945320844208391,0.33037608806864915,0.630170703489267
"900 viewers and the stream hasn't even started, killing my self",neither,0.03180134429304414,0.3538866229287277,0.6143120327782282
Wow.....what a surprise....,neither,0.04534936646072969,0.3261594299484571,0.6284912035908132
i miss apex legends you know,neither,0.04527610316977417,0.36873851499269966,0.585985381837526
Time,neither,0.036668274527354654,0.377643684699956,0.5856880407726893
hi before sub only chat,neither,0.03656977454547916,0.3793154864568514,0.5841147389976695
"UncleJooce subscribed with Twitch Prime. They've subscribed for 16 months, currently on a 5 month streak! hi",neither,0.021471297835278545,0.3304370446389038,0.6480916575258177
Join the Shroudy Rowdy sub only Discord! Type !discord in chat to find out how shroudHype,neither,0.04247144539756702,0.27607916661894155,0.6814493879834914
nice,neither,0.03945320844208391,0.33037608806864915,0.630170703489267
how big is shrouds fat 🐓?,neither,0.16207359246872377,0.24650787893836335,0.5914185285929129
Shroud got big cock,offensive_language,0.030968623235460516,0.9008529390840101,0.06817843768052949
DAD,neither,0.03945320844208391,0.33037608806864915,0.630170703489267
Waduheck?,neither,0.03945320844208391,0.33037608806864915,0.630170703489267
pleb time,neither,0.036668274527354654,0.377643684699956,0.5856880407726893
Plebs get those tweets of now because sub only mode coming soon LUL,neither,0.051645758668737454,0.29663046769929863,0.6517237736319639
@wava lickL,neither,0.03945320844208391,0.33037608806864915,0.630170703489267
Gamers rise up?,neither,0.036202880783224076,0.39718312014176715,0.5666139990750089
!config,neither,0.03945320844208391,0.33037608806864915,0.630170703489267
"@fellipemagalhaesrx, His config can be found on his ESEA page here: http://play.esea.net/users/248592",neither,0.09837638694832596,0.25256723334142045,0.6490563797102537
apex plz,neither,0.03945320844208391,0.33037608806864915,0.630170703489267
Give me a kiss shroud,neither,0.030667772633588983,0.3786770025820321,0.590655224784379
Hey gUys,neither,0.03929207127355727,0.33311100635304525,0.6275969223733975
lets go boys,neither,0.03987377233651652,0.350189727460353,0.6099365002031304
FIRST,neither,0.02604892428726219,0.3349864360510187,0.6389646396617191
Shrouds got a cock like a mini Pringle’s can lol,offensive_language,0.055971559764207826,0.8203584560871873,0.12366998414860499
PagChomp OkayChamp SillyChamp,neither,0.03945320844208391,0.33037608806864915,0.630170703489267
!discord,neither,0.03945320844208391,0.33037608806864915,0.630170703489267
"@brandonmhoppe, Shroud needs to reconnect his twitch to his discord. So until then the discord is not joinable for new people. When he does fix it just connect your Twitch account to Discord in your user settings, then choose connections and tap on join! Click this GIF if you need help - https://imgur.com/JLKLnA0 shroudHype",neither,0.07626558481437617,0.37100216647258977,0.5527322487130342
BibleThump BibleThump BibleThump,neither,0.03945320844208391,0.33037608806864915,0.630170703489267
THIRD ACUTALLY,neither,0.03945320844208391,0.33037608806864915,0.630170703489267
APEXXXXXXX,neither,0.03945320844208391,0.33037608806864915,0.630170703489267
Shroud bbc,neither,0.03945320844208391,0.33037608806864915,0.630170703489267
SHROUD POG,neither,0.03945320844208391,0.33037608806864915,0.630170703489267
yfdkdchcg,neither,0.03945320844208391,0.33037608806864915,0.630170703489267
LUL,neither,0.03945320844208391,0.33037608806864915,0.630170703489267
Try Postmates - New users get $100 in free delivery fee credit with code 'SHROUD'! https://t.co/Lcfq8GkGKz shroudHype,neither,0.0353620628076255,0.3088663594096241,0.6557715777827504
sinistermanuss subscribed with Twitch Prime. They've subscribed for 3 months! Hello Babes,neither,0.01978063741665618,0.3236517597044983,0.6565676028788456
wus gud,neither,0.03945320844208391,0.33037608806864915,0.630170703489267
PurpleStar PurpleStar PurpleStar,neither,0.03945320844208391,0.33037608806864915,0.630170703489267
waduGift waduGift waduGift waduGift,neither,0.03945320844208391,0.33037608806864915,0.630170703489267
Ffffffff,neither,0.03945320844208391,0.33037608806864915,0.630170703489267
HI,neither,0.03945320844208391,0.33037608806864915,0.630170703489267
lol,neither,0.020706217963973744,0.4882283491876925,0.4910654328483337
HSWP,neither,0.03945320844208391,0.33037608806864915,0.630170703489267
troyJedi troyJedi troyJedi,neither,0.03945320844208391,0.33037608806864915,0.630170703489267
bnansGift bnansGift bnansGift bnansGift,neither,0.03945320844208391,0.33037608806864915,0.630170703489267
VoteYea VoteYea VoteYea VoteYea,neither,0.03945320844208391,0.33037608806864915,0.630170703489267
Heeeeellllooooooooo,neither,0.03945320844208391,0.33037608806864915,0.630170703489267
Minecraft is my live!!!,neither,0.03864486246743828,0.45424407212404,0.5071110654085217
SingsMic,neither,0.03945320844208391,0.33037608806864915,0.630170703489267
TakeNRG,neither,0.03945320844208391,0.33037608806864915,0.630170703489267
SHREWD,neither,0.03945320844208391,0.33037608806864915,0.630170703489267
!uptime,neither,0.03945320844208391,0.33037608806864915,0.630170703489267
Yo,offensive_language,0.04010381111145228,0.5271105317972344,0.4327856570913131
"@bakupack, Mike has been live for: 4 minutes, 6 seconds",neither,0.038143554429185315,0.30716222689653355,0.6546942186742811
boom1H,neither,0.03945320844208391,0.33037608806864915,0.630170703489267
how many times has he streamed Wow?,neither,0.04466025407412472,0.3226885197956293,0.6326512261302459
WholeWheat WholeWheat WholeWheat WholeWheat WholeWheat,neither,0.03945320844208391,0.33037608806864915,0.630170703489267
pugHi pugHi pugHi,neither,0.03945320844208391,0.33037608806864915,0.630170703489267
no more WOW i beg,neither,0.04042647374122051,0.33459211974356795,0.6249814065152116
hiiii,neither,0.03945320844208391,0.33037608806864915,0.630170703489267
Hiiiiiii,neither,0.03945320844208391,0.33037608806864915,0.630170703489267
Wow classic,neither,0.03945320844208391,0.33037608806864915,0.630170703489267
Yeah booooiiiiii,offensive_language,0.013968601452186464,0.5182923869769311,0.4677390115708824
how config shroud to Apex?,neither,0.04684554772814002,0.32606979225682486,0.6270846600150352
VisLaud,neither,0.03945320844208391,0.33037608806864915,0.630170703489267
shroudRage,neither,0.03945320844208391,0.33037608806864915,0.630170703489267
Hhhhhiiiiiiii,neither,0.03945320844208391,0.33037608806864915,0.630170703489267
VoteYea VoteYea VoteYea VoteYea VoteYea VoteYea >( VoteYea,neither,0.03945320844208391,0.33037608806864915,0.630170703489267
llegue tarde xd,neither,0.03945320844208391,0.33037608806864915,0.630170703489267
Shroud play Apex pleaseeeeeeeeeee :( :( :(,neither,0.03945320844208391,0.33037608806864915,0.630170703489267
monkaS,neither,0.03945320844208391,0.33037608806864915,0.630170703489267
2k chill,neither,0.03945320844208391,0.33037608806864915,0.630170703489267
Shrouds fat 🐓 is fatter than a size 13 shoe,neither,0.110288862296792,0.25278674072596985,0.6369243969772382
KappaPride KappaPride KappaPride,neither,0.03945320844208391,0.33037608806864915,0.630170703489267
!apex,neither,0.03945320844208391,0.33037608806864915,0.630170703489267
"@fellipemagalhaesrx, Apex Legends is free to download on Origin for PC, and on PS4, and Xbox right now - http://x.ea.com/56199",neither,0.03827671299109036,0.264813918193515,0.6969093688153948
DONT WATCH IF U DONT LIKE 4HEAD,neither,0.034639979091194366,0.39421952892334305,0.5711404919854626
I just peed white :),hate_speech,0.5598206439465808,0.4025169304364404,0.03766242561697878
BatChest CoolCat,neither,0.03945320844208391,0.33037608806864915,0.630170703489267
eabrheBiebss eabrheBiebss eabrheBiebss eabrheBiebss eabrheBiebss,neither,0.03945320844208391,0.33037608806864915,0.630170703489267
Yes more classic wow. Greatest mmorpg out there,neither,0.037524281027479706,0.3046302025470149,0.6578455164255054
"@jrmaxter1 many times now, he's expressed interest in being a WoW streamer",neither,0.03954235092913013,0.34911656511163647,0.6113410839592335
Que time is over,neither,0.042919140060731845,0.3491486871955064,0.6079321727437617
nickmercsYA nickmercsANGRY nickmercsSHADES nickmercsNECK nickmercsNECK nickmercsSHADES nickmercsYA,neither,0.03945320844208391,0.33037608806864915,0.630170703489267
ma man,offensive_language,0.03138096599887483,0.546928885308094,0.421690148693031
shroudHmm shroudM shroudLoud shroudPray shroudPPHands shroudCop shroudRage shroudHi shroudSip shroudLove shroudOF shroudHype shroud2,neither,0.03945320844208391,0.33037608806864915,0.630170703489267
fuck questing lets see SM for 24 more hours gachiGASM,offensive_language,0.13254454280014613,0.8352263323854924,0.03222912481436155
I just heard wow,neither,0.03418152495670854,0.35543587278573663,0.6103826022575547
!config apex,neither,0.03945320844208391,0.33037608806864915,0.630170703489267
"@fellipemagalhaesrx, His config can be found on his ESEA page here: http://play.esea.net/users/248592",neither,0.09837638694832596,0.25256723334142045,0.6490563797102537
our boy is here,neither,0.12336938080280399,0.2762527872209035,0.6003778319762926
sup,neither,0.03945320844208391,0.33037608806864915,0.630170703489267
lol,neither,0.020706217963973744,0.4882283491876925,0.4910654328483337
shroudHi shroudHi shroudHi shroudHype shroudHype shroudHype,neither,0.03945320844208391,0.33037608806864915,0.630170703489267
@shroud hello shroooood,neither,0.03945320844208391,0.33037608806864915,0.630170703489267
hello everybody,neither,0.03945320844208391,0.33037608806864915,0.630170703489267
nickmercsSOON nickmercsSOON nickmercsSOON nickmercsSOON,neither,0.03945320844208391,0.33037608806864915,0.630170703489267
<3 Hello,neither,0.03945320844208391,0.33037608806864915,0.630170703489267
woo,neither,0.03945320844208391,0.33037608806864915,0.630170703489267
SMOrc SMOrc,neither,0.03945320844208391,0.33037608806864915,0.630170703489267
!madrinas,neither,0.03945320844208391,0.33037608806864915,0.630170703489267
"@LifeWillBeOkay, NEW addition - Get your shroud's insane roast Fuel Cups NOW! shrouds custom blend ""Insane Roast"" and The Cold Brew Coffee ""INSANE CAPPUCCINO"" is in stock as well. Use code ""SHROUD"" at checkout to get 40% off your Madrinas Coffee order! shroudHype https://madrinascoffee.com/shroud shroudHype",neither,0.05027396778543794,0.24981627966086106,0.6999097525537009
BrokeBack BrokeBack,neither,0.03945320844208391,0.33037608806864915,0.630170703489267
hey chat im new to wow is there an addon to track quests? not questie but say i accept a quest i dont have to shift click it?,neither,0.05041550289059621,0.2893250311101497,0.6602594659992541
why is shroud so late,neither,0.0337501119078548,0.4022313113843379,0.5640185767078073
shrroooood,neither,0.03945320844208391,0.33037608806864915,0.630170703489267
!level,neither,0.03945320844208391,0.33037608806864915,0.630170703489267
hi all,neither,0.0423466876598404,0.4436528871510691,0.5140004251890904
"@patrickk_d_, shroud is level 41",neither,0.0524725552239779,0.3258981377003646,0.6216293070756574
shrood the love >:u,neither,0.03145119199065299,0.32476063973837394,0.643788168270973
isayadX isayadX isayadX,neither,0.03945320844208391,0.33037608806864915,0.630170703489267
SHROUDY rowdy,neither,0.03945320844208391,0.33037608806864915,0.630170703489267
yeeeeruup,neither,0.03945320844208391,0.33037608806864915,0.630170703489267
PrideLionChomp PrideLionYay PrideLionChomp PrideLionYay PrideLionChomp,neither,0.03945320844208391,0.33037608806864915,0.630170703489267
Yo,offensive_language,0.04010381111145228,0.5271105317972344,0.4327856570913131
daddy @shroud,neither,0.03945320844208391,0.33037608806864915,0.630170703489267
hey mike,neither,0.03945320844208391,0.33037608806864915,0.630170703489267
Happy weekend everyone!,neither,0.03317574459781983,0.43692103238095764,0.5299032230212225
Omg,neither,0.03945320844208391,0.33037608806864915,0.630170703489267
When does it start ??????,offensive_language,0.016657143906209267,0.5095962980709364,0.4737465580228543
hi,neither,0.03945320844208391,0.33037608806864915,0.630170703489267
DoritosChip,neither,0.03945320844208391,0.33037608806864915,0.630170703489267
Hi guys,neither,0.03930687933907141,0.3328596748352989,0.6278334458256297
Hi @shroud,neither,0.03945320844208391,0.33037608806864915,0.630170703489267
nickmercsYT,neither,0.03945320844208391,0.33037608806864915,0.630170703489267
shroudHi shroudHi shroudHi,neither,0.03945320844208391,0.33037608806864915,0.630170703489267
hey,neither,0.03945320844208391,0.33037608806864915,0.630170703489267
hi,neither,0.03945320844208391,0.33037608806864915,0.630170703489267
Classic tonight boys,neither,0.03684658166051996,0.30854853099145385,0.6546048873480262
1 2,neither,0.03945320844208391,0.33037608806864915,0.630170703489267
Hi,neither,0.03945320844208391,0.33037608806864915,0.630170703489267
!charm,neither,0.03945320844208391,0.33037608806864915,0.630170703489267
"@LifeWillBeOkay, Claim your very own shroud charm in Siege if you're a subscriber, available all the way until the end of Y4! Make sure your Uplay is linked to Twitch and then wait (It can take up to 2h or more) LINK ACCOUNTS HERE: http://drops-register.ubi.com/ | Info on how to link & FAQ: http://bit.ly/r6charmInfo - Charm Preview: http://bit.ly/CharmPreviewTweet shroudHyper",neither,0.0740550827403526,0.28855916658532277,0.6373857506743247
shroudHello,neither,0.03945320844208391,0.33037608806864915,0.630170703489267
daddy,neither,0.03945320844208391,0.33037608806864915,0.630170703489267
!uptime,neither,0.03945320844208391,0.33037608806864915,0.630170703489267
Jebaited,neither,0.03945320844208391,0.33037608806864915,0.630170703489267
"@iDonutCarez, Mike has been live for: 5 minutes, 21 seconds",neither,0.038247129558412335,0.3090978536013409,0.6526550168402467
check,neither,0.03945320844208391,0.33037608806864915,0.630170703489267
doctorYAYA doctorYAYA doctorYAYA doctorYAYA doctorYAYA,neither,0.03945320844208391,0.33037608806864915,0.630170703489267
21,neither,0.03945320844208391,0.33037608806864915,0.630170703489267
hellllllllllllllllo!,neither,0.03945320844208391,0.33037608806864915,0.630170703489267
apex pleaseeee,neither,0.03945320844208391,0.33037608806864915,0.630170703489267
"as much as I'd rather see shroudy play fps, im glad hes enjoying playing WoW. He can actually hangout and relax and interact with chat more rather than be in the thick of it 24/7",neither,0.03370331288814341,0.34327965728748117,0.6230170298243753
@flunkag The que is like 4 hours,neither,0.05786061156903142,0.32561602886091695,0.6165233595700517
How ya doing today @shroud,offensive_language,0.02338515183045025,0.563212888193029,0.4134019599765208
Yessass,neither,0.03945320844208391,0.33037608806864915,0.630170703489267
Shroood,neither,0.03945320844208391,0.33037608806864915,0.630170703489267
haircut?,neither,0.03945320844208391,0.33037608806864915,0.630170703489267
!uptime,neither,0.03945320844208391,0.33037608806864915,0.630170703489267
!uptime,neither,0.03945320844208391,0.33037608806864915,0.630170703489267
"@bentee2008, Mike has been live for: 5 minutes, 35 seconds",neither,0.03825481100940878,0.30924051667814645,0.6525046723124447
!time,neither,0.036668274527354654,0.377643684699956,0.5856880407726893
"@jozeleek, Mike's local time is: 18:08",neither,0.04403502544321252,0.3416857887633707,0.6142791857934168
we back PagChomp,neither,0.039166053543719236,0.33524985610846453,0.6255840903478163
!uptime,neither,0.03945320844208391,0.33037608806864915,0.630170703489267
Is this live...,neither,0.06264826366348325,0.3248039992423424,0.6125477370941744
@shroud You still doing SM today or quests?,neither,0.0502524482841763,0.3588475541941552,0.5908999975216684
SO LATEEEE,offensive_language,0.039501631330860744,0.48329170807269783,0.4772066605964413
@shroud hello shrooooood,neither,0.03945320844208391,0.33037608806864915,0.630170703489267
!uptime,neither,0.03945320844208391,0.33037608806864915,0.630170703489267
"@shumi11, Mike has been live for: 5 minutes, 44 seconds",neither,0.038293455266983904,0.30995644253943666,0.6517501021935793
xLas subscribed with Twitch Prime. They've subscribed for 10 months! @Wava for MOD shroudLoud shroudLove,neither,0.01705941966566786,0.30919886012309444,0.6737417202112378
shroud of Turin,neither,0.03945320844208391,0.33037608806864915,0.630170703489267
Good evening citizen,neither,0.03889405746916267,0.3305684057284415,0.6305375368023958
@shroud hello :),neither,0.03945320844208391,0.33037608806864915,0.630170703489267
!uptime,neither,0.03945320844208391,0.33037608806864915,0.630170703489267
"@Slothert, Mike has been live for: 5 minutes, 53 seconds",neither,0.03830358073741883,0.3101435405721779,0.6515528786904033
!uptime,neither,0.03945320844208391,0.33037608806864915,0.630170703489267
TakeNRG TakeNRG TakeNRG TakeNRG TakeNRG TakeNRG,neither,0.03945320844208391,0.33037608806864915,0.630170703489267
!time,neither,0.036668274527354654,0.377643684699956,0.5856880407726893
"@bentee2008, Mike's local time is: 18:08",neither,0.04403502544321252,0.3416857887633707,0.6142791857934168
hey mike,neither,0.03945320844208391,0.33037608806864915,0.630170703489267
Sup bro,neither,0.03945320844208391,0.33037608806864915,0.630170703489267
hiii,neither,0.03945320844208391,0.33037608806864915,0.630170703489267
OHHHH the ad right up,neither,0.03582433691055841,0.3731329207322498,0.5910427423571917
:),neither,0.03945320844208391,0.33037608806864915,0.630170703489267
"That grind to 60,lol.",neither,0.03437102997763579,0.412561443826222,0.5530675261961422
"@xLas, shroudPray",neither,0.03945320844208391,0.33037608806864915,0.630170703489267
why is nobody watching?,offensive_language,0.027656987730829932,0.49084837440984047,0.4814946378593295
amazing graphics,neither,0.03945320844208391,0.33037608806864915,0.630170703489267
see ya guys in the morning he said Kappa LUL,neither,0.03673340803907049,0.40062050846524083,0.5626460834956887
@wava :O,neither,0.03945320844208391,0.33037608806864915,0.630170703489267
wow shroud level 41 ArgieB8 ArgieB8,neither,0.03945320844208391,0.33037608806864915,0.630170703489267
@wava shroudHey,neither,0.03945320844208391,0.33037608806864915,0.630170703489267
probWeird probWeird probWeird probWeird probWeird probWeird probWeird,neither,0.03945320844208391,0.33037608806864915,0.630170703489267
!uptime,neither,0.03945320844208391,0.33037608806864915,0.630170703489267
"@sneakysquid6969, Mike has been live for: 6 minutes, 23 seconds",neither,0.0382764714457318,0.3096421645712236,0.6520813639830445
Bjjj,neither,0.03945320844208391,0.33037608806864915,0.630170703489267
5 hours of que,neither,0.03945320844208391,0.33037608806864915,0.630170703489267
gigzLJ gigzLJ gigzLJ gigzLJ gigzLJ,neither,0.03945320844208391,0.33037608806864915,0.630170703489267
!lvl,neither,0.03945320844208391,0.33037608806864915,0.630170703489267
"@Vvevz, shroud is level 41",neither,0.0524725552239779,0.3258981377003646,0.6216293070756574
!uptime,neither,0.03945320844208391,0.33037608806864915,0.630170703489267
ad 120,neither,0.03945320844208391,0.33037608806864915,0.630170703489267
"@cahsmikkx, Mike has been live for: 6 minutes, 31 seconds",neither,0.03830358073741883,0.3101435405721779,0.6515528786904033
"Sup Mike, love from South Africa!",neither,0.03820016486485626,0.3271781270967725,0.6346217080383714
Hello,neither,0.03945320844208391,0.33037608806864915,0.630170703489267
@shroud APES just killed Ragnaros today!,neither,0.03869785802451383,0.029980044623714088,0.9313220973517722
@wava oops shroudHi,neither,0.03945320844208391,0.33037608806864915,0.630170703489267
@shroud did you watch World First MC?,neither,0.050442766259753156,0.3692556238140082,0.5803016099262387
"@Slothert, PogU wasup just9nB skaL",neither,0.03945320844208391,0.33037608806864915,0.630170703489267
ssjBrandN subscribed with Twitch Prime. They've subscribed for 31 months!,neither,0.019114788021552424,0.32344779640759524,0.6574374155708523
ZF pog,neither,0.03945320844208391,0.33037608806864915,0.630170703489267
@i__royal Why are u still watching,neither,0.04966167910136458,0.3134050306384934,0.6369332902601419
duDudu duDudu,neither,0.03945320844208391,0.33037608806864915,0.630170703489267
no 2 hour intro?? Pog,neither,0.03868153825213172,0.3434733450908539,0.6178451166570144
HandsUp,neither,0.03945320844208391,0.33037608806864915,0.630170703489267
!uptime,neither,0.03945320844208391,0.33037608806864915,0.630170703489267
"@vannars, Mike has been live for: 6 minutes, 54 seconds",neither,0.038143554429185315,0.30716222689653355,0.6546942186742811
PagChomp PagChomp live,neither,0.04891340716200846,0.3271222919257548,0.6239643009122369
im going to sleep ill watch when i wake up,neither,0.03636726979151968,0.4422666168137793,0.521366113394701
so we back in the mine,neither,0.03816732535673399,0.3634123781265801,0.5984202965166859
hey dad,neither,0.03945320844208391,0.33037608806864915,0.630170703489267
hey,neither,0.03945320844208391,0.33037608806864915,0.630170703489267
!uptime,neither,0.03945320844208391,0.33037608806864915,0.630170703489267
"@yngcshregister, Mike has been live for: 7 minutes",neither,0.038001846011445364,0.3044752742059462,0.6575228797826084
How many subs are there ahahah! 😂😂,neither,0.06272835577180201,0.25198048393214345,0.6852911602960544
Yeah I saw the entire raid on Rihkk’s stream,neither,0.026812910323284537,0.40009182860008136,0.5730952610766341
@shroud how salty are you about the queue dicking,neither,0.07493302439017369,0.33505615335051764,0.5900108222593087
wtf only 3k wiever ?,offensive_language,0.04215578374490244,0.5649890285064524,0.39285518774864514
hi,neither,0.03945320844208391,0.33037608806864915,0.630170703489267
@shroud hello from france :),neither,0.04045433588424679,0.3133843426407197,0.6461613214750337
Kanoozin subscribed with Twitch Prime. They've subscribed for 23 months!,neither,0.018766382747298516,0.32334345672772463,0.6578901605249768
shroudLove shroudLove shroudLove shroudHi shroudHi,neither,0.03945320844208391,0.33037608806864915,0.630170703489267
I hate Sea server:(,neither,0.33100934883817246,0.19251387609346732,0.4764767750683602
@wava suh dude just a chill weekend hbu shroudSip shroudChill,neither,0.034943189624184114,0.3516553325760408,0.613401477799775
@shroud did you watch World First MC??,neither,0.050442766259753156,0.3692556238140082,0.5803016099262387
play dota2,neither,0.03945320844208391,0.33037608806864915,0.630170703489267
Hi,neither,0.03945320844208391,0.33037608806864915,0.630170703489267
My best streamer,neither,0.02059547373941241,0.4619699442474779,0.5174345820131095
Mikes meh father,neither,0.03945320844208391,0.33037608806864915,0.630170703489267
WHEN DoES IT STArT??????,offensive_language,0.016657143906209267,0.5095962980709364,0.4737465580228543
whats upp.guys,neither,0.039355051118745044,0.33204207401591057,0.6286028748653445
I had to wait in the queue to get in the stream,neither,0.04818305871663365,0.3073338059088305,0.6444831353745358
He is part of the guild,neither,0.05693603481536682,0.30464515713529,0.6384188080493431
!uptime,neither,0.03945320844208391,0.33037608806864915,0.630170703489267
"@isak_24, Mike has been live for: 7 minutes, 16 seconds",neither,0.038250628748288676,0.309162856802845,0.6525865144488663
!uptime,neither,0.03945320844208391,0.33037608806864915,0.630170703489267
hi,neither,0.03945320844208391,0.33037608806864915,0.630170703489267
he's in boys,neither,0.04765831945630033,0.32755397414055076,0.624787706403149
"that 8000 person queue, and then my PC crashed twice, luckily it saved my spot and i got back in and just logged into game",neither,0.026129977330855213,0.3738204780908269,0.6000495445783179
lul,neither,0.03945320844208391,0.33037608806864915,0.630170703489267
Pogu,neither,0.03945320844208391,0.33037608806864915,0.630170703489267
!lvl,neither,0.03945320844208391,0.33037608806864915,0.630170703489267
"@Slothert, shroud is level 41",neither,0.0524725552239779,0.3258981377003646,0.6216293070756574
"@Slothert, duuuude same just been relaxing today FeelsOkayMan",neither,0.034805455884237,0.339766666663392,0.625427877452371
but i successfully defeated the queue boss,neither,0.03568135207586922,0.3243790583093576,0.6399395896147733
so many AFK players...,neither,0.039409015920244136,0.38353247973144833,0.5770585043483076
chat take a shot everytime someone mentions MC world first,neither,0.03537020111685594,0.33178042151655607,0.632849377366588
got the pickaxe swinging from side to side,neither,0.0355797532017352,0.3867752125807123,0.5776450342175524
hello,neither,0.03945320844208391,0.33037608806864915,0.630170703489267
play w ska,neither,0.03945320844208391,0.33037608806864915,0.630170703489267
pubg,neither,0.03945320844208391,0.33037608806864915,0.630170703489267
hi,neither,0.03945320844208391,0.33037608806864915,0.630170703489267
mc world first,neither,0.03271865050137757,0.3326924113616701,0.6345889381369522
Rag has already been killed RIP Classic EZ,neither,0.0388918888733409,0.3399031460775582,0.6212049650491009
+5 PogU,neither,0.03945320844208391,0.33037608806864915,0.630170703489267
@shroud hi bro do will u play tft ?,neither,0.04219442392250899,0.3069304438303058,0.6508751322471853
!level,neither,0.03945320844208391,0.33037608806864915,0.630170703489267
"@6thAccount, shroud is level 41",neither,0.0524725552239779,0.3258981377003646,0.6216293070756574
mc world first,neither,0.03271865050137757,0.3326924113616701,0.6345889381369522
@AsinPersuasion but I want to live,neither,0.05096008817564396,0.3305414689465644,0.6184984428777915
i feel like you people didnt actually play vanilla,neither,0.09120827929481014,0.37292886320197105,0.5358628575032188
Is anyone else sick of Mike playing wow,neither,0.04509262885208086,0.3284364327906304,0.6264709383572887
LUL,neither,0.03945320844208391,0.33037608806864915,0.630170703489267
kgtvRE kgtvEE kgtvEE kgtvEE kgtvEE kgtvEE,neither,0.03945320844208391,0.33037608806864915,0.630170703489267
dds,neither,0.03945320844208391,0.33037608806864915,0.630170703489267
"Level 41 already, geez",neither,0.03850212030575661,0.34651853588436715,0.6149793438098762
shroud4Head,neither,0.03945320844208391,0.33037608806864915,0.630170703489267
@wava bought 9 csgo cases. 8 blues 1 shitty purple FeelsBadMan,offensive_language,0.046627000871230985,0.5724080134620272,0.38096498566674175
!uptime,neither,0.03945320844208391,0.33037608806864915,0.630170703489267
The news is already in wowhead,neither,0.0462998346426994,0.3292065866190436,0.6244935787382568
"@pouutine, Mike has been live for: 7 minutes, 59 seconds",neither,0.03830358073741883,0.3101435405721779,0.6515528786904033
!mods,neither,0.03945320844208391,0.33037608806864915,0.630170703489267
those legs lol,neither,0.05739417856554379,0.30948721963273773,0.6331186018017185
Why is this game trash though? jasonrMean,neither,0.03647844408135639,0.12671071271459572,0.8368108432040477
hola I love you shroud,offensive_language,0.079837142191777,0.5038574454704381,0.4163054123377849
!uptime,neither,0.03945320844208391,0.33037608806864915,0.630170703489267
"@slowdeath018, Mike has been live for: 8 minutes, 9 seconds",neither,0.038143554429185315,0.30716222689653355,0.6546942186742811
It's not a Sir DansGame,neither,0.03608277667163818,0.33720415727143127,0.6267130660569307
APES world first,neither,0.03478070261124161,0.022032791169023073,0.9431865062197353
!mouse,neither,0.03945320844208391,0.33037608806864915,0.630170703489267
!level,neither,0.03945320844208391,0.33037608806864915,0.630170703489267
"@benjislayer987, He's using the Logitech G Pro wireless - With a HyperX Fury S Shroud Edition Mouse Pad",neither,0.03312570527648103,0.37881359910577633,0.5880606956177427
"@Duck_horse, shroud is level 41",neither,0.0524725552239779,0.3258981377003646,0.6216293070756574
What level? :D,neither,0.047564115672997474,0.3246470929725195,0.6277887913544832
@bentee2008 nope :),neither,0.03945320844208391,0.33037608806864915,0.630170703489267
SHROUD GOT THE MOVES,neither,0.03679052316505499,0.3651873510807919,0.598022125754153
don't show it,neither,0.06301879124841611,0.21109932786143265,0.7258818808901513
!sens,neither,0.03945320844208391,0.33037608806864915,0.630170703489267
"@19pinach, PUBG - http://imgur.com/a/nJVKv . CS:GO - DPI: 450 - Ingame : 2.4 - Windows: 6/11 - Raw-Input: On - 1000 Hz Polling Rate, AWP sens is 1 - Siege: 10/10/80 - COD BO4: 9.80 - Fortnite: 0.13/0.13 - BFV: 14/14/110% - Apex: 2.9/1.0 ADS Sens - Battalion: 100 FOV 2.9 sens - Overwatch: 11.45 sens",neither,0.03995620099937362,0.30279402066366523,0.6572497783369612
so hard to be helpful,offensive_language,0.03706536764732702,0.5641491988845265,0.3987854334681465
@Slothert FeelsBadMan u hate to see it,hate_speech,0.5269398043704502,0.1322163728819019,0.34084382274764796
