text,top_class,hate_speech,offensive_language,neither
here*,neither,0.22097653003277068,0.2221615150675793,0.55686195489965
It's on boyz,neither,0.03479806842183777,0.34618008783666127,0.6190218437415012
kenzie why are you being so mean :(,neither,0.057807540239655786,0.41267239362825997,0.5295200661320842
Kenzie is a robot as well KappaHD,neither,0.04384240388969154,0.353928440805338,0.6022291553049705
omg,neither,0.03945320844208391,0.33037608806864915,0.630170703489267
boyz and Kenzie *,neither,0.038762504882024776,0.2959001987515814,0.6653372963663937
here we go,neither,0.13156755280784707,0.2765461283225309,0.5918863188696221
"well he just started the stream, so hf boys",neither,0.03903713313728223,0.36491564055505643,0.5960472263076614
hiii,neither,0.03945320844208391,0.33037608806864915,0.630170703489267
and girls,neither,0.016281159237710372,0.4136100160752844,0.5701088246870052
itshappeningjpg,neither,0.03945320844208391,0.33037608806864915,0.630170703489267
he is in eu ?,neither,0.07413531753464801,0.31844732038270707,0.6074173620826451
PogChamp,neither,0.03945320844208391,0.33037608806864915,0.630170703489267
s1mpleAMERICA s1mpleAMERICA s1mpleAMERICA s1mpleAMERICA,neither,0.03945320844208391,0.33037608806864915,0.630170703489267
"@skittlez2113, maybe you should ask shroodie",neither,0.08482335183528125,0.44947693623370544,0.4656997119310134
Rip,neither,0.03945320844208391,0.33037608806864915,0.630170703489267
First,neither,0.02604892428726219,0.3349864360510187,0.6389646396617191
Fucm,neither,0.03945320844208391,0.33037608806864915,0.630170703489267
the countdown is sick though,neither,0.04849192938348117,0.3076253695756008,0.643882701040918
iideserteaqleii he's at home in Canada atm I believe.,neither,0.04258473186249061,0.345709466579136,0.6117058015583733
Fuck,offensive_language,0.34803241646388117,0.6519675835059184,3.0200377847433446e-11
i like it,neither,0.06953449037813421,0.37815048807863416,0.5523150215432316
what time is it for shroud ??? :/,neither,0.045859127204345665,0.31014613716615497,0.6439947356294995
BibleThump,neither,0.03945320844208391,0.33037608806864915,0.630170703489267
3 44 am,neither,0.039240117720709546,0.3304493797391332,0.6303105025401572
just playing music off twitch.tv/monstercatg,neither,0.036154197455408835,0.34575917837426967,0.6180866241703215
fak,neither,0.03945320844208391,0.33037608806864915,0.630170703489267
kenzie thats personal i dont need to know that stuff,neither,0.040928659688963066,0.35361129566877547,0.6054600446422614
whoooaaaa,neither,0.03945320844208391,0.33037608806864915,0.630170703489267
SHROOOD,neither,0.03945320844208391,0.33037608806864915,0.630170703489267
Nah I don't believe in girls on the internet its a myth.,neither,0.024861025525275995,0.38578190597403106,0.589357068500693
SHROUD!,neither,0.03945320844208391,0.33037608806864915,0.630170703489267
GG smite is finally done downloading.,neither,0.04454985000611682,0.3374204803616413,0.6180296696322419
"norway 04,45, been up all night ehhh",neither,0.03141481254269437,0.4599743725262276,0.5086108149310781
suh dude,neither,0.03945320844208391,0.33037608806864915,0.630170703489267
inb4 mutes bc of own music,neither,0.056134866283023,0.3246385009896787,0.6192266327272983
"@skittlez2113, hes just kind of a dickhead is all 4Head",neither,0.043068615403378946,0.39898935362061505,0.5579420309760059
09.45*,neither,0.03945320844208391,0.33037608806864915,0.630170703489267
shroud is in the chattt,neither,0.059454156212600334,0.28692828069719517,0.6536175630902045
shroud,neither,0.03945320844208391,0.33037608806864915,0.630170703489267
kenzie shroudC,neither,0.03945320844208391,0.33037608806864915,0.630170703489267
!sensitivity,neither,0.03945320844208391,0.33037608806864915,0.630170703489267
@yngmny96 DPI: 400 - Ingame : 2.0 - Windows: 6/11 - Raw-Input: On - 1000 Hz Polling Rate,neither,0.03781786467716525,0.33814216926935486,0.6240399660534798
gotem,neither,0.03945320844208391,0.33037608806864915,0.630170703489267
to is this,neither,0.08551216644462518,0.3143452672751102,0.6001425662802646
SHROOOOOOOOOOD,neither,0.03945320844208391,0.33037608806864915,0.630170703489267
wtf is this intro hello,offensive_language,0.04871882502930379,0.5240767563585731,0.4272044186121231
Always so late shrooooood,neither,0.03723454700808276,0.454689226901219,0.5080762260906982
"KenzieReelGril with the flame tonight, holy molly.",neither,0.029411352197408546,0.32965646754593175,0.6409321802566597
!mouse,neither,0.03945320844208391,0.33037608806864915,0.630170703489267
lol,neither,0.020706217963973744,0.4882283491876925,0.4910654328483337
rip stream,neither,0.03945320844208391,0.33037608806864915,0.630170703489267
YO THIS INSTRO SICK AS FK,neither,0.03768319190054481,0.4201682324993016,0.5421485756001535
Yo waddap,offensive_language,0.04010381111145228,0.5271105317972344,0.4327856570913131
wow I've never been this early,neither,0.018792237228580668,0.3323717222592698,0.6488360405121495
mangoPog mangoPog mangoPog mangoPog,neither,0.03945320844208391,0.33037608806864915,0.630170703489267
Shroooood,neither,0.03945320844208391,0.33037608806864915,0.630170703489267
YO THIS INSTRO SICK AS FK,neither,0.03768319190054481,0.4201682324993016,0.5421485756001535
good morning m8,neither,0.04638486404299651,0.20072574318086445,0.7528893927761391
YO THIS INTRO SICK AS FK,neither,0.037983885361921814,0.40459251432996757,0.5574236003081107
Wtf is this,offensive_language,0.05875134067276458,0.7027317341486384,0.23851692517859707
I'm just contemplating the fact that i've been watching an offline stream for the past 4 hours. I think I need a hobby.,neither,0.021947924353422944,0.3185986761275908,0.6594533995189863
LOL,neither,0.020706217963973744,0.4882283491876925,0.4910654328483337
dafuck,neither,0.03945320844208391,0.33037608806864915,0.630170703489267
What's up a shroud,neither,0.04549209283961305,0.43877665191533993,0.5157312552450469
wait,neither,0.03945320844208391,0.33037608806864915,0.630170703489267
is there music playing?,neither,0.04874405375369846,0.28054779654155965,0.6707081497047418
i dont even know,neither,0.03813516260945461,0.35274676567388547,0.60911807171666
yes,neither,0.03945320844208391,0.33037608806864915,0.630170703489267
HeyGuys,neither,0.03945320844208391,0.33037608806864915,0.630170703489267
LOL,neither,0.020706217963973744,0.4882283491876925,0.4910654328483337
Yes,neither,0.03945320844208391,0.33037608806864915,0.630170703489267
yeah,offensive_language,0.013968601452186464,0.5182923869769311,0.4677390115708824
Wtf is this,offensive_language,0.05875134067276458,0.7027317341486384,0.23851692517859707
yes,neither,0.03945320844208391,0.33037608806864915,0.630170703489267
Yes,neither,0.03945320844208391,0.33037608806864915,0.630170703489267
Yes there is,neither,0.05163296463911916,0.2677102204704821,0.6806568148903988
yes,neither,0.03945320844208391,0.33037608806864915,0.630170703489267
ye,neither,0.03945320844208391,0.33037608806864915,0.630170703489267
yeee,neither,0.03945320844208391,0.33037608806864915,0.630170703489267
@shroud yes,neither,0.03945320844208391,0.33037608806864915,0.630170703489267
Yup,neither,0.03945320844208391,0.33037608806864915,0.630170703489267
okay,neither,0.03945320844208391,0.33037608806864915,0.630170703489267
Yes,neither,0.03945320844208391,0.33037608806864915,0.630170703489267
SourPls,neither,0.03945320844208391,0.33037608806864915,0.630170703489267
Mic muted Kappa,neither,0.03945320844208391,0.33037608806864915,0.630170703489267
"yocoffee, No need to repeat yourself, 15 seconds!",neither,0.043457677903368325,0.3365650039950161,0.6199773181016155
Why is there a countdown lol,neither,0.02422933906889358,0.3628242879148352,0.6129463730162713
its terrible,neither,0.032369154111143196,0.33281261919663935,0.6348182266922174
IM ACTUALLY WAITING 7 MINUTES,neither,0.03866393048819776,0.3603405201223168,0.6009955493894855
Why do two of the lines hit each other? lel,neither,0.03291113572081619,0.32291347460468495,0.6441753896744988
there is its just cancer,neither,0.035970927668340306,0.3084069572706509,0.6556221150610086
"I mean it sounds like a rave but yeah, definitely music.",neither,0.030937901149876452,0.42075506049736716,0.5483070383527563
@Shroud yes habibi,neither,0.03945320844208391,0.33037608806864915,0.630170703489267
SourPls SourPls SourPls SourPls,neither,0.03945320844208391,0.33037608806864915,0.630170703489267
short break guys,neither,0.03933289887609988,0.3324180553863454,0.6282490457375548
#eebens,neither,0.03945320844208391,0.33037608806864915,0.630170703489267
<3,neither,0.03945320844208391,0.33037608806864915,0.630170703489267
good call @ubiquitous9,neither,0.03834978857227872,0.33075560475985816,0.6308946066678632
@shroud why 8 minutes countdown ? Too long 4 me xD,neither,0.023217270923649624,0.38463204052184147,0.5921506885545089
will fix,neither,0.04123403839713331,0.3001507561356266,0.6586152054672401
OHI,neither,0.03945320844208391,0.33037608806864915,0.630170703489267
that,neither,0.026110925149043836,0.4791292047641166,0.4947598700868395
later,neither,0.03945320844208391,0.33037608806864915,0.630170703489267
LOL,neither,0.020706217963973744,0.4882283491876925,0.4910654328483337
FIRST? Kappa,neither,0.03217609621446155,0.3328790206600943,0.6349448831254441
shroud is freakazoid bullying you because ill knock the gnome out,neither,0.0539813670793001,0.36175370819511804,0.5842649247255818
asks one question gets 15 answers Kappa,neither,0.038940203544726375,0.3492552116405826,0.6118045848146909
no,neither,0.036918905254960256,0.37338982715841207,0.5896912675866277
haha,neither,0.03186685585600258,0.45913629025701075,0.5089968538869867
shrood,neither,0.03945320844208391,0.33037608806864915,0.630170703489267
Hello what,neither,0.047181567539628565,0.32490582385676825,0.6279126086036032
HeyGuys,neither,0.03945320844208391,0.33037608806864915,0.630170703489267
hi shroudy,neither,0.03945320844208391,0.33037608806864915,0.630170703489267
i love you shroud,offensive_language,0.079837142191777,0.5038574454704381,0.4163054123377849
SHROUDYYYYYY,neither,0.03945320844208391,0.33037608806864915,0.630170703489267
"@Shroud Beautiful performance at the qualifier, stud.",neither,0.038163167151482824,0.33604443268464806,0.6257924001638691
i love you baby,neither,0.0625658753412137,0.4359640011248161,0.5014701235339702
Ty,neither,0.03945320844208391,0.33037608806864915,0.630170703489267
im first since 10 minutes,neither,0.03266244523485687,0.36123486296413176,0.6061026918010113
Shroud i Love u nohomo,neither,0.03633489270100109,0.3449275588628445,0.6187375484361545
@shroud why such a long countdown lol,neither,0.02114583447292345,0.402590897745717,0.5762632677813596
BBY,neither,0.03945320844208391,0.33037608806864915,0.630170703489267
SHROOD YAS,neither,0.03945320844208391,0.33037608806864915,0.630170703489267
SHROOOOOOD,neither,0.03945320844208391,0.33037608806864915,0.630170703489267
@shroud heyy,neither,0.03945320844208391,0.33037608806864915,0.630170703489267
when will start Esl ?,neither,0.03176864103237467,0.35308580724173577,0.6151455517258896
I'm here because dazed is literally made of salt tonight Kappa,neither,0.07104305168908419,0.29113878994786374,0.637818158363052
BibleThump,neither,0.03945320844208391,0.33037608806864915,0.630170703489267
shroudW,neither,0.03945320844208391,0.33037608806864915,0.630170703489267
wtf is this fangirly,offensive_language,0.05875134067276458,0.7027317341486384,0.23851692517859707
shrud ur back,neither,0.08758406736655816,0.3138216786149864,0.5985942540184556
dududuudu,neither,0.03945320844208391,0.33037608806864915,0.630170703489267
cmonBruh low budget countdown,neither,0.03945320844208391,0.33037608806864915,0.630170703489267
BionicBunion,neither,0.03945320844208391,0.33037608806864915,0.630170703489267
SHROOOOODY!,neither,0.03945320844208391,0.33037608806864915,0.630170703489267
@Shroud i love you bb Kappa,neither,0.049995498421010885,0.38074102164415374,0.5692634799348354
yessss shro0oo0000d shroudHype shroudHype shroudHype shroudHype shroudHype shroudHype shroudHype,neither,0.03945320844208391,0.33037608806864915,0.630170703489267
senpai please,neither,0.03945320844208391,0.33037608806864915,0.630170703489267
sup mike,neither,0.03945320844208391,0.33037608806864915,0.630170703489267
wubwubwub,neither,0.03945320844208391,0.33037608806864915,0.630170703489267
Im just waiting for this countdown to be over so I can sub,neither,0.03353336181830048,0.3778922201940024,0.5885744179876972
shroudW moeRage,neither,0.03945320844208391,0.33037608806864915,0.630170703489267
I MADE IT,neither,0.03684238675525566,0.33127406936755094,0.6318835438771935
@Shroud you design this intro yourself?,neither,0.0518673013598179,0.3673799682487047,0.5807527303914773
SHROUD DansGame,neither,0.03945320844208391,0.33037608806864915,0.630170703489267
wassup shroud 4Head,neither,0.33529425248498695,0.08556156890646638,0.5791441786085466
shroudW shroudMilk shroudW shroudMilk shroudW shroudMilk,neither,0.03945320844208391,0.33037608806864915,0.630170703489267
We did it reddit! we made it,neither,0.03666239461204088,0.3359798419938034,0.6273577633941558
!crosshiar,neither,0.03945320844208391,0.33037608806864915,0.630170703489267
@Gjustin79 Definitely not lol,neither,0.028686134975525485,0.40632965742528654,0.564984207599188
фоофф,neither,0.03945320844208391,0.33037608806864915,0.630170703489267
PJSalt,neither,0.03945320844208391,0.33037608806864915,0.630170703489267
"@Romtrax lol idk, he said ""ill fix it later""",neither,0.03626988527353311,0.36903774313654397,0.5946923715899228
!crosshair,neither,0.03945320844208391,0.33037608806864915,0.630170703489267
"@fuzzydiva Shroud's crosshair: cl_crosshairstyle 4;cl_crosshairsize 3.5;cl_crosshairgap -2;cl_crosshairthickness 1.5;cl_crosshaircolor ""5"";cl_crosshaircolor_b ""255"";cl_crosshaircolor_g ""127"";cl_crosshaircolor_r ""0""",neither,0.03945320844208391,0.33037608806864915,0.630170703489267
PJSalt,neither,0.03945320844208391,0.33037608806864915,0.630170703489267
sh000d highlights are coming,neither,0.06570933842133944,0.2849107252319666,0.6493799363466941
!config,neither,0.03945320844208391,0.33037608806864915,0.630170703489267
I'm so early here :O,neither,0.11738296980308997,0.3001058512618564,0.5825111789350537
5 minutes DansGame,neither,0.03945320844208391,0.33037608806864915,0.630170703489267
Pretty sure this song is the sound of robot rape,neither,0.03951347728771491,0.4083255175684675,0.5521610051438176
yo shroudy may i ask when the next lan is ?,neither,0.03701135888479976,0.3944112378314623,0.5685774032837378
Back to normal sub icons shroudW shroudW shroudW,neither,0.04590410481577139,0.32660229392215434,0.6274936012620743
Dad shroudKenz,neither,0.03945320844208391,0.33037608806864915,0.630170703489267
shroudHype shroudHype shroudHype shroudHype shroudPigeon,neither,0.03945320844208391,0.33037608806864915,0.630170703489267
!commands,neither,0.03945320844208391,0.33037608806864915,0.630170703489267
@dalyxia http://hnlbot.com/commands/shroud,neither,0.03558056210193769,0.1941005909087057,0.7703188469893567
@Illex11 The major they just qualified for is at the beginning of april,neither,0.03592147636066085,0.3188183199686251,0.6452602036707141
HeyGuys,neither,0.03945320844208391,0.33037608806864915,0.630170703489267
thanks Romtrax,neither,0.035884468650613,0.3004919205142699,0.6636236108351171
Shroooooooodddyyy,neither,0.03945320844208391,0.33037608806864915,0.630170703489267
Shroooooooooooooooood,neither,0.03945320844208391,0.33037608806864915,0.630170703489267
STREAM STARTING HYPE,neither,0.03945320844208391,0.33037608806864915,0.630170703489267
please tell me this intro also has highlights of you @Shroud,neither,0.04403240174343289,0.3824528647442694,0.5735147335122978
shroud how does it feel that half a million love your stream?,neither,0.03943663499855213,0.44660802868835997,0.5139553363130879
notice me senpai,neither,0.030417710561350883,0.38017139541472955,0.5894108940239196
wtf,offensive_language,0.04410695246022759,0.7898861884776351,0.16600685906213722
were is my host?,neither,0.03494705897041658,0.3926104061331535,0.5724425348964298
SHROUDDD,neither,0.03945320844208391,0.33037608806864915,0.630170703489267
shrood Pogchamp,neither,0.03945320844208391,0.33037608806864915,0.630170703489267
!uptime,neither,0.03945320844208391,0.33037608806864915,0.630170703489267
@xoutlawzz Channel shroud has been live for 05m and 58s,neither,0.037527441653855145,0.2724964938497483,0.6899760644963965
PogChamp,neither,0.03945320844208391,0.33037608806864915,0.630170703489267
shroud still at home?,neither,0.037159923095891306,0.3835977028693495,0.5792423740347592
weeeeeeeeee,neither,0.03945320844208391,0.33037608806864915,0.630170703489267
Yes he is,neither,0.06356978563790174,0.3220812912908292,0.614348923071269
PLESSE left align the time. The time shouldn't move based on the width of the last digit.,neither,0.03534105407560233,0.3251560418353574,0.6395029040890403
shrrrrrrr0d,neither,0.03945320844208391,0.33037608806864915,0.630170703489267
I wonder if mikey is back at the team house or still in cadnadia,neither,0.030256332278271843,0.3783406270677984,0.5914030406539298
4 minutes PogChamp,neither,0.03945320844208391,0.33037608806864915,0.630170703489267
yeah DJteejay,offensive_language,0.013968601452186464,0.5182923869769311,0.4677390115708824
yey shroud <3,neither,0.03945320844208391,0.33037608806864915,0.630170703489267
SHROODT,neither,0.03945320844208391,0.33037608806864915,0.630170703489267
No shroud is currently in the space station MiniK,neither,0.0440465421721414,0.3267012172213044,0.6292522406065543
What if it not start in 3:50 ?,neither,0.025050371065914404,0.3835010736985769,0.5914485552355087
WOOP WOOP,neither,0.03945320844208391,0.33037608806864915,0.630170703489267
There we go <3,neither,0.04083933629015207,0.27628362646603744,0.6828770372438104
home shroud is the best shroooood,neither,0.04802359878022903,0.298116727498004,0.653859673721767
shroudH,neither,0.03945320844208391,0.33037608806864915,0.630170703489267
he's still in canda,neither,0.047480985084702554,0.3523145089963581,0.6002045059189395
"@Kelsey562, back at team house",neither,0.03856876544548215,0.3572810993328984,0.6041501352216195
"@shroud i just bought ur mouse (love it), do u play with the acceleration on in cs or is it better to leave it off?",neither,0.043245003913103756,0.3571070963511857,0.5996478997357106
"@Deezalol The time is dancing, prick.",neither,0.04439869986144505,0.3307314880754444,0.6248698120631104
why isnt the timer in the middle,neither,0.02840869715419536,0.31574312852424646,0.6558481743215582
AN INTRO???,neither,0.03981285152760139,0.32427200631375713,0.6359151421586414
I need attention. D: someone say hi to me,neither,0.038086780841177614,0.35910684760095973,0.6028063715578627
ermigerd its shroud,neither,0.02700859978372578,0.3346563596412867,0.6383350405749875
cmon shroud,neither,0.03945320844208391,0.33037608806864915,0.630170703489267
OH MA GAWD,neither,0.03763770205866353,0.392764426443903,0.5695978714974335
cloud9 will play at iem?,neither,0.040386367645771,0.33039847279085716,0.6292151595633718
shroud should go for Global its harder than FPL Kappa,neither,0.03866270965673222,0.3390839595880331,0.6222533307552347
Its so early in Canada right now,neither,0.03493968701295447,0.36322643817955724,0.6018338748074883
"@Extayza, Then we are fucked",offensive_language,0.08011024703744846,0.7402191377850948,0.17967061517745658
shroudW,neither,0.03945320844208391,0.33037608806864915,0.630170703489267
hey OfficialAshe,neither,0.03945320844208391,0.33037608806864915,0.630170703489267
"@OfficialAshe, plz",neither,0.03945320844208391,0.33037608806864915,0.630170703489267
Yo,offensive_language,0.04010381111145228,0.5271105317972344,0.4327856570913131
NotLikeThis,neither,0.03945320844208391,0.33037608806864915,0.630170703489267
whatup shrood,neither,0.03945320844208391,0.33037608806864915,0.630170703489267
any mods in here that can !followage me?,neither,0.07500055524282151,0.3734226597095957,0.5515767850475828
ayyyy lmao,neither,0.03705015143476208,0.3711622369619404,0.5917876116032975
HELLO>,neither,0.03945320844208391,0.33037608806864915,0.630170703489267
HeyGuys,neither,0.03945320844208391,0.33037608806864915,0.630170703489267
?*,neither,0.03945320844208391,0.33037608806864915,0.630170703489267
LOL,neither,0.020706217963973744,0.4882283491876925,0.4910654328483337
LOL,neither,0.020706217963973744,0.4882283491876925,0.4910654328483337
LOL,neither,0.020706217963973744,0.4882283491876925,0.4910654328483337
shrood,neither,0.03945320844208391,0.33037608806864915,0.630170703489267
me neither @Shroud,neither,0.029745916725130588,0.38422124305356675,0.5860328402213026
Great time in aus right now,neither,0.03535849290350465,0.3433583993772349,0.6212831077192604
true,neither,0.03945320844208391,0.33037608806864915,0.630170703489267
"jayminn_, No need to repeat yourself, 15 seconds!",neither,0.043457677903368325,0.3365650039950161,0.6199773181016155
haha 10min is to long,neither,0.0533763749134125,0.40477796166944197,0.5418456634171456
FapFapFap,neither,0.03945320844208391,0.33037608806864915,0.630170703489267
d0pe,neither,0.03945320844208391,0.33037608806864915,0.630170703489267
It's preference GreeenMan7 but most people leave it off: ),neither,0.05841671893305982,0.3384928026110466,0.6030904784558935
Pølse,neither,0.03945320844208391,0.33037608806864915,0.630170703489267
just do a one min,neither,0.03514391679299953,0.3863238169553978,0.5785322662516027
THE VOICE OF GOD,neither,0.038392133011361324,0.31087360149663706,0.6507342654920015
LOL,neither,0.020706217963973744,0.4882283491876925,0.4910654328483337
LOL,neither,0.020706217963973744,0.4882283491876925,0.4910654328483337
lol,neither,0.020706217963973744,0.4882283491876925,0.4910654328483337
HI,neither,0.03945320844208391,0.33037608806864915,0.630170703489267
lol,neither,0.020706217963973744,0.4882283491876925,0.4910654328483337
Loool,neither,0.03945320844208391,0.33037608806864915,0.630170703489267
LOL,neither,0.020706217963973744,0.4882283491876925,0.4910654328483337
IS THAT GOD???,neither,0.04603099569876459,0.3921302072017056,0.5618387970995297
lmao,neither,0.03705015143476208,0.3711622369619404,0.5917876116032975
Ruined,neither,0.03945320844208391,0.33037608806864915,0.630170703489267
LOL,neither,0.020706217963973744,0.4882283491876925,0.4910654328483337
@Shroud Are you playing this year iem?,neither,0.10775133257240732,0.3277057900267977,0.5645428774007949
firstworldproblems,neither,0.03945320844208391,0.33037608806864915,0.630170703489267
Ruined,neither,0.03945320844208391,0.33037608806864915,0.630170703489267
shroudW,neither,0.03945320844208391,0.33037608806864915,0.630170703489267
is that him???,neither,0.04620931021248168,0.39927732290185464,0.5545133668856637
RUIN3ED,neither,0.03945320844208391,0.33037608806864915,0.630170703489267
Global is Haarder than fpl in EU,neither,0.04761878926886864,0.3354280027194655,0.6169532080116659
yeah it is,neither,0.02284425235486851,0.4879300177747006,0.4892257298704309
Just end the timer lol,neither,0.02438502007893024,0.4047798286992521,0.5708351512218176
MORGAN FREEMAN,neither,0.03945320844208391,0.33037608806864915,0.630170703489267
CoolCat,neither,0.03945320844208391,0.33037608806864915,0.630170703489267
nice intro tho,neither,0.035746731971922296,0.3386582127075602,0.6255950553205175
!song,neither,0.038601720699969956,0.3448280572582511,0.616570222041779
@js63339 Frame of Mike (ditto) https://www.youtube.com/watch?v=SCD2tB1qILc (ditto),neither,0.042638247836313065,0.32928060696907324,0.6280811451946137
Heloo From Romaniaaa,neither,0.04228451509352876,0.2823214250720796,0.6753940598343917
@hokkeh Kappa,neither,0.03945320844208391,0.33037608806864915,0.630170703489267
!res,neither,0.03945320844208391,0.33037608806864915,0.630170703489267
@shorten the timer DansGame,neither,0.03613032604487659,0.2619290779399786,0.7019405960151449
mangoBANGER mangoBANGER mangoBANGER mangoBANGER mangoBANGER mangoBANGER mangoBANGER mangoBANGER mangoBANGER mangoBANGER,neither,0.03945320844208391,0.33037608806864915,0.630170703489267
Shorten the timer,neither,0.03613032604487659,0.2619290779399786,0.7019405960151449
speed up count down,neither,0.037089954221237904,0.37785297046895616,0.5850570753098059
not in middle?,neither,0.037656208998315205,0.33715918670943873,0.625184604292246
GOD.....IS THAT YOU,offensive_language,0.07978087581325882,0.47082332999085214,0.44939579419588915
@shroud What's up Mike! :),neither,0.042761715638813,0.3910812427007923,0.5661570416603946
The lines collide @shroud,neither,0.03827813141413388,0.3087027896769399,0.6530190789089262
Hello @shroud,neither,0.03945320844208391,0.33037608806864915,0.630170703489267
PUT SOME FKING METALLICA @Shroud,neither,0.03153841875139005,0.3441834107404837,0.6242781705081263
Its too much to the right,neither,0.03304530606269418,0.33715859365249823,0.6297961002848077
At least it makes you look like youre early Kappa,neither,0.06914228198277893,0.3687202437313376,0.5621374742858836
no he was talking about the moving lines,neither,0.04086036983951742,0.3494849819498266,0.6096546482106561
Left align the time,neither,0.036694634985150736,0.33523182422341025,0.628073540791439
Mau5pølse,neither,0.03945320844208391,0.33037608806864915,0.630170703489267
10x Deviljokern,neither,0.03945320844208391,0.33037608806864915,0.630170703489267
@Shroud Align the time left,neither,0.036694634985150736,0.33523182422341025,0.628073540791439
Yes,neither,0.03945320844208391,0.33037608806864915,0.630170703489267
Voice of an angel Kreygasm,neither,0.03977148772629565,0.32497405797283474,0.6352544543008697
It's right aligned atm,neither,0.03703556045053566,0.350036889439141,0.6129275501103233
the time isnt centered,neither,0.037773456454441,0.3330352733587154,0.6291912701868437
lol I love it,neither,0.022055634306850848,0.4469456750562876,0.5309986906368616
JUST END IT,neither,0.03139011401287775,0.3613781023483156,0.6072317836388067
NO it has to hit 0,neither,0.045528054050477273,0.3352636468841029,0.6192082990654199
one set of the lines hit each other,neither,0.03816947256086132,0.3411881148198527,0.620642412619286
fast forward timer video,neither,0.04460271089581154,0.24297559229839819,0.7124216968057904
"@shroud, If you end the timer ill sub",neither,0.03323973219905739,0.40648915730170804,0.5602711104992346
Is he playing iem with clouds or no?,neither,0.039268219365710455,0.3690821392379277,0.591649641396362
@Shroud how do I improve my head tracking while in fights?,neither,0.03238509714226645,0.39739575101431,0.5702191518434235
Put a faded c9 logo in the back @shroud,neither,0.03874059070409613,0.3174065733129016,0.6438528359830022
wait i have to get my food Kappa,neither,0.03406051475144535,0.40798308082986884,0.5579564044186859
he has to clean his hands after fapping Kappa,neither,0.06937881798668642,0.3219817125162338,0.6086394694970799
Hi,neither,0.03945320844208391,0.33037608806864915,0.630170703489267
"Schönen guten Morgen @shroud, greetings from Germany!",neither,0.04069404815304118,0.30931579984010865,0.6499901520068502
@shroud do you like fruit loops?????,neither,0.06817760304984377,0.38652954556818886,0.5452928513819674
DansGame what is this starting now screen,neither,0.052588257019411944,0.32540256012618485,0.6220091828544031
The time is moving based on the width of the last digit just needs to be left aligned.,neither,0.04121645606678901,0.3319638622619615,0.6268196816712495
shroudKenz shroudH,neither,0.03945320844208391,0.33037608806864915,0.630170703489267
@shroud I need to kno2,neither,0.05540472761621201,0.3179541454987824,0.6266411268850055
moin moin,neither,0.03945320844208391,0.33037608806864915,0.630170703489267
yeah it really doesnt matter still love you dad,neither,0.03241268116115844,0.4651698828921661,0.5024174359466755
shroudH shroudH shroudH shroudH shroudH shroudH shroudH,neither,0.03945320844208391,0.33037608806864915,0.630170703489267
Shroud you could play your 2014 highlight reel vid at the start instead of just having a timer?,neither,0.058945528393059096,0.3628620501268193,0.5781924214801215
Maybe different coloured lines??,neither,0.04119356609970386,0.30083767664728406,0.6579687572530122
@shroud build the cities rootkit remix,neither,0.038777448100483225,0.3180893615764114,0.6431331903231053
FPS,neither,0.03945320844208391,0.33037608806864915,0.630170703489267
@shroud Hi,neither,0.03945320844208391,0.33037608806864915,0.630170703489267
I come for only the intros,neither,0.029233094131840862,0.31086590944459486,0.6599009964235643
what's the plan today shroud?,neither,0.043004306622624784,0.2871372538046874,0.6698584395726879
"Shroud, I love you, do you love me?",offensive_language,0.06159121354524348,0.5208879225092911,0.4175208639454654
make it black or racist cmonBruh,hate_speech,0.6017416645034125,0.06069832948657904,0.3375600060100084
make sure the c9 logo is like light blue,neither,0.04784407821529885,0.4260297697389178,0.5261261520457834
sykoyo was very mean to me :'(,neither,0.03773668002859342,0.3714932483941589,0.5907700715772477
OH,neither,0.051363287716059566,0.22255663153133606,0.7260800807526044
"some c9 player, doesnt even think to add the logo here",neither,0.05724036066444874,0.36852259516772,0.5742370441678312
Who cares?,neither,0.040403862360956846,0.4246612884383157,0.5349348492007274
lol,neither,0.020706217963973744,0.4882283491876925,0.4910654328483337
MY,offensive_language,0.011017215557639733,0.6062201221254095,0.3827626623169507
"@Shroud, you mean its not like summit Kappa",neither,0.05311046044656854,0.3831415694886861,0.5637479700647454
damn,offensive_language,0.042479326866149344,0.9516554255713155,0.005865247562535126
WTF,offensive_language,0.04410695246022759,0.7898861884776351,0.16600685906213722
GOD,neither,0.03945320844208391,0.33037608806864915,0.630170703489267
lazy Kappa,neither,0.03945320844208391,0.33037608806864915,0.630170703489267
I WAS NOT SKITTLEZ,neither,0.036436282539421896,0.34531201776490117,0.6182516996956771
Devil this isnt summit Keepo,neither,0.03938105095636224,0.33160078891737743,0.6290181601262603
FeelsBadMan,neither,0.03945320844208391,0.33037608806864915,0.630170703489267
yo what if I make a video for you,neither,0.037655050924539225,0.37490763236544994,0.5874373167100109
FPL,neither,0.03945320844208391,0.33037608806864915,0.630170703489267
Kreygasm,neither,0.03945320844208391,0.33037608806864915,0.630170703489267
Do we have to wait?,neither,0.048919196900029424,0.3387948914079907,0.6122859116919799
then why is there a count down DansGame,neither,0.03497405354696909,0.30245204532458875,0.6625739011284422
What is FPL?,neither,0.08191733112755817,0.31109320414220176,0.6069894647302402
FeelsBadMan,neither,0.03945320844208391,0.33037608806864915,0.630170703489267
YOUR FACE shroudKenz,neither,0.11151362794270651,0.3100867331600259,0.5783996388972676
shrood :D,neither,0.03945320844208391,0.33037608806864915,0.630170703489267
prepare,neither,0.03945320844208391,0.33037608806864915,0.630170703489267
we just want see your beautiful face we dont here for intro KappaPride,neither,0.07913981453610956,0.296407666467978,0.6244525189959124
Its going to be sexy shroud KappaPride,neither,0.03802383223440767,0.3633018535737046,0.5986743141918879
i care throw some sponsors up on the screen too,neither,0.028210821841694243,0.38439405659078957,0.5873951215675162
c`mon already,neither,0.03824400498539436,0.350899426498222,0.6108565685163837
why are we hearing shroud while watching time running,neither,0.045088866042779036,0.32542464497643847,0.6294864889807825
skittlez2113 trying to slander my name nataSigh,neither,0.03417125471591976,0.40419267956926236,0.5616360657148181
PogChamp such a pro streamer,neither,0.03974505732766822,0.325422650815386,0.6348322918569457
hi guys,neither,0.03930687933907141,0.3328596748352989,0.6278334458256297
shroudKenz shroudHype shroudPigeon shroudPigeon shroudPigeon shroudPigeon,neither,0.03945320844208391,0.33037608806864915,0.630170703489267
YES you were sykoyo you were sooo mean to me that i almost had to cry,neither,0.0605549418792024,0.40078495473330095,0.5386601033874966
"Teeben, faceitproleague",neither,0.03945320844208391,0.33037608806864915,0.630170703489267
why a countdown then? FailFish,neither,0.021696371545431324,0.3579269295346362,0.6203766989199324
sellout hype,neither,0.03945320844208391,0.33037608806864915,0.630170703489267
shroud u r the best,neither,0.03652221034163643,0.28968136375604325,0.6737964259023204
1 min till stream ends Kappa Biblethump,neither,0.03945320844208391,0.33037608806864915,0.630170703489267
did you make this overlay shroud?,neither,0.06697636514002757,0.40808287074037125,0.5249407641196011
FeelsBadMan THIS FeelsBadMan USED FeelsBadMan TO FeelsBadMan BE FeelsBadMan A FeelsBadMan HIGH FeelsBadMan QUALITY FeelsBadMan STREAM FeelsBadMan,neither,0.04178027511161957,0.3924015263879865,0.565818198500394
"G'day folks, how are we? XoxRenegade",neither,0.06766952870361637,0.27065858332372483,0.6616718879726587
hi,neither,0.03945320844208391,0.33037608806864915,0.630170703489267
Ohhh fancy,neither,0.03945320844208391,0.33037608806864915,0.630170703489267
OH SHIT,offensive_language,0.04652059265363964,0.9534729203614298,6.486984930600159e-06
PogChamp,neither,0.03945320844208391,0.33037608806864915,0.630170703489267
WHAT!>!>,neither,0.057770773616808734,0.3180719994247239,0.6241572269584672
lol....,neither,0.020706217963973744,0.4882283491876925,0.4910654328483337
Nice effect.,neither,0.03945320844208391,0.33037608806864915,0.630170703489267
@shroud DO YOU LOVE ME KAPPAAA?,offensive_language,0.04861672530493997,0.5033558767238073,0.44802739797125274
HELP,neither,0.03945320844208391,0.33037608806864915,0.630170703489267
PogCham,neither,0.03945320844208391,0.33037608806864915,0.630170703489267
OH WTF,offensive_language,0.053313926279162975,0.6384506129561178,0.3082354607647192
wooow,neither,0.03945320844208391,0.33037608806864915,0.630170703489267
1min HYPE,neither,0.03945320844208391,0.33037608806864915,0.630170703489267
IM SCARED,neither,0.038256595597773745,0.3757511155271296,0.5859922888750968
WOOOO,neither,0.03945320844208391,0.33037608806864915,0.630170703489267
shroudKenz shroudKenz shroudKenz,neither,0.03945320844208391,0.33037608806864915,0.630170703489267
:o,neither,0.03945320844208391,0.33037608806864915,0.630170703489267
skittlez2113 STOP LYING,neither,0.03942153514695878,0.4390047713226595,0.5215736935303816
PogChamp,neither,0.03945320844208391,0.33037608806864915,0.630170703489267
@Shroud what was freak saying at the qual when spunj shot him in the face in the air during that 1v1,neither,0.029867230795401305,0.36359400888374366,0.6065387603208551
@Shroud we're expecting a full zoom in on your face when the countdown ends...,neither,0.07219567127049564,0.3317504333845481,0.5960538953449562
new intro? HYPE,neither,0.04269030592239468,0.2499718561535303,0.707337837924075
PogChamp,neither,0.03945320844208391,0.33037608806864915,0.630170703489267
hiiiiii,neither,0.03945320844208391,0.33037608806864915,0.630170703489267
PogChamp,neither,0.03945320844208391,0.33037608806864915,0.630170703489267
ahahaha,neither,0.03945320844208391,0.33037608806864915,0.630170703489267
jk,neither,0.03945320844208391,0.33037608806864915,0.630170703489267
elllo,neither,0.03945320844208391,0.33037608806864915,0.630170703489267
get HYPE!!!,neither,0.038748607996866635,0.3423349964846169,0.6189163955185166
SHIT MAJOR ?,offensive_language,0.042778901370415214,0.9570980634122361,0.00012303521734879664
wheres the women!? shroudKenz shroudKenz,neither,0.04762191312855526,0.38728191511170523,0.5650961717597395
Now thats production value right thurr,neither,0.0385194322591818,0.348595937093087,0.6128846306477311
shroudWithIt shroudWithIt shroudWithIt shroudWithIt shroudWithIt shroudWithIt shroudWithIt,neither,0.03945320844208391,0.33037608806864915,0.630170703489267
houston we have a problem!!!!!,neither,0.038758952814433305,0.3421594179326879,0.6190816292528788
wtf,offensive_language,0.04410695246022759,0.7898861884776351,0.16600685906213722
@teeben FaceitProLeague,neither,0.03945320844208391,0.33037608806864915,0.630170703489267
ITS HAPPENING PogChamp,neither,0.03309144916294284,0.33256418880705063,0.6343443620300065
@teak HiiiI!!!!,neither,0.03945320844208391,0.33037608806864915,0.630170703489267
sykoyo i dont lie you KNOW i am right you big meanie :/,neither,0.04635768622402047,0.46317298789943584,0.49046932587654357
SO DRAMATIC LOL,neither,0.03080375186084608,0.4473486123266851,0.5218476358124687
hello @Madsabre,neither,0.03945320844208391,0.33037608806864915,0.630170703489267
SHROOMA,neither,0.03945320844208391,0.33037608806864915,0.630170703489267
Hey shroudy!!!! danapexSubHype,neither,0.03945320844208391,0.33037608806864915,0.630170703489267
"What's up ,boyzzz",neither,0.04549209283961305,0.43877665191533993,0.5157312552450469
TTours,neither,0.03945320844208391,0.33037608806864915,0.630170703489267
ive never seen this before :O,neither,0.0327335102120048,0.42173973091612754,0.5455267588718676
Shroooooooooood,neither,0.03945320844208391,0.33037608806864915,0.630170703489267
THE NUMBERS ARE OFF CENTRE DansGame,neither,0.06909768936820347,0.2607573462133809,0.6701449644184156
shroudH shroudHype shroudHype shroudWhiff shroudOverit shroudSellout shroudWhiff,neither,0.03945320844208391,0.33037608806864915,0.630170703489267
shroudHype shroudHype shroudHype shroudHype shroudH shroudH shroudH shroudH shroudH,neither,0.03945320844208391,0.33037608806864915,0.630170703489267
shroudInsane shroudInsane shroudInsane shroudInsane,neither,0.03945320844208391,0.33037608806864915,0.630170703489267
yeah they are def. off center lol,neither,0.03465182232212172,0.4243422949345921,0.5410058827432863
10,neither,0.03945320844208391,0.33037608806864915,0.630170703489267
cool,neither,0.03945320844208391,0.33037608806864915,0.630170703489267
10,neither,0.03945320844208391,0.33037608806864915,0.630170703489267
You got them fancy graphics now shroud,neither,0.07723903732049171,0.42585992195602046,0.49690104072348784
shroudH shroudH shroudH shroudH shroudH shroudH shroudH shroudSellout shroudSellout shroudSellout shroudSellout shroudSellout shroudSellout shroudSellout,neither,0.03945320844208391,0.33037608806864915,0.630170703489267
!crosshair,neither,0.03945320844208391,0.33037608806864915,0.630170703489267
sub boy,neither,0.03945320844208391,0.33037608806864915,0.630170703489267
"@aninda88 Shroud's crosshair: cl_crosshairstyle 4;cl_crosshairsize 3.5;cl_crosshairgap -2;cl_crosshairthickness 1.5;cl_crosshaircolor ""5"";cl_crosshaircolor_b ""255"";cl_crosshaircolor_g ""127"";cl_crosshaircolor_r ""0""",neither,0.03945320844208391,0.33037608806864915,0.630170703489267
Any tips on improving? @Shroud,neither,0.03715949248615546,0.3413367981722212,0.6215037093416235
"its spinning so fast, my head oh :(",neither,0.029381306925790048,0.41328905925509596,0.557329633819114
tarikAyy tarikAyy tarikAyy tarikAyy,neither,0.03945320844208391,0.33037608806864915,0.630170703489267
shroudHype shroudHype shroudHype shroudHype,neither,0.03945320844208391,0.33037608806864915,0.630170703489267
MrDestructoid MrDestructoid MrDestructoid,neither,0.03945320844208391,0.33037608806864915,0.630170703489267
MingLee MingLee MingLee MingLee,neither,0.03945320844208391,0.33037608806864915,0.630170703489267
HeyGuys,neither,0.03945320844208391,0.33037608806864915,0.630170703489267
4,neither,0.03945320844208391,0.33037608806864915,0.630170703489267
