text,top_class,hate_speech,offensive_language,neither
herer we go,neither,0.04147345988742768,0.3436210257558678,0.6149055143567045
@Shroud went online for a few seconds,neither,0.03468916164967782,0.3065730582019646,0.6587377801483576
just give us a play by play thru caht,neither,0.06288306127957631,0.37447690849979537,0.5626400302206283
IT IS,neither,0.059603583318096655,0.32344545014120724,0.616950966540696
Stream takes a few seconds shroudPalm,neither,0.03945320844208391,0.33037608806864915,0.630170703489267
there we go,neither,0.04083933629015207,0.27628362646603744,0.6828770372438104
THERE WE GO,neither,0.04083933629015207,0.27628362646603744,0.6828770372438104
NA stream,neither,0.03945320844208391,0.33037608806864915,0.630170703489267
there it is,neither,0.051988479486451335,0.2532541473775745,0.6947573731359742
LIAAAAAAR,neither,0.03945320844208391,0.33037608806864915,0.630170703489267
@Shroud its up,neither,0.02540825348022648,0.4347329232452923,0.5398588232744811
LIVE BOIS,neither,0.04432795846917474,0.32869943799973295,0.6269726035310923
It's up now,neither,0.0326566094559588,0.4277930717497354,0.5395503187943058
AW YUS,neither,0.03945320844208391,0.33037608806864915,0.630170703489267
"napaant, Stop yelling! See you in 15 seconds",neither,0.052441039038334566,0.43256876652701853,0.5149901944346469
wait wtf,offensive_language,0.043276161762225984,0.6669941063855993,0.2897297318521747
I LOVE YOU SHROUD,offensive_language,0.079837142191777,0.5038574454704381,0.4163054123377849
shroudC \m/,neither,0.03945320844208391,0.33037608806864915,0.630170703489267
HE'S DINKED,neither,0.057568607992634975,0.3241453714706532,0.6182860205367118
okay,neither,0.03945320844208391,0.33037608806864915,0.630170703489267
i gues it works,neither,0.03748292270080534,0.33105375968371464,0.63146331761548
3mins countdown WutFace,neither,0.03945320844208391,0.33037608806864915,0.630170703489267
Shroud!!!!!!! :D,neither,0.03945320844208391,0.33037608806864915,0.630170703489267
THERE it is,neither,0.051988479486451335,0.2532541473775745,0.6947573731359742
let me quick close Kripps stream,neither,0.023119495960005225,0.38605529248274134,0.5908252115572535
LIARRRRRRRRRRRRRRRRRRRRRR,neither,0.03945320844208391,0.33037608806864915,0.630170703489267
godShroud,neither,0.03945320844208391,0.33037608806864915,0.630170703489267
NA Streamers 4Head,neither,0.03945320844208391,0.33037608806864915,0.630170703489267
shroud just dinked himself,neither,0.03331941323160596,0.3597841023585925,0.6068964844098015
Lol,neither,0.020706217963973744,0.4882283491876925,0.4910654328483337
SHROOOOOOOOOOOOOOOOOOD!!!!!!!!!!!,neither,0.03945320844208391,0.33037608806864915,0.630170703489267
pls see that,neither,0.03513268085760685,0.3774614411121692,0.5874058780302239
shroudPigeon shroudPigeon shroudPigeon shroudPigeon,neither,0.03945320844208391,0.33037608806864915,0.630170703489267
Kappa,neither,0.03945320844208391,0.33037608806864915,0.630170703489267
hail to the shroud!!!!,neither,0.04640110081943009,0.30710242613806105,0.6464964730425088
Aussie Aussie Aussie OI OI OI,neither,0.03945320844208391,0.33037608806864915,0.630170703489267
Alright nice,neither,0.03945320844208391,0.33037608806864915,0.630170703489267
Who,offensive_language,0.04159901189299763,0.525362713080101,0.4330382750269014
!nvidia,neither,0.03945320844208391,0.33037608806864915,0.630170703489267
@broly_0 I hope this video covers it http://oddshot.tv/shot/shroud-2015121931237495,neither,0.061181854500068834,0.13428085298939826,0.804537292510533
HeyGuyd,neither,0.03945320844208391,0.33037608806864915,0.630170703489267
OI OI OI,neither,0.03945320844208391,0.33037608806864915,0.630170703489267
Shroood,neither,0.03945320844208391,0.33037608806864915,0.630170703489267
shroudPigeon shroudPigeon shroudPigeon shroudPigeon shroudPigeon shroudPigeon shroudPigeon shroudPigeon shroudPigeon shroudPigeon,neither,0.03945320844208391,0.33037608806864915,0.630170703489267
HAIL SHROUD baby Oh Yeah,neither,0.028635296873079797,0.38743739148375195,0.5839273116431681
I'm here sonicC,neither,0.22097653003277068,0.2221615150675793,0.55686195489965
Ey shr00die,neither,0.03945320844208391,0.33037608806864915,0.630170703489267
Shroud back at it again with the bullshit,offensive_language,0.03187789500175767,0.5580101897310457,0.41011191526719654
HI,neither,0.03945320844208391,0.33037608806864915,0.630170703489267
hello,neither,0.03945320844208391,0.33037608806864915,0.630170703489267
FUCK U shroud!!!,offensive_language,0.34803241646388117,0.6519675835059184,3.0200377847433446e-11
Hiii,neither,0.03945320844208391,0.33037608806864915,0.630170703489267
you are late Senpai Kreygasm,neither,0.1320967695807393,0.32328927997286355,0.544613950446397
AUSSIE AUSSIE AUSSIE,neither,0.03945320844208391,0.33037608806864915,0.630170703489267
PogChamp,neither,0.03945320844208391,0.33037608806864915,0.630170703489267
ayyy whaaaat,neither,0.03945320844208391,0.33037608806864915,0.630170703489267
hi,neither,0.03945320844208391,0.33037608806864915,0.630170703489267
LET'S FUCKING GOOOOOOOO,offensive_language,0.06154342179252139,0.93845446922182,2.1089856587295113e-06
shroudW shroudW shroudW shroudW shroudW,neither,0.03945320844208391,0.33037608806864915,0.630170703489267
Haaaaail to the shroooooood,neither,0.06348207243887267,0.2676115413284709,0.6689063862326565
shroudGasm,neither,0.03945320844208391,0.33037608806864915,0.630170703489267
There we go lol,neither,0.030604181750326195,0.35321741334758433,0.6161784049020895
shrooooood,neither,0.03945320844208391,0.33037608806864915,0.630170703489267
hi shroud,neither,0.03945320844208391,0.33037608806864915,0.630170703489267
my cat just scratched my arm AGHHH,neither,0.022427864189068003,0.46394956665208725,0.5136225691588449
Wooo,neither,0.03945320844208391,0.33037608806864915,0.630170703489267
am I hearing avenged sevenfold,neither,0.03921286583597828,0.3304587529119439,0.6303283812520779
SHROOOOOOOOOOOD,neither,0.03945320844208391,0.33037608806864915,0.630170703489267
XD,neither,0.03945320844208391,0.33037608806864915,0.630170703489267
what time is it for shrouds now DansGame,neither,0.04495907428976702,0.31191210886675846,0.6431288168434744
Hi Mike :),neither,0.03945320844208391,0.33037608806864915,0.630170703489267
Hail to the moeMini,neither,0.04640110081943009,0.30710242613806105,0.6464964730425088
SHROUD I WAS GONNA SLEEP WHY DO DIS,neither,0.02926398922963577,0.3913134492679033,0.5794225615024609
quarter to 1 hestsegel4,neither,0.048130220539261186,0.32534975247243236,0.6265200269883066
IM MAKING PIZZA ROLLS PogChamp,neither,0.039362704398098886,0.3474699220629232,0.613167373538978
Hi Guys How's Life ???,neither,0.03589067264030139,0.3913894287381831,0.5727198986215155
rofl @shroud i just tweeted if youre comin online,neither,0.030372720346801937,0.3755686025382656,0.5940586771149325
Hail to the Mike,neither,0.04484206441208735,0.31182398643042,0.6433339491574925
:(,neither,0.03945320844208391,0.33037608806864915,0.630170703489267
Shrooouuuudddd,neither,0.03945320844208391,0.33037608806864915,0.630170703489267
4Head,neither,0.03945320844208391,0.33037608806864915,0.630170703489267
THANKS FOR SAVING ME SHROUD,neither,0.025858904505081114,0.3258158193774451,0.6483252761174737
hey @shroud :) It´s a shame that summit didn´t wanna go for a race :P,neither,0.13608588801769966,0.1437507794573966,0.7201633325249037
unboxing without us,neither,0.10549329356105346,0.3164195475759196,0.5780871588630269
shroudPigeon shroudPigeon shroudPigeon shroudPigeon shroudPigeon,neither,0.03945320844208391,0.33037608806864915,0.630170703489267
OPENING CASES PogChamp,neither,0.03945320844208391,0.33037608806864915,0.630170703489267
PogChamp,neither,0.03945320844208391,0.33037608806864915,0.630170703489267
ITS SHROOD OR SHROD,neither,0.02955967397367121,0.33377892824632044,0.6366613977800084
Where u at senpai,neither,0.04153297286352031,0.31596721261946403,0.6424998145170158
time to play some division tomorrow with shroud and summit so hyped tbh Kreygasm,neither,0.03134463618543198,0.3670878800019016,0.6015674838126663
in my country is 9;46 good morning :P,neither,0.04629928493221418,0.28527399388511604,0.6684267211826698
itsKlassic share some brah shroudKenz,neither,0.031614627453434845,0.34403868448068003,0.6243466880658852
Nah I have college in 4hours and I was just watching porn before I head to bed but shroud went live lol,neither,0.031090577434791485,0.4396005332435285,0.5293088893216801
PogChamp,neither,0.03945320844208391,0.33037608806864915,0.630170703489267
zfgujokp,neither,0.03945320844208391,0.33037608806864915,0.630170703489267
case opening monday with shroud,neither,0.030306852289965158,0.3616842018689847,0.6080089458410503
@biglaw always starting so late WutFace,neither,0.03767754446995603,0.42856526351315377,0.5337571920168901
I can hear him playing in background,neither,0.03956956197013837,0.3284012650390541,0.6320291729908075
Watch him get a knife,neither,0.043979167867823535,0.33886871475629726,0.6171521173758792
shroud notice me senpai,neither,0.030417710561350883,0.38017139541472955,0.5894108940239196
hi,neither,0.03945320844208391,0.33037608806864915,0.630170703489267
TWD IS OUT BOIS,neither,0.04298286967795935,0.3456606680791451,0.6113564622428956
10/10 music Kreygasm,neither,0.03945320844208391,0.33037608806864915,0.630170703489267
@Tadew_tv get dual monitors,neither,0.03779508335914271,0.3585187980877974,0.6036861185530599
s1mple Kappa,neither,0.03945320844208391,0.33037608806864915,0.630170703489267
it's 10;47 am here by me xD,neither,0.06522505928040542,0.3695460319550123,0.5652289087645822
twd?,neither,0.03945320844208391,0.33037608806864915,0.630170703489267
the walking dead was so good,neither,0.037724832359767264,0.3594617868394295,0.6028133808008034
I like cock,offensive_language,0.08185802473886261,0.8867581765044359,0.03138379875670146
Time to do 0 work and watch shroud 4Head,neither,0.05334141126711719,0.30205896437772667,0.6445996243551563
walking dead :D,neither,0.03945320844208391,0.33037608806864915,0.630170703489267
Good Morning from Germany BloodTrail,neither,0.047113903593888,0.1884587531496598,0.7644273432564522
It's 12 am here,neither,0.0924304505686997,0.2876582199084121,0.6199113295228882
where do i find link to watch TWD?,neither,0.05887926725689156,0.21945590215867153,0.7216648305844369
oh lel,neither,0.0450478101092574,0.2772031091301225,0.6777490807606199
The Walking shroudDad,neither,0.038094223839034866,0.3051615267085359,0.6567442494524292
1,neither,0.03945320844208391,0.33037608806864915,0.630170703489267
rip races summit is a loser Kappa,neither,0.04411216339850323,0.3287736598199498,0.6271141767815469
this song Kreygasm,neither,0.03854389284817469,0.34580954682188375,0.6156465603299416
60,neither,0.03945320844208391,0.33037608806864915,0.630170703489267
It's three here,neither,0.10307781036653302,0.28105672976544543,0.6158654598680215
4Head,neither,0.03945320844208391,0.33037608806864915,0.630170703489267
59,neither,0.03945320844208391,0.33037608806864915,0.630170703489267
The walking dead DansGame that's show is so bad,neither,0.05257231729135847,0.3223183433619201,0.6251093393467214
Anyone live in California bois,neither,0.058713929610775845,0.32375144284676166,0.6175346275424625
Goodnight from California domeC,neither,0.06053217123314179,0.3060746819648318,0.6333931468020264
DRUMS Kreygasm,neither,0.03945320844208391,0.33037608806864915,0.630170703489267
Been waiting for this,neither,0.03225335089020066,0.30458758418225923,0.6631590649275401
Play hell yes - Gucci mane and I will sub for first time,offensive_language,0.031706822084178986,0.5211648756168179,0.44712830229900313
61,neither,0.03945320844208391,0.33037608806864915,0.630170703489267
"shrooooudyy love watching ur stream, might sub sometime. my dreaam is to become a proffesional CS:GO Player just like u. in my opinion ur have the sickest aim ever. :)",neither,0.05013812295625939,0.43594442531877464,0.513917451724966
It's 7:30pm here In Australia,neither,0.07210091264332177,0.30189992400288135,0.6259991633537968
Let me nut on you arch,neither,0.025956026640849887,0.4830993397999356,0.4909446335592146
whisper me TWD link,neither,0.03283986054399416,0.3659885343794379,0.601171605076568
im hjere to fuck bitches,offensive_language,0.009669646509235989,0.9903303534907522,1.1925393597806735e-14
shroud your my favorite player,offensive_language,0.04705924120701434,0.4990784310814933,0.4538623277114923
shroudDad shroudMilk,neither,0.03945320844208391,0.33037608806864915,0.630170703489267
60,neither,0.03945320844208391,0.33037608806864915,0.630170703489267
@shroud Hey shroud what's up !,neither,0.0433431907507055,0.40145735541964916,0.5551994538296453
less than a minute!!,neither,0.03897899331289516,0.33842475641384984,0.622596250273255
oh no i have 200 words essay due today but im still here waiting shroud to stream NotLikeThis,neither,0.06195933015547859,0.313960912033348,0.6240797578111735
It's 12:30,neither,0.03783097668730213,0.3309340479575331,0.6312349753551647
morning trilluxeHutAb,neither,0.05283876784042269,0.1031882115525248,0.8439730206070525
50,neither,0.03945320844208391,0.33037608806864915,0.630170703489267
siemka kro z PL,neither,0.03945320844208391,0.33037608806864915,0.630170703489267
Shrood PogChamp,neither,0.03945320844208391,0.33037608806864915,0.630170703489267
Kippa WholeWheat,neither,0.03945320844208391,0.33037608806864915,0.630170703489267
55,neither,0.03945320844208391,0.33037608806864915,0.630170703489267
@Thecoolcoms u know it,neither,0.0363205210129566,0.3314535629267956,0.6322259160602478
Pls shroud,neither,0.03945320844208391,0.33037608806864915,0.630170703489267
46,neither,0.03945320844208391,0.33037608806864915,0.630170703489267
@aznoh12345 same here,neither,0.14187967449237004,0.2733123625359359,0.584807962971694
50,neither,0.03945320844208391,0.33037608806864915,0.630170703489267
I have never seen this screen before. Weird,neither,0.033218226902337784,0.41641049283601694,0.5503712802616453
35,neither,0.03945320844208391,0.33037608806864915,0.630170703489267
It's late in cali,neither,0.03802410380869628,0.33086762268452513,0.6311082735067784
50sec,neither,0.03945320844208391,0.33037608806864915,0.630170703489267
22,neither,0.03945320844208391,0.33037608806864915,0.630170703489267
40,neither,0.03945320844208391,0.33037608806864915,0.630170703489267
PogChamp,neither,0.03945320844208391,0.33037608806864915,0.630170703489267
47,neither,0.03945320844208391,0.33037608806864915,0.630170703489267
40,neither,0.03945320844208391,0.33037608806864915,0.630170703489267
45,neither,0.03945320844208391,0.33037608806864915,0.630170703489267
"love watching ur stream, might sub sometime. my dreaam is to become a proffesional CS:GO Player just like u. in my opinion ur have the sickest aim ever. :)",neither,0.05013812295625939,0.43594442531877464,0.513917451724966
39,neither,0.03945320844208391,0.33037608806864915,0.630170703489267
What is this music? This isn't EmoPoppins stream,neither,0.05041992676690853,0.3274135908025284,0.6221664824305632
THE FINAL COUNTDOWN,neither,0.03823111495552092,0.3078022189530705,0.6539666660914085
HYYPE,neither,0.03945320844208391,0.33037608806864915,0.630170703489267
OSkomodo VoHiYo KappaWealth BCouch OSfrog,neither,0.03945320844208391,0.33037608806864915,0.630170703489267
30,neither,0.03945320844208391,0.33037608806864915,0.630170703489267
Gogo EvilFetus,neither,0.03945320844208391,0.33037608806864915,0.630170703489267
Its in sync with the song,neither,0.02087694194766363,0.3658192153381288,0.6133038427142076
2,neither,0.03945320844208391,0.33037608806864915,0.630170703489267
40,neither,0.03945320844208391,0.33037608806864915,0.630170703489267
35,neither,0.03945320844208391,0.33037608806864915,0.630170703489267
30 secs,neither,0.03945320844208391,0.33037608806864915,0.630170703489267
morning guys from the beatiful Greece,neither,0.04589157892901265,0.18991301406889788,0.7641954070020894
1,neither,0.03945320844208391,0.33037608806864915,0.630170703489267
1,neither,0.03945320844208391,0.33037608806864915,0.630170703489267
35,neither,0.03945320844208391,0.33037608806864915,0.630170703489267
Don't sub mode pls,neither,0.03945320844208391,0.33037608806864915,0.630170703489267
30,neither,0.03945320844208391,0.33037608806864915,0.630170703489267
25,neither,0.03945320844208391,0.33037608806864915,0.630170703489267
Tease is real Kreygasm,neither,0.03965329969105626,0.46120400369286463,0.49914269661607924
0,neither,0.03945320844208391,0.33037608806864915,0.630170703489267
18,neither,0.03945320844208391,0.33037608806864915,0.630170703489267
30,neither,0.03945320844208391,0.33037608806864915,0.630170703489267
playing hail to the king as his stream starts... this guy Kappa,neither,0.053812999178779915,0.3430322819098,0.60315471891142
Hello,neither,0.03945320844208391,0.33037608806864915,0.630170703489267
shroudHype shroudHype shroudHype shroudHype,neither,0.03945320844208391,0.33037608806864915,0.630170703489267
happy new year Kappa,neither,0.04260376239574173,0.2521930200197278,0.7052032175845305
20,neither,0.03945320844208391,0.33037608806864915,0.630170703489267
Almost,neither,0.03945320844208391,0.33037608806864915,0.630170703489267
32,neither,0.03945320844208391,0.33037608806864915,0.630170703489267
25,neither,0.03945320844208391,0.33037608806864915,0.630170703489267
29,neither,0.03945320844208391,0.33037608806864915,0.630170703489267
mangoW mangoW mangoW mangoW mangoW mangoW,neither,0.03945320844208391,0.33037608806864915,0.630170703489267
i bet chat cant keep up with this countdown Kappa,neither,0.030390522106798934,0.3916391527000777,0.5779703251931232
10,neither,0.03945320844208391,0.33037608806864915,0.630170703489267
22,neither,0.03945320844208391,0.33037608806864915,0.630170703489267
Shroud !,neither,0.03945320844208391,0.33037608806864915,0.630170703489267
10,neither,0.03945320844208391,0.33037608806864915,0.630170703489267
walking dead EleGiggle slower then steam support ResidentSleeper @freakymrp,neither,0.05840936585013456,0.323856196290001,0.6177344378598645
15,neither,0.03945320844208391,0.33037608806864915,0.630170703489267
84915619848156132189,neither,0.03945320844208391,0.33037608806864915,0.630170703489267
Wake and Bake,neither,0.03863938909859739,0.2890606948523695,0.672299916049033
20,neither,0.03945320844208391,0.33037608806864915,0.630170703489267
25,neither,0.03945320844208391,0.33037608806864915,0.630170703489267
20,neither,0.03945320844208391,0.33037608806864915,0.630170703489267
10,neither,0.03945320844208391,0.33037608806864915,0.630170703489267
6,neither,0.03945320844208391,0.33037608806864915,0.630170703489267
It's the final countdown dadadada dadododdo,neither,0.036466366492476206,0.30979339092760133,0.6537402425799225
1,neither,0.03945320844208391,0.33037608806864915,0.630170703489267
!sub,neither,0.03945320844208391,0.33037608806864915,0.630170703489267
@vegz33 Subscribe here https://secure.twitch.tv/products/meclipse/ticket?ref=in_chat_subscriber_link,neither,0.06283698991218,0.3096097700840702,0.6275532400037498
20,neither,0.03945320844208391,0.33037608806864915,0.630170703489267
15,neither,0.03945320844208391,0.33037608806864915,0.630170703489267
12,neither,0.03945320844208391,0.33037608806864915,0.630170703489267
10,neither,0.03945320844208391,0.33037608806864915,0.630170703489267
Yay shroud <3,neither,0.03945320844208391,0.33037608806864915,0.630170703489267
shroudPalm shroudPalm shroudPalm,neither,0.03945320844208391,0.33037608806864915,0.630170703489267
hey shroud how you been?,neither,0.062274676532429386,0.4023905288491283,0.5353347946184422
5,neither,0.03945320844208391,0.33037608806864915,0.630170703489267
8,neither,0.03945320844208391,0.33037608806864915,0.630170703489267
10,neither,0.03945320844208391,0.33037608806864915,0.630170703489267
69,neither,0.03945320844208391,0.33037608806864915,0.630170703489267
69,neither,0.03945320844208391,0.33037608806864915,0.630170703489267
4,neither,0.03945320844208391,0.33037608806864915,0.630170703489267
7,neither,0.03945320844208391,0.33037608806864915,0.630170703489267
8,neither,0.03945320844208391,0.33037608806864915,0.630170703489267
3,neither,0.03945320844208391,0.33037608806864915,0.630170703489267
Shrud,neither,0.03945320844208391,0.33037608806864915,0.630170703489267
10,neither,0.03945320844208391,0.33037608806864915,0.630170703489267
6,neither,0.03945320844208391,0.33037608806864915,0.630170703489267
5,neither,0.03945320844208391,0.33037608806864915,0.630170703489267
1,neither,0.03945320844208391,0.33037608806864915,0.630170703489267
15,neither,0.03945320844208391,0.33037608806864915,0.630170703489267
@shroud :D,neither,0.03945320844208391,0.33037608806864915,0.630170703489267
3,neither,0.03945320844208391,0.33037608806864915,0.630170703489267
69,neither,0.03945320844208391,0.33037608806864915,0.630170703489267
ayyyim here,neither,0.22097653003277068,0.2221615150675793,0.55686195489965
1,neither,0.03945320844208391,0.33037608806864915,0.630170703489267
155,neither,0.03945320844208391,0.33037608806864915,0.630170703489267
6,neither,0.03945320844208391,0.33037608806864915,0.630170703489267
2,neither,0.03945320844208391,0.33037608806864915,0.630170703489267
10,neither,0.03945320844208391,0.33037608806864915,0.630170703489267
3,neither,0.03945320844208391,0.33037608806864915,0.630170703489267
@a_soapy_biscuit FailFish 4Head,neither,0.03945320844208391,0.33037608806864915,0.630170703489267
5,neither,0.03945320844208391,0.33037608806864915,0.630170703489267
1,neither,0.03945320844208391,0.33037608806864915,0.630170703489267
2,neither,0.03945320844208391,0.33037608806864915,0.630170703489267
21,neither,0.03945320844208391,0.33037608806864915,0.630170703489267
11,neither,0.03945320844208391,0.33037608806864915,0.630170703489267
69,neither,0.03945320844208391,0.33037608806864915,0.630170703489267
shroudHype,neither,0.03945320844208391,0.33037608806864915,0.630170703489267
5,neither,0.03945320844208391,0.33037608806864915,0.630170703489267
3,neither,0.03945320844208391,0.33037608806864915,0.630170703489267
WOOO,neither,0.03945320844208391,0.33037608806864915,0.630170703489267
1,neither,0.03945320844208391,0.33037608806864915,0.630170703489267
We Live Boizzzz,neither,0.04675156173251523,0.3319383047908141,0.6213101334766706
hype,neither,0.03945320844208391,0.33037608806864915,0.630170703489267
2,neither,0.03945320844208391,0.33037608806864915,0.630170703489267
1,neither,0.03945320844208391,0.33037608806864915,0.630170703489267
10,neither,0.03945320844208391,0.33037608806864915,0.630170703489267
5,neither,0.03945320844208391,0.33037608806864915,0.630170703489267
5,neither,0.03945320844208391,0.33037608806864915,0.630170703489267
58!,neither,0.03945320844208391,0.33037608806864915,0.630170703489267
5,neither,0.03945320844208391,0.33037608806864915,0.630170703489267
5,neither,0.03945320844208391,0.33037608806864915,0.630170703489267
2,neither,0.03945320844208391,0.33037608806864915,0.630170703489267
Shroud getting them last bong rips In,neither,0.04594700072010583,0.3756569033437228,0.5783960959361713
1,neither,0.03945320844208391,0.33037608806864915,0.630170703489267
3,neither,0.03945320844208391,0.33037608806864915,0.630170703489267
10,neither,0.03945320844208391,0.33037608806864915,0.630170703489267
2,neither,0.03945320844208391,0.33037608806864915,0.630170703489267
1,neither,0.03945320844208391,0.33037608806864915,0.630170703489267
4Head,neither,0.03945320844208391,0.33037608806864915,0.630170703489267
4,neither,0.03945320844208391,0.33037608806864915,0.630170703489267
!,neither,0.03945320844208391,0.33037608806864915,0.630170703489267
omg hi,neither,0.03945320844208391,0.33037608806864915,0.630170703489267
1,neither,0.03945320844208391,0.33037608806864915,0.630170703489267
PogChamp,neither,0.03945320844208391,0.33037608806864915,0.630170703489267
@burritosupremee it's funny because it's true EleGiggle,neither,0.03574198238374543,0.34860912730622196,0.6156488903100326
3,neither,0.03945320844208391,0.33037608806864915,0.630170703489267
"shroud im 65, no job, no gf and still play cs 80 hours a week am I a bad person?",neither,0.03597845287634513,0.34650449313384013,0.6175170539898147
1,neither,0.03945320844208391,0.33037608806864915,0.630170703489267
suhhh dude,neither,0.03945320844208391,0.33037608806864915,0.630170703489267
69,neither,0.03945320844208391,0.33037608806864915,0.630170703489267
2,neither,0.03945320844208391,0.33037608806864915,0.630170703489267
Shroud,neither,0.03945320844208391,0.33037608806864915,0.630170703489267
1,neither,0.03945320844208391,0.33037608806864915,0.630170703489267
Aznobot: Shroud We Begin The Stream,neither,0.03855338237673458,0.31856859919101593,0.6428780184322496
8,neither,0.03945320844208391,0.33037608806864915,0.630170703489267
hi,neither,0.03945320844208391,0.33037608806864915,0.630170703489267
wussup,neither,0.03945320844208391,0.33037608806864915,0.630170703489267
shroudPigeon shroudPigeon shroudPigeon shroudPigeon,neither,0.03945320844208391,0.33037608806864915,0.630170703489267
9,neither,0.03945320844208391,0.33037608806864915,0.630170703489267
suhhh dude sumOhface,neither,0.03945320844208391,0.33037608806864915,0.630170703489267
suh dude,neither,0.03945320844208391,0.33037608806864915,0.630170703489267
PogChamp,neither,0.03945320844208391,0.33037608806864915,0.630170703489267
lol,neither,0.020706217963973744,0.4882283491876925,0.4910654328483337
Wassup G,neither,0.33529425248498695,0.08556156890646638,0.5791441786085466
!uptime,neither,0.03945320844208391,0.33037608806864915,0.630170703489267
@mindis7142 Channel shroud has been live for 05m and 31s,neither,0.037527441653855145,0.2724964938497483,0.6899760644963965
shroudH shroudH shroudH shroudH,neither,0.03945320844208391,0.33037608806864915,0.630170703489267
hello!;),neither,0.03945320844208391,0.33037608806864915,0.630170703489267
ruined,neither,0.03945320844208391,0.33037608806864915,0.630170703489267
wassssssssssupppppp shrood,neither,0.03945320844208391,0.33037608806864915,0.630170703489267
siemka shroud,neither,0.03945320844208391,0.33037608806864915,0.630170703489267
<,neither,0.03945320844208391,0.33037608806864915,0.630170703489267
13 INCHES PogChamp,neither,0.03945320844208391,0.33037608806864915,0.630170703489267
"@shroud, YOU HAD 1 JOB",neither,0.06682669760786862,0.4046366867679777,0.5285366156241538
<3,neither,0.03945320844208391,0.33037608806864915,0.630170703489267
PogChamp,neither,0.03945320844208391,0.33037608806864915,0.630170703489267
i really love this guy i hope he read this,neither,0.07151273321705409,0.2537538244493154,0.6747334423336306
Vodka,neither,0.03945320844208391,0.33037608806864915,0.630170703489267
HEY @shroud,neither,0.03945320844208391,0.33037608806864915,0.630170703489267
hey Shroud my friend jarrod said that you suck dick and he could beat you in a am map,offensive_language,0.08597804346106101,0.7655595373718137,0.14846241916712527
@Flamboyant_fish no Kappa,neither,0.03852177801590115,0.3461848932406789,0.6152933287434199
wassuh homeie,neither,0.03945320844208391,0.33037608806864915,0.630170703489267
"@shroud, HI DAD PogChamp",neither,0.03945320844208391,0.33037608806864915,0.630170703489267
!uptime,neither,0.03945320844208391,0.33037608806864915,0.630170703489267
Suhhh,neither,0.03945320844208391,0.33037608806864915,0.630170703489267
beast and the harloooooot,neither,0.037657150692712346,0.2640157801365756,0.6983270691707121
SwiftRage shroudMilk,neither,0.03945320844208391,0.33037608806864915,0.630170703489267
"Whats up man, just subbed last night!",neither,0.02968122166850053,0.4286464836694969,0.5416722946620026
Suhh dude,neither,0.03945320844208391,0.33037608806864915,0.630170703489267
chewing gum again shroudPalm,neither,0.03787289996591749,0.3571980471856688,0.6049290528484137
Hey Mike :),neither,0.03945320844208391,0.33037608806864915,0.630170703489267
<3 SHROUD <3,neither,0.03945320844208391,0.33037608806864915,0.630170703489267
@shroud Hello Mike!,neither,0.03945320844208391,0.33037608806864915,0.630170703489267
fanatRock fanatRock fanatRock,neither,0.03945320844208391,0.33037608806864915,0.630170703489267
Shrood hey,neither,0.03945320844208391,0.33037608806864915,0.630170703489267
Harro @shroud OpieOP,neither,0.03945320844208391,0.33037608806864915,0.630170703489267
@shroud what resolution do you play on cs,neither,0.0550316213455215,0.37127917542195615,0.5736892032325224
Is vodka for sure 4Head,neither,0.03512947826369844,0.42505187007889006,0.5398186516574116
A7X?,neither,0.03945320844208391,0.33037608806864915,0.630170703489267
@shroud y u switch 2.1 sens to 2.0,neither,0.04933872857823877,0.32467903856640173,0.6259822328553595
Yo all,offensive_language,0.0442429900723323,0.6692139528629907,0.2865430570646771
Avenge s7fold???,neither,0.03945320844208391,0.33037608806864915,0.630170703489267
@Shroud SUP PIMP!,neither,0.03945320844208391,0.33037608806864915,0.630170703489267
suh,neither,0.03945320844208391,0.33037608806864915,0.630170703489267
!playlist,neither,0.03945320844208391,0.33037608806864915,0.630170703489267
Hey @shroud,neither,0.03945320844208391,0.33037608806864915,0.630170703489267
hi,neither,0.03945320844208391,0.33037608806864915,0.630170703489267
!song,neither,0.038601720699969956,0.3448280572582511,0.616570222041779
@mxscrwdvr Frame of Mike (ditto) https://www.youtube.com/watch?v=SCD2tB1qILc (ditto),neither,0.042638247836313065,0.32928060696907324,0.6280811451946137
olofmDEAL olofmDEAL olofmDEAL olofmDEAL,neither,0.03945320844208391,0.33037608806864915,0.630170703489267
"@freakymrp, EleGiggle",neither,0.03945320844208391,0.33037608806864915,0.630170703489267
Bat country Kreygasm,neither,0.04578640453062269,0.3281978115212781,0.6260157839480992
Sick music,neither,0.03945320844208391,0.33037608806864915,0.630170703489267
ayy,neither,0.03945320844208391,0.33037608806864915,0.630170703489267
This month is my 1 year resub FeelsGoodMan,neither,0.034281129900998235,0.4209680988786249,0.544750771220377
??,neither,0.03945320844208391,0.33037608806864915,0.630170703489267
Yo Shroud and chat! shroudH,neither,0.03842306393137395,0.36229979844338855,0.5992771376252376
Bat country???,neither,0.04578640453062269,0.3281978115212781,0.6260157839480992
L,neither,0.03945320844208391,0.33037608806864915,0.630170703489267
shroudPigeon shroudPigeon shroudPigeon shroudPigeon shroudPigeon shroudPigeon shroudPigeon shroudPigeon shroudPigeon shroudPigeon shroudPigeon shroudPigeon shroudPigeon shroudPigeon,neither,0.03945320844208391,0.33037608806864915,0.630170703489267
Shroud 1v1 me no balls,offensive_language,0.03759510604937235,0.5325886733664168,0.4298162205842109
A7X,neither,0.03945320844208391,0.33037608806864915,0.630170703489267
"@Shroud, play mia next PogChamp",neither,0.038695433627609695,0.3432375043049525,0.6180670620674379
Shroud saving the night Kreygasm,neither,0.030072121886440716,0.3113704799722058,0.6585573981413534
so a short stream is 7 hours right? Kappa,neither,0.04390443953811219,0.3694652453299944,0.5866303151318935
mant his is the best part watching shroud playing DM Kreygasm,neither,0.06517115625950852,0.3111980489068023,0.6236307948336891
olofm1v1,neither,0.03945320844208391,0.33037608806864915,0.630170703489267
so im guessing u r all about 12 y/o,neither,0.03879857754671176,0.47980264655641003,0.4813987758968782
Any giveaways tonight?,neither,0.03593546998268386,0.30091899910283626,0.6631455309144799
avenged sevenfold PogChamp,neither,0.03945320844208391,0.33037608806864915,0.630170703489267
!ingame,neither,0.03945320844208391,0.33037608806864915,0.630170703489267
giveaway? @Shroud Kappa,neither,0.03945320844208391,0.33037608806864915,0.630170703489267
FIRSt,neither,0.02604892428726219,0.3349864360510187,0.6389646396617191
"olkrviking69: shrooooudyy love watching ur stream, might sub sometime. my dreaam is to become a proffesional CS:GO Player just like u. in my opinion ur have the sickest aim ever. :)",neither,0.05013812295625939,0.43594442531877464,0.513917451724966
@shroud how much extra fps do your sneakers give you??,neither,0.07811747392244808,0.36060000574679046,0.5612825203307615
Could I link a parts list and someone tell me if its good ?,neither,0.022394005278432584,0.361956041480395,0.6156499532411724
@shroud yell and wake everyone up Kappa,neither,0.03301787445674572,0.4079102026337216,0.5590719229095328
"hi from Russia, shrood",neither,0.040448203274868214,0.31348842902670915,0.6460633676984228
shroud with a goatee (puke),neither,0.026862448990530186,0.3752934049572424,0.5978441460522274
nice A7X,neither,0.03945320844208391,0.33037608806864915,0.630170703489267
been waiting on you to start since summit beat heavy rain,neither,0.05062262728733932,0.36499176099233294,0.5843856117203277
"@SamL_tv, fake sub FeelsBadMan",neither,0.03945320844208391,0.33037608806864915,0.630170703489267
this song reminds me of high school lol,neither,0.026391666890820304,0.464982471751797,0.5086258613573826
seeing summit play heavy rain was pretty funny lol,neither,0.034300561513443115,0.37312510536966276,0.592574333116894
where is the house at,neither,0.05013722581712976,0.29719814567852804,0.6526646285043423
"Jed_furlo, 12 y/o's have school tomorrow",neither,0.03892593298399386,0.33932532867172854,0.6217487383442776
cuz its 12 am,neither,0.03320034504093738,0.3325267345211222,0.6342729204379404
here,neither,0.22097653003277068,0.2221615150675793,0.55686195489965
mangoBANGER mangoBANGER mangoBANGER mangoBANGER mangoBANGER mangoBANGER,neither,0.03945320844208391,0.33037608806864915,0.630170703489267
!sens,neither,0.03945320844208391,0.33037608806864915,0.630170703489267
@ruslanjackson DPI: 400 - Ingame : 2.0 - Windows: 6/11 - Raw-Input: On - 1000 Hz Polling Rate,neither,0.03781786467716525,0.33814216926935486,0.6240399660534798
Sup,neither,0.03945320844208391,0.33037608806864915,0.630170703489267
!video,neither,0.049266163358008055,0.16382463337382713,0.7869092032681648
Shroud what was your favorite team you played on before c9?,neither,0.08081430751241137,0.4194134983712023,0.49977219411638624
!settings,neither,0.03945320844208391,0.33037608806864915,0.630170703489267
!song,neither,0.038601720699969956,0.3448280572582511,0.616570222041779
"@Shroud jw, what stickers are on your p250? can't tell with my awful internet",neither,0.05786848337249863,0.3797425182870649,0.5623889983404363
@jorean_kesus good point,neither,0.0384949807179819,0.3307056665230775,0.6307993527589406
!uptime,neither,0.03945320844208391,0.33037608806864915,0.630170703489267
@sanitythebum Channel shroud has been live for 07m and 11s,neither,0.037527441653855145,0.2724964938497483,0.6899760644963965
Hey I have to go to sleep soon so I ought to ask,neither,0.05638563402923194,0.3634117222250629,0.5802026437457053
show us ur settings can u,neither,0.1963730189912378,0.2075475145837135,0.5960794664250487
Mornin everybody,neither,0.03945320844208391,0.33037608806864915,0.630170703489267
play heavy rain PogChamp,neither,0.03945320844208391,0.33037608806864915,0.630170703489267
@shroud can you please post your correct crosshair color???,neither,0.08506640377532468,0.35499393746282243,0.5599396587618529
!settings,neither,0.03945320844208391,0.33037608806864915,0.630170703489267
Hey,neither,0.03945320844208391,0.33037608806864915,0.630170703489267
@sh',neither,0.03945320844208391,0.33037608806864915,0.630170703489267
JDM PogChamp,neither,0.03945320844208391,0.33037608806864915,0.630170703489267
lol,neither,0.020706217963973744,0.4882283491876925,0.4910654328483337
Suhhhh dude,neither,0.03945320844208391,0.33037608806864915,0.630170703489267
Case opening tonight?,neither,0.037005267236402704,0.3098773435738328,0.6531173891897645
@shroud I'm get a Cloud9 pro hoodie and I want to start streaming can I stream with that hoodie ON?????,neither,0.03381171174295422,0.35156550801370556,0.6146227802433403
JDM DansGame,neither,0.03945320844208391,0.33037608806864915,0.630170703489267
PLAY HEAVY RAIN,neither,0.03945320844208391,0.33037608806864915,0.630170703489267
sooomit,neither,0.03945320844208391,0.33037608806864915,0.630170703489267
Middle aged man simulator ?,neither,0.039536465178783176,0.37604457594606167,0.584418958875155
summit is the sumPuzzle @Shroud,neither,0.04766640742991612,0.3094440240255625,0.6428895685445215
suuuh dude,neither,0.03945320844208391,0.33037608806864915,0.630170703489267
KappaPride,neither,0.03945320844208391,0.33037608806864915,0.630170703489267
!trade,neither,0.03945320844208391,0.33037608806864915,0.630170703489267
Oh watching your boyfriend play heavy rain nice,neither,0.06363220179160194,0.2919761921984847,0.6443916060099133
@hokkeh send trade offers to Shroud here: http://steamcommunity.com/tradeoffer/new/?partner=4515926&token=vFY2imwk,neither,0.06516270802337387,0.20938262408035854,0.7254546678962676
ROFL,neither,0.03945320844208391,0.33037608806864915,0.630170703489267
"@DexteRekt, gassyHeart",neither,0.03945320844208391,0.33037608806864915,0.630170703489267
Couldn't get off Kappa,neither,0.03898489844351427,0.33832453093608067,0.6226905706204051
"Just in, shroud hates his donators",neither,0.06353402586065161,0.3574200166084358,0.5790459575309126
shroudPigeon shroudPigeon shroudPigeon shroudPigeon,neither,0.03945320844208391,0.33037608806864915,0.630170703489267
SUH dude,neither,0.03945320844208391,0.33037608806864915,0.630170703489267
i did the exact tsame tign,neither,0.03852103807766899,0.3133075119741584,0.6481714499481727
sumCreeper sumCreeper sumCreeper sumCreeper sumCreeper sumCreeper sumCreeper sumCreeper sumCreeper sumCreeper,neither,0.03945320844208391,0.33037608806864915,0.630170703489267
dat stream,neither,0.03945320844208391,0.33037608806864915,0.630170703489267
"@GivingClaw, shroudH",neither,0.03945320844208391,0.33037608806864915,0.630170703489267
My birthday is the 9th :D,neither,0.03403632016865866,0.39369870892368247,0.5722649709076588
shroudW shroudMilk,neither,0.03945320844208391,0.33037608806864915,0.630170703489267
You get addicted to everything mike I swear,neither,0.05880066727994804,0.3709690356428064,0.5702302970772456
!video,neither,0.049266163358008055,0.16382463337382713,0.7869092032681648
@Shroud where is the facial hair at? you used to look like a 90s hacker nerd now you're just shroud,neither,0.09130139025175657,0.3642634037208565,0.5444352060273868
jdm,neither,0.03945320844208391,0.33037608806864915,0.630170703489267
WutFace,neither,0.03945320844208391,0.33037608806864915,0.630170703489267
@Shroud did you see the part where he couldn't get the motion for the bandages in the hotel room? shroudPalm shroudPalm shroudPalm shroudPalm,neither,0.04523684008707533,0.2895367802224919,0.6652263796904327
@shroud did you see s1imple sold the awp:( it was so special,neither,0.08409403870408222,0.374474813078382,0.5414311482175357
I really hope someone highlights the disinfection part,neither,0.06659755562228739,0.2285679453659074,0.7048344990118052
what was the summit thing?? WHAT HAPPENED,neither,0.04675512505950716,0.3145534089050611,0.6386914660354317
Speaking of getting off Kappa brb,neither,0.03665607376723198,0.3778507634406845,0.5854931627920835
!uptime,neither,0.03945320844208391,0.33037608806864915,0.630170703489267
@hekks2g Channel shroud has been live for 08m and 01s,neither,0.037527441653855145,0.2724964938497483,0.6899760644963965
Shrod or shroud ?,neither,0.03945320844208391,0.33037608806864915,0.630170703489267
sumSwag sumSwag sumSwag sumSwag sumSwag sumSwag,neither,0.03945320844208391,0.33037608806864915,0.630170703489267
