text,top_class,hate_speech,offensive_language,neither
fuck yeah,offensive_language,0.10370730243492932,0.8962908387340361,1.8588310345579474e-06
FUCK YEAH,offensive_language,0.10370730243492932,0.8962908387340361,1.8588310345579474e-06
RIP freak,neither,0.03945320844208391,0.33037608806864915,0.630170703489267
PogChamp,neither,0.03945320844208391,0.33037608806864915,0.630170703489267
Daddy,neither,0.03945320844208391,0.33037608806864915,0.630170703489267
PogChamp PogChamp PogChamp PogChamp,neither,0.03945320844208391,0.33037608806864915,0.630170703489267
SAH DUDE,neither,0.03945320844208391,0.33037608806864915,0.630170703489267
Hi,neither,0.03945320844208391,0.33037608806864915,0.630170703489267
shroudHype shroudHype shroudHype shroudHype shroudHype shroudHype shroudHype,neither,0.03945320844208391,0.33037608806864915,0.630170703489267
First,neither,0.02604892428726219,0.3349864360510187,0.6389646396617191
Daddy PogChamp,neither,0.03945320844208391,0.33037608806864915,0.630170703489267
Dad?,neither,0.03945320844208391,0.33037608806864915,0.630170703489267
@djayyy143 Frame of Mike (ditto) https://www.youtube.com/watch?v=SCD2tB1qILc (ditto),neither,0.042638247836313065,0.32928060696907324,0.6280811451946137
"Now Playing: One Look (feat. Mammals) by LVTHER, The Mammals - Listen now: http://spoti.fi/1KvuvYC",neither,0.03828564379070929,0.30435887271103773,0.6573554834982531
c9 adren Kreygasm,neither,0.03945320844208391,0.33037608806864915,0.630170703489267
SHROOOOOD,neither,0.03945320844208391,0.33037608806864915,0.630170703489267
FREAK DIED :),neither,0.03945320844208391,0.33037608806864915,0.630170703489267
hi,neither,0.03945320844208391,0.33037608806864915,0.630170703489267
Rip FREAKAZOID,neither,0.03945320844208391,0.33037608806864915,0.630170703489267
PAPUSHROOD,neither,0.03945320844208391,0.33037608806864915,0.630170703489267
"basedgabriel, No need to repeat yourself, 15 seconds!",neither,0.043457677903368325,0.3365650039950161,0.6199773181016155
shroud dad :( y did freak leave :((((,neither,0.03945320844208391,0.33037608806864915,0.630170703489267
What happened to Freakazoid,neither,0.05760574859169443,0.31930944110771653,0.623084810300589
-bully +adren,neither,0.03945320844208391,0.33037608806864915,0.630170703489267
Rip rayn,neither,0.03945320844208391,0.33037608806864915,0.630170703489267
RIP FREAK,neither,0.03945320844208391,0.33037608806864915,0.630170703489267
Why freak leave@shroud,neither,0.02772516931047648,0.34715747767884836,0.6251173530106751
"RIP, Freak",neither,0.03945320844208391,0.33037608806864915,0.630170703489267
OMG,neither,0.03945320844208391,0.33037608806864915,0.630170703489267
rip freak tbh guise,neither,0.03945320844208391,0.33037608806864915,0.630170703489267
YAAAAAAA SHROUD :D,neither,0.03945320844208391,0.33037608806864915,0.630170703489267
Hello))),neither,0.03945320844208391,0.33037608806864915,0.630170703489267
Ayl,neither,0.03945320844208391,0.33037608806864915,0.630170703489267
4:20 Kreygasm,neither,0.03945320844208391,0.33037608806864915,0.630170703489267
RIP BULLY,neither,0.03945320844208391,0.33037608806864915,0.630170703489267
SHROOD TIME,neither,0.036668274527354654,0.377643684699956,0.5856880407726893
!uptime,neither,0.03945320844208391,0.33037608806864915,0.630170703489267
@depricator Channel shroud is not live!,neither,0.05158998041372838,0.33065313973924526,0.6177568798470263
Freakgod,neither,0.03945320844208391,0.33037608806864915,0.630170703489267
yo this is about to be a dank stream,neither,0.05001895182316562,0.4007636259366679,0.5492174222401666
shroud tweet,neither,0.03945320844208391,0.33037608806864915,0.630170703489267
Rip fREAKAZOID,neither,0.03945320844208391,0.33037608806864915,0.630170703489267
HEY,neither,0.03945320844208391,0.33037608806864915,0.630170703489267
RIP FREAK BibleThump,neither,0.03945320844208391,0.33037608806864915,0.630170703489267
YAY SHROUD,neither,0.03945320844208391,0.33037608806864915,0.630170703489267
Freak left/got kicked,neither,0.038303517315579697,0.3716683679060952,0.5900281147783252
SHrroooOOODD,neither,0.03945320844208391,0.33037608806864915,0.630170703489267
music is low af :(,neither,0.04796088319583159,0.3274499085962834,0.6245892082078851
RIP sleep,neither,0.03945320844208391,0.33037608806864915,0.630170703489267
Shroudddddd <3 <3,neither,0.03945320844208391,0.33037608806864915,0.630170703489267
SHROUD,neither,0.03945320844208391,0.33037608806864915,0.630170703489267
shroud remember to tweet,neither,0.04880308449302245,0.32497554427941994,0.6262213712275576
CYA FREAK,neither,0.03945320844208391,0.33037608806864915,0.630170703489267
@landwalrus freak left I think I don't think he got kicked,neither,0.043035211461676104,0.34850213152545023,0.6084626570128738
shroudW shroudMilk shroudHype shroudHype shroudHype,neither,0.03945320844208391,0.33037608806864915,0.630170703489267
Rip my slepp,neither,0.024985982894059355,0.44732365358011106,0.5276903635258295
"landwalrus, Stop yelling! See you in 15 seconds",neither,0.052441039038334566,0.43256876652701853,0.5149901944346469
put some Parkway Drive on Kappa,neither,0.0263136879883275,0.444836583134621,0.5288497288770515
This streams about to be lit boys,neither,0.043553068061226156,0.35221509873691503,0.6042318332018589
Gej,neither,0.03945320844208391,0.33037608806864915,0.630170703489267
shroud remember to tweet,neither,0.04880308449302245,0.32497554427941994,0.6262213712275576
adreN,neither,0.03945320844208391,0.33037608806864915,0.630170703489267
PogChamp,neither,0.03945320844208391,0.33037608806864915,0.630170703489267
hi Kappa /,neither,0.03945320844208391,0.33037608806864915,0.630170703489267
@Djayyy143 so far adren,neither,0.03940909112290231,0.39994910071364764,0.56064180816345
@shroud music is hella low,neither,0.041458278980621134,0.41627135241693586,0.5422703686024429
Yoooooo Shroud! shroudH,neither,0.03945320844208391,0.33037608806864915,0.630170703489267
Wait what happened to FREAK?,neither,0.05111807845265186,0.32306541331930017,0.6258165082280479
Shroud remember to tweet,neither,0.04880308449302245,0.32497554427941994,0.6262213712275576
5th month anniversary today shroudH,neither,0.038339508292590835,0.3133772026631314,0.6482832890442779
NomNom,neither,0.03945320844208391,0.33037608806864915,0.630170703489267
Please don't pick up ADREN he is ass,offensive_language,0.15711434215973125,0.8389207091036336,0.003964948736635195
adren is standin for now,neither,0.04261611790881201,0.27817735788248094,0.6792065242087071
Shrood PogChamp,neither,0.03945320844208391,0.33037608806864915,0.630170703489267
Shrooood,neither,0.03945320844208391,0.33037608806864915,0.630170703489267
@Shroud THANK YOU FOR STREAMING! <3,neither,0.0467891369164684,0.3459700978924939,0.6072407651910376
Freak deserved it. He was a little bitch.,offensive_language,0.011349237812881498,0.9885189204069875,0.0001318417801308657
how are you,neither,0.19156335723385254,0.31525141242459664,0.49318523034155076
stewie2k also left cloud9 and joined TyLoo,neither,0.03874862667540686,0.29514331627201584,0.6661080570525774
ryan BibleThump,neither,0.03945320844208391,0.33037608806864915,0.630170703489267
HAIL TO THE SHROOOD,neither,0.04640110081943009,0.30710242613806105,0.6464964730425088
Wallah,neither,0.03945320844208391,0.33037608806864915,0.630170703489267
Finally someone to watch <3,neither,0.05388002369590991,0.3236719454205671,0.622448030883523
KNEEL OT THE SHROUD,neither,0.03839939302560993,0.311011251109799,0.6505893558645911
@adobostreak lololol,neither,0.03945320844208391,0.33037608806864915,0.630170703489267
HumbleLife,neither,0.03945320844208391,0.33037608806864915,0.630170703489267
if they picked up adren to start Kreygasm,neither,0.025819034900279984,0.4275875266294236,0.5465934384702964
shrooooood,neither,0.03945320844208391,0.33037608806864915,0.630170703489267
shroudC9 shroudC9 shroudC9 shroudC9 shroudC9 shroudC9 shroudC9,neither,0.03945320844208391,0.33037608806864915,0.630170703489267
freak is still c9,neither,0.048748914107499125,0.34528936557471,0.6059617203177907
FREAK ISNT OUT OF C9 HE IS STILL UNDER CONTRACT.,neither,0.044531433921652784,0.347783991476423,0.6076845746019243
shruuuuuud,neither,0.03945320844208391,0.33037608806864915,0.630170703489267
hailllll to the kingggggg,neither,0.06348207243887267,0.2676115413284709,0.6689063862326565
GET YOUR FACTS RIGHT.,neither,0.07590844015845837,0.35110613846818545,0.5729854213733562
@treyway but he was the best performing in my opinion,neither,0.02913951479675899,0.3933281413906817,0.5775323438125594
prepare for freakzoid questions,neither,0.03401591759631595,0.30321692494509367,0.6627671574585904
"shroud right now ""yay all the freakazoid questions ima get ResidentSleeper """,neither,0.03877948047993316,0.39028901862050913,0.5709315008995576
first,neither,0.02604892428726219,0.3349864360510187,0.6389646396617191
Freakazoid BibleThump BibleThump,neither,0.03945320844208391,0.33037608806864915,0.630170703489267
shroudHype shroudW shroudHype shroudMilk shroudHype,neither,0.03945320844208391,0.33037608806864915,0.630170703489267
freak is a shit entry fragger as it is,offensive_language,0.0622468348040611,0.9361076518087769,0.0016455133871619556
Sewage2k MingLee,neither,0.03945320844208391,0.33037608806864915,0.630170703489267
!res,neither,0.03945320844208391,0.33037608806864915,0.630170703489267
@makar_v He plays at 1920x1080,neither,0.0452480919340949,0.3577890385339979,0.5969628695319072
!video,neither,0.049266163358008055,0.16382463337382713,0.7869092032681648
AthenaPMS HeyGuys NotATK,neither,0.03945320844208391,0.33037608806864915,0.630170703489267
the scared the sht outta me,neither,0.030580478290094693,0.33808536421047725,0.631334157499428
hail tot he king @Shroud,neither,0.04344101913490709,0.3290044971079252,0.6275544837571677
"@Majikdragonz, shroudH",neither,0.03945320844208391,0.33037608806864915,0.630170703489267
ruined,neither,0.03945320844208391,0.33037608806864915,0.630170703489267
hey hey shroudHype,neither,0.03945320844208391,0.33037608806864915,0.630170703489267
shroudW shroudW shroudW shroudW shroudW shroudW shroudW shroudC9 shroudC9 shroudC9 shroudC9 shroudAFK shroudAFK shroudAFK,neither,0.03945320844208391,0.33037608806864915,0.630170703489267
lirikHYPE lirikHYPE lirikHYPE lirikHYPE,neither,0.03945320844208391,0.33037608806864915,0.630170703489267
He's under contract but isn't a starter,neither,0.040714730205859945,0.336026982867869,0.623258286926271
!video,neither,0.049266163358008055,0.16382463337382713,0.7869092032681648
@draxion_ Shroud's video settings are: http://imgur.com/AI0mD6c,neither,0.06684193033072998,0.11008246827044252,0.8230756013988275
All the freak hate flows in BibleThump BibleThump,neither,0.2040746293047135,0.28974051594522654,0.50618485475006
shroudHype shroudHype shroudHype shroudHype,neither,0.03945320844208391,0.33037608806864915,0.630170703489267
Motar2k,neither,0.03945320844208391,0.33037608806864915,0.630170703489267
rip freak,neither,0.03945320844208391,0.33037608806864915,0.630170703489267
culling!!!!,neither,0.03945320844208391,0.33037608806864915,0.630170703489267
!vidio,neither,0.03945320844208391,0.33037608806864915,0.630170703489267
"@Majikdragonz, FailFish he is out....he left but the contract isnt over so if he wants to play for other teams they have to buy him out",neither,0.03604162024998063,0.3675646241817472,0.5963937555682721
!trade,neither,0.03945320844208391,0.33037608806864915,0.630170703489267
I was kinda joking. I liked freak. I agree with you. @mrpope2001,neither,0.04075595625676284,0.38576777096560266,0.5734762727776346
PogChamp \m/,neither,0.03945320844208391,0.33037608806864915,0.630170703489267
freak drama inc,neither,0.03945320844208391,0.33037608806864915,0.630170703489267
:(freak,neither,0.03945320844208391,0.33037608806864915,0.630170703489267
freak BabyRage,neither,0.03945320844208391,0.33037608806864915,0.630170703489267
Hey mod !! Can i link the photo that someone photoshop Freaka face into the roster???,neither,0.03661505729785614,0.33285279321852684,0.630532149483617
Freak is a great player stop hating,neither,0.08691187170375969,0.4092791449380711,0.5038089833581693
why did freak get kicked :(,neither,0.029417331667913653,0.3516072004412161,0.6189754678908703
HAILLLLLL TO KINGGGGGGGGGG,neither,0.08141052394132535,0.3085008144527792,0.6100886616058954
HeyGuys,neither,0.03945320844208391,0.33037608806864915,0.630170703489267
!video,neither,0.049266163358008055,0.16382463337382713,0.7869092032681648
@janus1401 Shroud's video settings are: http://imgur.com/AI0mD6c,neither,0.06684193033072998,0.11008246827044252,0.8230756013988275
freak is far from being a bad player,neither,0.03526545755523452,0.40919265041627406,0.5555418920284914
c9 was the funniest team having n0thing and freak :/,neither,0.03813586905303473,0.2893020172933766,0.6725621136535886
shroud wish freak luck for me?,neither,0.028646176187510662,0.337809160067622,0.6335446637448673
HES NOT KICKED,neither,0.03811492756146698,0.33540482264245874,0.6264802497960743
HAIL TO THE SHROOOD,neither,0.04640110081943009,0.30710242613806105,0.6464964730425088
SAY NO TO BULLIES,neither,0.050649922139993996,0.34810723700494567,0.6012428408550603
Bullyzoid is gone gg,neither,0.055853555094506506,0.32750881448624736,0.6166376304192461
Get rid of freak pick up just9n and have shroud entry ;$,neither,0.03930080642499788,0.2914629602095782,0.669236233365424
All freak needs is a good igl to guide home and put him in positions to succeed ex.seangares,neither,0.049806896149973856,0.3639567258877911,0.586236377962235
He's still under contract but he's irrelevant if he doesn't start. So basically RIP Freak. K Get those facts right,neither,0.043892520619768845,0.36256832194178845,0.5935391574384428
adreN stand-in for freak? LOL . find someone better,neither,0.03196123428083609,0.2758735185389507,0.6921652471802132
SHROUDYY,neither,0.03945320844208391,0.33037608806864915,0.630170703489267
ADREN IS GARABE,neither,0.081172750358939,0.3160268245287109,0.60280042511235
@Shroud go on me on csgo wild 500,neither,0.031536753755787496,0.37896261775299783,0.5895006284912147
drop freak for rock,neither,0.041655773181006515,0.3010489227620325,0.6572953040569611
godren is going to make c9 great again,neither,0.04913505816151836,0.35489750413911514,0.5959674376993664
roca*,neither,0.03945320844208391,0.33037608806864915,0.630170703489267
Wheres roca @Shroud,neither,0.03945320844208391,0.33037608806864915,0.630170703489267
SHROOOOD,neither,0.03945320844208391,0.33037608806864915,0.630170703489267
give swag a c9 jersey and a moustache Kappa,neither,0.03755307770860449,0.32916545293097527,0.6332814693604202
@Demarcusb96 did you watch the major?,neither,0.06337550689504129,0.3559049242002433,0.5807195689047154
adreN was nuts at MLG. What are you people on,neither,0.15015672030936295,0.34945844681647165,0.5003848328741656
"@Majikdragonz, he did tweet out something along the lines of ""left c9 what team should i join?"" before deleting it - the fact that hes still 'under contract' just means another team will have to buy him out",neither,0.05409973518366819,0.35686521875308924,0.5890350460632424
!trade,neither,0.03945320844208391,0.33037608806864915,0.630170703489267
@badziii send trade offers to him here: http://steamcommunity.com/tradeoffer/new/?partner=4515926&token=vFY2imwk,neither,0.06428716009250758,0.213167701631012,0.7225451382764804
( ° ͜ʖ͡°)╭∩╮Hey Just9n ( ° ͜ʖ͡°)╭∩╮,neither,0.03945320844208391,0.33037608806864915,0.630170703489267
IS FREAKAZOIDS TWITTER hacked?,neither,0.047689600490553936,0.4541562941428447,0.4981541053666014
IS THIS THING ON ?,neither,0.04694668421718002,0.34869111537816727,0.6043622004046527
IS THIS THING ON ?,neither,0.04694668421718002,0.34869111537816727,0.6043622004046527
IS THIS THING ON ?,neither,0.04694668421718002,0.34869111537816727,0.6043622004046527
IS THIS THING ON ?,neither,0.04694668421718002,0.34869111537816727,0.6043622004046527
!song,neither,0.038601720699969956,0.3448280572582511,0.616570222041779
Now Playing: On My Way Up by Conro - Listen now: http://spoti.fi/1PncBmV,neither,0.028024003191296297,0.37343068046190636,0.5985453163467973
no,neither,0.036918905254960256,0.37338982715841207,0.5896912675866277
were you guys blind for MLG? adren was nuts,neither,0.04601565560886359,0.3233212238969175,0.6306631204942188
Roca's going to echo fox boys,neither,0.043228609679255285,0.3486045535628395,0.6081668367579052
No,neither,0.036918905254960256,0.37338982715841207,0.5896912675866277
@Shroud i love it when you stream because in Australia its only 3pm :D,neither,0.035361159657880684,0.39620820510682586,0.5684306352352935
Get rid of freak get adren have shroud entry,neither,0.03817124434427019,0.3521343644682409,0.6096943911874889
adreN lirikGREAT,neither,0.03945320844208391,0.33037608806864915,0.630170703489267
KappaPride,neither,0.03945320844208391,0.33037608806864915,0.630170703489267
FREAKAZOID :(,neither,0.03945320844208391,0.33037608806864915,0.630170703489267
oh god he has a timer now,neither,0.05213553003553866,0.26790036188656063,0.6799641080779006
The Rick fox skrilla,neither,0.03850904095748371,0.31308187657004233,0.648409082472474
DAMN,offensive_language,0.042479326866149344,0.9516554255713155,0.005865247562535126
RUINED,neither,0.03945320844208391,0.33037608806864915,0.630170703489267
S1MPLE TO C9?,neither,0.08141052394132535,0.3085008144527792,0.6100886616058954
you guys know adreN isn't going to be nuts all the time right I doubt he'll go off like that again,offensive_language,0.05820420646019413,0.47322330532928397,0.4685724882105219
remind me of iron man,neither,0.03322029874967573,0.4175073782362047,0.5492723230141197
drop freak for simple LMAO,neither,0.040613130529766645,0.3173017183827723,0.642085151087461
i like cocks,neither,0.053401372899845936,0.350166083399581,0.5964325437005732
Freakazoids twitter says pizzaman,offensive_language,0.03855121806553172,0.5021560762134198,0.4592927057210484
N0THING TO C10!!1,neither,0.04754392689132449,0.32567743738237265,0.6267786357263028
Shroud!,neither,0.03945320844208391,0.33037608806864915,0.630170703489267
FailFish,neither,0.03945320844208391,0.33037608806864915,0.630170703489267
Shroud you got a fresh cut???? EVERYONE be ready to roast!!!!,neither,0.04971735441843727,0.46671382524449767,0.48356882033706505
Wtfs that about then,neither,0.03094541596418502,0.4391646323523449,0.5298899516834701
"Harri1950, my point still stands. hes still part of c9",neither,0.0310587051648696,0.404057310526606,0.5648839843085244
WHAT HAPPENS AT 0:00,neither,0.06698300623264988,0.34044070646478336,0.5925762873025668
SHROUD IS MY DAD,neither,0.03274246849933811,0.4490274298679693,0.5182301016326926
Freak lol ye ye,neither,0.03478794091957619,0.36294495485759015,0.6022671042228337
Adren is a god,neither,0.055732361789954374,0.3247769407419311,0.6194906974681145
pls send PAAR BEER,neither,0.03945320844208391,0.33037608806864915,0.630170703489267
why isnt stew streaming bruh,neither,0.030573814716536873,0.3426693223197886,0.6267568629636746
Olofmeister to C9 confirmed?,neither,0.048130220539261186,0.32534975247243236,0.6265200269883066
@Friskyog duh this way he can get dressed before the stream,neither,0.039605012148077365,0.3638868768460997,0.5965081110058228
yayyyyy shrouddddd,neither,0.03945320844208391,0.33037608806864915,0.630170703489267
DAD IS MY SHROUD,neither,0.03274246849933811,0.4490274298679693,0.5182301016326926
wish it was getright FeelsBadMan,neither,0.037155945717755344,0.33420288563180905,0.6286411686504356
53,neither,0.03945320844208391,0.33037608806864915,0.630170703489267
Pick up roca,neither,0.04298478175334875,0.28959625871066,0.6674189595359913
"h19999999asdf, No need to repeat yourself, 15 seconds!",neither,0.043457677903368325,0.3365650039950161,0.6199773181016155
"@Majikdragonz, is his twitter hacked it says pizzaman for me on twitter",offensive_language,0.04584366317483383,0.48974116128474593,0.4644151755404202
NO I DIDNT GET A CUT THATS THE PROBLEM,neither,0.0376339226033773,0.33578867113200483,0.626577406264618
this song is perfect for the countdown idk why,neither,0.029981118035756395,0.3116270770206261,0.6583918049436175
Rip freak,neither,0.03945320844208391,0.33037608806864915,0.630170703489267
PLS SEND HELP,neither,0.03945320844208391,0.33037608806864915,0.630170703489267
it explodes at 0:00,neither,0.03691168693161552,0.35907018509592437,0.6040181279724602
let's count down guys,neither,0.024817034053608685,0.36383685380801956,0.6113461121383718
40,neither,0.03945320844208391,0.33037608806864915,0.630170703489267
"it wasn't like adren had one good game, he was crazy the whole tournament",neither,0.03855827768921053,0.3888266711218655,0.572615051188924
SHROUD PLS,neither,0.03945320844208391,0.33037608806864915,0.630170703489267
shroud im reporting you,offensive_language,0.08477287404330627,0.5415568300566407,0.3736702959000531
I gotchu,neither,0.03945320844208391,0.33037608806864915,0.630170703489267
CALL 911,neither,0.03945320844208391,0.33037608806864915,0.630170703489267
GET A CUT,neither,0.03858845118280793,0.3450532755951709,0.6163582732220212
@r3tr0activ ADREN had maybe two good games other than that he's inconsistent and can't win in crucial situations,neither,0.039585053619390055,0.3260988978181569,0.6343160485624529
@Shroud never leave C9 dude,neither,0.034753556907097534,0.3784134982877557,0.5868329448051468
what happened to freak?,neither,0.052797734049827946,0.32207527606977115,0.6251269898804009
31,neither,0.03945320844208391,0.33037608806864915,0.630170703489267
shroud qtpWAVE,neither,0.03945320844208391,0.33037608806864915,0.630170703489267
Rip freak,neither,0.03945320844208391,0.33037608806864915,0.630170703489267
"@shroud, shroudh",neither,0.03945320844208391,0.33037608806864915,0.630170703489267
lmaoooo,neither,0.03945320844208391,0.33037608806864915,0.630170703489267
30,neither,0.03945320844208391,0.33037608806864915,0.630170703489267
30,neither,0.03945320844208391,0.33037608806864915,0.630170703489267
20,neither,0.03945320844208391,0.33037608806864915,0.630170703489267
@shroud did freakazoid leave or did he get cut??,neither,0.043148052432018844,0.3356991922689967,0.6211527552989845
shroudH,neither,0.03945320844208391,0.33037608806864915,0.630170703489267
i'll help with yer erection shroudy,neither,0.03131526217217889,0.3579124535046385,0.6107722843231826
20,neither,0.03945320844208391,0.33037608806864915,0.630170703489267
10,neither,0.03945320844208391,0.33037608806864915,0.630170703489267
"@shroud, no cam - lirik stream inc",neither,0.03871178707976748,0.34295994354272563,0.618328269377507
15,neither,0.03945320844208391,0.33037608806864915,0.630170703489267
Notice me @shroud,neither,0.030417710561350883,0.38017139541472955,0.5894108940239196
Get a Cut peo,neither,0.03858845118280793,0.3450532755951709,0.6163582732220212
16,neither,0.03945320844208391,0.33037608806864915,0.630170703489267
14,neither,0.03945320844208391,0.33037608806864915,0.630170703489267
15,neither,0.03945320844208391,0.33037608806864915,0.630170703489267
@shroud ( ° ͜ʖ͡°)╭∩╮Hey Just9n ( ° ͜ʖ͡°)╭∩╮,neither,0.03945320844208391,0.33037608806864915,0.630170703489267
25,neither,0.03945320844208391,0.33037608806864915,0.630170703489267
uhgg,neither,0.03945320844208391,0.33037608806864915,0.630170703489267
15,neither,0.03945320844208391,0.33037608806864915,0.630170703489267
@Shroud @freakazoid_tv cya,neither,0.03945320844208391,0.33037608806864915,0.630170703489267
23,neither,0.03945320844208391,0.33037608806864915,0.630170703489267
What song is this?,neither,0.05996683045653229,0.33256274023851656,0.6074704293049512
12,neither,0.03945320844208391,0.33037608806864915,0.630170703489267
3,neither,0.03945320844208391,0.33037608806864915,0.630170703489267
12,neither,0.03945320844208391,0.33037608806864915,0.630170703489267
Any bjerg subs here? haHAA,neither,0.07398033141452257,0.3013002207064583,0.6247194478790192
73,neither,0.03945320844208391,0.33037608806864915,0.630170703489267
20,neither,0.03945320844208391,0.33037608806864915,0.630170703489267
Hey,neither,0.03945320844208391,0.33037608806864915,0.630170703489267
shroud is the best palyer,neither,0.05135998456280659,0.2889087219359037,0.6597312935012896
OMg the Hype is REAL!,neither,0.038651274894166636,0.42685394910799185,0.5344947759978416
10,neither,0.03945320844208391,0.33037608806864915,0.630170703489267
20,neither,0.03945320844208391,0.33037608806864915,0.630170703489267
11,neither,0.03945320844208391,0.33037608806864915,0.630170703489267
10,neither,0.03945320844208391,0.33037608806864915,0.630170703489267
12,neither,0.03945320844208391,0.33037608806864915,0.630170703489267
10,neither,0.03945320844208391,0.33037608806864915,0.630170703489267
2,neither,0.03945320844208391,0.33037608806864915,0.630170703489267
3,neither,0.03945320844208391,0.33037608806864915,0.630170703489267
10,neither,0.03945320844208391,0.33037608806864915,0.630170703489267
1,neither,0.03945320844208391,0.33037608806864915,0.630170703489267
10,neither,0.03945320844208391,0.33037608806864915,0.630170703489267
HAIL TO THE SHROOD,neither,0.04640110081943009,0.30710242613806105,0.6464964730425088
1,neither,0.03945320844208391,0.33037608806864915,0.630170703489267
11,neither,0.03945320844208391,0.33037608806864915,0.630170703489267
9,neither,0.03945320844208391,0.33037608806864915,0.630170703489267
Stop counting down,neither,0.03940321392733592,0.410021055729019,0.550575730343645
7,neither,0.03945320844208391,0.33037608806864915,0.630170703489267
1,neither,0.03945320844208391,0.33037608806864915,0.630170703489267
5,neither,0.03945320844208391,0.33037608806864915,0.630170703489267
0000,neither,0.03945320844208391,0.33037608806864915,0.630170703489267
cullllinggggggg,neither,0.03945320844208391,0.33037608806864915,0.630170703489267
5,neither,0.03945320844208391,0.33037608806864915,0.630170703489267
1,neither,0.03945320844208391,0.33037608806864915,0.630170703489267
4,neither,0.03945320844208391,0.33037608806864915,0.630170703489267
1,neither,0.03945320844208391,0.33037608806864915,0.630170703489267
6,neither,0.03945320844208391,0.33037608806864915,0.630170703489267
lets go,neither,0.039984317429425154,0.35542799280679366,0.6045876897637812
5,neither,0.03945320844208391,0.33037608806864915,0.630170703489267
15,neither,0.03945320844208391,0.33037608806864915,0.630170703489267
9,neither,0.03945320844208391,0.33037608806864915,0.630170703489267
8,neither,0.03945320844208391,0.33037608806864915,0.630170703489267
3,neither,0.03945320844208391,0.33037608806864915,0.630170703489267
5,neither,0.03945320844208391,0.33037608806864915,0.630170703489267
4,neither,0.03945320844208391,0.33037608806864915,0.630170703489267
Kick stew is so bad@shroud,neither,0.04483924086752807,0.3847770963101248,0.5703836628223471
My time with @Cloud9gg has come to an end. Thankful for the opportunity & brotherhood. Ready to learn & grow! - FREAK,neither,0.0315397122256879,0.371514318519227,0.5969459692550851
420,neither,0.03945320844208391,0.33037608806864915,0.630170703489267
4,neither,0.03945320844208391,0.33037608806864915,0.630170703489267
2121212121212,neither,0.03945320844208391,0.33037608806864915,0.630170703489267
3,neither,0.03945320844208391,0.33037608806864915,0.630170703489267
1,neither,0.03945320844208391,0.33037608806864915,0.630170703489267
4,neither,0.03945320844208391,0.33037608806864915,0.630170703489267
2,neither,0.03945320844208391,0.33037608806864915,0.630170703489267
-100,neither,0.03945320844208391,0.33037608806864915,0.630170703489267
10,neither,0.03945320844208391,0.33037608806864915,0.630170703489267
2,neither,0.03945320844208391,0.33037608806864915,0.630170703489267
3,neither,0.03945320844208391,0.33037608806864915,0.630170703489267
But our getright,neither,0.034019409207860896,0.34691495852839355,0.6190656322637454
"@shroud, PUT THE WIG ON REAL QUICK",neither,0.030855292725699878,0.4262361673318174,0.5429085399424827
1,neither,0.03945320844208391,0.33037608806864915,0.630170703489267
shroudPigeon shroudPigeon shroudPigeon shroudPigeon shroudPigeon shroudPigeon,neither,0.03945320844208391,0.33037608806864915,0.630170703489267
2,neither,0.03945320844208391,0.33037608806864915,0.630170703489267
10,neither,0.03945320844208391,0.33037608806864915,0.630170703489267
2,neither,0.03945320844208391,0.33037608806864915,0.630170703489267
Shroud be with you!,offensive_language,0.04681484447755075,0.5669757930518439,0.3862093624706055
ATTYYYYYYYYY,neither,0.03945320844208391,0.33037608806864915,0.630170703489267
1,neither,0.03945320844208391,0.33037608806864915,0.630170703489267
1,neither,0.03945320844208391,0.33037608806864915,0.630170703489267
10,neither,0.03945320844208391,0.33037608806864915,0.630170703489267
shroud should i kill myself,hate_speech,0.608749589814633,0.1587855954780253,0.2324648147073418
SHROUDY,neither,0.03945320844208391,0.33037608806864915,0.630170703489267
00000 HAHEHRUFJWBSUJFEEUOFBEBWIDFJE,neither,0.03945320844208391,0.33037608806864915,0.630170703489267
5,neither,0.03945320844208391,0.33037608806864915,0.630170703489267
SUH DUDE,neither,0.03945320844208391,0.33037608806864915,0.630170703489267
HI SHROUD,neither,0.03945320844208391,0.33037608806864915,0.630170703489267
9,neither,0.03945320844208391,0.33037608806864915,0.630170703489267
OH SHIT,offensive_language,0.04652059265363964,0.9534729203614298,6.486984930600159e-06
LOUD AF,neither,0.03945320844208391,0.33037608806864915,0.630170703489267
43,neither,0.03945320844208391,0.33037608806864915,0.630170703489267
wasssup!,neither,0.03945320844208391,0.33037608806864915,0.630170703489267
Hey shroud,neither,0.03945320844208391,0.33037608806864915,0.630170703489267
1,neither,0.03945320844208391,0.33037608806864915,0.630170703489267
0,neither,0.03945320844208391,0.33037608806864915,0.630170703489267
8,neither,0.03945320844208391,0.33037608806864915,0.630170703489267
1,neither,0.03945320844208391,0.33037608806864915,0.630170703489267
suh dude,neither,0.03945320844208391,0.33037608806864915,0.630170703489267
YEY,neither,0.03945320844208391,0.33037608806864915,0.630170703489267
VapeNation,neither,0.03945320844208391,0.33037608806864915,0.630170703489267
"@Shroud, 9 in q!",neither,0.03945320844208391,0.33037608806864915,0.630170703489267
@Shroud WHATS UP,neither,0.03597034933595279,0.4023906385329718,0.5616390121310755
7,neither,0.03945320844208391,0.33037608806864915,0.630170703489267
CUT THE HAIR,neither,0.03830798812619756,0.30927304771642283,0.6524189641573797
suh duuh,neither,0.03945320844208391,0.33037608806864915,0.630170703489267
6,neither,0.03945320844208391,0.33037608806864915,0.630170703489267
Hi,neither,0.03945320844208391,0.33037608806864915,0.630170703489267
why did freak leave? :(,neither,0.028780758410615462,0.3454565457336634,0.625762695855721
shroudH shroudHype shroudH shroudHype shroudH shroudHype shroudH shroudHype shroudH shroudHype shroudH shroudHype shroudH shroudHype shroudH shroudHype shroudH shroudHype shroudH shroudHype,neither,0.03945320844208391,0.33037608806864915,0.630170703489267
@shroud what happened with FREAK?,neither,0.03315437375007036,0.363083439945945,0.6037621863039846
let the questions about freak begin,neither,0.026558849021164024,0.36175408184478336,0.6116870691340526
SUP SHROOD,neither,0.03945320844208391,0.33037608806864915,0.630170703489267
Wait he got kicked from c9?,neither,0.04453295230154925,0.3556575109711139,0.5998095367273368
CU THAT SHIT,offensive_language,0.03775829916198841,0.9622416741547578,2.668325383769344e-08
rip bully,neither,0.03945320844208391,0.33037608806864915,0.630170703489267
@Demarcusb96 he had an amazing prefermance. i watched every game and he had picked it up so much. the main issue was well he did bad in the last matches,neither,0.03968709713097637,0.3196274522476214,0.6406854506214021
NickMercs got over 2k in the last 20 minutes,neither,0.03567711877068252,0.3526877316212957,0.6116351496080219
hey shrood,neither,0.03945320844208391,0.33037608806864915,0.630170703489267
that hair oh ma gawdddd,neither,0.03365245020284168,0.43913315447480483,0.5272143953223535
HAIRCUT,neither,0.03945320844208391,0.33037608806864915,0.630170703489267
can I live in your vacant room I'm homeless,neither,0.06601996496338569,0.31942727156058703,0.6145527634760273
Yo,offensive_language,0.04010381111145228,0.5271105317972344,0.4327856570913131
what's up homie,neither,0.04294866242319183,0.39442892456689793,0.5626224130099101
@Shroud HOW CAN YOU GET THE CHAIR,neither,0.05445602273450937,0.3619007410511149,0.5836432362143755
hiiiii shrouuuuud,neither,0.03945320844208391,0.33037608806864915,0.630170703489267
Mike,neither,0.03945320844208391,0.33037608806864915,0.630170703489267
so obviously everyone wants to talk about freakazoid,neither,0.024728208482228585,0.46576546243975164,0.5095063290780198
mlgmDank mlgmDank mlgmDank mlgmDank mlgmDank mlgmDank mlgmDank,neither,0.03945320844208391,0.33037608806864915,0.630170703489267
@Shroud go in my bet on csgowild,neither,0.024657575196643536,0.4581979285144148,0.5171444962889417
"@shroud, so when are you guys announcing roca ?",neither,0.06881641672930186,0.4241938975966003,0.5069896856740979
wtb GTR,neither,0.03945320844208391,0.33037608806864915,0.630170703489267
!uptime,neither,0.03945320844208391,0.33037608806864915,0.630170703489267
@mrrobsterr Channel shroud has been live for 05m and 45s,neither,0.037527441653855145,0.2724964938497483,0.6899760644963965
Noice hair,neither,0.03945320844208391,0.33037608806864915,0.630170703489267
hiiii shrouuuuuuud,neither,0.03945320844208391,0.33037608806864915,0.630170703489267
@Shroud HAIL TO THE KING,neither,0.04494321456268093,0.31150984430219997,0.6435469411351191
pls send me barber too,neither,0.03356310211874356,0.3641843606188562,0.6022525372624004
@shroud what haopened to FREAK?,neither,0.057787785108583664,0.3192065655199809,0.6230056493714353
HAHAHA,neither,0.03945320844208391,0.33037608806864915,0.630170703489267
FUCK YEAAAAAAAA,offensive_language,0.34803241646388117,0.6519675835059184,3.0200377847433446e-11
going in dry boys,neither,0.03777740653350773,0.3588188199516619,0.6034037735148304
whats up @shroud meclipse,neither,0.03597034933595279,0.4023906385329718,0.5616390121310755
CUT THAT HAIR,neither,0.03458617676641541,0.3835419778636736,0.5818718453699109
Shruuuuuud,neither,0.03945320844208391,0.33037608806864915,0.630170703489267
im ready,neither,0.03818232412599748,0.37856242343539415,0.5832552524386084
Lol,neither,0.020706217963973744,0.4882283491876925,0.4910654328483337
fuck the DM. do it live!,offensive_language,0.18215554398678888,0.81617059501329,0.0016738609999211614
"why u heff to strum now, going to school in 20mins",neither,0.03833376903895642,0.3580771628375629,0.6035890681234806
SHROUD IS MY DAD @shroud,neither,0.03274246849933811,0.4490274298679693,0.5182301016326926
insta queue,neither,0.03945320844208391,0.33037608806864915,0.630170703489267
lol,neither,0.020706217963973744,0.4882283491876925,0.4910654328483337
LOL,neither,0.020706217963973744,0.4882283491876925,0.4910654328483337
@shroud hi!,neither,0.03945320844208391,0.33037608806864915,0.630170703489267
!uptime,neither,0.03945320844208391,0.33037608806864915,0.630170703489267
@jonathan8998 Channel shroud has been live for 06m and 02s,neither,0.037527441653855145,0.2724964938497483,0.6899760644963965
how come on twitter freak said he was done with c9 but c9 says hes still partnered?,neither,0.030032225958479156,0.46299116430817766,0.5069766097333432
yung stew,neither,0.03945320844208391,0.33037608806864915,0.630170703489267
Bullyzoid is gone,neither,0.055853555094506506,0.32750881448624736,0.6166376304192461
STEWIE,neither,0.03945320844208391,0.33037608806864915,0.630170703489267
PICK TIM TA FIRST,neither,0.03689628550860325,0.2687830539251682,0.6943206605662285
S2K,neither,0.03945320844208391,0.33037608806864915,0.630170703489267
hey shroood,neither,0.03945320844208391,0.33037608806864915,0.630170703489267
take Stewie,neither,0.03945320844208391,0.33037608806864915,0.630170703489267
STEWIE,neither,0.03945320844208391,0.33037608806864915,0.630170703489267
Tim !,neither,0.03945320844208391,0.33037608806864915,0.630170703489267
AUTIMATIC,neither,0.03945320844208391,0.33037608806864915,0.630170703489267
shrouds goin in dry shroudW,neither,0.03945320844208391,0.33037608806864915,0.630170703489267
STEEL,neither,0.03945320844208391,0.33037608806864915,0.630170703489267
RIP,neither,0.03945320844208391,0.33037608806864915,0.630170703489267
!config,neither,0.03945320844208391,0.33037608806864915,0.630170703489267
Younggg,neither,0.03945320844208391,0.33037608806864915,0.630170703489267
lol,neither,0.020706217963973744,0.4882283491876925,0.4910654328483337
TIM TAAAA,neither,0.03945320844208391,0.33037608806864915,0.630170703489267
@shroud Why did freakaziod left?,neither,0.026281265319326598,0.34956342606330776,0.6241553086173656
JASONRRR,neither,0.03945320844208391,0.33037608806864915,0.630170703489267
brehze,neither,0.03945320844208391,0.33037608806864915,0.630170703489267
Stewwww,neither,0.03945320844208391,0.33037608806864915,0.630170703489267
BREHZE Kappa,neither,0.03945320844208391,0.33037608806864915,0.630170703489267
How many dicks am I holding up?,neither,0.03722026355670017,0.3720149110473908,0.590764825395909
GET TIM,neither,0.038782096761223635,0.34176660475476794,0.6194512984840085
get JR!,neither,0.038789414258954755,0.3416424077211236,0.6195681780199217
Fuck you its school,offensive_language,0.19921229137481722,0.8007389781589754,4.87304662072076e-05
Whats with frika,neither,0.02572865577547794,0.38004377415257357,0.5942275700719485
moeFail1 moeFail,neither,0.03945320844208391,0.33037608806864915,0.630170703489267
TIM TAAA,neither,0.03945320844208391,0.33037608806864915,0.630170703489267
rip freaka,neither,0.03945320844208391,0.33037608806864915,0.630170703489267
hi,neither,0.03945320844208391,0.33037608806864915,0.630170703489267
missed my resub FeelsBadMan,neither,0.024725385440678566,0.4497932375640514,0.52548137699527
"sn1p0, nice virus EleGiggle 20 seconds!",neither,0.03945320844208391,0.33037608806864915,0.630170703489267
denied,neither,0.03945320844208391,0.33037608806864915,0.630170703489267
BREHZE,neither,0.03945320844208391,0.33037608806864915,0.630170703489267
you should have picked steel last because it makes him rage,neither,0.05612881217264285,0.3902208534466215,0.5536503343807355
brehzeee,neither,0.03945320844208391,0.33037608806864915,0.630170703489267
Ayyyyy I'm on spring break,neither,0.03715344828815158,0.3413663113400551,0.6214802403717933
GET BRWHZE THE CHEATER,neither,0.037951857158153766,0.322387229044914,0.6396609137969324
TY SHROUDY DOR SAVING ME FROM STEEL <3,neither,0.03475164985146561,0.34609482008490705,0.6191535300636274
whos no_one ?,neither,0.03945320844208391,0.33037608806864915,0.630170703489267
can i post a link MODS,neither,0.03973380265637338,0.3256136719596111,0.6346525253840156
What is stand in adren for why do they have a stand in,neither,0.036130772631488776,0.3219205175536297,0.6419487098148816
jAsOnR bOiZ,neither,0.03945320844208391,0.33037608806864915,0.630170703489267
hiiiiii,neither,0.03945320844208391,0.33037608806864915,0.630170703489267
Do u live with the league of legends team,neither,0.03455390866356812,0.34384287493966575,0.6216032163967662
@Shroud pls go in on me on csgowild 500$ pls only thing i want you to do pls,neither,0.043403164748843384,0.3722682815990401,0.5843285536521166
brehze is a fuckin cheater lol,offensive_language,0.07447757882540337,0.9103626324336535,0.015159788740943056
