text,top_class,hate_speech,offensive_language,neither
HYPEEEEE,neither,0.03945320844208391,0.33037608806864915,0.630170703489267
WE DID IT SHROUD,neither,0.037020223076826134,0.33524355796772365,0.6277362189554502
Great win,neither,0.0370830731610612,0.2984963746116172,0.6644205522273215
Hyyyype,neither,0.03945320844208391,0.33037608806864915,0.630170703489267
ayyyyyyy im the first one Kappa,neither,0.031179344247988128,0.37427098580421775,0.5945496699477941
HYPEEE,neither,0.03945320844208391,0.33037608806864915,0.630170703489267
lets goo,neither,0.0381375099945381,0.3527069244228318,0.6091555655826302
SHROOOD CLUTCH,neither,0.03945320844208391,0.33037608806864915,0.630170703489267
Shrood,neither,0.03945320844208391,0.33037608806864915,0.630170703489267
Hi,neither,0.03945320844208391,0.33037608806864915,0.630170703489267
Hype,neither,0.03945320844208391,0.33037608806864915,0.630170703489267
:(,neither,0.03945320844208391,0.33037608806864915,0.630170703489267
loyal viewer,neither,0.032372554154884596,0.4505532703575899,0.5170741754875254
SHROUD9,neither,0.03945320844208391,0.33037608806864915,0.630170703489267
"guppy446, you were timed out because your message was too long!",neither,0.07710611650747322,0.35928222474629357,0.5636116587462332
RIP Liquid,neither,0.03945320844208391,0.33037608806864915,0.630170703489267
Shroud you're nuts man,neither,0.0958743135470694,0.4361797274533424,0.4679459589995882
I'll be pro,neither,0.0399956305222043,0.33491826073314357,0.6250861087446523
Amiiiiiigos,neither,0.03945320844208391,0.33037608806864915,0.630170703489267
Peank,neither,0.03945320844208391,0.33037608806864915,0.630170703489267
sick clutch today u sexy beast,neither,0.03837317679329171,0.3139029420281946,0.6477238811785138
Shroud in Canada. Mapled be your name.,neither,0.07238848552311625,0.3254283612405479,0.602183153236336
Prank*,neither,0.03945320844208391,0.33037608806864915,0.630170703489267
s1mple left liquid guys,neither,0.039348391549070605,0.33215510429337747,0.6284965041575519
hola hola :D,neither,0.03945320844208391,0.33037608806864915,0.630170703489267
amigosssss,neither,0.03945320844208391,0.33037608806864915,0.630170703489267
AYYY you saw my post,neither,0.04116475550649908,0.45160495734306605,0.5072302871504349
Lol,neither,0.020706217963973744,0.4882283491876925,0.4910654328483337
AYYY,neither,0.03945320844208391,0.33037608806864915,0.630170703489267
Kappa //,neither,0.03945320844208391,0.33037608806864915,0.630170703489267
Asuh DUDES,neither,0.03945320844208391,0.33037608806864915,0.630170703489267
Did he leave liquid????,neither,0.044255277737422306,0.32872443623620135,0.6270202860263764
Es clutch dude,neither,0.03945320844208391,0.33037608806864915,0.630170703489267
Hey babe,neither,0.03945320844208391,0.33037608806864915,0.630170703489267
yea he left,neither,0.04594327759396644,0.3321145563256713,0.6219421660803622
Did c9 win?,neither,0.03945320844208391,0.33037608806864915,0.630170703489267
the ending to that cobble game was awesome @Shroud,neither,0.04030909289543391,0.31639341026317147,0.6432974968413947
Hey,neither,0.03945320844208391,0.33037608806864915,0.630170703489267
shroudW,neither,0.03945320844208391,0.33037608806864915,0.630170703489267
la gente se esta volviendo loca,neither,0.03945320844208391,0.33037608806864915,0.630170703489267
"yep, this morning",neither,0.0482688661586756,0.18075136958478724,0.7709797642565371
EZ,neither,0.03945320844208391,0.33037608806864915,0.630170703489267
hey @shroud,neither,0.03945320844208391,0.33037608806864915,0.630170703489267
la gente quiere fiestaaaaa,neither,0.03945320844208391,0.33037608806864915,0.630170703489267
YES DAD,neither,0.03945320844208391,0.33037608806864915,0.630170703489267
ey,neither,0.03945320844208391,0.33037608806864915,0.630170703489267
YES DADDY,neither,0.03945320844208391,0.33037608806864915,0.630170703489267
shroudW,neither,0.03945320844208391,0.33037608806864915,0.630170703489267
Shroud in Canada. Mapled be your name.,neither,0.07238848552311625,0.3254283612405479,0.602183153236336
shroudW shroudW shroudW shroudW shroudW shroudW shroudW,neither,0.03945320844208391,0.33037608806864915,0.630170703489267
YES YES,neither,0.03945320844208391,0.33037608806864915,0.630170703489267
woooo,neither,0.03945320844208391,0.33037608806864915,0.630170703489267
Did c9 win cobble,neither,0.03945320844208391,0.33037608806864915,0.630170703489267
@weveonlygotpepsi ur trolling right????,neither,0.06446629184075721,0.3402756993993201,0.5952580087599226
Shroud9,neither,0.03945320844208391,0.33037608806864915,0.630170703489267
Yess,neither,0.03945320844208391,0.33037608806864915,0.630170703489267
"Hey, that's pretty good!",neither,0.034395327944202005,0.37840910057294114,0.5871955714828568
hi,neither,0.03945320844208391,0.33037608806864915,0.630170703489267
@shroud hail,neither,0.03945320844208391,0.33037608806864915,0.630170703489267
SHROUD AYY,neither,0.03945320844208391,0.33037608806864915,0.630170703489267
My jam. Kreygasm,neither,0.02539829958183044,0.4434464228801837,0.5311552775379859
@brycexxx1 you saw my prayer?,neither,0.041382762986734094,0.4657744401132689,0.4928427968999971
WE need shroudnation emote,neither,0.038840361614517614,0.3324442359914764,0.6287154023940059
shroud help i dont like life,neither,0.04710760581479085,0.4139601557116813,0.5389322384735279
Shrimp xD,neither,0.03945320844208391,0.33037608806864915,0.630170703489267
hi man!,neither,0.03966508708825639,0.4191481924801724,0.5411867204315711
hi big fan keep it up,neither,0.023544746273175793,0.4288196552825094,0.5476355984443149
i am srs,neither,0.03902346103501681,0.3305238979082658,0.6304526410567174
"Squishy, :D shroudH",neither,0.03945320844208391,0.33037608806864915,0.630170703489267
"@guppy446 im serious, i was as shocked as u",neither,0.03573340134362654,0.4063537549366488,0.5579128437197246
first,neither,0.02604892428726219,0.3349864360510187,0.6389646396617191
"@guppy446, no he is right, he left",neither,0.05799017138911035,0.35381504631215616,0.5881947822987336
first,neither,0.02604892428726219,0.3349864360510187,0.6389646396617191
Omg,neither,0.03945320844208391,0.33037608806864915,0.630170703489267
shroud9,neither,0.03945320844208391,0.33037608806864915,0.630170703489267
Damn,offensive_language,0.042479326866149344,0.9516554255713155,0.005865247562535126
CULLINGGG,neither,0.03945320844208391,0.33037608806864915,0.630170703489267
damn,offensive_language,0.042479326866149344,0.9516554255713155,0.005865247562535126
Sometimes I wish I was a somolian baby,neither,0.039327090552266644,0.33251663780031265,0.6281562716474208
Kappa,neither,0.03945320844208391,0.33037608806864915,0.630170703489267
only 46 watching,neither,0.03945320844208391,0.33037608806864915,0.630170703489267
A7x ?,neither,0.03945320844208391,0.33037608806864915,0.630170703489267
suppppp,neither,0.03945320844208391,0.33037608806864915,0.630170703489267
Thank god,neither,0.03889004343580062,0.3399344679688249,0.6211754885953744
140,neither,0.03945320844208391,0.33037608806864915,0.630170703489267
FeelsGoodMan,neither,0.03945320844208391,0.33037608806864915,0.630170703489267
deIlluminati Stream confirmed,neither,0.03945320844208391,0.33037608806864915,0.630170703489267
SHRIUDYY,neither,0.03945320844208391,0.33037608806864915,0.630170703489267
What team is s1mplr joining now??,neither,0.052813321905371635,0.3239122910612702,0.6232743870333582
yoo,neither,0.03945320844208391,0.33037608806864915,0.630170703489267
and a few min 11k XD,neither,0.038808663722946335,0.2983939298090919,0.6627974064679617
been waiting for this after the game !! ;D,neither,0.03307855375888832,0.2653697756290883,0.7015516706120234
Hi,neither,0.03945320844208391,0.33037608806864915,0.630170703489267
YES,neither,0.03945320844208391,0.33037608806864915,0.630170703489267
are u crazy ramon,neither,0.049838612439191944,0.3940054613313987,0.5561559262294093
SAAAap,neither,0.03945320844208391,0.33037608806864915,0.630170703489267
how much wood can a woodchuck chuck,neither,0.036448592812863626,0.3276378343189631,0.6359135728681734
shroudW,neither,0.03945320844208391,0.33037608806864915,0.630170703489267
SHROUDYYY,neither,0.03945320844208391,0.33037608806864915,0.630170703489267
yes,neither,0.03945320844208391,0.33037608806864915,0.630170703489267
A7X- Hail To The King,neither,0.04370786783546702,0.3154248222661508,0.6408673098983823
@weveonlygotpepsi what team is simple gonna join now??,neither,0.04959260985173767,0.36151896799288125,0.5888884221553811
!crosshair,neither,0.03945320844208391,0.33037608806864915,0.630170703489267
"@zdan_tv His crosshair: cl_crosshairstyle 4;cl_crosshairsize 3.5;cl_crosshairgap -2;cl_crosshairthickness 1.5;cl_crosshaircolor ""4"";cl_crosshaircolor_b ""255"";cl_crosshaircolor_g ""127"";cl_crosshaircolor_r ""0""",neither,0.14069094616772104,0.3246784056473605,0.5346306481849185
"@guppy446, no one knows yet",neither,0.03762440401598345,0.37949768540826806,0.5828779105757484
stewNUTS stewHYPE stewNUTS stewHYPE stewNUTS,neither,0.03945320844208391,0.33037608806864915,0.630170703489267
Oh ok,neither,0.04713570804197639,0.2590205851270262,0.6938437068309974
Shroud in Canada. Mapled be your name.,neither,0.07238848552311625,0.3254283612405479,0.602183153236336
hail to the shroud Kappa,neither,0.04430200144536187,0.3135203901696007,0.6421776083850375
shroudHype shroudHype,neither,0.03945320844208391,0.33037608806864915,0.630170703489267
Hi,neither,0.03945320844208391,0.33037608806864915,0.630170703489267
"Maybe s1mple is gonna retire or some, you never know",neither,0.045790629367991206,0.4424805318521465,0.5117288387798623
WAIT WAT SIMPLE LEFT LIQUID?,neither,0.03945320844208391,0.33037608806864915,0.630170703489267
Ayee,neither,0.03945320844208391,0.33037608806864915,0.630170703489267
!cfg,neither,0.03945320844208391,0.33037608806864915,0.630170703489267
@lightsz1 His config can be found on his ESEA page here: http://play.esea.net/users/248592 OR in the FAQ section down below! (Don't click on the link that the bot whispers you),neither,0.07495492607328838,0.29592674608676545,0.6291183278399461
So this song is saying to hail to shroud?,neither,0.04900943218336367,0.36701209459600825,0.583978473220628
Avenged sevenfold PogChamp,neither,0.03945320844208391,0.33037608806864915,0.630170703489267
Isn't it true he went to visit family and just didn't want to come back?,neither,0.03558179174932962,0.3522033117748746,0.6122148964757959
YOUR 3ks Kreygasm,neither,0.22728749627707062,0.27565537899417075,0.4970571247287587
Shroud in Canada. Mapled be your name.,neither,0.07238848552311625,0.3254283612405479,0.602183153236336
"@Squishy, wuz gud happy 420",neither,0.03945320844208391,0.33037608806864915,0.630170703489267
Hi Mikey❤️❤️❤️❤️ Finally you are live :),neither,0.08338158489527726,0.3258672240501852,0.5907511910545374
did c9 beat echo map 3??,neither,0.03945320844208391,0.33037608806864915,0.630170703489267
@cakehead12345678 yh i just heard it,neither,0.03411892740797443,0.35029166252919186,0.6155894100628337
@cakehead12345678 ye,neither,0.03945320844208391,0.33037608806864915,0.630170703489267
привет )),neither,0.03945320844208391,0.33037608806864915,0.630170703489267
Whyd simple leave,neither,0.03945320844208391,0.33037608806864915,0.630170703489267
Damnnnnn son,neither,0.03945320844208391,0.33037608806864915,0.630170703489267
yes @OohSehun,neither,0.03945320844208391,0.33037608806864915,0.630170703489267
"@guppy446, nah it was a homesick thing, he just didn't want to be away from family",neither,0.03417481665035691,0.34427316245559925,0.6215520208940439
"yeah , he realized how much he missed his family",neither,0.04510219115120328,0.40330954562072574,0.5515882632280711
He did?,neither,0.049581437287855294,0.3268925257325521,0.6235260369795926
shroud <3,neither,0.03945320844208391,0.33037608806864915,0.630170703489267
@biggiegp maybe he will stop with csgo,neither,0.03499345659543097,0.4036856434471503,0.5613208999574189
shroud9,neither,0.03945320844208391,0.33037608806864915,0.630170703489267
@Cab1087 fuck yes!!! what was the score,offensive_language,0.18117449697499008,0.8165275212017207,0.0022979818232892863
shroud !!!!,neither,0.03945320844208391,0.33037608806864915,0.630170703489267
Kappa,neither,0.03945320844208391,0.33037608806864915,0.630170703489267
@shroud ты просто моя проститутка )),neither,0.03945320844208391,0.33037608806864915,0.630170703489267
16-11 @OohSehun,neither,0.03945320844208391,0.33037608806864915,0.630170703489267
shroudInsane shroudInsane shroudInsane shroudInsane,neither,0.03945320844208391,0.33037608806864915,0.630170703489267
s1mple left NA so shroud is the best again,neither,0.042841613534963824,0.36985340043820625,0.5873049860268299
Dad is on in one min,neither,0.04314157566770751,0.36954809053070503,0.5873103338015874
и вы просто идиоты и суки )),neither,0.03945320844208391,0.33037608806864915,0.630170703489267
Shroud went back to Canada because he missed his family,neither,0.06790920098689279,0.3268487734633241,0.6052420255497831
Kappa,neither,0.03945320844208391,0.33037608806864915,0.630170703489267
lets go shroudy,neither,0.039984317429425154,0.35542799280679366,0.6045876897637812
Lol,neither,0.020706217963973744,0.4882283491876925,0.4910654328483337
@Cab1087 what twitch channel was it on i wanna watch the reboardcast,neither,0.043210752594283926,0.326164749192231,0.6306244982134852
Hypee Kappa,neither,0.03945320844208391,0.33037608806864915,0.630170703489267
Dadddd,neither,0.03945320844208391,0.33037608806864915,0.630170703489267
any one know how can I activate my windows?,neither,0.029490394386788167,0.42620935059057563,0.5443002550226362
"Hello people, I Shroud here Kappa I do crazy flicks one taps Kappa",neither,0.0689131377935069,0.3789016759590125,0.5521851862474805
HeyGuys,neither,0.03945320844208391,0.33037608806864915,0.630170703489267
wop\,neither,0.03945320844208391,0.33037608806864915,0.630170703489267
It's hitlers birthday HAIL,neither,0.03802885628193829,0.3308659880910497,0.631105155627012
shroudWhiff,neither,0.03945320844208391,0.33037608806864915,0.630170703489267
Hail to the world,neither,0.04534533296204486,0.3102719282966396,0.6443827387413156
countown boyz,neither,0.03945320844208391,0.33037608806864915,0.630170703489267
shroudW shroudMilk,neither,0.03945320844208391,0.33037608806864915,0.630170703489267
@OohSehun faceittv,neither,0.03945320844208391,0.33037608806864915,0.630170703489267
SHROUD I LOVE U,neither,0.03217296676969875,0.3657703709031763,0.602056662327125
shroudW,neither,0.03945320844208391,0.33037608806864915,0.630170703489267
countdown hype,neither,0.03945320844208391,0.33037608806864915,0.630170703489267
30 seconds holy shit,offensive_language,0.04618911301770177,0.9499285846518567,0.00388230233044152
@cab1087 the clutches of shroud Kreygasm,neither,0.03715708950100123,0.2861306264084566,0.6767122840905422
Dad,neither,0.03945320844208391,0.33037608806864915,0.630170703489267
shroudHype shroudHype shroudHype shroudHype,neither,0.03945320844208391,0.33037608806864915,0.630170703489267
русский есть???,neither,0.03945320844208391,0.33037608806864915,0.630170703489267
hi babe <3 @Shroud,neither,0.03945320844208391,0.33037608806864915,0.630170703489267
shroudW shroudW shroudW shroudW shroudW shroudW shroudW shroudW shroudW shroudW shroudW shroudW shroudW shroudW shroudW,neither,0.03945320844208391,0.33037608806864915,0.630170703489267
What map was shrouds ace on??,neither,0.04128183772952637,0.33986320460763514,0.6188549576628385
no sleep,neither,0.03811400088504372,0.3531059353648381,0.6087800637501182
uuuhhhh,neither,0.03945320844208391,0.33037608806864915,0.630170703489267
PogChamp PogChamp PogChamp PogChamp,neither,0.03945320844208391,0.33037608806864915,0.630170703489267
this music ResidentSleeper,neither,0.039296582874743954,0.33303443270656646,0.6276689844186896
shroudW shroudW shroudW shroudW shroudW shroudW shroudW shroudW shroudW shroudW shroudW shroudW steelSEDUCTION steelSEDUCTION,neither,0.03945320844208391,0.33037608806864915,0.630170703489267
10,neither,0.03945320844208391,0.33037608806864915,0.630170703489267
already more viewers tahn jdm haha </3,neither,0.03653269518842026,0.3968053059480174,0.5666619988635623
9,neither,0.03945320844208391,0.33037608806864915,0.630170703489267
Literally just got on,neither,0.029287673597048983,0.43121744193787304,0.539494884465078
"ikr @Karimbit , the last round was awesome",neither,0.03851891755799333,0.31718227778014296,0.6442988046618637
7,neither,0.03945320844208391,0.33037608806864915,0.630170703489267
XD,neither,0.03945320844208391,0.33037608806864915,0.630170703489267
6,neither,0.03945320844208391,0.33037608806864915,0.630170703489267
4,neither,0.03945320844208391,0.33037608806864915,0.630170703489267
If it ain't shroud I ain't proud,offensive_language,0.005964884946173578,0.7154165432783287,0.27861857177549765
европа пропаганда идиоты )),neither,0.03945320844208391,0.33037608806864915,0.630170703489267
@Shroud your going to PAX East ???,neither,0.08947065841061483,0.3444693888440397,0.5660599527453454
Yo Shroud and chat shroudH,neither,0.03842306393137395,0.36229979844338855,0.5992771376252376
1,neither,0.03945320844208391,0.33037608806864915,0.630170703489267
hullo,neither,0.03945320844208391,0.33037608806864915,0.630170703489267
Hi shroud,neither,0.03945320844208391,0.33037608806864915,0.630170703489267
hello,neither,0.03945320844208391,0.33037608806864915,0.630170703489267
hello,neither,0.03945320844208391,0.33037608806864915,0.630170703489267
hullo,neither,0.03945320844208391,0.33037608806864915,0.630170703489267
PogChamp,neither,0.03945320844208391,0.33037608806864915,0.630170703489267
culling!!@Shroud,neither,0.03945320844208391,0.33037608806864915,0.630170703489267
well played vs echo fox baby <3,neither,0.03945320844208391,0.33037608806864915,0.630170703489267
Shroud shrouds my mind with love ( ͡° ͜ʖ ͡°) <3,neither,0.015373687974133804,0.48990164895081734,0.4947246630750489
MIKE HoRSECOCK G,neither,0.03945320844208391,0.33037608806864915,0.630170703489267
@shroud ты даун )),neither,0.03945320844208391,0.33037608806864915,0.630170703489267
hello senpai,neither,0.03945320844208391,0.33037608806864915,0.630170703489267
hallo Kappa,neither,0.03945320844208391,0.33037608806864915,0.630170703489267
@cab1087 yeah thay was insane,neither,0.023124988415830775,0.4453220833182806,0.5315529282658887
hello,neither,0.03945320844208391,0.33037608806864915,0.630170703489267
WANEKR,neither,0.03945320844208391,0.33037608806864915,0.630170703489267
hai,neither,0.03945320844208391,0.33037608806864915,0.630170703489267
hello,neither,0.03945320844208391,0.33037608806864915,0.630170703489267
shroudPigeon shroudPigeon shroudPigeon shroudPigeon shroudPigeon shroudPigeon shroudPigeon shroudPigeon shroudPigeon shroudPigeon,neither,0.03945320844208391,0.33037608806864915,0.630170703489267
hello,neither,0.03945320844208391,0.33037608806864915,0.630170703489267
HeyGuys,neither,0.03945320844208391,0.33037608806864915,0.630170703489267
hi,neither,0.03945320844208391,0.33037608806864915,0.630170703489267
shrouddddddd,neither,0.03945320844208391,0.33037608806864915,0.630170703489267
hello,neither,0.03945320844208391,0.33037608806864915,0.630170703489267
Hello Shroud <3,neither,0.03945320844208391,0.33037608806864915,0.630170703489267
Hallo HeyGuys,neither,0.03945320844208391,0.33037608806864915,0.630170703489267
ALEXISONFIRE,neither,0.03945320844208391,0.33037608806864915,0.630170703489267
YEAA @SHROud I LOVE U SO MUCH <3,neither,0.03314003231398451,0.3881569730824356,0.5787029946035799
Aaayyy lmao,neither,0.03705015143476208,0.3711622369619404,0.5917876116032975
shroud9!,neither,0.03945320844208391,0.33037608806864915,0.630170703489267
iluvu,neither,0.03945320844208391,0.33037608806864915,0.630170703489267
shroudHype shroudHype shroudHype shroudHype,neither,0.03945320844208391,0.33037608806864915,0.630170703489267
What map was your ace on @shroud,neither,0.06660508420882454,0.33244912303792085,0.6009457927532545
NEW HAIR PogChamp,neither,0.04462370498984265,0.19863846386187634,0.756737831148281
GG ALEXISONFIRE,neither,0.03945320844208391,0.33037608806864915,0.630170703489267
hello my boy <3,neither,0.026885415335458948,0.4297616859625198,0.5433528987020213
Stop Walking,neither,0.03942027992753918,0.4376634500532254,0.5229162700192354
@Squishy Keepo /,neither,0.03945320844208391,0.33037608806864915,0.630170703489267
yes,neither,0.03945320844208391,0.33037608806864915,0.630170703489267
hoi,neither,0.03945320844208391,0.33037608806864915,0.630170703489267
ayy LAMO,neither,0.03945320844208391,0.33037608806864915,0.630170703489267
Suh du shroudW shroudMilk,neither,0.03945320844208391,0.33037608806864915,0.630170703489267
SHROOD,neither,0.03945320844208391,0.33037608806864915,0.630170703489267
rank-s is live,neither,0.05380992942542735,0.3254381533863863,0.6207519171881862
yeah rank s is on,neither,0.027067512706583856,0.446930540892835,0.5260019464005811
shroudnation pls,neither,0.03945320844208391,0.33037608806864915,0.630170703489267
SHROUID OMFG,neither,0.03945320844208391,0.33037608806864915,0.630170703489267
Looking good shroudy,neither,0.03842412243333712,0.33073003793641614,0.6308458396302468
Yes,neither,0.03945320844208391,0.33037608806864915,0.630170703489267
HeyGuys,neither,0.03945320844208391,0.33037608806864915,0.630170703489267
shroudNation pls,neither,0.03945320844208391,0.33037608806864915,0.630170703489267
Elo,neither,0.03945320844208391,0.33037608806864915,0.630170703489267
YEEEE,neither,0.03945320844208391,0.33037608806864915,0.630170703489267
you just missed a q @Shroud,neither,0.05518662064700911,0.4305750638933369,0.5142383154596539
Nice hair shroud you fucking stud muffic,offensive_language,0.12661955843634784,0.8713713064376809,0.0020091351259713167
\/ /\,neither,0.03945320844208391,0.33037608806864915,0.630170703489267
@Shroud you played nuts tonight. shroud9 ftw,neither,0.04869227241713153,0.3429272666350202,0.6083804609478484
@Shroud culling pleaseeee,neither,0.03945320844208391,0.33037608806864915,0.630170703489267
WE MISSED U DAD,neither,0.039287137420511084,0.33319474671556953,0.6275181158639195
2 games at once,neither,0.03851546164016523,0.35889510266723373,0.602589435692601
"they are in Rank S right now @shroud , stewie is in a cache game",neither,0.06129806183605454,0.28283554978428543,0.65586638837966
rank s is on 9 in queue,neither,0.04501214326184463,0.3423270303954392,0.6126608263427162
SHREWDDDD,neither,0.03945320844208391,0.33037608806864915,0.630170703489267
nice 1v3 for the win @shroud,neither,0.03209217247411105,0.2816623593290105,0.6862454681968785
yes i guess 2 or 3 game going on,neither,0.03455095533254552,0.33459147273557166,0.630857571931883
HEY Shroud :),neither,0.03945320844208391,0.33037608806864915,0.630170703489267
"@Shroud, 2-2 train",neither,0.03945320844208391,0.33037608806864915,0.630170703489267
@shroud simple left liquid lelleelelele,neither,0.03945320844208391,0.33037608806864915,0.630170703489267
lets spam SHROUD,neither,0.038599042052319565,0.34487352089959156,0.616527437048089
What up @shroud,neither,0.04549209283961305,0.43877665191533993,0.5157312552450469
summit,neither,0.03945320844208391,0.33037608806864915,0.630170703489267
they've got two games going,neither,0.01857209613877542,0.3666579103370855,0.6147699935241391
He got a haircut PogChamp,neither,0.04425127883096317,0.38173418333178655,0.5740145378372503
finally a good cs streamer online,neither,0.03895515474535979,0.3305473915735049,0.6304974536811353
nice shirt,neither,0.03945320844208391,0.33037608806864915,0.630170703489267
КРЯя,neither,0.03945320844208391,0.33037608806864915,0.630170703489267
How many times can shroud get on reddit in one day?,neither,0.036499147204236054,0.36035761212251977,0.6031432406732442
theres 2 games going,neither,0.03781591958262725,0.3581651529970547,0.604018927420318
SHROUD,neither,0.03945320844208391,0.33037608806864915,0.630170703489267
"5-10 cache @Shroud , with steel and stewie",neither,0.030526040731271912,0.32774704384814174,0.6417269154205864
DADDYS HERE shroudW,neither,0.22097653003277068,0.2221615150675793,0.55686195489965
"@Shroud, YOU ARE NUTS",neither,0.12666895388953875,0.32388177272237195,0.5494492733880892
Summit dazed Jdm and koosta,neither,0.03857111107789432,0.2851340175310554,0.6762948713910502
2 gamez,neither,0.03945320844208391,0.33037608806864915,0.630170703489267
hello,neither,0.03945320844208391,0.33037608806864915,0.630170703489267
Happy 4/20 Shroud Kappa,neither,0.03945320844208391,0.33037608806864915,0.630170703489267
is it just me or did you get a tan @Shroud lol,neither,0.03866017130779119,0.47371974927839544,0.48762007941381336
yo shroud,offensive_language,0.04010381111145228,0.5271105317972344,0.4327856570913131
@Shroud culling please!,neither,0.03945320844208391,0.33037608806864915,0.630170703489267
@Shroud are you going to PAX East,neither,0.11614892002272768,0.3506940756519781,0.5331570043252942
;,neither,0.03945320844208391,0.33037608806864915,0.630170703489267
"@Shroud, Let's go back to the Alexisonfire man",neither,0.02801127482512311,0.4214535489321115,0.5505351762427654
@shroud nice shirt,neither,0.03945320844208391,0.33037608806864915,0.630170703489267
Shroud in heaven,neither,0.03945320844208391,0.33037608806864915,0.630170703489267
!uptime,neither,0.03945320844208391,0.33037608806864915,0.630170703489267
@acendium Channel shroud has been live for 06m and 34s,neither,0.037527441653855145,0.2724964938497483,0.6899760644963965
!uptime,neither,0.03945320844208391,0.33037608806864915,0.630170703489267
@Shroud thoughts on S1mple,neither,0.03575280212831009,0.34829790192625815,0.6159492959454318
dude u were insane vs echofox,neither,0.03971850684268686,0.3120465555745049,0.6482349375828083
shroud PogChamp,neither,0.03945320844208391,0.33037608806864915,0.630170703489267
WHAT MAP was shrouds ace on?,neither,0.04128183772952637,0.33986320460763514,0.6188549576628385
shroudPigeon,neither,0.03945320844208391,0.33037608806864915,0.630170703489267
Living the dream bb,neither,0.038710279900063226,0.31684394985994013,0.6444457702399966
"lann127, No need to repeat yourself, 15 seconds!",neither,0.043457677903368325,0.3365650039950161,0.6199773181016155
2500 FPS WTF,offensive_language,0.04231805002032073,0.5786253524025317,0.3790565975771476
I missed the C9 games :(,neither,0.038458832800751463,0.31213563741485406,0.6494055297843945
"@Shroud Are you ever gonna start playing regular esea again, with justin and such?",neither,0.05367533307555179,0.3737995932138584,0.5725250737105897
Did you hear simple left liquid?,neither,0.051307391665710286,0.36432480861701244,0.5843677997172774
i am a terrible person,neither,0.03925794401343032,0.33044324845963113,0.6302988075269386
"summit is grinding man, he is about that life right now",neither,0.0466237079679893,0.44772800975516885,0.5056482822768419
"@GodKillage, shroudH",neither,0.03945320844208391,0.33037608806864915,0.630170703489267
Same killage 4Head,neither,0.04148851938089603,0.3488915597363099,0.609619920882794
IBUYPOWER In the sponsors?,neither,0.037091980359884744,0.28472846616514075,0.6781795534749746
Summit's on that grind.,neither,0.03389940855935675,0.3772675540094314,0.5888330374312118
FAKE AND GAY Kappa,neither,0.2203837476612456,0.1663029860923642,0.6133132662463903
DendiFace,neither,0.03945320844208391,0.33037608806864915,0.630170703489267
@shroud what do you think of s1mple,neither,0.08406756852810776,0.3795526293430382,0.536379802128854
summit sucks lol,neither,0.03244931928043407,0.3806994176546486,0.5868512630649173
!crosshair,neither,0.03945320844208391,0.33037608806864915,0.630170703489267
"@gnarlsdarwiin His crosshair: cl_crosshairstyle 4;cl_crosshairsize 3.5;cl_crosshairgap -2;cl_crosshairthickness 1.5;cl_crosshaircolor ""4"";cl_crosshaircolor_b ""255"";cl_crosshaircolor_g ""127"";cl_crosshaircolor_r ""0""",neither,0.14069094616772104,0.3246784056473605,0.5346306481849185
"@GivingClaw, shroudH",neither,0.03945320844208391,0.33037608806864915,0.630170703489267
shroud9,neither,0.03945320844208391,0.33037608806864915,0.630170703489267
people queue in esea i hate waiting in queue,neither,0.38290177077646825,0.18935451500433503,0.42774371421919677
IVE BEEN HERE FOR SO LONG WutFace,neither,0.07001970666594304,0.31170998561936747,0.6182703077146895
shroudHype shroudHype shroudHype shroudHype shroudHype,neither,0.03945320844208391,0.33037608806864915,0.630170703489267
theres a reason summit is always picked last xD,neither,0.043330238462628914,0.36395010262022853,0.5927196589171426
hey dad,neither,0.03945320844208391,0.33037608806864915,0.630170703489267
How've you been Shroud?,neither,0.023162113638367766,0.3652326223714245,0.6116052639902076
!crosshair,neither,0.03945320844208391,0.33037608806864915,0.630170703489267
congrats on the wim shroud!,neither,0.036243620580395264,0.327897459670474,0.6358589197491308
DID DAD CHANGE HIS XHAIR,neither,0.06721475689777417,0.3321521620510856,0.6006330810511401
Why is summit popular streamer?,neither,0.035486976337901856,0.34149132448207803,0.6230216991800201
@blahblue13 Check https://twitter.com/C9shroud for updates on stream,neither,0.03267667198997698,0.3948788872717412,0.5724444407382819
c9 S1mple?,neither,0.03945320844208391,0.33037608806864915,0.630170703489267
nuts or vac Kappa,neither,0.03945320844208391,0.33037608806864915,0.630170703489267
Yo,offensive_language,0.04010381111145228,0.5271105317972344,0.4327856570913131
aye,neither,0.03945320844208391,0.33037608806864915,0.630170703489267
!crosshair,neither,0.03945320844208391,0.33037608806864915,0.630170703489267
"@lightsz1 His crosshair: cl_crosshairstyle 4;cl_crosshairsize 3.5;cl_crosshairgap -2;cl_crosshairthickness 1.5;cl_crosshaircolor ""4"";cl_crosshaircolor_b ""255"";cl_crosshaircolor_g ""127"";cl_crosshaircolor_r ""0""",neither,0.14069094616772104,0.3246784056473605,0.5346306481849185
Shroud9,neither,0.03945320844208391,0.33037608806864915,0.630170703489267
1 year yeah,neither,0.01914763436508892,0.476014819984075,0.504837545650836
"@Ali_b0ss, lol dude he left na, not just the team",neither,0.03241277897317044,0.37641912049243037,0.5911681005343992
"shrooooooood is bae , much love from south africa @Shroud",neither,0.03841784481171818,0.36346330445292246,0.5981188507353594
VAC.,neither,0.03945320844208391,0.33037608806864915,0.630170703489267
Welp. Time to change my crosshair too.,neither,0.03325255630725407,0.4206604873388795,0.5460869563538664
"@Shroud, Congrats on beating EchoFox :)",neither,0.03662771522759752,0.3439464145360046,0.6194258702363978
!uptime,neither,0.03945320844208391,0.33037608806864915,0.630170703489267
!uptime,neither,0.03945320844208391,0.33037608806864915,0.630170703489267
Heh,neither,0.03945320844208391,0.33037608806864915,0.630170703489267
DOes somebody know what is with FreaK,neither,0.02822519236326956,0.45937861364486887,0.5123961939918616
shroud can you give us any ideas or hints as to who is joining c9 :o,neither,0.09477368318323126,0.4094549088632902,0.4957714079534786
How are you @shroud ?,neither,0.19156335723385254,0.31525141242459664,0.49318523034155076
summit is a warz streamer,neither,0.04912624121044723,0.3270490885368631,0.6238246702526896
@Shroud play something other Culling tonight!,neither,0.03673028556640281,0.3075746824719224,0.6556950319616748
"nah plz no more S1mple in NA, toxic as hell",offensive_language,0.04020549301333275,0.6460409989941527,0.31375350799251445
@shroud how do you feel about liquid now without simple??,neither,0.050242742333558486,0.3805344434959486,0.5692228141704929
!crosshair,neither,0.03945320844208391,0.33037608806864915,0.630170703489267
"@magicmaniam His crosshair: cl_crosshairstyle 4;cl_crosshairsize 3.5;cl_crosshairgap -2;cl_crosshairthickness 1.5;cl_crosshaircolor ""4"";cl_crosshaircolor_b ""255"";cl_crosshaircolor_g ""127"";cl_crosshaircolor_r ""0""",neither,0.14069094616772104,0.3246784056473605,0.5346306481849185
@cescomesco123 bencherino,neither,0.03945320844208391,0.33037608806864915,0.630170703489267
When you gotta watch on Medium FeelsBadMan,offensive_language,0.04501752963122922,0.49846958586091655,0.45651288450785416
what dm server does he play on,neither,0.03221066057763443,0.45257778788609565,0.5152115515362699
Anybody know the updated crosshair?,neither,0.03862685778166513,0.315290161321234,0.6460829808971009
"g33k_qc, nice virus EleGiggle 20 seconds!",neither,0.03945320844208391,0.33037608806864915,0.630170703489267
vac,neither,0.03945320844208391,0.33037608806864915,0.630170703489267
such a god,neither,0.03981169929857786,0.32429156264736453,0.6358967380540576
what happend to feaK?,neither,0.05453103398022996,0.32106696768786896,0.6244019983319011
"@GodKillage, can i post oddshot",neither,0.0398720547357797,0.32326717336290994,0.6368607719013103
BOTS,neither,0.03945320844208391,0.33037608806864915,0.630170703489267
@tracerxo n0things,neither,0.03945320844208391,0.33037608806864915,0.630170703489267
ty,neither,0.03945320844208391,0.33037608806864915,0.630170703489267
"@Tracerxo, the shark one",neither,0.03745843890944275,0.3473350896153199,0.6152064714752373
!song,neither,0.038601720699969956,0.3448280572582511,0.616570222041779
"Now Playing: The Girl (Color Source Remix) [feat. Cozi Zuehlsdorff] by Hellberg, Cozi Zuehlsdorff - Listen now: http://spoti.fi/1L6F3YF",neither,0.03546919778650903,0.3158907423598763,0.6486400598536147
@shroud are you a wrist Aimer or an arm Aimer?,neither,0.08167704900418993,0.3231270529325479,0.5951958980632621
"hi shroud, can you spray the wall midrange so i can kreygasm",neither,0.05103663633406583,0.3790203211407926,0.5699430425251416
ACSEND SHROUD,neither,0.03945320844208391,0.33037608806864915,0.630170703489267
No,neither,0.036918905254960256,0.37338982715841207,0.5896912675866277
LOL,neither,0.020706217963973744,0.4882283491876925,0.4910654328483337
I dont permit,neither,0.03945320844208391,0.33037608806864915,0.630170703489267
If you played like that in games. :3,offensive_language,0.03904413305283482,0.4962439502268644,0.4647119167203008
"Simple rekt freakazoid, then fled to Ukraine to avoid retaliation",neither,0.052335309179524586,0.32304178629701497,0.6246229045234606
dont ask,neither,0.03945320844208391,0.33037608806864915,0.630170703489267
shroud hwo do you feel adren has to be back to liquid :(,neither,0.06957137970160572,0.3566982723471004,0.5737303479512939
4Head,neither,0.03945320844208391,0.33037608806864915,0.630170703489267
"@dilman207 he uses mostly wrist while aiming,",neither,0.04339000138618121,0.3290220444511616,0.6275879541626572
shroud no longer scared of liquid,neither,0.038802440691029665,0.34142131517253377,0.6197762441364367
SHOTS,neither,0.03945320844208391,0.33037608806864915,0.630170703489267
SHOTS,neither,0.03945320844208391,0.33037608806864915,0.630170703489267
SHIT BREHHH,offensive_language,0.041595751201534026,0.9584042484281707,3.702953810110442e-10
CONFIRMED,neither,0.03945320844208391,0.33037608806864915,0.630170703489267
LIKE WHAT?,neither,0.0930136579451813,0.355425617874717,0.5515607241801017
!song,neither,0.038601720699969956,0.3448280572582511,0.616570222041779
!video,neither,0.049266163358008055,0.16382463337382713,0.7869092032681648
simple is a boy,neither,0.04963788616221836,0.3268731103761615,0.6234890034616201
he left?,neither,0.04852235344289747,0.327256793231761,0.6242208533253416
@proffitt7 thanks :),neither,0.035884468650613,0.3004919205142699,0.6636236108351171
oosh with the shots,neither,0.025166261347780165,0.3573796209085982,0.6174541177436217
wait is s1mple gone or just holiday?,neither,0.041994828894867095,0.34790694240134534,0.6100982287037876
So does this mean adren is going to come back into the starting lineup lel,neither,0.036008825363380646,0.4393180786316568,0.5246730960049625
happier? is simple just really toxic?,neither,0.04296860675710196,0.3517182353635594,0.6053131578793388
yo,offensive_language,0.04010381111145228,0.5271105317972344,0.4327856570913131
whay what simples gone?,neither,0.04921431004782051,0.3260662613379334,0.6247194286142461
simple is a prick,neither,0.04730326514500425,0.3276760935994349,0.625020641255561
@kurib gone,neither,0.039260305037624,0.3336501622801024,0.6270895326822736
Isn't it true him and koosta didn't really get along? Or no,neither,0.02756860422441612,0.3493071082355871,0.6231242875399969
@dilman207 np man shroudW shroudMilk,neither,0.039614816991561344,0.4039823140660171,0.5564028689424217
He gone forever from liquid?,neither,0.04469333174929607,0.3155586873641828,0.6397479808865211
Don't think anyone is saying S1mple leaving is a good thing.,neither,0.044231772810573056,0.3223717683199506,0.6333964588694764
shroud can i see how you have your mouse cord?,neither,0.0831334833648993,0.3635251096691934,0.5533414069659073
"@kurib, holiday",neither,0.03945320844208391,0.33037608806864915,0.630170703489267
does shroud have a streaming schedule??,neither,0.028052308896624432,0.4391955320728506,0.532752159030525
@yourekindalame Check https://twitter.com/C9shroud for updates on stream,neither,0.03267667198997698,0.3948788872717412,0.5724444407382819
no adren to c9 FeelsBadMan,neither,0.056352238207008735,0.3551474029883743,0.5885003588046169
Out of tryouts 1-4 which one are you favoring,neither,0.07299486155479104,0.37159217809948064,0.5554129603457283
shroud to TL kappa,neither,0.04603335534751454,0.3265289374642596,0.6274377071882258
Simple is trapped with his contract for sure.,neither,0.04249424701212374,0.41931915891104543,0.5381865940768308
check hltv retards lol,hate_speech,0.516591083975751,0.4609573006204348,0.022451615403814133
s1mple is back to eu cuz he missed his family,neither,0.08786210885989389,0.32128284139529356,0.5908550497448126
!song,neither,0.038601720699969956,0.3448280572582511,0.616570222041779
"Now Playing: The Girl (Color Source Remix) [feat. Cozi Zuehlsdorff] by Hellberg, Cozi Zuehlsdorff - Listen now: http://spoti.fi/1L6F3YF",neither,0.03546919778650903,0.3158907423598763,0.6486400598536147
What game mode is he playing,neither,0.056564277958856636,0.28825377701644234,0.6551819450247008
@shroud nice 1v3 man,neither,0.039701852654318935,0.42938096942238413,0.530917177923297
feelsgoodman what's up shroud,neither,0.04549209283961305,0.43877665191533993,0.5157312552450469
s1mple didnt go well with most NA players,neither,0.03217233398268242,0.36043811452925817,0.6073895514880594
ya simple is an asshole,offensive_language,0.03554556547176968,0.6706026217806638,0.29385181274756667
!sens,neither,0.03945320844208391,0.33037608806864915,0.630170703489267
@jooosann DPI: 400 - Ingame : 2.0 - Windows: 6/11 - Raw-Input: On - 1000 Hz Polling Rate,neither,0.03781786467716525,0.33814216926935486,0.6240399660534798
"so im like, who gives a fuck about simple my man shroud is streaming!",offensive_language,0.10143900449488552,0.8902261472696741,0.008334848235440537
shroudHype shroudHype shroudHype,neither,0.03945320844208391,0.33037608806864915,0.630170703489267
I came back I can't watch Jdm destroy his shoulders anymore,neither,0.06012117230402887,0.3273521675917884,0.6125266601041828
s1mple wants to go Eu,neither,0.051917656030580364,0.33030052245349667,0.617781821515923
!time,neither,0.036668274527354654,0.377643684699956,0.5856880407726893
"he was never gonna make it on c9, major was too much of an outlier performance for him Photonshadow, the days of dead weight IGL's are coming to a close with so many 6th man IGL's",neither,0.03904920816510689,0.3890805492629548,0.5718702425719382
