text,top_class,hate_speech,offensive_language,neither
OHSHIT,neither,0.03945320844208391,0.33037608806864915,0.630170703489267
shroudHype shroudHype shroudHype shroudHype shroudHype shroudHype shroudHype shroudHype shroudHype shroudHype,neither,0.03945320844208391,0.33037608806864915,0.630170703489267
WHATUPBOY,neither,0.03945320844208391,0.33037608806864915,0.630170703489267
VisLaud,neither,0.03945320844208391,0.33037608806864915,0.630170703489267
Ayy lmao,neither,0.038286200742828215,0.35018325437241776,0.6115305448847541
Ayyylmao,neither,0.03945320844208391,0.33037608806864915,0.630170703489267
He didn't bail PogChamp,neither,0.029067947039349847,0.3733456913511229,0.5975863616095273
hey,neither,0.03945320844208391,0.33037608806864915,0.630170703489267
Hi poo,neither,0.03945320844208391,0.33037608806864915,0.630170703489267
bUrself,neither,0.03945320844208391,0.33037608806864915,0.630170703489267
shroudInsane shroudInsane shroudInsane shroudInsane shroudInsane shroudInsane shroudInsane shroudInsane shroudInsane shroudInsane,neither,0.03945320844208391,0.33037608806864915,0.630170703489267
Ayylmao,neither,0.03945320844208391,0.33037608806864915,0.630170703489267
Dad,neither,0.03945320844208391,0.33037608806864915,0.630170703489267
Dad,neither,0.03945320844208391,0.33037608806864915,0.630170703489267
sup,neither,0.03945320844208391,0.33037608806864915,0.630170703489267
Hello,neither,0.03945320844208391,0.33037608806864915,0.630170703489267
WTF i was checking res and it started this was scary af,neither,0.03912209554734853,0.4492216026745201,0.5116563017781313
Playing CS?,neither,0.03945320844208391,0.33037608806864915,0.630170703489267
Jjj,neither,0.03945320844208391,0.33037608806864915,0.630170703489267
JKanStyle,neither,0.03945320844208391,0.33037608806864915,0.630170703489267
uh huh dude suh,neither,0.03945320844208391,0.33037608806864915,0.630170703489267
Huii,neither,0.03945320844208391,0.33037608806864915,0.630170703489267
PogChamp it's shroud,neither,0.034373745257138544,0.33212314837979673,0.6335031063630647
I'm here for the Reddit clips,neither,0.08083538111439569,0.24651983405972236,0.672644784825882
yesss,neither,0.03945320844208391,0.33037608806864915,0.630170703489267
mlgmDank,neither,0.03945320844208391,0.33037608806864915,0.630170703489267
q000,neither,0.03945320844208391,0.33037608806864915,0.630170703489267
@shroud Pog,neither,0.03945320844208391,0.33037608806864915,0.630170703489267
WOOO,neither,0.03945320844208391,0.33037608806864915,0.630170703489267
HeyGuys HeyGuys,neither,0.03945320844208391,0.33037608806864915,0.630170703489267
Kappa,neither,0.03945320844208391,0.33037608806864915,0.630170703489267
lit,neither,0.03945320844208391,0.33037608806864915,0.630170703489267
shroudHype shroudHype shroudHype shroudHype shroudHype,neither,0.03945320844208391,0.33037608806864915,0.630170703489267
"SHROUD, LETS FUCKING GOOOOOOO",offensive_language,0.11175285098510487,0.8882041824205891,4.296659430600072e-05
Yo,offensive_language,0.04010381111145228,0.5271105317972344,0.4327856570913131
DAD,neither,0.03945320844208391,0.33037608806864915,0.630170703489267
@Shroud yea yea yea right i'm about to leave NotLikeThis,neither,0.0412883480731021,0.3590978703991478,0.5996137815277501
Finallyyy shroudHype,neither,0.03945320844208391,0.33037608806864915,0.630170703489267
what's up Shroud?,neither,0.04549209283961305,0.43877665191533993,0.5157312552450469
@shroud hola sir! shroudHype,neither,0.03945320844208391,0.33037608806864915,0.630170703489267
#notificationhype,neither,0.03945320844208391,0.33037608806864915,0.630170703489267
PAPA SHROOOOD,neither,0.03945320844208391,0.33037608806864915,0.630170703489267
shroudHype shroudHype shroudHype shroudHype shroudHype shroudHype shroudHype shroudInsane shroudInsane shroudPalm shroudPalm shroudHype shroudInsane shroudInsane shroudInsane,neither,0.03945320844208391,0.33037608806864915,0.630170703489267
HAAAAIIL TO THE KIIING,neither,0.06348207243887267,0.2676115413284709,0.6689063862326565
hey shr00dyboi,neither,0.03945320844208391,0.33037608806864915,0.630170703489267
SwiftRage,neither,0.03945320844208391,0.33037608806864915,0.630170703489267
SHRO,neither,0.03945320844208391,0.33037608806864915,0.630170703489267
WOOoOoO,neither,0.03945320844208391,0.33037608806864915,0.630170703489267
Kappa,neither,0.03945320844208391,0.33037608806864915,0.630170703489267
fiorst,neither,0.03945320844208391,0.33037608806864915,0.630170703489267
1 rank S game just started fam @Shroud,neither,0.03542199624028569,0.31370413683993,0.6508738669197843
last,neither,0.03945320844208391,0.33037608806864915,0.630170703489267
"17andpregnant, No need to repeat yourself, 15 seconds!",neither,0.043457677903368325,0.3365650039950161,0.6199773181016155
ITS ABOUT FUCKIGN TIME,neither,0.02800395737088271,0.39810632567750354,0.5738897169516137
:D it's daddy,neither,0.03727854811584297,0.3311240534752029,0.631597398408954
eins,neither,0.03945320844208391,0.33037608806864915,0.630170703489267
just missed Que :(,neither,0.03516453256648344,0.3505672407331838,0.6142682267003328
Shroudie <3,neither,0.03945320844208391,0.33037608806864915,0.630170703489267
Hey boi,neither,0.03945320844208391,0.33037608806864915,0.630170703489267
eyy bb,neither,0.03945320844208391,0.33037608806864915,0.630170703489267
drink bleach,neither,0.03945320844208391,0.33037608806864915,0.630170703489267
FUCK YEAH BUD,offensive_language,0.09285652549520026,0.9067905798667634,0.00035289463803632557
shroudOverit shroudOverit shroudOverit shroudOverit shroudOverit shroudOverit shroudOverit,neither,0.03945320844208391,0.33037608806864915,0.630170703489267
HeyGuys,neither,0.03945320844208391,0.33037608806864915,0.630170703489267
DEATH IS COMING INTO TOWN WITH ARMOR,neither,0.03631429180736316,0.3551663747685918,0.6085193334240451
shroooooodd you are roooode,neither,0.3074667772907956,0.2930344039624175,0.399498818746787
interrupted me from listening to views,neither,0.0391804913071008,0.34306172902853826,0.6177577796643609
KappaPride,neither,0.03945320844208391,0.33037608806864915,0.630170703489267
Hi dude,neither,0.03945320844208391,0.33037608806864915,0.630170703489267
shroudW shroudMilk,neither,0.03945320844208391,0.33037608806864915,0.630170703489267
You Really gotta play CULLING,neither,0.05926280976970051,0.43362988464403174,0.5071073055862678
literally was waiting all night last night to watch you play the culling with just9n,neither,0.03839542680449385,0.4141645137553382,0.5474400594401678
botty,neither,0.03945320844208391,0.33037608806864915,0.630170703489267
OMG,neither,0.03945320844208391,0.33037608806864915,0.630170703489267
shroud PogChamp,neither,0.03945320844208391,0.33037608806864915,0.630170703489267
shroudPigeon shroudPigeon shroudPigeon shroudPigeon shroudPigeon shroudPigeon shroudPigeon,neither,0.03945320844208391,0.33037608806864915,0.630170703489267
I AM A GOD,neither,0.03915879766364618,0.33047734943573753,0.6303638529006163
97 viewers,neither,0.03945320844208391,0.33037608806864915,0.630170703489267
***,neither,0.03945320844208391,0.33037608806864915,0.630170703489267
yaaaay its shroud! no more stunna!,neither,0.0345646137072614,0.33660377083807275,0.6288316154546659
HELLO MY FRIEND,neither,0.027407197776275392,0.42506830513223315,0.5475244970914914
PLAY CULLING SHROUD,neither,0.03945320844208391,0.33037608806864915,0.630170703489267
Kappa 420,neither,0.03945320844208391,0.33037608806864915,0.630170703489267
DADA,neither,0.03945320844208391,0.33037608806864915,0.630170703489267
!song,neither,0.038601720699969956,0.3448280572582511,0.616570222041779
@sameer_ft9 Frame of Mike (ditto) https://www.youtube.com/watch?v=SCD2tB1qILc (ditto),neither,0.042638247836313065,0.32928060696907324,0.6280811451946137
Holaaaaa,neither,0.03945320844208391,0.33037608806864915,0.630170703489267
"i'm not gonna lie, i started playing the culling, game is uber fun",neither,0.04189584773993294,0.32405988624787857,0.6340442660121886
i want them to allign so badly,neither,0.06307907992275187,0.3587442828108967,0.5781766372663515
DADADADA,neither,0.03945320844208391,0.33037608806864915,0.630170703489267
3 minutes ResidentSleeper,neither,0.03945320844208391,0.33037608806864915,0.630170703489267
piss on my kappa,neither,0.027609770688065458,0.41730275050539417,0.5550874788065404
shroud streams are honestly all i look forward too at this time of night,neither,0.049024873793579754,0.37581637690778535,0.575158749298635
DADADADADA,neither,0.03945320844208391,0.33037608806864915,0.630170703489267
@stewaad nope i was,neither,0.03928198243901701,0.33328224020495356,0.6274357773560294
Reddit where u at,neither,0.04153297286352031,0.31596721261946403,0.6424998145170158
@l3g1tbrox dude. same. feelsbadman,neither,0.04079509893465122,0.34259647202266846,0.6166084290426802
shroud! BibleThump,neither,0.03945320844208391,0.33037608806864915,0.630170703489267
Yoooo Shroud shroudH,neither,0.03945320844208391,0.33037608806864915,0.630170703489267
ayee DAD,neither,0.03945320844208391,0.33037608806864915,0.630170703489267
97 viewer ? PogChamp,neither,0.03945320844208391,0.33037608806864915,0.630170703489267
FunRun Kreygasm,neither,0.03945320844208391,0.33037608806864915,0.630170703489267
shroud tweet,neither,0.03945320844208391,0.33037608806864915,0.630170703489267
piss on my Keppo,neither,0.02300168024204031,0.4575769178225167,0.519421401935443
Dad where have you been!!!!,neither,0.06067278667651248,0.364322626119934,0.5750045872035535
Shroud still loves us,neither,0.08825898117818683,0.33715088315990066,0.5745901356619124
PogChamp,neither,0.03945320844208391,0.33037608806864915,0.630170703489267
!song,neither,0.038601720699969956,0.3448280572582511,0.616570222041779
@dead_himura Frame of Mike (ditto) https://www.youtube.com/watch?v=SCD2tB1qILc (ditto),neither,0.042638247836313065,0.32928060696907324,0.6280811451946137
shroudH,neither,0.03945320844208391,0.33037608806864915,0.630170703489267
Te amo shroud,neither,0.03945320844208391,0.33037608806864915,0.630170703489267
its hail to the king,neither,0.0385864189655406,0.3148403592288217,0.6465732218056377
[Twitter Live Feed @C9shroud] Let's play some g4m3s! https://t.co/0nsby7MTHi https://twitter.com/C9shroud/status/725935201398841347,neither,0.028888660080671754,0.471398212463525,0.4997131274558033
niciHi,neither,0.03945320844208391,0.33037608806864915,0.630170703489267
@Shroud Hello!,neither,0.03945320844208391,0.33037608806864915,0.630170703489267
i purposely stay up to see if he tweets hes live (you havent tweeted btw shroud),neither,0.04313867553257459,0.40704980896554604,0.5498115155018793
RUINED,neither,0.03945320844208391,0.33037608806864915,0.630170703489267
Lol. He joined mumbler,neither,0.03621959390418801,0.3870680061831454,0.5767123999126665
@Shroud Priviet.,neither,0.03945320844208391,0.33037608806864915,0.630170703489267
hello gaiiis,neither,0.03945320844208391,0.33037608806864915,0.630170703489267
"shroud, play the culling plox",neither,0.03784505052163362,0.3002771555203097,0.6618777939580567
ayy,neither,0.03945320844208391,0.33037608806864915,0.630170703489267
i love you daddy,neither,0.05923294401987339,0.4218119101385346,0.518955145841592
yaaaaaaaaaassssssss,neither,0.03945320844208391,0.33037608806864915,0.630170703489267
HAAAIILL TO THE KIIINNNG,neither,0.06348207243887267,0.2676115413284709,0.6689063862326565
KING,neither,0.03945320844208391,0.33037608806864915,0.630170703489267
ты пидор,neither,0.03945320844208391,0.33037608806864915,0.630170703489267
fuck yah,offensive_language,0.18957446845237677,0.810349695439091,7.583610853232962e-05
YAY,neither,0.03945320844208391,0.33037608806864915,0.630170703489267
wooooooooooooo,neither,0.03945320844208391,0.33037608806864915,0.630170703489267
2 minutes ResidentSleeper,neither,0.03945320844208391,0.33037608806864915,0.630170703489267
hi mikey,neither,0.03945320844208391,0.33037608806864915,0.630170703489267
russians everywhere,neither,0.03945320844208391,0.33037608806864915,0.630170703489267
@Shroud ur step dads stream,neither,0.05725636517639209,0.32425276609324166,0.6184908687303663
nice job today @Shroud,neither,0.037843633410605,0.3055236066591028,0.6566327599302921
Eres el mejor del mundo :),neither,0.03945320844208391,0.33037608806864915,0.630170703489267
@shroudsson LOL ur name bro,neither,0.05463581726548192,0.38194850277165665,0.5634156799628615
shroudPigeon shroudPigeon shroudPigeon shroudPigeon shroudPigeon shroudPigeon shroudPigeon shroudPigeon shroudPigeon shroudPigeon shroudPigeon,neither,0.03945320844208391,0.33037608806864915,0.630170703489267
FUCK YEAH BUD brb gunna smoke a cig real quck,offensive_language,0.06849288467383821,0.9079370544804569,0.0235700608457048
Pigeon hype,neither,0.03945320844208391,0.33037608806864915,0.630170703489267
Ruck Fussians Kappa,neither,0.03945320844208391,0.33037608806864915,0.630170703489267
HEY DAD,neither,0.03945320844208391,0.33037608806864915,0.630170703489267
shroudW,neither,0.03945320844208391,0.33037608806864915,0.630170703489267
rank c esea is fucking aids,offensive_language,0.12184547880522616,0.8744786870897857,0.003675834104988089
holy shit,offensive_language,0.04257650662097627,0.9573463282193174,7.716515970639687e-05
hello,neither,0.03945320844208391,0.33037608806864915,0.630170703489267
kill me now,hate_speech,0.6148115942340968,0.1459881592633366,0.23920024650256674
wassup,neither,0.33529425248498695,0.08556156890646638,0.5791441786085466
rank A is aids too,neither,0.04635357301065321,0.331694396441982,0.6219520305473647
whats it like bugs,neither,0.04811284535333035,0.3459880701350116,0.6058990845116581
shroudW shroudW shroudW shroudW,neither,0.03945320844208391,0.33037608806864915,0.630170703489267
dont worry,neither,0.03945320844208391,0.33037608806864915,0.630170703489267
@bugsc9 try rank d,neither,0.03945320844208391,0.33037608806864915,0.630170703489267
im at the same point @bugsc9,neither,0.03754261644448403,0.38254292207769863,0.5799144614778172
youre not missing out,neither,0.042860841694992616,0.348345293646853,0.6087938646581542
"@iiPolen, shroudH",neither,0.03945320844208391,0.33037608806864915,0.630170703489267
polen PLEASE,neither,0.03945320844208391,0.33037608806864915,0.630170703489267
SLAY SYN Kreygasm,neither,0.03945320844208391,0.33037608806864915,0.630170703489267
rank c is 5rws,neither,0.04981691255257763,0.32681153499115395,0.6233715524562684
intro music not the same feels as outtro song BibleThump,neither,0.036863504204380546,0.3559873490570529,0.6071491467385665
fuck me,offensive_language,0.19793785541251727,0.8020621325935572,1.1993925607505116e-08
there's no difference with ranks lol,neither,0.02198581801834821,0.3925392455019888,0.585474936479663
\m/,neither,0.03945320844208391,0.33037608806864915,0.630170703489267
all shait,offensive_language,0.046917543854519406,0.6277741405869331,0.3253083155585475
@Sorlander yeah fack russians,neither,0.023507678412445245,0.4412251867422846,0.5352671348452701
Anyone watch the handegg draft tonight? shroudW,neither,0.04121568634309617,0.2973490927156381,0.6614352209412657
but drakes new album am I right??,neither,0.03878838739893614,0.2830420989397338,0.67816951366133
# ChefFrank,neither,0.03945320844208391,0.33037608806864915,0.630170703489267
hello,neither,0.03945320844208391,0.33037608806864915,0.630170703489267
BibleThump,neither,0.03945320844208391,0.33037608806864915,0.630170703489267
I'm a horny slut,neither,0.03945320844208391,0.33037608806864915,0.630170703489267
TBTacoLeft TBCheesePull StinkyCheese TBCheesePull TBTacoRight,neither,0.03945320844208391,0.33037608806864915,0.630170703489267
A is really aids man,neither,0.04856306802775564,0.3947228993507525,0.5567140326214919
man CS streamers start so late,neither,0.03956210049117567,0.4198635606306171,0.5405743388782074
i swear,neither,0.03945320844208391,0.33037608806864915,0.630170703489267
'.stats bug,neither,0.03945320844208391,0.33037608806864915,0.630170703489267
riPepperonis deIlluminati deIlluminati deIlluminati,neither,0.03945320844208391,0.33037608806864915,0.630170703489267
Who thinks shroud is daddy say I :D,neither,0.04826217535730085,0.39127907632892844,0.5604587483137706
ROFL,neither,0.03945320844208391,0.33037608806864915,0.630170703489267
@bugsc9 wtf I have average 10 rws and got placed in rank d,offensive_language,0.03910026059266426,0.5027045995993425,0.45819513980799326
early af,neither,0.0414457122203709,0.2965580989306266,0.6619961888490025
shroudHype shroudHype shroudHype,neither,0.03945320844208391,0.33037608806864915,0.630170703489267
Kappa,neither,0.03945320844208391,0.33037608806864915,0.630170703489267
SYNYSTER SLAY BOY Kreygasm,neither,0.03945320844208391,0.33037608806864915,0.630170703489267
shroudHype shroudHype shroudHype shroudHype shroudHype,neither,0.03945320844208391,0.33037608806864915,0.630170703489267
Every time I go to get out of C+ I get matched up with people who are C- / D- ....,neither,0.07129041705164375,0.4529708119109938,0.47573877103736245
Ranks C and B is legit kids that have sub 9 rws and get like 30 kills,neither,0.04660223773694518,0.32451752248833604,0.6288802397747186
I don't understand,neither,0.03945320844208391,0.33037608806864915,0.630170703489267
You,offensive_language,0.21217306638279385,0.6099082758190073,0.17791865779819876
got ot love that rock mulsi cfor the introo XD,neither,0.032313042707288596,0.3990716964627658,0.5686152608299457
YESSS FINALLY,neither,0.03945320844208391,0.33037608806864915,0.630170703489267
30,neither,0.03945320844208391,0.33037608806864915,0.630170703489267
shroud hey,neither,0.03945320844208391,0.33037608806864915,0.630170703489267
"@krazcs, I may have 9rws but I constantly get placed with 5rws people on my team",neither,0.0344739307508278,0.43267215029409783,0.5328539189550743
HHH,neither,0.03945320844208391,0.33037608806864915,0.630170703489267
dazedLoyal dazedLoyal dazedLoyal dazedLoyal,neither,0.03945320844208391,0.33037608806864915,0.630170703489267
Kappa,neither,0.03945320844208391,0.33037608806864915,0.630170703489267
9 rws EleGiggle LUL,neither,0.03945320844208391,0.33037608806864915,0.630170703489267
Hey Im here early for once,neither,0.07171099552845889,0.27819940970938434,0.6500895947621568
shroudPigeon shroudPigeon shroudPigeon shroudPigeon shroudPigeon shroudPigeon shroudPigeon,neither,0.03945320844208391,0.33037608806864915,0.630170703489267
SHROOOOOOOOOD,neither,0.03945320844208391,0.33037608806864915,0.630170703489267
que pasa putos,neither,0.03945320844208391,0.33037608806864915,0.630170703489267
15,neither,0.03945320844208391,0.33037608806864915,0.630170703489267
NotLikeThis NotLikeThis NotLikeThis,neither,0.03945320844208391,0.33037608806864915,0.630170703489267
20,neither,0.03945320844208391,0.33037608806864915,0.630170703489267
Yey####,neither,0.03945320844208391,0.33037608806864915,0.630170703489267
Tick,neither,0.03945320844208391,0.33037608806864915,0.630170703489267
Suh dude,neither,0.03945320844208391,0.33037608806864915,0.630170703489267
5,neither,0.03945320844208391,0.33037608806864915,0.630170703489267
3,neither,0.03945320844208391,0.33037608806864915,0.630170703489267
shroud has the music taste of a 30 yr old dad who thinks hes newly discovered this music he thinks is bad ass,offensive_language,0.08923144875902166,0.7068115880744074,0.203956963166571
shroudOverit,neither,0.03945320844208391,0.33037608806864915,0.630170703489267
2,neither,0.03945320844208391,0.33037608806864915,0.630170703489267
5,neither,0.03945320844208391,0.33037608806864915,0.630170703489267
1,neither,0.03945320844208391,0.33037608806864915,0.630170703489267
woo,neither,0.03945320844208391,0.33037608806864915,0.630170703489267
"Always early, always have to sleep NotLikeThis",neither,0.042608842575927945,0.4033091511058375,0.5540820063182346
So close dad,neither,0.03940928968431644,0.3821865113409405,0.5784041989747432
D ranks are for shitters,neither,0.08951834997933025,0.17935950797454261,0.7311221420461271
WutFace / hail,neither,0.03945320844208391,0.33037608806864915,0.630170703489267
"Shroud has a damn nice stream man, everything even this intro",offensive_language,0.04321800644299353,0.6812004844701061,0.2755815090869005
when you celebrate your subscription alone because shroud wasn't streaming FeelsBadMan,neither,0.06337042644342965,0.3911549175549552,0.5454746560016153
5,neither,0.03945320844208391,0.33037608806864915,0.630170703489267
ayy lets go,neither,0.03981438069455875,0.3473784894399872,0.6128071298654539
shroooooood,neither,0.03945320844208391,0.33037608806864915,0.630170703489267
shroudThump shroudThump shroudThump shroudThump shroudThump shroudThump,neither,0.03945320844208391,0.33037608806864915,0.630170703489267
WutFace,neither,0.03945320844208391,0.33037608806864915,0.630170703489267
5,neither,0.03945320844208391,0.33037608806864915,0.630170703489267
HI SHROD,neither,0.03945320844208391,0.33037608806864915,0.630170703489267
shroudHype shroudHype,neither,0.03945320844208391,0.33037608806864915,0.630170703489267
yo shr00d,offensive_language,0.04010381111145228,0.5271105317972344,0.4327856570913131
shroudW shroudW shroudW shroudW,neither,0.03945320844208391,0.33037608806864915,0.630170703489267
"Рукаблуд, ссанина очко блядун вагина сука ебланище влагалище пердун дрочила",neither,0.03945320844208391,0.33037608806864915,0.630170703489267
Kappa /,neither,0.03945320844208391,0.33037608806864915,0.630170703489267
shroudWhiff shroudWhiff shroudWhiff shroudWhiff,neither,0.03945320844208391,0.33037608806864915,0.630170703489267
was k,neither,0.039089514555301665,0.336548922492753,0.6243615629519452
Nah,neither,0.03945320844208391,0.33037608806864915,0.630170703489267
;) ;),neither,0.03945320844208391,0.33037608806864915,0.630170703489267
"shroud, culling pls",neither,0.03945320844208391,0.33037608806864915,0.630170703489267
shroudW,neither,0.03945320844208391,0.33037608806864915,0.630170703489267
"I've got 11, but my win ratio is 28-30",neither,0.019661925100278067,0.4058041534633611,0.574533921436361
hey shroud,neither,0.03945320844208391,0.33037608806864915,0.630170703489267
hi,neither,0.03945320844208391,0.33037608806864915,0.630170703489267
hi bitch,offensive_language,0.0029969416845702836,0.9970030271091795,3.120625017847262e-08
shroudHype shroudHype shroudH shroudH,neither,0.03945320844208391,0.33037608806864915,0.630170703489267
no,neither,0.036918905254960256,0.37338982715841207,0.5896912675866277
SUP MAN!,neither,0.03963703663028572,0.41087941302266007,0.5494835503470542
DAD,neither,0.03945320844208391,0.33037608806864915,0.630170703489267
Miiiiiike shroudH,neither,0.03945320844208391,0.33037608806864915,0.630170703489267
hi,neither,0.03945320844208391,0.33037608806864915,0.630170703489267
Nah,neither,0.03945320844208391,0.33037608806864915,0.630170703489267
1 rank S game just started fam @Shroud,neither,0.03542199624028569,0.31370413683993,0.6508738669197843
shroudDad,neither,0.03945320844208391,0.33037608806864915,0.630170703489267
YO MIKE,neither,0.03966509997107535,0.42522360759690203,0.5351112924320227
thats too low now,neither,0.039177131016334764,0.33506184248827914,0.6257610264953861
HeyGuys hi,neither,0.03945320844208391,0.33037608806864915,0.630170703489267
there was,neither,0.0391719864997431,0.25722825471909144,0.7035997587811654
yes there was,neither,0.03921925957843934,0.276314194063727,0.6844665463578337
@Isaacdoe same D: shit teams makes it so hard,offensive_language,0.041362830285885534,0.9557059586459382,0.0029312110681762615
Ayyy Mike and chat shroudH shroudH,neither,0.038808436830421275,0.29838175835009184,0.6628098048194869
@gr000vy a 30 year old dad would have grown up with that music..,neither,0.025245593662976455,0.47540027348217234,0.4993541328548511
music was fine,neither,0.03930935982039383,0.3328175745937172,0.6278730655858891
hail to the king was on,neither,0.04166586687089214,0.3263795866423283,0.6319545464867796
it was fine,neither,0.03727994724340927,0.33399189901530874,0.628728153741282
MIKEEYYYYYY <3,neither,0.03945320844208391,0.33037608806864915,0.630170703489267
dat hair,neither,0.03945320844208391,0.33037608806864915,0.630170703489267
Wutuuup,neither,0.03945320844208391,0.33037608806864915,0.630170703489267
I heard the intro to Alexisonfire for 1/4 of a second.,neither,0.03895428562062194,0.2928528709470557,0.6681928434323224
shroud long hair coming back FeelsGoodMan,neither,0.03922132565201779,0.32843433143851475,0.6323443429094674
was playing with quite low volume LUL,neither,0.032598875019699304,0.3542375660574515,0.6131635589228493
wadduppp,neither,0.03945320844208391,0.33037608806864915,0.630170703489267
Yeah,offensive_language,0.013968601452186464,0.5182923869769311,0.4677390115708824
@shroud hello,neither,0.03945320844208391,0.33037608806864915,0.630170703489267
i luv u dad,neither,0.03945320844208391,0.33037608806864915,0.630170703489267
yes,neither,0.03945320844208391,0.33037608806864915,0.630170703489267
"@Shroud, Where you shirtless on stewie2k's steam last night?",neither,0.04430746057769956,0.354388393403411,0.6013041460188895
yes,neither,0.03945320844208391,0.33037608806864915,0.630170703489267
no,neither,0.036918905254960256,0.37338982715841207,0.5896912675866277
music was good,neither,0.03842514676034705,0.3334513791584505,0.6281234740812024
I had around 14-15 RWS last year now i probably would have like 10 :D,neither,0.04418965589635396,0.3540134359106733,0.6017969081929726
Hello,neither,0.03945320844208391,0.33037608806864915,0.630170703489267
there were tunes,neither,0.03967975296118944,0.2704191772383717,0.6899010698004387
hail to the king,neither,0.04494321456268093,0.31150984430219997,0.6435469411351191
yes,neither,0.03945320844208391,0.33037608806864915,0.630170703489267
yea it was awesone too,neither,0.0369528721486337,0.34337857134129496,0.6196685565100715
no,neither,0.036918905254960256,0.37338982715841207,0.5896912675866277
Yes,neither,0.03945320844208391,0.33037608806864915,0.630170703489267
you're finally on Kreygasm,neither,0.09284946313050495,0.36982557811347333,0.5373249587560218
4Head,neither,0.03945320844208391,0.33037608806864915,0.630170703489267
shroudHype shroudHype shroudHype,neither,0.03945320844208391,0.33037608806864915,0.630170703489267
shrood bebi,neither,0.03945320844208391,0.33037608806864915,0.630170703489267
@shroud dude lemme have ur hair so lushes,neither,0.059715323600071875,0.36908236333130523,0.5712023130686229
hi shroud x),neither,0.03945320844208391,0.33037608806864915,0.630170703489267
Rapperoni,neither,0.03945320844208391,0.33037608806864915,0.630170703489267
do you have a dual pc setup?,neither,0.05409418644178882,0.37655546263085093,0.5693503509273603
hey @shroud subbed offline love ya bud,offensive_language,0.02684331822546596,0.5283871009582534,0.4447695808162806
"@shroud yes there was music, it was perfect, turn it back up",neither,0.03568942714990912,0.33841853975589636,0.6258920330941945
@shroud do u smoke weed,offensive_language,0.03050113669459176,0.5033803153396351,0.46611854796577323
"@Shroud, Culling tonight with Just9n like you promised 2 days ago PogChamp",neither,0.046883124700692266,0.3866420657338061,0.5664748095655016
@shroud play kz to warm up PogChamp,neither,0.04393239916916711,0.38646234296901094,0.5696052578618219
play Views,neither,0.03945320844208391,0.33037608806864915,0.630170703489267
@shroud any chance you'll play the culling tonight? new update is nice,neither,0.055842482259423336,0.26904612341453527,0.6751113943260414
@Itzacog do u smonk weed,offensive_language,0.03153348732172481,0.49326594857316586,0.4752005641051094
Rock? BabyRage,neither,0.03945320844208391,0.33037608806864915,0.630170703489267
Shroud man gotta link that playlist,neither,0.035148995892021806,0.4331577987659289,0.5316932053420492
Drake LUL,neither,0.03945320844208391,0.33037608806864915,0.630170703489267
FeelsBadMan this FeelsBadMan used FeelsBadMan to FeelsBadMan be FeelsBadMan a FeelsBadMan goatee FeelsBadMan heavy FeelsBadMan metal FeelsBadMan stream FeelsBadMan,neither,0.044242957260690295,0.331338247297993,0.6244187954413166
what band is this,neither,0.05768565795796135,0.3235026240812445,0.618811717960794
"@Shroud, Stream*",neither,0.03945320844208391,0.33037608806864915,0.630170703489267
u just missed q rip,neither,0.03487843873130735,0.35197453116571065,0.613147030102982
yes,neither,0.03945320844208391,0.33037608806864915,0.630170703489267
SwiftRage \m/,neither,0.03945320844208391,0.33037608806864915,0.630170703489267
mike yeah music FUCK MY ASS FROZEN,offensive_language,0.08571368925893934,0.9142536456126363,3.266512842431044e-05
sup,neither,0.03945320844208391,0.33037608806864915,0.630170703489267
Its loud,neither,0.0317343081527336,0.3330309718329803,0.635234720014286
culling with just9n,neither,0.01332993187238274,0.44459218524224076,0.5420778828853765
is he that good at kz?,neither,0.051207367390468564,0.41085698955339967,0.5379356430561318
its trivium,neither,0.02700859978372578,0.3346563596412867,0.6383350405749875
pure as fuck,offensive_language,0.15887507745062823,0.840867339349536,0.0002575831998357228
drug free FeelsGoodMan,neither,0.03945320844208391,0.33037608806864915,0.630170703489267
hello,neither,0.03945320844208391,0.33037608806864915,0.630170703489267
shroudH shroudH shroudH shroudH shroudH shroudHype shroudHype shroudHype shroudHype shroudHype,neither,0.03945320844208391,0.33037608806864915,0.630170703489267
"@Shroud, Whiskey or Vodka.",neither,0.03945320844208391,0.33037608806864915,0.630170703489267
He smokes mid Keepo,neither,0.0441896707190891,0.32874700149825553,0.6270633277826555
he only does adderall Kappa,neither,0.032043295098332376,0.42529040571984716,0.5426662991818205
culling with just9n plz,neither,0.025973088388790776,0.37900741308531627,0.595019498525893
squad or riot,neither,0.03945320844208391,0.33037608806864915,0.630170703489267
@shroud nothing's story :D:D,neither,0.03617812091413725,0.3859628707152516,0.5778590083706111
Pls don't spamerino in the chatterino,neither,0.03843644252055705,0.31171263137794974,0.6498509261014933
Keepo,neither,0.03945320844208391,0.33037608806864915,0.630170703489267
he's listening to trivium,neither,0.05697624457451529,0.3222668216866377,0.6207569337388471
"@Noper123, shroudH",neither,0.03945320844208391,0.33037608806864915,0.630170703489267
Only in otaly,neither,0.03945320844208391,0.33037608806864915,0.630170703489267
shroudy gets turnt we all know,neither,0.041029405746060565,0.40305154473221927,0.5559190495217202
that paris story by Nothing Kappa,neither,0.03578550872028541,0.4190051856986517,0.5452093055810628
SHROUD,neither,0.03945320844208391,0.33037608806864915,0.630170703489267
Do u drink monster?,neither,0.04085546101758717,0.3298937891067968,0.6292507498756159
!playlist,neither,0.03945320844208391,0.33037608806864915,0.630170703489267
"@givingclaw, shroudH",neither,0.03945320844208391,0.33037608806864915,0.630170703489267
shroudHype,neither,0.03945320844208391,0.33037608806864915,0.630170703489267
HELLOO,neither,0.03945320844208391,0.33037608806864915,0.630170703489267
SwiftRage SQUAD OR RIOT SwiftRage,neither,0.03945320844208391,0.33037608806864915,0.630170703489267
shroudPigeon shroudPigeon shroudPigeon shroudPigeon,neither,0.03945320844208391,0.33037608806864915,0.630170703489267
damn Trivium got soft,offensive_language,0.04325793612243893,0.8751845713607866,0.08155749251677441
"@Shroud, SAY HI TO ME ILY",neither,0.0381572868735396,0.3622403923345778,0.5996023207918826
C U \_ \_ I N G,neither,0.03945320844208391,0.33037608806864915,0.630170703489267
"@Shroud, can I follow you on spotify?",neither,0.06070543156080922,0.41844345353722306,0.5208511149019677
Are those casino chips?@shroud,neither,0.09050623320540384,0.2318250549443074,0.6776687118502888
How old are u again dad,neither,0.06315945910830854,0.3157652668438485,0.621075274047843
@shroud get skadoodle into streaming man,neither,0.03905462959412053,0.3976702100012979,0.5632751604045816
"Ahh come on, whiskey > vodka",neither,0.0363875700688516,0.35868139792624343,0.604931032004905
@shroud but that adderal though,neither,0.029442195659368692,0.40654069499544415,0.5640171093451871
Smoking isn't even bad just don't do it a lot,neither,0.03290078640682278,0.35971678937436874,0.6073824242188085
@shroud can u explain twitchs new betting rules,neither,0.04232862323891463,0.26076879045711604,0.6969025863039694
fuck yeeeeee shroud is on,offensive_language,0.2801859343768534,0.7198138142942679,2.513288786524087e-07
hai,neither,0.03945320844208391,0.33037608806864915,0.630170703489267
shroud is polish vodka is his shit,offensive_language,0.09199572142483624,0.8989590037879246,0.009045274787239143
@shroud hi,neither,0.03945320844208391,0.33037608806864915,0.630170703489267
@Pieisgreat1 last 2 albums have been soft,neither,0.03875405375182775,0.3422425678106386,0.6190033784375336
i missed you last night shroudThump shroudThump shroudThump @shroud,neither,0.046924166238728755,0.3825830926265435,0.5704927411347278
@Shroud hi babe,neither,0.03945320844208391,0.33037608806864915,0.630170703489267
@Isaacdoe LOL,neither,0.020706217963973744,0.4882283491876925,0.4910654328483337
"@Shroud, can we get some All That Remains - ""Two Weeks"" up in this bitch",offensive_language,0.010633520129510831,0.9889388620961082,0.00042761777438106435
what was that weird french song you played last stream? @Shroud,neither,0.04991964228655488,0.3890765396998174,0.5610038180136278
@samster206 Check https://twitter.com/C9shroud for updates on stream,neither,0.03267667198997698,0.3948788872717412,0.5724444407382819
listen to Electro House 2016 - Bounce Party Mix on youtube,neither,0.041531467832138284,0.336047586512543,0.6224209456553187
"@Shroud, Why did stewie tell you to put on a shirt last night!?!?",neither,0.03762462687875723,0.3781779092890222,0.5841974638322206
how come redbull doesnt sponser a csgo team,neither,0.03820927419814546,0.3514888985979677,0.6103018272038868
"@Shroud, btw you say my name like this ma cock",offensive_language,0.05642997753609029,0.8171538404189247,0.12641618204498514
KappaRoss,neither,0.03945320844208391,0.33037608806864915,0.630170703489267
SHROOOOD,neither,0.03945320844208391,0.33037608806864915,0.630170703489267
"@Shroud, Hey Mike, can you impersonate a black person for me?",neither,0.05684426193133403,0.35345841203605577,0.5896973260326102
put on views @shroud,neither,0.03627813886804779,0.34567635393249924,0.6180455071994531
Shroud how old are u,neither,0.0841697646032909,0.2608103196559655,0.6550199157407436
@yung_j19 he is 21,neither,0.05949788021487766,0.3234818062854838,0.6170203134996385
@shroud yo did you listen to views?,neither,0.06349848329314074,0.4410982496677743,0.495403267039085
hi shroud,neither,0.03945320844208391,0.33037608806864915,0.630170703489267
"@shroud The music is why I sub, I love you for you taste",neither,0.05075572814200008,0.38109368752405726,0.5681505843339426
@shroud how has ur night been??,neither,0.05367025276962299,0.32133105915753024,0.6249986880728468
You should bet on csgowild,offensive_language,0.0866939509180692,0.4941741662066715,0.41913188287525927
"Hello shroud, are you high rn?",neither,0.07986222183032964,0.4083840326983178,0.5117537454713527
me and my team are having some trouble on mirage any tips @shroud,neither,0.032260477439728166,0.37332479041428634,0.5944147321459855
@Gunpoint1015 ahhh I see... haven't listened to them in forever,neither,0.05379811645530606,0.3223385689103118,0.623863314634382
@Shroud rare to drink ever since the Italy story :P,neither,0.04314456210322208,0.3172687114262864,0.6395867264704914
Have you tried Gfuel?,neither,0.06685723816577993,0.42260792170203876,0.5105348401321812
@Shroud aye hows the thug life?,neither,0.036128299092089367,0.36381729521230766,0.600054405695603
"@Shroud, Trivium - My Hatred",neither,0.026571165436659324,0.4326150973263976,0.5408137372369431
@Shroud play the oldest song you have,neither,0.057372401435696836,0.3853802922489813,0.5572473063153219
@shroud You ready for your match against luminosity,neither,0.08198043487692122,0.30770034043923344,0.6103192246838451
Ok thanks,neither,0.036679458346100965,0.30877397624175834,0.6545465654121406
Play squad with skadoodle PogChamp,neither,0.027524054461692385,0.37258640291817463,0.599889542620133
gfuel EleGiggle,neither,0.03945320844208391,0.33037608806864915,0.630170703489267
dad,neither,0.03945320844208391,0.33037608806864915,0.630170703489267
Are those casino chip@shroud,neither,0.09082720402603235,0.23137771376143623,0.6777950822125315
play 512 by Lamb Of God @Shroud,neither,0.04096755540023551,0.38731121579052696,0.5717212288092377
Heyshrood,neither,0.03945320844208391,0.33037608806864915,0.630170703489267
"@Shroud, Play some breaking benjamin for me??",neither,0.021476850017820008,0.3520650961552878,0.6264580538268922
!commands,neither,0.03945320844208391,0.33037608806864915,0.630170703489267
@bumgum http://hnlbot.com/commands/shroud,neither,0.03558056210193769,0.1941005909087057,0.7703188469893567
!uptime,neither,0.03945320844208391,0.33037608806864915,0.630170703489267
hey shroud and chat shroudH,neither,0.038589712668144205,0.2862141593850597,0.6751961279467961
"oh yea, nice games tonight @shroud :)",neither,0.0411555123118268,0.2718547622348032,0.68698972545337
LUL,neither,0.03945320844208391,0.33037608806864915,0.630170703489267
@Pieisgreat1 last heavy album they had was in waves,neither,0.039374589439981685,0.33171045771356955,0.6289149528464488
30 minutes i think,neither,0.04001401840683605,0.32085767936942555,0.6391283022237384
@nofram he just started,neither,0.04009400739998317,0.3563937449627651,0.6035122476372516
its 30 min,neither,0.033511571842960663,0.3324196893524139,0.6340687388046256
@shroud can u open some chroma 3 cases,neither,0.03207891164672999,0.3391519336583225,0.6287691546949475
shroudW,neither,0.03945320844208391,0.33037608806864915,0.630170703489267
30 minute limit now,neither,0.03945320844208391,0.33037608806864915,0.630170703489267
@shroud drake views?,neither,0.03945320844208391,0.33037608806864915,0.630170703489267
summit goes off shroud comes on 4Head,neither,0.037164999885664476,0.34130990907874914,0.6215250910355865
@shroud thoughts on new betting rules,neither,0.03998392642859269,0.27391452507071357,0.6861015485006936
BANNED,neither,0.03945320844208391,0.33037608806864915,0.630170703489267
BANNEd,neither,0.03945320844208391,0.33037608806864915,0.630170703489267
"@pheonixboii, shroudH",neither,0.03945320844208391,0.33037608806864915,0.630170703489267
AYYEEEEE,neither,0.03945320844208391,0.33037608806864915,0.630170703489267
"@shroud if you want something a little heavier, check out the band Wage War - listen to the song Twenty-One",neither,0.035639575016389535,0.38825912674108526,0.5761012982425251
Shroud pls NOTICE ME,neither,0.03269266536470383,0.36683211058804904,0.6004752240472471
Banned cmonBruh,neither,0.03945320844208391,0.33037608806864915,0.630170703489267
Noper123 shroudH,neither,0.03945320844208391,0.33037608806864915,0.630170703489267
SUP,neither,0.03945320844208391,0.33037608806864915,0.630170703489267
you can do it for 30 minute spirts @Shroud,neither,0.04739293832326419,0.3347347099596681,0.6178723517170678
spurts Kreygasm,neither,0.03945320844208391,0.33037608806864915,0.630170703489267
@shroud Yeah a stream on my bday best day ever!,neither,0.020812615272505032,0.45271131955418675,0.5264760651733081
Shroud flex ur biseps,neither,0.07052846736172133,0.31968788155146444,0.6097836510868143
