text,top_class,hate_speech,offensive_language,neither
Omg,neither,0.03945320844208391,0.33037608806864915,0.630170703489267
HI DAD,neither,0.03945320844208391,0.33037608806864915,0.630170703489267
AYY what's good shroud,neither,0.04474610718311916,0.3262975198134753,0.6289563730034053
SUP SHROOD,neither,0.03945320844208391,0.33037608806864915,0.630170703489267
Shroud and Stevie?,neither,0.038441359955864444,0.2773569151883754,0.6842017248557603
Hi,neither,0.03945320844208391,0.33037608806864915,0.630170703489267
Tickle me bum hole plz,neither,0.03444612990352206,0.35693261342255694,0.608621256673921
Stewie*,neither,0.03945320844208391,0.33037608806864915,0.630170703489267
Hype,neither,0.03945320844208391,0.33037608806864915,0.630170703489267
Assi dood,neither,0.03945320844208391,0.33037608806864915,0.630170703489267
hi shrood,neither,0.03945320844208391,0.33037608806864915,0.630170703489267
omg shroud,neither,0.03945320844208391,0.33037608806864915,0.630170703489267
Hi duuuuude,neither,0.03945320844208391,0.33037608806864915,0.630170703489267
hey daddy,neither,0.03945320844208391,0.33037608806864915,0.630170703489267
Shrood,neither,0.03945320844208391,0.33037608806864915,0.630170703489267
Omg,neither,0.03945320844208391,0.33037608806864915,0.630170703489267
Omg it's shroud,neither,0.037108910668695844,0.3311823995721042,0.6317086897591999
dood,neither,0.03945320844208391,0.33037608806864915,0.630170703489267
Daddy shrood PogChamp,neither,0.03945320844208391,0.33037608806864915,0.630170703489267
@shroud hey,neither,0.03945320844208391,0.33037608806864915,0.630170703489267
Hiiii,neither,0.03945320844208391,0.33037608806864915,0.630170703489267
Fist me daddy,neither,0.03216604076053983,0.3698693680999027,0.5979645911395575
Omg duck me daddy,neither,0.03271323251466484,0.36671410003516824,0.6005726674501669
Suh @shroud,neither,0.03945320844208391,0.33037608806864915,0.630170703489267
@shroud Hi shroudiw,neither,0.03945320844208391,0.33037608806864915,0.630170703489267
DAD,neither,0.03945320844208391,0.33037608806864915,0.630170703489267
"Faaak, who to watch? Shroudy or young stew",neither,0.05070967284516235,0.44583106050584737,0.5034592666489903
DAD,neither,0.03945320844208391,0.33037608806864915,0.630170703489267
hello,neither,0.03945320844208391,0.33037608806864915,0.630170703489267
"O, I see how it is",neither,0.049933913764471385,0.32677129290922263,0.623294793326306
@shroud fight me,neither,0.02781477711043654,0.39615388403587115,0.5760313388536923
Hi shroud,neither,0.03945320844208391,0.33037608806864915,0.630170703489267
A WILD SHROUD APPEARS!!!,neither,0.03945320844208391,0.33037608806864915,0.630170703489267
Hii shroood,neither,0.03945320844208391,0.33037608806864915,0.630170703489267
SHRODY!!!,neither,0.03945320844208391,0.33037608806864915,0.630170703489267
hey daddy,neither,0.03945320844208391,0.33037608806864915,0.630170703489267
I thought shroud was dead,neither,0.04316692348937349,0.21121667853515624,0.7456163979754702
Yasssss daddy,neither,0.03945320844208391,0.33037608806864915,0.630170703489267
the online god :P,neither,0.03844086675705583,0.3117962668939692,0.649762866348975
hai bb,neither,0.03945320844208391,0.33037608806864915,0.630170703489267
Lolololilol,neither,0.03945320844208391,0.33037608806864915,0.630170703489267
hi,neither,0.03945320844208391,0.33037608806864915,0.630170703489267
!commands,neither,0.03945320844208391,0.33037608806864915,0.630170703489267
@hudy_tv http://hnlbot.com/commands/shroud,neither,0.03558056210193769,0.1941005909087057,0.7703188469893567
yo,offensive_language,0.04010381111145228,0.5271105317972344,0.4327856570913131
Shroud 1v1 mee,neither,0.03945320844208391,0.33037608806864915,0.630170703489267
Hi :D,neither,0.03945320844208391,0.33037608806864915,0.630170703489267
My pussy is wet for you daddy,offensive_language,0.009200266050163728,0.9907342439128086,6.549003702782621e-05
u wat shorud,neither,0.03945320844208391,0.33037608806864915,0.630170703489267
HI CUNTS,offensive_language,0.04364192155495697,0.9495315488513119,0.00682652959373114
shrood,neither,0.03945320844208391,0.33037608806864915,0.630170703489267
Kappa,neither,0.03945320844208391,0.33037608806864915,0.630170703489267
Woooooo,neither,0.03945320844208391,0.33037608806864915,0.630170703489267
"@Shroud, hi dad",neither,0.03945320844208391,0.33037608806864915,0.630170703489267
ur my favorite on C9,neither,0.04549853148168073,0.43828793018059475,0.5162135383377244
1v1 m8,neither,0.03945320844208391,0.33037608806864915,0.630170703489267
hey,neither,0.03945320844208391,0.33037608806864915,0.630170703489267
shroud and stewie both live,neither,0.04281003221601768,0.2932865207481741,0.6639034470358083
@shroud how do U set google chrome to the dark theme,neither,0.043683364767929625,0.3181667592103032,0.6381498760217672
SHROUDY,neither,0.03945320844208391,0.33037608806864915,0.630170703489267
ayyy shrood,neither,0.03945320844208391,0.33037608806864915,0.630170703489267
gonna play pugs tonight?,neither,0.0362594411335493,0.34914403908780217,0.6145965197786486
!crosshair,neither,0.03945320844208391,0.33037608806864915,0.630170703489267
"@psykiw His crosshair: cl_crosshair_drawoutline ""1"";cl_crosshair_outlinethickness ""1"";cl_crosshairalpha ""255"";cl_crosshaircolor ""5"";cl_crosshaircolor_b ""250"";cl_crosshaircolor_g ""200"";cl_crosshaircolor_r ""120"";cl_crosshairdot ""0"";cl_crosshairgap ""-1"";cl_crosshairgap_useweaponvalue ""0"";cl_crosshairsize ""5"";cl_crosshairstyle ""4"";cl_crosshairthickness ""1.5",neither,0.05825945203542967,0.33206364960896706,0.6096768983556032
Hey shrood whats going on bro,neither,0.03552200393176512,0.3671672220743705,0.5973107739938643
"ughimnotgosu, Stop yelling! See you in 15 seconds",neither,0.052441039038334566,0.43256876652701853,0.5149901944346469
allo,neither,0.03945320844208391,0.33037608806864915,0.630170703489267
cheer,neither,0.03945320844208391,0.33037608806864915,0.630170703489267
#shroudisdaddy,neither,0.03945320844208391,0.33037608806864915,0.630170703489267
@shroud how has team practice been going,neither,0.038201252373622596,0.35162504989541454,0.610173697730963
Ey dad,neither,0.03945320844208391,0.33037608806864915,0.630170703489267
@shroud Hi.,neither,0.03945320844208391,0.33037608806864915,0.630170703489267
My son,neither,0.02249418853386377,0.4715630647504391,0.5059427467156972
Yeah I approve or deny stuff like FeelsAmazingMan,neither,0.033123187998011484,0.4215601786858937,0.5453166333160947
@shroud what do you prefer... Redbull or monster?,neither,0.06033272408978611,0.3641603237558403,0.5755069521543736
つ◕_◕༽つＭＡＬＡＮＤＲＡ ＭＥＮＴＥ༼ つ◕_◕༽つ,neither,0.03945320844208391,0.33037608806864915,0.630170703489267
!uptime,neither,0.03945320844208391,0.33037608806864915,0.630170703489267
@spawnmatrix Channel shroud has been live for 01m and 50s,neither,0.03779113064157903,0.28212066614672776,0.6800882032116932
woah,neither,0.03945320844208391,0.33037608806864915,0.630170703489267
s1mple went full moe @Shroud,neither,0.05863009228275229,0.32378027834828016,0.6175896293689674
!sens,neither,0.03945320844208391,0.33037608806864915,0.630170703489267
are u gonna play some rank s,neither,0.05084166123398273,0.34543487820482877,0.6037234605611885
Shroud my boi,neither,0.02505926657236978,0.44663184017466445,0.5283088932529656
hi shroud,neither,0.03945320844208391,0.33037608806864915,0.630170703489267
back o/,neither,0.03945320844208391,0.33037608806864915,0.630170703489267
Hi dad hyphLurk weedFaded,neither,0.03945320844208391,0.33037608806864915,0.630170703489267
Who else ditched Stewie for shroud. Lmao,neither,0.03475238256493183,0.36257184408788395,0.6026757733471843
Hi,neither,0.03945320844208391,0.33037608806864915,0.630170703489267
SHROUD,neither,0.03945320844208391,0.33037608806864915,0.630170703489267
Notice me senpai,neither,0.030417710561350883,0.38017139541472955,0.5894108940239196
!sensitivity,neither,0.03945320844208391,0.33037608806864915,0.630170703489267
never go full moe @Shroud,neither,0.054313032680102215,0.36543830468398975,0.580248662635908
subs not showing? FeelsSadMan,neither,0.0382272465484432,0.33497768165567526,0.6267950717958816
eyyy,neither,0.03945320844208391,0.33037608806864915,0.630170703489267
suhh shroud,neither,0.03945320844208391,0.33037608806864915,0.630170703489267
stream hype PogChamp,neither,0.03945320844208391,0.33037608806864915,0.630170703489267
"@Shroud, hey sexy boi",neither,0.03945320844208391,0.33037608806864915,0.630170703489267
Bii,neither,0.03945320844208391,0.33037608806864915,0.630170703489267
!keyboard,neither,0.03945320844208391,0.33037608806864915,0.630170703489267
@pipeeh1337 He uses the Logitech G410 keyboard,neither,0.04334137227189974,0.314749098452785,0.6419095292753153
Where from america are you @shroud im on vacation in orlando,neither,0.21428687521493525,0.24112359544042186,0.5445895293446429
Zach is bad,neither,0.0440531974227131,0.32879394092294445,0.6271528616543425
hello,neither,0.03945320844208391,0.33037608806864915,0.630170703489267
hey bud,neither,0.03945320844208391,0.33037608806864915,0.630170703489267
c9 PUG vs randoms??! :D,neither,0.03945320844208391,0.33037608806864915,0.630170703489267
@shroud will you stream overwatch sometime ?,neither,0.055521460291835315,0.3495054742252586,0.5949730654829061
hi,neither,0.03945320844208391,0.33037608806864915,0.630170703489267
Aloha,neither,0.03945320844208391,0.33037608806864915,0.630170703489267
hey shroud!!!!!!,neither,0.03945320844208391,0.33037608806864915,0.630170703489267
Shroud you need new emotes ? ?,neither,0.08205914328034705,0.24693854509975574,0.6710023116198972
hellos from Romania,neither,0.04228451509352876,0.2823214250720796,0.6753940598343917
"@Shroud, Monitor Settings PLS ?",neither,0.03945320844208391,0.33037608806864915,0.630170703489267
Hey whats ap,neither,0.03945320844208391,0.33037608806864915,0.630170703489267
!res,neither,0.03945320844208391,0.33037608806864915,0.630170703489267
jordans releasing stress,neither,0.03945320844208391,0.33037608806864915,0.630170703489267
Shroud you're the best,neither,0.1093787374154703,0.3070743705698074,0.5835468920147223
hey @shroud <3,neither,0.03945320844208391,0.33037608806864915,0.630170703489267
!settings,neither,0.03945320844208391,0.33037608806864915,0.630170703489267
@shroud get all of c9 to pug in a 5 man queue,offensive_language,0.052220342839398706,0.5420122878073823,0.40576736935321905
!crosshair,neither,0.03945320844208391,0.33037608806864915,0.630170703489267
"@aorogaming His crosshair: cl_crosshair_drawoutline ""1"";cl_crosshair_outlinethickness ""1"";cl_crosshairalpha ""255"";cl_crosshaircolor ""5"";cl_crosshaircolor_b ""250"";cl_crosshaircolor_g ""200"";cl_crosshaircolor_r ""120"";cl_crosshairdot ""0"";cl_crosshairgap ""-1"";cl_crosshairgap_useweaponvalue ""0"";cl_crosshairsize ""5"";cl_crosshairstyle ""4"";cl_crosshairthickness ""1.5",neither,0.05825945203542967,0.33206364960896706,0.6096768983556032
PogChamp,neither,0.03945320844208391,0.33037608806864915,0.630170703489267
finally a streamer who I actually enjoy watching PogChamp,neither,0.03996384389900116,0.38433065137092925,0.5757055047300695
shroudHype shroudH shroudHype shroudH shroudHype shroudH shroudHype shroudH,neither,0.03945320844208391,0.33037608806864915,0.630170703489267
game of thrones cant wait for S7,neither,0.0344786671760547,0.2773970142595359,0.6881243185644095
long time no see buddy,neither,0.037403928812746366,0.35991896200601065,0.602677109181243
!config,neither,0.03945320844208391,0.33037608806864915,0.630170703489267
Senpai please notice me,neither,0.03174336908877571,0.37232893751221247,0.5959276933990117
!sens,neither,0.03945320844208391,0.33037608806864915,0.630170703489267
@teak is your name glowing?,neither,0.08379351734876683,0.3171626769620534,0.5990438056891799
you're not dead PogChamp,neither,0.10104809867198261,0.35856983330102443,0.540382068026993
sneakyW,neither,0.03945320844208391,0.33037608806864915,0.630170703489267
@andreasroren he's Canadian,neither,0.046366429421143746,0.3279983143640371,0.6256352562148192
!graphics,neither,0.03945320844208391,0.33037608806864915,0.630170703489267
!sensitivity,neither,0.03945320844208391,0.33037608806864915,0.630170703489267
@gforcethepinqer DPI: 400 - Ingame : 2.0 - Windows: 6/11 - Raw-Input: On - 1000 Hz Polling Rate,neither,0.03781786467716525,0.33814216926935486,0.6240399660534798
Shroud subs not showing FeelsSadMan,neither,0.0382272465484432,0.33497768165567526,0.6267950717958816
pteroGame pteroGame pteroGame pteroGame,neither,0.03945320844208391,0.33037608806864915,0.630170703489267
!con,neither,0.03945320844208391,0.33037608806864915,0.630170703489267
"ftyn, maybe",neither,0.03945320844208391,0.33037608806864915,0.630170703489267
hey shroud,neither,0.03945320844208391,0.33037608806864915,0.630170703489267
"@shroud ok my friend said this no normal weaboos are japanise, csgo weaboo is russian please respond",neither,0.04836723986528481,0.3593991664708224,0.5922335936638928
74th,neither,0.03945320844208391,0.33037608806864915,0.630170703489267
Hey @shroud whens the last chance qualifier for eleague?,neither,0.03433939377834167,0.2965209418321755,0.6691396643894828
shroudH,neither,0.03945320844208391,0.33037608806864915,0.630170703489267
oi,neither,0.03945320844208391,0.33037608806864915,0.630170703489267
hey shrood,neither,0.03945320844208391,0.33037608806864915,0.630170703489267
!tradelink,neither,0.03945320844208391,0.33037608806864915,0.630170703489267
lol,neither,0.020706217963973744,0.4882283491876925,0.4910654328483337
!config,neither,0.03945320844208391,0.33037608806864915,0.630170703489267
@teak thats cool,neither,0.03945320844208391,0.33037608806864915,0.630170703489267
"@Shroud, when you gamble tonight do not go full moe",neither,0.05330538572092559,0.3745068620655444,0.57218775221353
@shroud why did you type ip in the console,neither,0.04012889486707313,0.36728627232947214,0.5925848328034548
@shroud you need emotes shroud ?????//,neither,0.0890747951418616,0.45098866742287236,0.459936537435266
!uptime,neither,0.03945320844208391,0.33037608806864915,0.630170703489267
@tex_og Channel shroud has been live for 03m and 11s,neither,0.037527441653855145,0.2724964938497483,0.6899760644963965
@SpartanLegends sup breh,neither,0.03945320844208391,0.33037608806864915,0.630170703489267
@shroud show me your pro spray control big boy,neither,0.04840233721150203,0.34439036750093066,0.6072072952875673
JonCarnage,neither,0.03945320844208391,0.33037608806864915,0.630170703489267
!trade,neither,0.03945320844208391,0.33037608806864915,0.630170703489267
Missed the 14 monther FeelsSadMan,neither,0.038526963634030964,0.31341889115203925,0.6480541452139298
@shroud its horrible,neither,0.032093585665477466,0.3329073998214609,0.6349990145130616
how do u make your crome black,neither,0.13432193564263842,0.29060196650375,0.5750760978536116
!res,neither,0.03945320844208391,0.33037608806864915,0.630170703489267
:(,neither,0.03945320844208391,0.33037608806864915,0.630170703489267
!resolution,neither,0.03945320844208391,0.33037608806864915,0.630170703489267
Hey bruh @ieatwaffles182 shroudW shroudMilk,neither,0.03945320844208391,0.33037608806864915,0.630170703489267
"@Stun_Empire, resubs are broken across twitch afaik",neither,0.05940523229683398,0.29433674020199035,0.6462580275011757
!uptime,neither,0.03945320844208391,0.33037608806864915,0.630170703489267
@dopplereffekt1 Channel shroud has been live for 03m and 33s,neither,0.037527441653855145,0.2724964938497483,0.6899760644963965
Apparently @shroud hates stewie,neither,0.03945320844208391,0.33037608806864915,0.630170703489267
Shroud opten the new cases ! :),neither,0.04229163577747716,0.21548029980956776,0.7422280644129551
You're alerts are out of date,neither,0.13821842895768732,0.305318486490146,0.5564630845521668
missed the 12 @Stun_Empire FeelsBadMan,neither,0.03848215770797458,0.3125756207100409,0.6489422215819844
LOVE FROM TURKEY,neither,0.037496152588627374,0.3253238476288177,0.637179999782555
SHOUT OUT MY NAME,neither,0.024251518667141037,0.43879030878359,0.536958172549269
shout me out fgt,neither,0.026090254260476713,0.39991745774002285,0.5739922879995004
im a resub say hi,neither,0.03841504383680419,0.36975613316870193,0.5918288229944939
"@Shroud, when you gamble tonight do not go full moe",neither,0.05330538572092559,0.3745068620655444,0.57218775221353
your*,neither,0.22728749627707062,0.27565537899417075,0.4970571247287587
Edge DOMIN8OR,neither,0.03945320844208391,0.33037608806864915,0.630170703489267
shout out me,neither,0.026090254260476713,0.39991745774002285,0.5739922879995004
"duilio1337, LUL",neither,0.03945320844208391,0.33037608806864915,0.630170703489267
!trade,neither,0.03945320844208391,0.33037608806864915,0.630170703489267
@haydeng94 send trade offers to him here: http://steamcommunity.com/tradeoffer/new/?partner=4515926&token=vFY2imwk,neither,0.06428716009250758,0.213167701631012,0.7225451382764804
Dad,neither,0.03945320844208391,0.33037608806864915,0.630170703489267
LOVE FROM SWEDEN SHROODIE,neither,0.03604396669032282,0.3213612216115899,0.6425948116980873
@shroud shout me out fam,neither,0.028485955754134477,0.3860282172204691,0.5854858270253965
!trade,neither,0.03945320844208391,0.33037608806864915,0.630170703489267
CS ResidentSleeper,neither,0.03945320844208391,0.33037608806864915,0.630170703489267
shroooood,neither,0.03945320844208391,0.33037608806864915,0.630170703489267
Hello @shroud,neither,0.03945320844208391,0.33037608806864915,0.630170703489267
!crosshair,neither,0.03945320844208391,0.33037608806864915,0.630170703489267
c9 is bae and i love you and all the guys,neither,0.05518558723122185,0.3971152067216113,0.5476992060471667
Yeah can I get like a best man speech for my 14 months of resubbing Mike? FeelsBadMan FeelsAmazingMan,neither,0.02523052158687081,0.4591536749882019,0.5156158034249274
suuuuuuh dood,neither,0.03945320844208391,0.33037608806864915,0.630170703489267
!sens,neither,0.03945320844208391,0.33037608806864915,0.630170703489267
@deep_anal420 DPI: 400 - Ingame : 2.0 - Windows: 6/11 - Raw-Input: On - 1000 Hz Polling Rate,neither,0.03781786467716525,0.33814216926935486,0.6240399660534798
what are the specs?,neither,0.1246363935064811,0.20364017110835947,0.6717234353851594
csgo LUL,neither,0.03945320844208391,0.33037608806864915,0.630170703489267
Is it shud or shroooooood? @shroud,neither,0.04639658738291509,0.3279879416580724,0.6256154709590125
"TWEET THE STREA,",neither,0.037909036431420025,0.301541642856512,0.6605493207120681
am i the only? or is his stream frozen?,neither,0.06509877343713752,0.3170471443097693,0.6178540822530931
"@EirikTheAssKicker, he did",neither,0.049581437287855294,0.3268925257325521,0.6235260369795926
lol,neither,0.020706217963973744,0.4882283491876925,0.4910654328483337
"@Shroud, you should go back to the small crosshair, you were really nuts then",neither,0.09105020420365191,0.4035160764084241,0.5054337193879239
Yay,neither,0.03945320844208391,0.33037608806864915,0.630170703489267
"Hello Shroud, good evening.",neither,0.03885282145264129,0.33058258868542556,0.6305645898619331
"@shroud ok my friend said this no normal weaboos are japanise, csgo weaboo is russian please respond",neither,0.04836723986528481,0.3593991664708224,0.5922335936638928
is 1080p yr normal res?,neither,0.047896297104405836,0.3274721227147589,0.6246315801808354
shroudHype shroudH shroudHype shroudH shroudHype shroudH shroudHype shroudH shroudHype shroudH shroudHype shroudH,neither,0.03945320844208391,0.33037608806864915,0.630170703489267
do you have a big mouse pad?,neither,0.03679142577502981,0.4231934913304817,0.5400150828944885
diddnt get a notification,neither,0.038845117650812964,0.34069697578702124,0.6204579065621657
!mouse,neither,0.03945320844208391,0.33037608806864915,0.630170703489267
@zeighhhh He uses the Logitech G303: http://amzn.to/1HRw9y2,neither,0.04982925357632424,0.1967160158521465,0.7534547305715292
!res,neither,0.03945320844208391,0.33037608806864915,0.630170703489267
"hello shroud, hello chat everything good?",neither,0.0390523010473355,0.33051397850555325,0.6304337204471112
hiiiiiiiiii shroodie:),neither,0.03945320844208391,0.33037608806864915,0.630170703489267
switch pc's,neither,0.03945320844208391,0.33037608806864915,0.630170703489267
FREAKKKKKKKKKKKKKKK,neither,0.03945320844208391,0.33037608806864915,0.630170703489267
switch,neither,0.03945320844208391,0.33037608806864915,0.630170703489267
!crosshair,neither,0.03945320844208391,0.33037608806864915,0.630170703489267
"@Shroud, when you gamble tonight do not go full moe",neither,0.05330538572092559,0.3745068620655444,0.57218775221353
!resolution,neither,0.03945320844208391,0.33037608806864915,0.630170703489267
<3,neither,0.03945320844208391,0.33037608806864915,0.630170703489267
@isaac2231 He plays at 1920x1080,neither,0.0452480919340949,0.3577890385339979,0.5969628695319072
This fucking pussy finally u bastard,offensive_language,0.016334488070749352,0.9836652937531244,2.1817612631928678e-07
switch,neither,0.03945320844208391,0.33037608806864915,0.630170703489267
hi,neither,0.03945320844208391,0.33037608806864915,0.630170703489267
whats the guy in cs chat saying?,neither,0.03315292481502232,0.3263976132487583,0.6404494619362193
!res,neither,0.03945320844208391,0.33037608806864915,0.630170703489267
!commands,neither,0.03945320844208391,0.33037608806864915,0.630170703489267
Treaux FailFish,neither,0.03945320844208391,0.33037608806864915,0.630170703489267
!sens,neither,0.03945320844208391,0.33037608806864915,0.630170703489267
i have gtx 1070 FE,neither,0.03883945251552854,0.3407931279176229,0.6203674195668485
hi,neither,0.03945320844208391,0.33037608806864915,0.630170703489267
"@Shroud, do you guys play from your rooms during games or in the prac area?",neither,0.07066781143001967,0.33078481428213846,0.5985473742878418
ay b play some matchmaking with stewie,neither,0.025763468495871276,0.3699959640344775,0.6042405674696513
hah nice awp,neither,0.03945320844208391,0.33037608806864915,0.630170703489267
!crosshair,neither,0.03945320844208391,0.33037608806864915,0.630170703489267
"@luckycsgo_ His crosshair: cl_crosshair_drawoutline ""1"";cl_crosshair_outlinethickness ""1"";cl_crosshairalpha ""255"";cl_crosshaircolor ""5"";cl_crosshaircolor_b ""250"";cl_crosshaircolor_g ""200"";cl_crosshaircolor_r ""120"";cl_crosshairdot ""0"";cl_crosshairgap ""-1"";cl_crosshairgap_useweaponvalue ""0"";cl_crosshairsize ""5"";cl_crosshairstyle ""4"";cl_crosshairthickness ""1.5",neither,0.05825945203542967,0.33206364960896706,0.6096768983556032
!uptime,neither,0.03945320844208391,0.33037608806864915,0.630170703489267
que with fl0m @shroud !!!!,neither,0.026862448990530186,0.3752934049572424,0.5978441460522274
@shroud video settings,neither,0.049266163358008055,0.16382463337382713,0.7869092032681648
@shroud why dont you play 4:3 bro,neither,0.041796017581048936,0.40448505834364046,0.5537189240753106
wooooooo let's lose some money Kappa,neither,0.022474136976254354,0.3668976238037803,0.6106282392199653
@shroud notice me 😍,neither,0.030417710561350883,0.38017139541472955,0.5894108940239196
@shroud hey sexy who's the next E girl Keepo,neither,0.03278494812982281,0.436775338727633,0.5304397131425441
or you can give me some,neither,0.0371340651508164,0.4552134665760768,0.5076524682731068
You see thats full moe,neither,0.07786418700260732,0.364018638675745,0.5581171743216476
Hey shrooouuudd...,neither,0.03945320844208391,0.33037608806864915,0.630170703489267
is 1080p yr normal res?,neither,0.047896297104405836,0.3274721227147589,0.6246315801808354
!uptime,neither,0.03945320844208391,0.33037608806864915,0.630170703489267
@batchairs Channel shroud has been live for 06m and 10s,neither,0.037527441653855145,0.2724964938497483,0.6899760644963965
what is ur res daddy?,neither,0.09835232194249911,0.30783794445719115,0.5938097336003098
Fk my daddy,neither,0.029046356383733936,0.4106758862002987,0.5602777574159673
@shroud What ever happened to Euro sim? D:,neither,0.05015777644259326,0.32363758438470314,0.6262046391727036
4:3 sucks,neither,0.03945320844208391,0.33037608806864915,0.630170703489267
Shroud u like the g400s?,neither,0.07669088259786132,0.3228361702667243,0.6004729471354144
do 5k on green until you run out,neither,0.04694662051315674,0.36695559609378053,0.5860977833930627
US wild banned?,neither,0.07739659698854029,0.3232528092112198,0.5993505938002398
GIVE ME A KNIFE THEN KAPPA,neither,0.033934008638653854,0.35979038957739,0.6062756017839561
@shroud play with freak,neither,0.027296385585622363,0.37351267213209566,0.599190942282282
you cant bet on wild if you are in US,neither,0.11403823959466741,0.4201749100244078,0.4657868503809249
"@shroud sup dude, you're my idol, can you notice me? :D",neither,0.0588204203413155,0.46049247434236074,0.48068710531632386
GO AND DO A 5K ON GREEN! AND WIN AGAIN!,neither,0.03776189540232448,0.29187212253663297,0.6703659820610425
you won't @Shroud,neither,0.08013416156312246,0.43569823313548983,0.48416760530138764
Giveaway,neither,0.03945320844208391,0.33037608806864915,0.630170703489267
"2.0 sens at 400 DPI is 2.5 sens at 500 DPI, right?",neither,0.043321252265683875,0.3768733043471231,0.5798054433871931
shroud changed,neither,0.03945320844208391,0.33037608806864915,0.630170703489267
Let's get a shucksheshful boost here please,neither,0.05430587808342132,0.33547869489598964,0.6102154270205891
yo yo waz good,offensive_language,0.03923049140995061,0.5049769424117266,0.4557925661783228
giveaway,neither,0.03945320844208391,0.33037608806864915,0.630170703489267
withdraw and do a massive giveaway with the wild coins @Shroud,neither,0.031451537003920095,0.31691336015539073,0.6516351028406892
or is it the other way?,neither,0.0462400437819629,0.309941391527427,0.6438185646906102
DADDYYYY,neither,0.03945320844208391,0.33037608806864915,0.630170703489267
It's the houses money so you can't do anything with it,neither,0.03940677334877838,0.41221397541322524,0.5483792512379964
Do the biggest coin filp ever on wild,neither,0.03730696136425633,0.32737640482667607,0.6353166338090676
only at eswc KAPPA,neither,0.03864496699639055,0.35497267579876585,0.6063823572048436
i like d1ck,neither,0.10032665912632961,0.39589500941497124,0.5037783314586992
!sens,neither,0.03945320844208391,0.33037608806864915,0.630170703489267
@blackdarkshadowside DPI: 400 - Ingame : 2.0 - Windows: 6/11 - Raw-Input: On - 1000 Hz Polling Rate,neither,0.03781786467716525,0.33814216926935486,0.6240399660534798
Get all the dragon lores.. @shroud,neither,0.03960467395649326,0.4046258926012415,0.5557694334422653
"@Shroud, you should go back to the small crosshair, you were nuts then",neither,0.09433659263810924,0.4072738074518019,0.49838959991008874
why not 720p?,neither,0.019254511639927464,0.36928594044212826,0.6114595479179443
overwatch?,neither,0.03945320844208391,0.33037608806864915,0.630170703489267
"@shroud ok my friend said this no normal weaboos are japanise, csgo weaboo is russian please respond",neither,0.04836723986528481,0.3593991664708224,0.5922335936638928
why do you have to?,neither,0.055570837375170254,0.43929762459183963,0.5051315380329902
@ shroud buy every one in you steam a ass knife,offensive_language,0.1166513723106293,0.8614675297226634,0.021881097966707213
dank S PogChamp,neither,0.03945320844208391,0.33037608806864915,0.630170703489267
WHAT RESOLUTION DO YOU USE?,neither,0.02437505319683706,0.4655497319243892,0.5100752148787736
shroudHype shroudH shroudHype shroudH shroudHype shroudH shroudHype shroudH shroudHype shroudH shroudHype shroudH shroudHype shroudH shroudHype shroudH shroudHype shroudH shroudHype shroudH shroudHype shroudH shroudHype shroudH shroudHype shroudH shroudHype shroudH,neither,0.03945320844208391,0.33037608806864915,0.630170703489267
!res,neither,0.03945320844208391,0.33037608806864915,0.630170703489267
Shroud. >3,neither,0.03945320844208391,0.33037608806864915,0.630170703489267
shroud last pick!,neither,0.04569611334525237,0.22441769917838247,0.7298861874763651
CougarHunt,neither,0.03945320844208391,0.33037608806864915,0.630170703489267
"i play 1440 X 1080, it keeps the stretched but keeps 1080 hd goodness",neither,0.03643721009450405,0.3269767245833352,0.6365860653221609
dankS,neither,0.03945320844208391,0.33037608806864915,0.630170703489267
!res,neither,0.03945320844208391,0.33037608806864915,0.630170703489267
@nowicho He plays at 1920x1080,neither,0.0452480919340949,0.3577890385339979,0.5969628695319072
!crosshair,neither,0.03945320844208391,0.33037608806864915,0.630170703489267
denied,neither,0.03945320844208391,0.33037608806864915,0.630170703489267
!sens,neither,0.03945320844208391,0.33037608806864915,0.630170703489267
baited,neither,0.03945320844208391,0.33037608806864915,0.630170703489267
scam Kappa,neither,0.03945320844208391,0.33037608806864915,0.630170703489267
shroud = pug god -- lan pug,neither,0.03945320844208391,0.33037608806864915,0.630170703489267
rekt,neither,0.03945320844208391,0.33037608806864915,0.630170703489267
miised que FeelsBadMan,neither,0.03945320844208391,0.33037608806864915,0.630170703489267
LOL rekt,neither,0.020706217963973744,0.4882283491876925,0.4910654328483337
!cfg,neither,0.03945320844208391,0.33037608806864915,0.630170703489267
@shroud buy a sick car with it,neither,0.027759359617162607,0.3677876238435677,0.6044530165392697
!rank,neither,0.03945320844208391,0.33037608806864915,0.630170703489267
!uptime,neither,0.03945320844208391,0.33037608806864915,0.630170703489267
Hahaha shox rekt you bots gg no major -shroud pls,neither,0.049838044552848564,0.3723408699769593,0.5778210854701923
"2 in q, match found. 1v1...",neither,0.03945320844208391,0.33037608806864915,0.630170703489267
go esl cologne 2016,neither,0.04027696654817437,0.3332325460498328,0.6264904874019928
!config,neither,0.03945320844208391,0.33037608806864915,0.630170703489267
u can bet on wild,neither,0.03664489209254633,0.34016127176546324,0.6231938361419904
Trolled,neither,0.03945320844208391,0.33037608806864915,0.630170703489267
!rank,neither,0.03945320844208391,0.33037608806864915,0.630170703489267
@rundummyrun Supreme Master First Class,neither,0.033852895392603076,0.3323022925320948,0.6338448120753021
"@shroud You cant gamble on wild if you are in the USA, some new law was passed and they are stopping you from betting, you can still cashout though",neither,0.07847749415417016,0.3369424429654225,0.5845800628804073
!config,neither,0.03945320844208391,0.33037608806864915,0.630170703489267
@WastedGames kys,neither,0.03945320844208391,0.33037608806864915,0.630170703489267
!crosshair,neither,0.03945320844208391,0.33037608806864915,0.630170703489267
@shroud video settings,neither,0.049266163358008055,0.16382463337382713,0.7869092032681648
@shroud how's it going,neither,0.034827248517943006,0.3742167478469281,0.5909560036351289
Kаppa REMOVED BibleThump,neither,0.03945320844208391,0.33037608806864915,0.630170703489267
!sens,neither,0.03945320844208391,0.33037608806864915,0.630170703489267
"@shroud, how'd you get youtube with the black theme?",neither,0.05686194385454076,0.37809855248660446,0.5650395036588547
!uptime,neither,0.03945320844208391,0.33037608806864915,0.630170703489267
!uptime,neither,0.03945320844208391,0.33037608806864915,0.630170703489267
he hates stewie shhh,neither,0.043396899877440366,0.3290196717436831,0.6275834283788765
Kappa,neither,0.03945320844208391,0.33037608806864915,0.630170703489267
!rank,neither,0.03945320844208391,0.33037608806864915,0.630170703489267
@unknow699 Supreme Master First Class,neither,0.033852895392603076,0.3323022925320948,0.6338448120753021
!uptime,neither,0.03945320844208391,0.33037608806864915,0.630170703489267
Kappa,neither,0.03945320844208391,0.33037608806864915,0.630170703489267
!uptime,neither,0.03945320844208391,0.33037608806864915,0.630170703489267
subs broke BibleThump,neither,0.03945320844208391,0.33037608806864915,0.630170703489267
what resolution do you use?,neither,0.02437505319683706,0.4655497319243892,0.5100752148787736
!crosshair,neither,0.03945320844208391,0.33037608806864915,0.630170703489267
What's his sensitivity ?,neither,0.1309109671299513,0.3165240568232983,0.5525649760467504
Kappa,neither,0.03945320844208391,0.33037608806864915,0.630170703489267
!resolution,neither,0.03945320844208391,0.33037608806864915,0.630170703489267
!sens,neither,0.03945320844208391,0.33037608806864915,0.630170703489267
!sens,neither,0.03945320844208391,0.33037608806864915,0.630170703489267
"@shroud you're my idol man, notice me pls senpai",offensive_language,0.04681271032720455,0.47702372836876644,0.476163561304029
Kappa,neither,0.03945320844208391,0.33037608806864915,0.630170703489267
how did you get that dark theme?,neither,0.04807019219592802,0.40936943786871566,0.5425603699353564
MM>pugging Kappa,neither,0.03945320844208391,0.33037608806864915,0.630170703489267
wub wub wub,neither,0.03945320844208391,0.33037608806864915,0.630170703489267
Kappa from 1g Kappa,neither,0.04007964298872117,0.3197438589483238,0.640176498062955
How's California?,neither,0.06773818023754419,0.32064758924376624,0.6116142305186896
WUSSAP @shroud !!!,neither,0.03945320844208391,0.33037608806864915,0.630170703489267
@shroud Wild Ia banned in us but you can just use a vpn,neither,0.036044876303526235,0.4570577686408938,0.5068973550555801
his frames are dropping in cs? it's kinda strange,neither,0.07455222821995773,0.3018075618541021,0.6236402099259403
he uses 1920 and 2.0 ingame sens,neither,0.04530880375278451,0.27998899585187226,0.6747022003953432
"one more ""xD"" and im done KappaRoss /",neither,0.03782581146617593,0.3586803837845542,0.6034938047492698
@shroud subs;(,neither,0.03945320844208391,0.33037608806864915,0.630170703489267
lol,neither,0.020706217963973744,0.4882283491876925,0.4910654328483337
!trade,neither,0.03945320844208391,0.33037608806864915,0.630170703489267
@aaronj254 send trade offers to him here: http://steamcommunity.com/tradeoffer/new/?partner=4515926&token=vFY2imwk,neither,0.06428716009250758,0.213167701631012,0.7225451382764804
california for noobs,neither,0.05663982144356898,0.28451374596368395,0.658846432592747
"@Shroud, will u be at the major watching? x",neither,0.03958901984741411,0.317960812264925,0.642450167887661
what is that thing at the top left?,neither,0.04665583339887169,0.36755556498811953,0.5857886016130088
Supreme EleGiggle,neither,0.03945320844208391,0.33037608806864915,0.630170703489267
"@shroud ok my friend said this no normal weaboos are japanise, csgo weaboo is russian please respond",neither,0.04836723986528481,0.3593991664708224,0.5922335936638928
"@Shroud, stewie playing FRAME OF MIKE...",neither,0.03945320844208391,0.33037608806864915,0.630170703489267
@shroud what resolution do you use?,neither,0.02437505319683706,0.4655497319243892,0.5100752148787736
I'm a big fan of yours @shroud !!! FuzzyOtterOO,neither,0.024322808927579282,0.3922589487678934,0.5834182423045272
Road to Global soon???,neither,0.04514187010049184,0.32703655570093104,0.6278215741985771
What do u think of Eco fov,neither,0.04662724913038591,0.3178494249001315,0.6355233259694827
2000 fps lol,neither,0.03086375243375458,0.3933351323513132,0.5758011152149323
Shroud isnt Nutty,neither,0.03945320844208391,0.33037608806864915,0.630170703489267
"Shroud your sub alert wont be working with resubs for a while, I'd suggest moving to something like stream deck",neither,0.05106432678806473,0.33595488556877257,0.6129807876431627
Fox,neither,0.03945320844208391,0.33037608806864915,0.630170703489267
@shroud what resolution do you use?,neither,0.02437505319683706,0.4655497319243892,0.5100752148787736
!res,neither,0.03945320844208391,0.33037608806864915,0.630170703489267
@unknow699 He plays at 1920x1080,neither,0.0452480919340949,0.3577890385339979,0.5969628695319072
hey babe <3,neither,0.03945320844208391,0.33037608806864915,0.630170703489267
shroudW,neither,0.03945320844208391,0.33037608806864915,0.630170703489267
!res,neither,0.03945320844208391,0.33037608806864915,0.630170703489267
"@aj2902, it's a steam setting that shows your fps in-game",neither,0.05387255972311257,0.3242883546398733,0.6218390856370142
!crosshair,neither,0.03945320844208391,0.33037608806864915,0.630170703489267
!crosshair,neither,0.03945320844208391,0.33037608806864915,0.630170703489267
@shroud do you recommend 4:3 or 16:9?,neither,0.05599392886384143,0.3718771869545088,0.5721288841816498
@shroud senpai notice me pls <3,neither,0.03269266536470383,0.36683211058804904,0.6004752240472471
@shroud what resolution do you use?,neither,0.02437505319683706,0.4655497319243892,0.5100752148787736
"hey shroudy, can u do me? @Shroud",neither,0.03201988361990538,0.3749305805022205,0.5930495358778741
!crosshair,neither,0.03945320844208391,0.33037608806864915,0.630170703489267
shroudMilk shroudMilk shroudMilk shroudMilk shroudMilk shroudMilk shroudMilk,neither,0.03945320844208391,0.33037608806864915,0.630170703489267
!sen,neither,0.03945320844208391,0.33037608806864915,0.630170703489267
!sens,neither,0.03945320844208391,0.33037608806864915,0.630170703489267
@dmneditz DPI: 400 - Ingame : 2.0 - Windows: 6/11 - Raw-Input: On - 1000 Hz Polling Rate,neither,0.03781786467716525,0.33814216926935486,0.6240399660534798
!mouse,neither,0.03945320844208391,0.33037608806864915,0.630170703489267
!sens,neither,0.03945320844208391,0.33037608806864915,0.630170703489267
@shroud what r ur thoughts on twist leaving school for cs?,neither,0.0500564607719269,0.31368719373366205,0.6362563454944111
!mouse,neither,0.03945320844208391,0.33037608806864915,0.630170703489267
!mouse,neither,0.03945320844208391,0.33037608806864915,0.630170703489267
!res,neither,0.03945320844208391,0.33037608806864915,0.630170703489267
@hallom9 He plays at 1920x1080,neither,0.0452480919340949,0.3577890385339979,0.5969628695319072
!viewmodel,neither,0.03945320844208391,0.33037608806864915,0.630170703489267
"i play 1440 X 1080, it keeps the stretched but keeps 1080 hd goodness. any one else use this as well?",neither,0.02197020997708243,0.4006553382117454,0.577374451811172
Kappa Kappa,neither,0.03945320844208391,0.33037608806864915,0.630170703489267
!viewmodel,neither,0.03945320844208391,0.33037608806864915,0.630170703489267
haha really reallt g303 shit mouse,offensive_language,0.04367640038476061,0.9544735192649385,0.0018500803503008305
!noob,neither,0.03945320844208391,0.33037608806864915,0.630170703489267
hey dad shroudWithIt,neither,0.03945320844208391,0.33037608806864915,0.630170703489267
Tsm -----> clown9 Kappa,neither,0.03945320844208391,0.33037608806864915,0.630170703489267
@ChewableChewy23 sane,neither,0.03945320844208391,0.33037608806864915,0.630170703489267
"@shroud Please check trade offer, and do you need new emotes ???",neither,0.05370747170158682,0.26565750968969654,0.6806350186087167
really shut,neither,0.06625147543699697,0.2941956972424513,0.6395528273205517
!crosshair,neither,0.03945320844208391,0.33037608806864915,0.630170703489267
"@psykiw His crosshair: cl_crosshair_drawoutline ""1"";cl_crosshair_outlinethickness ""1"";cl_crosshairalpha ""255"";cl_crosshaircolor ""5"";cl_crosshaircolor_b ""250"";cl_crosshaircolor_g ""200"";cl_crosshaircolor_r ""120"";cl_crosshairdot ""0"";cl_crosshairgap ""-1"";cl_crosshairgap_useweaponvalue ""0"";cl_crosshairsize ""5"";cl_crosshairstyle ""4"";cl_crosshairthickness ""1.5",neither,0.05825945203542967,0.33206364960896706,0.6096768983556032
Hi,neither,0.03945320844208391,0.33037608806864915,0.630170703489267
