text,top_class,hate_speech,offensive_language,neither
dad,neither,0.03945320844208391,0.33037608806864915,0.630170703489267
dad,neither,0.03945320844208391,0.33037608806864915,0.630170703489267
the tank top !!,neither,0.038458554598863263,0.3121303854554591,0.6494110599456777
HeyGuys,neither,0.03945320844208391,0.33037608806864915,0.630170703489267
@shroud SUHHH DUDE,neither,0.03945320844208391,0.33037608806864915,0.630170703489267
GingerPower,neither,0.03945320844208391,0.33037608806864915,0.630170703489267
SHRUD,neither,0.03945320844208391,0.33037608806864915,0.630170703489267
Hey @shroud,neither,0.03945320844208391,0.33037608806864915,0.630170703489267
C9 is BACK BOIIIISSS TANK TOP SEASON,neither,0.04696448131403808,0.3243097985032983,0.6287257201826636
wow,neither,0.03945320844208391,0.33037608806864915,0.630170703489267
hello papa,neither,0.03945320844208391,0.33037608806864915,0.630170703489267
えっっっy,neither,0.03945320844208391,0.33037608806864915,0.630170703489267
Notification squad,neither,0.03945320844208391,0.33037608806864915,0.630170703489267
DAD,neither,0.03945320844208391,0.33037608806864915,0.630170703489267
magic,neither,0.03945320844208391,0.33037608806864915,0.630170703489267
Dad,neither,0.03945320844208391,0.33037608806864915,0.630170703489267
Eyyye,neither,0.03945320844208391,0.33037608806864915,0.630170703489267
@shroud gimmie a little peak into those arches around those arms,neither,0.0687552509776373,0.2533331864605105,0.6779115625618521
SwiftRage,neither,0.03945320844208391,0.33037608806864915,0.630170703489267
Hi dad I can hear you,neither,0.055983616530669265,0.37133927720780835,0.5726771062615224
"@Shroud, What do you think about people that forgets their passport going to the airport",neither,0.07601021363297475,0.39107905539830723,0.5329107309687179
Shrood,neither,0.03945320844208391,0.33037608806864915,0.630170703489267
Fak,neither,0.03945320844208391,0.33037608806864915,0.630170703489267
Dad?,neither,0.03945320844208391,0.33037608806864915,0.630170703489267
Hey shroud how was your day?,neither,0.07888470676839814,0.30500274814798756,0.6161125450836145
shroud tank top PogChamp,neither,0.03945320844208391,0.33037608806864915,0.630170703489267
Son,neither,0.03945320844208391,0.33037608806864915,0.630170703489267
First??,neither,0.02604892428726219,0.3349864360510187,0.6389646396617191
@shroud hey,neither,0.03945320844208391,0.33037608806864915,0.630170703489267
shroud looking so big that someone might confuse him and freakazoid Kappa,neither,0.027210400551854506,0.3948635724670627,0.5779260269810828
Kappa,neither,0.03945320844208391,0.33037608806864915,0.630170703489267
WE CANT HEAR U DAD,neither,0.03930084632968222,0.3329620707495334,0.6277370829207845
RIP,neither,0.03945320844208391,0.33037608806864915,0.630170703489267
Suh dude,neither,0.03945320844208391,0.33037608806864915,0.630170703489267
Nice Tank,neither,0.03945320844208391,0.33037608806864915,0.630170703489267
HI,neither,0.03945320844208391,0.33037608806864915,0.630170703489267
FUCK YEAH,offensive_language,0.10370730243492932,0.8962908387340361,1.8588310345579474e-06
who would have thought this would ever happen PogChamp,neither,0.04091936931901337,0.30106567572767895,0.6580149549533078
Memes,neither,0.03945320844208391,0.33037608806864915,0.630170703489267
HELLO DAD,neither,0.03945320844208391,0.33037608806864915,0.630170703489267
shroudy,neither,0.03945320844208391,0.33037608806864915,0.630170703489267
Hi,neither,0.03945320844208391,0.33037608806864915,0.630170703489267
Obama,neither,0.03945320844208391,0.33037608806864915,0.630170703489267
First lol am I retarded yet,offensive_language,0.06462167276790914,0.9064520718530625,0.028926255379028477
I;ve missed you so much Shroooood :(,neither,0.023810012734204935,0.4007061365580729,0.5754838507077222
shroudy looking HUGE,neither,0.03945320844208391,0.33037608806864915,0.630170703489267
finally,neither,0.03945320844208391,0.33037608806864915,0.630170703489267
Hi,neither,0.03945320844208391,0.33037608806864915,0.630170703489267
hey shrood...,neither,0.03945320844208391,0.33037608806864915,0.630170703489267
intresting shirt choice,neither,0.03945320844208391,0.33037608806864915,0.630170703489267
@shroud hi :),neither,0.03945320844208391,0.33037608806864915,0.630170703489267
I can't hear you,neither,0.06953583505732451,0.4017477320231358,0.5287164329195397
fuck me shroud,offensive_language,0.19793785541251727,0.8020621325935572,1.1993925607505116e-08
@shroud hello),neither,0.03945320844208391,0.33037608806864915,0.630170703489267
ITS HAPPENING,neither,0.03309144916294284,0.33256418880705063,0.6343443620300065
SHROOOOOOD,neither,0.03945320844208391,0.33037608806864915,0.630170703489267
Aren't you at the major?,neither,0.05448342732729705,0.3852619361611703,0.5602546365115327
Ayyy,neither,0.03945320844208391,0.33037608806864915,0.630170703489267
111111111,neither,0.03945320844208391,0.33037608806864915,0.630170703489267
Kreygasm,neither,0.03945320844208391,0.33037608806864915,0.630170703489267
I love you,offensive_language,0.079837142191777,0.5038574454704381,0.4163054123377849
TANK TOPS OP,neither,0.03945320844208391,0.33037608806864915,0.630170703489267
yoooo of dunk some nerds homie,neither,0.034105781802870355,0.33944605140428963,0.6264481667928401
hi,neither,0.03945320844208391,0.33037608806864915,0.630170703489267
IS STEW STREAMING TONITE TOO?,neither,0.046085665330646085,0.3316540149097997,0.6222603197595542
#newshroud,neither,0.03945320844208391,0.33037608806864915,0.630170703489267
Shr00d,neither,0.03945320844208391,0.33037608806864915,0.630170703489267
Shroooooooooooooooddddd Kreygasm,neither,0.03945320844208391,0.33037608806864915,0.630170703489267
first,neither,0.02604892428726219,0.3349864360510187,0.6389646396617191
TANK TOP ??,neither,0.03945320844208391,0.33037608806864915,0.630170703489267
hi,neither,0.03945320844208391,0.33037608806864915,0.630170703489267
FIRST,neither,0.02604892428726219,0.3349864360510187,0.6389646396617191
HOLY SHIT TANK TOP LAD,offensive_language,0.048033028946665765,0.9421079449229082,0.009859026130426003
shrood the real lifer is back,neither,0.03836685692307519,0.4722609957858442,0.4893721472910806
shrud in tank top,neither,0.03945320844208391,0.33037608806864915,0.630170703489267
YES,neither,0.03945320844208391,0.33037608806864915,0.630170703489267
Hi,neither,0.03945320844208391,0.33037608806864915,0.630170703489267
second,neither,0.03945320844208391,0.33037608806864915,0.630170703489267
PogChamp,neither,0.03945320844208391,0.33037608806864915,0.630170703489267
NO IM FIRST,neither,0.02799352478409019,0.39998490274915594,0.5720215724667538
Kreygasm,neither,0.03945320844208391,0.33037608806864915,0.630170703489267
"i am first, SHROUD MOD Me @Shroud",neither,0.022294234000372785,0.3871548935383375,0.5905508724612897
sup stream,neither,0.03945320844208391,0.33037608806864915,0.630170703489267
Wtf? He's alive?,offensive_language,0.049347200558244375,0.59989567188004,0.35075712756171545
@shroud wtf was that july 4th tweet bout you traitor :/,offensive_language,0.04506398565211672,0.58201524892821,0.3729207654196733
u always stream when im about to sleep ;(,neither,0.03307279701236533,0.45151189862686036,0.5154153043607743
hi,neither,0.03945320844208391,0.33037608806864915,0.630170703489267
wtf @Stun_Empire Kreygasm over here,offensive_language,0.10939622680093407,0.5836933690667505,0.3069104041323155
I cant find my feet,neither,0.03188831074665702,0.32252853921951885,0.6455831500338242
@LegendaryDabbas SHUT UP YOU LIAR,neither,0.07492483224917428,0.4168051666894048,0.5082700010614208
hey shroudypoo,neither,0.03945320844208391,0.33037608806864915,0.630170703489267
HEY chillaxbro_ O/,neither,0.03945320844208391,0.33037608806864915,0.630170703489267
I AM FIRS TU MOTHER FUCKER SwiftRage DONT FUCKING LIE,offensive_language,0.10150310449453731,0.8803536475528987,0.018143247952564123
Its shroud! HES ALIVE! ... okay stop looking ...,neither,0.03475647213753119,0.3901648650999366,0.5750786627625322
@shroud when are the eleague finals?,neither,0.05044083603633346,0.3180456985857383,0.6315134653779283
first,neither,0.02604892428726219,0.3349864360510187,0.6389646396617191
TANK TOP Kreygasm,neither,0.03945320844208391,0.33037608806864915,0.630170703489267
SHROOD,neither,0.03945320844208391,0.33037608806864915,0.630170703489267
SHROUD IN A TANK PogChamp,neither,0.03945320844208391,0.33037608806864915,0.630170703489267
Shroudy gettin rowdy,neither,0.03945320844208391,0.33037608806864915,0.630170703489267
Wtf,offensive_language,0.04410695246022759,0.7898861884776351,0.16600685906213722
Hi bb,neither,0.03945320844208391,0.33037608806864915,0.630170703489267
Hi!!!!,neither,0.03945320844208391,0.33037608806864915,0.630170703489267
Hi,neither,0.03945320844208391,0.33037608806864915,0.630170703489267
DONT FUCKING LIE I WAS HERE FIRST,offensive_language,0.17999991252328948,0.81768661580602,0.002313471670690541
put on a ACTUALL shirt,neither,0.0359272953908005,0.3474242155479876,0.6166484890612118
the muscles Kreygasm the muscles Kreygasm,neither,0.03839939302560993,0.311011251109799,0.6505893558645911
TANK LMAO LUL,neither,0.03857060913392483,0.3453561017287542,0.6160732891373211
Guys i have a question,neither,0.03872228962849752,0.3427816878813089,0.6184960224901936
"@pheonixboii, OSsloth /",neither,0.03945320844208391,0.33037608806864915,0.630170703489267
Shroud how is ur summer,neither,0.0845801791961539,0.31485485350189035,0.6005649673019557
@shroud GO PLAY GTA,neither,0.04071430618263778,0.3347531565465729,0.6245325372707895
Whattuo fat fuck,hate_speech,0.715189166810723,0.28480905230180115,1.7808874757723132e-06
HeyGuys,neither,0.03945320844208391,0.33037608806864915,0.630170703489267
hello mike,neither,0.03945320844208391,0.33037608806864915,0.630170703489267
tank tops op,neither,0.03945320844208391,0.33037608806864915,0.630170703489267
looking good papa shroud,neither,0.038797066997946314,0.3306017651990493,0.6306011678030043
finally rocking the tank Kreygasm,neither,0.03870939181573356,0.3168274500911997,0.6444631580930668
Wheres my feet?,neither,0.028783563161338815,0.41294809354864515,0.5582683432900161
THIS IS MY PROUDEST FAP PogChamp,neither,0.03445984452656233,0.4177590754574663,0.5477810800159715
SHROUD IS USA NOW,neither,0.04908645569424172,0.32706277260027505,0.6238507717054833
yoo mike,neither,0.03945320844208391,0.33037608806864915,0.630170703489267
Hey shroud!,neither,0.03945320844208391,0.33037608806864915,0.630170703489267
Damnnn dem muskels,neither,0.03945320844208391,0.33037608806864915,0.630170703489267
"berggory, Stop yelling! See you in 15 seconds",neither,0.052441039038334566,0.43256876652701853,0.5149901944346469
woah sleeveless so tough,neither,0.03941225001007298,0.3731298173099076,0.5874579326800193
Shroud lirikNOT,neither,0.03945320844208391,0.33037608806864915,0.630170703489267
WELL NO WE CANT SLEEP,neither,0.03846920730368962,0.3470771554255346,0.6144536372707757
hit the gym shroud =[,neither,0.0383647335841228,0.31035347790201373,0.6512817885138635
fucking chat i was here first stop fucking lieing SwiftRage,offensive_language,0.16804583886509178,0.8319410415744198,1.3119560488367604e-05
shroud wearing a tank top? ur sexy af @Shroud,neither,0.05690624326059305,0.32437318907513635,0.6187205676642706
THE TANK,neither,0.03823111495552092,0.3078022189530705,0.6539666660914085
Shroud,neither,0.03945320844208391,0.33037608806864915,0.630170703489267
@shroud how was ur fourth,neither,0.06364428268343937,0.32396805171151855,0.6123876656050421
K,neither,0.03945320844208391,0.33037608806864915,0.630170703489267
shroud wearing a mang0 tank,neither,0.03945320844208391,0.33037608806864915,0.630170703489267
murica,neither,0.03945320844208391,0.33037608806864915,0.630170703489267
Hi Shrooood whats up,neither,0.036741837357433256,0.38533812268608225,0.5779200399564846
suhhhh dide,neither,0.03945320844208391,0.33037608806864915,0.630170703489267
how was ur summer mike,neither,0.061275254092835005,0.3246315390689928,0.6140932068381724
shroud arms Kreygasm,neither,0.03945320844208391,0.33037608806864915,0.630170703489267
suns out guns out,neither,0.032801298352932454,0.3565446324361998,0.6106540692108677
Shroud flex on us,neither,0.08151679169325748,0.3365136874868005,0.5819695208199419
suuhhhh,neither,0.03945320844208391,0.33037608806864915,0.630170703489267
yoooo,neither,0.03945320844208391,0.33037608806864915,0.630170703489267
rofl,neither,0.03945320844208391,0.33037608806864915,0.630170703489267
Yo smexy,offensive_language,0.04010381111145228,0.5271105317972344,0.4327856570913131
!res,neither,0.03945320844208391,0.33037608806864915,0.630170703489267
RAWR Xd,neither,0.03945320844208391,0.33037608806864915,0.630170703489267
@tgamer13 He plays at 1920x1080,neither,0.0452480919340949,0.3577890385339979,0.5969628695319072
shroud in the tank,neither,0.03829710746920159,0.3090653736855547,0.6526375188452438
yeah that's a lie,offensive_language,0.018478299686056104,0.4962476570525455,0.4852740432613985
LUL,neither,0.03945320844208391,0.33037608806864915,0.630170703489267
sup maaaaan,neither,0.03945320844208391,0.33037608806864915,0.630170703489267
You should tell people about the thing Mike anomCheeky,neither,0.10353699310373526,0.40918175992737105,0.48728124696889374
Flex on us,neither,0.08151679169325748,0.3365136874868005,0.5819695208199419
@shroud hi HeyGuys,neither,0.03945320844208391,0.33037608806864915,0.630170703489267
"@Shroud, Why am I watching shroud if I can watch gamesdonequick",neither,0.01973762861120175,0.3893191655142557,0.5909432058745424
!sens,neither,0.03945320844208391,0.33037608806864915,0.630170703489267
why is freakazoid taking over the stream,neither,0.03238179036421743,0.3290980369351121,0.6385201727006705
nice tb tank shroudy,neither,0.03945320844208391,0.33037608806864915,0.630170703489267
FInally. Shroud in a tank top,neither,0.03945320844208391,0.33037608806864915,0.630170703489267
How come not at esl shroom Kappa Kappa,neither,0.03775479585877536,0.356165632169731,0.6060795719714935
RIP MY WIFI,neither,0.02862493070758059,0.4143261170693615,0.557048952223058
shroud play rust with cloud9 one of these days,neither,0.03565925915678721,0.4521944586799164,0.5121462821632964
once you Meria you dont go back shroud,neither,0.08787453429283558,0.4538594636670667,0.45826600204009776
"@Stun_Empire, daddy lirikCHAMP",neither,0.03945320844208391,0.33037608806864915,0.630170703489267
Im jacking off now,neither,0.03862816068544329,0.36169397429899813,0.5996778650155586
hey shrod,neither,0.03945320844208391,0.33037608806864915,0.630170703489267
"@Shroud, play a game that requires skill like Overwatch Keepo",neither,0.04341600163643472,0.3402825854912894,0.6163014128722759
elo Grzesiek,neither,0.03945320844208391,0.33037608806864915,0.630170703489267
i hope i wake up to atleast 15 reddit clips,neither,0.06903038519800347,0.2801245494501802,0.6508450653518163
"@Shroud, Please have my babies <3",neither,0.027337520761390424,0.4305585730795101,0.5421039061590993
Shroudy my boi,neither,0.02505926657236978,0.44663184017466445,0.5283088932529656
muscles,neither,0.03945320844208391,0.33037608806864915,0.630170703489267
"Sun's out,",neither,0.03387952672559738,0.35205414659469214,0.6140663266797105
shroud id cute,neither,0.04188586220537848,0.2890876049851225,0.6690265328094991
Are you hacking??,neither,0.3074667772907956,0.2930344039624175,0.399498818746787
why did you get a life @shroud,offensive_language,0.036684195016362935,0.49131904943240834,0.4719967555512287
LUL shroud in a tank,neither,0.03945320844208391,0.33037608806864915,0.630170703489267
Shroud is my dad BCWarrior,neither,0.03274246849933811,0.4490274298679693,0.5182301016326926
plutoSquid,neither,0.03945320844208391,0.33037608806864915,0.630170703489267
wrf are you wearing,neither,0.141485268218897,0.3222051871736535,0.5363095446074495
dad,neither,0.03945320844208391,0.33037608806864915,0.630170703489267
Shroud bby ♡,neither,0.03945320844208391,0.33037608806864915,0.630170703489267
@shroud what's your mouse sensitivity?,neither,0.09202713254682782,0.312522656215049,0.5954502112381231
TAnk ToP,neither,0.03945320844208391,0.33037608806864915,0.630170703489267
Kappa,neither,0.03945320844208391,0.33037608806864915,0.630170703489267
!time,neither,0.036668274527354654,0.377643684699956,0.5856880407726893
@shroud Are you ever going to play GTA again like honestly,neither,0.08997116683389358,0.3783038320476431,0.5317250011184634
your fuckin inzein,offensive_language,0.20119184706104565,0.7987054425660148,0.00010271037293942511
@shroud are you as ripped as freakazoid now? :),neither,0.07506990585470748,0.38701737994726587,0.5379127141980266
when shroud doesn't love summit anymore FeelsBadMan,neither,0.029754910586510402,0.37947522050877214,0.5907698689047175
"what is ""meclipse"" Kappa",neither,0.05556313111362949,0.3226410524653571,0.6217958164210133
hi daddy,neither,0.03945320844208391,0.33037608806864915,0.630170703489267
See why he was the one not wearing a sleeveless at lan LOL,neither,0.02743291621585891,0.4093636889747904,0.5632033948093507
!uptime,neither,0.03945320844208391,0.33037608806864915,0.630170703489267
@scobar95 Channel shroud has been live for 03m and 25s,neither,0.037527441653855145,0.2724964938497483,0.6899760644963965
what will you never again @shroud,neither,0.061138180361978364,0.43981991353747574,0.499041906100546
shroud u need muscles to wear a muscle shirt MingLee you're a lost soul without freak to make u big and strong TriHard,neither,0.05164774012642428,0.34281779456678585,0.6055344653067898
Damn shroud gains DoritosChip,offensive_language,0.042479326866149344,0.9516554255713155,0.005865247562535126
lol,neither,0.020706217963973744,0.4882283491876925,0.4910654328483337
FeelsBadMan,neither,0.03945320844208391,0.33037608806864915,0.630170703489267
fuck me im early,offensive_language,0.1375126326338694,0.8623199555067891,0.00016741185934151793
BibleThump Tyler tired of CS BibleThump,neither,0.03945320844208391,0.33037608806864915,0.630170703489267
Hiii shroud,neither,0.03945320844208391,0.33037608806864915,0.630170703489267
"lol, rust is getting a big update thursday",neither,0.026225740037270538,0.44709578890421053,0.526678471058519
@shroud tell ska too smile,neither,0.03915231288945743,0.3354830708715374,0.6253646162390052
the wrist wrap FeelsBadMan,neither,0.03861020846438818,0.31497910053247946,0.6464106910031323
Guys i just found this cool website,neither,0.03565492316074238,0.35024779079191226,0.6140972860473454
Keeps buffering for me FeelsBadMan,neither,0.024693526733216887,0.3423018301598382,0.6330046431069449
!comands,neither,0.03945320844208391,0.33037608806864915,0.630170703489267
!sens,neither,0.03945320844208391,0.33037608806864915,0.630170703489267
@bryy_tv DPI: 400 - Ingame : 2.0 - Windows: 6/11 - Raw-Input: On - 1000 Hz Polling Rate,neither,0.03781786467716525,0.33814216926935486,0.6240399660534798
omg hes here,neither,0.09312669757332019,0.28842871608110754,0.6184445863455723
CSGO betting,neither,0.03945320844208391,0.33037608806864915,0.630170703489267
@shroud does Slem stream?,neither,0.025307728470791848,0.4631440620197274,0.5115482095094808
@shroud you know summits talking shit about you now right,offensive_language,0.07262880294111618,0.9267572537692711,0.0006139432896126991
PogChamp,neither,0.03945320844208391,0.33037608806864915,0.630170703489267
@shroud OMG DEM MUSCLES SHOW ME DAT PACK PAPI,neither,0.043109915746675546,0.30825599308059237,0.6486340911727321
The culling,neither,0.03613032604487659,0.2619290779399786,0.7019405960151449
hey strean wheres my boy polen?,neither,0.02923111659295177,0.40908628513887735,0.5616825982681709
you not at Cologne?,neither,0.05490687304368241,0.41622043271903875,0.5288726942372788
freak would be jealous of dem muscles @Shroud,neither,0.03930996101443617,0.3291765525519971,0.6315134864335669
I love I das,neither,0.035795867200643976,0.34753213607147926,0.6166719967278766
hi dad,neither,0.03945320844208391,0.33037608806864915,0.630170703489267
cuz you went life mode right?,neither,0.04806602509257973,0.4315865654841968,0.5203474094232234
!comandos,neither,0.03945320844208391,0.33037608806864915,0.630170703489267
He was fucking bitches the whole weekend with those guns Kreygasm,offensive_language,0.020693537711408493,0.9793054013327929,1.0609557984966038e-06
!crosshair,neither,0.03945320844208391,0.33037608806864915,0.630170703489267
"@ramoneekushh His crosshair: cl_crosshair_drawoutline ""1"";cl_crosshair_outlinethickness ""1"";cl_crosshairalpha ""255"";cl_crosshaircolor ""5"";cl_crosshaircolor_b ""250"";cl_crosshaircolor_g ""200"";cl_crosshaircolor_r ""120"";cl_crosshairdot ""0"";cl_crosshairgap ""-1"";cl_crosshairgap_useweaponvalue ""0"";cl_crosshairsize ""5"";cl_crosshairstyle ""4"";cl_crosshairthickness ""1.5",neither,0.05825945203542967,0.33206364960896706,0.6096768983556032
but you've beeng fucking bimbos on the side.,offensive_language,0.05099035439180567,0.9484287841056037,0.0005808615025906698
What happened to the races with subs FeelsBadMan,neither,0.038439615964688895,0.33989660960742163,0.6216637744278896
So late :(,neither,0.039408851386368314,0.3986148855256441,0.5619762630879874
!uptime,neither,0.03945320844208391,0.33037608806864915,0.630170703489267
Sun's out Guns out,neither,0.03231304487847688,0.35861271337973266,0.6090742417417904
u guys know any good graphics card below 1k?,neither,0.038873129847174226,0.3320465330912166,0.6290803370616092
@shroud do it on lan,neither,0.03640666916941482,0.34485282025841774,0.6187405105721675
look at thos biceps,neither,0.040492694346839705,0.35497986094638273,0.6045274447067777
guns out baby!,neither,0.03461913918225547,0.3490329860738399,0.6163478747439045
"@Shroud, 11 for summit. I live near him lirikW",neither,0.0379990763436352,0.309701996659825,0.6522989269965398
Real lifer :(,offensive_language,0.025561593684253106,0.5993264658233612,0.3751119404923855
!videosettings,neither,0.03945320844208391,0.33037608806864915,0.630170703489267
TANK TOP PogChamp,neither,0.03945320844208391,0.33037608806864915,0.630170703489267
yea its 1 am over ere,neither,0.0299118414370089,0.33811542202837636,0.6319727365346148
1 AM for me,neither,0.02172912267176641,0.34642960135020867,0.6318412759780251
@shroud where are ur biceps friend,neither,0.09343340261119669,0.2564088921551956,0.6501577052336077
"ninjagamingtv_, Stop yelling! See you in 15 seconds",neither,0.052441039038334566,0.43256876652701853,0.5149901944346469
!sens,neither,0.03945320844208391,0.33037608806864915,0.630170703489267
@merzl DPI: 400 - Ingame : 2.0 - Windows: 6/11 - Raw-Input: On - 1000 Hz Polling Rate,neither,0.03781786467716525,0.33814216926935486,0.6240399660534798
1 am,neither,0.03902346103501681,0.3305238979082658,0.6304526410567174
zoey 101 was the bomb,neither,0.03812241451849112,0.31144516817189516,0.6504324173096137
LUL,neither,0.03945320844208391,0.33037608806864915,0.630170703489267
!uptime,neither,0.03945320844208391,0.33037608806864915,0.630170703489267
@shroud HOLY BICEPS OMG,neither,0.03945320844208391,0.33037608806864915,0.630170703489267
tanktops op,neither,0.03945320844208391,0.33037608806864915,0.630170703489267
what is that on your wrist,neither,0.08341120322623852,0.3665220032291701,0.5500667935445913
what would have happened if you won,neither,0.0372891194789282,0.42405210572603874,0.5386587747950332
What keyboard is that ?,neither,0.04968977722050873,0.3653623049934976,0.5849479177859936
BRO TANK,neither,0.03945320844208391,0.33037608806864915,0.630170703489267
#12 for me xD,neither,0.02401706338336165,0.3432128116330092,0.6327701249836292
7 am here :P Greetings from Poland ;) @shroud,neither,0.1200803460500713,0.25017222431925734,0.6297474296306713
@shroud i think you're only 1 hour behind summit,neither,0.06823116282740026,0.3346147339597493,0.5971541032128505
SUN'S OUT GUNS OUT,neither,0.03231304487847688,0.35861271337973266,0.6090742417417904
MIKE IS SO HOT,neither,0.04844400204456396,0.3762581933362617,0.5752978046191745
!res,neither,0.03945320844208391,0.33037608806864915,0.630170703489267
@jonas_alexandre He plays at 1920x1080,neither,0.0452480919340949,0.3577890385339979,0.5969628695319072
WutFace,neither,0.03945320844208391,0.33037608806864915,0.630170703489267
"shroud be honest, do u like mOE",neither,0.051092140356102655,0.34762420599870486,0.6012836536451924
shroudBiceps,neither,0.03945320844208391,0.33037608806864915,0.630170703489267
shroud dick me pls,offensive_language,0.0468702525892981,0.9074675589929201,0.045662188417781795
!video,neither,0.049266163358008055,0.16382463337382713,0.7869092032681648
<3 u shroud,neither,0.03945320844208391,0.33037608806864915,0.630170703489267
Shroud is showing some tasteful side-moob,neither,0.03284526391546252,0.38157798369172946,0.585576752392808
TANK TOPS OP,neither,0.03945320844208391,0.33037608806864915,0.630170703489267
I love the side booby @shroud,neither,0.031515878915209204,0.3617338708183477,0.6067502502664431
TANK TOP,neither,0.03945320844208391,0.33037608806864915,0.630170703489267
shroud,neither,0.03945320844208391,0.33037608806864915,0.630170703489267
why you lyin,neither,0.04207634172015258,0.4125907904529068,0.5453328678269406
HE WAS LIKE I WANT SOME BITCHS *Puts on tank* Kreygasm,neither,0.04179656887104602,0.35750758066819927,0.6006958504607547
shroud has dark and dirty armpits thats why his trying to hide em Kappa,neither,0.04866437198578743,0.31149116400805066,0.6398444640061619
Im wet,neither,0.038204826993904324,0.37771053844119157,0.584084634564904
I fucking knew it,offensive_language,0.10840799718791416,0.8915091387456923,8.286406639367457e-05
TANK!!,neither,0.03945320844208391,0.33037608806864915,0.630170703489267
@shroud what's your mouse sensitivity?,neither,0.09202713254682782,0.312522656215049,0.5954502112381231
going fREAKAZOIND on em,neither,0.03341100430833041,0.38759482782847215,0.5789941678631974
what was the bet?,neither,0.04562735016814748,0.3063646164967766,0.648008033335076
did you have a good 4th,neither,0.05516893427837515,0.3890621565165818,0.5557689092050431
Shrouds my daddy,neither,0.023844435989856156,0.45825293819810886,0.5179026258120351
TANK TOPS OP BOI,neither,0.03945320844208391,0.33037608806864915,0.630170703489267
"put a shirt under it, youre still wearing it 4Head",neither,0.043430346681946286,0.33928087839443755,0.617288774923616
pimp jesus PogChamp,neither,0.03945320844208391,0.33037608806864915,0.630170703489267
How to see video settings,neither,0.056600963154562936,0.2082371817008834,0.7351618551445537
There was no way you would do it,neither,0.05401171861237105,0.3406955335792347,0.6052927478083941
TANK TOP BET PogChamp,neither,0.03945320844208391,0.33037608806864915,0.630170703489267
Nice bíceps shroud,neither,0.03945320844208391,0.33037608806864915,0.630170703489267
lol,neither,0.020706217963973744,0.4882283491876925,0.4910654328483337
TwitchAlerts,neither,0.03945320844208391,0.33037608806864915,0.630170703489267
What bet did you lose?,neither,0.06538822894549297,0.3753281606105973,0.5592836104439097
SHOWING OFF HIS GUNSS,neither,0.0723484589723698,0.3320542156800165,0.5955973253476137
@shroud you dont look bad in a tank Kappa,neither,0.05041982201294188,0.3669066667391701,0.582673511247888
shroud is pimpin bitches,offensive_language,0.00534306740451097,0.9946560860504916,8.465449975410803e-07
y u lying no need to lie u just want to show that body nothing wrong with that,neither,0.03847984694295899,0.3948686820345768,0.5666514710224643
Shroud needs to hit the gym 😂,neither,0.04539775401218019,0.3101118248413362,0.6444904211464837
!sens,neither,0.03945320844208391,0.33037608806864915,0.630170703489267
was the bet that canada has more freedom than the US cause ur dam wrong,neither,0.06991254455440578,0.33857983050798685,0.5915076249376076
@scoot3r_ DPI: 400 - Ingame : 2.0 - Windows: 6/11 - Raw-Input: On - 1000 Hz Polling Rate,neither,0.03781786467716525,0.33814216926935486,0.6240399660534798
do you play 1920?,neither,0.07533617862033894,0.41395133869618517,0.5107124826834759
TwitchAlerts @shroud,neither,0.03945320844208391,0.33037608806864915,0.630170703489267
"okay, i will w8 until u figure taht out Kappa",neither,0.03731876368109673,0.32500737665316576,0.6376738596657374
@shroud hi :D,neither,0.03945320844208391,0.33037608806864915,0.630170703489267
AIR DEM ARMPITS,neither,0.03945320844208391,0.33037608806864915,0.630170703489267
twitch alerts is pretty much what everyone uses now a days,neither,0.04095517532309393,0.39259148757085793,0.5664533371060482
i bought a c( mouse pad and it was ripped wtffffffff,neither,0.037933318653991265,0.3058815453173306,0.6561851360286781
is it just me or does @shroud look like jasper on THE 100,neither,0.030462800287526008,0.4593328501755131,0.5102043495369608
!currentcrosshair,neither,0.03945320844208391,0.33037608806864915,0.630170703489267
!res,neither,0.03945320844208391,0.33037608806864915,0.630170703489267
@mrmigdethippo41 He plays at 1920x1080,neither,0.0452480919340949,0.3577890385339979,0.5969628695319072
9,neither,0.03945320844208391,0.33037608806864915,0.630170703489267
BOI DEM GUNS GOT ME KreyGasm,neither,0.032231654199555794,0.4024215051543753,0.565346840646069
ss,neither,0.03945320844208391,0.33037608806864915,0.630170703489267
!sens,neither,0.03945320844208391,0.33037608806864915,0.630170703489267
Kreygasm,neither,0.03945320844208391,0.33037608806864915,0.630170703489267
Hi Shroud,neither,0.03945320844208391,0.33037608806864915,0.630170703489267
Wut,neither,0.03945320844208391,0.33037608806864915,0.630170703489267
!video,neither,0.049266163358008055,0.16382463337382713,0.7869092032681648
wanna see dem armpit hairs,neither,0.03945320844208391,0.33037608806864915,0.630170703489267
summer 2015 c9 with tank tops. Kreygasm,neither,0.031554147457491896,0.35703199401870783,0.6114138585238001
shroud bb <3,neither,0.03945320844208391,0.33037608806864915,0.630170703489267
Sucessfull boost!!!!!,neither,0.03945320844208391,0.33037608806864915,0.630170703489267
!vip Kappa,neither,0.03945320844208391,0.33037608806864915,0.630170703489267
!sens,neither,0.03945320844208391,0.33037608806864915,0.630170703489267
@lukieid DPI: 400 - Ingame : 2.0 - Windows: 6/11 - Raw-Input: On - 1000 Hz Polling Rate,neither,0.03781786467716525,0.33814216926935486,0.6240399660534798
that aiming.. Kreygasm Kreygasm Kreygasm,neither,0.026110925149043836,0.4791292047641166,0.4947598700868395
!time,neither,0.036668274527354654,0.377643684699956,0.5856880407726893
ㅅㅂㅋㅋㅋㅋㅋㅋㅋㅋㅋㅋㄱ,neither,0.03945320844208391,0.33037608806864915,0.630170703489267
"Yahirqtony, get a new one",neither,0.043073019793057186,0.25220879783009126,0.7047181823768515
VAC?,neither,0.03945320844208391,0.33037608806864915,0.630170703489267
@shroud wassup,neither,0.33529425248498695,0.08556156890646638,0.5791441786085466
NO MY SUB RAN OUT,neither,0.02540277542711559,0.43644905614571194,0.5381481684271726
!sens,neither,0.03945320844208391,0.33037608806864915,0.630170703489267
tank top power,neither,0.03945320844208391,0.33037608806864915,0.630170703489267
!crosshair,neither,0.03945320844208391,0.33037608806864915,0.630170703489267
!settings,neither,0.03945320844208391,0.33037608806864915,0.630170703489267
tank top OP,neither,0.03945320844208391,0.33037608806864915,0.630170703489267
"shroud be honest, do u really like mOE or do u like his rages??? ;P",neither,0.08056429039065384,0.35395254251226466,0.5654831670970815
Shroud in a tank PogChamp,neither,0.03945320844208391,0.33037608806864915,0.630170703489267
"@Shroud, what is on your wrist",neither,0.09393297095327642,0.3244701533934752,0.5815968756532485
shroud pls play m9 s2,neither,0.03945320844208391,0.33037608806864915,0.630170703489267
!commands,neither,0.03945320844208391,0.33037608806864915,0.630170703489267
@tran_man http://hnlbot.com/commands/shroud,neither,0.03558056210193769,0.1941005909087057,0.7703188469893567
"@Stun_Empire, how much do i have to pay you for you to narrate my life?",offensive_language,0.05365022209114948,0.49311243974116264,0.4532373381676879
@shroud Have my babies,neither,0.025426644311947813,0.4487053480983491,0.5258680075897032
tank top KreyGasm fl0mGasm,neither,0.03945320844208391,0.33037608806864915,0.630170703489267
LUL,neither,0.03945320844208391,0.33037608806864915,0.630170703489267
OVERWATCH,neither,0.03945320844208391,0.33037608806864915,0.630170703489267
aNOOOOOOOOO,neither,0.03945320844208391,0.33037608806864915,0.630170703489267
Shroud is a cool dude,neither,0.05061009013872622,0.32653872484764135,0.6228511850136325
"@Shroud, i beat stunna in mm today even though he dropped 31",neither,0.040966505604900935,0.32560585001981324,0.6334276443752859
!uptime,neither,0.03945320844208391,0.33037608806864915,0.630170703489267
runescape,neither,0.03945320844208391,0.33037608806864915,0.630170703489267
@shroud how was your fourth of july,neither,0.06370362878527543,0.32524083229969697,0.6110555389150276
Also are you gonna tell them about the thing? anomCheeky @shroud,neither,0.09956717918687917,0.36853379477778087,0.5318990260353398
noo,neither,0.03945320844208391,0.33037608806864915,0.630170703489267
YUGIOHHH PogChamp,neither,0.03945320844208391,0.33037608806864915,0.630170703489267
y,neither,0.03945320844208391,0.33037608806864915,0.630170703489267
u are impressive whit faze vs fnatic? @shroud,neither,0.05502021806006699,0.301356036016938,0.6436237459229951
OVERWATCH,neither,0.03945320844208391,0.33037608806864915,0.630170703489267
CULLING,neither,0.03945320844208391,0.33037608806864915,0.630170703489267
Culling,neither,0.03945320844208391,0.33037608806864915,0.630170703489267
GTA V?,neither,0.03945320844208391,0.33037608806864915,0.630170703489267
FALLOUT PogChamp,neither,0.03945320844208391,0.33037608806864915,0.630170703489267
@shroud play runescape :),neither,0.03945320844208391,0.33037608806864915,0.630170703489267
!uptime,neither,0.03945320844208391,0.33037608806864915,0.630170703489267
@mrmigdethippo41 Channel shroud has been live for 06m and 43s,neither,0.037527441653855145,0.2724964938497483,0.6899760644963965
@shroud surface tunning?,neither,0.03945320844208391,0.33037608806864915,0.630170703489267
rocket league Kappa @Shroud,neither,0.03945320844208391,0.33037608806864915,0.630170703489267
h1z1 with moe,neither,0.026685933432952478,0.3760235831450579,0.5972904834219895
@shroud watching you play fallout 4 was pretty cool bruh,neither,0.05056066434822513,0.3640328737169595,0.5854064619348154
why you are not in cologne?,neither,0.06649052240397418,0.3520518596227857,0.5814576179732401
overwatch fucking sucks,offensive_language,0.11433399686031528,0.8856092625186033,5.674062108145136e-05
PLAY RUST! PLAY RUST! PLAY RUST!,neither,0.03945320844208391,0.33037608806864915,0.630170703489267
@Witbeck it was 25 bucks,neither,0.03801867826881448,0.33274566425809415,0.6292356574730913
GO PLAY CS:GO,neither,0.041447644006452254,0.3373083383146444,0.6212440176789032
use SUBALERT,neither,0.004683663156386073,0.4896546958069714,0.5056616410366426
#newshroud,neither,0.03945320844208391,0.33037608806864915,0.630170703489267
"cmccarthy1, Stop yelling! See you in 15 seconds",neither,0.052441039038334566,0.43256876652701853,0.5149901944346469
"Yahirqtony, i mean get it refunded and have em send you a new 1",neither,0.050954710912081945,0.2779314576593873,0.6711138314285306
hi DAD,neither,0.03945320844208391,0.33037608806864915,0.630170703489267
mm with all of c9,neither,0.029575935159386276,0.44796677030687676,0.5224572945337369
Fallout shroud,neither,0.03945320844208391,0.33037608806864915,0.630170703489267
Na can,neither,0.03983359548549943,0.32391992721081125,0.6362464773036893
hi dad,neither,0.03945320844208391,0.33037608806864915,0.630170703489267
Shroud in a tank DansGame,neither,0.03945320844208391,0.33037608806864915,0.630170703489267
"@Shroud, do some gambling mate Kappa",neither,0.03467302245484809,0.3396470991566157,0.6256798783885363
!vote GANG BEAST,neither,0.03945320844208391,0.33037608806864915,0.630170703489267
@shroud surface tunning?,neither,0.03945320844208391,0.33037608806864915,0.630170703489267
SHROUD <3,neither,0.03945320844208391,0.33037608806864915,0.630170703489267
@shroud play gta Kappa,neither,0.03945320844208391,0.33037608806864915,0.630170703489267
Thank fuck for that,offensive_language,0.1423767419005969,0.8575062628048394,0.00011699529456363955
Overwatch is fucking awesome shrud,offensive_language,0.1365305370686509,0.8632920576996687,0.00017740523168047466
Nice arms @Shroud,neither,0.03945320844208391,0.33037608806864915,0.630170703489267
"thank you, fuck overwatch",offensive_language,0.2501609559309005,0.7498299590984079,9.084970691552e-06
@witbeck they dont respond,neither,0.03945320844208391,0.33037608806864915,0.630170703489267
!config,neither,0.03945320844208391,0.33037608806864915,0.630170703489267
@osourhd His config can be found on his ESEA page here: http://play.esea.net/users/248592 OR in the FAQ section down below!,neither,0.0839337416261435,0.2602498405772156,0.6558164177966408
agreed,neither,0.03945320844208391,0.33037608806864915,0.630170703489267
this is like watching himan aimbot,neither,0.07235575854661566,0.3495476908922777,0.5780965505611068
agreed,neither,0.03945320844208391,0.33037608806864915,0.630170703489267
"@garry_larry_kappa, its actually not.",neither,0.030417306667598544,0.3393579811186225,0.6302247122137788
Culling,neither,0.03945320844208391,0.33037608806864915,0.630170703489267
Overwatch LUL,neither,0.03945320844208391,0.33037608806864915,0.630170703489267
T A N K StinkyCheese T O P StinkyCheese P H I L O S O P H Y,neither,0.03945320844208391,0.33037608806864915,0.630170703489267
dead by daylight? @shroud,neither,0.040603378661635756,0.3741710390521124,0.5852255822862519
overwat ResidentSleeper,neither,0.03945320844208391,0.33037608806864915,0.630170703489267
ohhhh yea .. don't play oversracz,neither,0.039278969431284845,0.33333337880949193,0.6273876517592232
Finally someone said it,neither,0.03789609351340699,0.3309116512950644,0.6311922551915287
is this overwatch?,neither,0.06444388513749441,0.32581973129223984,0.6097363835702658
overwatch ResidentSleeper,neither,0.03945320844208391,0.33037608806864915,0.630170703489267
LOL LUL,neither,0.031120645729857982,0.3912535864736078,0.5776257677965343
Dead by daylight,neither,0.040603378661635756,0.3741710390521124,0.5852255822862519
play soldier 76 in overwatch,neither,0.03945320844208391,0.33037608806864915,0.630170703489267
overwatch is soo bad.,neither,0.04490224311160692,0.3285019151770322,0.6265958417113608
@shroud resubs working yet?!?!?,neither,0.03945320844208391,0.33037608806864915,0.630170703489267
!video,neither,0.049266163358008055,0.16382463337382713,0.7869092032681648
play minecraft Kappa,neither,0.03945320844208391,0.33037608806864915,0.630170703489267
"@Shroud, minecraft it is then",neither,0.05261001276336307,0.3258508597493718,0.6215391274872653
dem arms KreyGasm,neither,0.03945320844208391,0.33037608806864915,0.630170703489267
HOLY TANK TOP,neither,0.03945320844208391,0.33037608806864915,0.630170703489267
I once dinked a guy for 3 once. #CSGO,neither,0.035020306905243666,0.3148121051177909,0.6501675879769655
FALLOUT,neither,0.03945320844208391,0.33037608806864915,0.630170703489267
overwatch is gay but rust is amazing,neither,0.22323856034619038,0.21349494536620559,0.563266494287604
So,offensive_language,0.039501631330860744,0.48329170807269783,0.4772066605964413
