text,top_class,hate_speech,offensive_language,neither
there we go,neither,0.04083933629015207,0.27628362646603744,0.6828770372438104
HeyGuys,neither,0.03945320844208391,0.33037608806864915,0.630170703489267
ayyyyyyyy,neither,0.03945320844208391,0.33037608806864915,0.630170703489267
brownHYPE brownHYPE,neither,0.03945320844208391,0.33037608806864915,0.630170703489267
PogChamp,neither,0.03945320844208391,0.33037608806864915,0.630170703489267
Hi shroud shroudC,neither,0.03945320844208391,0.33037608806864915,0.630170703489267
AYYYYYY,neither,0.03945320844208391,0.33037608806864915,0.630170703489267
Was da dude,offensive_language,0.09100664580726958,0.49863162740700745,0.41036172678572297
shroud9 PogChamp,neither,0.03945320844208391,0.33037608806864915,0.630170703489267
Yo,offensive_language,0.04010381111145228,0.5271105317972344,0.4327856570913131
Micheal,neither,0.03945320844208391,0.33037608806864915,0.630170703489267
こんにちは,neither,0.03945320844208391,0.33037608806864915,0.630170703489267
@shroud Heyyyy <3,neither,0.03945320844208391,0.33037608806864915,0.630170703489267
YASS DADDY,neither,0.03945320844208391,0.33037608806864915,0.630170703489267
how you feeling shroud?,neither,0.06504724070863173,0.40024417482315966,0.5347085844682086
hiiiiiii,neither,0.03945320844208391,0.33037608806864915,0.630170703489267
1,neither,0.03945320844208391,0.33037608806864915,0.630170703489267
"Ayyy, look who finally came on! @shroud",neither,0.039014131749863325,0.3913014798514586,0.569684388398678
we need you back for gta races :(,neither,0.04532678513754489,0.33829637817746566,0.6163768366849895
PogChamp PogChamp,neither,0.03945320844208391,0.33037608806864915,0.630170703489267
Heyy,neither,0.03945320844208391,0.33037608806864915,0.630170703489267
SHROUDDDDD,neither,0.03945320844208391,0.33037608806864915,0.630170703489267
sup shrood dady,neither,0.03945320844208391,0.33037608806864915,0.630170703489267
@Shroud PRECIATE JU,neither,0.03945320844208391,0.33037608806864915,0.630170703489267
Good stream guys,neither,0.038696739313498034,0.33255830866025693,0.6287449520262451
hey dad,neither,0.03945320844208391,0.33037608806864915,0.630170703489267
SHROOOOOOOOOOOOD,neither,0.03945320844208391,0.33037608806864915,0.630170703489267
Teach me how to be good at top fragging!!!!!!,neither,0.04363014923446679,0.2817536484324397,0.6746162023330935
shroud too ez,neither,0.0391650249380889,0.3352673142304581,0.625567660831453
Shroudyyyyyyy,neither,0.03945320844208391,0.33037608806864915,0.630170703489267
shroooooooood,neither,0.03945320844208391,0.33037608806864915,0.630170703489267
Hi dad,neither,0.03945320844208391,0.33037608806864915,0.630170703489267
3 NIGHTS IN A ROWW @Shroud,neither,0.03945320844208391,0.33037608806864915,0.630170703489267
Ay#,neither,0.03945320844208391,0.33037608806864915,0.630170703489267
Lol,neither,0.020706217963973744,0.4882283491876925,0.4910654328483337
Quality ass content here well after this as anyways,offensive_language,0.15812956316820448,0.7956019514790129,0.04626848535278257
LUL,neither,0.03945320844208391,0.33037608806864915,0.630170703489267
@shroud HIIII,neither,0.03945320844208391,0.33037608806864915,0.630170703489267
make him laugh,neither,0.03928865288577229,0.3331690253150378,0.62754232179919
Wow,neither,0.03945320844208391,0.33037608806864915,0.630170703489267
papa shroud all concerned and shit <3,offensive_language,0.04625977933659587,0.9495428397244253,0.0041973809389788015
DAD,neither,0.03945320844208391,0.33037608806864915,0.630170703489267
ehm,neither,0.03945320844208391,0.33037608806864915,0.630170703489267
BEST DAD NA,neither,0.038548986633288894,0.32280425105634164,0.6386467623103695
hi shroud,neither,0.03945320844208391,0.33037608806864915,0.630170703489267
When's your next pro game?,neither,0.0529506269576437,0.34030255650348945,0.6067468165388668
Shroody is so fruity!,neither,0.04845312661698214,0.3763011036036642,0.5752457697793536
Lit,neither,0.03945320844208391,0.33037608806864915,0.630170703489267
I love you shroud!!!!!!!!!!!!!!! @shroud,offensive_language,0.079837142191777,0.5038574454704381,0.4163054123377849
DAD PogChamp,neither,0.03945320844208391,0.33037608806864915,0.630170703489267
OSsloth,neither,0.03945320844208391,0.33037608806864915,0.630170703489267
Shroudy is rowdy!!! Kappa,neither,0.04625298535486139,0.32803733298047755,0.6257096816646609
dont look into the mirror then u ugly fuck 4Head,offensive_language,0.4734761032560823,0.5160749235425024,0.01044897320141524
littttttttttttt,neither,0.03945320844208391,0.33037608806864915,0.630170703489267
DAD,neither,0.03945320844208391,0.33037608806864915,0.630170703489267
Hi shroud!,neither,0.03945320844208391,0.33037608806864915,0.630170703489267
<3,neither,0.03945320844208391,0.33037608806864915,0.630170703489267
Shroud is bae,neither,0.04774802271121307,0.40523027171091003,0.5470217055778768
hey shrood,neither,0.03945320844208391,0.33037608806864915,0.630170703489267
shroud baby,neither,0.03945320844208391,0.33037608806864915,0.630170703489267
I love you shroud,offensive_language,0.079837142191777,0.5038574454704381,0.4163054123377849
"@shroud, knock knock",neither,0.03945320844208391,0.33037608806864915,0.630170703489267
yo wassup @shroud,neither,0.2910235813539658,0.1686554963221646,0.5403209223238697
SHRRRRROUUUUUUD,neither,0.03945320844208391,0.33037608806864915,0.630170703489267
Hey shroud!,neither,0.03945320844208391,0.33037608806864915,0.630170703489267
z7rund : hi shroud,neither,0.03945320844208391,0.33037608806864915,0.630170703489267
SHRUUUUUD MA FREND. HOW IS LIFE GOING ?,offensive_language,0.036295596371626854,0.4956474195380436,0.46805698409032953
Hey how's it going @shroud,neither,0.03581843781231709,0.36462834052374654,0.5995532216639363
SHROUD STREAM OH YEAHHHHHH,neither,0.04374595643939424,0.28920028968624734,0.6670537538743584
Daddy,neither,0.03945320844208391,0.33037608806864915,0.630170703489267
I love you,offensive_language,0.079837142191777,0.5038574454704381,0.4163054123377849
"same shirt as yday, thats the shroud i like to see LUL",neither,0.050707778541546754,0.35642020377132383,0.5928720176871293
Hey shrood,neither,0.03945320844208391,0.33037608806864915,0.630170703489267
shroud eat me out please,neither,0.026487943194093238,0.397563039421939,0.5759490173839678
hi shroud,neither,0.03945320844208391,0.33037608806864915,0.630170703489267
3 streams in a row? what did we do to deserve this Kappa,neither,0.05339375975292854,0.3258118546590078,0.6207943855880637
yo tyrone u pretty muthe fucka,neither,0.03954521415955062,0.3841735663957284,0.5762812194447211
0 viewers,neither,0.03945320844208391,0.33037608806864915,0.630170703489267
@shroud Swag is Playing STRETCHED!! PogChamp,neither,0.04619860688277758,0.37167454677985956,0.5821268463373628
How's it hanging @shroud?,neither,0.03768483082460099,0.3309843142213227,0.6313308549540764
o.o,neither,0.03945320844208391,0.33037608806864915,0.630170703489267
!trade,neither,0.03945320844208391,0.33037608806864915,0.630170703489267
@shamnet send trade offers to him here: http://steamcommunity.com/tradeoffer/new/?partner=4515926&token=vFY2imwk,neither,0.06428716009250758,0.213167701631012,0.7225451382764804
NIKO LIKES DICK AND WONT GO ALL IN,offensive_language,0.06370980622159436,0.8794275653466279,0.05686262843177764
what up @Shroud,neither,0.04549209283961305,0.43877665191533993,0.5157312552450469
SHROOOD,neither,0.03945320844208391,0.33037608806864915,0.630170703489267
Hi shroud,neither,0.03945320844208391,0.33037608806864915,0.630170703489267
Hello,neither,0.03945320844208391,0.33037608806864915,0.630170703489267
Kappa /,neither,0.03945320844208391,0.33037608806864915,0.630170703489267
Ho,offensive_language,0.013321108536384277,0.8771497931721385,0.10952909829147721
CJ2K_iwnl you know it,neither,0.07884298436105816,0.44799117162642127,0.47316584401252054
i'm ready for the fun times,neither,0.03321910678630632,0.28910912969931324,0.6776717635143805
rip,neither,0.03945320844208391,0.33037608806864915,0.630170703489267
ROFL,neither,0.03945320844208391,0.33037608806864915,0.630170703489267
ehehehhee,neither,0.03945320844208391,0.33037608806864915,0.630170703489267
HeyGuys,neither,0.03945320844208391,0.33037608806864915,0.630170703489267
MIKEYBOY,neither,0.03945320844208391,0.33037608806864915,0.630170703489267
wassup shrouud xD,neither,0.33529425248498695,0.08556156890646638,0.5791441786085466
yo wattup,offensive_language,0.04010381111145228,0.5271105317972344,0.4327856570913131
HI SHROUD,neither,0.03945320844208391,0.33037608806864915,0.630170703489267
Dad anomSuh,neither,0.03945320844208391,0.33037608806864915,0.630170703489267
lirikN lirik subs lirikN,neither,0.03945320844208391,0.33037608806864915,0.630170703489267
wassup @Sachmoose,neither,0.33529425248498695,0.08556156890646638,0.5791441786085466
SUH,neither,0.03945320844208391,0.33037608806864915,0.630170703489267
IM TOP DONATOR SICK,neither,0.03844862217343444,0.3684859167411022,0.5930654610854633
Is this the BRAXTON waiting room?! Kappa PogChamp,neither,0.044153704294721104,0.3186114253813366,0.6372348703239423
5 viewers LUL,neither,0.03945320844208391,0.33037608806864915,0.630170703489267
Hi shorud,neither,0.03945320844208391,0.33037608806864915,0.630170703489267
pughero,neither,0.03945320844208391,0.33037608806864915,0.630170703489267
sup cab,neither,0.03945320844208391,0.33037608806864915,0.630170703489267
wait sachmoose is actually here during a stream for once??,neither,0.07040174501810756,0.2835561256790261,0.6460421293028664
wixMini wixMini wixMini,neither,0.03945320844208391,0.33037608806864915,0.630170703489267
@shroud heeloo!!,neither,0.03945320844208391,0.33037608806864915,0.630170703489267
Hi Shroud shroudH,neither,0.03945320844208391,0.33037608806864915,0.630170703489267
5 viewers,neither,0.03945320844208391,0.33037608806864915,0.630170703489267
!trade,neither,0.03945320844208391,0.33037608806864915,0.630170703489267
@puddinitin send trade offers to him here: http://steamcommunity.com/tradeoffer/new/?partner=4515926&token=vFY2imwk,neither,0.06428716009250758,0.213167701631012,0.7225451382764804
LUL,neither,0.03945320844208391,0.33037608806864915,0.630170703489267
yo im early,neither,0.04065197945410094,0.43541094829820515,0.5239370722476937
"SUP SHroud, love you",neither,0.05663022201493451,0.41051737617344874,0.5328524018116166
how's life shroudy,neither,0.03380988763336243,0.42704427260805866,0.539145839758579
an all time low,neither,0.04051966755908998,0.4339876152245854,0.5254927172163246
hi!,neither,0.03945320844208391,0.33037608806864915,0.630170703489267
im going to bed soon GuKilljoy lol,neither,0.0355120399206477,0.4300010468443555,0.5344869132349968
"@Shroud, my body is ready for this stream lessgo",neither,0.031132457405093197,0.3711297893937304,0.5977377532011764
i'm here for the party,neither,0.09092165036032135,0.23391859131652645,0.6751597583231522
Abc,neither,0.03945320844208391,0.33037608806864915,0.630170703489267
Finally I stayed up long enough to see shroud go live PogChamp it's almost 7 am here,neither,0.07091312176039062,0.3361011934558735,0.5929856847837358
hey money hoe @shroud,offensive_language,0.00816600680741391,0.9917095537071791,0.00012443948540688112
hi,neither,0.03945320844208391,0.33037608806864915,0.630170703489267
helo o/,neither,0.03945320844208391,0.33037608806864915,0.630170703489267
You scum,neither,0.0657576921055031,0.40200484595927277,0.5322374619352241
nope,neither,0.03945320844208391,0.33037608806864915,0.630170703489267
Hi,neither,0.03945320844208391,0.33037608806864915,0.630170703489267
greetings,neither,0.03945320844208391,0.33037608806864915,0.630170703489267
FIRST,neither,0.02604892428726219,0.3349864360510187,0.6389646396617191
suh dude,neither,0.03945320844208391,0.33037608806864915,0.630170703489267
YOOOOOO,neither,0.03945320844208391,0.33037608806864915,0.630170703489267
FeelsBadMan,neither,0.03945320844208391,0.33037608806864915,0.630170703489267
@shroud is that Yung Stew I hear !!!!!!,neither,0.04362597366039395,0.37178052791236565,0.5845934984272404
SHROUD,neither,0.03945320844208391,0.33037608806864915,0.630170703489267
steelGrin steelGrin,neither,0.03945320844208391,0.33037608806864915,0.630170703489267
shroood PogChamp,neither,0.03945320844208391,0.33037608806864915,0.630170703489267
Wuddap PogChamp,neither,0.03945320844208391,0.33037608806864915,0.630170703489267
Ayy,neither,0.03945320844208391,0.33037608806864915,0.630170703489267
SUH DOOOOOD,neither,0.03945320844208391,0.33037608806864915,0.630170703489267
hello @shroud,neither,0.03945320844208391,0.33037608806864915,0.630170703489267
8th,neither,0.03945320844208391,0.33037608806864915,0.630170703489267
tatSuh sumSuh,neither,0.03945320844208391,0.33037608806864915,0.630170703489267
SELLOUT,neither,0.03945320844208391,0.33037608806864915,0.630170703489267
shroudie <3,neither,0.03945320844208391,0.33037608806864915,0.630170703489267
@shroud you pussy mangnet you,offensive_language,0.004713522752922468,0.9952864768781986,3.688788890766454e-10
SELLOUT,neither,0.03945320844208391,0.33037608806864915,0.630170703489267
Played twice but yea,neither,0.036224266557775664,0.3425473174233042,0.6212284160189202
it popped up,neither,0.0345900536108761,0.39728643304378325,0.5681235133453407
LOL,neither,0.020706217963973744,0.4882283491876925,0.4910654328483337
l8r,neither,0.03945320844208391,0.33037608806864915,0.630170703489267
tell youthful stewart two thousand to stream,neither,0.04439472254708203,0.3206075313869081,0.6349977460660099
SHROUUUUD BAE,neither,0.03426991802692666,0.4183500537239133,0.5473800282491599
"@shroud, thanks for top d",neither,0.030918259422252407,0.2816319154861628,0.6874498250915848
nice shirt shrodd,neither,0.03945320844208391,0.33037608806864915,0.630170703489267
suhhh dude,neither,0.03945320844208391,0.33037608806864915,0.630170703489267
tatSuh tatSuh,neither,0.03945320844208391,0.33037608806864915,0.630170703489267
Shrowl!!!!!!,neither,0.03945320844208391,0.33037608806864915,0.630170703489267
shrood PogChamp,neither,0.03945320844208391,0.33037608806864915,0.630170703489267
Hey Dad,neither,0.03945320844208391,0.33037608806864915,0.630170703489267
this isnt minecrat,neither,0.03932968176043309,0.33247265823521366,0.6281976600043533
shr00d,neither,0.03945320844208391,0.33037608806864915,0.630170703489267
It played the sound twice @Shroud,neither,0.03737496932356997,0.3160798987400163,0.6465451319364137
shroooood,neither,0.03945320844208391,0.33037608806864915,0.630170703489267
Heeey someone not toxic!,neither,0.03717243549586327,0.33902680749911995,0.6238007570050167
suh,neither,0.03945320844208391,0.33037608806864915,0.630170703489267
@shroud LETS GO,neither,0.039984317429425154,0.35542799280679366,0.6045876897637812
"retr0_gaming, No need to repeat yourself, 15 seconds!",neither,0.043457677903368325,0.3365650039950161,0.6199773181016155
@shroud I LOVE YOU DAD :),neither,0.05985638333058845,0.4244855632108014,0.5156580534586102
SHROUD OR SHROOOD,neither,0.03945320844208391,0.33037608806864915,0.630170703489267
whats up with it looking so weird? loks like hes lagging with 40 ping,neither,0.030940689239055578,0.42644231502107366,0.5426169957398707
Bot Shroud PogChamp,neither,0.03945320844208391,0.33037608806864915,0.630170703489267
@shroud it played twice brah!,neither,0.03822106090265436,0.3307998801083268,0.6309790589890188
!viewmodel,neither,0.03945320844208391,0.33037608806864915,0.630170703489267
"@slawda Shroud's viewmodel settings are: viewmodel_fov ""68"";viewmodel_offset_x ""2.5"";viewmodel_offset_y ""1"";viewmodel_offset_z ""-1.5"";",neither,0.1675493120064283,0.18605165911864094,0.6463990288749307
hey shroud where are you living,neither,0.10067192524440345,0.29199744535633254,0.607330629399264
"@Shroud, was good tyrone u pretty mutha fucka",neither,0.038963815859406385,0.33183220382266915,0.6292039803179243
i can only stand dazed for a little bit,neither,0.034068519893104894,0.30396013795010873,0.6619713421567863
hi man,neither,0.03966508708825639,0.4191481924801724,0.5411867204315711
SSSsss,neither,0.03945320844208391,0.33037608806864915,0.630170703489267
Now Playing: Showdown by F.O.O.L - Listen now: http://spoti.fi/1VIgVFe,neither,0.03750729344877145,0.27785758767176905,0.6846351188794595
!uptime,neither,0.03945320844208391,0.33037608806864915,0.630170703489267
!uptime,neither,0.03945320844208391,0.33037608806864915,0.630170703489267
@exxxempt you don't mean dear old dazed do you!?,neither,0.07880476821414904,0.4264877858242512,0.4947074459615998
"@Shroud, where you get that swag at? The swag store? MingLee",neither,0.06088339842622453,0.41512481955901226,0.5239917820147633
its 7am and i think of drinking whisky.. is that weird?,neither,0.03694857071258778,0.32367937714533257,0.6393720521420796
!uptime,neither,0.03945320844208391,0.33037608806864915,0.630170703489267
400 viewers FOR SHROUD?!?!,neither,0.034419532190562624,0.30522846741096477,0.6603520003984725
!uptime,neither,0.03945320844208391,0.33037608806864915,0.630170703489267
@mrcuddles96 Channel shroud has been live for 03m and 48s,neither,0.037527441653855145,0.2724964938497483,0.6899760644963965
J d,neither,0.03945320844208391,0.33037608806864915,0.630170703489267
nah @aNyboi dats good,neither,0.03873578623026122,0.33062284246512275,0.630641371304616
I definetly do mean him,neither,0.0411965930228378,0.3328624884501913,0.6259409185269709
Gl at IBuyPower Hope you take the W @shroud,neither,0.1366226085587464,0.2366880831296653,0.6266893083115882
3m,neither,0.03945320844208391,0.33037608806864915,0.630170703489267
@aNyboi it would be wierd if you werent,neither,0.03382274827689592,0.4071883620655791,0.5589888896575249
Oh,neither,0.051363287716059566,0.22255663153133606,0.7260800807526044
IM HERE DADDY,neither,0.10094497508178103,0.3204195054743337,0.5786355194438852
lol,neither,0.020706217963973744,0.4882283491876925,0.4910654328483337
double sound > no sound at all,neither,0.03945582482617717,0.409894223003396,0.5506499521704268
i love sam.. +dazed +swag -nothing -slemmy,neither,0.03284701223231631,0.4134506328508159,0.5537023549168677
"@Shroud, sounds like the echo from your mic or something..?",neither,0.06977949320596767,0.310740774574856,0.6194797322191764
where's ur m9 mate why always kara? :D,neither,0.0467627162767329,0.35944582745011733,0.5937914562731498
that that is is pristine pristine,neither,0.05154613418987003,0.42924314326430335,0.5192107225458266
"oh shiet whats this, straight into a game ?",neither,0.042985628541966955,0.2550921472138229,0.7019222242442101
Shroud thoughts on upcoming player in premier? @shroud,neither,0.0341380056478096,0.40023347323481884,0.5656285211173715
!uptime,neither,0.03945320844208391,0.33037608806864915,0.630170703489267
@illest_vanilla Channel shroud has been live for 04m and 29s,neither,0.037527441653855145,0.2724964938497483,0.6899760644963965
NA CS,neither,0.03945320844208391,0.33037608806864915,0.630170703489267
that was sick,neither,0.033917018824544266,0.392031617892906,0.5740513632825497
omg sick,neither,0.03945320844208391,0.33037608806864915,0.630170703489267
this should be good,neither,0.05968669086584345,0.40118080967885633,0.5391324994553003
SIIIICCKK,neither,0.03945320844208391,0.33037608806864915,0.630170703489267
whats up with his arm?,neither,0.04567520186725605,0.4143320297709186,0.5399927683618254
<3,neither,0.03945320844208391,0.33037608806864915,0.630170703489267
dazed is already tilted,neither,0.05266850617188878,0.3561530848909427,0.5911784089371684
YUP,neither,0.03945320844208391,0.33037608806864915,0.630170703489267
SICK GOES TO SHIT LOL,offensive_language,0.04290571166122133,0.9562558484428416,0.0008384398959369321
Um sick,neither,0.03945320844208391,0.33037608806864915,0.630170703489267
woah,neither,0.03945320844208391,0.33037608806864915,0.630170703489267
PRISTINE,neither,0.03945320844208391,0.33037608806864915,0.630170703489267
WutFace,neither,0.03945320844208391,0.33037608806864915,0.630170703489267
Echo,neither,0.03945320844208391,0.33037608806864915,0.630170703489267
Shroud how u dink everytim,neither,0.03945320844208391,0.33037608806864915,0.630170703489267
!uptime,neither,0.03945320844208391,0.33037608806864915,0.630170703489267
@itsjustaprankchill Channel shroud has been live for 04m and 50s,neither,0.03779113064157903,0.28212066614672776,0.6800882032116932
I am from EU and I have better aim in 1 day,neither,0.039426539883998725,0.2791147586689601,0.6814587014470412
HELLO GOD,neither,0.03945320844208391,0.33037608806864915,0.630170703489267
TK LUL,neither,0.03945320844208391,0.33037608806864915,0.630170703489267
YO SIICK HOW ARE YOU PRO AGAIN? jk,neither,0.07785904304442944,0.4181644264080396,0.5039765305475311
Hi you fucker!,neither,0.0585829266102606,0.38379290053080894,0.5576241728589305
its like evil transformer man,neither,0.042538596798788325,0.3999351954400758,0.5575262077611358
Desi TK LUL,neither,0.03945320844208391,0.33037608806864915,0.630170703489267
yeah its like half a millisecond between each,neither,0.028141643534811987,0.43582477488101956,0.5360335815841686
w0w sick is pristine!,neither,0.053969607134207245,0.32538323290021937,0.6206471599655734
MrDestructoid That is pristine MrDestructoid,neither,0.05154613418987003,0.42924314326430335,0.5192107225458266
TOXIC DESI,neither,0.03945320844208391,0.33037608806864915,0.630170703489267
ELIGE?,neither,0.03945320844208391,0.33037608806864915,0.630170703489267
@shroud its not playing twice its echoing,neither,0.02945822471595567,0.33742492362474985,0.6331168516592945
MrDestructoid MrDestructoid,neither,0.03945320844208391,0.33037608806864915,0.630170703489267
what im not a dog,neither,0.04328724501245202,0.3713040900477527,0.5854086649397953
it plays for u and plays for the stream,neither,0.03151723751561556,0.2695761210574572,0.6989066414269272
wow.. after that showing. I should be in Rank S too... lol Kappa,neither,0.038986008154069246,0.415813590849577,0.5452004009963537
gl at IBP cup Hope you take the W @shroud,neither,0.10196160978528271,0.26166599393312956,0.6363723962815877
Echoing,neither,0.03945320844208391,0.33037608806864915,0.630170703489267
!res,neither,0.03945320844208391,0.33037608806864915,0.630170703489267
@ichuwy I think he still plays at 1920x1080,neither,0.04373841840109412,0.35887480432256413,0.5973867772763418
"@Shroud, it plays it twice almost at the same time. One of them is a tiny bit after the other.",neither,0.04693172608887316,0.3505040789344655,0.6025641949766612
THAT THAT IS IS PRISTINE PRISTINE,neither,0.05154613418987003,0.42924314326430335,0.5192107225458266
lol,neither,0.020706217963973744,0.4882283491876925,0.4910654328483337
Shroud how do i instadink target in the csgo game made by valve,neither,0.040008930324781256,0.31871306839445274,0.6412780012807661
!uptime,neither,0.03945320844208391,0.33037608806864915,0.630170703489267
WutFace,neither,0.03945320844208391,0.33037608806864915,0.630170703489267
pristinetinetinetine,neither,0.03945320844208391,0.33037608806864915,0.630170703489267
!uptime,neither,0.03945320844208391,0.33037608806864915,0.630170703489267
its just echoing,neither,0.023043452946787498,0.3722534179844616,0.604703129068751
"its prolly playing twice cause you have the ""capture window"" open and have it set up for CLR browser at the same time. maybe, its one of the ways",neither,0.0328538159436587,0.3707268873382693,0.5964192967180719
it's like an echo,neither,0.04924501171507386,0.34166404101896936,0.6090909472659569
Playing it twice as in it sounds echo-y. Not two separate times.,neither,0.03652840013832684,0.3463362215493233,0.6171353783123499
T THAT I IS PRI PRISTINE,neither,0.05154613418987003,0.42924314326430335,0.5192107225458266
so is cloud 9 in the eleague finals? @shroud,neither,0.045271810777076045,0.35062338740363624,0.6041048018192877
do you have 2 windows up @shroud ?,neither,0.055322430613862,0.4539269764566377,0.4907505929295003
dazed is being a massive c**t,neither,0.042369841490329324,0.357744464792226,0.5998856937174447
Sup shrud,neither,0.03945320844208391,0.33037608806864915,0.630170703489267
sellout in bracs stream FailFish,neither,0.03945320844208391,0.33037608806864915,0.630170703489267
i dont hear a echo,neither,0.03945320844208391,0.33037608806864915,0.630170703489267
its just got a stutter guys leave it alone,neither,0.028853404133472593,0.39171544243448014,0.5794311534320472
that that is is pristine pristine,neither,0.05154613418987003,0.42924314326430335,0.5192107225458266
"@INSTRUCTORxZERO, how",neither,0.03945320844208391,0.33037608806864915,0.630170703489267
"@shroud it's sounds like ""tha that I is pris pristine",neither,0.0534178545127818,0.38544120842984014,0.5611409370573781
No echo,neither,0.03852177801590115,0.3461848932406789,0.6152933287434199
It's echo'in,neither,0.03789117217535388,0.33091334396889177,0.6311954838557543
WORDS IS HARD,offensive_language,0.03812165384762815,0.5660394059797986,0.3958389401725732
!res,neither,0.03945320844208391,0.33037608806864915,0.630170703489267
@limitmn I think he still plays at 1920x1080,neither,0.04373841840109412,0.35887480432256413,0.5973867772763418
SHROOD DADDY,neither,0.03945320844208391,0.33037608806864915,0.630170703489267
!uptime,neither,0.03945320844208391,0.33037608806864915,0.630170703489267
6 minutes,neither,0.03945320844208391,0.33037608806864915,0.630170703489267
there isnt an echo @shroud,neither,0.03963309739316446,0.29148709019207875,0.6688798124147568
duck my faddy,neither,0.02484982403832861,0.44861212744889617,0.5265380485127752
!res,neither,0.03945320844208391,0.33037608806864915,0.630170703489267
ECHOO,neither,0.03945320844208391,0.33037608806864915,0.630170703489267
pristine WutFace,neither,0.03945320844208391,0.33037608806864915,0.630170703489267
@spoderman777 being a bitch to donators last game is,offensive_language,0.008438993195014639,0.9915559276551059,5.079149879487207e-06
Shroud and Dazed on one team Kreygasm,neither,0.03377385050597048,0.33601583892434095,0.6302103105696886
@shroud just leave it for now. We'll bear with it,neither,0.02355425572387476,0.3526130429076235,0.6238327013685018
Lol why tf are you guys saying it isn't echoing....?,neither,0.04338725864520711,0.39924858714304506,0.5573641542117479
its playing twice not echoing,neither,0.03229105151553888,0.33736845337145677,0.6303404951130045
E C H O,neither,0.03945320844208391,0.33037608806864915,0.630170703489267
no echo????????,neither,0.03852177801590115,0.3461848932406789,0.6152933287434199
pristinetine,neither,0.03945320844208391,0.33037608806864915,0.630170703489267
phantomPalm phantomPalm phantomPalm,neither,0.03945320844208391,0.33037608806864915,0.630170703489267
@shroud get a tan,neither,0.038782096761223635,0.34176660475476794,0.6194512984840085
That's called an E C H O,neither,0.03432481582577029,0.38365934700219634,0.5820158371720334
killjoy lol,neither,0.020706217963973744,0.4882283491876925,0.4910654328483337
!sens,neither,0.03945320844208391,0.33037608806864915,0.630170703489267
@reidws DPI: 400 - Ingame : 2.0 - Windows: 6/11 - Raw-Input: On - 1000 Hz Polling Rate,neither,0.03781786467716525,0.33814216926935486,0.6240399660534798
Kappa,neither,0.03945320844208391,0.33037608806864915,0.630170703489267
are you feeling better today,neither,0.09290402420035863,0.2981759626320037,0.6089200131676377
"@shroud, love me like you do",offensive_language,0.06946661539943141,0.5228538069106569,0.40767957768991175
shroud going to echofox confirmed xd,neither,0.0448914964848536,0.3559399129320451,0.5991685905831013
"@INSTRUCTORxZERO, dazed is just always a meanie pants",neither,0.04035224783903842,0.39038051640530236,0.5692672357556591
"yeah, its not a bad thing.",neither,0.01707534028173234,0.4485874779404998,0.5343371817777679
@shroud <3333333333,neither,0.03945320844208391,0.33037608806864915,0.630170703489267
theres no 2 sounds FailFish,neither,0.038592014217558965,0.344992801596666,0.616415184185775
This new html5 player Kreygasm So smooth,neither,0.037453288430615385,0.3774384274060015,0.5851082841633831
I dont hear shit,offensive_language,0.04305975560636583,0.9567311036241198,0.00020914076951427196
phantomRip phantomRip phantomRip,neither,0.03945320844208391,0.33037608806864915,0.630170703489267
stay hydrated shrout Kappa,neither,0.03945320844208391,0.33037608806864915,0.630170703489267
"@Sacrebleu97, get your ears checked",neither,0.06727253281105162,0.3304493889334819,0.6022780782554663
do you have 2 sub alert windows open? @shroud,neither,0.05130641008556133,0.3682401604874686,0.5804534294269701
everyone sub to test it shroudW,neither,0.038203493081430125,0.41780763148790573,0.5439888754306641
fuck ur soundddddd,offensive_language,0.37775210184610064,0.622246144107349,1.7540465503071269e-06
!crosshair,neither,0.03945320844208391,0.33037608806864915,0.630170703489267
"@jaxz_tv His crosshair: cl_crosshair_drawoutline ""1"";cl_crosshair_outlinethickness ""1"";cl_crosshairalpha ""255"";cl_crosshaircolor ""5"";cl_crosshaircolor_b ""250"";cl_crosshaircolor_g ""200"";cl_crosshaircolor_r ""120"";cl_crosshairdot ""0"";cl_crosshairgap ""-1"";cl_crosshairgap_useweaponvalue ""0"";cl_crosshairsize ""5"";cl_crosshairstyle ""4"";cl_crosshairthickness ""1.5",neither,0.05825945203542967,0.33206364960896706,0.6096768983556032
KappaPride,neither,0.03945320844208391,0.33037608806864915,0.630170703489267
"@Shroud, it's echoing, but it's not that bad.. just leave it til halftime",neither,0.02779819734611547,0.38059600083971845,0.5916058018141661
you sound fine who cares,neither,0.056609003887444165,0.445998289201551,0.49739270691100496
fuck ya suh dude @shroud,offensive_language,0.08948756533911785,0.9104991376862476,1.3296974634594479e-05
"shroudW shroudMilk throw milk at sound, maybe fix",neither,0.03887881067782325,0.3478793818881486,0.613241807434028
how can i get that white screen like you?,hate_speech,0.5665643992297181,0.4126386832192205,0.020796917551061254
what's up with shrouds wrist?,neither,0.030260947181747242,0.420813138209338,0.5489259146089148
"Hey @Shroud, you getting global soon? :D",neither,0.04854217841436811,0.42830817777129954,0.5231496438143324
shroudW shroudMilk,neither,0.03945320844208391,0.33037608806864915,0.630170703489267
Russian sound hacks,neither,0.03945320844208391,0.33037608806864915,0.630170703489267
"Shroud wants everyone to sub to test his ""broken"" sound.... What a genius plan",neither,0.06051151930468071,0.3794527893109241,0.5600356913843951
you have 1 open and one in obs @Shroud,neither,0.05608488465155453,0.3817603785544595,0.5621547367939859
shroudW shroudMilk,neither,0.03945320844208391,0.33037608806864915,0.630170703489267
can you enable html5 beta while bttv is on?,neither,0.06141283141482535,0.37934685850961253,0.5592403100755622
you have 1 open and one in obs @Shroud *,neither,0.05608488465155453,0.3817603785544595,0.5621547367939859
@shroud just play the game and FOCUS,neither,0.03376327156172677,0.26521024169633783,0.7010264867419355
@shroud jacking off too much?,neither,0.03560096271712355,0.33567927352995597,0.6287197637529205
!config,neither,0.03945320844208391,0.33037608806864915,0.630170703489267
@puddinitin His config can be found on his ESEA page here: http://play.esea.net/users/248592 OR in the FAQ section down below!,neither,0.0839337416261435,0.2602498405772156,0.6558164177966408
@shroud obs studio already plays the sound so the seperate window isnt really needed,neither,0.03798924691959174,0.34450793103332467,0.6175028220470837
vintage shroud; size 3?,neither,0.03945320844208391,0.33037608806864915,0.630170703489267
!crosshair,neither,0.03945320844208391,0.33037608806864915,0.630170703489267
"@shroud hey ,am",neither,0.0391684446324839,0.3304740314007866,0.6303575239667294
!crosshair,neither,0.03945320844208391,0.33037608806864915,0.630170703489267
Yooo,neither,0.03945320844208391,0.33037608806864915,0.630170703489267
how can i get that white screen like u?,hate_speech,0.5478309046860999,0.4182893063458454,0.03387978896805481
man,offensive_language,0.040018442559345856,0.5018538837344726,0.4581276737061815
idk i prefer yolo pugging with justin and such:/,neither,0.031744756593686134,0.32529572227975073,0.6429595211265631
!uptime,neither,0.03945320844208391,0.33037608806864915,0.630170703489267
@excalcsgo Channel shroud has been live for 08m and 04s,neither,0.037527441653855145,0.2724964938497483,0.6899760644963965
@shroud how much digital vibrance are u using ?,neither,0.051488155659595976,0.34978645402235575,0.5987253903180482
!res,neither,0.03945320844208391,0.33037608806864915,0.630170703489267
@shroud ask freak he use this program to,neither,0.022006912031326934,0.40181930964684165,0.5761737783218314
shroudC9,neither,0.03945320844208391,0.33037608806864915,0.630170703489267
!uptime,neither,0.03945320844208391,0.33037608806864915,0.630170703489267
@olklh Channel shroud has been live for 08m and 23s,neither,0.037527441653855145,0.2724964938497483,0.6899760644963965
!trade,neither,0.03945320844208391,0.33037608806864915,0.630170703489267
"krazcs, nice virus NotLikeThis 20 seconds!",neither,0.03945320844208391,0.33037608806864915,0.630170703489267
you have 1 open and one in obs @Shroud close the program and only use obs,neither,0.023200610557283594,0.38374249539912,0.5930568940435965
Now Playing: Mysterious Stranger by Tut Tut Child - Listen now: http://spoti.fi/1ygwV1l,neither,0.037803981662700006,0.28609938130253126,0.6760966370347687
PogChamp,neither,0.03945320844208391,0.33037608806864915,0.630170703489267
HIS INSANE,neither,0.07433049569008346,0.33199113295066474,0.5936783713592517
is cloud 9 in eleague finals? @shroud,neither,0.04661436886707228,0.32791303661916954,0.625472594513758
I feel bad that Dazed is in shrouds team,neither,0.03968209623354487,0.3736366365080233,0.5866812672584318
!uptime,neither,0.03945320844208391,0.33037608806864915,0.630170703489267
@mak123334 Channel shroud has been live for 08m and 45s,neither,0.037527441653855145,0.2724964938497483,0.6899760644963965
"@Shroud, it's echoing, but lt's not that bad.. just leave it til halftime",neither,0.028366688106615915,0.3809009512859719,0.5907323606074123
!viewmodel,neither,0.03945320844208391,0.33037608806864915,0.630170703489267
WELL LOOK WHO IT IS,neither,0.05158611809206651,0.40889336724510084,0.5395205146628327
what is your crosshair man????,neither,0.1504108486693928,0.39020731677207043,0.45938183455853665
shroudInsane shroudInsane shroudInsane,neither,0.03945320844208391,0.33037608806864915,0.630170703489267
jasonR,neither,0.03945320844208391,0.33037608806864915,0.630170703489267
if you have it running through your OBS you dont need a window open @shroud,neither,0.06625065172161154,0.4407814977763253,0.4929678505020632
lol,neither,0.020706217963973744,0.4882283491876925,0.4910654328483337
BabyRage123 is a cuck,neither,0.081172750358939,0.3160268245287109,0.60280042511235
@shroud pls tell me current digital vibrance?,neither,0.03420564396467227,0.3582711872743276,0.6075231687610001
!sens,neither,0.03945320844208391,0.33037608806864915,0.630170703489267
@bakingjt DPI: 400 - Ingame : 2.0 - Windows: 6/11 - Raw-Input: On - 1000 Hz Polling Rate,neither,0.03781786467716525,0.33814216926935486,0.6240399660534798
What crosshair does shroud use?,offensive_language,0.007620524949592635,0.5371342177875098,0.4552452572628975
!crosshair,neither,0.03945320844208391,0.33037608806864915,0.630170703489267
@shroud pusc,neither,0.03945320844208391,0.33037608806864915,0.630170703489267
you have 1 open and one in obs @Shroud close the program and only use obs,neither,0.023200610557283594,0.38374249539912,0.5930568940435965
@shroud are csgo skins gonna fall in value when valve steps in?,neither,0.044916334396436476,0.3588023808804963,0.5962812847230673
how do I practice my pistol aim?,neither,0.03220779241608342,0.390681036159735,0.5771111714241817
!viewmodel,neither,0.03945320844208391,0.33037608806864915,0.630170703489267
dm open,neither,0.03945320844208391,0.33037608806864915,0.630170703489267
!res,neither,0.03945320844208391,0.33037608806864915,0.630170703489267
@bakingjt I think he still plays at 1920x1080,neither,0.04373841840109412,0.35887480432256413,0.5973867772763418
!profile,neither,0.03945320844208391,0.33037608806864915,0.630170703489267
@DOMIN8OR_PLAYS_CSGO aim at heads,neither,0.038688778466377784,0.3536448397216235,0.6076663818119986
!crossair,neither,0.03945320844208391,0.33037608806864915,0.630170703489267
"viewmodel_fov ""68""viewmodel_offset_x ""2.5"" viewmodel_offset_y ""1"" viewmodel_offset_z ""-1.5""",neither,0.03945320844208391,0.33037608806864915,0.630170703489267
!crosshair bluesoap123,neither,0.03945320844208391,0.33037608806864915,0.630170703489267
DOMIN8OR_PLAYS_CSGO Aim to the head then shoot,neither,0.06146103934876627,0.28142857026468854,0.6571103903865452
"@bluesoap123 His crosshair: cl_crosshair_drawoutline ""1"";cl_crosshair_outlinethickness ""1"";cl_crosshairalpha ""255"";cl_crosshaircolor ""5"";cl_crosshaircolor_b ""250"";cl_crosshaircolor_g ""200"";cl_crosshaircolor_r ""120"";cl_crosshairdot ""0"";cl_crosshairgap ""-1"";cl_crosshairgap_useweaponvalue ""0"";cl_crosshairsize ""5"";cl_crosshairstyle ""4"";cl_crosshairthickness ""1.5",neither,0.05825945203542967,0.33206364960896706,0.6096768983556032
@DOMIN8OR_PLAYS_CSGO try dm or 1v1,neither,0.03945320844208391,0.33037608806864915,0.630170703489267
!viewmodel,neither,0.03945320844208391,0.33037608806864915,0.630170703489267
hi papa shroud <3,neither,0.03945320844208391,0.33037608806864915,0.630170703489267
!,neither,0.03945320844208391,0.33037608806864915,0.630170703489267
!viewmodel,neither,0.03945320844208391,0.33037608806864915,0.630170703489267
"@parinfinity Shroud's viewmodel settings are: viewmodel_fov ""68"";viewmodel_offset_x ""2.5"";viewmodel_offset_y ""1"";viewmodel_offset_z ""-1.5"";",neither,0.1675493120064283,0.18605165911864094,0.6463990288749307
Play lefty for a round...,neither,0.03243173931087362,0.2953393476353411,0.6722289130537853
!uptime,neither,0.03945320844208391,0.33037608806864915,0.630170703489267
"@shroud i an stand up in Russia at 8 AM to watch your stream,i`am hate you",neither,0.20217606018324397,0.3284679337774227,0.4693560060393333
4:3 STRETCHED LUL,neither,0.03945320844208391,0.33037608806864915,0.630170703489267
The lesbian dazed,neither,0.03826739049100925,0.3084973326782542,0.6532352768307366
you have 1 open and one in obs @Shroud close the program and only use obs,neither,0.023200610557283594,0.38374249539912,0.5930568940435965
»» Get 10% off an awesome Lootcrate at http://c9.gg/lootcratebot! ««,neither,0.035854241356283546,0.2575495405642879,0.7065962180794285
