text,top_class,hate_speech,offensive_language,neither
oh suh dude,neither,0.047406233716306354,0.2560903733797563,0.6965033929039374
haha,neither,0.03186685585600258,0.45913629025701075,0.5089968538869867
gta??,neither,0.03945320844208391,0.33037608806864915,0.630170703489267
hellooo,neither,0.03945320844208391,0.33037608806864915,0.630170703489267
Mike,neither,0.03945320844208391,0.33037608806864915,0.630170703489267
Lord shrood?!,neither,0.03945320844208391,0.33037608806864915,0.630170703489267
PogChamp,neither,0.03945320844208391,0.33037608806864915,0.630170703489267
:O He is actually gone live! I was just here :P,neither,0.10103421087108916,0.3093487966670068,0.589616992461904
no idea @DeceitWithin,neither,0.03828698463382248,0.35016994969645254,0.6115430656697249
It's 10 AM,neither,0.037285444341646476,0.3311216815469185,0.6315928741114349
i love you mike ♡♡,neither,0.057427153841460604,0.4139984858533003,0.5285743603052391
PogChamp Shroud say hi to me,neither,0.03770257342855909,0.37332373144769765,0.5889736951237433
you fuckin pleb,offensive_language,0.13793245519243202,0.8620502787805636,1.7266027004263877e-05
SHROOOOOOOOD,neither,0.03945320844208391,0.33037608806864915,0.630170703489267
SHROUD ILY,neither,0.03945320844208391,0.33037608806864915,0.630170703489267
Hey,neither,0.03945320844208391,0.33037608806864915,0.630170703489267
shroud can I get a hello?,neither,0.03913894479347027,0.33570996234838985,0.6251510928581399
"@shroud, SAH DUDE VapeNationm",neither,0.03945320844208391,0.33037608806864915,0.630170703489267
Dad,neither,0.03945320844208391,0.33037608806864915,0.630170703489267
SHRROD?,neither,0.03945320844208391,0.33037608806864915,0.630170703489267
wtf,offensive_language,0.04410695246022759,0.7898861884776351,0.16600685906213722
"You're a real lifer now fucko, don't give me that bullshit that 10 am is early",offensive_language,0.05988834450449047,0.6069541052700688,0.3331575502254407
DAD,neither,0.03945320844208391,0.33037608806864915,0.630170703489267
Lmao,neither,0.03705015143476208,0.3711622369619404,0.5917876116032975
SHROUD WHAT,neither,0.057770773616808734,0.3180719994247239,0.6241572269584672
SHROOOOD,neither,0.03945320844208391,0.33037608806864915,0.630170703489267
shroud yay,neither,0.03945320844208391,0.33037608806864915,0.630170703489267
FIRST,neither,0.02604892428726219,0.3349864360510187,0.6389646396617191
SHORUDD,neither,0.03945320844208391,0.33037608806864915,0.630170703489267
Shroud I like your haircut :D,neither,0.10916383938318791,0.3352481175844782,0.5555880430323338
HI DAD,neither,0.03945320844208391,0.33037608806864915,0.630170703489267
OVERLAY BROKEN,neither,0.03945320844208391,0.33037608806864915,0.630170703489267
Offline?,neither,0.03945320844208391,0.33037608806864915,0.630170703489267
wtf,offensive_language,0.04410695246022759,0.7898861884776351,0.16600685906213722
OVERLAY BROKEN,neither,0.03945320844208391,0.33037608806864915,0.630170703489267
OVERLAY BROKEN,neither,0.03945320844208391,0.33037608806864915,0.630170703489267
OVERLAY BROKEN,neither,0.03945320844208391,0.33037608806864915,0.630170703489267
hello,neither,0.03945320844208391,0.33037608806864915,0.630170703489267
OVERLAY BROKEN,neither,0.03945320844208391,0.33037608806864915,0.630170703489267
OVERLAY BROKEN,neither,0.03945320844208391,0.33037608806864915,0.630170703489267
overlay?,neither,0.03945320844208391,0.33037608806864915,0.630170703489267
@shroud do you sign profiles?,neither,0.05667831915264819,0.3734786788058431,0.5698430020415085
nice haircut,neither,0.03945320844208391,0.33037608806864915,0.630170703489267
DansGame,neither,0.03945320844208391,0.33037608806864915,0.630170703489267
Suh dude,neither,0.03945320844208391,0.33037608806864915,0.630170703489267
!crosshair,neither,0.03945320844208391,0.33037608806864915,0.630170703489267
"@rusx3 His crosshair: cl_crosshairstyle 5, cl_crosshairsize 3.5, cl_crosshairgap -2, cl_crosshairthickness 1.5, cl_crosshair_drawoutline 1, cl_crosshair_sniper_width 2",neither,0.14069094616772104,0.3246784056473605,0.5346306481849185
HEY SHROUD :),neither,0.03945320844208391,0.33037608806864915,0.630170703489267
"Lol, Yo Shroud :p Just taking about Pokemon go here",neither,0.05795507331085283,0.4376621863230627,0.5043827403660845
dat overlay LUL,neither,0.03945320844208391,0.33037608806864915,0.630170703489267
HELLO,neither,0.03945320844208391,0.33037608806864915,0.630170703489267
damn you look so cute,offensive_language,0.06722593752671427,0.8846040745382912,0.04816998793499448
hello,neither,0.03945320844208391,0.33037608806864915,0.630170703489267
WutFace what was that overlay,neither,0.041736715604486524,0.40105550120025046,0.557207783195263
PAPI SHROOD,neither,0.03945320844208391,0.33037608806864915,0.630170703489267
Hello @shroud,neither,0.03945320844208391,0.33037608806864915,0.630170703489267
OVERLAY DOESNT WORK LOL,neither,0.03092786295322606,0.39281439375216165,0.5762577432946123
I LIKE MEN,neither,0.05995646264687132,0.35818453971634906,0.5818589976367795
WASSUP,neither,0.33529425248498695,0.08556156890646638,0.5791441786085466
"The clouds didn't load, Ramhh",neither,0.027226277888584186,0.3521473116809428,0.6206264104304728
hey shrood,neither,0.03945320844208391,0.33037608806864915,0.630170703489267
Justin Bieber ?,neither,0.03945320844208391,0.33037608806864915,0.630170703489267
hey babe,neither,0.03945320844208391,0.33037608806864915,0.630170703489267
Shrood!,neither,0.03945320844208391,0.33037608806864915,0.630170703489267
Rdy whatever,neither,0.03945320844208391,0.33037608806864915,0.630170703489267
S1MPLE TO NA'VIIIIIIIIIIIIIIIII,neither,0.04973080719167582,0.324462767483272,0.625806425325052
:O,neither,0.03945320844208391,0.33037608806864915,0.630170703489267
hiiiiiii,neither,0.03945320844208391,0.33037608806864915,0.630170703489267
"A stream not at 2am, this is weird",neither,0.04359547988466736,0.35080476121580795,0.6055997588995248
shroood,neither,0.03945320844208391,0.33037608806864915,0.630170703489267
1ST?,neither,0.03945320844208391,0.33037608806864915,0.630170703489267
shrowdy,neither,0.03945320844208391,0.33037608806864915,0.630170703489267
Impressed with your consistency!,neither,0.051047457102050824,0.3556423913423387,0.5933101515556105
so early Pogchamp,neither,0.042044420556601424,0.36306019752883945,0.5948953819145592
how are you on this fine day shroud? :),neither,0.09217876141538653,0.32745826371430675,0.5803629748703067
@shroud finaly im from eu and i can watch you woo,neither,0.059307373785314886,0.3381315474376806,0.6025610787770045
PogChamp,neither,0.03945320844208391,0.33037608806864915,0.630170703489267
lol,neither,0.020706217963973744,0.4882283491876925,0.4910654328483337
DAD,neither,0.03945320844208391,0.33037608806864915,0.630170703489267
shroud,neither,0.03945320844208391,0.33037608806864915,0.630170703489267
Fresh trim?,neither,0.03945320844208391,0.33037608806864915,0.630170703489267
fuck shroud is ignoring me,offensive_language,0.16101092881737036,0.838540192618011,0.0004488785646184812
HAI,neither,0.03945320844208391,0.33037608806864915,0.630170703489267
is it live?,neither,0.05968954295342926,0.3234158846808855,0.6168945723656852
Early stream,neither,0.04105563611597919,0.30317870843966455,0.6557656554443562
Boi,neither,0.03945320844208391,0.33037608806864915,0.630170703489267
LUL,neither,0.03945320844208391,0.33037608806864915,0.630170703489267
Ya didn't sign profiles :(,offensive_language,0.01950727408132734,0.5576658189102554,0.42282690700841735
HAIRCUT Kreygasm,neither,0.03945320844208391,0.33037608806864915,0.630170703489267
Shroud what's good my man?,offensive_language,0.029744764574630406,0.5330877710660261,0.43716746435934345
BYEEE,neither,0.03945320844208391,0.33037608806864915,0.630170703489267
I love shruud,neither,0.03217296676969875,0.3657703709031763,0.602056662327125
hiiiiiiiiiiiiiiii,neither,0.03945320844208391,0.33037608806864915,0.630170703489267
hai,neither,0.03945320844208391,0.33037608806864915,0.630170703489267
SHROUD,neither,0.03945320844208391,0.33037608806864915,0.630170703489267
Why are you on CS,neither,0.06470205157819628,0.36179605345188515,0.5735018949699185
hi,neither,0.03945320844208391,0.33037608806864915,0.630170703489267
Wtf,offensive_language,0.04410695246022759,0.7898861884776351,0.16600685906213722
EU FRIENDLY PogChamp,neither,0.03945320844208391,0.33037608806864915,0.630170703489267
shrooood,neither,0.03945320844208391,0.33037608806864915,0.630170703489267
HeyGuys,neither,0.03945320844208391,0.33037608806864915,0.630170703489267
Shroud <3,neither,0.03945320844208391,0.33037608806864915,0.630170703489267
TRADE OFFERS!!!!! SHROUUUD,neither,0.03945320844208391,0.33037608806864915,0.630170703489267
"shroud, my donation is still marked as open in paypal for almost 20 hours now :/",neither,0.030763051526394965,0.3948030270510918,0.5744339214225131
hello shrooud,neither,0.03945320844208391,0.33037608806864915,0.630170703489267
hey,neither,0.03945320844208391,0.33037608806864915,0.630170703489267
hiii,neither,0.03945320844208391,0.33037608806864915,0.630170703489267
shroud live at noon,neither,0.04306955963350959,0.35213853703719206,0.6047919033292982
I love youuu,neither,0.036234544398670354,0.3454103886020359,0.6183550669992937
Hi @shroud,neither,0.03945320844208391,0.33037608806864915,0.630170703489267
Dad?,neither,0.03945320844208391,0.33037608806864915,0.630170703489267
!song,neither,0.038601720699969956,0.3448280572582511,0.616570222041779
"Now Playing: Follow You (Rootkit Remix) [feat. Danyka Nadeau] by Au5, Danyka Nadeau - Listen now: http://spoti.fi/1IKEcik",neither,0.045786163743062436,0.30928533827463034,0.6449284979823071
<3,neither,0.03945320844208391,0.33037608806864915,0.630170703489267
<3,neither,0.03945320844208391,0.33037608806864915,0.630170703489267
Goodmorning,neither,0.03945320844208391,0.33037608806864915,0.630170703489267
fuck me dad,offensive_language,0.144887188903593,0.8550679108923018,4.4900204105150194e-05
ALEX IS A STUPID triHard,neither,0.20741485859138764,0.17281054932142803,0.6197745920871843
whats inside you dhorud,neither,0.047485026556495995,0.1590117281133463,0.7935032453301577
Suhh Dude,neither,0.03945320844208391,0.33037608806864915,0.630170703489267
navi shroud + navi s1mple Kreygasm,neither,0.03945320844208391,0.33037608806864915,0.630170703489267
I was told this'd be a GTA stream,neither,0.03963867912354774,0.336229443670611,0.6241318772058414
do u like ramen?????!?? @shroud,neither,0.07439462603106904,0.36604947019010897,0.5595559037788219
!resd,neither,0.03945320844208391,0.33037608806864915,0.630170703489267
Hey,neither,0.03945320844208391,0.33037608806864915,0.630170703489267
if you need a professional 4th for the 10mil challenge im here shroud Kappa,neither,0.051231774849095385,0.3547312795470449,0.5940369456038597
PAPA,neither,0.03945320844208391,0.33037608806864915,0.630170703489267
when did u start cs,neither,0.030861111882599726,0.3735765334628682,0.5955623546545321
SHROUD,neither,0.03945320844208391,0.33037608806864915,0.630170703489267
sup shroodie,neither,0.03945320844208391,0.33037608806864915,0.630170703489267
lol,neither,0.020706217963973744,0.4882283491876925,0.4910654328483337
Bye shroud I see ending stream,neither,0.03945320844208391,0.33037608806864915,0.630170703489267
suh doods,neither,0.03945320844208391,0.33037608806864915,0.630170703489267
"@Shroud, holy early stream LOL",neither,0.0341276553187793,0.35521634741168406,0.6106559972695367
shroudyyy,neither,0.03945320844208391,0.33037608806864915,0.630170703489267
says it's offline,neither,0.03705275132076009,0.33120171534708004,0.6317455333321599
navi shroud inc !!!!,neither,0.03945320844208391,0.33037608806864915,0.630170703489267
Sup boiis,neither,0.03945320844208391,0.33037608806864915,0.630170703489267
Nice haircut man!,neither,0.03959104598791707,0.3961901992931526,0.5642187547189302
Shroud! <3,neither,0.03945320844208391,0.33037608806864915,0.630170703489267
!res,neither,0.03945320844208391,0.33037608806864915,0.630170703489267
@stealthyeetz He plays at 1920x1080,neither,0.0452480919340949,0.3577890385339979,0.5969628695319072
DO YOU SIGN PROFILES?,neither,0.05667831915264819,0.3734786788058431,0.5698430020415085
HeyGuys,neither,0.03945320844208391,0.33037608806864915,0.630170703489267
What team you in on Pokemon go? @shroud,neither,0.05880249980220987,0.3862074588850293,0.5549900413127609
HI,neither,0.03945320844208391,0.33037608806864915,0.630170703489267
"Ramhh, Summit prob would veto that since you've done it LUL",neither,0.0294558900310942,0.3664145266283421,0.6041295833405637
hype,neither,0.03945320844208391,0.33037608806864915,0.630170703489267
LUL,neither,0.03945320844208391,0.33037608806864915,0.630170703489267
a wild shroodyboy appears PogChamp,neither,0.03945320844208391,0.33037608806864915,0.630170703489267
he doenst quentink03,neither,0.057568607992634975,0.3241453714706532,0.6182860205367118
"@Shroud, how do you like the videogame counter-strike: global offensive?",neither,0.058027337501821666,0.3576334115306998,0.5843392509674786
did u change room ?,neither,0.03945320844208391,0.33037608806864915,0.630170703489267
is his crosshair command updated?,neither,0.0868684096397203,0.3265047843043191,0.5866268060559605
Love you @shroudyyyyyy,offensive_language,0.079837142191777,0.5038574454704381,0.4163054123377849
Hi,neither,0.03945320844208391,0.33037608806864915,0.630170703489267
anyone know the server? lmk,neither,0.03822160362545021,0.30761964746976805,0.6541587489047818
It's 2 am for me,neither,0.02156646571945086,0.345138578819624,0.6332949554609252
!time,neither,0.036668274527354654,0.377643684699956,0.5856880407726893
lmao,neither,0.03705015143476208,0.3711622369619404,0.5917876116032975
@ObzTicleHD pretty sure he said instinct before,neither,0.036245985607784206,0.4672170483321544,0.4965369660600614
"Shroud, are you okay? Why are you streaming so early? D:",neither,0.11076567793010898,0.3583414192932323,0.5308929027766588
I was going to go workout then shroud went live oh well,neither,0.05140086057507074,0.31526678571620464,0.6333323537087245
damn your on mad early @Shroud whats up,offensive_language,0.06748428881103428,0.7652465119928005,0.16726919919616526
"@Shroud, My G100's broke, any mouse recommendations ?",neither,0.02882711666466047,0.4125705974790989,0.5586022858562406
PogChamp,neither,0.03945320844208391,0.33037608806864915,0.630170703489267
PogChamp,neither,0.03945320844208391,0.33037608806864915,0.630170703489267
VAC,neither,0.03945320844208391,0.33037608806864915,0.630170703489267
vac vac vac,neither,0.03945320844208391,0.33037608806864915,0.630170703489267
god shroud is live,neither,0.05867798374220654,0.3237638062792822,0.6175582099785114
ok,neither,0.03935517884257045,0.3320399062092607,0.6286049149481688
jesus christ,neither,0.03945320844208391,0.33037608806864915,0.630170703489267
@shroud hey dad,neither,0.03945320844208391,0.33037608806864915,0.630170703489267
PogChamp,neither,0.03945320844208391,0.33037608806864915,0.630170703489267
shroud u fool why are you up so early,neither,0.06708259729187174,0.4297262632858517,0.5031911394222766
s1mple in navi,neither,0.03945320844208391,0.33037608806864915,0.630170703489267
HES INSANE,neither,0.03945320844208391,0.33037608806864915,0.630170703489267
"joker_1080, excuses",neither,0.03945320844208391,0.33037608806864915,0.630170703489267
PogChamp,neither,0.03945320844208391,0.33037608806864915,0.630170703489267
Pogchamp,neither,0.03945320844208391,0.33037608806864915,0.630170703489267
Time for some GTA!!!!,neither,0.025524264440323057,0.33356250168813906,0.6409132338715378
@shroud Good morning/afternoon,neither,0.04664481346292928,0.19574044084340245,0.7576147456936683
sup @shroud,neither,0.03945320844208391,0.33037608806864915,0.630170703489267
Welcome to the #newshroud everyone,neither,0.03879210111808255,0.4198646489607318,0.5413432499211857
Hi guise,neither,0.03945320844208391,0.33037608806864915,0.630170703489267
ya boi,offensive_language,0.023573746490320503,0.623425588800007,0.3530006647096725
Ah. Booo! @kAMiKOIZE :P,neither,0.03945320844208391,0.33037608806864915,0.630170703489267
ayyy,neither,0.03945320844208391,0.33037608806864915,0.630170703489267
PogChamp shroud 9,neither,0.03945320844208391,0.33037608806864915,0.630170703489267
omfg hes insane,neither,0.03945320844208391,0.33037608806864915,0.630170703489267
VAC,neither,0.03945320844208391,0.33037608806864915,0.630170703489267
Do the DAB,neither,0.04005380023529789,0.3116102126492091,0.648335987115493
PogChamp,neither,0.03945320844208391,0.33037608806864915,0.630170703489267
HOW DO THESE PEOPLE NOT KILL HIM,hate_speech,0.5769771456352853,0.19965165060451331,0.22337120376020125
fucking turret you are,offensive_language,0.33241160987613605,0.6675879776365264,4.12487337650562e-07
i hope c9 kick slemmy and get a good player easy top 10,neither,0.055873286512730026,0.299032909184288,0.645093804302982
Fucking inhuman reaction much,offensive_language,0.09758554787718304,0.9017432026889707,0.000671249433846389
Daum,neither,0.03945320844208391,0.33037608806864915,0.630170703489267
first Kappa,neither,0.03217609621446155,0.3328790206600943,0.6349448831254441
<3,neither,0.03945320844208391,0.33037608806864915,0.630170703489267
vac,neither,0.03945320844208391,0.33037608806864915,0.630170703489267
use awp @Shroud,neither,0.004683663156386073,0.4896546958069714,0.5056616410366426
Kappa,neither,0.03945320844208391,0.33037608806864915,0.630170703489267
"hey shroud, youve ever thought about going pro? ;)",neither,0.039551989395944134,0.2999671368988254,0.6604808737052303
Kak je on dzheboshit,neither,0.0358740151969436,0.3476906792550055,0.616435305548051
what is the gta 5 10mil thing I dont get it,neither,0.048956933885912254,0.318625636703004,0.6324174294110837
spraying in 2016 LUL,neither,0.03945320844208391,0.33037608806864915,0.630170703489267
<3,neither,0.03945320844208391,0.33037608806864915,0.630170703489267
thoughts on reload update for assualt rifles? @shroud,neither,0.03313700503598137,0.3179184325277347,0.648944562436284
Shroud doing the DAB (Reddit Exclusive),neither,0.038730133491627336,0.3172125828237302,0.6440572836846424
do u like asian people??? XD,neither,0.1436361298617564,0.12076982035502998,0.7355940497832137
!cross,neither,0.03945320844208391,0.33037608806864915,0.630170703489267
thoughts on the new update?,neither,0.039227008886575425,0.24879908053265687,0.7119739105807679
@rilelele because shroud aims like a fucking robot,offensive_language,0.12596380123208092,0.8725585268303292,0.0014776719375898411
<3,neither,0.03945320844208391,0.33037608806864915,0.630170703489267
Shroudy my boy <3,neither,0.021444584624538354,0.48220956225782785,0.49634585311763385
@shroud hi,neither,0.03945320844208391,0.33037608806864915,0.630170703489267
wassup shroud,neither,0.33529425248498695,0.08556156890646638,0.5791441786085466
Thoughts on new update @shroud ?,neither,0.040075774778764214,0.26028626234904695,0.6996379628721888
i see the music is shit as always,offensive_language,0.05269754014699034,0.9456349317138024,0.0016675281392073212
!cross,neither,0.03945320844208391,0.33037608806864915,0.630170703489267
You here about s1mple,neither,0.22743555918550987,0.35972195808648716,0.41284248272800295
"@HALLOM9, the guys top mid were bots",neither,0.0389726320946488,0.30542628270939853,0.6556010851959527
!sensisivitive,neither,0.03945320844208391,0.33037608806864915,0.630170703489267
@shroud simple to navi bro,neither,0.04781849278503995,0.32552378941075555,0.6266577178042045
NA SPRAY,neither,0.03945320844208391,0.33037608806864915,0.630170703489267
!sens,neither,0.03945320844208391,0.33037608806864915,0.630170703489267
@kateza DPI: 400 - Ingame : 2.0 - Windows: 6/11 - Raw-Input: On - 1000 Hz Polling Rate,neither,0.03781786467716525,0.33814216926935486,0.6240399660534798
"@shroud, do you like the new update?",neither,0.08245194456381012,0.27469316495713186,0.642854890479058
OMG yeess the 10mil challenge,neither,0.038477783321510674,0.31249315807776257,0.6490290586007268
"@keaton_cherwaty, do all heists in order w/o a single death",neither,0.042300278802984086,0.3930015336980415,0.5646981874989744
inflame FeelsGoodMan,neither,0.03945320844208391,0.33037608806864915,0.630170703489267
Thoughts on S1mple Joining navi/stealing your viewers?,neither,0.05602318399438585,0.33408482925353916,0.609891986752075
PogChamp,neither,0.03945320844208391,0.33037608806864915,0.630170703489267
judged DansGame,neither,0.03945320844208391,0.33037608806864915,0.630170703489267
I'm judging that it took you this long to put In Flames on,neither,0.04811952458092294,0.3949304270500177,0.5569500483690595
SHROUD WELL DONE,neither,0.03835210096346887,0.34906475564227485,0.6125831433942563
Kreygasm,neither,0.03945320844208391,0.33037608806864915,0.630170703489267
SwiftRage,neither,0.03945320844208391,0.33037608806864915,0.630170703489267
\m/,neither,0.03945320844208391,0.33037608806864915,0.630170703489267
YESSSSSSSS,neither,0.03945320844208391,0.33037608806864915,0.630170703489267
@rilelele I mean they should've killed him but it's kinda hard when he flicked to all of their heads instantly,offensive_language,0.026033055677191864,0.5190073744177541,0.454959569905054
!sens,neither,0.03945320844208391,0.33037608806864915,0.630170703489267
@orre13371337 DPI: 400 - Ingame : 2.0 - Windows: 6/11 - Raw-Input: On - 1000 Hz Polling Rate,neither,0.03781786467716525,0.33814216926935486,0.6240399660534798
shrooooooodddd,neither,0.03945320844208391,0.33037608806864915,0.630170703489267
shroudys backkk,neither,0.03945320844208391,0.33037608806864915,0.630170703489267
!cfg,neither,0.03945320844208391,0.33037608806864915,0.630170703489267
in flames <3,neither,0.03945320844208391,0.33037608806864915,0.630170703489267
HELLO,neither,0.03945320844208391,0.33037608806864915,0.630170703489267
new hair style BloodTrail,neither,0.04323388087249005,0.23589296231198514,0.7208731568155249
Shroud do you have Windows 10,neither,0.05702580392967274,0.3850797717987348,0.5578944242715925
\m/,neither,0.03945320844208391,0.33037608806864915,0.630170703489267
I'm gonna be on my tablet watching LUL,neither,0.029542118551575583,0.43465921480948905,0.5357986666389353
!playlist,neither,0.03945320844208391,0.33037608806864915,0.630170703489267
!uptime,neither,0.03945320844208391,0.33037608806864915,0.630170703489267
!config,neither,0.03945320844208391,0.33037608806864915,0.630170703489267
so early shroudH,neither,0.042044420556601424,0.36306019752883945,0.5948953819145592
shroudPigeon shroudPigeon shroudPigeon shroudPigeon shroudPigeon shroudPigeon,neither,0.03945320844208391,0.33037608806864915,0.630170703489267
new updatede?,neither,0.04660400397451208,0.1401930676750457,0.8132029283504423
SHROUS<,neither,0.03945320844208391,0.33037608806864915,0.630170703489267
shroud nice voice ;#,neither,0.03945320844208391,0.33037608806864915,0.630170703489267
Skadoodle's spotify :O @shroud,neither,0.03945320844208391,0.33037608806864915,0.630170703489267
"@Shroud, What do you think about the new update?",neither,0.06518532134083037,0.28188324226467376,0.6529314363944959
!uptime,neither,0.03945320844208391,0.33037608806864915,0.630170703489267
@chips3d Channel shroud has been live for 04m and 58s,neither,0.037527441653855145,0.2724964938497483,0.6899760644963965
!launch,neither,0.03945320844208391,0.33037608806864915,0.630170703489267
!uptime,neither,0.03945320844208391,0.33037608806864915,0.630170703489267
what is size gap crosshair?,neither,0.05306224313412711,0.3237965248042354,0.6231412320616375
!hair,neither,0.03945320844208391,0.33037608806864915,0.630170703489267
how do you pronounce your last name lmao,neither,0.0839320359029226,0.3730158205138795,0.543052143583198
is ska playing with you guys?,neither,0.052673079225240255,0.4342757180511633,0.5130512027235966
lul s1mple is russian streamer now,neither,0.04623869809291278,0.3280422470250127,0.6257190548820745
SHREEWED,neither,0.03945320844208391,0.33037608806864915,0.630170703489267
I stayed up like 4 hours justto see the new update :D,neither,0.047282647588376844,0.29986727645140243,0.6528500759602206
New sens?,neither,0.04660400397451208,0.1401930676750457,0.8132029283504423
how do u think spraying is now? @Shroud,neither,0.04895039187967134,0.31922353244904156,0.6318260756712871
It's 10 AM and shroud is streaming?!? PogChamp,neither,0.04410784552815287,0.29456275605800325,0.6613293984138439
"Hiko was playing earlier today, someone made a nooby play on the other team, and Hiko types out ""noobiest play I've ever seen, and I've played against C9"" LUL",neither,0.020206928683494534,0.27903397999873675,0.7007590913177688
Heyyo what up @shroud shroudH,neither,0.04549209283961305,0.43877665191533993,0.5157312552450469
hi dad,neither,0.03945320844208391,0.33037608806864915,0.630170703489267
"Mike... Get Tyler to be your 4th, he's nuuuuts at 10 mil Kappa",neither,0.0630154135979821,0.3420366505603678,0.5949479358416501
sheshiek,neither,0.03945320844208391,0.33037608806864915,0.630170703489267
New update?,neither,0.04385106130749641,0.21960221285816534,0.7365467258343382
SHROUD! i love you,offensive_language,0.079837142191777,0.5038574454704381,0.4163054123377849
Post update shroud PogChamp,neither,0.03945320844208391,0.33037608806864915,0.630170703489267
!launch,neither,0.03945320844208391,0.33037608806864915,0.630170703489267
"@manswersdf ""-freq 144 -noaafonts -novid -high -threads 12 -console -nojoy -nod3d9ex +mat_queue_mode 2 +mat_vignette_enable 0 -tickrate 128"" without the ""s.",neither,0.036613358808143565,0.3736313055967241,0.5897553355951325
i love that u start streaming so eu friendly thesedays,neither,0.034322115349015844,0.4067106703411165,0.5589672143098677
what is him cross?,neither,0.055127731233554765,0.3252073713730122,0.6196648973934331
get stewie as a 4th Kappa,neither,0.037701676802003786,0.3601041511341339,0.6021941720638623
"@Fluqzify spraying is good before 6 bullets, then its shit",offensive_language,0.04733462707363921,0.9374047736290725,0.01526059929728833
!uptime,neither,0.03945320844208391,0.33037608806864915,0.630170703489267
NA Gun sounds LUL,neither,0.03945320844208391,0.33037608806864915,0.630170703489267
!specs,neither,0.03945320844208391,0.33037608806864915,0.630170703489267
@shroud what do u think of s1mple joining navi?,neither,0.04694053061826368,0.3173364620612102,0.6357230073205262
"@c9_something, yup made the game better",neither,0.038133635696356645,0.2787516320515542,0.6831147322520892
!uptime,neither,0.03945320844208391,0.33037608806864915,0.630170703489267
"I saw that too @aaronop_ , he said noobiest rotations lol",neither,0.03242152886782664,0.42932823639036494,0.5382502347418084
which is called bursting,neither,0.05022825919796571,0.32667005401725674,0.6231016867847776
C9 Tyler1????,neither,0.03945320844208391,0.33037608806864915,0.630170703489267
@deceitwithin what is this gta 10mil a lot of streamers are playing gta v again? was there a big update?,neither,0.04627512619904393,0.33239661700991197,0.6213282567910442
thank you for the music shroud,neither,0.04723337010678397,0.32934267858409466,0.6234239513091214
"@dzzydesign, rip spray transfer :/",neither,0.03945320844208391,0.33037608806864915,0.630170703489267
just gonna go ahead and say poodlecorp booted gta offline about 6 hours ago so i dunno if its up now? should be,neither,0.02773535411252738,0.468135697607179,0.5041289482802936
shroudC,neither,0.03945320844208391,0.33037608806864915,0.630170703489267
fist me shroud,neither,0.030520268528858967,0.37955764608814885,0.5899220853829922
1 taps PogChamp,neither,0.03945320844208391,0.33037608806864915,0.630170703489267
"Ramhh96, he'd try phooning out and die",neither,0.22022488111620583,0.1023825239513793,0.6773925949324149
lol ramhh,neither,0.020706217963973744,0.4882283491876925,0.4910654328483337
! uptime plz,neither,0.03945320844208391,0.33037608806864915,0.630170703489267
!settings,neither,0.03945320844208391,0.33037608806864915,0.630170703489267
or summit......he is always down for the 10 million dollar challenge,neither,0.04169464388526983,0.3321891022322458,0.6261162538824845
Same difference LUL,neither,0.04022553870676737,0.3374166130974846,0.622357848195748
LUL @DeceitWithin,neither,0.03945320844208391,0.33037608806864915,0.630170703489267
!sens,neither,0.03945320844208391,0.33037608806864915,0.630170703489267
@migelius98 DPI: 400 - Ingame : 2.0 - Windows: 6/11 - Raw-Input: On - 1000 Hz Polling Rate,neither,0.03781786467716525,0.33814216926935486,0.6240399660534798
"Oh nice, haven't played the game for a week now",neither,0.037577405189750515,0.2400040690601427,0.7224185257501068
lol,neither,0.020706217963973744,0.4882283491876925,0.4910654328483337
@shroud im your huge fan please reply,neither,0.06214904124476107,0.3495508887965211,0.5883000699587179
emo shroud,neither,0.03945320844208391,0.33037608806864915,0.630170703489267
lol,neither,0.020706217963973744,0.4882283491876925,0.4910654328483337
!launch,neither,0.03945320844208391,0.33037608806864915,0.630170703489267
"@Fluqzify the recoil recovery is fast, meaning you can burst, flick, burst again",neither,0.053216853596291344,0.3616552770828004,0.5851278693209082
!Uptime,neither,0.03945320844208391,0.33037608806864915,0.630170703489267
CHANGE THE SHOTTY SONG PLS,neither,0.03846310480282864,0.32380176799247734,0.6377351272046942
What do you think of simple taking Zeus spot on NaVi?,neither,0.056437400917159264,0.36618724495495475,0.577375354127886
TriHard,neither,0.03945320844208391,0.33037608806864915,0.630170703489267
"NotSoAsianCaucasians, It's doing all heists in a row on hard without dying or quickrestarting",offensive_language,0.0315374210336282,0.5390800649570531,0.42938251400931876
What's the 10Mil Challenge? @Shroud,neither,0.04529655527873513,0.3055126928183625,0.6491907519029023
!uptime,neither,0.03945320844208391,0.33037608806864915,0.630170703489267
@zsandgreen Channel shroud has been live for 06m and 12s,neither,0.037527441653855145,0.2724964938497483,0.6899760644963965
!lauch,neither,0.03945320844208391,0.33037608806864915,0.630170703489267
!uptime,neither,0.03945320844208391,0.33037608806864915,0.630170703489267
ITS SO EARLY FUK YEA,neither,0.035133939053560145,0.35292870220192823,0.6119373587445117
HI SHROUD OMG HOW ARE YOU DOING? HeyGuys,neither,0.08831665471293601,0.32732278991733593,0.5843605553697281
!launchoptions,neither,0.03945320844208391,0.33037608806864915,0.630170703489267
DO THE ARM THING @Shroud TriHard /,neither,0.04001462661964656,0.31265320746488884,0.6473321659154647
I found the server but it's full rip,neither,0.05047601743508225,0.319547140951551,0.6299768416133666
@mistyhc get a life,neither,0.03276950751296638,0.4447297988058273,0.5225006936812062
It's true,neither,0.037160064422042796,0.331164805450642,0.6316751301273151
shroud what was your lowest sens ever?,neither,0.0777601855353898,0.3191128658030333,0.603126948661577
"wasn't here yesterday, what did shroud think of the update?",neither,0.07759566044014768,0.28200140266564194,0.6404029368942104
its troo,neither,0.02700859978372578,0.3346563596412867,0.6383350405749875
@shroud is this gap 0 or gap -1?,neither,0.044478717926256975,0.3296364639442114,0.6258848181295317
CHECK REDDIT,neither,0.03945320844208391,0.33037608806864915,0.630170703489267
@deceitwithin WutFace,neither,0.03945320844208391,0.33037608806864915,0.630170703489267
yeah,offensive_language,0.013968601452186464,0.5182923869769311,0.4677390115708824
its tru,neither,0.03266664412200374,0.33271029874032065,0.6346230571376755
Hello shroud how are u,neither,0.0743191346475755,0.2730991433707064,0.6525817219817182
yes,neither,0.03945320844208391,0.33037608806864915,0.630170703489267
10mil is a 10million dollar heist in GTA 5,neither,0.04733486666954736,0.3276652243860375,0.6249999089444152
yh he joined navi,neither,0.04398085520687103,0.3288188227282684,0.6272003220648605
S1mple joined NaVi,neither,0.03945320844208391,0.33037608806864915,0.630170703489267
YES,neither,0.03945320844208391,0.33037608806864915,0.630170703489267
s1mpe to navi is confirmed,neither,0.059487709476442364,0.32156273824321546,0.6189495522803422
s1mples on navi,neither,0.02983740057173753,0.3797445071048369,0.5904180923234256
yes,neither,0.03945320844208391,0.33037608806864915,0.630170703489267
yes,neither,0.03945320844208391,0.33037608806864915,0.630170703489267
...',neither,0.03945320844208391,0.33037608806864915,0.630170703489267
yes,neither,0.03945320844208391,0.33037608806864915,0.630170703489267
"yea, he replaced zues",neither,0.04462789939660896,0.33181078396737307,0.623561316636018
BITCH :D:D:D:D,offensive_language,1.8792072070478463e-06,0.9999981207927928,1.29077893950195e-29
it is,neither,0.059603583318096655,0.32344545014120724,0.616950966540696
LOL,neither,0.020706217963973744,0.4882283491876925,0.4910654328483337
S1mple Joined navi,neither,0.03945320844208391,0.33037608806864915,0.630170703489267
yeah on navi website lol,offensive_language,0.01751373400806436,0.4942524049307532,0.48823386106118255
"@dzzydesign, well tapping / bursting is more fun than spraying anyways",neither,0.04642906368458291,0.32686774736469054,0.6267031889507266
YEE,neither,0.03945320844208391,0.33037608806864915,0.630170703489267
YES,neither,0.03945320844208391,0.33037608806864915,0.630170703489267
go look at his stream,neither,0.06766613487363934,0.35799403467042645,0.5743398304559343
it's true shrood,neither,0.037160064422042796,0.331164805450642,0.6316751301273151
Lmao,neither,0.03705015143476208,0.3711622369619404,0.5917876116032975
-zeus + simple,neither,0.03945320844208391,0.33037608806864915,0.630170703489267
19:20 Here,neither,0.0878692264561072,0.29181920418240453,0.6203115693614881
check reddit @Shroud,neither,0.03945320844208391,0.33037608806864915,0.630170703489267
WutFace,neither,0.03945320844208391,0.33037608806864915,0.630170703489267
Butch,neither,0.03945320844208391,0.33037608806864915,0.630170703489267
TRUE,neither,0.03945320844208391,0.33037608806864915,0.630170703489267
its 10:30 wtf do you mean how are you awake LOL,offensive_language,0.07508295055399895,0.5818258499541494,0.34309119949185174
ya he's in a better place now. rip na LUL,neither,0.03433467710576469,0.46281299628594075,0.5028523266082945
+s1mple -zeus,neither,0.03945320844208391,0.33037608806864915,0.630170703489267
@Fluqzify very true,neither,0.03945320844208391,0.33037608806864915,0.630170703489267
Is true,neither,0.053881947745982164,0.32541338298350403,0.6207046692705137
1PM EARLY LUL,neither,0.040982252085827,0.30442422694840465,0.6545935209657683
wtf is this gay music DansGame,offensive_language,0.3632534270265207,0.386891756721859,0.2498548162516202
Not human ED SHOT MASHEN,neither,0.15890093541970743,0.19431046530023927,0.6467885992800534
!uptime,neither,0.03945320844208391,0.33037608806864915,0.630170703489267
@sensed_ Channel shroud has been live for 06m and 44s,neither,0.037527441653855145,0.2724964938497483,0.6899760644963965
-SLEM DOG +MEMELORD ZUES,neither,0.03945320844208391,0.33037608806864915,0.630170703489267
MM WITH S1MPLE,neither,0.027334455349230877,0.37335740503004416,0.599308139620725
It's 3:30 am here,neither,0.09326426246433409,0.2871144802832721,0.6196212572523938
Eastern time is 1:20 so,neither,0.04550930923686868,0.38512150907742126,0.5693691816857102
its true navi bosted pic to insta,neither,0.03641155833206991,0.3793275389380679,0.5842609027298622
I thought he would replace edward guess not,neither,0.04371070708866141,0.26551987969270713,0.6907694132186313
Do you have Windows 10 @shroud,neither,0.05702580392967274,0.3850797717987348,0.5578944242715925
SwiftRage,neither,0.03945320844208391,0.33037608806864915,0.630170703489267
@Cessil you mean challenge OpieOP,neither,0.0604881260581506,0.38872302435578154,0.5507888495860679
Its 20:20 for me RuleFive,neither,0.026175248147009784,0.33795947243513674,0.6358652794178534
1:20 EST,neither,0.03945320844208391,0.33037608806864915,0.630170703489267
!ıp,neither,0.03945320844208391,0.33037608806864915,0.630170703489267
RIP,neither,0.03945320844208391,0.33037608806864915,0.630170703489267
"@shroud yes s1mple joined na vi, zeus is out for some time, check reddit",neither,0.03231585845489982,0.3397954925713878,0.6278886489737124
@shroud what do you think of the new shooting mechanics?,neither,0.06816986767821888,0.2553116710085753,0.6765184613132058
Yes s1me now in NaVi @shroud,neither,0.03945320844208391,0.33037608806864915,0.630170703489267
This is headbanger emo music Kreygasm,neither,0.04751223150114171,0.32913695932304676,0.6233508091758115
central is 12:18,neither,0.04639486658508363,0.32798853351935486,0.6256165998955615
@shroud what do you think of Na'VI s1mple LUL,neither,0.05653895437891846,0.3516408386333495,0.591820206987732
Same @schwagstreams,neither,0.04148851938089603,0.3488915597363099,0.609619920882794
[Na'Vi] s1mple,neither,0.03945320844208391,0.33037608806864915,0.630170703489267
do you miss canada @shroud,neither,0.04899042983553047,0.3815603709012985,0.5694491992631711
simple joined navi new overlay on his stream says navi,neither,0.05669353173099269,0.2808395559965776,0.6624669122724297
4:20 here CiGrip,neither,0.11999861309336121,0.27235298030712135,0.6076484065995176
bootyman12 he's sorry it isnt monstercat 4Head,neither,0.04344220680983181,0.32900408861205704,0.6275537045781112
its 19:20 for me,neither,0.024362398681638822,0.33943270329017067,0.6362048980281905
!esea,neither,0.03945320844208391,0.33037608806864915,0.630170703489267
"@fatih9898 : ESEA is a pay-per-month alternative PUG, Scrim, and League platform with enhanced anti-cheat and 128 tick servers. Subscribe to ESEA using shroud's referral link! http://play.esea.net/subscribe/?r=248592",neither,0.037159626348479656,0.2978192530242261,0.6650211206272941
we EU > NA boys appreciate your early Strum @Shroud Kappa,neither,0.059936558959986126,0.3099885668680686,0.6300748741719453
!time,neither,0.036668274527354654,0.377643684699956,0.5856880407726893
@shroud which way do you pull your mouse for short burst recoil,neither,0.07050960810589292,0.3306182171364727,0.5988721747576343
Simple joined NaVi for Zeus,neither,0.03394946344734958,0.3028858799376296,0.6631646566150207
@revFrazzleHD monster cat is even worse 4Head,neither,0.05278447955579846,0.22980812530623068,0.7174073951379708
Confirmed by Hiko & twitter,offensive_language,0.040180951856214786,0.5041036700942185,0.4557153780495668
"@shroud Yes, s1mple hoined navi and replaced zeus",neither,0.0386552959415966,0.2899610197469434,0.6713836843114601
!sens,neither,0.03945320844208391,0.33037608806864915,0.630170703489267
!config,neither,0.03945320844208391,0.33037608806864915,0.630170703489267
@marniac His config can be found on his ESEA page here: http://play.esea.net/users/248592 OR in the FAQ section down below!,neither,0.0839337416261435,0.2602498405772156,0.6558164177966408
!sens,neither,0.03945320844208391,0.33037608806864915,0.630170703489267
Its 21:90 for me,neither,0.024365197073967525,0.33943030920407535,0.6362044937219571
!launch,neither,0.03945320844208391,0.33037608806864915,0.630170703489267
bootyman12 thank fuck you think that bro 4Head,offensive_language,0.17537841567368864,0.8241627405780292,0.00045884374828222314
shroudW,neither,0.03945320844208391,0.33037608806864915,0.630170703489267
LIAR,neither,0.03945320844208391,0.33037608806864915,0.630170703489267
s1mple joined c9 wtff,neither,0.03945320844208391,0.33037608806864915,0.630170703489267
!sens,neither,0.03945320844208391,0.33037608806864915,0.630170703489267
