text,top_class,hate_speech,offensive_language,neither
yo,offensive_language,0.04010381111145228,0.5271105317972344,0.4327856570913131
Hi,neither,0.03945320844208391,0.33037608806864915,0.630170703489267
shroud notice plz,neither,0.03945320844208391,0.33037608806864915,0.630170703489267
Oh shit its happening,offensive_language,0.04311822450056354,0.9533589606456526,0.003522814853783809
!playlist,neither,0.03945320844208391,0.33037608806864915,0.630170703489267
ITS BEEN TOO LONG,neither,0.03197263068875532,0.3415535757060377,0.6264737936052069
first,neither,0.02604892428726219,0.3349864360510187,0.6389646396617191
shrooooody,neither,0.03945320844208391,0.33037608806864915,0.630170703489267
how do u feel about DH bucharest @shroud,neither,0.03927009657228617,0.35368693183169836,0.6070429715960155
AYEEE,neither,0.03945320844208391,0.33037608806864915,0.630170703489267
Best memer is streaming,neither,0.04677887502453137,0.32005234707090874,0.6331687779045599
shroud my dad is gay,neither,0.3344853836613112,0.23661423647670868,0.4289003798619802
hi daddy shroud,neither,0.03945320844208391,0.33037608806864915,0.630170703489267
SHROOD,neither,0.03945320844208391,0.33037608806864915,0.630170703489267
Wooo time for some league of legends!,neither,0.028114212091508824,0.33248365532420426,0.639402132584287
holy fuck shroud is actually streaming!,offensive_language,0.16946952234869092,0.8230776996119995,0.007452778039309571
dad,neither,0.03945320844208391,0.33037608806864915,0.630170703489267
Oh shit wrong stream,offensive_language,0.049879654876027926,0.9469179912910337,0.0032023538329382997
minecraft or riot,neither,0.03945320844208391,0.33037608806864915,0.630170703489267
PogChamp PogChamp,neither,0.03945320844208391,0.33037608806864915,0.630170703489267
Jeremy where you at,neither,0.05844452399473022,0.37189750940637617,0.5696579665988936
DADDY SHROUD?,neither,0.03945320844208391,0.33037608806864915,0.630170703489267
hi,neither,0.03945320844208391,0.33037608806864915,0.630170703489267
Daddy shroud homie what's good,neither,0.04431815822326906,0.3266173064260515,0.6290645353506794
SHROOOOD,neither,0.03945320844208391,0.33037608806864915,0.630170703489267
hello,neither,0.03945320844208391,0.33037608806864915,0.630170703489267
@shroud can u link your spotify playlist or tell me your username?,neither,0.07341755742069528,0.3407725377822604,0.5858099047970442
fam,neither,0.03945320844208391,0.33037608806864915,0.630170703489267
DAD <3,neither,0.03945320844208391,0.33037608806864915,0.630170703489267
SHROOD,neither,0.03945320844208391,0.33037608806864915,0.630170703489267
the memes,neither,0.03839939302560993,0.311011251109799,0.6505893558645911
@shroud how did u feel about ur tourneies,neither,0.06395459139197479,0.3492208850013301,0.5868245236066952
Dad,neither,0.03945320844208391,0.33037608806864915,0.630170703489267
shrroof,neither,0.03945320844208391,0.33037608806864915,0.630170703489267
DADDY,neither,0.03945320844208391,0.33037608806864915,0.630170703489267
Kreygasm,neither,0.03945320844208391,0.33037608806864915,0.630170703489267
shroudy grttin roudy,neither,0.03945320844208391,0.33037608806864915,0.630170703489267
What songs this?,neither,0.046758644064632426,0.32719542000099844,0.6260459359343692
PogChamp,neither,0.03945320844208391,0.33037608806864915,0.630170703489267
SHROODY,neither,0.03945320844208391,0.33037608806864915,0.630170703489267
ayy its shroudy,neither,0.03266664412200374,0.33271029874032065,0.6346230571376755
hola,neither,0.03945320844208391,0.33037608806864915,0.630170703489267
PogChamp,neither,0.03945320844208391,0.33037608806864915,0.630170703489267
!uptime,neither,0.03945320844208391,0.33037608806864915,0.630170703489267
@nimbus1023 Channel shroud has been live for 01m and 45s,neither,0.037527441653855145,0.2724964938497483,0.6899760644963965
My shots keep going through people,neither,0.04835019736633604,0.4235765051693351,0.528073297464329
HI @shroud,neither,0.03945320844208391,0.33037608806864915,0.630170703489267
he is alive!,neither,0.05949788021487766,0.3234818062854838,0.6170203134996385
Hiii,neither,0.03945320844208391,0.33037608806864915,0.630170703489267
WutFace,neither,0.03945320844208391,0.33037608806864915,0.630170703489267
shroudy my boi,neither,0.02505926657236978,0.44663184017466445,0.5283088932529656
FIRST.,neither,0.02604892428726219,0.3349864360510187,0.6389646396617191
aimlock wtf,offensive_language,0.04410695246022759,0.7898861884776351,0.16600685906213722
hes back,neither,0.03945320844208391,0.33037608806864915,0.630170703489267
hello!,neither,0.03945320844208391,0.33037608806864915,0.630170703489267
DansGame WHAT IS THAT,neither,0.06192082320891666,0.3949353930334496,0.5431437837576337
isa shrooooooooooode,neither,0.03945320844208391,0.33037608806864915,0.630170703489267
How D Shrouder,neither,0.03945320844208391,0.33037608806864915,0.630170703489267
Kappa Kappa Kappa Kappa,neither,0.03945320844208391,0.33037608806864915,0.630170703489267
PogChamp,neither,0.03945320844208391,0.33037608806864915,0.630170703489267
woooo welcome back,neither,0.03945320844208391,0.33037608806864915,0.630170703489267
AYE MY BOY SHROUDY GETTING ROUDY,neither,0.024849211978310297,0.4821670941726268,0.4929836938490628
Holis,neither,0.03945320844208391,0.33037608806864915,0.630170703489267
Shroud PogChamp,neither,0.03945320844208391,0.33037608806864915,0.630170703489267
Hey,neither,0.03945320844208391,0.33037608806864915,0.630170703489267
omg shroud stream>,neither,0.03945320844208391,0.33037608806864915,0.630170703489267
SHROUDDD,neither,0.03945320844208391,0.33037608806864915,0.630170703489267
shro,neither,0.03945320844208391,0.33037608806864915,0.630170703489267
SHROOD,neither,0.03945320844208391,0.33037608806864915,0.630170703489267
omg,neither,0.03945320844208391,0.33037608806864915,0.630170703489267
WB bb,neither,0.03945320844208391,0.33037608806864915,0.630170703489267
HeyGuys @shroud,neither,0.03945320844208391,0.33037608806864915,0.630170703489267
@shroud play overwatch,neither,0.03945320844208391,0.33037608806864915,0.630170703489267
DAD,neither,0.03945320844208391,0.33037608806864915,0.630170703489267
HeyGuys,neither,0.03945320844208391,0.33037608806864915,0.630170703489267
so weird lookin at 1920 LUL,neither,0.038768333369102626,0.3862984144154272,0.5749332522154701
Hey man @shroud,neither,0.039706915135239045,0.43074372746631245,0.5295493573984484
shrud,neither,0.03945320844208391,0.33037608806864915,0.630170703489267
yoi,neither,0.03945320844208391,0.33037608806864915,0.630170703489267
!uptime,neither,0.03945320844208391,0.33037608806864915,0.630170703489267
shrood!,neither,0.03945320844208391,0.33037608806864915,0.630170703489267
shroooooood,neither,0.03945320844208391,0.33037608806864915,0.630170703489267
shroud,neither,0.03945320844208391,0.33037608806864915,0.630170703489267
@chr0134 Channel shroud has been live for 02m and 23s,neither,0.037527441653855145,0.2724964938497483,0.6899760644963965
Papa,neither,0.03945320844208391,0.33037608806864915,0.630170703489267
shroud s2,neither,0.03945320844208391,0.33037608806864915,0.630170703489267
HeyGuys,neither,0.03945320844208391,0.33037608806864915,0.630170703489267
Shroud notice me senpai,neither,0.030417710561350883,0.38017139541472955,0.5894108940239196
Wiener,neither,0.03945320844208391,0.33037608806864915,0.630170703489267
Papi,neither,0.03945320844208391,0.33037608806864915,0.630170703489267
Notification squad,neither,0.03945320844208391,0.33037608806864915,0.630170703489267
@shroud hey,neither,0.03945320844208391,0.33037608806864915,0.630170703489267
Shroood,neither,0.03945320844208391,0.33037608806864915,0.630170703489267
Yes shroud is ALIVE,neither,0.049267958466353505,0.3270003454740268,0.6237316960596196
HeyGuys PogChamp,neither,0.03945320844208391,0.33037608806864915,0.630170703489267
yo,offensive_language,0.04010381111145228,0.5271105317972344,0.4327856570913131
Overwatch,neither,0.03945320844208391,0.33037608806864915,0.630170703489267
shroud say hi,neither,0.03945320844208391,0.33037608806864915,0.630170703489267
"@Shroud, welcome dad back",neither,0.03945320844208391,0.33037608806864915,0.630170703489267
SHROUD NOTICE MY TINY WEINER,neither,0.030798989169563577,0.39585451445793773,0.5733464963724987
shroud LANer confirmed?,neither,0.03945320844208391,0.33037608806864915,0.630170703489267
Hey Shroudy,neither,0.03945320844208391,0.33037608806864915,0.630170703489267
LUL,neither,0.03945320844208391,0.33037608806864915,0.630170703489267
post on instagram,neither,0.03454847336969263,0.37552484001044517,0.5899266866198623
Papa Shrood,neither,0.03945320844208391,0.33037608806864915,0.630170703489267
FUCK I WAS GOING TO SLEEP,offensive_language,0.18507223929939737,0.8145813413513365,0.0003464193492659755
koops LUL,neither,0.03945320844208391,0.33037608806864915,0.630170703489267
Shroud échamelos en la cara pls,neither,0.03945320844208391,0.33037608806864915,0.630170703489267
!uptime,neither,0.03945320844208391,0.33037608806864915,0.630170703489267
@mpk_xd Channel shroud has been live for 02m and 44s,neither,0.037527441653855145,0.2724964938497483,0.6899760644963965
yaas the legend is here <3 B),neither,0.08803167671275879,0.2825316855369403,0.629436637750301
good song,neither,0.03780014119750771,0.3423081466295014,0.619891712172991
hi daddy,neither,0.03945320844208391,0.33037608806864915,0.630170703489267
!song,neither,0.038601720699969956,0.3448280572582511,0.616570222041779
DendiFace,neither,0.03945320844208391,0.33037608806864915,0.630170703489267
Squishy :D,neither,0.03945320844208391,0.33037608806864915,0.630170703489267
hi shroud,neither,0.03945320844208391,0.33037608806864915,0.630170703489267
!uptime,neither,0.03945320844208391,0.33037608806864915,0.630170703489267
omg hes playing off his spotify im in love,neither,0.05545175240480907,0.3684399033063381,0.5761083442888529
SHROUDIE <3 Whats up :D,neither,0.03597034933595279,0.4023906385329718,0.5616390121310755
I'm a ***,neither,0.03945320844208391,0.33037608806864915,0.630170703489267
@shroud can you give us a self boost tutorial?,neither,0.09365031368963661,0.3559633814953108,0.5503863048150526
@shroud sup bro,neither,0.03945320844208391,0.33037608806864915,0.630170703489267
shroud ur gay,hate_speech,0.5684886222503037,0.08824570154673117,0.3432656762029651
I'm fast as fuck boi,offensive_language,0.14572749532714901,0.8525138207262023,0.0017586839466486755
"shroud, how did the team take getting their first loss in proleague?",neither,0.03141557865173769,0.3693362909890715,0.5992481303591909
how to you get net_graph like his?,offensive_language,0.19861029501396965,0.4132602224376054,0.38812948254842483
PogChamp,neither,0.03945320844208391,0.33037608806864915,0.630170703489267
"@Pyschosis360, enemies by shinedown",neither,0.04085033393188149,0.38310672384360583,0.5760429422245126
!mouse,neither,0.03945320844208391,0.33037608806864915,0.630170703489267
@blitzen123 He's using the Logitech G Pro,neither,0.03984410112167261,0.377725686199306,0.5824302126790214
hi daddy,neither,0.03945320844208391,0.33037608806864915,0.630170703489267
@shroud holy fuck dood,offensive_language,0.19397613669184155,0.8059762285570093,4.7634751149108454e-05
!crosshair,neither,0.03945320844208391,0.33037608806864915,0.630170703489267
DAYUMM,neither,0.03945320844208391,0.33037608806864915,0.630170703489267
"@Shroud, your finally back home :D",neither,0.07546846341951476,0.32035763923828026,0.604173897342205
i dont approve of dis,neither,0.03945320844208391,0.33037608806864915,0.630170703489267
why there is only 128 ppl,neither,0.035622591829482755,0.3065880604450315,0.6577893477254857
@shroud rank s?,neither,0.03945320844208391,0.33037608806864915,0.630170703489267
@iboughtbrazzerspremium Supreme Master First Class,neither,0.033852895392603076,0.3323022925320948,0.6338448120753021
@shroud have you tried moving your mousepad up and just aiming with wrist?,neither,0.05471923474907605,0.4168135863961,0.5284671788548241
!penis size,neither,0.03945320844208391,0.33037608806864915,0.630170703489267
ur nuts dude,neither,0.06716330658913222,0.3208453146526326,0.6119913787582351
"@Zephyas, net_graph prportionalfont",neither,0.03945320844208391,0.33037608806864915,0.630170703489267
Wtf,offensive_language,0.04410695246022759,0.7898861884776351,0.16600685906213722
@meier11 thanks broseph sum1g,neither,0.035884468650613,0.3004919205142699,0.6636236108351171
why daddy?,neither,0.024912797671095575,0.3519362753342669,0.6231509269946375
@dudelez theres a live esl match right now,neither,0.041836520652050325,0.34186781638664654,0.6162956629613032
!SENS,neither,0.03945320844208391,0.33037608806864915,0.630170703489267
@ogtzo DPI: 400 - Ingame : 2.0 - Windows: 6/11 - Raw-Input: On - 1000 Hz Polling Rate,neither,0.03781786467716525,0.33814216926935486,0.6240399660534798
SHROUD HECHAMELOS EN LA CARA,neither,0.03945320844208391,0.33037608806864915,0.630170703489267
Did you raise up your sens,neither,0.10275161463776432,0.43795596507216766,0.45929242029006806
Dad you can't just expect to come back into my life like this,offensive_language,0.04587500132778699,0.5053172198572583,0.44880777881495465
@shroud stealing yung tim's twitch viewers,neither,0.03945320844208391,0.33037608806864915,0.630170703489267
@shroud they just updated it today and fixed the crouch shit,offensive_language,0.04421719347015541,0.9361696976545306,0.01961310887531402
sorry its not odd?,neither,0.03279485424624663,0.33684631949128774,0.6303588262624655
They fixed it,neither,0.03776556178699879,0.33095654714138717,0.6312778910716141
When u in ur phone and you get a notification that ur dad is live,neither,0.08146709360772517,0.3726275547371655,0.5459053516551093
they fixed the crouch thing a couple hours ago,neither,0.03880798379089282,0.31865393506200645,0.6425380811471006
Now Playing: Eclipse by Noisestorm - Listen now: spoti.fi/2b0oveO Tweet it: monster.cat/2bQhU7B,neither,0.03929922438295588,0.3562860715225689,0.6044147040944752
SourPls,neither,0.03945320844208391,0.33037608806864915,0.630170703489267
@shroud so why did u lose to echofox yesterday man,neither,0.03452986794715656,0.4363200964074072,0.5291500356454363
Its patched,neither,0.02700859978372578,0.3346563596412867,0.6383350405749875
cali the rolls here,neither,0.07929958009950215,0.28324460938736373,0.6374558105131343
they changed crouchspamming or something,neither,0.03945320844208391,0.33037608806864915,0.630170703489267
!video,neither,0.049266163358008055,0.16382463337382713,0.7869092032681648
@ogtzo His video settings are: https://oddshot.tv/shot/shroud/Uzq8urzW8upKBbuF6ynXbe4X,neither,0.1019338503408884,0.21490523439902035,0.6831609152600913
When do you plan to retire from cs,neither,0.04868407784799937,0.37997527004962656,0.5713406521023742
@shroud hazme un hijo,neither,0.03945320844208391,0.33037608806864915,0.630170703489267
shroud ur gayyy,neither,0.11135830178054541,0.3056446292181725,0.5829970690012822
Dan with 2 years LUL,neither,0.030934901440147034,0.35932455439786665,0.6097405441619863
was good shroud,neither,0.037975473254186445,0.33481650793596,0.6272080188098536
ayyyy shroood is backkk,neither,0.081172750358939,0.3160268245287109,0.60280042511235
@shroud hey shroud opinion on your viewmodel pal? Thanks,neither,0.05717098025003434,0.3197035292085157,0.6231254905414501
"hey its Redditman, hello Redditman HeyGuys",neither,0.03308961478896833,0.3325648197323768,0.6343455654786548
Hi shroud:D,neither,0.03945320844208391,0.33037608806864915,0.630170703489267
!res,neither,0.03945320844208391,0.33037608806864915,0.630170703489267
@vincelam1998 He plays at 1920x1080,neither,0.0452480919340949,0.3577890385339979,0.5969628695319072
"@shroud EcTV rocks \,,/",neither,0.03945320844208391,0.33037608806864915,0.630170703489267
Hey guys CAlirolls here,neither,0.10273540065029599,0.28458341499272294,0.6126811843569812
@shroud you said youd mod me last time but forgot Kappa,neither,0.04060189187901347,0.40350885768270833,0.5558892504382782
ds,neither,0.03945320844208391,0.33037608806864915,0.630170703489267
Shrooood,neither,0.03945320844208391,0.33037608806864915,0.630170703489267
Kappa,neither,0.03945320844208391,0.33037608806864915,0.630170703489267
i love u,neither,0.03217296676969875,0.3657703709031763,0.602056662327125
@chmpagnepapi jet lag and they played like 3 tournaments in the past 2 weeks and the only lost one map,neither,0.042279608194736105,0.2985928914614197,0.6591275003438443
Waddap,neither,0.03945320844208391,0.33037608806864915,0.630170703489267
@shroud New Crosshair?,neither,0.04660400397451208,0.1401930676750457,0.8132029283504423
Mods do you have his current crosshair?!!,neither,0.10165768063573424,0.3915995491871447,0.5067427701771211
sneakyW sneakyW,neither,0.03945320844208391,0.33037608806864915,0.630170703489267
What style is that crosshair?,neither,0.05140747556611381,0.3702148831551631,0.5783776412787232
shroud stop being gay,hate_speech,0.38566938879673757,0.2491595142869396,0.36517109691632277
WTRuck Jebaited,neither,0.03945320844208391,0.33037608806864915,0.630170703489267
!viewmodel,neither,0.03945320844208391,0.33037608806864915,0.630170703489267
"@matt4d Shroud's viewmodel settings are: viewmodel_fov ""68"";viewmodel_offset_x ""2.5"";viewmodel_offset_y ""1"";viewmodel_offset_z ""-1.5"";",neither,0.1675493120064283,0.18605165911864094,0.6463990288749307
Yall ready?,neither,0.03745400289912524,0.36430782364336217,0.5982381734575126
Shroudie Give us your crosshair PogChamp,neither,0.20692043171123728,0.28483499059003525,0.5082445776987274
yes daddy,neither,0.03945320844208391,0.33037608806864915,0.630170703489267
!cross,neither,0.03945320844208391,0.33037608806864915,0.630170703489267
"@koops, Do it koops",neither,0.039361844991312706,0.33040751214889547,0.6302306428597919
SHROUD FOLLAME PLS,neither,0.03945320844208391,0.33037608806864915,0.630170703489267
!cross,neither,0.03945320844208391,0.33037608806864915,0.630170703489267
Jebaited,neither,0.03945320844208391,0.33037608806864915,0.630170703489267
A SHROOD STRUM !,neither,0.03945320844208391,0.33037608806864915,0.630170703489267
Shroud daddy,neither,0.03945320844208391,0.33037608806864915,0.630170703489267
crosshair settings,neither,0.03945320844208391,0.33037608806864915,0.630170703489267
@shroud new crosshair what in the FUCK,offensive_language,0.3186792632674258,0.6811887906245997,0.00013194610797445747
Hello @shroud :) good morning from norway :),neither,0.04767369592210202,0.17779781801927877,0.7745284860586191
🤔,neither,0.03945320844208391,0.33037608806864915,0.630170703489267
!song,neither,0.038601720699969956,0.3448280572582511,0.616570222041779
Now Playing: Eclipse by Noisestorm - Listen on Spotify: spoti.fi/2b0oveO,neither,0.038097737389232875,0.37764784713397065,0.5842544154767966
rip 17-1 :(,neither,0.03945320844208391,0.33037608806864915,0.630170703489267
new crosshiar settings shroud please,neither,0.04466367450142479,0.19753357460463286,0.7578027508939423
Shroodie streamun,neither,0.03945320844208391,0.33037608806864915,0.630170703489267
32 years PogChamp,neither,0.03945320844208391,0.33037608806864915,0.630170703489267
WutFace,neither,0.03945320844208391,0.33037608806864915,0.630170703489267
Not as bad as SK getting 16-0 by renegades @shroud,neither,0.0311625315989649,0.4669073343744603,0.5019301340265748
@shroud IM PROUD OF YOU AND THE GUYS GJ,neither,0.05256747453143806,0.3487897139811677,0.5986428114873942
sup,neither,0.03945320844208391,0.33037608806864915,0.630170703489267
Kreygasm,neither,0.03945320844208391,0.33037608806864915,0.630170703489267
!sens,neither,0.03945320844208391,0.33037608806864915,0.630170703489267
@spiderbaconiwnl DPI: 400 - Ingame : 2.0 - Windows: 6/11 - Raw-Input: On - 1000 Hz Polling Rate,neither,0.03781786467716525,0.33814216926935486,0.6240399660534798
Dad im proud of u making it to finals,neither,0.04301578980108256,0.3423114812253942,0.6146727289735233
\m/ SwiftRage,neither,0.03945320844208391,0.33037608806864915,0.630170703489267
Why am I good in dm but not in comp?,neither,0.026334710571978403,0.3563034186064216,0.6173618708215999
"@shroud, Nonetheless, you guys are still Number #1 NA team!! :D",neither,0.07775368924985686,0.34208274279269485,0.5801635679574484
Shroud dad,neither,0.03945320844208391,0.33037608806864915,0.630170703489267
shroudThump shroudThump shroudThump shroudThump shroudThump shroudThump shroudThump shroudThump shroudThump,neither,0.03945320844208391,0.33037608806864915,0.630170703489267
What's the best way to get from SEM back to nova,neither,0.05807289547651635,0.2906790598223986,0.6512480447010851
Shroud what do you think of the new crouch update where you can self boost in spots you normally couldn't?,neither,0.07737666324557552,0.31819252098480594,0.6044308157696185
Night shroud :3,neither,0.02550723072422885,0.32941079269047424,0.6450819765852968
shroud ur hot KappaPride,neither,0.08055707780310221,0.3162385825526992,0.6032043396441985
@shroud stealing yung tim's viewers ;-;,neither,0.03945320844208391,0.33037608806864915,0.630170703489267
shrooooud ur gayyyyyyyy,neither,0.11135830178054541,0.3056446292181725,0.5829970690012822
@shroud so u lovin the g pro?,neither,0.03848050134248881,0.3567089007867671,0.6048105978707441
@feeekz hey dude thanks for 7 month resub really appetize it Welcome back,neither,0.033218848867384,0.2995480007805797,0.6672331503520362
you been grinding legion???,neither,0.05297681602541457,0.37459760327490876,0.5724255806996768
the one time i actually start streaming and its 10:30 and i have school tomorrow :(,neither,0.0336671146773064,0.3122554522673738,0.6540774330553198
@noodledab l2p,neither,0.03945320844208391,0.33037608806864915,0.630170703489267
Hey,neither,0.03945320844208391,0.33037608806864915,0.630170703489267
"@7ER0_, cause half the time in dm the ppl arnt even looking at you C:",neither,0.04412942050000927,0.38882249311487177,0.5670480863851188
i goin school BibleThump BibleThump BibleThump,neither,0.03945320844208391,0.33037608806864915,0.630170703489267
!mouse,neither,0.03945320844208391,0.33037608806864915,0.630170703489267
@hankelpankel He's using the Logitech G Pro,neither,0.03984410112167261,0.377725686199306,0.5824302126790214
"@koops thats $175 you have spent subbed to shroud, ask for reimbursement",neither,0.04851208527320695,0.3390773607974746,0.6124105539293184
hey guys scarce here,neither,0.07873192585632492,0.2994945007901211,0.621773573353554
are you still using to g303?,neither,0.11298917726319925,0.41697283082450065,0.47003799191230017
@shroud We gotta come up with a name for your Ruby,neither,0.03926124175419102,0.40606177675010885,0.5546769814957002
!res,neither,0.03945320844208391,0.33037608806864915,0.630170703489267
what is that little creature on your desk? @Shroud,neither,0.06891116873720757,0.3623605920346852,0.5687282392281072
Are you back to the p2k? @Shroud,neither,0.177740601293395,0.27491465606734905,0.5473447426392558
Haircut time Shrudy.,neither,0.038054792643257965,0.35411085374914036,0.6078343536076017
NA aim (lol jk luv you baby),neither,0.0438315580080573,0.4016167646225409,0.5545516773694018
!resolution,neither,0.03945320844208391,0.33037608806864915,0.630170703489267
Kreygasm,neither,0.03945320844208391,0.33037608806864915,0.630170703489267
Hi:D,neither,0.03945320844208391,0.33037608806864915,0.630170703489267
@immortalxhades lul 10:30 exactly but i got a precal test to study for fml,neither,0.03695804258673661,0.340543460837689,0.6224984965755744
SHROOD,neither,0.03945320844208391,0.33037608806864915,0.630170703489267
"@ihazUberskills, hes my boy he deserves it",neither,0.03254853902703459,0.40167293288296263,0.5657785280900028
!mouse,neither,0.03945320844208391,0.33037608806864915,0.630170703489267
bubble upload?,neither,0.03945320844208391,0.33037608806864915,0.630170703489267
@dr_forsaken He's using the Logitech G Pro,neither,0.03984410112167261,0.377725686199306,0.5824302126790214
!mouse,neither,0.03945320844208391,0.33037608806864915,0.630170703489267
hay,neither,0.03945320844208391,0.33037608806864915,0.630170703489267
@shroud #StopNACSJokes,neither,0.03945320844208391,0.33037608806864915,0.630170703489267
comp?,neither,0.03945320844208391,0.33037608806864915,0.630170703489267
!song,neither,0.038601720699969956,0.3448280572582511,0.616570222041779
Now Playing: Eclipse by Noisestorm - Listen on Spotify: spoti.fi/2b0oveO,neither,0.038097737389232875,0.37764784713397065,0.5842544154767966
HELLO SHROUD,neither,0.03945320844208391,0.33037608806864915,0.630170703489267
"@shroud Have u heard about Djani performing at Exit music festival? No Djani, no party man.",neither,0.03686933827180136,0.41495069282675634,0.5481799689014424
!commands,neither,0.03945320844208391,0.33037608806864915,0.630170703489267
Commands: !merch !artists !albums !tweet !itunes !spotify !soundcloud !beatport !bandcamp !youtube !facebook !twitter !artist [site],neither,0.031879224763754266,0.39951344743223577,0.5686073278040099
@hero_us http://hnlbot.com/commands/shroud,neither,0.03558056210193769,0.1941005909087057,0.7703188469893567
"@aaronj254, the shruby?",neither,0.03613032604487659,0.2619290779399786,0.7019405960151449
Any legendaries yet @shroud,neither,0.03945320844208391,0.33037608806864915,0.630170703489267
shrood what is new crosshair,neither,0.07522585950464974,0.17800081395387524,0.746773326541475
»» Get 10% off an awesome Lootcrate at http://c9.gg/lootcratebot! ««,neither,0.035854241356283546,0.2575495405642879,0.7065962180794285
THE FEED,neither,0.038177557553681817,0.3067724403119299,0.6550500021343882
@shroud what bungee do u use for mouse?,neither,0.014580471792001023,0.3859572943566729,0.599462233851326
Vac,neither,0.03945320844208391,0.33037608806864915,0.630170703489267
Shroudie Hook it up w The crosshair PogChamp,neither,0.03371410474577649,0.37195437402855264,0.5943315212256709
@CwAy14 Shrooby sounds cool,neither,0.03945320844208391,0.33037608806864915,0.630170703489267
That's going on reddit Kappa,neither,0.03184298380984397,0.4083100636191798,0.5598469525709764
Oh yes dad,neither,0.045442782330792436,0.2736107963559882,0.6809464213132194
"its 4 am, but i just cant resist.",neither,0.02861175181655675,0.35794665775587636,0.6134415904275669
!dick size,offensive_language,0.05840157353296561,0.9127226275614724,0.02887579890556199
!bandcamp,neither,0.03945320844208391,0.33037608806864915,0.630170703489267
@physicsman No Bandcamp link for this song.,neither,0.032760369339598035,0.324068873101199,0.6431707575592028
!sens,neither,0.03945320844208391,0.33037608806864915,0.630170703489267
@dustymlg DPI: 400 - Ingame : 2.0 - Windows: 6/11 - Raw-Input: On - 1000 Hz Polling Rate,neither,0.03781786467716525,0.33814216926935486,0.6240399660534798
@shroud whats this new crosshair settings?,neither,0.043575613624894816,0.22602494286708602,0.7303994435080191
I r8 c8 8/8 m8,neither,0.03945320844208391,0.33037608806864915,0.630170703489267
is that style 6 LUL,neither,0.04280155674056636,0.36419807113044955,0.593000372128984
@shroud new crosshair settings?,neither,0.04660400397451208,0.1401930676750457,0.8132029283504423
csgod LUL,neither,0.03945320844208391,0.33037608806864915,0.630170703489267
@shroud what radio is this,neither,0.057374505986110276,0.3236182173495602,0.6190072766643295
1 TAP CONTEST! @Shroud Just try.,neither,0.03581007053414527,0.34742056544867433,0.6167693640171803
hi dad! @Shroud,neither,0.03945320844208391,0.33037608806864915,0.630170703489267
what do you think of the new awp and scout sounds?,neither,0.06002601881688869,0.24041023995846023,0.699563741224651
that deagle 4k do,neither,0.033986068051969624,0.42013211884701246,0.545881813101018
!uptime,neither,0.03945320844208391,0.33037608806864915,0.630170703489267
@meraxs Channel shroud has been live for 08m and 33s,neither,0.037527441653855145,0.2724964938497483,0.6899760644963965
"@Shroud, what song is this?",neither,0.05996683045653229,0.33256274023851656,0.6074704293049512
im early,neither,0.04045404751103885,0.34134231388191977,0.6182036386070414
Shroud can we get your crosshair settings ?,neither,0.09721584427798269,0.32439582360567654,0.5783883321163407
New crosshair,neither,0.04660400397451208,0.1401930676750457,0.8132029283504423
Shroud what is your opinion on the new crouch update where you can self boost in spots you normally couldn't?,neither,0.08763884292858788,0.29944449306353815,0.6129166640078739
YO SHROUD!,offensive_language,0.04010381111145228,0.5271105317972344,0.4327856570913131
the band is Chevelle,neither,0.04961939016372387,0.3052105423671287,0.6451700674691475
@afatmanclutch its patched,neither,0.02700859978372578,0.3346563596412867,0.6383350405749875
!sens,neither,0.03945320844208391,0.33037608806864915,0.630170703489267
@redocol DPI: 400 - Ingame : 2.0 - Windows: 6/11 - Raw-Input: On - 1000 Hz Polling Rate,neither,0.03781786467716525,0.33814216926935486,0.6240399660534798
@shroud mouse bungee?,neither,0.03945320844208391,0.33037608806864915,0.630170703489267
"afatmanclutch, they fixed that",neither,0.03496310197161569,0.37934566927586494,0.5856912287525194
@afatmanclutch they fixed it,neither,0.03776556178699879,0.33095654714138717,0.6312778910716141
Whats your opinion on c9s performance vs VP?,neither,0.05492780123734573,0.33391333070684887,0.6111588680558053
CLOWN 9,neither,0.03945320844208391,0.33037608806864915,0.630170703489267
Ok thank god 😂,neither,0.03893777753327124,0.339124295758681,0.6219379267080477
Now Playing: BADBOI VIP by Pegboard Nerds,neither,0.040350448341081833,0.3648888424464911,0.5947607092124271
@shroud what does raw input do,neither,0.03073234080988078,0.4552115448290394,0.5140561143610798
@shroud What do you think of your chances at esl NY if you qualify?,neither,0.07282573921679976,0.43418136434878835,0.4929928964344119
!sens,neither,0.03945320844208391,0.33037608806864915,0.630170703489267
@jdmbrad DPI: 400 - Ingame : 2.0 - Windows: 6/11 - Raw-Input: On - 1000 Hz Polling Rate,neither,0.03781786467716525,0.33814216926935486,0.6240399660534798
Shroud is that you ?:O,offensive_language,0.11555166227198248,0.5480332132037015,0.336415124524316
!bungee,neither,0.03945320844208391,0.33037608806864915,0.630170703489267
Shroud crosshair pls,neither,0.03945320844208391,0.33037608806864915,0.630170703489267
for anyone looking for that song that was just playing. It was sleep apnea - chevelle,neither,0.02573059340509986,0.36335004949780947,0.6109193570970908
!commands,neither,0.03945320844208391,0.33037608806864915,0.630170703489267
Commands: !merch !artists !albums !tweet !itunes !spotify !soundcloud !beatport !bandcamp !youtube !facebook !twitter !artist [site],neither,0.031879224763754266,0.39951344743223577,0.5686073278040099
"No Djani, no party caopoyy",neither,0.03749561689776336,0.3636015254825911,0.5989028576196456
"1.3k viewers on shroud, whats this",neither,0.03734280108840635,0.3412706622838517,0.6213865366277419
Losing subs? Losing money? 4Head time to stream 4Head,neither,0.042451286276751314,0.3390719125391663,0.6184768011840824
!res,neither,0.03945320844208391,0.33037608806864915,0.630170703489267
@jdmbrad He plays at 1920x1080,neither,0.0452480919340949,0.3577890385339979,0.5969628695319072
guys what is new rate settings ? can you give rate cl_cmd and cl_up please,neither,0.059693424811189916,0.27309547916890403,0.6672110960199061
!mousebungee,neither,0.03945320844208391,0.33037608806864915,0.630170703489267
shroud op,neither,0.03945320844208391,0.33037608806864915,0.630170703489267
@shroud how do u dm like that,neither,0.048614093704631794,0.3955327898105748,0.5558531164847934
!cross,neither,0.03945320844208391,0.33037608806864915,0.630170703489267
do you ever surf shroud?,neither,0.058938755913947094,0.3787065541355731,0.5623546899504797
!sensitivity,neither,0.03945320844208391,0.33037608806864915,0.630170703489267
@rsblunden DPI: 400 - Ingame : 2.0 - Windows: 6/11 - Raw-Input: On - 1000 Hz Polling Rate,neither,0.03781786467716525,0.33814216926935486,0.6240399660534798
Dad is back!,neither,0.05102245223002834,0.3263968946153304,0.6225806531546413
only the rate changed instead of 128k to this 7k,neither,0.04383482528605227,0.315992841304062,0.6401723334098858
Hi,neither,0.03945320844208391,0.33037608806864915,0.630170703489267
shroudW shroudMilk,neither,0.03945320844208391,0.33037608806864915,0.630170703489267
@shroud what crosshair do you use now?,offensive_language,0.02114909179132348,0.5050316434576861,0.4738192647509903
Devour,neither,0.03945320844208391,0.33037608806864915,0.630170703489267
!res,neither,0.03945320844208391,0.33037608806864915,0.630170703489267
@c9_something He plays at 1920x1080,neither,0.0452480919340949,0.3577890385339979,0.5969628695319072
!cross,neither,0.03945320844208391,0.33037608806864915,0.630170703489267
u r gghey,neither,0.03945320844208391,0.33037608806864915,0.630170703489267
HES BACK,neither,0.03945320844208391,0.33037608806864915,0.630170703489267
