text,top_class,hate_speech,offensive_language,neither
[Twitter Live Feed @C9shroud] Liveee? First time opening CS since the update lego https://t.co/0nsby7MTHi https://twitter.com/C9shroud/status/781616878938497024,neither,0.036772635640253716,0.42266796472171536,0.5405593996380309
I THOUGHT I WAS GONNA BE COUNTING ALL DAY',neither,0.04397115475606464,0.3359842719369012,0.6200445733070342
@shroud hey dude,neither,0.03945320844208391,0.33037608806864915,0.630170703489267
loooooool,neither,0.03945320844208391,0.33037608806864915,0.630170703489267
Shrood!,neither,0.03945320844208391,0.33037608806864915,0.630170703489267
MAH BOI,neither,0.03945320844208391,0.33037608806864915,0.630170703489267
It happened LUL,neither,0.03814310207115524,0.3308266937253285,0.6310302042035162
SUH DOOD,neither,0.03945320844208391,0.33037608806864915,0.630170703489267
there we go,neither,0.04083933629015207,0.27628362646603744,0.6828770372438104
NEW SOUNDS ARE TRASH,neither,0.07559452803780249,0.05425062533344232,0.8701548466287553
hi is ur name shroud my name is brutalsage,neither,0.05953753634684316,0.38123255236040493,0.5592299112927519
Hello shroud,neither,0.03945320844208391,0.33037608806864915,0.630170703489267
what class are u playing in wow?,neither,0.07193221297324895,0.28296815801297154,0.6450996290137794
SwiftRage,neither,0.03945320844208391,0.33037608806864915,0.630170703489267
hi,neither,0.03945320844208391,0.33037608806864915,0.630170703489267
gang,neither,0.03945320844208391,0.33037608806864915,0.630170703489267
new layout: inspect element -> delete node,neither,0.04175710556780541,0.27366800620064363,0.684574888231551
"@Shroud, cześć HeyGuys",neither,0.03945320844208391,0.33037608806864915,0.630170703489267
hellloo :),neither,0.03945320844208391,0.33037608806864915,0.630170703489267
Hey,neither,0.03945320844208391,0.33037608806864915,0.630170703489267
shroudie <3,neither,0.03945320844208391,0.33037608806864915,0.630170703489267
"@shroud Daily joke to cheer you up; For Sale: Parachute. Used once, never opened, small stain",neither,0.042719102295247016,0.3745166899466712,0.5827642077580818
HeyGuys,neither,0.03945320844208391,0.33037608806864915,0.630170703489267
Hello man,neither,0.03965108193617412,0.41507551703727336,0.5452734010265525
YOOOOO,neither,0.03945320844208391,0.33037608806864915,0.630170703489267
@shroud are you thinking of playing forza horizon 3?,neither,0.08092455666419837,0.32783718509882936,0.5912382582369723
WSUP SHROOD,neither,0.03945320844208391,0.33037608806864915,0.630170703489267
DAD HI,neither,0.03945320844208391,0.33037608806864915,0.630170703489267
Hi brote :),neither,0.03945320844208391,0.33037608806864915,0.630170703489267
What's the skin you got for Chrome? @shroud,neither,0.04939333285796773,0.358867895678184,0.5917387714638483
PogChamp REDDIT,neither,0.03945320844208391,0.33037608806864915,0.630170703489267
sup fam,neither,0.03945320844208391,0.33037608806864915,0.630170703489267
what do you think of the new sounds?,neither,0.07000023697701026,0.251541826592696,0.6784579364302936
Hey0,neither,0.03945320844208391,0.33037608806864915,0.630170703489267
hi dad,neither,0.03945320844208391,0.33037608806864915,0.630170703489267
Twitch Update?,neither,0.03945320844208391,0.33037608806864915,0.630170703489267
HI DADDY <333,neither,0.03945320844208391,0.33037608806864915,0.630170703489267
damn shrood wassup,offensive_language,0.30364339786800304,0.6184932750506856,0.07786332708131137
Did u hear the new sounds @shroud,neither,0.04194028273428403,0.23082492373399113,0.7272347935317248
@shroud does scooby got a booty?,offensive_language,0.024418278219005496,0.5199843992978124,0.4555973224831821
DADDY! @Shroud,neither,0.03945320844208391,0.33037608806864915,0.630170703489267
this streamer looks very noob,neither,0.03933877734895487,0.3323182823604045,0.6283429402906406
YO SHROUD WHATS UP,offensive_language,0.03662847879334225,0.4852941550133021,0.4780773661933558
hai dad lirikH,neither,0.03945320844208391,0.33037608806864915,0.630170703489267
HeyGuys,neither,0.03945320844208391,0.33037608806864915,0.630170703489267
@shroud Do you like m4a4-s sound?,neither,0.09471861217700739,0.4268262844535579,0.4784551033694347
what a timing @Shroud I was just about to go to sleep,neither,0.050194761455681046,0.36176457061273687,0.5880406679315822
shroudW shroudW shroudW shroudW,neither,0.03945320844208391,0.33037608806864915,0.630170703489267
hey shroud if you make it to atlanta major next year in january will you sign my toaster?,neither,0.040106252750762905,0.44441365970412416,0.515480087545113
Daddy!!!!,neither,0.03945320844208391,0.33037608806864915,0.630170703489267
hello :),neither,0.03945320844208391,0.33037608806864915,0.630170703489267
twitch update DansGame,neither,0.03945320844208391,0.33037608806864915,0.630170703489267
yooo shrood,neither,0.03945320844208391,0.33037608806864915,0.630170703489267
dad,neither,0.03945320844208391,0.33037608806864915,0.630170703489267
shroudy gettin rowdy?,neither,0.03945320844208391,0.33037608806864915,0.630170703489267
"Hey, Mike! :D",neither,0.03945320844208391,0.33037608806864915,0.630170703489267
first PogChamp,neither,0.02604892428726219,0.3349864360510187,0.6389646396617191
fk ya,offensive_language,0.025236842855968746,0.5865154598413617,0.3882476973026695
!uptime,neither,0.03945320844208391,0.33037608806864915,0.630170703489267
DADDY,neither,0.03945320844208391,0.33037608806864915,0.630170703489267
@crux3_elite Channel shroud has been live for 02m and 01s,neither,0.037527441653855145,0.2724964938497483,0.6899760644963965
<3,neither,0.03945320844208391,0.33037608806864915,0.630170703489267
Waddup Boiii,neither,0.03945320844208391,0.33037608806864915,0.630170703489267
shrood,neither,0.03945320844208391,0.33037608806864915,0.630170703489267
shoudy getting me?,offensive_language,0.022631680099566412,0.496885989495696,0.4804823304047376
yas,neither,0.03945320844208391,0.33037608806864915,0.630170703489267
Hey,neither,0.03945320844208391,0.33037608806864915,0.630170703489267
yo dad,neither,0.03970510195323979,0.43664701230330005,0.5236478857434601
Suhh,neither,0.03945320844208391,0.33037608806864915,0.630170703489267
DADDY,neither,0.03945320844208391,0.33037608806864915,0.630170703489267
lirikHYPE lirikHYPE lirikHYPE lirikHYPE,neither,0.03945320844208391,0.33037608806864915,0.630170703489267
wassa,neither,0.03945320844208391,0.33037608806864915,0.630170703489267
Shroud you saved my night,offensive_language,0.03307118805566037,0.48952390149485697,0.4774049104494828
why is shroud streaming when LoL worlds is going on?,neither,0.02747882717923758,0.4294586424515604,0.5430625303692019
Shroud,neither,0.03945320844208391,0.33037608806864915,0.630170703489267
Hey,neither,0.03945320844208391,0.33037608806864915,0.630170703489267
Hey Shroud,neither,0.03945320844208391,0.33037608806864915,0.630170703489267
SHROUD DADDY,neither,0.03945320844208391,0.33037608806864915,0.630170703489267
"@erikdoooo, you have to put 'is look' and a ' :/ ' at the end BabyRage",neither,0.07293103974669408,0.3362066439246008,0.5908623163287052
Papa shrood,neither,0.03945320844208391,0.33037608806864915,0.630170703489267
daddy,neither,0.03945320844208391,0.33037608806864915,0.630170703489267
Kappa,neither,0.03945320844208391,0.33037608806864915,0.630170703489267
hey dad,neither,0.03945320844208391,0.33037608806864915,0.630170703489267
Hey shroud what's up,neither,0.0433431907507055,0.40145735541964916,0.5551994538296453
First,neither,0.02604892428726219,0.3349864360510187,0.6389646396617191
Hey shroud notice me pls @shroud,neither,0.03332005763569981,0.36325266021468716,0.6034272821496129
hii,neither,0.03945320844208391,0.33037608806864915,0.630170703489267
here we goooo,neither,0.08830176354822347,0.2939306457236038,0.6177675907281728
shrooood,neither,0.03945320844208391,0.33037608806864915,0.630170703489267
mommy said your a bad influence,neither,0.06100036537567352,0.32469311482339247,0.614306519800934
HI DAD,neither,0.03945320844208391,0.33037608806864915,0.630170703489267
daddy,neither,0.03945320844208391,0.33037608806864915,0.630170703489267
Daaddd,neither,0.03945320844208391,0.33037608806864915,0.630170703489267
Yeet,neither,0.03945320844208391,0.33037608806864915,0.630170703489267
SHROUDYY,neither,0.03945320844208391,0.33037608806864915,0.630170703489267
SHROOOOOOD,neither,0.03945320844208391,0.33037608806864915,0.630170703489267
FIRST,neither,0.02604892428726219,0.3349864360510187,0.6389646396617191
hey,neither,0.03945320844208391,0.33037608806864915,0.630170703489267
DADDY,neither,0.03945320844208391,0.33037608806864915,0.630170703489267
ITS TIME,neither,0.028403263479439233,0.36615975061363926,0.6054369859069215
Dab,neither,0.03945320844208391,0.33037608806864915,0.630170703489267
whats up my baby shroud,neither,0.02575274406330751,0.4776488305828331,0.4965984253538593
Good morning papi,neither,0.04638486404299651,0.20072574318086445,0.7528893927761391
reddit,neither,0.03945320844208391,0.33037608806864915,0.630170703489267
daaaddd,neither,0.03945320844208391,0.33037608806864915,0.630170703489267
SSSHHRROUUFYFYFYFYFYF,neither,0.03945320844208391,0.33037608806864915,0.630170703489267
hi shroud,neither,0.03945320844208391,0.33037608806864915,0.630170703489267
"@ACrunchyCaptain, That's dedication right there!",neither,0.03483002274906205,0.3473880644412968,0.6177819128096413
"@shroud, can you update your new config pls ? :)",neither,0.09635324353659797,0.27535415811950475,0.6282925983438972
rip,neither,0.03945320844208391,0.33037608806864915,0.630170703489267
@shroud are you thinking of trying forza horizon 3?,neither,0.081492506719113,0.32779923150857027,0.5907082617723167
Kappa,neither,0.03945320844208391,0.33037608806864915,0.630170703489267
DADDY,neither,0.03945320844208391,0.33037608806864915,0.630170703489267
@shroud your dad is polish ??,neither,0.08158187224677045,0.3178317860214783,0.6005863417317513
HeyGuys,neither,0.03945320844208391,0.33037608806864915,0.630170703489267
Where is Skadaddy?,neither,0.06245822111259904,0.2612427577458543,0.6762990211415466
hello,neither,0.03945320844208391,0.33037608806864915,0.630170703489267
!uptime,neither,0.03945320844208391,0.33037608806864915,0.630170703489267
yooooo,neither,0.03945320844208391,0.33037608806864915,0.630170703489267
Hey :D,neither,0.03945320844208391,0.33037608806864915,0.630170703489267
@rarphyy Channel shroud has been live for 02m and 35s,neither,0.037527441653855145,0.2724964938497483,0.6899760644963965
1st,neither,0.03945320844208391,0.33037608806864915,0.630170703489267
The AK is AIDS but the m4a4 is AMAZING,neither,0.04711219730536261,0.3112981118795943,0.6415896908150431
ayy,neither,0.03945320844208391,0.33037608806864915,0.630170703489267
HOLAAA :DD,neither,0.03945320844208391,0.33037608806864915,0.630170703489267
@shroud oh dude u gon get mad after hearing the sounds of people dying,neither,0.03626255792742285,0.42421024966574317,0.5395271924068339
Daddy can you punish my gravy dumplings?,neither,0.041583391609217646,0.4557207423427058,0.5026958660480764
dad?,neither,0.03945320844208391,0.33037608806864915,0.630170703489267
"@Shroud, Hi im gay",neither,0.32643006694343707,0.18854999311763596,0.48501993993892706
the sounds are gross,neither,0.06491525355178183,0.2686803332803556,0.6664044131678625
LUL,neither,0.03945320844208391,0.33037608806864915,0.630170703489267
first Kappa,neither,0.03217609621446155,0.3328790206600943,0.6349448831254441
"@Shroud, you won't like the m4a4",neither,0.10082740600032579,0.40979120245965694,0.4893813915400173
"@Shroud, Your room is a mess dude!",neither,0.0832909439225539,0.3173148101954137,0.5993942458820324
wazzzuuup,neither,0.03945320844208391,0.33037608806864915,0.630170703489267
shroud bester mann!,neither,0.03945320844208391,0.33037608806864915,0.630170703489267
!uptime,neither,0.03945320844208391,0.33037608806864915,0.630170703489267
Yo,offensive_language,0.04010381111145228,0.5271105317972344,0.4327856570913131
hi shroud,neither,0.03945320844208391,0.33037608806864915,0.630170703489267
who's shroud?,offensive_language,0.04159901189299763,0.525362713080101,0.4330382750269014
@shroud How have you been?,neither,0.06531784583971305,0.42884799896795867,0.5058341551923283
Everyone remember he said it,neither,0.03688629251150937,0.4317778526792137,0.531335854809277
"@Shroud, what's up bro? You going to ESL One NY?",neither,0.05696218217830504,0.44022737607095247,0.5028104417507424
did you build your gamiing pc yourself?,neither,0.08238706830761357,0.35938316852823293,0.5582297631641534
Oscar he good ?,neither,0.04496333913124159,0.32848090145428505,0.6265557594144734
!live,neither,0.04891340716200846,0.3271222919257548,0.6239643009122369
"Hey bro, how are you @shroud",neither,0.10529011559411568,0.32596268740700945,0.568747196998875
Heyyyyy shroud,neither,0.03945320844208391,0.33037608806864915,0.630170703489267
hey @shroud,neither,0.03945320844208391,0.33037608806864915,0.630170703489267
"@shroud Galil sound is one of the best for me, check it :-D",neither,0.03176061304451751,0.34344900541212614,0.6247903815433564
hi,neither,0.03945320844208391,0.33037608806864915,0.630170703489267
<3 <3 <3 <3 <3 <3 <3,neither,0.03945320844208391,0.33037608806864915,0.630170703489267
did he checked the sounds,neither,0.04338873821174821,0.31457534081605953,0.6420359209721923
@shroud ur gonna regret playing csgo cuz if these sounds,neither,0.04349459084667917,0.4362436941216881,0.5202617150316327
ITS TIME,neither,0.028403263479439233,0.36615975061363926,0.6054369859069215
Are you a human being?,neither,0.4024662162372487,0.13461100727810962,0.4629227764846416
hey @shroud,neither,0.03945320844208391,0.33037608806864915,0.630170703489267
notice me shroud make my dream come true,neither,0.025613206179386745,0.43991714923331116,0.534469644587302
"@Shroud, hey man love you keep up the good work",offensive_language,0.046576439616890807,0.4792279429945255,0.47419561738858373
Hey,neither,0.03945320844208391,0.33037608806864915,0.630170703489267
HeyGuys shroudy,neither,0.03945320844208391,0.33037608806864915,0.630170703489267
the new sounds are trash,neither,0.0733826262408623,0.05376901291065763,0.8728483608484802
@shroud what do you think on you guys performed against OpTic?,neither,0.07466564838559048,0.38787326930584737,0.537461082308562
ITS TIME SHROUD,neither,0.028403263479439233,0.36615975061363926,0.6054369859069215
ITS TIME,neither,0.028403263479439233,0.36615975061363926,0.6054369859069215
ITS TIME,neither,0.028403263479439233,0.36615975061363926,0.6054369859069215
"@Shroud, I don't mean the team, I mean you, specifically",neither,0.050106233396526055,0.3497297879901627,0.6001639786133113
its time,neither,0.028403263479439233,0.36615975061363926,0.6054369859069215
Shrood?,neither,0.03945320844208391,0.33037608806864915,0.630170703489267
Brandon he good?,neither,0.045042493541500986,0.3284536766229237,0.6265038298355754
Papi,neither,0.03945320844208391,0.33037608806864915,0.630170703489267
is it time lirikN,neither,0.04957552498532811,0.36090464428914903,0.5895198307255228
"@Shroud, adopt me",neither,0.0313868601768065,0.37441877101615234,0.5941943688070411
TIME FOR JOOHN CENAAAAa,neither,0.027501440403312122,0.315918077696926,0.6565804818997619
ay,neither,0.03945320844208391,0.33037608806864915,0.630170703489267
@shroud show launch options,neither,0.05772272194896758,0.24339299025988598,0.6988842877911464
its time,neither,0.028403263479439233,0.36615975061363926,0.6054369859069215
@shroud can u check out my newest edit and let me know what u think about it? its 39 sec long :) <3,neither,0.021988164883250047,0.39481970253934423,0.5831921325774058
"shroud streams PogChamp ""it's time"" as in it's shroud time Kappa",neither,0.035087181220086895,0.376572822707226,0.5883399960726872
allu,neither,0.03945320844208391,0.33037608806864915,0.630170703489267
Csgo,neither,0.03945320844208391,0.33037608806864915,0.630170703489267
shroud <3,neither,0.03945320844208391,0.33037608806864915,0.630170703489267
It's time,neither,0.034389982057555904,0.3710596410554468,0.5945503768869974
RIP AK SOUND,neither,0.03945320844208391,0.33037608806864915,0.630170703489267
IS IT TIME @Shroud ???,neither,0.04957552498532811,0.36090464428914903,0.5895198307255228
@shroud can u love me ?,neither,0.024241526937964695,0.41188090240771114,0.5638775706543241
"@Shroud, LoL worlds starts at 7EST, you better host them",neither,0.053447718598961316,0.41350725566716523,0.5330450257338735
sounds pretty realistic tho,neither,0.03513048547844587,0.34009846084151424,0.6247710536800399
@acrunchycaptain subbed to everyone huh Kappa,neither,0.039433716245605085,0.3993353107893027,0.5612309729650923
THE AI IS AMAZING,neither,0.04612009951846733,0.31297311711495013,0.6409067833665825
@shroud ADOPT ME PLEASE TAKE ME,neither,0.02817686552769863,0.39388313537390207,0.5779399990983993
Play cluster truck,neither,0.03945320844208391,0.33037608806864915,0.630170703489267
I love the M4A4 sounds. AK is aight,neither,0.042380124737449135,0.32607156655958675,0.6315483087029642
hallo,neither,0.03945320844208391,0.33037608806864915,0.630170703489267
i think all the guns sound fucking amazing,offensive_language,0.09948908543414556,0.8948926395274676,0.005618275038386848
!uptime,neither,0.03945320844208391,0.33037608806864915,0.630170703489267
@kingkong154 Channel shroud has been live for 03m and 14s,neither,0.037527441653855145,0.2724964938497483,0.6899760644963965
DADDY SHROUD,neither,0.03945320844208391,0.33037608806864915,0.630170703489267
CUT?,neither,0.03945320844208391,0.33037608806864915,0.630170703489267
@shroud who do You think is the best csgo team in the world?,neither,0.057104200797238984,0.3665620629795373,0.5763337362232237
@shroud hi father,neither,0.03945320844208391,0.33037608806864915,0.630170703489267
@shroud do you enjoy the Denmark band called volbeat!?!?!,neither,0.0549277030808486,0.35446446688478295,0.5906078300343685
hi,neither,0.03945320844208391,0.33037608806864915,0.630170703489267
the ak sounds like a helicopter,neither,0.04701616470855742,0.32910811498199427,0.6238757203094483
@shroud MISSED DONATION,neither,0.03945320844208391,0.33037608806864915,0.630170703489267
"@Shroud, Whatsup shrooood shroudH",neither,0.03945320844208391,0.33037608806864915,0.630170703489267
"@shroud Daily joke to cheer you up; For Sale: Parachute. Used once, never opened, small stain",neither,0.042719102295247016,0.3745166899466712,0.5827642077580818
ny lirikFEELS,neither,0.03945320844208391,0.33037608806864915,0.630170703489267
!uptime,neither,0.03945320844208391,0.33037608806864915,0.630170703489267
shroud bester mann!,neither,0.03945320844208391,0.33037608806864915,0.630170703489267
"@Leirbagortiz, C9",neither,0.03945320844208391,0.33037608806864915,0.630170703489267
@shroud are you thinking of trying forza horizon 3??,neither,0.081492506719113,0.32779923150857027,0.5907082617723167
@shroud Come to Vancouver. fuck the United states,offensive_language,0.1582685568884674,0.8339576436430534,0.007773799468479216
"@Shroud, I'LL SEE YOU IN NY BROOOO! :D",neither,0.05832101010319517,0.38310974525461633,0.5585692446421886
yeoooo ill see you in NY FAM @shroud,neither,0.05392532667758234,0.3714481107441586,0.5746265625782592
ESL One? @shroud,neither,0.03850089444474715,0.3653481103586228,0.5961509951966302
"@TheCoolComs, lirikN",neither,0.03945320844208391,0.33037608806864915,0.630170703489267
"@Shroud, play the invitational, just say you are kind of reddit",neither,0.07989353035882032,0.33062909602996615,0.5894773736112134
ak sounds,neither,0.03945320844208391,0.33037608806864915,0.630170703489267
shroudW shroudMilk shroudW shroudMilk,neither,0.03945320844208391,0.33037608806864915,0.630170703489267
Why does my name have a red background ?,offensive_language,0.01665822405465342,0.4986010813618584,0.4847406945834882
shroud hair Kreygasm,neither,0.03945320844208391,0.33037608806864915,0.630170703489267
"@Shroud, hey man iove you keep up the godo work",offensive_language,0.05221585224263021,0.48818103743491126,0.45960311032245854
HES CUT FeelsBadMan,neither,0.03945320844208391,0.33037608806864915,0.630170703489267
Is that a candle,neither,0.0436934699612105,0.3723876712986079,0.5839188587401816
Ak sounds like a p250 rapid fire,neither,0.0487423783791522,0.3440122139789746,0.6072454076418732
NY BibleThump,neither,0.03945320844208391,0.33037608806864915,0.630170703489267
this streamer is look very cute StinkyCheese,neither,0.05298725151442199,0.29461652408655803,0.6523962243990201
a1 is fine,neither,0.048180919494403264,0.3273742280233075,0.6244448524822892
!uptime,neither,0.03945320844208391,0.33037608806864915,0.630170703489267
@marcosmahon Channel shroud has been live for 03m and 39s,neither,0.037527441653855145,0.2724964938497483,0.6899760644963965
yo shroud,offensive_language,0.04010381111145228,0.5271105317972344,0.4327856570913131
"lirikSHUCKS, lirikN",neither,0.03945320844208391,0.33037608806864915,0.630170703489267
sup shroud,neither,0.03945320844208391,0.33037608806864915,0.630170703489267
"AK sound is good, you can like hear the individual bullets now. M4A4 sounds weird though.",neither,0.05990676988610479,0.34990231634091257,0.5901909137729826
new sounds make guns sound slow,neither,0.04219464856264909,0.26262488645672366,0.6951804649806271
im new here,neither,0.1267592982166546,0.19909625033240688,0.6741444514509385
DADDY SHROUD,neither,0.03945320844208391,0.33037608806864915,0.630170703489267
@shroud did OpTic perform good against you guys?,neither,0.0536360845857857,0.3498697060292015,0.5964942093850129
How you doing?,neither,0.07007778407981097,0.41251336593017107,0.517408849990018
optic shroud?,neither,0.03945320844208391,0.33037608806864915,0.630170703489267
HeyGuys Hey Shroud how you doin? :),neither,0.05925855703863071,0.38554911758465027,0.555192325376719
@shroud show launch options,neither,0.05772272194896758,0.24339299025988598,0.6988842877911464
"@Shroud, rip ak sound m8",neither,0.03945320844208391,0.33037608806864915,0.630170703489267
the sounds are fine to me,neither,0.06379415800871219,0.3029282006114956,0.6332776413797921
PunchTrees PunchTrees PunchTrees PunchTrees PunchTrees PunchTrees PunchTrees,neither,0.03945320844208391,0.33037608806864915,0.630170703489267
ONLY 400 VEIWERS,neither,0.03945320844208391,0.33037608806864915,0.630170703489267
Its good,neither,0.028901295535216566,0.334005374781645,0.6370933296831385
trivium?,neither,0.03945320844208391,0.33037608806864915,0.630170703489267
that timing literally just got on twitch,neither,0.03131716130124174,0.41279554406464297,0.5558872946341152
shrood,neither,0.03945320844208391,0.33037608806864915,0.630170703489267
@shroud can you update your new config ?,neither,0.12083515585235162,0.2593069744269316,0.6198578697207168
@shroud how did you lose to OpTic?,neither,0.07210046314980931,0.3816551269821409,0.5462444098680498
go cs pizdyuk,neither,0.04076545527285137,0.334931166163354,0.6243033785637945
your opinion is wrong 4Head,neither,0.09257503977937213,0.31449662153431995,0.592928338686308
!crosshair,neither,0.03945320844208391,0.33037608806864915,0.630170703489267
FIST ME @SHROUID,neither,0.030520268528858967,0.37955764608814885,0.5899220853829922
It's awful,neither,0.03761218770134201,0.33100929952250563,0.6313785127761523
they all sound fine like the community just hates change or some shit idk,offensive_language,0.04699331744610845,0.925873340934523,0.027133341619368652
SHROOD,neither,0.03945320844208391,0.33037608806864915,0.630170703489267
everything is terrible lmao,neither,0.046471460353831436,0.3444389638641891,0.6090895757819794
helloooooooo,neither,0.03945320844208391,0.33037608806864915,0.630170703489267
@shroud all the sounds are amazing.,neither,0.06773015402779922,0.3352311535083024,0.5970386924638985
AUG sounds like a helicopter,neither,0.05072094386424078,0.3466755651843074,0.6026034909514517
!mouse,neither,0.03945320844208391,0.33037608806864915,0.630170703489267
@jawshthefool He's using the Logitech G Pro,neither,0.03984410112167261,0.377725686199306,0.5824302126790214
The sounds are really bad,neither,0.06233961155594104,0.2638765157293745,0.6737838727146844
What's life like at them moment bro?,neither,0.06578958164451658,0.4053248668051825,0.5288855515503009
IM EARL,neither,0.03844463390981952,0.36863678485754986,0.5929185812326305
we need more updates on sound ive been waiting all my life for this Kappa,neither,0.028195480734508893,0.43379757343871994,0.5380069458267711
"@Th3finnster, he just turned his stream on you dumb idiot",neither,0.06991197974430576,0.3877541439991033,0.542333876256591
I love everything except A4,neither,0.03629139661843481,0.3451367270929512,0.6185718762886141
@shroud i fuckin love you @shroud,offensive_language,0.10791876086714224,0.8918872757058185,0.0001939634270392439
ur trash,neither,0.09972535296885966,0.063916384154651,0.8363582628764894
@SHROUD NOTICE ME SENPAI,neither,0.030417710561350883,0.38017139541472955,0.5894108940239196
so long suckers! i rev up my motorcylce and create a huge cloud of smoke. when the cloud dissipates im lying completely dead on the pavement,neither,0.027681532119469457,0.422674736621939,0.5496437312585916
Jebaited,neither,0.03945320844208391,0.33037608806864915,0.630170703489267
"Shroud, what are you playing today?",neither,0.11559722703658823,0.28702001494988255,0.5973827580135291
shroud the AK actually sounds like a real AK now so idk there's there,neither,0.03997630930810525,0.36543934153113744,0.5945843491607573
"hollyylive_, DansGame",neither,0.03945320844208391,0.33037608806864915,0.630170703489267
fap paper,neither,0.03945320844208391,0.33037608806864915,0.630170703489267
BOTTLES,neither,0.03945320844208391,0.33037608806864915,0.630170703489267
just no. @newsounds,neither,0.028706901431786256,0.40546845799641895,0.5658246405717947
Э,neither,0.03945320844208391,0.33037608806864915,0.630170703489267
hoarder @shroud,neither,0.03945320844208391,0.33037608806864915,0.630170703489267
Terrible new sounds,neither,0.04300302604192633,0.2419003030354819,0.7150966709225919
"@Shroud, I'LL SEE YOU IN NY BROOOO! :D",neither,0.05832101010319517,0.38310974525461633,0.5585692446421886
"@Shroud, get in the h1z1 invitational, just say you are kind of reddit 4Head",neither,0.08046328756698697,0.33969076531677456,0.5798459471162385
rururu OhMyDog,neither,0.03945320844208391,0.33037608806864915,0.630170703489267
"@shroud Galil sound is super cool for me, check it :-D",neither,0.03362921182390839,0.33549504374816547,0.6308757444279263
I LOVE YOU DADDY @Shroud,neither,0.05923294401987339,0.4218119101385346,0.518955145841592
condoms,neither,0.03945320844208391,0.33037608806864915,0.630170703489267
hi @TheCoolComs sup,neither,0.03945320844208391,0.33037608806864915,0.630170703489267
shrood,neither,0.03945320844208391,0.33037608806864915,0.630170703489267
Ppl obsessed about the new sounds no one mentioning the jumping accuracy change,neither,0.03881087954908011,0.30607116162843434,0.6551179588224855
"@Shroud, hey man i love you keep up the good work dude",neither,0.045911998876219884,0.4658007577604583,0.48828724336332163
Shroud did the Buffalo Wild Wings in Torrance smell like a sewer? xD,neither,0.045027816644373865,0.32945966596171083,0.6255125173939152
Three days grace?,neither,0.03945320844208391,0.33037608806864915,0.630170703489267
trivium?/,neither,0.03945320844208391,0.33037608806864915,0.630170703489267
"@Shroud, how do you pronounce your last name?",neither,0.08943855729875284,0.3607697364774059,0.5497917062238413
crack pipes,neither,0.03945320844208391,0.33037608806864915,0.630170703489267
The AK sounds like a train when you spray it @shroud,neither,0.047575589484825466,0.3953667648052606,0.5570576457099139
@shroud see u in esl ny,neither,0.03945320844208391,0.33037608806864915,0.630170703489267
@shroud the ak and the m4a1s is ok,neither,0.04475778688777248,0.2676053079524587,0.6876369051597689
The new awp sound profile is nice but the ak is like old m4,neither,0.0542204652379988,0.2738778681170009,0.6719016666450002
"@shroud Daily joke to cheer you up; For Sale: Parachute. Used once, never opened, small stain",neither,0.042719102295247016,0.3745166899466712,0.5827642077580818
!uptime,neither,0.03945320844208391,0.33037608806864915,0.630170703489267
Daddy Streaming PogChamp,neither,0.03945320844208391,0.33037608806864915,0.630170703489267
@john_predator320 Channel shroud has been live for 04m and 24s,neither,0.03779113064157903,0.28212066614672776,0.6800882032116932
@shroud what do you think of the new twitch layout?,neither,0.06524017259129311,0.2615470917551178,0.6732127356535891
NOTICE ME DADDY @Shroud,neither,0.03211186785139805,0.3701835140332484,0.5977046181153535
just got a g pro its sooo good,neither,0.029792861296696217,0.3876382909318206,0.5825688477714831
!mouse,neither,0.03945320844208391,0.33037608806864915,0.630170703489267
@galexy123 He's using the Logitech G Pro,neither,0.03984410112167261,0.377725686199306,0.5824302126790214
I'll see you Saturday in New York than :),neither,0.05610668341799512,0.2973715326468504,0.6465217839351545
love for morocco,neither,0.024334254743188368,0.30260163231653014,0.6730641129402815
op,neither,0.03945320844208391,0.33037608806864915,0.630170703489267
@shroud AK sound is coool,neither,0.045750250433497085,0.3282102465731475,0.6260395029933554
sounds like paintball gun,neither,0.05208326513952016,0.34846601724953313,0.5994507176109467
shroud did you end up getting used to the 403???,neither,0.05248436354123876,0.462067170285201,0.4854484661735603
shrouddy gettin roudddyyyy,neither,0.03945320844208391,0.33037608806864915,0.630170703489267
did you build your gaming pc?,neither,0.07758588146359122,0.3568961997085448,0.565517918827864
!uptime,neither,0.03945320844208391,0.33037608806864915,0.630170703489267
@shroud me liek new sounds lel,neither,0.0366490137749393,0.29379937457916594,0.6695516116458948
@shroud ALL THE GUNS SOUND THE SAME NOW FML,neither,0.039852435343251114,0.361430549475926,0.5987170151808229
@shroud do you think the team needs to just stay the same and just work on improving together?,neither,0.04417270778877304,0.33954918527092065,0.6162781069403064
@shroud are you thinking of trying forza horizon 3 out? :),neither,0.07282832415344838,0.34267645805299807,0.5844952177935536
sup shroud,neither,0.03945320844208391,0.33037608806864915,0.630170703489267
!uptime,neither,0.03945320844208391,0.33037608806864915,0.630170703489267
Where has shroud been ?,neither,0.04210188108451371,0.28542120084184713,0.6724769180736391
m4a4 is epic sound,neither,0.048180919494403264,0.3273742280233075,0.6244448524822892
@shroud NOTICE ME DAD,neither,0.03201991759954124,0.3707174621680381,0.5972626202324206
"@iffudaking, its trivium you retard",offensive_language,0.1520008873963057,0.8472702501709845,0.0007288624327098183
@shroud mommy said your silly,neither,0.06840228224535691,0.3223383886475102,0.6092593291071329
galil sounds badass,neither,0.03945320844208391,0.33037608806864915,0.630170703489267
PogChamp PogChamp PogChamp,neither,0.03945320844208391,0.33037608806864915,0.630170703489267
shrooood<3,neither,0.03945320844208391,0.33037608806864915,0.630170703489267
@shroud play h1z1 :),neither,0.03945320844208391,0.33037608806864915,0.630170703489267
@shroud what do u think about the 100,neither,0.04473200383025695,0.32774940536600705,0.6275185908037361
I don't like the sounds honestly. But it's w/e,neither,0.043437836391924,0.3388570169281416,0.6177051466799344
Gang,neither,0.03945320844208391,0.33037608806864915,0.630170703489267
suh dude,neither,0.03945320844208391,0.33037608806864915,0.630170703489267
How big is timmy's jimmy?,neither,0.03143125074458993,0.3786799331509471,0.5898888161044629
rip,neither,0.03945320844208391,0.33037608806864915,0.630170703489267
Have you heard the new sounds yet ???,neither,0.05657607560096546,0.2792417346461067,0.6641821897529279
the feuk happened with twitch?,neither,0.029241021037911354,0.34865073278718667,0.6221082461749019
Do u think they should bring back the 1.6 ask sound ?,neither,0.05033265583867246,0.336271197533381,0.6133961466279465
kk,neither,0.03945320844208391,0.33037608806864915,0.630170703489267
I was about to say how is shroud streaming from ny but then i remembered FeelsBadMan,neither,0.04671637409393238,0.3399922947819646,0.6132913311241031
ak sounds weak as fuck now,offensive_language,0.1346951257598121,0.8560576683151836,0.009247205925004264
Kappa,neither,0.03945320844208391,0.33037608806864915,0.630170703489267
"@Shroud, honestly the ak sounds like my shorts when i eat 3 spicy ramon",neither,0.032368062109258224,0.40074507669371684,0.566886861197025
A4 sounds like my printer @Shroud,neither,0.037037299298801965,0.4257190127284679,0.5372436879727301
How are you,neither,0.19156335723385254,0.31525141242459664,0.49318523034155076
!crosshair,neither,0.03945320844208391,0.33037608806864915,0.630170703489267
"@orangeorrb His crosshair: cl_crosshairstyle 2; cl_crosshairsize 3.5, cl_crosshairgap -2, cl_crosshair_dynamic_splitdist 3",neither,0.14069094616772104,0.3246784056473605,0.5346306481849185
@shroud show pls launch options,neither,0.05306912381492649,0.26296559037960254,0.683965285805471
Will I see you in ny,neither,0.061032349763201994,0.3560434171141559,0.5829242331226422
you still using the 403?,neither,0.05173278057992121,0.46930384257942126,0.4789633768406574
"let's hear some strife, shroud FeelsGoodMan",neither,0.01604602737564061,0.386590947670279,0.5973630249540803
PLAY KZ PogChamp,neither,0.03945320844208391,0.33037608806864915,0.630170703489267
"@THOSECRAVES, Yooooooo",neither,0.03945320844208391,0.33037608806864915,0.630170703489267
omfg the number of wiews,neither,0.03853456900607846,0.31356178165343407,0.6479036493404875
FeelsGoodMan,neither,0.03945320844208391,0.33037608806864915,0.630170703489267
"@Shroud, how do you pronounce your last name?",neither,0.08943855729875284,0.3607697364774059,0.5497917062238413
M4 = Five seven if it had aids,neither,0.02769632832846208,0.3643554437674767,0.6079482279040613
THE AK IS NICE ASF,neither,0.04537171362574267,0.3147419329115103,0.639886353462747
LUL,neither,0.03945320844208391,0.33037608806864915,0.630170703489267
@shroud can you update your new config ?,neither,0.12083515585235162,0.2593069744269316,0.6198578697207168
Shroud did the Buffalo Wild Wings in Torrance smell like a sewer? xD,neither,0.045027816644373865,0.32945966596171083,0.6255125173939152
NEW SOUNDS ARE DO BAD,neither,0.06964376947783223,0.19326120154412127,0.7370950289780465
@shroud how long is it going to tak u to get on reddit today then?,neither,0.050923559716161776,0.3424699311132899,0.6066065091705483
@shroud u polish fuckk answer me or i suck you off @shroud,neither,0.058945247140950965,0.3936999803741033,0.5473547724849458
"@Shroud, Shroud streaming got somethign to watch Kreygasm",neither,0.050658889856089254,0.368055942933449,0.5812851672104618
i dont get it,neither,0.03629353485916755,0.34589444737808533,0.6178120177627471
Nice music choise there =),neither,0.03937330484354114,0.28129557124426635,0.6793311239121925
Are you coming to Cali for a tournement some time soon?,neither,0.06362945450307392,0.32457393402370066,0.6117966114732256
"@Shroud, Got any tips on Tyloo? playing in the same tournament as them next week",neither,0.042673705061162304,0.380845037141004,0.5764812577978339
galil sounds like chainsaw,neither,0.05776902341798489,0.3555857992240617,0.5866451773579534
@shroud what do u think about the SSG 100% armor pen?,neither,0.04279652612678805,0.32856781631954135,0.6286356575536706
shroud bester mann!,neither,0.03945320844208391,0.33037608806864915,0.630170703489267
Famas sounds like Mp7,neither,0.05776902341798489,0.3555857992240617,0.5866451773579534
"@Shroud, drop the ego and call me daddy",neither,0.03893604093593516,0.31534355466077973,0.6457204044032852
NOTICE ME DAD SHROUD,neither,0.03201991759954124,0.3707174621680381,0.5972626202324206
@shroud ill see you in NYC this weekend man!,neither,0.05297068451337919,0.4257442273111804,0.5212850881754405
BREASUS is gayaf,neither,0.081172750358939,0.3160268245287109,0.60280042511235
NOTICE ME DADDY @Shroud,neither,0.03211186785139805,0.3701835140332484,0.5977046181153535
"@Shroud, who are you",offensive_language,0.2014196755972135,0.4669036700805705,0.3316766543222161
some guns do sound weak now,neither,0.033760605807292184,0.34152567392621563,0.6247137202664922
First time i heard the new AK sounds i thought someone bought an auto second round,neither,0.03812169411616422,0.2387591290659026,0.7231191768179333
what's your favorite tv series shroud,neither,0.0743372567483784,0.3184014937573532,0.6072612494942685
PogChamp,neither,0.03945320844208391,0.33037608806864915,0.630170703489267
PogChamp,neither,0.03945320844208391,0.33037608806864915,0.630170703489267
Ska!!,neither,0.03945320844208391,0.33037608806864915,0.630170703489267
FeelsAmazingMan,neither,0.03945320844208391,0.33037608806864915,0.630170703489267
SKADOODLE HYPE shroudHype shroudHype shroudHype shroudHype shroudHype,neither,0.03945320844208391,0.33037608806864915,0.630170703489267
SKADADDy>?!?!?!?!!,neither,0.03945320844208391,0.33037608806864915,0.630170703489267
Holy! Trivium - Down From The Sky,neither,0.039568291173463326,0.2999327302589625,0.6604989785675742
Wtf r u doing,offensive_language,0.04335365362342405,0.6751802136405776,0.2814661327359985
PogChamp,neither,0.03945320844208391,0.33037608806864915,0.630170703489267
SKAAAAAAAADADDY,neither,0.03945320844208391,0.33037608806864915,0.630170703489267
you are going to Oakland,neither,0.10498186511183161,0.3493760269881054,0.5456421079000628
SKADONGLERS PogChamp,neither,0.03945320844208391,0.33037608806864915,0.630170703489267
SKADADDY HYPE PogChamp,neither,0.03945320844208391,0.33037608806864915,0.630170703489267
"@Shroud, m4a1-s sounds its a fucking paintball gun",offensive_language,0.09180544675473476,0.9064238759623631,0.0017706772829022938
FeelsGoodMan skadoodle FeelsGoodMan,neither,0.03945320844208391,0.33037608806864915,0.630170703489267
Kreygasm,neither,0.03945320844208391,0.33037608806864915,0.630170703489267
!sens,neither,0.03945320844208391,0.33037608806864915,0.630170703489267
@jawshthefool DPI: 400 - Ingame : 2.0 - Windows: 6/11 - Raw-Input: On - 1000 Hz Polling Rate,neither,0.03781786467716525,0.33814216926935486,0.6240399660534798
SKADADY,neither,0.03945320844208391,0.33037608806864915,0.630170703489267
@shroud are you thinking of trying forza horizon 3 out? :),neither,0.07282832415344838,0.34267645805299807,0.5844952177935536
IDK THIS SHIT @masterOFdoomies,offensive_language,0.04251789083433166,0.9574132477016315,6.886146403673736e-05
Ska PogChamp,neither,0.03945320844208391,0.33037608806864915,0.630170703489267
PogChamp,neither,0.03945320844208391,0.33037608806864915,0.630170703489267
"@OMGiddy, DansGame .. ascendancy is triviums best album by far. the rest is trash",neither,0.05370377518489615,0.20169092675145733,0.7446052980636465
PogChamp,neither,0.03945320844208391,0.33037608806864915,0.630170703489267
Go play,neither,0.041462783528228166,0.33736115321257615,0.6211760632591957
STRIFEEEE,neither,0.03945320844208391,0.33037608806864915,0.630170703489267
new twitch DansGame,neither,0.043301118494078285,0.23413499177287803,0.7225638897330438
Kreygasm Kreygasm,neither,0.03945320844208391,0.33037608806864915,0.630170703489267
SwiftRage,neither,0.03945320844208391,0.33037608806864915,0.630170703489267
Aye!,neither,0.03945320844208391,0.33037608806864915,0.630170703489267
