text,top_class,hate_speech,offensive_language,neither
hello shroud,neither,0.03945320844208391,0.33037608806864915,0.630170703489267
hi,neither,0.03945320844208391,0.33037608806864915,0.630170703489267
hey shroudH @Shroud,neither,0.03945320844208391,0.33037608806864915,0.630170703489267
Shroudie!,neither,0.03945320844208391,0.33037608806864915,0.630170703489267
thank you for saving my day shroud,neither,0.03501593584062406,0.414216927506526,0.5507671366528499
sup shroud,neither,0.03945320844208391,0.33037608806864915,0.630170703489267
yes we can,neither,0.03962696973750051,0.3274269054045845,0.632946124857915
sup shroood,neither,0.03945320844208391,0.33037608806864915,0.630170703489267
Yes,neither,0.03945320844208391,0.33037608806864915,0.630170703489267
i can hear you,neither,0.06953583505732451,0.4017477320231358,0.5287164329195397
i will be ignoring the chyatuh hahahahha kiefer hahahahahahaa @Parappa_tv,neither,0.04046672247393192,0.2893169479704762,0.670216329555592
yes,neither,0.03945320844208391,0.33037608806864915,0.630170703489267
I can only hear you from the right ear,neither,0.05253837038631556,0.34980117511249986,0.5976604545011844
@shroud your mic is comin from right side only,neither,0.06499264655077613,0.34983977654574155,0.5851675769034823
Yooo,neither,0.03945320844208391,0.33037608806864915,0.630170703489267
Shrooood?,neither,0.03945320844208391,0.33037608806864915,0.630170703489267
hey shroud,neither,0.03945320844208391,0.33037608806864915,0.630170703489267
Hey,neither,0.03945320844208391,0.33037608806864915,0.630170703489267
And i was gonna sleep,neither,0.03705796294140264,0.34001705760160295,0.6229249794569945
Your mic is coming out of only left ear,neither,0.0635240079942022,0.3338601874902154,0.6026158045155824
only right ear,neither,0.03841676929951884,0.3505952222079567,0.6109880084925244
"@poppin148, am i off the team?",neither,0.038174444534665904,0.3111936081260493,0.6506319473392848
yes daddy yes,neither,0.03945320844208391,0.33037608806864915,0.630170703489267
everthing looks good,neither,0.038457139233778734,0.330718681944739,0.6308241788214823
SK ROLF,neither,0.03945320844208391,0.33037608806864915,0.630170703489267
I can only hear you from one side of my headset,offensive_language,0.03677355764605633,0.4970203423108676,0.46620610004307594
»» Get 10% off an awesome Lootcrate at http://c9.gg/lootcratebot! ««,neither,0.035854241356283546,0.2575495405642879,0.7065962180794285
"@shroud, youre only in my right ear....",neither,0.03586142089736584,0.4156977307311441,0.54844084837149
right ear Kreygasm,neither,0.03830291264191924,0.3528117070271776,0.6088853803309031
yea its only through right ear im scared,neither,0.03400826118556067,0.3691391403826308,0.5968525984318086
jo,neither,0.03945320844208391,0.33037608806864915,0.630170703489267
can only hear him in one ear,neither,0.038852263512037424,0.3547679168739048,0.6063798196140577
Shroodie!,neither,0.03945320844208391,0.33037608806864915,0.630170703489267
You're only coming in through the right speaker @Shroud,neither,0.06540683518952978,0.34144666460282175,0.5931465002076484
same,neither,0.04148851938089603,0.3488915597363099,0.609619920882794
shroudPigeon,neither,0.03945320844208391,0.33037608806864915,0.630170703489267
this sounds so fucking weird,offensive_language,0.09961483096322357,0.8993107495101134,0.001074419526662964
Music right ear and voice left ear,neither,0.03846871357625659,0.3178719328984075,0.6436593535253359
shroud Kreygasm,neither,0.03945320844208391,0.33037608806864915,0.630170703489267
Yea,neither,0.03908133164861177,0.3366878077749653,0.624230860576423
!config,neither,0.03945320844208391,0.33037608806864915,0.630170703489267
@recnepss His config can be found on his ESEA page here: http://play.esea.net/users/248592 OR in the FAQ section down below!,neither,0.0839337416261435,0.2602498405772156,0.6558164177966408
10??,neither,0.03945320844208391,0.33037608806864915,0.630170703489267
Dad,neither,0.03945320844208391,0.33037608806864915,0.630170703489267
Heyy,neither,0.03945320844208391,0.33037608806864915,0.630170703489267
10 veiwers??,neither,0.03945320844208391,0.33037608806864915,0.630170703489267
Hey,neither,0.03945320844208391,0.33037608806864915,0.630170703489267
@Parappa_tv i leftr thfe tmae bceuase the ldeaerfg is a fgtroatttggottt,neither,0.06634763790238427,0.27637293114625994,0.6572794309513558
Papa,neither,0.03945320844208391,0.33037608806864915,0.630170703489267
Dad?,neither,0.03945320844208391,0.33037608806864915,0.630170703489267
why do i only hear his r ight ear,neither,0.04752995393131675,0.3440902822049963,0.6083797638636869
what up Shroud,neither,0.04549209283961305,0.43877665191533993,0.5157312552450469
"I can only hear you from my right ear, but the music comes from both ears",neither,0.038830490067631514,0.3868535521930609,0.5743159577393077
sound is messed up,neither,0.04446786699526122,0.3781404708691875,0.5773916621355513
shrroooddd,neither,0.03945320844208391,0.33037608806864915,0.630170703489267
Omg,neither,0.03945320844208391,0.33037608806864915,0.630170703489267
Hi,neither,0.03945320844208391,0.33037608806864915,0.630170703489267
@shroud tips on going pro?,neither,0.03559814837045846,0.36643853371323754,0.597963317916304
MY RIGHT EAR ENJOYS SHROD,neither,0.026379570677610487,0.44608803241123085,0.5275323969111586
Sup @shroud,neither,0.03945320844208391,0.33037608806864915,0.630170703489267
I LOVE U,neither,0.03217296676969875,0.3657703709031763,0.602056662327125
my dad,neither,0.023455540666429818,0.4620431444470546,0.5145013148865156
Shroud!!,neither,0.03945320844208391,0.33037608806864915,0.630170703489267
shroudHype shroudHype shroudHype,neither,0.03945320844208391,0.33037608806864915,0.630170703489267
MY RIGHT EAR,neither,0.026379570677610487,0.44608803241123085,0.5275323969111586
"@shroud, Your mic only comes out of the right ear",neither,0.05458107291841061,0.3377019535738089,0.6077169735077805
You're only coming in through the right speaker @Shroud,neither,0.06540683518952978,0.34144666460282175,0.5931465002076484
shroood,neither,0.03945320844208391,0.33037608806864915,0.630170703489267
HeyGuys,neither,0.03945320844208391,0.33037608806864915,0.630170703489267
MONO LUL,neither,0.03945320844208391,0.33037608806864915,0.630170703489267
Hi papi,neither,0.03945320844208391,0.33037608806864915,0.630170703489267
First live stream,neither,0.03645072026845664,0.33140878143246383,0.6321404982990795
yo scrood thanks for the signature in new york!,neither,0.03557998308723486,0.2696972198199096,0.6947227970928557
shroooooood,neither,0.03945320844208391,0.33037608806864915,0.630170703489267
Shroud notice me!! GivePLZ GivePLZ GivePLZ GivePLZ,neither,0.030417710561350883,0.38017139541472955,0.5894108940239196
Kappa Kappa Kappa,neither,0.03945320844208391,0.33037608806864915,0.630170703489267
Dad,neither,0.03945320844208391,0.33037608806864915,0.630170703489267
:o,neither,0.03945320844208391,0.33037608806864915,0.630170703489267
G ET T I N R O W D Y shroudInsane,neither,0.03945320844208391,0.33037608806864915,0.630170703489267
"@Shroud, your mic is only going through the right ear",neither,0.06483476174647691,0.3421163069782005,0.5930489312753225
Hi :'v,neither,0.03945320844208391,0.33037608806864915,0.630170703489267
@shroud tips on going pro? And getting known in the scene?,neither,0.0335691873330658,0.36369693977655604,0.6027338728903782
Shroud. You're only in my right ear,neither,0.058342158197960015,0.45138991294243314,0.4902679288596067
THANK U i was really bored,neither,0.038929410501642656,0.3392663061216308,0.6218042833767267
papa,neither,0.03945320844208391,0.33037608806864915,0.630170703489267
we can only hear you from the right ear,neither,0.05173832762542705,0.35104841683603544,0.5972132555385375
@shroud your mic is only in our right ear.,neither,0.06999468314412981,0.3348387646478466,0.5951665522080235
shoud,neither,0.03945320844208391,0.33037608806864915,0.630170703489267
my right ear though,neither,0.027923546836461616,0.430894746172027,0.5411817069915115
HI DAD,neither,0.03945320844208391,0.33037608806864915,0.630170703489267
Shroud why can I only hear you in my right ear?? @Shroud,neither,0.031207784535499813,0.46537814206184314,0.503414073402657
and yes,neither,0.0382233935470433,0.26306426998610316,0.6987123364668535
fix sound plesss,neither,0.03945320844208391,0.33037608806864915,0.630170703489267
@shroud Can you hit a nasty dab for stream?,neither,0.045469029709818524,0.33369318942354265,0.6208377808666389
@shroud RIGHT EAR,neither,0.03830291264191924,0.3528117070271776,0.6088853803309031
Ok so it isn't just me,neither,0.026894114350546335,0.43880897685736764,0.5342969087920861
Yo!,offensive_language,0.04010381111145228,0.5271105317972344,0.4327856570913131
why id your mic to the right,neither,0.056322597205597916,0.3353229479818926,0.6083544548125096
SOUND IS MONO,neither,0.04746221442780291,0.32762142365236524,0.6249163619198318
RIGHT EAR,neither,0.03830291264191924,0.3528117070271776,0.6088853803309031
@shroud tips on going pro? And getting known in the scene?h,neither,0.0335691873330658,0.36369693977655604,0.6027338728903782
hey shroud nothing scammed me with his giveaway can u go tell him plz,neither,0.03946945647159789,0.41825334832261135,0.5422771952057909
more sound from right side,neither,0.036147153022214946,0.35790187618604774,0.6059509707917372
Your voice just a right side,neither,0.056082705465869555,0.400825928631997,0.5430913659021334
@shroud whats up man,neither,0.03661499947049185,0.47475261117528955,0.4886323893542186
It 's just a lot louder on thr right dad,neither,0.03342407419511772,0.36475814861943917,0.601817777185443
damn i thought it was my headest,offensive_language,0.032045018603545805,0.8633095444048065,0.10464543699164773
14 viewers,neither,0.03945320844208391,0.33037608806864915,0.630170703489267
?,neither,0.03945320844208391,0.33037608806864915,0.630170703489267
AARGH MY RIGHT EAR,neither,0.026379570677610487,0.44608803241123085,0.5275323969111586
ssshrrrouuuuudddddd,neither,0.03945320844208391,0.33037608806864915,0.630170703489267
@dumbocs hi,neither,0.03945320844208391,0.33037608806864915,0.630170703489267
!dong,neither,0.03945320844208391,0.33037608806864915,0.630170703489267
¯\_(ツ)_/¯,neither,0.03945320844208391,0.33037608806864915,0.630170703489267
this sound gives me a boner,neither,0.03338899599692047,0.36375483603943354,0.6028561679636462
!song,neither,0.038601720699969956,0.3448280572582511,0.616570222041779
14 viewers i feel special,neither,0.06480924962232282,0.3151707594483505,0.6200199909293268
You're voice is alright Kappa,neither,0.08120694710215821,0.3384364295742572,0.5803566233235846
I thought my damn headphones were broken,offensive_language,0.03749282651036001,0.6795540777632826,0.28295309572635746
Tell nothing to get back at it,neither,0.04049651797049921,0.4038329321338182,0.5556705498956827
name a better duo than shroud and just9n ill wait,neither,0.0385577549008837,0.30697670077993244,0.6544655443191838
DEVOUR,neither,0.03945320844208391,0.33037608806864915,0.630170703489267
:D,neither,0.03945320844208391,0.33037608806864915,0.630170703489267
"left ear enjoys music, right ear enjoys shroud Kappa",neither,0.03894108346560163,0.34037697246578236,0.620681944068616
CUBS WON,neither,0.03945320844208391,0.33037608806864915,0.630170703489267
my right ear is blessed,neither,0.03458632883974731,0.4169708267807477,0.548442844379505
Feelsshroudman,neither,0.03945320844208391,0.33037608806864915,0.630170703489267
at least dad can satisfy my right ear.,neither,0.031106948085624853,0.41073899246089424,0.558154059453481
@shroud whats your favorite map??,neither,0.06513399121535159,0.32325104274546645,0.6116149660391821
14 Kappa,neither,0.03945320844208391,0.33037608806864915,0.630170703489267
i've fucking hard guys,offensive_language,0.040176179961423635,0.9592609183658084,0.0005629016727679147
"It's okay guys Shroud is a new streamer, give him time Kappa",neither,0.045664132418878164,0.28283731134625595,0.6714985562348659
wear headset sideways?,neither,0.03945320844208391,0.33037608806864915,0.630170703489267
mono Keepo,neither,0.03945320844208391,0.33037608806864915,0.630170703489267
Why don't u do some giveaways? :/ :/ :/ :/ :/,neither,0.01879355532602046,0.36995159048063486,0.6112548541933446
@shroud how do you feel about the new inferno?! :),neither,0.055412768019641484,0.2979261520166579,0.6466610799637006
why right side?,neither,0.02029572104602977,0.4209072002316967,0.5587970787222736
HI!,neither,0.03945320844208391,0.33037608806864915,0.630170703489267
I HATE THE CUBS,neither,0.2934685762168691,0.18134250871008867,0.5251889150730422
@shroud can u speak some polish words?,neither,0.03320480208983888,0.33772853434374017,0.6290666635664209
"I only hear shroud in right ear, wtf :D",offensive_language,0.04078381688177628,0.5397335119986683,0.4194826711195555
theres sound from the left but reaaaaly slight,neither,0.037189013689808925,0.31292350349937376,0.6498874828108172
@shroud tips on going pro? And getting known in the scene?,neither,0.0335691873330658,0.36369693977655604,0.6027338728903782
Kappa check,neither,0.03945320844208391,0.33037608806864915,0.630170703489267
"@Shroud, mEclipse woulda hit that",neither,0.03513364057211863,0.3774507841963309,0.5874155752315504
some one raged,neither,0.024056911340248947,0.41861947985870074,0.5573236088010501
shroudHype shroudHype shroudHype,neither,0.03945320844208391,0.33037608806864915,0.630170703489267
hi dad,neither,0.03945320844208391,0.33037608806864915,0.630170703489267
Hi,neither,0.03945320844208391,0.33037608806864915,0.630170703489267
n00b streamer Kappa,neither,0.03945320844208391,0.33037608806864915,0.630170703489267
Kappa,neither,0.03945320844208391,0.33037608806864915,0.630170703489267
"@FatHead403, incoming hate",hate_speech,0.8506971177962884,0.04335368827137609,0.1059491939323355
lets go cubbies hopefully they win the world series before my grandpa dies D: he hasnt ever seen them win in his life time,neither,0.04742750739882285,0.41884456197452585,0.5337279306266511
Shroud ASMR,neither,0.03945320844208391,0.33037608806864915,0.630170703489267
shroudW shroudW,neither,0.03945320844208391,0.33037608806864915,0.630170703489267
why would you use studio,neither,0.014827450398878958,0.4730320436092789,0.5121405059918422
Fat i hate the giants,hate_speech,0.5466182439382755,0.06839102204131792,0.3849907340204065
shroud PogChamp,neither,0.03945320844208391,0.33037608806864915,0.630170703489267
Stfu @alexddzy,offensive_language,0.20022954135558085,0.45199920488637724,0.3477712537580419
shroudHype shroudHype shroudHype,neither,0.03945320844208391,0.33037608806864915,0.630170703489267
Shroud should go pro honestly,neither,0.05308723180270422,0.37082065857021135,0.5760921096270843
rip screen,neither,0.03945320844208391,0.33037608806864915,0.630170703489267
Maybe you should ask an experienced streamer like Tim,neither,0.08402175857715995,0.42276198525365616,0.4932162561691839
imGlitch imGlitch imGlitch imGlitch imGlitch imGlitch imGlitch imGlitch imGlitch imGlitch imGlitch imGlitch,neither,0.03945320844208391,0.33037608806864915,0.630170703489267
shroudHype LETS GO,neither,0.039984317429425154,0.35542799280679366,0.6045876897637812
FS Shroud its 5 in the morning in the UK and I haven't been to bed :(,neither,0.04226123887287394,0.20161946238270845,0.7561192987444176
"@p_ness77, currently raging",neither,0.03945320844208391,0.33037608806864915,0.630170703489267
r.i.p voice,neither,0.03945320844208391,0.33037608806864915,0.630170703489267
Worka great on mobile Kappa,neither,0.035928574149852205,0.32101716260215696,0.643054263247991
@aightbrooo r u dumb hes not good enough,neither,0.03766444720464115,0.33512560086421556,0.6272099519311434
I'm gonna jack off while you get this set up,neither,0.048227919652361326,0.46082409998148455,0.4909479803661541
Sucessful BOOST,neither,0.03945320844208391,0.33037608806864915,0.630170703489267
"@Shroud, if you dont fix it im telling on you",offensive_language,0.04211666977996466,0.5033306149778294,0.454552715242206
moeFox moeFox moeFox,neither,0.03945320844208391,0.33037608806864915,0.630170703489267
@shroud HELLO!,neither,0.03945320844208391,0.33037608806864915,0.630170703489267
@Swagdanog you should sleep :),offensive_language,0.1011471467030835,0.48415528390886914,0.41469756938804736
Hi shrud,neither,0.03945320844208391,0.33037608806864915,0.630170703489267
@shroud tips on going pro? And getting known in the scene?h,neither,0.0335691873330658,0.36369693977655604,0.6027338728903782
"wth shroud its 6am here, wanted to go sleep and you stream >_>",neither,0.07725067117492569,0.30905391727294684,0.6136954115521275
!crosshair,neither,0.03945320844208391,0.33037608806864915,0.630170703489267
"@notoriousess Cl_crosshairsize 2, cl_crosshair_drawoutline 1, cl_crosshaircolor 4, cl_crosshairgap -2, cl_crosshairthickness 1",neither,0.03945320844208391,0.33037608806864915,0.630170703489267
"@Swagdanog, Top o' the morning to you.",neither,0.08987415976949763,0.18725991263161357,0.7228659275988889
audio input settings Keepo,neither,0.03945320844208391,0.33037608806864915,0.630170703489267
"@Shroud, is it the balance setting on your mixer?",neither,0.06717852907389683,0.31853325515794695,0.6142882157681562
Im gonna jack off the right side of my dick,offensive_language,0.03667761241772286,0.8533436310541672,0.10997875652810998
@tobysfp what a loser you were suppose to have that done before hand like me :),neither,0.05341796044213416,0.453228679313238,0.4933533602446278
@dawaitajuntai can't now lol,neither,0.027898005183289304,0.4142888113958763,0.5578131834208344
hai dere,neither,0.03945320844208391,0.33037608806864915,0.630170703489267
!mouse,neither,0.03945320844208391,0.33037608806864915,0.630170703489267
@lolneonstar He's using the Logitech G Pro,neither,0.03984410112167261,0.377725686199306,0.5824302126790214
shroud stop streaming in the middle of the night ples :(,neither,0.032466716234238344,0.35984877858634223,0.6076845051794193
lonely left ear,neither,0.03945320844208391,0.33037608806864915,0.630170703489267
Shroud!,neither,0.03945320844208391,0.33037608806864915,0.630170703489267
wtf is wrong with audio,offensive_language,0.03769337142093927,0.5586659787677731,0.40364064981128756
FIXZED,neither,0.03945320844208391,0.33037608806864915,0.630170703489267
fixed,neither,0.03945320844208391,0.33037608806864915,0.630170703489267
its so annoying,neither,0.03190806267422735,0.39201098974730103,0.5760809475784716
fixed,neither,0.03945320844208391,0.33037608806864915,0.630170703489267
fixed,neither,0.03945320844208391,0.33037608806864915,0.630170703489267
FIXED,neither,0.03945320844208391,0.33037608806864915,0.630170703489267
FIXED,neither,0.03945320844208391,0.33037608806864915,0.630170703489267
its good,neither,0.028901295535216566,0.334005374781645,0.6370933296831385
fixed,neither,0.03945320844208391,0.33037608806864915,0.630170703489267
FIXED,neither,0.03945320844208391,0.33037608806864915,0.630170703489267
SAVED!,neither,0.03945320844208391,0.33037608806864915,0.630170703489267
OOOOOOOOOOOO,neither,0.03945320844208391,0.33037608806864915,0.630170703489267
my right ear is enjoying this shroudW,neither,0.03466398249939779,0.4154764516828849,0.5498595658177172
IM GETTING SO TRIGGERED,offensive_language,0.03298268958484002,0.5216669660499076,0.4453503443652524
FIXED,neither,0.03945320844208391,0.33037608806864915,0.630170703489267
I'm so wet rn,neither,0.039409666681866816,0.38060274538522076,0.5799875879329125
is ok,neither,0.054620055933255765,0.326598583035164,0.6187813610315802
WORKS,neither,0.03945320844208391,0.33037608806864915,0.630170703489267
shroudW shroudMilk,neither,0.03945320844208391,0.33037608806864915,0.630170703489267
"@TheDivin3 heres a tip, stop asking in twitch chat, get A+ in ESEA then join a team in main and improve further",neither,0.03881583840354813,0.3470113934956577,0.6141727681007941
SeemsGood,neither,0.03945320844208391,0.33037608806864915,0.630170703489267
fixed,neither,0.03945320844208391,0.33037608806864915,0.630170703489267
FIXED,neither,0.03945320844208391,0.33037608806864915,0.630170703489267
fixed,neither,0.03945320844208391,0.33037608806864915,0.630170703489267
fixed,neither,0.03945320844208391,0.33037608806864915,0.630170703489267
fixed,neither,0.03945320844208391,0.33037608806864915,0.630170703489267
its cool noew,neither,0.030935552106268648,0.3333057006647994,0.635758747228932
SAVED,neither,0.03945320844208391,0.33037608806864915,0.630170703489267
FIX,neither,0.03945320844208391,0.33037608806864915,0.630170703489267
BETTER DAD,neither,0.03945320844208391,0.33037608806864915,0.630170703489267
FIXED,neither,0.03945320844208391,0.33037608806864915,0.630170703489267
Spelling test tommorow and im watching Shroud NotLikeThis,neither,0.038089004936974494,0.32348235273338394,0.6384286423296417
fixe,neither,0.03945320844208391,0.33037608806864915,0.630170703489267
FIXED,neither,0.03945320844208391,0.33037608806864915,0.630170703489267
FIXED,neither,0.03945320844208391,0.33037608806864915,0.630170703489267
FIXED,neither,0.03945320844208391,0.33037608806864915,0.630170703489267
Perfect,neither,0.03945320844208391,0.33037608806864915,0.630170703489267
fixed,neither,0.03945320844208391,0.33037608806864915,0.630170703489267
fixed,neither,0.03945320844208391,0.33037608806864915,0.630170703489267
#WAFFraid,neither,0.03945320844208391,0.33037608806864915,0.630170703489267
fixed,neither,0.03945320844208391,0.33037608806864915,0.630170703489267
saved,neither,0.03945320844208391,0.33037608806864915,0.630170703489267
SHROODIE PogChamp,neither,0.03945320844208391,0.33037608806864915,0.630170703489267
FIXED Kappa,neither,0.03945320844208391,0.33037608806864915,0.630170703489267
SHROUDDDDDDDDDDDD shroudInsane shroudInsane shroudInsane shroudInsane shroudInsane shroudInsane,neither,0.03945320844208391,0.33037608806864915,0.630170703489267
FIXED,neither,0.03945320844208391,0.33037608806864915,0.630170703489267
FIXED,neither,0.03945320844208391,0.33037608806864915,0.630170703489267
FIXED,neither,0.03945320844208391,0.33037608806864915,0.630170703489267
FIXED,neither,0.03945320844208391,0.33037608806864915,0.630170703489267
SAVED,neither,0.03945320844208391,0.33037608806864915,0.630170703489267
fixed,neither,0.03945320844208391,0.33037608806864915,0.630170703489267
fixed,neither,0.03945320844208391,0.33037608806864915,0.630170703489267
FIXED,neither,0.03945320844208391,0.33037608806864915,0.630170703489267
UR SO HOT SHROUD FUCK ME DADDY,offensive_language,0.17813858208092437,0.8204936656012803,0.0013677523177953882
puuurfect,neither,0.03945320844208391,0.33037608806864915,0.630170703489267
fixed fam,neither,0.03945320844208391,0.33037608806864915,0.630170703489267
fixed,neither,0.03945320844208391,0.33037608806864915,0.630170703489267
"@Shroud, SAVED",neither,0.03945320844208391,0.33037608806864915,0.630170703489267
oh shit,offensive_language,0.04652059265363964,0.9534729203614298,6.486984930600159e-06
WOOOOOOOO,neither,0.03945320844208391,0.33037608806864915,0.630170703489267
Fixed!!!,neither,0.03945320844208391,0.33037608806864915,0.630170703489267
fixed,neither,0.03945320844208391,0.33037608806864915,0.630170703489267
FIXED,neither,0.03945320844208391,0.33037608806864915,0.630170703489267
FIXED DAD,neither,0.03945320844208391,0.33037608806864915,0.630170703489267
"Now i can fap in surround, THANKS SHOURD",neither,0.03805957410531302,0.31379765444129076,0.6481427714533962
Fixed,neither,0.03945320844208391,0.33037608806864915,0.630170703489267
I have finally come in time for start xD,neither,0.031767819724949915,0.35201149326836334,0.6162206870066868
WaffRaid,neither,0.03945320844208391,0.33037608806864915,0.630170703489267
SAVED,neither,0.03945320844208391,0.33037608806864915,0.630170703489267
"shroud stream EARLIER, EU FRIENDLY MAN >_<",neither,0.039543484470657024,0.3788632102336686,0.5815933052956744
thanks dad <3,neither,0.03684340998212449,0.3085219717649097,0.6546346182529659
NOW LEFT EAR LUL,neither,0.03945320844208391,0.33037608806864915,0.630170703489267
Fixes,neither,0.03945320844208391,0.33037608806864915,0.630170703489267
aye shroudy any h1 tonight?,neither,0.036635072099356375,0.30677737715718656,0.656587550743457
Fixed,neither,0.03945320844208391,0.33037608806864915,0.630170703489267
FIXED MAN,neither,0.03962654998027599,0.40766635976872373,0.5527070902510002
Shroudoodle2k,neither,0.03945320844208391,0.33037608806864915,0.630170703489267
not fixdd,neither,0.03554889144452836,0.3454295093440936,0.619021599211378
#WaffRaid,neither,0.03945320844208391,0.33037608806864915,0.630170703489267
my right ear is sad that my left ear isnt jealous anymore BibleThump,neither,0.030050365726339744,0.43461064471604094,0.5353389895576193
Am i cool yet?,neither,0.039228754118886246,0.33045328820288505,0.6303179576782286
!crosshair,neither,0.03945320844208391,0.33037608806864915,0.630170703489267
Fixed,neither,0.03945320844208391,0.33037608806864915,0.630170703489267
"@recnepss Cl_crosshairsize 2, cl_crosshair_drawoutline 1, cl_crosshaircolor 4, cl_crosshairgap -2, cl_crosshairthickness 1",neither,0.03945320844208391,0.33037608806864915,0.630170703489267
guys go check out n0things stream its literally n0thing,neither,0.03286440464034475,0.34819798174001837,0.6189376136196367
brilliant,neither,0.03945320844208391,0.33037608806864915,0.630170703489267
stop 'fixed' american retards,hate_speech,0.46395378157565514,0.46200653403016756,0.07403968439417724
yes you are dad,neither,0.10945054193339109,0.3255898351736644,0.5649596228929445
WHAT A SMART MAN,neither,0.046622498018050754,0.40383680514624354,0.5495406968357057
@shroud tips on going pro? And getting known in the scene?,neither,0.0335691873330658,0.36369693977655604,0.6027338728903782
Not fixed! Maybe it's just my deafness,neither,0.024451361296054276,0.4302604994636186,0.5452881392403272
we smart boys,neither,0.03928206873928809,0.3332807754641276,0.6274371557965843
oosp,neither,0.03945320844208391,0.33037608806864915,0.630170703489267
@marolen morning brother,neither,0.04926870093288444,0.1637815641056322,0.7869497349614833
!followage,neither,0.03945320844208391,0.33037608806864915,0.630170703489267
"@shroud, in most cases with studio, everything changes on the fly and you don't have to restart",neither,0.04118266072228898,0.35275813557694224,0.6060592037007687
TRASHHHH hehe xd,neither,0.03945320844208391,0.33037608806864915,0.630170703489267
shroudW,neither,0.03945320844208391,0.33037608806864915,0.630170703489267
name a better duo than shroud and just9n ill wait,neither,0.0385577549008837,0.30697670077993244,0.6544655443191838
Dad,neither,0.03945320844208391,0.33037608806864915,0.630170703489267
"@Shroud, donation sound is kinda like 2 stacked and quiet",neither,0.052846548602232646,0.3095099168536148,0.6376435345441527
!dpi,neither,0.03945320844208391,0.33037608806864915,0.630170703489267
@shroud what crosshair is this?,neither,0.07282678549990032,0.31792604547631814,0.6092471690237815
the subs/dono sound's weird,neither,0.03867382557033659,0.3161659375613164,0.6451602368683471
!sens,neither,0.03945320844208391,0.33037608806864915,0.630170703489267
@jaydopebaseball01 DPI: 400 - Ingame : 2.0 - Windows: 6/11 - Raw-Input: On - 1000 Hz Polling Rate,neither,0.03781786467716525,0.33814216926935486,0.6240399660534798
Nailed it,neither,0.03772653554390317,0.33096997005595963,0.6313034944001372
@shroud tips on going pro? And getting known in the scene?h,neither,0.0335691873330658,0.36369693977655604,0.6027338728903782
shroudSellout shroudSellout shroudSellout shroudSellout,neither,0.03945320844208391,0.33037608806864915,0.630170703489267
listen... yeah i dont sign skins,neither,0.02724111601935271,0.41280170912234115,0.5599571748583061
lol,neither,0.020706217963973744,0.4882283491876925,0.4910654328483337
Pro streamer Kappa,neither,0.03945320844208391,0.33037608806864915,0.630170703489267
how do you sign skin?,neither,0.05806463539223189,0.37669605985639393,0.5652393047513741
go cubs,neither,0.040870718720491604,0.33529760941023345,0.6238316718692749
INCOMING SIGN DONATIONS,neither,0.03945320844208391,0.33037608806864915,0.630170703489267
Here we go with the profile donations,neither,0.058749914522573075,0.32414210197024135,0.6171079835071857
hey handsome ;D,neither,0.03945320844208391,0.33037608806864915,0.630170703489267
I am the #1 counter-strike : Global Offensive bunnyjumping youtuber,neither,0.03874728926845805,0.31987347630494656,0.6413792344265955
it is,neither,0.059603583318096655,0.32344545014120724,0.616950966540696
!mouse,neither,0.03945320844208391,0.33037608806864915,0.630170703489267
@bestbaconeu He's using the Logitech G Pro,neither,0.03984410112167261,0.377725686199306,0.5824302126790214
How do you sign a skin?,neither,0.05806463539223189,0.37669605985639393,0.5652393047513741
You still using the G410? and do you know if Logitech will be coming out with a updated TKL Keyboard?,neither,0.032847913903579516,0.4437421797977664,0.5234099062986539
Why did you have to say that!?,neither,0.04382752990479663,0.45961660754680234,0.49655586254840106
SHROOOOOOOOOD,neither,0.03945320844208391,0.33037608806864915,0.630170703489267
trade request him w/ a name tag thats it,neither,0.03841834960719462,0.3322504261155377,0.6293312242772676
incoming sellout,neither,0.03945320844208391,0.33037608806864915,0.630170703489267
Have you heard the newest Metallica album? @shroud,neither,0.05105171632426026,0.35975783401116374,0.589190449664576
@PubStomprz gg,neither,0.03945320844208391,0.33037608806864915,0.630170703489267
"@PubStomprz, PogChamp",neither,0.03945320844208391,0.33037608806864915,0.630170703489267
"PubStomprz,",neither,0.03945320844208391,0.33037608806864915,0.630170703489267
@pubstomprz,neither,0.03945320844208391,0.33037608806864915,0.630170703489267
@p_ness77 he set it to go through his speakers so he can hear it from his 2nd PC,neither,0.07844223496066408,0.34041795593592017,0.5811398091034158
"@PubStomprz, :D",neither,0.03945320844208391,0.33037608806864915,0.630170703489267
@PubStomprz HeyGuys,neither,0.03945320844208391,0.33037608806864915,0.630170703489267
@shroud tips on going pro? And getting known in the scene?,neither,0.0335691873330658,0.36369693977655604,0.6027338728903782
Me Kappa /,neither,0.0313868601768065,0.37441877101615234,0.5941943688070411
@pornhub,neither,0.03945320844208391,0.33037608806864915,0.630170703489267
my text is blue,offensive_language,0.029695865697671582,0.4986998880598958,0.47160424624243247
shroud is such a nice guy :D,neither,0.04833959880066869,0.3311306835338455,0.6205297176654858
lol,neither,0.020706217963973744,0.4882283491876925,0.4910654328483337
Shroud how should you shoot when entering?? Like two burst or spray,neither,0.09049572443049188,0.3969264175703633,0.5125778579991448
@pubstomprz,neither,0.03945320844208391,0.33037608806864915,0.630170703489267
Incoming Profile Sign donations,neither,0.03945320844208391,0.33037608806864915,0.630170703489267
@pubstomprz HeyGuys,neither,0.03945320844208391,0.33037608806864915,0.630170703489267
done,neither,0.03795687855583607,0.3557727113480953,0.6062704100960686
!uptime,neither,0.03945320844208391,0.33037608806864915,0.630170703489267
XD,neither,0.03945320844208391,0.33037608806864915,0.630170703489267
!spotify,neither,0.03945320844208391,0.33037608806864915,0.630170703489267
@cammy_swoosh Channel shroud has been live for 06m and 53s,neither,0.037527441653855145,0.2724964938497483,0.6899760644963965
o shit he subbed,offensive_language,0.051037290144731275,0.9477463673142146,0.0012163425410541705
shroudPalm,neither,0.03945320844208391,0.33037608806864915,0.630170703489267
@shroud it is his name xd,neither,0.0981372425581676,0.3255030308407476,0.5763597266010848
had to sub,neither,0.04799916148662908,0.32542287006442056,0.6265779684489503
!crosshair,neither,0.03945320844208391,0.33037608806864915,0.630170703489267
ShroudW,neither,0.03945320844208391,0.33037608806864915,0.630170703489267
!playlist,neither,0.03945320844208391,0.33037608806864915,0.630170703489267
shroud is actually nice to everyone,neither,0.047990767308993695,0.4233483087737699,0.5286609239172364
shroud you alive OpieOP,neither,0.06831604575415924,0.4082687268014507,0.5234152274443901
shroudW,neither,0.03945320844208391,0.33037608806864915,0.630170703489267
LAwl,neither,0.03945320844208391,0.33037608806864915,0.630170703489267
what happened to not doing any signings @Shroud,neither,0.05012074628836731,0.3273980884098161,0.6224811653018166
@shroud Missed my resub bruhda,neither,0.024725385440678566,0.4497932375640514,0.52548137699527
!mouse,neither,0.03945320844208391,0.33037608806864915,0.630170703489267
@viper4060 He's using the Logitech G Pro,neither,0.03984410112167261,0.377725686199306,0.5824302126790214
@shroud tips on going pro? And getting known in the scene?j,neither,0.0335691873330658,0.36369693977655604,0.6027338728903782
Go play competitive!!!!!!!!!,neither,0.04061510880541573,0.33440802531146396,0.6249768658831203
sure Kappa,neither,0.03378717677829473,0.4618489460801994,0.5043638771415059
donating right now,neither,0.03777428706684447,0.3630927428809419,0.5991329700522136
@shroud You still using the G410? and do you know if Logitech will be coming out with a updated TKL Keyboard?,neither,0.032847913903579516,0.4437421797977664,0.5234099062986539
wait whats he doing?,neither,0.04474502402652846,0.32855599002976654,0.6266989859437049
PUBSTOMPERZ SPECIAL PogChamp,neither,0.11023555225710363,0.29265026762434604,0.5971141801185504
shroud pls sign my tits,neither,0.03010489698217924,0.4016559104124892,0.5682391926053315
Hi Joe may,neither,0.0408612009170078,0.30647878120164285,0.6526600178813493
ok @medivh_mlh,neither,0.03935517884257045,0.3320399062092607,0.6286049149481688
@shroud you are my favorite cs player of alltime it would mean the world to me if you were to sign my profile :DDD http://steamcommunity .com/id/Pie-Row/,neither,0.0377465087995213,0.4180656230131962,0.5441878681872824
kk,neither,0.03945320844208391,0.33037608806864915,0.630170703489267
"if i donate my left nut, would u sign mine?",neither,0.022333636154195098,0.4141378738255523,0.5635284900202525
@shroud u have boyfriend ?,neither,0.038641485548766896,0.3441531439961813,0.6172053704550517
Kappa,neither,0.03945320844208391,0.33037608806864915,0.630170703489267
@shroud alright man i wont ask you to sign my skins but can you sign my butthole Kappa,offensive_language,0.04271573522077081,0.4793864521841826,0.47789781259504654
COREY THE CUNT I KNOW YOURE IN HERe,offensive_language,0.11425175212660059,0.8816021517180681,0.004146096155331267
@shroud do you feel the difference with those fps drops in deathmatch?,neither,0.061607508260485805,0.3233794043059397,0.6150130874335745
!crosshair,neither,0.03945320844208391,0.33037608806864915,0.630170703489267
"@jennytails Cl_crosshairsize 2, cl_crosshair_drawoutline 1, cl_crosshaircolor 4, cl_crosshairgap -2, cl_crosshairthickness 1",neither,0.03945320844208391,0.33037608806864915,0.630170703489267
what a nice guy shroud is,neither,0.056786035099433994,0.33079494843318796,0.6124190164673781
@shroud what's the weirdest thing you've signed at LAN?,neither,0.03168798749901505,0.3481371008825762,0.6201749116184087
Infernew?,neither,0.03945320844208391,0.33037608806864915,0.630170703489267
shroudH,neither,0.03945320844208391,0.33037608806864915,0.630170703489267
@sporty3112 lol,neither,0.020706217963973744,0.4882283491876925,0.4910654328483337
whaty the fuck when i stretch my chat with bttv it blocks the stream,offensive_language,0.06792337301826054,0.8952100314772485,0.036866595504490896
wtf,offensive_language,0.04410695246022759,0.7898861884776351,0.16600685906213722
!specs,neither,0.03945320844208391,0.33037608806864915,0.630170703489267
@cade_bond Here are his PC Specs http://pastebin.com/CuQE85eq,neither,0.14769221432632354,0.17765278475943427,0.6746550009142422
@pubstomprz inb4 he turns off stream and sells your skins on op skins Kappa,neither,0.05084115783002023,0.3157231543888264,0.6334356877811533
@shroud you should check ur trade offers just for fun,neither,0.0680928559748999,0.36832232823388505,0.5635848157912151
!uptime,neither,0.03945320844208391,0.33037608806864915,0.630170703489267
"@Shroud, what fix'd gap is that?",neither,0.048020321150284234,0.36039205175590205,0.5915876270938137
finally shroud using crosshairstyle 1,neither,0.034975478636278784,0.40637484881674857,0.5586496725469725
!mouse,neither,0.03945320844208391,0.33037608806864915,0.630170703489267
@cocobytes He's using the Logitech G Pro,neither,0.03984410112167261,0.377725686199306,0.5824302126790214
!crosshair,neither,0.03945320844208391,0.33037608806864915,0.630170703489267
"@poofyg Cl_crosshairsize 2, cl_crosshair_drawoutline 1, cl_crosshaircolor 4, cl_crosshairgap -2, cl_crosshairthickness 1",neither,0.03945320844208391,0.33037608806864915,0.630170703489267
@shroud how do you get crosshair to go red when ur aiming at an enemy ?!,neither,0.06885174767412207,0.4108426970098406,0.5203055553160375
Hey shroud have u ever played hns,neither,0.03890524765073372,0.3396764127615711,0.6214183395876951
krippDex shroudPigeon,neither,0.03945320844208391,0.33037608806864915,0.630170703489267
chevelle lets go,neither,0.039984317429425154,0.35542799280679366,0.6045876897637812
what ur fixedcrosshairgap @Shroud,neither,0.11234208470854395,0.30191283232074095,0.585745082970715
dafuq is that crosshair?,neither,0.04395971942669166,0.37476239098666525,0.5812778895866431
how did he clear decals wtf hacks?,offensive_language,0.04556234992068937,0.5009838783720579,0.45345377170725265
we can,neither,0.03970622078696985,0.3260818082663321,0.6342119709466981
!crosshair,neither,0.03945320844208391,0.33037608806864915,0.630170703489267
!crosshair,neither,0.03945320844208391,0.33037608806864915,0.630170703489267
"@northrage Cl_crosshairsize 2, cl_crosshair_drawoutline 1, cl_crosshaircolor 4, cl_crosshairgap -2, cl_crosshairthickness 1",neither,0.03945320844208391,0.33037608806864915,0.630170703489267
!crosshair,neither,0.03945320844208391,0.33037608806864915,0.630170703489267
@shroud you should check ur trade offers just for fun,neither,0.0680928559748999,0.36832232823388505,0.5635848157912151
@shroud is that brax's crosshair,neither,0.05154613418987003,0.42924314326430335,0.5192107225458266
"@Shroud, you should bind cleardecals to like f(inspect) or something",neither,0.08253266487188703,0.40535819574708076,0.5121091393810322
hessboto gr8 b8,neither,0.03945320844208391,0.33037608806864915,0.630170703489267
SHROOOOOD,neither,0.03945320844208391,0.33037608806864915,0.630170703489267
!sens,neither,0.03945320844208391,0.33037608806864915,0.630170703489267
what ur fixedcrosshairgap @Shroud,neither,0.11234208470854395,0.30191283232074095,0.585745082970715
shrooms,neither,0.03945320844208391,0.33037608806864915,0.630170703489267
@shroud are you and Jordan going to play?,neither,0.097175073408886,0.30496001575232096,0.597864910838793
@shroud how much is your karambae worth?,neither,0.08286464480645962,0.31782111801143986,0.5993142371821006
@shroud you should check ur trade offers just,neither,0.08084685543600512,0.40245289525904765,0.5167002493049472
SwiftRage,neither,0.03945320844208391,0.33037608806864915,0.630170703489267
!uptime,neither,0.03945320844208391,0.33037608806864915,0.630170703489267
@on7l Channel shroud has been live for 09m and 14s,neither,0.037527441653855145,0.2724964938497483,0.6899760644963965
mike,neither,0.03945320844208391,0.33037608806864915,0.630170703489267
