text,top_class,hate_speech,offensive_language,neither
tyler1Hey,neither,0.03945320844208391,0.33037608806864915,0.630170703489267
"hello, its me",neither,0.025326756799067655,0.3788225335701218,0.5958507096308105
herro,neither,0.03945320844208391,0.33037608806864915,0.630170703489267
Dad please,neither,0.03945320844208391,0.33037608806864915,0.630170703489267
yo,offensive_language,0.04010381111145228,0.5271105317972344,0.4327856570913131
you have a small cuk,neither,0.0642178352853115,0.41459422897989606,0.5211879357347925
HeyGuys shroud,neither,0.03945320844208391,0.33037608806864915,0.630170703489267
Wwwwwww,neither,0.03945320844208391,0.33037608806864915,0.630170703489267
oh hell ye,offensive_language,0.04672814720213886,0.7066901107294299,0.24658174206843134
Shrood,neither,0.03945320844208391,0.33037608806864915,0.630170703489267
Yo,offensive_language,0.04010381111145228,0.5271105317972344,0.4327856570913131
wtf is up with you guys and 16-8's?,offensive_language,0.048038167070544056,0.6326493343109773,0.3193124986184787
sum1g,neither,0.03945320844208391,0.33037608806864915,0.630170703489267
Col?,neither,0.03945320844208391,0.33037608806864915,0.630170703489267
shraut!,neither,0.03945320844208391,0.33037608806864915,0.630170703489267
ayy,neither,0.03945320844208391,0.33037608806864915,0.630170703489267
im here,neither,0.1434662745688758,0.31005087564986566,0.5464828497812586
SHROOD,neither,0.03945320844208391,0.33037608806864915,0.630170703489267
HeyGuys,neither,0.03945320844208391,0.33037608806864915,0.630170703489267
why only three hour?,neither,0.029070087463865128,0.34499835941064105,0.6259315531254938
Gratz on the w's,neither,0.02980773873212874,0.32493258238145833,0.645259678886413
did u win or lose face it?,neither,0.038184911718012034,0.33081231347056794,0.6310027748114201
@shroud what was the winning moment like in Brazil,neither,0.051651826583488145,0.32742734621549124,0.6209208272010206
tyler1Hey,neither,0.03945320844208391,0.33037608806864915,0.630170703489267
shroudW shroudW shroudW,neither,0.03945320844208391,0.33037608806864915,0.630170703489267
!VIEWMODEL,neither,0.03945320844208391,0.33037608806864915,0.630170703489267
"@misternoice Shroud's viewmodel settings are: viewmodel_fov ""68"";viewmodel_offset_x ""2.5"";viewmodel_offset_y ""1"";viewmodel_offset_z ""-1.5"";",neither,0.1675493120064283,0.18605165911864094,0.6463990288749307
Gz on wins,neither,0.036793462275568616,0.3431302046089731,0.6200763331154583
GOLD Kappa CHECK,neither,0.03945320844208391,0.33037608806864915,0.630170703489267
PogChamp,neither,0.03945320844208391,0.33037608806864915,0.630170703489267
Fuck me @shroud,offensive_language,0.19793785541251727,0.8020621325935572,1.1993925607505116e-08
@shroud whens ibp,neither,0.03945320844208391,0.33037608806864915,0.630170703489267
Shroud has pussy to smash @chucksunye,offensive_language,0.007992641218499437,0.9919819027334177,2.5456048082862038e-05
Sup,neither,0.03945320844208391,0.33037608806864915,0.630170703489267
@shroud Hi from Brazil Shroud <3,neither,0.04051699958719197,0.3123207760625068,0.6471622243503011
@ivanhustler69 nov 12,neither,0.03945320844208391,0.33037608806864915,0.630170703489267
anyone want to do my college assignment?,neither,0.036139564029592265,0.38900114655086554,0.5748592894195421
boxrW,neither,0.03945320844208391,0.33037608806864915,0.630170703489267
dad,neither,0.03945320844208391,0.33037608806864915,0.630170703489267
daddy,neither,0.03945320844208391,0.33037608806864915,0.630170703489267
I'm here early af for once.,neither,0.07572389802355264,0.24712764249481892,0.6771484594816286
!crosshair,neither,0.03945320844208391,0.33037608806864915,0.630170703489267
shroudW shroudMilk,neither,0.03945320844208391,0.33037608806864915,0.630170703489267
boxrW,neither,0.03945320844208391,0.33037608806864915,0.630170703489267
3 hrs? weak,neither,0.03945320844208391,0.33037608806864915,0.630170703489267
Hi dads,neither,0.03945320844208391,0.33037608806864915,0.630170703489267
shrooooood,neither,0.03945320844208391,0.33037608806864915,0.630170703489267
@Notsufi subject?,neither,0.03945320844208391,0.33037608806864915,0.630170703489267
!fov,neither,0.03945320844208391,0.33037608806864915,0.630170703489267
"@pulganinja Shroud's viewmodel settings are: viewmodel_fov ""68"";viewmodel_offset_x ""2.5"";viewmodel_offset_y ""1"";viewmodel_offset_z ""-1.5"";",neither,0.1675493120064283,0.18605165911864094,0.6463990288749307
first,neither,0.02604892428726219,0.3349864360510187,0.6389646396617191
Congratz shroud <3,neither,0.03945320844208391,0.33037608806864915,0.630170703489267
Shrooooooody,neither,0.03945320844208391,0.33037608806864915,0.630170703489267
HeyGuys,neither,0.03945320844208391,0.33037608806864915,0.630170703489267
Sup,neither,0.03945320844208391,0.33037608806864915,0.630170703489267
Hola,neither,0.03945320844208391,0.33037608806864915,0.630170703489267
HI SHROUD I LOVE U,neither,0.03552793173564255,0.3488369627048791,0.6156351055594782
riop,neither,0.03945320844208391,0.33037608806864915,0.630170703489267
hi,neither,0.03945320844208391,0.33037608806864915,0.630170703489267
PogChamp,neither,0.03945320844208391,0.33037608806864915,0.630170703489267
xd,neither,0.03945320844208391,0.33037608806864915,0.630170703489267
Welcome back RoryGO (18 months) Kreygasm,neither,0.03945320844208391,0.33037608806864915,0.630170703489267
metal,neither,0.03945320844208391,0.33037608806864915,0.630170703489267
is this guy homo,neither,0.24439488264780082,0.26751816526611416,0.488086952086085
@shroud I fan ðŸ‘ŠðŸ¼,neither,0.03945320844208391,0.33037608806864915,0.630170703489267
@commander_krill networking :P,neither,0.03945320844208391,0.33037608806864915,0.630170703489267
CHAMPION,neither,0.03945320844208391,0.33037608806864915,0.630170703489267
hi,neither,0.03945320844208391,0.33037608806864915,0.630170703489267
hiiiiii,neither,0.03945320844208391,0.33037608806864915,0.630170703489267
RIP,neither,0.03945320844208391,0.33037608806864915,0.630170703489267
PogChamp dad,neither,0.03945320844208391,0.33037608806864915,0.630170703489267
HI,neither,0.03945320844208391,0.33037608806864915,0.630170703489267
HI SHROUD,neither,0.03945320844208391,0.33037608806864915,0.630170703489267
Oh shroud,neither,0.051363287716059566,0.22255663153133606,0.7260800807526044
shroud why aren't you doing NBBMN?,neither,0.04195152313685883,0.40898829988686036,0.5490601769762808
xD,neither,0.03945320844208391,0.33037608806864915,0.630170703489267
3 hours DansGame,neither,0.03945320844208391,0.33037608806864915,0.630170703489267
NO WAY UR USING A USP,neither,0.059192871629499766,0.4035002858886338,0.5373068424818664
Hey,neither,0.03945320844208391,0.33037608806864915,0.630170703489267
headBang,neither,0.03945320844208391,0.33037608806864915,0.630170703489267
ayyeee,neither,0.03945320844208391,0.33037608806864915,0.630170703489267
DAD,neither,0.03945320844208391,0.33037608806864915,0.630170703489267
NA HERO,neither,0.03945320844208391,0.33037608806864915,0.630170703489267
!song,neither,0.038601720699969956,0.3448280572582511,0.616570222041779
mwr pls lol,neither,0.03027887083479381,0.3981251484381287,0.5715959807270774
Shroud,neither,0.03945320844208391,0.33037608806864915,0.630170703489267
!uptime,neither,0.03945320844208391,0.33037608806864915,0.630170703489267
@nasound Channel shroud has been live for 02m and 24s,neither,0.03779113064157903,0.28212066614672776,0.6800882032116932
wait a second who dis,neither,0.04008030642565381,0.3953670664077669,0.5645526271665792
Hello!?!???!!??!!????!!!? Am I dreaming @shroud,neither,0.039271768775584644,0.33043849348998344,0.6302897377344319
lul,neither,0.03945320844208391,0.33037608806864915,0.630170703489267
"Shroud, congrats on the win over SK! Y'all killed it",neither,0.03426340616772752,0.3850729498953543,0.5806636439369183
Hi dad,neither,0.03945320844208391,0.33037608806864915,0.630170703489267
SHROOUUUUDD,neither,0.03945320844208391,0.33037608806864915,0.630170703489267
<3 shroudy,neither,0.03945320844208391,0.33037608806864915,0.630170703489267
@Notsufi pass. Psychology or maths and sure :D,neither,0.03495869493113592,0.3953924958547579,0.5696488092141063
hi dad @shroud,neither,0.03945320844208391,0.33037608806864915,0.630170703489267
Shrodyyyyy,neither,0.03945320844208391,0.33037608806864915,0.630170703489267
\m/,neither,0.03945320844208391,0.33037608806864915,0.630170703489267
!sub,neither,0.03945320844208391,0.33037608806864915,0.630170703489267
HYA,neither,0.03945320844208391,0.33037608806864915,0.630170703489267
yo,offensive_language,0.04010381111145228,0.5271105317972344,0.4327856570913131
Welcome back Rodney_33 (20 months) Kreygasm,neither,0.03945320844208391,0.33037608806864915,0.630170703489267
whats up Shroud?,neither,0.03597034933595279,0.4023906385329718,0.5616390121310755
SHROUD,neither,0.03945320844208391,0.33037608806864915,0.630170703489267
hello,neither,0.03945320844208391,0.33037608806864915,0.630170703489267
hey @shroud,neither,0.03945320844208391,0.33037608806864915,0.630170703489267
GG @Shroud,neither,0.03945320844208391,0.33037608806864915,0.630170703489267
skrt,neither,0.03945320844208391,0.33037608806864915,0.630170703489267
Hey Shroud,neither,0.03945320844208391,0.33037608806864915,0.630170703489267
hi,neither,0.03945320844208391,0.33037608806864915,0.630170703489267
!sens,neither,0.03945320844208391,0.33037608806864915,0.630170703489267
@ogtzo DPI: 400 - Ingame : 2.0 - Windows: 6/11 - Raw-Input: On - 1000 Hz Polling Rate,neither,0.03781786467716525,0.33814216926935486,0.6240399660534798
Holy fuck I'm awake when he streams YESSS @shroud thanks for streaming early <3,offensive_language,0.1075903111435498,0.7903361035290984,0.10207358532735178
omg its shrouud,neither,0.031071987481826623,0.3332587742828187,0.6356692382353547
heyyy,neither,0.03945320844208391,0.33037608806864915,0.630170703489267
shroudie sup fam,neither,0.03945320844208391,0.33037608806864915,0.630170703489267
Hey beautiful,neither,0.03945320844208391,0.33037608806864915,0.630170703489267
Hi loser,neither,0.03945320844208391,0.33037608806864915,0.630170703489267
PLAY new cod,neither,0.04314118622897757,0.23831029276327623,0.7185485210077461
HEY SHROUD shroudC9,neither,0.03945320844208391,0.33037608806864915,0.630170703489267
u literally just finished those games LUL and already back at it again SHROUD GOD PogChamp,neither,0.04544497692078282,0.32076974200358244,0.6337852810756348
!subscribe,neither,0.03945320844208391,0.33037608806864915,0.630170703489267
what is his fps_max?,neither,0.15271168363849927,0.30659783496934295,0.5406904813921577
Shrood gnummeBadum gnummeBadum,neither,0.03945320844208391,0.33037608806864915,0.630170703489267
Hey,neither,0.03945320844208391,0.33037608806864915,0.630170703489267
@shroud tell stewie to go back to bb,neither,0.05067105936292794,0.3273637609599524,0.6219651796771197
Play CoD4 RM,neither,0.03945320844208391,0.33037608806864915,0.630170703489267
Welcome back jdelboii (7 months) Kreygasm,neither,0.03945320844208391,0.33037608806864915,0.630170703489267
are you ready for sk tomorrow?,neither,0.08426621863488652,0.28765256859713495,0.6280812127679787
SHROUDY,neither,0.03945320844208391,0.33037608806864915,0.630170703489267
!uptime,neither,0.03945320844208391,0.33037608806864915,0.630170703489267
@famicide_insanity Channel shroud has been live for 03m and 00s,neither,0.037527441653855145,0.2724964938497483,0.6899760644963965
!crosshair,neither,0.03945320844208391,0.33037608806864915,0.630170703489267
SHR000000D,neither,0.03945320844208391,0.33037608806864915,0.630170703489267
Welcome back FanofAngels (26 months) Kreygasm,neither,0.03945320844208391,0.33037608806864915,0.630170703489267
@shroud play h1z1!!!! :),neither,0.03945320844208391,0.33037608806864915,0.630170703489267
shroudie how do u get it to look so bright,neither,0.04684029565305208,0.37499486840116414,0.5781648359457838
!song,neither,0.038601720699969956,0.3448280572582511,0.616570222041779
Shroud are you streaming tomorrow so I can watch for more than 30 minutes :(,neither,0.06707995145914084,0.3292515591703684,0.6036684893704909
Short? DansGame,neither,0.03945320844208391,0.33037608806864915,0.630170703489267
hey shroooooooooud,neither,0.03945320844208391,0.33037608806864915,0.630170703489267
Early crew Kappa Kappa Kappa,neither,0.04002863010329439,0.3206096807470385,0.6393616891496672
hey Mike :) @Shroud,neither,0.03945320844208391,0.33037608806864915,0.630170703489267
SHROOD,neither,0.03945320844208391,0.33037608806864915,0.630170703489267
Grats on the win,neither,0.03599667054505182,0.3277286877731581,0.6362746416817899
did you have afun game today friend @shroud,neither,0.05167924490568774,0.31404109140169634,0.6342796636926159
Yo,offensive_language,0.04010381111145228,0.5271105317972344,0.4327856570913131
Screamy,neither,0.03945320844208391,0.33037608806864915,0.630170703489267
@shroud whats up and good win tonight,neither,0.033856344058342605,0.3194092611222907,0.6467343948193668
kick,neither,0.03945320844208391,0.33037608806864915,0.630170703489267
ScreaM is there hahha,neither,0.04632034815729319,0.29218458112658363,0.6614950707161232
show me your best subroza,neither,0.09723598827410848,0.2597247775051373,0.6430392342207544
!crosshair,neither,0.03945320844208391,0.33037608806864915,0.630170703489267
"@sergioskp Cl_crosshairsize 2, cl_crosshair_drawoutline 1, cl_crosshaircolor 4, cl_crosshairgap -2, cl_crosshairthickness 1",neither,0.03945320844208391,0.33037608806864915,0.630170703489267
"@Shroud, yoo shrud",neither,0.03945320844208391,0.33037608806864915,0.630170703489267
Join the new Curse server! https://curse.com/invite/Xv6nbZgd4kugsL2fxlg6NQ,neither,0.04082319323556661,0.27696135383134185,0.6822154529330917
shroooooooood,neither,0.03945320844208391,0.33037608806864915,0.630170703489267
song ?,neither,0.038601720699969956,0.3448280572582511,0.616570222041779
hi shrood,neither,0.03945320844208391,0.33037608806864915,0.630170703489267
"@Shroud, how are you doing Shrood :D",neither,0.12999653192473482,0.32352155420731316,0.5464819138679521
S H R O U D,neither,0.03945320844208391,0.33037608806864915,0.630170703489267
who u texting,neither,0.040433351027392365,0.4272540888242115,0.5323125601483961
ScreaM is on the dm,neither,0.04341962629237353,0.32507225323100736,0.6315081204766191
!playlist,neither,0.03945320844208391,0.33037608806864915,0.630170703489267
@shroud i hope cs whole stream?,neither,0.06651436077100198,0.24317275540633096,0.690312883822667
shroud <3 <3 <3,neither,0.03945320844208391,0.33037608806864915,0.630170703489267
texting peace? peacemaker incoming Kappa,neither,0.03945320844208391,0.33037608806864915,0.630170703489267
Shrood,neither,0.03945320844208391,0.33037608806864915,0.630170703489267
Texting Peace? Peacemaker to C9 confirmed,neither,0.04518077422947613,0.3270143218546377,0.6278049039158861
Shrood,neither,0.03945320844208391,0.33037608806864915,0.630170703489267
Brazil love you man!!!,offensive_language,0.055080885864528265,0.4830906937849218,0.46182842035055
shroud whats ur monitor settings,neither,0.0721988748550098,0.3191133518169804,0.6086877733280097
@xnyaxis This should cover everything - https://oddshot.tv/shot/shroud/Uzo5ePmU5eNGfJjUBBuyr41e,neither,0.04850576097466769,0.3582940665363575,0.5932001724889747
!uptime,neither,0.03945320844208391,0.33037608806864915,0.630170703489267
@brandoonhs Channel shroud has been live for 04m and 04s,neither,0.037527441653855145,0.2724964938497483,0.6899760644963965
peacemaker to c9 @shroud ... im starting it,neither,0.04464433262845729,0.3658727961491394,0.5894828712224032
Shroud daddy Kreygasm,neither,0.03945320844208391,0.33037608806864915,0.630170703489267
@ivanhustler69 prob not actually him,neither,0.03811129091592986,0.3371049112324038,0.6247837978516663
!crosshair,neither,0.03945320844208391,0.33037608806864915,0.630170703489267
What are your video settings?,neither,0.19595430545921877,0.1385792597838539,0.6654664347569273
new facecam ovelay????????\,neither,0.04660400397451208,0.1401930676750457,0.8132029283504423
@shroud hello from Serbia dudeee,neither,0.040875471929787875,0.3062365648703896,0.6528879631998226
When you get scammed and shroud starts streaming immediately afterword and makes you feel a bit better.... GivePLZ CurseLit,neither,0.048811761529074994,0.36435210488447295,0.5868361335864519
4 16-8's in a row,neither,0.03945320844208391,0.33037608806864915,0.630170703489267
y only 3 hour?,neither,0.03945320844208391,0.33037608806864915,0.630170703489267
!uptime,neither,0.03945320844208391,0.33037608806864915,0.630170703489267
@asher1107 Channel shroud has been live for 04m and 23s,neither,0.037527441653855145,0.2724964938497483,0.6899760644963965
curse LUL,neither,0.03945320844208391,0.33037608806864915,0.630170703489267
hey shrooooood,neither,0.03945320844208391,0.33037608806864915,0.630170703489267
That sub sound was really quiet for some reason,neither,0.028038124426481154,0.34816580464501984,0.6237960709284991
!viewmodel,neither,0.03945320844208391,0.33037608806864915,0.630170703489267
curse in any year LUL,neither,0.03945320844208391,0.33037608806864915,0.630170703489267
is dazed coaching say nothing if yes,neither,0.02831780627865707,0.40629837003456776,0.5653838236867752
"@Shroud, how is life going for you man",offensive_language,0.05178920956488854,0.4872767483910153,0.46093404204409616
only 11 months @Ccsei24 DansGame,neither,0.03945320844208391,0.33037608806864915,0.630170703489267
;-;,neither,0.03945320844208391,0.33037608806864915,0.630170703489267
"@mercury_gh, that rumour was started like a week ago",neither,0.0450278431175808,0.38502201702777755,0.5699501398546416
@shroud what do you use in your hair?,offensive_language,0.04485291327982761,0.47902108751047745,0.4761259992096949
!video,neither,0.049266163358008055,0.16382463337382713,0.7869092032681648
mafia 3 stream?,neither,0.03945320844208391,0.33037608806864915,0.630170703489267
@aarbator His video settings are: https://oddshot.tv/shot/shroud/Uzq8urzW8upKBbuF6ynXbe4X,neither,0.1019338503408884,0.21490523439902035,0.6831609152600913
DansGame DansGame DansGame DansGame DansGame DansGame DansGame DansGame DansGame,neither,0.03945320844208391,0.33037608806864915,0.630170703489267
!followage,neither,0.03945320844208391,0.33037608806864915,0.630170703489267
Dark Souls and Shroud OpieOP,neither,0.03869809621848478,0.2923581617767849,0.6689437420047303
!res,neither,0.03945320844208391,0.33037608806864915,0.630170703489267
!followage,neither,0.03945320844208391,0.33037608806864915,0.630170703489267
WutFace music,neither,0.03945320844208391,0.33037608806864915,0.630170703489267
!sens,neither,0.03945320844208391,0.33037608806864915,0.630170703489267
I lost the streak for a little when my card got fucked GuKilljoy,offensive_language,0.023681351228671817,0.6215718918142943,0.35474675695703395
@shroud How do you stay consistent with your aim,neither,0.06631485704655743,0.3885638167488532,0.5451213262045893
@shroud how was school in on those cool kids?,neither,0.05764815891580327,0.2815169372594653,0.6608349038247315
captainMO strong,neither,0.03945320844208391,0.33037608806864915,0.630170703489267
rekt,neither,0.03945320844208391,0.33037608806864915,0.630170703489267
TYLOO,neither,0.03945320844208391,0.33037608806864915,0.630170703489267
"@Ccsei24, ooohhh shiiiiit RIP",neither,0.03945320844208391,0.33037608806864915,0.630170703489267
is it actually him though,neither,0.04634029830836473,0.3304266320931745,0.6232330695984608
NaM,neither,0.03945320844208391,0.33037608806864915,0.630170703489267
MingLee,neither,0.03945320844208391,0.33037608806864915,0.630170703489267
!crosshair,neither,0.03945320844208391,0.33037608806864915,0.630170703489267
"@604bubs Cl_crosshairsize 2, cl_crosshair_drawoutline 1, cl_crosshaircolor 4, cl_crosshairgap -2, cl_crosshairthickness 1",neither,0.03945320844208391,0.33037608806864915,0.630170703489267
!mouse,neither,0.03945320844208391,0.33037608806864915,0.630170703489267
@joss710 He's using the Logitech G Pro,neither,0.03984410112167261,0.377725686199306,0.5824302126790214
play pug with them,neither,0.04002882179138011,0.3751002530084046,0.5848709252002151
lul,neither,0.03945320844208391,0.33037608806864915,0.630170703489267
CaptainMo PogChamp,neither,0.03945320844208391,0.33037608806864915,0.630170703489267
!sensitivity,neither,0.03945320844208391,0.33037608806864915,0.630170703489267
tyloo is in c9's group for ibp as well,neither,0.038913288458573794,0.332304735471476,0.6287819760699501
tyloo can't beat the asian duo NaM NaM,neither,0.044932119316482035,0.21855017235363644,0.7365177083298815
hallo shrood,neither,0.03945320844208391,0.33037608806864915,0.630170703489267
confirmed shroud is a fanoy of captainmo,neither,0.049249788843396744,0.3270065948405407,0.6237436163160626
ok bye I go mm now,neither,0.04037405217448154,0.33442254307565245,0.625203404749866
!uptime,neither,0.03945320844208391,0.33037608806864915,0.630170703489267
how are you,neither,0.19156335723385254,0.31525141242459664,0.49318523034155076
tyloo should be added to rank s !,neither,0.057844861760315225,0.36185018089613363,0.580304957343551
!res,neither,0.03945320844208391,0.33037608806864915,0.630170703489267
LOL TYLOO,neither,0.020706217963973744,0.4882283491876925,0.4910654328483337
new haircut @shroud ?,neither,0.043734208114163266,0.2227144580909004,0.7335513337949363
What is your video settings?,neither,0.14768441091409332,0.18230814696130476,0.670007442124602
Why only 3 hours?,neither,0.026841426772136762,0.34861867151267334,0.6245399017151899
@shroud how many mods can i put in the new Skyrim before it crashes?,neither,0.03815581756464258,0.30256616013162063,0.6592780223037367
Will you play rank S?,neither,0.05894194573930093,0.35357702192661844,0.5874810323340807
this streemer is look very fishy :\,neither,0.048285310914123296,0.3286852172462327,0.6230294718396441
You gonna troll Moe,neither,0.05308644660789847,0.4180711018243948,0.5288424515677067
tyloo in rank S,neither,0.03945320844208391,0.33037608806864915,0.630170703489267
SHROOD,neither,0.03945320844208391,0.33037608806864915,0.630170703489267
BibleThump,neither,0.03945320844208391,0.33037608806864915,0.630170703489267
!sens,neither,0.03945320844208391,0.33037608806864915,0.630170703489267
@infallicable DPI: 400 - Ingame : 2.0 - Windows: 6/11 - Raw-Input: On - 1000 Hz Polling Rate,neither,0.03781786467716525,0.33814216926935486,0.6240399660534798
HOLY SHIT CZDFHHGGHI,offensive_language,0.04257650662097627,0.9573463282193174,7.716515970639687e-05
SwiftRage,neither,0.03945320844208391,0.33037608806864915,0.630170703489267
Only 5 in que for rank s,neither,0.034585028860083064,0.3060536962278482,0.6593612749120689
song?,neither,0.038601720699969956,0.3448280572582511,0.616570222041779
!crosshair,neither,0.03945320844208391,0.33037608806864915,0.630170703489267
Song?,neither,0.038601720699969956,0.3448280572582511,0.616570222041779
hello there @shroud,neither,0.03937036753510788,0.27621722592919734,0.6844124065356949
Only 3 hours @shroud,neither,0.03945320844208391,0.33037608806864915,0.630170703489267
!uptime,neither,0.03945320844208391,0.33037608806864915,0.630170703489267
imagine 3 tyloo players machinegun and dazed in rank S PogChamp,neither,0.03882180782431347,0.2990976179303024,0.6620805742453842
@mrmrum Channel shroud has been live for 06m and 08s,neither,0.037527441653855145,0.2724964938497483,0.6899760644963965
Welcome back Yacth (8 months) Kreygasm,neither,0.03945320844208391,0.33037608806864915,0.630170703489267
!song,neither,0.038601720699969956,0.3448280572582511,0.616570222041779
What are your video settings,neither,0.19595430545921877,0.1385792597838539,0.6654664347569273
No stream delay i geuss,neither,0.038465455673613855,0.34714083037889465,0.6143937139474915
!song,neither,0.038601720699969956,0.3448280572582511,0.616570222041779
song name?,neither,0.038830105554549986,0.3409517702390533,0.6202181242063967
@shroud Hello Shroud i'm from Brazil. Congratulations for the victory in ESL PRO LEAGUE BRAZIL.,neither,0.03687269477583314,0.303020687206469,0.6601066180176978
None,neither,0.03945320844208391,0.33037608806864915,0.630170703489267
How did you think of the name SprayQuaza for your gun?,neither,0.07556362298424807,0.3078379323203676,0.6165984446953843
there arent any,neither,0.039378328472445656,0.2875013980650788,0.6731202734624757
!sens,neither,0.03945320844208391,0.33037608806864915,0.630170703489267
@vimbai DPI: 400 - Ingame : 2.0 - Windows: 6/11 - Raw-Input: On - 1000 Hz Polling Rate,neither,0.03781786467716525,0.33814216926935486,0.6240399660534798
14-7,neither,0.03945320844208391,0.33037608806864915,0.630170703489267
"jk maybe bad idea, idk how well tyloo knows english",neither,0.03740426746267761,0.3310808128268901,0.6315149197104323
@shroud song?,neither,0.038601720699969956,0.3448280572582511,0.616570222041779
8 in queue join it,neither,0.037626683993630984,0.3310043135828512,0.6313690024235178
FeelsBadMan,neither,0.03945320844208391,0.33037608806864915,0.630170703489267
1000 viewers in 6 minutes,neither,0.03945320844208391,0.33037608806864915,0.630170703489267
fak,neither,0.03945320844208391,0.33037608806864915,0.630170703489267
FeelsBadMan,neither,0.03945320844208391,0.33037608806864915,0.630170703489267
!uptime,neither,0.03945320844208391,0.33037608806864915,0.630170703489267
@kingbrutt Channel shroud has been live for 06m and 41s,neither,0.037527441653855145,0.2724964938497483,0.6899760644963965
whhhhhhyyyyyy,neither,0.03945320844208391,0.33037608806864915,0.630170703489267
Streaming less than 3 hours in 2016 DansGame,neither,0.03915173498490764,0.3354928794199579,0.6253553855951344
What server is here?,neither,0.21101012194103425,0.23617088941738243,0.5528189886415834
why,neither,0.016768318525353994,0.3685911158159394,0.6146405656587067
Feelsnudeman,neither,0.03945320844208391,0.33037608806864915,0.630170703489267
sup,neither,0.03945320844208391,0.33037608806864915,0.630170703489267
hopefully 3 hours turns into 5,neither,0.03945320844208391,0.33037608806864915,0.630170703489267
HeyGuys,neither,0.03945320844208391,0.33037608806864915,0.630170703489267
why the only 3 hrs? @Shroud,neither,0.027691308964449213,0.32927005956978267,0.643038631465768
!song,neither,0.038601720699969956,0.3448280572582511,0.616570222041779
!crosshair,neither,0.03945320844208391,0.33037608806864915,0.630170703489267
Tyloo in rank s?,neither,0.03945320844208391,0.33037608806864915,0.630170703489267
mEclipse would've done a 12 hour stream,neither,0.022778366985802358,0.3223018548687821,0.6549197781454156
song anyone?,neither,0.03887282138655525,0.3402267710904858,0.6209004075229589
@shroud songg??,neither,0.03945320844208391,0.33037608806864915,0.630170703489267
What does Raw Input do? I forgot,neither,0.03183331697682287,0.4394431210299826,0.5287235619931946
!sens,neither,0.03945320844208391,0.33037608806864915,0.630170703489267
@xjesp DPI: 400 - Ingame : 2.0 - Windows: 6/11 - Raw-Input: On - 1000 Hz Polling Rate,neither,0.03781786467716525,0.33814216926935486,0.6240399660534798
shroud has a date with ska,neither,0.02669062653846713,0.36910985047297434,0.6041995229885585
Kreygasm,neither,0.03945320844208391,0.33037608806864915,0.630170703489267
i want shroud to have my kids,neither,0.03206525876605208,0.4359952838703175,0.5319394573636304
!sense,neither,0.03945320844208391,0.33037608806864915,0.630170703489267
!mouse,neither,0.03945320844208391,0.33037608806864915,0.630170703489267
@tamestylin He's using the Logitech G Pro,neither,0.03984410112167261,0.377725686199306,0.5824302126790214
shroudW shroudMilk,neither,0.03945320844208391,0.33037608806864915,0.630170703489267
@shroud why only 3,neither,0.021910063718985573,0.3575087326667578,0.6205812036142566
yea ok,neither,0.03911879532134148,0.3360519514763475,0.6248292532023111
KappaPride,neither,0.03945320844208391,0.33037608806864915,0.630170703489267
LUL,neither,0.03945320844208391,0.33037608806864915,0.630170703489267
Jebaited,neither,0.03945320844208391,0.33037608806864915,0.630170703489267
LOL STICKY HANDS,neither,0.028857754465302664,0.4100669981075672,0.5610752474271301
FapFapFap,neither,0.03945320844208391,0.33037608806864915,0.630170703489267
"gmyaodqxp, nice virus NotLikeThis 20 seconds!",neither,0.03945320844208391,0.33037608806864915,0.630170703489267
LMAO,neither,0.03705015143476208,0.3711622369619404,0.5917876116032975
I have a concussion @shroud make me feel better,neither,0.032914420471952796,0.3707169689940288,0.5963686105340184
xD,neither,0.03945320844208391,0.33037608806864915,0.630170703489267
DansGame,neither,0.03945320844208391,0.33037608806864915,0.630170703489267
Jebaited,neither,0.03945320844208391,0.33037608806864915,0.630170703489267
DansGame,neither,0.03945320844208391,0.33037608806864915,0.630170703489267
shroudMilk shroudMilk,neither,0.03945320844208391,0.33037608806864915,0.630170703489267
triGasm,neither,0.03945320844208391,0.33037608806864915,0.630170703489267
Kreygasm,neither,0.03945320844208391,0.33037608806864915,0.630170703489267
!uptime,neither,0.03945320844208391,0.33037608806864915,0.630170703489267
KreyGasm,neither,0.03945320844208391,0.33037608806864915,0.630170703489267
mEclipse> shroud,neither,0.03945320844208391,0.33037608806864915,0.630170703489267
KappaPride,neither,0.03945320844208391,0.33037608806864915,0.630170703489267
what u been doing shroudy? getting rowdy?,neither,0.04002267178250021,0.3886262561240396,0.57135107209346
shroudW shroudMilk,neither,0.03945320844208391,0.33037608806864915,0.630170703489267
typE FAP,neither,0.03945320844208391,0.33037608806864915,0.630170703489267
sumWhat,neither,0.03945320844208391,0.33037608806864915,0.630170703489267
!res,neither,0.03945320844208391,0.33037608806864915,0.630170703489267
Kappa sure it's mnot,neither,0.03273993149552456,0.45842568363370856,0.5088343848707669
@mikeeee00 He plays at 1920x1080,neither,0.0452480919340949,0.3577890385339979,0.5969628695319072
KreyGasam,neither,0.03945320844208391,0.33037608806864915,0.630170703489267
FapFapFap,neither,0.03945320844208391,0.33037608806864915,0.630170703489267
What are your video settings,neither,0.19595430545921877,0.1385792597838539,0.6654664347569273
!mouse,neither,0.03945320844208391,0.33037608806864915,0.630170703489267
@forest1234555 He's using the Logitech G Pro,neither,0.03984410112167261,0.377725686199306,0.5824302126790214
Kreygasm,neither,0.03945320844208391,0.33037608806864915,0.630170703489267
fapfapfap,neither,0.03945320844208391,0.33037608806864915,0.630170703489267
why three hours shroud,neither,0.02824419794948358,0.34631528691764124,0.6254405151328751
jgoGasm jgoGasm jgoGasm jgoGasm,neither,0.03945320844208391,0.33037608806864915,0.630170703489267
@shroud uve got the same crosshair as the ecs viewer thing,neither,0.0350503886716388,0.38629312363285373,0.5786564876955074
CoD4 remasterd boys PogChamp Kappa,neither,0.03945320844208391,0.33037608806864915,0.630170703489267
is that the real captain Mo?,neither,0.035370883222971855,0.4519822218088623,0.5126468949681657
Join the new Curse server! https://curse.com/invite/Xv6nbZgd4kugsL2fxlg6NQ,neither,0.04082319323556661,0.27696135383134185,0.6822154529330917
Did C9 all review the demo in bed after the match? KappaPride,neither,0.03923188446619563,0.35090199107131265,0.6098661244624918
!sens,neither,0.03945320844208391,0.33037608806864915,0.630170703489267
Kreygasm,neither,0.03945320844208391,0.33037608806864915,0.630170703489267
Hi,neither,0.03945320844208391,0.33037608806864915,0.630170703489267
!uptime,neither,0.03945320844208391,0.33037608806864915,0.630170703489267
@hobokristian Channel shroud has been live for 07m and 36s,neither,0.037527441653855145,0.2724964938497483,0.6899760644963965
I don't think there are any live rank s games @shroud,neither,0.062405269474800594,0.25962734791809616,0.6779673826071032
Hello shroud jeremy wants u inside of him,neither,0.03523275736626221,0.1933428617846122,0.7714243808491256
!viewmodel,neither,0.03945320844208391,0.33037608806864915,0.630170703489267
HEY SHRODU DHAHHA,neither,0.03945320844208391,0.33037608806864915,0.630170703489267
@dougsavage drink shroudMilk shroudMilk shroudMilk,neither,0.03945320844208391,0.33037608806864915,0.630170703489267
SONG? IM GONNA CM,neither,0.03742287546372518,0.4063682219963551,0.5562089025399197
Uh,neither,0.03945320844208391,0.33037608806864915,0.630170703489267
!res,neither,0.03945320844208391,0.33037608806864915,0.630170703489267
@shroud sticky hands cuz SEMEN?,neither,0.03945320844208391,0.33037608806864915,0.630170703489267
shroudPigeon,neither,0.03945320844208391,0.33037608806864915,0.630170703489267
GOLDEN KAPPA CHECK? Kappa,neither,0.03945320844208391,0.33037608806864915,0.630170703489267
!crosshair,neither,0.03945320844208391,0.33037608806864915,0.630170703489267
shroudOverit,neither,0.03945320844208391,0.33037608806864915,0.630170703489267
!crosshair,neither,0.03945320844208391,0.33037608806864915,0.630170703489267
"@shwa_shwa_shwa Cl_crosshairsize 2, cl_crosshair_drawoutline 1, cl_crosshaircolor 4, cl_crosshairgap -2, cl_crosshairthickness 1",neither,0.03945320844208391,0.33037608806864915,0.630170703489267
what kind of game mode is this? can anyone tell me. is it in the community maps?,neither,0.04485827674707461,0.31473430040176176,0.6404074228511636
shroudWhiff,neither,0.03945320844208391,0.33037608806864915,0.630170703489267
Kappa,neither,0.03945320844208391,0.33037608806864915,0.630170703489267
Kappa,neither,0.03945320844208391,0.33037608806864915,0.630170703489267
Devil Music,neither,0.03945320844208391,0.33037608806864915,0.630170703489267
LEAVE it all behind you,offensive_language,0.060860201095748884,0.4870596635915972,0.4520801353126539
yo,offensive_language,0.04010381111145228,0.5271105317972344,0.4327856570913131
Kappa 7,neither,0.03945320844208391,0.33037608806864915,0.630170703489267
COD campaign,neither,0.03945320844208391,0.33037608806864915,0.630170703489267
first!@,neither,0.02604892428726219,0.3349864360510187,0.6389646396617191
hahahhahahaha,neither,0.03945320844208391,0.33037608806864915,0.630170703489267
shroudDad,neither,0.03945320844208391,0.33037608806864915,0.630170703489267
KappaHD,neither,0.03945320844208391,0.33037608806864915,0.630170703489267
!uptime,neither,0.03945320844208391,0.33037608806864915,0.630170703489267
@LEE_SANGER hello there,neither,0.03937036753510788,0.27621722592919734,0.6844124065356949
!uptime,neither,0.03945320844208391,0.33037608806864915,0.630170703489267
!crosshair,neither,0.03945320844208391,0.33037608806864915,0.630170703489267
"@gyz3r Cl_crosshairsize 2, cl_crosshair_drawoutline 1, cl_crosshaircolor 4, cl_crosshairgap -2, cl_crosshairthickness 1",neither,0.03945320844208391,0.33037608806864915,0.630170703489267
Rank S hround,neither,0.03945320844208391,0.33037608806864915,0.630170703489267
Shroud PogChamp,neither,0.03945320844208391,0.33037608806864915,0.630170703489267
Yes community servers.,neither,0.03945320844208391,0.33037608806864915,0.630170703489267
No fuck COD,offensive_language,0.16529310954174162,0.8342605669149283,0.00044632354332998565
What are your video settings,neither,0.19595430545921877,0.1385792597838539,0.6654664347569273
"Shroud, natawhee wants your penis",neither,0.07700654732979825,0.3199250749817491,0.6030683776884527
Bae shorud i love you,offensive_language,0.05341198639263405,0.4964133584474997,0.45017465515986627
what state is the cloud9 house in?,neither,0.10167591457736991,0.1981115899787541,0.700212495443876
Infinite Warfare is Garbage. Play MWR,neither,0.04668223503100558,0.3278896943333491,0.6254280706356454
@shroud You are not my friend you are my brother my friend,offensive_language,0.06431367161553445,0.5054579505438991,0.43022837784056656
Shroud play the new cod :DDDD,neither,0.04203484012096952,0.22674523588424114,0.7312199239947893
pug with tyloo,neither,0.01332993187238274,0.44459218524224076,0.5420778828853765
what is it called,neither,0.05937796005632661,0.3205701686091081,0.6200518713345653
!mouse,neither,0.03945320844208391,0.33037608806864915,0.630170703489267
@galexy123 He's using the Logitech G Pro,neither,0.03984410112167261,0.377725686199306,0.5824302126790214
!sens,neither,0.03945320844208391,0.33037608806864915,0.630170703489267
@link3nztar DPI: 400 - Ingame : 2.0 - Windows: 6/11 - Raw-Input: On - 1000 Hz Polling Rate,neither,0.03781786467716525,0.33814216926935486,0.6240399660534798
!sens,neither,0.03945320844208391,0.33037608806864915,0.630170703489267
Grats on the wins today @shroud,neither,0.03544261435400555,0.31096189731086543,0.6535954883351289
Cult to follow- leave it all behind,neither,0.04633735274127878,0.39624850855966604,0.5574141386990551
@shroud amazing win against complexity,neither,0.04087650156296182,0.30621908930829933,0.6529044091287389
MWR I mean,neither,0.03945320844208391,0.33037608806864915,0.630170703489267
SHROOOOOOOYD,neither,0.03945320844208391,0.33037608806864915,0.630170703489267
Complexity having a chance LUL,neither,0.03945320844208391,0.33037608806864915,0.630170703489267
!donate,neither,0.03945320844208391,0.33037608806864915,0.630170703489267
@perry1751 You can Donate to him here https://streamtip.com/t/shroud,neither,0.10469763940617259,0.32571815519872604,0.5695842053951015
RISE AGAINST PogChamp,neither,0.04102349318424372,0.30372425787758295,0.6552522489381735
!sens,neither,0.03945320844208391,0.33037608806864915,0.630170703489267
!crosshair,neither,0.03945320844208391,0.33037608806864915,0.630170703489267
!res,neither,0.03945320844208391,0.33037608806864915,0.630170703489267
!CROSSHAIR,neither,0.03945320844208391,0.33037608806864915,0.630170703489267
!uptime,neither,0.03945320844208391,0.33037608806864915,0.630170703489267
!crosshair,neither,0.03945320844208391,0.33037608806864915,0.630170703489267
shroudW shroudC9 shroudC9 shroudC9 shroudC9,neither,0.03945320844208391,0.33037608806864915,0.630170703489267
anyone here use the g900? i just got mine today,neither,0.02865928515414746,0.4002258878441965,0.571114827001656
!res,neither,0.03945320844208391,0.33037608806864915,0.630170703489267
RISE AGAINST PogChamp,neither,0.04102349318424372,0.30372425787758295,0.6552522489381735
@sguide He plays at 1920x1080,neither,0.0452480919340949,0.3577890385339979,0.5969628695319072
Less than 1k viewers,neither,0.03904145470803365,0.337364623527098,0.6235939217648684
Play mw remastered shroud,neither,0.03945320844208391,0.33037608806864915,0.630170703489267
rise against needs to be played more at esports events,neither,0.04570454365775814,0.3238971506396355,0.6303983057026065
!playlist,neither,0.03945320844208391,0.33037608806864915,0.630170703489267
shroudPigeon check,neither,0.03945320844208391,0.33037608806864915,0.630170703489267
so hype,neither,0.03940828253961077,0.39264520971988554,0.5679465077405037
shrood stop rigging games so it will be 16-8 LUL,neither,0.03984860886395233,0.40538873667876874,0.5547626544572789
"i know how you feel, i sometimes think dying is easier than living too",neither,0.05525058088828063,0.358631046810456,0.5861183723012633
!crosshair,neither,0.03945320844208391,0.33037608806864915,0.630170703489267
C9 got robbed in brazil,neither,0.0383545641989232,0.36982194543331165,0.591823490367765
need crosshair update shroud,neither,0.039226113304717175,0.32847442262583043,0.6322994640694525
Free ice TriHard,neither,0.03945320844208391,0.33037608806864915,0.630170703489267
can you and n0thing 2v2 stew and auti on aim map?,neither,0.0477185990359453,0.3043054924779085,0.6479759084861461
