text,top_class,hate_speech,offensive_language,neither
oh shit?,offensive_language,0.04652059265363964,0.9534729203614298,6.486984930600159e-06
[Twitter Live Feed @C9shroud] Hey! CoMe oN! IM LIVE https://t.co/0nsby7MTHi https://twitter.com/C9shroud/status/796182827146440704,neither,0.04032712849468131,0.466349915052564,0.4933229564527548
is this new or am i retarded,offensive_language,0.1300461213989806,0.8400387873420648,0.029915091258954526
hell yeah,offensive_language,0.024014075456083226,0.8806496383571902,0.0953362861867266
Sup,neither,0.03945320844208391,0.33037608806864915,0.630170703489267
PogChamp,neither,0.03945320844208391,0.33037608806864915,0.630170703489267
YES,neither,0.03945320844208391,0.33037608806864915,0.630170703489267
Kreygasm,neither,0.03945320844208391,0.33037608806864915,0.630170703489267
yo shrooooooooooody,offensive_language,0.04010381111145228,0.5271105317972344,0.4327856570913131
twitter notification squad,neither,0.03882898769507289,0.4335857245934721,0.5275852877114551
LETS GOOOOOOOOOOOOOOO,neither,0.0381375099945381,0.3527069244228318,0.6091555655826302
papa,neither,0.03945320844208391,0.33037608806864915,0.630170703489267
TriHard,neither,0.03945320844208391,0.33037608806864915,0.630170703489267
trump train boys,neither,0.03945320844208391,0.33037608806864915,0.630170703489267
!crosshair,neither,0.03945320844208391,0.33037608806864915,0.630170703489267
"@chodeski Cl_crosshairsize 2, cl_crosshair_drawoutline 1, cl_crosshaircolor 4, cl_crosshairgap -2, cl_crosshairthickness 1",neither,0.03945320844208391,0.33037608806864915,0.630170703489267
twitch app so fast,neither,0.03941603243396683,0.3658846387493728,0.5946993288166604
hi @shroud,neither,0.03945320844208391,0.33037608806864915,0.630170703489267
!uptime,neither,0.03945320844208391,0.33037608806864915,0.630170703489267
shroudW shroudMilk shroudW shroudMilk shroudW shroudMilk shroudW shroudMilk shroudW shroudMilk,neither,0.03945320844208391,0.33037608806864915,0.630170703489267
shrood,neither,0.03945320844208391,0.33037608806864915,0.630170703489267
ayy,neither,0.03945320844208391,0.33037608806864915,0.630170703489267
TRUMP GONNA WIN LMAO,neither,0.03765914809353833,0.38665162393464714,0.5756892279718147
shroudW stewDEAG,neither,0.03945320844208391,0.33037608806864915,0.630170703489267
ayyyy shroooood,neither,0.03945320844208391,0.33037608806864915,0.630170703489267
Fag,hate_speech,0.5576741477418645,0.4423254556191507,3.966389846530298e-07
inb4 shroud is wearing a maga hat,neither,0.04620797117336311,0.32805281542164727,0.6257392134049896
Trump 2016,neither,0.03945320844208391,0.33037608806864915,0.630170703489267
shroudW Trump shroudW,neither,0.03945320844208391,0.33037608806864915,0.630170703489267
!launch,neither,0.03945320844208391,0.33037608806864915,0.630170703489267
"@v1nn1k ""-freq 144 -noaafonts -novid -high -threads 12 -console -nojoy -nod3d9ex +mat_queue_mode 2 +mat_vignette_enable 0 -tickrate 128"" without the ""s.",neither,0.036613358808143565,0.3736313055967241,0.5897553355951325
hey,neither,0.03945320844208391,0.33037608806864915,0.630170703489267
ShroooooooD1,neither,0.03945320844208391,0.33037608806864915,0.630170703489267
!res,neither,0.03945320844208391,0.33037608806864915,0.630170703489267
Tuck Frump PogChamp,neither,0.03945320844208391,0.33037608806864915,0.630170703489267
im just an egg now,neither,0.03457078091431829,0.37775659951163293,0.5876726195740489
harrow!,neither,0.03945320844208391,0.33037608806864915,0.630170703489267
hi,neither,0.03945320844208391,0.33037608806864915,0.630170703489267
UNITED STATES OF MEME AMERICA FeelsGoodMan,neither,0.145970397041874,0.25630904145858446,0.5977205614995417
hallo,neither,0.03945320844208391,0.33037608806864915,0.630170703489267
SUP BIG DADDY,neither,0.024635900191727327,0.3907383091011214,0.5846257907071514
dude im actually worried that trump might win,neither,0.036378551490971335,0.37876278071150654,0.584858667797522
Cool an intro,neither,0.03976371017332468,0.325106063344548,0.6351302264821275
litty,neither,0.03945320844208391,0.33037608806864915,0.630170703489267
thats the old crosshair :(,neither,0.03824022733355698,0.3079770091370313,0.6537827635294117
shroudW,neither,0.03945320844208391,0.33037608806864915,0.630170703489267
but one day i'll be a pidgey,neither,0.03553187300363226,0.36863302326415465,0.595835103732213
dad,neither,0.03945320844208391,0.33037608806864915,0.630170703489267
trump is winning FeelsAmazingMan,neither,0.04730326514500425,0.3276760935994349,0.625020641255561
SHROOD,neither,0.03945320844208391,0.33037608806864915,0.630170703489267
what up cracka,neither,0.04549209283961305,0.43877665191533993,0.5157312552450469
yo,offensive_language,0.04010381111145228,0.5271105317972344,0.4327856570913131
hello shroud,neither,0.03945320844208391,0.33037608806864915,0.630170703489267
shrooooood,neither,0.03945320844208391,0.33037608806864915,0.630170703489267
sumSuh,neither,0.03945320844208391,0.33037608806864915,0.630170703489267
"END OF AMERICA PARTY, SHROUD?",neither,0.23533456543277614,0.21319312630389506,0.5514723082633288
:D,neither,0.03945320844208391,0.33037608806864915,0.630170703489267
I mean at least if trump wins russia won't fuck us up,offensive_language,0.12109546252408512,0.8449572290041284,0.033947308471786466
PogChamp,neither,0.03945320844208391,0.33037608806864915,0.630170703489267
Trump,neither,0.03945320844208391,0.33037608806864915,0.630170703489267
GOD HELP AMERICA,neither,0.25276742641041644,0.20549456738975452,0.5417380061998289
this looks like some big head wannabe shit tbh,offensive_language,0.03533949933761042,0.951324182681886,0.01333631798050357
Welcome back MrMonger14 (10 months) Kreygasm,neither,0.03945320844208391,0.33037608806864915,0.630170703489267
MIKE HOLD ME AS WE ALL DIE,neither,0.13876260496327802,0.2709132573040763,0.5903241377326456
"Not gonna lie, I voted trump",neither,0.037713561676564526,0.36947022293913456,0.5928162153843008
XD,neither,0.03945320844208391,0.33037608806864915,0.630170703489267
1st,neither,0.03945320844208391,0.33037608806864915,0.630170703489267
Trump for president,neither,0.03388385073522681,0.3025590707377971,0.6635570785269761
PRAISE KEK MEME MAGIC IS REAL,neither,0.039550245951705,0.41649634378520395,0.543953410263091
Hello Michael. This may be the last time you stream before the end of America,neither,0.12746228936756643,0.308633527283093,0.5639041833493406
who here is voting for gary johnson,neither,0.07133753092848912,0.3223079672841218,0.6063545017873891
"shroud finishing his wank, thats why theres the inro",neither,0.04608515771872096,0.3321685133273319,0.621746328953947
STRUM!,neither,0.03945320844208391,0.33037608806864915,0.630170703489267
Aaaaayy,neither,0.03945320844208391,0.33037608806864915,0.630170703489267
Trump PogChamp,neither,0.03945320844208391,0.33037608806864915,0.630170703489267
RIP,neither,0.03945320844208391,0.33037608806864915,0.630170703489267
Dad,neither,0.03945320844208391,0.33037608806864915,0.630170703489267
Shroud ily,neither,0.03945320844208391,0.33037608806864915,0.630170703489267
Dad,neither,0.03945320844208391,0.33037608806864915,0.630170703489267
MIKE FOR PRESIDENT,neither,0.03336238374951744,0.2999633692420974,0.6666742470083853
TRUMP LETS GO,neither,0.03980413065736791,0.34689360935225816,0.613302259990374
shroudW shroudW shroudMilk shroudMilk,neither,0.03945320844208391,0.33037608806864915,0.630170703489267
Hi from New Zealand,neither,0.04482899111557546,0.20362019145052113,0.7515508174339034
shroudHype shroudHype shroudHype shroudHype shroudHype shroudHype shroudHype,neither,0.03945320844208391,0.33037608806864915,0.630170703489267
lul that feeling when u come to get crosshair settings and hes starting stream LEGENDARY SHROUD!,neither,0.03402792729736044,0.3715554022468062,0.5944166704558334
trump trump trump,neither,0.03945320844208391,0.33037608806864915,0.630170703489267
MAKE AMERICA GREAT AGAUIN,neither,0.2658051832461049,0.17795945450328485,0.5562353622506102
if you vote 3rd party you're a retard,offensive_language,0.12348786265067839,0.8509652163550743,0.025546920994247324
hello my friends,neither,0.027092414902365258,0.4278931443005694,0.5450144407970652
Trump,neither,0.03945320844208391,0.33037608806864915,0.630170703489267
that feel when u wish u were canadian,neither,0.028969915123299075,0.38643119435116186,0.5845988905255389
Make Canada great AGAIN,neither,0.03626982266239278,0.3350697838610149,0.6286603934765923
DADD,neither,0.03945320844208391,0.33037608806864915,0.630170703489267
GAMW THN MANA SOU,neither,0.03945320844208391,0.33037608806864915,0.630170703489267
shr00000000d,neither,0.03945320844208391,0.33037608806864915,0.630170703489267
fucking called it,offensive_language,0.11197847672085717,0.8879998959293264,2.162734981651468e-05
Sup dad,neither,0.03945320844208391,0.33037608806864915,0.630170703489267
Ayyy let's goo.,neither,0.023358265737137156,0.36602079466529924,0.6106209395975636
CLINTON,neither,0.03945320844208391,0.33037608806864915,0.630170703489267
THIRD PARTY VOTERS SAVED TRUMP'S ASS LUL,offensive_language,0.09771030023316653,0.8091106820140018,0.09317901775283155
FeelsGoodMan ITS HAPPENING,neither,0.03309144916294284,0.33256418880705063,0.6343443620300065
Trump in a landslide Jebaited,neither,0.03945320844208391,0.33037608806864915,0.630170703489267
MAGA,neither,0.03945320844208391,0.33037608806864915,0.630170703489267
Wtf shroud streaming 2 days in a row?,offensive_language,0.04140279850862295,0.5036008162113642,0.4549963852800128
"i voted for the only candidate I felt good about, myself Kappa",neither,0.03444168686092608,0.31986844022002114,0.6456898729190528
Kappa,neither,0.03945320844208391,0.33037608806864915,0.630170703489267
GAMW TH MANA TOU SYX,neither,0.03945320844208391,0.33037608806864915,0.630170703489267
"jingleberryjoe, nice virus NotLikeThis 20 seconds!",neither,0.03945320844208391,0.33037608806864915,0.630170703489267
@Mattt702 i voted for gary johnson,neither,0.03490308535291187,0.30764026819239826,0.6574566464546899
STAAAAARRT,neither,0.03945320844208391,0.33037608806864915,0.630170703489267
guys im living in europe can anyone tell me who is winning? :D,neither,0.0391935360170811,0.4094048247664036,0.5514016392165153
welp chat is gunna be aids tonight...,neither,0.0429696400229463,0.3157405891598016,0.641289770817252
Nice,neither,0.03945320844208391,0.33037608806864915,0.630170703489267
@shroud yo bro,neither,0.03974683120978326,0.44783470182118906,0.5124184669690278
CLINTON,neither,0.03945320844208391,0.33037608806864915,0.630170703489267
Ayyy,neither,0.03945320844208391,0.33037608806864915,0.630170703489267
HeyGuys,neither,0.03945320844208391,0.33037608806864915,0.630170703489267
!uptime,neither,0.03945320844208391,0.33037608806864915,0.630170703489267
@calemtv Channel shroud has been live for 02m and 41s,neither,0.037527441653855145,0.2724964938497483,0.6899760644963965
AYY,neither,0.03945320844208391,0.33037608806864915,0.630170703489267
vote 4 jonah ryan,neither,0.03945320844208391,0.33037608806864915,0.630170703489267
Shoruddy,neither,0.03945320844208391,0.33037608806864915,0.630170703489267
holy shit trump is leading?,offensive_language,0.05576707343152089,0.9326710754090385,0.011561851159440714
voting 3rd party will never work lol like ever,neither,0.03866456644160075,0.38950578008590314,0.5718296534724959
Who is winnign,offensive_language,0.06273239322143805,0.47642182036533837,0.4608457864132235
OBAMA,neither,0.03945320844208391,0.33037608806864915,0.630170703489267
notification squad what uuuuup,neither,0.04451029379317948,0.326741844586115,0.6287478616207055
TRUMP GONNA WIN,neither,0.03847880702987807,0.37527198819920127,0.5862492047709208
Sup shrowd,neither,0.03945320844208391,0.33037608806864915,0.630170703489267
74 views?,neither,0.03945320844208391,0.33037608806864915,0.630170703489267
CLINTON 4 PRES,neither,0.03945320844208391,0.33037608806864915,0.630170703489267
shroody,neither,0.03945320844208391,0.33037608806864915,0.630170703489267
anus,neither,0.03945320844208391,0.33037608806864915,0.630170703489267
trump bb,neither,0.03945320844208391,0.33037608806864915,0.630170703489267
HIGH ENERGY STREAM,neither,0.03644911999877953,0.4015204340557902,0.5620304459454304
@ShogokiTV lmao california hasnt even got the votes in yet. once california votes get in we'll see whos winning by a landslide,neither,0.05154954616112534,0.36789143549622827,0.5805590183426463
@shroud get out of the US while you can,neither,0.10265283595848243,0.3697963101373749,0.5275508539041428
What Game,neither,0.048267001891791506,0.2552415477029018,0.6964914504053068
Ready for the end of America?,neither,0.1918780123104205,0.19604676578569083,0.6120752219038887
@loopgr stfu malaka,offensive_language,0.20022954135558085,0.45199920488637724,0.3477712537580419
Ayy first shroud stream,neither,0.03346805162725288,0.33243465795024146,0.6340972904225055
HeyGuys,neither,0.03945320844208391,0.33037608806864915,0.630170703489267
Trump is winning ::(((,neither,0.04730326514500425,0.3276760935994349,0.625020641255561
AMERICA IS A FUCKING JOKE,offensive_language,0.4914314224551374,0.5079638943419005,0.0006046832029620207
CANT STUMP THE TRUMP,neither,0.038744390212890806,0.3174770278958196,0.6437785818912897
america is fucked,offensive_language,0.361598838506246,0.5050145792891789,0.13338658220457505
twitter notification squad,neither,0.03882898769507289,0.4335857245934721,0.5275852877114551
Shoud back to canada confirmed,neither,0.04522480379506919,0.326989167884947,0.6277860283199838
anyways fuck politics I'm here for shrood,offensive_language,0.27104371695250995,0.7234410582203177,0.005515224827172351
HeyGuys,neither,0.03945320844208391,0.33037608806864915,0.630170703489267
CANT STUNP TRUMP GivePLZ VoteYea TakeNRG,neither,0.03945320844208391,0.33037608806864915,0.630170703489267
trump 2016 LUL,neither,0.03945320844208391,0.33037608806864915,0.630170703489267
Who'd you vote for?,neither,0.05107075039561254,0.4281857870119002,0.5207434625924874
@coolnowiam CRY SOME MORE,neither,0.031420381805111655,0.3357023113814928,0.6328773068133955
KKona TRUMP,neither,0.03945320844208391,0.33037608806864915,0.630170703489267
Come back to Canada!!!!!!!!,neither,0.04456507987928561,0.35356390815971284,0.6018710119610015
Trump in a landslide Jebaited,neither,0.03945320844208391,0.33037608806864915,0.630170703489267
!song,neither,0.038601720699969956,0.3448280572582511,0.616570222041779
Ready for the end of the world??,neither,0.03309519103492044,0.2799768637882599,0.6869279451768197
hail russia,neither,0.03945320844208391,0.33037608806864915,0.630170703489267
Let's go back to canada,neither,0.030653886402855997,0.3616340916938693,0.6077120219032747
KEN BONE FTW,neither,0.03945320844208391,0.33037608806864915,0.630170703489267
Yay trump,neither,0.03945320844208391,0.33037608806864915,0.630170703489267
"@shroud back to canada quick, #1 canadian team, optic isnt THAT good",neither,0.040556219597951866,0.3536202438998479,0.6058235365022002
i guess i have to move now. canada ill be there soon,neither,0.04336112810169933,0.31163338824377396,0.6450054836545267
hail russia,neither,0.03945320844208391,0.33037608806864915,0.630170703489267
Join the new Curse server! https://curse.com/invite/Xv6nbZgd4kugsL2fxlg6NQ,neither,0.04082319323556661,0.27696135383134185,0.6822154529330917
yeah fuck politics time to watch shroud show bogdan how to play cs,offensive_language,0.1451186623871998,0.8226749753931573,0.032206362219642966
Trump best,neither,0.03849321189567543,0.3223372005843162,0.6391695875200085
GO TRUMP,neither,0.040810256146617326,0.3350871100120312,0.6241026338413515
shroudH,neither,0.03945320844208391,0.33037608806864915,0.630170703489267
Trump is not in a landslide lol,neither,0.03744391941060126,0.38737323712266447,0.5751828434667342
ANYONE HERE FROM TORONTO???,neither,0.08293136790198627,0.2804272088287204,0.6366414232692934
Trump China Kappa,neither,0.03945320844208391,0.33037608806864915,0.630170703489267
Thanks for subscribing with Prime potaboes,neither,0.023796193918851447,0.32351757895080435,0.6526862271303442
Very close,neither,0.03945320844208391,0.33037608806864915,0.630170703489267
DONALD FOR PRESIDENT,neither,0.033735290954222896,0.30181927868160247,0.6644454303641746
Hi everyone,neither,0.032490659208996964,0.4485487193596734,0.5189606214313296
WE DONT WANT YOU GUYS IN CANADA,neither,0.053711690395843614,0.3715282856315485,0.5747600239726078
The end is near BibleThump,neither,0.047575138754979304,0.3096478128190257,0.642777048425995
VANCOUVER BABY,neither,0.03945320844208391,0.33037608806864915,0.630170703489267
Hillary has Cali already,neither,0.03890997631665694,0.3395961549600195,0.6214938687233236
End of america = End of world. NA Logic LUL,neither,0.11122940190063171,0.2758405879610511,0.6129300101383173
back to canada,neither,0.047298229894838,0.3258152180683131,0.626886552036849
http://steamcommunity.com/id/daasol/,neither,0.03616951987215711,0.2192941561601611,0.7445363239676819
trump 2016,neither,0.03945320844208391,0.33037608806864915,0.630170703489267
shroudA shroudA shroudA shroudA shroudA shroudA shroudA shroudA shroudA shroudA shroudA,neither,0.03945320844208391,0.33037608806864915,0.630170703489267
Howdy,neither,0.03945320844208391,0.33037608806864915,0.630170703489267
!uptime,neither,0.03945320844208391,0.33037608806864915,0.630170703489267
@riingleader Channel shroud has been live for 03m and 42s,neither,0.037527441653855145,0.2724964938497483,0.6899760644963965
nice,neither,0.03945320844208391,0.33037608806864915,0.630170703489267
MAKE AMERICA GREAT AGAIN,neither,0.21668111537527696,0.2244040760071851,0.558914808617538
TRUMP 2016,neither,0.03945320844208391,0.33037608806864915,0.630170703489267
imagine trying to tell someone 4 years ago that donald trump would be the president lol,neither,0.036038822804534444,0.3672317377824502,0.5967294394130154
yeah it's gonna be close cause california is 100% democrat,neither,0.04015685363286094,0.44271748209647555,0.5171256642706635
TRUMP 2016,neither,0.03945320844208391,0.33037608806864915,0.630170703489267
XD,neither,0.03945320844208391,0.33037608806864915,0.630170703489267
FeelsBadMan 🔫,neither,0.03945320844208391,0.33037608806864915,0.630170703489267
twitch's logic always entertains me,neither,0.03333203542012871,0.39402041844016034,0.5726475461397109
@shroud ur lucky ur in cloud9 or else u wouldnt be,neither,0.07658763846287975,0.3201719814919313,0.603240380045189
hes not going to be,neither,0.04382163733250536,0.36564765550128825,0.5905307071662064
shroudH shroudHype shroudH shroudHype shroudH shroudHype shroudH shroudHype shroudH shroudHype shroudH shroudHype,neither,0.03945320844208391,0.33037608806864915,0.630170703489267
Trump 2016,neither,0.03945320844208391,0.33037608806864915,0.630170703489267
@z_Sharq president of america is most powerful position in the world,neither,0.14359074735145255,0.25131551752188747,0.60509373512666
hugh mungus 2k16,neither,0.03945320844208391,0.33037608806864915,0.630170703489267
the song is perfect for tonight,neither,0.03802719358286338,0.2812736980955486,0.680699108321588
@KiingRez is that norwegian?,neither,0.05154613418987003,0.42924314326430335,0.5192107225458266
What up Shroudy,neither,0.04549209283961305,0.43877665191533993,0.5157312552450469
PJSalt,neither,0.03945320844208391,0.33037608806864915,0.630170703489267
Trump FeelsBadMan 🔫,neither,0.03945320844208391,0.33037608806864915,0.630170703489267
"Guys, lets make a fallout vault",neither,0.038704288310849634,0.34308721722148877,0.6182084944676616
huh,neither,0.03945320844208391,0.33037608806864915,0.630170703489267
RIP america,neither,0.2780345682943383,0.1946026118994091,0.5273628198062527
"hey guys make sure trump wins so your market crashes along with the dollar, I am an in a 3rd world country and I need to upgrade my hardware. Thanks, goodnight!",neither,0.03996793941284678,0.4022747817989252,0.557757278788228
wubWubwub,neither,0.03945320844208391,0.33037608806864915,0.630170703489267
420,neither,0.03945320844208391,0.33037608806864915,0.630170703489267
HeyGuys HeyGuys,neither,0.03945320844208391,0.33037608806864915,0.630170703489267
america in 2016 LUL,neither,0.16958537422289036,0.2441396732145961,0.5862749525625136
MAKE AMERICA GREAT AGAIN,neither,0.21668111537527696,0.2244040760071851,0.558914808617538
HUGHMUNGUS - BONE 2016,neither,0.03945320844208391,0.33037608806864915,0.630170703489267
420 viewers PogChamp,neither,0.03945320844208391,0.33037608806864915,0.630170703489267
420,neither,0.03945320844208391,0.33037608806864915,0.630170703489267
Hillary 4 prison,neither,0.03945320844208391,0.33037608806864915,0.630170703489267
"@Gamertube78, *one of the most powerful",neither,0.03780444383499577,0.34432974517161985,0.6178658109933844
Just in case nukes start flying,neither,0.03551892031552605,0.34883488175283034,0.6156461979316437
@FlameNoteRed lul,neither,0.03945320844208391,0.33037608806864915,0.630170703489267
who is new president?,neither,0.055834925954847986,0.29329144482685465,0.6508736292182974
Lets make it happen,neither,0.03723989143909205,0.3444325808173658,0.6183275277435422
"I love how trump supporters are so obnoxious to the point where they just spurt out shit like ""TRUMP 2016"" constantly. really funny.",offensive_language,0.06699480295357645,0.7967633601113503,0.13624183693507325
idk,neither,0.03945320844208391,0.33037608806864915,0.630170703489267
Hillary,neither,0.03945320844208391,0.33037608806864915,0.630170703489267
Blame Jill Stein,neither,0.03945320844208391,0.33037608806864915,0.630170703489267
guess canada's about to have a population problem,neither,0.04209754981569597,0.35599850098168884,0.6019039492026153
BOT SHROUD,neither,0.03945320844208391,0.33037608806864915,0.630170703489267
@gissy7 okay i can agree with that,neither,0.02608649921653285,0.40273790282966215,0.571175597953805
HILLARY WINNING VIRGINIA LUL,neither,0.03945320844208391,0.33037608806864915,0.630170703489267
WHATA FUCK IS THAT?,offensive_language,0.16778332093824083,0.8312885869415856,0.0009280921201736506
"@Garavelamon, trump",neither,0.03945320844208391,0.33037608806864915,0.630170703489267
HILLARY,neither,0.03945320844208391,0.33037608806864915,0.630170703489267
!playlisty,neither,0.03945320844208391,0.33037608806864915,0.630170703489267
"So cool being UK pleb watching Americans bitch about the 2 ""politicians"" xD",offensive_language,0.014404321207300376,0.9840121464609025,0.001583532331797132
!playlist,neither,0.03945320844208391,0.33037608806864915,0.630170703489267
shroud streaming 2 days in a row?!?!?!,neither,0.03945320844208391,0.33037608806864915,0.630170703489267
Ted Cruz won,neither,0.03945320844208391,0.33037608806864915,0.630170703489267
Hugh mungus for pres,neither,0.03439211636694196,0.30509178452847924,0.6605160991045788
what is this,neither,0.07282678549990032,0.31792604547631814,0.6092471690237815
trump baby shroudH shroudH shroudH shroudW,neither,0.03945320844208391,0.33037608806864915,0.630170703489267
@kraz_tv pusc,neither,0.03945320844208391,0.33037608806864915,0.630170703489267
shroud 2k16 tbh,neither,0.03945320844208391,0.33037608806864915,0.630170703489267
!playlist,neither,0.03945320844208391,0.33037608806864915,0.630170703489267
@flamenotered xdd,neither,0.03945320844208391,0.33037608806864915,0.630170703489267
@cascoid ikr,neither,0.03945320844208391,0.33037608806864915,0.630170703489267
kraz_tv lilted 4Head,neither,0.03945320844208391,0.33037608806864915,0.630170703489267
STRAYA BICH,neither,0.03945320844208391,0.33037608806864915,0.630170703489267
!uptime,neither,0.03945320844208391,0.33037608806864915,0.630170703489267
TRUMP 2016 SeemsGood,neither,0.03945320844208391,0.33037608806864915,0.630170703489267
@ranchomovil Channel shroud has been live for 04m and 51s,neither,0.037527441653855145,0.2724964938497483,0.6899760644963965
PogChamp,neither,0.03945320844208391,0.33037608806864915,0.630170703489267
WHY HE GOT ON AND ISNT ON?,neither,0.02765436797012799,0.36944326922922865,0.6029023628006432
I mean lets be real they're both fucking awful but hillary literally is a felon lol,offensive_language,0.08900991622302248,0.8699451027150643,0.04104498106191311
@kraz_tv butthurt hillary fag,offensive_language,0.4201159825887917,0.5739311767792548,0.00595284063195359
"ska didnt sign last night, help a brother out",neither,0.03147924997723969,0.3417242206916412,0.6267965293311191
Shroud PogChamp,neither,0.03945320844208391,0.33037608806864915,0.630170703489267
shroud for president VoteYea VoteNay,neither,0.03134894029697996,0.2899759577181451,0.6786751019848749
Shroud 2020,neither,0.03945320844208391,0.33037608806864915,0.630170703489267
I love how Hillary supporters are oblivious to the fact she's a criminal,neither,0.05829771254638389,0.3476097413552147,0.5940925460984016
"I dont get why latinos even vote for trump, like wtf.",neither,0.034493082620555233,0.4761320430805081,0.4893748742989368
Who do you think is going to win????,neither,0.07988467533471763,0.4572685966984244,0.4628467279668579
virginia doesnt like trump EleGiggle ?,neither,0.047930672252819786,0.3428971416275299,0.6091721861196503
Trump won HLTV confirmed,neither,0.03945320844208391,0.33037608806864915,0.630170703489267
Shroud 2020?? Kappa,neither,0.03945320844208391,0.33037608806864915,0.630170703489267
hiliary will go to jail,neither,0.05149857953321465,0.3012853790019037,0.6472160414648815
why you do this to me its 3 am :(,neither,0.034500420995330024,0.4420776198465835,0.5234219591580865
!hnlbot,neither,0.03945320844208391,0.33037608806864915,0.630170703489267
shroud TRUMP IS WINNING OMG NOOOOOOO,neither,0.04504531960538867,0.32845270460996184,0.6265019757846495
shroud for pres 2020,neither,0.032764864206104964,0.296993156639892,0.670241979154003
@rilelele you all are doing a great job at proving my point. LOL!,offensive_language,0.04969882515650176,0.47846310349020904,0.47183807135328915
"@kraz_tv, thats pretty stereotypical",neither,0.03945320844208391,0.33037608806864915,0.630170703489267
VoteYea,neither,0.03945320844208391,0.33037608806864915,0.630170703489267
SHROUD Kreygasm,neither,0.03945320844208391,0.33037608806864915,0.630170703489267
#Trump2k16,neither,0.03945320844208391,0.33037608806864915,0.630170703489267
@gissy7 mhm.,neither,0.03945320844208391,0.33037608806864915,0.630170703489267
No vote for trump guys,neither,0.03394246386964155,0.31897422299322997,0.6470833131371284
#Trump2k16,neither,0.03945320844208391,0.33037608806864915,0.630170703489267
there goes another hillary conformist LUL,neither,0.07262046177994874,0.24776931613207465,0.6796102220879766
kanye 2020,neither,0.03945320844208391,0.33037608806864915,0.630170703489267
Kappa,neither,0.03945320844208391,0.33037608806864915,0.630170703489267
SHROUD FOR PRESIDENT! SwiftRage,neither,0.03134894029697996,0.2899759577181451,0.6786751019848749
TRUMP will make AMERICA GREAT AGAIN !~,neither,0.1560730525540773,0.2380709173531786,0.605856030092744
SHROUD 2020,neither,0.03945320844208391,0.33037608806864915,0.630170703489267
NoteNo,neither,0.03945320844208391,0.33037608806864915,0.630170703489267
TRUMP IS AMERICAS ONLY HOPE,neither,0.09008896259772729,0.21639935139165495,0.6935116860106176
Shroud 2k20,neither,0.03945320844208391,0.33037608806864915,0.630170703489267
Shroooooud,neither,0.03945320844208391,0.33037608806864915,0.630170703489267
Hi baby,neither,0.03945320844208391,0.33037608806864915,0.630170703489267
SHROUD 4 PRESIDENT,neither,0.03945320844208391,0.33037608806864915,0.630170703489267
@xZily Ayyy mah boii Kappa,neither,0.03945320844208391,0.33037608806864915,0.630170703489267
VoteNo,neither,0.03945320844208391,0.33037608806864915,0.630170703489267
shroud 2020,neither,0.03945320844208391,0.33037608806864915,0.630170703489267
cheer 1,neither,0.03945320844208391,0.33037608806864915,0.630170703489267
Kappa,neither,0.03945320844208391,0.33037608806864915,0.630170703489267
TRUMP PogChamp,neither,0.03945320844208391,0.33037608806864915,0.630170703489267
SHROUD 2020,neither,0.03945320844208391,0.33037608806864915,0.630170703489267
!cheer 1,neither,0.03945320844208391,0.33037608806864915,0.630170703489267
You have to be 45,neither,0.07122809087195983,0.3976433486501828,0.5311285604778574
VoteYea,neither,0.03945320844208391,0.33037608806864915,0.630170703489267
haha,neither,0.03186685585600258,0.45913629025701075,0.5089968538869867
trump will actually win PogChamp,neither,0.04067471028354636,0.3096440139532534,0.6496812757632002
shroudW shroudMilk,neither,0.03945320844208391,0.33037608806864915,0.630170703489267
LMAO,neither,0.03705015143476208,0.3711622369619404,0.5917876116032975
shroudW shroudMilk shroudW shroudMilk shroudW shroudMilk shroudW shroudMilk shroudW shroudMilk,neither,0.03945320844208391,0.33037608806864915,0.630170703489267
TRUMP WINS FLORIDA EleGiggle,neither,0.03945320844208391,0.33037608806864915,0.630170703489267
HELLO,neither,0.03945320844208391,0.33037608806864915,0.630170703489267
"@Mlgness9000, because he's the best choice",neither,0.0429811696755369,0.30657151804199095,0.6504473122824721
ASUh,neither,0.03945320844208391,0.33037608806864915,0.630170703489267
Trump will cause the us to be bombed,neither,0.07277897163963712,0.31766886868694916,0.6095521596734136
hi shroud,neither,0.03945320844208391,0.33037608806864915,0.630170703489267
LOL,neither,0.020706217963973744,0.4882283491876925,0.4910654328483337
shroudE,neither,0.03945320844208391,0.33037608806864915,0.630170703489267
hi,neither,0.03945320844208391,0.33037608806864915,0.630170703489267
herro,neither,0.03945320844208391,0.33037608806864915,0.630170703489267
heljo,neither,0.03945320844208391,0.33037608806864915,0.630170703489267
LOLOL,neither,0.03945320844208391,0.33037608806864915,0.630170703489267
dad,neither,0.03945320844208391,0.33037608806864915,0.630170703489267
HeyGuys,neither,0.03945320844208391,0.33037608806864915,0.630170703489267
shti,neither,0.03945320844208391,0.33037608806864915,0.630170703489267
HOO DAD,neither,0.03945320844208391,0.33037608806864915,0.630170703489267
LOL,neither,0.020706217963973744,0.4882283491876925,0.4910654328483337
So SHROUD 2036,offensive_language,0.039501631330860744,0.48329170807269783,0.4772066605964413
HAHA,neither,0.03186685585600258,0.45913629025701075,0.5089968538869867
TRUMP PogChamp,neither,0.03945320844208391,0.33037608806864915,0.630170703489267
@gukilljoy u are 100% bait,neither,0.06697319974397277,0.2831051895880026,0.6499216106680248
SHROUD 2k16 CANCEL THE ELECTION,neither,0.03857071363629629,0.3142399086453702,0.6471893777183334
LOL,neither,0.020706217963973744,0.4882283491876925,0.4910654328483337
#MAGA,neither,0.03945320844208391,0.33037608806864915,0.630170703489267
NOOOOOOOO,neither,0.03945320844208391,0.33037608806864915,0.630170703489267
"@teeeeeeeh, a man can dream",neither,0.04000936438912704,0.40473630218352513,0.5552543334273479
Shroud 2020,neither,0.03945320844208391,0.33037608806864915,0.630170703489267
LOL,neither,0.020706217963973744,0.4882283491876925,0.4910654328483337
Hi,neither,0.03945320844208391,0.33037608806864915,0.630170703489267
shroudW,neither,0.03945320844208391,0.33037608806864915,0.630170703489267
TRUMP,neither,0.03945320844208391,0.33037608806864915,0.630170703489267
DAAD,neither,0.03945320844208391,0.33037608806864915,0.630170703489267
LUL,neither,0.03945320844208391,0.33037608806864915,0.630170703489267
LOL,neither,0.020706217963973744,0.4882283491876925,0.4910654328483337
LOL,neither,0.020706217963973744,0.4882283491876925,0.4910654328483337
shroud cant be president he wasnt born in the US FailFish,neither,0.07114230832397035,0.31482638356229625,0.6140313081137335
FUCK YAAA TRUMP,offensive_language,0.15098592451282739,0.8430153044619821,0.005998771025190282
LOL,neither,0.020706217963973744,0.4882283491876925,0.4910654328483337
TRUMP,neither,0.03945320844208391,0.33037608806864915,0.630170703489267
TRUMP LETS GOOOOOOOOOOOOO,neither,0.038663021470096356,0.34378762320694445,0.6175493553229593
HEY,neither,0.03945320844208391,0.33037608806864915,0.630170703489267
lmao,neither,0.03705015143476208,0.3711622369619404,0.5917876116032975
LOL,neither,0.020706217963973744,0.4882283491876925,0.4910654328483337
shroudW,neither,0.03945320844208391,0.33037608806864915,0.630170703489267
SHORRRROOOD!NOOOOOOOOOO,neither,0.03945320844208391,0.33037608806864915,0.630170703489267
WOWO,neither,0.03945320844208391,0.33037608806864915,0.630170703489267
HILLARY 2016,neither,0.03945320844208391,0.33037608806864915,0.630170703489267
TRUMP PogChamp,neither,0.03945320844208391,0.33037608806864915,0.630170703489267
YASSSSS SHROOD,neither,0.03945320844208391,0.33037608806864915,0.630170703489267
GO TRUMP,neither,0.040810256146617326,0.3350871100120312,0.6241026338413515
HeyGuys,neither,0.03945320844208391,0.33037608806864915,0.630170703489267
shroooooooooooood,neither,0.03945320844208391,0.33037608806864915,0.630170703489267
FUCK U,offensive_language,0.34803241646388117,0.6519675835059184,3.0200377847433446e-11
rofl,neither,0.03945320844208391,0.33037608806864915,0.630170703489267
TRUMP 2016 @@@,neither,0.03945320844208391,0.33037608806864915,0.630170703489267
WutFace,neither,0.03945320844208391,0.33037608806864915,0.630170703489267
DADDY,neither,0.03945320844208391,0.33037608806864915,0.630170703489267
UNSUB LUL,neither,0.03945320844208391,0.33037608806864915,0.630170703489267
LOL,neither,0.020706217963973744,0.4882283491876925,0.4910654328483337
SHROOOOD,neither,0.03945320844208391,0.33037608806864915,0.630170703489267
...,neither,0.03945320844208391,0.33037608806864915,0.630170703489267
LETS GO THE FUCKING DONALD,offensive_language,0.10479073045195254,0.8917518443120432,0.0034574252360042987
shroudHype shroudH shroudHype shroudH shroudHype shroudH shroudHype shroudH shroudHype shroudH shroudHype shroudH shroudHype shroudH,neither,0.03945320844208391,0.33037608806864915,0.630170703489267
hello?,neither,0.03945320844208391,0.33037608806864915,0.630170703489267
!uptime,neither,0.03945320844208391,0.33037608806864915,0.630170703489267
DADA,neither,0.03945320844208391,0.33037608806864915,0.630170703489267
Hey shroud!!!,neither,0.03945320844208391,0.33037608806864915,0.630170703489267
GO TRUMP,neither,0.040810256146617326,0.3350871100120312,0.6241026338413515
@n8dawg707 Channel shroud has been live for 06m and 13s,neither,0.037527441653855145,0.2724964938497483,0.6899760644963965
LUL,neither,0.03945320844208391,0.33037608806864915,0.630170703489267
YAAASSS,neither,0.03945320844208391,0.33037608806864915,0.630170703489267
NEW CAMERA SETUP,neither,0.04269030592239468,0.2499718561535303,0.707337837924075
unfollowed,neither,0.03945320844208391,0.33037608806864915,0.630170703489267
Sup Man!!,neither,0.03963703663028572,0.41087941302266007,0.5494835503470542
trump,neither,0.03945320844208391,0.33037608806864915,0.630170703489267
"@kraz_tv, get fucked go trump",offensive_language,0.04239639189609299,0.6944856617113495,0.2631179463925574
TRUMP WINS FLORIDA,neither,0.03945320844208391,0.33037608806864915,0.630170703489267
hey @shroud,neither,0.03945320844208391,0.33037608806864915,0.630170703489267
TRI<{,neither,0.03945320844208391,0.33037608806864915,0.630170703489267
@xzily ARE U KIDDING ME HES A FUCKING IDIOT,offensive_language,0.13084106325745254,0.8615226947892354,0.007636241953312045
shrood steaming Very PogChamp,neither,0.03945320844208391,0.33037608806864915,0.630170703489267
Boo,neither,0.03945320844208391,0.33037608806864915,0.630170703489267
TRUMP 2016!!!!!!!!!!!!,neither,0.03945320844208391,0.33037608806864915,0.630170703489267
THIS WASNT SUPPOSED TO HAPPEN,neither,0.04515704599193168,0.3283411321510811,0.6265018218569872
Shroud for president 2016,neither,0.03380073457901513,0.30214514330027864,0.6640541221207062
ITS THE END OF THE WORLD AS WE KNOW IT,neither,0.03079242441408745,0.3363960784640804,0.6328114971218322
NEW CAMERA ANGLE,neither,0.042734266518256715,0.2488415611234255,0.7084241723583179
WutFace,neither,0.03945320844208391,0.33037608806864915,0.630170703489267
Gucci,neither,0.03945320844208391,0.33037608806864915,0.630170703489267
WutFace,neither,0.03945320844208391,0.33037608806864915,0.630170703489267
SHROUDDD,neither,0.03945320844208391,0.33037608806864915,0.630170703489267
LUL,neither,0.03945320844208391,0.33037608806864915,0.630170703489267
Hey bra !,neither,0.03945320844208391,0.33037608806864915,0.630170703489267
shrooooood,neither,0.03945320844208391,0.33037608806864915,0.630170703489267
Hello,neither,0.03945320844208391,0.33037608806864915,0.630170703489267
TRUMPP,neither,0.03945320844208391,0.33037608806864915,0.630170703489267
@shroud Who do you think will win? Trump or Clinton? xD,neither,0.05395333080982862,0.3858211417223069,0.5602255274678644
R we all moving to canada?,neither,0.04717029863872691,0.3934065641682672,0.559423137193006
UP THE FUCKIN DONALD,offensive_language,0.07032000754689062,0.9190406184476424,0.010639374005466959
troll mooeeee @shroud,neither,0.03945320844208391,0.33037608806864915,0.630170703489267
Dada luv me @shroud,neither,0.03280266010399442,0.36620151024625786,0.6009958296497476
@ctrlClear hillary will win my friend.,neither,0.0309051552663343,0.38369898613777265,0.585395858595893
Shroud you excited for pot to be legal in Cali?,neither,0.050552094387875,0.33658554992333445,0.6128623556887905
Shroud Hype,neither,0.03945320844208391,0.33037608806864915,0.630170703489267
SENOR SHRUMP,neither,0.03945320844208391,0.33037608806864915,0.630170703489267
ayyy lmao,neither,0.03830674001666922,0.3498346492921025,0.6118586106912282
fresh cut?,neither,0.03945320844208391,0.33037608806864915,0.630170703489267
"Shroud, youre lucky to be a Canadian BibleThump",neither,0.05548727782447773,0.32681314912832604,0.6176995730471961
Omg its shroud HeyGuys,neither,0.031071987481826623,0.3332587742828187,0.6356692382353547
HeyGuys @shroud,neither,0.03945320844208391,0.33037608806864915,0.630170703489267
<3 <3 <3 SHROUDY,neither,0.03945320844208391,0.33037608806864915,0.630170703489267
LOL defaq xD,neither,0.020706217963973744,0.4882283491876925,0.4910654328483337
new ang,neither,0.04660400397451208,0.1401930676750457,0.8132029283504423
finally,neither,0.03945320844208391,0.33037608806864915,0.630170703489267
this song tho,neither,0.03363147192112359,0.3543312448615154,0.6120372832173608
eh,neither,0.03945320844208391,0.33037608806864915,0.630170703489267
Daddy,neither,0.03945320844208391,0.33037608806864915,0.630170703489267
SHROOD,neither,0.03945320844208391,0.33037608806864915,0.630170703489267
LUL SMALL CAMERA LIKEAUTIMATIC,neither,0.03945320844208391,0.33037608806864915,0.630170703489267
Shroud 1v1 me bro,neither,0.03215488997379471,0.3699340047855219,0.5979111052406835
LOL,neither,0.020706217963973744,0.4882283491876925,0.4910654328483337
we moving,neither,0.039246684186377216,0.33388134367334954,0.6268719721402733
"Hello Shroud, what do u think about The logitech gpro?",neither,0.04443848758940461,0.3278644343046365,0.6276970781059588
@mlgness9000 you fookin what m8,neither,0.0675421575005648,0.3785826894686241,0.5538751530308111
rofl,neither,0.03945320844208391,0.33037608806864915,0.630170703489267
!sens,neither,0.03945320844208391,0.33037608806864915,0.630170703489267
@c0naxtv DPI: 400 - Ingame : 2.0 - Windows: 6/11 - Raw-Input: On - 1000 Hz Polling Rate,neither,0.03781786467716525,0.33814216926935486,0.6240399660534798
»» Get 10% off an awesome Lootcrate at http://c9.gg/lootcratebot! ««,neither,0.035854241356283546,0.2575495405642879,0.7065962180794285
