text,top_class,hate_speech,offensive_language,neither
When is the event?,neither,0.03543214120455524,0.3618641040239918,0.602703754771453
@jadedmantis9548 good one 😂 fuckin dummy,offensive_language,0.07394311043162594,0.9098235357568834,0.016233353811490634
doctorWARCRY doctorWARCRY doctorWARCRY doctorWARCRY doctorWARCRY doctorWARCRY doctorWARCRY doctorWARCRY,neither,0.03945320844208391,0.33037608806864915,0.630170703489267
@drdisrespect hey bud I need a small loan of $2000 to give to @wipz :),neither,0.047379926954218665,0.324837952893802,0.6277821201519792
tatChair,neither,0.03945320844208391,0.33037608806864915,0.630170703489267
Go in the meteor,neither,0.03997947271230358,0.3056112477842783,0.6544092795034181
no geysers,neither,0.036918905254960256,0.37338982715841207,0.5896912675866277
@kingvelarde55 https://streamelements.com/wipz/tip you know what to do,neither,0.06857132679610106,0.360001577033261,0.571427096170638
@agcamacho click the sub button at the top 4Head,neither,0.037726300573985246,0.32452175785886667,0.637751941567148
have a seat,neither,0.038703214787426395,0.3431054377156541,0.6181913474969195
YAYAYAYAYAYAYAYA,neither,0.03945320844208391,0.33037608806864915,0.630170703489267
whats going on here wheres the Tim spirit,neither,0.06086446476476205,0.32314692524396693,0.615988609991271
why are people watching this guy,neither,0.08400120649926208,0.30631140897151354,0.6096873845292243
OPEN CHAT?? wolfLove wolfLove wolfLove wolfLove,neither,0.03945320844208391,0.33037608806864915,0.630170703489267
"From one Man to another Man, good job on shaving the head. I was worried about you for a minute @timthetatman",neither,0.06733491962874551,0.39474449569978337,0.5379205846714711
Is there an event? lol,neither,0.039045598784047446,0.3329341500954652,0.6280202511204874
@webers9 WEB😡,neither,0.03945320844208391,0.33037608806864915,0.630170703489267
NO,neither,0.036918905254960256,0.37338982715841207,0.5896912675866277
@kingvelarde55 https://streamelements.com/wipz/tip WeirdChamp,neither,0.03945320844208391,0.33037608806864915,0.630170703489267
straight down,neither,0.03945320844208391,0.33037608806864915,0.630170703489267
@kingvelarde55 hey sub to me :),neither,0.03789447285124974,0.3686501714812218,0.5934553556675285
@kingvelarde55 https://streamelements.com/wipz/tip,neither,0.03945320844208391,0.33037608806864915,0.630170703489267
frosty has no mbility aswell,neither,0.03866035533232711,0.34383287452295364,0.6175067701447193
tatGlam tatGlam tatGlam,neither,0.03945320844208391,0.33037608806864915,0.630170703489267
D: Suck poop,neither,0.06647097895096041,0.3398485674334803,0.5936804536155592
I LOVE YOU TIMTHEFATMAN,offensive_language,0.079837142191777,0.5038574454704381,0.4163054123377849
"yungmoneypistol subscribed at Tier 1. They've subscribed for 7 months, currently on a 7 month streak!",neither,0.02239512321462605,0.3238220280209259,0.653782848764448
tatW Welcome back yungmoneypistol tatW,neither,0.03945320844208391,0.33037608806864915,0.630170703489267
!downtime,neither,0.03945320844208391,0.33037608806864915,0.630170703489267
AYAYA,neither,0.03945320844208391,0.33037608806864915,0.630170703489267
"xMomo17 subscribed with Twitch Prime. They've subscribed for 13 months, currently on a 13 month streak!",neither,0.022582149989939095,0.33033192086212776,0.6470859291479332
tatPrime Welcome back xMomo17 tatPrime,neither,0.03945320844208391,0.33037608806864915,0.630170703489267
@kingvelarde55 give 2.50 EZ Clap,neither,0.03945320844208391,0.33037608806864915,0.630170703489267
TRASH SEASON,neither,0.04255210517624399,0.08659358365475747,0.8708543111689985
This glider weird,neither,0.03930790394090107,0.3328422846682519,0.6278498113908471
Man the meta has changed so much so fast,neither,0.03615469860977421,0.43018420351500486,0.533661097875221
80 miles out,neither,0.03524971573391776,0.34649399860576974,0.6182562856603125
wait so they only changed dusty?,neither,0.03941570399758254,0.3664293874125738,0.5941549085898437
@DrDisrespect you suck at cod,neither,0.08849890604162998,0.41826912263251137,0.4932319713258587
vaulted re-deploy btw,neither,0.0654415340882147,0.29203806486529343,0.6425204010464918
SEASON X IS CRAP,neither,0.04874699054250495,0.32295056039182934,0.6283024490656658
PepeShake,neither,0.03945320844208391,0.33037608806864915,0.630170703489267
Squid1 Squid2 Squid3 Squid4,neither,0.03945320844208391,0.33037608806864915,0.630170703489267
@im_parked_out_by_the_lake wtf LUL,offensive_language,0.04231805002032073,0.5786253524025317,0.3790565975771476
why is everything so colorful in this update,neither,0.03583962886711465,0.37471406309901817,0.5894463080338671
@kingvelarde55 im waiting :),neither,0.03824227701905851,0.37629302133523346,0.5854647016457082
@pad_thebestgame pad trash,neither,0.04205267118425284,0.133297843852114,0.8246494849636332
hi if i donated will tim read it rn ?,neither,0.028469707564730082,0.3493754114671446,0.6221548809681253
@youallarebots holy f 200 IQ,neither,0.03945320844208391,0.33037608806864915,0.630170703489267
@DrDisrespect doesnt need a mech he is the two time,neither,0.05094642377366168,0.3182270965124203,0.6308264797139181
!time,neither,0.036668274527354654,0.377643684699956,0.5856880407726893
Has anyone ever enjoyed this game?,neither,0.039134934579035024,0.2940278799066042,0.6668371855143608
@gamerking2024 Tim's local time is: 09:12:46 AM (EDT),neither,0.0431737312840565,0.34001033564368865,0.6168159330722549
theres an uzi in the game?,neither,0.03852210854565938,0.2816752509582736,0.679802640496067
@Assface03 every season since like 4 has been trash,neither,0.05151484349023386,0.17136039489887678,0.7771247616108894
Mobility SUCKSSSS ughhhhh,neither,0.03945320844208391,0.33037608806864915,0.630170703489267
@kingvelarde55 5Head,neither,0.03945320844208391,0.33037608806864915,0.630170703489267
@TimTheTatman You can dance in the Mech,neither,0.06071695141707607,0.36018223832766366,0.5791008102552603
PogU,neither,0.03945320844208391,0.33037608806864915,0.630170703489267
imagine your name being assface,neither,0.06412000390733676,0.34996274398391275,0.5859172521087506
DANCE!,neither,0.03945320844208391,0.33037608806864915,0.630170703489267
Map will change throughout the season,neither,0.040039046502087935,0.2936865483765032,0.6662744051214089
@Oattmeal more appealing for kids,neither,0.03551217095467339,0.29444977800381966,0.6700380510415069
WTF IS THIS,offensive_language,0.05875134067276458,0.7027317341486384,0.23851692517859707
@brownsugar1686 such a rebel you are!,neither,0.0980980954154962,0.32202809221854695,0.5798738123659568
Chat top d to wipz for me tatKevinS tatKevinS tatKevinS tatKevinS tatKevinS tatKevinS tatKevinS tatKevinS,neither,0.03238116796303944,0.3358034284663234,0.6318154035706373
swoop,neither,0.03945320844208391,0.33037608806864915,0.630170703489267
pgguy83 subscribed with Twitch Prime. They've subscribed for 9 months!,neither,0.017135853092050617,0.3228815153557895,0.6599826315521599
@DrDisrespect has two mechs on each arm.,neither,0.03786168353578215,0.327011846839646,0.6351264696245719
tatPrime Welcome back pgguy83 tatPrime,neither,0.03945320844208391,0.33037608806864915,0.630170703489267
@webers9 tatSuh,neither,0.03945320844208391,0.33037608806864915,0.630170703489267
@drdisrespect good luck today champ doctorHANDSHAKE doctorHANDSHAKE doctorHANDSHAKE doctorHANDSHAKE,neither,0.037662821150970686,0.3114140749859026,0.6509231038631267
DELETE,neither,0.03945320844208391,0.33037608806864915,0.630170703489267
LULW,neither,0.03945320844208391,0.33037608806864915,0.630170703489267
JUMP @TimTheTatman,neither,0.03945320844208391,0.33037608806864915,0.630170703489267
LuL,neither,0.03945320844208391,0.33037608806864915,0.630170703489267
@brownsugar1686 Where are your cod clips?,neither,0.10202929725260125,0.2548320566871801,0.6431386460602185
LULW,neither,0.03945320844208391,0.33037608806864915,0.630170703489267
LUL,neither,0.03945320844208391,0.33037608806864915,0.630170703489267
delete,neither,0.03945320844208391,0.33037608806864915,0.630170703489267
self destruct,neither,0.03945320844208391,0.33037608806864915,0.630170703489267
@im_parked_out_by_the_lake KKonaGuys,neither,0.03945320844208391,0.33037608806864915,0.630170703489267
Tim Teaming LOL,neither,0.03009179247183033,0.39967238447864833,0.5702358230495214
Did anything happen to the map?? @timthetatman @wipz,neither,0.044019632938689476,0.3144204186571169,0.6415599484041936
point towards your team so he can kill everyone 4Head,neither,0.3180862285557762,0.30958832854060486,0.3723254429036191
"Luckily they’re changing the map every week starting with tilted, then lazy, then greasy",neither,0.040780083153771254,0.32688121426,0.6323387025862287
what am i watching im dead,neither,0.04369177054976068,0.3584395231552929,0.5978687062949463
"back to back, 92-93 blockbuster videogame CHAMPION",neither,0.04367997269833007,0.32787761582252556,0.6284424114791444
self destruct,neither,0.03945320844208391,0.33037608806864915,0.630170703489267
IT WILL FOR TAKE 2 DAYS FOR MY UPDATE HELLLOOOO :(,neither,0.02353516052741504,0.330913041705615,0.64555179776697
@AMili_ with your mom,neither,0.06284427084516801,0.3759305742998376,0.5612251548549945
chase its a robot,neither,0.03412156745251214,0.33220988389057293,0.633668548656915
LULW,neither,0.03945320844208391,0.33037608806864915,0.630170703489267
LUL,neither,0.03945320844208391,0.33037608806864915,0.630170703489267
dance in the mech!,neither,0.03824326050450305,0.30803516360915495,0.6537215758863419
hold space bar,neither,0.03945320844208391,0.33037608806864915,0.630170703489267
wtf,offensive_language,0.04410695246022759,0.7898861884776351,0.16600685906213722
this game is so bad,neither,0.04382258501408238,0.33112492915032576,0.6250524858355918
PepeLaugh HE DOESNT KNOW,neither,0.046276578848099506,0.3280292180962591,0.6256942030556413
WhatsUpTimmy subscribed at Tier 1. They've subscribed for 17 months!,neither,0.020366740168760892,0.3138982375517927,0.6657350222794465
tatW Welcome back WhatsUpTimmy tatW,neither,0.03945320844208391,0.33037608806864915,0.630170703489267
heyyyy,neither,0.03945320844208391,0.33037608806864915,0.630170703489267
that's gotta be the dumbest mechanic i've ever seen,neither,0.019608718826658714,0.3589352613648941,0.6214560198084471
what the hell forntnite....,offensive_language,0.050756227603987104,0.8441747964024495,0.1050689759935634
LUL,neither,0.03945320844208391,0.33037608806864915,0.630170703489267
he can press delete actually,neither,0.044288837883878024,0.3248662316073376,0.6308449305087844
HES READY,neither,0.03945320844208391,0.33037608806864915,0.630170703489267
DO IT LULW,neither,0.039361844991312706,0.33040751214889547,0.6302306428597919
LULW,neither,0.03945320844208391,0.33037608806864915,0.630170703489267
monkaW,neither,0.03945320844208391,0.33037608806864915,0.630170703489267
LUL,neither,0.03945320844208391,0.33037608806864915,0.630170703489267
monkaW,neither,0.03945320844208391,0.33037608806864915,0.630170703489267
gg,neither,0.03945320844208391,0.33037608806864915,0.630170703489267
monkaW,neither,0.03945320844208391,0.33037608806864915,0.630170703489267
hold the jump button,neither,0.03867975594059287,0.3162763380264074,0.6450439060329998
tatKKevin,neither,0.03945320844208391,0.33037608806864915,0.630170703489267
monkaW,neither,0.03945320844208391,0.33037608806864915,0.630170703489267
WHO WINS CHICKEN,neither,0.040118039449066036,0.3988779905399407,0.5610039700109931
LOL,neither,0.020706217963973744,0.4882283491876925,0.4910654328483337
LULW,neither,0.03945320844208391,0.33037608806864915,0.630170703489267
LULW,neither,0.03945320844208391,0.33037608806864915,0.630170703489267
Stream Mechers tatRoad,neither,0.03945320844208391,0.33037608806864915,0.630170703489267
chelsea is my girlfriend finally xo,neither,0.030647708140807802,0.4824246430170651,0.4869276488421272
monkaS,neither,0.03945320844208391,0.33037608806864915,0.630170703489267
nope,neither,0.03945320844208391,0.33037608806864915,0.630170703489267
"@brownsugar1686 Remember hearing that in 3rd grade, gg",neither,0.03652888157237796,0.36204230159262285,0.601428816834999
LuL,neither,0.03945320844208391,0.33037608806864915,0.630170703489267
DONT DO IT TIMMY,neither,0.0394130732767408,0.3303898923924328,0.6301970343308264
WHAT IS THIS,neither,0.07282678549990032,0.31792604547631814,0.6092471690237815
doctorWTF doctorWTF doctorWTF doctorWTF doctorWTF,neither,0.03945320844208391,0.33037608806864915,0.630170703489267
a,neither,0.03945320844208391,0.33037608806864915,0.630170703489267
MrDestructoid Clap DESTROY MrDestructoid Clap DESTROY MrDestructoid Clap DESTROY MrDestructoid Clap DESTROY MrDestructoid Clap DESTROY MrDestructoid Clap DESTROY MrDestructoid Clap DESTROY MrDestructoid Clap DESTROY,neither,0.03945320844208391,0.33037608806864915,0.630170703489267
LULW,neither,0.03945320844208391,0.33037608806864915,0.630170703489267
MrDestructoid,neither,0.03945320844208391,0.33037608806864915,0.630170703489267
DO IT,neither,0.039361844991312706,0.33040751214889547,0.6302306428597919
DO IT Clap,neither,0.03940624266567324,0.33039224175280074,0.630201515581526
I’m signing into my other twitch account nickmercsCOUNTRY nickmercsCOUNTRY nickmercsCOUNTRY nickmercsCOUNTRY,neither,0.03171508764272822,0.38833120838491997,0.5799537039723518
MrDestructoid DESTROY,neither,0.03945320844208391,0.33037608806864915,0.630170703489267
Do it!,neither,0.039361844991312706,0.33040751214889547,0.6302306428597919
tatDMG DO IT,neither,0.039361844991312706,0.33040751214889547,0.6302306428597919
DO IT,neither,0.039361844991312706,0.33040751214889547,0.6302306428597919
DO IT,neither,0.039361844991312706,0.33040751214889547,0.6302306428597919
GO TO VALHALLA,neither,0.060965455381551105,0.3298518015889414,0.6091827430295076
lool,neither,0.03945320844208391,0.33037608806864915,0.630170703489267
Really cool game,neither,0.038647327400501884,0.2797248130978726,0.6816278595016255
JUMP LOL,neither,0.02922498096606139,0.40693906456687845,0.5638359544670603
DO IT,neither,0.039361844991312706,0.33040751214889547,0.6302306428597919
self destruct the mech tim,neither,0.03850839666968425,0.3130697541093079,0.6484218492210079
"@AMili_ I am in 3rd grade so yea, gg",neither,0.03908804416167672,0.37020918192076024,0.5907027739175631
Yes,neither,0.03945320844208391,0.33037608806864915,0.630170703489267
"Charge jump, then jum pout",neither,0.03945320844208391,0.33037608806864915,0.630170703489267
SELFF DESTRUCT,neither,0.03945320844208391,0.33037608806864915,0.630170703489267
FOR VALHALLA,neither,0.023896577328981292,0.2538532852897668,0.7222501373812519
@kingvelarde55 DansGame,neither,0.03945320844208391,0.33037608806864915,0.630170703489267
How do I sub,neither,0.04116218407755109,0.3297882929815045,0.6290495229409444
DIE WITH HIM @TimTheTatman,neither,0.22601247101117947,0.12061709638943705,0.6533704325993834
Jebaited,neither,0.03945320844208391,0.33037608806864915,0.630170703489267
Do a backflip Kappa,neither,0.04061284846861928,0.32997723468753154,0.6294099168438493
well no,neither,0.03799109885825319,0.355191903508204,0.6068169976335428
PogU DVA ULT,neither,0.03945320844208391,0.33037608806864915,0.630170703489267
d.va,neither,0.03945320844208391,0.33037608806864915,0.630170703489267
DO IT!!!!!,neither,0.039361844991312706,0.33040751214889547,0.6302306428597919
tatJump HandsUp,neither,0.03945320844208391,0.33037608806864915,0.630170703489267
JUST JUMP LUL,neither,0.0353311407044719,0.3497513162920245,0.6149175430035035
Self destruct it,neither,0.03718468763101921,0.33115633639996295,0.6316589759690179
LULW,neither,0.03945320844208391,0.33037608806864915,0.630170703489267
RANDY ORTON,neither,0.03945320844208391,0.33037608806864915,0.630170703489267
@TimTheTatman USE THE LAMA HOP EMOTE WHILE IN THE MECH USE THE LAMA HOP EMOTE WHILE IN THE MECH USE THE LAMA HOP EMOTE WHILE IN THE MECH,neither,0.013745517922009691,0.388661881462214,0.5975926006157763
SELF DESTRUCT,neither,0.03945320844208391,0.33037608806864915,0.630170703489267
NERF THIS LULW,neither,0.03934556506409844,0.33220307711989316,0.6284513578160085
JUMP,neither,0.03945320844208391,0.33037608806864915,0.630170703489267
Hell die,offensive_language,0.3385650443613819,0.5344687680415391,0.12696618759707903
DVA ULT IT Pog,neither,0.034373745257138544,0.33212314837979673,0.6335031063630647
Lauch,neither,0.03945320844208391,0.33037608806864915,0.630170703489267
THIS IS CONTENT,neither,0.04907462259199723,0.3288661739393127,0.6220592034686901
@webers9 200 IQ Move,neither,0.03945320844208391,0.33037608806864915,0.630170703489267
Dva,neither,0.03945320844208391,0.33037608806864915,0.630170703489267
Shockwa,neither,0.03945320844208391,0.33037608806864915,0.630170703489267
self destruct,neither,0.03945320844208391,0.33037608806864915,0.630170703489267
STOMP,neither,0.03945320844208391,0.33037608806864915,0.630170703489267
"kneller79 subscribed with Twitch Prime. They've subscribed for 4 months, currently on a 1 month streak! Hey bud",neither,0.02132842683091594,0.3304524547802628,0.6482191183888212
tatPrime Welcome back kneller79 tatPrime,neither,0.03945320844208391,0.33037608806864915,0.630170703489267
wtf are you doing Tim?,offensive_language,0.09636949860465012,0.5773330974700528,0.3262974039252972
SELF DESTRUCT READY,neither,0.03945320844208391,0.33037608806864915,0.630170703489267
HE IS SELF DESTRUCKING @TimTheTatman,neither,0.06185085016749406,0.3226725120219241,0.6154766378105818
pepega time,neither,0.036668274527354654,0.377643684699956,0.5856880407726893
Jump and shift back,neither,0.03873310480151305,0.29429274956121754,0.6669741456372694
LULW,neither,0.03945320844208391,0.33037608806864915,0.630170703489267
LULW,neither,0.03945320844208391,0.33037608806864915,0.630170703489267
DVa,neither,0.03945320844208391,0.33037608806864915,0.630170703489267
DVA ULT PogU,neither,0.03945320844208391,0.33037608806864915,0.630170703489267
LULW,neither,0.03945320844208391,0.33037608806864915,0.630170703489267
monkaS,neither,0.03945320844208391,0.33037608806864915,0.630170703489267
LULW,neither,0.03945320844208391,0.33037608806864915,0.630170703489267
LULW,neither,0.03945320844208391,0.33037608806864915,0.630170703489267
LULW,neither,0.03945320844208391,0.33037608806864915,0.630170703489267
@kingvelarde55 whats your other account,neither,0.06978292127075371,0.3219522025621266,0.6082648761671198
NERF THIS Pog,neither,0.03934556506409844,0.33220307711989316,0.6284513578160085
THIS IS BROKEN AF,neither,0.0482631151711375,0.3290079079859172,0.6227289768429453
"@brownsugar1686 Couldn’t tell, enjoy the rest of your summer bot :)",neither,0.057362631680227094,0.31446161962772223,0.6281757486920506
dVa,neither,0.03945320844208391,0.33037608806864915,0.630170703489267
MrDestructoid Clap SELF DESTRUCT SEQUENCE MrDestructoid Clap SELF DESTRUCT SEQUENCE MrDestructoid Clap SELF DESTRUCT SEQUENCE MrDestructoid Clap SELF DESTRUCT SEQUENCE MrDestructoid Clap SELF DESTRUCT SEQUENCE,neither,0.03945320844208391,0.33037608806864915,0.630170703489267
TEAMWORK POG,neither,0.03945320844208391,0.33037608806864915,0.630170703489267
KILL THEM ALL,hate_speech,0.7340338366856347,0.1368216709754321,0.1291444923389332
WildJoker subscribed at Tier 1. They've subscribed for 7 months!,neither,0.018730042386447116,0.3124437755681934,0.6688261820453595
LULW,neither,0.03945320844208391,0.33037608806864915,0.630170703489267
tatW Welcome back WildJoker tatW,neither,0.03945320844208391,0.33037608806864915,0.630170703489267
NERF THIS PogU,neither,0.03934556506409844,0.33220307711989316,0.6284513578160085
BEST D VA IN FORTNITE,neither,0.03852539790817432,0.3226067221091758,0.6388678799826499
Pog,neither,0.03945320844208391,0.33037608806864915,0.630170703489267
@TimTheTatman USE THE LAMA HOP EMOTE WHILE IN THE MECH USE THE LAMA HOP EMOTE WHILE IN THE MECH,neither,0.01374551792200969,0.38866188146221403,0.5975926006157762
Like watching Brig in Overwatch LULW,neither,0.05781998264805223,0.3556471871511399,0.5865328302008078
LULW LULW,neither,0.03945320844208391,0.33037608806864915,0.630170703489267
Back up,neither,0.03447390260817962,0.4373209189454551,0.5282051784463654
EZ Clap,neither,0.03945320844208391,0.33037608806864915,0.630170703489267
it's not op,neither,0.03628269910786049,0.33678586622709694,0.6269314346650426
Want to help out Tim and get a badge next to your name? Gift a sub: https://bit.ly/2KPcW7h tatGift You can now gift anonymously.,neither,0.061495033811255775,0.33547145591167177,0.6030335102770725
LUL LUL LUL,neither,0.03945320844208391,0.33037608806864915,0.630170703489267
HandsUp,neither,0.03945320844208391,0.33037608806864915,0.630170703489267
LUL,neither,0.03945320844208391,0.33037608806864915,0.630170703489267
hAAHA,neither,0.03945320844208391,0.33037608806864915,0.630170703489267
@webers9 that’s a secret tatBlind tatBlind tatBlind tatBlind tatBlind tatBlind tatBlind tatBlind,neither,0.03425984339659384,0.38718382791023337,0.5785563286931729
EZ Clap,neither,0.03945320844208391,0.33037608806864915,0.630170703489267
NERF THIS! tatWink,neither,0.03934556506409844,0.33220307711989316,0.6284513578160085
LUL,neither,0.03945320844208391,0.33037608806864915,0.630170703489267
hahahhahahahha,neither,0.03945320844208391,0.33037608806864915,0.630170703489267
LOOOOOOOOL,neither,0.03945320844208391,0.33037608806864915,0.630170703489267
LUL,neither,0.03945320844208391,0.33037608806864915,0.630170703489267
Pog,neither,0.03945320844208391,0.33037608806864915,0.630170703489267
bot,neither,0.03945320844208391,0.33037608806864915,0.630170703489267
DANCE,neither,0.03945320844208391,0.33037608806864915,0.630170703489267
EZ Clap,neither,0.03945320844208391,0.33037608806864915,0.630170703489267
hello i just woke up what changed,neither,0.037727095630388466,0.38568747541882414,0.5765854289507873
HAHAHHAHA,neither,0.03945320844208391,0.33037608806864915,0.630170703489267
LULW,neither,0.03945320844208391,0.33037608806864915,0.630170703489267
XD,neither,0.03945320844208391,0.33037608806864915,0.630170703489267
@kingvelarde55 DansGame,neither,0.03945320844208391,0.33037608806864915,0.630170703489267
L DANCE,neither,0.03945320844208391,0.33037608806864915,0.630170703489267
emote,neither,0.03945320844208391,0.33037608806864915,0.630170703489267
lol,neither,0.020706217963973744,0.4882283491876925,0.4910654328483337
LUL,neither,0.03945320844208391,0.33037608806864915,0.630170703489267
@TimTheTatman DANCE,neither,0.03945320844208391,0.33037608806864915,0.630170703489267
tatTUFF,neither,0.03945320844208391,0.33037608806864915,0.630170703489267
D:,neither,0.03945320844208391,0.33037608806864915,0.630170703489267
WHAT THE FUCK,offensive_language,0.29142062242413674,0.7085786605941925,7.169816707264273e-07
LULW,neither,0.03945320844208391,0.33037608806864915,0.630170703489267
tatTUFF,neither,0.03945320844208391,0.33037608806864915,0.630170703489267
LMAOO,neither,0.03945320844208391,0.33037608806864915,0.630170703489267
LULW ACTUALLY LAUGHING LULW,neither,0.03945320844208391,0.33037608806864915,0.630170703489267
dance LUL,neither,0.03945320844208391,0.33037608806864915,0.630170703489267
u can farm with it,neither,0.026843476968721768,0.3669702121502783,0.6061863108809998
EMOTE,neither,0.03945320844208391,0.33037608806864915,0.630170703489267
LULW,neither,0.03945320844208391,0.33037608806864915,0.630170703489267
70?!!,neither,0.03945320844208391,0.33037608806864915,0.630170703489267
gotem,neither,0.03945320844208391,0.33037608806864915,0.630170703489267
https://streamelements.com/wipz/tip,neither,0.03945320844208391,0.33037608806864915,0.630170703489267
LUL,neither,0.03945320844208391,0.33037608806864915,0.630170703489267
LUL,neither,0.03945320844208391,0.33037608806864915,0.630170703489267
NERF THIS! tatWink,neither,0.03934556506409844,0.33220307711989316,0.6284513578160085
Mazeabe subscribed with Twitch Prime. They've subscribed for 6 months!,neither,0.017135853092050617,0.3228815153557895,0.6599826315521599
default dance!,neither,0.03945320844208391,0.33037608806864915,0.630170703489267
tatPrime Welcome back Mazeabe tatPrime,neither,0.03945320844208391,0.33037608806864915,0.630170703489267
LOL,neither,0.020706217963973744,0.4882283491876925,0.4910654328483337
LUL,neither,0.03945320844208391,0.33037608806864915,0.630170703489267
lmfao,neither,0.05470637918084239,0.32512982320825545,0.6201637976109021
L DANCE IN THE MECH,neither,0.03824326050450305,0.30803516360915495,0.6537215758863419
This is a well balanced item :),neither,0.045533278494881424,0.329466945503806,0.6249997760013125
ALPHA AS F,neither,0.03707933371280386,0.3706669375438945,0.5922537287433016
tatTUFF,neither,0.03945320844208391,0.33037608806864915,0.630170703489267
Danceeee,neither,0.03945320844208391,0.33037608806864915,0.630170703489267
ALPHA TIM,neither,0.03945320844208391,0.33037608806864915,0.630170703489267
@TimTheTatman USE THE LAMA HOP EMOTE WHILE IN THE MECH,neither,0.01374551792200969,0.38866188146221403,0.5975926006157762
hi youtube and twitter,neither,0.03777667808249566,0.3999544092903944,0.5622689126271099
l dance,neither,0.03945320844208391,0.33037608806864915,0.630170703489267
LUL,neither,0.03945320844208391,0.33037608806864915,0.630170703489267
EMOTE,neither,0.03945320844208391,0.33037608806864915,0.630170703489267
DANCE ON EM,neither,0.036088353606879585,0.34662038572460085,0.6172912606685196
Wtf is this game,offensive_language,0.05290743976225659,0.564264653433393,0.3828279068043504
EMOTE,neither,0.03945320844208391,0.33037608806864915,0.630170703489267
try emote maybe?,neither,0.03945320844208391,0.33037608806864915,0.630170703489267
@TimTheTatman DEFAULT DANCE,neither,0.03945320844208391,0.33037608806864915,0.630170703489267
T U F F,neither,0.03945320844208391,0.33037608806864915,0.630170703489267
tat100 tat100 tat100 tat100 tat100 tat100 tat100 tat100,neither,0.03945320844208391,0.33037608806864915,0.630170703489267
EMOTE @TimTheTatman,neither,0.03945320844208391,0.33037608806864915,0.630170703489267
LUL great times with TIM. I was here,neither,0.05454198660933623,0.3157846854770288,0.6296733279136351
Emote!,neither,0.03945320844208391,0.33037608806864915,0.630170703489267
! uptime,neither,0.03945320844208391,0.33037608806864915,0.630170703489267
EMOTE,neither,0.03945320844208391,0.33037608806864915,0.630170703489267
"forrum subscribed at Tier 1. They've subscribed for 23 months, currently on a 23 month streak!",neither,0.025584948745989627,0.3249176765872532,0.6494973746667572
You can dance in the mech,neither,0.06071695141707607,0.36018223832766366,0.5791008102552603
tatW Welcome back forrum tatW,neither,0.03945320844208391,0.33037608806864915,0.630170703489267
EZ Clap,neither,0.03945320844208391,0.33037608806864915,0.630170703489267
mecha movement is trash,neither,0.05222125233998192,0.12979603975703005,0.8179827079029879
So sick,neither,0.03940999150142386,0.4037259204934871,0.556864088005089
you can charge your jump,neither,0.10150569397613848,0.36284378373905535,0.5356505222848063
Lol,neither,0.020706217963973744,0.4882283491876925,0.4910654328483337
emote,neither,0.03945320844208391,0.33037608806864915,0.630170703489267
Wow what a dumb ass addition.,offensive_language,0.12114305464793813,0.866722748795021,0.012134196557040835
LUL LUL,neither,0.03945320844208391,0.33037608806864915,0.630170703489267
tim you get mats,neither,0.0534889164293155,0.3800058568718009,0.5665052266988836
LUL LUL,neither,0.03945320844208391,0.33037608806864915,0.630170703489267
THAT SHITS BROKEN WHAT,neither,0.040701068392430095,0.36596943848954244,0.5933294931180274
@pluxee what do you think of the mech LUL,neither,0.06247579502338391,0.34191449498837717,0.5956097099882389
this is just absurd,neither,0.04261168006065501,0.35200367153966244,0.6053846483996825
EMOTE @TimTheTatman !,neither,0.03945320844208391,0.33037608806864915,0.630170703489267
Kappa,neither,0.03945320844208391,0.33037608806864915,0.630170703489267
Yyyiooo,neither,0.03945320844208391,0.33037608806864915,0.630170703489267
mechs need repair kits in map HandsUp,neither,0.039259476513694505,0.32875380184244163,0.6319867216438638
Clip,neither,0.03945320844208391,0.33037608806864915,0.630170703489267
this is dumb,neither,0.05442028964521784,0.32787879658243063,0.6177009137723514
Mech confirmed can't do DVA launch.,neither,0.04134111407939673,0.3246793888801483,0.633979497040455
@TimTheTatman USE THE LAMA HOP EMOTE WHILE IN THE MECH USE THE LAMA HOP EMOTE WHILE IN THE MECH,neither,0.01374551792200969,0.38866188146221403,0.5975926006157762
“Fortnite 2019??? Haha” -Dr DisRespect,neither,0.03564953943026091,0.3949342779843801,0.5694161825853591
@TimTheTatman machine pistol is out,neither,0.042241033436339656,0.3425907157673069,0.6151682507963535
Already something that Epic needs to take outta the game lmaoooo,neither,0.03945655736049062,0.3290110702992572,0.6315323723402522
LULW,neither,0.03945320844208391,0.33037608806864915,0.630170703489267
Dance PepePls @TimTheTatman,neither,0.03945320844208391,0.33037608806864915,0.630170703489267
Hey Tim wheres the overwatch at?,neither,0.03810216755248258,0.3363243029340017,0.6255735295135157
Hahahaha that was hilarious,neither,0.035627219127201105,0.37268809991660373,0.5916846809561952
LULW,neither,0.03945320844208391,0.33037608806864915,0.630170703489267
!downtime,neither,0.03945320844208391,0.33037608806864915,0.630170703489267
!8ball will giving wipz $500 make me a better person?,neither,0.0348877846546793,0.34186049899599885,0.6232517163493219
"@kingvelarde55, Better not tell you now. tatHmm",neither,0.059485228260851904,0.39921830761844085,0.5412964641207072
Tim’s laugh sounds like a squeaky toy,neither,0.047394041266217095,0.34215255314823656,0.6104534055855463
Why do i have so many ads now? Before i had none.,neither,0.02997055423822448,0.41914976281895544,0.5508796829428201
@DrDisrespect LULW,neither,0.03945320844208391,0.33037608806864915,0.630170703489267
Risky Reels LUL,neither,0.03945320844208391,0.33037608806864915,0.630170703489267
what is this dumb shit?,offensive_language,0.06525822506040399,0.9345990622415413,0.00014271269805474714
Clip it lol,neither,0.029605417357225494,0.39352603048265844,0.5768685521601159
widepeepoHappy WISKY WEELS,neither,0.03945320844208391,0.33037608806864915,0.630170703489267
You can Emote in the Mech btw,neither,0.05969602519442392,0.35886715202055847,0.5814368227850176
DAMNIT,neither,0.03945320844208391,0.33037608806864915,0.630170703489267
@drdisrespect not wrong LOL,neither,0.0274736455328507,0.4162079067549835,0.5563184477121657
Vault Mech,neither,0.03945320844208391,0.33037608806864915,0.630170703489267
@apollynn There can be up to like 10 I think by end game,neither,0.052834114912129734,0.3379167230805551,0.609249162007315
You can donate to Tim here: https://streamelements.com/timthetatman/tip tatLove,neither,0.09100370685863211,0.3259315739043051,0.5830647192370627
tatKKevin,neither,0.03945320844208391,0.33037608806864915,0.630170703489267
tim should not pilot,neither,0.04914552470650611,0.3674096746124887,0.5834448006810051
Doc!,neither,0.03945320844208391,0.33037608806864915,0.630170703489267
LUL imagine,neither,0.03945320844208391,0.33037608806864915,0.630170703489267
this game gets worse and worse LULW,neither,0.04698182292715652,0.11773602305389685,0.8352821540189467
ninjas gonna be pissed over ceezs skin,neither,0.036202879431914706,0.37950447982270913,0.5842926407453762
You get mats in the mech,neither,0.05510695746811234,0.36894046604931163,0.5759525764825759
give mech a sword HandsUp,neither,0.03945320844208391,0.33037608806864915,0.630170703489267
@DrDisrespect Fortnite=MONEY,neither,0.03945320844208391,0.33037608806864915,0.630170703489267
"Rains42 subscribed with Twitch Prime. They've subscribed for 26 months, currently on a 26 month streak!",neither,0.02311932264641547,0.3302896978727418,0.6465909794808428
tatPrime Welcome back Rains42 tatPrime,neither,0.03945320844208391,0.33037608806864915,0.630170703489267
why lupo so selfish,neither,0.026835254410918337,0.40314450579325306,0.5700202397958286
"just got done work, hows the season looking chat!??!?a?",neither,0.03486220704021011,0.3678525732840808,0.5972852196757091
PLEASE DO LOL,neither,0.030652908048816953,0.4073424589070331,0.5620046330441499
@TimTheTatman tell Lupo to bunny hop in the Mech,neither,0.044712074452233866,0.3122293422080333,0.6430585833397329
no shot,neither,0.0382020545963191,0.3516114340826205,0.6101865113210604
Dumb af,neither,0.03945320844208391,0.33037608806864915,0.630170703489267
Its like if the sword and gauntlet had a baby,neither,0.02826575859614314,0.3399989714362878,0.6317352699675691
@badatanygame man stfu,offensive_language,0.14824368829769738,0.5551966929206968,0.29655961878160586
I hate ads,neither,0.33100934883817246,0.19251387609346732,0.4764767750683602
Pog,neither,0.03945320844208391,0.33037608806864915,0.630170703489267
!8ball should @kingvelarde55 give Wipz actual money?,neither,0.05236908822780778,0.3679992423348406,0.5796316694373516
"@youallarebots, My reply is no. tatHmm",neither,0.03303821188027712,0.44251320652983467,0.5244485815898883
no shot,neither,0.0382020545963191,0.3516114340826205,0.6101865113210604
LuL,neither,0.03945320844208391,0.33037608806864915,0.630170703489267
LOL,neither,0.020706217963973744,0.4882283491876925,0.4910654328483337
EZ Clap,neither,0.03945320844208391,0.33037608806864915,0.630170703489267
F OMEGALUL R T N I T E,neither,0.03945320844208391,0.33037608806864915,0.630170703489267
@DrDisrespect why u are here then?? hhmmm????,neither,0.1415575147768596,0.236224806496011,0.6222176787271293
whatever the fuck they want....and it's working,offensive_language,0.16772980140835136,0.8269894218188657,0.005280776772782831
@Lucamecacci_18 14 year old POGGERS,neither,0.03945320844208391,0.33037608806864915,0.630170703489267
balanced btw,neither,0.03945320844208391,0.33037608806864915,0.630170703489267
Powerfarming SMOrc Clap,neither,0.03945320844208391,0.33037608806864915,0.630170703489267
monkaW,neither,0.03945320844208391,0.33037608806864915,0.630170703489267
doctorWTF doctorWTF doctorWTF doctorWTF doctorWTF,neither,0.03945320844208391,0.33037608806864915,0.630170703489267
"The leaks have shown game files saying they are changing the map every update starting with a Wild West tilted, then lazy is being destroyed, and then greasy is coming back.",neither,0.04190382246072689,0.30054508388663076,0.6575510936526424
!8ball is @drdisrespect cute?,neither,0.059837332745791096,0.2685176608009695,0.6716450064532393
LOL COMPETITIVE,neither,0.031120645729857982,0.3912535864736078,0.5776257677965343
the mech is in competitive?,neither,0.04732630518825834,0.31020623034325084,0.6424674644684907
"@kingvelarde55, Signs point to yes. tatHmm",neither,0.045866874008164256,0.32662343928733256,0.6275096867045032
@drdisrespect just skip the COD and play this today doctorSTARE doctorSTARE doctorSTARE doctorSTARE,neither,0.03428994892930176,0.2930152229251399,0.6726948281455585
Wipz is ugly,neither,0.4054765924989517,0.04277610790187482,0.5517472995991735
BALANCED,neither,0.03945320844208391,0.33037608806864915,0.630170703489267
This meck is so broken.,neither,0.0494305054253247,0.383401507864927,0.5671679867097483
is this ark ?,neither,0.06444388513749441,0.32581973129223984,0.6097363835702658
What time is ninja getting on ?,neither,0.04389890911711756,0.4132605037511702,0.5428405871317123
sword 2.0,neither,0.03945320844208391,0.33037608806864915,0.630170703489267
fortnite was never competitive tho what you meannn??????,neither,0.050353553989635494,0.4140128761793627,0.5356335698310016
That's broken,neither,0.03425984339659384,0.38718382791023337,0.5785563286931729
Give Mech a sword and tactical nuke HandsUp,neither,0.0388125360822525,0.2986015308008607,0.662585933116887
i dont think they play tested this !!!,neither,0.0399565837456329,0.3218324954625644,0.6382109207918026
"crotchety_old_people, If you want to link something, please ask a mod to permit you! [warning]",neither,0.05602540803567841,0.42697151467494515,0.5170030772893764
@caseyplaysgames yep it is,neither,0.04833214770637473,0.3273222137065498,0.6243456385870755
DANCE IN THE MECH,neither,0.03824326050450305,0.30803516360915495,0.6537215758863419
wtf,offensive_language,0.04410695246022759,0.7898861884776351,0.16600685906213722
"""competitive"" fortnite LULW",neither,0.03945320844208391,0.33037608806864915,0.630170703489267
mech op,neither,0.03945320844208391,0.33037608806864915,0.630170703489267
Check out LG’s UltraGear Nano IPS 1ms GtG event here https://geni.us/TimLGUltraGear1,neither,0.09801233314587715,0.3093887916446351,0.5925988752094877
Infinity bot,neither,0.03945320844208391,0.33037608806864915,0.630170703489267
"talleyman58 subscribed at Tier 1. They've subscribed for 5 months, currently on a 5 month streak! Let’s start season X with a bang!! 5 month anniversary",neither,0.019319704972891556,0.34938093062009024,0.6312993644070183
tatW Welcome back talleyman58 tatW,neither,0.03945320844208391,0.33037608806864915,0.630170703489267
MAT DADDY,neither,0.03945320844208391,0.33037608806864915,0.630170703489267
@lilmousey123 just cause youre right doesn't mean youre right,neither,0.04564502642298088,0.37698177736553934,0.5773731962114796
they’re dumb as f,neither,0.06145055908044718,0.33698062683458174,0.6015688140849711
@Nightmonkeyyy LULW,neither,0.03945320844208391,0.33037608806864915,0.630170703489267
It get grimmy in this part ahhh town,neither,0.03784065200527593,0.33909052941019985,0.6230688185845242
That is the most broken thing they’ve added ever,neither,0.024977377062523547,0.3336379206673645,0.641384702270112
LOOT DADDY HandsUp,neither,0.03945320844208391,0.33037608806864915,0.630170703489267
DO THEY NOT PLAY TEST THIS CRAP,neither,0.03943384763182601,0.3353235388263377,0.6252426135418362
Now THIS is Epic™,neither,0.048572485549340357,0.3289541481858187,0.622473366264841
Op,neither,0.03945320844208391,0.33037608806864915,0.630170703489267
YEEE,neither,0.03945320844208391,0.33037608806864915,0.630170703489267
LULW,neither,0.03945320844208391,0.33037608806864915,0.630170703489267
EZ Clap,neither,0.03945320844208391,0.33037608806864915,0.630170703489267
MATS DADDY,neither,0.03945320844208391,0.33037608806864915,0.630170703489267
Its a sword but everyone gets one!,neither,0.027954820103600064,0.44049193278609866,0.5315532471103014
DANCE IN THE MECH,neither,0.03824326050450305,0.30803516360915495,0.6537215758863419
god bless fortnite looks fun again,neither,0.037957763396948,0.35575769328517465,0.6062845433178774
GET THE LUBE READY,neither,0.038103779764257335,0.3231786050353469,0.6387176152003958
