text,top_class,hate_speech,offensive_language,neither
ninjaOK ninjaOK ninjaOK ninjaOK,neither,0.03945320844208391,0.33037608806864915,0.630170703489267
ONLY THE LOYAL FANS STAY,neither,0.03492477009939458,0.37914316739378107,0.5859320625068244
ITS GOD,neither,0.03062227446674969,0.33341345121056487,0.6359642743226854
@degeluigi Jinx,neither,0.03945320844208391,0.33037608806864915,0.630170703489267
If this is caused by the monitor. Then this is a huge advertising fail lmao,neither,0.03607658569619995,0.3821076667303,0.5818157475735001
we back,neither,0.039166053543719236,0.33524985610846453,0.6255840903478163
WE BACKKKKKKKKKKK,neither,0.039025862747262004,0.3376292597931679,0.6233448774595702
live,neither,0.04891340716200846,0.3271222919257548,0.6239643009122369
WE BACKKKKKKKKKKK,neither,0.039025862747262004,0.3376292597931679,0.6233448774595702
DADS back,neither,0.03945320844208391,0.33037608806864915,0.630170703489267
WE BACKKKKKKKKKKK,neither,0.039025862747262004,0.3376292597931679,0.6233448774595702
SAVED,neither,0.03945320844208391,0.33037608806864915,0.630170703489267
WE BACKKKKKKKKKKK,neither,0.039025862747262004,0.3376292597931679,0.6233448774595702
ninjaS ninjaS ninjaS ninjaS ninjaS,neither,0.03945320844208391,0.33037608806864915,0.630170703489267
WE BACKKKKKKKKKKK,neither,0.039025862747262004,0.3376292597931679,0.6233448774595702
hes alive,neither,0.03945320844208391,0.33037608806864915,0.630170703489267
WE BACKKKKKKKKKKK,neither,0.039025862747262004,0.3376292597931679,0.6233448774595702
IS IT PLUGGED IN?,neither,0.05554918328619673,0.324839944229134,0.6196108724846693
ninjaHi ninjaHi ninjaHi ninjaHi ninjaHi,neither,0.03945320844208391,0.33037608806864915,0.630170703489267
"Welcome back, Ninja",neither,0.03945320844208391,0.33037608806864915,0.630170703489267
mute,neither,0.03945320844208391,0.33037608806864915,0.630170703489267
Wee bakk,neither,0.03945320844208391,0.33037608806864915,0.630170703489267
WE BACKKKKKKKKKKK,neither,0.039025862747262004,0.3376292597931679,0.6233448774595702
we're back!!!,neither,0.0707855877519284,0.2891816921207498,0.6400327201273217
Revo_Lee school and what not.. wbu?,neither,0.04245702237570211,0.29445876318011355,0.6630842144441844
ninjaS ninjaS ninjaS ninjaS ninjaS,neither,0.03945320844208391,0.33037608806864915,0.630170703489267
BACKKKKKKKK ninjaClap ninjaClap ninjaClap ninjaClap ninjaClap ninjaClap ninjaClap ninjaClap ninjaClap ninjaClap ninjaClap ninjaClap ninjaClap ninjaClap ninjaClap ninjaClap,neither,0.03945320844208391,0.33037608806864915,0.630170703489267
!give,neither,0.03945320844208391,0.33037608806864915,0.630170703489267
SAVED,neither,0.03945320844208391,0.33037608806864915,0.630170703489267
༼ つ◕_◕ ༽つ Ninja take onyxity's energy ༼ つ◕_◕ ༽つ,neither,0.03945320844208391,0.33037608806864915,0.630170703489267
Refreshed,neither,0.03945320844208391,0.33037608806864915,0.630170703489267
Yo what's up Ninja,neither,0.04248887416852092,0.45987967752512776,0.4976314483063513
ninja I shat the bed,neither,0.0387470710107169,0.3175267286560447,0.6437262003332385
SAVED,neither,0.03945320844208391,0.33037608806864915,0.630170703489267
@javajamm damn i owe you a soda now,offensive_language,0.0590525200668008,0.7905715821595571,0.15037589777364208
We back.,neither,0.039166053543719236,0.33524985610846453,0.6255840903478163
did you turn it off and back on?,neither,0.04936036135593572,0.34566696532124963,0.6049726733228147
,neither,0.03945320844208391,0.33037608806864915,0.630170703489267
,neither,0.03945320844208391,0.33037608806864915,0.630170703489267
SAVED,neither,0.03945320844208391,0.33037608806864915,0.630170703489267
ninjaClap ninjaClap ninjaClap ninjaClap ninjaClap,neither,0.03945320844208391,0.33037608806864915,0.630170703489267
ninja10/ ninja10 @ninja,neither,0.03945320844208391,0.33037608806864915,0.630170703489267
S A V E D,neither,0.03945320844208391,0.33037608806864915,0.630170703489267
REFRESH STREAM WE BACK,neither,0.039330177924658725,0.3324642370334191,0.6282055850419223
Its my bday in 5 days,neither,0.024177973056768946,0.41628255782058604,0.5595394691226451
,neither,0.03945320844208391,0.33037608806864915,0.630170703489267
,neither,0.03945320844208391,0.33037608806864915,0.630170703489267
@cizzorz yo man!,offensive_language,0.040486980758645874,0.5931301870931306,0.3663828321482236
duos with summit?,neither,0.027686866552126148,0.3719273338417147,0.6003857996061591
we back,neither,0.039166053543719236,0.33524985610846453,0.6255840903478163
heard alienware randomly shuts down your pc,neither,0.058744461415875714,0.32502949291583694,0.6162260456682873
REFRESH,neither,0.03945320844208391,0.33037608806864915,0.630170703489267
YES,neither,0.03945320844208391,0.33037608806864915,0.630170703489267
work and home hobby work @Defend the usual. keeping myself busy,neither,0.038651155064223786,0.3035619583535965,0.6577868865821797
We back in here ninjaRIP,neither,0.11615776259856982,0.277742080297128,0.6061001571043022
is everything OK?!!?!?!?!?!,neither,0.05023124382324611,0.32773777214985095,0.622030984026903
What a Save!,neither,0.04782206269929824,0.32447320179707234,0.6277047355036294
Woo,neither,0.03945320844208391,0.33037608806864915,0.630170703489267
ninjaClap,neither,0.03945320844208391,0.33037608806864915,0.630170703489267
ninja10 ninja10 ninja10 ninja10,neither,0.03945320844208391,0.33037608806864915,0.630170703489267
@ninja show off that monitor,neither,0.05040493465592346,0.2954265607988216,0.6541685045452548
we good,neither,0.037966903445868415,0.3357298710444097,0.626303225509722
Yea baby we live!,neither,0.04389230844749019,0.3349607625965621,0.6211469289559477
ninjaCreep ninjaCreep ninjaCreep ninjaCreep ninjaCreep,neither,0.03945320844208391,0.33037608806864915,0.630170703489267
SAVED ninjaPon ninjaPon ninjaPon ninjaPon ninjaPon ninjaPon ninjaPon ninja10 ninjaSplode4,neither,0.03945320844208391,0.33037608806864915,0.630170703489267
ninjaClap,neither,0.03945320844208391,0.33037608806864915,0.630170703489267
ninjaK ninjaK ninjaK ninjaK,neither,0.03945320844208391,0.33037608806864915,0.630170703489267
hes backkk,neither,0.03945320844208391,0.33037608806864915,0.630170703489267
yeeeeeees,neither,0.03945320844208391,0.33037608806864915,0.630170703489267
The chair is better,neither,0.04697404188039206,0.31100388176368926,0.6420220763559186
ninjaClap ninjaClap ninjaClap ninjaClap ninjaClap,neither,0.03945320844208391,0.33037608806864915,0.630170703489267
we back bois,neither,0.03929258263871214,0.3331023271518106,0.6276050902094774
LIVE,neither,0.04891340716200846,0.3271222919257548,0.6239643009122369
ninjaPon,neither,0.03945320844208391,0.33037608806864915,0.630170703489267
ninjaPon,neither,0.03945320844208391,0.33037608806864915,0.630170703489267
Its my BDay in 5 days!!!!!,neither,0.024177973056768946,0.41628255782058604,0.5595394691226451
ninjaShield ninjaDisco ninjaDisco ninjaDisco ninjaDisco,neither,0.03945320844208391,0.33037608806864915,0.630170703489267
ninjaClap ninjaClap ninjaClap ninjaClap ninjaClap,neither,0.03945320844208391,0.33037608806864915,0.630170703489267
New skins?,neither,0.04341101089575549,0.23125336554662146,0.725335623557623
!give,neither,0.03945320844208391,0.33037608806864915,0.630170703489267
bk :D,neither,0.03945320844208391,0.33037608806864915,0.630170703489267
༼ つ◕_◕ ༽つ Ninja take bradg1991's energy ༼ つ◕_◕ ༽つ,neither,0.03945320844208391,0.33037608806864915,0.630170703489267
well the subtrain works now :),neither,0.03849918495924853,0.3128963766974631,0.6486044383432884
!give,neither,0.03945320844208391,0.33037608806864915,0.630170703489267
ninjaHype ninjaHype ninjaHype ninjaHype ninjaHype ninjaHype ninjaHype ninjaHype ninjaHype ninjaHype ninjaHype ninjaHype ninjaHype ninjaHype ninjaHype ninjaHype ninjaHype ninjaHype ninjaHype ninjaHype ninjaHype ninjaHype ninjaHype ninjaHype ninjaHype ninjaHype ninjaHype ninjaHype ninjaHype ninjaHype ninjaHype ninjaHype ninjaHype,neither,0.03945320844208391,0.33037608806864915,0.630170703489267
"Whoa, mic echo",neither,0.03945320844208391,0.33037608806864915,0.630170703489267
FREE THE PLEBS DansGame,neither,0.037931634404527396,0.30198647911259047,0.6600818864828821
ninjaRekt ninjaCreep,neither,0.03945320844208391,0.33037608806864915,0.630170703489267
ITS THE MONITOR?!?!?!,neither,0.026706422716135464,0.30199434054308116,0.6712992367407834
If that crash was caused by the monitor then this is a huge advertising fail.,neither,0.031222402074623453,0.39581162148613575,0.5729659764392407
ninjaTooth,neither,0.03945320844208391,0.33037608806864915,0.630170703489267
OK!,neither,0.03935517884257045,0.3320399062092607,0.6286049149481688
"does that means , if he wins the next game is another PonPon Kappa",neither,0.042423152032623465,0.39391208143601575,0.5636647665313608
Yes Kappa,neither,0.03945320844208391,0.33037608806864915,0.630170703489267
"@ninja @everyone, the monitor started leaking out monster and crashed his pc",neither,0.0445617053456621,0.3668359294583905,0.5886023651959474
@churrobird not echo for me maybe you have tabs open,neither,0.03780134914887926,0.3779630593323348,0.5842355915187859
maybe you should shutdown your PC at night once a week? LUL,neither,0.06927322114112963,0.388756549656335,0.5419702292025353
lol monitors causing crashes...,neither,0.032886191010065624,0.37730479623576496,0.5898090127541693
Did my sub go throught!,neither,0.03121901709053861,0.4026291480412393,0.5661518348682222
ninjaSplode2 ninjaSplode3 ninjaSplode2 ninjaSplode3 ninjaSplode2 ninjaSplode3 ninjaSplode2 ninjaSplode3,neither,0.03945320844208391,0.33037608806864915,0.630170703489267
Yo @ninja its all good if you dont wanna answer but did you go to South Elgin High School??,offensive_language,0.04163454431834632,0.5576000835150832,0.4007653721665706
Re-pon pon,neither,0.10802165902134243,0.2484119200751343,0.6435664209035233
Nah save it for 500 solo wins tbh,neither,0.03487255978386907,0.3117910187279508,0.6533364214881802
Duo with lupo?,neither,0.027686866552126148,0.3719273338417147,0.6003857996061591
"Yo @ninja Tilted Towers is my favorite place by far, thoughts?",neither,0.03931235544361042,0.4178043756145247,0.5428832689418649
Oh yeah I'm stupid @PathOfShadows lul,neither,0.0903275720765789,0.2853449617586065,0.6243274661648147
"OK, NO MORE DONATIONS you heard the man",neither,0.051951353926035566,0.4058148040770857,0.5422338419968786
another pon pon,neither,0.1972848274561706,0.17136376144574766,0.6313514110980817
lol,neither,0.020706217963973744,0.4882283491876925,0.4910654328483337
You linked wrong stream on twitter,neither,0.048414111798329024,0.46898822039056615,0.4825976678111048
how much is the monitor?,neither,0.04360684842975793,0.30511748688003065,0.6512756646902115
!discord,neither,0.03945320844208391,0.33037608806864915,0.630170703489267
,neither,0.03945320844208391,0.33037608806864915,0.630170703489267
,neither,0.03945320844208391,0.33037608806864915,0.630170703489267
"Subscribers, download Discord here - https://goo.gl/3H8XFv - Connect your Discord to Twitch by – Clicking the cogwheel at the bottom, go to Connections, click Twitch and click “join” under the Ninja server. All subs are welcome to join at any time to hang out! (If you recently subscribed it may take up to 30 minutes before you can connect to the sub server.) Follow this image to connect as well - http://i.imgur.com/QZJy8na.png",neither,0.06741523039301203,0.3506208741681136,0.5819638954388743
@churrobird XD It happens,neither,0.07371004959512185,0.3185935895280277,0.6076963608768505
Revo_Lee all about being busy,neither,0.03425081639577898,0.46630475966460866,0.49944442393961236
That's why you need a alienware PC,neither,0.03710033527214418,0.43775351373754307,0.5251461509903129
we feel you ninjaCreep ninjaCreep,neither,0.0714062929271805,0.4214296718923469,0.5071640351804725
nminja BibleThump,neither,0.03945320844208391,0.33037608806864915,0.630170703489267
"oh is that whats happened ?!? @Ninja sooldout to Alienware ? haha good for you, mak that money while it lasts",neither,0.04570244306921374,0.3818624764015648,0.5724350805292214
Ohhhhh shit ok bro,offensive_language,0.04615592748507451,0.9499811340681061,0.0038629384468192906
I mean I'l go to Tilted Showers ninjaCreep,neither,0.04762285824396229,0.3304073389483015,0.6219698028077362
ninjaCreep ninjaCreep,neither,0.03945320844208391,0.33037608806864915,0.630170703489267
ninja10,neither,0.03945320844208391,0.33037608806864915,0.630170703489267
ninjaOK,neither,0.03945320844208391,0.33037608806864915,0.630170703489267
What's that song ninja has been singing recently?,neither,0.04006238300778886,0.35909157755888,0.6008460394333313
Fail lol,neither,0.030011385417585263,0.4003396692418452,0.5696489453405696
@ninja you heard of Hinsdale central high school?,neither,0.047657667000684974,0.42426975495549857,0.5280725780438165
well if he had to restart stream that means he has to do another pon pon win. Am I right guys? ninjaCreep,neither,0.061382582718061816,0.3432815733104723,0.5953358439714658
!alienware,neither,0.03945320844208391,0.33037608806864915,0.630170703489267
,neither,0.03945320844208391,0.33037608806864915,0.630170703489267
,neither,0.03945320844208391,0.33037608806864915,0.630170703489267
New Alienware Monitor - G-Sync https://goo.gl/VGv2Cr $549.99 | Free Sync https://goo.gl/VGv2Cr $379.99,neither,0.041682475614385615,0.27554087715147907,0.6827766472341353
@ninja the game is muted if you didn’t mute it your self,neither,0.043531635052805405,0.3783487709162081,0.5781195940309865
TRIGGERED Towers,neither,0.03945320844208391,0.33037608806864915,0.630170703489267
ninjaCreep ninjaCreep,neither,0.03945320844208391,0.33037608806864915,0.630170703489267
The yung god,neither,0.03840399281095543,0.31109842687387435,0.6504975803151704
game is muted @ninja,neither,0.04774470043475142,0.2825635119174673,0.6696917876477813
ninjaHS,neither,0.03945320844208391,0.33037608806864915,0.630170703489267
"to me, a sellout is ninja",neither,0.04522042206130872,0.35855823232466716,0.5962213456140241
Game is muted,neither,0.054926051994326174,0.2516274820843546,0.6934464659213193
ninjaPon ninjaPon ninjaPon ninjaPon ninjaPon ninjaPon ninjaPon ninjaPon ninjaPon ninjaPon ninjaPon ninjaPon ninjaPon,neither,0.03945320844208391,0.33037608806864915,0.630170703489267
ninjaPon,neither,0.03945320844208391,0.33037608806864915,0.630170703489267
Whats with that movie theater partnership?,neither,0.029720741552697567,0.36250413749609445,0.6077751209512079
ninjaCash ninjaCash ninjaCash ninjaCash ninjaCash ninjaCash,neither,0.03945320844208391,0.33037608806864915,0.630170703489267
DansGame,neither,0.03945320844208391,0.33037608806864915,0.630170703489267
Game is muted,neither,0.054926051994326174,0.2516274820843546,0.6934464659213193
Can We Sing Blink 182 tonight? Just one song maybe?,neither,0.03471249946541158,0.34928531917483,0.6160021813597584
"@Defend yeah, you're right. i hope you keep doing well bud",neither,0.08883026972231378,0.3828359681368335,0.5283337621408528
CARTER ITS KADEN HAHAHA,neither,0.03356323323779931,0.3324019206297645,0.6340348461324362
@Ninja game is muted,neither,0.04774470043475142,0.2825635119174673,0.6696917876477813
Agreed,neither,0.03945320844208391,0.33037608806864915,0.630170703489267
!alienware,neither,0.03945320844208391,0.33037608806864915,0.630170703489267
New Alienware Monitor - G-Sync https://goo.gl/VGv2Cr $549.99 | Free Sync https://goo.gl/VGv2Cr $379.99,neither,0.041682475614385615,0.27554087715147907,0.6827766472341353
lmfao,neither,0.05470637918084239,0.32512982320825545,0.6201637976109021
MUTED GAME SOUND,neither,0.0385785110304118,0.2745399291342592,0.686881559835329
game isn't muted,neither,0.03856454342146876,0.27345939941597724,0.6879760571625539
ninjaPon ninjaPon ninjaPon ninjaPon ninjaPon ninjaPon ninjaPon ninjaPon,neither,0.03945320844208391,0.33037608806864915,0.630170703489267
!uptime,neither,0.03945320844208391,0.33037608806864915,0.630170703489267
Ninja has been streaming for 3 minutes 18 seconds,neither,0.03592500033367885,0.31175252898412237,0.6523224706821988
!uptime,neither,0.03945320844208391,0.33037608806864915,0.630170703489267
EVERYING IS GOIING TO BE OK!,neither,0.06672411596317962,0.32564599151950746,0.6076298925173129
really quiet though,neither,0.03945320844208391,0.33037608806864915,0.630170703489267
Why does it say he has 0 viewers?,neither,0.024010684276520276,0.43719138386540723,0.5387979318580725
xD I'm dead,neither,0.03945320844208391,0.33037608806864915,0.630170703489267
yeahh,neither,0.03945320844208391,0.33037608806864915,0.630170703489267
Monitor is Disgusting???,neither,0.05123134903440858,0.3263250454252152,0.6224436055403763
stay in there young god,neither,0.03656740312548632,0.3386104213403386,0.6248221755341752
we even got some chil music,neither,0.028662407426249453,0.41500199933629345,0.5563355932374571
better :),neither,0.03945320844208391,0.33037608806864915,0.630170703489267
cause no one's watching,neither,0.035460777694883705,0.4168224413957331,0.5477167809093832
maybe alienware will send you a pc,neither,0.05573911750461378,0.34976567177593126,0.5944952107194549
@iwarmonger as in awesome,neither,0.036988085212623895,0.37221566273155765,0.5907962520558184
!alienware,neither,0.03945320844208391,0.33037608806864915,0.630170703489267
New Alienware Monitor - G-Sync https://goo.gl/VGv2Cr $549.99 | Free Sync https://goo.gl/VGv2Cr $379.99,neither,0.041682475614385615,0.27554087715147907,0.6827766472341353
No one watch Ninja in 2018,neither,0.043025078160062145,0.37170902755546853,0.5852658942844693
MonkaS,neither,0.03945320844208391,0.33037608806864915,0.630170703489267
sponder only?,neither,0.03945320844208391,0.33037608806864915,0.630170703489267
see the guy isn’t a sellout. he gets a sponsor that he likes and takes it. why wouldn’t you?,neither,0.04419954800909776,0.375140929002937,0.5806595229879651
"What is this building? Like, unfinished construction?",neither,0.07312558380815952,0.3399701614950699,0.5869042546967705
Inc new sponsored pc,neither,0.04249695788895584,0.25492703823680857,0.7025760038742357
oh gotcha,neither,0.04522550427656808,0.27558419280407476,0.6791903029193572
ninjaGold ninjaK ninjaGold ninjaK ninjaGold ninjaK ninjaGold ninjaK,neither,0.03945320844208391,0.33037608806864915,0.630170703489267
and he's back,neither,0.04795910962311537,0.26209769175524644,0.6899431986216382
Nminja OMEGALUL,neither,0.03945320844208391,0.33037608806864915,0.630170703489267
so much more potions in squads now,neither,0.037568775658090185,0.36208968391644486,0.600341540425465
ninjaShield ninjaShield ninjaShield ninjaShield ninjaShield ninjaShield ninjaShield ninjaShield,neither,0.03945320844208391,0.33037608806864915,0.630170703489267
,neither,0.03945320844208391,0.33037608806864915,0.630170703489267
,neither,0.03945320844208391,0.33037608806864915,0.630170703489267
hellya,neither,0.03945320844208391,0.33037608806864915,0.630170703489267
We better get another ponpon,neither,0.10829146939214428,0.25014728190930835,0.6415612486985474
i love you,offensive_language,0.079837142191777,0.5038574454704381,0.4163054123377849
@tr1ckyy ppl love trolling Kappa,neither,0.037237904847665496,0.340624383685823,0.6221377114665115
I didnt hear anyone calling Doc a sellout.. and he was 100000 times worse that this,neither,0.04351276991189268,0.265083947512494,0.6914032825756132
@Ninja sickkkk monitors,neither,0.03945320844208391,0.33037608806864915,0.630170703489267
ninjaS,neither,0.03945320844208391,0.33037608806864915,0.630170703489267
all of you,offensive_language,0.09928457130232761,0.6772151294559285,0.22350029924174375
Ninja remember when @ac_royAle donated 75k,neither,0.03182465301137425,0.36836271971932083,0.5998126272693048
Shoots then gives orders Kappa,neither,0.03945320844208391,0.33037608806864915,0.630170703489267
I miss replays,neither,0.02789410451089843,0.33435179396025927,0.6377541015288424
@MrSardonyx I love you too,neither,0.06519789771101576,0.45812500439255194,0.4766770978964323
!alienware,neither,0.03945320844208391,0.33037608806864915,0.630170703489267
New Alienware Monitor - G-Sync https://goo.gl/VGv2Cr $549.99 | Free Sync https://goo.gl/VGv2Cr $379.99,neither,0.041682475614385615,0.27554087715147907,0.6827766472341353
Let him enjoy fruits of his labor ffs,neither,0.041797606854513426,0.3562704513153237,0.6019319418301629
ninjaPopcorn ninjaPopcorn ninjaPopcorn,neither,0.03945320844208391,0.33037608806864915,0.630170703489267
"damn. i was hoping to come back to the ""stream Offline"" page",offensive_language,0.051123193173841196,0.6302365205606931,0.3186402862654657
!uptime,neither,0.03945320844208391,0.33037608806864915,0.630170703489267
Ninja has been streaming for 4 minutes 46 seconds,neither,0.036078828691740394,0.31256560255387583,0.6513555687543837
ninjaSplode1 ninjaSplode2 ninjaSplode2 ninjaSplode3,neither,0.03945320844208391,0.33037608806864915,0.630170703489267
@MrSardonyx me too<3,neither,0.025456656249999262,0.41690574403459846,0.5576375997154023
are we in sub-mode?,neither,0.06136277159672141,0.2932921837979762,0.6453450446053024
!alienware,neither,0.03945320844208391,0.33037608806864915,0.630170703489267
alienware is trash lol,neither,0.04322457319878821,0.101915223120585,0.8548602036806268
ninjaAim ninjaAim ninjaAim ninjaAim ninjaAim,neither,0.03945320844208391,0.33037608806864915,0.630170703489267
,neither,0.03945320844208391,0.33037608806864915,0.630170703489267
,neither,0.03945320844208391,0.33037608806864915,0.630170703489267
,neither,0.03945320844208391,0.33037608806864915,0.630170703489267
,neither,0.03945320844208391,0.33037608806864915,0.630170703489267
good knight,neither,0.03869882722860525,0.3306355543605695,0.6306656184108252
@truebearjew i think so,neither,0.040564643702812306,0.4056013163067219,0.5538340399904659
!alienware,neither,0.03945320844208391,0.33037608806864915,0.630170703489267
anyone knownthe song,neither,0.03887282138655525,0.3402267710904858,0.6209004075229589
ceezKober ceezKober ceezKober ceezKober ceezKober ceezKober ceezKober ceezKober ceezKober ceezKober ceezKober ceezKober ceezKober ceezKober ceezKober ceezKober,neither,0.03945320844208391,0.33037608806864915,0.630170703489267
New Alienware Monitor - G-Sync https://goo.gl/VGv2Cr $549.99 | Free Sync https://goo.gl/VGv2Cr $379.99,neither,0.041682475614385615,0.27554087715147907,0.6827766472341353
Alienware=toasters,neither,0.03945320844208391,0.33037608806864915,0.630170703489267
lata,neither,0.03945320844208391,0.33037608806864915,0.630170703489267
"""Lata B****"" - Ninja2015",neither,0.03945320844208391,0.33037608806864915,0.630170703489267
waaa,neither,0.03945320844208391,0.33037608806864915,0.630170703489267
Ninja doesnt do sponsored streams often. Not a sellout,neither,0.039491090077802486,0.3327555411490077,0.6277533687731899
,neither,0.03945320844208391,0.33037608806864915,0.630170703489267
,neither,0.03945320844208391,0.33037608806864915,0.630170703489267
Dad,neither,0.03945320844208391,0.33037608806864915,0.630170703489267
!fortnite,neither,0.03945320844208391,0.33037608806864915,0.630170703489267
Graphics [https://goo.gl/tBr6Nw] | Keybinds U & O are mapped to Mouse 4 & 5 | Sens .07 [https://goo.gl/1Zv8vA] | DPI 800,neither,0.05940825338327743,0.3001685827088225,0.6404231639079
b,neither,0.03945320844208391,0.33037608806864915,0.630170703489267
U cute,neither,0.04322311181158326,0.266390989224455,0.6903858989639619
Rip,neither,0.03945320844208391,0.33037608806864915,0.630170703489267
ninjaslostson,neither,0.03945320844208391,0.33037608806864915,0.630170703489267
!Uptime,neither,0.03945320844208391,0.33037608806864915,0.630170703489267
ninjaThrow FlipThis ninjaSplat,neither,0.03945320844208391,0.33037608806864915,0.630170703489267
Ninja has been streaming for 5 minutes 53 seconds,neither,0.036078828691740394,0.31256560255387583,0.6513555687543837
FREEDOM,neither,0.03945320844208391,0.33037608806864915,0.630170703489267
what's up ninja? hope you are having a great night,neither,0.10581265549597546,0.2517108779744374,0.6424764665295871
FrankerZ,neither,0.03945320844208391,0.33037608806864915,0.630170703489267
we're free,neither,0.06690753073686273,0.2934607675704238,0.6396317016927136
we are free,neither,0.08129352137293547,0.2674909021446758,0.6512155764823887
Plebs,neither,0.03945320844208391,0.33037608806864915,0.630170703489267
!commands,neither,0.03945320844208391,0.33037608806864915,0.630170703489267
Pinkieez -> The bot commands for this channel are available at https://beta.nightbot.tv/t/ninja/commands,neither,0.04637165599724777,0.29795772305344853,0.6556706209493037
plans!!,neither,0.03945320844208391,0.33037608806864915,0.630170703489267
People watch sports that have advertisement riddled all over the field and in commercials.. WDYM LOL,neither,0.04830582823603702,0.39972316827949445,0.5519710034844685
LUL,neither,0.03945320844208391,0.33037608806864915,0.630170703489267
REEEEEEEEEEE,neither,0.03945320844208391,0.33037608806864915,0.630170703489267
where are the veiwers?,neither,0.09586326780482969,0.17760264677658552,0.7265340854185848
that kill is for sure from the monitor,neither,0.3614106921260724,0.27465940924844845,0.3639298986254792
!donate,neither,0.03945320844208391,0.33037608806864915,0.630170703489267
If you love Ninja and support what he does AND his stream you can show your support and donate here https://streamtip.com/t/ninja,neither,0.12781649414435794,0.3262997272855622,0.54588377857008
BE FREE,neither,0.04026065833154089,0.3371375694873748,0.6226017721810843
!alienware,neither,0.03945320844208391,0.33037608806864915,0.630170703489267
New Alienware Monitor - G-Sync https://goo.gl/VGv2Cr $549.99 | Free Sync https://goo.gl/VGv2Cr $379.99,neither,0.041682475614385615,0.27554087715147907,0.6827766472341353
!alienware,neither,0.03945320844208391,0.33037608806864915,0.630170703489267
@Ninja Can you really tell the difference between 60- 120- 240hz?,neither,0.04817126885413072,0.3432229736321464,0.6086057575137228
gang,neither,0.03945320844208391,0.33037608806864915,0.630170703489267
Free PogChamp,neither,0.03945320844208391,0.33037608806864915,0.630170703489267
Good night,neither,0.027408777718339543,0.3300282295872874,0.6425629926943731
!sens,neither,0.03945320844208391,0.33037608806864915,0.630170703489267
Reeeeeeeee,neither,0.03945320844208391,0.33037608806864915,0.630170703489267
dude that town is so fun!!,neither,0.04292324856373632,0.40795733346630825,0.5491194179699554
YAAAAAA,neither,0.03945320844208391,0.33037608806864915,0.630170703489267
Hello,neither,0.03945320844208391,0.33037608806864915,0.630170703489267
!alienware,neither,0.03945320844208391,0.33037608806864915,0.630170703489267
Type 1 if Ninja is a cutie,neither,0.03038556761269544,0.37070557167965695,0.5989088607076476
hi @rizingstarz,neither,0.03945320844208391,0.33037608806864915,0.630170703489267
!alienware,neither,0.03945320844208391,0.33037608806864915,0.630170703489267
New Alienware Monitor - G-Sync https://goo.gl/VGv2Cr $549.99 | Free Sync https://goo.gl/VGv2Cr $379.99,neither,0.041682475614385615,0.27554087715147907,0.6827766472341353
yo,offensive_language,0.04010381111145228,0.5271105317972344,0.4327856570913131
!alienware,neither,0.03945320844208391,0.33037608806864915,0.630170703489267
1,neither,0.03945320844208391,0.33037608806864915,0.630170703489267
69,neither,0.03945320844208391,0.33037608806864915,0.630170703489267
hey chat glad to be here,neither,0.09050087509096176,0.29577095103970386,0.6137281738693343
500 dollars for a damn monitor,offensive_language,0.038759872782057635,0.7152867834961067,0.24595334372183555
oops,neither,0.03945320844208391,0.33037608806864915,0.630170703489267
0 viewers lol,neither,0.031120645729857982,0.3912535864736078,0.5776257677965343
"between 60 and 144 YES, between 144 and 240 NO",neither,0.03801925323762409,0.28962582185381075,0.6723549249085651
@Ninja change your tweet its wrong,neither,0.056264474623391014,0.326214295296338,0.617521230080271
LUL,neither,0.03945320844208391,0.33037608806864915,0.630170703489267
hes going to old monitor at 9:01,neither,0.042572893131446916,0.36689996483967646,0.5905271420288767
wowooww,neither,0.03945320844208391,0.33037608806864915,0.630170703489267
put on sponder mode,neither,0.03650942981188957,0.3445304801300111,0.6189600900580994
Do you play on a Macbook air @Ninja,neither,0.051839663689672875,0.3818418319231328,0.5663185043871943
!wins,neither,0.03945320844208391,0.33037608806864915,0.630170703489267
"2 Solos (14, 10 Kills) 2 Duos (9, 14 Kills) 7 Squad (6, 17, 6, 4, 4, 20, 14 Kills) ninjaPonW",neither,0.03945320844208391,0.33037608806864915,0.630170703489267
LUL,neither,0.03945320844208391,0.33037608806864915,0.630170703489267
LOL,neither,0.020706217963973744,0.4882283491876925,0.4910654328483337
Storm,neither,0.03945320844208391,0.33037608806864915,0.630170703489267
"I swear to God if he says ""it's the monitor"" one more time .... I'm going to purchase one",neither,0.03469391508880707,0.4104723655076089,0.5548337194035841
hello my friend @ianjoii,neither,0.027407197776275392,0.42506830513223315,0.5475244970914914
@BlueLuke PogChamp,neither,0.03945320844208391,0.33037608806864915,0.630170703489267
!alienware,neither,0.03945320844208391,0.33037608806864915,0.630170703489267
Third person :/,neither,0.03945320844208391,0.33037608806864915,0.630170703489267
between 60 and 144 huge difference. 244 from 144 not su much,neither,0.036019727814762245,0.2946644798660582,0.6693157923191796
1080p man great steam man,neither,0.037857680192022715,0.40553501256831426,0.556607307239663
!monitor,neither,0.03945320844208391,0.33037608806864915,0.630170703489267
Ninja uses the BenQ XL2540 https://goo.gl/16gbkd the BenQ XL2411Z goo.gl/NgBnCV and the Samsung QLED Gaming Monitor https://goo.gl/asmo4D,neither,0.037808578243639986,0.28610012917001565,0.6760912925863444
!alienware,neither,0.03945320844208391,0.33037608806864915,0.630170703489267
Freedom,neither,0.03945320844208391,0.33037608806864915,0.630170703489267
what do you think about it so far,neither,0.061862135794658525,0.44026448179912786,0.49787338240621365
@shawkeye77 is that a joke,neither,0.04499076432369364,0.3836527127810046,0.5713565228953017
Pro athletes do commercials all the time... And they sponsor shit they don't even use. AND they already make millions of dollars. Ya'll can be quiet.,offensive_language,0.029068454832097957,0.8601888712831577,0.11074267388474428
!uptime,neither,0.03945320844208391,0.33037608806864915,0.630170703489267
Ninja has been streaming for 6 minutes 46 seconds,neither,0.036078828691740394,0.31256560255387583,0.6513555687543837
can i get it free?,neither,0.03717994037427322,0.33684222422572246,0.6259778354000043
*buys monitor*,neither,0.03945320844208391,0.33037608806864915,0.630170703489267
!alienware,neither,0.03945320844208391,0.33037608806864915,0.630170703489267
!Alienware,neither,0.03945320844208391,0.33037608806864915,0.630170703489267
how much is it?,neither,0.042551280793870334,0.3293105189228954,0.6281382002832342
Dude i thouht there were two guys in there,neither,0.03994663963393758,0.24567765973509495,0.7143757006309676
they cost $549 yaaaa no,neither,0.038487023908873194,0.34677476113793504,0.6147382149531917
!delcom !Monitor,neither,0.03945320844208391,0.33037608806864915,0.630170703489267
can I get a link plz,neither,0.03922744900997641,0.33420781481668127,0.6265647361733423
"Ninja -> The command ""!monitor"" has been deleted successfully.",neither,0.03889386495001589,0.31834657832938545,0.6427595567205987
@Deserialize Im so done hahahahhahahahaha,neither,0.03715395272392115,0.4567039998291006,0.5061420474469782
Lol,neither,0.020706217963973744,0.4882283491876925,0.4910654328483337
Da hcks are real,offensive_language,0.14777301335833468,0.6082625827571836,0.2439644038844816
How is he mapped building to UOLS??? How does he presses those? is he lefty? what is his movement keys?,neither,0.08734131711411416,0.3470131354540372,0.5656455474318485
Can I eat the monitor?,neither,0.03844420916668887,0.29558155550289744,0.6659742353304137
!sens,neither,0.03945320844208391,0.33037608806864915,0.630170703489267
!commands,neither,0.03945320844208391,0.33037608806864915,0.630170703489267
,neither,0.03945320844208391,0.33037608806864915,0.630170703489267
,neither,0.03945320844208391,0.33037608806864915,0.630170703489267
alienware is garbaj,neither,0.081172750358939,0.3160268245287109,0.60280042511235
i dont no why when i see you ii become happy,neither,0.03302851178425647,0.41958268538580684,0.5473888028299365
!monitor,neither,0.03945320844208391,0.33037608806864915,0.630170703489267
Lulz,neither,0.03945320844208391,0.33037608806864915,0.630170703489267
alien ware sucks,neither,0.03945320844208391,0.33037608806864915,0.630170703489267
can we get a link for th enew monitor?,neither,0.034260765191270574,0.31135300004128136,0.6543862347674482
!specs,neither,0.03945320844208391,0.33037608806864915,0.630170703489267
Gaming PC -> https://goo.gl/Zp8sc9 | Streaming PC -> https://goo.gl/C1S663,neither,0.03945320844208391,0.33037608806864915,0.630170703489267
600 dollar monitor gth,neither,0.03945320844208391,0.33037608806864915,0.630170703489267
!alienware,neither,0.03945320844208391,0.33037608806864915,0.630170703489267
Are only streaming 2 hours?,neither,0.06184572079301492,0.2906006659966294,0.6475536132103555
New Alienware Monitor - G-Sync https://goo.gl/VGv2Cr $549.99 | Free Sync https://goo.gl/VGv2Cr $379.99,neither,0.041682475614385615,0.27554087715147907,0.6827766472341353
!alienware,neither,0.03945320844208391,0.33037608806864915,0.630170703489267
o,neither,0.03945320844208391,0.33037608806864915,0.630170703489267
!viewiers,neither,0.03945320844208391,0.33037608806864915,0.630170703489267
!mousepad,neither,0.03945320844208391,0.33037608806864915,0.630170703489267
what is the monitor hes talking about,neither,0.051415556442814245,0.33404740480282746,0.6145370387543583
HyperX Pro Gaming Mousepad https://goo.gl/6ymHXa,neither,0.03945320844208391,0.33037608806864915,0.630170703489267
!alienware,neither,0.03945320844208391,0.33037608806864915,0.630170703489267
can it display the stream in true 1080p without heating up Kappa,neither,0.03670928999663524,0.3480227635453005,0.6152679464580643
!alienware,neither,0.03945320844208391,0.33037608806864915,0.630170703489267
BenQ or Acer are the only good companies anymore,neither,0.058052063012031176,0.28140712777010746,0.6605408092178614
Solo 17 kills missing,neither,0.03945320844208391,0.33037608806864915,0.630170703489267
can i legally marry the monitor?,neither,0.038899611347660755,0.31191013504229376,0.6491902536100456
@mephi5t0 those keys are binded to his mouse,neither,0.1438451458950543,0.22595487123179606,0.6301999828731497
6k monitor,neither,0.03945320844208391,0.33037608806864915,0.630170703489267
LOL,neither,0.020706217963973744,0.4882283491876925,0.4910654328483337
lol,neither,0.020706217963973744,0.4882283491876925,0.4910654328483337
deja vu,neither,0.03945320844208391,0.33037608806864915,0.630170703489267
!uptime,neither,0.03945320844208391,0.33037608806864915,0.630170703489267
Ninja has been streaming for 7 minutes 18 seconds,neither,0.03592500033367885,0.31175252898412237,0.6523224706821988
discount codes ?,neither,0.03945320844208391,0.33037608806864915,0.630170703489267
is the monitor an instrument?,neither,0.05558985505811719,0.28474648494789184,0.659663659993991
!alienware,neither,0.03945320844208391,0.33037608806864915,0.630170703489267
show monitor mid game,neither,0.0542090618976396,0.2134920444535592,0.7322988936488013
ninjaAmazing ninjaAmazing ninjaAmazing ninjaAmazing ninjaAmazing ninjaAmazing ninjaAmazing ninjaAmazing ninjaAmazing ninjaAmazing ninjaAmazing ninjaAmazing ninjaAmazing ninjaAmazing ninjaAmazing ninjaAmazing ninjaAmazing ninjaAmazing ninjaAmazing ninjaAmazing ninjaAmazing ninjaAmazing ninjaAmazing ninjaAmazing ninjaAmazing ninjaAmazing ninjaAmazing ninjaAmazing ninjaAmazing ninjaAmazing,neither,0.03945320844208391,0.33037608806864915,0.630170703489267
@TheDankWarrior LMFAO bro i just geeked so hard to that,offensive_language,0.03625025308268491,0.5482533524412413,0.41549639447607395
lol,neither,0.020706217963973744,0.4882283491876925,0.4910654328483337
@Drenzium Is the difference between 60 and 144 as noticeable as 30 and 60?,neither,0.04020813742850384,0.31630404815522073,0.6434878144162754
deja vu,neither,0.03945320844208391,0.33037608806864915,0.630170703489267
,neither,0.03945320844208391,0.33037608806864915,0.630170703489267
,neither,0.03945320844208391,0.33037608806864915,0.630170703489267
guys lets not try to trash the items thats sponsoring the stream right now,neither,0.04236263774009049,0.22299265283043285,0.7346447094294767
God this update made the best game out 10x better Kreygasm,neither,0.03526037890526345,0.30139612988878367,0.663343491205953
@Ninja your welcome,neither,0.07182611135368136,0.3213799622041259,0.6067939264421927
NA LVL,neither,0.03945320844208391,0.33037608806864915,0.630170703489267
@Mephi5t0 u and o are on his mouse,neither,0.1036338032269603,0.25315315067750915,0.6432130460955306
Halo,neither,0.03945320844208391,0.33037608806864915,0.630170703489267
ninjaRIP ninjaHS ninjaHS ninjaHS,neither,0.03945320844208391,0.33037608806864915,0.630170703489267
!alienware,neither,0.03945320844208391,0.33037608806864915,0.630170703489267
!Alienware,neither,0.03945320844208391,0.33037608806864915,0.630170703489267
GODLIKE,neither,0.03945320844208391,0.33037608806864915,0.630170703489267
can someone link the monitor,neither,0.03880042084941369,0.3084583430876106,0.6527412360629757
Dayum,neither,0.03945320844208391,0.33037608806864915,0.630170703489267
i thought my stream had rewinded,neither,0.03155755638484005,0.3152196614846587,0.6532227821305011
I need that monitor to run my pre-built computer though,neither,0.033182219608660767,0.4082020082142001,0.558615772177139
is the monitor sentient?,neither,0.06634763790238427,0.27637293114625994,0.6572794309513558
ninjaGold ninjaGold ninjaGold ninjaGold ninjaGold,neither,0.03945320844208391,0.33037608806864915,0.630170703489267
THERES A GLITCH IN THE MATRIX,neither,0.03866531650629568,0.3160074621748103,0.6453272213188941
ninjaPon ninjaF,neither,0.03945320844208391,0.33037608806864915,0.630170703489267
ninjaRekt ninjaRekt ninjaRekt ninjaRekt ninjaRekt ninjaRekt ninjaRekt ninjaRekt ninjaRekt ninjaRekt ninjaRekt ninjaRekt ninjaRekt ninjaRekt ninjaRekt ninjaRekt ninjaRekt ninjaRekt ninjaRekt ninjaRekt ninjaRekt,neither,0.03945320844208391,0.33037608806864915,0.630170703489267
I just refreshed my stream cause I looked away for a second and thought it replayed that scene...,neither,0.026627060778224732,0.3220914111097607,0.6512815281120146
ninjaPon,neither,0.03945320844208391,0.33037608806864915,0.630170703489267
@Ninja.....you just did butt stuff to that guys face...,neither,0.05236118785031528,0.437751125484337,0.5098876866653478
!subcount,neither,0.03945320844208391,0.33037608806864915,0.630170703489267
Currently there are 18790 subscribed,neither,0.07087749722926778,0.23135887718097997,0.6977636255897524
!wins,neither,0.03945320844208391,0.33037608806864915,0.630170703489267
"2 Solos (14, 10 Kills) 2 Duos (9, 14 Kills) 7 Squad (6, 17, 6, 4, 4, 20, 14 Kills) ninjaPonW",neither,0.03945320844208391,0.33037608806864915,0.630170703489267
Lol,neither,0.020706217963973744,0.4882283491876925,0.4910654328483337
this ninja poppin off TriHard,neither,0.03936837168619629,0.33181598922235195,0.6288156390914519
!uptime,neither,0.03945320844208391,0.33037608806864915,0.630170703489267
