text,top_class,hate_speech,offensive_language,neither
ninjaPon ninjaPon ninjaPon ninjaPon ninjaPon ninjaPon ninjaPon ninjaPon ninjaPon ninjaPon ninjaPon ninjaPon ninjaPon ninjaPon ninjaPon ninjaPon ninjaPon ninjaPon ninjaPon ninjaPon ninjaPon ninjaPon ninjaPon ninjaPon ninjaPon ninjaPon ninjaPon ninjaPon ninjaPon ninjaPon,neither,0.03945320844208391,0.33037608806864915,0.630170703489267
ninjaPon,neither,0.03945320844208391,0.33037608806864915,0.630170703489267
BagOfMemes BagOfMemes BagOfMemes,neither,0.03945320844208391,0.33037608806864915,0.630170703489267
HES BACK,neither,0.03945320844208391,0.33037608806864915,0.630170703489267
ninjaSplode4 ninjaSplode4 ninjaSplode4 ninjaSplode4 ninjaSplode4 PANIC,neither,0.03945320844208391,0.33037608806864915,0.630170703489267
Time to hit up Ceez Kappa,neither,0.04177316913299728,0.3916629388608264,0.5665638920061764
F,neither,0.03945320844208391,0.33037608806864915,0.630170703489267
SPAM CRY,neither,0.03945320844208391,0.33037608806864915,0.630170703489267
LOOKS THE SAME,neither,0.039333977918521425,0.3178833375027764,0.6427826845787022
ninjaTooth ninjaTooth ninjaTooth ninjaTooth ninjaTooth ninjaTooth,neither,0.03945320844208391,0.33037608806864915,0.630170703489267
@cjogara18 go to your dashboard - subscriptions and see if it is auto renewing if not then you were using twitch prime,neither,0.04215227437035974,0.40842998764979105,0.5494177379798493
welcome back,neither,0.03945320844208391,0.33037608806864915,0.630170703489267
ninjaCRINJA ninjaCRINJA ninjaCRINJA ninjaCRINJA ninjaCRINJA ninjaCRINJA ninjaCRINJA ninjaCRINJA,neither,0.03945320844208391,0.33037608806864915,0.630170703489267
sexyyyy,neither,0.03945320844208391,0.33037608806864915,0.630170703489267
much better!!!!,neither,0.033464116335600605,0.3324360114774959,0.6340998721869036
SO much better ninj,neither,0.03399950150870725,0.3979529320656956,0.5680475664255971
ninjaBlast ninjaBlasted ninjaBlasted ninjaBlasted ninjaBlasted ninjaBlasted ninjaBlasted ninjaBlasted,neither,0.03945320844208391,0.33037608806864915,0.630170703489267
We’re back,neither,0.0707855877519284,0.2891816921207498,0.6400327201273217
My lifeline is unplugged,neither,0.03433744156966291,0.4200543338148834,0.5456082246154538
ninjaCry ninjaCry ninjaCry ninjaCry ninjaCry ninjaCry ninjaCry ninjaCry ninjaCry ninjaCry ninjaCry ninjaCry ninjaCry ninjaCry ninjaCry,neither,0.03945320844208391,0.33037608806864915,0.630170703489267
ninjaBlast ninjaBlasted ninjaBlasted ninjaBlasted ninjaBlasted ninjaBlasted ninjaBlasted,neither,0.03945320844208391,0.33037608806864915,0.630170703489267
kingrichSalt ninjaCreep kingrichSalt ninjaCreep,neither,0.03945320844208391,0.33037608806864915,0.630170703489267
ninjaK ninjaPon ninjaPon ninjaK ninjaPon ninjaK ninjaK ninjaK ninjaPon ninjaPon ninjaPon ninjaPon ninjaPon ninjaPon ninjaPon ninjaPon ninjaK ninjaPon ninjaK ninjaPon ninjaPon ninjaK ninjaPon ninjaPon ninjaPon,neither,0.03945320844208391,0.33037608806864915,0.630170703489267
NO DIFFERENCE,neither,0.03830220949536295,0.3499115440623885,0.6117862464422487
Train is still alive!,neither,0.04645232332323571,0.3419855488584732,0.6115621278182911
retraiNyourheart retraiNyourheart retraiNyourheart retraiNyourheart retraiNyourheart retraiNyourheart retraiNyourheart retraiNyourheart retraiNyourheart retraiNyourheart,neither,0.03945320844208391,0.33037608806864915,0.630170703489267
ninjaCRINJA ninjaCRINJA ninjaCRINJA ninjaCRINJA,neither,0.03945320844208391,0.33037608806864915,0.630170703489267
ninjaRose ninjaRose ninjaRose ninjaRose ninjaRose ninjaRose ninjaRose ninjaRose ninjaRose ninjaRose ninjaRose ninjaRose ninjaRose ninjaRose ninjaRose ninjaRose ninjaRose ninjaRose ninjaRose ninjaRose ninjaRose ninjaRose ninjaRose ninjaRose ninjaRose ninjaRose ninjaRose ninjaRose ninjaRose ninjaRose ninjaRose ninjaRose ninjaRose,neither,0.03945320844208391,0.33037608806864915,0.630170703489267
LOOKS THE SAME ninjaTooth ninjaTooth ninjaTooth,neither,0.039333977918521425,0.3178833375027764,0.6427826845787022
OH SHIT ninjaCry ninjaCry ninjaCry ninjaCry ninjaCry ninjaCry ninjaCry ninjaCry,offensive_language,0.04652059265363964,0.9534729203614298,6.486984930600159e-06
Wow Ninja this looks SMOOTH,neither,0.0393826958262581,0.3315728711824764,0.6290444329912656
@Ninja quality is the same no dropped frames so far,neither,0.04399582391417938,0.3610085913522959,0.5949955847335247
if it doesnt work you can go back,neither,0.03424340791750421,0.42675941419976804,0.5389971778827278
ninjaHyperr ninjaHyper,neither,0.03945320844208391,0.33037608806864915,0.630170703489267
LOOKS way better,neither,0.03957835416971998,0.33142404227991695,0.6289976035503629
1200p,neither,0.03945320844208391,0.33037608806864915,0.630170703489267
1000!!!!!!!!,neither,0.03945320844208391,0.33037608806864915,0.630170703489267
Loos smoother imo,neither,0.03945320844208391,0.33037608806864915,0.630170703489267
way better,neither,0.03961441507330302,0.3317260116438402,0.6286595732828569
quality is not as good,neither,0.04318309099555566,0.366499628598622,0.5903172804058224
1k!,neither,0.03945320844208391,0.33037608806864915,0.630170703489267
ninjaHyper ninjaHyperr,neither,0.03945320844208391,0.33037608806864915,0.630170703489267
"I don't think it looks as sharp, but ok",neither,0.03374543662115546,0.3648247259723846,0.6014298374064599
Looks,neither,0.03945320844208391,0.33037608806864915,0.630170703489267
ninjaCRINJA ninjaCRINJA ninjaCRINJA ninjaCRINJA ninjaCRINJA ninjaCRINJA ninjaCRINJA ninjaCRINJA ninjaCRINJA ninjaCRINJA ninjaCRINJA ninjaCRINJA ninjaCRINJA ninjaCRINJA ninjaCRINJA ninjaCRINJA ninjaCRINJA ninjaCRINJA ninjaCRINJA,neither,0.03945320844208391,0.33037608806864915,0.630170703489267
Squid1 Squid3 Squid2 Squid4,neither,0.03945320844208391,0.33037608806864915,0.630170703489267
choppy,neither,0.03945320844208391,0.33037608806864915,0.630170703489267
dieselShot,neither,0.03945320844208391,0.33037608806864915,0.630170703489267
1000 subtrain,neither,0.03945320844208391,0.33037608806864915,0.630170703489267
ninjaBlast ninjaBlasted ninjaBlasted ninjaBlasted ninjaBlasted ninjaBlasted ninjaBlasted ninjaBlasted ninjaBlasted ninjaBlasted ninjaBlasted ninjaBlasted ninjaBlasted ninjaBlasted ninjaBlasted ninjaBlasted ninjaBlasted ninjaBlasted ninjaBlasted ninjaBlasted ninjaBlasted ninjaBlasted ninjaRose ninjaSplat,neither,0.03945320844208391,0.33037608806864915,0.630170703489267
looks smoother,neither,0.03945320844208391,0.33037608806864915,0.630170703489267
wow i've never seen the pixels move so smoothly ninjaAmazing,neither,0.0211952655066419,0.3622709934105552,0.616533741082803
ninjaIQ ninjaIQ ninjaIQ,neither,0.03945320844208391,0.33037608806864915,0.630170703489267
rip,neither,0.03945320844208391,0.33037608806864915,0.630170703489267
ninjaShield ninjaShield ninjaShield ninjaShield,neither,0.03945320844208391,0.33037608806864915,0.630170703489267
when recording video NVENC is better,neither,0.042465953216538996,0.27175580354758483,0.6857782432358762
im looking on 480 bec i have 20 streams open and it looks like HD right now,neither,0.040553227585712094,0.35405202952990994,0.6053947428843781
streaming is diff,neither,0.046488290033299406,0.32795640091152495,0.6255553090551756
4K quality!!!!!,neither,0.03945320844208391,0.33037608806864915,0.630170703489267
it looks sharp now,neither,0.037410711479065835,0.33107859643415993,0.6315106920867742
kings is just so crisp and bright,neither,0.04084684890194695,0.3449181992224059,0.6142349518756471
SUB TRAIN IN TACT FELLAS,neither,0.03945320844208391,0.33037608806864915,0.630170703489267
It looks smoother but im not 100% sure ninjaClap ninjaClap,neither,0.02951444754729136,0.4803318248649973,0.49015372758771125
ninjaPon,neither,0.03945320844208391,0.33037608806864915,0.630170703489267
ninjaPon,neither,0.03945320844208391,0.33037608806864915,0.630170703489267
Definitely doesn’t look worse,neither,0.04877356111627836,0.20488637018566752,0.746340068698054
ninjaShield ninjaShield ninjaIQ,neither,0.03945320844208391,0.33037608806864915,0.630170703489267
LOOKS SHARP,neither,0.03945320844208391,0.33037608806864915,0.630170703489267
this looks cleeeaaannnn,neither,0.03929143328207582,0.3331218347335107,0.6275867319844135
1000 subtrain!@#$##!4,neither,0.03945320844208391,0.33037608806864915,0.630170703489267
looks same,neither,0.04077268501213807,0.3423927981848784,0.6168345168029835
smoother for sure,neither,0.02401742335574164,0.4711104313852341,0.5048721452590242
looks worse,neither,0.049150813944592274,0.16578241395747342,0.7850667720979343
u mean older programs?,neither,0.03945320844208391,0.33037608806864915,0.630170703489267
no more chop,neither,0.040556933785935424,0.33514736053443417,0.6242957056796304
4K best I've ever seen!!!!!!!,neither,0.017377869030438954,0.3045512582473583,0.6780708727222027
The 720p60 is sharper than the previous 720p60,neither,0.049329957444670655,0.2920155988275133,0.658654443727816
better,neither,0.03945320844208391,0.33037608806864915,0.630170703489267
looks great,neither,0.037023260829095454,0.29764712413995575,0.6653296150309488
smoother 100%,neither,0.03945320844208391,0.33037608806864915,0.630170703489267
wow more crisp,neither,0.04123992362072602,0.32105063961845937,0.6377094367608147
ninjaCRINJA ninjaCRINJA,neither,0.03945320844208391,0.33037608806864915,0.630170703489267
looks good af,neither,0.03868294115545394,0.3306410183095917,0.6306760405349543
some of it ay be because !yellow,neither,0.009547144653210549,0.04140115354477343,0.949051701802016
100?,neither,0.03945320844208391,0.33037608806864915,0.630170703489267
!suncount,neither,0.03945320844208391,0.33037608806864915,0.630170703489267
Only one in our solar system ☀️,neither,0.03879818021612235,0.3544624993471868,0.6067393204366908
Looks way better,neither,0.03957835416971998,0.33142404227991695,0.6289976035503629
i'm the real superduperkyle baby,neither,0.02864627064377738,0.4757699046808383,0.4955838246753844
Looks really good right now,neither,0.03778627592188343,0.35017465563069566,0.6120390684474208
i can see all your pimples now ninja!!!,neither,0.07391198175735393,0.38834022455537237,0.5377477936872738
I think it looks a lot smoother now.,neither,0.03849449692290306,0.32136321293293435,0.6401422901441626
"At least it ain't freezing up, that's the big thing",offensive_language,0.014022365407770507,0.565899589446331,0.4200780451458984
my knee is feeling slightly better,neither,0.035966290144907216,0.3909911147935913,0.5730425950615015
@Ninja can you ask him if its the same for a 10500 ti pplease,neither,0.028394836628475858,0.36617111816865106,0.6054340452028731
"ninja looking like ""why this guy tryna tell me bout my shit""",offensive_language,0.03163916560256978,0.9556733819635157,0.012687452433914542
@Ninja now i know what butter looks like,neither,0.05256851604143345,0.33913071664322547,0.6083007673153412
yeah it does look better tbh,offensive_language,0.01833854326799198,0.5062649025526791,0.47539655417932897
1000?!,neither,0.03945320844208391,0.33037608806864915,0.630170703489267
it does look pretty good,neither,0.025288881377025552,0.4612738600284371,0.5134372585945375
Looks great,neither,0.037023260829095454,0.29764712413995575,0.6653296150309488
!yellow,neither,0.0017857072323578093,0.0007692209237379999,0.9974450718439042
"Ninja has his game on color blind mode (Deuteranomaly), that is why stuff is yellow. ninjaTooth NO Ninja is NOT color blind. He just likes the color yellow.",neither,0.02311297228225503,0.09814983049104814,0.878737197226697
ninja got tanner,neither,0.03835253407198437,0.3698953473615573,0.5917521185664584
@ninja get i7-8700k best you can do right now shit is fire,offensive_language,0.06757323369256608,0.9219068549391912,0.010519911368242655
Ninja you got a 1080 not a 1080TI,neither,0.05529702993393278,0.4497108366983912,0.49499213336767606
Like a baby’s ass,offensive_language,0.16358325961765757,0.8363729121842143,4.382819812814687e-05
Lagg,neither,0.03945320844208391,0.33037608806864915,0.630170703489267
@Ninja GPUs have drastically changed since their target demographic became crypto miners.,neither,0.03915730183028747,0.33539839552555367,0.625444302644159
stream looks great,neither,0.03768530264764384,0.3068888846595052,0.655425812692851
wow holy shit it looks good,offensive_language,0.04416227967830343,0.9517389965684332,0.004098723753263421
Looks pretty great tbh,neither,0.03771444832273542,0.3072885679548019,0.6549969837224627
"cheer505 Hey Ninja, just got done playing. Sorry for the cheap shot through the house awhile ago. Never thought I'd run into you, figured I'd sub and donate. Keep it real.",neither,0.035402277444688,0.35696057152851324,0.6076371510267987
oh no the lag,neither,0.042731943576869484,0.27991592351364497,0.6773521329094855
you should still go 30 ffps on your webcam,offensive_language,0.12610311605075128,0.45399131366156437,0.4199055702876844
ninja is legend ⚔,neither,0.047329964383745225,0.3276669105069222,0.6250031251093326
i feel like it actually does look better,neither,0.034239370886735794,0.45920562339897625,0.5065550057142879
@idevon_ hahahahha,neither,0.03945320844208391,0.33037608806864915,0.630170703489267
looks good,neither,0.038457139233778734,0.330718681944739,0.6308241788214823
This is undoubtedly better,neither,0.05453431561112477,0.3278567970290115,0.6176088873598637
GOOD CONTENT > IMAGE QUALITY. Everytime.,neither,0.039022956134973495,0.3305240715665432,0.6304529722984833
looks the same lul,neither,0.039374062593306385,0.3221791978575228,0.6384467395491709
!giveaway,neither,0.03945320844208391,0.33037608806864915,0.630170703489267
Enter to win Ninja's NVIDIA GeForce GTX 1080 Ti: http://vast.mx/N1080GA,neither,0.04092784625813505,0.2670265186141016,0.6920456351277633
Looks fabulous,neither,0.03945320844208391,0.33037608806864915,0.630170703489267
!uptime,neither,0.03945320844208391,0.33037608806864915,0.630170703489267
Ninja has been streaming for 2 minutes 2 seconds,neither,0.035678679601720456,0.31045049647393935,0.6538708239243401
i can finally see,neither,0.03980279472265741,0.324442696539826,0.6357545087375167
It’s better,neither,0.03672560380779348,0.33131423637833557,0.6319601598138709
this doesnt look nearly as good as his usual stream looks,neither,0.0500893820637255,0.36773748436756026,0.5821731335687143
Noticeable difference u can tell it looks better,neither,0.038407447991491483,0.32657232115845913,0.6350202308500493
Looks good right now,neither,0.03761124686197339,0.35227219916135866,0.6101165539766681
@Ninja why does your stream look terrible all of a sudden,neither,0.038796452628505514,0.45459404878912757,0.506609498582367
what do the mods think of the change?,neither,0.04548549748448412,0.2852134115023521,0.6693010910131639
it does look better for me 2,neither,0.017459444335999857,0.45911560641848853,0.5234249492455116
Stream is buttery smooth. It’s a noticeable difference,neither,0.04435691972632397,0.32868947689536343,0.6269536033783126
better,neither,0.03945320844208391,0.33037608806864915,0.630170703489267
which one?,neither,0.03818709358741248,0.3768323283672056,0.584980578045382
Hats off to King for helping Ninja ninjaIQ ninjaIQ ninjaIQ ninjaIQ ninjaIQ ninjaIQ ninjaIQ ninjaIQ,neither,0.03946255407559016,0.3082260775225682,0.6523113684018417
It’s way better,neither,0.03754265471899847,0.3323299532847838,0.6301273919962178
Ryzen,neither,0.03945320844208391,0.33037608806864915,0.630170703489267
Wow it looks incredible,neither,0.03812526888955719,0.33083282737423136,0.6310419037362114
Loookssssss aaaammmmaaazing,neither,0.03945320844208391,0.33037608806864915,0.630170703489267
first,neither,0.02604892428726219,0.3349864360510187,0.6389646396617191
Welcome back,neither,0.03945320844208391,0.33037608806864915,0.630170703489267
Wtf,offensive_language,0.04410695246022759,0.7898861884776351,0.16600685906213722
this is true,neither,0.052226555623309454,0.3282947143461781,0.6194787300305125
back,neither,0.03945320844208391,0.33037608806864915,0.630170703489267
baack,neither,0.03945320844208391,0.33037608806864915,0.630170703489267
lol,neither,0.020706217963973744,0.4882283491876925,0.4910654328483337
i have a 8700k as well,neither,0.03588805448674823,0.3908860550010954,0.5732258905121563
ninjaBlast ninjaBlast ninjaBlasted ninjaBlasted ninjaBlasted ninjaBlasted,neither,0.03945320844208391,0.33037608806864915,0.630170703489267
Wowowowowowow sooooo gooooddddddddd,neither,0.03945320844208391,0.33037608806864915,0.630170703489267
Suppp ninja,neither,0.03945320844208391,0.33037608806864915,0.630170703489267
"depends on the game, some games use multi core processing",neither,0.01698503948131695,0.368450907372095,0.6145640531465879
kreygasm100 kreygasm100 kreygasm100 hey ninja you missed my last to donations i don't care you didn't read them out loud I just wanted you to see what I was doing to help,neither,0.06078932201239833,0.456789828796863,0.4824208491907387
kreygasm100 Get a Theadripper SwiftRage kreygasm100 kreygasm100,neither,0.03779508335914271,0.3585187980877974,0.6036861185530599
Xeon 5540!,neither,0.03945320844208391,0.33037608806864915,0.630170703489267
"Ninjas Mind: ""This guy doesnt know wtf he is talking about""",offensive_language,0.049866617025010065,0.5148206244913756,0.4353127584836144
Best stream everrrrrrrrrrrr quality on point,neither,0.03663981433088453,0.3348403211401855,0.62851986452893
It looks better,neither,0.03750443996234402,0.3310463589107845,0.6314492011268714
watching both streams side by side,neither,0.03339685875520836,0.40881326607109814,0.5577898751736936
you need to mess with the webcam settings too,neither,0.04754381535166165,0.39899082699296357,0.5534653576553749
my cpu is average for gaming,neither,0.03058424486485448,0.3731012730670183,0.5963144820681273
Looks good,neither,0.038457139233778734,0.330718681944739,0.6308241788214823
@Ninja did you pick the high quality preset for the nvenc? If not might want to try if that runs smoothly was well,neither,0.026698867836212285,0.38932122637909294,0.5839799057846947
hexa core,neither,0.03945320844208391,0.33037608806864915,0.630170703489267
so choppy,offensive_language,0.039501631330860744,0.48329170807269783,0.4772066605964413
@idevon_ lol,neither,0.020706217963973744,0.4882283491876925,0.4910654328483337
Jesus looks so much better,neither,0.0357032441154568,0.37513761341308854,0.5891591424714546
Wow stream is so much smoother!,neither,0.04264785001433619,0.36949897854552616,0.5878531714401375
!multi,neither,0.03945320844208391,0.33037608806864915,0.630170703489267
multistre.am/ninja/drlupo,neither,0.03922850912367564,0.33045337246797235,0.630318118408352
8700k is 6 cores right?,neither,0.05541980859000374,0.3611548516377645,0.5834253397722318
@Ninja Do you still enjoy playing fortnite or does playing just feel like work?,neither,0.04121484922606352,0.45681526686872836,0.501969883905208
yo,offensive_language,0.04010381111145228,0.5271105317972344,0.4327856570913131
LOL,neither,0.020706217963973744,0.4882283491876925,0.4910654328483337
@ninja i7-8700k is 6 cores 12 threads so it can handle gaming and streaming at same time,neither,0.04184042201222346,0.35538976399577915,0.6027698139919975
Looks great for,neither,0.031073708272004473,0.2725665486214249,0.6963597431065707
Nice.,neither,0.03945320844208391,0.33037608806864915,0.630170703489267
woah. I leave for 10 min and viewer count drops by half??! why tho,neither,0.028878072217050594,0.3274736235274051,0.6436483042555443
middraPog middraPog middraPog,neither,0.03945320844208391,0.33037608806864915,0.630170703489267
kingrichSalt kingrichSalt kingrichSalt kingrichSalt,neither,0.03945320844208391,0.33037608806864915,0.630170703489267
@Tes7ifyy facts streams flawlessly,neither,0.03945320844208391,0.33037608806864915,0.630170703489267
"@Tes7ifyy That's their marketing, but really you don't wanna do that.",neither,0.04271818880205775,0.43360546497406743,0.5236763462238748
@Ninja some games do you more then 4 cores and they benefit from 8_ cores,neither,0.04664678049078657,0.3200122161576237,0.6333410033515897
Reset stream,neither,0.03945320844208391,0.33037608806864915,0.630170703489267
@sirdimetrious PogChamp vig fan from D1,neither,0.040437206296610975,0.31367507644756076,0.6458877172558284
@twixzftw restarted stream,neither,0.03945320844208391,0.33037608806864915,0.630170703489267
first time ever subbing dude you deserve it keep killing it,neither,0.046672525930292266,0.3709000795951318,0.582427394474576
ninjaCreep,neither,0.03945320844208391,0.33037608806864915,0.630170703489267
restarted stream bud @twixzftw,neither,0.03945320844208391,0.33037608806864915,0.630170703489267
Stream is like amazing am I dreaming,neither,0.05394817534638469,0.3395150231239868,0.6065368015296285
!giveaway,neither,0.03945320844208391,0.33037608806864915,0.630170703489267
Enter to win Ninja's NVIDIA GeForce GTX 1080 Ti: http://vast.mx/N1080GA,neither,0.04092784625813505,0.2670265186141016,0.6920456351277633
@twixzftw restarted,neither,0.03945320844208391,0.33037608806864915,0.630170703489267
big*,neither,0.013558625667907201,0.4542814836427737,0.532159890689319
ninja have a 1080 not an 1080 ti ninjaCRINJA ninjaCRINJA ninjaCRINJA ninjaCRINJA,neither,0.03820856376282381,0.3373569468360079,0.6244344894011682
subbed finally!!!,neither,0.03945320844208391,0.33037608806864915,0.630170703489267
or we missed you,neither,0.0605380246731797,0.3928821776458581,0.5465797976809622
PokGarchomp KappaHD,neither,0.03945320844208391,0.33037608806864915,0.630170703489267
@Ninja webcam looks better,neither,0.03945320844208391,0.33037608806864915,0.630170703489267
ninjaAdore ninjaAdore,neither,0.03945320844208391,0.33037608806864915,0.630170703489267
Can we fix multi to be with richard?,neither,0.0360263911623052,0.3545776969615621,0.6093959118761327
refresh,neither,0.03945320844208391,0.33037608806864915,0.630170703489267
LOL,neither,0.020706217963973744,0.4882283491876925,0.4910654328483337
Stream is still lagging for me,neither,0.03421098966118595,0.3458612325333222,0.6199277778054918
ninjaLaunch,neither,0.03945320844208391,0.33037608806864915,0.630170703489267
My name IS TEXA OHHHHHHHHH Kappa,neither,0.03491071454412051,0.409768164985282,0.5553211204705976
Ninja's looks goo dnow,neither,0.03945320844208391,0.33037608806864915,0.630170703489267
First time subbbb!!!!!,neither,0.027434522373131622,0.3652521098570289,0.6073133677698395
Ah,neither,0.03945320844208391,0.33037608806864915,0.630170703489267
ninjaBlast ninjaBlasted ninjaBlasted ninjaBlasted,neither,0.03945320844208391,0.33037608806864915,0.630170703489267
PokSceptile,neither,0.03945320844208391,0.33037608806864915,0.630170703489267
LOL,neither,0.020706217963973744,0.4882283491876925,0.4910654328483337
Gitttttt,neither,0.03945320844208391,0.33037608806864915,0.630170703489267
"get all of richards setting, contrast looks blown out over here. his is much cleaner tbh",neither,0.07247021119621914,0.35859053892516146,0.5689392498786193
ninjaBlast ninjaBlasted ninjaSplode4,neither,0.03945320844208391,0.33037608806864915,0.630170703489267
Good one @Ninja,neither,0.037822392031650796,0.3653185830725078,0.5968590248958413
🙂,neither,0.03945320844208391,0.33037608806864915,0.630170703489267
ninjaBlast ninjaBlasted ninjaBlasted ninjaBlasted ninjaBlasted ninjaBlasted ninjaBlasted ninjaBlasted ninjaBlasted ninjaBlasted ninjaBlasted ninjaBlasted ninjaBlasted ninjaBlasted ninjaBlasted ninjaBlasted ninjaBlasted ninjaBlasted ninjaBlasted,neither,0.03945320844208391,0.33037608806864915,0.630170703489267
ninjaBlast ninjaBlasted,neither,0.03945320844208391,0.33037608806864915,0.630170703489267
!wins,neither,0.03945320844208391,0.33037608806864915,0.630170703489267
"4 Solo (19, 20, 15, 22 Kills) 8 Duo (11, 19, 5, 16, 9, 17, 17, 10 Kills) ninjaPonW",neither,0.03945320844208391,0.33037608806864915,0.630170703489267
I think my sub got lost when he was messing with stream lol,neither,0.021377227355858154,0.47797251900339843,0.5006502536407434
@AmusedTV Think its on your end bud,neither,0.05606163877274226,0.32997058001481283,0.6139677812124449
👍👍👍,neither,0.03945320844208391,0.33037608806864915,0.630170703489267
i think they really made that pickaxe for ninja,neither,0.03191713334887348,0.33239712228938606,0.6356857443617404
!giveaway,neither,0.03945320844208391,0.33037608806864915,0.630170703489267
Enter to win Ninja's NVIDIA GeForce GTX 1080 Ti: http://vast.mx/N1080GA,neither,0.04092784625813505,0.2670265186141016,0.6920456351277633
ninjaBlast ninjaBlasted ninjaBlasted ninjaBlasted ninjaBlasted ninjaBlasted ninjaBlasted iamt0nChamp,neither,0.03945320844208391,0.33037608806864915,0.630170703489267
ninjaBlast ninjaBlasted ninjaBlasted ninjaBlasted ninjaSplode4 ninjaBits,neither,0.03945320844208391,0.33037608806864915,0.630170703489267
ninjaBlasted ninjaBlasted ninjaBlasted ninjaBlasted ninjaBlasted ninjaBlast ninjaBlast ninjaBlast ninjaBlast,neither,0.03945320844208391,0.33037608806864915,0.630170703489267
ninjaBits ninjaBits ninjaBits ninjaBits ninjaBits ninjaBits,neither,0.03945320844208391,0.33037608806864915,0.630170703489267
ninjaBlast ninjaBlasted,neither,0.03945320844208391,0.33037608806864915,0.630170703489267
1k sub train wooo,neither,0.03945320844208391,0.33037608806864915,0.630170703489267
smooth as a foreskin @Ninja,neither,0.03802771925354134,0.3545703598285481,0.6074019209179105
Lit,neither,0.03945320844208391,0.33037608806864915,0.630170703489267
How does the 2v2 tournament work on console?,neither,0.027758958850975627,0.41772669386592437,0.5545143472830999
ninjaFood,neither,0.03945320844208391,0.33037608806864915,0.630170703489267
8700k is 6 core yes,neither,0.04826228349420421,0.3273462432127808,0.624391473293015
!uptime,neither,0.03945320844208391,0.33037608806864915,0.630170703489267
Ninja has been streaming for 4 minutes 45 seconds,neither,0.035984600059225234,0.31206755396997676,0.6519478459707979
Bob and Tom joke!,neither,0.038750317547572716,0.2952357131811723,0.6660139692712551
600fps lol,neither,0.020706217963973744,0.4882283491876925,0.4910654328483337
ninjaTooth ninjaClap together??,neither,0.03945320844208391,0.33037608806864915,0.630170703489267
ninjaBlast ninjaBlasted ninjaBlasted ninjaBlasted ninjaBlasted ninjaBlasted ninjaBlasted ninjaBlasted ninjaBlasted ninjaBlasted kingrichPorg,neither,0.03945320844208391,0.33037608806864915,0.630170703489267
Love that Ditkins Cyder Buddy...,neither,0.03161789173402105,0.3968630566524054,0.5715190516135736
Ninjas quality is way better.,neither,0.04793963565734671,0.3283436592740296,0.6237167050686236
How long had ninj been streaming,neither,0.038996219929739624,0.3333221152059359,0.6276816648643244
ninjaCreep,neither,0.03945320844208391,0.33037608806864915,0.630170703489267
stream looks way better,neither,0.03954369468866719,0.33113380824783517,0.6293224970634976
ninjaBlast ninjaBlasted ninjaSplode4,neither,0.03945320844208391,0.33037608806864915,0.630170703489267
ninjaBlast ninjaBlasted ninjaBlasted ninjaBlasted ninjaBlasted ninjaBlasted ninjaSplode3 ninjaSplode4,neither,0.03945320844208391,0.33037608806864915,0.630170703489267
ninjaBlast ninjaBlasted ninjaBlasted ninjaBlasted ninjaBlasted ninjaBlasted ninjaBlasted ninjaBlasted ninjaBlasted ninjaCRINJA ninjaCRINJA,neither,0.03945320844208391,0.33037608806864915,0.630170703489267
ninjaAmazing ninjaAmazing ninjaAmazing ninjaAmazing ninjaAmazing ninjaAmazing ninjaAmazing ninjaAmazing ninjaAmazing ninjaAmazing ninjaAmazing ninjaAmazing ninjaAmazing ninjaAmazing ninjaAmazing ninjaAmazing ninjaAmazing ninjaAmazing ninjaAmazing ninjaAmazing ninjaAmazing ninjaAmazing ninjaAmazing ninjaAmazing ninjaAmazing ninjaAmazing ninjaAmazing ninjaAmazing ninjaAmazing,neither,0.03945320844208391,0.33037608806864915,0.630170703489267
SubTrain,neither,0.03945320844208391,0.33037608806864915,0.630170703489267
!record,neither,0.03945320844208391,0.33037608806864915,0.630170703489267
"On Saturday, December 2nd, 2017 the sub train lasted 1343 consecutive subscribers. Ninja finally had to end it himself to sleep. ninjaTooth",neither,0.04259995270520956,0.3262063029873407,0.6311937443074497
ninjaBlast ninjaBlasted ninjaBlasted ninjaBlasted ninjaBlasted ninjaSplode3 ninjaSplode4,neither,0.03945320844208391,0.33037608806864915,0.630170703489267
ninjaIQ ninjaIQ,neither,0.03945320844208391,0.33037608806864915,0.630170703489267
ninjaBlast ninjaBlasted,neither,0.03945320844208391,0.33037608806864915,0.630170703489267
How do you join a 2v2 tourney on ps4?,neither,0.0519261016539637,0.38218260211657534,0.5658912962294609
PowerUpL ninjaPon PowerUpR,neither,0.03945320844208391,0.33037608806864915,0.630170703489267
ninjaBlast ninjaBlasted RuleFive,neither,0.03945320844208391,0.33037608806864915,0.630170703489267
Berry Mcockiner,neither,0.03945320844208391,0.33037608806864915,0.630170703489267
Subbbbbbbbbbbbb train n,neither,0.03945320844208391,0.33037608806864915,0.630170703489267
ninjaK ninjaRose ninjaK ninjaRose ninjaK ninjaRose,neither,0.03945320844208391,0.33037608806864915,0.630170703489267
ninjaBlast ninjaBlasted ninjaSplode3,neither,0.03945320844208391,0.33037608806864915,0.630170703489267
STREAM LOOKS GREAT!!!,neither,0.03768530264764384,0.3068888846595052,0.655425812692851
!wins,neither,0.03945320844208391,0.33037608806864915,0.630170703489267
"4 Solo (19, 20, 15, 22 Kills) 8 Duo (11, 19, 5, 16, 9, 17, 17, 10 Kills) ninjaPonW",neither,0.03945320844208391,0.33037608806864915,0.630170703489267
it does look better,neither,0.02428304097523922,0.4754688514438641,0.5002481075808968
its betta,neither,0.032093585665477466,0.3329073998214609,0.6349990145130616
Blackbear 👌,neither,0.03945320844208391,0.33037608806864915,0.630170703489267
lmao,neither,0.03705015143476208,0.3711622369619404,0.5917876116032975
i mean if im honest it looks the same just smoother,neither,0.02259854241245941,0.40477390486619974,0.5726275527213408
"@mjrausch runnin an 8700k with a 1070 and gig internet, everything else runs flawless, but tonight is the first time ninjas has lagged for me",neither,0.02646678772394213,0.3254085958040963,0.6481246164719616
soooo much betta,neither,0.035767522819509685,0.33164376436358733,0.6325887128169029
It is,neither,0.059603583318096655,0.32344545014120724,0.616950966540696
!subtrain,neither,0.03945320844208391,0.33037608806864915,0.630170703489267
cheer500,neither,0.03945320844208391,0.33037608806864915,0.630170703489267
Much better,neither,0.033464116335600605,0.3324360114774959,0.6340998721869036
It actually looks better,neither,0.03788309998387001,0.3309161203656983,0.6312007796504318
"Ninja: ""this guy cant tell me shit bout my stream""",offensive_language,0.03468346749893255,0.9468978975767667,0.018418634924300768
Can i end my current sub and sub with prime @Ninja,neither,0.028531175825764202,0.36769346266387315,0.6037753615103626
"Seriously bro, it looks better 100%",neither,0.038268050737114825,0.3307837181495087,0.6309482311133766
@idevon_ they did. He tweeted something about loving all the skins and wishing they’d release more even a plunger would work. So they put a ninja sword through a plunger,neither,0.04076430772268559,0.3598678309069235,0.599367861370391
guys stop trolling him or hes going to keep it this way,neither,0.04129832095591808,0.39693569046129,0.5617659885827919
@ninja just watched your twitch prime sellout video on youtube and got it for myself! Thanks i never knew about this,neither,0.041480406655174135,0.313533215402677,0.644986377942149
does it?,offensive_language,0.01852575467745578,0.5160735446717833,0.4654007006507609
we aint lying its better,neither,0.03446152696618562,0.40925497018645884,0.5562835028473555
I can actually read the sub train count.... so yeah it's better :P,neither,0.028050069737242677,0.4126103177760908,0.5593396124866666
ninjaClap ninjaClap ninjaClap,neither,0.03945320844208391,0.33037608806864915,0.630170703489267
The fact ninja listens to blackbear is OP,neither,0.05130508440396653,0.311870651734652,0.6368242638613815
it actually is better this way,neither,0.046425866145599626,0.3305402977162637,0.6230338361381367
"Still an occasional frame drop, but not as bad as before",neither,0.03464472214832631,0.42309822128505464,0.542257056566619
cam froze a bit.,neither,0.03945320844208391,0.33037608806864915,0.630170703489267
ninjaLaser ninjaLaser ninjaLaser ninjaLaser,neither,0.03945320844208391,0.33037608806864915,0.630170703489267
!sens,neither,0.03945320844208391,0.33037608806864915,0.630170703489267
shooting test right now is good\,neither,0.044850915649020474,0.34387591149015434,0.6112731728608253
"legit looks a ton better, thanks KingRichard",neither,0.0378643634127721,0.31707130434993297,0.6450643322372949
Crispy!!!,neither,0.03945320844208391,0.33037608806864915,0.630170703489267
it's not dropping frames,neither,0.036218952970020056,0.3369190488033584,0.6268619982266215
@ohhsnapaginger ohhsnaCStory,neither,0.03945320844208391,0.33037608806864915,0.630170703489267
I actually do think it looks really good now,neither,0.039315745081390595,0.32287925090549263,0.6378050040131167
How do you join a tourney on ps4?,neither,0.0519261016539637,0.38218260211657534,0.5658912962294609
!dp,neither,0.03945320844208391,0.33037608806864915,0.630170703489267
@FBraz11 but it does look good.,neither,0.021889740855606684,0.47894673708645774,0.4991635220579356
Im subbed!!!,neither,0.03851573713138852,0.3659471027577181,0.5955371601108934
Nice skin German squad🤙🤙,neither,0.03945320844208391,0.33037608806864915,0.630170703489267
!prime,neither,0.03945320844208391,0.33037608806864915,0.630170703489267
,neither,0.03945320844208391,0.33037608806864915,0.630170703489267
!doublepump,neither,0.03945320844208391,0.33037608806864915,0.630170703489267
!keyboard,neither,0.03945320844208391,0.33037608806864915,0.630170703489267
Jebaited https://goo.gl/82b3iX,neither,0.03945320844208391,0.33037608806864915,0.630170703489267
Ninja uses the Corsair K70 RAPIDFIRE https://goo.gl/9YfLA3,neither,0.03866787301590295,0.31605508403019134,0.6452770429539058
!fortnite,neither,0.03945320844208391,0.33037608806864915,0.630170703489267
Graphics - https://goo.gl/tBr6Nw | Keybinds U & O are mapped to Mouse 4 & 5 | Sens .07 - https://goo.gl/1Zv8vA | DPI 800,neither,0.05940825338327743,0.3001685827088225,0.6404231639079
Holy Frames,neither,0.03945320844208391,0.33037608806864915,0.630170703489267
beardgodfatal ohhsnaCStory,neither,0.03945320844208391,0.33037608806864915,0.630170703489267
Why does Ninjas voice sound weird in Rich’s stream???,neither,0.0243432452330482,0.42555575481503066,0.5501009999519212
the smoother the fps the more accurate it should be,neither,0.047767177382089854,0.3098792467438386,0.6423535758740715
Yeah this is for sure better than KingRichards,offensive_language,0.022636755907647344,0.4947387077001822,0.48262453639217057
cheer100 cheer100 cheer100 cheer100,neither,0.03945320844208391,0.33037608806864915,0.630170703489267
looks way better,neither,0.03957835416971998,0.33142404227991695,0.6289976035503629
12.99,neither,0.03945320844208391,0.33037608806864915,0.630170703489267
$12.99,neither,0.03945320844208391,0.33037608806864915,0.630170703489267
ninjaBlast ninjaBlasted ninjaBlasted ninjaBlasted ninjaBlasted ninjaCreep,neither,0.03945320844208391,0.33037608806864915,0.630170703489267
@ohhsnapaginger how’re you Bff,neither,0.08323295151854121,0.3458796271745022,0.5708874213069566
ninjaShrug,neither,0.03945320844208391,0.33037608806864915,0.630170703489267
"cheer100 cheer100 cheer100 picture is a touch clearer, a touch brighter, legit better than it was. and the web cam is no longer skipping.",neither,0.043895173279634124,0.31556608353751736,0.6405387431828485
damn that aim,offensive_language,0.04102023355929124,0.8442422042424627,0.11473756219824614
didnt miss one lol,neither,0.025319805610209828,0.42208106424295777,0.5525991301468324
poor guy,neither,0.03887600301430372,0.3401727705642077,0.6209512264214887
where yo JUG AT,neither,0.041638849868177695,0.4312531562624088,0.5271079938694135
im runninng a 8700k liquid cool cpu with a 1080ti,neither,0.029113948569880654,0.3928964637809987,0.5779895876491207
First time sub!,neither,0.030818499977323666,0.3544171916121627,0.6147643084105137
CHUG THAT JUGG BOI,neither,0.03960366912369334,0.16766898638037497,0.7927273444959317
ninjaCRINJA ninjaCRINJA ninjaCRINJA ninjaCRINJA ninjaCRINJA,neither,0.03945320844208391,0.33037608806864915,0.630170703489267
Nice.,neither,0.03945320844208391,0.33037608806864915,0.630170703489267
where yo JUG at,neither,0.041638849868177695,0.4312531562624088,0.5271079938694135
kingruchChug,neither,0.03945320844208391,0.33037608806864915,0.630170703489267
eh reh reh reh reh rhe reh,neither,0.03945320844208391,0.33037608806864915,0.630170703489267
1000000000000000 times better,neither,0.03945320844208391,0.33037608806864915,0.630170703489267
yo fr tho it looks better,neither,0.03494257453042643,0.40075405989868074,0.5643033655708928
blue tac up their,neither,0.03616552815421229,0.3980156699542571,0.5658188018915306
ninjaTooth ninjaTooth ninjaTooth ninjaTooth ninjaTooth,neither,0.03945320844208391,0.33037608806864915,0.630170703489267
sip that chugger brother over yonder,neither,0.03331985470546853,0.37047068697059776,0.5962094583239337
ninjaCRINJA ninjaCRINJA ninjaCRINJA ninjaCRINJA ninjaCRINJA ninjaCRINJA,neither,0.03945320844208391,0.33037608806864915,0.630170703489267
!prime,neither,0.03945320844208391,0.33037608806864915,0.630170703489267
dang. gg all. g'night,neither,0.029600883545214347,0.46884798313413123,0.5015511333206544
,neither,0.03945320844208391,0.33037608806864915,0.630170703489267
kingrichChug kingrichChug kingrichChug kingrichChug kingrichChug kingrichChug kingrichChug kingrichChug kingrichChug kingrichChug kingrichChug kingrichChug kingrichChug,neither,0.03945320844208391,0.33037608806864915,0.630170703489267
kingrichChug kingrichChug kingrichChug kingrichChug,neither,0.03945320844208391,0.33037608806864915,0.630170703489267
ninjaCreep ninjaCreep ninjaCreep ninjaCreep,neither,0.03945320844208391,0.33037608806864915,0.630170703489267
where yo JUG at,neither,0.041638849868177695,0.4312531562624088,0.5271079938694135
ninjaCRINJA ninjaCRINJA ninjaCRINJA ninjaCRINJA ninjaCRINJA ninjaCRINJA ninjaCRINJA ninjaCRINJA,neither,0.03945320844208391,0.33037608806864915,0.630170703489267
Where's you pluggggg atttt,neither,0.09610279237688409,0.3720772157281413,0.5318199918949746
stream quality is so good,neither,0.0456160461290661,0.36591155185514984,0.5884724020157841
it still skips from time to time,neither,0.04221933363535805,0.36143693825074746,0.5963437281138946
cam skipped as you read that dono,neither,0.04596381509603132,0.4213152840859604,0.5327209008180083
webcam froze for a second there,neither,0.03423849113082007,0.2689200287655553,0.6968414801036246
ninjaBlast ninjaBlasted ninjaBlasted ninjaBlasted,neither,0.03945320844208391,0.33037608806864915,0.630170703489267
ninjaCreep ninjaCreep ninjaCreep ninjaCreep ninjaCreep,neither,0.03945320844208391,0.33037608806864915,0.630170703489267
I want a chug jug emoticons,neither,0.04275295304105187,0.1539325604481256,0.8033144865108227
"Right as you said webcam is not skipped, it just skipped",neither,0.04577179171778785,0.3944585967750386,0.5597696115071736
Ninja how you feel about the crossbow so far?,neither,0.0480357884400792,0.3990826990418608,0.55288151251806
ninjaAmazing ninjaAmazing ninjaAmazing ninjaAmazing ninjaAmazing ninjaAmazing ninjaAmazing ninjaAmazing ninjaAmazing ninjaAmazing ninjaAmazing ninjaAmazing ninjaAmazing ninjaAmazing ninjaAmazing,neither,0.03945320844208391,0.33037608806864915,0.630170703489267
