text,top_class,hate_speech,offensive_language,neither
ninjaCry ninjaCry ninjaCry ninjaCry ninjaCry ninjaCry ninjaCry ninjaCry ninjaCry ninjaCry ninjaCry ninjaCry ninjaCry ninjaCry ninjaCry,neither,0.03945320844208391,0.33037608806864915,0.630170703489267
ninjaSplat ninjaSplat ninjaSplat ninjaSplat ninjaSplat,neither,0.03945320844208391,0.33037608806864915,0.630170703489267
ninjaCry ninjaS ninjaCry ninjaS ninjaCry ninjaS ninjaCry ninjaS ninjaCry ninjaS,neither,0.03945320844208391,0.33037608806864915,0.630170703489267
ninjaBlank ninjaGold ninjaBlast1 ninjaH,neither,0.03945320844208391,0.33037608806864915,0.630170703489267
ninjaCreep ninjaCreep ninjaCreep ninjaCreep ninjaCreep ninjaCreep ninjaCreep ninjaCreep ninjaCreep ninjaCreep ninjaCreep ninjaCreep ninjaCreep ninjaCreep ninjaCreep ninjaCreep ninjaCreep ninjaCreep ninjaCreep ninjaCreep ninjaCreep ninjaCreep ninjaCreep,neither,0.03945320844208391,0.33037608806864915,0.630170703489267
ninjaCreep ninjaCreep ninjaCreep ninjaCreep ninjaCreep,neither,0.03945320844208391,0.33037608806864915,0.630170703489267
ninjaAim ninjaAim ninjaAim ninjaAim ninjaAim,neither,0.03945320844208391,0.33037608806864915,0.630170703489267
ninjaBlind ninjaBlind ninjaBlind,neither,0.03945320844208391,0.33037608806864915,0.630170703489267
REFRESH,neither,0.03945320844208391,0.33037608806864915,0.630170703489267
REFRESHREFRESH,neither,0.03945320844208391,0.33037608806864915,0.630170703489267
KappaHD,neither,0.03945320844208391,0.33037608806864915,0.630170703489267
REFRESH,neither,0.03945320844208391,0.33037608806864915,0.630170703489267
REFRESH,neither,0.03945320844208391,0.33037608806864915,0.630170703489267
REFRESH,neither,0.03945320844208391,0.33037608806864915,0.630170703489267
ninjaSplode ninjaSplode ninjaSplode ninjaSplode ninjaSplode ninjaSplode ninjaSplode ninjaSplode ninjaSplode ninjaSplode ninjaSplode ninjaSplode ninjaSplode ninjaSplode ninjaSplode ninjaSplode ninjaSplode ninjaSplode ninjaSplode ninjaSplode ninjaSplode ninjaSplode ninjaSplode ninjaSplode,neither,0.03945320844208391,0.33037608806864915,0.630170703489267
REFRESH,neither,0.03945320844208391,0.33037608806864915,0.630170703489267
REFRESH,neither,0.03945320844208391,0.33037608806864915,0.630170703489267
REFRESH,neither,0.03945320844208391,0.33037608806864915,0.630170703489267
PogChamp PogChamp PogChamp PogChamp PogChamp PogChamp PogChamp PogChamp,neither,0.03945320844208391,0.33037608806864915,0.630170703489267
ninjaCreep ninjaCreep ninjaCreep ninjaCreep ninjaCreep ninjaCreep ninjaCreep,neither,0.03945320844208391,0.33037608806864915,0.630170703489267
CrreamAwk TwitchRPG Squid1 FBaway FBhome FBaway FBhome,neither,0.03945320844208391,0.33037608806864915,0.630170703489267
ninjaCreep ninjaCreep ninjaCreep ninjaCreep ninjaCreep ninjaCreep ninjaCreep,neither,0.03945320844208391,0.33037608806864915,0.630170703489267
krenchBombay krenchBombay krenchBombay krenchBombay,neither,0.03945320844208391,0.33037608806864915,0.630170703489267
ninjaFan ninjaFan ninjaFan ninjaFan ninjaFan ninjaFan ninjaFan ninjaFan ninjaFan ninjaFan,neither,0.03945320844208391,0.33037608806864915,0.630170703489267
TPcrunchyroll,neither,0.03945320844208391,0.33037608806864915,0.630170703489267
ninjaCreep ninjaCreep ninjaCreep ninjaCreep,neither,0.03945320844208391,0.33037608806864915,0.630170703489267
ninjaIQ ninjaIQ ninjaIQ ninjaIQ ninjaIQ ninjaIQ ninjaIQ ninjaIQ ninjaIQ ninjaIQ ninjaIQ,neither,0.03945320844208391,0.33037608806864915,0.630170703489267
ninjaCreep ninjaCreep ninjaCreep ninjaCreep ninjaCreep ninjaCreep ninjaCreep ninjaCreep ninjaCreep ninjaCreep ninjaCreep ninjaCreep,neither,0.03945320844208391,0.33037608806864915,0.630170703489267
ninjaClap ninjaClap ninjaClap ninjaClap ninjaClap ninjaClap ninjaClap ninjaClap ninjaClap ninjaClap ninjaClap,neither,0.03945320844208391,0.33037608806864915,0.630170703489267
ninjaThirst,neither,0.03945320844208391,0.33037608806864915,0.630170703489267
PogChamp PogChamp PogChamp PogChamp PogChamp PogChamp PogChamp PogChamp PogChamp PogChamp PogChamp PogChamp PogChamp PogChamp,neither,0.03945320844208391,0.33037608806864915,0.630170703489267
ninjaCRINJA ninjaCRINJA ninjaCRINJA ninjaCRINJA ninjaCRINJA,neither,0.03945320844208391,0.33037608806864915,0.630170703489267
ninjaPon ninjaPon ninjaPon ninjaPon ninjaPon ninjaPon,neither,0.03945320844208391,0.33037608806864915,0.630170703489267
ninjaPon,neither,0.03945320844208391,0.33037608806864915,0.630170703489267
ninjaClap ninjaClap ninjaClap ninjaClap ninjaClap,neither,0.03945320844208391,0.33037608806864915,0.630170703489267
ninjaCreep ninjaCreep ninjaCreep ninjaCreep ninjaCreep ninjaCreep ninjaCreep ninjaCreep,neither,0.03945320844208391,0.33037608806864915,0.630170703489267
ninjaBlast1 ninjaBlast2 ninjaBlast3,neither,0.03945320844208391,0.33037608806864915,0.630170703489267
ninjaHyper ninjaHyperr,neither,0.03945320844208391,0.33037608806864915,0.630170703489267
ninjaHype ninjaHype ninjaHype ninjaHype ninjaHype ninjaHype ninjaHype ninjaHype ninjaHype ninjaHype,neither,0.03945320844208391,0.33037608806864915,0.630170703489267
ninjaHi ninjaHi ninjaHi ninjaHi ninjaHi ninjaHi ninjaHi ninjaHi ninjaHi ninjaHi ninjaHi,neither,0.03945320844208391,0.33037608806864915,0.630170703489267
ninjaAww ninjaAww ninjaAww,neither,0.03945320844208391,0.33037608806864915,0.630170703489267
ninjaThrow ninjaStars ninjaStars ninjaStars ninjaStars ninjaStars ninjaStars,neither,0.03945320844208391,0.33037608806864915,0.630170703489267
ninjaAmazing ninjaAmazing ninjaAmazing ninjaAmazing ninjaAmazing ninjaAmazing ninjaAmazing ninjaAmazing ninjaAmazing ninjaAmazing ninjaAmazing,neither,0.03945320844208391,0.33037608806864915,0.630170703489267
ninjaCreep ninjaCreep ninjaCreep ninjaCreep ninjaCreep ninjaCreep ninjaCreep ninjaCreep,neither,0.03945320844208391,0.33037608806864915,0.630170703489267
ninjaHype ninjaHype,neither,0.03945320844208391,0.33037608806864915,0.630170703489267
PogChamp PogChamp PogChamp PogChamp PogChamp PogChamp PogChamp PogChamp PogChamp,neither,0.03945320844208391,0.33037608806864915,0.630170703489267
ninjaCreep ninjaCreep ninjaCreep ninjaCreep,neither,0.03945320844208391,0.33037608806864915,0.630170703489267
ninjaIQ ninjaIQ ninjaIQ ninjaIQ ninjaIQ ninjaIQ ninjaIQ ninjaIQ ninjaIQ ninjaIQ ninjaIQ ninjaIQ ninjaIQ ninjaIQ ninjaIQ ninjaIQ ninjaIQ ninjaIQ ninjaIQ,neither,0.03945320844208391,0.33037608806864915,0.630170703489267
PokPikachu PokPikachu PokPikachu PokPikachu PokPikachu PokPikachu PokPikachu PokPikachu PokPikachu PokPikachu PokPikachu PokPikachu PokPikachu PokPikachu PokPikachu PokPikachu PokPikachu PokPikachu PokPikachu PokPikachu PokPikachu PokPikachu PokPikachu PokPikachu,neither,0.03945320844208391,0.33037608806864915,0.630170703489267
PogChamp,neither,0.03945320844208391,0.33037608806864915,0.630170703489267
ninjaH LUL ninjaCRINJA ninjaCRINJA ninjaH ninjaH LUL ninjaCRINJA,neither,0.03945320844208391,0.33037608806864915,0.630170703489267
ninjaGold ninjaGold ninjaGold ninjaGold ninjaGold ninjaGold ninjaGold ninjaGold,neither,0.03945320844208391,0.33037608806864915,0.630170703489267
ninjaClap ninjaClap ninjaClap ninjaClap ninjaClap ninjaClap ninjaClap ninjaClap ninjaClap,neither,0.03945320844208391,0.33037608806864915,0.630170703489267
ninjaClap ninjaClap ninjaClap ninjaClap ninjaClap,neither,0.03945320844208391,0.33037608806864915,0.630170703489267
ninjaThrow ninjaStars,neither,0.03945320844208391,0.33037608806864915,0.630170703489267
ninjaThirst ninjaThirst ninjaThirst ninjaThirst,neither,0.03945320844208391,0.33037608806864915,0.630170703489267
ninjaPopcorn ninjaPopcorn ninjaPopcorn ninjaPopcorn ninjaPopcorn,neither,0.03945320844208391,0.33037608806864915,0.630170703489267
rip 1470 subtrain,neither,0.03945320844208391,0.33037608806864915,0.630170703489267
ninjaCRINJA ninjaCRINJA ninjaCRINJA ninjaCRINJA ninjaCRINJA ninjaCRINJA ninjaCRINJA ninjaCRINJA ninjaCRINJA ninjaCRINJA ninjaCRINJA ninjaCRINJA ninjaCRINJA ninjaCRINJA ninjaCRINJA ninjaCRINJA ninjaCRINJA ninjaCRINJA ninjaCRINJA ninjaCRINJA,neither,0.03945320844208391,0.33037608806864915,0.630170703489267
FREEDOM Kreygasm FREEDOM Kreygasm FREEDOM Kreygasm FREEDOM Kreygasm FREEDOM Kreygasm,neither,0.03945320844208391,0.33037608806864915,0.630170703489267
alextrollHype alextrollHype alextrollHype alextrollHype,neither,0.03945320844208391,0.33037608806864915,0.630170703489267
ninjaHype ninjaHype ninjaHype ninjaHype ninjaHype ninjaHype ninjaHype ninjaHype ninjaHype,neither,0.03945320844208391,0.33037608806864915,0.630170703489267
refresh,neither,0.03945320844208391,0.33037608806864915,0.630170703489267
What happened,neither,0.04722295797655572,0.3248777811305592,0.6278992608928851
ninjaBlast1 ninjaBlast2 ninjaBlast3 ninjaSplode,neither,0.03945320844208391,0.33037608806864915,0.630170703489267
There's a 6 in 1 million chance someone you meet IRL is a a fellow Ninja,neither,0.052954525759161514,0.32782476766506174,0.6192207065757768
what happened,neither,0.04722295797655572,0.3248777811305592,0.6278992608928851
ninjaBlast1 ninjaBlast2 ninjaBlast3 ninjaBlank ninjaSplode ninjaBlood,neither,0.03945320844208391,0.33037608806864915,0.630170703489267
!uptime,neither,0.03945320844208391,0.33037608806864915,0.630170703489267
WE BACK,neither,0.039166053543719236,0.33524985610846453,0.6255840903478163
ninjaHyperr ninjaHyper ninjaHyper ninjaHyperr,neither,0.03945320844208391,0.33037608806864915,0.630170703489267
we back fam,neither,0.03926066908394096,0.3336439834640184,0.6270953474520407
Ninja has been streaming for 1 minute 4 seconds,neither,0.03567051572732699,0.31040734143031035,0.6539221428423627
shoot the deagle,neither,0.07500639884013577,0.20060532557347172,0.7243882755863925
ninjaClap ninjaClap ninjaClap ninjaClap ninjaClap ninjaClap ninjaClap ninjaClap ninjaClap ninjaClap ninjaClap ninjaClap ninjaClap ninjaClap ninjaClap ninjaClap ninjaClap ninjaClap ninjaClap,neither,0.03945320844208391,0.33037608806864915,0.630170703489267
John Whick HYPE,neither,0.03945320844208391,0.33037608806864915,0.630170703489267
lol,neither,0.020706217963973744,0.4882283491876925,0.4910654328483337
AUDIO,neither,0.03945320844208391,0.33037608806864915,0.630170703489267
hes back ppf,neither,0.03945320844208391,0.33037608806864915,0.630170703489267
Squid3,neither,0.03945320844208391,0.33037608806864915,0.630170703489267
GTHEHTE,neither,0.03945320844208391,0.33037608806864915,0.630170703489267
ninjaPon ninjaPon ninjaPon ninjaBlast3 ninjaPon ninjaBlast2 ninjaBlast3 ninjaPon ninjaPon ninjaPon ninjaPon ninjaPon ninjaPon ninjaPon ninjaPon ninjaPon ninjaPon ninjaPon,neither,0.03945320844208391,0.33037608806864915,0.630170703489267
NinjaClapNinjaClapNinjaClapNinjaClapNinjaClapNinjaClap,neither,0.03945320844208391,0.33037608806864915,0.630170703489267
ninja,neither,0.03945320844208391,0.33037608806864915,0.630170703489267
when did he get off,neither,0.032742062495114306,0.3957209319923604,0.5715370055125254
you're MUTED,neither,0.21121477974974437,0.3579950148936462,0.4307902053566094
Squid1 Squid2 Squid3 Squid4,neither,0.03945320844208391,0.33037608806864915,0.630170703489267
HEE IS ONE!!!!!!,neither,0.05730171396707078,0.3927465562854808,0.5499517297474485
hello,neither,0.03945320844208391,0.33037608806864915,0.630170703489267
ninjaHyper ninjaHyper ninjaHyper ninjaHyperr,neither,0.03945320844208391,0.33037608806864915,0.630170703489267
ninjaBlast1 ninjaBlast2 ninjaBlast3 ninjaBlast3 ninjaBlast3 ninjaBlast3,neither,0.03945320844208391,0.33037608806864915,0.630170703489267
I CAN SEE,neither,0.03999935686626648,0.32110652397646294,0.6388941191572706
LMAO,neither,0.03705015143476208,0.3711622369619404,0.5917876116032975
baby long diiiiic,neither,0.03912791669108733,0.327652136825672,0.6332199464832406
YES FINALLY,neither,0.03945320844208391,0.33037608806864915,0.630170703489267
ninjaSplat ninjaSplat ninjaSplat ninjaSplat ninjaSplat ninjaSplat ninjaSplat ninjaSplat ninjaSplat ninjaSplat ninjaSplat ninjaSplat,neither,0.03945320844208391,0.33037608806864915,0.630170703489267
PogChamp,neither,0.03945320844208391,0.33037608806864915,0.630170703489267
YAAA,neither,0.03945320844208391,0.33037608806864915,0.630170703489267
LMAO,neither,0.03705015143476208,0.3711622369619404,0.5917876116032975
ninjaThrow ninjaThrow ninjaThrow ninjaThrow ninjaThrow ninjaThrow ninjaThrow ninjaThrow ninjaThrow ninjaThrow ninjaThrow,neither,0.03945320844208391,0.33037608806864915,0.630170703489267
FINALLY!,neither,0.03945320844208391,0.33037608806864915,0.630170703489267
Yooo,neither,0.03945320844208391,0.33037608806864915,0.630170703489267
I CANT HEAR ANYTHING,neither,0.03945320844208391,0.33037608806864915,0.630170703489267
what happened sir,neither,0.04505928292023587,0.3263601732427372,0.628580543837027
asyyyyyyy,neither,0.03945320844208391,0.33037608806864915,0.630170703489267
LUL,neither,0.03945320844208391,0.33037608806864915,0.630170703489267
ninjaHype ninjaHype ninjaHype ninjaHype ninjaHype ninjaHype,neither,0.03945320844208391,0.33037608806864915,0.630170703489267
Thats so amazing,neither,0.03940916614110239,0.3827680984160926,0.5778227354428049
test,neither,0.03945320844208391,0.33037608806864915,0.630170703489267
Woo,neither,0.03945320844208391,0.33037608806864915,0.630170703489267
WI BAK,neither,0.03945320844208391,0.33037608806864915,0.630170703489267
LUL,neither,0.03945320844208391,0.33037608806864915,0.630170703489267
I was going into withdrawal from lack of Ninja,neither,0.038927426050783136,0.3392999874317208,0.6217725865174961
!uptime,neither,0.03945320844208391,0.33037608806864915,0.630170703489267
WICK PogChamp,neither,0.03945320844208391,0.33037608806864915,0.630170703489267
LMFAOOOO,neither,0.03945320844208391,0.33037608806864915,0.630170703489267
what happend,neither,0.045915666119560924,0.3257693565681219,0.6283149773123172
rekt,neither,0.03945320844208391,0.33037608806864915,0.630170703489267
ONLY 3 KILLS WHAT IS THIS,neither,0.05513317937776627,0.32445229337977194,0.6204145272424618
Reeeeeeeee,neither,0.03945320844208391,0.33037608806864915,0.630170703489267
lmao,neither,0.03705015143476208,0.3711622369619404,0.5917876116032975
ninjaAmazing Hi DAD ninjaHi @Ninja,neither,0.03945320844208391,0.33037608806864915,0.630170703489267
SIT DOWN,neither,0.03945320844208391,0.33037608806864915,0.630170703489267
Yo,offensive_language,0.04010381111145228,0.5271105317972344,0.4327856570913131
I can read my message,neither,0.02834766851881837,0.41424407899364046,0.5574082524875412
omg,neither,0.03945320844208391,0.33037608806864915,0.630170703489267
Damn,offensive_language,0.042479326866149344,0.9516554255713155,0.005865247562535126
The hell was that audio :o,offensive_language,0.03719309565907996,0.704192960654269,0.25861394368665114
ninjaHi ninjaHi ninjaHi ninjaHi ninjaHi ninjaHi ninjaHi ninjaHi,neither,0.03945320844208391,0.33037608806864915,0.630170703489267
PogChamp,neither,0.03945320844208391,0.33037608806864915,0.630170703489267
wtf,offensive_language,0.04410695246022759,0.7898861884776351,0.16600685906213722
ninjaBlank,neither,0.03945320844208391,0.33037608806864915,0.630170703489267
?,neither,0.03945320844208391,0.33037608806864915,0.630170703489267
???,neither,0.03945320844208391,0.33037608806864915,0.630170703489267
PogChamp,neither,0.03945320844208391,0.33037608806864915,0.630170703489267
what,neither,0.057770773616808734,0.3180719994247239,0.6241572269584672
wtf,offensive_language,0.04410695246022759,0.7898861884776351,0.16600685906213722
stream snmiper,neither,0.03945320844208391,0.33037608806864915,0.630170703489267
ninjaAim ninjaAim ninjaAim ninjaAim ninjaAim ninjaAim,neither,0.03945320844208391,0.33037608806864915,0.630170703489267
7 year old,neither,0.03945320844208391,0.33037608806864915,0.630170703489267
@Ninja cant hear u,neither,0.03945320844208391,0.33037608806864915,0.630170703489267
Stream sniper lol,neither,0.03067274384572663,0.3948916229673822,0.5744356331868913
THESE KIDS ARE GARBO,neither,0.11827634021412697,0.37073814973921415,0.5109855100466588
lol,neither,0.020706217963973744,0.4882283491876925,0.4910654328483337
wtf,offensive_language,0.04410695246022759,0.7898861884776351,0.16600685906213722
good players Kappa,neither,0.038879600139081275,0.33057337826720606,0.6305470215937126
@Ryovash its john wick,neither,0.03409646211819332,0.3322185187662654,0.6336850191155413
What happen ?,neither,0.04747301754087288,0.32470861423304376,0.6278183682260834
whys he showing offline?,neither,0.044452592098479536,0.3286565707794648,0.6268908371220555
hes got new skin :D,neither,0.04189495473926129,0.28549830023641426,0.6726067450243245
@Ryovash from John Wick,neither,0.04041768713400279,0.3140063675779768,0.6455759452880205
ninjaHype ninjaHype ninjaHype ninjaHype ninjaHype ninjaHype ninjaHype,neither,0.03945320844208391,0.33037608806864915,0.630170703489267
welcome back mange,neither,0.03945320844208391,0.33037608806864915,0.630170703489267
!uptime,neither,0.03945320844208391,0.33037608806864915,0.630170703489267
Ninja has been streaming for 2 minutes 1 second,neither,0.03563779869258175,0.3102343951824044,0.6541278061250139
clip that bear,neither,0.035772267449892245,0.37037654968531925,0.5938511828647884
THERE WE GO,neither,0.04083933629015207,0.27628362646603744,0.6828770372438104
guys is ninja live,neither,0.0521591500440363,0.3277920797588237,0.62004877019714
theres bot in ur game thats y,neither,0.05591437131890395,0.29447875374891014,0.6496068749321859
ninja already got the skin?,neither,0.03667981336722731,0.3701713092359068,0.5931488773968658
!live,neither,0.04891340716200846,0.3271222919257548,0.6239643009122369
YES,neither,0.03945320844208391,0.33037608806864915,0.630170703489267
how did he get level 100 already??,neither,0.042465713485899205,0.3504911664778652,0.6070431200362356
yes live,neither,0.0459847558150037,0.3281295894190618,0.6258856547659345
Jesus ninja!,neither,0.03945320844208391,0.33037608806864915,0.630170703489267
ninjaHype ninjaHype ninjaHype ninjaHype,neither,0.03945320844208391,0.33037608806864915,0.630170703489267
!wins,neither,0.03945320844208391,0.33037608806864915,0.630170703489267
"9 Solo (18, 12, 12, 15, 18, 8, 9, 13, 16 Kills) 2 Duo (9, 18 Kills) 1 Random Squad (7 Kills) 1 Solo Squad (18 Kills) ninjaPonPon",neither,0.03945320844208391,0.33037608806864915,0.630170703489267
@galaxyelit3 monies,neither,0.03945320844208391,0.33037608806864915,0.630170703489267
im actually so mad that we lost the sub train,neither,0.03554782225687854,0.3995624544478333,0.5648897232952881
Warning your daily dose of Ninja can cause sporadic insanity for some patients,neither,0.04345108512879523,0.33091258265073936,0.6256363322204654
subtrain ninjaBlood,neither,0.03945320844208391,0.33037608806864915,0.630170703489267
What happened??.?,neither,0.04722295797655572,0.3248777811305592,0.6278992608928851
what song is tha?,neither,0.055547374718421284,0.3306458928813144,0.6138067324002642
Stream isn’t live on mine,neither,0.040651606372071956,0.3400108527957487,0.6193375408321794
@galaxyelit3 he bought through the tiers,neither,0.0443886184606635,0.310989873622724,0.6446215079166125
it says he offline,neither,0.04532438044625403,0.3283567227902852,0.6263188967634606
@galaxyelit3 bought everything from 50,neither,0.04043986669801289,0.3136299224926758,0.6459302108093113
holy fuck that's accurate,offensive_language,0.13773400172640138,0.8602168746671379,0.0020491236064606316
@galaxyelit3 he bought the last 50 tiers,neither,0.043674223674764374,0.3135356786909397,0.6427900976342958
for me,neither,0.01617243925086924,0.3583234659224788,0.6255040948266518
R E F R E S H,neither,0.03945320844208391,0.33037608806864915,0.630170703489267
@Ninja you downgrade OBS like Lupo suggested?,neither,0.0669969671349051,0.38868495158403865,0.5443180812810562
can you buy levels in the store?? didnt know that was possible,neither,0.06435975566086102,0.3648721920295957,0.5707680523095433
refresh,neither,0.03945320844208391,0.33037608806864915,0.630170703489267
what happened?,neither,0.04722295797655572,0.3248777811305592,0.6278992608928851
wow controller much?,neither,0.03587614091593177,0.33160640561947957,0.6325174534645887
REFRESH THE STREAM!!!!,neither,0.03868342901844291,0.31634469653961944,0.6449718744419376
"@galaxyelit3 he got tier 25 bundle, then grinded to 50 and then bought the rest of the tiers",neither,0.043161830288756066,0.3151435159679929,0.6416946537432511
watching MrBeast Video right now of you ninja. sooooooooo funny lol,neither,0.047474758965740445,0.36551692631207433,0.5870083147221853
Rip...,neither,0.03945320844208391,0.33037608806864915,0.630170703489267
oh I see,neither,0.04835874024584472,0.2477977419206779,0.7038435178334774
ninjaBlank ninjaBlank ninjaBlank,neither,0.03945320844208391,0.33037608806864915,0.630170703489267
And we back,neither,0.03803970376536169,0.2703451007816765,0.6916151954529617
thanks,neither,0.035884468650613,0.3004919205142699,0.6636236108351171
Hey,neither,0.03945320844208391,0.33037608806864915,0.630170703489267
RIP,neither,0.03945320844208391,0.33037608806864915,0.630170703489267
dude,neither,0.03945320844208391,0.33037608806864915,0.630170703489267
PogChamp,neither,0.03945320844208391,0.33037608806864915,0.630170703489267
ninjaBlast1 ninjaBlast2 ninjaBlast3,neither,0.03945320844208391,0.33037608806864915,0.630170703489267
!uptime,neither,0.03945320844208391,0.33037608806864915,0.630170703489267
Ninja has been streaming for 3 minutes 8 seconds,neither,0.035678679601720456,0.31045049647393935,0.6538708239243401
ninjaPon ninjaPon ninjaPon ninjaPon ninjaPon,neither,0.03945320844208391,0.33037608806864915,0.630170703489267
ninjaPon,neither,0.03945320844208391,0.33037608806864915,0.630170703489267
What happened,neither,0.04722295797655572,0.3248777811305592,0.6278992608928851
Hey there,neither,0.039367870622775906,0.26767823129172763,0.6929538980854965
is back,neither,0.05875706531986774,0.3237366064983911,0.6175063281817412
Who was on Daquan too lol,neither,0.030552020706024308,0.45683818661559417,0.5126097926783816
holy shit,offensive_language,0.04257650662097627,0.9573463282193174,7.716515970639687e-05
ninjaTooth ninjaTooth,neither,0.03945320844208391,0.33037608806864915,0.630170703489267
we back? ninjaAww,neither,0.039166053543719236,0.33524985610846453,0.6255840903478163
f,neither,0.03945320844208391,0.33037608806864915,0.630170703489267
Level 100? How ?....o.O ... he bought the Complete Pass or what happens?...^^,neither,0.06027964891799635,0.31213685328303087,0.6275834977989728
Yo bois,neither,0.039620801467801,0.41152670698480726,0.5488524915473919
ninjaPonW ninjaPonW ninjaPonW ninjaPonW ninjaPonW ninjaPonW ninjaPonW ninjaPonW ninjaPonW,neither,0.03945320844208391,0.33037608806864915,0.630170703489267
is he human,neither,0.3417508590745562,0.11206056107859166,0.5461885798468521
lol poggers,neither,0.020706217963973744,0.4882283491876925,0.4910654328483337
@jamesonm44 me,neither,0.018491955366437673,0.460246435692358,0.5212616089412043
ninjaS,neither,0.03945320844208391,0.33037608806864915,0.630170703489267
pootis,neither,0.03945320844208391,0.33037608806864915,0.630170703489267
wtf happened,offensive_language,0.04286216370140786,0.6265794825605034,0.33055835373808873
monkaS,neither,0.03945320844208391,0.33037608806864915,0.630170703489267
how do u like the update?,neither,0.05228488246335806,0.3278214797545744,0.6198936377820676
guts is he love or what,neither,0.05618807379277275,0.3340523683003517,0.6097595579068755
please tell me he bought the pass,neither,0.036579442067339825,0.3480168390533094,0.6154037188793507
HOW U ARE LVL 100? OMG,neither,0.06013148666372473,0.29321283196663356,0.6466556813696417
guys,neither,0.03922184957078739,0.3343028519130907,0.6264752985161218
!uptime,neither,0.03945320844208391,0.33037608806864915,0.630170703489267
Ninja has been streaming for 3 minutes 55 seconds,neither,0.03605278841535164,0.31242796755837576,0.6515192440262725
Dad’s back PogChamp PogChamp PogChamp PogChamp,neither,0.03945320844208391,0.33037608806864915,0.630170703489267
howd he already get the john wick skin?,neither,0.041438203530889825,0.33639321055297494,0.6221685859161353
ninjaH ninjaH ninjaH ninjaH,neither,0.03945320844208391,0.33037608806864915,0.630170703489267
Storm will kill him,neither,0.35901575149114434,0.18189797961028176,0.4590862688985739
!uptime,neither,0.03945320844208391,0.33037608806864915,0.630170703489267
I swear some of you guys are the least intelligent people I’ve seen in a twitch chat,neither,0.05107605754163797,0.31686948114930863,0.6320544613090534
hey,neither,0.03945320844208391,0.33037608806864915,0.630170703489267
Storm,neither,0.03945320844208391,0.33037608806864915,0.630170703489267
why you buy the whole thing,neither,0.04032125479019628,0.37616623998421134,0.5835125052255923
first win of the night?,neither,0.024884808159602756,0.314932168472476,0.6601830233679213
he is live,neither,0.0741047021908723,0.31845785040331653,0.6074374474058112
wasssss poppin,neither,0.03945320844208391,0.33037608806864915,0.630170703489267
did his stream crash?,neither,0.06161843805040841,0.332139263960359,0.6062422979892326
u can use v bucks to skip tiers,neither,0.019309295705016816,0.4013374982465297,0.5793532060484533
@AzafuseD he bought tiers,neither,0.047411426400912324,0.32763889198372853,0.6249496816153592
watch storm,neither,0.045326569498177496,0.3283559698749485,0.626317460626874
plebs?!,neither,0.03945320844208391,0.33037608806864915,0.630170703489267
!sub count,neither,0.03945320844208391,0.33037608806864915,0.630170703489267
"If you want to have access to all the personal Ninja Emoticons and support him, Subscribe here--> https://goo.gl/y7g2gx - As a subscriber you also get access to the Discord server! **How To sub** --> https://goo.gl/6zSzPd",neither,0.0809462978140274,0.3685303662488003,0.5505233359371723
so what was the challenge thing you get at tier 100?,neither,0.05245008179459528,0.4012420221636018,0.5463078960418029
RUUUUUUNNNN,neither,0.03945320844208391,0.33037608806864915,0.630170703489267
yo i subbed,neither,0.0396125210663535,0.40881389182064354,0.551573587113003
He got to level 50 and bought the tiers,neither,0.04709030880533309,0.31637281299705466,0.6365368781976122
STORM,neither,0.03945320844208391,0.33037608806864915,0.630170703489267
@onyxity for fucking real,offensive_language,0.07618213012765676,0.9238081883215764,9.681550766853976e-06
!uptime,neither,0.03945320844208391,0.33037608806864915,0.630170703489267
Ninja has been streaming for 4 minutes 29 seconds,neither,0.03602061757599671,0.31225792780599665,0.6517214546180067
ninjaCRINJA,neither,0.03945320844208391,0.33037608806864915,0.630170703489267
ninja talk brother,neither,0.023634015832434015,0.3358170338057163,0.6405489503618496
I have the back pack and I just got the battle pass there is this like weird glitch,neither,0.04416368171300059,0.31624377009975346,0.6395925481872459
All 30 thousand people love watching you Ninja and not me,neither,0.060734059877771564,0.4163223274358174,0.5229436126864112
holy shit that storm would have hurt too,offensive_language,0.04583477718563908,0.9387236085962298,0.01544161421813112
!wins,neither,0.03945320844208391,0.33037608806864915,0.630170703489267
"9 Solo (18, 12, 12, 15, 18, 8, 9, 13, 16 Kills) 2 Duo (9, 18 Kills) 1 Random Squad (7 Kills) 1 Solo Squad (18 Kills) ninjaPonPon",neither,0.03945320844208391,0.33037608806864915,0.630170703489267
!subcount,neither,0.03945320844208391,0.33037608806864915,0.630170703489267
Currently there are 51123 subscribed,neither,0.07087749722926778,0.23135887718097997,0.6977636255897524
did he buy the teirs?,neither,0.04525793246896693,0.3079949489214597,0.6467471186095733
lol,neither,0.020706217963973744,0.4882283491876925,0.4910654328483337
storm so close wtf,offensive_language,0.041828503727972206,0.5746495461651089,0.38352195010691886
monkaS,neither,0.03945320844208391,0.33037608806864915,0.630170703489267
ninjaS,neither,0.03945320844208391,0.33037608806864915,0.630170703489267
@VinityArts Without a doubt lmao,neither,0.03838501111474615,0.3485061844864487,0.6131088043988051
!mouse,neither,0.03945320844208391,0.33037608806864915,0.630170703489267
Ninja uses the Logitech G502 https://goo.gl/HWEAjT Settings: https://imgur.com/59iRzY9,neither,0.0388669218289932,0.31974087141206614,0.6413922067589406
that gear though,neither,0.03539092538102598,0.37459658972406185,0.5900124848949121
you can out run the the storm now?,neither,0.046460095151734014,0.34738526885637283,0.606154635991893
ninjaS,neither,0.03945320844208391,0.33037608806864915,0.630170703489267
6 hp LUL,neither,0.03945320844208391,0.33037608806864915,0.630170703489267
u just lost like 40k viewers bc u crashed,neither,0.04316036120646314,0.3563796459183952,0.6004599928751416
6 kills whats happenening,neither,0.03945320844208391,0.33037608806864915,0.630170703489267
is it expensive to buy them?,neither,0.07106299537354015,0.3150653909863115,0.6138716136401484
after buying to 25,neither,0.045911674384754624,0.32659799557760333,0.627490330037642
ninjaCreep ninjaCRINJA,neither,0.03945320844208391,0.33037608806864915,0.630170703489267
slow chat ninjaAww ninjaAww ninjaAww,neither,0.03945320844208391,0.33037608806864915,0.630170703489267
How do you get to 50 in a day....,neither,0.06765303647853425,0.3651940944036525,0.5671528691178132
"wtf has happened to my colours in game, how do I fix it",offensive_language,0.03653793459602917,0.5060206084076238,0.4574414569963471
damn lol,offensive_language,0.03067543087918512,0.9537261634955213,0.015598405625293478
lvl 50 in a day???,neither,0.03989215219609345,0.3174282733280876,0.642679574475819
@formuoliq you always can at the end FailFish,neither,0.05393672052462455,0.4513687455194683,0.49469453395590723
after buying first 25 LUL,neither,0.03436917004092581,0.33212472200645154,0.6335061079526226
i cant see chat,neither,0.03945320844208391,0.33037608806864915,0.630170703489267
rip to console users who cant outrun storm LUL,neither,0.04325351416624871,0.3618537706144671,0.5948927152192841
"you mean you bought the 25 bundle, leveled 25 tiers, then bought the rest LUL",neither,0.05234861677115058,0.3535595022674988,0.5940918809613506
150 vbucks per,neither,0.03945320844208391,0.33037608806864915,0.630170703489267
you bought 75 of them LUL,neither,0.06442289823336896,0.35818913219584525,0.5773879695707856
o lmao,neither,0.03705015143476208,0.3711622369619404,0.5917876116032975
i'm sure john wouldn't have bought them..,neither,0.04437252638380373,0.4358935904372981,0.5197338831788982
@itsTron 150 V-Bucks a tirer/,neither,0.03945320844208391,0.33037608806864915,0.630170703489267
zone,neither,0.03945320844208391,0.33037608806864915,0.630170703489267
like 6000 v bucks total for all the tiers,neither,0.04226761683863265,0.3536940360329996,0.6040383471283679
Lets go John wick,neither,0.03975017680767343,0.34434299002881563,0.6159068331635109
@rvanvelz ya like wtf😂😂,offensive_language,0.03708520884956658,0.885598998551652,0.0773157925987814
ninjaS,neither,0.03945320844208391,0.33037608806864915,0.630170703489267
ninjaAww ninjaAww ninjaAww ninjaAww,neither,0.03945320844208391,0.33037608806864915,0.630170703489267
i like less viewers bc chat is slower,neither,0.051693733558088276,0.3381521480629983,0.6101541183789134
what happened to stream?,neither,0.05152565686232237,0.3228239276423941,0.6256504154952834
They killed his dog,neither,0.06950993227811678,0.33212050268751125,0.5983695650343719
Hey ninja Im back,neither,0.03864229626949725,0.36115913166400515,0.6001985720664976
Whisper me if he bought tiers,neither,0.023047778639474662,0.4087636079331102,0.5681886134274152
now he kill them,hate_speech,0.6196589193861303,0.11450938390552783,0.26583169670834184
john wick skin op af,neither,0.03945320844208391,0.33037608806864915,0.630170703489267
ninjaPon ninjaPon,neither,0.03945320844208391,0.33037608806864915,0.630170703489267
ninjaPon,neither,0.03945320844208391,0.33037608806864915,0.630170703489267
ninjaCRINJA ninjaCRINJA ninjaCRINJA ninjaCRINJA ninjaCRINJA ninjaCRINJA ninjaCRINJA ninjaCRINJA ninjaCRINJA ninjaCRINJA ninjaCRINJA,neither,0.03945320844208391,0.33037608806864915,0.630170703489267
@Tuukkaa2 hm are those? i dont play just watch lol,neither,0.07407212751792591,0.2960452966558543,0.6298825758262199
a slrup...,neither,0.03945320844208391,0.33037608806864915,0.630170703489267
ninjaPon ninjaPon,neither,0.03945320844208391,0.33037608806864915,0.630170703489267
ninjaPon ninjaPon ninjaPon ninjaPon ninjaPon ninjaPon ninjaPon ninjaPon,neither,0.03945320844208391,0.33037608806864915,0.630170703489267
need a silenced pistol only challenge for the john wick skin,neither,0.035388253397542514,0.3033134170969192,0.6612983295055382
I want to see Ninja play Rock Band with Ghosty,neither,0.035715581628963954,0.35121494077724624,0.6130694775937897
ninjaCreep ninjaCreep ninjaCreep ninjaCreep ninjaCreep ninjaCreep,neither,0.03945320844208391,0.33037608806864915,0.630170703489267
ninjaPon ninjaPon ninjaPon ninjaPon ninjaPon ninjaPon,neither,0.03945320844208391,0.33037608806864915,0.630170703489267
I was gonna say that guy had no health under those shields then I looked at nijas health,neither,0.04645414810305693,0.3615184420992808,0.5920274097976622
ninjaPon ninjaPon ninjaPon ninjaPon ninjaPon ninjaPon ninjaPon ninjaPon,neither,0.03945320844208391,0.33037608806864915,0.630170703489267
med kit,neither,0.03945320844208391,0.33037608806864915,0.630170703489267
!giveaway,neither,0.03945320844208391,0.33037608806864915,0.630170703489267
what is he talking about buying tiers?? whats the mean?,neither,0.052770430930362475,0.33146328010789083,0.6157662889617467
!uptime,neither,0.03945320844208391,0.33037608806864915,0.630170703489267
Ninja has been streaming for 6 minutes 8 seconds,neither,0.035678679601720456,0.31045049647393935,0.6538708239243401
LUL,neither,0.03945320844208391,0.33037608806864915,0.630170703489267
med kit,neither,0.03945320844208391,0.33037608806864915,0.630170703489267
scared LUL,neither,0.03945320844208391,0.33037608806864915,0.630170703489267
ninjaAdore ninjaAdore ninjaAdore ninjaAdore,neither,0.03945320844208391,0.33037608806864915,0.630170703489267
ninjaPon ninjaPon ninjaPon ninjaPon ninjaPon ninjaPon ninjaPon ninjaPon ninjaPon ninjaPon ninjaPopcorn ninjaPopcorn ninjaPopcorn ninjaPopcorn ninjaPopcorn ninjaThirst ninjaThirst ninjaThirst ninjaThirst ninjaThirst,neither,0.03945320844208391,0.33037608806864915,0.630170703489267
ninjaBlank ninjaBlank,neither,0.03945320844208391,0.33037608806864915,0.630170703489267
ninjaPon,neither,0.03945320844208391,0.33037608806864915,0.630170703489267
ninjaTooth,neither,0.03945320844208391,0.33037608806864915,0.630170703489267
med kit,neither,0.03945320844208391,0.33037608806864915,0.630170703489267
https://clips.twitch.tv/StrangeDullReindeerEagleEye?tt_medium=creation,neither,0.03945320844208391,0.33037608806864915,0.630170703489267
nothing like losing half your viewers,neither,0.07105011045985081,0.3683180362053504,0.5606318533347987
@MikeOxbig battle pass tiers in the game,neither,0.038129725372987644,0.2785739767926539,0.6832962978343585
john wick skin kinda ticc,neither,0.03945320844208391,0.33037608806864915,0.630170703489267
ninjaPon ninjaPon ninjaPon ninjaPon ninjaPon ninjaPon ninjaPon ninjaPon ninjaPon ninjaPon ninjaPon ninjaPon,neither,0.03945320844208391,0.33037608806864915,0.630170703489267
"Yo deadass for some reason that skin bothers the shit out of me, anyone else?",offensive_language,0.03425821668006136,0.9124040687512769,0.05333771456866171
@MikeOxbig it means what it says,neither,0.04186605043253289,0.3274620811582852,0.6306718684091819
jgoHi jgoST jgoNerves jgoRed just had to sub to your wife also ninjaClap ninjaClap ninjaClap ninjaClap,neither,0.07468551101730812,0.33263215297716736,0.5926823360055244
you decide to say fuck it and buy the whole thing?,offensive_language,0.19326802973191132,0.7954076011780995,0.011324369089989232
ninjaIQ ninjaIQ ninjaIQ ninjaIQ ninjaIQ ninjaIQ ninjaIQ ninjaIQ ninjaIQ,neither,0.03945320844208391,0.33037608806864915,0.630170703489267
it reminds me of a celebrity deathmatch character,neither,0.03301191957134966,0.3600538130382871,0.6069342673903633
@MikeOxbig For battlepass rewards,neither,0.023896577328981292,0.2538532852897668,0.7222501373812519
ninjaS ninjaS ninjaS ninjaS ninjaS ninjaS,neither,0.03945320844208391,0.33037608806864915,0.630170703489267
ninjaIQ,neither,0.03945320844208391,0.33037608806864915,0.630170703489267
"@WhaleXO i have no idk wthat the fuck tiers are, so thanks lol..",offensive_language,0.16960996682008211,0.8269755968843842,0.003414436295533662
i dont get the skin,neither,0.037816947802745735,0.3216882080124677,0.6404948441847866
idk why,neither,0.02432068721088547,0.352993302495259,0.6226860102938555
ninjaClap ninjaClap,neither,0.03945320844208391,0.33037608806864915,0.630170703489267
@Sqoof wanna be lyndon,neither,0.04038233691728323,0.3381564902988037,0.6214611727839131
"drop handcannon, its trash",neither,0.045183670635830425,0.11486856640848912,0.8399477629556804
"@AimBotAx Level 50 grind, the rest bought.",neither,0.03882313407262407,0.3189336821514225,0.6422431837759535
!uptime,neither,0.03945320844208391,0.33037608806864915,0.630170703489267
Ninja has been streaming for 6 minutes 55 seconds,neither,0.03605278841535164,0.31242796755837576,0.6515192440262725
ninjacheer1000,neither,0.03945320844208391,0.33037608806864915,0.630170703489267
he bought the last 50 tiers of the battlepass,neither,0.04258666932369524,0.30182720934571106,0.6555861213305938
deadass bruh TriHard,neither,0.03945320844208391,0.33037608806864915,0.630170703489267
Where the stream though,neither,0.040331327077442254,0.28447004659104685,0.6751986263315108
ninjaAww,neither,0.03945320844208391,0.33037608806864915,0.630170703489267
missed launcher Kappa,neither,0.03945320844208391,0.33037608806864915,0.630170703489267
@souArrax @MangledFury ty ty,neither,0.03945320844208391,0.33037608806864915,0.630170703489267
john wick PogChamp,neither,0.03945320844208391,0.33037608806864915,0.630170703489267
john wick op,neither,0.03945320844208391,0.33037608806864915,0.630170703489267
wtffff,neither,0.03945320844208391,0.33037608806864915,0.630170703489267
Yeah,offensive_language,0.013968601452186464,0.5182923869769311,0.4677390115708824
Keanu Reeves is bae,neither,0.04774802271121307,0.40523027171091003,0.5470217055778768
am i the only one that knows he is playing with bots?,neither,0.03604533564714162,0.3884766176208428,0.5754780467320155
THE BOOGEYMAN,neither,0.03613032604487659,0.2619290779399786,0.7019405960151449
ninjaCRINJA,neither,0.03945320844208391,0.33037608806864915,0.630170703489267
You paid for the reaper,neither,0.04578550284670736,0.32335435095249143,0.6308601462008011
ninjaCreep,neither,0.03945320844208391,0.33037608806864915,0.630170703489267
!uptime,neither,0.03945320844208391,0.33037608806864915,0.630170703489267
Ninja has been streaming for 7 minutes 34 seconds,neither,0.03605278841535164,0.31242796755837576,0.6515192440262725
wtf happened,offensive_language,0.04286216370140786,0.6265794825605034,0.33055835373808873
keanue reeves is one of the best actors of all time,neither,0.043691569259171725,0.40073085844673184,0.5555775722940964
He bought first 35 tiers and last 50 lol,neither,0.031894392547678584,0.3399414397602031,0.6281641676921184
ninjaSplat ninjaSplat ninjaSplat ninjaSplat ninjaSplat ninjaSplat,neither,0.03945320844208391,0.33037608806864915,0.630170703489267
keanu Kreygasm,neither,0.03945320844208391,0.33037608806864915,0.630170703489267
Love that movie,neither,0.03354180002771713,0.3530856004880629,0.6133725994842198
