text,top_class,hate_speech,offensive_language,neither
ninjaHi ninjaHi ninjaHi ninjaHi ninjaHi ninjaHi ninjaHi ninjaHi ninjaHi ninjaHi,neither,0.03945320844208391,0.33037608806864915,0.630170703489267
ninjaThirst,neither,0.03945320844208391,0.33037608806864915,0.630170703489267
ninjaPon ninjaPon ninjaPon ninjaPon,neither,0.03945320844208391,0.33037608806864915,0.630170703489267
ninjaClap ninjaClap ninjaClap ninjaClap ninjaClap ninjaClap ninjaClap ninjaClap ninjaClap ninjaClap ninjaClap,neither,0.03945320844208391,0.33037608806864915,0.630170703489267
ninjaShield ninjaShield ninjaShield ninjaShield ninjaShield ninjaShield ninjaShield ninjaShield ninjaShield ninjaShield ninjaShield ninjaShield ninjaShield ninjaShield ninjaShield ninjaShield ninjaShield ninjaShield ninjaPon ninjaShield ninjaShield ninjaShield ninjaShield ninjaShield ninjaShield ninjaShield ninjaShield ninjaShield ninjaShield ninjaShield ninjaShield ninjaShield ninjaShield ninjaShield ninjaShield ninjaShield,neither,0.03945320844208391,0.33037608806864915,0.630170703489267
ninjaHi ninjaHi ninjaHi ninjaHi,neither,0.03945320844208391,0.33037608806864915,0.630170703489267
moon2HEY,neither,0.03945320844208391,0.33037608806864915,0.630170703489267
ninjaAww ninjaAww ninjaAww ninjaAww ninjaAww ninjaAww ninjaAww ninjaAww ninjaAww ninjaAww ninjaAww ninjaAww ninjaAww,neither,0.03945320844208391,0.33037608806864915,0.630170703489267
Woo,neither,0.03945320844208391,0.33037608806864915,0.630170703489267
ninjaHi ninjaHi,neither,0.03945320844208391,0.33037608806864915,0.630170703489267
ninjaGold ninjaGold ninjaGold ninjaGold ninjaGold ninjaGold ninjaGold,neither,0.03945320844208391,0.33037608806864915,0.630170703489267
ninjaFan ninjaFan ninjaFan ninjaFan ninjaPopcorn ninjaPopcorn ninjaPopcorn ninjaPopcorn ninjaPopcorn ninjaPopcorn ninjaPopcorn ninjaPopcorn ninjaPopcorn ninjaPopcorn ninjaPopcorn,neither,0.03945320844208391,0.33037608806864915,0.630170703489267
ninjaCreep ninjaCreep ninjaCreep ninjaCreep ninjaCreep ninjaCreep ninjaCreep ninjaCreep ninjaCreep ninjaCreep ninjaCreep ninjaCreep ninjaCreep ninjaCreep ninjaCreep ninjaCreep ninjaCreep ninjaCreep ninjaCreep ninjaCreep ninjaCreep ninjaCreep ninjaCreep,neither,0.03945320844208391,0.33037608806864915,0.630170703489267
ninjaH,neither,0.03945320844208391,0.33037608806864915,0.630170703489267
ninja10 ninja10 ninja10 ninja10 ninja10 ninja10,neither,0.03945320844208391,0.33037608806864915,0.630170703489267
HeyGuys,neither,0.03945320844208391,0.33037608806864915,0.630170703489267
ninjaPopcorn ninjaPopcorn ninjaPopcorn ninjaPopcorn ninjaPopcorn ninjaPopcorn ninjaPopcorn ninjaPopcorn ninjaPopcorn ninjaPopcorn ninjaPopcorn,neither,0.03945320844208391,0.33037608806864915,0.630170703489267
WERE LIVE,neither,0.04667180541449663,0.297656294573652,0.6556719000118514
ninjaPrime ninjaPrime ninjaPrime ninjaPrime ninjaPrime ninjaPrime ninjaPrime,neither,0.03945320844208391,0.33037608806864915,0.630170703489267
POGGERS,neither,0.03945320844208391,0.33037608806864915,0.630170703489267
ninjaClap ninjaClap ninjaClap ninjaClap ninjaClap ninjaClap ninjaClap ninjaClap ninjaClap ninjaClap ninjaClap ninjaClap ninjaClap ninjaClap,neither,0.03945320844208391,0.33037608806864915,0.630170703489267
ninjaIQ ninjaIQ ninjaIQ ninjaIQ ninjaIQ ninjaIQ ninjaIQ ninjaIQ ninjaIQ ninjaIQ ninjaIQ ninjaIQ ninjaIQ ninjaIQ ninjaIQ ninjaIQ ninjaIQ ninjaIQ ninjaIQ ninjaIQ ninjaIQ ninjaIQ ninjaIQ ninjaIQ ninjaIQ ninjaIQ ninjaIQ ninjaIQ ninjaIQ ninjaK ninjaK ninjaK ninjaK ninjaK,neither,0.03945320844208391,0.33037608806864915,0.630170703489267
ninjaCRINJA ninjaCRINJA ninjaCRINJA ninjaCRINJA ninjaCRINJA ninjaCRINJA ninjaCRINJA ninjaCRINJA ninjaCRINJA,neither,0.03945320844208391,0.33037608806864915,0.630170703489267
REFRESH REFRESH REFRESHREFRESH REFRESH REFRESHREFRESH REFRESH REFRESHREFRESH REFRESH REFRESHREFRESH REFRESH REFRESHREFRESH REFRESH REFRESHREFRESH REFRESH REFRESHREFRESH REFRESH REFRESH,neither,0.03945320844208391,0.33037608806864915,0.630170703489267
ninjaAdore ninjaAdore ninjaAdore ninjaAdore ninjaAdore,neither,0.03945320844208391,0.33037608806864915,0.630170703489267
itskipSqueek itskipSqueek itskipSqueek itskipSqueek itskipSqueek itskipSqueek itskipSqueek itskipSqueek,neither,0.03945320844208391,0.33037608806864915,0.630170703489267
Hes back,neither,0.03945320844208391,0.33037608806864915,0.630170703489267
Hes back! :D,neither,0.03945320844208391,0.33037608806864915,0.630170703489267
Yes,neither,0.03945320844208391,0.33037608806864915,0.630170703489267
Hello,neither,0.03945320844208391,0.33037608806864915,0.630170703489267
ninjaIQ ninjaIQ ninjaIQ ninjaIQ ninjaIQ ninjaIQ ninjaIQ ninjaIQ ninjaIQ ninjaIQ ninjaIQ,neither,0.03945320844208391,0.33037608806864915,0.630170703489267
aye we back,neither,0.03925958937075801,0.33366230901456,0.627078101614682
SAVED,neither,0.03945320844208391,0.33037608806864915,0.630170703489267
HeyGuys HeyGuys HeyGuys HeyGuys HeyGuys HeyGuys HeyGuys HeyGuys,neither,0.03945320844208391,0.33037608806864915,0.630170703489267
whats the dealio,neither,0.03823111495552092,0.3078022189530705,0.6539666660914085
DAD,neither,0.03945320844208391,0.33037608806864915,0.630170703489267
REFRESHHHHHHHHHHHHHHH,neither,0.03945320844208391,0.33037608806864915,0.630170703489267
bou ttime ninjaAww,neither,0.03945320844208391,0.33037608806864915,0.630170703489267
FINALLY,neither,0.03945320844208391,0.33037608806864915,0.630170703489267
"AND HE""S BACK lol",neither,0.034001115992312134,0.34686155627658133,0.6191373277311065
hey!,neither,0.03945320844208391,0.33037608806864915,0.630170703489267
ninjaH ninjaH ninjaH ninjaH ninjaH ninjaH ninjaH ninjaH ninjaH ninjaH ninjaH ninjaH ninjaH ninjaH ninjaH ninjaH ninjaH ninjaH ninjaH ninjaH ninjaH ninjaH ninjaH ninjaPon ninjaH ninjaH ninjaH ninjaH ninjaH ninjaH ninjaH ninjaH ninjaH ninjaH ninjaH ninjaH ninjaH ninjaH ninjaH ninjaH ninjaH ninjaH ninjaH ninjaH ninjaH,neither,0.03945320844208391,0.33037608806864915,0.630170703489267
@Ninja reported for afk,neither,0.034011249873145646,0.303193670974579,0.6627950791522754
ninjaAww ninjaAww ninjaAww,neither,0.03945320844208391,0.33037608806864915,0.630170703489267
Happy 10 months @Ninja !!!!!!,neither,0.03945320844208391,0.33037608806864915,0.630170703489267
ninjaPon ninjaPon ninjaPon ninjaPon ninjaPon,neither,0.03945320844208391,0.33037608806864915,0.630170703489267
ninjaPon,neither,0.03945320844208391,0.33037608806864915,0.630170703489267
REFRESH REFRESH REFRESH,neither,0.03945320844208391,0.33037608806864915,0.630170703489267
Yooo ninjaTroll ninjaTroll ninjaTroll ninjaTroll ninjaTroll,neither,0.03945320844208391,0.33037608806864915,0.630170703489267
hi,neither,0.03945320844208391,0.33037608806864915,0.630170703489267
ninjaPon ninjaPon ninjaPon ninjaPon,neither,0.03945320844208391,0.33037608806864915,0.630170703489267
omg i came back and thought he was offline,neither,0.04637742740330602,0.2129140916411615,0.7407084809555324
REFRESH,neither,0.03945320844208391,0.33037608806864915,0.630170703489267
What’s happening,neither,0.04568673754512718,0.3259267583143808,0.628386504140492
welcome back dad,neither,0.03945320844208391,0.33037608806864915,0.630170703489267
ninjaClap ninjaClap ninjaClap ninjaClap,neither,0.03945320844208391,0.33037608806864915,0.630170703489267
Dang...,neither,0.03945320844208391,0.33037608806864915,0.630170703489267
@louieg same monkaS,neither,0.04148851938089603,0.3488915597363099,0.609619920882794
yea,neither,0.03908133164861177,0.3366878077749653,0.624230860576423
AYYY,neither,0.03945320844208391,0.33037608806864915,0.630170703489267
ye,neither,0.03945320844208391,0.33037608806864915,0.630170703489267
yep all good,neither,0.04092901230550802,0.42183284516097724,0.5372381425335147
yess,neither,0.03945320844208391,0.33037608806864915,0.630170703489267
Both,neither,0.03945320844208391,0.33037608806864915,0.630170703489267
VoteYea,neither,0.03945320844208391,0.33037608806864915,0.630170703489267
YAY,neither,0.03945320844208391,0.33037608806864915,0.630170703489267
yea,neither,0.03908133164861177,0.3366878077749653,0.624230860576423
ninjaPon ninjaPon ninjaPon ninjaPon ninjaPon,neither,0.03945320844208391,0.33037608806864915,0.630170703489267
yeeeeeeeeeee,neither,0.03945320844208391,0.33037608806864915,0.630170703489267
Yeaa,neither,0.03945320844208391,0.33037608806864915,0.630170703489267
WELCOME BACK BISH,neither,0.03945320844208391,0.33037608806864915,0.630170703489267
yes and yes,neither,0.038698117062425645,0.29235932046903595,0.6689425624685384
Yes,neither,0.03945320844208391,0.33037608806864915,0.630170703489267
no,neither,0.036918905254960256,0.37338982715841207,0.5896912675866277
y,neither,0.03945320844208391,0.33037608806864915,0.630170703489267
yea,neither,0.03908133164861177,0.3366878077749653,0.624230860576423
yes,neither,0.03945320844208391,0.33037608806864915,0.630170703489267
yeah,offensive_language,0.013968601452186464,0.5182923869769311,0.4677390115708824
yes,neither,0.03945320844208391,0.33037608806864915,0.630170703489267
yee,neither,0.03945320844208391,0.33037608806864915,0.630170703489267
yea,neither,0.03908133164861177,0.3366878077749653,0.624230860576423
ye,neither,0.03945320844208391,0.33037608806864915,0.630170703489267
ya,offensive_language,0.017331157930923866,0.7872544665869478,0.19541437548212848
Both,neither,0.03945320844208391,0.33037608806864915,0.630170703489267
yes,neither,0.03945320844208391,0.33037608806864915,0.630170703489267
yea,neither,0.03908133164861177,0.3366878077749653,0.624230860576423
yes,neither,0.03945320844208391,0.33037608806864915,0.630170703489267
yes and yes,neither,0.038698117062425645,0.29235932046903595,0.6689425624685384
yee,neither,0.03945320844208391,0.33037608806864915,0.630170703489267
Yes,neither,0.03945320844208391,0.33037608806864915,0.630170703489267
YAS,neither,0.03945320844208391,0.33037608806864915,0.630170703489267
hey ninja,neither,0.03945320844208391,0.33037608806864915,0.630170703489267
yes :),neither,0.03945320844208391,0.33037608806864915,0.630170703489267
YES I HEAR IT,neither,0.037675703207457396,0.3309874536274108,0.631336843165132
@Ninja are we able to submit song requests?,neither,0.0612658881244674,0.3037842890516146,0.6349498228239181
Y,neither,0.03945320844208391,0.33037608806864915,0.630170703489267
al good,neither,0.044796764699164125,0.2226555976271133,0.7325476376737226
noooo,neither,0.03945320844208391,0.33037608806864915,0.630170703489267
yes,neither,0.03945320844208391,0.33037608806864915,0.630170703489267
yes,neither,0.03945320844208391,0.33037608806864915,0.630170703489267
ssi,neither,0.03945320844208391,0.33037608806864915,0.630170703489267
yes,neither,0.03945320844208391,0.33037608806864915,0.630170703489267
yeah,offensive_language,0.013968601452186464,0.5182923869769311,0.4677390115708824
Yes,neither,0.03945320844208391,0.33037608806864915,0.630170703489267
Yessss,neither,0.03945320844208391,0.33037608806864915,0.630170703489267
Yes,neither,0.03945320844208391,0.33037608806864915,0.630170703489267
Both,neither,0.03945320844208391,0.33037608806864915,0.630170703489267
cheer1000,neither,0.03945320844208391,0.33037608806864915,0.630170703489267
Yes and YEs,neither,0.038698117062425645,0.29235932046903595,0.6689425624685384
yeeeeee,neither,0.03945320844208391,0.33037608806864915,0.630170703489267
yah,neither,0.03945320844208391,0.33037608806864915,0.630170703489267
ninjaBomb,neither,0.03945320844208391,0.33037608806864915,0.630170703489267
Yup,neither,0.03945320844208391,0.33037608806864915,0.630170703489267
we can hear ya both A-OK,offensive_language,0.027033452570726115,0.5491294408863755,0.4238371065428983
yes dad,neither,0.03945320844208391,0.33037608806864915,0.630170703489267
ninjaCRINJA ninjaCRINJA ninjaCRINJA,neither,0.03945320844208391,0.33037608806864915,0.630170703489267
Yeah,offensive_language,0.013968601452186464,0.5182923869769311,0.4677390115708824
!subcount,neither,0.03945320844208391,0.33037608806864915,0.630170703489267
Currently there are 51391 subscribed,neither,0.07087749722926778,0.23135887718097997,0.6977636255897524
Yea,neither,0.03908133164861177,0.3366878077749653,0.624230860576423
L,neither,0.03945320844208391,0.33037608806864915,0.630170703489267
aw i didnt get to hear the theme song for my 10 month resub...,neither,0.03200063349484965,0.35786779789101253,0.6101315686141378
Yes sir,neither,0.03945320844208391,0.33037608806864915,0.630170703489267
what happened bbgurl,neither,0.04722295797655572,0.3248777811305592,0.6278992608928851
WE BACK,neither,0.039166053543719236,0.33524985610846453,0.6255840903478163
welcome back @Ninja,neither,0.03945320844208391,0.33037608806864915,0.630170703489267
YES,neither,0.03945320844208391,0.33037608806864915,0.630170703489267
HHHIZZUK,neither,0.03945320844208391,0.33037608806864915,0.630170703489267
ninjaCry ninjaCry ninjaCry ninjaCry,neither,0.03945320844208391,0.33037608806864915,0.630170703489267
@Winters_Ghost saved ninjaCRINJA ninjaAdore ninjaAmazing,neither,0.03945320844208391,0.33037608806864915,0.630170703489267
He’s backkkk,neither,0.04561521575311005,0.3282566911918292,0.6261280930550607
ninjaPrime,neither,0.03945320844208391,0.33037608806864915,0.630170703489267
unfortunately yes Kappa,neither,0.03945320844208391,0.33037608806864915,0.630170703489267
Yo,offensive_language,0.04010381111145228,0.5271105317972344,0.4327856570913131
ninjaFail,neither,0.03945320844208391,0.33037608806864915,0.630170703489267
Hi there,neither,0.039369405442012055,0.27395600237499595,0.686674592182992
Hey,neither,0.03945320844208391,0.33037608806864915,0.630170703489267
hi babe,neither,0.03945320844208391,0.33037608806864915,0.630170703489267
what happened,neither,0.04722295797655572,0.3248777811305592,0.6278992608928851
ninjaFail,neither,0.03945320844208391,0.33037608806864915,0.630170703489267
ninjaAww ninjaAww ninjaAww ninjaAww ninjaAww ninjaAww ninjaAww ninjaAww,neither,0.03945320844208391,0.33037608806864915,0.630170703489267
ninjaCreep,neither,0.03945320844208391,0.33037608806864915,0.630170703489267
ninjaH ninjaH ninjaH ninjaH,neither,0.03945320844208391,0.33037608806864915,0.630170703489267
How that fiber working out kehd,neither,0.030108891358995315,0.3999782925004376,0.5699128161405671
Lol,neither,0.020706217963973744,0.4882283491876925,0.4910654328483337
ninjaHype ninjaHype ninjaHype,neither,0.03945320844208391,0.33037608806864915,0.630170703489267
hi ninja,neither,0.03945320844208391,0.33037608806864915,0.630170703489267
Cam Froze,neither,0.03945320844208391,0.33037608806864915,0.630170703489267
cam frozen,neither,0.03945320844208391,0.33037608806864915,0.630170703489267
ninjaAww,neither,0.03945320844208391,0.33037608806864915,0.630170703489267
f,neither,0.03945320844208391,0.33037608806864915,0.630170703489267
@drifters9 KappaHD,neither,0.03945320844208391,0.33037608806864915,0.630170703489267
cam is frozen,neither,0.04719418594244492,0.32771361093908763,0.6250922031184676
frozen,neither,0.03945320844208391,0.33037608806864915,0.630170703489267
ninjaClap ninjaClap ninjaCreep,neither,0.03945320844208391,0.33037608806864915,0.630170703489267
???,neither,0.03945320844208391,0.33037608806864915,0.630170703489267
frozen,neither,0.03945320844208391,0.33037608806864915,0.630170703489267
cam froze black screen,neither,0.05520993785545892,0.3169984330454251,0.627791629099116
cam freeze,neither,0.03945320844208391,0.33037608806864915,0.630170703489267
taking sn L,neither,0.03945320844208391,0.33037608806864915,0.630170703489267
get,neither,0.03779508335914271,0.3585187980877974,0.6036861185530599
ninjaPon,neither,0.03945320844208391,0.33037608806864915,0.630170703489267
ninjaPon,neither,0.03945320844208391,0.33037608806864915,0.630170703489267
frozen,neither,0.03945320844208391,0.33037608806864915,0.630170703489267
ayyyy,neither,0.03945320844208391,0.33037608806864915,0.630170703489267
We back!!,neither,0.039166053543719236,0.33524985610846453,0.6255840903478163
frozen cam,neither,0.03945320844208391,0.33037608806864915,0.630170703489267
Cam freeze,neither,0.03945320844208391,0.33037608806864915,0.630170703489267
freexe,neither,0.03945320844208391,0.33037608806864915,0.630170703489267
camrea froze,neither,0.03945320844208391,0.33037608806864915,0.630170703489267
What happend,neither,0.045915666119560924,0.3257693565681219,0.6283149773123172
frozen,neither,0.03945320844208391,0.33037608806864915,0.630170703489267
bummer LUL,neither,0.03945320844208391,0.33037608806864915,0.630170703489267
CAAAAAAAAM,neither,0.03945320844208391,0.33037608806864915,0.630170703489267
Yikes,neither,0.03945320844208391,0.33037608806864915,0.630170703489267
lupos viewage doubled ninjaBlank ninjaBlank ninjaBlank ninjaBlank,neither,0.03945320844208391,0.33037608806864915,0.630170703489267
facevam froze,neither,0.03945320844208391,0.33037608806864915,0.630170703489267
Danggggg,neither,0.03945320844208391,0.33037608806864915,0.630170703489267
John wick,neither,0.03945320844208391,0.33037608806864915,0.630170703489267
RIP,neither,0.03945320844208391,0.33037608806864915,0.630170703489267
CAM FROZE,neither,0.03945320844208391,0.33037608806864915,0.630170703489267
ninjaBlind,neither,0.03945320844208391,0.33037608806864915,0.630170703489267
Froze,neither,0.03945320844208391,0.33037608806864915,0.630170703489267
frozen,neither,0.03945320844208391,0.33037608806864915,0.630170703489267
cam froze,neither,0.03945320844208391,0.33037608806864915,0.630170703489267
!uptime,neither,0.03945320844208391,0.33037608806864915,0.630170703489267
CAM,neither,0.03945320844208391,0.33037608806864915,0.630170703489267
camera is frozen bro,neither,0.046728138256720585,0.32787390610910566,0.6253979556341739
Ninja has been streaming for 2 minutes 34 seconds,neither,0.03605278841535164,0.31242796755837576,0.6515192440262725
ninjaBlank,neither,0.03945320844208391,0.33037608806864915,0.630170703489267
ninjaPon ninjaPon ninjaPon,neither,0.03945320844208391,0.33037608806864915,0.630170703489267
Hi baby,neither,0.03945320844208391,0.33037608806864915,0.630170703489267
rip he just lost 40k viewers,neither,0.03982152356978182,0.34547819968450244,0.6147002767457158
LUL,neither,0.03945320844208391,0.33037608806864915,0.630170703489267
the cam is not frozen....,neither,0.044466434239120285,0.3180872641495712,0.6374463016113086
!subs,neither,0.03945320844208391,0.33037608806864915,0.630170703489267
There,neither,0.03938975662112344,0.2339556726221167,0.7266545707567599
Cam froze,neither,0.03945320844208391,0.33037608806864915,0.630170703489267
hi,neither,0.03945320844208391,0.33037608806864915,0.630170703489267
rip lol,neither,0.02958781151373683,0.4038776379912608,0.5665345504950025
Cam froze,neither,0.03945320844208391,0.33037608806864915,0.630170703489267
the focus,neither,0.038248109054999424,0.30812809647739126,0.6536237944676092
oof,neither,0.03945320844208391,0.33037608806864915,0.630170703489267
ninjaPon ninjaPon ninjaPon,neither,0.03945320844208391,0.33037608806864915,0.630170703489267
back,neither,0.03945320844208391,0.33037608806864915,0.630170703489267
ya'll know that he probably knows he's havin issues right? LUL,offensive_language,0.033214732960922366,0.500150483304725,0.4666347837343527
yo cam,neither,0.03963661905393089,0.4165653046673816,0.5437980762786875
Hi,neither,0.03945320844208391,0.33037608806864915,0.630170703489267
hi,neither,0.03945320844208391,0.33037608806864915,0.630170703489267
ninjaS ninjaS ninjaS,neither,0.03945320844208391,0.33037608806864915,0.630170703489267
Back,neither,0.03945320844208391,0.33037608806864915,0.630170703489267
Yes he back,neither,0.04715977071143279,0.3277254479151638,0.6251147813734034
yo,offensive_language,0.04010381111145228,0.5271105317972344,0.4327856570913131
back,neither,0.03945320844208391,0.33037608806864915,0.630170703489267
Hi,neither,0.03945320844208391,0.33037608806864915,0.630170703489267
whats up,neither,0.03597034933595279,0.4023906385329718,0.5616390121310755
you missed my subbbb,offensive_language,0.042433179476609836,0.532604019591415,0.424962800931975
🐐🐐🐐🐐🐐🐐,neither,0.03945320844208391,0.33037608806864915,0.630170703489267
ninjaS ninjaS,neither,0.03945320844208391,0.33037608806864915,0.630170703489267
Eat and react,neither,0.03861939477442726,0.2879214653249099,0.6734591399006628
Hi,neither,0.03945320844208391,0.33037608806864915,0.630170703489267
ninjaS,neither,0.03945320844208391,0.33037608806864915,0.630170703489267
Weba,neither,0.03945320844208391,0.33037608806864915,0.630170703489267
!subscribers,neither,0.03945320844208391,0.33037608806864915,0.630170703489267
ninjaThrow ninjaStars ninjaStars,neither,0.03945320844208391,0.33037608806864915,0.630170703489267
LUL,neither,0.03945320844208391,0.33037608806864915,0.630170703489267
ninjaPon ninjaPon ninjaPon ninjaPon,neither,0.03945320844208391,0.33037608806864915,0.630170703489267
ninjaPon,neither,0.03945320844208391,0.33037608806864915,0.630170703489267
Sup brothers... Hows things? UncleJohn has arrived!,neither,0.03970202508542743,0.32615302027141546,0.6341449546431572
you can do this daddy ninj,neither,0.06442132151116119,0.3862470627688405,0.5493316157199982
viewertating,neither,0.03945320844208391,0.33037608806864915,0.630170703489267
ninjaCry ninjaCry ninjaCry ninjaCry ninjaCry ninjaCry ninjaCry ninjaCry ninjaCry ninjaCry ninjaCry ninjaCry ninjaCry,neither,0.03945320844208391,0.33037608806864915,0.630170703489267
ninjaCRINJA,neither,0.03945320844208391,0.33037608806864915,0.630170703489267
12 Year olds getting T R I G G E R E D LUL,neither,0.03668373495059136,0.3773812809691397,0.5859349840802689
what happened?,neither,0.04722295797655572,0.3248777811305592,0.6278992608928851
uhh its fix it felix JR...,neither,0.03401112207772792,0.33224787111950044,0.6337410068027717
studio or streamlabs obs?,neither,0.03945320844208391,0.33037608806864915,0.630170703489267
!subcount,neither,0.03945320844208391,0.33037608806864915,0.630170703489267
@Ninja i subbed for 10 months when it crashed! i love you!!,neither,0.035253367907780164,0.372165011978861,0.5925816201133589
Wreck it raplh,neither,0.03766131712739339,0.3309924016600271,0.6313462812125794
Currently there are 51393 subscribed,neither,0.07087749722926778,0.23135887718097997,0.6977636255897524
yes,neither,0.03945320844208391,0.33037608806864915,0.630170703489267
get it right trash ked,neither,0.03915815325763975,0.11560896917919143,0.8452328775631688
Glad you're back......,neither,0.0971638166909043,0.34916054001830793,0.5536756432907878
ninjaThrow ninjaStars ninjaStars ninjaHS ninjaBlood,neither,0.03945320844208391,0.33037608806864915,0.630170703489267
Only the OGs are here now,neither,0.1182736870349491,0.24111067704512107,0.64061563591993
"cheer500 Sorry man, Just wanted to hear your fudd laugh. Not crash your system. LOL",neither,0.0713139327759623,0.4029596370182912,0.5257264302057465
@Ninja Missed my gifted sub LUL,neither,0.032645938748869924,0.3808389368483415,0.5865151244027886
thank god,neither,0.03889004343580062,0.3399344679688249,0.6211754885953744
what motherboard do you have?,neither,0.08887469313196063,0.41770885614317016,0.49341645072486917
@ninja Dude you are a beast! <3,neither,0.0818589700504222,0.3277746079991147,0.5903664219504631
Hey Ninja what's up ? :),neither,0.04204829478628361,0.37821010062354693,0.5797416045901695
it everything crash?,neither,0.03787292438202056,0.3309196202217826,0.6312074553961967
Lol,neither,0.020706217963973744,0.4882283491876925,0.4910654328483337
word,neither,0.03945320844208391,0.33037608806864915,0.630170703489267
are we in subs only chat?,neither,0.06009242963025665,0.29514037158898365,0.6447671987807597
Yesss,neither,0.03945320844208391,0.33037608806864915,0.630170703489267
jgoNinja,neither,0.03945320844208391,0.33037608806864915,0.630170703489267
damn i tipped all i had right b4 the crash 😂😂 rip,offensive_language,0.04331213902918553,0.6766417436846919,0.28004611728612255
You’re trash ked fix your system ked,neither,0.12545975680527954,0.1562682960910408,0.7182719471036797
ninjaH ninjaH ninjaH ninjaH ninjaH,neither,0.03945320844208391,0.33037608806864915,0.630170703489267
@Ninja What's good bro!!,neither,0.044136686236883875,0.32675340570846495,0.6291099080546513
🍻🍻🍻🍻🍻🍻🍻,neither,0.03945320844208391,0.33037608806864915,0.630170703489267
Og,neither,0.03945320844208391,0.33037608806864915,0.630170703489267
ninja love u,neither,0.03604913326827992,0.3463049680281636,0.6176458987035566
only the ocean growns are here? KappaHD,neither,0.13812730877074336,0.22606863327778567,0.6358040579514709
U,neither,0.03945320844208391,0.33037608806864915,0.630170703489267
Lol,neither,0.020706217963973744,0.4882283491876925,0.4910654328483337
What happened?,neither,0.04722295797655572,0.3248777811305592,0.6278992608928851
Finally subbbbed,neither,0.03945320844208391,0.33037608806864915,0.630170703489267
ninjaHi ninjaHi ninjaHi,neither,0.03945320844208391,0.33037608806864915,0.630170703489267
As soon as I joined it crashed I think I’m cursed,neither,0.036712938275421804,0.3640754457229923,0.5992116160015859
You still talking to Tyler 'Spartan' Ganza? @Ninja,neither,0.059098566660311574,0.37746237910754965,0.5634390542321387
ninjaPon ninjaPon ninjaPon,neither,0.03945320844208391,0.33037608806864915,0.630170703489267
ninjaPon,neither,0.03945320844208391,0.33037608806864915,0.630170703489267
"i got a sick snipe yesterday, i think it was because of you",neither,0.04879631995391457,0.39263897460724956,0.5585647054388357
!uptime,neither,0.03945320844208391,0.33037608806864915,0.630170703489267
Ninja has been streaming for 4 minutes,neither,0.03534539547680819,0.3086886719399528,0.655965932583239
viewrs are gettin' higher again ! ninjaHype ninjaHype ninjaHype ninjaHype ninjaHype ninjaHype ninjaHype ninjaHype ninjaHype,neither,0.06126189243552745,0.316837673922995,0.6219004336414776
Sound is off,neither,0.051177648542625714,0.32634351548680773,0.6224788359705666
Only when it works for you?,neither,0.03480121986928412,0.39234376933920867,0.5728550107915072
Ninjaaaa adopt meeeee,neither,0.03945320844208391,0.33037608806864915,0.630170703489267
They already broke the pump,neither,0.037732739073030284,0.3318522492021987,0.6304150117247711
rip,neither,0.03945320844208391,0.33037608806864915,0.630170703489267
Oh we back ninjaAww ninjaAww ninjaH ninjaAww,neither,0.04681515212725173,0.2629421555750124,0.6902426922977358
heyo,neither,0.03945320844208391,0.33037608806864915,0.630170703489267
!uptime,neither,0.03945320844208391,0.33037608806864915,0.630170703489267
Test,neither,0.03945320844208391,0.33037608806864915,0.630170703489267
ninja wick is backkkkk,neither,0.04662910633492473,0.32790796772817965,0.6254629259368957
n i n j a y o u r ' e t h e b e s t,neither,0.03945320844208391,0.33037608806864915,0.630170703489267
SAY MY NAME,neither,0.0244837569156099,0.45209638477138003,0.5234198583130101
Sound is good. My bad,neither,0.030153831060649425,0.4262728664910153,0.5435733024483353
What happened?,neither,0.04722295797655572,0.3248777811305592,0.6278992608928851
where are ypur VBUCKS ghone ? ^^,neither,0.10587005775369884,0.19000328551932744,0.7041266567269737
Do you agree with the nerf of the pump @ninja,neither,0.04034608299427091,0.35837705725242847,0.6012768597533006
did you watch wreck it ralph on tv last night too? @Ninja,neither,0.0433847953508639,0.36427609516445913,0.5923391094846769
Everyone has to get good or else the ganes gonna end up nerfed to death TPFufun,neither,0.04006016613710469,0.44133922929170594,0.5186006045711895
Hi,neither,0.03945320844208391,0.33037608806864915,0.630170703489267
Ηe can be a hypocrite sometimes,neither,0.04020035310560687,0.32949027449646023,0.6303093723979329
@ninja i think I bought 2 season 2 passes instead of a season 3 FailFish,neither,0.040003073446665295,0.32104344390759315,0.6389534826457415
Hi,neither,0.03945320844208391,0.33037608806864915,0.630170703489267
try a different skin,neither,0.03945320844208391,0.33037608806864915,0.630170703489267
what happened?,neither,0.04722295797655572,0.3248777811305592,0.6278992608928851
Yes,neither,0.03945320844208391,0.33037608806864915,0.630170703489267
!dpi,neither,0.03945320844208391,0.33037608806864915,0.630170703489267
800 https://imgur.com/59iRzY9,neither,0.03945320844208391,0.33037608806864915,0.630170703489267
the man is back,neither,0.05121139447277889,0.3936121462374961,0.555176459289725
!settings,neither,0.03945320844208391,0.33037608806864915,0.630170703489267
Graphics - https://goo.gl/fJimnD | Keybinds U & O are mapped to Mouse 4 & 5 | Sens .07 - https://goo.gl/1Zv8vA | DPI 800,neither,0.05940825338327743,0.3001685827088225,0.6404231639079
you still talk to Tyler 'Spartan' Ganza? @Ninja,neither,0.0388080011349189,0.38590960966793547,0.5752823891971457
@Ninja play the intro,neither,0.03871438836738737,0.3169202699060762,0.6443653417265365
RaccAttack,neither,0.03945320844208391,0.33037608806864915,0.630170703489267
I just got second place :(,neither,0.03652305749382072,0.3461910496666905,0.6172858928394889
hello dad.,neither,0.03945320844208391,0.33037608806864915,0.630170703489267
PLAY THE INTRO,neither,0.03852898896034904,0.31345695011642316,0.6480140609232279
@ninja I love you sexy ninjaWifey,neither,0.052459653908179305,0.3919673604590296,0.555572985632791
what up everybody!,neither,0.04338200008215739,0.4021459898595713,0.5544720100582713
@Ninja Are you saving the crash reports and sending them to OBS for examination? This will greatly help them fix things that crash,neither,0.06851200291087357,0.29123951314582425,0.6402484839433021
"just got back, still having obs crashes :/ that sucks man",neither,0.03252821974046688,0.4555457041432141,0.511926076116319
ninjaPon ninjaPon,neither,0.03945320844208391,0.33037608806864915,0.630170703489267
lol,neither,0.020706217963973744,0.4882283491876925,0.4910654328483337
ninjaPon,neither,0.03945320844208391,0.33037608806864915,0.630170703489267
play it,neither,0.03686987770452732,0.33126461396948237,0.6318655083259904
Close chrome,neither,0.03945320844208391,0.33037608806864915,0.630170703489267
ninjaBlast1 ninjaBlast2 ninjaBlast3,neither,0.03945320844208391,0.33037608806864915,0.630170703489267
ninjaPon ninjaPon ninjaPon ninjaPon ninjaPon,neither,0.03945320844208391,0.33037608806864915,0.630170703489267
hello,neither,0.03945320844208391,0.33037608806864915,0.630170703489267
let's see the intro,neither,0.024414482036904675,0.34518765964349396,0.6303978583196014
!uptime,neither,0.03945320844208391,0.33037608806864915,0.630170703489267
Ninja has been streaming for 5 minutes 42 seconds,neither,0.03605278841535164,0.31242796755837576,0.6515192440262725
GET US SOME JOHN WICK BEATS NINJA !! ninjaSplode ninjaSplode ninjaSplode,neither,0.05423322130905627,0.3415847293906972,0.6041820493002465
@Ninja What would I have to do to play one duos match with you?,neither,0.05471892058901028,0.40179614173577255,0.5434849376752172
!settings,neither,0.03945320844208391,0.33037608806864915,0.630170703489267
Graphics - https://goo.gl/fJimnD | Keybinds U & O are mapped to Mouse 4 & 5 | Sens .07 - https://goo.gl/1Zv8vA | DPI 800,neither,0.05940825338327743,0.3001685827088225,0.6404231639079
ninjaS ninjaS ninjaS ninjaS ninjaS ninjaS,neither,0.03945320844208391,0.33037608806864915,0.630170703489267
Oh bullshit studio,neither,0.05869824762620599,0.4405894629052636,0.5007122894685305
Jesus WB back ninjaBlast1,neither,0.03945320844208391,0.33037608806864915,0.630170703489267
Whats up Ninja,neither,0.03696264145288427,0.3805754415266652,0.5824619170204506
your the best,neither,0.09846990331487165,0.2736501950868838,0.6278799015982446
PokWeavile ninja10,neither,0.03945320844208391,0.33037608806864915,0.630170703489267
John wick beats!!! I agree!!,neither,0.03945320844208391,0.33037608806864915,0.630170703489267
#studiomode ninja lol,neither,0.030390423329749658,0.3972060592599654,0.5724035174102851
!duo,neither,0.03945320844208391,0.33037608806864915,0.630170703489267
Sup guys,neither,0.039318079907253584,0.33266957196209385,0.6280123481306527
Please don't ask Ninja to duo with someone or bash his current partner or you WILL be timed-out. Ninja will play with who he likes.,neither,0.05055573611658767,0.4063718521507537,0.5430724117326586
!discord,neither,0.03945320844208391,0.33037608806864915,0.630170703489267
"Subscribers, download Discord here - https://goo.gl/3H8XFv - Connect your Discord to Twitch by – Clicking the cogwheel at the bottom, go to Connections, click Twitch and click “join” under the Ninja server. All subs are welcome to join at any time to hang out! (If you recently subscribed it may take up to 30 minutes before you can connect to the sub server.) Follow this image to connect as well - https://goo.gl/yX9sFR",neither,0.06880251206486349,0.3762291943515206,0.554968293583616
OBS Kreygasm,neither,0.03945320844208391,0.33037608806864915,0.630170703489267
ninjaClap ninjaClap ninjaClap ninjaClap ninjaClap,neither,0.03945320844208391,0.33037608806864915,0.630170703489267
PokCroagunk,neither,0.03945320844208391,0.33037608806864915,0.630170703489267
:'(,neither,0.03945320844208391,0.33037608806864915,0.630170703489267
!mic,neither,0.03945320844208391,0.33037608806864915,0.630170703489267
@LokiGDZ it just doesnt happen w/viewers,neither,0.03494986554771012,0.3470437459957329,0.6180063884565569
Audio Technica AT-2035 - https://goo.gl/hyuRsu Setup - https://goo.gl/cKadwH,neither,0.03892920950713481,0.34634851646883724,0.6147222740240279
@itehpsych lOOOL,neither,0.03945320844208391,0.33037608806864915,0.630170703489267
nice shirt,neither,0.03945320844208391,0.33037608806864915,0.630170703489267
ninjaCRINJA ninjaCRINJA ninjaCRINJA ninjaCRINJA,neither,0.03945320844208391,0.33037608806864915,0.630170703489267
thee fuck happned?,offensive_language,0.18182661243021447,0.8179982338520003,0.0001751537177851816
ninjaK ninjaK ninjaK ninjaK ninjaK ninjaK ninjaK ninjaK ninjaK ninjaK ninjaK ninjaK ninjaK ninjaK ninjaK,neither,0.03945320844208391,0.33037608806864915,0.630170703489267
@LokiGDZ Be a big streamer. Other than that your outta luck,neither,0.04107625699246204,0.41720008331258684,0.5417236596949512
!discord,neither,0.03945320844208391,0.33037608806864915,0.630170703489267
!uptime,neither,0.03945320844208391,0.33037608806864915,0.630170703489267
Ninja has been streaming for 6 minutes 29 seconds,neither,0.03602061757599671,0.31225792780599665,0.6517214546180067
its good!,neither,0.028901295535216566,0.334005374781645,0.6370933296831385
hey looky there.,neither,0.039367870622775906,0.26767823129172763,0.6929538980854965
what we eating tonight @Ninja,neither,0.041547192805321674,0.3100312118456437,0.6484215953490347
Bro we cool,neither,0.03926042269888389,0.3336481652614507,0.6270914120396653
hey\,neither,0.03945320844208391,0.33037608806864915,0.630170703489267
ninjaBlood,neither,0.03945320844208391,0.33037608806864915,0.630170703489267
its fine @Ninja,neither,0.03359888808747303,0.33238965729198705,0.6340114546205399
!wins,neither,0.03945320844208391,0.33037608806864915,0.630170703489267
ninjaPon,neither,0.03945320844208391,0.33037608806864915,0.630170703489267
"4 Solo (17, 18, 15, 12 Kills) ninjaPonW",neither,0.03945320844208391,0.33037608806864915,0.630170703489267
ninjaPon,neither,0.03945320844208391,0.33037608806864915,0.630170703489267
@Ninja Are you saving the crash reports and sending them to OBS for examination? This will greatly help them fix things that crash,neither,0.06851200291087357,0.29123951314582425,0.6402484839433021
obs is a hoe,offensive_language,0.0030163717808247906,0.996983611628505,1.6590670230395238e-08
Oof,neither,0.03945320844208391,0.33037608806864915,0.630170703489267
OMEGA LUL,neither,0.03945320844208391,0.33037608806864915,0.630170703489267
Obs crash or did he leave ?,neither,0.04445525956979653,0.32865565331376045,0.6268890871164431
What happened??,neither,0.04722295797655572,0.3248777811305592,0.6278992608928851
Fav Jim Carrey Movie ?,neither,0.04148706541797321,0.2958562272440696,0.6626567073379571
WHat happen @Ninja I just got on,neither,0.03635630825555349,0.39551504611356897,0.5681286456308774
the life of a legend,neither,0.03488839174306741,0.3767864323012285,0.5883251759557041
why did he drop in viewers,neither,0.040454808683761424,0.3393008852806468,0.6202443060355918
Why are you apologizing if its not your fault?,neither,0.05690464953588814,0.38959495529785876,0.5535003951662532
i love you dude. really.,neither,0.05787610134961949,0.41595066328344116,0.5261732353669393
SAY MY NAME,neither,0.0244837569156099,0.45209638477138003,0.5234198583130101
so much,neither,0.03263919147166354,0.4173937179957508,0.5499670905325856
When is goku blue happening,neither,0.037208913365389375,0.3645223302377243,0.5982687563968864
JOHN WICK BEATS TO RESTART THE STREAM AGAAAIN ! ;)) ninjaDisco ninjaDisco ninjaDisco ninjaDisco,neither,0.043265318536778355,0.3168702294051493,0.6398644520580724
What hhapeend my guy??!,neither,0.02924131388378287,0.45906594340869133,0.5116927427075258
what time did the stream start?,neither,0.042278170742162294,0.32977361848960884,0.6279482107682289
what would I have to do to play one duos match with you? @Ninja,neither,0.05471892058901028,0.40179614173577255,0.5434849376752172
HI NINJA,neither,0.03945320844208391,0.33037608806864915,0.630170703489267
hi,neither,0.03945320844208391,0.33037608806864915,0.630170703489267
Michael Scott,neither,0.03945320844208391,0.33037608806864915,0.630170703489267
Shit happens,offensive_language,0.08167999763445827,0.9182430090382968,7.699332724477127e-05
Fudge,neither,0.03945320844208391,0.33037608806864915,0.630170703489267
What you eating that's taking forevr?,neither,0.061191538811037095,0.4282142353484862,0.5105942258404766
ayyy,neither,0.03945320844208391,0.33037608806864915,0.630170703489267
!uptime,neither,0.03945320844208391,0.33037608806864915,0.630170703489267
Ninja has been streaming for 7 minutes 3 seconds,neither,0.035678679601720456,0.31045049647393935,0.6538708239243401
ninjaCreep,neither,0.03945320844208391,0.33037608806864915,0.630170703489267
Hey ninja feed me ninjaCRINJA,neither,0.03311416596531258,0.36442269134863786,0.6024631426860495
i love when you say my name dude.,offensive_language,0.02907092672608951,0.5253269433016886,0.44560212997222187
ninjaPon ninjaPon ninjaPon ninjaPon ninjaPon ninjaPon,neither,0.03945320844208391,0.33037608806864915,0.630170703489267
!wins,neither,0.03945320844208391,0.33037608806864915,0.630170703489267
hey!,neither,0.03945320844208391,0.33037608806864915,0.630170703489267
"4 Solo (17, 18, 15, 12 Kills) ninjaPonW",neither,0.03945320844208391,0.33037608806864915,0.630170703489267
No new DBS tonight. RIP,neither,0.039508450662981726,0.23617180022062584,0.7243197491163924
John wick beats!!!,neither,0.03945320844208391,0.33037608806864915,0.630170703489267
it p hole :0,neither,0.03752336384949593,0.3310398501182267,0.6314367860322773
What’s the best type of bear,neither,0.04285077797864408,0.30569277307635445,0.6514564489450013
what about him @b_0_1,neither,0.045079561266548385,0.3680188048526419,0.5869016338808098
ninjaFood ninjaFood ninjaFood ninjaFood ninjaFood ninjaFood ninjaFood ninjaFood,neither,0.03945320844208391,0.33037608806864915,0.630170703489267
It's saddening that UncleJohn lost Mod a couple years ago...,neither,0.035042647522456366,0.36633208701387715,0.5986252654636666
Try hard Ninja,offensive_language,0.03104420050474415,0.5373514086091188,0.4316043908861371
ninjaPon ninjaPon ninjaPon,neither,0.03945320844208391,0.33037608806864915,0.630170703489267
F,neither,0.03945320844208391,0.33037608806864915,0.630170703489267
