text,top_class,hate_speech,offensive_language,neither
who is he playing with pls whisper me,neither,0.03479346889240503,0.4278541776946218,0.5373523534129733
@ninja what up bro how was your flight?,neither,0.06523426099103977,0.36203362130830014,0.5727321177006602
ninjaHype ninjaHype NEW NINJA SHIRTS & PINS @ metathreads.com/collections/ninja & more Ninja Merch @ www.teepublic.com/stores/ninja ninjaHype ninjaHype,neither,0.040920307191230236,0.30401171395690185,0.6550679788518678
Your on pc servers. PC never goes down to ps4 or xbox servers,neither,0.049588146837794014,0.34671237317817205,0.6036994799840338
Means not enough cross platform players,neither,0.038594462239811625,0.3335877622393579,0.6278177755208305
"@TropicTM if you hoover your mouse over it, itll tell you",offensive_language,0.0745369344629871,0.4793386311506138,0.44612443438639904
are the servers on xbox down there up for me,neither,0.03985946946565629,0.3094352081512282,0.6507053223831154
"Gabe Carimi (Falcons) is in the orange hat, Lee Nguyen (LAFC) in a white tshirt, David Bakhtiari (Packers) is in all black, Anthony Scaramucci jr in white, Mo Bamba (Knicks) in the chair to the far right.",offensive_language,0.3888739456101675,0.43311375671730895,0.17801229767252347
"As a Xbox player, the servers are indeed shit",offensive_language,0.06323033336680618,0.9106822436155974,0.026087423017596492
ninjaBlast1 ninjaBlast2 ninjaBlast3,neither,0.03945320844208391,0.33037608806864915,0.630170703489267
I’m on mobile,neither,0.03624652138519213,0.34583338835094446,0.6179200902638634
why is ninja so tired lol,neither,0.029177686943221814,0.43019290576110103,0.5406294072956772
what days are you going to twitch con? @Ninja,neither,0.07971565872513998,0.3398483573777448,0.5804359838971151
whos he playing with,neither,0.03311275670558963,0.3650311359053477,0.6018561073890626
"Ninja is playing with NFL players now, he is at ESPY awards in Cali",neither,0.043617329986537536,0.3592153731821203,0.5971672968313422
lol,neither,0.020706217963973744,0.4882283491876925,0.4910654328483337
Is the stream lagging for anyone else?,neither,0.039830006086828795,0.2982734268298684,0.6618965670833028
them crapbox servers,neither,0.05634328243844671,0.3210731397417362,0.622583577819817
,neither,0.03945320844208391,0.33037608806864915,0.630170703489267
Joined a game with 33 players,neither,0.03139970572383129,0.32661188346186915,0.6419884108142996
all servers are shit rn tf,offensive_language,0.06886164084480843,0.9254677612985174,0.005670597856674112
ninjaBlank,neither,0.03945320844208391,0.33037608806864915,0.630170703489267
ninjaRed ninjaBull ninjaBull ninjaBull,neither,0.03945320844208391,0.33037608806864915,0.630170703489267
ninjaPon ninjaPon ninjaPon,neither,0.03945320844208391,0.33037608806864915,0.630170703489267
ninjaPon,neither,0.03945320844208391,0.33037608806864915,0.630170703489267
ninjaBlast1 ninjaBlast2 ninjaBlast3 ninjaFood ninjaSplode ninjaSplode,neither,0.03945320844208391,0.33037608806864915,0.630170703489267
@refrigeratedtoiletpaper I’m on mobile,neither,0.03624652138519213,0.34583338835094446,0.6179200902638634
xbox is dooky in general,neither,0.0475924707115589,0.3275766225434012,0.6248309067450399
ninjaThrow ninjaStars ninjaStars ninjaStars ninjaHS ninjaBlood,neither,0.03945320844208391,0.33037608806864915,0.630170703489267
LUL,neither,0.03945320844208391,0.33037608806864915,0.630170703489267
megalul,neither,0.03945320844208391,0.33037608806864915,0.630170703489267
fugg that xbox,neither,0.034331915392564236,0.38637883177222937,0.5792892528352064
Who’s he playing with??,neither,0.0319754345939041,0.45792082484039554,0.5101037405657003
FortLlama FortLlama FortLlama FortLlama FortLlama FortLlama FortLlama FortLlama FortLlama FortLlama FortLlama FortLlama FortLlama FortLlama FortLlama FortLlama FortLlama,neither,0.03945320844208391,0.33037608806864915,0.630170703489267
ninjaH ninjaH ninjaH ninjaWifey ninjaWifey ninjaWifey ninjaWifey ninjaWifey ninjaWifey ninjaWifey,neither,0.03945320844208391,0.33037608806864915,0.630170703489267
`LOL,neither,0.020706217963973744,0.4882283491876925,0.4910654328483337
XBOX WAY BETTER THAN PS4,neither,0.03917387272808989,0.33712570674171216,0.623700420530198
#xboxserversbad,neither,0.03945320844208391,0.33037608806864915,0.630170703489267
all the srvers are coming up short,neither,0.06400405410102335,0.39287446086166294,0.5431214850373137
Joined a game with 24 people,neither,0.04942303333813366,0.32477944305394557,0.6257975236079207
Oh mega LUL,neither,0.043786774880235774,0.2888205254819844,0.6673926996377798
#xboxservers,neither,0.03945320844208391,0.33037608806864915,0.630170703489267
what are the names of the people hes playing with,neither,0.07592812848296807,0.29486586470610754,0.6292060068109245
#xBoxServers,neither,0.03945320844208391,0.33037608806864915,0.630170703489267
#xboxservers,neither,0.03945320844208391,0.33037608806864915,0.630170703489267
ya ps servers were firing with 60,offensive_language,0.02206230588236445,0.5320028086705327,0.44593488544710275
Ninja is in Los Angeles for the ESPYs (sports awards show). He's playing with pro athleres that are in town for the awards.,neither,0.04699610697515668,0.27782920893059293,0.6751746840942504
ninjaWifey ninjaWifey ninjaWifey ninjaWifey ninjaWifey ninjaWifey ninjaWifey ninjaWifey ninjaWifey ninjaWifey ninjaWifey ninjaWifey ninjaWifey ninjaWifey,neither,0.03945320844208391,0.33037608806864915,0.630170703489267
@TropicTM ohhhhh. 1 year. im so close to 2.,neither,0.04405501519215406,0.3902073188876704,0.5657376659201755
Ninja out here playing with professional athletes #lit #xboxserversomegalul,neither,0.05037689603363935,0.3413430683029127,0.608280035663448
It’s all servers,neither,0.03987727767991091,0.41463503280086894,0.54548768951922
Damn Mo Bomba and David Bakhtiarti,offensive_language,0.04412812563554482,0.7311122184493146,0.22475965591514052
#xboxservers,neither,0.03945320844208391,0.33037608806864915,0.630170703489267
ninja is playing with ppl on xbox,neither,0.034282468341828486,0.36561546271916784,0.6001020689390036
ninjaGold ninjaGold ninjaGold ninjaGold ninjaGold ninjaGold ninjaGold,neither,0.03945320844208391,0.33037608806864915,0.630170703489267
only on xbox,neither,0.03610086972322012,0.3465580223802354,0.6173411078965446
Xbox is the BESTTTYT,neither,0.04933026227645602,0.3058224322977188,0.6448473054258251
So much harder to AIM on the console. I miss my gaming PC/,neither,0.02968288384379086,0.39482063898977826,0.5754964771664308
!keybord,neither,0.03945320844208391,0.33037608806864915,0.630170703489267
