text,top_class,hate_speech,offensive_language,neither
Check new emote,neither,0.04434564996391358,0.20626576168139962,0.7493885883546868
@mattburgos -> Get off the stage. [stop posting links] [warning],neither,0.038418163350895165,0.37297625609727586,0.5886055805518291
what do the numbers up top mean?,neither,0.04208550882844867,0.35578115882269146,0.6021333323488599
140 points,neither,0.03945320844208391,0.33037608806864915,0.630170703489267
Bro NICKMERCS is doing really well he has 128 points and three games to go,neither,0.05182670530380178,0.30151104694844266,0.6466622477477556
140,neither,0.03945320844208391,0.33037608806864915,0.630170703489267
He already won lol,neither,0.03475791570408401,0.4121437280171924,0.5530983562787235
Hiiiii,neither,0.03945320844208391,0.33037608806864915,0.630170703489267
Hi,neither,0.03945320844208391,0.33037608806864915,0.630170703489267
yeet,neither,0.03945320844208391,0.33037608806864915,0.630170703489267
GGGGGG,neither,0.03945320844208391,0.33037608806864915,0.630170703489267
LUL LUL LUL LUL,neither,0.03945320844208391,0.33037608806864915,0.630170703489267
Lets watch Tim!,neither,0.04398744968561838,0.3411993458960285,0.614813204418353
ppppppppppppppp[,neither,0.03945320844208391,0.33037608806864915,0.630170703489267
Gg,neither,0.03945320844208391,0.33037608806864915,0.630170703489267
!uptime,neither,0.03945320844208391,0.33037608806864915,0.630170703489267
ninjaBlank,neither,0.03945320844208391,0.33037608806864915,0.630170703489267
NICE GAME DUDE,neither,0.03868731676037927,0.28264183446148683,0.6786708487781339
item shoop,neither,0.03945320844208391,0.33037608806864915,0.630170703489267
Hi,neither,0.03945320844208391,0.33037608806864915,0.630170703489267
ninjaClap FortOne ninjaClap FortOne ninjaClap FortOne ninjaClap FortOne ninjaClap FortOne ninjaClap FortOne ninjaClap FortOne ninjaClap FortOne ninjaClap FortOne ninjaClap FortOne,neither,0.03945320844208391,0.33037608806864915,0.630170703489267
!tournament,neither,0.03945320844208391,0.33037608806864915,0.630170703489267
Restart,neither,0.03945320844208391,0.33037608806864915,0.630170703489267
Find out about the Fortnite Pro-Am tournament at E3 here: https://www.epicgames.com/fortnite/en-US/pro-am2018,neither,0.07302648996826085,0.2943580135910988,0.6326154964406404
gg's,neither,0.03945320844208391,0.33037608806864915,0.630170703489267
140 points BABY,neither,0.03945320844208391,0.33037608806864915,0.630170703489267
!tourney,neither,0.03945320844208391,0.33037608806864915,0.630170703489267
!tourney,neither,0.03945320844208391,0.33037608806864915,0.630170703489267
https://www.epicgames.com/fortnite/en-US/summer-skirmish,neither,0.06361510313872445,0.32623130651639115,0.6101535903448844
Good win mate,neither,0.03879413324550961,0.33060277425104134,0.6306030925034491
PogChamp ninjaClap,neither,0.03945320844208391,0.33037608806864915,0.630170703489267
ninjaPon ninjaPon ninjaPon ninjaPon ninjaPon ninjaClap ninjaClap ninjaClap ninjaClap,neither,0.03945320844208391,0.33037608806864915,0.630170703489267
ninjaPon,neither,0.03945320844208391,0.33037608806864915,0.630170703489267
YEEEEEEEEEEEEEEEEET,neither,0.03945320844208391,0.33037608806864915,0.630170703489267
lets talk about twitch prime,neither,0.02566833124207049,0.36371509049967143,0.6106165782582581
NIIIIIIIIIIIIIIIIIIICE,neither,0.03945320844208391,0.33037608806864915,0.630170703489267
he’s taking off delay guys,neither,0.04536407852751748,0.33043700654061336,0.6241989149318691
IDrops cheating,neither,0.03945320844208391,0.33037608806864915,0.630170703489267
lupo slides right in ninjaThirst ninjaThirst,neither,0.03841773819532707,0.35057635687778543,0.6110059049268876
140 ain’t bad,offensive_language,0.017901342868615215,0.539083557288707,0.4430150998426778
gg :),neither,0.03945320844208391,0.33037608806864915,0.630170703489267
number 1,neither,0.03945320844208391,0.33037608806864915,0.630170703489267
Why adding numbers to kills I don’t understand,neither,0.035460672473559045,0.3384986275404531,0.626040699985988
LUPO,neither,0.03945320844208391,0.33037608806864915,0.630170703489267
Why added 5?,neither,0.026686469231448476,0.34887854187509854,0.624434988893453
item shopppppppppppppppp,neither,0.03945320844208391,0.33037608806864915,0.630170703489267
ninjaClap ninjaClap ninjaClap ninjaClap ninjaClap ninjaClap ninjaClap ninjaClap ninjaClap ninjaClap ninjaClap ninjaClap ninjaClap ninjaClap ninjaClap ninjaClap ninjaClap ninjaClap,neither,0.03945320844208391,0.33037608806864915,0.630170703489267
shoo,neither,0.03945320844208391,0.33037608806864915,0.630170703489267
ggs,neither,0.03945320844208391,0.33037608806864915,0.630170703489267
!tourney,neither,0.03945320844208391,0.33037608806864915,0.630170703489267
ninjaBull,neither,0.03945320844208391,0.33037608806864915,0.630170703489267
NINJAAAA,neither,0.03945320844208391,0.33037608806864915,0.630170703489267
14 kill average @Ninja 140 total,neither,0.20181608197083487,0.2514718140340289,0.5467121039951363
yeah PS4 lobby,neither,0.025964578702726053,0.42235921567781703,0.551676205619457
hi,neither,0.03945320844208391,0.33037608806864915,0.630170703489267
LETS GO BOYS!!!!!!!!!!!!!,neither,0.03987377233651652,0.350189727460353,0.6099365002031304
300K viewers,neither,0.03945320844208391,0.33037608806864915,0.630170703489267
GG ninja that was great to watch,neither,0.04486358152747102,0.34035936562768626,0.6147770528448427
way to play baby top 5 for sure @Ninja,neither,0.035414720265016464,0.40090597792377497,0.5636793018112086
Number 1,neither,0.03945320844208391,0.33037608806864915,0.630170703489267
!tourney,neither,0.03945320844208391,0.33037608806864915,0.630170703489267
!tourney,neither,0.03945320844208391,0.33037608806864915,0.630170703489267
shooopp,neither,0.03945320844208391,0.33037608806864915,0.630170703489267
N I N J A,neither,0.03945320844208391,0.33037608806864915,0.630170703489267
What skin is that?,neither,0.052571219816076126,0.3733592831943815,0.5740694969895425
bruuuuuuuuuuuuuhhhhhhhhhhh TFUE FANS WHERE ARE YOUUUUUU ?????????????,neither,0.06485106226866949,0.26151883935442305,0.6736300983769075
ninjaFan ninjaFan ninjaFan ninjaFan ninjaFan ninjaFan ninjaFan ninjaFan ninjaFan ninjaFan ninjaFan ninjaFan ninjaFan ninjaFan,neither,0.03945320844208391,0.33037608806864915,0.630170703489267
!tournament,neither,0.03945320844208391,0.33037608806864915,0.630170703489267
GG BABYYYYY,neither,0.03945320844208391,0.33037608806864915,0.630170703489267
!subs,neither,0.03945320844208391,0.33037608806864915,0.630170703489267
Item shoppppp,neither,0.03945320844208391,0.33037608806864915,0.630170703489267
NICE JOB NINJA,neither,0.03945320844208391,0.33037608806864915,0.630170703489267
ninjaBlast2 ninjaBlast1 ninjaBlast1 ninjaBlast2 ninjaBlast2 ninjaBlast2 ninjaBlast3 ninjaBlast3 ninjaBlast3 ninjaSplode ninjaSplode ninjaSplode ninjaSplode,neither,0.03945320844208391,0.33037608806864915,0.630170703489267
https://clips.twitch.tv/PerfectJollyVultureNotLikeThis,neither,0.03945320844208391,0.33037608806864915,0.630170703489267
good job ninja,neither,0.038802700055165805,0.3305998277323643,0.6305974722124699
HHHHHMMMMMPPPPPPHHHHH,neither,0.03945320844208391,0.33037608806864915,0.630170703489267
screw nick mercs and his ps4 servers. he is so lucky,neither,0.06297831402078952,0.32951783057484535,0.6075038554043651
262K VIEWERS,neither,0.03945320844208391,0.33037608806864915,0.630170703489267
ninjaCreep,neither,0.03945320844208391,0.33037608806864915,0.630170703489267
FREEEE,neither,0.03945320844208391,0.33037608806864915,0.630170703489267
No Delay !!,neither,0.036918905254960256,0.37338982715841207,0.5896912675866277
!tourney,neither,0.03945320844208391,0.33037608806864915,0.630170703489267
great wins,neither,0.03730601420809673,0.3016351344940943,0.661058851297809
yo,offensive_language,0.04010381111145228,0.5271105317972344,0.4327856570913131
6thhhh gggg,neither,0.03945320844208391,0.33037608806864915,0.630170703489267
Shoooop,neither,0.03945320844208391,0.33037608806864915,0.630170703489267
5 Points for a win,neither,0.03311190897291982,0.29871771990368867,0.6681703711233916
theres a leaderboard,neither,0.03945320844208391,0.33037608806864915,0.630170703489267
ninjaCreep ninjaCreep ninjaCreep ninjaCreep ninjaCreep ninjaCreep FortOne ninjaCreep ninjaCreep ninjaCreep ninjaCreep,neither,0.03945320844208391,0.33037608806864915,0.630170703489267
!tourney,neither,0.03945320844208391,0.33037608806864915,0.630170703489267
Lupo’s online,neither,0.03945320844208391,0.33037608806864915,0.630170703489267
What skin is that?,neither,0.052571219816076126,0.3733592831943815,0.5740694969895425
Well done you played so damn well @Ninja,offensive_language,0.05416241930869469,0.7292108878475997,0.21662669284370573
What happened? ninjaCry,neither,0.04722295797655572,0.3248777811305592,0.6278992608928851
Lets actually go,neither,0.03987437922140404,0.3502184671839116,0.6099071535946844
Dub,neither,0.03945320844208391,0.33037608806864915,0.630170703489267
THE VIEWERSSS,neither,0.03613032604487659,0.2619290779399786,0.7019405960151449
FortOne FortOne FortOne FortOne FortOne,neither,0.03945320844208391,0.33037608806864915,0.630170703489267
Is there a way to tell who’s in the lead,neither,0.05280974932840368,0.32619736989481096,0.6209928807767853
10 short of top 20,neither,0.03945320844208391,0.33037608806864915,0.630170703489267
!tourney,neither,0.03945320844208391,0.33037608806864915,0.630170703489267
Quarter mil views,neither,0.03945320844208391,0.33037608806864915,0.630170703489267
🔴Live with Vbuck Giveaway,neither,0.028136699693619364,0.38932825478483496,0.5825350455215457
you have 140 kills broo,neither,0.05351878349403838,0.3803079568631591,0.5661732596428025
140,neither,0.03945320844208391,0.33037608806864915,0.630170703489267
FortOne FortOne FortOne,neither,0.03945320844208391,0.33037608806864915,0.630170703489267
dae beat you,neither,0.07921936620007962,0.4336610861966835,0.4871195476032369
!tourney,neither,0.03945320844208391,0.33037608806864915,0.630170703489267
https://www.epicgames.com/fortnite/en-US/summer-skirmish,neither,0.06361510313872445,0.32623130651639115,0.6101535903448844
Ninja you live in the CHI like me right?,neither,0.05557937955173549,0.4049199221067925,0.539500698341472
Hi,neither,0.03945320844208391,0.33037608806864915,0.630170703489267
ninjaPon ninjaPon ninjaPon ninjaPon,neither,0.03945320844208391,0.33037608806864915,0.630170703489267
ninjaPon,neither,0.03945320844208391,0.33037608806864915,0.630170703489267
Broooo,neither,0.03945320844208391,0.33037608806864915,0.630170703489267
1) IDrop_Bodies 137(4) 1) TSM_DAYQYAN 127 (9) 2) Twitch.BlooTEA 127(8) 3) REAVERLOL 128 (7) 5) ninja 149 (10),neither,0.03945320844208391,0.33037608806864915,0.630170703489267
,neither,0.03945320844208391,0.33037608806864915,0.630170703489267
whats the skin?,neither,0.03850242171797198,0.31295730910571884,0.6485402691763091
Ninja you're sick PogChamp,neither,0.08235671644362469,0.34565056968887425,0.5719927138675011
!tourne,neither,0.03945320844208391,0.33037608806864915,0.630170703489267
230K \ TriHard /,neither,0.03945320844208391,0.33037608806864915,0.630170703489267
ninjaPon ninjaPon ninjaPon ninjaPon,neither,0.03945320844208391,0.33037608806864915,0.630170703489267
!tourney,neither,0.03945320844208391,0.33037608806864915,0.630170703489267
ninjaPon ninjaPon,neither,0.03945320844208391,0.33037608806864915,0.630170703489267
!tourney,neither,0.03945320844208391,0.33037608806864915,0.630170703489267
ninjaPon ninjaPon ninjaPon ninjaPon ninjaPon ninjaPon ninjaPon ninjaPon ninjaPon ninjaPon ninjaPon ninjaPon ninjaPon,neither,0.03945320844208391,0.33037608806864915,0.630170703489267
BIG 140 BABY,neither,0.025131353005691824,0.38835770979723583,0.5865109371970723
Super proud fan,neither,0.03945320844208391,0.33037608806864915,0.630170703489267
lolitoLimon,neither,0.03945320844208391,0.33037608806864915,0.630170703489267
theres rumors that drop bodies is cheating,neither,0.0482377465129636,0.3532863559095833,0.5984758975774531
!tourney,neither,0.03945320844208391,0.33037608806864915,0.630170703489267
ninjaCRINJA ninjaCRINJA ninjaCRINJA ninjaCRINJA ninjaCRINJA ninjaCRINJA ninjaCRINJA ninjaCRINJA ninjaCRINJA,neither,0.03945320844208391,0.33037608806864915,0.630170703489267
FortOne FortOne FortOne FortOne FortOne FortOne FortOne FortOne FortOne FortOne FortOne FortOne FortOne FortOne FortOne FortOne FortOne,neither,0.03945320844208391,0.33037608806864915,0.630170703489267
150,neither,0.03945320844208391,0.33037608806864915,0.630170703489267
!tourney,neither,0.03945320844208391,0.33037608806864915,0.630170703489267
!tourney,neither,0.03945320844208391,0.33037608806864915,0.630170703489267
Gg,neither,0.03945320844208391,0.33037608806864915,0.630170703489267
is there still a delay,neither,0.051626453628451946,0.2840400630650739,0.664333483306474
!tourney,neither,0.03945320844208391,0.33037608806864915,0.630170703489267
Why is I drop bodies not streaming? This is really sus to me,neither,0.04454598344692428,0.35824532069679016,0.5972086958562854
inv me I need a win :D,neither,0.02978789187654971,0.3806683196824268,0.5895437884410235
Let’s start a petition for Ninja to get his own skin!!!,neither,0.05719654415069471,0.3301140135279089,0.6126894423213963
GG NINJA WE ALL HERE FOR SUPPORT,neither,0.11468837253180267,0.31381900281566816,0.5714926246525291
So Ninja legitimately won,neither,0.03941564256639036,0.36653262107478374,0.5940517363588259
ninjaPon ninjaPon ninjaPon ninjaPon ninjaPon,neither,0.03945320844208391,0.33037608806864915,0.630170703489267
140,neither,0.03945320844208391,0.33037608806864915,0.630170703489267
!tourney,neither,0.03945320844208391,0.33037608806864915,0.630170703489267
https://www.epicgames.com/fortnite/en-US/summer-skirmish,neither,0.06361510313872445,0.32623130651639115,0.6101535903448844
FortLlama ninjaLlama ninjaLlama ninjaPon ninjaPon ninjaPon ninjaPon FortOne FortOne FortOne,neither,0.03945320844208391,0.33037608806864915,0.630170703489267
!wins,neither,0.03945320844208391,0.33037608806864915,0.630170703489267
Check Ninja's wins here -> https://goo.gl/17Qojo,neither,0.0737613933919306,0.30145673084023594,0.6247818757678334
"Wins: 12 Solos (15,16,17,17,17,10,9,12,13,12,13,15 Kills) ninjaPon",neither,0.03945320844208391,0.33037608806864915,0.630170703489267
!tourney,neither,0.03945320844208391,0.33037608806864915,0.630170703489267
Hi,neither,0.03945320844208391,0.33037608806864915,0.630170703489267
dropz is 110% cheating,neither,0.052578380808288645,0.3258617394292242,0.6215598797624872
What skin is that?,neither,0.052571219816076126,0.3733592831943815,0.5740694969895425
Ninja at 140,neither,0.0387728154008014,0.3510964644239961,0.6101307201752024
@Ninja how can I see the placements,neither,0.038829328263931505,0.3094696343948888,0.6517010373411796
CHI TOWN REPPIN!,neither,0.03945320844208391,0.33037608806864915,0.630170703489267
ninjaPon ninjaPon ninjaPon,neither,0.03945320844208391,0.33037608806864915,0.630170703489267
ninjaPon,neither,0.03945320844208391,0.33037608806864915,0.630170703489267
!tourney,neither,0.03945320844208391,0.33037608806864915,0.630170703489267
watch Tim finish,neither,0.04461662757060202,0.32860015145865656,0.6267832209707415
https://clips.twitch.tv/UnsightlyNimblePlumStinkyCheese,neither,0.03945320844208391,0.33037608806864915,0.630170703489267
NO DELAY GUYS,neither,0.03787436255351713,0.35717322325705353,0.6049524141894294
FortOne,neither,0.03945320844208391,0.33037608806864915,0.630170703489267
New dance,neither,0.044069913367379136,0.21373489512629454,0.7421951915063263
Did Lupos account get banned?,neither,0.038986873461353086,0.33829100972897,0.6227221168096768
that's so dumb,neither,0.03319107900143231,0.47030788514165484,0.49650103585691285
REFRESH,neither,0.03945320844208391,0.33037608806864915,0.630170703489267
1) IDrop_Bodies 137(4) 1) TSM_DAYQYAN 127 (9) 2) Twitch.BlooTEA 127(8) 3) REAVERLOL 128 (7) 5) ninja 140 (10),neither,0.03945320844208391,0.33037608806864915,0.630170703489267
hahahahahaa,neither,0.03945320844208391,0.33037608806864915,0.630170703489267
!tournament,neither,0.03945320844208391,0.33037608806864915,0.630170703489267
Find out about the Fortnite Pro-Am tournament at E3 here: https://www.epicgames.com/fortnite/en-US/pro-am2018,neither,0.07302648996826085,0.2943580135910988,0.6326154964406404
220??,neither,0.03945320844208391,0.33037608806864915,0.630170703489267
@Ninja your in 5th,neither,0.0687279024583074,0.32224734299779345,0.609024754543899
ninjaClap ninjaClap ninjaClap,neither,0.03945320844208391,0.33037608806864915,0.630170703489267
Yeaaaaa,neither,0.03945320844208391,0.33037608806864915,0.630170703489267
2nd place hollllyyy,neither,0.043127462776208624,0.26801440297885326,0.6888581342449381
merca?,neither,0.03945320844208391,0.33037608806864915,0.630170703489267
thank god,neither,0.03889004343580062,0.3399344679688249,0.6211754885953744
DQ,neither,0.03945320844208391,0.33037608806864915,0.630170703489267
idrop bodies is a destiny player,neither,0.04087013260778082,0.40602967763192077,0.5531001897602983
He isnt streaming which was one of the rules,neither,0.041555485721119514,0.33976808469085296,0.6186764295880275
Straight KILLED it my boy,neither,0.027212470606053373,0.41770699832485786,0.5550805310690887
I'm pretty PUMPED ninjaCreep,neither,0.03945320844208391,0.33037608806864915,0.630170703489267
LOL of course it's a dq,neither,0.028783422858625465,0.39955693233205214,0.5716596448093224
he's just good,neither,0.03915510614712512,0.36234100555715815,0.5985038882957168
ninjaClap ninjaClap ninjaClap ninjaClap ninjaClap good stuff,neither,0.03858300747992897,0.3306753900831237,0.6307416024369474
!tourney,neither,0.03945320844208391,0.33037608806864915,0.630170703489267
yea bodies is sketchy,neither,0.04862103489160875,0.3308872389573523,0.6204917261510389
why DQ?,neither,0.016768318525353994,0.3685911158159394,0.6146405656587067
ur at 7th right now and dropping,neither,0.05503687904618406,0.3254867513032571,0.6194763696505589
DQed because he is using KBM,neither,0.05120094633093019,0.39981295158604896,0.548986102083021
150???,neither,0.03945320844208391,0.33037608806864915,0.630170703489267
No streaming,neither,0.03852177801590115,0.3461848932406789,0.6152933287434199
DQED OMEGALUL,neither,0.03945320844208391,0.33037608806864915,0.630170703489267
look at his hair..you can tell he is....,neither,0.1180373450476811,0.38284613605717355,0.4991165188951454
ninjaPon ninjaPon ninjaPon ninjaPon ninjaPon ninjaPon,neither,0.03945320844208391,0.33037608806864915,0.630170703489267
lessgoooo 5 months scroooonnnngggg,neither,0.03945320844208391,0.33037608806864915,0.630170703489267
it's cheating,neither,0.03733598750606908,0.33110429743498637,0.6315597150589446
ninjaPon ninjaPon ninjaPon ninjaPon ninjaBits ninjaPon ninjaAmazing ninjaPon ninjaAmazing ninjaFood ninjaAmazing ninjaFood ninjaPon ninjaFan ninjaShrug ninjaFan ninjaTroll ninjaTroll ninjaClap ninjaShrug ninjaAmazing ninjaPrime ninjaAmazing,neither,0.03945320844208391,0.33037608806864915,0.630170703489267
Item,neither,0.03945320844208391,0.33037608806864915,0.630170703489267
!tourney,neither,0.03945320844208391,0.33037608806864915,0.630170703489267
HAHHAHAHHAHAHHAHA DQ BICH,neither,0.03945320844208391,0.33037608806864915,0.630170703489267
https://www.epicgames.com/fortnite/en-US/summer-skirmish,neither,0.06361510313872445,0.32623130651639115,0.6101535903448844
I hope its a dq,neither,0.08625319886534714,0.16609522022860232,0.7476515809060507
Ninja won if he’s dq’d,neither,0.026509063308673794,0.3821298885280473,0.5913610481632788
!brackets,neither,0.03945320844208391,0.33037608806864915,0.630170703489267
This guy IDropBodies is got 120 something with 5 games,neither,0.03487727711508243,0.39654316822734187,0.5685795546575758
What place is he in>?????????,neither,0.07446563168200249,0.25321034601506587,0.6723240223029316
!tourney,neither,0.03945320844208391,0.33037608806864915,0.630170703489267
1nd,neither,0.03945320844208391,0.33037608806864915,0.630170703489267
Bennnn,neither,0.03945320844208391,0.33037608806864915,0.630170703489267
0 viewers what,neither,0.04568673754512718,0.3259267583143808,0.628386504140492
Cheating with keyboard on PS4,neither,0.029579945580979424,0.3677362456878108,0.6026838087312097
Nick mercs is killin it,neither,0.045811162609808324,0.3281892960825495,0.6259995413076421
!tourney,neither,0.03945320844208391,0.33037608806864915,0.630170703489267
!bracket,neither,0.03945320844208391,0.33037608806864915,0.630170703489267
Friday 7/20 Tournament Info: https://www.epicgames.com/fortnite/en-US/summer-skirmish,neither,0.056518453073647563,0.32762331850861665,0.6158582284177357
https://clips.twitch.tv/HandsomeAttractiveMagpieTakeNRG,neither,0.03945320844208391,0.33037608806864915,0.630170703489267
He’s such a cheat,neither,0.04659176629127997,0.3229738026228731,0.6304344310858468
Lets go Baby!,neither,0.03989086924885973,0.3509994628938089,0.6091096678573312
Nick mercs should have to play on pc with a controller,neither,0.04070700574622729,0.39005086859942506,0.5692421256543475
idropbodies is a cheater and a pussy,offensive_language,0.009245442948192448,0.9906832891470314,7.126790477629862e-05
dude are using MNK on console,neither,0.05282946110099187,0.359338124570067,0.5878324143289411
Lupoooo ninjaCreep ninjaCreep ninjaCreep ninjaCreep ninjaCreep ninjaCreep ninjaCreep ninjaCreep ninjaCreep ninjaCreep ninjaCreep,neither,0.03945320844208391,0.33037608806864915,0.630170703489267
GOAT,neither,0.03945320844208391,0.33037608806864915,0.630170703489267
whos using keyboard?,neither,0.036374548279120726,0.3826289856969091,0.5809964660239701
lessss gooooo NINJAAA,neither,0.03945320844208391,0.33037608806864915,0.630170703489267
Idropz cheating,neither,0.03945320844208391,0.33037608806864915,0.630170703489267
what's going on??,neither,0.04055656154423346,0.38833852883122105,0.5711049096245454
!Subcount,neither,0.03945320844208391,0.33037608806864915,0.630170703489267
CHI TOWN REPPIN!,neither,0.03945320844208391,0.33037608806864915,0.630170703489267
1) IDrop_Bodies 137(4) 1) TSM_DAYQYAN 127 (9) 2) Twitch.BlooTEA 127(8) 3) REAVERLOL 128 (7) 5) ninja 140 (10),neither,0.03945320844208391,0.33037608806864915,0.630170703489267
Currently there are 105731 subscribed,neither,0.07087749722926778,0.23135887718097997,0.6977636255897524
@MnRaf GOAT AND A HALF,neither,0.03859970311015817,0.2867910012063604,0.6746092956834814
idropzbodies isn't streaming either.,neither,0.03945320844208391,0.33037608806864915,0.630170703489267
@Ninja your in 5th,neither,0.0687279024583074,0.32224734299779345,0.609024754543899
its supported by PS4 and yall just salty. complain about scuffs then.,neither,0.03272007912166591,0.37004889091926596,0.5972310299590682
Lmao y’all are salty af,neither,0.06633188806548682,0.37094747091499175,0.5627206410195215
lets go baby,neither,0.03989086924885973,0.3509994628938089,0.6091096678573312
5th,neither,0.03945320844208391,0.33037608806864915,0.630170703489267
ninjaCreep ninjaCreep ninjaCreep ninjaCreep ninjaCreep,neither,0.03945320844208391,0.33037608806864915,0.630170703489267
Yo,offensive_language,0.04010381111145228,0.5271105317972344,0.4327856570913131
215k Veiwers God Dam bro,neither,0.03945320844208391,0.33037608806864915,0.630170703489267
"Yeah screw ps4 and Xbox, too easy",neither,0.028220469614405223,0.37937780264845994,0.5924017277371348
GOAT,neither,0.03945320844208391,0.33037608806864915,0.630170703489267
bra,neither,0.03945320844208391,0.33037608806864915,0.630170703489267
I think you might stay top 10,neither,0.055431520570991114,0.3652192979192838,0.579349181509725
!wins,neither,0.03945320844208391,0.33037608806864915,0.630170703489267
Check Ninja's wins here -> https://goo.gl/17Qojo,neither,0.0737613933919306,0.30145673084023594,0.6247818757678334
"Wins: 12 Solos (15,16,17,17,17,10,9,12,13,12,13,15 Kills) ninjaPon",neither,0.03945320844208391,0.33037608806864915,0.630170703489267
what did he get DQ'd for? i didnt hear what he said,neither,0.05000714830480407,0.30821992783336816,0.6417729238618278
console players are bullshit shouldnt be in the same bracket. thats not fair at all,neither,0.060040377939296785,0.44504335236876297,0.49491626969194025
FortOne FortOne FortOne FortOne FortOne FortOne,neither,0.03945320844208391,0.33037608806864915,0.630170703489267
ayyy,neither,0.03945320844208391,0.33037608806864915,0.630170703489267
Is the tournament just these games and then you place or are there other rounds?,neither,0.07777614371682064,0.28114582826526013,0.6410780280179192
new emote,neither,0.04660400397451208,0.1401930676750457,0.8132029283504423
CANT END ON A HEATER PogChamp,neither,0.0359896199984847,0.3471128639992282,0.6168975160022871
!tournament,neither,0.03945320844208391,0.33037608806864915,0.630170703489267
Find out about the Fortnite Pro-Am tournament at E3 here: https://www.epicgames.com/fortnite/en-US/pro-am2018,neither,0.07302648996826085,0.2943580135910988,0.6326154964406404
Tim killed you,neither,0.058481878512016354,0.3835294922065407,0.557988629281443
ninjaCreep ninjaCreep ninjaCreep ninjaCreep ninjaCreep ninjaCreep ninjaCreep ninjaCreep ninjaCreep ninjaCreep ninjaCreep ninjaCreep,neither,0.03945320844208391,0.33037608806864915,0.630170703489267
Ninjaaaaaaaa is the gooooaaaaaatttttttt ninjaIQ ninjaIQ ninjaIQ ninjaHype ninjaHype ninjaHype ninjaBlank ninjaBlank ninjaBlank ninjaK ninjaK ninjaK ninjaK ninjaClap ninjaClap ninjaClap ninjaClap ninjaFan ninjaFan ninjaFan ninjaGold ninjaGold ninjaH ninjaH ninjaH ninjaH ninjaK ninjaK ninjaK,neither,0.06634763790238427,0.27637293114625994,0.6572794309513558
#blackninja,neither,0.03945320844208391,0.33037608806864915,0.630170703489267
https://clips.twitch.tv/SmilingMistyReubenBudBlast,neither,0.03945320844208391,0.33037608806864915,0.630170703489267
ninjaTooth ninjaCreep ninjaTooth ninjaCreep ninjaTooth ninjaTooth ninjaCreep ninjaTooth ninjaCreep ninjaTooth ninjaCreep ninjaTooth ninjaCreep,neither,0.03945320844208391,0.33037608806864915,0.630170703489267
@derekparsons24 i think thats fair,neither,0.04002665553626185,0.3206431943027901,0.6393301501609481
ninja i thought,neither,0.042958341536706184,0.22043913286844727,0.7366025255948465
Bad sportsmanship he'd better get dq'd,neither,0.04110653440430365,0.3414393946423518,0.6174540709533446
!tourney,neither,0.03945320844208391,0.33037608806864915,0.630170703489267
https://www.epicgames.com/fortnite/en-US/summer-skirmish,neither,0.06361510313872445,0.32623130651639115,0.6101535903448844
That 3 game woof,neither,0.03468273196213576,0.3300675562752082,0.635249711762656
1) IDrop_Bodies 137(4) 1) TSM_DAYQYAN 127 (9) 2) Twitch.BlooTEA 127(8) 3) REAVERLOL 128 (7) 5) ninja 140 (10),neither,0.03945320844208391,0.33037608806864915,0.630170703489267
ninjaBlood,neither,0.03945320844208391,0.33037608806864915,0.630170703489267
Who is Idrop lol,offensive_language,0.03958428482929217,0.5445780037960797,0.41583771137462816
,neither,0.03945320844208391,0.33037608806864915,0.630170703489267
He's probably using that Xim Apex which is a k&m converter on ps4 and xbox one,neither,0.03903160488785521,0.39720735085653813,0.5637610442556067
CHI TOWN STAND UP!,neither,0.03720095881110787,0.3754932847046038,0.5873057564842884
ps4 players are all trash and then your gonna use a mouse lol at that point as a person your trash,neither,0.05073566320585059,0.2589142717665893,0.6903500650275601
You are 5th !!!,neither,0.11654652392513754,0.3249179077752373,0.5585355682996251
Yo,offensive_language,0.04010381111145228,0.5271105317972344,0.4327856570913131
ninjaClap ninjaClap ninjaClap ninjaClap ninjaClap ninjaClap ninjaFood ninjaAim ninjaFan ninjaAim ninjaFan ninjaAim ninjaFan ninjaAim ninjaFan ninjaAim,neither,0.03945320844208391,0.33037608806864915,0.630170703489267
"You made amazing games bro, gg",neither,0.05483102380953557,0.37388139486314037,0.5712875813273239
new emote,neither,0.04660400397451208,0.1401930676750457,0.8132029283504423
ninjaSplode ninjaSplode ninjaSplode ninjaSplode,neither,0.03945320844208391,0.33037608806864915,0.630170703489267
new emote,neither,0.04660400397451208,0.1401930676750457,0.8132029283504423
who won,neither,0.04061417405158025,0.44294463029151515,0.5164411956569047
craziness,neither,0.03945320844208391,0.33037608806864915,0.630170703489267
ninjacheer1000 hoy are the best i am from spain and i want to know how many wins thank you,neither,0.07522252261494285,0.26916644657817096,0.6556110308068862
who won,neither,0.04061417405158025,0.44294463029151515,0.5164411956569047
Watch Tim,neither,0.04605814760240327,0.32810434661795046,0.6258375057796463
LOLITOOOOOOOO,neither,0.03945320844208391,0.33037608806864915,0.630170703489267
New Emote!!,neither,0.04660400397451208,0.1401930676750457,0.8132029283504423
ninjaLlama ninjaLlama ninjaLlama,neither,0.03945320844208391,0.33037608806864915,0.630170703489267
@Ninja You killed me for the win in game 9. You earned my sub,neither,0.03918063426997578,0.3994301846641988,0.5613891810658255
who got dqed,offensive_language,0.03847380829074717,0.5677577537724152,0.39376843793683747
ninjaRed ninjaPon ninjaPon ninjaPon ninjaPon ninjaPon ninjaPon ninjaPon ninjaPon ninjaPon ninjaPon ninjaPon ninjaPon ninjaPon ninjaPon ninjaPon ninjaPon ninjaPon ninjaPon ninjaPon ninjaPon ninjaPon ninjaPon ninjaPon,neither,0.03945320844208391,0.33037608806864915,0.630170703489267
ninja is good for catoons… he makes me laugh when i see him,neither,0.031603839541287086,0.36636482896967043,0.6020313314890424
yay your back together,neither,0.07077527509201256,0.3216743815271876,0.6075503433807998
!tourney,neither,0.03945320844208391,0.33037608806864915,0.630170703489267
@lolitofdez LOLITO MADRE MIA ninjaShrug,neither,0.03945320844208391,0.33037608806864915,0.630170703489267
!tourney,neither,0.03945320844208391,0.33037608806864915,0.630170703489267
ninjaPon ninjaPon ninjaPon ninjaPon ninjaPon ninjaPon ninjaPon ninjaPon ninjaPon,neither,0.03945320844208391,0.33037608806864915,0.630170703489267
the sh op,neither,0.03861428737105188,0.3150553371009122,0.6463303755280358
ninjaPon,neither,0.03945320844208391,0.33037608806864915,0.630170703489267
cant wait to see them get whooped in this game,neither,0.05420228646185756,0.29858447707427904,0.6472132364638634
ninjaRed ninjaBull,neither,0.03945320844208391,0.33037608806864915,0.630170703489267
@Ninja your in 5th,neither,0.0687279024583074,0.32224734299779345,0.609024754543899
new emote,neither,0.04660400397451208,0.1401930676750457,0.8132029283504423
New emote,neither,0.04660400397451208,0.1401930676750457,0.8132029283504423
WASSSSSSSup,neither,0.03945320844208391,0.33037608806864915,0.630170703489267
New emote,neither,0.04660400397451208,0.1401930676750457,0.8132029283504423
Watch Tim!,neither,0.04605814760240327,0.32810434661795046,0.6258375057796463
ninjaH ninjaH lupoLOVE lupoLOVE,neither,0.03945320844208391,0.33037608806864915,0.630170703489267
!bracket,neither,0.03945320844208391,0.33037608806864915,0.630170703489267
Friday 7/20 Tournament Info: https://www.epicgames.com/fortnite/en-US/summer-skirmish,neither,0.056518453073647563,0.32762331850861665,0.6158582284177357
that's nice of him,neither,0.03449589881272352,0.385582556466396,0.5799215447208804
WOO WWOO,neither,0.03945320844208391,0.33037608806864915,0.630170703489267
ninjaHype ninjaHype ninjaHype ninjaHype ninjaS ninjaS ninjaWifey ninjaWifey FortOne FortOne ninjaHS ninjaHS ninjaHS,neither,0.03945320844208391,0.33037608806864915,0.630170703489267
1) IDrop_Bodies 137(4) 1) TSM_DAYQYAN 127 (9) 2) Twitch.BlooTEA 127(8) 3) REAVERLOL 128 (7) 5) ninja 140 (10),neither,0.03945320844208391,0.33037608806864915,0.630170703489267
ninjaaaaaaaa,neither,0.03945320844208391,0.33037608806864915,0.630170703489267
hi,neither,0.03945320844208391,0.33037608806864915,0.630170703489267
Randy duos :D,neither,0.03945320844208391,0.33037608806864915,0.630170703489267
the doctor is on call,neither,0.04379550956822463,0.3246505375837377,0.6315539528480376
yo ninja,neither,0.03963661905393089,0.4165653046673816,0.5437980762786875
@Ninja watch tim,neither,0.04438177496235157,0.3286809280399417,0.6269372969977066
ninjaS ninjaS ninjaS ninjaS,neither,0.03945320844208391,0.33037608806864915,0.630170703489267
!bracket,neither,0.03945320844208391,0.33037608806864915,0.630170703489267
CHI TOWN LET'S GOOOOOOO,neither,0.02561993254084526,0.3600510332050766,0.6143290342540781
Ninja!!!!!!!!!!,neither,0.03945320844208391,0.33037608806864915,0.630170703489267
Good guy Ninja doesn't wanna mess anyone else's game up,neither,0.036746606782464435,0.3395262998960147,0.6237270933215208
item shopppp,neither,0.03945320844208391,0.33037608806864915,0.630170703489267
Bodiez doesnt use mouse and keyboard,neither,0.01827515217753444,0.3700227036742024,0.6117021441482632
ninjaPon ninjaPon ninjaPon ninjaPon ninjaPon ninjaPon ninjaPon ninjaPon ninjaPon ninjaPon ninjaPon ninjaPon ninjaPon ninjaPon ninjaPon ninjaPon ninjaPon ninjaPon ninjaPon ninjaPon ninjaPon ninjaPon ninjaPon ninjaPon ponpon pls,neither,0.03945320844208391,0.33037608806864915,0.630170703489267
@enjoip3ace Dont ever talk shit to console players. Hater,offensive_language,0.039288215600228556,0.9382438921966569,0.02246789220311444
what TIMMY,neither,0.045915666119560924,0.3257693565681219,0.6283149773123172
!points,neither,0.03945320844208391,0.33037608806864915,0.630170703489267
To see how clips are scored go here: https://www.guardiancon.co/clips4kids,neither,0.09579093802350956,0.2779479878175696,0.626261074158921
ninjaCreep ninjaCreep ninjaCreep ninjaCreep ninjaCreep ninjaCreep ninjaCreep ninjaCreep,neither,0.03945320844208391,0.33037608806864915,0.630170703489267
there's another tournament tomorrow?,neither,0.08009712230054071,0.23417095067969904,0.6857319270197604
https://clips.twitch.tv/HyperModernTomatoVoHiYo,neither,0.03945320844208391,0.33037608806864915,0.630170703489267
ninjaPon ninjaPon,neither,0.03945320844208391,0.33037608806864915,0.630170703489267
U killed him game 2,neither,0.03854063453239724,0.285214100800995,0.6762452646666078
new emote,neither,0.04660400397451208,0.1401930676750457,0.8132029283504423
ninjaH,neither,0.03945320844208391,0.33037608806864915,0.630170703489267
i cant find anything on idropz_bodies,neither,0.04081511509694491,0.24364417695180368,0.7155407079512515
So how is the score so far with other streamers ?,neither,0.03528788422266639,0.4115877885800368,0.5531243271972968
!touney,neither,0.03945320844208391,0.33037608806864915,0.630170703489267
Who is drop bodiez,neither,0.07018240994176617,0.41084292631198055,0.5189746637462531
New emote,neither,0.04660400397451208,0.1401930676750457,0.8132029283504423
ninjaPrime ninjaPrime ninjaPrime ninjaPrime,neither,0.03945320844208391,0.33037608806864915,0.630170703489267
I don’t wanna mess up someone else’s game lol,neither,0.031019301046177186,0.378835712396923,0.5901449865569
ninjaBlood,neither,0.03945320844208391,0.33037608806864915,0.630170703489267
That’s pretty amazing @ninja respect and honor bro. Not playing solo to mess anyone up.,neither,0.038229638326604004,0.3558185662831176,0.6059517953902784
New emote,neither,0.04660400397451208,0.1401930676750457,0.8132029283504423
!bracket,neither,0.03945320844208391,0.33037608806864915,0.630170703489267
new emote,neither,0.04660400397451208,0.1401930676750457,0.8132029283504423
which new emote?,neither,0.044309814248543335,0.2072415915171701,0.7484485942342866
why wouldn't u wanna ruin other ppl's games? so u can win?,neither,0.032306334307111634,0.3660871159728589,0.6016065497200294
ninja is dope,neither,0.04783814664321124,0.3274921233248881,0.6246697300319006
Damn,offensive_language,0.042479326866149344,0.9516554255713155,0.005865247562535126
ninjaRed ninjaRed ninjaRed ninjaRed ninjaRed ninjaRed ninjaRed ninjaPopcorn ninjaPopcorn ninjaPopcorn ninjaPopcorn ninjaPopcorn ninjaRekt ninjaRekt ninjaRekt ninjaRekt,neither,0.03945320844208391,0.33037608806864915,0.630170703489267
NINJA LET ME SEE THE TATTOO!,neither,0.02248634984481048,0.37322919324952364,0.6042844569056659
DAMN!,offensive_language,0.042479326866149344,0.9516554255713155,0.005865247562535126
3k wins? jeeeeeeeez. Here i am struggling to get 2 kills lmao,neither,0.06831254562066853,0.32102796022296426,0.6106594941563673
game broke man,neither,0.03853369218502948,0.35186852149500536,0.6095977863199653
lets go ninja,neither,0.03981812293322871,0.3475555400903652,0.6126263369764061
can someone tell me what 5 min delay means?,neither,0.037616454581184275,0.35526295642107053,0.6071205889977452
TITLE,neither,0.03945320844208391,0.33037608806864915,0.630170703489267
LOTS,neither,0.03945320844208391,0.33037608806864915,0.630170703489267
FLEX Nice!,neither,0.03945320844208391,0.33037608806864915,0.630170703489267
ITEMSHOP,neither,0.03945320844208391,0.33037608806864915,0.630170703489267
new emote in shoop,neither,0.04592830165877475,0.1611808748070735,0.7928908235341517
new emote,neither,0.04660400397451208,0.1401930676750457,0.8132029283504423
The,neither,0.03613032604487659,0.2619290779399786,0.7019405960151449
flex,neither,0.03945320844208391,0.33037608806864915,0.630170703489267
@Ninja congrats on the 1 billion views on youtube today!!!!,neither,0.03505201339965827,0.3238855229893348,0.6410624636110069
f,neither,0.03945320844208391,0.33037608806864915,0.630170703489267
nick getting 20+ games against playstation potatoes,neither,0.03783367878138407,0.35786373304633595,0.60430258817228
https://clips.twitch.tv/HyperModernTomatoVoHiYo,neither,0.03945320844208391,0.33037608806864915,0.630170703489267
itemshop,neither,0.03945320844208391,0.33037608806864915,0.630170703489267
"TSM_Myth - 69, 10 Matches Played HAHAHAHAHAHA PLS OVERRATED",neither,0.03945320844208391,0.33037608806864915,0.630170703489267
!tourney,neither,0.03945320844208391,0.33037608806864915,0.630170703489267
https://www.epicgames.com/fortnite/en-US/summer-skirmish,neither,0.06361510313872445,0.32623130651639115,0.6101535903448844
!bracket,neither,0.03945320844208391,0.33037608806864915,0.630170703489267
Friday 7/20 Tournament Info: https://www.epicgames.com/fortnite/en-US/summer-skirmish,neither,0.056518453073647563,0.32762331850861665,0.6158582284177357
!bracket,neither,0.03945320844208391,0.33037608806864915,0.630170703489267
new emote,neither,0.04660400397451208,0.1401930676750457,0.8132029283504423
0,neither,0.03945320844208391,0.33037608806864915,0.630170703489267
What’s ninjas placing??,neither,0.04568673754512718,0.3259267583143808,0.628386504140492
itemshop,neither,0.03945320844208391,0.33037608806864915,0.630170703489267
Can we spectate tim?,neither,0.03955463025173792,0.32865469526898955,0.6317906744792726
Is delay off?,neither,0.058856182052881595,0.3237025157088501,0.6174413022382683
New emote,neither,0.04660400397451208,0.1401930676750457,0.8132029283504423
Why does the website say you have 120 points ?,neither,0.0299848899181342,0.45031656698819367,0.5196985430936721
I love you ninja ninjaCreep ninjaClap ninjaCreep,neither,0.055614303534325615,0.40605032358192344,0.538335372883751
store has a new emote,neither,0.08029463124301331,0.21359028226355387,0.7061150864934328
How much did you win? @Ninja,neither,0.04918860656975725,0.37204982634189576,0.578761567088347
Sshhhhhooppp,neither,0.03945320844208391,0.33037608806864915,0.630170703489267
ITEMSHOP item,neither,0.03945320844208391,0.33037608806864915,0.630170703489267
!tourney,neither,0.03945320844208391,0.33037608806864915,0.630170703489267
What is the name of the website the tournament is on?,neither,0.05051748641248744,0.30276934424147633,0.6467131693460362
