text,top_class,hate_speech,offensive_language,neither
ninjaBlast1 ninjaBlast2 ninjaBlast3,neither,0.03945320844208391,0.33037608806864915,0.630170703489267
yooo hi ninja,neither,0.03945320844208391,0.33037608806864915,0.630170703489267
Hello!,neither,0.03945320844208391,0.33037608806864915,0.630170703489267
Yought that thought,neither,0.03829169309849117,0.22858049420765114,0.7331278126938577
Yo ninj,offensive_language,0.04010381111145228,0.5271105317972344,0.4327856570913131
yooooooooo,neither,0.03945320844208391,0.33037608806864915,0.630170703489267
YO YO HELLO NINJA,neither,0.039745331052918484,0.4474435466154522,0.5128111223316292
Good morning everyone,neither,0.040724576765085965,0.29551443435292063,0.6637609888819933
morning,neither,0.05283876784042269,0.1031882115525248,0.8439730206070525
First,neither,0.02604892428726219,0.3349864360510187,0.6389646396617191
What’s up ninja,neither,0.0424860282095962,0.3861250105635327,0.5713889612268711
Morning,neither,0.05283876784042269,0.1031882115525248,0.8439730206070525
Let get it!! Hey ninja!,neither,0.024547411664037126,0.3680496072039913,0.6074029811319714
yo yo yo!,offensive_language,0.04010381111145228,0.5271105317972344,0.4327856570913131
Hi,neither,0.03945320844208391,0.33037608806864915,0.630170703489267
hello,neither,0.03945320844208391,0.33037608806864915,0.630170703489267
Suh dude,neither,0.03945320844208391,0.33037608806864915,0.630170703489267
yoooo,neither,0.03945320844208391,0.33037608806864915,0.630170703489267
ninja,neither,0.03945320844208391,0.33037608806864915,0.630170703489267
hi NINJa,neither,0.03945320844208391,0.33037608806864915,0.630170703489267
Ayyyyy,neither,0.03945320844208391,0.33037608806864915,0.630170703489267
suhhhh,neither,0.03945320844208391,0.33037608806864915,0.630170703489267
Yote,neither,0.03945320844208391,0.33037608806864915,0.630170703489267
hi,neither,0.03945320844208391,0.33037608806864915,0.630170703489267
Good morning ninja,neither,0.0468013847741319,0.19273113716557552,0.7604674780602926
suhh,neither,0.03945320844208391,0.33037608806864915,0.630170703489267
Good evening from Sydney Australia 🇦🇺,neither,0.03972792457543645,0.3184345237565962,0.6418375516679674
hey ninja,neither,0.03945320844208391,0.33037608806864915,0.630170703489267
Notification gang,neither,0.03945320844208391,0.33037608806864915,0.630170703489267
Buenas Dias Senor,neither,0.03945320844208391,0.33037608806864915,0.630170703489267
hi,neither,0.03945320844208391,0.33037608806864915,0.630170703489267
NINJA SAGA NINJA,neither,0.03945320844208391,0.33037608806864915,0.630170703489267
oh hello there,neither,0.04496423197175243,0.2293814944764986,0.7256542735517489
Hi,neither,0.03945320844208391,0.33037608806864915,0.630170703489267
Hey,neither,0.03945320844208391,0.33037608806864915,0.630170703489267
Hello,neither,0.03945320844208391,0.33037608806864915,0.630170703489267
notification gang,neither,0.03945320844208391,0.33037608806864915,0.630170703489267
aye,neither,0.03945320844208391,0.33037608806864915,0.630170703489267
hey,neither,0.03945320844208391,0.33037608806864915,0.630170703489267
Ninjaaaaaaaaa,neither,0.03945320844208391,0.33037608806864915,0.630170703489267
hi ninja ;D,neither,0.03945320844208391,0.33037608806864915,0.630170703489267
Any plebs need a sub? First one to whisper Tylers birthday,neither,0.03788727002180041,0.35040184410716857,0.6117108858710311
Actually morning * it’s 12:40am lol,neither,0.03792586715594905,0.24871488025545788,0.713359252588593
whaddup chat,neither,0.03945320844208391,0.33037608806864915,0.630170703489267
those freeze traps are so lit,neither,0.08087894507346251,0.27635830064513905,0.6427627542813983
ninjaCreep ninjaCreep ninjaFan ninjaCreep,neither,0.03945320844208391,0.33037608806864915,0.630170703489267
My Ninja sense was tingling,neither,0.02899749338927376,0.4120977875416932,0.5589047190690332
recently joined the ninja team feels good,neither,0.03849926077381294,0.32036486315781626,0.6411358760683707
Yo!,offensive_language,0.04010381111145228,0.5271105317972344,0.4327856570913131
ninjaTooth ninjaClap ninjaTooth ninjaClap ninjaTooth ninjaClap ninjaTooth,neither,0.03945320844208391,0.33037608806864915,0.630170703489267
Morning,neither,0.05283876784042269,0.1031882115525248,0.8439730206070525
Yo,offensive_language,0.04010381111145228,0.5271105317972344,0.4327856570913131
s,neither,0.03945320844208391,0.33037608806864915,0.630170703489267
Good morning!!,neither,0.04970930963283925,0.13564577574880146,0.8146449146183593
ninjaBull ninjaRed ninjaSplode ninjaPon ninjaAww ninjaAmazing ninjaWifey ninjaCry ninjaBlank ninjaCash ninjaFood ninjaHi,neither,0.03945320844208391,0.33037608806864915,0.630170703489267
What is up the world!,neither,0.05338039976028201,0.3654611030079216,0.5811584972317965
good morning ninja's,neither,0.0468013847741319,0.19273113716557552,0.7604674780602926
How’s yours morning going so far?,neither,0.04537368960841283,0.2730257261663094,0.6816005842252778
ninjaAww ninjaAww ninjaAww ninjaAww,neither,0.03945320844208391,0.33037608806864915,0.630170703489267
ninjaCreep ninjaCreep,neither,0.03945320844208391,0.33037608806864915,0.630170703489267
morning,neither,0.05283876784042269,0.1031882115525248,0.8439730206070525
ninjaCreep ninjaCreep ninjaCreep,neither,0.03945320844208391,0.33037608806864915,0.630170703489267
lol @vickor97 That's why i'm here I got the ping from my phone saying its time!,neither,0.027652157141654653,0.45090515447821344,0.521442688380132
The islands in greasy,neither,0.038442104424261506,0.31181965916652754,0.649738236409211
Hi,neither,0.03945320844208391,0.33037608806864915,0.630170703489267
BOOTY,neither,0.030990341380901697,0.4740130284199694,0.494996630199129
hiiii,neither,0.03945320844208391,0.33037608806864915,0.630170703489267
Good morning everyone,neither,0.040724576765085965,0.29551443435292063,0.6637609888819933
Morning,neither,0.05283876784042269,0.1031882115525248,0.8439730206070525
heyyy,neither,0.03945320844208391,0.33037608806864915,0.630170703489267
ninjaPon ninjaPon ninjaPon ninjaPon ninjaPon ninjaPon ninjaPon ninjaPon ninjaPon ninjaPon ninjaPon ninjaPon ninjaPon ninjaPon ninjaPon,neither,0.03945320844208391,0.33037608806864915,0.630170703489267
ninjaPon,neither,0.03945320844208391,0.33037608806864915,0.630170703489267
"Go ninja go ninja, go! Go ninja go ninja, go!",neither,0.041400987691344586,0.3371455909199812,0.6214534213886741
ninjaCreep ninjaCreep ninjaCreep ninjaCreep ninjaCreep,neither,0.03945320844208391,0.33037608806864915,0.630170703489267
Morning @ninja ninjaHi ninjaHi,neither,0.048203553387938615,0.18185989775694275,0.7699365488551186
Subs only?,neither,0.03945320844208391,0.33037608806864915,0.630170703489267
hiiii,neither,0.03945320844208391,0.33037608806864915,0.630170703489267
morning!,neither,0.05283876784042269,0.1031882115525248,0.8439730206070525
ninjaS ninjaS ninjaS ninjaS ninjaS ninjaS ninjaS ninjaS ninjaS ninjaS ninjaS ninjaS ninjaS ninjaS ninjaS ninjaS ninjaS ninjaS ninjaS ninjaS ninjaS ninjaS ninjaS ninjaS ninjaS ninjaS ninjaS ninjaS ninjaS ninjaS ninjaS ninjaS ninjaS ninjaS ninjaS ninjaS ninjaS ninjaS ninjaS ninjaS ninjaS ninjaS ninjaS ninjaS ninjaS ninjaS ninjaS ninjaS,neither,0.03945320844208391,0.33037608806864915,0.630170703489267
sup,neither,0.03945320844208391,0.33037608806864915,0.630170703489267
@Ninja LEGOOOOOOOO GET HYPED,neither,0.038993197288308995,0.3381836778816551,0.622823124830036
morning,neither,0.05283876784042269,0.1031882115525248,0.8439730206070525
"Yo it just boosted to 6,000 viewers DAYYUUUMMM",neither,0.03969050557860109,0.4033578194191653,0.5569516750022336
ninjaHype,neither,0.03945320844208391,0.33037608806864915,0.630170703489267
Hello,neither,0.03945320844208391,0.33037608806864915,0.630170703489267
morning,neither,0.05283876784042269,0.1031882115525248,0.8439730206070525
This is some chill music I dig,neither,0.0383647138332887,0.34142646650135244,0.6202088196653589
good morning my man!!,neither,0.03474522708809019,0.34875582524185333,0.6164989476700565
How you doing,neither,0.07007778407981097,0.41251336593017107,0.517408849990018
ninjaBlast2 ninjaBlast3 ninjaBlast3 ninjaBlast3 ninjaBlast3 ninjaBlast3 ninjaBlast3 ninjaBlast3 ninjaBlast3 ninjaBlast3,neither,0.03945320844208391,0.33037608806864915,0.630170703489267
ninjaBlast2 ninjaBlast3 ninjaBlast3,neither,0.03945320844208391,0.33037608806864915,0.630170703489267
Good Mornin,neither,0.03868733656327734,0.3306395065272872,0.6306731569094355
the freeze trap is hard to find,neither,0.04497978570590098,0.43909528894613764,0.5159249253479614
Good morning Tyler,neither,0.04691433381159199,0.19055706009032403,0.7625286060980839
"Chat, can we tell Ninja he's amazing? Because he is ninjaAdore",neither,0.052310392842017266,0.3247138808955349,0.6229757262624479
ninjaPon ninjaPon ninjaPon ninjaPon ninjaPon,neither,0.03945320844208391,0.33037608806864915,0.630170703489267
Morning,neither,0.05283876784042269,0.1031882115525248,0.8439730206070525
ninjaHype ninjaHype ninjaHype ninjaHype ninjaHype ninjaHype ninjaHype ninjaHype ninjaHype ninjaHype ninjaHype ninjaHype ninjaHype ninjaHype ninjaHype ninjaHype ninjaHype ninjaHype ninjaHype ninjaHype ninjaHype ninjaHype ninjaHype ninjaHype ninjaHype,neither,0.03945320844208391,0.33037608806864915,0.630170703489267
ninjaHype ninjaHype ninjaHype,neither,0.03945320844208391,0.33037608806864915,0.630170703489267
good morning,neither,0.04970930963283925,0.13564577574880146,0.8146449146183593
@ninja good morning let's get it !!!!!!,neither,0.029809396357373858,0.24402757201787023,0.7261630316247558
Morning ninnnnnnnj,neither,0.05283876784042269,0.1031882115525248,0.8439730206070525
Morning boss,neither,0.04926870093288444,0.1637815641056322,0.7869497349614833
TableHere TableHere,neither,0.03945320844208391,0.33037608806864915,0.630170703489267
Good Morn,neither,0.037820165765928906,0.33093776632913474,0.6312420679049364
eyy,neither,0.03945320844208391,0.33037608806864915,0.630170703489267
Hi,neither,0.03945320844208391,0.33037608806864915,0.630170703489267
Guuuuuud Moring everyone,offensive_language,0.02988896790634741,0.4927062106388782,0.4774048214547744
Early tfueBORED tfueBORED,neither,0.042215779998293526,0.28348803902252573,0.6742961809791808
ninjaRekt ninjaRekt ninjaLlama ninjaLlama ninjaLlama ninjaLlama ninjaLlama,neither,0.03945320844208391,0.33037608806864915,0.630170703489267
Good morning,neither,0.04970930963283925,0.13564577574880146,0.8146449146183593
TOP OF THE MORNING to YA @ninja,neither,0.036892683598765574,0.4239999412388616,0.5391073751623727
Goodmorning,neither,0.03945320844208391,0.33037608806864915,0.630170703489267
What up ninja,neither,0.0424860282095962,0.3861250105635327,0.5713889612268711
ninjaGold,neither,0.03945320844208391,0.33037608806864915,0.630170703489267
hey dad! ninjaTooth,neither,0.03945320844208391,0.33037608806864915,0.630170703489267
DUBBBBBBSSSS,neither,0.03945320844208391,0.33037608806864915,0.630170703489267
It's like waiting for the movie to begin. The suspense until the curtains open!!!,neither,0.04417489507119694,0.2731701040074095,0.6826550009213934
you hyped for some wins @Ninja,neither,0.03852774803390004,0.34772831344479044,0.6137439385213094
HOLA AMIGOS!,neither,0.03945320844208391,0.33037608806864915,0.630170703489267
ninjaCart ninjaCart,neither,0.03945320844208391,0.33037608806864915,0.630170703489267
Yo good morning,neither,0.05158257903014526,0.23584375298053487,0.71257366798932
Any advice for streamers,neither,0.03291168437045516,0.2977225498044767,0.6693657658250681
Hi,neither,0.03945320844208391,0.33037608806864915,0.630170703489267
hye ninja,neither,0.03945320844208391,0.33037608806864915,0.630170703489267
@ninja Good morning my dewd,neither,0.03589330946034752,0.28931281665552,0.6747938738841325
Hello everyone,neither,0.03269494828970791,0.4450814005079928,0.5222236512022994
Mexico presente,neither,0.03945320844208391,0.33037608806864915,0.630170703489267
morning y'all hows it going ninjaPon,neither,0.046628702062018,0.2916745861442285,0.6616967117937534
hi,neither,0.03945320844208391,0.33037608806864915,0.630170703489267
Gang,neither,0.03945320844208391,0.33037608806864915,0.630170703489267
PON PON,neither,0.03945320844208391,0.33037608806864915,0.630170703489267
Hi,neither,0.03945320844208391,0.33037608806864915,0.630170703489267
Morning,neither,0.05283876784042269,0.1031882115525248,0.8439730206070525
its 3pm for me lol,neither,0.019660430877099386,0.384952795832283,0.5953867732906176
ninjaFood ninjaFan,neither,0.03945320844208391,0.33037608806864915,0.630170703489267
It 12 for me in the nite,neither,0.027200594179835617,0.32591735832061947,0.6468820474995448
How you doin,neither,0.06485760523942978,0.39977264362831333,0.5353697511322569
ninjaPon ninjaPon ninjaPon,neither,0.03945320844208391,0.33037608806864915,0.630170703489267
ninjaPon,neither,0.03945320844208391,0.33037608806864915,0.630170703489267
ninjaPon ninjaPon,neither,0.03945320844208391,0.33037608806864915,0.630170703489267
You got this!,offensive_language,0.07992678652273469,0.5679123887647478,0.35216082471251753
Morning everyone! @ninja,neither,0.041106885730923214,0.30230886872322765,0.6565842455458492
Good morning Ninja!,neither,0.0468013847741319,0.19273113716557552,0.7604674780602926
ninjaAdore comfy jams,neither,0.03945320844208391,0.33037608806864915,0.630170703489267
why do you have overwatch music,neither,0.04306696935440441,0.4223376019712584,0.5345954286743372
let's get it,neither,0.01620600571974137,0.39767167536199827,0.5861223189182604
yooo wassup ninja,neither,0.14451447691336433,0.19258416228925004,0.6629013607973856
How is it 3 pm for u,neither,0.03939704723801186,0.29752803376675807,0.6630749189952301
Yoooooo ninj,neither,0.03945320844208391,0.33037608806864915,0.630170703489267
ninjaPon ninjaPon ninjaPon,neither,0.03945320844208391,0.33037608806864915,0.630170703489267
Good morning Ninjas,neither,0.04970930963283925,0.13564577574880146,0.8146449146183593
ninjaH ninjaH ninjaH,neither,0.03945320844208391,0.33037608806864915,0.630170703489267
@ninja you are my favprite streamer and YOU WILL GET THE DIRE TODAY!!!!!,neither,0.08015261018612313,0.35391422250145094,0.5659331673124258
Smh,neither,0.07477682771337969,0.3182266756154054,0.6069964966712149
it's 5:41 am for me!!!,neither,0.02156646571945086,0.345138578819624,0.6332949554609252
good morning brothers,neither,0.04721670166453427,0.18472323657217618,0.7680600617632896
good morning i need pc gamer,neither,0.044771083806187335,0.22725279737950316,0.7279761188143096
Hi,neither,0.03945320844208391,0.33037608806864915,0.630170703489267
Good morning ninja! \,neither,0.0468013847741319,0.19273113716557552,0.7604674780602926
hi,neither,0.03945320844208391,0.33037608806864915,0.630170703489267
cause i live in the uk,neither,0.041154870498363506,0.34270211978739085,0.6161430097142456
ninjaPon,neither,0.03945320844208391,0.33037608806864915,0.630170703489267
ninjaPon,neither,0.03945320844208391,0.33037608806864915,0.630170703489267
hi,neither,0.03945320844208391,0.33037608806864915,0.630170703489267
what up sucka,neither,0.04252446215488464,0.38681732716945655,0.5706582106756588
how many kills first game @Ninja I recon 20 bomb,neither,0.03452280299945249,0.3052350240335177,0.6602421729670298
ninjaClap default dance ninjaClap,neither,0.03945320844208391,0.33037608806864915,0.630170703489267
Good Morning ninjas,neither,0.04970930963283925,0.13564577574880146,0.8146449146183593
I just wanna snuggle up with some hot cocoa,neither,0.023956971627923252,0.41258887744956707,0.5634541509225095
It midnight forme,neither,0.037554805750496786,0.33102903580668525,0.6314161584428181
,neither,0.03945320844208391,0.33037608806864915,0.630170703489267
no,neither,0.036918905254960256,0.37338982715841207,0.5896912675866277
ninjaPon ninjaPon,neither,0.03945320844208391,0.33037608806864915,0.630170703489267
15:42 UK ninjaAww,neither,0.03945320844208391,0.33037608806864915,0.630170703489267
Hi,neither,0.03945320844208391,0.33037608806864915,0.630170703489267
ninjaPon ninjaPon,neither,0.03945320844208391,0.33037608806864915,0.630170703489267
i live in NZ and js 3.40 am lol,neither,0.03578970501662457,0.33913807622626585,0.6250722187571096
4:42 PM who else?🙋🏻‍♂️,neither,0.039945397951445465,0.38255206906726386,0.5775025329812907
ö,neither,0.03945320844208391,0.33037608806864915,0.630170703489267
ninjaPon,neither,0.03945320844208391,0.33037608806864915,0.630170703489267
ninjaPon,neither,0.03945320844208391,0.33037608806864915,0.630170703489267
@Ninja I am looking for a chill and relax day of you killing it bro. Thanks you for the great times watching!,neither,0.043437492228395415,0.2867267076047754,0.6698358001668291
"Go Morning, brother @ninja ninjaAmazing",neither,0.04782066349051778,0.21314494021749653,0.7390343962919858
Hey,neither,0.03945320844208391,0.33037608806864915,0.630170703489267
©🍔,neither,0.03945320844208391,0.33037608806864915,0.630170703489267
8:42 am,neither,0.039240117720709546,0.3304493797391332,0.6303105025401572
UK,neither,0.03945320844208391,0.33037608806864915,0.630170703489267
7:42 am,neither,0.039240117720709546,0.3304493797391332,0.6303105025401572
@MrLiquidFlyer yep,neither,0.03945320844208391,0.33037608806864915,0.630170703489267
11:42,neither,0.03945320844208391,0.33037608806864915,0.630170703489267
Currently at work ninjaTooth,neither,0.03857878883540564,0.35697752966825314,0.6044436814963413
ninjaHi ninjaHi ninjaHi ninjaHi ninjaHi ninjaHi ninjaHi ninjaHi ninjaHi ninjaHi,neither,0.03945320844208391,0.33037608806864915,0.630170703489267
@rocky2199 no u,neither,0.036918905254960256,0.37338982715841207,0.5896912675866277
Alaska 640 am,neither,0.03929505625881589,0.3304304838566387,0.6302744598845454
7:40 am in canada,neither,0.03927767364449898,0.33043646253479253,0.6302858638207085
goo morning ninjas!,neither,0.05283876784042269,0.1031882115525248,0.8439730206070525
ninjaPon ninjaPon ninjaPon ninjaPon ninjaPon ninjaPon ninjaPon ninjaPon ninjaPon ninjaPon ninjaPon ninjaPon,neither,0.03945320844208391,0.33037608806864915,0.630170703489267
ninjaBlast1 ninjaBlast2 ninjaBlast3 ninjaSplode,neither,0.03945320844208391,0.33037608806864915,0.630170703489267
!give,neither,0.03945320844208391,0.33037608806864915,0.630170703489267
ninjaPon Ninja take onemoistmelon's energy ninjaPon,neither,0.03945320844208391,0.33037608806864915,0.630170703489267
12:42,neither,0.03945320844208391,0.33037608806864915,0.630170703489267
9:42,neither,0.03945320844208391,0.33037608806864915,0.630170703489267
10:42am,neither,0.03945320844208391,0.33037608806864915,0.630170703489267
Love you buddy. Good luck on the games today,neither,0.043366282689916734,0.3516345805663082,0.6049991367437751
MingLee PartyPopper,neither,0.03945320844208391,0.33037608806864915,0.630170703489267
!time,neither,0.036668274527354654,0.377643684699956,0.5856880407726893
"October 3rd 2018, 9:42:50 am CDT GMT-05:00",neither,0.03934721855062511,0.3304125428525521,0.6302402385968227
Let us see you,neither,0.09138602977939041,0.4321190693746898,0.4764949008459198
It’s midnight,neither,0.037554805750496786,0.33102903580668525,0.6314161584428181
GM ninjas,neither,0.03945320844208391,0.33037608806864915,0.630170703489267
16 42 in france,neither,0.03945320844208391,0.33037608806864915,0.630170703489267
7:44 in CA,neither,0.03945320844208391,0.33037608806864915,0.630170703489267
ninja10 ninja10 ninja10,neither,0.03945320844208391,0.33037608806864915,0.630170703489267
Can you do some random duos? @ninja,neither,0.04643704957567565,0.38111498238537256,0.5724479680389518
ninjaHi ninjaHi ninjaHi ninjaHi ninjaHi ninjaPon ninjaPon ninjaPon ninjaPon ninjaPon ninjaHi ninjaPon ninjaHi ninjaPon ninjaPopcorn ninjaPopcorn ninjaFood ninjaFood ninjaFood,neither,0.03945320844208391,0.33037608806864915,0.630170703489267
leggooooo,neither,0.03945320844208391,0.33037608806864915,0.630170703489267
@spappygram got em ninja10,neither,0.037235888655093,0.41074631341732787,0.5520177979275792
3:43pm,neither,0.03945320844208391,0.33037608806864915,0.630170703489267
dat insta post coming in hot,neither,0.03945320844208391,0.33037608806864915,0.630170703489267
!uptime,neither,0.03945320844208391,0.33037608806864915,0.630170703489267
Ninja has been streaming for 4 minutes 59 seconds,neither,0.036078828691740394,0.31256560255387583,0.6513555687543837
ninjaAim ninjaAim ninjaAim ninjaAim ninjaAim ninjaAim ninjaAim ninjaAim ninjaAim,neither,0.03945320844208391,0.33037608806864915,0.630170703489267
start playing lets go,neither,0.039824324576161266,0.34784897536477016,0.6123267000590685
nigfrick,neither,0.03945320844208391,0.33037608806864915,0.630170703489267
ninjaBlast1 ninjaBlast2 ninjaBlast3 ninjaBlast3 ninjaBlast3 ninjaBlast3 ninjaBlast3 ninjaBlast3 ninjaBlast3 ninjaBlast3 ninjaBlast3 ninjaBlast3 ninjaBlast3,neither,0.03945320844208391,0.33037608806864915,0.630170703489267
9:43 in Wisconsin,neither,0.03945320844208391,0.33037608806864915,0.630170703489267
Good morning @Ninja,neither,0.0468013847741319,0.19273113716557552,0.7604674780602926
ninjacheer1000 good morning Ninja. Hope you have a great day. One of my favorite streamers because of you love for the community. Keep on truckin,neither,0.06179778420441898,0.2737977344849607,0.6644044813106204
943 in iowa,neither,0.03945320844208391,0.33037608806864915,0.630170703489267
!give,neither,0.03945320844208391,0.33037608806864915,0.630170703489267
ninjaPon Ninja take matty2000001's energy ninjaPon,neither,0.03945320844208391,0.33037608806864915,0.630170703489267
FortOne FortOne FortOne FortOne FortOne FortOne FortOne FortOne FortOne FortOne FortOne FortOne FortOne FortOne FortOne,neither,0.03945320844208391,0.33037608806864915,0.630170703489267
ninjaCreep ninjaClap ninjaPon ninjaClap ninjaPon ninjaCreep ninjaClap ninjaPon ninjaCreep ninjaCreep ninjaClap ninjaPon,neither,0.03945320844208391,0.33037608806864915,0.630170703489267
!time,neither,0.036668274527354654,0.377643684699956,0.5856880407726893
"October 3rd 2018, 9:43:27 am CDT GMT-05:00",neither,0.03934873921118763,0.3304120198276539,0.6302392409611585
@Ninja Packers Lions this week! You and Jess may have to watch separately!,neither,0.05487348096148264,0.31988779699589465,0.6252387220426228
ninjaBlast1 ninjaBlast2 ninjaBlast3 ninjaBlast3 ninjaBlast3 ninjaBlast3 ninjaBlast3 ninjaBlast3 ninjaBlast3 ninjaBlast3 ninjaBlast3 ninjaBlast3 ninjaBlast3 ninjaBlast3 ninja10 ninja10 ninja10,neither,0.03945320844208391,0.33037608806864915,0.630170703489267
@rocky2199 well go watch him,neither,0.04721582340290072,0.3353599652790165,0.6174242113180827
lets get some hype for that skin team,neither,0.02682835101164965,0.36326584483769725,0.6099058041506531
"For Fortnite Ninja skin, what do you think of the bandana effect? If you’re on a win streak, you appear in next game with a bandanna? @ninja",neither,0.047935816957685215,0.373907433000621,0.5781567500416939
10:43 ohio,neither,0.03945320844208391,0.33037608806864915,0.630170703489267
At the hospital with our son. He has some heart issues but things are going well. We watch you almost everyday. Thank you for the stream!,neither,0.05090412330182821,0.36611712389634365,0.5829787528018281
ninjaHi,neither,0.03945320844208391,0.33037608806864915,0.630170703489267
Hi from Bosnia Herzegovina 👋😎🇧🇦 gradzmaja PS4 player how is going everyone ✊😃,neither,0.03639177186976826,0.4563734038844444,0.5072348242457874
15:43 in london,neither,0.03945320844208391,0.33037608806864915,0.630170703489267
ninjaBush ninjaBush ninjaBush ninjaBush ninjaAim ninjaAim ninjaAim,neither,0.03945320844208391,0.33037608806864915,0.630170703489267
HI NINJA!,neither,0.03945320844208391,0.33037608806864915,0.630170703489267
I am so curious to see the new traps. This should be fun!,neither,0.05432041893331208,0.3122832451596343,0.6333963359070536
ttump,neither,0.03945320844208391,0.33037608806864915,0.630170703489267
Is there an echo in here? KappaHD,neither,0.09330314086388627,0.2536262760710005,0.6530705830651132
pm11:43 Japan,neither,0.03945320844208391,0.33037608806864915,0.630170703489267
@rocky2199 then why u subed idiot,neither,0.027058951761247552,0.3482557444557995,0.6246853037829528
Good morning to EVERYONE,neither,0.048861478422404195,0.2921290719563495,0.6590094496212463
good morning ninj ninjaHi ninjaHi ninjaHi ninjaHi ninjaHi,neither,0.04970930963283925,0.13564577574880146,0.8146449146183593
Snapchat in 2018 LUL,neither,0.03945320844208391,0.33037608806864915,0.630170703489267
hi,neither,0.03945320844208391,0.33037608806864915,0.630170703489267
ninjaCRINJA ninjaCRINJA ninjaCRINJA ninjaCRINJA ninjaCRINJA ninjaCRINJA,neither,0.03945320844208391,0.33037608806864915,0.630170703489267
ninjaThrow ninjaStars ninjaStars ninjaStars ninjaStars ninjaStars ninjaStars ninjaStars ninjaStars ninjaStars ninjaStars ninjaStars ninjaStars,neither,0.03945320844208391,0.33037608806864915,0.630170703489267
ninjaHi ninjaHi ninjaHi ninjaHi ninjaHi ninjaHi ninjaHi ninjaHi ninjaHi ninjaHi ninjaHi ninjaHi ninjaHi ninjaHi ninjaHi,neither,0.03945320844208391,0.33037608806864915,0.630170703489267
It’s midnight,neither,0.037554805750496786,0.33102903580668525,0.6314161584428181
lets go ninja,neither,0.03981812293322871,0.3475555400903652,0.6126263369764061
2:02 chine,neither,0.03945320844208391,0.33037608806864915,0.630170703489267
YOOOO,neither,0.03945320844208391,0.33037608806864915,0.630170703489267
morning ninj!,neither,0.05283876784042269,0.1031882115525248,0.8439730206070525
hey Ninj,neither,0.03945320844208391,0.33037608806864915,0.630170703489267
Cringe,neither,0.03945320844208391,0.33037608806864915,0.630170703489267
Yay,neither,0.03945320844208391,0.33037608806864915,0.630170703489267
lets go,neither,0.039984317429425154,0.35542799280679366,0.6045876897637812
Get a Snapchat,neither,0.038748607996866635,0.3423349964846169,0.6189163955185166
Haven’t even taken my morning piss yet 😂,neither,0.03589624617569191,0.3032694914091732,0.6608342624151348
sweet elevator music bro,neither,0.03945320844208391,0.33037608806864915,0.630170703489267
ninja do you have snap?,neither,0.05557676121181422,0.38089398787382994,0.5635292509143559
ninjaHi,neither,0.03945320844208391,0.33037608806864915,0.630170703489267
EZ PZ DUBS up in here,neither,0.08429234562233198,0.3429956210516793,0.5727120333259887
Packers Lions may score 60 combined,neither,0.040254566443365544,0.31677495140917,0.6429704821474643
ninjaPon ninjaPon ninjaPon ninjaPon ninjaPon ninjaPon ninjaPon ninjaPon PokGardevoir,neither,0.03945320844208391,0.33037608806864915,0.630170703489267
ninjaPon,neither,0.03945320844208391,0.33037608806864915,0.630170703489267
does he read out subs?,neither,0.02827194450973925,0.4479051245271424,0.5238229309631184
ninjaFan ninjaFan ninjaFan ninjaFan,neither,0.03945320844208391,0.33037608806864915,0.630170703489267
Goodmorning,neither,0.03945320844208391,0.33037608806864915,0.630170703489267
Get it get it,neither,0.03490679507544832,0.35300313020848223,0.6120900747160695
Blessed to wake up this morning. We all get another 24hours!!!,neither,0.0941804465801744,0.26597311118676636,0.6398464422330592
morning ninja!!,neither,0.048203553387938615,0.18185989775694275,0.7699365488551186
ninjaPopcorn ninjaPopcorn ninjaPopcorn ninjaPopcorn ninjaPopcorn ninjaPopcorn ninjaPopcorn ninjaPopcorn ninjaPopcorn ninjaPopcorn ninjaPopcorn,neither,0.03945320844208391,0.33037608806864915,0.630170703489267
@Ninja I wish I was nearly as good as you,neither,0.04610870771893002,0.4084332214578969,0.545458070823173
shut up rocky,neither,0.051863554157177416,0.36201257742459575,0.5861238684182268
BagOfMemes,neither,0.03945320844208391,0.33037608806864915,0.630170703489267
Ninja the HECK up,neither,0.03638677444059215,0.3599966421030004,0.6036165834564073
ninjaBlast1 ninjaBlast2 ninjaBlast3 ninjaBlast3,neither,0.03945320844208391,0.33037608806864915,0.630170703489267
~15K people before the first game. What a legend,neither,0.0518944240942729,0.33234517516144474,0.6157604007442823
rocky stop being negative,neither,0.035324806422029814,0.41639320189455103,0.5482819916834191
I’m in class,neither,0.03945320844208391,0.33037608806864915,0.630170703489267
@rocky2199 cmonBruh,neither,0.03945320844208391,0.33037608806864915,0.630170703489267
Save those twitch prime subs until ninja says click on the button... like seeing them stacked!,neither,0.058887278089547246,0.3019970726622498,0.6391156492482029
Good morning sunshine!!! ninjaPon ninjaPon ninjaPon,neither,0.04673058875656881,0.19409246659436663,0.7591769446490646
Dubbbb,neither,0.03945320844208391,0.33037608806864915,0.630170703489267
@rocky2199 sick a peen duddddeee,neither,0.03945320844208391,0.33037608806864915,0.630170703489267
Yo ninj it’s my 23rd bday!!!!,offensive_language,0.025874000837472082,0.5135789024631245,0.46054709669940347
@ninja go for some wins today good luck ninjaGold ninjaK ninjaBlast1,neither,0.029851009515000238,0.3077267465522159,0.6624222439327839
Is there any chance you could do random duos? For a little,neither,0.052839340764504986,0.3063774185819408,0.6407832406535541
What you posting that on,neither,0.05732660013992566,0.4488718437979321,0.4938015560621422
ninjaBlast1 ninjaBlast2 ninjaBlast3 ninjaGold,neither,0.03945320844208391,0.33037608806864915,0.630170703489267
"@gmtasven he does sometimes at random when he can, but there are too many to read them all.",neither,0.05265943584500365,0.43020174475726103,0.5171388193977353
ninjaPon,neither,0.03945320844208391,0.33037608806864915,0.630170703489267
More like hotel lobby music,neither,0.04950886072678825,0.33496011632353573,0.615531022949676
why does it seem like streamers never have to use the bathroom mid-stream,neither,0.016521754867308756,0.47584988365412234,0.5076283614785689
LMAO Lets call him ninj,neither,0.03744660504723725,0.36443338449675616,0.5981200104560065
What's your snap chat name?,neither,0.07424662340999572,0.31843179666524973,0.6073215799247546
Oof,neither,0.03945320844208391,0.33037608806864915,0.630170703489267
Good luck man have fun ninjaFan ninjaAww ninjaAww ninjaAww ninjaAww ninjaAww,neither,0.038443469583849615,0.3983282299749683,0.5632283004411821
LeTs GeT tHiS bReAd,neither,0.03850713565762622,0.3464334122741145,0.6150594520682593
ARE YOU @NINJA ON ALL SOCIAL MEDIA?,neither,0.07937398031799973,0.4065653136974311,0.5140607059845691
ninjaFan ninjaFan #teamnjnja,neither,0.03945320844208391,0.33037608806864915,0.630170703489267
Brand new to the steam had to sub,neither,0.05116288297651248,0.25403205664797524,0.6948050603755123
Ayeeeee good morning,neither,0.04638486404299651,0.20072574318086445,0.7528893927761391
What is next sub badge after 6 months one year?,neither,0.047251913471866094,0.35427047868930334,0.5984776078388305
Bagofmeme,neither,0.03945320844208391,0.33037608806864915,0.630170703489267
"@Ninja of you had to pick would you choose 80,000,000,000 and give up fortnite or keep playing fortnite",neither,0.05534985014171953,0.3348422381106245,0.6098079117476559
Heyyy,neither,0.03945320844208391,0.33037608806864915,0.630170703489267
ninjaAmazing ninjaAmazing,neither,0.03945320844208391,0.33037608806864915,0.630170703489267
hi,neither,0.03945320844208391,0.33037608806864915,0.630170703489267
@arocha15 happy bday!,neither,0.03945320844208391,0.33037608806864915,0.630170703489267
The are slick,neither,0.07397387859339767,0.2520664626532681,0.6739596587533342
"Chill sounds coming in to my headphones right now, turn dem shits up ninjaAmazing",neither,0.034210884368757154,0.4159936735698854,0.5497954420613573
ok,neither,0.03935517884257045,0.3320399062092607,0.6286049149481688
twitter.com/ninja youtube.com/ninja instagram.com/ninja,neither,0.03871508803522118,0.3745318495061478,0.586753062458631
You play foosball at all?,offensive_language,0.07129904007283021,0.5876435521227039,0.3410574078044659
is this a ninja asmr,neither,0.049443321117322546,0.32880102194283745,0.62175565693984
ninjaPon ninjaPon ninjaPon ninjaPon ninjaPon ninjaPon ninjaPon,neither,0.03945320844208391,0.33037608806864915,0.630170703489267
ninjaPon,neither,0.03945320844208391,0.33037608806864915,0.630170703489267
ninjaThirst ninjaGold ninjaK ninjaBlast1,neither,0.03945320844208391,0.33037608806864915,0.630170703489267
@ninja,neither,0.03945320844208391,0.33037608806864915,0.630170703489267
Fun to watch 20-30 subs hit every time he says hit that purple rectangular button if you're liking the content!,neither,0.048482824270982425,0.3739125419836538,0.5776046337453639
There are new traps,neither,0.0679744252640366,0.1742776836216526,0.7577478911143107
click a link any link,neither,0.03945320844208391,0.33037608806864915,0.630170703489267
TombRaid TombRaid TombRaid,neither,0.03945320844208391,0.33037608806864915,0.630170703489267
Guy asks a genie to live forever and the genie says that is the one thing i cannot do...guy then asks to live until the Lions win the super bowl. Genie defeated. lol,neither,0.04274723791586409,0.33602923416121466,0.6212235279229212
ninjaHype,neither,0.03945320844208391,0.33037608806864915,0.630170703489267
@SpappyGram has he got snapchat,neither,0.04433591302201244,0.37044811909981057,0.585215967878177
ninjaHi,neither,0.03945320844208391,0.33037608806864915,0.630170703489267
!uptime,neither,0.03945320844208391,0.33037608806864915,0.630170703489267
Ninja has been streaming for 7 minutes 31 seconds,neither,0.036078828691740394,0.31256560255387583,0.6513555687543837
Hey guys good morning ninjaHi,neither,0.04682303323749684,0.19210378999074165,0.7610731767717615
@th3r3dd3vils12 nah,neither,0.03945320844208391,0.33037608806864915,0.630170703489267
What new update,neither,0.05051885557189987,0.22390844780333966,0.7255726966247605
@cr_mindset foosball is the debil!,neither,0.06634763790238427,0.27637293114625994,0.6572794309513558
top of the morning to ya chat,neither,0.036819380408215925,0.42723514086875214,0.5359454787230319
Hola Ninja,neither,0.03945320844208391,0.33037608806864915,0.630170703489267
Yeet,neither,0.03945320844208391,0.33037608806864915,0.630170703489267
@wayfastwhitey00 welcome aboard,neither,0.03945320844208391,0.33037608806864915,0.630170703489267
"With your fiber connection, how long does it typically take you to update between seasons?",neither,0.04742372664544622,0.4339043117973808,0.5186719615571729
ninjacheer1000 morning ninja and chat,neither,0.045027056816225666,0.18275084176299264,0.7722221014207817
Esssketit,neither,0.03945320844208391,0.33037608806864915,0.630170703489267
Hes back! PogChamp,neither,0.03945320844208391,0.33037608806864915,0.630170703489267
hey ninja,neither,0.03945320844208391,0.33037608806864915,0.630170703489267
ninjaHi,neither,0.03945320844208391,0.33037608806864915,0.630170703489267
!uptime,neither,0.03945320844208391,0.33037608806864915,0.630170703489267
yoo,neither,0.03945320844208391,0.33037608806864915,0.630170703489267
ninjaHype ninjaHype ninjaHype,neither,0.03945320844208391,0.33037608806864915,0.630170703489267
@why_lord_mas I dont know the command but on PC you can click the cog wheel under chat and then go to edit appearance,neither,0.0456724078369765,0.3235666549622967,0.6307609372007268
Good morning y'all!,neither,0.05617101603540504,0.22990603281931743,0.7139229511452775
Need to get back on MySpace,neither,0.04211702897080321,0.3461359668059033,0.6117470042232934
@Ninja Hey bro! You play foosball? I am actually a Pro Fosoball Player from Chicago (Yea it is a thing),neither,0.04761269580467549,0.3943859145197229,0.5580013896756016
ninjaRare Clap,neither,0.03945320844208391,0.33037608806864915,0.630170703489267
can u say hi yo me?,neither,0.032056835014656,0.4430860623516789,0.5248571026336653
ninjaFan ninjaFan ninjaFan ninjaFan ninjaFan,neither,0.03945320844208391,0.33037608806864915,0.630170703489267
Good moring ninja,neither,0.03868733656327734,0.3306395065272872,0.6306731569094355
ninjaAim,neither,0.03945320844208391,0.33037608806864915,0.630170703489267
Mocospace!!!,neither,0.03945320844208391,0.33037608806864915,0.630170703489267
Can I get a YEET chat?,neither,0.03923581003477968,0.33406590640523387,0.6266982835599865
i could lisen to this music all day anyone know what it is,neither,0.058554350566762614,0.3669727902783625,0.5744728591548749
ninjaBits ninjaBits ninjaBits ninjaBits,neither,0.03945320844208391,0.33037608806864915,0.630170703489267
morning,neither,0.05283876784042269,0.1031882115525248,0.8439730206070525
LUL,neither,0.03945320844208391,0.33037608806864915,0.630170703489267
What's ninja sub count up to right now? He still over 100k?,neither,0.04501836074219036,0.37467492040037853,0.5803067188574311
LEEEEES GOOOOIIIII,neither,0.03945320844208391,0.33037608806864915,0.630170703489267
daeCMERE daeCMERE daeCMERE daeCMERE daeCMERE daeCMERE,neither,0.03945320844208391,0.33037608806864915,0.630170703489267
YEET,neither,0.03945320844208391,0.33037608806864915,0.630170703489267
ninjaFan ninjaFan ninjaFan ninjaFan ninjaFan ninjaFan ninjaFan ninjaFan ninjaFan ninjaFan ninjaFan ninjaFan ninjaFan ninjaFan ninjaFan ninjaFan ninjaFan,neither,0.03945320844208391,0.33037608806864915,0.630170703489267
@Ninja you're gonna get some crazy clips with the new traps!!!! can't wait,neither,0.038616974320103456,0.3983715302001309,0.5630114954797656
ninjaCreep ninjaCreep ninjaCreep ninjaCreep ninjaCreep ninjaCreep ninjaCreep,neither,0.03945320844208391,0.33037608806864915,0.630170703489267
ninjaPon ninjaPon ninjaPon ninjaPon ninjaPon ninjaPon ninjaPon ninjaPon ninjaPon ninjaPon ninjaPon ninjaPon,neither,0.03945320844208391,0.33037608806864915,0.630170703489267
ninjaPon,neither,0.03945320844208391,0.33037608806864915,0.630170703489267
ninjaAww ninjaAww ninjaAww,neither,0.03945320844208391,0.33037608806864915,0.630170703489267
ninjaBull ninjaBull ninjaBull ninjaBull ninjaBull ninjaBull,neither,0.03945320844208391,0.33037608806864915,0.630170703489267
ninjaCart,neither,0.03945320844208391,0.33037608806864915,0.630170703489267
how long till the wins begin @Ninja,neither,0.03872036510643729,0.31846840617497785,0.6428112287185849
Yeet,neither,0.03945320844208391,0.33037608806864915,0.630170703489267
ninjaFan ninjaFan ninjaFan ninjaFan ninjaFan ninjaFan ninjaFan ninjaFan ninjaFan ninjaFan,neither,0.03945320844208391,0.33037608806864915,0.630170703489267
How was the photo shoot yesterday,neither,0.05536447129421913,0.2629145976657789,0.681720931040002
ninjaHype,neither,0.03945320844208391,0.33037608806864915,0.630170703489267
!subcount,neither,0.03945320844208391,0.33037608806864915,0.630170703489267
Good evening from Australia 🇦🇺,neither,0.03978268771815614,0.31602052363854355,0.6441967886433003
Currently there are 88594 Ninjas subscribed to the channel,neither,0.06825369773618913,0.2416573771314687,0.6900889251323421
!subs,neither,0.03945320844208391,0.33037608806864915,0.630170703489267
africa,neither,0.03945320844208391,0.33037608806864915,0.630170703489267
nickmercsXBOX nickmercsXBOX nickmercsHYPERS nickmercsHYPERS nickmercsHYPERS,neither,0.03945320844208391,0.33037608806864915,0.630170703489267
!subcount,neither,0.03945320844208391,0.33037608806864915,0.630170703489267
Hey Ninja ninjaAww ninjaAww ninjaAww,neither,0.03945320844208391,0.33037608806864915,0.630170703489267
!uptime,neither,0.03945320844208391,0.33037608806864915,0.630170703489267
Let us slay!,neither,0.053887166407576834,0.35962610842784914,0.5864867251645739
Ninja has been streaming for 8 minutes 37 seconds,neither,0.03605278841535164,0.31242796755837576,0.6515192440262725
hi ninja hows ur morning,neither,0.06400404823072568,0.22740937576090417,0.7085865760083702
