text,top_class,hate_speech,offensive_language,neither
YEET,neither,0.03945320844208391,0.33037608806864915,0.630170703489267
1,neither,0.03945320844208391,0.33037608806864915,0.630170703489267
ninjaTooth,neither,0.03945320844208391,0.33037608806864915,0.630170703489267
How it feel to beat the packers!?,neither,0.04294350955650963,0.31407211206155394,0.6429843783819363
Hi Ty,neither,0.03945320844208391,0.33037608806864915,0.630170703489267
MercyWing1 PokShadowmew MercyWing2 why have you summon me??,offensive_language,0.02996579169036481,0.5250902170232631,0.4449439912863722
IM FROM BRAZIL AND LOVE YOU,neither,0.05135388162176372,0.36075137181165123,0.587894746566585
Graham Gano from 63 yards hahahhahah,neither,0.04022116640602713,0.31734183720995435,0.6424369963840185
!subcount,neither,0.03945320844208391,0.33037608806864915,0.630170703489267
Currently there are 76381 Ninjas subscribed to the channel,neither,0.06825369773618913,0.2416573771314687,0.6900889251323421
Yoooo,neither,0.03945320844208391,0.33037608806864915,0.630170703489267
finaly,neither,0.03945320844208391,0.33037608806864915,0.630170703489267
First,neither,0.02604892428726219,0.3349864360510187,0.6389646396617191
U not over 100k subs :(,neither,0.035906014322509894,0.3359824291446076,0.6281115565328825
Just when I was about to eat letsss go,neither,0.030112226196099975,0.43296245279568607,0.536925321008214
Hi,neither,0.03945320844208391,0.33037608806864915,0.630170703489267
Hello,neither,0.03945320844208391,0.33037608806864915,0.630170703489267
!uptime,neither,0.03945320844208391,0.33037608806864915,0.630170703489267
Ninja has been streaming for 1 minute 45 seconds,neither,0.03597830984330663,0.31203430621543377,0.6519873839412597
hey papa ninj,neither,0.03945320844208391,0.33037608806864915,0.630170703489267
Yoyo Ninj,neither,0.03945320844208391,0.33037608806864915,0.630170703489267
hello,neither,0.03945320844208391,0.33037608806864915,0.630170703489267
Wasssup char,neither,0.03945320844208391,0.33037608806864915,0.630170703489267
hi,neither,0.03945320844208391,0.33037608806864915,0.630170703489267
Woohoo,neither,0.03945320844208391,0.33037608806864915,0.630170703489267
I’m on your radio!,neither,0.07750889419207879,0.33602215033185856,0.5864689554760627
1,neither,0.03945320844208391,0.33037608806864915,0.630170703489267
Hi ninja,neither,0.03945320844208391,0.33037608806864915,0.630170703489267
Hey Ninja,neither,0.03945320844208391,0.33037608806864915,0.630170703489267
What’s good bro,neither,0.04636995775280504,0.3250984953335372,0.6285315469136579
hi,neither,0.03945320844208391,0.33037608806864915,0.630170703489267
lets go browna,neither,0.039984317429425154,0.35542799280679366,0.6045876897637812
Yooo,neither,0.03945320844208391,0.33037608806864915,0.630170703489267
PokPikachu,neither,0.03945320844208391,0.33037608806864915,0.630170703489267
Incoming people that think their first,neither,0.056199631833574785,0.3681250668839973,0.5756753012824279
hey,neither,0.03945320844208391,0.33037608806864915,0.630170703489267
HI NINJA,neither,0.03945320844208391,0.33037608806864915,0.630170703489267
1,neither,0.03945320844208391,0.33037608806864915,0.630170703489267
Go pack go,neither,0.04187196633889242,0.3387894821134335,0.6193385515476741
parakeet,neither,0.03945320844208391,0.33037608806864915,0.630170703489267
Wasssup chat waz good?,neither,0.038635103834582914,0.33065747175784843,0.6307074244075687
giants just got robbed I'm pissed,neither,0.03509931433204608,0.38100876750269586,0.5838919181652581
yoooooo,neither,0.03945320844208391,0.33037608806864915,0.630170703489267
hi,neither,0.03945320844208391,0.33037608806864915,0.630170703489267
ninjaBlast1 ninjaBlast2 ninjaBlast3,neither,0.03945320844208391,0.33037608806864915,0.630170703489267
FİRST,neither,0.03945320844208391,0.33037608806864915,0.630170703489267
Hi,neither,0.03945320844208391,0.33037608806864915,0.630170703489267
sup,neither,0.03945320844208391,0.33037608806864915,0.630170703489267
hil,neither,0.03945320844208391,0.33037608806864915,0.630170703489267
hi ninja,neither,0.03945320844208391,0.33037608806864915,0.630170703489267
anybody see the panthers game,neither,0.03824107702036342,0.2835457165497138,0.6782132064299228
@zedtlegends nope,neither,0.03945320844208391,0.33037608806864915,0.630170703489267
!uptime,neither,0.03945320844208391,0.33037608806864915,0.630170703489267
Ninja has been streaming for 3 minutes 9 seconds,neither,0.035678679601720456,0.31045049647393935,0.6538708239243401
Hi,neither,0.03945320844208391,0.33037608806864915,0.630170703489267
Congrats on the win today! Hope the Saints get it done and don't ruin Brees' record breaking night,neither,0.044706358291061295,0.25452122116212356,0.7007724205468152
is live,neither,0.06612417478258875,0.321202719730918,0.6126731054864932
Just saw your commercial while watching football @ninja,neither,0.05423099228933492,0.3390554977598505,0.6067135099508145
after dark? ?,neither,0.03945320844208391,0.33037608806864915,0.630170703489267
ninjaBlast1 ninjaBlast2 ninjaBlast3,neither,0.03945320844208391,0.33037608806864915,0.630170703489267
Good morning?,neither,0.04970930963283925,0.13564577574880146,0.8146449146183593
ninjaHype ninjaHype ninjaHype ninjaHype ninjaHype ninjaHype ninjaHype ninjaHype ninjaHype,neither,0.03945320844208391,0.33037608806864915,0.630170703489267
Crosby lost us the game,neither,0.08561584623153788,0.2597520931426768,0.6546320606257854
F u c k,neither,0.03945320844208391,0.33037608806864915,0.630170703489267
Packs still win division,neither,0.03877725817681634,0.34184872815985884,0.6193740136633248
ninjaLlama,neither,0.03945320844208391,0.33037608806864915,0.630170703489267
The Packers kicker threw the game,neither,0.03794792115021589,0.28233284539540854,0.6797192334543757
!subcount,neither,0.03945320844208391,0.33037608806864915,0.630170703489267
Currently there are 76372 Ninjas subscribed to the channel,neither,0.06825369773618913,0.2416573771314687,0.6900889251323421
your kicker tweet is true. just MN kickers are cursed for us,neither,0.09485674836887394,0.289727778459916,0.6154154731712101
Afternoon ninja :),neither,0.03945320844208391,0.33037608806864915,0.630170703489267
betaye,neither,0.03945320844208391,0.33037608806864915,0.630170703489267
Yooooo 63 yards tho,neither,0.036791857093874364,0.3362585793471239,0.6269495635590018
just saw the galaxy commercial with ninja,neither,0.02895873987703497,0.3581235960191359,0.6129176641038291
Was literally waiting on you to come on. Finally!,neither,0.05071880369316117,0.40653857836538904,0.5427426179414497
ninjaShield ninjaShield ninjaShield ninjaShield ninjaShield ninjaShield,neither,0.03945320844208391,0.33037608806864915,0.630170703489267
you should buy jess a crosby jersey right now @Ninja,neither,0.058979651999431594,0.40099713910274853,0.5400232088978199
What’s up all I do is gripe!!,offensive_language,0.06401012804685254,0.5106680423311466,0.4253218296220009
WHAT'S GOOD NINJA!!! Glad you're on. Now my SUNDAY just got better tppowerHeresTommy ninjaFan ninjaHype tppowerGreen tppowerWhite,neither,0.04880887060917348,0.4491760026743667,0.50201512671646
!song,neither,0.038601720699969956,0.3448280572582511,0.616570222041779
https://www.shazam.com/,neither,0.03945320844208391,0.33037608806864915,0.630170703489267
ninjaBush,neither,0.03945320844208391,0.33037608806864915,0.630170703489267
@ninja congrats on the Lions win! Just saw your commercial on the min vs. phi game,neither,0.04484030131727934,0.31558877465257207,0.6395709240301486
Yes after dark please,neither,0.03945320844208391,0.33037608806864915,0.630170703489267
ninjaSplat ninjaBush ninjaBush ninjaAim ninjaPrime ninjaStars ninjaH ninjaBlood ninjaRekt ninjaHS ninjaFail ninjaCart ninjaBits,neither,0.03945320844208391,0.33037608806864915,0.630170703489267
whats up ninj hows it going buddy,neither,0.03536555778805419,0.3890531859573798,0.5755812562545659
#teamninja,neither,0.03945320844208391,0.33037608806864915,0.630170703489267
ninja the goat,neither,0.03859869441501728,0.31476379239727154,0.6466375131877111
@noahj200o truu! We still gonna take the division though,neither,0.03750003615518237,0.36173361478237,0.6007663490624477
he he he he he he at,neither,0.05675028361779283,0.3357402862251809,0.6075094301570263
Hey ninja!!,neither,0.03945320844208391,0.33037608806864915,0.630170703489267
Hi,neither,0.03945320844208391,0.33037608806864915,0.630170703489267
notification gang,neither,0.03945320844208391,0.33037608806864915,0.630170703489267
Hey ninja let’s go buddy,neither,0.028024867249923875,0.3592548111163158,0.6127203216337603
Love watching football and seeing Ninja lol,neither,0.03152183257685704,0.3489104057541458,0.6195677616689971
Lions won yeet yeet,neither,0.03945320844208391,0.33037608806864915,0.630170703489267
,neither,0.03945320844208391,0.33037608806864915,0.630170703489267
the browns just won omg,neither,0.03455211197402384,0.33473941214813,0.6307084758778462
LOl someone triggered about fiants,neither,0.027012563236618877,0.44609190172354896,0.5268955350398322
!time,neither,0.036668274527354654,0.377643684699956,0.5856880407726893
"October 7th 2018, 3:39:11 pm CDT GMT-05:00",neither,0.03945320844208391,0.33037608806864915,0.630170703489267
ninjaHyperr ninjaHyper ninjaBlast1 ninjaBlast2 ninjaBlast3 ninjaBlast3 ninjaBlast3,neither,0.03945320844208391,0.33037608806864915,0.630170703489267
why dont they run Kerryon more rhough?!?!?!,neither,0.02953015586554009,0.3363948084491957,0.6340750356852642
hi,neither,0.03945320844208391,0.33037608806864915,0.630170703489267
NYG ARE TRASH,neither,0.11223926498789487,0.024418815206877217,0.8633419198052279
Hey @ninja I m watching your stream on a bad hotel internet connection in some small town in WEstern Australia,neither,0.04349061088756755,0.3394336049622763,0.6170757841501562
hi dad,neither,0.03945320844208391,0.33037608806864915,0.630170703489267
This music daeDoo daeDoo,neither,0.039296582874743954,0.33303443270656646,0.6276689844186896
Hey ninja,neither,0.03945320844208391,0.33037608806864915,0.630170703489267
browns,neither,0.03945320844208391,0.33037608806864915,0.630170703489267
is it ending,neither,0.047751212345825675,0.3275220240161836,0.6247267636379908
Just subbed for 43,neither,0.03133796328170599,0.3228250504308087,0.6458369862874853
ninjaHi ninjaGold,neither,0.03945320844208391,0.33037608806864915,0.630170703489267
"Bears still Ling of the North! thanks Lions,",neither,0.03724660504845471,0.3194023566732097,0.6433510382783355
8:20 PM EST Go Cowboys,neither,0.04044851281790011,0.33382869281551036,0.6257227943665896
Merry Christmas all,neither,0.04127520996400231,0.40345352742245755,0.5552712626135402
rep wa,neither,0.03945320844208391,0.33037608806864915,0.630170703489267
Hey Ninja,neither,0.03945320844208391,0.33037608806864915,0.630170703489267
ninjaFan ninjaFan ninjaFan ninjaFan ninjaFan ninjaFan ninjaFan ninjaFan #ninjaFan ninjaFan ninjaFan ninjaFan,neither,0.03945320844208391,0.33037608806864915,0.630170703489267
Lets go Cowboys,neither,0.03983606260149641,0.3484044571103834,0.6117594802881201
@umdf010 They my team! They r bad this year tho,neither,0.02547766414424816,0.4103899473171931,0.5641323885385588
ninjaBlast1 ninjaBlast2 ninjaBlast3 ninjaBlast3 ninjaBlast3 ninjaBlast3 ninjaBlast3 ninjaBlast3 ninjaBlast3 ninjaBlast3 ninjaBlast3 ninjaBlast3 ninjaBlast3 ninjaBlast3 ninjaBlast3 ninjaBlast3 ninjaBlast3 ninjaBlast3 ninjaBlast3 ninjaBlast3 ninjaBlast3 ninjaBlast3 ninjaBlast3 ninjaBlast3 ninjaBlast3 ninjaBlast3 ninjaBlast3 ninjaBlast3 ninjaBlast3 ninjaHS ninjaIQ ninjaIQ,neither,0.03945320844208391,0.33037608806864915,0.630170703489267
GO 49ers,neither,0.04076545527285137,0.334931166163354,0.6243033785637945
ninjaCart ninjaAmazing ninjaAmazing,neither,0.03945320844208391,0.33037608806864915,0.630170703489267
of,neither,0.03945320844208391,0.33037608806864915,0.630170703489267
ninjaGold ninjaGold ninjaGold ninjaGold ninjaK ninjaK ninjaK ninjaK ninjaK ninjaHype ninjaHype ninjaHype ninjaCreep ninjaClap,neither,0.03945320844208391,0.33037608806864915,0.630170703489267
ninjaHype ninjaHype ninjaHype ninjaHype ninjaK ninjaK ninjaHype ninjaHype ninjaHype ninjaBush ninjaBush ninjaHype ninjaHype ninjaHype ninjaThirst ninjaThirst,neither,0.03945320844208391,0.33037608806864915,0.630170703489267
ninjaHi,neither,0.03945320844208391,0.33037608806864915,0.630170703489267
man like Ninjjjjjjj,offensive_language,0.06818347539359779,0.5201476277189473,0.4116688968874549
yes,neither,0.03945320844208391,0.33037608806864915,0.630170703489267
@willy087 No it's just starting.,neither,0.03172544511409532,0.3731096166775753,0.5951649382083294
chiill with the song its so repetitive,neither,0.02106135588097872,0.41568257448071455,0.5632560696383068
Y u So l8,offensive_language,0.039501631330860744,0.48329170807269783,0.4772066605964413
hi,neither,0.03945320844208391,0.33037608806864915,0.630170703489267
ninjaHype ninjaHype ninjaHype ninjaHype,neither,0.03945320844208391,0.33037608806864915,0.630170703489267
merry Christmas @PastorBlank,neither,0.03945320844208391,0.33037608806864915,0.630170703489267
,neither,0.03945320844208391,0.33037608806864915,0.630170703489267
Dolphins are daeDoo daeDoo feels bad,neither,0.05838729827527303,0.29040379308303643,0.6512089086416906
@SSpicy2 THERE MY TEAM ASWELL ;[,neither,0.025133392760245867,0.38591496790090885,0.5889516393388453
Baker!!!,neither,0.03945320844208391,0.33037608806864915,0.630170703489267
LIONS WIN,neither,0.03945320844208391,0.33037608806864915,0.630170703489267
yay,neither,0.03945320844208391,0.33037608806864915,0.630170703489267
Yeet,neither,0.03945320844208391,0.33037608806864915,0.630170703489267
!sub,neither,0.03945320844208391,0.33037608806864915,0.630170703489267
PokMaskedpika PokMaskedpika PokMaskedpika PokMaskedpika PokMaskedpika PokMaskedpika PokMaskedpika PokMaskedpika PokMaskedpika PokMaskedpika PokMaskedpika PokMaskedpika PokMaskedpika PokMaskedpika PokMaskedpika PokMaskedpika PokMaskedpika PokMaskedpika PokMaskedpika PokMaskedpika,neither,0.03945320844208391,0.33037608806864915,0.630170703489267
"If you want to have access to all the personal Ninja Emoticons and support him, Subscribe here --> https://goo.gl/y7g2gx - As a subscriber you also get access to the Discord server! --> discord.gg/ninja",neither,0.07664579311701744,0.3703670546924008,0.5529871521905817
Good afternoon,neither,0.038712489352510704,0.33063085532967357,0.6306566553178159
Hi,neither,0.03945320844208391,0.33037608806864915,0.630170703489267
Play w shroud,neither,0.03945320844208391,0.33037608806864915,0.630170703489267
#ninjasquad,neither,0.03945320844208391,0.33037608806864915,0.630170703489267
ninjaHype ninjaPon ninjaS ninjaHS ninjaSplat ninjaBlood,neither,0.03945320844208391,0.33037608806864915,0.630170703489267
"@superrealduncan its his stream, dont like it.. then you can mute and watch or just leave dude.",neither,0.06663191997696011,0.3514430393740798,0.5819250406489601
ninjaClap ninjaClap ninjaClap ninjaClap ninjaClap,neither,0.03945320844208391,0.33037608806864915,0.630170703489267
hello,neither,0.03945320844208391,0.33037608806864915,0.630170703489267
KC CHiefs winning the superbowl dont,neither,0.03888384241746161,0.32005226014330995,0.6410638974392284
ninjaHype ninjaHype ninjaHype ninjaHype ninjaHype ninjaHi ninjaHi ninjaHi I AM READY ninjaAmazing,neither,0.03917858059409785,0.33047054517879704,0.6303508742271052
!uptime,neither,0.03945320844208391,0.33037608806864915,0.630170703489267
Ninja has been streaming for 6 minutes 12 seconds,neither,0.035901840335972865,0.31163011099587895,0.6524680486681482
BROWNS WON WOOO,neither,0.03945320844208391,0.33037608806864915,0.630170703489267
ninjaHyperr ninjaHyper ninjaBlast1 ninjaBlast2 ninjaBlast3 ninjaBlast3 ninjaBlast3 ninjaBlast3 ninjaBlast3 ninjaBlast3 ninjaBlast3 ninjaBlast3 ninjaBlast3 ninjaBlast3 ninjaBlast3 ninjaBlast3 ninjaBlast3 ninjaBlast3 ninjaBlast3 ninjaBlast3 ninjaBlast3 ninjaBlast3 ninjaBlast3 ninjaBlast3,neither,0.03945320844208391,0.33037608806864915,0.630170703489267
ninjaHyperr ninjaHyper,neither,0.03945320844208391,0.33037608806864915,0.630170703489267
New song,neither,0.044000368639742445,0.21028930043648347,0.745710330923774
ninjaHype ninjaHype ninjaHype ninjaHype,neither,0.03945320844208391,0.33037608806864915,0.630170703489267
Why are you So late? :),neither,0.07780345827200211,0.4144144438519091,0.5077820978760887
HOW BOUT THEM BROWNS BABY!!!!,neither,0.0474924157000297,0.397367986141496,0.5551395981584745
thhis band annoying,neither,0.03945320844208391,0.33037608806864915,0.630170703489267
cizzNo cizzWay ninjaS,neither,0.03945320844208391,0.33037608806864915,0.630170703489267
,neither,0.03945320844208391,0.33037608806864915,0.630170703489267
ninjaHype ninjaHype ninjaHype ninjaHype ninjaHype ninjaHype ninjaHype ninjaHype ninjaHype ninjaHype ninjaHype ninjaHype ninjaHype ninjaHype,neither,0.03945320844208391,0.33037608806864915,0.630170703489267
ninjaGold ninjaGold ninjaGold ninjaGold ninjaGold,neither,0.03945320844208391,0.33037608806864915,0.630170703489267
!uptime,neither,0.03945320844208391,0.33037608806864915,0.630170703489267
did anyone else see graham gano's 63 YARD FIELD GOAL TO WIN!,neither,0.042865960046193655,0.32835080972856184,0.6287832302252445
ninjaPopcorn ninjaThirst ninjaCash,neither,0.03945320844208391,0.33037608806864915,0.630170703489267
ninjaHype ninjaHype ninjaHype ninjaHype ninjaHype ninjaHype ninjaHype ninjaHype ninjaHype ninjaHype ninjaHype ninjaHype ninjaHype ninjaHype ninjaHype ninjaHype ninjaHype ninjaHype ninjaHype ninjaHype ninjaHype ninjaHype ninjaHype ninjaHype,neither,0.03945320844208391,0.33037608806864915,0.630170703489267
!uptime,neither,0.03945320844208391,0.33037608806864915,0.630170703489267
morning from uk i mean its night here and i got school tomorrow so wont be here long ninjaH,neither,0.08272960687820982,0.23868127795622027,0.67858911516557
ninjaPon ninjaPon FOR THE LIONS!!!,neither,0.03254860053960828,0.28467712773523957,0.6827742717251521
ninjaPon,neither,0.03945320844208391,0.33037608806864915,0.630170703489267
@superrealduncan mute it or leave,neither,0.03805837491617262,0.33085583527914175,0.6310857898046855
HYOE,neither,0.03945320844208391,0.33037608806864915,0.630170703489267
PogChamp IN THE CHAR FOR,neither,0.032761018068277706,0.28608080380975365,0.6811581781219688
3rd month in a row,neither,0.03945320844208391,0.33037608806864915,0.630170703489267
Walking Dead season 9 is crazzyy,neither,0.047929248752894636,0.3235707378616494,0.628500013385456
"@superrealduncan again, just mute it if you dont like it. no need to be that way.",neither,0.03674643053833475,0.47975859868416637,0.4834949707774989
SUB TO NINJA,neither,0.04616514035747035,0.3264542250641142,0.6273806345784154
never got a notification,neither,0.034090402623975634,0.41823634902267337,0.5476732483533511
Hiiiii,neither,0.03945320844208391,0.33037608806864915,0.630170703489267
ninjaHype ninjaHype ninjaHype ninjaThirst,neither,0.03945320844208391,0.33037608806864915,0.630170703489267
Glad the Lions won today. #SKOL,neither,0.03767448281964368,0.30060236397281304,0.6617231532075434
morning but 3 pm,neither,0.043962653116016,0.19454704963314595,0.761490297250838
Hi,neither,0.03945320844208391,0.33037608806864915,0.630170703489267
!uptime,neither,0.03945320844208391,0.33037608806864915,0.630170703489267
Ninja has been streaming for 6 minutes 52 seconds,neither,0.0360345779618468,0.3123317160148309,0.6516337060233222
ninjaCreep ninjaCreep ninjaCreep ninjaCreep ninjaCreep ninjaCreep ninjaCreep ninjaCreep ninjaCreep ninjaCreep ninjaCreep ninjaCreep ninjaCreep ninjaCreep ninjaCreep ninjaCreep ninjaCreep ninjaCreep ninjaCreep ninjaCreep ninjaCreep ninjaCreep meme daddy,neither,0.03945320844208391,0.33037608806864915,0.630170703489267
ninjaRed ninjaBull,neither,0.03945320844208391,0.33037608806864915,0.630170703489267
hi,neither,0.03945320844208391,0.33037608806864915,0.630170703489267
Hey @ninja it’s 4am here and i m up watching your stream,neither,0.09335455023370046,0.3032016368967131,0.6034438128695864
LIONS BABY,neither,0.03945320844208391,0.33037608806864915,0.630170703489267
ninjaShield ninjaShield ninjaHyper ninjaHyperr,neither,0.03945320844208391,0.33037608806864915,0.630170703489267
ninjaPon ninjaPon ninjaPon#,neither,0.03945320844208391,0.33037608806864915,0.630170703489267
Hi ninja,neither,0.03945320844208391,0.33037608806864915,0.630170703489267
hi ninja,neither,0.03945320844208391,0.33037608806864915,0.630170703489267
FBPatriots FBPatriots FBPatriots FBPatriots FBPatriots FBPatriots,neither,0.03945320844208391,0.33037608806864915,0.630170703489267
Just saw your commercial!!!!,neither,0.06476758674932273,0.3434261995179924,0.5918062137326849
sup,neither,0.03945320844208391,0.33037608806864915,0.630170703489267
!playtime,neither,0.03945320844208391,0.33037608806864915,0.630170703489267
ninjaPon ninjaPon,neither,0.03945320844208391,0.33037608806864915,0.630170703489267
ninjaPon,neither,0.03945320844208391,0.33037608806864915,0.630170703489267
yo ninja,neither,0.03963661905393089,0.4165653046673816,0.5437980762786875
Lions were actually good today ninjaTooth,neither,0.03805987076735693,0.29644199692969897,0.665498132302944
Kk,neither,0.03945320844208391,0.33037608806864915,0.630170703489267
Psg💪🏼,neither,0.03945320844208391,0.33037608806864915,0.630170703489267
Lions won!,neither,0.03945320844208391,0.33037608806864915,0.630170703489267
Lions coupd easily be looking at being 4-3 in a few weeks from now!,neither,0.0369271868421905,0.3531192500699258,0.6099535630878837
Yer,neither,0.03945320844208391,0.33037608806864915,0.630170703489267
ninjaThrow,neither,0.03945320844208391,0.33037608806864915,0.630170703489267
@ninja you see the panthers 63 yard field goal,neither,0.047351221935879005,0.3449128225863183,0.6077359554778026
FlipThis TableHere ScaredyCat KappaHD MiniK PrimeYouDontSay PrimeUWot PrimeRlyTho BagOfMemes MindManners PartyPopper TwitchCop PokCharizard PokGardevoir PokGengar PokCroagunk PokLucario PokMachamp PokMaskedpika PokMewtwo PokPikachu PokSuicune PokWeavile PokAegislash PokBraixen PokChandelure PokSceptile PokSceptile PokShadowmew FortOne FortBush FortHype FortLlama PokBlastoise PokDarkrai PokDecidueye PokScizor PokEmpoleon,neither,0.03945320844208391,0.33037608806864915,0.630170703489267
ninjaHi ninjaHi ninjaHi ninjaHi ninjaHi ninjaHi,neither,0.03945320844208391,0.33037608806864915,0.630170703489267
t pose,neither,0.03945320844208391,0.33037608806864915,0.630170703489267
hey brothaaaa,neither,0.03945320844208391,0.33037608806864915,0.630170703489267
ninjaShrug ninjaShrug ninjaShrug ninjaShrug ninjaShrug ninjaShrug ninjaShrug ninjaShrug ninjaShrug ninjaShrug ninjaShrug ninjaShrug ninjaShrug ninjaShrug ninjaShrug ninjaShrug ninjaShrug ninjaShrug ninjaShrug ninjaShrug ninjaShrug ninjaShrug,neither,0.03945320844208391,0.33037608806864915,0.630170703489267
rubyHYPE rubyHYPE rubyHYPE rubyHYPE rubyHYPE rubyHYPE rubyHYPE rubyHYPE rubyHYPE rubyHYPE rubyHYPE rubyHYPE,neither,0.03945320844208391,0.33037608806864915,0.630170703489267
Edm please!,neither,0.03945320844208391,0.33037608806864915,0.630170703489267
ninjaPon ninjaPon,neither,0.03945320844208391,0.33037608806864915,0.630170703489267
ninjaPopcorn ninjaPopcorn ninjaPopcorn,neither,0.03945320844208391,0.33037608806864915,0.630170703489267
Hey i just subbed with twitch prime,neither,0.02986332875520851,0.3674945330191402,0.6026421382256513
hi ninja,neither,0.03945320844208391,0.33037608806864915,0.630170703489267
lol,neither,0.020706217963973744,0.4882283491876925,0.4910654328483337
Gang,neither,0.03945320844208391,0.33037608806864915,0.630170703489267
i subed,neither,0.03945320844208391,0.33037608806864915,0.630170703489267
letssssss gooooooooooooo,neither,0.03945320844208391,0.33037608806864915,0.630170703489267
ninjaPon Have you beat the 115 record yet?? On stack,neither,0.04720025005162411,0.3668091881263317,0.5859905618220442
ninjaPon ninjaPon ninjaPon ninjaPon ninjaPon ninjaPon,neither,0.03945320844208391,0.33037608806864915,0.630170703489267
!subcoount,neither,0.03945320844208391,0.33037608806864915,0.630170703489267
unsubbing,neither,0.03945320844208391,0.33037608806864915,0.630170703489267
hi dad,neither,0.03945320844208391,0.33037608806864915,0.630170703489267
man like Ninjjjjjjj,offensive_language,0.06818347539359779,0.5201476277189473,0.4116688968874549
ninjaCreep ninjaCreep ninjaCreep,neither,0.03945320844208391,0.33037608806864915,0.630170703489267
!uptime,neither,0.03945320844208391,0.33037608806864915,0.630170703489267
,neither,0.03945320844208391,0.33037608806864915,0.630170703489267
Ninja has been streaming for 7 minutes 37 seconds,neither,0.03605278841535164,0.31242796755837576,0.6515192440262725
Hey @ninja it’s 4am here and i m up watching your stream,neither,0.09335455023370046,0.3032016368967131,0.6034438128695864
Good morning,neither,0.04970930963283925,0.13564577574880146,0.8146449146183593
hi,neither,0.03945320844208391,0.33037608806864915,0.630170703489267
Ew god is that bucsh,neither,0.04361978158885649,0.37172472508007837,0.584655493331065
So glad the lions won ninjaPon,neither,0.03860231267687554,0.3534245755737473,0.6079731117493772
ninjaCreep,neither,0.03945320844208391,0.33037608806864915,0.630170703489267
LETS GO!,neither,0.039984317429425154,0.35542799280679366,0.6045876897637812
yes lions won,neither,0.03945320844208391,0.33037608806864915,0.630170703489267
WOOT LIONS,neither,0.03945320844208391,0.33037608806864915,0.630170703489267
Hii,neither,0.03945320844208391,0.33037608806864915,0.630170703489267
can mods do that?,neither,0.03541396264099791,0.39639400454638785,0.5681920328126142
It's so cool seeing Ninja's commercial while watching NFL.,neither,0.03856131767538754,0.35784666565424283,0.6035920166703697
"ya go back to edm, or decent punk",neither,0.046692881560417225,0.31098931377796185,0.6423178046616209
what band is this,neither,0.05768565795796135,0.3235026240812445,0.618811717960794
!title,neither,0.03945320844208391,0.33037608806864915,0.630170703489267
@blazinghog35 -> Current Stream Title: Let's get some wins! Good morning! #teamninja,neither,0.029196681247878158,0.27936067695425354,0.6914426417978684
wuzzup,neither,0.03945320844208391,0.33037608806864915,0.630170703489267
LUL,neither,0.03945320844208391,0.33037608806864915,0.630170703489267
GO TWINS!,neither,0.04096070637719676,0.33561098343940704,0.6234283101833961
Hey @Ninja good morning or whatever time it is for you.,neither,0.055448699275269527,0.25247368948537424,0.6920776112393563
Saquon might have torn his MCL,neither,0.06300803603387403,0.340369211054556,0.5966227529115701
ninjaPon,neither,0.03945320844208391,0.33037608806864915,0.630170703489267
the packers cant make a field goal,neither,0.038821114838485736,0.31889641128810137,0.642282473873413
ninjaPon,neither,0.03945320844208391,0.33037608806864915,0.630170703489267
Where the mods at LUL,neither,0.039608293162309745,0.3064206356798722,0.653971071157818
ninjaPon ninjaPon,neither,0.03945320844208391,0.33037608806864915,0.630170703489267
ninjaHype ninjaHype ninjaHype ninjaHype ninjaHype ninjaHype ninjaHype ninjaHype ninjaHype ninjaHype ninjaHype ninjaHype ninjaHype ninjaHype ninjaHype ninjaHype,neither,0.03945320844208391,0.33037608806864915,0.630170703489267
oh my what kind of music is this lol,neither,0.03696725164032239,0.40554899415618684,0.5574837542034908
no mods in her lul,offensive_language,0.029846383299621533,0.5615709077392564,0.4085827089611221
i sub 2hit prime,neither,0.03945320844208391,0.33037608806864915,0.630170703489267
Go Ninjas :D,neither,0.04276165647058889,0.34190019769565555,0.6153381458337556
T-Pose on them dudes,neither,0.04992815043584382,0.3359625057300871,0.6141093438340691
Cute skin dreageDerp,neither,0.041870953206843746,0.28934064959964245,0.6687883971935138
where da mods at?,offensive_language,0.10011807270658028,0.5001665825213173,0.3997153447721024
mods mods BabyRage,neither,0.03945320844208391,0.33037608806864915,0.630170703489267
Music is a touch loud mate,neither,0.04582350353702269,0.3281850514717799,0.6259914449911975
@volt_l3gacy What?! No way,neither,0.046871268340981875,0.346930922580299,0.6061978090787192
Lol some people are just so insufferable.,neither,0.06392030236177391,0.4062729692467343,0.5298067283914918
Howdy playas,neither,0.03945320844208391,0.33037608806864915,0.630170703489267
Now what,neither,0.05101454279603208,0.32235701446326953,0.6266284427406985
whatcha need ninja?,neither,0.03929812610613291,0.3290774485535575,0.6316244253403097
Why is Goku on top tho,neither,0.03037061570875125,0.36029784467976245,0.6093315396114863
Where da mods at bro,offensive_language,0.08516072049375992,0.46653315459185485,0.4483061249143852
Hello,neither,0.03945320844208391,0.33037608806864915,0.630170703489267
!time,neither,0.036668274527354654,0.377643684699956,0.5856880407726893
hat monte mehr zuschauer gerade als ninja wtf ?,offensive_language,0.04145357836394343,0.5076931333940303,0.4508532882420261
"October 7th 2018, 3:43:13 pm CDT GMT-05:00",neither,0.03945320844208391,0.33037608806864915,0.630170703489267
t pose,neither,0.03945320844208391,0.33037608806864915,0.630170703489267
reeee,neither,0.03945320844208391,0.33037608806864915,0.630170703489267
mods BabyRage,neither,0.03945320844208391,0.33037608806864915,0.630170703489267
my dudeee,offensive_language,0.011017215557639733,0.6062201221254095,0.3827626623169507
What did you think about the lions game today Ninja?,neither,0.05037392290805642,0.3122317369217178,0.6373943401702258
ninjaHi ninjaHi ninjaHi ninjaHi ninjaHi ninjaHi,neither,0.03945320844208391,0.33037608806864915,0.630170703489267
@mlsto Change the title to all caps LIONS WON,neither,0.044089844017233516,0.36016783519948087,0.5957423207832855
!uptime,neither,0.03945320844208391,0.33037608806864915,0.630170703489267
Ninja has been streaming for 8 minutes 49 seconds,neither,0.036078828691740394,0.31256560255387583,0.6513555687543837
he asked for a title change,neither,0.03851153240043637,0.303618785002248,0.6578696825973157
hi,neither,0.03945320844208391,0.33037608806864915,0.630170703489267
Where’s your Crosby Jersey?,neither,0.08378537520832288,0.2814143713581454,0.6348002534335317
Relax chat we just got here,neither,0.06875557311091478,0.3562357477281744,0.5750086791609108
balls,offensive_language,0.05346665348698163,0.6458508044042794,0.3006825421087389
last night was dope,neither,0.031706223524695855,0.33224689924225737,0.6360468772330469
change stream name to lions win all caps kappa,neither,0.043925181707261736,0.3652905269843091,0.5907842913084292
Dont get used to it,neither,0.045057280556470035,0.3368210129108109,0.6181217065327191
Jesus you're all so needy,offensive_language,0.08098527953657994,0.46862295205600696,0.45039176840741313
Ninjas Time is = 3pm right?,neither,0.045017491530416794,0.3634402486934151,0.5915422597761681
ninjaHype ninjaHype ninjaHype ninjaHype ninjaHype ninjaHype ninjaHype ninjaHype,neither,0.03945320844208391,0.33037608806864915,0.630170703489267
FortLlama ninjaBlast1 ninjaBlast2 ninjaBla,neither,0.03945320844208391,0.33037608806864915,0.630170703489267
right lol,neither,0.025203731261364645,0.46175640657793826,0.5130398621606972
@Mlsto MODDDS BabyRage,neither,0.03945320844208391,0.33037608806864915,0.630170703489267
Y’all only won because Crosby was off today,neither,0.03930168096788379,0.3738417566027333,0.5868565624293829
The mods are asleep,neither,0.07454524226358256,0.25108350298421106,0.6743712547522063
lol,neither,0.020706217963973744,0.4882283491876925,0.4910654328483337
@pressurexxn he leaped into the end zone to secure the td and landed awkwardly,neither,0.045747779301403564,0.28288227796937354,0.671369942729223
Potty talk,neither,0.011110422634366193,0.34012447178344374,0.64876510558219
Hey @ninja it’s 4am here and i m up watching your stream,neither,0.09335455023370046,0.3032016368967131,0.6034438128695864
hat monte mehr zuschauer gerade als ninja wtf ?,offensive_language,0.04145357836394343,0.5076931333940303,0.4508532882420261
get the dub,neither,0.03790526342849106,0.32214540328777214,0.6399493332837367
LIONS WON,neither,0.03945320844208391,0.33037608806864915,0.630170703489267
!headphones,neither,0.03945320844208391,0.33037608806864915,0.630170703489267
how badly did the lions lose?,neither,0.03881738917683088,0.31882763210843873,0.6423549787147305
mods change the title to lions win all caps thats wht he said,neither,0.04620415373025529,0.35358721754184147,0.6002086287279033
"Change chat title to ""LIONS WIN"" from Ninja @Mlsto",neither,0.043962821872800935,0.31765370411519445,0.6383834740120047
Congrats on the lions win!!!!!!,neither,0.03654401674450017,0.3281074129007215,0.6353485703547783
@Ninja u should duo w/ shroud!,neither,0.050236851608824254,0.3618530252129507,0.587910123178225
!uptime,neither,0.03945320844208391,0.33037608806864915,0.630170703489267
Ninja has been streaming for 9 minutes 19 seconds,neither,0.03599172463842539,0.3121052117711978,0.6519030635903768
asneeeeeeeeee,neither,0.03945320844208391,0.33037608806864915,0.630170703489267
sup ninjas,neither,0.03945320844208391,0.33037608806864915,0.630170703489267
i feel ashamed that i dont know much about these sports in america,neither,0.14198633938696742,0.34385661237012954,0.514157048242903
he asked if you guys could change the title to lions won,neither,0.04186452252214959,0.37705226902222677,0.5810832084556237
"If crosby hit those field goals it might have been a dif game, but im glad the packers lost",neither,0.03584037710403565,0.3219810663255181,0.6421785565704463
K,neither,0.03945320844208391,0.33037608806864915,0.630170703489267
Were you happy they won,neither,0.059399651112893755,0.3575296495527081,0.5830706993343981
need to play kerryon more tbh,neither,0.04828262968561662,0.31502419182184965,0.6366931784925338
@AS3Ddruck ye 3:43 pm right now,neither,0.03878099198960606,0.343499029972894,0.6177199780375001
ninjaCreep ninjaCreep ninjaCreep ninjaCreep ninjaClap ninjaClap ninjaClap ninjaClap,neither,0.03945320844208391,0.33037608806864915,0.630170703489267
Mahomes is the goat!!!,neither,0.049246825553826,0.30599994472827247,0.6447532297179016
How’s fantasy today?,neither,0.03791002538607628,0.3065880898847455,0.6555018847291783
yo,offensive_language,0.04010381111145228,0.5271105317972344,0.4327856570913131
FBPatriots FBPatriots FBPatriots FBPatriots FBPatriots FBPatriots FBPatriots FBPatriots FBPatriots FBPatriots FBPatriots FBPatriots FBPatriots FBPatriots FBPatriots FBPatriots FBPatriots FBPatriots,neither,0.03945320844208391,0.33037608806864915,0.630170703489267
@qujo8 you saying one person carries that entire team? LUL,neither,0.039824085515246646,0.404629536547235,0.5555463779375184
Let’s go rubyHYPE,neither,0.01806316484133749,0.39391011985298136,0.5880267153056813
Hey,neither,0.03945320844208391,0.33037608806864915,0.630170703489267
can you speak spanish,neither,0.06304479925171114,0.32462190067191793,0.6123333000763709
ninjaAmazing,neither,0.03945320844208391,0.33037608806864915,0.630170703489267
Go lions!!!!,neither,0.04076545527285137,0.334931166163354,0.6243033785637945
"I'm a fan of the Big XII, whats defense?",neither,0.02832711343885273,0.36078915491980634,0.610883731641341
🐳🐵🐧🚲🌮☀🍌❤,neither,0.03945320844208391,0.33037608806864915,0.630170703489267
patriots baby,neither,0.03945320844208391,0.33037608806864915,0.630170703489267
!title LIONS WIN!,neither,0.03945320844208391,0.33037608806864915,0.630170703489267
@iTz_26 -> The stream title has been updated to: LIONS WIN!,neither,0.042696700382425436,0.3181573910082693,0.6391459086093054
!commands,neither,0.03945320844208391,0.33037608806864915,0.630170703489267
@xLayna -> The bot commands for this channel are available at https://beta.nightbot.tv/t/ninja/commands,neither,0.04637165599724777,0.29795772305344853,0.6556706209493037
ninjaGold ninjaGold ninjaGold,neither,0.03945320844208391,0.33037608806864915,0.630170703489267
Sheesh,neither,0.03945320844208391,0.33037608806864915,0.630170703489267
yeah their kickers dokdodo,neither,0.02457672438745557,0.43294242212848816,0.5424808534840562
gg lions,neither,0.03945320844208391,0.33037608806864915,0.630170703489267
!uptime,neither,0.03945320844208391,0.33037608806864915,0.630170703489267
Ninja has been streaming for 9 minutes 54 seconds,neither,0.035678679601720456,0.31045049647393935,0.6538708239243401
@nightbot did u see the Browns won?,neither,0.03861893765830197,0.31514222926781077,0.6462388330738874
ninjaClap ninjaClap ninjaCreep,neither,0.03945320844208391,0.33037608806864915,0.630170703489267
Hahaha,neither,0.03945320844208391,0.33037608806864915,0.630170703489267
ninjaPon ninjaPon gg Lions,neither,0.03945320844208391,0.33037608806864915,0.630170703489267
"@RezVDax thx, cause i'am 7 Hours ahead :D #Germany ;)",neither,0.038188599291116225,0.34983774770438847,0.6119736530044952
ninjaPon,neither,0.03945320844208391,0.33037608806864915,0.630170703489267
ninjaThirst,neither,0.03945320844208391,0.33037608806864915,0.630170703489267
hey all,neither,0.04285346742239823,0.46255625023407465,0.49459028234352725
!headset,neither,0.03945320844208391,0.33037608806864915,0.630170703489267
Beyerdynamic DT-990-Pro-250 https://goo.gl/EynznV with the Creative Sound Blaster X7 https://goo.gl/8KPSsG,neither,0.032607881588469084,0.3421343258604591,0.6252577925510718
"So,how about that khabib,mcgregor got slapped so hard.",offensive_language,0.030553175776769054,0.5810384038332174,0.38840842039001355
How bout Baker Mayfield!!!,neither,0.0344611637546253,0.42322376923843896,0.5423150670069358
!uptime,neither,0.03945320844208391,0.33037608806864915,0.630170703489267
go lions,neither,0.04076545527285137,0.334931166163354,0.6243033785637945
Ninja mods were not here. Tell them again to change the name,neither,0.0862292980643705,0.2949684865901385,0.6188022153454911
Yea love the roll out MercyWing2,neither,0.03150420624437731,0.34721498839191467,0.621280805363708
Gm ninjaPon,neither,0.03945320844208391,0.33037608806864915,0.630170703489267
ninjaDisco ninjaDisco ninjaDisco ninjaDisco ninjaDisco ninjaDisco ninjaDisco ninjaDisco ninjaCash,neither,0.03945320844208391,0.33037608806864915,0.630170703489267
im gonna stream snipe you :),neither,0.05038693452526033,0.4340033865184326,0.515609678956307
hola,neither,0.03945320844208391,0.33037608806864915,0.630170703489267
Happy Sunday dreageDerp dreageDerp,neither,0.03945320844208391,0.33037608806864915,0.630170703489267
logankooi10 are you blind?,neither,0.12243855078132387,0.32432579323358574,0.5532356559850904
its changed....,neither,0.03205760280459098,0.33291977597733546,0.6350226212180734
cheer1000 NINJA ILY,neither,0.03945320844208391,0.33037608806864915,0.630170703489267
!uptime,neither,0.03945320844208391,0.33037608806864915,0.630170703489267
Hey @ninja it’s 4am here and i m up watching your stream,neither,0.09335455023370046,0.3032016368967131,0.6034438128695864
Jesus Christ,neither,0.03945320844208391,0.33037608806864915,0.630170703489267
mercy of ur lord not human,neither,0.17908094160593083,0.2019730639165599,0.6189459944775093
hi,neither,0.03945320844208391,0.33037608806864915,0.630170703489267
@Ninja are you disappointed about the fight yesterday?,neither,0.06877191211787849,0.33464670004457203,0.5965813878375495
50 people already?,neither,0.07355726359119275,0.3463561540085128,0.5800865824002945
hey ninja,neither,0.03945320844208391,0.33037608806864915,0.630170703489267
