text,top_class,hate_speech,offensive_language,neither
Yo yo yo,offensive_language,0.04010381111145228,0.5271105317972344,0.4327856570913131
Yooo,neither,0.03945320844208391,0.33037608806864915,0.630170703489267
lit,neither,0.03945320844208391,0.33037608806864915,0.630170703489267
Hi I subed,neither,0.03945320844208391,0.33037608806864915,0.630170703489267
What’s up brother !,neither,0.04299378502850958,0.3952353040237286,0.5617709109477618
hi,neither,0.03945320844208391,0.33037608806864915,0.630170703489267
hi,neither,0.03945320844208391,0.33037608806864915,0.630170703489267
good morning dad!,neither,0.04769303041835823,0.1754894925464113,0.7768174770352305
2 Days till BLACKOUT,neither,0.03945320844208391,0.33037608806864915,0.630170703489267
ninjaFan ninjaFan,neither,0.03945320844208391,0.33037608806864915,0.630170703489267
@grady103 no u didn't,neither,0.017996842963369352,0.42328376072150875,0.5587193963151218
Ready to watch this while we eat this hurricane,neither,0.04825633567327312,0.3301851508932035,0.6215585134335234
hi,neither,0.03945320844208391,0.33037608806864915,0.630170703489267
!uptime,neither,0.03945320844208391,0.33037608806864915,0.630170703489267
Ninja has been streaming for 2 minutes 2 seconds,neither,0.035678679601720456,0.31045049647393935,0.6538708239243401
Let’s get some dubs baby,neither,0.016054395357331865,0.39599129419699264,0.5879543104456756
yo,offensive_language,0.04010381111145228,0.5271105317972344,0.4327856570913131
beautiful,neither,0.03945320844208391,0.33037608806864915,0.630170703489267
good morning ninja,neither,0.0468013847741319,0.19273113716557552,0.7604674780602926
looking forward to Blackout?,neither,0.0449942510556945,0.3271209892102795,0.6278847597340259
So every og who had skull trooper gets the purple one?,neither,0.03863906539313473,0.40700572458157414,0.5543552100252913
morning,neither,0.05283876784042269,0.1031882115525248,0.8439730206070525
Low key fire singing 👀,neither,0.03945320844208391,0.33037608806864915,0.630170703489267
Girl or boy skull,neither,0.03375708001321079,0.3862823602283526,0.5799605597584366
ninja aryou playing new mode ?,neither,0.04231282134986399,0.25962276397418094,0.6980644146759551
yes,neither,0.03945320844208391,0.33037608806864915,0.630170703489267
J'aime le caca,neither,0.03945320844208391,0.33037608806864915,0.630170703489267
Or everyone gets the purple?,neither,0.033406686860204926,0.407969212065227,0.5586241010745681
What up from Oregon Ninja!,neither,0.04256941057935042,0.35536719973822284,0.6020633896824269
!title,neither,0.03945320844208391,0.33037608806864915,0.630170703489267
Hey ninja how r u,neither,0.03945320844208391,0.33037608806864915,0.630170703489267
@LittleBunny01 -> Current Stream Title: !streamys NEW UPDATE O BABY | @Ninja @teamninja on socials,neither,0.03988810449292864,0.286090879693981,0.6740210158130904
Sup ninja how is your morning so far,neither,0.07926666960221222,0.25436612909149797,0.6663672013062898
j4r3d yes,neither,0.03945320844208391,0.33037608806864915,0.630170703489267
You're voice is so beautiful,neither,0.09976786411274571,0.3915531521799537,0.5086789837073006
Yooooo,neither,0.03945320844208391,0.33037608806864915,0.630170703489267
Letssss go,neither,0.04276165647058889,0.34190019769565555,0.6153381458337556
Good morning @ninja,neither,0.0468013847741319,0.19273113716557552,0.7604674780602926
,neither,0.03945320844208391,0.33037608806864915,0.630170703489267
I logged on and got it,neither,0.03330060922630806,0.3484127709296887,0.6182866198440032
!title,neither,0.03945320844208391,0.33037608806864915,0.630170703489267
@szb26 -> Current Stream Title: !streamys NEW UPDATE O BABY | @Ninja @teamninja on socials,neither,0.03988810449292864,0.286090879693981,0.6740210158130904
wrong you're lol,neither,0.08334186894096592,0.4415788533791873,0.4750792776798468
the shop ninja!,neither,0.038602261925757005,0.3148305201159101,0.6465672179583328
!song,neither,0.038601720699969956,0.3448280572582511,0.616570222041779
https://www.shazam.com/,neither,0.03945320844208391,0.33037608806864915,0.630170703489267
morning ninja,neither,0.048203553387938615,0.18185989775694275,0.7699365488551186
ninjaHype ninjaHype ninjaHype,neither,0.03945320844208391,0.33037608806864915,0.630170703489267
lupoBOOTY ninjaCreep lupoBOOTY ninjaCreep lupoBOOTY ninjaCreep lupoBOOTY ninjaCreep lupoBOOTY ninjaCreep lupoBOOTY ninjaCreep lupoBOOTY ninjaCreep lupoBOOTY ninjaCreep lupoBOOTY ninjaCreep lupoBOOTY ninjaCreep lupoBOOTY ninjaCreep lupoBOOTY ninjaCreep lupoBOOTY ninjaCreep lupoBOOTY ninjaCreep lupoBOOTY ninjaCreep lupoBOOTY ninjaCreep lupoBOOTY ninjaCreep lupoBOOTY ninjaCreep lupoBOOTY ninjaCreep lupoBOOTY ninjaCreep lupoBOOTY ninjaCreep,neither,0.03945320844208391,0.33037608806864915,0.630170703489267
Hey ninj,neither,0.03945320844208391,0.33037608806864915,0.630170703489267
yo everyone!!,offensive_language,0.03179772152241554,0.5543214584183505,0.4138808200592341
!song,neither,0.038601720699969956,0.3448280572582511,0.616570222041779
SKULL TROOPER HYPE!!!,neither,0.03945320844208391,0.33037608806864915,0.630170703489267
Ninja can you tell us what you think of the purple skull trooper?,neither,0.10146555832473307,0.35833097685723614,0.5402034648180308
!uptime,neither,0.03945320844208391,0.33037608806864915,0.630170703489267
Ninja has been streaming for 3 minutes 24 seconds,neither,0.03589154308062909,0.3115756819731111,0.6525327749462598
PrimeRlyTho PrimeRlyTho PrimeRlyTho PrimeRlyTho PrimeRlyTho,neither,0.03945320844208391,0.33037608806864915,0.630170703489267
whsh,neither,0.03945320844208391,0.33037608806864915,0.630170703489267
"Epic would’ve made more money if they just brought back originals, ghoul, scythe",neither,0.017921755395093865,0.35175477882033307,0.6303234657845731
I already had the skull trooper I have 100 + skins on my account,neither,0.029870426290020877,0.3941135462805711,0.5760160274294079
❤,neither,0.03945320844208391,0.33037608806864915,0.630170703489267
LETS GET IT!!!!,neither,0.035792812152059726,0.3614291354098794,0.6027780524380607
!prime,neither,0.03945320844208391,0.33037608806864915,0.630170703489267
Support the stream with a FREE SUBSCRIPTION! Link an Amazon Prime to your Twitch account - twitch.amazon.com/prime Check out this tutorial where Ninja shows how to subscribe to a stream using Twitch Prime! youtube.com/watch?v=pvyZLDs2yQo ninjaPrime ninjaPrime ninjaPrime,neither,0.05320751381205407,0.33853077004085724,0.6082617161470886
we out here at school,neither,0.08571206032474192,0.33484781241857225,0.5794401272566858
ninjaPon,neither,0.03945320844208391,0.33037608806864915,0.630170703489267
ninjaPon,neither,0.03945320844208391,0.33037608806864915,0.630170703489267
🍀☘,neither,0.03945320844208391,0.33037608806864915,0.630170703489267
gotta revise for a chemistry test ninjaCry ninjaCry ninjaCry,neither,0.03304307466790992,0.32963058876698964,0.6373263365651005
what is he doing,neither,0.07195555118084428,0.3164550628048198,0.611589386014336
!streamys,neither,0.03945320844208391,0.33037608806864915,0.630170703489267
Vote for Ninja as Audience Choice: Creator of the Year at the #streamys! #NinjaForStreamys https://bit.ly/2E6AGWr,neither,0.03478702881548832,0.32855447237069396,0.6366584988138178
lets go,neither,0.039984317429425154,0.35542799280679366,0.6045876897637812
,neither,0.03945320844208391,0.33037608806864915,0.630170703489267
what's up,neither,0.04549209283961305,0.43877665191533993,0.5157312552450469
F this microelectronics course,neither,0.03931301089097149,0.33275560639747925,0.6279313827115494
hiiii,neither,0.03945320844208391,0.33037608806864915,0.630170703489267
yeahhh,neither,0.03945320844208391,0.33037608806864915,0.630170703489267
u sound like a dying cat,neither,0.04989948052300719,0.3455790324291416,0.6045214870478512
Ninja,neither,0.03945320844208391,0.33037608806864915,0.630170703489267
Skully hype! gotta see the reaction from @Ninja PogChamp,neither,0.03836321073864533,0.3269480215685875,0.6346887676927672
Ninja!!!!! my dad,neither,0.028305022712803912,0.4171199555584239,0.554575021728772
oh yuh,neither,0.0456283565223502,0.2719307315164877,0.6824409119611621
Hi Ninja,neither,0.03945320844208391,0.33037608806864915,0.630170703489267
ues,neither,0.03945320844208391,0.33037608806864915,0.630170703489267
yes baby,neither,0.03945320844208391,0.33037608806864915,0.630170703489267
How’s it going ninj,neither,0.034827248517943006,0.3742167478469281,0.5909560036351289
OG Skulltrooper,neither,0.03945320844208391,0.33037608806864915,0.630170703489267
NINJAAAAAAA!!!!!,neither,0.03945320844208391,0.33037608806864915,0.630170703489267
yeah,offensive_language,0.013968601452186464,0.5182923869769311,0.4677390115708824
let's gooooo,neither,0.023358265737137156,0.36602079466529924,0.6106209395975636
Love the hair man. Looking sharp!,neither,0.03541100734814786,0.39313703215978446,0.5714519604920678
Yes?,neither,0.03945320844208391,0.33037608806864915,0.630170703489267
ninjaFan,neither,0.03945320844208391,0.33037608806864915,0.630170703489267
yoooooo,neither,0.03945320844208391,0.33037608806864915,0.630170703489267
Lmao,neither,0.03705015143476208,0.3711622369619404,0.5917876116032975
whats up,neither,0.03597034933595279,0.4023906385329718,0.5616390121310755
Nice hair cut!,neither,0.03945320844208391,0.33037608806864915,0.630170703489267
Female?,neither,0.035808444317650075,0.3922372473366765,0.5719543083456735
ninjaFan ninjaFan ninjaFan ninjaFan ninjaFan ninjaFan ninjaFan ninjaFan ninjaFan ninjaFan ninjaFan ninjaFan ninjaFan ninjaFan ninjaFan ninjaFan ninjaFan ninjaFan ninjaFan ninjaFan ninjaFan ninjaFan ninjaFan,neither,0.03945320844208391,0.33037608806864915,0.630170703489267
whaddup dawg,neither,0.03945320844208391,0.33037608806864915,0.630170703489267
Purple SkullTrooper,neither,0.03945320844208391,0.33037608806864915,0.630170703489267
hurrr looks good!,neither,0.038457139233778734,0.330718681944739,0.6308241788214823
the hair is sick,neither,0.04850851584731602,0.3075892755115287,0.6439022086411552
ninjaHype ninjaHype ninjaHype ninjaHype ninjaHype,neither,0.03945320844208391,0.33037608806864915,0.630170703489267
im ninjas dad,neither,0.038211089518982895,0.3774734779411878,0.5843154325398293
Your hair is brigter than my future,neither,0.06296956270193768,0.41095192679215947,0.5260785105059028
,neither,0.03945320844208391,0.33037608806864915,0.630170703489267
Hello ninj,neither,0.03945320844208391,0.33037608806864915,0.630170703489267
Toight,neither,0.03945320844208391,0.33037608806864915,0.630170703489267
og skull trooper is sick,neither,0.04606657031964777,0.32810144965926136,0.625831980021091
Supppppppppp ninja,neither,0.03945320844208391,0.33037608806864915,0.630170703489267
stream just start?,neither,0.03485802516708719,0.3520752466510922,0.6130667281818206
yooo ninja,neither,0.03945320844208391,0.33037608806864915,0.630170703489267
Only people that got OG SkullTrooper gets the purple one,neither,0.053279821454680604,0.40002845049599517,0.5466917280493244
Hi Ninja,neither,0.03945320844208391,0.33037608806864915,0.630170703489267
Your hair matches the new Skull Trooper color!,neither,0.06344284743029685,0.252717674209945,0.6838394783597582
FlipThis KappaHD TableHere MiniK PrimeUWot PartyPopper PrimeUWot MindManners,neither,0.03945320844208391,0.33037608806864915,0.630170703489267
are you happy with the color and how it turned out?,neither,0.054465817434906444,0.3241701382018323,0.6213640443632612
new LTM mode,neither,0.04341101089575549,0.23125336554662146,0.725335623557623
good morning señor ninja,neither,0.0468013847741319,0.19273113716557552,0.7604674780602926
ninjaS ninjaS ninjaS,neither,0.03945320844208391,0.33037608806864915,0.630170703489267
"Yo Ninja, how bout that OG skully?",neither,0.03337135694430884,0.472954675245645,0.49367396781004613
Good Morning,neither,0.04970930963283925,0.13564577574880146,0.8146449146183593
Good mornin ninj. Today is a good day because I get to see my boyfriend!,neither,0.038599040128624695,0.36142204494899904,0.5999789149223761
They just acrewed over the OG people (im not ine of them btw),neither,0.061200902974695416,0.35331955272574295,0.5854795442995615
I love this music!,neither,0.03535883441880846,0.3512913545446099,0.6133498110365816
whats the LTM mode?,neither,0.03862064263301611,0.31517408095901134,0.6462052764079725
Lovin the hair,neither,0.038456396678598244,0.3120896443840057,0.649453958937396
Good morning cccchhhhaaattt,neither,0.04970930963283925,0.13564577574880146,0.8146449146183593
the purple is for OG only,neither,0.04003402846488598,0.2910544814897385,0.6689114900453755
you guys heard about the Fortnite toys,neither,0.0509877945935619,0.38090475189526707,0.5681074535111711
need 7 daily,neither,0.039218508961918926,0.32841074483826327,0.6323707461998178
play disco dom,neither,0.03945320844208391,0.33037608806864915,0.630170703489267
hi daddy,neither,0.03945320844208391,0.33037608806864915,0.630170703489267
whats up nin,neither,0.03597034933595279,0.4023906385329718,0.5616390121310755
what song is this?,neither,0.05996683045653229,0.33256274023851656,0.6074704293049512
the new mode is boring,neither,0.049341299056228166,0.2368026217077403,0.7138560792360314
Purple,neither,0.03945320844208391,0.33037608806864915,0.630170703489267
not in game,neither,0.03646437573908374,0.2735751101690198,0.6899605140918964
Hello,neither,0.03945320844208391,0.33037608806864915,0.630170703489267
Yeah buddy,neither,0.02145469153981289,0.4574245217793169,0.5211207866808701
only messed up in lobby,neither,0.037326469755990674,0.37284094444875093,0.5898325857952584
it is in the game,neither,0.04734777107920656,0.25016159537906335,0.7024906335417301
wait wth how did he edit the skull trooper,neither,0.04223115164006607,0.31892852224741125,0.6388403261125226
Why they bring back skull trooper it isn't even a good skin,neither,0.03041491717129177,0.35114636105760666,0.6184387217711017
@Ninja Disco is chaos. Watched LUPO play. Average around 20 kills.,neither,0.04338108007261702,0.32902511289998854,0.6275938070273944
purple is for OG only,neither,0.04064898412618583,0.30228337609239164,0.6570676397814225
Purple is only for OG,neither,0.04064898412618583,0.30228337609239164,0.6570676397814225
hey ninja good morning,neither,0.04605515926341767,0.20703020260432134,0.746914638132261
how long is it in the item shop,neither,0.04336800789107491,0.3154038682906993,0.6412281238182258
Get 40bomb in disco domination,neither,0.03888805675588092,0.3399681871118837,0.6211437561322354
ninjaHype ninjaHype ninjaHype ninjaHype,neither,0.03945320844208391,0.33037608806864915,0.630170703489267
OG Purple,neither,0.03945320844208391,0.33037608806864915,0.630170703489267
Morning Ninja,neither,0.048203553387938615,0.18185989775694275,0.7699365488551186
out like a light,neither,0.047782728316318725,0.37831313469591343,0.5739041369877679
whats the song?,neither,0.03797449783451403,0.32059387863177835,0.6414316235337076
Morning Ninjaaaa <3,neither,0.05283876784042269,0.1031882115525248,0.8439730206070525
hey,neither,0.03945320844208391,0.33037608806864915,0.630170703489267
ranger>trooper,neither,0.03945320844208391,0.33037608806864915,0.630170703489267
bruh its back in the game,neither,0.03195998121417426,0.27490706735298964,0.693132951432836
"Bye Ninja, gotta revise",neither,0.03779527588152351,0.35851553048055185,0.6036891936379246
Wait how do you get the back bling,neither,0.05252715983778117,0.3591143941214649,0.5883584460407539
Sick,neither,0.03945320844208391,0.33037608806864915,0.630170703489267
and there's a fake skull trooper...,neither,0.03876363462436912,0.2568698410997594,0.7043665242758714
haha that guy bowing,neither,0.029717340062242897,0.46957433541153926,0.5007083245262179
Ninja - you'd def like like Moods Like English Weather by the Gospel Youth,neither,0.06964072481541689,0.39843436664021337,0.5319249085443697
LOVE the hair!!,neither,0.034106748506421425,0.326187191929967,0.6397060595636116
good morning!,neither,0.04970930963283925,0.13564577574880146,0.8146449146183593
40 BOMB IN DISCO,neither,0.03945320844208391,0.33037608806864915,0.630170703489267
!uptime,neither,0.03945320844208391,0.33037608806864915,0.630170703489267
Ninja has been streaming for 7 minutes 16 seconds,neither,0.035943709237537896,0.31185141891913704,0.652204871843325
Why u didn’t go blue,neither,0.01794832887383165,0.3961769514411446,0.5858747196850237
!uptime,neither,0.03945320844208391,0.33037608806864915,0.630170703489267
Nice hair!!!,neither,0.03945320844208391,0.33037608806864915,0.630170703489267
ur terrible ninja,neither,0.06125455197502773,0.3228776063139262,0.6158678417110461
4t redst,neither,0.03945320844208391,0.33037608806864915,0.630170703489267
Your voice is a combination of fergie and Jesus,neither,0.06645146293960162,0.29451864969631986,0.6390298873640785
yo ninja,neither,0.03963661905393089,0.4165653046673816,0.5437980762786875
Hello my dude,neither,0.02709663463294566,0.4278551442712322,0.5450482210958221
the hair is LIT,neither,0.047598112940028324,0.3095964631760079,0.6428054238839639
40 bomb in disco ltm,neither,0.03945320844208391,0.33037608806864915,0.630170703489267
Use the purple one,neither,0.012055120327594345,0.43922627489993155,0.548718604772474
@kash9595 it is blue. Just has to fade a little,neither,0.046347283973114016,0.3409843027294403,0.6126684132974456
ninjaFan ninjaFan ninjaFan,neither,0.03945320844208391,0.33037608806864915,0.630170703489267
Cloak got 48 in Disco earlier,neither,0.03852169025411157,0.36378739429173484,0.5976909154541535
good morning,neither,0.04970930963283925,0.13564577574880146,0.8146449146183593
!dt,neither,0.03945320844208391,0.33037608806864915,0.630170703489267
How any skull troopers will we see today,neither,0.03924726886100772,0.29645854840469266,0.6642941827342996
40 bomb in disco,neither,0.03945320844208391,0.33037608806864915,0.630170703489267
!uptime,neither,0.03945320844208391,0.33037608806864915,0.630170703489267
Hey guys good morning ninjaHi,neither,0.04682303323749684,0.19210378999074165,0.7610731767717615
Your hair today haha,neither,0.06595430187484798,0.37187211437110645,0.5621735837540457
Good morning y’all,neither,0.05617101603540504,0.22990603281931743,0.7139229511452775
Purple Skulltrooper,neither,0.03945320844208391,0.33037608806864915,0.630170703489267
Morning Ninja and Chat!,neither,0.045027056816225666,0.18275084176299264,0.7722221014207817
!uptime,neither,0.03945320844208391,0.33037608806864915,0.630170703489267
9,neither,0.03945320844208391,0.33037608806864915,0.630170703489267
Morning,neither,0.05283876784042269,0.1031882115525248,0.8439730206070525
!streamys,neither,0.03945320844208391,0.33037608806864915,0.630170703489267
Vote for Ninja as Audience Choice: Creator of the Year at the #streamys! #NinjaForStreamys https://bit.ly/2E6AGWr,neither,0.03478702881548832,0.32855447237069396,0.6366584988138178
Want to do pon pon if you win,neither,0.04153892001567755,0.44469868003617075,0.5137623999481515
doperooni,neither,0.03945320844208391,0.33037608806864915,0.630170703489267
how long is it in shop,neither,0.0455618806136794,0.3263624678070192,0.6280756515793012
I love you ninja,neither,0.055614303534325615,0.40605032358192344,0.538335372883751
Yo @ninja what's good brotha!!!,neither,0.043342179744096654,0.3831617004322327,0.5734961198236707
Perfect timing <3,neither,0.03945320844208391,0.33037608806864915,0.630170703489267
Getting the morning stream of ninja before pt,neither,0.038926362380895176,0.3193908496110135,0.6416827880080912
Are you playing the new mode?,neither,0.08925983426600068,0.22855709019670367,0.6821830755372956
what's up,neither,0.04549209283961305,0.43877665191533993,0.5157312552450469
ninj out here rocking the grape trooper LUL,neither,0.0629100201346674,0.3061648125028402,0.6309251673624924
Love the new hair,neither,0.03896339034068276,0.21693755668964954,0.7440990529696677
"good morning, how are you today?",neither,0.10885930553740694,0.16071223911093024,0.7304284553516629
hi ninja,neither,0.03945320844208391,0.33037608806864915,0.630170703489267
Morning(:,neither,0.05283876784042269,0.1031882115525248,0.8439730206070525
hullo,neither,0.03945320844208391,0.33037608806864915,0.630170703489267
10 Skull stream snipers,neither,0.03945320844208391,0.33037608806864915,0.630170703489267
ninjaAim Skull Trooper is back,neither,0.048451469057048224,0.3272811736225007,0.624267357320451
now that song is stuck in my head and i dont know the name,neither,0.031428135022506735,0.39834183772081433,0.5702300272566789
nice aim,neither,0.03945320844208391,0.33037608806864915,0.630170703489267
What’s up ninja! You sleep well?,neither,0.057766520677157665,0.4209823478531087,0.5212511314697336
Good morning! Hair is awesome,neither,0.05490836361966654,0.20249262393973566,0.7425990124405978
!wins,neither,0.03945320844208391,0.33037608806864915,0.630170703489267
Check Ninja's wins here -> https://goo.gl/17Qojo,neither,0.0737613933919306,0.30145673084023594,0.6247818757678334
Wins: None yet ¯\_(ツ)_/¯,neither,0.03945320844208391,0.33037608806864915,0.630170703489267
Title,neither,0.03945320844208391,0.33037608806864915,0.630170703489267
Ooof,neither,0.03945320844208391,0.33037608806864915,0.630170703489267
Morning me,neither,0.038764570670596916,0.16886794744721828,0.7923674818821848
!uptime,neither,0.03945320844208391,0.33037608806864915,0.630170703489267
Ninja has been streaming for 8 minutes 10 seconds,neither,0.035850120125353144,0.3113567276014471,0.6527931522731997
@ninja how do you like the purple? IMO i think they should’ve made it red.🤷🏼‍♂️,neither,0.04269198070428065,0.3572453414414863,0.600062677854233
are you going to get the back bling for this skin,neither,0.06960629810063788,0.3151335456571007,0.6152601562422613
Good morning ninja,neither,0.0468013847741319,0.19273113716557552,0.7604674780602926
!uptime,neither,0.03945320844208391,0.33037608806864915,0.630170703489267
Ninja love twitch vids keep it up,neither,0.035141057722706814,0.37240940694745517,0.592449535329838
!uptime,neither,0.03945320844208391,0.33037608806864915,0.630170703489267
still prefer og scythe,neither,0.03866083209502843,0.3438247826156607,0.6175143852893108
It's 1:47 am where I live,neither,0.043720117167400936,0.3010062148628436,0.6552736679697553
double head shot nice,neither,0.037969556187040655,0.3555575388605725,0.6064729049523867
"been a great four months, content and game play always getting better, thank you!",neither,0.04152791458415464,0.36625818326540965,0.5922139021504357
why is there a picture goku on your stream,neither,0.05268241685129011,0.3134172340610684,0.6339003490876415
omg the hair,neither,0.038329096747448554,0.30967546972939447,0.651995433523157
@triscohoopla it's not apurchase. You have to complete 5 challenges after buygin the skin,neither,0.05271538454421584,0.3568940451482701,0.590390570307514
ninjaPon ninjaPon ninjaPon ninjaPon ninjaPon ninjaPon ninjaPon ninjaPon ninjaPon ninjaPon ninjaPon ninjaPon ninjaPon ninjaPon ninjaPon ninjaPon ninjaPon ninjaPon,neither,0.03945320844208391,0.33037608806864915,0.630170703489267
ninjaCreep,neither,0.03945320844208391,0.33037608806864915,0.630170703489267
ninjaPon,neither,0.03945320844208391,0.33037608806864915,0.630170703489267
You think scythe will come back?,neither,0.06184934623951477,0.3829760920547041,0.5551745617057812
!uptime,neither,0.03945320844208391,0.33037608806864915,0.630170703489267
Ninja has been streaming for 8 minutes 42 seconds,neither,0.03605278841535164,0.31242796755837576,0.6515192440262725
does it sound like the original scythe?,neither,0.032300149626401556,0.44351871464588305,0.5241811357277154
@Ninja until there's a lightsaber axe LUL,neither,0.03939698034647945,0.3026405510182659,0.6579624686352548
@Emmanem no,neither,0.036918905254960256,0.37338982715841207,0.5896912675866277
Can u show the different colors of the skulltrooper,neither,0.050802926635885495,0.23656152710994596,0.7126355462541685
ninjaPon ninjaPon ninjaPon ninjaPon ninjaPon ninjaPon ninjaPon ninjaPon ninjaPon ninjaPon,neither,0.03945320844208391,0.33037608806864915,0.630170703489267
scythe pick axe will not come back,neither,0.04181174399211083,0.27543998250626095,0.682748273501628
!iptime,neither,0.03945320844208391,0.33037608806864915,0.630170703489267
The purple skull trooper is sexy ninjaCreep,neither,0.04526940041523117,0.3149869741688833,0.6397436254158855
"Guarantee your PC gaming performance with BLD by NZXT. The simplest way to get a customized gaming PC. Chose the games you want to play, set a budget, and BLD takes care of the rest. Built and shipped within 48 hours with a 2-year warranty. https://nzxt.co/2k9lWJK ninja10 ninja10",neither,0.046159296404555336,0.335031206975871,0.6188094966195736
I hope scythe doesn't come back,neither,0.08007729014934592,0.23309358354742332,0.6868291263032308
It's 5:48 here,neither,0.09496613642271165,0.28616861726748555,0.6188652463098027
ninjaCash,neither,0.03945320844208391,0.33037608806864915,0.630170703489267
ninjaAmazing,neither,0.03945320844208391,0.33037608806864915,0.630170703489267
!UPTIME',neither,0.03945320844208391,0.33037608806864915,0.630170703489267
What’s up ninja woke up just for ur stream it’s almost 2 in the morning in Australia,neither,0.04711401357738458,0.29306311501919297,0.6598228714034224
hello,neither,0.03945320844208391,0.33037608806864915,0.630170703489267
@ColoradosFinest420 there is white green and purple,hate_speech,0.5895509330897888,0.29864619738203085,0.1118028695281803
Ninja,neither,0.03945320844208391,0.33037608806864915,0.630170703489267
!2hands,neither,0.03945320844208391,0.33037608806864915,0.630170703489267
"""I use 2 hands, 1 to guide the tip, and the other to cradle the balls"" - Ninja 2015",neither,0.02882840075375995,0.3926444365429246,0.5785271627033155
purple just for player buy in after years,neither,0.028879640073097457,0.3911941385174716,0.5799262214094308
cloak got 45,neither,0.03782257951921994,0.3891512675486963,0.5730261529320838
!uptime,neither,0.03945320844208391,0.33037608806864915,0.630170703489267
Ninja has been streaming for 9 minutes 26 seconds,neither,0.03599985952363826,0.3121482095471309,0.6518519309292309
Lol,neither,0.020706217963973744,0.4882283491876925,0.4910654328483337
SKULL TROOPER,neither,0.03945320844208391,0.33037608806864915,0.630170703489267
@ColoradosFinest420 he just did. Plain white bones. Glow in the dark green. Purple for those who bought it last year.,offensive_language,0.23600463156891802,0.40309443025456104,0.3609009381765209
Did you get the skull trooper when it first came out,neither,0.03163271882430224,0.4081738629774431,0.5601934181982546
reee,neither,0.03945320844208391,0.33037608806864915,0.630170703489267
If somebody gets me a clip of ninja reacting to skull troopers I’ll gift a sub,neither,0.03012372171793819,0.3727201380105098,0.5971561402715521
S,neither,0.03945320844208391,0.33037608806864915,0.630170703489267
xd,neither,0.03945320844208391,0.33037608806864915,0.630170703489267
was ff 14 similiar to 11 in terms of gameplay @Ninja i never played either of them,neither,0.04755958607775865,0.34611845380981976,0.6063219601124216
lol,neither,0.020706217963973744,0.4882283491876925,0.4910654328483337
ratchLove,neither,0.03945320844208391,0.33037608806864915,0.630170703489267
I think Im getting him but not her,offensive_language,0.024815568176077236,0.6137821838554242,0.3614022479684986
@Ninja LOVE THE NEW HAIR COLOUR,neither,0.03917897803439428,0.2459334953108951,0.7148875266547107
,neither,0.03945320844208391,0.33037608806864915,0.630170703489267
just copped the dark vanguard,neither,0.03459280902483564,0.33469818918704275,0.6307090017881216
female skull trooper? ninjaWifey,neither,0.03733210215654715,0.36637679738049944,0.5962911004629534
they only did it to complete with COD,neither,0.03414822213038303,0.3569134341621813,0.6089383437074357
ninjaAdore,neither,0.03945320844208391,0.33037608806864915,0.630170703489267
The female is sick,neither,0.04536240707276025,0.3490652406505328,0.605572352276707
I wish that pickaxe had a unique sound,neither,0.03622233695315528,0.36541257477739725,0.5983650882694476
everyone who reads this... i hope you have an awesome day ninjaH,neither,0.07323245351636513,0.39371392937935695,0.5330536171042779
Is the pick axe worth,neither,0.04953684905375906,0.25155702024825816,0.6989061306979829
Ghoul trooper is now the rarsst,neither,0.04695465310675715,0.3110480301499541,0.6419973167432887
@drifter0902 shes in the shop,neither,0.038593270458773615,0.31466231240319215,0.6467444171380342
"Lips are numb from the dentist, can’t tell if my coffee is entering my mouth gubHands",neither,0.03608702945226672,0.3144921285440348,0.6494208420036984
Epic officially billionaires now,neither,0.03945320844208391,0.33037608806864915,0.630170703489267
@chapati_kid That would be cool,neither,0.034334402764414435,0.3815030173187335,0.584162579916852
Are they bringing the ghoul and the reaper pick axe?,neither,0.053760665617018415,0.2267349315497319,0.7195044028332497
Rarest Halloween skin,neither,0.03945320844208391,0.33037608806864915,0.630170703489267
@emmanem awesome thanks!,neither,0.03702831964595965,0.31007038148356736,0.652901298870473
What halloween axe do you prefer @ninja,neither,0.055356584133813454,0.3567803710699838,0.5878630447962028
FIRST ! KappaRoss,neither,0.02604892428726219,0.3349864360510187,0.6389646396617191
They easily making 2 mill plus today burnin not mad. Love the game,neither,0.03583717659435567,0.2878460734569716,0.6763167499486727
!sreamys,neither,0.03945320844208391,0.33037608806864915,0.630170703489267
anyone else think the dark vanguard is cooler than the skull trooper,neither,0.043183302697831896,0.3088112035707835,0.6480054937313846
heyyyyyyy,neither,0.03945320844208391,0.33037608806864915,0.630170703489267
PURPLE SKULL TROOPER is only for people who own the original SKULL TROOPER,neither,0.06732228389350116,0.3288304368802711,0.6038472792262278
streamer loot,neither,0.03945320844208391,0.33037608806864915,0.630170703489267
@figjam300 that was me the other day.. hahah,neither,0.029841696095639726,0.3748997866318853,0.595258517272475
how does he have the purple skull trooper?,neither,0.031075016781813115,0.4212183990558495,0.5477065841623374
"Chat, do you get the back bling from the female trooper? Whisper me",neither,0.04201420076897988,0.37412717883835084,0.5838586203926692
I am a wanting quad launcher gameplay,neither,0.03931247000276835,0.33042449447157574,0.630263035525656
Pump then burst is deadly up close,neither,0.04322371888938984,0.3666497167751687,0.5901265643354415
@EliteBlitz_ Its a new pickaxe :[,neither,0.03446501124996795,0.1907855414013223,0.7747494473487098
,neither,0.03945320844208391,0.33037608806864915,0.630170703489267
!uptime,neither,0.03945320844208391,0.33037608806864915,0.630170703489267
Ninja has been streaming for 11 minutes 5 seconds,neither,0.035893923247677505,0.31158826302741743,0.652517813724905
Hiar is lit!,neither,0.0515185546400909,0.32622626224743495,0.6222551831124742
hi ninja,neither,0.03945320844208391,0.33037608806864915,0.630170703489267
good morning @Ninja,neither,0.0468013847741319,0.19273113716557552,0.7604674780602926
yeaah,neither,0.03945320844208391,0.33037608806864915,0.630170703489267
the skin is completely ruined thanks to lil kids,neither,0.04733043093909325,0.3043876507239679,0.6482819183369388
is quad launcher out?,neither,0.042071513825135014,0.3418788206958995,0.6160496654789656
yep,neither,0.03945320844208391,0.33037608806864915,0.630170703489267
Bro I'll carry anyone,neither,0.03945320844208391,0.33037608806864915,0.630170703489267
@charcharbinx20 bro for sure I. I always run my vanguard,offensive_language,0.021371815083576235,0.5128205551050162,0.46580762981140744
Wow is this Ninja first game today ?!?!,neither,0.03784395696860257,0.28389082493209766,0.6782652180992998
!subcount,neither,0.03945320844208391,0.33037608806864915,0.630170703489267
@everboss01 You have to have the skull trooper from last year!,neither,0.05684936060093119,0.34713352718408763,0.5960171122149812
ninja show the store,neither,0.08410682778788625,0.23933066314096532,0.6765625090711485
Currently there are 76888 Ninjas subscribed to the channel,neither,0.06825369773618913,0.2416573771314687,0.6900889251323421
hiiiii,neither,0.03945320844208391,0.33037608806864915,0.630170703489267
@itsmenacetv ? How,neither,0.03945320844208391,0.33037608806864915,0.630170703489267
Thank GOD they made it to where an OG can still stand out!,neither,0.040461796548309996,0.3260628305389607,0.6334753729127293
!subcount,neither,0.03945320844208391,0.33037608806864915,0.630170703489267
chat irl,neither,0.03945320844208391,0.33037608806864915,0.630170703489267
lmaoooo,neither,0.03945320844208391,0.33037608806864915,0.630170703489267
I’m having a cuppa coffe,neither,0.03945320844208391,0.33037608806864915,0.630170703489267
hahaha,neither,0.03945320844208391,0.33037608806864915,0.630170703489267
I know @emmanem are they going to bring reaper pick axe and the ghoul trooper,neither,0.05803818103947279,0.24706974571262869,0.6948920732478985
ninjaBlast1 ninjaBlast2 ninjaBlast3 ninjaBlast3 ninjaBlast3 ninjaBlast3,neither,0.03945320844208391,0.33037608806864915,0.630170703489267
damn sub count went down,offensive_language,0.044531602930345,0.7308418686698425,0.22462652839981256
ojodxOJODHappy ojodxOJODHappy ojodxOJODHappy ojodxOJODHappy,neither,0.03945320844208391,0.33037608806864915,0.630170703489267
ninjaTooth,neither,0.03945320844208391,0.33037608806864915,0.630170703489267
where is the scythe and ghoul trooper @ninja,neither,0.04601500085806175,0.26095852407449105,0.6930264750674472
HI,neither,0.03945320844208391,0.33037608806864915,0.630170703489267
"@ItsMenaceTV nope. It still can look the exact same. Not ruined. Rarity is your own perception, they never said it wouldn't go back on sale",neither,0.06578597080126951,0.3502908753208915,0.583923153877839
,neither,0.03945320844208391,0.33037608806864915,0.630170703489267
