text,top_class,hate_speech,offensive_language,neither
Toxic LUL,neither,0.03945320844208391,0.33037608806864915,0.630170703489267
MAH MAN,neither,0.03960195919676192,0.39982609383172646,0.5605719469715116
Yeet,neither,0.03945320844208391,0.33037608806864915,0.630170703489267
ninjaRare,neither,0.03945320844208391,0.33037608806864915,0.630170703489267
c:,neither,0.03945320844208391,0.33037608806864915,0.630170703489267
ninjaS ninjaS ninjaS,neither,0.03945320844208391,0.33037608806864915,0.630170703489267
Hi,neither,0.03945320844208391,0.33037608806864915,0.630170703489267
Ninja the best,neither,0.03762072711904715,0.3055945312469555,0.6567847416339975
!keyboard,neither,0.03945320844208391,0.33037608806864915,0.630170703489267
Ninja is using the Corsair K70 Rapidfire-> https://goo.gl/dGYzk5,neither,0.042052216473968264,0.37224288155871194,0.5857049019673197
sup ninj,neither,0.03945320844208391,0.33037608806864915,0.630170703489267
Yoo,neither,0.03945320844208391,0.33037608806864915,0.630170703489267
dads back!,neither,0.03945320844208391,0.33037608806864915,0.630170703489267
hi,neither,0.03945320844208391,0.33037608806864915,0.630170703489267
Hey ninja,neither,0.03945320844208391,0.33037608806864915,0.630170703489267
Hi,neither,0.03945320844208391,0.33037608806864915,0.630170703489267
ninjaWifey ninjaWifey,neither,0.03945320844208391,0.33037608806864915,0.630170703489267
misto is the GOAT Mod,neither,0.049246825553826,0.30599994472827247,0.6447532297179016
wwwaaaassssuuuuppppp,neither,0.03945320844208391,0.33037608806864915,0.630170703489267
mongaGG mongaGG ninjaPopcorn ninjaPopcorn mongaSub mongaSub mongaSub mongaSub mongaSub ninjaThirst ninja10 ninjaK ninjaCart ninja10,neither,0.03945320844208391,0.33037608806864915,0.630170703489267
Hey ninjaaaa,neither,0.03945320844208391,0.33037608806864915,0.630170703489267
ninjaHype ninjaHype ninjaHype ninjaHype ninjaHype ninjaHype ninjaHype ninjaHype ninjaHype ninjaHype ninjaHype ninjaHype ninjaHype ninjaHype ninjaHype ninjaHype ninjaHype ninjaHype,neither,0.03945320844208391,0.33037608806864915,0.630170703489267
Hi!!!!,neither,0.03945320844208391,0.33037608806864915,0.630170703489267
He doesn't add subs PinkBapeTye,neither,0.04406417766450315,0.32879016431428726,0.6271456580212097
Hey guys,neither,0.03929207127355727,0.33311100635304525,0.6275969223733975
Can we just talked about the fact that you were on swedish tv at the prime time today? ninjaCreep @Ninja,neither,0.03743449789512379,0.38406621138369806,0.5784992907211781
@ninja saw dude,neither,0.03945320844208391,0.33037608806864915,0.630170703489267
or talk Jebaited,neither,0.015187015429788243,0.3387223445864792,0.6460906399837325
ninjaHi ninjaClap shroudHype,neither,0.03945320844208391,0.33037608806864915,0.630170703489267
Yooo,neither,0.03945320844208391,0.33037608806864915,0.630170703489267
hi,neither,0.03945320844208391,0.33037608806864915,0.630170703489267
Ayyy,neither,0.03945320844208391,0.33037608806864915,0.630170703489267
Hi,neither,0.03945320844208391,0.33037608806864915,0.630170703489267
Ayyyyy,neither,0.03945320844208391,0.33037608806864915,0.630170703489267
hey! ninjaAdore,neither,0.03945320844208391,0.33037608806864915,0.630170703489267
ayyyyyyyyy,neither,0.03945320844208391,0.33037608806864915,0.630170703489267
hellooooo ninjaH ninjaH ninjaH ninjaH ninjaH,neither,0.03945320844208391,0.33037608806864915,0.630170703489267
ayeeeeeee,neither,0.03945320844208391,0.33037608806864915,0.630170703489267
YOOOOOOOOOOOOOOOOOOOOOO,neither,0.03945320844208391,0.33037608806864915,0.630170703489267
Is this a stranger things remix?,neither,0.04611154522827158,0.32937208553621095,0.6245163692355175
New mode is lit who agrees ninjaAmazing,neither,0.04860635037876812,0.30823892983323714,0.6431547197879947
"110%, at like 6pm when everyone sit infront of the tv @Ninja",neither,0.03469681319062025,0.424882134289964,0.5404210525194157
@PinkBapeTye I said he doesn't add subs. So please stop asking that,neither,0.040107660062919034,0.43105750950198557,0.5288348304350955
They are,neither,0.11748381152333764,0.22608295668333075,0.6564332317933317
hey mitch add me my epic name is ninja Kappa,neither,0.03258513554357632,0.4005218929633689,0.5668929714930548
I say u on Ellen @ninja,neither,0.036286231271412235,0.34563617666660057,0.6180775920619871
loved you on ellen!! <3,neither,0.058332827176438694,0.41802048426410376,0.5236466885594575
James plz,neither,0.03945320844208391,0.33037608806864915,0.630170703489267
Hello daddy,neither,0.03945320844208391,0.33037608806864915,0.630170703489267
https://clips.twitch.tv/TenaciousDarkMacaroniPMSTwin,neither,0.03945320844208391,0.33037608806864915,0.630170703489267
show us!,neither,0.16769537339040438,0.2005943964582871,0.6317102301513084
Plague Doctor,neither,0.03945320844208391,0.33037608806864915,0.630170703489267
@ninja welcome back! still no power at my house from the hurricane. Rockin mobile right now.,neither,0.032516446055880915,0.38734439250389113,0.5801391614402279
sup bruh,neither,0.03945320844208391,0.33037608806864915,0.630170703489267
ninja10 ninjaCart ninjaAim,neither,0.03945320844208391,0.33037608806864915,0.630170703489267
"When you started playing Fortnite, were you good at it?",neither,0.05511725925163176,0.4660123321914988,0.47887040855686946
Ninjaaa,neither,0.03945320844208391,0.33037608806864915,0.630170703489267
Show screen plz,neither,0.05430477758955739,0.25761190732749195,0.6880833150829506
Sup dude,neither,0.03945320844208391,0.33037608806864915,0.630170703489267
Dale go find more hamsters,neither,0.049801198930450215,0.1985982786500346,0.7516005224195151
fresh HAIR,neither,0.03945320844208391,0.33037608806864915,0.630170703489267
cCrray cCrray work you been doing bro! Insane headspace and reasoning behind you,neither,0.06456292725329421,0.3704564682706286,0.5649806044760772
"Hi! Finally, a whole 2 days I’m having withdrawals",neither,0.03945320844208391,0.33037608806864915,0.630170703489267
@Ninja Yeah it's Dr Poison,neither,0.027084937756552845,0.40887171999438066,0.5640433422490664
ninjaPon,neither,0.03945320844208391,0.33037608806864915,0.630170703489267
ninjaPon,neither,0.03945320844208391,0.33037608806864915,0.630170703489267
How was being on Ellen!?!,neither,0.029334123217768033,0.39020015982123324,0.5804657169609988
Hey ninja,neither,0.03945320844208391,0.33037608806864915,0.630170703489267
Yoooooo,neither,0.03945320844208391,0.33037608806864915,0.630170703489267
hi,neither,0.03945320844208391,0.33037608806864915,0.630170703489267
Nice job on elen,neither,0.03591996768524396,0.34746084657614484,0.6166191857386112
hey ninja!,neither,0.03945320844208391,0.33037608806864915,0.630170703489267
Hey Tyler,neither,0.03945320844208391,0.33037608806864915,0.630170703489267
ninjaHi ninjaHi ninjaHi ninjaHi ninjaHi ninjaHi,neither,0.03945320844208391,0.33037608806864915,0.630170703489267
hello,neither,0.03945320844208391,0.33037608806864915,0.630170703489267
@maddened Hope ur good bro,neither,0.13174983001693166,0.19389411480919122,0.674356055173877
Hey! Should i buy this skin?,neither,0.05158089235768131,0.36765394795990947,0.5807651596824093
Reeeeee NINJA,neither,0.03945320844208391,0.33037608806864915,0.630170703489267
Hows ur day going?,neither,0.0605562698749464,0.33456506520358026,0.6048786649214732
@ninja hope your flights were good!,neither,0.0986821997607827,0.2224285855499739,0.6788892146892433
,neither,0.03945320844208391,0.33037608806864915,0.630170703489267
how was ellen???,neither,0.03920842303404325,0.3345307352821077,0.6262608416838491
"When you started playing Fortnite, were you good at it?",neither,0.05511725925163176,0.4660123321914988,0.47887040855686946
Ninja!!! WHAT'S GOOD happy Friday tppowerHeresTommy ninjaHi tppowerGreen tppowerWhite,neither,0.04349507308204235,0.3272369993366724,0.6292679275812852
hey ninja love your streams! ninjaLlama ninjaGold,neither,0.05979527064183417,0.33441509439888734,0.6057896349592785
good trip dude seen your segmant that was great ellen too funny,neither,0.05287042462795247,0.3512229386109583,0.5959066367610892
ninjaThirst ninjaK ninjaGold ninja10,neither,0.03945320844208391,0.33037608806864915,0.630170703489267
Saw you on Ellen bro. Great job!,neither,0.04860587581762058,0.3565968150117309,0.5947973091706485
! song,neither,0.038601720699969956,0.3448280572582511,0.616570222041779
How was Ellen ninja,neither,0.03931763777132392,0.3326770761627031,0.6280052860659731
sup dude,neither,0.03945320844208391,0.33037608806864915,0.630170703489267
ninjaPrime ninjaPrime ninjaPrime ninjaPrime ninjaPrime ninjaPrime ninjaPrime ninjaPrime ninjaPrime ninjaPrime ninjaPrime ninjaPrime,neither,0.03945320844208391,0.33037608806864915,0.630170703489267
hey ninja,neither,0.03945320844208391,0.33037608806864915,0.630170703489267
hello,neither,0.03945320844208391,0.33037608806864915,0.630170703489267
@ninja great to see you back,neither,0.05959288816087002,0.3394095786653176,0.6009975331738123
Hi ninja,neither,0.03945320844208391,0.33037608806864915,0.630170703489267
everything is good. my sister has power so we are chillin at her house. no internet yet though,offensive_language,0.04164347732205308,0.5026929642935734,0.4556635583843735
"Hey Ninja, you are the best Fortnite streamer and entertainer!",neither,0.07926519790824967,0.2664510089757805,0.6542837931159698
FortOne FortOne FortOne,neither,0.03945320844208391,0.33037608806864915,0.630170703489267
Heyyy Ninja!!!! Wish I saw you in Vegas last night!! Hope everything is well,neither,0.06898491798409118,0.2879065379727371,0.6431085440431717
Howdy,neither,0.03945320844208391,0.33037608806864915,0.630170703489267
Welcome back ninjaHi,neither,0.03945320844208391,0.33037608806864915,0.630170703489267
ninjaHi,neither,0.03945320844208391,0.33037608806864915,0.630170703489267
ninja why didnt you tell ellen she couldnt break through that mountain lol,neither,0.03481550924749191,0.4685215340697776,0.49666295668273047
you met with ELLEN??,neither,0.04307968546594863,0.4659120592524297,0.49100825528162173
Happy Friday Ninja ninjaHi ninjaWifey ninjaHi tppowerHeresTommy tppowerGreen tppowerWhite,neither,0.03945320844208391,0.33037608806864915,0.630170703489267
U play black ops yet?,neither,0.058585934296950956,0.3144975469318723,0.6269165187711767
I miss you already Dale,neither,0.04846144785294899,0.4271319685498256,0.5244065835972254
Hey @ninja how has your day been,neither,0.06470319658819011,0.31062127049376487,0.6246755329180451
i recorded ellen PogChamp,neither,0.03945320844208391,0.33037608806864915,0.630170703489267
That’s so cool that you met Ellen,offensive_language,0.04646295233985916,0.5103403497508006,0.44319669790934035
hi ninja!,neither,0.03945320844208391,0.33037608806864915,0.630170703489267
How was Ellen,neither,0.03920842303404325,0.3345307352821077,0.6262608416838491
wattup,neither,0.03945320844208391,0.33037608806864915,0.630170703489267
brb,neither,0.03945320844208391,0.33037608806864915,0.630170703489267
how was ellen,neither,0.03920842303404325,0.3345307352821077,0.6262608416838491
!uptime,neither,0.03945320844208391,0.33037608806864915,0.630170703489267
Ninja has been streaming for 5 minutes 12 seconds,neither,0.035901840335972865,0.31163011099587895,0.6524680486681482
Hey ninja how was Ellen,neither,0.03933578139539685,0.3323691315110997,0.6282950870935033
@Ninja u gonna play blackout later today?,neither,0.037756510562177575,0.3461341485792071,0.6161093408586155
she was so determined lol,offensive_language,0.03324746671751928,0.5200857435167342,0.4466667897657464
woah its ninja,neither,0.03422348865045285,0.3321748285169432,0.633601682832604
Brother you under tfue,neither,0.060414887420488735,0.3885347725089793,0.551050340070532
Ninja will you play COD at all,neither,0.05524457423249112,0.4321030734216825,0.5126523523458263
its game time boys,neither,0.03146065373534003,0.30875926210392535,0.6597800841607346
is this live or is this memorex?,neither,0.06416654745764196,0.32497665725136393,0.6108567952909941
xenophon_kenos brother he just went live,neither,0.04434162604411301,0.3471524967530691,0.608505877202818
Hey everyone! Should i buy this skin?,neither,0.04335180866164873,0.4498659301749738,0.5067822611633775
Hi,neither,0.03945320844208391,0.33037608806864915,0.630170703489267
her looking at calamitys butt too funnt,offensive_language,0.033679573786519756,0.6468758279053676,0.31944459830811267
ninjaAim ninjaAim ninjaCreep ninjaClap ninjaCreep ninjaClap,neither,0.03945320844208391,0.33037608806864915,0.630170703489267
8k viewers ?,neither,0.03945320844208391,0.33037608806864915,0.630170703489267
Ninja will be playing cod later,neither,0.04082395969884919,0.31558406709925324,0.6435919732018975
About to have some bees and enjoy the stream ninjaHi ninjaWifey,neither,0.03536108421783526,0.3238209382859716,0.6408179774961931
Yo,offensive_language,0.04010381111145228,0.5271105317972344,0.4327856570913131
what's the song tyler?,neither,0.043661627883828644,0.3175816995837726,0.6387566725323988
WhaleXO but will he be playing BO4? Kappa,neither,0.042633542194612364,0.3198498126309936,0.6375166451743941
@ninja how was it playing on console,neither,0.03633258911160789,0.3419949717689586,0.6216724391194335
What up! @ninja love ya bb,offensive_language,0.02844679181757843,0.5620984416041714,0.4094547665782502
*Look at my butt*,offensive_language,0.032012951130302544,0.5237763834844599,0.4442106653852377
How r u,neither,0.03945320844208391,0.33037608806864915,0.630170703489267
No matching pickaxe?,neither,0.038402593806060877,0.3482077603276699,0.6133896458662692
lol I'm playing around haaha,neither,0.030024991523940565,0.4002266579142905,0.5697483505617688
@Ch4rLiie he leit just went live,neither,0.045482722648157954,0.35071380096054305,0.603803476391299
Hey ninja huge congrats on the Ellen show thing love you,neither,0.055560014370470645,0.3145227696332246,0.6299172159963047
!uptime,neither,0.03945320844208391,0.33037608806864915,0.630170703489267
Ninja has been streaming for 6 minutes 7 seconds,neither,0.035678679601720456,0.31045049647393935,0.6538708239243401
ben almost killed nate hill... should've actually,neither,0.03021664528237607,0.33651515940072335,0.6332681953169005
@itz_26 oh I thought mw2,neither,0.04715914581883011,0.1943358913316494,0.7585049628495205
hey bro how your day been congrats on the ellen show,neither,0.07276176181899165,0.25948108467604075,0.6677571535049677
ninjaTooth,neither,0.03945320844208391,0.33037608806864915,0.630170703489267
ninjaPon,neither,0.03945320844208391,0.33037608806864915,0.630170703489267
ninjaPon,neither,0.03945320844208391,0.33037608806864915,0.630170703489267
@Ninja you playing in the summer skirmish today brother?,neither,0.048726889390649036,0.3313027231419552,0.6199703874673959
No skirmish bud?,neither,0.03833216230472147,0.3494031667169709,0.6122646709783076
chat just a heads up he will be playing blackout later,neither,0.03926611356988046,0.3617047050491134,0.5990291813810061
!uptime,neither,0.03945320844208391,0.33037608806864915,0.630170703489267
i know you went live wanted to see if you saw my comment,offensive_language,0.044128400534116034,0.49727662285613566,0.4585949766097483
@itz_26 no longer interested Kappa,neither,0.038821762061806674,0.34109338108568826,0.6200848568525051
ninjaHi ninjaPopcorn,neither,0.03945320844208391,0.33037608806864915,0.630170703489267
Chat stop being a 4Head,neither,0.03409977354753125,0.44394598684519027,0.5219542396072786
ninja,neither,0.03945320844208391,0.33037608806864915,0.630170703489267
Hey @ninja congrats on getting,neither,0.03415422100002706,0.3950515614438145,0.5707942175561584
ninjaPrime USE TWITCH PRIME ninjaPrime,neither,0.01671433956056557,0.4070436486814695,0.5762420117579649
big time stream sniper right there,neither,0.024827300806750857,0.3786478522298448,0.5965248469634044
ninjaClap,neither,0.03945320844208391,0.33037608806864915,0.630170703489267
Hi Ninja,neither,0.03945320844208391,0.33037608806864915,0.630170703489267
ninjaLlama ninjaHyper ninjaHyperr,neither,0.03945320844208391,0.33037608806864915,0.630170703489267
notice me senpai,neither,0.030417710561350883,0.38017139541472955,0.5894108940239196
!2hands,neither,0.03945320844208391,0.33037608806864915,0.630170703489267
"""I use 2 hands, 1 to guide the tip, and the other to cradle the balls"" - Ninja 2015",neither,0.02882840075375995,0.3926444365429246,0.5785271627033155
"Guarantee your PC gaming performance with BLD by NZXT. The simplest way to get a customized gaming PC. Chose the games you want to play, set a budget, and BLD takes care of the rest. Built and shipped within 48 hours with a 2-year warranty. https://nzxt.co/2k9lWJK ninja10 ninja10",neither,0.046159296404555336,0.335031206975871,0.6188094966195736
yo @ninja,neither,0.03963661905393089,0.4165653046673816,0.5437980762786875
ello,neither,0.03945320844208391,0.33037608806864915,0.630170703489267
Don't forget to Tweet that you are live @Ninja ninjaAdore,neither,0.08626778287616489,0.35445963770831035,0.5592725794155247
congrats on the Ellen show Ninja. Hope you and Jess had some fun in Vegas.,neither,0.06916570669092764,0.23192738403941582,0.6989069092696565
dirty,neither,0.03945320844208391,0.33037608806864915,0.630170703489267
Hey @ninja congrats on getting on Ellen,neither,0.032604728156292416,0.4003788076677938,0.5670164641759139
clapped,neither,0.03945320844208391,0.33037608806864915,0.630170703489267
why,neither,0.016768318525353994,0.3685911158159394,0.6146405656587067
I gotchu,neither,0.03945320844208391,0.33037608806864915,0.630170703489267
Hola,neither,0.03945320844208391,0.33037608806864915,0.630170703489267
you farted on him,neither,0.052695836881435976,0.39641659038170735,0.5508875727368567
Notice me plz,neither,0.0325183067120719,0.3678343817076428,0.5996473115802853
hi everyone,neither,0.032490659208996964,0.4485487193596734,0.5189606214313296
https://clips.twitch.tv/PlausibleOriginalLadiesChefFrank,neither,0.03945320844208391,0.33037608806864915,0.630170703489267
"the only reason i subbed is because you were playing the story so far far they""re from my home town",neither,0.05193317591600508,0.36160282084040263,0.5864640032435924
ninjaCry,neither,0.03945320844208391,0.33037608806864915,0.630170703489267
playing,neither,0.03945320844208391,0.33037608806864915,0.630170703489267
Love the new hair ninjaPon ninjaPon ninjaPon ninjaPon ninjaPon,neither,0.03896339034068276,0.21693755668964954,0.7440990529696677
NEW MERCH POGGERS,neither,0.043301118494078285,0.23413499177287803,0.7225638897330438
ninjaWifey ninjaWifey ninjaWifey ninjaWifey ninjaWifey ninjaWifey ninjaWifey ninjaWifey ninjaWifey ninjaWifey,neither,0.03945320844208391,0.33037608806864915,0.630170703489267
ninjaRed ninjaBull ninjaShield ninjaStars ninjaRekt ninjaRekt ninjaThrow,neither,0.03945320844208391,0.33037608806864915,0.630170703489267
ninjaTooth,neither,0.03945320844208391,0.33037608806864915,0.630170703489267
Idc what people say ur still a god,neither,0.10260522190251607,0.324585664231613,0.572809113865871
ninjaWifey ninjaWifey ninjaWifey ninjaWifey ninjaWifey ninjaWifey ninjaWifey ninjaWifey ninjaWifey,neither,0.03945320844208391,0.33037608806864915,0.630170703489267
WEAR it,neither,0.03709889368775689,0.3311858448711838,0.6317152614410593
ooooooo ninjaCreep ninjaCreep ninjaCreep,neither,0.03945320844208391,0.33037608806864915,0.630170703489267
ninjaWifey ninjaWifey ninjaWifey ninjaWifey ninjaWifey ninjaWifey ninjaWifey ninjaWifey ninjaWifey ninjaWifey ninjaWifey ninjaWifey ninjaWifey ninjaWifey ninjaWifey ninjaWifey ninjaWifey ninjaWifey,neither,0.03945320844208391,0.33037608806864915,0.630170703489267
whyyyy is ninja not in Skirmish,neither,0.04710996616045071,0.3327431499402742,0.620146883899275
ninjaCreep ninjaCreep ninjaCRINJA ninjaCRINJA ninjaCRINJA,neither,0.03945320844208391,0.33037608806864915,0.630170703489267
"@Ninja fortnite had 380k viewers right now, legit more then blackout on its OPENING DAY no less. Def a dead game OMEGALUL",neither,0.03560278956667797,0.32234415327969596,0.642053057153626
ninjaAdore ninjaAdore ninjaAdore ninjaAdore ninjaAdore,neither,0.03945320844208391,0.33037608806864915,0.630170703489267
wear it,neither,0.03709889368775689,0.3311858448711838,0.6317152614410593
,neither,0.03945320844208391,0.33037608806864915,0.630170703489267
ninjaCreep,neither,0.03945320844208391,0.33037608806864915,0.630170703489267
ninjaWifey ninjaWifey,neither,0.03945320844208391,0.33037608806864915,0.630170703489267
ninjaAww ninjaAww ninjaAww ninjaAww ninjaAww,neither,0.03945320844208391,0.33037608806864915,0.630170703489267
ninjaCreep ninjaCreep ninjaCreep ninjaCreep,neither,0.03945320844208391,0.33037608806864915,0.630170703489267
ninjaCreep ninjaCreep ninjaCreep ninjaCreep,neither,0.03945320844208391,0.33037608806864915,0.630170703489267
ninjaClap ninjaCreep,neither,0.03945320844208391,0.33037608806864915,0.630170703489267
https://clips.twitch.tv/RelievedDeafStinkbugGingerPower,neither,0.03945320844208391,0.33037608806864915,0.630170703489267
Why you not on BO4 cmonBruh,offensive_language,0.03600270692632561,0.4830846588087624,0.480912634264912
ninjaPon ninjaPon ninjaPon,neither,0.03945320844208391,0.33037608806864915,0.630170703489267
ninjaPon,neither,0.03945320844208391,0.33037608806864915,0.630170703489267
hey,neither,0.03945320844208391,0.33037608806864915,0.630170703489267
let us see the merch jess lul,neither,0.04668990483603292,0.33737130473902277,0.6159387904249444
Ninja is the best ninjaH,neither,0.04622110589769788,0.3037276948104658,0.6500511992918362
whyyy,neither,0.03945320844208391,0.33037608806864915,0.630170703489267
ninjaCreep ninjaCreep ninjaCreep ninjaCreep,neither,0.03945320844208391,0.33037608806864915,0.630170703489267
Notice?!,neither,0.03945320844208391,0.33037608806864915,0.630170703489267
ninjaTooth ninjaTooth ninjaTooth ninjaTooth ninjaTooth ninjaTooth ninjaTooth ninjaTooth ninjaTooth,neither,0.03945320844208391,0.33037608806864915,0.630170703489267
!uptime,neither,0.03945320844208391,0.33037608806864915,0.630170703489267
Ninja has been streaming for 8 minutes 35 seconds,neither,0.03595428528280133,0.3119073206070413,0.6521383941101574
Hey everyone! Should i buy this skin?,neither,0.04335180866164873,0.4498659301749738,0.5067822611633775
@cgonz he will be on blackout later,neither,0.043045900735406976,0.32314626155119064,0.6338078377134023
Music,neither,0.03945320844208391,0.33037608806864915,0.630170703489267
yes,neither,0.03945320844208391,0.33037608806864915,0.630170703489267
lol you passed SUMMIT,neither,0.04537807221513517,0.42623441509585913,0.5283875126890057
how long has ninja been streaming for,neither,0.03521511323084266,0.30758472571297746,0.65720016105618
!uptime,neither,0.03945320844208391,0.33037608806864915,0.630170703489267
,neither,0.03945320844208391,0.33037608806864915,0.630170703489267
9 min,neither,0.03945320844208391,0.33037608806864915,0.630170703489267
that glider is sick,neither,0.04545236687951379,0.38747539988568713,0.5670722332347992
!uptime,neither,0.03945320844208391,0.33037608806864915,0.630170703489267
Ninja has been streaming for 9 minutes 6 seconds,neither,0.035678679601720456,0.31045049647393935,0.6538708239243401
Can someone explain why Ninja isn't in Solo Week 4 Skirmish? I waited up all night to watch... bummer,neither,0.03517244177373813,0.39079228115638454,0.5740352770698773
I want to see the creature escape from the coffin.,neither,0.04322115627002187,0.29493350161155574,0.6618453421184224
Guys stop talking about viewers and other streams view counts. IT DOESN'T MATTER. So stop please,neither,0.03750259954812121,0.4125611470501432,0.5499362534017355
cheer1000 cheer100 cheer100 cheer100 cheer100 cheer100 welcome back,neither,0.03945320844208391,0.33037608806864915,0.630170703489267
Hey @ninja congrats on getting on Ellen. U deserve all the success,neither,0.03875803977161126,0.41365706561591203,0.5475848946124767
6 min,neither,0.03945320844208391,0.33037608806864915,0.630170703489267
Damn ive been waiting all day and twitch don't notify me,offensive_language,0.03894281480506785,0.6808182111395022,0.28023897405542975
hi ninja how are you,neither,0.08767080319665331,0.32736954124483447,0.5849596555585121
!uptime,neither,0.03945320844208391,0.33037608806864915,0.630170703489267
wassah,neither,0.03945320844208391,0.33037608806864915,0.630170703489267
I didn't one from twitch but via email lol,neither,0.027028208074119507,0.23441371148190457,0.7385580804439761
no no no no b04,neither,0.036918905254960256,0.37338982715841207,0.5896912675866277
TOXIC,neither,0.03945320844208391,0.33037608806864915,0.630170703489267
@Ninja How was it like playing with ellen?,neither,0.036136983556039955,0.37997312825241975,0.5838898881915402
I think you got him,offensive_language,0.06472709601847804,0.47045963159948556,0.46481327238203635
chat it doesn't matter how many viewers he has just watch the game play,neither,0.04127142202404203,0.3050005171016275,0.6537280608743306
!uptime,neither,0.03945320844208391,0.33037608806864915,0.630170703489267
Ninja has been streaming for 10 minutes 6 seconds,neither,0.035850120125353144,0.3113567276014471,0.6527931522731997
Worth lol,neither,0.028881917420137754,0.40986026651313523,0.5612578160667271
POOGERSSSSninjaCreep ninjaCreep ninjaCreep,neither,0.03945320844208391,0.33037608806864915,0.630170703489267
@soldier095 he been live for a 10 min,neither,0.04203124853615775,0.3074596133106357,0.6505091381532065
Toxic 😀,neither,0.03945320844208391,0.33037608806864915,0.630170703489267
@Ninja Welcome back! How was Twitchcon? :),neither,0.03934855357483922,0.33215235429323064,0.6284990921319302
no worries man,neither,0.03866298867463599,0.411960318826876,0.5493766924984881
LUL,neither,0.03945320844208391,0.33037608806864915,0.630170703489267
LUL,neither,0.03945320844208391,0.33037608806864915,0.630170703489267
You Need Your Own Skin @Ninja ninjaCry ninjaCry ninjaCry,neither,0.12803859446758686,0.3438909565251741,0.5280704490072391
oof,neither,0.03945320844208391,0.33037608806864915,0.630170703489267
ninjaPon ninjaPon ninjaPon ninjaRed ninjaBull,neither,0.03945320844208391,0.33037608806864915,0.630170703489267
ninjaPon,neither,0.03945320844208391,0.33037608806864915,0.630170703489267
Hey @ninja congrats on getting on Ellen. U deserve all the success,neither,0.03875803977161126,0.41365706561591203,0.5475848946124767
ouch,neither,0.03945320844208391,0.33037608806864915,0.630170703489267
LUL,neither,0.03945320844208391,0.33037608806864915,0.630170703489267
ninjaClap ninjaClap ninjaClap ninja10 ninja10,neither,0.03945320844208391,0.33037608806864915,0.630170703489267
ninjaCreep,neither,0.03945320844208391,0.33037608806864915,0.630170703489267
,neither,0.03945320844208391,0.33037608806864915,0.630170703489267
https://clips.twitch.tv/TriangularKindHamPastaThat,neither,0.03945320844208391,0.33037608806864915,0.630170703489267
BibleThump BibleThump BibleThump BibleThump,neither,0.03945320844208391,0.33037608806864915,0.630170703489267
viking17Yo How's it going bruh?,neither,0.035758206992631644,0.3652081543912978,0.5990336386160706
skirmish viewing party?,neither,0.03945320844208391,0.33037608806864915,0.630170703489267
When is merch coming out ninjaCash ninjaCash ninjaCash,neither,0.033203151334610624,0.38467592904094405,0.5821209196244453
lupoHYPE lupoHYPE lupoHYPE lupoHYPE ninjaAdore,neither,0.03945320844208391,0.33037608806864915,0.630170703489267
no call of duty dude?,neither,0.03866543682375751,0.34374662835174397,0.6175879348244987
@Ninja whats Up! i have never been able to say hi,neither,0.03859657248912081,0.3929697714658573,0.5684336560450217
!uptime,neither,0.03945320844208391,0.33037608806864915,0.630170703489267
Ninja has been streaming for 11 minutes 23 seconds,neither,0.03617413997521797,0.31306935489666066,0.6507565051281214
what?! he was on ellen? when does it air?,neither,0.024803795968869714,0.479536156132629,0.49566004789850127
what happen to cod4 m8,neither,0.05120383648041599,0.3230145362374536,0.6257816272821305
@Ninja are you playing in the summer skirmish today brother?,neither,0.06968115659255737,0.2975964135464742,0.6327224298609685
FortOne PokGardevoir TwitchCop BagOfMemes TwitchCop BagOfMemes BisexualPride I miss,neither,0.02789410451089843,0.33435179396025927,0.6377541015288424
Hi chat,neither,0.03945320844208391,0.33037608806864915,0.630170703489267
"The stream seems jumpy, anyone else notice this?",neither,0.03879631250808264,0.3206022235711687,0.6406014639207488
aired today,neither,0.037958996135523816,0.3073705101606052,0.654670493703871
D,neither,0.03945320844208391,0.33037608806864915,0.630170703489267
chat yes @ninja was on ellen and it aired today at 3pm est,neither,0.035550353659049315,0.31806662735558133,0.6463830189853694
why arent you in the skirmish,neither,0.04040036316132878,0.3797127910844606,0.5798868457542107
Why no fall skirmish,neither,0.025309019152427094,0.3678327413069455,0.6068582395406275
