text,top_class,hate_speech,offensive_language,neither
:D,neither,0.03945320844208391,0.33037608806864915,0.630170703489267
HEY,neither,0.03945320844208391,0.33037608806864915,0.630170703489267
amiloPede amiloPede2,neither,0.03945320844208391,0.33037608806864915,0.630170703489267
!uptime,neither,0.03945320844208391,0.33037608806864915,0.630170703489267
Ninja has been streaming for 53 seconds,neither,0.03586372331958613,0.3114286319712016,0.6527076447092122
WHATS UP @Ninja,neither,0.03696264145288427,0.3805754415266652,0.5824619170204506
uhm y all my messages got deleted,neither,0.03153444007580493,0.47861488502383887,0.4898506749003562
What'ss Up @Ninja,neither,0.04171756420430804,0.37219515142587906,0.5860872843698129
Hi,neither,0.03945320844208391,0.33037608806864915,0.630170703489267
first,neither,0.02604892428726219,0.3349864360510187,0.6389646396617191
Hi,neither,0.03945320844208391,0.33037608806864915,0.630170703489267
ur not first my dude @danielbeck2204,neither,0.03782989339134456,0.42132474692578076,0.5408453596828747
lol,neither,0.020706217963973744,0.4882283491876925,0.4910654328483337
ninjaHype ninjaHype ninjaHype ninjaHype ninjaHype ninjaHype ninjaHype ninjaHype ninjaHype ninjaGold,neither,0.03945320844208391,0.33037608806864915,0.630170703489267
i was first 55 minutes ago then he didn't start streaming xd,neither,0.029874314962052437,0.35648155776179913,0.6136441272761485
##waddup bro,neither,0.03945320844208391,0.33037608806864915,0.630170703489267
ninjaBlast1 ninjaBlast1 ninjaBlast1 ninjaBlast2 ninjaBlast2 ninjaBlast2 ninjaBlast3 ninjaBlast3 ninjaBlast3 ninjaBlast3 ninjaBlast3,neither,0.03945320844208391,0.33037608806864915,0.630170703489267
hey ninja hows your fantasy teams,neither,0.05841526394773041,0.325120933361498,0.6164638026907715
FIRE MAH LAZAR,neither,0.03945320844208391,0.33037608806864915,0.630170703489267
Wooop,neither,0.03945320844208391,0.33037608806864915,0.630170703489267
Yoooo,neither,0.03945320844208391,0.33037608806864915,0.630170703489267
suhhh Tyler,neither,0.03945320844208391,0.33037608806864915,0.630170703489267
ninjaPon ninjaPon,neither,0.03945320844208391,0.33037608806864915,0.630170703489267
ninjaPon,neither,0.03945320844208391,0.33037608806864915,0.630170703489267
FortOne,neither,0.03945320844208391,0.33037608806864915,0.630170703489267
Yoooooooo,neither,0.03945320844208391,0.33037608806864915,0.630170703489267
FutureMan#,neither,0.03945320844208391,0.33037608806864915,0.630170703489267
"@brainiacalex1 Yes he is, stop being jealous",neither,0.047007179944631584,0.41955055958761317,0.5334422604677552
,neither,0.03945320844208391,0.33037608806864915,0.630170703489267
im not jealous but k,neither,0.033435809737631814,0.38452387950637357,0.5820403107559946
Ready for the tournament,neither,0.033399434941364985,0.2903016632670517,0.6762989017915831
!uptime,neither,0.03945320844208391,0.33037608806864915,0.630170703489267
ninjaAmazing ninjaAmazing ninjaAmazing ninjaAmazing ninjaAmazing ninjaAmazing ninjaAmazing ninjaAmazing ninjaAmazing ninjaAmazing ninjaAmazing ninjaAmazing ninjaAmazing ninjaAmazing,neither,0.03945320844208391,0.33037608806864915,0.630170703489267
Ninja has been streaming for 2 minutes 39 seconds,neither,0.03605278841535164,0.31242796755837576,0.6515192440262725
Reeee,neither,0.03945320844208391,0.33037608806864915,0.630170703489267
NINJAAAA,neither,0.03945320844208391,0.33037608806864915,0.630170703489267
Yoooo! =D ninjaBlank ninjaPon ninjaPon,neither,0.03945320844208391,0.33037608806864915,0.630170703489267
What uppp,neither,0.057770773616808734,0.3180719994247239,0.6241572269584672
ninjaFan ninjaFan ninjaFan ninjaFan ninjaFan ninjaHype ninjaHype ninjaHype ninjaHype ninjaHype ninjaHype,neither,0.03945320844208391,0.33037608806864915,0.630170703489267
!uptime,neither,0.03945320844208391,0.33037608806864915,0.630170703489267
Good evening everyone!,neither,0.03308870833616604,0.42926799388711456,0.5376432977767195
is this subscriber only chat?,neither,0.04892524903651629,0.32889243604053514,0.6221823149229485
What’s up guys!,neither,0.043215862271254034,0.40545783280931624,0.5513263049194296
yep @tinystreamer,neither,0.03945320844208391,0.33037608806864915,0.630170703489267
Egg,neither,0.03945320844208391,0.33037608806864915,0.630170703489267
was good chat,neither,0.0385597912284091,0.33304501896632305,0.6283951898052678
ayyyyy what up,neither,0.042322625131967474,0.38317679352880996,0.5745005813392225
egg,neither,0.03945320844208391,0.33037608806864915,0.630170703489267
Sup,neither,0.03945320844208391,0.33037608806864915,0.630170703489267
yeoooo,neither,0.03945320844208391,0.33037608806864915,0.630170703489267
hello,neither,0.03945320844208391,0.33037608806864915,0.630170703489267
ayyyy what’s gud chat,neither,0.04688693609143763,0.32510578774146254,0.6280072761670997
Oof,neither,0.03945320844208391,0.33037608806864915,0.630170703489267
!merch,neither,0.03945320844208391,0.33037608806864915,0.630170703489267
The new merch store is now live! Check it out here - https://teamninja.com/,neither,0.09419338480146036,0.25117811885027813,0.6546284963482615
where is nightbot,neither,0.06245822111259904,0.2612427577458543,0.6762990211415466
!uptime,neither,0.03945320844208391,0.33037608806864915,0.630170703489267
Ninja has been streaming for 3 minutes 48 seconds,neither,0.03599172463842539,0.3121052117711978,0.6519030635903768
t,neither,0.03945320844208391,0.33037608806864915,0.630170703489267
Yooooo,neither,0.03945320844208391,0.33037608806864915,0.630170703489267
Yooo what’s good everyone! What’s good Tyler!?,neither,0.04123400018933333,0.39151509160967923,0.5672509082009876
!ninja,neither,0.03945320844208391,0.33037608806864915,0.630170703489267
"Like what you see? Make sure to follow Ninjas twitter here: Twitter.com/Ninja Also, check out Ninjas youtube videos at http://www.youtube.com/NinjasHyper",neither,0.06186531586336874,0.43203127599332164,0.5061034081433097
eggggggg!!!,neither,0.03945320844208391,0.33037608806864915,0.630170703489267
!uptime,neither,0.03945320844208391,0.33037608806864915,0.630170703489267
Yo,offensive_language,0.04010381111145228,0.5271105317972344,0.4327856570913131
!game,neither,0.03826383497213389,0.24674689817812728,0.7149892668497387
@caleb_h1143 -> ninja is playing Fortnite,neither,0.04826330969606926,0.3273458902549023,0.6243908000490286
item shop soon!,neither,0.03945320844208391,0.33037608806864915,0.630170703489267
nightbot is the best,neither,0.05135998456280659,0.2889087219359037,0.6597312935012896
WutFace,neither,0.03945320844208391,0.33037608806864915,0.630170703489267
ninjaBlast2 ninjaBlast3 ninjaBlast3 ninjaBlast3 ninjaBlast3 ninjaBlast3 ninjaBlast3 ninjaBlast3 ninjaBlast3 ninjaHype,neither,0.03945320844208391,0.33037608806864915,0.630170703489267
what is the alpha tournament?,neither,0.0504986332779911,0.31139793372003827,0.6381034330019707
gop nightbot\,neither,0.03945320844208391,0.33037608806864915,0.630170703489267
@NINJA i need you to come out with more merch asap,neither,0.04193452630059574,0.4000944530735868,0.5579710206258174
!game,neither,0.03826383497213389,0.24674689817812728,0.7149892668497387
HEY @ninja,neither,0.03945320844208391,0.33037608806864915,0.630170703489267
@prth -> ninja is playing Fortnite,neither,0.04826330969606926,0.3273458902549023,0.6243908000490286
Let's go Baby!!!! I'm here Ninja FortOne ninjaFan FortOne ninjaFan FortOne,neither,0.05714066613198717,0.3313594726168249,0.6114998612511879
ninjaBlast1 ninjaBlast2 ninjaBlast3 ninjaBlast3 ninjaBlast3,neither,0.03945320844208391,0.33037608806864915,0.630170703489267
!hair,neither,0.03945320844208391,0.33037608806864915,0.630170703489267
!uptime,neither,0.03945320844208391,0.33037608806864915,0.630170703489267
Ninja has been streaming for 4 minutes 25 seconds,neither,0.03593765925135289,0.31181944048327837,0.6522429002653688
gucci gang,neither,0.03945320844208391,0.33037608806864915,0.630170703489267
Hi,neither,0.03945320844208391,0.33037608806864915,0.630170703489267
Do you understand the rules?,neither,0.05652945913977585,0.35673930022458583,0.5867312406356383
WAIT. pon pon merch?!?!,neither,0.03945320844208391,0.33037608806864915,0.630170703489267
nightbot is the best,neither,0.05135998456280659,0.2889087219359037,0.6597312935012896
!andrea,neither,0.03945320844208391,0.33037608806864915,0.630170703489267
"""Andrea has the biggest PAINIS in my chat"" - Ninja 2016",neither,0.03257925551999053,0.36550934715509215,0.6019113973249174
There is a time limit.. I don't think there is a limit to how many games you play,neither,0.05920338834406929,0.3085610126199762,0.6322355990359545
PokGengar PokGengar PokGengar PokGengar ninjaClap ninjaClap ninjaClap ninjaClap ninjaClap,neither,0.03945320844208391,0.33037608806864915,0.630170703489267
Hi @Ninja,neither,0.03945320844208391,0.33037608806864915,0.630170703489267
!ponpon,neither,0.03945320844208391,0.33037608806864915,0.630170703489267
Always routing for u Brother tppowerHeresTommy ninjaHi tppowerHeresTommy ninjaHi ninjaHype,neither,0.030509850597335717,0.3587955378521925,0.6106946115504719
!uptime,neither,0.03945320844208391,0.33037608806864915,0.630170703489267
hey can anyone buy me cod bo4??,neither,0.03383521578652261,0.35780583084745926,0.6083589533660182
no buy ME it,neither,0.027428967742354704,0.40253574429078126,0.570035287966864
slurp,neither,0.03945320844208391,0.33037608806864915,0.630170703489267
!song,neither,0.038601720699969956,0.3448280572582511,0.616570222041779
Type “Egg” in the chat to pay respects,neither,0.04390925281799341,0.31477473511862003,0.6413160120633865
https://www.shazam.com/,neither,0.03945320844208391,0.33037608806864915,0.630170703489267
ninjaPon ninjaPon,neither,0.03945320844208391,0.33037608806864915,0.630170703489267
ninjaPon,neither,0.03945320844208391,0.33037608806864915,0.630170703489267
Ninja bring back the PonPon!!!!,neither,0.038578223058231956,0.31438059901093257,0.6470411779308355
"Ninja, what's your favorite emote in the game??",neither,0.07097702111304101,0.2704470216349491,0.6585759572520099
@Ninja say husky pls,neither,0.03945320844208391,0.33037608806864915,0.630170703489267
cruseilles,neither,0.03945320844208391,0.33037608806864915,0.630170703489267
yoyo im hear,neither,0.03818942076563211,0.3782937565107704,0.5835168227235974
ninjaH ninjaH,neither,0.03945320844208391,0.33037608806864915,0.630170703489267
hey can anyone buy me cod bo4??,neither,0.03383521578652261,0.35780583084745926,0.6083589533660182
Hello everyone,neither,0.03269494828970791,0.4450814005079928,0.5222236512022994
ninjaStars ninjaStars ninjaStars ninjaStars ninjaStars ninjaStars,neither,0.03945320844208391,0.33037608806864915,0.630170703489267
Come on men you can so this,offensive_language,0.052023678863771954,0.4813856758159454,0.4665906453202826
Item shop Ninj!,neither,0.03945320844208391,0.33037608806864915,0.630170703489267
@prathamfcb of course who wouldnt want to waste money on you,neither,0.05540890106045037,0.4195437708000863,0.5250473281394633
@ninja hey bro deciding to watch your live for my birthday today ninjaFood,neither,0.05483712498297333,0.339494994142556,0.6056678808744708
!stream,neither,0.03945320844208391,0.33037608806864915,0.630170703489267
pouf,neither,0.03945320844208391,0.33037608806864915,0.630170703489267
ninjaBlast2 ninjaBlast3,neither,0.03945320844208391,0.33037608806864915,0.630170703489267
@ninja what’s up,neither,0.0424860282095962,0.3861250105635327,0.5713889612268711
is it too late?,neither,0.04741295390430003,0.3328750004939334,0.6197120456017665
Hi ninja,neither,0.03945320844208391,0.33037608806864915,0.630170703489267
Hey,neither,0.03945320844208391,0.33037608806864915,0.630170703489267
you have to restart game ninj I had that glitch,neither,0.054801081549094764,0.369548685555377,0.5756502328955283
hi,neither,0.03945320844208391,0.33037608806864915,0.630170703489267
Please show us item shop,neither,0.0850552050116902,0.2681084969404639,0.6468362980478459
kioukiou,neither,0.03945320844208391,0.33037608806864915,0.630170703489267
Me neither,neither,0.029745916725130588,0.38422124305356675,0.5860328402213026
Ninja What's Good Ninja tppowerHeresTommy tppowerHeresTommy ninjaFan,neither,0.042465632993633685,0.32802094062977377,0.6295134263765925
hey can anyone buy me cod bo4???,neither,0.03383521578652261,0.35780583084745926,0.6083589533660182
@Koolman126 happy bday ninjaHi,neither,0.03945320844208391,0.33037608806864915,0.630170703489267
ninjaCreep,neither,0.03945320844208391,0.33037608806864915,0.630170703489267
RON RON RON,neither,0.03945320844208391,0.33037608806864915,0.630170703489267
My game isn’t working either,neither,0.028951590744475623,0.36739465631699886,0.6036537529385256
Have to restart game,neither,0.048998179972922114,0.27350960887124237,0.6774922111558355
why cant we see???,neither,0.026749629510514582,0.3516465962867599,0.6216037742027255
Type “Egg” in the chat guys,neither,0.03865300201659132,0.318972035651523,0.6423749623318857
item shop please,neither,0.03945320844208391,0.33037608806864915,0.630170703489267
@Ninja say husky or the dog be commin 4 u,neither,0.03911028576580604,0.3211476883267974,0.6397420259073966
@prathamfcb lol,neither,0.020706217963973744,0.4882283491876925,0.4910654328483337
ggE,neither,0.03945320844208391,0.33037608806864915,0.630170703489267
BLACKBEAR!!!!,neither,0.03945320844208391,0.33037608806864915,0.630170703489267
It’s my bday today,neither,0.025085616403880844,0.3973885187028616,0.5775258648932575
I had to restart my game when that happened,neither,0.023379043086585782,0.43977859642228423,0.5368423604911299
ninjaHi ninjaHi ninjaHi ninjaHi,neither,0.03945320844208391,0.33037608806864915,0.630170703489267
Restart,neither,0.03945320844208391,0.33037608806864915,0.630170703489267
Egg...?,neither,0.03945320844208391,0.33037608806864915,0.630170703489267
ninjaPon ninjaPon ninjaPon,neither,0.03945320844208391,0.33037608806864915,0.630170703489267
ninjaRed ninjaHyper ninjaBull,neither,0.03945320844208391,0.33037608806864915,0.630170703489267
ninjaAmazing ninjaAmazing ninjaAmazing ninjaAmazing,neither,0.03945320844208391,0.33037608806864915,0.630170703489267
ninjaPon,neither,0.03945320844208391,0.33037608806864915,0.630170703489267
EGG,neither,0.03945320844208391,0.33037608806864915,0.630170703489267
We Live Baby ninjaHype tppowerHeresTommy ninjaHype tppowerHeresTommy ninjaHype,neither,0.045138313626927155,0.33165194785717056,0.6232097385159023
What do you get when you join a tournament?,neither,0.0626219552912015,0.45109547686255075,0.48628256784624774
Item shoppppppp,neither,0.03945320844208391,0.33037608806864915,0.630170703489267
What’s the alpha tournament,neither,0.04327273795508342,0.3134268154390035,0.643300446605913
EGG,neither,0.03945320844208391,0.33037608806864915,0.630170703489267
I miss watching old Ninja,neither,0.033587522234294405,0.3323935665300833,0.6340189112356224
!uptime,neither,0.03945320844208391,0.33037608806864915,0.630170703489267
How’s it going,neither,0.034827248517943006,0.3742167478469281,0.5909560036351289
Ninja has been streaming for 6 minutes 28 seconds,neither,0.036009324457300686,0.31219823727366697,0.6517924382690324
I did that but dosen’t play it again,neither,0.0296128771576743,0.41319139160014423,0.5571957312421814
ayyy night bot,neither,0.033371668850781425,0.3302070178093917,0.6364213133398269
ninjaPon ninjaPon ninjaPon ninjaPon ninjaPon ninjaPon,neither,0.03945320844208391,0.33037608806864915,0.630170703489267
Anyone else not get points from a match they played,neither,0.03893090014793468,0.32759975878869674,0.6334693410633685
Hi,neither,0.03945320844208391,0.33037608806864915,0.630170703489267
hello,neither,0.03945320844208391,0.33037608806864915,0.630170703489267
Tournament started right,neither,0.03858369332370383,0.34734414542861564,0.6140721612476805
ITEEEEEEM SHOP,neither,0.03945320844208391,0.33037608806864915,0.630170703489267
ninjaThrow ninjaStars,neither,0.03945320844208391,0.33037608806864915,0.630170703489267
Ninja! ITEM SHOP!,neither,0.03945320844208391,0.33037608806864915,0.630170703489267
@ninja what is fortnite anymore,neither,0.05376143149731327,0.32347210248051184,0.622766466022175
"I love Blackbear, he is a great artist!",neither,0.04764541159743439,0.31470473453233483,0.6376498538702308
What song is that,neither,0.052996508014216556,0.3861028044856915,0.5609006875000919
ITEM SHOP KIDDDD,neither,0.03945320844208391,0.33037608806864915,0.630170703489267
Item shop = shit,offensive_language,0.04629266173938065,0.949586037179539,0.004121301081080313
ninjaFood ninjaCash,neither,0.03945320844208391,0.33037608806864915,0.630170703489267
SAMEEEE @thatfortnitedud3,neither,0.03945320844208391,0.33037608806864915,0.630170703489267
I only see his logo??? Am I the only one?,neither,0.056078911069531535,0.342731869592727,0.6011892193377414
Hey Dad :),neither,0.03945320844208391,0.33037608806864915,0.630170703489267
@ninja how’s your day been,neither,0.06999732845177614,0.31311455305953717,0.6168881184886866
Hey guys follow me!! I can help level up and get some wins,neither,0.028252884693544394,0.37253574140997325,0.5992113738964823
ninjaBlast1 ninjaBlast2 ninjaBlast3 ninjaBlast3 ninjaBlast3 ninjaBlast3 ninjaBlast3 ninjaBlast3 ninjaBlast3 ninjaBlast3 ninjaBlast3 ninjaBlast3 ninjaBlast3 ninjaBlast3 ninjaBlast3 ninjaBlast3 ninjaBlast3 ninjaSplode,neither,0.03945320844208391,0.33037608806864915,0.630170703489267
I wish I knew the name of the last song that was on,neither,0.033251341200290184,0.3536528724693649,0.6130957863303448
@ninja please show us the new item shop!!!,neither,0.0781137180216183,0.21614097628709383,0.7057453056912878
yea let go bro @ninja,neither,0.027307217688953316,0.36381223440973093,0.6088805479013157
red night,neither,0.029183139579286574,0.32794948177141925,0.6428673786492941
red knight again,neither,0.03755096477364116,0.3587369735779836,0.6037120616483753
!song,neither,0.038601720699969956,0.3448280572582511,0.616570222041779
https://www.shazam.com/,neither,0.03945320844208391,0.33037608806864915,0.630170703489267
Ninja hows your day been? just got home,neither,0.05475992236865057,0.3655297295317057,0.5797103480996437
I’m trying reach 75 folowers,neither,0.03945320844208391,0.33037608806864915,0.630170703489267
Com on,neither,0.03563131143190696,0.34890793365427614,0.6154607549138168
anyone want a free gifted sub?,neither,0.03962578234200892,0.3274470586049321,0.632927159053059
there ya go,offensive_language,0.022671765969955418,0.6078090500817657,0.3695191839482789
Js subbed againnn,neither,0.03945320844208391,0.33037608806864915,0.630170703489267
ninjaCreep ninjaCreep ninjaCreep ninjaClap ninjaH,neither,0.03945320844208391,0.33037608806864915,0.630170703489267
ninja. I think Ellen is jealous of your views. She wants those kind of views,neither,0.0748413114579548,0.3241407006252546,0.6010179879167906
Ninj if you hurry you can get 20 points still,neither,0.045212038484398975,0.4667075522561773,0.4880804092594237
YES! Check the shop!!!,neither,0.0386120415235706,0.3150133636311875,0.646374594845242
Not even worried about item shop overing here jamming to Blackbear.,neither,0.0672458036561441,0.33368437090670866,0.5990698254371473
oooo red knight,neither,0.03926948896000832,0.3288376447788155,0.6318928662611761
"Download Discord here - discord.gg/ninja - Subscribers, connect your Discord to Twitch by – Clicking the cogwheel at the bottom, go to Connections, click Twitch and click “join” under the Ninja server. All subs are welcome to join at any time to hang out! (If you recently subscribed it may take up to 30 minutes before you can connect to the sub server.) Follow this image to connect as well - https://goo.gl/yX9sFR",neither,0.06809260872529874,0.3753919629243179,0.5565154283503834
What's good Brother!!! tppowerHeresTommy ninjaHi ninjaFan ninjaHype tppowerHeresTommy ninjaHi,neither,0.04564990759098491,0.3256274079124707,0.6287226844965443
lupo,neither,0.03945320844208391,0.33037608806864915,0.630170703489267
poach,neither,0.03945320844208391,0.33037608806864915,0.630170703489267
timmm,neither,0.03945320844208391,0.33037608806864915,0.630170703489267
Drluop Kappa,neither,0.03945320844208391,0.33037608806864915,0.630170703489267
TIM,neither,0.03945320844208391,0.33037608806864915,0.630170703489267
!uptime,neither,0.03945320844208391,0.33037608806864915,0.630170703489267
@ninja how’s your day been? mines been pretty good,neither,0.057022494828984804,0.3230937509442623,0.6198837542267529
Ninja has been streaming for 7 minutes 44 seconds,neither,0.03605278841535164,0.31242796755837576,0.6515192440262725
picl lupo,neither,0.03945320844208391,0.33037608806864915,0.630170703489267
you did own that lol,offensive_language,0.0790846814851901,0.49172827795833896,0.42918704055647094
Lupo,neither,0.03945320844208391,0.33037608806864915,0.630170703489267
Oh come on!! WHY THE RED KNIGHT?,neither,0.030024043330670803,0.32116045209237987,0.6488155045769493
support Dr Lupo,neither,0.07733766780305047,0.31734588527970237,0.6053164469172472
we just wanted to see it,neither,0.039520304566702205,0.35313644750514134,0.6073432479281565
you wont 1v1 me tho,neither,0.04159181985624527,0.4146428114654697,0.543765368678285
waddup ninja,neither,0.03945320844208391,0.33037608806864915,0.630170703489267
@Ninja if u say HUSKY i will donate $50,neither,0.029071274972110654,0.34926577591494723,0.621662949112942
garb store,neither,0.09037653023131038,0.31286122258573085,0.5967622471829587
Lazerbeam,neither,0.03945320844208391,0.33037608806864915,0.630170703489267
Pokimane XD,neither,0.03945320844208391,0.33037608806864915,0.630170703489267
!uptime,neither,0.03945320844208391,0.33037608806864915,0.630170703489267
now you do,neither,0.08148834269017566,0.42604215886214764,0.4924694984476767
Himself lmaooo,neither,0.03555352733139888,0.3965638538736796,0.5678826187949214
hi,neither,0.03945320844208391,0.33037608806864915,0.630170703489267
hey bro how your day been,neither,0.07079619745689736,0.3127105952737328,0.6164932072693698
oooo that inja guy bro,neither,0.03395128889631406,0.39413660431100705,0.5719121067926789
@Ninja so how is winning this determined? by kills or?,neither,0.04501271930107036,0.38564347721817893,0.5693438034807508
yo,offensive_language,0.04010381111145228,0.5271105317972344,0.4327856570913131
ninjaHi tppowerHeresTommy ninjaFan ninjaHype tppowerGreen,neither,0.03945320844208391,0.33037608806864915,0.630170703489267
Leesss get it Ninj,neither,0.03490679507544832,0.35300313020848223,0.6120900747160695
good luck. gonna be some sweaties,neither,0.030347627579764308,0.3977074243091713,0.5719449481110644
what some streamers have been doing is get 7 quick kills and then die @Ninja,neither,0.11344203305187477,0.20323646741597973,0.6833214995321455
You can make 7 kills and bailout,neither,0.05733626125040042,0.32567324330337377,0.6169904954462258
Nice to see you on @ninja,neither,0.06002032629686804,0.38437758891846485,0.555602084784667
my hammer is ready ghlKAPPA,neither,0.034933668452956076,0.40935763008164316,0.5557087014654007
Most points I think james,neither,0.03993212104852709,0.32224769127500213,0.6378201876764709
both @Mlsto,neither,0.03945320844208391,0.33037608806864915,0.630170703489267
At iD Tech camps you can learn all about how games are made and start building your own game future this summer. Check it out: www.idtech.com/fortnite #ad,neither,0.07849295833611333,0.3389748549213327,0.5825321867425539
"3, 5, 7",neither,0.03945320844208391,0.33037608806864915,0.630170703489267
i mean,neither,0.03945320844208391,0.33037608806864915,0.630170703489267
ok,neither,0.03935517884257045,0.3320399062092607,0.6286049149481688
good evening chat ninjaAdore,neither,0.03886300377939286,0.330579086516339,0.6305579097042681
April Kreygasm,neither,0.03945320844208391,0.33037608806864915,0.630170703489267
ninjaPon ninjaPon,neither,0.03945320844208391,0.33037608806864915,0.630170703489267
ninjaPon,neither,0.03945320844208391,0.33037608806864915,0.630170703489267
"Just drop hot, get 7, bail",neither,0.04244782205851868,0.35334233043963764,0.6042098475018437
@ninja read the disclaimer in the bottom of the events page it’s hilarious,neither,0.037333437839225964,0.3052071293638554,0.6574594327969187
hello,neither,0.03945320844208391,0.33037608806864915,0.630170703489267
!uptime,neither,0.03945320844208391,0.33037608806864915,0.630170703489267
Ninja has been streaming for 8 minutes 47 seconds,neither,0.036009324457300686,0.31219823727366697,0.6517924382690324
Hi,neither,0.03945320844208391,0.33037608806864915,0.630170703489267
"its kinda not even funny that they have had red knight in the shop, so many times, its not even rare anymore",neither,0.03054525339048882,0.38656891982558245,0.5828858267839288
Kreygasm youll see my hammer irl soon adam,neither,0.03285972985885296,0.3791394273983123,0.5880008427428346
Where are the viewers at,neither,0.06438369164063196,0.26482188390998757,0.6707944244493805
"1 point for reaching, 3, 5, 7",neither,0.0336968122830112,0.30162770279871703,0.6646754849182718
free gifted sub anyone?,neither,0.03945320844208391,0.33037608806864915,0.630170703489267
"@Mlsto kills, placement and victory royale i believe",neither,0.03888782146028184,0.3025911731957076,0.6585210053440106
Doo doo dude,neither,0.03945320844208391,0.33037608806864915,0.630170703489267
Cloaks points haven’t saved so watch yours Ninja,neither,0.04291190158980336,0.35753168209103686,0.5995564163191598
amazinggggg,neither,0.03945320844208391,0.33037608806864915,0.630170703489267
Hi mods 👋🏻,neither,0.03945320844208391,0.33037608806864915,0.630170703489267
ninjaPon ninjaPon ninjaPon ninjaPon,neither,0.03945320844208391,0.33037608806864915,0.630170703489267
@dutchphantom1 ok gotcha,neither,0.03939976048905582,0.33128323931957804,0.6293170001913663
Whaaa,neither,0.03945320844208391,0.33037608806864915,0.630170703489267
just build lol,neither,0.02653602171967776,0.4177695275006684,0.5556944507796537
Good luck Ninja! I can’t play because I have homework right now but I will play soon!,neither,0.03752115296351244,0.3349215631430198,0.6275572838934678
@Ninja SAY HUSKY AND I'LL DONATE $50 USD,neither,0.03893801040488155,0.30520456938221546,0.655857420212903
Is this it,neither,0.054689012228839526,0.3284676879129209,0.6168432998582396
ninjaPon ninjaPon,neither,0.03945320844208391,0.33037608806864915,0.630170703489267
mc,neither,0.03945320844208391,0.33037608806864915,0.630170703489267
"you look kinda dead, @Ninja",neither,0.05591693554993051,0.3705028336306413,0.5735802308194282
"1 point for top 10, 3, 1",neither,0.03345319927392227,0.30041519803248773,0.6661316026935901
At least you still don’t get ads as a sub,neither,0.04717765399490584,0.42282973229090054,0.5299926137141936
@dogette1918 hello,neither,0.03945320844208391,0.33037608806864915,0.630170703489267
I’m am Here papi,neither,0.08583807522881273,0.29302898815480216,0.621132936616385
God damn lol,offensive_language,0.033911181481217995,0.912059182888784,0.0540296356299981
"oh chat, I saw this flag under a bed in tilted",neither,0.04287929818674761,0.29778055129281716,0.6593401505204354
if chat didnt have a c in it it would be hat ninjaIQ,neither,0.025514835714560057,0.37324865508564,0.6012365091998
"Guarantee your PC gaming performance with BLD by NZXT. The simplest way to get a customized gaming PC. Chose the games you want to play, set a budget, and BLD takes care of the rest. Built and shipped within 48 hours with a 2-year warranty. https://nzxt.co/2k9lWJK ninja10 ninja10",neither,0.046159296404555336,0.335031206975871,0.6188094966195736
In England I had to wait 30minutes to get it first Alpha match!,neither,0.04142721425379363,0.3330053668716487,0.6255674188745577
It only get you better,neither,0.060450172049434585,0.41289189517790503,0.5266579327726605
omg all time low for ninja,neither,0.03464291666575556,0.37356676945416256,0.591790313880082
"3,5,7= 1pt",neither,0.03945320844208391,0.33037608806864915,0.630170703489267
"3kills, 5 kills and 7 kills i believe @Ninja",neither,0.03895999107988921,0.3063382168527396,0.6547017920673712
TP trail ugly AF,neither,0.14328034148587213,0.16041185141548633,0.6963078070986415
3 kills = 1 point then 5 kills = 1 point 7 kills = 1 ;point so on,neither,0.0383663355043478,0.35192365506875495,0.6097100094268971
ninja doesn't want the $50 xdxd,neither,0.03888517990551506,0.3131679102530971,0.6479469098413879
@nightbot how long has ninja been on,neither,0.03693671565319911,0.3390527018173902,0.6240105825294106
3 kills 1 point,neither,0.03945320844208391,0.33037608806864915,0.630170703489267
lolol,neither,0.03945320844208391,0.33037608806864915,0.630170703489267
!uptime,neither,0.03945320844208391,0.33037608806864915,0.630170703489267
Ninja has been streaming for 9 minutes 48 seconds,neither,0.03599172463842539,0.3121052117711978,0.6519030635903768
7 KILLE BAIL,neither,0.03945320844208391,0.33037608806864915,0.630170703489267
hey can anyone buy me cod bo4??,neither,0.03383521578652261,0.35780583084745926,0.6083589533660182
1 ot for a win,neither,0.0336968122830112,0.30162770279871703,0.6646754849182718
my points haven't registered yet so keep track of yours,neither,0.03192708575341439,0.4161226234793846,0.551950290767201
Jebaited he just got on,neither,0.033873498109480336,0.44973877212104724,0.5163877297694723
It wont letnme join a game for the last ten minutes.,neither,0.034034752200162686,0.2776224979043189,0.6883427498955184
"3,5,7 kills = 1 point",neither,0.03945320844208391,0.33037608806864915,0.630170703489267
"""I don't wanna ruin my game....I'm gonna go tilted first game"" Makes sense LUL",neither,0.029550082148087606,0.3569194647327516,0.6135304531191608
!subcount,neither,0.03945320844208391,0.33037608806864915,0.630170703489267
I even won a couple before my self,neither,0.02693509082524998,0.46173335869935445,0.5113315504753955
Currently there are 76692 Ninjas subscribed to the channel,neither,0.06825369773618913,0.2416573771314687,0.6900889251323421
ninjaPon ninjaPon ninjaPon ninjaPon ninjaPon ninjaPon ninjaPon ninjaPon ninjaPon,neither,0.03945320844208391,0.33037608806864915,0.630170703489267
ninjaPon,neither,0.03945320844208391,0.33037608806864915,0.630170703489267
Uptime!,neither,0.03945320844208391,0.33037608806864915,0.630170703489267
!uptime,neither,0.03945320844208391,0.33037608806864915,0.630170703489267
can anyone buy me cod bo4??,neither,0.03332902847780431,0.36042646317502613,0.6062445083471696
Stupid leaver,neither,0.388707924852463,0.08068529603932446,0.5306067791082125
no siree,neither,0.036918905254960256,0.37338982715841207,0.5896912675866277
,neither,0.03945320844208391,0.33037608806864915,0.630170703489267
!uptime,neither,0.03945320844208391,0.33037608806864915,0.630170703489267
Ninja has been streaming for 10 minutes 29 seconds,neither,0.0361502269294278,0.31294296822878165,0.6509068048417906
Crossplay,neither,0.03945320844208391,0.33037608806864915,0.630170703489267
@prathamfcb why?,neither,0.016768318525353994,0.3685911158159394,0.6146405656587067
blackouuuuuuuttttt,neither,0.03945320844208391,0.33037608806864915,0.630170703489267
@prathamfcb sure if you give me $99.99,offensive_language,0.027755457236954245,0.5087510161460276,0.4634935266170182
Hallo!,neither,0.03945320844208391,0.33037608806864915,0.630170703489267
@Ninja I saw a flag under a bed in the center building in tilted,neither,0.03895174386282527,0.32129895443621853,0.6397493017009561
I've got 1 point on ps4 lol,neither,0.015651380614327325,0.40218541250588125,0.5821632068797914
POINT SYSTEM: +1 FOR 3 ELIMS +1 FOR 5 ELIMS,neither,0.029372292269941362,0.2802446608193,0.6903830469107586
Hey Ninja!,neither,0.03945320844208391,0.33037608806864915,0.630170703489267
!uptime,neither,0.03945320844208391,0.33037608806864915,0.630170703489267
Ninja has been streaming for 11 minutes 13 seconds,neither,0.03611031060307126,0.3127319972555792,0.6511576921413494
interesting if will be like scrim play or not,neither,0.031470087160736376,0.37963545695469897,0.5888944558845646
!tournament,neither,0.03945320844208391,0.33037608806864915,0.630170703489267
So many sweeties in these games,offensive_language,0.050972016495907595,0.486656728254043,0.46237125525004946
,neither,0.03945320844208391,0.33037608806864915,0.630170703489267
Dang major damage,neither,0.03945320844208391,0.33037608806864915,0.630170703489267
Sweaties,neither,0.03945320844208391,0.33037608806864915,0.630170703489267
Sweaty soccer skins galore daeHA daeHA daeHA,neither,0.03945320844208391,0.33037608806864915,0.630170703489267
!tournament,neither,0.03945320844208391,0.33037608806864915,0.630170703489267
Is this a tournament game?,neither,0.04665890481363172,0.28899229070058546,0.6643488044857827
I’m being ninja for holloween,neither,0.028714586474606667,0.32807229950662664,0.6432131140187666
NINJA! BibleThump,neither,0.03945320844208391,0.33037608806864915,0.630170703489267
can anyone buy me cod bo4??,neither,0.03332902847780431,0.36042646317502613,0.6062445083471696
@marsguy009 I thought that was the point of this tournament lol is for all the good players/try hards?,neither,0.034546388644043614,0.3291636878969893,0.6362899234589672
yes,neither,0.03945320844208391,0.33037608806864915,0.630170703489267
@estheman123 true haha,neither,0.03407160796694921,0.4217158929897458,0.5442124990433048
ninjaPopcorn ninjaPopcorn ninjaPopcorn ninjaPopcorn,neither,0.03945320844208391,0.33037608806864915,0.630170703489267
the are good,neither,0.09262927485977539,0.22033768620769975,0.6870330389325248
chat my tourney points arent recording what do i do,neither,0.0365054650563321,0.3849839168662306,0.5785106180774372
ninja,neither,0.03945320844208391,0.33037608806864915,0.630170703489267
¡uptime,neither,0.03945320844208391,0.33037608806864915,0.630170703489267
,neither,0.03945320844208391,0.33037608806864915,0.630170703489267
how longs the stream been going,neither,0.03691062123771066,0.34577134661118963,0.6173180321510997
NINJA whats up bruh,neither,0.03719200913232334,0.37568304886166387,0.5871249420060127
