text,top_class,hate_speech,offensive_language,neither
yooo,neither,0.03945320844208391,0.33037608806864915,0.630170703489267
Hi,neither,0.03945320844208391,0.33037608806864915,0.630170703489267
Hi,neither,0.03945320844208391,0.33037608806864915,0.630170703489267
yo ninja,neither,0.03963661905393089,0.4165653046673816,0.5437980762786875
Wasss,neither,0.03945320844208391,0.33037608806864915,0.630170703489267
hi,neither,0.03945320844208391,0.33037608806864915,0.630170703489267
"New twitch, who this?",neither,0.04387402582769734,0.3038274221867633,0.6522985519855394
ninjaRekt ninjaRekt ninjaRekt,neither,0.03945320844208391,0.33037608806864915,0.630170703489267
Yoyo,neither,0.03945320844208391,0.33037608806864915,0.630170703489267
ninjaHi,neither,0.03945320844208391,0.33037608806864915,0.630170703489267
hiiiii,neither,0.03945320844208391,0.33037608806864915,0.630170703489267
yuuuuuuuurt,neither,0.03945320844208391,0.33037608806864915,0.630170703489267
time to grindd,neither,0.05245992204456839,0.36299283377229524,0.5845472441831363
sweet song,neither,0.038886577143321735,0.339993299998494,0.6211201228581842
big numbers tn,neither,0.025466664347174848,0.38676411849502457,0.5877692171578005
Hello,neither,0.03945320844208391,0.33037608806864915,0.630170703489267
,neither,0.03945320844208391,0.33037608806864915,0.630170703489267
I love this genre of music,neither,0.03683089902563786,0.34358718235448354,0.6195819186198787
Hai,neither,0.03945320844208391,0.33037608806864915,0.630170703489267
Reee ninjaTooth,neither,0.03945320844208391,0.33037608806864915,0.630170703489267
HI,neither,0.03945320844208391,0.33037608806864915,0.630170703489267
ninjaCRINJA,neither,0.03945320844208391,0.33037608806864915,0.630170703489267
ninjaCRINJA ninjaCRINJA ninjaCRINJA ninjaCRINJA ninjaCRINJA ninjaCRINJA ninjaCRINJA ninjaCRINJA ninjaCRINJA ninjaCRINJA ninjaCRINJA ninjaCRINJA,neither,0.03945320844208391,0.33037608806864915,0.630170703489267
just in time for tourny,neither,0.024554467961595102,0.3474816377961574,0.6279638942422475
first,neither,0.02604892428726219,0.3349864360510187,0.6389646396617191
ninjaCreep ninjaCreep ninjaCreep ninjaCRINJA ninjaCRINJA ninjaCRINJA,neither,0.03945320844208391,0.33037608806864915,0.630170703489267
ninjaGold ninjaGold ninjaK ninjaHype ninjaGold,neither,0.03945320844208391,0.33037608806864915,0.630170703489267
first,neither,0.02604892428726219,0.3349864360510187,0.6389646396617191
SUPPP fellow ninjas!,neither,0.03945320844208391,0.33037608806864915,0.630170703489267
ninjaCRINJA ninjaCreep ninjaClap,neither,0.03945320844208391,0.33037608806864915,0.630170703489267
First,neither,0.02604892428726219,0.3349864360510187,0.6389646396617191
heyy ninjaCreep ninjaCreep,neither,0.03945320844208391,0.33037608806864915,0.630170703489267
lupoLOVE lupoLOVE lupoLOVE,neither,0.03945320844208391,0.33037608806864915,0.630170703489267
lets get that 20pts in 4 games @Ninja,neither,0.03529119335943871,0.3821270527520906,0.5825817538884707
ALPHA!!!!!!!!!!!,neither,0.03945320844208391,0.33037608806864915,0.630170703489267
Hello! TehePelo TehePelo TehePelo,neither,0.03945320844208391,0.33037608806864915,0.630170703489267
How was your break @ninja,neither,0.06875185794764335,0.3240901465208984,0.6071579955314581
,neither,0.03945320844208391,0.33037608806864915,0.630170703489267
Anybody home,neither,0.03945320844208391,0.33037608806864915,0.630170703489267
Holaaaaa KappaHD KappaHD TableHere KappaHD,neither,0.03945320844208391,0.33037608806864915,0.630170703489267
ninjaFan,neither,0.03945320844208391,0.33037608806864915,0.630170703489267
!suncount,neither,0.03945320844208391,0.33037608806864915,0.630170703489267
Only one in our solar system ☀️,neither,0.03879818021612235,0.3544624993471868,0.6067393204366908
ninjaCreep ninjaCreep,neither,0.03945320844208391,0.33037608806864915,0.630170703489267
yeeeehawww,neither,0.03945320844208391,0.33037608806864915,0.630170703489267
ninjaGold ninjaGold ninjaGold ninjaGold,neither,0.03945320844208391,0.33037608806864915,0.630170703489267
YOOO,neither,0.03945320844208391,0.33037608806864915,0.630170703489267
Hiii,neither,0.03945320844208391,0.33037608806864915,0.630170703489267
Heyyy,neither,0.03945320844208391,0.33037608806864915,0.630170703489267
ninjaWifey ninjaWifey,neither,0.03945320844208391,0.33037608806864915,0.630170703489267
ninjaPon ninjaPon ninjaPon,neither,0.03945320844208391,0.33037608806864915,0.630170703489267
ninjaPon,neither,0.03945320844208391,0.33037608806864915,0.630170703489267
Let’s go baby,neither,0.021963102035268377,0.37880921321674255,0.599227684747989
hi,neither,0.03945320844208391,0.33037608806864915,0.630170703489267
!uptime,neither,0.03945320844208391,0.33037608806864915,0.630170703489267
Ninja has been streaming for 3 minutes 13 seconds,neither,0.03593487329507504,0.31180471472147375,0.6522604119834512
Yooooo,neither,0.03945320844208391,0.33037608806864915,0.630170703489267
ninjaBull ninjaSplode ninjaShield,neither,0.03945320844208391,0.33037608806864915,0.630170703489267
sup,neither,0.03945320844208391,0.33037608806864915,0.630170703489267
west virginiaaaaaaa,neither,0.03945320844208391,0.33037608806864915,0.630170703489267
ninjaFan ninjaFan ninjaFan ninjaFan ninjaFan,neither,0.03945320844208391,0.33037608806864915,0.630170703489267
ninjaThrow ninjaBlast2 ninjaBlast3 ninjaBlast3 ninjaBlast3 ninjaBlast3 ninjaBlast3 ninjaBlast3 ninjaBlast3,neither,0.03945320844208391,0.33037608806864915,0.630170703489267
saaaaa,neither,0.03945320844208391,0.33037608806864915,0.630170703489267
Hi,neither,0.03945320844208391,0.33037608806864915,0.630170703489267
lupoHEY lupoHEY lupoHEY,neither,0.03945320844208391,0.33037608806864915,0.630170703489267
Ninja quisiera que me hagas ganar una partida TableHere TableHere TableHere,neither,0.034781231304671235,0.3550773832583744,0.6101413854369543
FortLlama FortLlama FortLlama,neither,0.03945320844208391,0.33037608806864915,0.630170703489267
lets get these dubs babyyyyy,offensive_language,0.050802833377240106,0.47707939893316686,0.472117767689593
bettttttttttttttttttttttttt,neither,0.03945320844208391,0.33037608806864915,0.630170703489267
Let's Go!!!!!!!!,neither,0.01806316484133749,0.39391011985298136,0.5880267153056813
COUNTRY ROADS,neither,0.04543712845307303,0.3283179435806124,0.6262449279663145
What are “customs”,neither,0.07881007817425342,0.27507236261508555,0.6461175592106609
let's get this bread,neither,0.023231703658318618,0.3686921543106331,0.6080761420310482
ninja how r u,neither,0.03945320844208391,0.33037608806864915,0.630170703489267
DO ALPHA,neither,0.041192042780988224,0.3297780232042037,0.6290299340148081
ninjaRed ninjaBull ninjaBlast1 ninjaBlast2 ninjaBlast3,neither,0.03945320844208391,0.33037608806864915,0.630170703489267
Hey ninja,neither,0.03945320844208391,0.33037608806864915,0.630170703489267
"Im very well, how are you?",neither,0.09292915999274078,0.36354465578756967,0.5435261842196896
Yay dad's live Hi NINJA!!!! ninjaK,neither,0.04263950045199585,0.32928017613710053,0.6280803234109037
we doin gud,neither,0.03923645442822341,0.33405496936676093,0.6267085762050157
letssssssss goooooooooo,neither,0.03945320844208391,0.33037608806864915,0.630170703489267
oof,neither,0.03945320844208391,0.33037608806864915,0.630170703489267
lupoBOOTY ninjaCreep lupoBOOTY ninjaCreep lupoBOOTY ninjaCreep lupoBOOTY ninjaCreep lupoBOOTY ninjaCreep lupoBOOTY ninjaCreep lupoBOOTY ninjaCreep lupoBOOTY ninjaCreep lupoBOOTY ninjaCreep lupoBOOTY ninjaCreep lupoBOOTY ninjaCreep lupoBOOTY ninjaCreep lupoBOOTY ninjaCreep lupoBOOTY ninjaCreep lupoBOOTY ninjaCreep lupoBOOTY ninjaCreep lupoBOOTY ninjaCreep lupoBOOTY ninjaCreep lupoBOOTY ninjaCreep lupoBOOTY ninjaCreep lupoBOOTY ninjaCreep,neither,0.03945320844208391,0.33037608806864915,0.630170703489267
TAKE ME HOMEEEEEE,neither,0.02662153890935304,0.4037482254446758,0.5696302356459712
ninjaClap ninjaClap ninjaClap ninjaClap ninjaClap ninjaClap ninjaClap ninjaClap ninjaClap,neither,0.03945320844208391,0.33037608806864915,0.630170703489267
Reeeeee ninjaAmazing ninjaPon ninjaAmazing ninjaPon ninjaAmazing ninjaPon ninjaAmazing ninjaPon ninjaAmazing ninjaPon ninjaPon ninjaAmazing ninjaPon ninjaPon ninjaPon ninjaPon ninjaPon ninjaPon ninjaPon ninjaPon ninjaPon,neither,0.03945320844208391,0.33037608806864915,0.630170703489267
ninjaPon ninjaPon ninjaPon ninjaPon,neither,0.03945320844208391,0.33037608806864915,0.630170703489267
ninjaPon,neither,0.03945320844208391,0.33037608806864915,0.630170703489267
Hey @Ninja and chat! chuunPon ninjaPon,neither,0.03876413204306386,0.2959887199383667,0.6652471480185695
TO THE PLACEEEEEE,neither,0.06348207243887267,0.2676115413284709,0.6689063862326565
lupoCRINGE lupoCRINGE lupoCRINGE lupoCRINGE,neither,0.03945320844208391,0.33037608806864915,0.630170703489267
ninjaCRINJA,neither,0.03945320844208391,0.33037608806864915,0.630170703489267
Hi dad,neither,0.03945320844208391,0.33037608806864915,0.630170703489267
ninjaPopcorn ninjaPopcorn ninjaPopcorn,neither,0.03945320844208391,0.33037608806864915,0.630170703489267
ninja are u gud bro,neither,0.06818980747020217,0.28139168194627195,0.6504185105835257
I made a sick ninja emblem on bo4 looks legit ninjaAdore ninjaAdore ninjaAdore,neither,0.03740604312090041,0.34013579473730066,0.622458162141799
I BELONG,neither,0.03945320844208391,0.33037608806864915,0.630170703489267
are you going to play alpha,neither,0.09767683335960217,0.34830334431147375,0.5540198223289241
I belong,neither,0.03945320844208391,0.33037608806864915,0.630170703489267
WEST VIRGINIAAAAAAAAAAAAAAAAA,neither,0.03945320844208391,0.33037608806864915,0.630170703489267
Get that booty,offensive_language,0.027987610497583307,0.49805861431738735,0.47395377518502935
ninja did u see the bus and u fall faster,neither,0.038389560809680714,0.29408847772773344,0.6675219614625859
MOUNTAIN MAMAAAAAA,neither,0.03945320844208391,0.33037608806864915,0.630170703489267
!uptime,neither,0.03945320844208391,0.33037608806864915,0.630170703489267
Ninja has been streaming for 4 minutes 22 seconds,neither,0.035978268437780944,0.3120340873608984,0.6519876442013207
solo duos? squads?,neither,0.03945320844208391,0.33037608806864915,0.630170703489267
losFlex losFlex losFlex losFlex losFlex losFlex,neither,0.03945320844208391,0.33037608806864915,0.630170703489267
ninjaPopcorn ninjaPopcorn,neither,0.03945320844208391,0.33037608806864915,0.630170703489267
West Virginia,neither,0.03945320844208391,0.33037608806864915,0.630170703489267
TAKE ME HOMMEDEDE,neither,0.02662153890935304,0.4037482254446758,0.5696302356459712
@JamiieGirl_ have any pictures of the logo? PokPikachu,neither,0.038250999172084535,0.3241450834082636,0.6376039174196519
Anyone in the tournament,neither,0.038614391665805714,0.3150572861604118,0.6463283221737824
!andrea,neither,0.03945320844208391,0.33037608806864915,0.630170703489267
"""Andrea has the biggest PAINIS in my chat"" - Ninja 2016",neither,0.03257925551999053,0.36550934715509215,0.6019113973249174
is this warmup,neither,0.06444388513749441,0.32581973129223984,0.6097363835702658
COUNTRY ROADSSSSSS,neither,0.049738040935832506,0.32683866255685806,0.6234232965073093
!2hands,neither,0.03945320844208391,0.33037608806864915,0.630170703489267
"""I use 2 hands, 1 to guide the tip, and the other to cradle the balls"" - Ninja 2015",neither,0.02882840075375995,0.3926444365429246,0.5785271627033155
@newhoodie I’m at work rn I can take it later,neither,0.0378504404923357,0.3470106092116381,0.6151389502960262
I have a question Ninja. Why is everyone saying ur toxic. ninjaS,neither,0.038996192784710185,0.41263463602809475,0.5483691711871951
TAKE ME BOMEREE,neither,0.02662153890935304,0.4037482254446758,0.5696302356459712
Fu,neither,0.03945320844208391,0.33037608806864915,0.630170703489267
ninjas a god,neither,0.03945320844208391,0.33037608806864915,0.630170703489267
2 hp and a dream,neither,0.03871432111721478,0.2932575939303077,0.6680280849524776
you and lupo should do couples yoga,neither,0.06725543884322287,0.3631553270395525,0.5695892341172246
nice try man,neither,0.03962981820660508,0.40867547458145437,0.5516947072119405
jesus those kids were absolute poop,neither,0.05699412734761547,0.26432753080232335,0.678678341850061
T fu,neither,0.03945320844208391,0.33037608806864915,0.630170703489267
"okay, id like to see @JamiieGirl_ I've had an obsession with CoD emblems since bo1 haha",neither,0.027104847459182527,0.37665119130422736,0.5962439612365901
ninjaWifey ninjaWifey,neither,0.03945320844208391,0.33037608806864915,0.630170703489267
That dude was trash,neither,0.03834460026226535,0.1426925723647093,0.8189628273730254
reeeeeeeeeeeeeeeeeeee\,neither,0.03945320844208391,0.33037608806864915,0.630170703489267
8k ?,neither,0.03945320844208391,0.33037608806864915,0.630170703489267
highdNT,neither,0.03945320844208391,0.33037608806864915,0.630170703489267
"Good luck, though you dont need it lol",neither,0.04292346257067076,0.4203845750985407,0.5366919623307884
lets all get these 20 points,offensive_language,0.0482354373323562,0.4922311193495778,0.45953344331806606
!uptime,neither,0.03945320844208391,0.33037608806864915,0.630170703489267
Ninja has been streaming for 5 minutes 42 seconds,neither,0.03605278841535164,0.31242796755837576,0.6515192440262725
1uptime,neither,0.03945320844208391,0.33037608806864915,0.630170703489267
are we allowed to promote??? lol,neither,0.05844369258702298,0.3366499096791591,0.604906397733818
Format for today's tourney?,neither,0.028799567770869398,0.2568685848996679,0.7143318473294626
Let’s get it !!!!,neither,0.01620600571974137,0.39767167536199827,0.5861223189182604
ninja your a goat,neither,0.07010305735004307,0.32186259919941296,0.6080343434505441
hello,neither,0.03945320844208391,0.33037608806864915,0.630170703489267
tatTUFF tatTUFF tatTUFF tatTUFF,neither,0.03945320844208391,0.33037608806864915,0.630170703489267
ninjaHype ninjaHype ninjaHype ninjaHype ninjaHype ninjaHype ninjaHype ninjaHype ninjaHype ninjaHype ninjaHype ninjaHype ninjaHype ninjaHype,neither,0.03945320844208391,0.33037608806864915,0.630170703489267
!uptime,neither,0.03945320844208391,0.33037608806864915,0.630170703489267
hi,neither,0.03945320844208391,0.33037608806864915,0.630170703489267
I need to sleep,neither,0.04931655239205833,0.32240716438882133,0.6282762832191203
ninjaHype ninjaHype ninjaHype ninjaHype ninjaHype ninjaHype ninjaHype ninjaHype ninjaHype ninjaHype ninjaHype ninjaHype ninjaHype ninjaHype ninjaHype ninjaHype ninjaHype ninjaHype ninjaHype ninjaHype ninjaHype ninjaHype,neither,0.03945320844208391,0.33037608806864915,0.630170703489267
"Download Discord here - discord.gg/ninja - Subscribers, connect your Discord to Twitch by – Clicking the cogwheel at the bottom, go to Connections, click Twitch and click “join” under the Ninja server. All subs are welcome to join at any time to hang out! (If you recently subscribed it may take up to 30 minutes before you can connect to the sub server.) Follow this image to connect as well - https://goo.gl/yX9sFR",neither,0.06809260872529874,0.3753919629243179,0.5565154283503834
Love how people crap their pants if Tyler does not have a million viewers after being online for 5 minutes,neither,0.028256557281161946,0.41911786688769964,0.5526255758311385
Hi,neither,0.03945320844208391,0.33037608806864915,0.630170703489267
yoooo!!!,neither,0.03945320844208391,0.33037608806864915,0.630170703489267
@newhoodie yeah it came out decent I can pm you later and show you,neither,0.0510456669954484,0.39622672139494286,0.5527276116096087
<3 <3 ninjaAdore ninjaAdore ninjaAdore,neither,0.03945320844208391,0.33037608806864915,0.630170703489267
ninjaCreep ninjaCreep ninjaCreep ninjaClap ninjaClap ninjaClap ninjaCreep ninjaCreep ninjaClap ninjaClap ninjaClap ninjaClap ninjaClap ninjaClap ninjaClap ninjaClap,neither,0.03945320844208391,0.33037608806864915,0.630170703489267
!uptime,neither,0.03945320844208391,0.33037608806864915,0.630170703489267
Ninja has been streaming for 6 minutes 15 seconds,neither,0.03591124943716819,0.3116798452753663,0.6524089052874654
ResidentSleeper ResidentSleeper ResidentSleeper ResidentSleeper ResidentSleeper ResidentSleeper ResidentSleeper ResidentSleeper,neither,0.03945320844208391,0.33037608806864915,0.630170703489267
Yoooo,neither,0.03945320844208391,0.33037608806864915,0.630170703489267
Someone wisper me. What is this alpha toury,neither,0.0444021443412692,0.3622888932817259,0.5933089623770048
ninja lets freaking go man get 40 points,neither,0.03941323674665877,0.38459072969390434,0.5759960335594368
ninja u ready for the tourtament,neither,0.03305348445968026,0.2880140516166696,0.6789324639236503
Why you do this I need sleep man,neither,0.04314795721920051,0.4715167357603626,0.4853353070204368
you got this shit,offensive_language,0.06484600387337854,0.9351520099705221,1.986156099403139e-06
Support the stream with a FREE SUBSCRIPTION! Link an Amazon Prime to your Twitch account Click subscribe to check if a free prime sub is available to use!,neither,0.0402169124253145,0.3765907427440122,0.5831923448306733
You got this. @ninja ninjaHype ninjaHype ninjaHype,neither,0.05766347560133079,0.44818053790723034,0.4941559864914389
Anyone else watching Ninja before the Cavs game?,neither,0.036261022940786945,0.3346332116979176,0.6291057653612955
oof,neither,0.03945320844208391,0.33037608806864915,0.630170703489267
how are you,neither,0.19156335723385254,0.31525141242459664,0.49318523034155076
simple restart with that ssd ninjaCreep ninjaCreep,neither,0.022558933005567702,0.42906528134539246,0.5483757856490399
!song,neither,0.038601720699969956,0.3448280572582511,0.616570222041779
https://www.shazam.com/,neither,0.03945320844208391,0.33037608806864915,0.630170703489267
!give,neither,0.03945320844208391,0.33037608806864915,0.630170703489267
ninjaPon Ninja take aaron_aimz's energy ninjaPon,neither,0.03945320844208391,0.33037608806864915,0.630170703489267
ninjaPon ninjaPon,neither,0.03945320844208391,0.33037608806864915,0.630170703489267
This stream will be at 80 k before 420,neither,0.0376007852257791,0.3757625640827018,0.5866366506915192
ninjaPon,neither,0.03945320844208391,0.33037608806864915,0.630170703489267
Today @ninja you gonna get on those alpha tournaments,neither,0.06637237476191944,0.34250867689957715,0.5911189483385034
Just go to select mode,neither,0.04249873455913826,0.3526616623632833,0.6048396030775784
oofer gang oofer gang oofer gang,neither,0.03945320844208391,0.33037608806864915,0.630170703489267
1,neither,0.03945320844208391,0.33037608806864915,0.630170703489267
!uptime,neither,0.03945320844208391,0.33037608806864915,0.630170703489267
sinep,neither,0.03945320844208391,0.33037608806864915,0.630170703489267
you the man ninja,neither,0.05839675847926681,0.44363722808512335,0.49796601343560987
love your streams my friends say I’m stupid for watching you,neither,0.13121812351499007,0.3125230575663893,0.5562588189186206
!give,neither,0.03945320844208391,0.33037608806864915,0.630170703489267
select game.mode,neither,0.03873065854542482,0.28573260743461,0.6755367340199652
"Lets go @Ninja, EASY 20 points. EZ PZ",neither,0.03967629131853322,0.3408554539436843,0.6194682547377826
what do you get for winning a tournament?,neither,0.051884661338913535,0.3410468303203434,0.6070685083407431
Having such a hard time in school rn,offensive_language,0.03166783077887852,0.51498404306123,0.45334812615989145
!give,neither,0.03945320844208391,0.33037608806864915,0.630170703489267
Ha,neither,0.03945320844208391,0.33037608806864915,0.630170703489267
"I always get a million viewers after being online for 5 minutes, I don't know what Ninja's issue is Kappa",neither,0.03903776615603132,0.35391195465389497,0.6070502791900737
ninjaH ninjaH ninjaH,neither,0.03945320844208391,0.33037608806864915,0.630170703489267
ninjaPopcorn ninjaPopcorn ninjaPopcorn ninjaPopcorn ninjaPopcorn ninjaPopcorn ninjaFan ninjaFan ninjaFan ninjaFan ninjaFan ninjaFan ninjaFan,neither,0.03945320844208391,0.33037608806864915,0.630170703489267
Song,neither,0.038601720699969956,0.3448280572582511,0.616570222041779
Ninja your a God and a GOAT,neither,0.06460095133424129,0.2885775600214647,0.646821488644294
3,neither,0.03945320844208391,0.33037608806864915,0.630170703489267
you look tired,neither,0.07047585425069369,0.4017517442611655,0.5277724014881409
Hey ninja,neither,0.03945320844208391,0.33037608806864915,0.630170703489267
!commands,neither,0.03945320844208391,0.33037608806864915,0.630170703489267
@bladucer -> The bot commands for this channel are available at https://beta.nightbot.tv/t/ninja/commands,neither,0.04637165599724777,0.29795772305344853,0.6556706209493037
Its 7;30,neither,0.031430250075996306,0.3331355513483366,0.6354341985756671
Dad,neither,0.03945320844208391,0.33037608806864915,0.630170703489267
you are cool ninjaPon ninjaPon ninjaHi ninjaH,neither,0.14795350876579116,0.32141568270465964,0.5306308085295492
Hi ninja,neither,0.03945320844208391,0.33037608806864915,0.630170703489267
I’m playing too,neither,0.03906318634547852,0.3369957809246042,0.6239410327299173
lata,neither,0.03945320844208391,0.33037608806864915,0.630170703489267
"""Lata B****"" - Ninja2015",neither,0.03945320844208391,0.33037608806864915,0.630170703489267
hiiiiiii tyler :D,neither,0.03945320844208391,0.33037608806864915,0.630170703489267
LOVE YOU NINJA,neither,0.055614303534325615,0.40605032358192344,0.538335372883751
At iD Tech camps you can learn all about how games are made and start building your own game future this summer. Check it out: www.idtech.com/fortnite #ad,neither,0.07849295833611333,0.3389748549213327,0.5825321867425539
ninjaPon ninjaPon ninjaPon ninjaPon ninjaPon ninjaPon ninjaAww ninjaAww ninjaAww ninjaAww ninjaCreep ninjaCreep ninjaCreep ninjaCreep ninjaClap ninjaClap ninjaClap ninjaClap ninjaClap,neither,0.03945320844208391,0.33037608806864915,0.630170703489267
ninjaPon,neither,0.03945320844208391,0.33037608806864915,0.630170703489267
ninjaCRINJA,neither,0.03945320844208391,0.33037608806864915,0.630170703489267
5,neither,0.03945320844208391,0.33037608806864915,0.630170703489267
ninjaHype ninjaHype ninjaHype ninjaHype ninjaHype ninjaHype,neither,0.03945320844208391,0.33037608806864915,0.630170703489267
ninjaPon ninjaPon ninjaPon ninjaPon ninjaPon ninjaPon ninjaPon ninjaPon ninjaPon ninjaPon ninjaPon ninjaPon ninjaPon ninjaPon ninjaPon ninjaPon ninjaPon ninjaPon ninjaPon ninjaPon ninjaPon ninjaPon ninjaPon ninjaPon,neither,0.03945320844208391,0.33037608806864915,0.630170703489267
how is your day going,neither,0.09815570529837453,0.32774018465681803,0.5741041100448074
Hey ninja,neither,0.03945320844208391,0.33037608806864915,0.630170703489267
esperi HeyGuys HeyGuys HeyGuys,neither,0.03945320844208391,0.33037608806864915,0.630170703489267
!uptime,neither,0.03945320844208391,0.33037608806864915,0.630170703489267
Ninja has been streaming for 7 minutes 12 seconds,neither,0.035901840335972865,0.31163011099587895,0.6524680486681482
HEY NINJA,neither,0.03945320844208391,0.33037608806864915,0.630170703489267
Wassup,neither,0.33529425248498695,0.08556156890646638,0.5791441786085466
!betys,neither,0.03945320844208391,0.33037608806864915,0.630170703489267
only 11k Wth,neither,0.03945320844208391,0.33037608806864915,0.630170703489267
@JamiieGirl_ yeah I'd appreciate that! :D thank you!,offensive_language,0.03133115704763019,0.5176587013030268,0.45101014164934305
are you playing in the twitch con skirmish?,neither,0.07541432653121491,0.3135239925772255,0.6110616808915595
ninjaCreep FortOne JKanStyle,neither,0.03945320844208391,0.33037608806864915,0.630170703489267
Anyone know what you get for getting 20 points,neither,0.045871489579180476,0.3929617475650418,0.5611667628557777
!1,neither,0.03945320844208391,0.33037608806864915,0.630170703489267
"""Guys ONE second"" -ninja everitiem",neither,0.0385943129839181,0.35990076663856385,0.601504920377518
"dont say you look tired bro, toxic!!",neither,0.058369663332036206,0.37602854806852726,0.5656017885994364
Hi Tyler,neither,0.03945320844208391,0.33037608806864915,0.630170703489267
LFG,neither,0.03945320844208391,0.33037608806864915,0.630170703489267
!2hands,neither,0.03945320844208391,0.33037608806864915,0.630170703489267
6,neither,0.03945320844208391,0.33037608806864915,0.630170703489267
!5head,neither,0.03945320844208391,0.33037608806864915,0.630170703489267
"""I use 2 hands, 1 to guide the tip, and the other to cradle the balls"" - Ninja 2015",neither,0.02882840075375995,0.3926444365429246,0.5785271627033155
Its the camera angle guys Kappa http://i.imgur.com/BY1oOL9.jpg?1,neither,0.03340230349334687,0.25734672122769076,0.7092509752789624
I wish you a good luck in the tourtament,neither,0.05455572402714989,0.3590500403320057,0.5863942356408445
I was waiting for you,neither,0.050420542396215365,0.34552339364972334,0.6040560639540612
hey from Portugal,neither,0.04047379472432346,0.3130540753410925,0.646472129934584
do you still play with daequan or are you guys not friends?,neither,0.0819098168117137,0.4234249222172636,0.49466526097102265
GL everyone,offensive_language,0.02988896790634741,0.4927062106388782,0.4774048214547744
Yo,offensive_language,0.04010381111145228,0.5271105317972344,0.4327856570913131
Is the pin in game,neither,0.046152496000089784,0.27279163256707256,0.6810558714328377
"love how you inspire so many people man. keep doing what youre doing, never change brotha",neither,0.07067086024565104,0.43524147879036984,0.494087660963979
"hey guys, check if u have a twitch prime sub. i just checked and used mine",neither,0.028123406836874597,0.3522556166724801,0.6196209764906453
!suncount,neither,0.03945320844208391,0.33037608806864915,0.630170703489267
Only one in our solar system ☀️,neither,0.03879818021612235,0.3544624993471868,0.6067393204366908
oof,neither,0.03945320844208391,0.33037608806864915,0.630170703489267
ninja its my birthday,neither,0.02470345743697296,0.4127129278025053,0.5625836147605218
you get a badge for 20 points but i dont know what happens after that,neither,0.05617203760784636,0.36417771407097943,0.5796502483211743
how is the pin shown?,neither,0.045465049738232836,0.31451907663761597,0.6400158736241511
ninjaPon ninjaPon ninjaPon ninjaPon ninjaHype ninjaHi ninjaPon ninjaCry ninjaHi ninjaTooth ninjaCry ninjaCry ninjaBlast3 ninjaBlast1 ninjaBits ninjaBits ninjaFail ninjaDisco ninjaSplat ninjaH ninjaDisco ninjaBlood ninjaBomb ninjaBlood ninja10 ninjaBits ninjaCart ninjaBits ninjaS ninjaK ninjaShrug ninjaK ninjaS ninjaS ninjaHi ninjaCash ninjaHi ninjaCry,neither,0.03945320844208391,0.33037608806864915,0.630170703489267
ninjaPon,neither,0.03945320844208391,0.33037608806864915,0.630170703489267
ninjaBlast1 ninjaBlast2 ninjaBlast3 ninjaFail ninjaBlood,neither,0.03945320844208391,0.33037608806864915,0.630170703489267
Is the pin a physical pin or in game,neither,0.042800647082783666,0.2983361104226063,0.65886324249461
Hey @tmahcgr3706 ninjaWifey,neither,0.03945320844208391,0.33037608806864915,0.630170703489267
!iptime,neither,0.03945320844208391,0.33037608806864915,0.630170703489267
Won’t let me get in a game!?!,neither,0.018655454975947675,0.3677911565581571,0.6135533884658951
HEY NINJA!! It’s NINJA DUDE!!!!,neither,0.038596964531912296,0.3306705896129376,0.6307324458551502
wont even let me start a game,neither,0.021166961176556285,0.3671834515689536,0.61164958725449
!hi,neither,0.03945320844208391,0.33037608806864915,0.630170703489267
!1g,neither,0.03945320844208391,0.33037608806864915,0.630170703489267
lel,neither,0.03945320844208391,0.33037608806864915,0.630170703489267
"September 24th, 2016. The day the legend himself, summit1g sprayed his 1g all over ninja and hosted him.",neither,0.04863942441360554,0.3224431405425691,0.6289174350438254
Is the tourney within like private or public,neither,0.05380201201327216,0.3267092826587301,0.6194887053279977
ninjaHi ninjaHi ninjaHi,neither,0.03945320844208391,0.33037608806864915,0.630170703489267
!30bomb,neither,0.03945320844208391,0.33037608806864915,0.630170703489267
love your videos and your streams,neither,0.09084984406272227,0.29317473604364863,0.6159754198936293
https://www.youtube.com/watch?v=OmKtpcICVhQ,neither,0.04349866177839444,0.3289846711595917,0.6275166670620138
BIGGER DOINKS,neither,0.03945320844208391,0.33037608806864915,0.630170703489267
ninjaBlood ninjaBlood ninjaBlood,neither,0.03945320844208391,0.33037608806864915,0.630170703489267
hey from Portugal,neither,0.04047379472432346,0.3130540753410925,0.646472129934584
!subcount,neither,0.03945320844208391,0.33037608806864915,0.630170703489267
lupoLOVE lupoLOVE lupoLOVE @newhoodie,neither,0.03945320844208391,0.33037608806864915,0.630170703489267
smokin dig doinks in amishhhh,neither,0.03945320844208391,0.33037608806864915,0.630170703489267
"Guarantee your PC gaming performance with BLD by NZXT. The simplest way to get a customized gaming PC. Chose the games you want to play, set a budget, and BLD takes care of the rest. Built and shipped within 48 hours with a 2-year warranty. https://nzxt.co/2k9lWJK ninja10 ninja10",neither,0.046159296404555336,0.335031206975871,0.6188094966195736
Currently there are 76068 Ninjas subscribed to the channel,neither,0.06825369773618913,0.2416573771314687,0.6900889251323421
TOO MANY PLAYERS,neither,0.03916643562645964,0.3352433711672034,0.625590193206337
!uptime,neither,0.03945320844208391,0.33037608806864915,0.630170703489267
!uptime,neither,0.03945320844208391,0.33037608806864915,0.630170703489267
do you only see the pin looking in the event stab?,neither,0.04848429524686861,0.3351188288278583,0.6163968759252731
Ninja has been streaming for 8 minutes 1 second,neither,0.03563779869258175,0.3102343951824044,0.6541278061250139
ninjaShrug,neither,0.03945320844208391,0.33037608806864915,0.630170703489267
Yo,offensive_language,0.04010381111145228,0.5271105317972344,0.4327856570913131
!uptime,neither,0.03945320844208391,0.33037608806864915,0.630170703489267
!give,neither,0.03945320844208391,0.33037608806864915,0.630170703489267
Hey,neither,0.03945320844208391,0.33037608806864915,0.630170703489267
ninjaPon Ninja take dutchphantom1's energy ninjaPon,neither,0.03945320844208391,0.33037608806864915,0.630170703489267
why so few viewers no days,neither,0.030073156689033324,0.38910651347523945,0.5808203298357273
!song,neither,0.038601720699969956,0.3448280572582511,0.616570222041779
what do the pins do,neither,0.046043030828564785,0.3122665132410176,0.6416904559304176
https://www.shazam.com/,neither,0.03945320844208391,0.33037608806864915,0.630170703489267
who's your duo partner? @Ninja,neither,0.06122107732140729,0.3707462126226,0.5680327100559928
ninjaThrow ninjaStars,neither,0.03945320844208391,0.33037608806864915,0.630170703489267
Whats up man?,neither,0.03661499947049185,0.47475261117528955,0.4886323893542186
ninjaPon ninjaPon,neither,0.03945320844208391,0.33037608806864915,0.630170703489267
@daxmiller_ huge doinks,neither,0.03945320844208391,0.33037608806864915,0.630170703489267
It’s not letting anyone que in yet,neither,0.0374431656364197,0.3343919758254012,0.628164858538179
daequan?,neither,0.03945320844208391,0.33037608806864915,0.630170703489267
Lets goooo,neither,0.03868305123800957,0.34344766577192837,0.6178692829900622
stay safe and positive man,neither,0.03873962171316886,0.3464598210246595,0.6148005572621718
you like Ronaldo ?,neither,0.08052265555022094,0.41250312883392865,0.5069742156158505
Ugh I hate being sick ninjaFail ninjaCry,neither,0.22685409736345766,0.25198841792309506,0.5211574847134472
Hey ninja,neither,0.03945320844208391,0.33037608806864915,0.630170703489267
last night it didnt even count my first 5 games.... @Ninja,neither,0.0242174097544793,0.3932526328723599,0.5825299573731607
ninjaThrow ninjaStars ninjaShrug,neither,0.03945320844208391,0.33037608806864915,0.630170703489267
Hi,neither,0.03945320844208391,0.33037608806864915,0.630170703489267
what you think about the chicago bears n mack,neither,0.052883962355364085,0.357896451445207,0.5892195861994289
DINKLEBERGGGGG,neither,0.03945320844208391,0.33037608806864915,0.630170703489267
Show save the world,neither,0.05499738145203144,0.2330316370429377,0.7119709815050308
does anyone want to play duos,neither,0.03088601608689177,0.4498302119336899,0.5192837719794183
NICK EH 30 HAS MORE STREAMERS THAN YOU,neither,0.053296283781150144,0.3581386083674177,0.588565107851432
Hi ! and Good Luck :),neither,0.03804508625456634,0.2912394156012685,0.6707154981441653
Let’s get it Ninj,neither,0.01620600571974137,0.39767167536199827,0.5861223189182604
fuck you ninja,offensive_language,0.217719927112811,0.7821337729768568,0.00014629991033216768
Let's goooooo!!!!!!!!!,neither,0.01259774405356427,0.402817721707079,0.5845845342393566
sub2tim,neither,0.03945320844208391,0.33037608806864915,0.630170703489267
hey ninja big lions game this wknd,neither,0.027813821586941043,0.3456740271293383,0.6265121512837207
!subcount,neither,0.03945320844208391,0.33037608806864915,0.630170703489267
ninjaBlast1 ninjaBlast2 ninjaBlast3 ninjaHype ninjaHype,neither,0.03945320844208391,0.33037608806864915,0.630170703489267
Can someone whisper me what the pins are,neither,0.05443835969977657,0.3081024867108851,0.6374591535893384
Lets goooooo,neither,0.0381375099945381,0.3527069244228318,0.6091555655826302
Ninja are you struggling with keeping up with the skill gap in Fortnite? daeSad,neither,0.04356707366593263,0.3900964321992956,0.5663364941347717
@ninja how you doing today brother?,neither,0.0509699864751085,0.34605323022951917,0.6029767832953724
@Jetplane03 yesterday he had 200k,neither,0.044121910400186974,0.3287703073791162,0.6271077822206969
Thanks for being my favorite streamer,neither,0.019772793994094623,0.3901533167615904,0.590073889244315
yooo,neither,0.03945320844208391,0.33037608806864915,0.630170703489267
ninjaHype ninjaHype ninjaHype,neither,0.03945320844208391,0.33037608806864915,0.630170703489267
!beta,neither,0.03945320844208391,0.33037608806864915,0.630170703489267
Blackout beta is free starting today get the Battle.net launcher here ( https://goo.gl/iqFmTb ) and download the game.,neither,0.057864065952126925,0.2645128925709905,0.6776230414768827
you can do this my guy. dont stress,neither,0.04220635944734058,0.4563895917324047,0.5014040488202546
Can’t wait to see what the island does,neither,0.035373801136977856,0.4156102401878477,0.5490159586751744
Hey Ninja! It's my first time subscribing. Are you having issues getting into Alpha?,neither,0.044346637397070815,0.43229786058851205,0.5233555020144173
Evening @Ninja hows your day been?,neither,0.059927244794089674,0.3183669455595244,0.6217058096463859
ninjaThrow ninjaStars ninjaRekt,neither,0.03945320844208391,0.33037608806864915,0.630170703489267
ninjaThrow ninjaStars ninjaAim ninjaSplode,neither,0.03945320844208391,0.33037608806864915,0.630170703489267
Watch Ninja's H1Z1 38 kill Record game here! --> https://goo.gl/q4SMIk,neither,0.2898400476097997,0.18749480765177598,0.5226651447384243
Can anyone participate?,neither,0.039883395350642996,0.3230746935320335,0.6370419111173236
just letting you know that there is a llama behind you,neither,0.06365136512713471,0.4080093340484013,0.528339300824464
Tacos or burgers @ninja,neither,0.03945320844208391,0.33037608806864915,0.630170703489267
thanks i had no idea,neither,0.03655934765111791,0.3265041643617726,0.6369364879871096
ninjaPon ninjaBlast1 ninjaBlast2 ninjaBlast3 ninjaBlast3 ninjaBlast3 ninjaBlast3 ninjaHS ninjaSplode,neither,0.03945320844208391,0.33037608806864915,0.630170703489267
ninjaPon,neither,0.03945320844208391,0.33037608806864915,0.630170703489267
you're in huh? ninjaCreep ninjaCreep ninjaCreep ninjaCreep ninjaCreep,neither,0.10382645592016562,0.350506447819594,0.5456670962602405
@ninja can u say hi to my boy Giovanni,neither,0.034923198628039887,0.39273470676568534,0.5723420946062748
love ya ninja,offensive_language,0.023360931082522574,0.5936026413004022,0.3830364276170751
ninjaHype ninjaHype ninjaHype ninjaHype ninjaHype ninjaHype ninjaHype ninjaHype ninjaHype ninjaHype ninjaHype ninjaHype ninjaHype ninjaHype ninjaHype ninjaHype ninjaHype ninjaHype ninjaHype ninjaHype ninjaHype ninjaHype ninjaHype,neither,0.03945320844208391,0.33037608806864915,0.630170703489267
Let’s go get these points,neither,0.031368215068112985,0.46575089303051886,0.5028808919013682
daequan?,neither,0.03945320844208391,0.33037608806864915,0.630170703489267
!Uptime,neither,0.03945320844208391,0.33037608806864915,0.630170703489267
Ninja has been streaming for 8 minutes 43 seconds,neither,0.0360345779618468,0.3123317160148309,0.6516337060233222
🍆,neither,0.03945320844208391,0.33037608806864915,0.630170703489267
Mods can we get a ban on. @oyosrock being toxic,neither,0.03219955076287643,0.3750690416863778,0.5927314075507458
This happened to me yesterday and it didn’t record two wins with 5 kills @ninja,neither,0.025617151905027138,0.3641754758993812,0.6102073721955915
omegalul,neither,0.03945320844208391,0.33037608806864915,0.630170703489267
ninjaPon ninjaPon ninjaPon ninjaPon ninjaPon,neither,0.03945320844208391,0.33037608806864915,0.630170703489267
!uptime,neither,0.03945320844208391,0.33037608806864915,0.630170703489267
DINKLEBERGGGGG,neither,0.03945320844208391,0.33037608806864915,0.630170703489267
!uptime,neither,0.03945320844208391,0.33037608806864915,0.630170703489267
lesssssss gettt ittt!!!,neither,0.03945320844208391,0.33037608806864915,0.630170703489267
iayeeee i got in que,neither,0.037973724774045495,0.3836385660514404,0.5783877091745141
Thoughts on battle bus going 25% faster @ninja ?,neither,0.036959905591254456,0.35350979657902937,0.6095302978297162
20 bomb right off the start you feeling it? @Ninja,neither,0.04718728880149273,0.3608290217699677,0.5919836894285395
hey,neither,0.03945320844208391,0.33037608806864915,0.630170703489267
,neither,0.03945320844208391,0.33037608806864915,0.630170703489267
It did this yesterday,neither,0.03769191232637133,0.33281601981616504,0.6294920678574637
Hey hey hey,neither,0.03945320844208391,0.33037608806864915,0.630170703489267
ninja10 ninja10 ninja10 ninja10 ninja10 ninja10 ninja10 ninja10 ninja10 ninja10 ninja10 ninja10 ninja10 ninja10 ninja10 ninja10 ninja10 ninja10 ninja10 ninja10 ninja10,neither,0.03945320844208391,0.33037608806864915,0.630170703489267
cmonBruh cmonBruh cmonBruh cmonBruh cmonBruh cmonBruh cmonBruh cmonBruh,neither,0.03945320844208391,0.33037608806864915,0.630170703489267
pom pon,neither,0.03945320844208391,0.33037608806864915,0.630170703489267
I just wanna say your my role model and inspiration Ninja ninjaK ninjaPon ninjaPon,neither,0.04354611449664573,0.36469011429094866,0.5917637712124056
Hey buddy,neither,0.03945320844208391,0.33037608806864915,0.630170703489267
ninjaBlast1 ninjaBlast2 ninjaBlast3 ninjaLlama,neither,0.03945320844208391,0.33037608806864915,0.630170703489267
what you think about the chicago bears n mack,neither,0.052883962355364085,0.357896451445207,0.5892195861994289
Just got in,neither,0.02923617823851328,0.4553211793842179,0.5154426423772688
ninjaPon ninjaPon ninjaPon ninjaCreep ninjaCreep ninjaCreep ninjaClap ninjaClap ninjaClap ninjaClap ninjaClap,neither,0.03945320844208391,0.33037608806864915,0.630170703489267
nvm it got me... off,neither,0.0296993115796269,0.4173138950124816,0.5529867934078915
still trying to figure out what a badge gets you,neither,0.05638660627782462,0.37901252977393235,0.564600863948243
hey ninja,neither,0.03945320844208391,0.33037608806864915,0.630170703489267
HUGE LIONS GAME THIS WKND,neither,0.03878636528301672,0.2960119094088777,0.6652017253081056
cheer1000,neither,0.03945320844208391,0.33037608806864915,0.630170703489267
