text,top_class,hate_speech,offensive_language,neither
Dad,neither,0.03945320844208391,0.33037608806864915,0.630170703489267
ninjaFan ninjaFan,neither,0.03945320844208391,0.33037608806864915,0.630170703489267
morning!,neither,0.05283876784042269,0.1031882115525248,0.8439730206070525
yo,offensive_language,0.04010381111145228,0.5271105317972344,0.4327856570913131
1st,neither,0.03945320844208391,0.33037608806864915,0.630170703489267
Hi,neither,0.03945320844208391,0.33037608806864915,0.630170703489267
Oh,neither,0.051363287716059566,0.22255663153133606,0.7260800807526044
Nah u wasn’t first,neither,0.031552953802074166,0.3330933479102851,0.6353536982876407
"The pitter patter of tiny taps, ninjaHi Ninja, folks",neither,0.03873925334484661,0.317381770803961,0.6438789758511925
Love this song,neither,0.034725997547388365,0.3621436434349178,0.6031303590176939
!,neither,0.03945320844208391,0.33037608806864915,0.630170703489267
Sup,neither,0.03945320844208391,0.33037608806864915,0.630170703489267
sup boys,neither,0.03945320844208391,0.33037608806864915,0.630170703489267
Make sure you tweet ninja,offensive_language,0.04735382824121368,0.4949357539884104,0.457710417770376
yooooo,neither,0.03945320844208391,0.33037608806864915,0.630170703489267
Yup,neither,0.03945320844208391,0.33037608806864915,0.630170703489267
Ninja yoook,neither,0.03945320844208391,0.33037608806864915,0.630170703489267
Hi,neither,0.03945320844208391,0.33037608806864915,0.630170703489267
Ninjaaaaaa,neither,0.03945320844208391,0.33037608806864915,0.630170703489267
Hello,neither,0.03945320844208391,0.33037608806864915,0.630170703489267
hi,neither,0.03945320844208391,0.33037608806864915,0.630170703489267
been a while since i was here for the start of the stream ninjaHi,neither,0.06046916083008971,0.2729955384635335,0.6665353007063768
Yo just got a new friend,neither,0.03737809379605329,0.3836319188939037,0.5789899873100429
I just had a feeling he was on so I checked,neither,0.037402051385373974,0.3926118498226523,0.5699860987919738
"Man I just woke up, timing",neither,0.03375140227356551,0.446188036947485,0.5200605607789496
Tweet it,neither,0.03697290141741685,0.33122917939040525,0.631797919192178
"last night was rough, let’s get a first game pon pon !",neither,0.02021644051077642,0.3309600500726863,0.6488235094165372
hi guys,neither,0.03930687933907141,0.3328596748352989,0.6278334458256297
Kill it today!,hate_speech,0.5751766371893193,0.10293655919541907,0.32188680361526156
5308,neither,0.03945320844208391,0.33037608806864915,0.630170703489267
ninjaPonPon,neither,0.03945320844208391,0.33037608806864915,0.630170703489267
Hi Tyler ninjaH,neither,0.03945320844208391,0.33037608806864915,0.630170703489267
Good morning ninja,neither,0.0468013847741319,0.19273113716557552,0.7604674780602926
Where he at?,neither,0.05032863592723018,0.3151036528926524,0.6345677111801176
ninjaCreep ninjaCreep ninjaCreep ninjaCreep,neither,0.03945320844208391,0.33037608806864915,0.630170703489267
Starting soon,neither,0.03945320844208391,0.33037608806864915,0.630170703489267
4350,neither,0.03945320844208391,0.33037608806864915,0.630170703489267
ninjaPon,neither,0.03945320844208391,0.33037608806864915,0.630170703489267
ninjaPon,neither,0.03945320844208391,0.33037608806864915,0.630170703489267
Hi Tyler,neither,0.03945320844208391,0.33037608806864915,0.630170703489267
Morning @ninja!,neither,0.048203553387938615,0.18185989775694275,0.7699365488551186
Dad,neither,0.03945320844208391,0.33037608806864915,0.630170703489267
ninjaCreep ninjaCreep ninjaCreep ninjaCreep ninjaCreep,neither,0.03945320844208391,0.33037608806864915,0.630170703489267
Good morning Chat!,neither,0.04710811743625922,0.18682059753836155,0.7660712850253792
Yoooo,neither,0.03945320844208391,0.33037608806864915,0.630170703489267
Morning boys! ninjaPon,neither,0.04971163218935306,0.156263864724894,0.7940245030857529
GOOD MORNIN CHAT :),neither,0.038857560310103276,0.3305809587750413,0.6305614809148555
When is he starting?,neither,0.042045670257334834,0.38231148540933696,0.5756428443333281
Good morning @ninja,neither,0.0468013847741319,0.19273113716557552,0.7604674780602926
This is going to be his 700th video,neither,0.1072778881397294,0.2570850355706235,0.635637076289647
hi,neither,0.03945320844208391,0.33037608806864915,0.630170703489267
PartyPopper PokLucario PokCroagunk PokCroagunk PartyPopper PartyPopper PartyPopper BagOfMemes PokGengar MindManners KappaHD TwitchCop PokBraixen FortHype FortOne FortOne PokScizor ninjaCreep ninjaCreep ninjaCRINJA ninjaCRINJA ninjaClap ninjaPopcorn ninjaLlama ninja10 ninjaShrug ninjaS ninjaS ninjaS ninjaHi ninjaShrug ninjaThirst,neither,0.03945320844208391,0.33037608806864915,0.630170703489267
ninjaPopcorn ninjaPopcorn ninjaPopcorn ninjaPopcorn,neither,0.03945320844208391,0.33037608806864915,0.630170703489267
does anyone want any toes??? OOGA BOOGA,neither,0.027930878490666375,0.436242690504203,0.5358264310051306
ninjaPon ninjaPon ninjaPon ninjaPon ninjaPon ninjaPon ninjaPon ninjaPon ninjaPon ninjaPon ninjaPon ninjaPon ninjaPon ninjaPon ninjaPon ninjaPon ninjaPon,neither,0.03945320844208391,0.33037608806864915,0.630170703489267
ninjaPon,neither,0.03945320844208391,0.33037608806864915,0.630170703489267
ninjaThirst ninjaThirst ninjaS ninjaPopcorn ninjaPopcorn,neither,0.03945320844208391,0.33037608806864915,0.630170703489267
Good morning everybody ninjaHi,neither,0.048014185178915994,0.16923097501459936,0.7827548398064846
POG CHAMP,neither,0.03945320844208391,0.33037608806864915,0.630170703489267
ninjaIQ ninjaBlast1 ninjaThrow ninjaBull ninjaBlood ninjaHS,neither,0.03945320844208391,0.33037608806864915,0.630170703489267
yeet,neither,0.03945320844208391,0.33037608806864915,0.630170703489267
ninjaThirst ninjaThirst,neither,0.03945320844208391,0.33037608806864915,0.630170703489267
@cfarbs12 bastHug,neither,0.03945320844208391,0.33037608806864915,0.630170703489267
Good morning @ninja!,neither,0.0468013847741319,0.19273113716557552,0.7604674780602926
ninjaThirst ninjaHi ninjaS ninjaPopcorn ninjaPopcorn,neither,0.03945320844208391,0.33037608806864915,0.630170703489267
Lata,neither,0.03945320844208391,0.33037608806864915,0.630170703489267
ninjaThrow ninjaStars TriHard ninjaBlood SLICE EM,neither,0.03945320844208391,0.33037608806864915,0.630170703489267
"""Lata B****"" - Ninja2015",neither,0.03945320844208391,0.33037608806864915,0.630170703489267
ninjaThrow ninjaStars TriHard ninjaBlood SLICE EM ninjaThrow ninjaStars TriHard ninjaBlood SLICE EM,neither,0.03945320844208391,0.33037608806864915,0.630170703489267
ninjaTooth ninjaTooth ninjaTooth ninjaTooth ninjaTooth,neither,0.03945320844208391,0.33037608806864915,0.630170703489267
One day I will be like you !!,neither,0.08962241032353659,0.42042132878573046,0.48995626089073296
ninjaTooth ninjaTooth ninjaTooth ninjaTooth,neither,0.03945320844208391,0.33037608806864915,0.630170703489267
ninjaThrow ninjaStars TriHard ninjaBlood SLICE EM,neither,0.03945320844208391,0.33037608806864915,0.630170703489267
ninjaThirst ninjaWifey ninjaS ninjaPopcorn,neither,0.03945320844208391,0.33037608806864915,0.630170703489267
ninjaHi ninjaHi ninjaHi ninjaHi,neither,0.03945320844208391,0.33037608806864915,0.630170703489267
teb,neither,0.03945320844208391,0.33037608806864915,0.630170703489267
ninjaAdore ninjaCreep ninjaCRINJA ninjaCRINJA ninjaWifey ninjaPopcorn ninjaAww ninjaAmazing ninjaWifey ninjaThirst ninjaS ninjaHi ninjaPopcorn ninjaLlama ninjaFood ninjaHi ninjaPopcorn ninjaThirst ninjaThirst ninjaIQ,neither,0.03945320844208391,0.33037608806864915,0.630170703489267
I haven’t gotten my Pon Pon Hoodie and it’s been 5 days.😐,neither,0.030130899263143728,0.3641364942349035,0.6057326065019526
ninjaS,neither,0.03945320844208391,0.33037608806864915,0.630170703489267
@ninja this stream gets me through the slow days of being a LD.,neither,0.03193730989925467,0.3607142155435767,0.6073484745571686
700th videos,neither,0.03945320844208391,0.33037608806864915,0.630170703489267
help,neither,0.03945320844208391,0.33037608806864915,0.630170703489267
ninjaPon,neither,0.03945320844208391,0.33037608806864915,0.630170703489267
ninjaPon,neither,0.03945320844208391,0.33037608806864915,0.630170703489267
ninjaThirst ninjaWifey ninjaS ninjaPopcorn ninjaIQ,neither,0.03945320844208391,0.33037608806864915,0.630170703489267
ninjaClap ninjaClap ninjaClap ninjaClap ninjaClap ninjaClap ninjaClap ninjaClap ninjaClap,neither,0.03945320844208391,0.33037608806864915,0.630170703489267
"Guarantee your PC gaming performance with BLD by NZXT. The simplest way to get a customized gaming PC. Chose the games you want to play, set a budget, and BLD takes care of the rest. Built and shipped within 48 hours with a 2-year warranty. https://nzxt.co/2k9lWJK ninja10 ninja10",neither,0.046159296404555336,0.335031206975871,0.6188094966195736
im dieing because Ninja wont start,neither,0.038873082966232306,0.3524222126168813,0.6087047044168865
@Ninja DrLupo was discussing briefly with his chat this morning about his face being on the mural in your new stream room. He has some interesting ideas.,neither,0.06506683268974209,0.2789362444522038,0.6559969228580541
ninjaPon,neither,0.03945320844208391,0.33037608806864915,0.630170703489267
ninjaBull ninjaBull ninjaBull ninjaBull,neither,0.03945320844208391,0.33037608806864915,0.630170703489267
bastHug ninjaa,neither,0.03945320844208391,0.33037608806864915,0.630170703489267
ninjaStars ninjaStar,neither,0.03945320844208391,0.33037608806864915,0.630170703489267
ninjaIQ ninjaIQ ninjaIQ ninjaIQ ninjaIQ ninjaK ninjaLlama ninjaLlama ninja10 ninjaBits ninjaBits,neither,0.03945320844208391,0.33037608806864915,0.630170703489267
!time,neither,0.036668274527354654,0.377643684699956,0.5856880407726893
"October 23rd 2018, 9:48:36 am CDT GMT-05:00",neither,0.03934259380708108,0.33041413351392734,0.6302432726789915
Katanas on wall or unsub,neither,0.03599596462208348,0.34708118935001214,0.6169228460279045
commere boiii,neither,0.03945320844208391,0.33037608806864915,0.630170703489267
Been at the top for so long,neither,0.03186859898786717,0.35239429425843166,0.6157371067537012
what song is this,neither,0.05996683045653229,0.33256274023851656,0.6074704293049512
@Ninja love that youve been playing mono for 2 days its amazing,neither,0.030090298910898837,0.3463098742522422,0.623599826836859
ninjaBlast2 ninjaBlast2 ninjaBlast2 ninjaBlast2 ninjaBlast2 ninjaBlast2 ninjaBlast2 ninjaBlast2 ninjaBlast2 ninjaBlast2,neither,0.03945320844208391,0.33037608806864915,0.630170703489267
ninjaCreep ninjaCreep ninjaCreep ninjaCreep ninjaCreep ninjaCreep ninjaCreep ninjaCreep,neither,0.03945320844208391,0.33037608806864915,0.630170703489267
Let’s go!!!! ninjaPon ninjaPon ninjaPon ninjaPon ninjaPon ninjaPon ninjaPon ninjaPon,neither,0.01806316484133749,0.39391011985298136,0.5880267153056813
ninjaHyper ninjaHyperr,neither,0.03945320844208391,0.33037608806864915,0.630170703489267
ninjaPopcorn ninjaPopcorn,neither,0.03945320844208391,0.33037608806864915,0.630170703489267
bananana,neither,0.03945320844208391,0.33037608806864915,0.630170703489267
Whos taking the NFC East?,neither,0.038801063609635825,0.3185260747927108,0.6426728615976534
monophobia- deadmau5,neither,0.03945320844208391,0.33037608806864915,0.630170703489267
Cowboys,neither,0.03945320844208391,0.33037608806864915,0.630170703489267
,neither,0.03945320844208391,0.33037608806864915,0.630170703489267
Sick,neither,0.03945320844208391,0.33037608806864915,0.630170703489267
Ayeeeee,neither,0.03945320844208391,0.33037608806864915,0.630170703489267
ninjaHi ninjaHi ninjaHi ninjaHi,neither,0.03945320844208391,0.33037608806864915,0.630170703489267
ninjaPon ninjaPon ninjaPon ninjaPon ninjaPon ninjaPon ninjaPon ninjaPon,neither,0.03945320844208391,0.33037608806864915,0.630170703489267
@ninja panic room is also a good song,neither,0.04399270170634135,0.33370660551588016,0.6223006927777784
ninjaPon,neither,0.03945320844208391,0.33037608806864915,0.630170703489267
#godsquads this morning?,neither,0.05166594476609409,0.12309407994820021,0.8252399752857057
@aidangillen04 redskins all day :P,neither,0.039772343447372044,0.13054997194150186,0.8296776846111261
Hey,neither,0.03945320844208391,0.33037608806864915,0.630170703489267
TheTarFu,neither,0.03945320844208391,0.33037608806864915,0.630170703489267
ninjaAdore ninjaAdore ninjaAdore ninjaAdore ninjaAdore,neither,0.03945320844208391,0.33037608806864915,0.630170703489267
ninjaK ninjaK ninjaK ninjaK ninjaWifey ninjaWifey ninjaWifey ninjaWifey ninjaWifey,neither,0.03945320844208391,0.33037608806864915,0.630170703489267
ninjaBlast1 ninjaBlast2 ninjaBlast3 ninjaBlast3 ninjaBlast3 ninjaBlast3 ninjaSplode ninjaHype ninjaHype ninjaHype ninjaHype ninjaHype,neither,0.03945320844208391,0.33037608806864915,0.630170703489267
Good morning ninja!,neither,0.0468013847741319,0.19273113716557552,0.7604674780602926
when u gonna start,neither,0.026130804565910815,0.45426946951207176,0.5195997259220175
song of the year,neither,0.03783558621101071,0.3196870450005384,0.642477368788451
ninjaHyper ninjaHype ninjaThrow ninjaStars ninjaStars PJSalt,neither,0.03945320844208391,0.33037608806864915,0.630170703489267
Hey ninja you’re a stud keep up the grind man.,neither,0.06008630809681265,0.4063189106868174,0.53359478121637
Hi ninja ninjaHi,neither,0.03945320844208391,0.33037608806864915,0.630170703489267
hey chat,neither,0.03945320844208391,0.33037608806864915,0.630170703489267
panic room is also insane,neither,0.045453449645454565,0.3283123299741343,0.6262342203804111
Why are there ads when we sub,neither,0.03767575637628764,0.3149505830826497,0.6473736605410628
whaddup xd,neither,0.03945320844208391,0.33037608806864915,0.630170703489267
ninjaHi,neither,0.03945320844208391,0.33037608806864915,0.630170703489267
!uptime,neither,0.03945320844208391,0.33037608806864915,0.630170703489267
Ninja has been streaming for 6 minutes 40 seconds,neither,0.03592730019633401,0.31176468543582164,0.6523080143678444
ninjaShrug ninjaHyper ninjaHyper ninjaHyper ninjaHyper ninjaHyper ninjaHyper ninjaHyper ninjaHyperr,neither,0.03945320844208391,0.33037608806864915,0.630170703489267
NinjaSing,neither,0.03945320844208391,0.33037608806864915,0.630170703489267
ninjaBlast1 ninjaBlast2 ninjaBlast3 ninjaBlast3 ninjaBlast3 ninjaBlast3 ninjaLlama,neither,0.03945320844208391,0.33037608806864915,0.630170703489267
hi chats hows everyone ?,neither,0.03512522219077344,0.40383330989743826,0.5610414679117882
whats up ninja,neither,0.03696264145288427,0.3805754415266652,0.5824619170204506
,neither,0.03945320844208391,0.33037608806864915,0.630170703489267
met deadmau on a few separate occasions hes a pos. 1 time I knew a guy who had organized a festival at IU a fuckin tornado came thru n the event got cancelled n deadmau sued this guy who was just getting started never liked him since,offensive_language,0.04755844995392028,0.6627703128481414,0.2896712371979383
exellent,neither,0.03945320844208391,0.33037608806864915,0.630170703489267
Morning chat,neither,0.048641030132881694,0.17443477567193386,0.7769241941951844
ninjaHi,neither,0.03945320844208391,0.33037608806864915,0.630170703489267
Daddy,neither,0.03945320844208391,0.33037608806864915,0.630170703489267
I'm on time for once! Really enjoy your streams @Ninja keep it up! cheer500,neither,0.045713293958463797,0.35643273667613035,0.5978539693654058
rooPat,neither,0.03945320844208391,0.33037608806864915,0.630170703489267
ninjaCry ninjaHyper ninjaHyper ninjaHyper ninjaHyperr,neither,0.03945320844208391,0.33037608806864915,0.630170703489267
hello me amigos,neither,0.029697923794912477,0.3845125379482525,0.5857895382568351
700 videos,neither,0.03945320844208391,0.33037608806864915,0.630170703489267
Wassup Ninja,neither,0.1934202855041632,0.1568865290150259,0.6496931854808108
COD BO4 :),neither,0.03945320844208391,0.33037608806864915,0.630170703489267
morning@N,neither,0.05283876784042269,0.1031882115525248,0.8439730206070525
"morning everybody, welcome to the stream!!!! lets goooooo",neither,0.04916226037707796,0.22737783467347686,0.7234599049494452
ninjaGold ninjaGold ninjaGold,neither,0.03945320844208391,0.33037608806864915,0.630170703489267
why did ninja decided to go family friendly? he was way more funny when he raged and cursed,neither,0.03697006748593618,0.3448916590351193,0.6181382734789445
ninja10 ninja10 ninja10 ninja10 ninja10 ninja10 ninja10 ninja10 ninja10 ninja10 ninja10 ninja10 ninja10 ninja10 ninja10 ninja10 ninja10 ninja10 ninja10 ninja10 ninja10 ninja10 ninja10 ninja10 ninja10 ninja10 ninja10 ninja10 ninja10 ninja10 ninja10 ninja10 ninja10,neither,0.03945320844208391,0.33037608806864915,0.630170703489267
@Ninja Blah Blah Blah Armin van buuren is a good one too and i hate armin,neither,0.09146262847920437,0.28523359745237226,0.6233037740684234
morning @Ninja hope u r doing well today,neither,0.07240980027383784,0.13815184102742614,0.789438358698736
100 thieves,neither,0.03945320844208391,0.33037608806864915,0.630170703489267
Good Morning,neither,0.04970930963283925,0.13564577574880146,0.8146449146183593
New phone who dis,neither,0.044692334302282304,0.29816078087296544,0.6571468848247524
"hello father, how are u?? ninjaHi ninjaHi",neither,0.0646471285176223,0.2864489002120027,0.6489039712703749
the music is to loud man,neither,0.054926284216611915,0.36723374611157866,0.5778399696718095
ninjaCreep ninjaCreep ninjaCreep ninjaCreep ninjaCreep ninjaCreep ninjaCreep ninjaCreep ninjaCreep ninjaCreep ninjaCreep ninjaCreep ninjaCreep ninjaCreep ninjaCreep ninjaCreep,neither,0.03945320844208391,0.33037608806864915,0.630170703489267
ninjaBlast1 ninjaBlast2 ninjaBlast3 ninjaBlast3 ninjaBlast3 ninjaBlast3 ninjaBlast3 ninjaBlast3 ninjaBlast3,neither,0.03945320844208391,0.33037608806864915,0.630170703489267
hi im french,neither,0.03856807704554266,0.3639671209110023,0.597464802043455
turn music down,neither,0.03945320844208391,0.33037608806864915,0.630170703489267
Hi ninjaHi,neither,0.03945320844208391,0.33037608806864915,0.630170703489267
ninjaHi ninjaHi ninjaHi ninjaHi ',neither,0.03945320844208391,0.33037608806864915,0.630170703489267
ninjaPopcorn,neither,0.03945320844208391,0.33037608806864915,0.630170703489267
ninjaGold ninjaGold ninjaGold ninjaGold ninjaFan ninjaFan ninjaFan ninjaFan ninjaFan ninjaH ninja10 ninja10 ninja10 ninjaIQ ninjaIQ ninjaIQ ninjaHi ninjaHi ninjaHi ninjaHype ninjaHype ninjaHype ninjaHype ninjaBlast1 ninjaBlast2 ninjaBlast3 ninjaBlast3 ninjaBlast3 ninjaBlast3 ninjaSplode TheIlluminati ninjaSplode ninjaHype ninjaHype ninjaHype ninjaHype,neither,0.03945320844208391,0.33037608806864915,0.630170703489267
ninjaHi ninjaHi ninjaHi,neither,0.03945320844208391,0.33037608806864915,0.630170703489267
turn music up,neither,0.03621248757242004,0.3969692397391615,0.5668182726884186
ninjaBlast1 ninjaBlast2 ninjaBlast3 ninjaBlast3,neither,0.03945320844208391,0.33037608806864915,0.630170703489267
does ur neck feel better?,neither,0.042977049159906765,0.43821803993184755,0.5188049109082455
yeaaaaa,neither,0.03945320844208391,0.33037608806864915,0.630170703489267
omg NINJA,neither,0.03945320844208391,0.33037608806864915,0.630170703489267
ninjaPrime ninjaPrime ninjaPrime ninjaPrime ninjaPrime ninjaPrime,neither,0.03945320844208391,0.33037608806864915,0.630170703489267
Did you hear about nadeshot and drake?,neither,0.05224690851686001,0.3575697755363516,0.5901833159467884
Thoughts on Drake investing in 100 thieves ? @ninja,neither,0.037371996519009354,0.3403013098224351,0.6223266936585556
hey my man,offensive_language,0.025018600404106427,0.5381135151555317,0.4368678844403619
Hello,neither,0.03945320844208391,0.33037608806864915,0.630170703489267
Ninja can u please say YEET,neither,0.03966522221729467,0.3267776609914605,0.6335571167912448
Hi,neither,0.03945320844208391,0.33037608806864915,0.630170703489267
boooo,neither,0.03945320844208391,0.33037608806864915,0.630170703489267
Hope you get better,neither,0.15071738061454168,0.23492500465211164,0.6143576147333466
ninjaRed ninjaBull,neither,0.03945320844208391,0.33037608806864915,0.630170703489267
hello,neither,0.03945320844208391,0.33037608806864915,0.630170703489267
how did u hurt your neck @Ninja,neither,0.06349568706042716,0.3237077464192291,0.6127965665203438
Neck hurts,neither,0.03945320844208391,0.33037608806864915,0.630170703489267
"@ning why don’t you creat rooms for different levels of chat? Like their 3, tier 2 and primes.",neither,0.041273489043299846,0.3297376111298427,0.6289888998268575
deadmau5 lupoPOGGERS,neither,0.03945320844208391,0.33037608806864915,0.630170703489267
!uptime,neither,0.03945320844208391,0.33037608806864915,0.630170703489267
😐,neither,0.03945320844208391,0.33037608806864915,0.630170703489267
Ninja has been streaming for 8 minutes 38 seconds,neither,0.03605278841535164,0.31242796755837576,0.6515192440262725
"Ninja, Would you like an emote where your character necks a Chug Jug?",neither,0.08709469615639656,0.20176368010407497,0.7111416237395285
How's it going Ninja !!?!?,neither,0.03639249970689753,0.35912113126476203,0.6044863690283405
,neither,0.03945320844208391,0.33037608806864915,0.630170703489267
Love your streams !!!,neither,0.07007584386419603,0.3353466942481231,0.594577461887681
!subs,neither,0.03945320844208391,0.33037608806864915,0.630170703489267
worm up baby,neither,0.03644010665657849,0.3919308687294015,0.57162902461402
hi ninjaHi ninjaHi ninjaHi,neither,0.03945320844208391,0.33037608806864915,0.630170703489267
24hours stream? ninjaPon ninjaPon ninjaPon ninjaPon ninjaPon,neither,0.03945320844208391,0.33037608806864915,0.630170703489267
@Ninja are you so pumped for your stream room!!?! it's gonna be awesome!,neither,0.07867282877647533,0.35924497408741174,0.5620821971361128
"@ninja took a viagra, got it stuck in his throat, he’s had a stiff neck for hours KappaHD",neither,0.07448938684840754,0.3300834281205758,0.5954271850310168
PokMaskedpika PokMaskedpika PokMaskedpika PokMaskedpika,neither,0.03945320844208391,0.33037608806864915,0.630170703489267
Shield looks so much better on the female skin,neither,0.03201937987485412,0.39137602899563634,0.5766045911295096
Wow streamer loot,neither,0.03945320844208391,0.33037608806864915,0.630170703489267
ninjaCry ninjaLlama ninjaBlank ninjaK ninjaFail ninjaSplat ninjaAim ninjaAmazing ninjaBlank ninjaCry ninjaCash ninjaFood ninjaHi ninjaPopcorn ninjaS ninjaThirst ninjaThrow ninjaBlast1 ninjaBlast2 ninjaBlast3 ninjaShrug ninjaIQ ninjaLlama ninjaK ninjaTroll ninjaGold ninja10 ninjaBits ninjaCart ninjaFail ninjaHS ninjaRekt ninjaBlood ninjaH ninjaStars ninjaPrime ninjaRed ninjaBull ninjaShield ninjaSplode ninjaFan ninjaDisco ninjaBomb ninjaSplat ninjaBush ninjaAim,neither,0.03945320844208391,0.33037608806864915,0.630170703489267
Morning family,neither,0.04946831207275172,0.16039364211852128,0.790138045808727
your pro,neither,0.08748429482428108,0.31696459310505204,0.5955511120706669
ninjacheer100 ninjacheer100 ninjacheer100 ninjacheer100 ninjacheer100,neither,0.03945320844208391,0.33037608806864915,0.630170703489267
GM @Ninja hope you have a good day. Thanks for the entertainment,neither,0.06283120465720964,0.24471312446602797,0.6924556708767624
ninjaPopcorn ninjaS ninjaLlama ninjaPon ninjaPon ninjaBlast1 ninjaThrow ninjaLlama,neither,0.03945320844208391,0.33037608806864915,0.630170703489267
ninjaPon ninjaPon ninjaPon ninjaPon ninjaPon,neither,0.03945320844208391,0.33037608806864915,0.630170703489267
ninjaPon,neither,0.03945320844208391,0.33037608806864915,0.630170703489267
when will it be compltely finished @Ninja,neither,0.03171633917621924,0.3547192800339049,0.6135643807898759
"Best to wait , be a nice surprise to see a fully fitted room",neither,0.04682809127177814,0.3237017696037886,0.6294701391244333
Morning Ninj,neither,0.05283876784042269,0.1031882115525248,0.8439730206070525
Stream tour of the progress?,neither,0.03877548937204649,0.3180531127604622,0.6431713978674913
TRAINWRECKS is banned 🦀 TRAINWRECKS is banned 🦀 TRAINWRECKS is banned 🦀 TRAINWRECKS is banned 🦀 TRAINWRECKS is banned 🦀 TRAINWRECKS is banned 🦀,neither,0.05026584871334308,0.3266571252592286,0.6230770260274283
hello\,neither,0.03945320844208391,0.33037608806864915,0.630170703489267
!uptime,neither,0.03945320844208391,0.33037608806864915,0.630170703489267
Ninja has been streaming for 9 minutes 52 seconds,neither,0.0360345779618468,0.3123317160148309,0.6516337060233222
Show us,neither,0.16769537339040438,0.2005943964582871,0.6317102301513084
!uptime,neither,0.03945320844208391,0.33037608806864915,0.630170703489267
That's construction my guy @ninja grind until the job is done,neither,0.0329076359755694,0.40930118914032204,0.5577911748841087
TRAINWRECKS is banned 🦀 TRAINWRECKS is banned 🦀 TRAINWRECKS is banned 🦀 TRAINWRECKS is banned 🦀 TRAINWRECKS is banned 🦀,neither,0.05026584871334308,0.3266571252592286,0.6230770260274283
ninjaCry ninjaBlank ninjaWifey ninjaAmazing ninjaAww ninjaPon ninjaCash ninjaFood ninjaPopcorn ninjaThirst ninjaS ninjaShrug ninjaIQ ninjaK ninjaTroll ninjaGold ninjaBlast3 ninjaFail ninjaBlast1 ninja10,neither,0.03945320844208391,0.33037608806864915,0.630170703489267
wait for a full room tour,neither,0.049121307450169446,0.30089379915865794,0.6499848933911726
"burnt_ciabatta, shut the fuck up spaming piece of crap",offensive_language,0.17557690397036324,0.8198801921106242,0.004542903919012562
TRAINWRECKS is banned 🦀 TRAINWRECKS is banned 🦀 TRAINWRECKS is banned 🦀 TRAINWRECKS is banned 🦀 TRAINWRECKS is banned 🦀 TRAINWRECKS is banned 🦀 TRAINWRECKS is banned 🦀 TRAINWRECKS is banned 🦀 TRAINWRECKS is banned 🦀,neither,0.05026584871334308,0.3266571252592286,0.6230770260274283
maybe like a little glance at the stream room... :),neither,0.04599137392927641,0.35203015808580557,0.601978467984918
How's the neck today?,neither,0.03706204215411278,0.2894800861312121,0.6734578717146751
@Ninja I love the pics you've been posting but you should definitely stop at some point so there's still a big reveal!,offensive_language,0.028094998102867533,0.4898561408813492,0.48204886101578326
can't imagine all the clickbait for the stream room right now,neither,0.034668989362861904,0.3401733357538971,0.625157674883241
hi,neither,0.03945320844208391,0.33037608806864915,0.630170703489267
Lets get this bread,neither,0.03850713565762622,0.3464334122741145,0.6150594520682593
whats your normal hair color?,neither,0.06486450597931206,0.3232198123440293,0.6119156816766586
play with lupo,neither,0.0224239371025857,0.39477495987263056,0.5828011030247837
ninjaPon ninjaPon ninjaFood ninjaFood,neither,0.03945320844208391,0.33037608806864915,0.630170703489267
@ninja hows your morning,neither,0.07526223656941278,0.21114765692872775,0.7135901065018596
"@burnt_ciabatta knock it off, my guy",neither,0.027028765172757256,0.42346663891729036,0.5495045959099524
@Ninja Is your logo going in the blank space that you leaked?,neither,0.06722395891371528,0.37578392821791046,0.5569921128683742
What’s up chat?,neither,0.04268701058436685,0.38974047704151576,0.5675725123741174
8am is kinda late tbh they're being nice to your schedule lol,neither,0.06901945106770813,0.3507541179332078,0.5802264309990841
ninjaClap ninjaClap ninjaClap ninjaClap ninjaClap ninjaClap ninjaClap ninjaClap ninjaClap,neither,0.03945320844208391,0.33037608806864915,0.630170703489267
TRAINWRECKS is banned 🦀 TRAINWRECKS is banned 🦀 TRAINWRECKS is banned 🦀 TRAINWRECKS is banned 🦀 TRAINWRECKS is banned 🦀 TRAINWRECKS is banned 🦀 TRAINWRECKS is banned 🦀 TRAINWRECKS is banned 🦀,neither,0.05026584871334308,0.3266571252592286,0.6230770260274283
Hope you have been getting video footage of the game room build so you can do a timelapse video.. Would be popular i think,neither,0.08312182111307957,0.24854790478779734,0.668330274099123
What is your original hair color?,neither,0.08616691119536339,0.314316049844141,0.5995170389604955
my life started again lol,offensive_language,0.020112780896267047,0.5289052905026024,0.45098192860113057
Why the hell is @burnt_ciabatta spamming that TRAINWRECKS is banned?,offensive_language,0.03972569240881024,0.6852409918914918,0.27503331569969797
TRAINWRECKS is banned 🦀 TRAINWRECKS is banned 🦀 TRAINWRECKS is banned 🦀 TRAINWRECKS is banned 🦀 TRAINWRECKS is banned 🦀 TRAINWRECKS is banned 🦀 TRAINWRECKS is banned 🦀,neither,0.05026584871334308,0.3266571252592286,0.6230770260274283
Mods just gonna let this kid spam?,neither,0.023129709279120468,0.4205423005418203,0.5563279901790591
!uptime,neither,0.03945320844208391,0.33037608806864915,0.630170703489267
"spammy mcspammerson, easy there LUL",neither,0.03938286427332795,0.2919350192800451,0.6686821164466269
Ninja has been streaming for 10 minutes 40 seconds,neither,0.036067587687951666,0.3125061887798406,0.6514262235322078
YOOOO TIMELASPE WOULD BE DOPE,neither,0.039267916918567895,0.32882448070618675,0.6319076023752453
that's awesome,neither,0.03419525192306799,0.38790559219732307,0.5778991558796089
really no mods gonna stop this guy from spamming?,neither,0.03813264085044707,0.45329646968860876,0.5085708894609442
@Ninja wasn't feeling too well today but glad I have to watch now,neither,0.04321894524491152,0.3271346702542887,0.6296463845007999
nice cut bro,neither,0.03945320844208391,0.33037608806864915,0.630170703489267
TRAINWRECKS is banned 🦀 TRAINWRECKS is banned 🦀 TRAINWRECKS is banned 🦀 TRAINWRECKS is banned 🦀 TRAINWRECKS is banned 🦀 TRAINWRECKS is banned 🦀 TRAINWRECKS is banned 🦀 TRAINWRECKS is banned 🦀 TRAINWRECKS is banned 🦀 TRAINWRECKS is banned 🦀 TRAINWRECKS is banned 🦀,neither,0.05026584871334308,0.3266571252592286,0.6230770260274283
ninjaIQ ninjaShield,neither,0.03945320844208391,0.33037608806864915,0.630170703489267
TRAINWRECKS is banned 🦀 TRAINWRECKS is banned 🦀 TRAINWRECKS is banned 🦀 TRAINWRECKS is banned 🦀 TRAINWRECKS is banned 🦀 TRAINWRECKS is banned 🦀 TRAINWRECKS is banned 🦀,neither,0.05026584871334308,0.3266571252592286,0.6230770260274283
@Ninja fresh cuttt? and whens the stream room gonna be done,neither,0.03775311779855741,0.3335995317561119,0.6286473504453308
Hi char,neither,0.03945320844208391,0.33037608806864915,0.630170703489267
That’s lit,neither,0.03422672189597161,0.38755389974202165,0.5782193783620068
@burnt_ciabatta can you stop,offensive_language,0.0771283361463856,0.5862204369749606,0.3366512268786539
good morning @Ninja,neither,0.0468013847741319,0.19273113716557552,0.7604674780602926
Can someone do something about @burnt_ciabatta?,neither,0.03953052523594671,0.35487861002766924,0.605590864736384
@fullmetalpete88 8am is kind of late. I was thinking the same thing.,neither,0.04451757249638646,0.3241003055127052,0.6313821219909083
@Ninja no mods around to take care of burnt?,neither,0.04365240472029855,0.33774096534994325,0.6186066299297582
@ninja thoughts of 100 thieves and drake ?,neither,0.038855776447161976,0.30090356462750534,0.6602406589253327
LLAMA,neither,0.03945320844208391,0.33037608806864915,0.630170703489267
@mods,neither,0.03945320844208391,0.33037608806864915,0.630170703489267
right,neither,0.03719022913728602,0.3744360956046963,0.5883736752580178
Stream room going to be soo sick,neither,0.04326407597344231,0.34996822288666296,0.6067677011398946
!uptime,neither,0.03945320844208391,0.33037608806864915,0.630170703489267
Ninja has been streaming for 11 minutes 11 seconds,neither,0.03636673657192671,0.3140872283691947,0.6495460350588786
lol,neither,0.020706217963973744,0.4882283491876925,0.4910654328483337
who is trainwreck?,neither,0.049131565424771526,0.39689703281573707,0.5539714017594913
YOU HATE EM TriHard,hate_speech,0.6647384614262274,0.15676626376735692,0.17849527480641578
!uptime,neither,0.03945320844208391,0.33037608806864915,0.630170703489267
RACIST TriHard,hate_speech,0.7162277715824404,0.02271993038598599,0.2610522980315736
!uptime,neither,0.03945320844208391,0.33037608806864915,0.630170703489267
ninjaHype ninjaHype ninjaHype ninjaHype ninjaHype ninjaHype ninjaHype ninjaHype ninjaHype,neither,0.03945320844208391,0.33037608806864915,0.630170703489267
@Ninja love the new haircut btw,neither,0.03926881519044214,0.2627452311984142,0.6979859536111438
He’s annoying,neither,0.04798843834290073,0.32744043111764837,0.6245711305394508
