text,top_class,hate_speech,offensive_language,neither
viking17Yo,neither,0.03945320844208391,0.33037608806864915,0.630170703489267
YO BOI,neither,0.03966326439423648,0.42468001202725164,0.5356567235785119
Woo ninjaHi Mornin' chief,neither,0.03945320844208391,0.33037608806864915,0.630170703489267
First people here are truly dedicated,neither,0.13380545111987172,0.2613276136538922,0.604866935226236
ninjaPon ninjaPon ninjaPon ninjaPon,neither,0.03945320844208391,0.33037608806864915,0.630170703489267
ninjaPon,neither,0.03945320844208391,0.33037608806864915,0.630170703489267
How's it going yall? :D,neither,0.034029182875056185,0.39522087186299043,0.5707499452619534
yo,offensive_language,0.04010381111145228,0.5271105317972344,0.4327856570913131
ninjaLlama ninjaLlama ninjaLlama ninjaLlama ninjaLlama ninjaLlama,neither,0.03945320844208391,0.33037608806864915,0.630170703489267
moring!!,neither,0.03945320844208391,0.33037608806864915,0.630170703489267
Viking I’ll never forget you when the chat becomes chaotic😂,neither,0.03818315478558557,0.4165943011368542,0.5452225440775601
hype!,neither,0.03945320844208391,0.33037608806864915,0.630170703489267
yesajjjjjjjjjjjjjjjjjjj,neither,0.03945320844208391,0.33037608806864915,0.630170703489267
First?,neither,0.02604892428726219,0.3349864360510187,0.6389646396617191
hello,neither,0.03945320844208391,0.33037608806864915,0.630170703489267
ninjaHype ninjaHype ninjaHype ninjaHype ninjaHype ninjaHype ninjaHype ninjaHype ninjaHype ninjaHype ninjaHype ninjaHype,neither,0.03945320844208391,0.33037608806864915,0.630170703489267
ninjaK ninjaK ninjaK ninjaK ninjaK,neither,0.03945320844208391,0.33037608806864915,0.630170703489267
Dang,neither,0.03945320844208391,0.33037608806864915,0.630170703489267
sup,neither,0.03945320844208391,0.33037608806864915,0.630170703489267
LETS GOOOOOO,neither,0.0381375099945381,0.3527069244228318,0.6091555655826302
morning guys ninjaHi ninjaHi,neither,0.04992865915806777,0.15258035067055087,0.7974909901713814
Yo ninja how do I donate to stream,neither,0.045143104789688734,0.3747816256075219,0.5800752696027893
HYPE,neither,0.03945320844208391,0.33037608806864915,0.630170703489267
Yo,offensive_language,0.04010381111145228,0.5271105317972344,0.4327856570913131
@phantomshotty432 viking17DAMN,neither,0.03945320844208391,0.33037608806864915,0.630170703489267
Instant 6k views holy,neither,0.03945320844208391,0.33037608806864915,0.630170703489267
ninjaShield ninjaShield ninjaShield ninjaShield ninjaShield ninjaShield ninjaShield,neither,0.03945320844208391,0.33037608806864915,0.630170703489267
"Guarantee your PC gaming performance with BLD by NZXT. The simplest way to get a customized gaming PC. Chose the games you want to play, set a budget, and BLD takes care of the rest. Built and shipped within 48 hours with a 2-year warranty. https://nzxt.co/2k9lWJK ninja10 ninja10",neither,0.046159296404555336,0.335031206975871,0.6188094966195736
Hi ninja can you read?,neither,0.05414534734522816,0.36699142604899393,0.5788632266057779
Morning!,neither,0.05283876784042269,0.1031882115525248,0.8439730206070525
Hi,neither,0.03945320844208391,0.33037608806864915,0.630170703489267
oof,neither,0.03945320844208391,0.33037608806864915,0.630170703489267
morning chat,neither,0.048641030132881694,0.17443477567193386,0.7769241941951844
First,neither,0.02604892428726219,0.3349864360510187,0.6389646396617191
JK,neither,0.03945320844208391,0.33037608806864915,0.630170703489267
first,neither,0.02604892428726219,0.3349864360510187,0.6389646396617191
ninjaCreep ninjaClap,neither,0.03945320844208391,0.33037608806864915,0.630170703489267
evening guys,neither,0.0393257792009554,0.33253889485441845,0.6281353259446261
Morning,neither,0.05283876784042269,0.1031882115525248,0.8439730206070525
ninjaClap ninjaCRINJA ninjaClap ninjaCRINJA ninjaClap ninjaCRINJA,neither,0.03945320844208391,0.33037608806864915,0.630170703489267
HOLA,neither,0.03945320844208391,0.33037608806864915,0.630170703489267
i be HYPED,neither,0.03999888183568607,0.3349454868136477,0.6250556313506662
esqyerYeet esqyerYeet,neither,0.03945320844208391,0.33037608806864915,0.630170703489267
MORNINGGGGGGGG,neither,0.03945320844208391,0.33037608806864915,0.630170703489267
ninjaBlast1 ninjaBlast2 ninjaBlast3 ninjaBlast3 ninjaBlast3 morniiiing,neither,0.03945320844208391,0.33037608806864915,0.630170703489267
Hola,neither,0.03945320844208391,0.33037608806864915,0.630170703489267
FortOne FortOne FortOne,neither,0.03945320844208391,0.33037608806864915,0.630170703489267
IM HYPPEDDDDDDD,neither,0.03732396775172632,0.41122202234291466,0.5514540099053589
Good morning!,neither,0.04970930963283925,0.13564577574880146,0.8146449146183593
daeCMERE daeCMERE daeCMERE daeCMERE daeCMERE daeCMERE daeCMERE daeCMERE daeCMERE daeCMERE daeCMERE daeCMERE daeCMERE,neither,0.03945320844208391,0.33037608806864915,0.630170703489267
Good morning,neither,0.04970930963283925,0.13564577574880146,0.8146449146183593
Good Morning,neither,0.04970930963283925,0.13564577574880146,0.8146449146183593
fortnitemares is really cool,neither,0.051611517482745416,0.3261942880629789,0.6221941944542757
morning,neither,0.05283876784042269,0.1031882115525248,0.8439730206070525
ninjaHype ninjaHype ninjaHype ninjaHype ninjaHype ninjaHype,neither,0.03945320844208391,0.33037608806864915,0.630170703489267
OMEGALUL,neither,0.03945320844208391,0.33037608806864915,0.630170703489267
ninjaFan,neither,0.03945320844208391,0.33037608806864915,0.630170703489267
Gm,neither,0.03945320844208391,0.33037608806864915,0.630170703489267
morning chat,neither,0.048641030132881694,0.17443477567193386,0.7769241941951844
hi,neither,0.03945320844208391,0.33037608806864915,0.630170703489267
ninjaH,neither,0.03945320844208391,0.33037608806864915,0.630170703489267
ninjaThirst,neither,0.03945320844208391,0.33037608806864915,0.630170703489267
Pog,neither,0.03945320844208391,0.33037608806864915,0.630170703489267
First,neither,0.02604892428726219,0.3349864360510187,0.6389646396617191
morning everyone! usedLit usedLit usedLit,neither,0.04178497597973255,0.2907999075264022,0.6674151164938652
morning,neither,0.05283876784042269,0.1031882115525248,0.8439730206070525
How is everyone,neither,0.04174190257704939,0.4592949296925435,0.49896316773040705
Gooooood Moring,neither,0.03945320844208391,0.33037608806864915,0.630170703489267
ninjaBlast1 ninjaBlast2 ninjaBlast3 ninjaBlast3,neither,0.03945320844208391,0.33037608806864915,0.630170703489267
ninja are you on the east coast or west?,neither,0.06594330234385774,0.3256179299276826,0.6084387677284596
ninjaThirst ninjaTooth ninjaClap ninjaCreep ninjaCRINJA ninjaCRINJA ninjaTooth ninjaAdore ninjaPon ninjaAww ninjaHyperr ninjaCRINJA ninjaWifey ninjaWifey ninjaBlank ninjaHyperr ninjaCRINJA ninjaCreep ninjaTooth ninjaAdore ninjaAdore,neither,0.03945320844208391,0.33037608806864915,0.630170703489267
ninjaWifey ninjaWifey ninjaWifey ninjaWifey ninjaWifey ninjaWifey ninjaPon ninjaPon ninjaPon ninjaHype ninjaHype ninjaHype ninjaHype ninjaHype,neither,0.03945320844208391,0.33037608806864915,0.630170703489267
GOODE MORNING NINJA,neither,0.048203553387938615,0.18185989775694275,0.7699365488551186
!uptime,neither,0.03945320844208391,0.33037608806864915,0.630170703489267
ninjaPon ninjaPon ninjaPon ninjaPon ninjaAww ninjaAww ninjaAww ninjaAww ninjaAww ninjaAww,neither,0.03945320844208391,0.33037608806864915,0.630170703489267
Ninja has been streaming for 2 minutes 34 seconds,neither,0.03605278841535164,0.31242796755837576,0.6515192440262725
ninjaPon,neither,0.03945320844208391,0.33037608806864915,0.630170703489267
@Ninja morning boo,neither,0.046762981223946634,0.2063101669736476,0.7469268518024057
this new update is the craziest.... love it,neither,0.04427417355637655,0.2576931691318434,0.6980326573117801
ninjaPon PON PON PiNG PON PON,neither,0.03945320844208391,0.33037608806864915,0.630170703489267
guys its a goid day,neither,0.032388237582588755,0.3166271192107791,0.6509846432066321
ninjaPon ninjaPon ninjaPon ninjaPon ninjaPon ninjaClap ninjaClap ninjaClap,neither,0.03945320844208391,0.33037608806864915,0.630170703489267
!uptime,neither,0.03945320844208391,0.33037608806864915,0.630170703489267
"GOAT, Good Morning!",neither,0.04707591573216435,0.18744207567701313,0.7654820085908226
ninjaPon PON PON PiNG PON PON .,neither,0.03945320844208391,0.33037608806864915,0.630170703489267
,neither,0.03945320844208391,0.33037608806864915,0.630170703489267
Hi,neither,0.03945320844208391,0.33037608806864915,0.630170703489267
ninjaCreep ninjaClap,neither,0.03945320844208391,0.33037608806864915,0.630170703489267
ninjaPon PON PON PiNG PON PON!,neither,0.03945320844208391,0.33037608806864915,0.630170703489267
GOOD MORNING!,neither,0.04970930963283925,0.13564577574880146,0.8146449146183593
hola,neither,0.03945320844208391,0.33037608806864915,0.630170703489267
What up nin,neither,0.04549209283961305,0.43877665191533993,0.5157312552450469
ninjaPon boi,neither,0.03945320844208391,0.33037608806864915,0.630170703489267
ninjaPon ninjaPon ninjaPon ninjaPon ninjaPon ninjaPon,neither,0.03945320844208391,0.33037608806864915,0.630170703489267
what song is this,neither,0.05996683045653229,0.33256274023851656,0.6074704293049512
ninjaAdore ninjaAdore ninjaAdore ninjaAdore,neither,0.03945320844208391,0.33037608806864915,0.630170703489267
ninjaPon ninjaPon ninjaPon ninjaPon ninjaPon ninjaPon ninjaPon ninjaPon,neither,0.03945320844208391,0.33037608806864915,0.630170703489267
ninjaBomb ninjaBomb ninjaBomb ninjaBomb ninjaBomb ninjaBomb ninjaBomb ninjaBomb ninjaBomb ninjaBomb ninjaBomb ninjaBomb ninjaBomb ninjaBomb ninjaBlast1 ninjaBlast2 ninjaBlast3 ninjaBlast3 ninjaBlast3 ninjaBlast3 ninjaBlast3 ninjaBlast3 ninjaBlast3,neither,0.03945320844208391,0.33037608806864915,0.630170703489267
time for some fortnitemares!!!!,neither,0.020008321805332765,0.3371985270723849,0.6427931511222823
ninjaTooth ninjaTooth ninjaTooth ninjaTooth ninjaTooth,neither,0.03945320844208391,0.33037608806864915,0.630170703489267
Wassuup,neither,0.03945320844208391,0.33037608806864915,0.630170703489267
ninjaWifey ninjaAww ninjaPon,neither,0.03945320844208391,0.33037608806864915,0.630170703489267
Good morning ninja,neither,0.0468013847741319,0.19273113716557552,0.7604674780602926
Song!,neither,0.038601720699969956,0.3448280572582511,0.616570222041779
ninjaThrow ninjaStars,neither,0.03945320844208391,0.33037608806864915,0.630170703489267
ninjaPopcorn ninjaPopcorn ninjaPopcorn,neither,0.03945320844208391,0.33037608806864915,0.630170703489267
PogChamp,neither,0.03945320844208391,0.33037608806864915,0.630170703489267
Oh?,neither,0.051363287716059566,0.22255663153133606,0.7260800807526044
ninjaBlast1 ninjaBlast2 ninjaBlast3 ninjaBomb ninjaSplode,neither,0.03945320844208391,0.33037608806864915,0.630170703489267
ninjaPon PON PON PiNG PON PONninjaPon PON PON PiNG PON PON,neither,0.03945320844208391,0.33037608806864915,0.630170703489267
ninjaPon,neither,0.03945320844208391,0.33037608806864915,0.630170703489267
ninjaPopcorn ninjaPopcorn ninjaPopcorn ninjaPopcorn ninjaPopcorn ninjaPopcorn ninjaPopcorn ninjaPopcorn ninjaPopcorn ninjaPopcorn,neither,0.03945320844208391,0.33037608806864915,0.630170703489267
"Ninja how much does your merch, mainly the hoodies shrink after the fist wash?",neither,0.04052840111166576,0.37635678371161646,0.5831148151767178
ninjaPon PON PON PiNG PON PON ninjaPon PON PON PiNG PON PON,neither,0.03945320844208391,0.33037608806864915,0.630170703489267
POGGERS,neither,0.03945320844208391,0.33037608806864915,0.630170703489267
It's a party in game,neither,0.03690397530606945,0.2798337129250539,0.6832623117688765
,neither,0.03945320844208391,0.33037608806864915,0.630170703489267
ninjaPon ninjaPon ninjaPon,neither,0.03945320844208391,0.33037608806864915,0.630170703489267
*first,neither,0.02604892428726219,0.3349864360510187,0.6389646396617191
Dale ninjaCreep,neither,0.03945320844208391,0.33037608806864915,0.630170703489267
Husk slaying time,neither,0.03804240160507918,0.3543211620050669,0.6076364363898539
nooo.... i missed it,neither,0.03804515187931404,0.33086038328786777,0.6310944648328182
BRO!!!!! that is so sick!!!!!!!!!!!!!,neither,0.04369790831622127,0.4235599983643988,0.5327420933193799
Sup Adam,neither,0.03945320844208391,0.33037608806864915,0.630170703489267
Kevin is back!!,neither,0.04948449061739488,0.32692587013807145,0.6235896392445337
boi,neither,0.03945320844208391,0.33037608806864915,0.630170703489267
What,neither,0.057770773616808734,0.3180719994247239,0.6241572269584672
Nm,neither,0.03945320844208391,0.33037608806864915,0.630170703489267
the CROSSBOW is back....,neither,0.046887832661983736,0.3112003784293444,0.641911788908672
Morning guys,neither,0.04992865915806777,0.15258035067055087,0.7974909901713814
That looks sick,neither,0.03473047674378024,0.3819341725329503,0.5833353507232694
ninjaPon ninjaPon ninjaPon ninjaPon ninjaPon ninjaPon ninjaPon ninjaPon ninjaPon ninjaPon ninjaPon ninjaPon,neither,0.03945320844208391,0.33037608806864915,0.630170703489267
ninjaPon,neither,0.03945320844208391,0.33037608806864915,0.630170703489267
CHU SAY NiNJA cmonBruh,neither,0.03945320844208391,0.33037608806864915,0.630170703489267
yoooooooo,neither,0.03945320844208391,0.33037608806864915,0.630170703489267
hey @Ninja love the pink hoodie and that it helps to support breast cancer research!,neither,0.05047205763634131,0.3237966285447416,0.6257313138189171
hiiii,neither,0.03945320844208391,0.33037608806864915,0.630170703489267
@ninja go to samurai girl and change her Helmet,offensive_language,0.031687024619389215,0.5160067341913199,0.4523062411892909
,neither,0.03945320844208391,0.33037608806864915,0.630170703489267
ninjaBlank ninjaBlank ninjaBlank ninjaBlank,neither,0.03945320844208391,0.33037608806864915,0.630170703489267
do you ship worldwide,neither,0.06176522879542857,0.38511270097550054,0.5531220702290709
I am excited,neither,0.039204770565592725,0.330461537246643,0.6303336921877644
Husk A La Vista ninjaAim,neither,0.03945320844208391,0.33037608806864915,0.630170703489267
my body is NOT ready,neither,0.033129299390930525,0.4238986887344223,0.542972011874647
ninja check samurai outfits,neither,0.03945320844208391,0.33037608806864915,0.630170703489267
Good morning @ninja and chat!,neither,0.044205608020036015,0.1896126308936303,0.7661817610863337
"okay wait, what was the name of the song...",neither,0.04193136560599429,0.3096334283044374,0.6484352060895683
ninjaaaaa,neither,0.03945320844208391,0.33037608806864915,0.630170703489267
ninjaHype ninjaHype ninjaHype ninjaHype ninjaHype ninjaHype ninjaHype ninjaHype ninjaHype ninjaHype ninjaHype ninjaHype ninjaHype,neither,0.03945320844208391,0.33037608806864915,0.630170703489267
ninjaFan ninjaFan,neither,0.03945320844208391,0.33037608806864915,0.630170703489267
ninjaFood ninjaFood ninjaFood ninjaFood ninjaFood,neither,0.03945320844208391,0.33037608806864915,0.630170703489267
cool ninja,neither,0.03945320844208391,0.33037608806864915,0.630170703489267
MORNING NINJA,neither,0.048203553387938615,0.18185989775694275,0.7699365488551186
"And, here we go",neither,0.11988274842159176,0.23034065187642816,0.6497765997019802
@maddened yo,offensive_language,0.04010381111145228,0.5271105317972344,0.4327856570913131
morning god,neither,0.050172417590357635,0.14844313391577657,0.8013844484938658
!uptime,neither,0.03945320844208391,0.33037608806864915,0.630170703489267
Ninja has been streaming for 5 minutes 10 seconds,neither,0.035850120125353144,0.3113567276014471,0.6527931522731997
Check challenges,neither,0.03945320844208391,0.33037608806864915,0.630170703489267
Hhyyypppeee,neither,0.03945320844208391,0.33037608806864915,0.630170703489267
the new Cross BOW is fun.. infinite ammo,neither,0.047034180774698675,0.25663840209400246,0.6963274171312989
yooooooo,neither,0.03945320844208391,0.33037608806864915,0.630170703489267
cmonBruh,neither,0.03945320844208391,0.33037608806864915,0.630170703489267
@Ninja the crossbow is back and is lowkey dope,neither,0.04883962096235793,0.29262353158604826,0.6585368474515937
ninjaFan,neither,0.03945320844208391,0.33037608806864915,0.630170703489267
yeet,neither,0.03945320844208391,0.33037608806864915,0.630170703489267
He better win this game so I can see the ponpon before class,neither,0.039385553328431105,0.3618472418021347,0.5987672048694342
Early stream today,neither,0.03942312617937589,0.2855803989062958,0.6749964749143285
Leggggggoooooo,neither,0.03945320844208391,0.33037608806864915,0.630170703489267
Morning family,neither,0.04946831207275172,0.16039364211852128,0.790138045808727
Has it been reenabled?,neither,0.03745381179184786,0.32905383490591816,0.6334923533022341
no fall damage cmonBruh,neither,0.0386261685676785,0.34441311313938655,0.6169607182929349
:),neither,0.03945320844208391,0.33037608806864915,0.630170703489267
in school watching you and on my phone,neither,0.03740333569011246,0.4309333461309604,0.5316633181789272
the crossbow is back its lit,neither,0.03963372739912682,0.3171984023530604,0.6431678702478129
Your gunna love it ninj,neither,0.070410166199377,0.3365550251903727,0.5930348086102503
@Ninja the pink hoodie looks sick!!,neither,0.038831337935012596,0.3190850645627729,0.6420835975022144
13510,neither,0.03945320844208391,0.33037608806864915,0.630170703489267
,neither,0.03945320844208391,0.33037608806864915,0.630170703489267
yo ninjaHi ninjaHi ninjaPopcorn,offensive_language,0.04010381111145228,0.5271105317972344,0.4327856570913131
He's live PogChamp,neither,0.05806927528210896,0.3239731690314029,0.6179575556864881
bout a get the deadfire,neither,0.030833692886752535,0.4433668781133199,0.5257994289999276
Zombie kills,neither,0.03945320844208391,0.33037608806864915,0.630170703489267
I thought Fortnitemares had extended downtime,neither,0.04254689302551819,0.23418528895936205,0.7232678180151197
go to events bro,neither,0.04741551772760004,0.3304105287186351,0.622173953553765
@ninja -Lets just jump right into it STREAM SNIPERS : Yes ninja LETS sutoW,neither,0.036051276065637836,0.3574124942180631,0.6065362297162991
@rualecreatures6 ya me too,offensive_language,0.016214811795644088,0.6913038218111842,0.2924813663931718
Dakotaz had like 67 zombie kills this am,neither,0.046364549001723314,0.34216628968119606,0.6114691613170805
cant way for the pon pon,neither,0.031726262089668104,0.279390459129567,0.6888832787807649
are they still considered Husks?,neither,0.06640659631659213,0.297590196603061,0.6360032070803467
!uptime,neither,0.03945320844208391,0.33037608806864915,0.630170703489267
Wooooo,neither,0.03945320844208391,0.33037608806864915,0.630170703489267
Ninja has been streaming for 6 minutes 9 seconds,neither,0.035678679601720456,0.31045049647393935,0.6538708239243401
killig them gives you shield,neither,0.09377189631409746,0.38247064660557517,0.5237574570803273
the Fog on the map is cool,neither,0.041683255416094446,0.3153296337596444,0.6429871108242613
No fiends,neither,0.036918905254960256,0.37338982715841207,0.5896912675866277
!uptime,neither,0.03945320844208391,0.33037608806864915,0.630170703489267
shifty,neither,0.03945320844208391,0.33037608806864915,0.630170703489267
@Ninja i love how happy this stuff makes you haha,neither,0.044396175314712495,0.4230596105771752,0.5325442141081124
helooooow,neither,0.03945320844208391,0.33037608806864915,0.630170703489267
its a pumpkin patch on top,neither,0.03276718440526065,0.3424525147473181,0.6247803008474211
Called fiends,neither,0.03945320844208391,0.33037608806864915,0.630170703489267
ninjaPon ninjaPon,neither,0.03945320844208391,0.33037608806864915,0.630170703489267
ninjaPon,neither,0.03945320844208391,0.33037608806864915,0.630170703489267
Male calamity PogChamp,neither,0.03945320844208391,0.33037608806864915,0.630170703489267
3 months yeeeet,neither,0.03945320844208391,0.33037608806864915,0.630170703489267
ninjaS ninjaS ninjaS ninjaS ninjaS ninjaS ninjaS,neither,0.03945320844208391,0.33037608806864915,0.630170703489267
Whats your favourite og skin?,neither,0.06017782346386254,0.3246311505000658,0.6151910260360716
Thenewfarmhaus Instagram,neither,0.036812681247548405,0.3751927257867597,0.5879945929656919
"The zombies give you ammo,guns,mats and health",neither,0.04684176089688054,0.32084000199511054,0.6323182371080089
FOG boys,neither,0.03945320844208391,0.33037608806864915,0.630170703489267
"Ninja , my guy",neither,0.027603514654911725,0.4274221515865066,0.5449743337585817
Morning chat!,neither,0.048641030132881694,0.17443477567193386,0.7769241941951844
anyone notice the island looks like a nuke symbol? possible hint,neither,0.044485464938246934,0.3295534560858185,0.6259610789759346
James and the Giant Battle Bus,neither,0.038296286510819025,0.29058841245025413,0.6711153010389268
OMFG,neither,0.03945320844208391,0.33037608806864915,0.630170703489267
!uptime,neither,0.03945320844208391,0.33037608806864915,0.630170703489267
Patch is Pog daeCMERE daeCMERE daeCMERE,neither,0.04981691255257763,0.32681153499115395,0.6233715524562684
ninjaHype ninjaHype ninjaHype ninjaHype ninjaHype,neither,0.03945320844208391,0.33037608806864915,0.630170703489267
Where can i get the pink Ninja hoodie?,neither,0.039949176822564686,0.298519761667808,0.6615310615096273
fortnite copying COD by adding zombies?,neither,0.0401895243916309,0.3589010325695665,0.6009094430388026
@Ninja have you seen the samurai girl you can take off her cat mask,offensive_language,0.04669537252351975,0.5585317162513632,0.3947729112251171
"ninja, are you going to dye your hair orange for halloween?",neither,0.09112408603846356,0.31424676402406443,0.5946291499374721
wot do u think of the new update ninjaPopcorn ninjaPopcorn ninjaPopcorn,neither,0.043929194599525406,0.22028301969384842,0.7357877857066262
yooooooo,neither,0.03945320844208391,0.33037608806864915,0.630170703489267
new skin literally mcree whisper if you agree,neither,0.03775906678527224,0.33651990677681914,0.6257210264379087
Yo,offensive_language,0.04010381111145228,0.5271105317972344,0.4327856570913131
@adelim92 they have always had zombies just not br,neither,0.0329744135756396,0.4041550198011376,0.562870566623223
!uptime,neither,0.03945320844208391,0.33037608806864915,0.630170703489267
Ninja has been streaming for 6 minutes 57 seconds,neither,0.035678679601720456,0.31045049647393935,0.6538708239243401
this game mode is trash and it keeps fucking crashing,offensive_language,0.16249002999585654,0.7447409102018139,0.09276905980232955
the game is litterally a zombie game,neither,0.0433194650842178,0.26670080594436085,0.6899797289714215
subbed,neither,0.03945320844208391,0.33037608806864915,0.630170703489267
"not that glider again, broooo",neither,0.029794509624580048,0.4406694210051885,0.5295360693702313
zombies monkaS,neither,0.03945320844208391,0.33037608806864915,0.630170703489267
PrimeYouDontSay PrimeYouDontSay PartyPopper PartyPopper,neither,0.03945320844208391,0.33037608806864915,0.630170703489267
This is so lit tho,neither,0.04316454991280149,0.3866656900763634,0.5701697600108351
!merch,neither,0.03945320844208391,0.33037608806864915,0.630170703489267
The new merch store is now live! Check it out here - https://teamninja.com/,neither,0.09419338480146036,0.25117811885027813,0.6546284963482615
@iamsych yes,neither,0.03945320844208391,0.33037608806864915,0.630170703489267
ninjaS,neither,0.03945320844208391,0.33037608806864915,0.630170703489267
If anything Call of Duty copied Fortnite lmfao,neither,0.030784001246957137,0.36681287948727676,0.6024031192657662
gabby,neither,0.03945320844208391,0.33037608806864915,0.630170703489267
ninjaHi ninjaHi ninjaHi ninjaHi ninjaHi ninjaHi ninjaHi ninjaHi ninjaHi ninjaHi ninjaHi,neither,0.03945320844208391,0.33037608806864915,0.630170703489267
Fatal fields changed a bit too ',neither,0.03928584781289518,0.3332166347224191,0.6274975174646857
@WhaleXO haha never played save the world,neither,0.03247199762424987,0.4054294233056725,0.5620985790700777
What is yoir first skin to buy?,neither,0.05219690675881608,0.32241977522749105,0.6253833180136928
THEY COPIED THEM ANYWAYS,neither,0.052136099007288064,0.32327588415390124,0.6245880168388106
!uptime,neither,0.03945320844208391,0.33037608806864915,0.630170703489267
Should I get the new skin @ me,neither,0.045728505440721386,0.30183281569728765,0.6524386788619909
You can call the husks if you want to stop saying zombie,offensive_language,0.04386565058057138,0.4936240184973859,0.4625103309220426
Emote only already chat?,neither,0.03832704736294839,0.34948998062779446,0.6121829720092572
deagle dus more damage,neither,0.04166920844275053,0.3188543074992032,0.6394764840580464
just enjoy the gameplay damn😂,offensive_language,0.03881326425067052,0.841163640061768,0.1200230956875616
word,neither,0.03945320844208391,0.33037608806864915,0.630170703489267
Deagle is buffed!,neither,0.081172750358939,0.3160268245287109,0.60280042511235
@Ninja lol my bad never played save the world,neither,0.023321988919732247,0.43795683586115874,0.5387211752191091
streamer loot btw,neither,0.03945320844208391,0.33037608806864915,0.630170703489267
Oh cool. @ninja is on. Great notification i got there,neither,0.04379205490152375,0.2904182027739631,0.6657897423245132
@ninja you about to feel the deagle buffs,neither,0.06166626771282146,0.38042238838178993,0.5579113439053885
ninjaCRINJA,neither,0.03945320844208391,0.33037608806864915,0.630170703489267
@stella11888 yes and make sure to support ninja as the creator duh,neither,0.054194427439286756,0.3852124674083445,0.5605931051523688
Why did they disable fortnitemares,neither,0.024385111894722925,0.3528773608615254,0.6227375272437519
zombies,neither,0.03945320844208391,0.33037608806864915,0.630170703489267
Streamer freakin loot man...,neither,0.03960927059015994,0.40220548409300644,0.5581852453168337
lokkk,neither,0.03945320844208391,0.33037608806864915,0.630170703489267
ninja look like he feelin good,neither,0.05488525528032669,0.3410668643088536,0.6040478804108197
zombies,neither,0.03945320844208391,0.33037608806864915,0.630170703489267
Streamer loot lol,neither,0.020706217963973744,0.4882283491876925,0.4910654328483337
!uptime,neither,0.03945320844208391,0.33037608806864915,0.630170703489267
Ninja has been streaming for 8 minutes 9 seconds,neither,0.035678679601720456,0.31045049647393935,0.6538708239243401
I need that hoodie ninjaPon,neither,0.035016330055581864,0.37502066137649304,0.5899630085679252
@okokemilyrose Already am brother,neither,0.03807736895894137,0.35023110620047443,0.6116915248405843
they buffed the deagle,neither,0.037353100542138626,0.290277740538654,0.6723691589192073
the crossbow is back,neither,0.046887832661983736,0.3112003784293444,0.641911788908672
ZOMBIESSA,neither,0.03945320844208391,0.33037608806864915,0.630170703489267
shoot the pillar,neither,0.07500639884013577,0.20060532557347172,0.7243882755863925
Thats so lit!,neither,0.039409299306693665,0.38214273666374754,0.5784479640295588
TIMMMMMM,neither,0.03945320844208391,0.33037608806864915,0.630170703489267
!prime,neither,0.03945320844208391,0.33037608806864915,0.630170703489267
Support the stream with a FREE SUBSCRIPTION! Link an Amazon Prime to your Twitch account - twitch.amazon.com/prime Check out this tutorial where Ninja shows how to subscribe to a stream using Twitch Prime! youtube.com/watch?v=pvyZLDs2yQo ninjaPrime ninjaPrime ninjaPrime,neither,0.05320751381205407,0.33853077004085724,0.6082617161470886
👀 double barrel,neither,0.03945320844208391,0.33037608806864915,0.630170703489267
shoot the pillar,neither,0.07500639884013577,0.20060532557347172,0.7243882755863925
Shoot the crystals @Ninja,neither,0.059607401312399645,0.24661870080926424,0.693773897878336
!uptime,neither,0.03945320844208391,0.33037608806864915,0.630170703489267
SHOOT THE STONE,neither,0.060973993408919895,0.2420203365690314,0.6970056700220486
imagine if they got the ray gun in fort,neither,0.025124979541171374,0.3919371020831538,0.5829379183756748
Wake n bake baby,neither,0.03945320844208391,0.33037608806864915,0.630170703489267
Find the new Cross Bow... its free to kill the zombies and u waste no ammo,neither,0.15620246539262597,0.1582359409612831,0.6855615936460909
,neither,0.03945320844208391,0.33037608806864915,0.630170703489267
lol @ paying 16-20$ for a outfit for your digital player lmao,neither,0.037836969064344354,0.3804954702353507,0.581667560700305
SHoot stone for dank loot,neither,0.048637271841930924,0.25618491190545695,0.6951778162526121
Shoot the rock,neither,0.06253638274024209,0.23689856396271047,0.7005650532970475
break that ninja,neither,0.035510594713543855,0.37327093962515356,0.5912184656613025
monkaGun,neither,0.03945320844208391,0.33037608806864915,0.630170703489267
HUsKs,neither,0.03945320844208391,0.33037608806864915,0.630170703489267
break that rock,neither,0.03505824609865842,0.3782882138123775,0.586653540088964
Kill the cube,neither,0.4148605109111303,0.16161969520465122,0.42351979388421856
they drop ammo too?! this is lit,neither,0.05316824833490142,0.3299891340411502,0.6168426176239484
@ninja you competing at twitchcon and is lupo your partner if so,neither,0.05841349803458879,0.40846179451334985,0.5331247074520614
!uptime,neither,0.03945320844208391,0.33037608806864915,0.630170703489267
Destroy the rock or they’ll keep spawning,neither,0.0387523721828951,0.31762498691256424,0.6436226409045406
Ninja has been streaming for 9 minutes 2 seconds,neither,0.035678679601720456,0.31045049647393935,0.6538708239243401
Git em all,neither,0.04313535793898701,0.4731020166488513,0.48376262541216164
Straight up copied cod,neither,0.037340807805193034,0.37253900702221227,0.5901201851725947
You can destroy the small ones with your pick axe,neither,0.06328925322305777,0.3148367292134695,0.6218740175634727
Destroy the cube,neither,0.03868342901844291,0.31634469653961944,0.6449718744419376
is twitch acting funny to anyone?,neither,0.050670793958967855,0.3383899442734674,0.6109392617675646
skin is fire,neither,0.04898400760020058,0.3270980091976349,0.6239179832021646
"They drop ammo weps, you get shield",neither,0.06642989507404372,0.37930824036815497,0.5542618645578012
!prime,neither,0.03945320844208391,0.33037608806864915,0.630170703489267
Support the stream with a FREE SUBSCRIPTION! Link an Amazon Prime to your Twitch account - twitch.amazon.com/prime Check out this tutorial where Ninja shows how to subscribe to a stream using Twitch Prime! youtube.com/watch?v=pvyZLDs2yQo ninjaPrime ninjaPrime ninjaPrime,neither,0.05320751381205407,0.33853077004085724,0.6082617161470886
PokBlastoise,neither,0.03945320844208391,0.33037608806864915,0.630170703489267
I got a live notification 9 minutes in smh,neither,0.05289521065682047,0.36023037623978654,0.586874413103393
!merch,neither,0.03945320844208391,0.33037608806864915,0.630170703489267
The new merch store is now live! Check it out here - https://teamninja.com/,neither,0.09419338480146036,0.25117811885027813,0.6546284963482615
what in the world,neither,0.04623873339931199,0.30204327669346975,0.6517179899072182
Hit it with your pickaxe,neither,0.05909166499791889,0.37619089984704873,0.5647174351550324
!ameno,neither,0.03945320844208391,0.33037608806864915,0.630170703489267
axe does 75 against the cube,neither,0.030698798190214538,0.3901478682878645,0.579153333521921
Glow is so good,neither,0.04714081154756611,0.37412457256698445,0.5787346158854494
Pick axe the glowy rock,neither,0.04236933150957058,0.25202528351483494,0.7056053849755944
This pve elemement is dope. Hope something like that stays forever,neither,0.08104938748215185,0.28517595478074265,0.6337746577371055
Pickawe does good damage to these,offensive_language,0.036614766943979325,0.5242806981128629,0.4391045349431578
,neither,0.03945320844208391,0.33037608806864915,0.630170703489267
James hold me I’m scared,neither,0.0328146493249553,0.3661328546394804,0.6010524960355642
!it,neither,0.034373745257138544,0.33212314837979673,0.6335031063630647
Pickaxe,neither,0.03945320844208391,0.33037608806864915,0.630170703489267
!prime,neither,0.03945320844208391,0.33037608806864915,0.630170703489267
They have gold zombies drop gold weapons,neither,0.044139361859790116,0.33363661070029726,0.6222240274399127
frightmares? ninjaCRINJA,neither,0.03945320844208391,0.33037608806864915,0.630170703489267
AXE IT!,neither,0.037828236809968684,0.3309349903269868,0.6312367728630445
@WhaleXO WutFace,neither,0.03945320844208391,0.33037608806864915,0.630170703489267
@whalexo Sup,neither,0.03945320844208391,0.33037608806864915,0.630170703489267
hey that was sick!,neither,0.03496361022970838,0.3801675354651621,0.5848688543051295
!30\,neither,0.03945320844208391,0.33037608806864915,0.630170703489267
ninjaCRINJA ninjaCreep,neither,0.03945320844208391,0.33037608806864915,0.630170703489267
!30,neither,0.03945320844208391,0.33037608806864915,0.630170703489267
CROSS BOW!,neither,0.03945320844208391,0.33037608806864915,0.630170703489267
WAIT CROSsBOw!,neither,0.03945320844208391,0.33037608806864915,0.630170703489267
Hi James @mlsto,neither,0.03945320844208391,0.33037608806864915,0.630170703489267
ninja hasn't even commented on the skin,neither,0.036477475127956585,0.338622356206846,0.6249001686651975
Oh yea it's back baby,neither,0.04303203902648235,0.28274842453490867,0.674219536438609
@mlsto I’m not actually scared ninjaCreep,neither,0.03794835794191631,0.33604002278642625,0.6260116192716575
!uptime,neither,0.03945320844208391,0.33037608806864915,0.630170703489267
Ninja has been streaming for 10 minutes 17 seconds,neither,0.03607427391498818,0.3125415285360363,0.6513841975489756
I can’t que in a game,neither,0.039021112266204146,0.283253478012641,0.6777254097211549
VoteYea VoteYea VoteYea VoteYea VoteYea VoteYea VoteYea VoteYea,neither,0.03945320844208391,0.33037608806864915,0.630170703489267
Do you love this game?,neither,0.057920549275109055,0.3481524449247022,0.5939270058001886
buildroyale.io,neither,0.03945320844208391,0.33037608806864915,0.630170703489267
It’s easier to pick axe the cube tower,neither,0.04462091767942156,0.2738745494947141,0.6815045328258643
you love this game wait till you see everyone building and just re-gliding... it's not a great move imo,neither,0.05317891630404362,0.37654753279192954,0.5702735509040268
reported Kappa,neither,0.03945320844208391,0.33037608806864915,0.630170703489267
