text,top_class,hate_speech,offensive_language,neither
arcusGL,neither,0.03945320844208391,0.33037608806864915,0.630170703489267
ninjaAww,neither,0.03945320844208391,0.33037608806864915,0.630170703489267
ninjaBlast1 ninjaBlast2 ninjaBlast3 ninjaBlast3 ninjaBlast3 ninjaBlast3 ninjaFail,neither,0.03945320844208391,0.33037608806864915,0.630170703489267
Hes not playing fortnite lets get it,neither,0.03603176790681616,0.35424129113374186,0.6097269409594419
the crowd WutFace,neither,0.038248109054999424,0.30812809647739126,0.6536237944676092
oyoyoyooyoyoy,neither,0.03945320844208391,0.33037608806864915,0.630170703489267
Ya,offensive_language,0.017331157930923866,0.7872544665869478,0.19541437548212848
Let’s go!!!,neither,0.01806316484133749,0.39391011985298136,0.5880267153056813
first,neither,0.02604892428726219,0.3349864360510187,0.6389646396617191
ninjaPon ninjaPon ninjaPon ninjaPon,neither,0.03945320844208391,0.33037608806864915,0.630170703489267
ninjaPon,neither,0.03945320844208391,0.33037608806864915,0.630170703489267
And we are live!!!!,neither,0.08682340911282478,0.22048394477067182,0.6926926461165034
LETS GI,neither,0.03864835078748214,0.3440366229783383,0.6173150262341796
LETS GOOO,neither,0.03868305123800957,0.34344766577192837,0.6178692829900622
Let’s go @ninja,neither,0.024837848791648673,0.36904344715592197,0.6061187040524292
Please keep sub only for God’s sake lmao,neither,0.03478856861988132,0.3214063874687683,0.6438050439113503
GO,neither,0.04276165647058889,0.34190019769565555,0.6153381458337556
damn viewers be like holy shit no one,offensive_language,0.05060089286628002,0.9483230527171644,0.0010760544165554803
YOOO,neither,0.03945320844208391,0.33037608806864915,0.630170703489267
Here weee gooooooo,neither,0.22097653003277068,0.2221615150675793,0.55686195489965
DoritosChip DoritosChip DoritosChip DoritosChip DoritosChip DoritosChip DoritosChip DoritosChip DoritosChip DoritosChip DoritosChip DoritosChip DoritosChip DoritosChip DoritosChip DoritosChip,neither,0.03945320844208391,0.33037608806864915,0.630170703489267
I got no notification wtf,offensive_language,0.04000784794362363,0.6104400295484191,0.3495521225079573
dream team :D,neither,0.03945320844208391,0.33037608806864915,0.630170703489267
Ninja!!!,neither,0.03945320844208391,0.33037608806864915,0.630170703489267
ninjaGold ninjaGold ninjaGold ninjaGold ninjaGold ninjaGold ninjaGold ninjaGold,neither,0.03945320844208391,0.33037608806864915,0.630170703489267
Doritos Chip in th chat plz,neither,0.03945320844208391,0.33037608806864915,0.630170703489267
Let's get it Tyler!,neither,0.022703678285587937,0.3738518724980972,0.6034444492163149
I cant sub with twitch prime why,neither,0.025730356854817605,0.3652470805856701,0.6090225625595123
@re3l wait about 20 minutes and itll pop up,neither,0.0365436674615004,0.34020462053874717,0.6232517119997523
is it just one game? or several?,neither,0.0393863052209877,0.33695466894795584,0.6236590258310564
DoritosChip DoritosChip DoritosChip DoritosChip DoritosChip DoritosChip DoritosChip DoritosChip DoritosChip DoritosChip DoritosChip DoritosChip DoritosChip DoritosChip DoritosChip DoritosChip DoritosChip DoritosChip DoritosChip,neither,0.03945320844208391,0.33037608806864915,0.630170703489267
Alright chat nothing but positive vibes!!!,neither,0.035720773328328785,0.3647202453781727,0.5995589812934985
!subcount,neither,0.03945320844208391,0.33037608806864915,0.630170703489267
Currently there are 67449 Ninjas subscribed to the channel,neither,0.06825369773618913,0.2416573771314687,0.6900889251323421
Hi guys,neither,0.03930687933907141,0.3328596748352989,0.6278334458256297
I hope you have recovered from the other day.,neither,0.11282167116646173,0.2080510222836277,0.6791273065499105
ninjaPon ninjaPon ninjaPon ninjaPon ninjaPon ninjaPon ninjaPon ninjaPon ninjaPon ninjaPon ninjaPon ninjaPon,neither,0.03945320844208391,0.33037608806864915,0.630170703489267
ninjaPon,neither,0.03945320844208391,0.33037608806864915,0.630170703489267
DoritosChip DoritosChip DoritosChip DoritosChip DoritosChip DoritosChip,neither,0.03945320844208391,0.33037608806864915,0.630170703489267
@savageballergrisales it hasnt ran out yet,neither,0.03339735211135643,0.348891163343355,0.6177114845452885
"Ah lol, that sucks",neither,0.028169577039574026,0.4292219804770159,0.5426084424834101
Ninja are u competing in the fall skirmish as well @ninja,neither,0.04983968224870618,0.3164035603791919,0.6337567573721019
3 months baby,neither,0.03945320844208391,0.33037608806864915,0.630170703489267
lets go,neither,0.039984317429425154,0.35542799280679366,0.6045876897637812
is it just me or is he super quiet,neither,0.04486249993660698,0.3717812064031982,0.5833562936601949
ninjaPrime USE TWITCH PRIME ninjaPrime,neither,0.01671433956056557,0.4070436486814695,0.5762420117579649
!setmulti twitchconesportsstage,neither,0.03945320844208391,0.33037608806864915,0.630170703489267
"@m4ze -> The command ""!multi"" has been edited successfully.",neither,0.038911921397275694,0.31874189408574216,0.6423461845169822
Yohoooooo... NINJAAAAA WIN IT FORHEADDD,neither,0.037133505928817465,0.3311739401343179,0.6316925539368646
CANT HEAR YOU,neither,0.06308828617938321,0.39534119910670873,0.541570514713908
DoritosChip DoritosChip DoritosChip DoritosChip DoritosChip DoritosChip DoritosChip DoritosChip DoritosChip DoritosChip DoritosChip DoritosChip DoritosChip DoritosChip DoritosChip DoritosChip DoritosChip DoritosChip DoritosChip DoritosChip DoritosChip DoritosChip DoritosChip DoritosChip DoritosChip DoritosChip DoritosChip DoritosChip DoritosChip DoritosChip DoritosChip DoritosChip DoritosChip DoritosChip DoritosChip DoritosChip DoritosChip DoritosChip,neither,0.03945320844208391,0.33037608806864915,0.630170703489267
!uptime,neither,0.03945320844208391,0.33037608806864915,0.630170703489267
Ninja has been streaming for 3 minutes 33 seconds,neither,0.036078828691740394,0.31256560255387583,0.6513555687543837
ninjaPopcorn ninjaPopcorn ninjaPopcorn ninjaPopcorn,neither,0.03945320844208391,0.33037608806864915,0.630170703489267
Is he competing in skirmish @ me,neither,0.044832068823467436,0.36502248548958116,0.5901454456869515
1000 views for ninja,neither,0.03487083346339669,0.3074793497712987,0.6576498167653047
!title,neither,0.03945320844208391,0.33037608806864915,0.630170703489267
@adarsh0302 -> Current Stream Title: DORITOS BOWL! | Breast Cancer Hoodie LIVE! Teamninja.com | @Ninja @teamninja on socials,neither,0.04007801317334631,0.335449432868735,0.6244725539579188
DoritosChip DoritosChip DoritosChip DoritosChip,neither,0.03945320844208391,0.33037608806864915,0.630170703489267
!multi,neither,0.03945320844208391,0.33037608806864915,0.630170703489267
multistre.am/ninja/twitchconesportsstage,neither,0.03922850912367564,0.33045337246797235,0.630318118408352
!multi,neither,0.03945320844208391,0.33037608806864915,0.630170703489267
ninjaPrime USE TWITCH PRIME ninjaPrime ninjaPrime USE TWITCH PRIME ninjaPrime ninjaPrime USE TWITCH PRIME ninjaPrime ninjaPrime USE TWITCH PRIME ninjaPrime,neither,0.01671433956056557,0.4070436486814695,0.5762420117579649
bout time this head is live,neither,0.044530027397028195,0.44389193986000386,0.511578032742968
,neither,0.03945320844208391,0.33037608806864915,0.630170703489267
ninjaIQ ninjaIQ ninjaIQ ninjaIQ ninjaIQ ninjaIQ ninjaIQ ninja10 ninja10 ninja10 ninja10 ninja10 ninja10 ninja10 ninja10,neither,0.03945320844208391,0.33037608806864915,0.630170703489267
!uptime,neither,0.03945320844208391,0.33037608806864915,0.630170703489267
Ninja has been streaming for 4 minutes 10 seconds,neither,0.035850120125353144,0.3113567276014471,0.6527931522731997
WE CANT HEAR YOU,neither,0.06007849148149683,0.3916225953211386,0.5482989131973645
ninjaThrow ninjaBlast2 ninjaBlast3,neither,0.03945320844208391,0.33037608806864915,0.630170703489267
ninja's subs really going down. FeelsBadMan,neither,0.03819935235267058,0.3516572982096297,0.6101433494376997
ninjaCreep ninjaCreep ninjaCreep ninjaCreep,neither,0.03945320844208391,0.33037608806864915,0.630170703489267
cant hear,neither,0.03945320844208391,0.33037608806864915,0.630170703489267
love you ninja,neither,0.055614303534325615,0.40605032358192344,0.538335372883751
No audio Ninja,neither,0.03873646734677236,0.3425410550012885,0.6187224776519391
!SUBCOUNT,neither,0.03945320844208391,0.33037608806864915,0.630170703489267
ok,neither,0.03935517884257045,0.3320399062092607,0.6286049149481688
Currently there are 67440 Ninjas subscribed to the channel,neither,0.06825369773618913,0.2416573771314687,0.6900889251323421
whole lotta gang shit,offensive_language,0.046315721782324105,0.9495084177193446,0.004175860498331233
@ninja your mic is terrible,neither,0.07233588105938905,0.3206182170646606,0.6070459018759503
@adarsh0302 he didnt stream for 2 days,neither,0.03853575297444311,0.30445335828802594,0.6570108887375309
Can’t hear u ninja,neither,0.03973572548440702,0.3255810365496988,0.6346832379658941
ninjaAdore ninjaAdore ninjaAdore,neither,0.03945320844208391,0.33037608806864915,0.630170703489267
uhm fortnite?,neither,0.03945320844208391,0.33037608806864915,0.630170703489267
lets go ninja!,neither,0.03981812293322871,0.3475555400903652,0.6126263369764061
!uptime,neither,0.03945320844208391,0.33037608806864915,0.630170703489267
Ninja has been streaming for 5 minutes 7 seconds,neither,0.035678679601720456,0.31045049647393935,0.6538708239243401
Lets go Ninja GOOD FUKN LUCK IN THE TOURNAMENT whoop some fukn ass mah dudu,offensive_language,0.07594482516363686,0.7107620947231105,0.21329308011325274
!give,neither,0.03945320844208391,0.33037608806864915,0.630170703489267
ninjaPon Ninja take notgtakingz's energy ninjaPon,neither,0.03945320844208391,0.33037608806864915,0.630170703489267
!give,neither,0.03945320844208391,0.33037608806864915,0.630170703489267
level 3 armor off the bat JEEZ,neither,0.038758480407054784,0.3177381661817415,0.6435033534112038
TEST,neither,0.03945320844208391,0.33037608806864915,0.630170703489267
Can’t hear you @ninja,neither,0.05741228111201965,0.37468140775819175,0.5679063111297886
ninjaAdore,neither,0.03945320844208391,0.33037608806864915,0.630170703489267
!uptime,neither,0.03945320844208391,0.33037608806864915,0.630170703489267
Ninja has been streaming for 5 minutes 43 seconds,neither,0.0360345779618468,0.3123317160148309,0.6516337060233222
@str8d1n3r0 sup,neither,0.03945320844208391,0.33037608806864915,0.630170703489267
!give,neither,0.03945320844208391,0.33037608806864915,0.630170703489267
I LUV YOU,neither,0.06666059860292295,0.4042291276308796,0.5291102737661973
ResidentSleeper ResidentSleeper,neither,0.03945320844208391,0.33037608806864915,0.630170703489267
Guys can u tell me why Ninja didn't participated in FORTNITE ?,neither,0.02102260876084323,0.3910288979849783,0.5879484932541784
@maddened sup mah dude sutoSwag,neither,0.03945320844208391,0.33037608806864915,0.630170703489267
nightbot is annoying,neither,0.05346295554390151,0.3255574936149395,0.6209795508411591
WutFace,neither,0.03945320844208391,0.33037608806864915,0.630170703489267
@twitchxxrocky @xile_inferno716 It's the best he can do during a tourney,neither,0.04320094199304197,0.3021936330079413,0.6546054249990167
doritos bowl is his thing,neither,0.06902790488059612,0.3288612455233594,0.6021108495960446
Hi mom,neither,0.03945320844208391,0.33037608806864915,0.630170703489267
Hi dad,neither,0.03945320844208391,0.33037608806864915,0.630170703489267
hey Jim,neither,0.03945320844208391,0.33037608806864915,0.630170703489267
!uptime,neither,0.03945320844208391,0.33037608806864915,0.630170703489267
Ninja has been streaming for 6 minutes 23 seconds,neither,0.036009324457300686,0.31219823727366697,0.6517924382690324
ninjaPrime USE TWITCH PRIME ninjaPrime ninjaPrime USE TWITCH PRIME ninjaPrime ninjaPrime USE TWITCH PRIME ninjaPrime ninjaPrime USE TWITCH PRIME ninjaPrime,neither,0.01671433956056557,0.4070436486814695,0.5762420117579649
ninjaCash,neither,0.03945320844208391,0.33037608806864915,0.630170703489267
Ninja we cant hear you,neither,0.05417885927054539,0.375058201043565,0.5707629396858896
mic is kinda sucky,neither,0.04591379364703453,0.3281539965626393,0.625932209790326
Hi dead grandpa,neither,0.03945320844208391,0.33037608806864915,0.630170703489267
audio is kinda bad,neither,0.04334182495649564,0.32903861453448974,0.6276195605090147
ninjaHype ninjaHype ninjaHype ninjaHype ninjaHype ninjaHype ninjaHype ninjaHype ninjaHype ninjaHype ninjaHype ninjaPon ninjaPon ninjaPon ninjaPon,neither,0.03945320844208391,0.33037608806864915,0.630170703489267
zzthejGasm,neither,0.03945320844208391,0.33037608806864915,0.630170703489267
warm up?,neither,0.03576994819637423,0.406925827372785,0.5573042244308408
ninjaStars ninjaH ninjaBlood,neither,0.03945320844208391,0.33037608806864915,0.630170703489267
audio = ass,offensive_language,0.11467735472629968,0.8836456078753273,0.0016770373983729103
@Maddened hey man,neither,0.039706915135239045,0.43074372746631245,0.5295493573984484
ninjaClap ninjaPon ninjaClap ninjaPon ninjaClap ninjaPon ninjaClap ninjaPon ninjaClap ninjaClap ninjaClap,neither,0.03945320844208391,0.33037608806864915,0.630170703489267
ninjaPrime ninjaPrime ninjaPrime ninjaPrime ninjaPrime ninjaPrime ninjaPrime ninjaPrime ninjaPrime ninjaPrime ninjaPrime ninjaPrime ninjaPrime ninjaPrime ninjaPrime ninjaPon ninjaPon ninjaPon ninjaPon ninjaPon ninjaPon ninjaPon ninjaPon ninjaPon ninjaPon ninjaPon ninjaPon ninjaAim ninjaAim ninjaAim ninjaAim ninjaAim ninjaBush ninjaBush ninjaBush ninjaBush,neither,0.03945320844208391,0.33037608806864915,0.630170703489267
ninjaPrime ninjaPrime ninjaPrime ninjaPrime,neither,0.03945320844208391,0.33037608806864915,0.630170703489267
is he not gonna play in the fortnite fall skirmish??,neither,0.0491786813325071,0.3578665681431615,0.5929547505243313
Gotta fix the audio?,neither,0.037320652747865876,0.34112552252885053,0.6215538247232836
GET EM BOI,neither,0.038855570986879355,0.3405195553929414,0.6206248736201793
!subcount,neither,0.03945320844208391,0.33037608806864915,0.630170703489267
Currently there are 67438 Ninjas subscribed to the channel,neither,0.06825369773618913,0.2416573771314687,0.6900889251323421
"No, this is the real thing",neither,0.037488034996116484,0.46102465451334057,0.501487310490543
dont think its ninjas equipment guys,neither,0.03475590137781394,0.3263068873227153,0.6389372112994709
POGGERS,neither,0.03945320844208391,0.33037608806864915,0.630170703489267
ninja mic is bad,neither,0.0433189580741244,0.32904647950391186,0.6276345624219638
@jdhknuckles yo,offensive_language,0.04010381111145228,0.5271105317972344,0.4327856570913131
DBstyle,neither,0.03945320844208391,0.33037608806864915,0.630170703489267
NINJA LOOKIN LIKE A SNACK,neither,0.048362766386883,0.34349238747697364,0.6081448461361435
Is it normal to not be able to hear ninja that well?,neither,0.04907731105105293,0.3548486374758946,0.5960740514730525
ninja we cant hear you,neither,0.05417885927054539,0.375058201043565,0.5707629396858896
we cant hear you @Ninja,neither,0.05417885927054539,0.375058201043565,0.5707629396858896
We can hear everyone but Ninja,neither,0.03221540567092698,0.4195221797310546,0.5482624145980183
TYLER LOOKING CUTE,neither,0.04133119162453495,0.29850181231690176,0.6601669960585633
ninja in fall skirmish at all???,neither,0.04033934585974334,0.42142366787257174,0.5382369862676849
Ninja is mute,neither,0.047073324402479154,0.3277551807648605,0.6251714948326603
we cant hear ninja,neither,0.039315409598318744,0.33271489407366894,0.6279696963280123
ninja mic is too far or low,neither,0.044869551286648074,0.33146061653827774,0.6236698321750742
cant hear ninja,neither,0.03945320844208391,0.33037608806864915,0.630170703489267
Is anyone going to reed chat in order to know to fix audio?,neither,0.054094093640650695,0.336462128163183,0.6094437781961662
"guys hes in a tournament relax, he aint reading chat right now",neither,0.04234430009170116,0.37980155425712053,0.5778541456511783
The mic is way to low but high for everyone else lmao,neither,0.03533859987520202,0.4234407793527037,0.5412206207720942
friggin you cant expect best quality for each individual streamer .... they did the best they can for stuff chat,neither,0.03892315442281245,0.3054699513608499,0.6556068942163377
POG CHAMP,neither,0.03945320844208391,0.33037608806864915,0.630170703489267
Chat he can’t see this,neither,0.045429926338833825,0.3251797959474422,0.629390277713724
!subcount,neither,0.03945320844208391,0.33037608806864915,0.630170703489267
POGGERS,neither,0.03945320844208391,0.33037608806864915,0.630170703489267
Currently there are 67437 Ninjas subscribed to the channel,neither,0.06825369773618913,0.2416573771314687,0.6900889251323421
is ninja in fall skirmish,neither,0.04759933834011029,0.3275742604510231,0.6248264012088666
At least increase the volume so we could hear Tyler,neither,0.03833026986429113,0.36136610765943106,0.6003036224762778
Pog,neither,0.03945320844208391,0.33037608806864915,0.630170703489267
ninjaGold ninjaGold ninjaGold ninjaGold,neither,0.03945320844208391,0.33037608806864915,0.630170703489267
ninjaThirst ninjaThirst ninjaThirst,neither,0.03945320844208391,0.33037608806864915,0.630170703489267
someone else could be reading it.,neither,0.038592805874961486,0.3341734248558545,0.627233769269184
ninjaCreep ninjaCreep ninjaCreep,neither,0.03945320844208391,0.33037608806864915,0.630170703489267
,neither,0.03945320844208391,0.33037608806864915,0.630170703489267
@yoel_7_ that's what I was thinking,neither,0.040989827658687285,0.3802953338672562,0.5787148384740565
he prob doesnt even have chat up tbh,neither,0.04008984954624939,0.3788598900612177,0.5810502603925329
obviously he wont be readin it. but someone else will.,neither,0.041073762385939544,0.3217085577108895,0.6372176799031709
!uptime,neither,0.03945320844208391,0.33037608806864915,0.630170703489267
Ninja has been streaming for 8 minutes 11 seconds,neither,0.035893923247677505,0.31158826302741743,0.652517813724905
"Only 67k subs, guys sub to hi",neither,0.04427079108444286,0.32891518465308134,0.6268140242624758
My son,neither,0.02249418853386377,0.4715630647504391,0.5059427467156972
!uptime,neither,0.03945320844208391,0.33037608806864915,0.630170703489267
@Mlsto someone else HAS to be monitoring the stream on his end tho right?,neither,0.054282671187448374,0.34286635095765317,0.6028509778548985
@mlsto are you modding,neither,0.3074667772907956,0.2930344039624175,0.399498818746787
gl boies,neither,0.03945320844208391,0.33037608806864915,0.630170703489267
ninjaPon ninjaPon ninjaPon,neither,0.03945320844208391,0.33037608806864915,0.630170703489267
ninjaPon,neither,0.03945320844208391,0.33037608806864915,0.630170703489267
@bopacetic you go do it then ..... they already spend hundreds of thousands of dollars on equipment alone so they did the best they could for all types of streamers,neither,0.041113250849934856,0.3814994924259108,0.5773872567241544
ninjaCreep ninjaCreep ninjaCreep ninjaCreep ninjaCreep ninjaCreep,neither,0.03945320844208391,0.33037608806864915,0.630170703489267
Damn guy got timed out for that. Mods grumpy today,offensive_language,0.03128738148709735,0.6884639938853924,0.2802486246275102
ScaredyCat ScaredyCat,neither,0.03945320844208391,0.33037608806864915,0.630170703489267
@JDHknuckles umm who? its just him at a computer lol nobody is behind ghim reading,offensive_language,0.029461246428256208,0.4987905731230115,0.4717481804487323
ninja10 ninja10 ninja10,neither,0.03945320844208391,0.33037608806864915,0.630170703489267
Live at twitchcon. Message sent to soo.,neither,0.04779316758795499,0.34439266723938344,0.6078141651726616
Is this a practice game,neither,0.04723978919126235,0.28615581805177603,0.6666043927569617
@jghosty we can’t hear Tyler,neither,0.0395711264623884,0.32837471152257164,0.6320541620150399
Can't here ninja,neither,0.09607432873043532,0.28191258544697295,0.6220130858225916
FortLlama FortLlama FortLlama,neither,0.03945320844208391,0.33037608806864915,0.630170703489267
was fear itself a last minute addition to team?,neither,0.04343395318392165,0.3292245137092956,0.6273415331067828
@AXELL001 Don't complain please,neither,0.03945320844208391,0.33037608806864915,0.630170703489267
"@jdhknuckles they should, if not... is pretty dumb to not be monitored",neither,0.04148719014582431,0.4159141175266433,0.5425986923275324
cant hear you my man,offensive_language,0.04211062020996569,0.5650705636517025,0.3928188161383318
please dude fix your mic,neither,0.06415748183782947,0.32352332171711135,0.6123191964450592
Turn your mic up. We can’t hear you @ninja,neither,0.07466858604351943,0.3969774249354251,0.5283539890210556
Waddup ninj,neither,0.03945320844208391,0.33037608806864915,0.630170703489267
ninjaCry,neither,0.03945320844208391,0.33037608806864915,0.630170703489267
We cant hear ya ;(,offensive_language,0.025255640679057983,0.5857174592667288,0.38902690005421314
Hi,neither,0.03945320844208391,0.33037608806864915,0.630170703489267
Mic chech Ninja,neither,0.03945320844208391,0.33037608806864915,0.630170703489267
why cantt we hear the main man,neither,0.028151197155002968,0.39025564982416383,0.5815931530208334
Guys Relaax.. he will fix it aftr this game.,neither,0.043143295478941385,0.27651206996598077,0.6803446345550779
MODS DO YOUR JOB HELLO,neither,0.07683445675840422,0.319804277762994,0.6033612654786017
he probably doesnt have chat up guys,neither,0.03989993280990731,0.3911688419262754,0.5689312252638173
We can’t hear you man,offensive_language,0.06180882641560049,0.47607595557159577,0.4621152180128038
Sup chat,neither,0.03945320844208391,0.33037608806864915,0.630170703489267
do yall really think hes reading chat right now??? let the man play!!!,neither,0.029504967681915018,0.39409213474513244,0.5764028975729525
@Mlsto good point... but you'd think someone is making sure the stream is working...,neither,0.05293681666360558,0.420309108914988,0.5267540744214064
Mods lololololol,neither,0.03945320844208391,0.33037608806864915,0.630170703489267
Ninja we can’t hear you,neither,0.05588769546120898,0.3742239048890704,0.5698883996497207
ninjaCry,neither,0.03945320844208391,0.33037608806864915,0.630170703489267
get me paid then i'll mod,neither,0.031420370901600284,0.38046873913161305,0.5881108899667866
@mlsto emote only then ..... if they wanna complain they cant heat,neither,0.02719289426652605,0.3681805964610622,0.6046265092724119
Mods sleeping PogChamp,neither,0.03945320844208391,0.33037608806864915,0.630170703489267
we can not here ninja,neither,0.08416196642358957,0.29581689869638567,0.6200211348800246
letss gooo ninj,neither,0.03945320844208391,0.33037608806864915,0.630170703489267
Sup,neither,0.03945320844208391,0.33037608806864915,0.630170703489267
can someone tell me if ninja is in fortnite twitch con,neither,0.02835340461232243,0.3833487208518941,0.5882978745357835
ceezWelp,neither,0.03945320844208391,0.33037608806864915,0.630170703489267
ninjaGold ninjaHi,neither,0.03945320844208391,0.33037608806864915,0.630170703489267
ninja your beautiful,neither,0.07279556732292941,0.3211081362034641,0.6060962964736063
!uptime,neither,0.03945320844208391,0.33037608806864915,0.630170703489267
Ninja has been streaming for 10 minutes 15 seconds,neither,0.03605342854598073,0.3124313509635176,0.6515152204905017
fvck do you your job mods,neither,0.09880466451154182,0.36453161146149793,0.5366637240269603
really,neither,0.03945320844208391,0.33037608806864915,0.630170703489267
I love uotbninaj,neither,0.03217296676969875,0.3657703709031763,0.602056662327125
Can't here you Ninja,neither,0.13435007128848983,0.3244313579382327,0.5412185707732776
I'm at twitchcon so no modding for me ninjaTooth,neither,0.021818594269372882,0.44277697739861555,0.5354044283320115
@tg3211 no,neither,0.036918905254960256,0.37338982715841207,0.5896912675866277
!subcount,neither,0.03945320844208391,0.33037608806864915,0.630170703489267
MIC,neither,0.03945320844208391,0.33037608806864915,0.630170703489267
ninjaGold,neither,0.03945320844208391,0.33037608806864915,0.630170703489267
Currently there are 67434 Ninjas subscribed to the channel,neither,0.06825369773618913,0.2416573771314687,0.6900889251323421
@twitzh playa playa sutoSwag,neither,0.03945320844208391,0.33037608806864915,0.630170703489267
