text,top_class,hate_speech,offensive_language,neither
@ninja welcome!,neither,0.03945320844208391,0.33037608806864915,0.630170703489267
Is it called xbox1 two,neither,0.049205575368154585,0.31354424028321054,0.6372501843486349
@ninja welcome,neither,0.03945320844208391,0.33037608806864915,0.630170703489267
Hey,neither,0.03945320844208391,0.33037608806864915,0.630170703489267
FIRST,neither,0.02604892428726219,0.3349864360510187,0.6389646396617191
Damn,offensive_language,0.042479326866149344,0.9516554255713155,0.005865247562535126
Hi,neither,0.03945320844208391,0.33037608806864915,0.630170703489267
Hey NINJAA!!,neither,0.03945320844208391,0.33037608806864915,0.630170703489267
Sup kids,neither,0.03945320844208391,0.33037608806864915,0.630170703489267
hi,neither,0.03945320844208391,0.33037608806864915,0.630170703489267
Rar,neither,0.03945320844208391,0.33037608806864915,0.630170703489267
ninjaCreep,neither,0.03945320844208391,0.33037608806864915,0.630170703489267
ninjaAdore,neither,0.03945320844208391,0.33037608806864915,0.630170703489267
HI,neither,0.03945320844208391,0.33037608806864915,0.630170703489267
I’m His 100th viewer,neither,0.14069094616772104,0.3246784056473605,0.5346306481849185
hi ninja,neither,0.03945320844208391,0.33037608806864915,0.630170703489267
true fans here know when the stream starts!,neither,0.05730294816441567,0.3281719718001254,0.6145250800354589
Sup,neither,0.03945320844208391,0.33037608806864915,0.630170703489267
,neither,0.03945320844208391,0.33037608806864915,0.630170703489267
yay,neither,0.03945320844208391,0.33037608806864915,0.630170703489267
Supkids and I was first,neither,0.02786191652018171,0.2755546884846178,0.6965833949952005
YEET,neither,0.03945320844208391,0.33037608806864915,0.630170703489267
Here,neither,0.22097653003277068,0.2221615150675793,0.55686195489965
ninja,neither,0.03945320844208391,0.33037608806864915,0.630170703489267
no ads feels good jgoPrime jgoPrime,neither,0.03813429540375427,0.34329186460396155,0.6185738399922842
Ok,neither,0.03935517884257045,0.3320399062092607,0.6286049149481688
To,neither,0.08141052394132535,0.3085008144527792,0.6100886616058954
@ninja I hope you had a good break!,neither,0.09352883743306768,0.26521449495579547,0.6412566676111369
ninjaPrime ninjaPrime ninjaPrime ninjaPrime ninjaPrime ninjaPrime ninjaPrime ninjaPrime,neither,0.03945320844208391,0.33037608806864915,0.630170703489267
Yo,offensive_language,0.04010381111145228,0.5271105317972344,0.4327856570913131
First,neither,0.02604892428726219,0.3349864360510187,0.6389646396617191
FIRST oh never mind,neither,0.03290997861338022,0.32368891776217334,0.6434011036244465
What is this old ninj,neither,0.0623574193193552,0.32177239648400346,0.6158701841966413
1st one here,neither,0.10231931101950963,0.3188375120327251,0.5788431769477652
who hear will make my day and gist me a sub to a channel,neither,0.03179710356675635,0.3992486968786638,0.5689541995545797
@Maddened i came here cuz of your discord ping,neither,0.11863728067091482,0.28720588771535316,0.5941568316137321
Ninja,neither,0.03945320844208391,0.33037608806864915,0.630170703489267
hi,neither,0.03945320844208391,0.33037608806864915,0.630170703489267
Good evening my boi @Ninja,neither,0.03064749078426497,0.39406738322803414,0.5752851259877009
Hi ninja,neither,0.03945320844208391,0.33037608806864915,0.630170703489267
yo,offensive_language,0.04010381111145228,0.5271105317972344,0.4327856570913131
ninjaGold ninjaGold ninjaGold ninjaGold ninjaGold,neither,0.03945320844208391,0.33037608806864915,0.630170703489267
ninjaPon,neither,0.03945320844208391,0.33037608806864915,0.630170703489267
ninjaPon,neither,0.03945320844208391,0.33037608806864915,0.630170703489267
yoooo,neither,0.03945320844208391,0.33037608806864915,0.630170703489267
Ninja what do u think about the nfl skins,neither,0.04276747381834242,0.3285812375051266,0.6286512886765309
FortOne FortOne FortOne FortOne FortOne,neither,0.03945320844208391,0.33037608806864915,0.630170703489267
YO,offensive_language,0.04010381111145228,0.5271105317972344,0.4327856570913131
nfl skins are so cool,neither,0.06063430891233242,0.3292923875290997,0.6100733035585678
yeet,neither,0.03945320844208391,0.33037608806864915,0.630170703489267
My boy POST,neither,0.026187464296934825,0.43612677448875264,0.5376857612143126
@sholehdg cool,neither,0.03945320844208391,0.33037608806864915,0.630170703489267
Sup sup everyone! ninjaHi,neither,0.03537215844842799,0.3996421571527619,0.56498568439881
ninjaCry ninjaCry ninjaCry ninjaCry ninjaCry ninjaCry ninjaCry ninjaCry,neither,0.03945320844208391,0.33037608806864915,0.630170703489267
im so happy,neither,0.03817749816449273,0.44367491088218625,0.5181475909533211
Hi ninja,neither,0.03945320844208391,0.33037608806864915,0.630170703489267
Hey early stream,neither,0.04086182005675563,0.3064682727842963,0.6526699071589481
will anyone make my day and gidt me a sub to a channel?,neither,0.03138057380305716,0.3580322072778769,0.6105872189190659
hullo,neither,0.03945320844208391,0.33037608806864915,0.630170703489267
got me a pon pon hoodie! ninjaPon ninjaPon ninjaPon ninjaPon,neither,0.03000440187076926,0.4263831394051358,0.5436124587240948
Ninja misses jess already playing fall apart remix lol,neither,0.034895981074378815,0.3675396898429261,0.597564329082695
Hey,neither,0.03945320844208391,0.33037608806864915,0.630170703489267
Ninja and Post dous!?!,neither,0.0386537848814291,0.2898757186291317,0.6714704964894392
Hi ninja,neither,0.03945320844208391,0.33037608806864915,0.630170703489267
I suppose I’m first,neither,0.030789137130369116,0.3333560594889582,0.6358548033806727
@Elite_Ari_22 please dont beg for subs,neither,0.03481358465618661,0.3071937300789997,0.6579926852648136
What remix is this?,neither,0.05652107342251415,0.3239355113278345,0.6195434152496514
N,neither,0.03945320844208391,0.33037608806864915,0.630170703489267
So good,neither,0.03814044697628118,0.4245687317089837,0.5372908213147352
need a new car hmu,neither,0.04273094093072635,0.2428899404630906,0.7143791186061832
Hi early squad,neither,0.04089270840081603,0.3059440169734368,0.6531632746257471
￼,neither,0.03945320844208391,0.33037608806864915,0.630170703489267
NEW WALLPAPER POGGERS,neither,0.04660400397451208,0.1401930676750457,0.8132029283504423
Wasgoood my ninjas,offensive_language,0.011017215557639733,0.6062201221254095,0.3827626623169507
longest shower and poop ever,neither,0.03884565779786921,0.3003674742339295,0.6607868679682014
couragePOGGERS couragePOGGERS courageLOGO courageLOGO courageLOGO courageLOGO courageLOGO ninjaCreep ninjaCreep ninjaCreep ninjaCreep ninjaCreep ninjaCreep ninjaCreep ninjaCreep,neither,0.03945320844208391,0.33037608806864915,0.630170703489267
ninjaAdore,neither,0.03945320844208391,0.33037608806864915,0.630170703489267
I hear him loading in :),neither,0.03926970416537142,0.33349063455246003,0.6272396612821686
ninjaClap ninjaCreep ninjaClap ninjaCreep ninjaCreep ninjaCreep,neither,0.03945320844208391,0.33037608806864915,0.630170703489267
ninjaCreep,neither,0.03945320844208391,0.33037608806864915,0.630170703489267
ninjaAdoreninjaAdore,neither,0.03945320844208391,0.33037608806864915,0.630170703489267
TYLER YOU ARE SO FUCKIN CUTE,offensive_language,0.1517115961934615,0.8354008976485368,0.012887506158001785
Ninja do you have the ghoul trooper,neither,0.05247493716726466,0.35917646953276083,0.5883485932999746
ninjaPon ninjaPon ninjaPon ninjaPon ninjaPon,neither,0.03945320844208391,0.33037608806864915,0.630170703489267
ninjaPon,neither,0.03945320844208391,0.33037608806864915,0.630170703489267
@Maddened sorry didnt mean to beg i just really want to play with some of my fav streamers and i have to sub to do that!,neither,0.03234887171313095,0.3972038930346625,0.5704472352522065
ninj asuh dude,neither,0.03945320844208391,0.33037608806864915,0.630170703489267
hi ninja,neither,0.03945320844208391,0.33037608806864915,0.630170703489267
i liek the post malone dude',neither,0.03881903643187842,0.3188580437637236,0.642322919804398
Can I get a g the chat,neither,0.038138264368786826,0.3162740387913634,0.6455876968398497
ninjaHype ninjaHype ninjaHype ninjaHype ninjaHype ninjaHype ninjaHype ninjaHype ninjaHyper ninjaHyperr,neither,0.03945320844208391,0.33037608806864915,0.630170703489267
lupoBOOTY ninjaCreep lupoBOOTY ninjaCreep lupoBOOTY ninjaCreep lupoBOOTY ninjaCreep lupoBOOTY ninjaCreep lupoBOOTY ninjaCreep lupoBOOTY ninjaCreep lupoBOOTY ninjaCreep lupoBOOTY ninjaCreep lupoBOOTY ninjaCreep lupoBOOTY ninjaCreep lupoBOOTY ninjaCreep lupoBOOTY ninjaCreep lupoBOOTY ninjaCreep lupoBOOTY ninjaCreep lupoBOOTY ninjaCreep lupoBOOTY ninjaCreep lupoBOOTY ninjaCreep lupoBOOTY ninjaCreep lupoBOOTY ninjaCreep lupoBOOTY ninjaCreep,neither,0.03945320844208391,0.33037608806864915,0.630170703489267
this countdown tho,neither,0.03220121897034629,0.349842306670335,0.6179564743593187
Fart suit,neither,0.03945320844208391,0.33037608806864915,0.630170703489267
ninjaAdore ninjaAdore ninjaAdore ninjaAdore ninjaAdore ninjaAdore ninjaAdore ninjaAdore ninjaAdore,neither,0.03945320844208391,0.33037608806864915,0.630170703489267
ninjaH ninjaH ninjaH ninjaH ninjaH ninjaH,neither,0.03945320844208391,0.33037608806864915,0.630170703489267
NINJAS,neither,0.03945320844208391,0.33037608806864915,0.630170703489267
ninjaHype ninjaHype ninjaHype ninjaHype ninjaHype ninjaHype ninjaHype ninjaHype ninjaHype ninjaHype ninjaHype,neither,0.03945320844208391,0.33037608806864915,0.630170703489267
ninjaS ninjaS ninjaS,neither,0.03945320844208391,0.33037608806864915,0.630170703489267
@Elite_Ari_22 ninja does not play with subs,neither,0.022465128315460634,0.4515249733854477,0.5260098982990916
Is Save the World worth it if you're a solo player?,neither,0.045325958648840016,0.42741101286489763,0.5272630284862623
FortOne FortOne FortOne FortOne FortOne FortOne FortOne FortOne FortOne FortOne FortOne FortOne FortOne FortOne,neither,0.03945320844208391,0.33037608806864915,0.630170703489267
Never forget that Washington Post article that shit on post malone,offensive_language,0.0437766162519043,0.8927800047984319,0.06344337894966373
what up ninj,neither,0.04549209283961305,0.43877665191533993,0.5157312552450469
ninjaCreep ninjaCreep ninjaCreep ninjaCreep ninjaCreep ninjaCreep ninjaCreep,neither,0.03945320844208391,0.33037608806864915,0.630170703489267
40 seconds my friends,neither,0.029179051220417546,0.40953357644411437,0.5612873723354682
This after dark??,neither,0.03933912487012606,0.3323123840191714,0.6283484911107026
Lesgo,neither,0.03945320844208391,0.33037608806864915,0.630170703489267
ninja post malone is sus,neither,0.044720369531788415,0.3285644698410544,0.6267151606271573
Heyyy,neither,0.03945320844208391,0.33037608806864915,0.630170703489267
"@mrShapoopy11 not yet, maybe later",neither,0.03814947475678641,0.33527334130236186,0.6265771839408516
ninjaPon ninjaPon ninjaPon ninjaPon ninjaPon ninjaPon ninjaPon FortOne FortOne FortOne FortOne FortOne ninjaPon ninjaPon ninjaPon ninjaPon ninjaPon FortOne FortOne FortOne FortOne FortOne ninjaPon ninjaPon FortOne FortOne FortOne,neither,0.03945320844208391,0.33037608806864915,0.630170703489267
ninjaPon,neither,0.03945320844208391,0.33037608806864915,0.630170703489267
20,neither,0.03945320844208391,0.33037608806864915,0.630170703489267
Sing it ninj,neither,0.037459284651233826,0.3310618898928993,0.6314788254558669
ninjaThirst,neither,0.03945320844208391,0.33037608806864915,0.630170703489267
NINJA POGGERS,neither,0.03945320844208391,0.33037608806864915,0.630170703489267
No TheLatchkeyKid,neither,0.036918905254960256,0.37338982715841207,0.5896912675866277
@Maddened im subbed to ninja with twitch prime but i dont have the money to sub to others,neither,0.040018535733027355,0.35785060668844265,0.60213085757853
Hey ninja i know someone that knows your brother I thought that’s pretty cool,neither,0.052924481232955095,0.3158561820948808,0.6312193366721642
holy shit these graphics are insane,offensive_language,0.07367693517186015,0.9245950866434042,0.0017279781847357044
hi,neither,0.03945320844208391,0.33037608806864915,0.630170703489267
ninja sus,neither,0.03945320844208391,0.33037608806864915,0.630170703489267
"That Washington Post article was great, actually, lol",neither,0.03087014116520885,0.3758491644404017,0.5932806943943896
What happens in 30 seconds,neither,0.06596125303023802,0.3195049714159172,0.6145337755538446
&,neither,0.03945320844208391,0.33037608806864915,0.630170703489267
FlipThis ninjaLlama ninjaLlama ninjaLlama ninjaLlama ninjaLlama ninjaLlama ninjaLlama ninjaLlama ninjaLlama ninjaLlama ninjaLlama ninjaLlama ninjaLlama,neither,0.03945320844208391,0.33037608806864915,0.630170703489267
after dark!!!!!!!????,neither,0.03945320844208391,0.33037608806864915,0.630170703489267
jus a lil bit,neither,0.03848636088521312,0.34678601437980044,0.6147276247349865
@TheLatchkeyKid I thought it was a joke lmfao,neither,0.04834011519032153,0.2349028313514135,0.7167570534582649
ninjaAim ninjaAim ninjaAim ninjaAim ninjaAim ninjaAim ninjaAim ninjaAim ninjaAim ninjaAim ninjaAim ninjaAim ninjaAim ninjaAim ninjaAim ninjaAim ninjaAim ninjaFail ninjaFail ninjaFail ninjaFail ninjaFail,neither,0.03945320844208391,0.33037608806864915,0.630170703489267
@ninja you are stuck with me pretty much ALL day my man ninjaH,offensive_language,0.04058774507694322,0.5403244242453091,0.41908783067774763
BOOm,neither,0.03945320844208391,0.33037608806864915,0.630170703489267
ninjaPon ninjaHype,neither,0.03945320844208391,0.33037608806864915,0.630170703489267
ninjaPon,neither,0.03945320844208391,0.33037608806864915,0.630170703489267
ninjaHype,neither,0.03945320844208391,0.33037608806864915,0.630170703489267
ninjaRekt ninjaRekt ninjaRekt ninjaRekt ninjaRekt ninjaRekt ninjaRekt ninjaRekt ninjaRekt ninjaRekt ninjaRekt ninjaRekt ninjaRekt ninjaRekt ninjaRekt ninjaRekt ninjaRekt ninjaRekt ninjaRekt ninjaRekt ninjaRekt ninjaRekt ninjaRekt ninjaRekt ninjaRekt ninjaRekt ninjaRekt ninjaRekt ninjaRekt ninjaRekt ninjaRekt,neither,0.03945320844208391,0.33037608806864915,0.630170703489267
ninjaHype ninjaHype ninjaHype ninjaHype ninjaPon ninjaPon ninjaPon ninjaPon ninjaPon,neither,0.03945320844208391,0.33037608806864915,0.630170703489267
HI TYLER,neither,0.03945320844208391,0.33037608806864915,0.630170703489267
10,neither,0.03945320844208391,0.33037608806864915,0.630170703489267
Oh snap,neither,0.04610041286253887,0.2676795543969371,0.6862200327405242
7,neither,0.03945320844208391,0.33037608806864915,0.630170703489267
Yeeeeeeeeeeeeeeeeeeeeeet,neither,0.03945320844208391,0.33037608806864915,0.630170703489267
@Elite_Ari_22 got you,offensive_language,0.0938950425311807,0.6237583852237704,0.28234657224504894
boom,neither,0.03945320844208391,0.33037608806864915,0.630170703489267
!uptime,neither,0.03945320844208391,0.33037608806864915,0.630170703489267
Ninja has been streaming for 5 minutes 16 seconds,neither,0.035943709237537896,0.31185141891913704,0.652204871843325
ninjaHype ninjaHype ninjaPon ninjaHype ninjaHype ninjaPon ninjaHype ninjaHype ninjaPon ninjaHype,neither,0.03945320844208391,0.33037608806864915,0.630170703489267
4,neither,0.03945320844208391,0.33037608806864915,0.630170703489267
ninjaHype ninjaHype ninjaHype ninjaHype,neither,0.03945320844208391,0.33037608806864915,0.630170703489267
!uptime,neither,0.03945320844208391,0.33037608806864915,0.630170703489267
ninjaHype ninjaHype ninjaHype ninjaHype,neither,0.03945320844208391,0.33037608806864915,0.630170703489267
ninjaAdore ninjaAdore ninjaAdore,neither,0.03945320844208391,0.33037608806864915,0.630170703489267
TYLER YOU ARE FUCKIN CUTE,offensive_language,0.16459456272705497,0.8222080517118295,0.013197385561115505
ninjaAmazing ninjaAmazing ninjaAmazing,neither,0.03945320844208391,0.33037608806864915,0.630170703489267
ninjaAim ninjaAim ninjaAim ninjaAim ninjaAim ninjaAim,neither,0.03945320844208391,0.33037608806864915,0.630170703489267
ninjaPon ninjaPon ninjaPon ninjaPon,neither,0.03945320844208391,0.33037608806864915,0.630170703489267
Song??,neither,0.038601720699969956,0.3448280572582511,0.616570222041779
NINJA WITH THE POSTY,neither,0.0263222020672992,0.354797027418422,0.6188807705142787
@Maddened ya,offensive_language,0.017331157930923866,0.7872544665869478,0.19541437548212848
ninjaShrug ninjaShrug ninjaShrug ninjaShrug ninjaShrug ninjaShrug ninjaShrug ninjaShrug ninjaShrug ninjaShrug ninjaShrug ninjaShrug ninjaShrug ninjaShrug ninjaShrug ninjaShrug ninjaShrug ninjaShrug ninjaShrug ninjaShrug ninjaShrug ninjaShrug ninjaShrug ninjaShrug ninjaShrug ninjaShrug ninjaShrug ninjaShrug ninjaShrug ninjaShrug ninjaShrug ninjaShrug ninjaShrug ninjaShrug ninjaShrug ninjaShrug,neither,0.03945320844208391,0.33037608806864915,0.630170703489267
ninjaPon ninjaPon ninjaPon ninjaPon,neither,0.03945320844208391,0.33037608806864915,0.630170703489267
ninjaLlama ninjaLlama ninjaLlama ninjaLlama ninjaK ninjaTroll,neither,0.03945320844208391,0.33037608806864915,0.630170703489267
Lol let's gooooooo,neither,0.010757504412101068,0.48007352150944216,0.5091689740784567
I didn’t resub to ninja this time feelsbadman,neither,0.0296833873944875,0.3876871200516796,0.5826294925538329
ninjaAww ninjaAww ninjaAww ninjaAww,neither,0.03945320844208391,0.33037608806864915,0.630170703489267
WOW WHATS THIS,neither,0.039349225758675735,0.33214094557926477,0.6285098286620594
TYLER YOU ARE SO HOT,neither,0.09466206082070319,0.3786519635653579,0.5266859756139388
ninjaFan ninjaFan ninjaFan ninjaFan ninjaFan,neither,0.03945320844208391,0.33037608806864915,0.630170703489267
ninjaPon ninjaPon ninjaPon ninjaPon ninjaPon ninjaPon ninjaPon ninjaPon ninjaPon ninjaPon ninjaPon ninjaPon ninjaPon ninjaPon ninjaPon ninjaPon ninjaPon ninjaPon ninjaPon ninjaPon ninjaPon ninjaPon ninjaPon ninjaPon ninjaPon ninjaPon,neither,0.03945320844208391,0.33037608806864915,0.630170703489267
nfl skins?,neither,0.03945320844208391,0.33037608806864915,0.630170703489267
Hey ninja i know someone that knows your brother I thought that’s pretty cool,neither,0.052924481232955095,0.3158561820948808,0.6312193366721642
Hi,neither,0.03945320844208391,0.33037608806864915,0.630170703489267
ninjaDisco ninjaDisco ninjaDisco ninjaDisco ninjaDisco,neither,0.03945320844208391,0.33037608806864915,0.630170703489267
ninjaPon ninjaPon ninjaPon ninjaPon ninjaPon ninjaPon ninjaPon ninjaPon ninjaPon ninjaPon ninjaPon,neither,0.03945320844208391,0.33037608806864915,0.630170703489267
YOOOOOOOOOO,neither,0.03945320844208391,0.33037608806864915,0.630170703489267
ninjaPon,neither,0.03945320844208391,0.33037608806864915,0.630170703489267
PrimeRlyTho,neither,0.03945320844208391,0.33037608806864915,0.630170703489267
Hi daddy,neither,0.03945320844208391,0.33037608806864915,0.630170703489267
Why is his lower monitor still not on,neither,0.050747116890143114,0.37432895172797237,0.5749239313818845
ninjaShrug ninjaShrug ninjaShrug ninjaShrug ninjaShrug ninjaShrug ninjaShrug ninjaShrug ninjaShrug ninjaShrug ninjaShrug ninjaShrug ninjaShrug ninjaShrug ninjaShrug ninjaShrug ninjaShrug ninjaShrug ninjaShrug,neither,0.03945320844208391,0.33037608806864915,0.630170703489267
WHERES TYLER,neither,0.03945320844208391,0.33037608806864915,0.630170703489267
ninjaGold ninjaGold ninjaGold ninjaGold ninjaGold ninjaGold ninjaGold ninjaGold,neither,0.03945320844208391,0.33037608806864915,0.630170703489267
ninjaPon ninjaPon ninjaPon ninjaPon ninjaPon ninjaPon ninjaPon ninjaPon ninjaPon ninjaPon,neither,0.03945320844208391,0.33037608806864915,0.630170703489267
early sqaud,neither,0.042215779998293526,0.28348803902252573,0.6742961809791808
ninjaH ninjaH ninjaH ninjaH ninjaH ninjaH ninjaH ninjaH ninjaH ninjaH ninjaH ninjaH ninjaH ninjaH ninjaH ninjaH ninjaH ninjaH ninjaH ninjaH ninjaH ninjaH ninjaH ninjaH ninjaH ninjaH ninjaH ninjaH ninjaH ninjaH ninjaH ninjaH ninjaH ninjaH ninjaH ninja10 ninja10 ninja10 ninjaH ninjaH ninjaH ninjaH ninjaH ninjaH,neither,0.03945320844208391,0.33037608806864915,0.630170703489267
AaaaAahahahahahhH,neither,0.03945320844208391,0.33037608806864915,0.630170703489267
ninjaFan ninjaFan ninjaFan ninjaFan ninjaFan ninjaFan ninjaFan ninjaFan ninjaFan ninjaFan ninjaFan ninjaFan ninjaFan ninjaFan ninjaFan ninjaFan,neither,0.03945320844208391,0.33037608806864915,0.630170703489267
ninjaAmazing ninjaAmazing ninjaAmazing ninjaAmazing ninjaAmazing ninjaAmazing ninjaAmazing ninjaAmazing ninjaAmazing ninjaAmazing ninjaAmazing ninjaAmazing ninjaAmazing ninjaAmazing ninjaAmazing ninjaAmazing ninjaAmazing ninjaAmazing ninjaAmazing ninjaAmazing ninjaAmazing ninjaAmazing ninjaAmazing ninjaAmazing ninjaAmazing ninjaAmazing ninjaAmazing ninjaAmazing,neither,0.03945320844208391,0.33037608806864915,0.630170703489267
ninjaLlama ninjaLlama ninjaLlama ninjaLlama ninjaLlama ninjaLlama ninjaLlama ninjaLlama ninjaLlama ninjaLlama ninjaLlama ninjaLlama ninjaLlama ninjaLlama ninjaLlama ninjaLlama ninjaLlama ninjaLlama ninjaLlama ninjaLlama ninjaLlama ninjaLlama ninjaLlama ninjaLlama ninjaLlama ninjaLlama ninjaLlama ninjaLlama ninjaLlama,neither,0.03945320844208391,0.33037608806864915,0.630170703489267
WHY 8k VIEWERS,neither,0.027741934891099416,0.34713009233660425,0.6251279727722965
he's hiding,neither,0.046679263462426915,0.3278907163920463,0.6254300201455267
!uptime,neither,0.03945320844208391,0.33037608806864915,0.630170703489267
Ninja has been streaming for 5 minutes 56 seconds,neither,0.03605278841535164,0.31242796755837576,0.6515192440262725
ninja is your fav team lions,neither,0.06790594849110279,0.32194677656673965,0.6101472749421577
Ayyyy,neither,0.03945320844208391,0.33037608806864915,0.630170703489267
PartyPopper PrimeRlyTho PartyPopper PokCroagunk PartyPopper PokMewtwo PokCroagunk PrimeRlyTho PartyPopper PokGardevoir PartyPopper TableHere PokSuicune PartyPopper TableHere PokSuicune,neither,0.03945320844208391,0.33037608806864915,0.630170703489267
language -Captain America 2017,neither,0.20263139130895097,0.22814603240758743,0.5692225762834616
ninjaPon ninjaPon ninjaPon ninjaPon ninjaPon ninjaPon ninjaPon ninjaPon ninjaPon,neither,0.03945320844208391,0.33037608806864915,0.630170703489267
hi ninja,neither,0.03945320844208391,0.33037608806864915,0.630170703489267
ninjaClap ninjaClap ninjaClap ninjaClap ninjaClap ninjaClap ninjaClap ninjaClap ninjaClap ninjaClap ninjaClap ninjaClap ninjaClap ninjaClap ninjaClap ninjaClap ninjaClap ninjaClap,neither,0.03945320844208391,0.33037608806864915,0.630170703489267
@Ninja Loving this pon pon sweatshirt!,neither,0.03938171208618144,0.3315895678189342,0.6290287200948843
ninjaHype ninjaHype ninjaHype ninjaHype ninjaHype ninjaHype ninjaHype ninjaHype ninjaHype ninjaHype ninjaClap ninjaHype ninjaHype ninjaHype ninjaHype ninjaHype ninjaHype,neither,0.03945320844208391,0.33037608806864915,0.630170703489267
"@ninja if you messed with your mic during the break, it needs to be about double in volume",neither,0.04383470719803963,0.3981017681597699,0.5580635246421906
Lets get ready to RUMBLEEEE!!!,neither,0.04548300968529603,0.35049445140981145,0.6040225389048924
Lol,neither,0.020706217963973744,0.4882283491876925,0.4910654328483337
Hi ninja!,neither,0.03945320844208391,0.33037608806864915,0.630170703489267
Ninja....My son is a loyal fan! I'd like to purchase an autographed picture for him for Xmas. Is this even possible? Please let me know..Thanks so much,neither,0.028843057646173995,0.4064891678500804,0.5646677745037456
mic really quiet,neither,0.03945320844208391,0.33037608806864915,0.630170703489267
Yes his team is the lions,neither,0.06940373243193428,0.3150265008180998,0.6155697667499659
yo,offensive_language,0.04010381111145228,0.5271105317972344,0.4327856570913131
ninjaShrug ninjaShrug ninjaShrug ninjaShrug ninjaShrug ninjaShrug ninjaShrug ninjaShrug ninjaShrug ninjaShrug ninjaShrug ninjaShrug ninjaShrug ninjaShrug ninjaShrug ninjaShrug ninjaShrug ninjaShrug ninjaShrug ninjaShrug ninjaShrug ninjaShrug ninjaShrug ninjaShrug ninjaShrug,neither,0.03945320844208391,0.33037608806864915,0.630170703489267
ninjaHype ninjaHype ninjaHype ninjaHype ninjaHype ninjaHype ninjaHype,neither,0.03945320844208391,0.33037608806864915,0.630170703489267
HE HAS EVERYTHING NINJA,neither,0.045008674042297483,0.3221978175008426,0.63279350845686
yeet,neither,0.03945320844208391,0.33037608806864915,0.630170703489267
Cant hear you ninja,neither,0.05535939851821002,0.37529360752078345,0.5693469939610065
Sup,neither,0.03945320844208391,0.33037608806864915,0.630170703489267
Mic is too low,neither,0.047301247457180805,0.3318310151789734,0.6208677373638457
@fryyedryce are you dense,neither,0.10235066880686759,0.3262166864000532,0.5714326447930792
Count down,neither,0.03945320844208391,0.33037608806864915,0.630170703489267
#FREEDRLUPO,neither,0.03945320844208391,0.33037608806864915,0.630170703489267
hey ninj,neither,0.03945320844208391,0.33037608806864915,0.630170703489267
Why is the middle tv under the ninja logo not on,neither,0.03335921685660964,0.32983311972825413,0.6368076634151363
Hey ninja i know someone that knows your brother I thought that’s pretty cool🤗🤤,neither,0.052924481232955095,0.3158561820948808,0.6312193366721642
Hey ninja how’s life treating you?,neither,0.048485180039009645,0.4124866509212846,0.5390281690397057
ECERYONE SUB,neither,0.03945320844208391,0.33037608806864915,0.630170703489267
Turn mic up,neither,0.03662482798603032,0.38788313553210796,0.5754920364818616
Hey he called me out!,neither,0.03211874909222375,0.389132216239555,0.5787490346682214
@Ninja dont up the gain. leave the gain low. up the volume,neither,0.03585182129808075,0.35360545770847934,0.61054272099344
@ninja Greetings from Lithuania 🇱🇹 ninjaAdore ninjaAdore,neither,0.040737273169946825,0.30858215849491494,0.6506805683351382
volume is so quiet,neither,0.04657937090019406,0.36734239263625434,0.5860782364635515
VOLUME UP,neither,0.03652901740313922,0.3899780138970196,0.5734929686998411
hi ninja,neither,0.03945320844208391,0.33037608806864915,0.630170703489267
ninjaBlast2 ninjaBlast3 ninjaBlast3 ninjaBlast3,neither,0.03945320844208391,0.33037608806864915,0.630170703489267
turn up the mic:),neither,0.03572129749672266,0.36664738784258893,0.5976313146606884
@li0nspride Did he just get on?,neither,0.03576148758977279,0.38312880687287676,0.5811097055373505
hi,neither,0.03945320844208391,0.33037608806864915,0.630170703489267
ninjaShrug ninjaShrug ninjaShrug ninjaShrug ninjaShrug ninjaShrug ninjaShrug ninjaShrug ninjaShrug ninjaShrug ninjaShrug ninjaShrug ninjaShrug ninjaShrug ninjaShrug ninjaShrug ninjaShrug ninjaShrug ninjaShrug ninjaShrug ninjaShrug ninjaShrug,neither,0.03945320844208391,0.33037608806864915,0.630170703489267
whats your playlist its sick,neither,0.056061744931978186,0.32626376319373496,0.6176744918742868
Hey ninja i know someone that knows your brother I thought that’s pretty cool,neither,0.052924481232955095,0.3158561820948808,0.6312193366721642
I SEE HIS HAIR,neither,0.0788315974323793,0.3318001373297034,0.5893682652379171
@Ninja gain and volume not the same. volume up. gain stays low,neither,0.037565757883218594,0.3323116373383716,0.6301226047784099
Go pats,neither,0.04091319648627626,0.3354455221163608,0.6236412813973629
HII,neither,0.03945320844208391,0.33037608806864915,0.630170703489267
Sub,neither,0.03945320844208391,0.33037608806864915,0.630170703489267
Volume,neither,0.03945320844208391,0.33037608806864915,0.630170703489267
ninjaBlast2 ninjaBlast3 ninjaBlast3 ninjaBlast3 ninjaBlast3 ninjaBlast3 ninjaBlast3 ninjaBlast3 ninjaBlast3 ninjaBlast3 ninjaBlast3 ninjaBlast3 ninjaBlast3 ninjaBlast3 ninjaBlast3 ninjaBlast3 ninjaBlast3 ninjaBlast3 ninjaBlast3 ninjaBlast3 ninjaBlast3 ninjaBlast3 ninjaBlast3 ninjaBlast3 ninjaBlast3 ninjaBlast3 ninjaBlast3 ninjaBlast3 ninjaBlast3 ninjaBlast3 ninjaBlast3 ninjaBlast3 ninjaBlast3 ninjaBlast3 ninjaBlast3 ninjaHS,neither,0.03945320844208391,0.33037608806864915,0.630170703489267
yes @fryyedryce,neither,0.03945320844208391,0.33037608806864915,0.630170703489267
"Guarantee your PC gaming performance with BLD by NZXT. The simplest way to get a customized gaming PC. Chose the games you want to play, set a budget, and BLD takes care of the rest. Built and shipped within 48 hours with a 2-year warranty. https://nzxt.co/2k9lWJK ninja10 ninja10",neither,0.046159296404555336,0.335031206975871,0.6188094966195736
volume up,neither,0.03652901740313922,0.3899780138970196,0.5734929686998411
turn it up even more,neither,0.03590606102076813,0.3979800539468771,0.5661138850323548
Mic up pleases,neither,0.03709328213222463,0.3777820371395707,0.5851246807282046
SUB RAID NOWWW!,neither,0.03945320844208391,0.33037608806864915,0.630170703489267
"Can,t here",neither,0.16881992914034308,0.23921687992847307,0.5919631909311839
ninjaHype ninjaHype ninjaHype,neither,0.03945320844208391,0.33037608806864915,0.630170703489267
@ninja didnt really change,neither,0.03945320844208391,0.33037608806864915,0.630170703489267
better but not there yetr,neither,0.0335622292279615,0.2938594499623367,0.6725783208097018
EVERYONE SUB TO NINJAAAAAAAA,neither,0.03960617644290943,0.4366124340187426,0.5237813895383479
more still,neither,0.0411459844756419,0.3393834860502868,0.6194705294740713
Pats Nation,neither,0.03945320844208391,0.33037608806864915,0.630170703489267
Mic is quiet again,neither,0.044866913194602044,0.35539470855666944,0.5997383782487286
can i talk in chat now?,neither,0.02295159549080978,0.3312699780777412,0.6457784264314489
More,neither,0.044084690295906365,0.306805713525994,0.6491095961780997
still very quiet,neither,0.038554762984950176,0.34562505223200735,0.6158201847830425
more,neither,0.044084690295906365,0.306805713525994,0.6491095961780997
ninjaBlast1 ninjaBlast2 ninjaBlast3,neither,0.03945320844208391,0.33037608806864915,0.630170703489267
Hey ninja what’s up!,neither,0.04204829478628361,0.37821010062354693,0.5797416045901695
volume up on mic,neither,0.03487442872554836,0.386871729536911,0.5782538417375406
Go patriots,neither,0.040843730837388084,0.3352036459309789,0.6239526232316331
nope,neither,0.03945320844208391,0.33037608806864915,0.630170703489267
Still quiet,neither,0.038336320084287855,0.3493325983467894,0.6123310815689227
yes i can,neither,0.03991739006836329,0.32249771445317665,0.6375848954784602
@li0nspride Oh I didnt know. My bad,neither,0.029554092721593952,0.3699674456642673,0.6004784616141386
this pon pon hoodie is so comfy! love the merch @Ninja,neither,0.0415791005019642,0.35341861812762937,0.6050022813704065
That's good,neither,0.030536405018845077,0.4167083680611383,0.5527552269200167
that's better,neither,0.032263869722584625,0.40961070324178983,0.5581254270356256
too low,neither,0.03908188513998146,0.3366784135819242,0.6242397012780943
yes it changed some,neither,0.029870163142322742,0.3454971132778794,0.6246327235797979
Much better,neither,0.033464116335600605,0.3324360114774959,0.6340998721869036
Perfect,neither,0.03945320844208391,0.33037608806864915,0.630170703489267
Pats nation,neither,0.03945320844208391,0.33037608806864915,0.630170703489267
Ninja can you say hi to SetHauntin,neither,0.06310937800410972,0.3642704346164658,0.5726201873794244
Is ghoul coming back add do u have it ninja ninjaGold ninjaGold ninjaGold ninjaGold ninjaGold ninjaGold ninjaLlama,neither,0.04413934675506389,0.3343514511471016,0.6215092020978344
More please,neither,0.04236732932375619,0.31531842388486664,0.6423142467913772
Yo whattup,offensive_language,0.04010381111145228,0.5271105317972344,0.4327856570913131
cant see the game,neither,0.03785326910968659,0.26532190469306316,0.6968248261972502
👍👍👍👍👍,neither,0.03945320844208391,0.33037608806864915,0.630170703489267
Getting better,neither,0.03340419742441114,0.43304359169933565,0.5335522108762533
Better,neither,0.03945320844208391,0.33037608806864915,0.630170703489267
show your face,neither,0.13183098212143224,0.21080114968573638,0.6573678681928314
low still,neither,0.03819234960097372,0.3517761531816511,0.6100314972173753
That’s better,neither,0.032263869722584625,0.40961070324178983,0.5581254270356256
no change,neither,0.038153316208820565,0.35243865171552613,0.6094080320756533
!uptime,neither,0.03945320844208391,0.33037608806864915,0.630170703489267
Ninja has been streaming for 7 minutes 8 seconds,neither,0.035678679601720456,0.31045049647393935,0.6538708239243401
ninjaH,neither,0.03945320844208391,0.33037608806864915,0.630170703489267
it changed a little @Ninja,neither,0.03791828607750028,0.3353825506306897,0.6266991632918099
it doesn't sound as muffled / far away,neither,0.037735065862256174,0.3398185914767899,0.622446342660954
hello,neither,0.03945320844208391,0.33037608806864915,0.630170703489267
Uh wrong monitor,neither,0.03945320844208391,0.33037608806864915,0.630170703489267
More more,neither,0.044084690295906365,0.306805713525994,0.6491095961780997
Hi,neither,0.03945320844208391,0.33037608806864915,0.630170703489267
cant hear you...sorry,neither,0.058375394270008,0.383251702677196,0.558372903052796
It’s fine,neither,0.03718045079254588,0.33115779364299663,0.6316617555644574
Will you sign my left cheak,neither,0.04330046309085057,0.45254914504991917,0.5041503918592304
Dearest ninja please do raise the volume it is the low,neither,0.04313367550499449,0.3094360059818385,0.647430318513167
"It got a little louder, but your low end is too loud. It sounds a little off.",neither,0.05363772690814813,0.3617650053604085,0.5845972677314433
ninja you inspire me bro it touches my heart,neither,0.03448611693001005,0.4531284836779606,0.5123853993920294
ninjaLlama ninjaLlama ninjaLlama ninjaLlama ninjaLlama ninjaLlama ninjaLlama ninjaLlama ninjaLlama,neither,0.03945320844208391,0.33037608806864915,0.630170703489267
TYLER YOU ARE SO CUTE ninjaAdore,neither,0.09999049036388943,0.34488027978408425,0.5551292298520263
ninjaRed ninjaRed ninjaRed ninjaRed ninjaRed ninjaRed ninjaRed ninjaRed ninjaRed ninjaRed ninjaBull ninjaBull ninjaBull ninjaBull ninjaBull ninjaBull ninjaBull,neither,0.03945320844208391,0.33037608806864915,0.630170703489267
no,neither,0.036918905254960256,0.37338982715841207,0.5896912675866277
A little better but more,neither,0.03718065198626532,0.3367861297210789,0.6260332182926559
@Ninja up the volume until it's still too low at around 80% then start slowly increasing the gain,neither,0.03592221341142377,0.35827698466060887,0.6058008019279675
Hi,neither,0.03945320844208391,0.33037608806864915,0.630170703489267
ninjaCRINJA,neither,0.03945320844208391,0.33037608806864915,0.630170703489267
maybe raise the gain,neither,0.03867249333383297,0.3161411310127552,0.6451863756534117
Game volume is good mic needs to be up,neither,0.04711721606088385,0.33332242595816114,0.6195603579809551
What is this where tyler,neither,0.0570743582585723,0.292104018572056,0.6508216231693716
its still very low,neither,0.03273555704916933,0.3472759328868627,0.6199885100639679
no,neither,0.036918905254960256,0.37338982715841207,0.5896912675866277
Yeeeeeeeeeeeeeeeeeeeeeet @ninja,neither,0.03945320844208391,0.33037608806864915,0.630170703489267
Hello,neither,0.03945320844208391,0.33037608806864915,0.630170703489267
A little louder,neither,0.03913165087055051,0.33583375925596015,0.6250345898734893
kevin:),neither,0.03945320844208391,0.33037608806864915,0.630170703489267
ninjaH,neither,0.03945320844208391,0.33037608806864915,0.630170703489267
"game volume is good, but ninj is quiet",neither,0.047800172608912284,0.3030696543195741,0.6491301730715134
ninjaPopcorn,neither,0.03945320844208391,0.33037608806864915,0.630170703489267
yo ninja lets stream together,neither,0.038945398102393225,0.38999025682752414,0.5710643450700826
??????????,neither,0.03945320844208391,0.33037608806864915,0.630170703489267
Do you think the new ar will compete with the scar,neither,0.044646910110049946,0.2750011100725937,0.6803519798173564
IT IS FINE,neither,0.04966989790896133,0.3268621000685387,0.6234680020225001
it sounds better,neither,0.03765026422261198,0.3309962032608191,0.631353532516569
nope,neither,0.03945320844208391,0.33037608806864915,0.630170703489267
Yes,neither,0.03945320844208391,0.33037608806864915,0.630170703489267
those gains ninja,neither,0.07059812191325836,0.24718395566167975,0.682217922425062
Mics fine,neither,0.03945320844208391,0.33037608806864915,0.630170703489267
no still very low,neither,0.037694484909919515,0.3602262163121466,0.6020792987779338
you look different,neither,0.06948049342767733,0.39973004344245616,0.5307894631298665
No,neither,0.036918905254960256,0.37338982715841207,0.5896912675866277
"the first time you adjusted, it changed a little @Ninja",neither,0.04160736591646806,0.3734014181350163,0.5849912159485156
,neither,0.03945320844208391,0.33037608806864915,0.630170703489267
Worse,neither,0.05141891861655274,0.12728675839279457,0.8212943229906526
Dadddy,neither,0.03945320844208391,0.33037608806864915,0.630170703489267
in game loud,neither,0.03865382049734244,0.2802029648046848,0.6811432146979728
nope ninjaS,neither,0.03945320844208391,0.33037608806864915,0.630170703489267
its fine for the most part,neither,0.028889535999311537,0.2931727657089308,0.6779376982917577
West Virginiaaaaaaa,neither,0.03945320844208391,0.33037608806864915,0.630170703489267
Not really. I usually have you on 50% twitch volume 40% PC. I have you on like 75% 75% right now and still quiet,neither,0.05059532751988473,0.38462642789946666,0.5647782445806486
still quite,neither,0.03838834656581466,0.34844957317698244,0.613162080257203
kev ninjaAmazing ninjaAww,neither,0.03945320844208391,0.33037608806864915,0.630170703489267
It’s FINE,neither,0.03718045079254588,0.33115779364299663,0.6316617555644574
Ninja ninjaAdore,neither,0.03945320844208391,0.33037608806864915,0.630170703489267
Dearest ninja please do raise the volume it is the low. Oof,neither,0.04313367550499449,0.3094360059818385,0.647430318513167
its so loud,neither,0.03222129603735404,0.3890933929037088,0.5786853110589372
game too loud,neither,0.03842576951991865,0.28798283739381764,0.6735913930862638
I can talk,neither,0.014449253971368353,0.33012188821389177,0.6554288578147399
old mic was awesome,neither,0.0393451926960147,0.33220939717807735,0.6284454101259078
game is loud ninja is quiet,neither,0.051425129180371176,0.29572325875149313,0.6528516120681356
Country roaaaaddddd,neither,0.049738040935832506,0.32683866255685806,0.6234232965073093
Not really,neither,0.03696392572324643,0.3398373614668126,0.6231987128099411
It’s a bit better,neither,0.037676841068055335,0.3309870622649738,0.6313360966669709
you got a plug on siriusxm octane today,neither,0.04879517650729395,0.4122502994570262,0.5389545240356797
@ninja would you leave redeploy or get rid of it?,neither,0.0488004501336023,0.36622557838582126,0.5849739714805766
ninjaPon,neither,0.03945320844208391,0.33037608806864915,0.630170703489267
ninjaPon,neither,0.03945320844208391,0.33037608806864915,0.630170703489267
game to loud,neither,0.04716551744729178,0.2750551372890231,0.6777793452636851
no it's quite,neither,0.036796754966066755,0.34787324768739447,0.6153299973465387
Game is loud mic is low,neither,0.052184974942450585,0.29386042066498164,0.6539546043925678
Sounds fine,neither,0.03945320844208391,0.33037608806864915,0.630170703489267
game volume is good. it's the mic volume,neither,0.041520153386823994,0.2999000861553212,0.6585797604578548
man is talking through an old walky talky :D,neither,0.04790509376104332,0.38275224223791154,0.5693426640010452
Did bump it up,neither,0.0351894142153167,0.38830314690988116,0.5765074388748023
Your all good,offensive_language,0.11850646604078514,0.45171223294854024,0.42978130101067463
ninja im having your rice,neither,0.07092689534172415,0.286747419965813,0.6423256846924629
