text,top_class,hate_speech,offensive_language,neither
HI,neither,0.03945320844208391,0.33037608806864915,0.630170703489267
SUP NINJA,neither,0.03945320844208391,0.33037608806864915,0.630170703489267
ninjaBlast1 ninjaBlast2 ninjaBlast3,neither,0.03945320844208391,0.33037608806864915,0.630170703489267
nice to see you live,neither,0.07998576674783688,0.3768159799651545,0.5431982532870087
PogU,neither,0.03945320844208391,0.33037608806864915,0.630170703489267
Hey Ninja ❤️,neither,0.03945320844208391,0.33037608806864915,0.630170703489267
ninjaHype ninjaHype ninjaHype ninjaHype ninjaHype,neither,0.03945320844208391,0.33037608806864915,0.630170703489267
NI JA,neither,0.03945320844208391,0.33037608806864915,0.630170703489267
1st?,neither,0.03945320844208391,0.33037608806864915,0.630170703489267
FIRST,neither,0.02604892428726219,0.3349864360510187,0.6389646396617191
Uo,neither,0.03945320844208391,0.33037608806864915,0.630170703489267
hi ninja,neither,0.03945320844208391,0.33037608806864915,0.630170703489267
DAD,neither,0.03945320844208391,0.33037608806864915,0.630170703489267
Early gang,neither,0.04124693505414197,0.29993186620859696,0.6588211987372611
@ninja hey ty,neither,0.03945320844208391,0.33037608806864915,0.630170703489267
Hi Ninja,neither,0.03945320844208391,0.33037608806864915,0.630170703489267
i was first maybe next time guys,neither,0.031590687126989564,0.3644700237208819,0.6039392891521285
Good Morning ninjaPon ninjaPopcorn,neither,0.04970930963283925,0.13564577574880146,0.8146449146183593
Pog,neither,0.03945320844208391,0.33037608806864915,0.630170703489267
Ninja you beat me to work lmao,neither,0.05091127839183023,0.4168172413329281,0.5322714802752418
Sup everybody,neither,0.03945320844208391,0.33037608806864915,0.630170703489267
How do we get the football skins?,neither,0.03932738467161704,0.32609156179355314,0.6345810535348299
literally just waiting for the morning stream,neither,0.03618480725778842,0.21243810359884832,0.7513770891433633
HECK YEA,neither,0.03924693984562397,0.33387700446871466,0.6268760556856614
I,neither,0.03945320844208391,0.33037608806864915,0.630170703489267
@rylok22182 They will be out tomorrow :),neither,0.03653717037622945,0.32599253594233996,0.6374702936814307
hey,neither,0.03945320844208391,0.33037608806864915,0.630170703489267
lit,neither,0.03945320844208391,0.33037608806864915,0.630170703489267
Lets Start!!!!,neither,0.038434124773215526,0.34767259752578855,0.6138932777009959
@ninja announcing ur partner for today?,neither,0.04844400875666271,0.2935002094873953,0.658055781755942
for football skins come out to public tomrorow,neither,0.03523143308112101,0.3369894775985129,0.6277790893203661
5% battery monkaGun,neither,0.03945320844208391,0.33037608806864915,0.630170703489267
@nuganomic I gotcha thanks,neither,0.0372760594165796,0.3121449224273436,0.6505790181560769
what up errbody!?!? ninjaHype ninjaHype ninjaHype ninjaHype ninjaHype ninjaHype ninjaHype ninjaHype ninjaHype ninjaHype ninjaHype ninjaHype,neither,0.042322625131967474,0.38317679352880996,0.5745005813392225
@ninja when are sweat pants coming,neither,0.04756487343077259,0.3333991297111141,0.6190359968581134
Special stream later? FortOne FortOne FortOne FortOne FortOne,neither,0.06946798354210729,0.31266109811428044,0.6178709183436122
@Ninja Is your wife home?,neither,0.07997323549437504,0.31831784630188115,0.6017089182037438
dxfrtyhujk,neither,0.03945320844208391,0.33037608806864915,0.630170703489267
cant wait for the stream,neither,0.033712768316367624,0.29237428773679236,0.6739129439468401
Pog,neither,0.03945320844208391,0.33037608806864915,0.630170703489267
ninjaPon,neither,0.03945320844208391,0.33037608806864915,0.630170703489267
ninjaPon,neither,0.03945320844208391,0.33037608806864915,0.630170703489267
@rylok22182 Tommorow at 6,neither,0.037091946445510025,0.40193141593839976,0.5609766376160902
Papa ninja! What’s up man! ninjaPon,neither,0.041757765808084574,0.42380559831938347,0.5344366358725321
Are you playing in code red?,neither,0.08647191918194456,0.32580308889288,0.5877249919251755
ninjaPON,neither,0.03945320844208391,0.33037608806864915,0.630170703489267
"Happy wife, happy life.",neither,0.03656685678408578,0.379826373536859,0.5836067696790552
i want sweat pants @Ninja,neither,0.039639437180262395,0.3272153003634825,0.6331452624562551
ninjaPon ninjaPon ninjaPon ninjaPon,neither,0.03945320844208391,0.33037608806864915,0.630170703489267
ninjaPon ninjaPon ninjaPon ninjaPon,neither,0.03945320844208391,0.33037608806864915,0.630170703489267
No he’s got the fallout stream,neither,0.041129930055578995,0.3615134879062251,0.5973565820381959
Ninja I just wanted too let you know that the stream room is dope and your doing a great job. dont worry about what anyone else says,neither,0.04845048088918521,0.35865014022674907,0.5928993788840657
Doc’s CodeRed tourney @Ninja,neither,0.03945320844208391,0.33037608806864915,0.630170703489267
you get laid last night??,neither,0.04566101484623169,0.3873938331579679,0.5669451519958005
ninjaLlama,neither,0.03945320844208391,0.33037608806864915,0.630170703489267
ninjaPon ninjaPon ninjaPon ninjaPon ninjaPon ninjaPon ninjaPon ninjaPon ninjaPon ninjaPon ninjaPon ninjaPon ninjaPon ninjaPon ninjaHi ninjaHi ninjaHi ninjaHi ninjaHi ninjaHi ninjaHi,neither,0.03945320844208391,0.33037608806864915,0.630170703489267
Someone explain this doctor disrespect tournament,neither,0.03939252736644359,0.33140600428725336,0.6292014683463031
morning @Ninja ninjaRed ninjaBull ninjaRed ninjaBull ninjaRed ninjaBull,neither,0.048203553387938615,0.18185989775694275,0.7699365488551186
ninjaPon,neither,0.03945320844208391,0.33037608806864915,0.630170703489267
ninjaLlama ninjaLlama ninjaLlama ninjaLlama ninjaLlama ninjaPopcorn ninjaPopcorn ninjaPopcorn,neither,0.03945320844208391,0.33037608806864915,0.630170703489267
!uptime,neither,0.03945320844208391,0.33037608806864915,0.630170703489267
Ninja has been streaming for 3 minutes 31 seconds,neither,0.036078828691740394,0.31256560255387583,0.6513555687543837
YEET,neither,0.03945320844208391,0.33037608806864915,0.630170703489267
good morning @Ninja I'm sure you are happy the wife is back. I hate traveling for work because I miss my family every time.,neither,0.11899334848986341,0.31181688486550524,0.5691897666446314
He’s not playing in the code red tournament,neither,0.04144584424345654,0.32026326094923613,0.6382908948073073
only 5000 viewers so far,neither,0.03941790185268114,0.36298489038729137,0.5975972077600274
Welcome home to Jess ninjaWifey ninjaClap,neither,0.04525395291103523,0.32697252037182334,0.6277735267171413
@ninja tourney today,neither,0.037845063226426355,0.3055465773624699,0.6566083594111037
hi,neither,0.03945320844208391,0.33037608806864915,0.630170703489267
sup,neither,0.03945320844208391,0.33037608806864915,0.630170703489267
Not playing in tourney PepeHands,neither,0.03750642208282665,0.33773551631787724,0.624758061599296
crazy to watch the # of people watching jump over the next 20-30 minutes,neither,0.05095383986345797,0.37608107470855656,0.5729650854279855
Prayers for Thousand Oaks,neither,0.0341413101537001,0.30384169422728036,0.6620169956190195
The code red tourney is same format as fortnite friday,neither,0.04390797577188461,0.3470528863971714,0.609039137830944
viewers don't matter buddy stream content matters,neither,0.03945320844208391,0.33037608806864915,0.630170703489267
@ninja you using stream lab?,neither,0.047106662245631224,0.4097709736840661,0.5431223640703026
When is the code red tournament,neither,0.03639270509234144,0.35215498710831256,0.611452307799346
Logic baby!!!!!!!!,neither,0.03945320844208391,0.33037608806864915,0.630170703489267
WHAT PogChamp,neither,0.057770773616808734,0.3180719994247239,0.6241572269584672
"can we add the command ""!Tim - Tim is down again"" to save some typing when you play with him? Kappa",neither,0.0367993009860173,0.3936878397438525,0.5695128592701302
ninja i suggest you play rainbow 6,neither,0.05096114610093309,0.36337264403551084,0.5856662098635561
OMG FORTNITE,neither,0.03945320844208391,0.33037608806864915,0.630170703489267
3,neither,0.03945320844208391,0.33037608806864915,0.630170703489267
Oooo. HELL YEAH!!! @ninja that’s better than the tourney lol,offensive_language,0.022673912904762564,0.7154108236399512,0.2619152634552862
hi,neither,0.03945320844208391,0.33037608806864915,0.630170703489267
hi,neither,0.03945320844208391,0.33037608806864915,0.630170703489267
That’s effing dope,neither,0.03379184532521521,0.39242003170086004,0.5737881229739247
Wait what is happening today?,neither,0.05039350457150252,0.3056176712118218,0.6439888242166756
morning chat!!,neither,0.048641030132881694,0.17443477567193386,0.7769241941951844
Welcome home @jghosty,neither,0.03945320844208391,0.33037608806864915,0.630170703489267
Woke up and had notifications from Jess. It’s a good day @ninja,neither,0.037197902468818364,0.3175335310095569,0.6452685665216248
Morning team ninja!,neither,0.04712453817336319,0.2001736019536015,0.7527018598730353
how are you guys are you hyped,neither,0.15112761480345896,0.3226572670242903,0.5262151181722506
Logic,neither,0.03945320844208391,0.33037608806864915,0.630170703489267
I heard rick and morty yesterday,neither,0.03870251608456214,0.29260367192264725,0.6686938119927907
5,neither,0.03945320844208391,0.33037608806864915,0.630170703489267
4,neither,0.03945320844208391,0.33037608806864915,0.630170703489267
play Heilo lul,neither,0.03945320844208391,0.33037608806864915,0.630170703489267
ninjaPon ninjaPon ninjaPon,neither,0.03945320844208391,0.33037608806864915,0.630170703489267
ninjaPon,neither,0.03945320844208391,0.33037608806864915,0.630170703489267
HIIIII,neither,0.03945320844208391,0.33037608806864915,0.630170703489267
1,neither,0.03945320844208391,0.33037608806864915,0.630170703489267
@Ninja Chocolate or vanilla ice cream?,neither,0.03945320844208391,0.33037608806864915,0.630170703489267
what's the Rick and Morty stream,neither,0.04299060141320847,0.2776915754906856,0.6793178230961058
were live!,neither,0.04667180541449663,0.297656294573652,0.6556719000118514
yo wassup,neither,0.2910235813539658,0.1686554963221646,0.5403209223238697
dude some argyle style socks with that katana print would be dope af,neither,0.026899436625643095,0.38297982100964006,0.5901207423647168
Logic is great! Can’t wait,neither,0.04524970701419256,0.3007455751681277,0.6540047178176798
sup ninjsh,neither,0.03945320844208391,0.33037608806864915,0.630170703489267
hi,neither,0.03945320844208391,0.33037608806864915,0.630170703489267
!wins,neither,0.03945320844208391,0.33037608806864915,0.630170703489267
Yo ninjaHi,offensive_language,0.04010381111145228,0.5271105317972344,0.4327856570913131
Check Ninja's wins here -> https://goo.gl/17Qojo,neither,0.0737613933919306,0.30145673084023594,0.6247818757678334
Wins: None yet ¯\_(ツ)_/¯,neither,0.03945320844208391,0.33037608806864915,0.630170703489267
ninjaPon ninjaPon ninjaPon ninjaPon ninjaPon ninjaPon,neither,0.03945320844208391,0.33037608806864915,0.630170703489267
ninjaHi ninjaHi ninjaHi ninjaHi ninjaHi ninjaHi ninjaHi ninjaHi ninjaHi ninjaHi ninjaHi ninjaHi ninjaHi,neither,0.03945320844208391,0.33037608806864915,0.630170703489267
ninjaPon,neither,0.03945320844208391,0.33037608806864915,0.630170703489267
lets go ninja,neither,0.03981812293322871,0.3475555400903652,0.6126263369764061
"I""m sure you are aware but Tim and Lupo want to play.",neither,0.06778266009854866,0.39736312386842365,0.5348542160330277
ever thought about moving the red bull fridge so we can see you from this angle?,neither,0.048683022252203965,0.3176003254699382,0.6337166522778578
NINJA POG,neither,0.03945320844208391,0.33037608806864915,0.630170703489267
hi ninja!!!,neither,0.03945320844208391,0.33037608806864915,0.630170703489267
nice room,neither,0.03945320844208391,0.33037608806864915,0.630170703489267
Ninja I have a Econ test soon! Wish me luck! ninjaClap ninjaClap ninjaClap ninjaClap ninjaClap ninjaClap,neither,0.034119951145986954,0.36293442801264036,0.6029456208413727
Morning my man!,neither,0.035100605006790714,0.3524717323527063,0.612427662640503
ninjaHi ninjaHi,neither,0.03945320844208391,0.33037608806864915,0.630170703489267
Kyle—agree,neither,0.03945320844208391,0.33037608806864915,0.630170703489267
LeZ Gooooo,neither,0.03945320844208391,0.33037608806864915,0.630170703489267
u makin me yawn,neither,0.030026041544973358,0.38252628121340426,0.5874476772416223
how was your day :D,neither,0.0916980720533799,0.2981142805831897,0.6101876473634303
Hi chat!,neither,0.03945320844208391,0.33037608806864915,0.630170703489267
"Damn that sucks, def gonna watch code red tho i cant wait for it.",offensive_language,0.03620292184024056,0.6143515643903106,0.3494455137694489
I n f i n i t e B r e a d s t i c k s tatHYPERS,neither,0.03945320844208391,0.33037608806864915,0.630170703489267
ninja\,neither,0.03945320844208391,0.33037608806864915,0.630170703489267
Let us go,neither,0.06139292244690859,0.3739425293586624,0.5646645481944289
Let's gets some dubs ninj ninjaGold ninjaGold ninjaGold ninjaGold ninjaH ninjaH ninjaH ninjaH,neither,0.015530935072563236,0.3884203916509478,0.596048673276489
Its DUB SZN,neither,0.03290907704091701,0.33262691494259883,0.6344640080164842
wazzzzzupp,neither,0.03945320844208391,0.33037608806864915,0.630170703489267
Morning T,neither,0.05283876784042269,0.1031882115525248,0.8439730206070525
i forgot i was subbed to you lol @ninja,neither,0.04948447860311228,0.40556259428535496,0.5449529271115329
ninjaRed ninjaBull,neither,0.03945320844208391,0.33037608806864915,0.630170703489267
GOOD morning Ninja,neither,0.0468013847741319,0.19273113716557552,0.7604674780602926
Extraaaa lol,neither,0.020706217963973744,0.4882283491876925,0.4910654328483337
Kreygasm,neither,0.03945320844208391,0.33037608806864915,0.630170703489267
sup chief,neither,0.03945320844208391,0.33037608806864915,0.630170703489267
ninjaGold ninjaK ninjaGold ninjaK ninjaGold ninjaK ninjaGold ninjaK ninjaGold ninjaK,neither,0.03945320844208391,0.33037608806864915,0.630170703489267
hey Ninja! ninjaHi ninjaHi ninjaHi ninjaHi,neither,0.03945320844208391,0.33037608806864915,0.630170703489267
ninjaRed ninjaBull,neither,0.03945320844208391,0.33037608806864915,0.630170703489267
yeet,neither,0.03945320844208391,0.33037608806864915,0.630170703489267
“Ninja gets online”...all other streamers lose all there viewers😂😂,neither,0.041439525934785414,0.3872452411703956,0.571315232894819
im doing so bad on my challenges this season,neither,0.02704683460631847,0.459061540281082,0.5138916251125996
Guys can y’all wish me luck on my Econ test!,neither,0.025857725932598035,0.4842967491172287,0.4898455249501733
oh you haven't heard?,neither,0.06638228889472245,0.3258064125971095,0.6078112985081681
@ninja I LIKE SWEAT PANTS WHERE ARE THEY,neither,0.07095642235990826,0.28351656009326115,0.6455270175468306
that's fair,neither,0.03429482415267468,0.38679306881498526,0.5789121070323401
oh shit hunting party dropped,offensive_language,0.051565512189311775,0.9407519341037296,0.007682553706958634
only 800p viewers???,neither,0.03945320844208391,0.33037608806864915,0.630170703489267
ninjaTooth ninjaTooth ninjaTooth ninjaTooth ninjaTooth ninjaTooth,neither,0.03945320844208391,0.33037608806864915,0.630170703489267
@Fernzz1227 good luck dude your gonna nail it,neither,0.05931630156580085,0.36169403213907836,0.5789896662951208
8000,neither,0.03945320844208391,0.33037608806864915,0.630170703489267
@Ninja do you have apparel for toddler size children,neither,0.04449919309497722,0.340510890395568,0.6149899165094549
"@Ninja Did you hear about the shooting in California? at a bar, 12 killed so far. This word is crazy",neither,0.05154113964616975,0.4325218849900198,0.5159369753638106
You were rude yesterday. Straight HATING On Trevor,neither,0.1070146955642326,0.33726563577381924,0.5557196686619482
1ST GAME PON PON,neither,0.03860481724248126,0.27654825597430965,0.684846926783209
hunting party hye,neither,0.03945320844208391,0.33037608806864915,0.630170703489267
everyone knows that the bird is the word ninjaCreep,neither,0.004265716367586571,0.15111587599188764,0.8446184076405258
What time is the logic and rick and north,neither,0.046962570492080975,0.27536568528568217,0.677671744222237
wtf,offensive_language,0.04410695246022759,0.7898861884776351,0.16600685906213722
@fernzz1227 hope you fail... jk. Go ACE IT ninjaClap,neither,0.08443441849515584,0.2777869026773506,0.6377786788274935
Ninja meant to ask you last night if you needed a Jung carry! LOl looked like it was lacking in that department last night,neither,0.037240539101328365,0.4372524298351338,0.5255070310635379
ninjaPon ninjaPon,neither,0.03945320844208391,0.33037608806864915,0.630170703489267
ninjaPon,neither,0.03945320844208391,0.33037608806864915,0.630170703489267
THE GOD IS HERE,neither,0.14251673869705073,0.2463156374715045,0.6111676238314446
ninjaHS ninjaHS ninjaHS ninjaHS ninjaHS ninjaHS ninjaHS ninjaHS ninjaFail ninjaCart ninja10 ninjaBlast1 ninjaBlast2 ninjaFood ninjaBlast1 ninjaIQ ninjaHi ninjaLlama ninjaLlama ninjaAmazing ninjaHi ninjaHi ninjaWifey,neither,0.03945320844208391,0.33037608806864915,0.630170703489267
Disney Or Pixar? @Ninja,neither,0.03945320844208391,0.33037608806864915,0.630170703489267
Did you all heard about that shooting in Thousand Oaks? I live 5mns away from that bar! :( it’s sad! I heard gun shots at 11pm,neither,0.04418654010777884,0.41692991080904906,0.5388835490831722
@ebersoleer dude they are friends thats what freinds do LMAO,neither,0.06935778673951215,0.30097768352879445,0.6296645297316935
yo,offensive_language,0.04010381111145228,0.5271105317972344,0.4327856570913131
View count going up,neither,0.035558141100937565,0.403820336760818,0.5606215221382445
Morning,neither,0.05283876784042269,0.1031882115525248,0.8439730206070525
Suhhhhhhh dude,neither,0.03945320844208391,0.33037608806864915,0.630170703489267
!uptime,neither,0.03945320844208391,0.33037608806864915,0.630170703489267
Ninja has been streaming for 7 minutes 15 seconds,neither,0.03591124943716819,0.3116798452753663,0.6524089052874654
best boy :D,neither,0.038137330332928716,0.3193570941960458,0.6425055754710255
Papa started stream,neither,0.03945320844208391,0.33037608806864915,0.630170703489267
Playing in tourney?,neither,0.03945320844208391,0.33037608806864915,0.630170703489267
How do you get the nfl skin #,neither,0.05482041466327812,0.36369972361722547,0.5814798617194964
PokBlaziken PokCharizard PokGardevoir PokGengar PokCroagunk PokLucario PokMachamp PokMaskedpika PokMewtwo PokPikachu PokSuicune PokWeavile PokAegislash PokBraixen PokChandelure PokGarchomp PokSceptile PokShadowmew,neither,0.03945320844208391,0.33037608806864915,0.630170703489267
when do you play with logic?,neither,0.03292432629940351,0.4612726322272154,0.5058030414733811
https://clips.twitch.tv/AliveSeductiveChoughMoreCowbell,neither,0.03945320844208391,0.33037608806864915,0.630170703489267
good morning everyone,neither,0.040724576765085965,0.29551443435292063,0.6637609888819933
Dat booty tho,neither,0.029461902991280722,0.44237840125543526,0.528159695753284
@ninja are you playing in the code red tourney?,neither,0.07378191274163313,0.31289922612344595,0.613318861134921
#loyal viewers,neither,0.035503303287944814,0.3974162869654039,0.5670804097466513
wassup bro,neither,0.24903543035114517,0.1246839618455203,0.6262806078033345
@ninja Thoughts on this Friday??,neither,0.03710948278434537,0.34250127474586284,0.6203892424697917
Johnny Johnny yes Papa,neither,0.03945320844208391,0.33037608806864915,0.630170703489267
NINJA UR THE BEST,neither,0.06169902006319794,0.3003580312620424,0.6379429486747596
anyone know when ninja plays with logic?????,neither,0.02625173491573608,0.3883404949471316,0.5854077701371323
Hey,neither,0.03945320844208391,0.33037608806864915,0.630170703489267
i,neither,0.03945320844208391,0.33037608806864915,0.630170703489267
eating candy,neither,0.03945320844208391,0.33037608806864915,0.630170703489267
ninjaHyper ninjaHyper ninjaHyperr,neither,0.03945320844208391,0.33037608806864915,0.630170703489267
!uptime,neither,0.03945320844208391,0.33037608806864915,0.630170703489267
Ninja has been streaming for 8 minutes 14 seconds,neither,0.035950526303333695,0.311887451832875,0.6521620218637912
no papa,neither,0.03844597881425784,0.3474714035127187,0.6140826176730235
"Yo tyler, Whats up man",offensive_language,0.03761241941745227,0.4979798260487479,0.4644077545337998
I’ve been pooping for 8mins 14 seconds,neither,0.018084893050666056,0.2975604182957983,0.6843546886535357
Yooooo,neither,0.03945320844208391,0.33037608806864915,0.630170703489267
ahhhhh football skin!,neither,0.03945320844208391,0.33037608806864915,0.630170703489267
telling lies,neither,0.03945320844208391,0.33037608806864915,0.630170703489267
ninjaK ninjaIQ ninja10 ninjaFan,neither,0.03945320844208391,0.33037608806864915,0.630170703489267
Johnny Johnny,neither,0.03945320844208391,0.33037608806864915,0.630170703489267
@ninja when do you play with logic,neither,0.034064654601263684,0.43591665811039837,0.5300186872883379
CAVE BY TOMATO TEMPLE!!!!!,neither,0.0403053054462869,0.3632160957167817,0.5964785988369314
@Ninja South of Race Track and South of Paradise,neither,0.1423089927460835,0.13482707498379554,0.7228639322701209
"Good Morning, Father",neither,0.04716591767778591,0.18570449122611693,0.7671295910960972
Popin,neither,0.03945320844208391,0.33037608806864915,0.630170703489267
no papa,neither,0.03844597881425784,0.3474714035127187,0.6140826176730235
Them lions let’s go pats,neither,0.036405957519909236,0.35325310821795486,0.6103409342621359
join tim's discord,neither,0.03945320844208391,0.33037608806864915,0.630170703489267
paradise,neither,0.03945320844208391,0.33037608806864915,0.630170703489267
STREAMER btw,neither,0.03945320844208391,0.33037608806864915,0.630170703489267
Morning Ninja and chat!,neither,0.045027056816225666,0.18275084176299264,0.7722221014207817
Love that you stream at this time every morning. Morning Ritual is to cook breakfast and watch this as a study break,neither,0.058694019769312857,0.2661427002168898,0.6751632800137973
,neither,0.03945320844208391,0.33037608806864915,0.630170703489267
Lupo and Tim want to play,neither,0.04572204060682799,0.2828272130841881,0.6714507463089839
https://clips.twitch.tv/AliveSeductiveChoughMoreCowbell,neither,0.03945320844208391,0.33037608806864915,0.630170703489267
Eating candy,neither,0.03945320844208391,0.33037608806864915,0.630170703489267
GO LIONS,neither,0.04076545527285137,0.334931166163354,0.6243033785637945
!uptime,neither,0.03945320844208391,0.33037608806864915,0.630170703489267
Ninja has been streaming for 9 minutes 11 seconds,neither,0.035893923247677505,0.31158826302741743,0.652517813724905
!uptime,neither,0.03945320844208391,0.33037608806864915,0.630170703489267
Tim and Lupo want you in time discord @ninja,neither,0.050717513059393926,0.34370336131293383,0.6055791256276721
open your mouth,neither,0.0814506750032265,0.31867232515602695,0.5998769998407466
Good morning,neither,0.04970930963283925,0.13564577574880146,0.8146449146183593
Join Tina discord,neither,0.03945320844208391,0.33037608806864915,0.630170703489267
does ninja have instant build on??,neither,0.027874105014700105,0.4340379816525887,0.5380879133327112
pppp,neither,0.03945320844208391,0.33037608806864915,0.630170703489267
Go into Tim’s discord if you want to play with them,neither,0.04093107442563342,0.4349073831300428,0.5241615424443239
!subcount,neither,0.03945320844208391,0.33037608806864915,0.630170703489267
Ninja has chosen not to show his sub count anymore as it just sparks meaningless debates in the chat. Watch the stream and enjoy the content instead of worrying about numbers ninjaAdore,neither,0.05172830886025077,0.3017108193993596,0.6465608717403898
Join Tim’s discord,neither,0.03945320844208391,0.33037608806864915,0.630170703489267
Tim and lupo,neither,0.03846438058034846,0.2787701933039564,0.6827654261156952
You know I just said that you were on Tim’s chat and the response I got from one of his subs was so rude. I don’t understand the animosity,neither,0.05691495339516958,0.4065493943069019,0.5365356522979284
ninjaBlood ninjaBlood ninjaBlood ninjaBlood,neither,0.03945320844208391,0.33037608806864915,0.630170703489267
What they said ^^,neither,0.04870695350017796,0.32388006926942364,0.6274129772303983
tim and lupo,neither,0.03846438058034846,0.2787701933039564,0.6827654261156952
GG,neither,0.03945320844208391,0.33037608806864915,0.630170703489267
Tim and Lupo,neither,0.03846438058034846,0.2787701933039564,0.6827654261156952
Even tho we have Minnesota the record for sacks we still suck,neither,0.041857718619449605,0.33796004113891154,0.6201822402416389
!uptime,neither,0.03945320844208391,0.33037608806864915,0.630170703489267
Big day with logic wooo,neither,0.017599235094900068,0.41286981131744566,0.5695309535876544
tim ND LUPO,neither,0.03945320844208391,0.33037608806864915,0.630170703489267
ninjaBlank ninjaBlank,neither,0.03945320844208391,0.33037608806864915,0.630170703489267
"race track, ppalms, between tilted and pleasant",neither,0.21876078146798889,0.07685465835316846,0.7043845601788427
Playing in tourney?,neither,0.03945320844208391,0.33037608806864915,0.630170703489267
whats up boys,neither,0.03661862886290039,0.3880183794643942,0.5753629916727054
Truuuuu,neither,0.03945320844208391,0.33037608806864915,0.630170703489267
lupoCREEP,neither,0.03945320844208391,0.33037608806864915,0.630170703489267
Going to get my coffee I’ll be back chat,neither,0.04127077131416077,0.2936052518447896,0.6651239768410496
ninjaIQ,neither,0.03945320844208391,0.33037608806864915,0.630170703489267
hi dad,neither,0.03945320844208391,0.33037608806864915,0.630170703489267
the boys are back,neither,0.07441054154320244,0.25131459944646894,0.6742748590103287
"@Ninja tunnel by tomato, dinosaur by gas station in desert, right behind modern at leaky, behind the hill northwest of tilted",neither,0.03928110820550761,0.37432909703233597,0.5863897947621565
Will ninja get a skin?,neither,0.04029300452990678,0.31612255676515316,0.6435844387049401
ninjaS ninjaS ninjaS ninjaS,neither,0.03945320844208391,0.33037608806864915,0.630170703489267
squad PogChamp,neither,0.03945320844208391,0.33037608806864915,0.630170703489267
Is there a tournament this weekend?,neither,0.04638395395078809,0.2927963050784766,0.6608197409707354
There's a tourney today?,neither,0.037644014144026954,0.23769219958829133,0.7246637862676817
I cant believe Summit has his own skin,neither,0.07993770966346755,0.3193559259898343,0.600706364346698
ninja will not be playing in the tourney,neither,0.03908713782842448,0.30195461768060977,0.6589582444909657
glider redepl OMEGALUL y,neither,0.03945320844208391,0.33037608806864915,0.630170703489267
ninjaCreep,neither,0.03945320844208391,0.33037608806864915,0.630170703489267
OOF,neither,0.03945320844208391,0.33037608806864915,0.630170703489267
@ninja thoughts on this Friday? I’m pumped,neither,0.03749411533425915,0.34047539636745383,0.6220304882982869
ninja do you have instant build on and would you reccomend it for a console player??,neither,0.04533797887407553,0.39592527077661166,0.5587367503493128
summit skin,neither,0.03945320844208391,0.33037608806864915,0.630170703489267
BOYS IN YHE CHAT WHAT UPPP DOGGGGGS,neither,0.043752924071713786,0.3272722570761715,0.6289748188521146
lol,neither,0.020706217963973744,0.4882283491876925,0.4910654328483337
FBPanthers FBPanthers FBPanthers FBPanthers FBPanthers FBPanthers FBPanthers,neither,0.03945320844208391,0.33037608806864915,0.630170703489267
no ninjaPon ninjaPon ?,neither,0.036918905254960256,0.37338982715841207,0.5896912675866277
hey,neither,0.03945320844208391,0.33037608806864915,0.630170703489267
ninja sens 9 or 8,neither,0.03945320844208391,0.33037608806864915,0.630170703489267
@KaylahABM Tims chat is so abnormal. All they do is talk shit and throw emotes. But there are some good viewers there,offensive_language,0.056040252685915226,0.8822173437027314,0.06174240361135343
!uptime,neither,0.03945320844208391,0.33037608806864915,0.630170703489267
Ninja has been streaming for 10 minutes 23 seconds,neither,0.036140197261597784,0.31288995844683837,0.6509698442915638
FBPanthers FBPanthers FBPanthers FBPanthers FBPanthers,neither,0.03945320844208391,0.33037608806864915,0.630170703489267
https://clips.twitch.tv/AliveSeductiveChoughMoreCowbell,neither,0.03945320844208391,0.33037608806864915,0.630170703489267
urrrrrrrrrrrrt,neither,0.03945320844208391,0.33037608806864915,0.630170703489267
YSL,neither,0.03945320844208391,0.33037608806864915,0.630170703489267
ninja sens 9,neither,0.03945320844208391,0.33037608806864915,0.630170703489267
Yes you should have instant build on for console,neither,0.050393240253645014,0.3748873780573518,0.5747193816890033
