text,top_class,hate_speech,offensive_language,neither
ninjaTooth ninjaClap ninjaTooth ninjaClap,neither,0.03945320844208391,0.33037608806864915,0.630170703489267
cheer100 cheer100 cheer100 cheer100 cheer100,neither,0.03945320844208391,0.33037608806864915,0.630170703489267
heyooo,neither,0.03945320844208391,0.33037608806864915,0.630170703489267
go ninja,neither,0.040893462716063485,0.3353768039856035,0.623729733298333
Hdjjxjdjdjd,neither,0.03945320844208391,0.33037608806864915,0.630170703489267
Second!!!!,neither,0.03945320844208391,0.33037608806864915,0.630170703489267
a,neither,0.03945320844208391,0.33037608806864915,0.630170703489267
#1,neither,0.03945320844208391,0.33037608806864915,0.630170703489267
Ughhhhh,neither,0.03945320844208391,0.33037608806864915,0.630170703489267
ok,neither,0.03935517884257045,0.3320399062092607,0.6286049149481688
ninja is #1 sooooo,neither,0.047289116793906454,0.3276809598661585,0.625029923339935
whats up ninja,neither,0.03696264145288427,0.3805754415266652,0.5824619170204506
Yeah,offensive_language,0.013968601452186464,0.5182923869769311,0.4677390115708824
Yeut,neither,0.03945320844208391,0.33037608806864915,0.630170703489267
Sup Chat?,neither,0.03945320844208391,0.33037608806864915,0.630170703489267
hi,neither,0.03945320844208391,0.33037608806864915,0.630170703489267
Who wants to play rock paper siccors,neither,0.04567917103007982,0.38118843051485557,0.5731323984550645
ninjaPon ninjaPon ninjaPon,neither,0.03945320844208391,0.33037608806864915,0.630170703489267
ninjaPon,neither,0.03945320844208391,0.33037608806864915,0.630170703489267
ninjaGold ninjaGold ninjaGold ninjaGold ninjaGold ninjaGold ninjaGold,neither,0.03945320844208391,0.33037608806864915,0.630170703489267
Xd,neither,0.03945320844208391,0.33037608806864915,0.630170703489267
it’s snowing where i live wtf,offensive_language,0.04933828049077289,0.576253861472688,0.3744078580365392
It is?,neither,0.059603583318096655,0.32344545014120724,0.616950966540696
ninjaHyper ninjaHyperr ninjaHype,neither,0.03945320844208391,0.33037608806864915,0.630170703489267
Anyone watch last night stream?,neither,0.037335208020003105,0.3289160699651592,0.6337487220148377
ninjaPon ninjaPon ninjaPon ninjaPon ninjaPon,neither,0.03945320844208391,0.33037608806864915,0.630170703489267
First,neither,0.02604892428726219,0.3349864360510187,0.6389646396617191
Where do you live,neither,0.08031771124590123,0.3465345449579149,0.5731477437961838
ninjaHype ninjaHyper ninjaHyperr,neither,0.03945320844208391,0.33037608806864915,0.630170703489267
yea,neither,0.03908133164861177,0.3366878077749653,0.624230860576423
ninjaTooth ninjaTooth,neither,0.03945320844208391,0.33037608806864915,0.630170703489267
iowa,neither,0.03945320844208391,0.33037608806864915,0.630170703489267
ninjaFan,neither,0.03945320844208391,0.33037608806864915,0.630170703489267
ninjaHyperr ninjaHyperr ninjaHyperr ninjaCreep,neither,0.03945320844208391,0.33037608806864915,0.630170703489267
anyone on xbox,neither,0.03641301509613032,0.34500752847499105,0.6185794564288788
ninjaClap ninjaCreep,neither,0.03945320844208391,0.33037608806864915,0.630170703489267
Ok,neither,0.03935517884257045,0.3320399062092607,0.6286049149481688
ninjaBlast2 ninjaBlast3 ninjaBlast3 ninjaStars,neither,0.03945320844208391,0.33037608806864915,0.630170703489267
Wow I actually got a notification,neither,0.0383453241440518,0.3701560517614974,0.5914986240944508
,neither,0.03945320844208391,0.33037608806864915,0.630170703489267
I’m on PlayStation,neither,0.03624652138519213,0.34583338835094446,0.6179200902638634
@ukz_venom Me,neither,0.018491955366437673,0.460246435692358,0.5212616089412043
How was it I missed it was with my kids,neither,0.022698288836491373,0.4248506049184494,0.5524511062450592
ninjaCreep,neither,0.03945320844208391,0.33037608806864915,0.630170703489267
ninjaCreep ninjaCreep ninjaCreep ninjaCreep ninjaCreep ninjaCreep ninjaCreep,neither,0.03945320844208391,0.33037608806864915,0.630170703489267
hi dad,neither,0.03945320844208391,0.33037608806864915,0.630170703489267
Anyone want to play?,neither,0.04790293462496237,0.32100316106740745,0.6310939043076301
ninjaFood,neither,0.03945320844208391,0.33037608806864915,0.630170703489267
3 inches of snow here,neither,0.07880598517795483,0.2979101959222136,0.6232838188998316
ninjaGold ninjaGold,neither,0.03945320844208391,0.33037608806864915,0.630170703489267
ninja talks in background,neither,0.03945320844208391,0.33037608806864915,0.630170703489267
helllo,neither,0.03945320844208391,0.33037608806864915,0.630170703489267
ninjaK,neither,0.03945320844208391,0.33037608806864915,0.630170703489267
my username is ryanmanfox on xbox if anyone wants to add me ninja10,neither,0.024486374971903976,0.43889252789851,0.5366210971295859
wow they took out blitz and added disco again,neither,0.03553000754420451,0.3343368579259606,0.630133134529835
Lol,neither,0.020706217963973744,0.4882283491876925,0.4910654328483337
How was last nights stream everyone I missed it,neither,0.034538650283814976,0.39974755332842743,0.5657137963877577
ninjaAim ninjaAim,neither,0.03945320844208391,0.33037608806864915,0.630170703489267
I hate disco,neither,0.28611202604846536,0.207171399906281,0.5067165740452537
Lol I hear them in the background,neither,0.042710260934794,0.35845624593122105,0.5988334931339849
Hi Nina,neither,0.03945320844208391,0.33037608806864915,0.630170703489267
ninjaWifey,neither,0.03945320844208391,0.33037608806864915,0.630170703489267
@pablofromthetrap At first it was horrible with the audio delay,neither,0.025313691184862343,0.3662975831936174,0.6083887256215204
,neither,0.03945320844208391,0.33037608806864915,0.630170703489267
Ninja,neither,0.03945320844208391,0.33037608806864915,0.630170703489267
whats up ninja,neither,0.03696264145288427,0.3805754415266652,0.5824619170204506
ninjaPon ninjaPon ninjaPon ninjaPon,neither,0.03945320844208391,0.33037608806864915,0.630170703489267
ninjaPon,neither,0.03945320844208391,0.33037608806864915,0.630170703489267
ninjaDisco,neither,0.03945320844208391,0.33037608806864915,0.630170703489267
ninjaHi ninjaHi ninjaHi ninjaHi,neither,0.03945320844208391,0.33037608806864915,0.630170703489267
Wins ninja wins,neither,0.03945320844208391,0.33037608806864915,0.630170703489267
Hey jess,neither,0.03945320844208391,0.33037608806864915,0.630170703489267
ninja10,neither,0.03945320844208391,0.33037608806864915,0.630170703489267
ninja10,neither,0.03945320844208391,0.33037608806864915,0.630170703489267
ninjaThrow ninjaStars,neither,0.03945320844208391,0.33037608806864915,0.630170703489267
ninjaWifey,neither,0.03945320844208391,0.33037608806864915,0.630170703489267
30 SECONDS,neither,0.03945320844208391,0.33037608806864915,0.630170703489267
ninjaHi ninjaHi ninjaHi ninjaHi ninjaHi ninjaHi,neither,0.03945320844208391,0.33037608806864915,0.630170703489267
sop,neither,0.03945320844208391,0.33037608806864915,0.630170703489267
FUCCKKK MY SUB,neither,0.02505926657236978,0.44663184017466445,0.5283088932529656
@realfinesserr I’m guessing it got better though ninja isn’t one for mediocre things,neither,0.034223696754558997,0.35475954787261654,0.6110167553728244
ninjaCash ninjaCash ninjaCash ninjaCash,neither,0.03945320844208391,0.33037608806864915,0.630170703489267
!schedule,neither,0.03945320844208391,0.33037608806864915,0.630170703489267
"Morning Stream - 10 AM CST, Night Stream - 8 PM CST, TIMES ARE SUBJECT TO CHANGE. Turn notifications on Twitch & follow twitter.com/ninja to be updated each time the channel goes live!",neither,0.05066623528896637,0.3117106521595573,0.6376231125514763
Omg it's ninjaaaaaaaaaa. ninjaCreep ninjaCreep ninjaCreep,neither,0.037108910668695844,0.3311823995721042,0.6317086897591999
ninjaBlast1 ninjaBlast2 ninjaBlast3 ninjaBlast3 ninjaBlast3 ninjaBlast3 ninjaBlast3 ninjaBlast3 ninjaBlast3 ninjaBlast3 ninjaBlast3 ninjaBlast3 ninjaHS,neither,0.03945320844208391,0.33037608806864915,0.630170703489267
10,neither,0.03945320844208391,0.33037608806864915,0.630170703489267
Would love to see duos with HD ninjaGold,neither,0.03198042990528107,0.36597049290561895,0.6020490771891
9,neither,0.03945320844208391,0.33037608806864915,0.630170703489267
ninjaAww ninjaAww ninjaAww ninjaAww ninjaAww ninjaAww ninjaAww ninjaAww ninjaAww,neither,0.03945320844208391,0.33037608806864915,0.630170703489267
8,neither,0.03945320844208391,0.33037608806864915,0.630170703489267
oh yes it’s still here,neither,0.09951488920886019,0.25198982762410865,0.6484952831670311
7,neither,0.03945320844208391,0.33037608806864915,0.630170703489267
6,neither,0.03945320844208391,0.33037608806864915,0.630170703489267
@pablofromthetrap Yessir,neither,0.03945320844208391,0.33037608806864915,0.630170703489267
ninjaH ninjaH ninjaH ninjaH ninjaH ninjaH ninjaH ninjaH ninjaH ninjaH ninjaH ninjaH ninjaH ninjaH ninjaH ninjaH,neither,0.03945320844208391,0.33037608806864915,0.630170703489267
Hello!,neither,0.03945320844208391,0.33037608806864915,0.630170703489267
ninjaHype ninjaHype ninjaHype ninjaHype ninjaHype,neither,0.03945320844208391,0.33037608806864915,0.630170703489267
4,neither,0.03945320844208391,0.33037608806864915,0.630170703489267
2,neither,0.03945320844208391,0.33037608806864915,0.630170703489267
I think I have the same synth wave playlist from youtube saved,neither,0.040047959843134286,0.31369493959763284,0.6462571005592329
1,neither,0.03945320844208391,0.33037608806864915,0.630170703489267
ninjaBlast1 ninjaBlast2 ninjaBlast3 ninjaBlast3 ninjaCreep ninjaClap ninjaCreep ninjaClap,neither,0.03945320844208391,0.33037608806864915,0.630170703489267
ninjaGold ninjaGold ninjaGold ninjaGold ninjaGold,neither,0.03945320844208391,0.33037608806864915,0.630170703489267
,neither,0.03945320844208391,0.33037608806864915,0.630170703489267
LUL,neither,0.03945320844208391,0.33037608806864915,0.630170703489267
ninjaSplode ninjaSplode ninjaSplode ninjaSplode ninjaSplode,neither,0.03945320844208391,0.33037608806864915,0.630170703489267
Jebaited,neither,0.03945320844208391,0.33037608806864915,0.630170703489267
I have made it to a morning stream ninjaHype,neither,0.051246730249017616,0.21523767928977874,0.7335155904612036
the troll,neither,0.03831673657550799,0.3094399058884286,0.6522433575360634
hurry up,neither,0.03599261148368874,0.4018895354509613,0.5621178530653499
yooooooooo,neither,0.03945320844208391,0.33037608806864915,0.630170703489267
Yes,neither,0.03945320844208391,0.33037608806864915,0.630170703489267
Uch,neither,0.03945320844208391,0.33037608806864915,0.630170703489267
first,neither,0.02604892428726219,0.3349864360510187,0.6389646396617191
PokGengar PokGengar PokGengar PokGengar,neither,0.03945320844208391,0.33037608806864915,0.630170703489267
Morning Ninj @ninja,neither,0.048203553387938615,0.18185989775694275,0.7699365488551186
Jebaited,neither,0.03945320844208391,0.33037608806864915,0.630170703489267
tatLATE tatLATE tatLATE tatLATE tatLATE tatLATE tatLATE,neither,0.03945320844208391,0.33037608806864915,0.630170703489267
wassup ah guy,neither,0.18833706499871702,0.16552989720488528,0.6461330377963977
Noooo,neither,0.03945320844208391,0.33037608806864915,0.630170703489267
stream time baby!!!!,neither,0.03830558259741653,0.34985429371744436,0.6118401236851392
Hi ninja,neither,0.03945320844208391,0.33037608806864915,0.630170703489267
troll,neither,0.03945320844208391,0.33037608806864915,0.630170703489267
countdown is lit,neither,0.0515185546400909,0.32622626224743495,0.6222551831124742
Wtf,offensive_language,0.04410695246022759,0.7898861884776351,0.16600685906213722
tatLATE tatLATE tatLATE tatLATE tatLATE tatLATE,neither,0.03945320844208391,0.33037608806864915,0.630170703489267
troll,neither,0.03945320844208391,0.33037608806864915,0.630170703489267
"@mrstealyourcatt1 your like 9,169th",neither,0.25472747918525934,0.31614929028043554,0.4291232305343052
ninjaHype ninjaHype ninjaHype ninjaHype,neither,0.03945320844208391,0.33037608806864915,0.630170703489267
5 min just finished,neither,0.03514241813155686,0.35067574069361235,0.6141818411748309
LUL,neither,0.03945320844208391,0.33037608806864915,0.630170703489267
Lol,neither,0.020706217963973744,0.4882283491876925,0.4910654328483337
Da Bears this weekend! Sorry ninja!,neither,0.06114293443691203,0.41198341791963283,0.5268736476434552
ninjaSplat ninjaSplat ninjaSplat ninjaSplat ninjaSplat ninjaSplat ninjaSplat ninjaSplat,neither,0.03945320844208391,0.33037608806864915,0.630170703489267
@ninja im new to the family just wanna say hi bud ninjaCreep ninjaClap ninjaPon ninjaHype ninjaFan ninjaFan,neither,0.041764029130587424,0.2948812133000347,0.6633547575693778
dj hey beef,neither,0.03945320844208391,0.33037608806864915,0.630170703489267
start already,neither,0.037957462553005236,0.3557627993920235,0.6062797380549714
why start all over,neither,0.025221389828354084,0.4461383031275605,0.5286403070440855
Yayyyyyyyy,neither,0.03945320844208391,0.33037608806864915,0.630170703489267
@ninja im new to the family just wanna say hi bud,neither,0.041764029130587424,0.2948812133000347,0.6633547575693778
Hi,neither,0.03945320844208391,0.33037608806864915,0.630170703489267
PokPikachu PokPikachu PokPikachu PokPikachu,neither,0.03945320844208391,0.33037608806864915,0.630170703489267
,neither,0.03945320844208391,0.33037608806864915,0.630170703489267
@ninja im new to the family just wanna say hi bud.,neither,0.041764029130587424,0.2948812133000347,0.6633547575693778
Ur mic is unmuted,neither,0.08460156812266871,0.3148474968692598,0.6005509350080716
Hi ninj morning,neither,0.04915992872283152,0.16562771238307783,0.7852123588940907
@ninja im new to the family just wanna say hi bud..,neither,0.041764029130587424,0.2948812133000347,0.6633547575693778
Morning,neither,0.05283876784042269,0.1031882115525248,0.8439730206070525
Hey man,neither,0.039706915135239045,0.43074372746631245,0.5295493573984484
tevor may is dj hey beef,neither,0.04738187341268651,0.30826612093228145,0.644352005655032
wow,neither,0.03945320844208391,0.33037608806864915,0.630170703489267
Dj hey beef,neither,0.03945320844208391,0.33037608806864915,0.630170703489267
@cassidy199 stop spamming jesus,neither,0.03942027992753918,0.4376634500532254,0.5229162700192354
hey @Ninja how are you,neither,0.0910440563749114,0.32712141622024926,0.5818345274048393
Hello there in the corner,neither,0.03865430495357807,0.27803208050762684,0.6833136145387952
whats goodie bro,neither,0.03945320844208391,0.33037608806864915,0.630170703489267
he said hi already cassidy,neither,0.04291523732108601,0.3433858444959118,0.6136989181830022
Did Hey beef,neither,0.03945320844208391,0.33037608806864915,0.630170703489267
Whats up ninj!,neither,0.03597034933595279,0.4023906385329718,0.5616390121310755
@Ninja hiiii,neither,0.03945320844208391,0.33037608806864915,0.630170703489267
i stayed up till 3:30 am,neither,0.037148658622589134,0.3734267137525562,0.5894246276248547
ninjaCreep ninjaDisco,neither,0.03945320844208391,0.33037608806864915,0.630170703489267
whhaaattt im new too,neither,0.04314850902113242,0.25391819285984935,0.7029332981190182
ninjaHi,neither,0.03945320844208391,0.33037608806864915,0.630170703489267
was good,neither,0.037975473254186445,0.33481650793596,0.6272080188098536
Ninja how was last night,neither,0.03269419943423277,0.33201379780113943,0.6352920027646277
@ninja how are you today,neither,0.08842119815012577,0.30043198601392174,0.6111468158359524
@Ninja hi how are you this moring,neither,0.0854293703948176,0.32901088027359193,0.5855597493315904
Hello sir,neither,0.03945320844208391,0.33037608806864915,0.630170703489267
ninjaStars ninjaStars,neither,0.03945320844208391,0.33037608806864915,0.630170703489267
"@ninja sup ninja, I’m a new sub ❤️❤️",neither,0.04149542265305628,0.28022224416472713,0.6782823331822165
@ninja so Ninja ur starting swearing again only after dark DansGame,neither,0.04881360406604267,0.3622623930583994,0.5889240028755579
jk i just wanted to say hi,neither,0.04090303524583509,0.34515375350460453,0.6139432112495604
ninjaPon ninjaPon ninjaPon ninjaPon ninjaPon,neither,0.03945320844208391,0.33037608806864915,0.630170703489267
ninjaPon,neither,0.03945320844208391,0.33037608806864915,0.630170703489267
Good morning ninja ninjaHi,neither,0.0468013847741319,0.19273113716557552,0.7604674780602926
@prof1re sorry bud first time here,neither,0.06761343997720665,0.3174817749609407,0.6149047850618525
"Good morning Morty, that was some fun last night",neither,0.02953042447312171,0.26208576219361046,0.7083838133332678
I watched it for a little bit.,neither,0.03256886741160016,0.3079711507063762,0.6594599818820237
It ended abruptly though Kappa,neither,0.03828785032096364,0.33077690816470123,0.6309352415143352
@Ninja are you gonna make a highlight reel from last night?,neither,0.05876923251408969,0.34797884706789284,0.5932519204180174
what made it top 3?!,neither,0.04428362995076487,0.32620656931143727,0.6295098007377977
What’s for breakfast this fine Friday morning?,neither,0.04432659564664538,0.20178430374013412,0.7538891006132205
you guys are funny,neither,0.11131088759718698,0.3510328801114173,0.5376562322913957
ily ninja,neither,0.03945320844208391,0.33037608806864915,0.630170703489267
Did i get gifted sub ?,neither,0.039017629379093484,0.3377690015383663,0.6232133690825403
that Fallout 76 stream was a blast man,neither,0.03708737577306661,0.3934747359777557,0.5694378882491777
I heard u were swearing last night @Ninja I love when u be yourself,neither,0.028517751473506575,0.3565822722311826,0.6148999762953109
@ninja hope you are well brother,neither,0.13579285144730893,0.22430421580713225,0.6399029327455589
kinda like my love life zzthejimzz FeelsBadMan,offensive_language,0.030593595536322852,0.5078132234483649,0.4615931810153124
What happened last night,neither,0.03666845777698952,0.3264423693378713,0.6368891728851392
Go ninja,neither,0.040893462716063485,0.3353768039856035,0.623729733298333
Lets dominate today,neither,0.0366807827929799,0.3192756645467602,0.6440435526602598
football skins hype lol,neither,0.03333719101929397,0.3738386095932712,0.5928241993874347
ninjaPon ninjaPon ninjaPon ninjaPon ninjaPon ninjaPon ninjaPon,neither,0.03945320844208391,0.33037608806864915,0.630170703489267
ninjaPon,neither,0.03945320844208391,0.33037608806864915,0.630170703489267
rick and morty awesome,neither,0.038616140553383846,0.2877352340714009,0.6736486253752153
@DeepestDrip53 FeelsBadMan,neither,0.03945320844208391,0.33037608806864915,0.630170703489267
What happens last night ?,neither,0.059199804212143756,0.3187418763635451,0.622058319424311
ninja say hi and ill assume its for me and ill die happily,neither,0.07185750728502954,0.2062914447978245,0.7218510479171459
ninjaCreep ninjaClap ninjaCreep ninjaClap ninjaCreep ninjaClap ninjaCreep ninjaClap,neither,0.03945320844208391,0.33037608806864915,0.630170703489267
!followage,neither,0.03945320844208391,0.33037608806864915,0.630170703489267
If you have BTTV type: /Followed ; You can get the bttv add on here: https://goo.gl/ubBaAw,neither,0.07298282171886315,0.4142730566823515,0.5127441215987854
Yay,neither,0.03945320844208391,0.33037608806864915,0.630170703489267
@ninja do you still get the football skins,neither,0.0498364335402028,0.3658749224502147,0.5842886440095826
hoi,neither,0.03945320844208391,0.33037608806864915,0.630170703489267
let us see the screen,neither,0.05175658024900568,0.3413234062888316,0.6069200134621627
Did you ever find the Nuke?,neither,0.05741949462203111,0.2710582808051905,0.6715222245727783
or not :(,neither,0.03683408945930804,0.340343802788944,0.6228221077517478
fallout comes out today boys? i preordered it i just dont rmeeber,neither,0.03165950922406353,0.34093365597655684,0.6274068347993798
i didnt see you on last night,neither,0.04292125894181243,0.39056340383450483,0.5665153372236826
Flex on em today Ninja,neither,0.03610692601701345,0.32321311225618327,0.6406799617268033
Heyy ninjaHi,neither,0.03945320844208391,0.33037608806864915,0.630170703489267
Where were you last night NINJA?? What happened to logic?? LIAR!,neither,0.05251618220867203,0.319477322685163,0.628006495106165
my username on xbox is ryanmanfox99,neither,0.03322165677070783,0.4113273038955896,0.5554510393337027
Lol,neither,0.020706217963973744,0.4882283491876925,0.4910654328483337
do u guys like old ninja or new ninja,neither,0.04860886928547127,0.2881070927771443,0.6632840379373844
"Download Discord here - discord.gg/ninja - Subscribers, connect your Discord to Twitch by – Clicking the cogwheel at the bottom, go to Connections, click Twitch and click “join” under the Ninja server. All subs are welcome to join at any time to hang out! (If you recently subscribed it may take up to 30 minutes before you can connect to the sub server.) Follow this image to connect as well - https://goo.gl/yX9sFR",neither,0.06809260872529874,0.3753919629243179,0.5565154283503834
!uptime,neither,0.03945320844208391,0.33037608806864915,0.630170703489267
Hey ninja I’m in Michigan what do you think about this snow,neither,0.054037070210991495,0.36922928384176446,0.5767336459472442
Ninja has been streaming for 8 minutes 27 seconds,neither,0.035984600059225234,0.31206755396997676,0.6519478459707979
i like present ninja,neither,0.049602169690682256,0.3451789584683378,0.6052188718409799
saw dude,neither,0.03945320844208391,0.33037608806864915,0.630170703489267
@ebersoleer What!? He was on,neither,0.0525303315781082,0.3448529238781944,0.6026167445436973
Hi!,neither,0.03945320844208391,0.33037608806864915,0.630170703489267
And old ninja,neither,0.038606189008653605,0.2871642919509494,0.674229519040397
Good morning homie!!,neither,0.04747608780961681,0.1797018800395101,0.7728220321508731
And future ninja,neither,0.03866787140196578,0.2906691175641194,0.6706630110339148
"lmao why tf is evrryone like ""oMg add me""",neither,0.03627810387250858,0.39969723142002206,0.5640246647074694
DansGame,neither,0.03945320844208391,0.33037608806864915,0.630170703489267
I love old ninja when he was him self,neither,0.03333896158941634,0.378383788809776,0.5882772496008076
Room is setup proper. Glad it doesn’t have Red Bull plastered just all over the place.,neither,0.04017101411950681,0.3441250728918917,0.6157039129886015
hello,neither,0.03945320844208391,0.33037608806864915,0.630170703489267
@Ninja what happened in your stream last night to make it top 3?,neither,0.05850208121430461,0.3210372489843552,0.6204606698013403
hello peeps,neither,0.03945320844208391,0.33037608806864915,0.630170703489267
ninjaPon ninjaPon ninjaPon ninjaPon ninjaPon ninjaAww ninjaAww ninjaAww ninjaAww ninjaAww ninjaAww ninjaAww,neither,0.03945320844208391,0.33037608806864915,0.630170703489267
football skins come out today,neither,0.033785704017891396,0.34677091971145657,0.619443376270652
ninjaPon,neither,0.03945320844208391,0.33037608806864915,0.630170703489267
ninjaPon,neither,0.03945320844208391,0.33037608806864915,0.630170703489267
@Ninja are you listening to a spotify playlist or something? What is it?,neither,0.09047757580924758,0.3187219492941356,0.5908004748966168
hi Ninja,neither,0.03945320844208391,0.33037608806864915,0.630170703489267
Summit1g got a skin before u lol,offensive_language,0.027034452000965294,0.4962697255461105,0.47669582245292424
Ninja is cool,neither,0.048301766158940024,0.3273326633138767,0.6243655705271832
At iD Tech camps you can learn all about how games are made and start building your own game future this summer. Check it out: www.idtech.com/fortnite #ad,neither,0.07849295833611333,0.3389748549213327,0.5825321867425539
watchin from school big boi ninja lol,neither,0.025151907180770577,0.39665918743364,0.5781889053855894
i got your pon pon merch,neither,0.07272645059766734,0.3705340505448143,0.5567394988575184
What’s up,neither,0.04549209283961305,0.43877665191533993,0.5157312552450469
Brah I swear I jest read jim as jizz on discord 😂,neither,0.03588672484473429,0.3658729853253622,0.5982402898299035
how did you like fallout,neither,0.07026326849793235,0.3946904603965174,0.5350462711055503
Hey buddy @ninja,neither,0.03945320844208391,0.33037608806864915,0.630170703489267
hello,neither,0.03945320844208391,0.33037608806864915,0.630170703489267
if kids cant handle the bad words then they need to go back to minecraft @Ninja,neither,0.03340183881345601,0.3500816885566804,0.6165164726298636
@ninja it was cool watching you gy=uys play,neither,0.051248363165061664,0.3709006625860669,0.5778509742488714
Patiently waiting for a zip up hoodie DX,neither,0.03384733036358019,0.34216301603942345,0.6239896535969964
FYI TeamNinja gear ships hella fast!,neither,0.03603488562225375,0.38839394743283867,0.5755711669449076
no idea what fallout is,neither,0.05095529197440535,0.3363316111891803,0.6127130968364143
I missed the Fallout stream last night while I was gaming. How was it chat?,neither,0.034540506332750485,0.32450681605679355,0.6409526776104559
Hey @ninja do u start your streams at this time now? I thought u normally stream earlier,neither,0.054723917088498227,0.29944057058656764,0.6458355123249342
wow its new skin,neither,0.03660286030816271,0.24305129623719296,0.7203458434546441
ninjaPon ninjaPon,neither,0.03945320844208391,0.33037608806864915,0.630170703489267
ninjaPon,neither,0.03945320844208391,0.33037608806864915,0.630170703489267
Yo,offensive_language,0.04010381111145228,0.5271105317972344,0.4327856570913131
We saw ninjaCRINJA,neither,0.03921653694244011,0.3343930210809994,0.6263904419765606
fg,neither,0.03945320844208391,0.33037608806864915,0.630170703489267
Alright let’s get wins @ninja nickmercsDS nickmercsDS nickmercsDS nickmercsDS nickmercsDS nickmercsDS nickmercsDS nickmercsDS nickmercsDS nickmercsDS nickmercsDS nickmercsDS nickmercsDS nickmercsDS nickmercsDS nickmercsDS nickmercsDS nickmercsDS nickmercsDS nickmercsDS nickmercsDS,neither,0.0273977319947245,0.3616442514408522,0.6109580165644233
Thoughts on the game? Fallout ?,neither,0.03607775423132698,0.29560556017472983,0.6683166855939432
ninjaH,neither,0.03945320844208391,0.33037608806864915,0.630170703489267
yeah,offensive_language,0.013968601452186464,0.5182923869769311,0.4677390115708824
Heyyy brooo,neither,0.03945320844208391,0.33037608806864915,0.630170703489267
i brazil ninja i love you,neither,0.05134021961270248,0.38689216350306377,0.5617676168842338
Summit1g got a skin because uve lost ur thunder bro,neither,0.05511991768718551,0.3570575337063799,0.5878225486064346
why does the resolution look screwed up,neither,0.022183875785588548,0.4553973316141972,0.5224187926002144
ninjaPon ninjaPon ninjaPon ninjaPon ninjaHi,neither,0.03945320844208391,0.33037608806864915,0.630170703489267
ninjaPon,neither,0.03945320844208391,0.33037608806864915,0.630170703489267
"Guarantee your PC gaming performance with BLD by NZXT. The simplest way to get a customized gaming PC. Chose the games you want to play, set a budget, and BLD takes care of the rest. Built and shipped within 48 hours with a 2-year warranty. https://nzxt.co/2k9lWJK ninja10 ninja10",neither,0.046159296404555336,0.335031206975871,0.6188094966195736
Shut up Morty Kappa,neither,0.051232783629659,0.36055425660715645,0.5882129597631844
Please get a 20 bomb once this stream,neither,0.03901987970102307,0.33773080770234887,0.6232493125966281
hey @Ninja,neither,0.03945320844208391,0.33037608806864915,0.630170703489267
skin too bulky,neither,0.03909486120839598,0.33645817583608995,0.6244469629555142
i brazil i love you,neither,0.056463496504501894,0.40978653667953996,0.533749966815958
@Ninja just letting you know Ninj.. i play you on my computer while at work all day.. makes my work day go so much better man.. keep it up! :D,offensive_language,0.03625294761095823,0.5700483048536782,0.39369874753536344
Shut up Meg,neither,0.051232783629659,0.36055425660715645,0.5882129597631844
Shut up Morty,neither,0.06265639021040895,0.38499471102054117,0.5523488987690499
Where is everyone from?????,neither,0.04473730654594089,0.39425526435247354,0.5610074291015855
Hey can Chilton get a shout out for being the best Middle School Ever,neither,0.029360437996760587,0.3279671762820092,0.6426723857212303
oh wait wrong cartoon Kappa,neither,0.04318439216826967,0.2944482537321679,0.6623673540995624
ninjaAaAaAaAaA i love you,offensive_language,0.079837142191777,0.5038574454704381,0.4163054123377849
ninjaAdore ninjaAdore ninjaAdore,neither,0.03945320844208391,0.33037608806864915,0.630170703489267
