text,top_class,hate_speech,offensive_language,neither
Good morning @ninja,neither,0.0468013847741319,0.19273113716557552,0.7604674780602926
Hey buddy,neither,0.03945320844208391,0.33037608806864915,0.630170703489267
NINJJ,neither,0.03945320844208391,0.33037608806864915,0.630170703489267
Ff today?,neither,0.03788867447377556,0.3062462368302582,0.6558650886959663
Lets goo congrats on qualifying for the winter Royale,neither,0.03154499532592618,0.31605485878874434,0.6524001458853295
Hello ninja,neither,0.03945320844208391,0.33037608806864915,0.630170703489267
ninjaAim,neither,0.03945320844208391,0.33037608806864915,0.630170703489267
Good morning @ninja,neither,0.0468013847741319,0.19273113716557552,0.7604674780602926
this might be the earliest I've been in here. lol,neither,0.03543338965675306,0.3270108111433837,0.6375557991998633
Hi Ninja!!,neither,0.03945320844208391,0.33037608806864915,0.630170703489267
I’m supper bummed he isn’t doing fortnite but I’ll still have a good time lul,neither,0.03867996761163786,0.3574275012959369,0.6038925310924252
ninjaPon ninjaPon ninjaPon Thanks for the inspiration Tyler,neither,0.03309657211704433,0.2860457728869595,0.6808576549959963
ninjaPon,neither,0.03945320844208391,0.33037608806864915,0.630170703489267
fortnite,neither,0.03945320844208391,0.33037608806864915,0.630170703489267
"Kids are home from school for a snow day, I’m working from home...interesting day so far LUL",neither,0.047687997043224524,0.28797248470599524,0.6643395182507803
ninjaPon ninjaPon ninjaPon,neither,0.03945320844208391,0.33037608806864915,0.630170703489267
ninjaPon ninjaPon ninjaPon,neither,0.03945320844208391,0.33037608806864915,0.630170703489267
Hey @Ninja when you come to holland ninjaPon,neither,0.04771664867225908,0.43970568721249104,0.51257766411525
ninjaGold ninjaGold ninjaGold ninjaK ninjaK ninjaK ninjaK ninjaGold ninjaGold ninjaGold ninjaK ninjaGold ninjaK ninjaGold,neither,0.03945320844208391,0.33037608806864915,0.630170703489267
ninjaPon ninjaPon ninjaPon,neither,0.03945320844208391,0.33037608806864915,0.630170703489267
ninjaSplat ninjaSplat ninjaSplat,neither,0.03945320844208391,0.33037608806864915,0.630170703489267
FortOne,neither,0.03945320844208391,0.33037608806864915,0.630170703489267
No school so I can chill and watch the stream,neither,0.04174472795629613,0.3259040512804332,0.6323512207632708
oi oi,neither,0.03945320844208391,0.33037608806864915,0.630170703489267
ninjaPopcorn ninjaPopcorn ninjaPopcorn ninjaPopcorn ninjaPopcorn ninjaPopcorn ninjaPopcorn ninjaPopcorn ninjaPopcorn ninjaPopcorn ninjaPopcorn,neither,0.03945320844208391,0.33037608806864915,0.630170703489267
FortOne FortOne FortOne FortOne FortOne,neither,0.03945320844208391,0.33037608806864915,0.630170703489267
Aye you qualified! Nice work bro,neither,0.05567446362547112,0.37613312900708207,0.5681924073674468
PokGengar,neither,0.03945320844208391,0.33037608806864915,0.630170703489267
ninjaPopcorn,neither,0.03945320844208391,0.33037608806864915,0.630170703489267
ninjaPopcorn ninjaPopcorn ninjaPopcorn ninjaPopcorn,neither,0.03945320844208391,0.33037608806864915,0.630170703489267
"Hello , it’s a rain day here on the T.O .... ninjaBlast3 ninjaBlast3 ninjaBlast3 ninjaBlast3 ninjaWifey",neither,0.07162060242951074,0.2854996302053684,0.642879767365121
Ninja thicc,neither,0.03945320844208391,0.33037608806864915,0.630170703489267
ninjaBull ninjaRed ninjaBull ninjaRed ninjaBull ninjaRed ninjaBull,neither,0.03945320844208391,0.33037608806864915,0.630170703489267
Tay,neither,0.03945320844208391,0.33037608806864915,0.630170703489267
Hey your playing fortnite today to right ninjaAww,neither,0.07731133901551329,0.31196430075188636,0.6107243602326003
Ninjaaaaaaa,neither,0.03945320844208391,0.33037608806864915,0.630170703489267
ninjaHi ninjaHi,neither,0.03945320844208391,0.33037608806864915,0.630170703489267
STREAM SNIPING,neither,0.03945320844208391,0.33037608806864915,0.630170703489267
geordies,neither,0.03945320844208391,0.33037608806864915,0.630170703489267
Good morning,neither,0.04970930963283925,0.13564577574880146,0.8146449146183593
ninjaH,neither,0.03945320844208391,0.33037608806864915,0.630170703489267
Ready?,neither,0.03945320844208391,0.33037608806864915,0.630170703489267
P,neither,0.03945320844208391,0.33037608806864915,0.630170703489267
final fantasy aww maan ninjaFail,neither,0.03945320844208391,0.33037608806864915,0.630170703489267
It’s sunny here,neither,0.08771530737803962,0.29092278441119457,0.6213619082107658
ninjaBlast1 ninjaBlast2 ninjaBlast3 ninjaBlast3 ninjaBlast3 ninjaBlast3 ninjaBlast3,neither,0.03945320844208391,0.33037608806864915,0.630170703489267
"Snow day!! I miss those days, haha!",neither,0.04768787500540865,0.3222101489349132,0.6301019760596782
ninjaClap ninjaClap ninjaClap ninjaClap ninjaClap ninjaClap ninjaClap,neither,0.03945320844208391,0.33037608806864915,0.630170703489267
ninjaStars ninjaStars ninjaStars ninjaHS,neither,0.03945320844208391,0.33037608806864915,0.630170703489267
Gday Gday you bloody legends,neither,0.05543633728767332,0.3754987952370818,0.569064867475245
Yo ninj,offensive_language,0.04010381111145228,0.5271105317972344,0.4327856570913131
down here in middle georgia we don't have that 😂😂,neither,0.06678046445787074,0.34178000143374343,0.5914395341083859
ninjaRed ninjaBull ninjaRed ninjaBull ninjaRed ninjaBull ninjaBlast2 ninjaBlast3 ninjaBlast3 ninjaBlast3 ninjaBlast3,neither,0.03945320844208391,0.33037608806864915,0.630170703489267
How many inches in Chicago?,neither,0.03945320844208391,0.33037608806864915,0.630170703489267
WASSUP,neither,0.33529425248498695,0.08556156890646638,0.5791441786085466
ninjaCry,neither,0.03945320844208391,0.33037608806864915,0.630170703489267
The myth the legend the NINJA,neither,0.03775512957703728,0.29848733192462473,0.6637575384983381
ninjaBlast1 ninjaBlast2 ninjaBlast3 ninjaBlast3 ninjaBlast3 ninjaBlast3 ninjaBlast3 ninjaBlast3 ninjaBlast3 ninjaBlast3 ninjaBlast3 ninjaBlast3 ninjaBlast3 ninjaBlast3 ninjaBlast3 ninjaBlast3 ninjaBlast3 ninjaBlast3 ninjaBlast3 ninjaBlast3 ninjaBlast3 ninjaBlast3 ninjaBlast3 ninjaBlast3 ninjaBlast3 ninjaBlast3 ninjaBlast3 ninjaBlast3,neither,0.03945320844208391,0.33037608806864915,0.630170703489267
Snow Day Btw,neither,0.03993551143206303,0.3161438119874518,0.6439206765804852
Gday from England,neither,0.04071751644889743,0.3089174816120565,0.6503650019390461
ninjaGold ninjaGold ninjaGold,neither,0.03945320844208391,0.33037608806864915,0.630170703489267
DAB,neither,0.03945320844208391,0.33037608806864915,0.630170703489267
ninjaPon ninjaPon ninjaPon ninjaPon ninjaPon,neither,0.03945320844208391,0.33037608806864915,0.630170703489267
ninjaPon,neither,0.03945320844208391,0.33037608806864915,0.630170703489267
ninjaCreep ninjaCreep ninjaCreep ninjaCreep ninjaCreep ninjaCreep ninjaCreep ninjaCreep ninjaCreep ninjaCreep ninjaCreep ninjaCreep ninjaCreep ninjaCreep ninjaCreep ninjaCreep ninjaCreep ninjaCreep ninjaCreep ninjaCreep ninjaCreep ninjaCreep ninjaCreep ninjaCreep ninjaCreep ninjaCreep ninjaCreep,neither,0.03945320844208391,0.33037608806864915,0.630170703489267
We got 9 in he's here let's gooo,neither,0.058751984517718014,0.3655306341940697,0.5757173812882123
ninjaBlast1 ninjaBlast2 ninjaBlast3 ninjaBlank,neither,0.03945320844208391,0.33037608806864915,0.630170703489267
Good job qualifying bud @ninja yesterday was a great stream,neither,0.037828181114057315,0.31615955134212703,0.6460122675438157
ninjaPon ninjaPon ninjaPon ninjaPon,neither,0.03945320844208391,0.33037608806864915,0.630170703489267
UK,neither,0.03945320844208391,0.33037608806864915,0.630170703489267
streamer btw,neither,0.03945320844208391,0.33037608806864915,0.630170703489267
ninjaHS,neither,0.03945320844208391,0.33037608806864915,0.630170703489267
hey @ninja can you read this <3,neither,0.054231993104857996,0.3689125799392515,0.5768554269558905
mornin ninja ninjaH ninjaH ninjaGold ninjaGold,neither,0.03945320844208391,0.33037608806864915,0.630170703489267
3,neither,0.03945320844208391,0.33037608806864915,0.630170703489267
ninjaGold ninjaGold ninjaGold ninjaGold ninjaGold ninjaGold ninjaGold ninjaGold,neither,0.03945320844208391,0.33037608806864915,0.630170703489267
No school oh my gah,neither,0.032655544183555096,0.37594102251641476,0.5914034333000302
Stream starting soon ninjaCRINJA,neither,0.03945320844208391,0.33037608806864915,0.630170703489267
Hi Ty @Ninja,neither,0.03945320844208391,0.33037608806864915,0.630170703489267
h3llllooo,neither,0.03945320844208391,0.33037608806864915,0.630170703489267
Yeah yeah yeah yeah ninjaPopcorn ninjaPopcorn,offensive_language,0.013968601452186464,0.5182923869769311,0.4677390115708824
hey ninja,neither,0.03945320844208391,0.33037608806864915,0.630170703489267
WUTSUP,neither,0.03945320844208391,0.33037608806864915,0.630170703489267
<3,neither,0.03945320844208391,0.33037608806864915,0.630170703489267
Twitch streamer btw,neither,0.03945320844208391,0.33037608806864915,0.630170703489267
T series is dumb,neither,0.049401314673685616,0.32695447815919604,0.6236442071671183
GOOO,neither,0.03945320844208391,0.33037608806864915,0.630170703489267
"Man, I remember waking up for school and getting so excited to see snow...whether it was going outside to play or staying in playing games all day, so much fun.",neither,0.03677723885145461,0.43401443781639076,0.5292083233321546
THROWBACK STREAM,neither,0.03945320844208391,0.33037608806864915,0.630170703489267
"Morning Ninja , but damn man, I kinda like the angle",offensive_language,0.0564158746579739,0.6439003896503653,0.29968373569166074
clintusGG clintusLEWD clintusLEWD clintusLEWD clintusLEWD clintusLEWD clintusLEWD,neither,0.03945320844208391,0.33037608806864915,0.630170703489267
New cam!!!,neither,0.04361047364002771,0.22599520028436243,0.73039432607561
@ninja nice work on qualifying for the winter skirmish ninjaClap ninjaClap,neither,0.032473167054525146,0.3067610353194039,0.6607657976260708
good morning,neither,0.04970930963283925,0.13564577574880146,0.8146449146183593
fuckninjai will clap minja in a 1v1he don't want smoke,neither,0.037832137290810725,0.3578898961643356,0.6042779665448538
,neither,0.03945320844208391,0.33037608806864915,0.630170703489267
ttv by the way,neither,0.0399008645595292,0.37540434659037925,0.5846947888500915
im in illiomnis as well and we got lots of snow,neither,0.035844399572353344,0.38166884069465346,0.5824867597329932
Yooooo,neither,0.03945320844208391,0.33037608806864915,0.630170703489267
New Camera angle?,neither,0.042734266518256715,0.2488415611234255,0.7084241723583179
Blizzard knocked out the cameras!!! Lit!,neither,0.03543678316877527,0.33046620901702384,0.6340970078142009
sup ninjjjjj,neither,0.03945320844208391,0.33037608806864915,0.630170703489267
I think this angle!!,neither,0.039929666928903526,0.32228934408975596,0.6377809889813406
Yea angle lit,neither,0.039281367338828206,0.3332926800604412,0.6274259526007306
u trash ass,offensive_language,0.357561798916762,0.6424267401967834,1.1460886454635928e-05
Angle looks hot,neither,0.03945320844208391,0.33037608806864915,0.630170703489267
@Ninja Congrats,neither,0.03945320844208391,0.33037608806864915,0.630170703489267
Pp popo,neither,0.03945320844208391,0.33037608806864915,0.630170703489267
u suck at every game,neither,0.06296570350557484,0.3166445296774431,0.620389766816982
new angle is great,neither,0.04887898891868283,0.22415399458288798,0.7269670164984291
oh awesome FFXI morning stream!,neither,0.05036148972908286,0.1812655048438198,0.7683730054270973
Fortnite w lupo,neither,0.03945320844208391,0.33037608806864915,0.630170703489267
"That's what she said , ha...haa",neither,0.04245344856525558,0.4681324011944128,0.48941415024033175
Looking good ninja,neither,0.038789557183511056,0.3306043481686007,0.6306060946478883
cough,neither,0.03945320844208391,0.33037608806864915,0.630170703489267
new angle OP,neither,0.042633322792880436,0.2514349353019476,0.705931741905172
I love that I can see your little ninja guy in the background,neither,0.05223190341592128,0.3562861431173242,0.5914819534667546
hush your mouth DST,neither,0.10375412232560165,0.3123206877299599,0.5839251899444383
Have you guys heard about this thing called twitch prime dude because if you haven’t you should hear about it,offensive_language,0.0553613623271513,0.4863444079642613,0.45829422970858735
It’s good to try different positions once in a while ninjaCreep,neither,0.04255643301398695,0.3281507704759367,0.6292927965100764
TPFork TPFork TPFork TPFork TPFork TPFork TPFork TPFork,neither,0.03945320844208391,0.33037608806864915,0.630170703489267
This camera angle showcases your stream room so much better!,neither,0.05408409606768528,0.35591870765007844,0.5899971962822363
Congrats on qualifying,neither,0.035719117494545226,0.3484668974771979,0.6158139850282569
op angle,neither,0.03945320844208391,0.33037608806864915,0.630170703489267
"Hope we're all enjoying the day also, lol @Figjam300",neither,0.07935903944416214,0.2880992596668982,0.6325417008889397
You look fresh Tyler. that snow made you happy my dude ninjaH ninjaH ninjaH ninjaH ninjaH ninjaH ninjaH ninjaH ninjaH ninjaH ninjaH ninjaH ninjaH ninjaH ninjaH ninjaH ninjaH ninjaH,offensive_language,0.04953236765676329,0.4799862771882975,0.4704813551549392
I like it,neither,0.06953449037813421,0.37815048807863416,0.5523150215432316
Hey chat wolfAnd @ninja ninjaHi ninjaHi ninjaPon ninjaPon,neither,0.03945320844208391,0.33037608806864915,0.630170703489267
the tvs in the back r messed up also? rip,neither,0.03663716186978946,0.3413572626970147,0.6220055754331958
"Geez it's so nice an bright too, you can see everything",neither,0.04911534826884557,0.3892537906901636,0.5616308610409908
@ninja good morning!!!,neither,0.0468013847741319,0.19273113716557552,0.7604674780602926
Have you guys heard about this thing called twitch prime dude because if you haven’t you should hear about it ninjaLlama,offensive_language,0.0553613623271513,0.4863444079642613,0.45829422970858735
Some of the video wall screens down as well??,neither,0.03456007476720392,0.2804067566544128,0.6850331685783834
The great blizzard of 2018,neither,0.03589536923665283,0.2736990961735102,0.690405534589837
@Ninja play some christmas music for us,neither,0.05127416972209614,0.3149732179135865,0.6337526123643175
How much snow did you guys get @Ninja??,neither,0.047063379963992166,0.3735856017135584,0.5793510183224494
wonder if @ninja sees my chat ninjaPon,neither,0.021590278689115828,0.4247492452423964,0.5536604760684878
what up ninja good morning,neither,0.04978930837541877,0.24472261151643732,0.7054880801081438
morning man ninjaHype ninjaHype ninjaHype,neither,0.05475032297382356,0.21030305741904584,0.7349466196071305
New pump shotguns coming so sick,neither,0.0426381941759757,0.29071788053832415,0.6666439252857002
@kemli i agree,neither,0.03945320844208391,0.33037608806864915,0.630170703489267
@kemli ninjaHi,neither,0.03945320844208391,0.33037608806864915,0.630170703489267
I have amazon prime,neither,0.03881192308937332,0.34126037412555404,0.6199277027850726
"@Ninja not sure when you changed the cam angle, but it looks great",neither,0.033468258465740586,0.4336301652380474,0.5329015762962119
@ninja Good Morning. Hope your having a wonderful day,neither,0.10201885118260087,0.15382694614325249,0.7441542026741467
ninjaFan,neither,0.03945320844208391,0.33037608806864915,0.630170703489267
Hello,neither,0.03945320844208391,0.33037608806864915,0.630170703489267
Some tv aren't open Ninj,neither,0.03196115757009582,0.3433838934081073,0.6246549490217969
No fortnite today? 😭,neither,0.03582344737894328,0.31780966450636605,0.6463668881146906
hello,neither,0.03945320844208391,0.33037608806864915,0.630170703489267
10k wow,neither,0.03945320844208391,0.33037608806864915,0.630170703489267
If you love ninja go ahead and smash that subscribe button!!!!!!!!!,neither,0.03199023422377644,0.40159843203501144,0.5664113337412121
new cam angle is dope,neither,0.048725472691044616,0.2601274006946705,0.6911471266142849
hi,neither,0.03945320844208391,0.33037608806864915,0.630170703489267
"@ninja after seeing the list of people who did not qualify, big congrats on that 29 man. I had no idea how big a deal that was until last night. ninjaHype",neither,0.027852736146474804,0.4578214450775344,0.5143258187759907
"Struggling to keep up with rent payments, chat? Consider this quick tip to save yourself a few bucks over the holiday season. Use water in your cereal instead of milk.",neither,0.03261710191958593,0.3828294234379163,0.5845534746424977
@Ninja is your brother playing with you,neither,0.07958041348099888,0.39236926058018673,0.5280503259388144
why no fortnite,neither,0.019682187635171045,0.38732624423083184,0.5929915681339971
Snow day for who brother? Lol,neither,0.028941541861121436,0.38913472846528047,0.5819237296735981
Oof Final Fantasy XI,neither,0.03945320844208391,0.33037608806864915,0.630170703489267
Sup ninja,neither,0.03945320844208391,0.33037608806864915,0.630170703489267
Hey,neither,0.03945320844208391,0.33037608806864915,0.630170703489267
In the chi kids still gotta go to school lol,neither,0.0363840232513188,0.388937788276714,0.5746781884719672
You have snow?,neither,0.06222727499894198,0.40843726261831387,0.5293354623827442
New epic and legendary pump shotguns are gunna be so sick,neither,0.05598110011233555,0.25462752327445853,0.689391376613206
!prime,neither,0.03945320844208391,0.33037608806864915,0.630170703489267
Support the stream with a FREE SUBSCRIPTION! Link an Amazon Prime to your Twitch account - twitch.amazon.com/prime Check out this tutorial where Ninja shows how to subscribe to a stream using Twitch Prime! youtube.com/watch?v=pvyZLDs2yQo ninjaPrime ninjaPrime ninjaPrime,neither,0.05320751381205407,0.33853077004085724,0.6082617161470886
@Ninja you didnt read my 2 months,neither,0.04092485023386614,0.43581271391480325,0.5232624358513305
He cant always stream fortnite,neither,0.042663365675259454,0.37920248370306214,0.5781341506216785
Final fantasy brings me back to when I used to watch my big brother play it!!,neither,0.02508220773802794,0.4436341415559431,0.531283650706029
cheer1000,neither,0.03945320844208391,0.33037608806864915,0.630170703489267
He doesnt call out individual subs @Joneszyy,neither,0.03999127555161597,0.34268119138465847,0.6173275330637255
!uptime,neither,0.03945320844208391,0.33037608806864915,0.630170703489267
ninjaPon ninjaPon ninjaPon ninjaPon ninjaPon FortOne FortOne FortOne FortOne FortOne FortOne FortOne FortOne,neither,0.03945320844208391,0.33037608806864915,0.630170703489267
Sure he can,offensive_language,0.039059444513354274,0.4965377822637852,0.4644027732228606
Ninja has been streaming for 9 minutes,neither,0.03534539547680819,0.3086886719399528,0.655965932583239
ninjaPon,neither,0.03945320844208391,0.33037608806864915,0.630170703489267
Sup ninj i live by you,neither,0.0667199521801115,0.43643952124059243,0.4968405265792961
get outta here khed.🤣,neither,0.11149379070488706,0.28776894436116307,0.60073726493395
ninjaCreep,neither,0.03945320844208391,0.33037608806864915,0.630170703489267
@Twitzh since when?,neither,0.02508475095669717,0.4070749862201132,0.5678402628231896
"That Tourney was the real deal, points hard to come by.",offensive_language,0.030728664412628375,0.5944636700050842,0.37480766558228745
where’s the fiddle nite,neither,0.04049507679838196,0.27573562902442905,0.683769294177189
"@maddened yeah man, all the competitive Fortnite pros that failed to qualify ninjaS",offensive_language,0.030273325344349643,0.490399413170266,0.47932726148538435
Hey Ninja! Hope you're having a chill monday,neither,0.10355471236235393,0.2549971361920797,0.6414481514455663
Is your brother playing at the commentary section TV ninja ?,neither,0.06372759205808382,0.3272432772432084,0.6090291306987078
uh like a year lmao @Joneszyy,neither,0.05007524860476252,0.36636060227635114,0.5835641491188863
,neither,0.03945320844208391,0.33037608806864915,0.630170703489267
"@Twitzh oh nvm, i knew that",neither,0.04052384561072256,0.3229082579012742,0.6365678964880032
What place did Ninja place??,neither,0.04802096600489389,0.2532614537196894,0.6987175802754167
@Twitzh i was thinking about dono's lols,neither,0.03717102840859188,0.36911063925228516,0.5937183323391231
Nah he still reads those ninjaTooth,neither,0.0673158142298852,0.27843583010464573,0.6542483556654691
@Twitzh leave me alone its early ninjaFail ninjaFail ninjaFail ninjaFail ninjaFail,neither,0.029206491923757457,0.3446884297123292,0.6261050783639135
no fortnite today ?,neither,0.03582344737894328,0.31780966450636605,0.6463668881146906
@greninjatheninja99 top 200 ninjaTooth,neither,0.03945320844208391,0.33037608806864915,0.630170703489267
hi ninja,neither,0.03945320844208391,0.33037608806864915,0.630170703489267
@ninja sitting in your pjs with your bro gaming on a snow day. FeelsNastalgicMan,neither,0.061758493568641736,0.34122077132033374,0.5970207351110245
Ninja is the bestest,neither,0.04857426747449921,0.3074463626051908,0.64397936992031
hi ninja,neither,0.03945320844208391,0.33037608806864915,0.630170703489267
Tf is this?,neither,0.05297031857971864,0.3281552930461284,0.6188743883741529
"No its not, its almost 5pm ninjaCreep @Joneszyy",neither,0.029985567878378434,0.3466982019584937,0.6233162301631278
da f,offensive_language,0.15114814935983525,0.6045263659867909,0.24432548465337384
,neither,0.03945320844208391,0.33037608806864915,0.630170703489267
Hi,neither,0.03945320844208391,0.33037608806864915,0.630170703489267
@Twitzh Where are you that it's 5pm???,neither,0.08254628669364722,0.33861553936409644,0.5788381739422563
@Twitzh i wish! then i'd be off work ninjaAww,neither,0.03994713314057378,0.33451214990319206,0.6255407169562341
ninjaHi,neither,0.03945320844208391,0.33037608806864915,0.630170703489267
PLAY Fortnite,neither,0.03945320844208391,0.33037608806864915,0.630170703489267
ninjacheer100 ninjacheer100 ninjacheer100 ninjacheer100 ninjacheer100 what is the diffrence between g sync and free sync on alienware monitor looking to get one for christmas thanks ninj,neither,0.04355609852659616,0.2969005286003361,0.6595433728730676
i dont remember you kayyThink @ModernMaze,neither,0.06645341672558874,0.40372005807023176,0.5298265252041796
Sweden greninjatheninja99,neither,0.03945320844208391,0.33037608806864915,0.630170703489267
F in chat :(,neither,0.03945320844208391,0.33037608806864915,0.630170703489267
I start work at 8pm FeelsBadMan @Joneszyy,neither,0.03874983232730013,0.3517936023312324,0.6094565653414674
@Twitzh if I weren't working today I would have a drink in honor of your 5PM,neither,0.04018118020999152,0.34609115693057935,0.6137276628594293
Lol,neither,0.020706217963973744,0.4882283491876925,0.4910654328483337
how many of you dream of getting battlepass of season 7 ?,neither,0.04734529090236112,0.41147668040715735,0.5411780286904814
"Someone help me, I'm on day 2 of my caffeine cleanse and I want to die.",neither,0.11531429917045892,0.22433063581026128,0.6603550650192799
"@Twitzh im in eastern standard time, im from @Ninja 's hometown",neither,0.03834639468038783,0.3711018512813987,0.5905517540382135
@Twitzh Okay. Is it still November 26??,neither,0.04369027885721342,0.34009558988011734,0.6162141312626691
Swedish pancakes? What’s different about them?,neither,0.056486558233122514,0.34333721105225185,0.6001762307146257
WHo I started he playing with,neither,0.03328942399198929,0.4334229855426699,0.5332875904653409
I wonder who started the trend of using milk in cereal? Like why milk? Why not a mighty tap water?,neither,0.031891438794670005,0.3951964779799322,0.5729120832253979
I can't get on with my day without a Pon Pon ninjaPon,neither,0.018610420956148097,0.45401373465445466,0.5273758443893971
lmao yes. @greninjatheninja99,neither,0.03791847167086852,0.35642457641997705,0.6056569519091544
Damn this takes me back to my snow days/runescape days,offensive_language,0.03492624476701583,0.6963782729425282,0.26869548229045603
f,neither,0.03945320844208391,0.33037608806864915,0.630170703489267
@Twitzh does feel bad,neither,0.020899167452665988,0.4823238531477355,0.4967769793995985
@SpappyGram only solution is drink caffeine lol,neither,0.038835964368169,0.37637904319032267,0.5847849924415082
why such little viewers Biblethump,neither,0.029575287416031878,0.3449925812119983,0.6254321313719698
"@SpappyGram it gets better. I go weeks at a time without caffeine now with no issues,.",neither,0.030711736604142816,0.3929873602236662,0.5763009031721911
"@Twitzh I mean, I don't know the different time differences for outside the US.",neither,0.05514023569303622,0.3012418861008667,0.6436178782060971
