text,top_class,hate_speech,offensive_language,neither
Morning,neither,0.05283876784042269,0.1031882115525248,0.8439730206070525
ninjaHi,neither,0.03945320844208391,0.33037608806864915,0.630170703489267
ninjaThirst ninjaThirst ninjaThirst ninjaThirst,neither,0.03945320844208391,0.33037608806864915,0.630170703489267
Hey ninja,neither,0.03945320844208391,0.33037608806864915,0.630170703489267
Hello,neither,0.03945320844208391,0.33037608806864915,0.630170703489267
Hey,neither,0.03945320844208391,0.33037608806864915,0.630170703489267
It’s lit,neither,0.03748292270080534,0.33105375968371464,0.63146331761548
im here ninja dont worry,neither,0.07601109589508008,0.3255667202867271,0.5984221838181927
Hi,neither,0.03945320844208391,0.33037608806864915,0.630170703489267
hi,neither,0.03945320844208391,0.33037608806864915,0.630170703489267
Good morning ninja,neither,0.0468013847741319,0.19273113716557552,0.7604674780602926
ninjaSplat ninjaSplat ninjaSplat ninjaSplat,neither,0.03945320844208391,0.33037608806864915,0.630170703489267
I was gifted a sub. How nice! Shout out whoever that dude was lmao,neither,0.034501355705136176,0.3725438997366794,0.5929547445581845
hi,neither,0.03945320844208391,0.33037608806864915,0.630170703489267
Hy,neither,0.03945320844208391,0.33037608806864915,0.630170703489267
What up Ninja,neither,0.0424860282095962,0.3861250105635327,0.5713889612268711
ninjaPon ninjaPon ninjaPon ninjaPon ninjaPon ninjaPon ninjaPon,neither,0.03945320844208391,0.33037608806864915,0.630170703489267
PartyPopper,neither,0.03945320844208391,0.33037608806864915,0.630170703489267
ninjaPon,neither,0.03945320844208391,0.33037608806864915,0.630170703489267
ninjaCreep ninjaCRINJA ninjaCRINJA ninjaCRINJA ninjaCRINJA ninjaCRINJA ninjaGold,neither,0.03945320844208391,0.33037608806864915,0.630170703489267
ninjaBlank ninjaBlank,neither,0.03945320844208391,0.33037608806864915,0.630170703489267
ninjaFan ninjaFan ninjaFan ninjaFan ninjaFan ninjaFan ninjaFan ninjaFan ninjaFan ninjaFan ninjaFan ninjaFan,neither,0.03945320844208391,0.33037608806864915,0.630170703489267
"Morning Ninja, hope the holidays have been treating you well",neither,0.08048900727858976,0.20063286614257445,0.7188781265788358
putka maina,neither,0.03945320844208391,0.33037608806864915,0.630170703489267
ninjaPon ninjaPon ninjaPon ninjaPon ninjaPon,neither,0.03945320844208391,0.33037608806864915,0.630170703489267
ninjaH ninjaH ninjaH ninjaBush ninjaBush ninjaBush ninjaRekt ninjaRekt ninjaRekt ninjaFan ninjaFan ninjaFan,neither,0.03945320844208391,0.33037608806864915,0.630170703489267
Hi ninja,neither,0.03945320844208391,0.33037608806864915,0.630170703489267
putkoooo,neither,0.03945320844208391,0.33037608806864915,0.630170703489267
!multi,neither,0.03945320844208391,0.33037608806864915,0.630170703489267
multistre.am/ninja/cdnthe3rd/fearitself/poach,neither,0.03922850912367564,0.33045337246797235,0.630318118408352
good morning ninja!!!,neither,0.0468013847741319,0.19273113716557552,0.7604674780602926
hi ninja,neither,0.03945320844208391,0.33037608806864915,0.630170703489267
Sup everyone,neither,0.0329156616963718,0.44133531798081543,0.5257490203228127
gifting is live POG,neither,0.06612417478258875,0.321202719730918,0.6126731054864932
1 PUMP IS BACK!!!!!!,neither,0.04883601461857011,0.3271489107703249,0.624015074611105
G o o d M o r n i n g,neither,0.03945320844208391,0.33037608806864915,0.630170703489267
this shotgun update is amazing,neither,0.047502075484628606,0.32913869069981394,0.6233592338155575
Been waiting to see this guy Wield this new shotty,neither,0.04613901302870693,0.27658410976697084,0.6772768772043222
AND SHOTGUNS DO DAMAGE,neither,0.04020093341062747,0.2843307025493279,0.6754683640400446
POGGERS,neither,0.03945320844208391,0.33037608806864915,0.630170703489267
can you push me,neither,0.0494197314362852,0.44279746536849557,0.5077828031952192
PartyPopper PartyPopper PartyPopper PartyPopper PartyPopper PartyPopper,neither,0.03945320844208391,0.33037608806864915,0.630170703489267
i first here,neither,0.10458593680701099,0.2733858726626806,0.6220281905303083
ninjaHi ninjaHi ninjaHi,neither,0.03945320844208391,0.33037608806864915,0.630170703489267
THIS IS SUCH A GOOD UPDATE,neither,0.04718950548691053,0.32521855059157073,0.6275919439215187
!uptime,neither,0.03945320844208391,0.33037608806864915,0.630170703489267
Ninja has been streaming for 3 minutes 32 seconds,neither,0.03602061757599671,0.31225792780599665,0.6517214546180067
Ayeeeee,neither,0.03945320844208391,0.33037608806864915,0.630170703489267
LETS GOO,neither,0.0381375099945381,0.3527069244228318,0.6091555655826302
Return of the shot!!!!,neither,0.03855187227309071,0.3138866140847382,0.6475615136421712
POG,neither,0.03945320844208391,0.33037608806864915,0.630170703489267
Shotgun is OP,neither,0.05044627423290362,0.3265950686495308,0.6229586571175656
ay lamo,neither,0.03945320844208391,0.33037608806864915,0.630170703489267
Hello Ninja ❤️,neither,0.03945320844208391,0.33037608806864915,0.630170703489267
glad you qualified ninja. things were a little off for a few games but you clutched it my man <3 much respect,neither,0.03985291288499003,0.4426222353121793,0.5175248518028307
GOODMORNING Everyone!,neither,0.033219361956460275,0.4361807319725941,0.5305999060709456
Gifting,neither,0.03945320844208391,0.33037608806864915,0.630170703489267
RETURN OF THE SHOTGUN WOOOOO,neither,0.038353223192269734,0.3101346756120217,0.6515121011957086
Can i play with you in good im a nur fan,neither,0.04039925068956432,0.4400459343415883,0.5195548149688476
ninjaBlast2 ninjaBlast3,neither,0.03945320844208391,0.33037608806864915,0.630170703489267
ninjaGold ninjaGold ninjaGold ninjaGold,neither,0.03945320844208391,0.33037608806864915,0.630170703489267
PokPikachu,neither,0.03945320844208391,0.33037608806864915,0.630170703489267
Gifting is outtt,neither,0.081172750358939,0.3160268245287109,0.60280042511235
Show everyone the patch notes? @Ninja,neither,0.043921903971378545,0.3405359627071483,0.6155421333214732
Love u so much ninja,neither,0.03289696861441487,0.39060844008385215,0.576494591301733
ninjaRed ninjaBull hi ninja,neither,0.03945320844208391,0.33037608806864915,0.630170703489267
Let’s gooooooo,neither,0.01259774405356427,0.402817721707079,0.5845845342393566
ninjaClap,neither,0.03945320844208391,0.33037608806864915,0.630170703489267
ninja10 ninja10 ninja10 ninjaHype,neither,0.03945320844208391,0.33037608806864915,0.630170703489267
Let’s goooooo,neither,0.01259774405356427,0.402817721707079,0.5845845342393566
,neither,0.03945320844208391,0.33037608806864915,0.630170703489267
get them dubs,neither,0.07287992213959783,0.3304162728338524,0.5967038050265497
Dude pumps are so good now,neither,0.06082203578476662,0.32950273966048627,0.6096752245547471
Body,neither,0.03945320844208391,0.33037608806864915,0.630170703489267
for christmas im gonna gift 100 subs,neither,0.03422044653952857,0.36110418911323694,0.6046753643472346
ninjaHype ninjaHype ninjaHype,neither,0.03945320844208391,0.33037608806864915,0.630170703489267
@Ninja Lupo hit one for 176 with the gold pump,neither,0.028868071407676756,0.34291549352362133,0.628216435068702
;),neither,0.03945320844208391,0.33037608806864915,0.630170703489267
Morning ninja and chat ninjaHi,neither,0.045027056816225666,0.18275084176299264,0.7722221014207817
Go through patch notes with chat @Ninja,neither,0.03328010029536975,0.35553010510571076,0.6111897945989196
Song?,neither,0.038601720699969956,0.3448280572582511,0.616570222041779
Headshot is 200 plus,neither,0.04780626202242477,0.32750308990806504,0.6246906480695101
Gifting is outtt,neither,0.081172750358939,0.3160268245287109,0.60280042511235
ninja10 ninja10 ninja10 ninja10,neither,0.03945320844208391,0.33037608806864915,0.630170703489267
hello beautiful people ninjaHi don't forget that you are amazing!,neither,0.10163979743329601,0.353750346200104,0.5446098563666
!intro,neither,0.03945320844208391,0.33037608806864915,0.630170703489267
Can i play with you ninjaFan ninjaFan ninjaFan ninjaH ninjaH ninjaH,neither,0.04370065619371478,0.4626423560105348,0.49365698779575046
105 /110 body dmg for new shotty,neither,0.03740966988521393,0.2444208374017638,0.7181694927130222
NINJY,neither,0.03945320844208391,0.33037608806864915,0.630170703489267
Patch notes @Ninja,neither,0.03945320844208391,0.33037608806864915,0.630170703489267
I need a sperm donation for my wife for super gaming babies please and thank you,neither,0.033152852235509844,0.34435413362587786,0.6224930141386124
I really hope ninja is on the same vibe today as he was last night,neither,0.05836972011964529,0.2708146256306833,0.6708156542496714
Good morning ninjaHi,neither,0.04970930963283925,0.13564577574880146,0.8146449146183593
Seex,neither,0.03945320844208391,0.33037608806864915,0.630170703489267
Morning ninja,neither,0.048203553387938615,0.18185989775694275,0.7699365488551186
K,neither,0.03945320844208391,0.33037608806864915,0.630170703489267
2,neither,0.03945320844208391,0.33037608806864915,0.630170703489267
☺😊😊,neither,0.03945320844208391,0.33037608806864915,0.630170703489267
what's up,neither,0.04549209283961305,0.43877665191533993,0.5157312552450469
Shotguns are OP AF,neither,0.06775579979907548,0.28200024075007873,0.6502439594508457
Gifting is outtt,neither,0.081172750358939,0.3160268245287109,0.60280042511235
good morning bros lets get this bread,neither,0.04437524598149858,0.23772420427028296,0.7179005497482185
ninjaTooth ninjaCreep ninjaCreep,neither,0.03945320844208391,0.33037608806864915,0.630170703489267
Is max shotgun damage 200?,neither,0.04553500286463949,0.3282842800823846,0.626180717052976
TIMER RESET Kappa,neither,0.03945320844208391,0.33037608806864915,0.630170703489267
Good Morning 🌞 Team ninja ninjaH ninjaH ninjaH,neither,0.046015447542289006,0.20778820802423295,0.746196344433478
ninjaCreep ninjaCreep ninjaCreep ninjaCreep,neither,0.03945320844208391,0.33037608806864915,0.630170703489267
idk,neither,0.03945320844208391,0.33037608806864915,0.630170703489267
Max 105/110,neither,0.03945320844208391,0.33037608806864915,0.630170703489267
Any OG's from the Final Fantasy stream yesterday in here?,neither,0.06320243531375189,0.2902685957452083,0.6465289689410398
Wait,neither,0.03945320844208391,0.33037608806864915,0.630170703489267
Hey!,neither,0.03945320844208391,0.33037608806864915,0.630170703489267
ninjaHype ninjaHype ninjaHype ninjaHype ninjaHype,neither,0.03945320844208391,0.33037608806864915,0.630170703489267
Oof,neither,0.03945320844208391,0.33037608806864915,0.630170703489267
@ninja can u read patch notes for those who haven't seen em yet?,neither,0.048021485030123594,0.30579958977129396,0.6461789251985824
My ninja sweatshirt is in Memphis and I cant Wait to receive it!!!!!!!!!!!,neither,0.039000967892889475,0.35105124991231496,0.6099477821947955
ninjaHi ninjaHi ninjaH,neither,0.03945320844208391,0.33037608806864915,0.630170703489267
esketttttttttit,neither,0.03945320844208391,0.33037608806864915,0.630170703489267
Patch notes? @Ninja,neither,0.03945320844208391,0.33037608806864915,0.630170703489267
LOL,neither,0.020706217963973744,0.4882283491876925,0.4910654328483337
I’m talking about max headshot damage,neither,0.038184500213900664,0.35190937776554876,0.6099061220205506
I watched @joneszyy,neither,0.03945320844208391,0.33037608806864915,0.630170703489267
nothing but snipes should be 1 hit period,neither,0.04500646350353178,0.4201260287174821,0.5348675077789862
Ninjy you so sexy,offensive_language,0.06857141140312227,0.491358171178359,0.44007041741851877
Hey,neither,0.03945320844208391,0.33037608806864915,0.630170703489267
"@atjallday No, they're called rewarding of good aim",neither,0.053598871553961674,0.31790474517784434,0.6284963832681939
Really?? Another 5 lol,neither,0.09747860855195788,0.3008449502699459,0.6016764411780964
!uptime,neither,0.03945320844208391,0.33037608806864915,0.630170703489267
Ninja has been streaming for 5 minutes 53 seconds,neither,0.036078828691740394,0.31256560255387583,0.6513555687543837
much cleaner camera angle,neither,0.03662639508150213,0.3313483588085831,0.6320252461099148
ninjaPon,neither,0.03945320844208391,0.33037608806864915,0.630170703489267
Lol,neither,0.020706217963973744,0.4882283491876925,0.4910654328483337
ninjaPon,neither,0.03945320844208391,0.33037608806864915,0.630170703489267
Finally early ninjaPon ninjaPon,neither,0.04131255520071706,0.2988181210662818,0.6598693237330012
ninja10 ninja10 ninja10 ninja10 ninja10 ninja10 ninja10 ninjaLlama ninjaLlama ninjaLlama ninjaLlama ninjaLlama ninjaLlama ninjaLlama ninjaIQ ninjaIQ ninjaIQ ninjaGold ninjaGold ninjaGold ninjaGold ninjaGold ninjaTroll ninjaTroll ninjaTroll ninjaTroll ninjaTroll ninjaPopcorn ninjaPopcorn ninjaPopcorn ninjaPopcorn ninjaWifey ninjaBlank ninjaWifey ninjaCry ninjaAmazing ninjaCash ninjaAmazing ninjaCash ninjaThirst ninjaFood ninjaS ninjaFood ninjaS ninjaHi ninjaPopcorn ninjaHi ninjaPopcorn ninjaGold,neither,0.03945320844208391,0.33037608806864915,0.630170703489267
lol,neither,0.020706217963973744,0.4882283491876925,0.4910654328483337
Thoughts on DJ hay beef??,neither,0.037469083392290436,0.33982961040614573,0.6227013062015638
Why is there time added,neither,0.033984333190178635,0.32081222289621525,0.6452034439136062
im at school right now using a vpn to bypass the fire wall. (:,neither,0.03876181515632927,0.4002867250391141,0.5609514598045567
ninjaAww,neither,0.03945320844208391,0.33037608806864915,0.630170703489267
@Ninja when do you think you'll do another FFXI stream?,neither,0.09523582580898247,0.3675158266425758,0.5372483475484418
Gifting is outtt,neither,0.081172750358939,0.3160268245287109,0.60280042511235
Gifting is out,neither,0.04737496446041036,0.36240066170570695,0.5902243738338827
110 is max,neither,0.04912624121044723,0.3270490885368631,0.6238246702526896
ninjaClap ninjaClap ninjaClap,neither,0.03945320844208391,0.33037608806864915,0.630170703489267
Ninja dad! Good morning!!,neither,0.045921061467933004,0.20958869862332355,0.7444902399087434
"@xja_feelx No, a perfect shotty shot should do 200",neither,0.04829158189828697,0.36445263381986065,0.5872557842818524
eskeree ninjaIQ,neither,0.03945320844208391,0.33037608806864915,0.630170703489267
yes,neither,0.03945320844208391,0.33037608806864915,0.630170703489267
Go on a skin,neither,0.0372037343705987,0.3539451730728091,0.6088510925565923
let's get after dark boi,neither,0.026144269043867515,0.36546675165611897,0.6083889793000136
ayyyyyyeeeeee,neither,0.03945320844208391,0.33037608806864915,0.630170703489267
play,neither,0.03945320844208391,0.33037608806864915,0.630170703489267
I pumped someone point blank one time and it killed em,neither,0.036950565320697,0.3365195857957789,0.626529848883524
REDEPLOY,neither,0.03945320844208391,0.33037608806864915,0.630170703489267
morning dad,neither,0.049504154883009306,0.15978529608616932,0.7907105490308214
Yes,neither,0.03945320844208391,0.33037608806864915,0.630170703489267
You can 220 headshot,neither,0.05958853759365362,0.3797102879990176,0.5607011744073288
Lupo had one hit for 176 headshot,neither,0.033483103683059616,0.3307096886918533,0.6358072076250871
5x,neither,0.03945320844208391,0.33037608806864915,0.630170703489267
I am watching so that i stay awake in class,neither,0.03638632331264939,0.39447561970700545,0.5691380569803453
Pleasr,neither,0.03945320844208391,0.33037608806864915,0.630170703489267
Yea,neither,0.03908133164861177,0.3366878077749653,0.624230860576423
Yeah blue pump 200,neither,0.02671487619259302,0.4167207666265554,0.5565643571808516
Ads,neither,0.03945320844208391,0.33037608806864915,0.630170703489267
2x,neither,0.03945320844208391,0.33037608806864915,0.630170703489267
U can’t gift subs anymore?,neither,0.03967865650246382,0.32654964611144965,0.6337716973860866
@bradyboy1367 I’m excited for if,neither,0.016037970354664633,0.3589577249322573,0.6250043047130781
"It say 105/110 max, but what is headshot damage???",neither,0.044931212224220904,0.3327123477553002,0.6223564400204789
please,neither,0.03945320844208391,0.33037608806864915,0.630170703489267
that’s max body shot,neither,0.03622518323818337,0.36538124105902614,0.5983935757027905
!give,neither,0.03945320844208391,0.33037608806864915,0.630170703489267
5X,neither,0.03945320844208391,0.33037608806864915,0.630170703489267
ninjaPon Ninja take onemoistmelon's energy ninjaPon,neither,0.03945320844208391,0.33037608806864915,0.630170703489267
wait gifting is out?,neither,0.04430049331000052,0.3509352538956578,0.6047642527943418
Gifting is outtt Go on item shop,neither,0.04459735624220315,0.34274659292910775,0.6126560508286891
210 headshot damage,neither,0.03945320844208391,0.33037608806864915,0.630170703489267
wayyyyy,neither,0.03945320844208391,0.33037608806864915,0.630170703489267
hey dude,neither,0.03945320844208391,0.33037608806864915,0.630170703489267
ninjaPon,neither,0.03945320844208391,0.33037608806864915,0.630170703489267
ninja going be daeBop ing some heads today with the new shotgun ninja10,neither,0.027995388815539205,0.30121790352617067,0.6707867076582901
205 purple 22 gold,neither,0.03945320844208391,0.33037608806864915,0.630170703489267
ninjaPon,neither,0.03945320844208391,0.33037608806864915,0.630170703489267
Can do over 200,neither,0.03792409163830025,0.326839177668907,0.6352367306927929
How are you feeling,neither,0.11545523284529483,0.325024184152507,0.5595205830021981
they brought back redeploy,neither,0.03945320844208391,0.33037608806864915,0.630170703489267
can i play with you,neither,0.04370065619371478,0.4626423560105348,0.49365698779575046
with a good,neither,0.01997261245852012,0.40340745121416066,0.5766199363273193
"@ninja, Redeploy is horrible",neither,0.04746406043191003,0.3276207887269032,0.6249151508411868
gold,neither,0.03945320844208391,0.33037608806864915,0.630170703489267
blue pump does 200,neither,0.028513797981482215,0.43188879405126274,0.5395974079672551
"@ninja Green pump does 195, blue 200, purple 210, gold 220",neither,0.032990827389038864,0.382038976164422,0.584970196446539
220 for gold,neither,0.0340269944673985,0.3032721093004529,0.6627008962321487
New shorty 220 ads point blank head,neither,0.040651202105780326,0.2940564414329738,0.6652923564612458
ninjaPon ninjaPon ninjaPon ninjaPon,neither,0.03945320844208391,0.33037608806864915,0.630170703489267
srry 210,neither,0.03945320844208391,0.33037608806864915,0.630170703489267
Gift,neither,0.03945320844208391,0.33037608806864915,0.630170703489267
you feeling betta ninj ?,neither,0.05862537076787416,0.3839034843580183,0.5574711448741075
210 purple,neither,0.03945320844208391,0.33037608806864915,0.630170703489267
It’ll Do more damage at close range,neither,0.040156907662870826,0.3403193414517805,0.6195237508853486
In Spanish class currently ResidentSleeper,neither,0.041916986989885,0.28855933616283225,0.6695236768472829
!uptime,neither,0.03945320844208391,0.33037608806864915,0.630170703489267
Ninja has been streaming for 7 minutes,neither,0.03534539547680819,0.3086886719399528,0.655965932583239
@Ninja we love you too,neither,0.052131335112123665,0.40022473735480024,0.547643927533076
ninjaThrow ninjaStars ninjaStars ninjaStars,neither,0.03945320844208391,0.33037608806864915,0.630170703489267
210,neither,0.03945320844208391,0.33037608806864915,0.630170703489267
Let’s go over 200 damage baby,neither,0.02683676468933755,0.3589695885552433,0.6141936467554191
get ready for all those videos on youtube about all the streamers,neither,0.04792779389077463,0.3737551555251891,0.5783170505840363
ninjaPon ninjaPon ninjaPon ninjaPon ninjaPon ninjaPon ninjaPon,neither,0.03945320844208391,0.33037608806864915,0.630170703489267
you know me ninja im the guy from the plane it was lufthansa from frankfurt,neither,0.04179193912522726,0.3653164939489262,0.5928915669258465
"JESUS, that is crazy damage",neither,0.03307579497815777,0.4490233221841031,0.5179008828377392
Finally a shotgun that does what it’s intended,neither,0.028370487017849878,0.4565971440034031,0.515032368978747
ninjaPon ninjaPon ninjaPon ninjaPon,neither,0.03945320844208391,0.33037608806864915,0.630170703489267
ninjaPon,neither,0.03945320844208391,0.33037608806864915,0.630170703489267
did you buy the new skin today :o,neither,0.05499004419993554,0.25091493092680367,0.6940950248732607
95 green 100 blue,neither,0.04035792310860806,0.3092283405870355,0.6504137363043564
ninjaH ninjaH ninjaH ninjaH ninjaH,neither,0.03945320844208391,0.33037608806864915,0.630170703489267
In math class currently,neither,0.03945320844208391,0.33037608806864915,0.630170703489267
We love u,neither,0.03385289298597004,0.36076020363390426,0.6053869033801257
!uptime,neither,0.03945320844208391,0.33037608806864915,0.630170703489267
Yikes for the new guns,neither,0.035553392632430056,0.1898462903809533,0.7746003169866167
"Hi, Ninja",neither,0.03945320844208391,0.33037608806864915,0.630170703489267
GTS Ninja ninjaFan,neither,0.03945320844208391,0.33037608806864915,0.630170703489267
New camera angle is good Ninj,neither,0.049095180205777175,0.2532548079842732,0.6976500118099497
220 is max for gold,neither,0.04038174013299015,0.30705297735322173,0.6525652825137882
boiiii ninjaAww ninjaAww,neither,0.03945320844208391,0.33037608806864915,0.630170703489267
Just got notification,neither,0.033353420618530465,0.4024017013363969,0.5642448780450725
@barbxlahey boiiiii,neither,0.03945320844208391,0.33037608806864915,0.630170703489267
"just got the update you were live, good morning my guy! ninjaH",neither,0.04485163323778448,0.35219047983268625,0.6029578869295292
and you can fly again too ninja ninjaAww,neither,0.049853866096439055,0.3566035685098781,0.5935425653936829
Hey @ninja I love you more. Thanks for streaming. Your vibe last night was amazing just keep doing you baby and we’ll be goocchie,neither,0.054559883031805756,0.33692970997302596,0.6085104069951682
hiii ninjaHi ninjaHi ninjaHi ninjaHi,neither,0.03945320844208391,0.33037608806864915,0.630170703489267
Yah this camera angle is much better,neither,0.04192719245920283,0.3306248713742897,0.6274479361665074
!uptime,neither,0.03945320844208391,0.33037608806864915,0.630170703489267
Ninja has been streaming for 7 minutes 53 seconds,neither,0.036078828691740394,0.31256560255387583,0.6513555687543837
congrats on 20Mill,neither,0.035719117494545226,0.3484668974771979,0.6158139850282569
"Green pump 95, blue pump 100 max. New shotty is 195 then 200 for crit",neither,0.0418712353214804,0.2705358346628868,0.6875929300156329
Really good,neither,0.03831513130835594,0.3307675249821509,0.6309173437094933
"the range isn’t really much different, still will hit around 20/25",neither,0.036975218892546804,0.3165047264513281,0.646520054656125
hi guys ninjaThirst ninjaThirst ninjaHi ninjaHi,neither,0.03930687933907141,0.3328596748352989,0.6278334458256297
@deerockgames time to rekt some noobs ninjaCreep,neither,0.033621266375360066,0.3809079226598584,0.5854708109647815
Whats up my brother . have a Great day everyone !,neither,0.0253586981903003,0.4665373719425635,0.5081039298671362
new camera angle is so good :P,neither,0.04892085635844139,0.2900236641480205,0.6610554794935382
ninjaPon,neither,0.03945320844208391,0.33037608806864915,0.630170703489267
ninjaPon,neither,0.03945320844208391,0.33037608806864915,0.630170703489267
Alka seltzer plus cold works really good,neither,0.03892986947208924,0.33055608833845407,0.6305140421894566
,neither,0.03945320844208391,0.33037608806864915,0.630170703489267
THIS ANGLE IS BETTER,neither,0.0479398120155376,0.3290637234050201,0.6229964645794424
LUL LUL LUL,neither,0.03945320844208391,0.33037608806864915,0.630170703489267
20 MILLION HYPE!!!! Congrats @Ninja,neither,0.03945320844208391,0.33037608806864915,0.630170703489267
Let’s get it!,neither,0.01620600571974137,0.39767167536199827,0.5861223189182604
!uptime,neither,0.03945320844208391,0.33037608806864915,0.630170703489267
!uptime,neither,0.03945320844208391,0.33037608806864915,0.630170703489267
This angle is way better,neither,0.047169889218820676,0.3299997044769758,0.6228304063042036
This angle better,neither,0.03935212740879729,0.33209169700399876,0.6285561755872039
cheer100 cheer100 cheer100 cheer100 cheer100 hi ninja idk if you remember me from yesterday but your tips helped me a lot I got 10 kill solo dub and today it’s my bday,neither,0.10339938342221112,0.3833929920880718,0.513207624489717
this seems like a new game,neither,0.05370763406787718,0.2151017211483364,0.7311906447837865
HIIIIIII NINJAAAAA,neither,0.03945320844208391,0.33037608806864915,0.630170703489267
@Ninja linked you vid of 20 mil subs on youtube for twitter in discord ninjaAdore,neither,0.041381423048568615,0.3979020692352822,0.5607165077161492
How does he access his inventory and keep running?,neither,0.04665206613949363,0.3974134913679396,0.5559344424925667
"20,000,000 subscribers. Absolute madness! Congrats",neither,0.03945320844208391,0.33037608806864915,0.630170703489267
!uptime,neither,0.03945320844208391,0.33037608806864915,0.630170703489267
Ninja has been streaming for 8 minutes 46 seconds,neither,0.036078828691740394,0.31256560255387583,0.6513555687543837
feels bad,neither,0.035127458936667244,0.33186391168341184,0.6330086293799208
run it back,neither,0.037482414398545924,0.3310539345121702,0.6314636510892839
@ninja this angle is decent,neither,0.04541770444383261,0.3294857449135334,0.625096550642634
@Mlsto hi,neither,0.03945320844208391,0.33037608806864915,0.630170703489267
SHOTTY UPDATE BABAYYY,neither,0.03945320844208391,0.33037608806864915,0.630170703489267
20 MILLION YT CONGRATS!! @Ninja,neither,0.03945320844208391,0.33037608806864915,0.630170703489267
@mlsto morning James!,neither,0.04897870047118447,0.1687036287815761,0.7823176707472395
20 mill POGGERS,neither,0.03945320844208391,0.33037608806864915,0.630170703489267
"@weas3lz, Auto run",neither,0.03945320844208391,0.33037608806864915,0.630170703489267
morning,neither,0.05283876784042269,0.1031882115525248,0.8439730206070525
subbeed,neither,0.03945320844208391,0.33037608806864915,0.630170703489267
hello Ninja,neither,0.03945320844208391,0.33037608806864915,0.630170703489267
@Ninja whats your fav scurry moie,neither,0.06435493046181125,0.3234682820255226,0.6121767875126662
oof,neither,0.03945320844208391,0.33037608806864915,0.630170703489267
ben hit someone for 176 with the new shotty,neither,0.030866433216682254,0.2714760424864769,0.6976575242968408
I like this angle more ninja I can see nice angles of the room,neither,0.04605956598981403,0.3221892657139253,0.6317511682962607
20 mil poggers,neither,0.03945320844208391,0.33037608806864915,0.630170703489267
ninjaIQ,neither,0.03945320844208391,0.33037608806864915,0.630170703489267
20 mill is nuts man well done,neither,0.04461939315977695,0.3812205546278,0.574160052212423
13,neither,0.03945320844208391,0.33037608806864915,0.630170703489267
MORNING BUD,neither,0.04876252781492274,0.17237264292401425,0.7788648292610629
did he die or disconnect?,neither,0.2610294636752159,0.10498092615482267,0.6339896101699614
Good Morning!!!,neither,0.04970930963283925,0.13564577574880146,0.8146449146183593
Redeploy is back PogChamp,neither,0.05875706531986774,0.3237366064983911,0.6175063281817412
laggy??,neither,0.03945320844208391,0.33037608806864915,0.630170703489267
gud morn ninjaCreep ninjaCreep,neither,0.03945320844208391,0.33037608806864915,0.630170703489267
20 mil POG,neither,0.03945320844208391,0.33037608806864915,0.630170703489267
OOF,neither,0.03945320844208391,0.33037608806864915,0.630170703489267
Knock that dust off and let’s go!,neither,0.025379716823951712,0.3586340188039331,0.6159862643721151
congrats on 20 mill@ninja,neither,0.03746097101357079,0.3398689914686922,0.6226700375177369
ninjaHi ninjaHi ninjaHi ninjaHi ninjaHi ninjaHi ninjaHi ninjaHi ninjaHi ninjaHi ninjaHi,neither,0.03945320844208391,0.33037608806864915,0.630170703489267
congrats on 20Mill on YT,neither,0.034897071624524274,0.3526252071738614,0.6124777212016144
,neither,0.03945320844208391,0.33037608806864915,0.630170703489267
ninjaPon ninjaPon ninjaPon ninjaPon ninjaPon,neither,0.03945320844208391,0.33037608806864915,0.630170703489267
ninjaPon,neither,0.03945320844208391,0.33037608806864915,0.630170703489267
no,neither,0.036918905254960256,0.37338982715841207,0.5896912675866277
Hair looks great today ninjaClap,neither,0.036536023044682,0.28757264571768265,0.6758913312376353
ninjaBlast1 ninjaBlast2 ninjaBlast3 ninjaBlast3 ninjaBlast3 ninjaBlast3,neither,0.03945320844208391,0.33037608806864915,0.630170703489267
So tac is the tac,neither,0.05676580604799323,0.3825113844970292,0.5607228094549775
ninjaHi,neither,0.03945320844208391,0.33037608806864915,0.630170703489267
Pog,neither,0.03945320844208391,0.33037608806864915,0.630170703489267
Good morning Ninja ninjaHi ninjaHi,neither,0.0468013847741319,0.19273113716557552,0.7604674780602926
Congrats on 20 mil!,neither,0.037089632692251205,0.3416781225427524,0.6212322447649965
hi bro❤ ninjaFan ninjaBlast1,neither,0.03945320844208391,0.33037608806864915,0.630170703489267
20mil NICE,neither,0.03945320844208391,0.33037608806864915,0.630170703489267
Hit yer shot ked Kappa,neither,0.03945320844208391,0.33037608806864915,0.630170703489267
Put the headband on my man,neither,0.02676085739453284,0.45798967713506283,0.5152494654704043
Morning Ninj!,neither,0.05283876784042269,0.1031882115525248,0.8439730206070525
I laughed so hard at that tweet,offensive_language,0.029669349536987234,0.5781134288595519,0.39221722160346095
Thoughts on dj hey beef??,neither,0.037287957827394067,0.34071031479730035,0.6220017273753056
Good morning krusty crew!!!,neither,0.04716591767778591,0.18570449122611693,0.7671295910960972
there is also a new marker thing,neither,0.048993562599950066,0.22548776818840874,0.7255186692116413
hi ninjaaa ninjaCash ninjaCash,neither,0.03945320844208391,0.33037608806864915,0.630170703489267
it's okay ninja,neither,0.03796837684299103,0.33088678974342484,0.6311448334135842
ninjaBlast1 ninjaBlast2 ninjaBlast3 ninjaBlast3 ninjaBlast3 ninjaBlast3,neither,0.03945320844208391,0.33037608806864915,0.630170703489267
@My_Climax thank you,neither,0.07325166854587051,0.43632638485078484,0.49042194660334476
20 MILLION ninjaHype ninjaHype ninjaHype ninjaHype ninjaHype ninjaHype ninjaHype,neither,0.03945320844208391,0.33037608806864915,0.630170703489267
hahahaha my favourite goat,neither,0.030692150180575604,0.3967417612548733,0.572566088564551
😂😂😂,neither,0.03945320844208391,0.33037608806864915,0.630170703489267
ninjaHype ninjaHype ninjaHype,neither,0.03945320844208391,0.33037608806864915,0.630170703489267
hi ninja how are oy,neither,0.05797463019149866,0.2965818177280266,0.6454435520804747
!Instagram,neither,0.036812681247548405,0.3751927257867597,0.5879945929656919
Follow Ninja on instagram: www.instagram.com/Ninja/,neither,0.03683283206653345,0.3595479588054303,0.6036192091280362
idk bout u but id b drinking a bully rn,neither,0.03451637934653604,0.3902181898382634,0.5752654308152007
ninjaHype ninjaHype ninjaHype ninjaHype,neither,0.03945320844208391,0.33037608806864915,0.630170703489267
@Ninja Congrats on hitting 20mil subs,neither,0.037494462598271536,0.33970644756681767,0.6227990898349108
Ya boi is listening to The Midnight!!! love em,offensive_language,0.034999380730715075,0.4935206982468461,0.47147992102243874
ninjaCreep,neither,0.03945320844208391,0.33037608806864915,0.630170703489267
lol,neither,0.020706217963973744,0.4882283491876925,0.4910654328483337
LUL LUL LUL,neither,0.03945320844208391,0.33037608806864915,0.630170703489267
yeet,neither,0.03945320844208391,0.33037608806864915,0.630170703489267
!spotify,neither,0.03945320844208391,0.33037608806864915,0.630170703489267
Ninja's Spotify playlist - https://goo.gl/2VXEkn,neither,0.03945320844208391,0.33037608806864915,0.630170703489267
!socials,neither,0.03945320844208391,0.33037608806864915,0.630170703489267
Congrats on the WINTER ROYALE!!!,neither,0.035864339173306205,0.3276397034416228,0.636495957385071
hy,neither,0.03945320844208391,0.33037608806864915,0.630170703489267
hola,neither,0.03945320844208391,0.33037608806864915,0.630170703489267
Damn you sexy dawgs,offensive_language,0.05974667019163492,0.8072943910155483,0.13295893879281662
Congrats @Ninja,neither,0.03945320844208391,0.33037608806864915,0.630170703489267
heeeelllo,neither,0.03945320844208391,0.33037608806864915,0.630170703489267
!uptime,neither,0.03945320844208391,0.33037608806864915,0.630170703489267
good morning ninja even though were in the same state I gotta go to bed,neither,0.06697186485676572,0.2015066555900318,0.7315214795532025
Ninja has been streaming for 9 minutes 58 seconds,neither,0.036078828691740394,0.31256560255387583,0.6513555687543837
Buy new headsets Ninja,neither,0.04307739028098627,0.23996989313213887,0.7169527165868749
congrats on winning at life,neither,0.03350329561990747,0.41266109911191656,0.553835605268176
dokataz said theres gifting now,neither,0.03945320844208391,0.33037608806864915,0.630170703489267
GOOD JOB BRO ON 20 MILLION ON YT @Ninja,neither,0.0358171887901108,0.34635303634420983,0.6178297748656794
!Give,neither,0.03945320844208391,0.33037608806864915,0.630170703489267
ninjaPon Ninja take Joneszyy's energy ninjaPon,neither,0.03945320844208391,0.33037608806864915,0.630170703489267
New shotty lit?,neither,0.042698536424361874,0.24976034245531464,0.7075411211203235
!eyes,neither,0.042704359925646626,0.2751955625633402,0.6821000775110132
!time,neither,0.036668274527354654,0.377643684699956,0.5856880407726893
"November 27th 2018, 9:41:04 am CST GMT-06:00",neither,0.03933101210739783,0.3304181169915343,0.630250870901068
ninjaThirst ninjaThirst,neither,0.03945320844208391,0.33037608806864915,0.630170703489267
Good luck today Ninja!,neither,0.037662821150970686,0.3114140749859026,0.6509231038631267
is there gifting,neither,0.058135835131279276,0.24227746891369034,0.6995866959550303
plan on playing any FFxi today??? @Ninja,neither,0.036312389733487695,0.32363103395228926,0.6400565763142231
PrimeRlyTho PrimeRlyTho PrimeRlyTho,neither,0.03945320844208391,0.33037608806864915,0.630170703489267
"pissed I missed the winter royale stream, competitive ninja >>>",neither,0.038940418081439505,0.3210913268311701,0.6399682550873905
key bind your middle mouse and you can mark things without pulling up full map. Pretty neat,neither,0.06733356720645166,0.3436959112591734,0.588970521534375
Get that shotgun!,neither,0.02963059925980306,0.44622686852941695,0.5241425322107799
20Mill,neither,0.03945320844208391,0.33037608806864915,0.630170703489267
ninjaPopcorn,neither,0.03945320844208391,0.33037608806864915,0.630170703489267
"20,000,000 subs on youtube chat. Big Pog",neither,0.029565543768558165,0.3701055695383845,0.6003288866930573
!2hands,neither,0.03945320844208391,0.33037608806864915,0.630170703489267
"""I use 2 hands, 1 to guide the tip, and the other to cradle the balls"" - Ninja 2015",neither,0.02882840075375995,0.3926444365429246,0.5785271627033155
Redeploy TableHere,neither,0.03945320844208391,0.33037608806864915,0.630170703489267
!mouse,neither,0.03945320844208391,0.33037608806864915,0.630170703489267
Ninja uses the Finalmouse Ultra Light Pro http://www.finalmouse.com/ultralightpro.php,neither,0.03723358144996776,0.2642216066734279,0.6985448118766044
!uptime,neither,0.03945320844208391,0.33037608806864915,0.630170703489267
!amp,neither,0.03945320844208391,0.33037608806864915,0.630170703489267
switch to ff,neither,0.045930833903905614,0.32658711716818245,0.6274820489279119
Congrats on the 20mil!!!,neither,0.03485328052341631,0.32699496356512364,0.63815175591146
my best player in the world❤,neither,0.024151217456154266,0.4628119390135324,0.5130368435303133
@ninja they added gifting,neither,0.03945320844208391,0.33037608806864915,0.630170703489267
@Ninja You're my hero,neither,0.058132489480598425,0.4269091192042766,0.5149583913151249
!computer,neither,0.03945320844208391,0.33037608806864915,0.630170703489267
GOOD JOB BRO ON 20 MILLION ON YT ! @Ninja,neither,0.0358171887901108,0.34635303634420983,0.6178297748656794
camera,neither,0.03945320844208391,0.33037608806864915,0.630170703489267
Myth?,neither,0.03945320844208391,0.33037608806864915,0.630170703489267
@Ninja i gave you my energy so you'll play really good now,offensive_language,0.051090633827296325,0.48984040458887246,0.45906896158383115
!pc,neither,0.03945320844208391,0.33037608806864915,0.630170703489267
Ninja's Gaming & Streaming PC's from BLD by NZXT https://nzxt.co/2rRnADN ninja10,neither,0.04077913852506656,0.3462504480285598,0.6129704134463737
You're always great!!,neither,0.0865529098139597,0.37994261570876653,0.5335044744772737
y,neither,0.03945320844208391,0.33037608806864915,0.630170703489267
YASSSS,neither,0.03945320844208391,0.33037608806864915,0.630170703489267
!uptime,neither,0.03945320844208391,0.33037608806864915,0.630170703489267
!wins,neither,0.03945320844208391,0.33037608806864915,0.630170703489267
Ninja has been streaming for 10 minutes 43 seconds,neither,0.03616263633314656,0.31300855531544025,0.6508288083514132
Check Ninja's wins here -> https://goo.gl/17Qojo,neither,0.0737613933919306,0.30145673084023594,0.6247818757678334
Wins: None yet ¯\_(ツ)_/¯,neither,0.03945320844208391,0.33037608806864915,0.630170703489267
@Ninja check discord DM;s,neither,0.03945320844208391,0.33037608806864915,0.630170703489267
congrats bro,neither,0.03945320844208391,0.33037608806864915,0.630170703489267
Gifting is in the game now @ninja,neither,0.045816001912266244,0.27512027679005924,0.6790637212976743
@Ninja check discord DM;s,neither,0.03945320844208391,0.33037608806864915,0.630170703489267
20 mil!!!!,neither,0.03945320844208391,0.33037608806864915,0.630170703489267
Gooood morning Ninja n chat! ninjaHi ninjaPonW,neither,0.04660363318618614,0.2090147190396831,0.7443816477741307
@Ninja check discord DM;s,neither,0.03945320844208391,0.33037608806864915,0.630170703489267
I DID LOL,neither,0.02700980747019309,0.426272786634817,0.5467174058949898
Hey ninja,neither,0.03945320844208391,0.33037608806864915,0.630170703489267
20mill,neither,0.03945320844208391,0.33037608806864915,0.630170703489267
congrats on 20 million!!!!!!,neither,0.03693276319783092,0.3424462140357819,0.6206210227663872
20 MILL,neither,0.03945320844208391,0.33037608806864915,0.630170703489267
@ninja they added gifting,neither,0.03945320844208391,0.33037608806864915,0.630170703489267
why does the volume low for mee,neither,0.0209167980909201,0.3991086324215497,0.5799745694875302
