text,top_class,hate_speech,offensive_language,neither
yes finallu,neither,0.03945320844208391,0.33037608806864915,0.630170703489267
goods morning,neither,0.04783234492562171,0.1881602741393493,0.764007380935029
finally*,neither,0.03945320844208391,0.33037608806864915,0.630170703489267
ninja im here i will make sure you feel better ok,neither,0.07895535737568546,0.4359987923537953,0.4850458502705194
G' Morning,neither,0.05283876784042269,0.1031882115525248,0.8439730206070525
You need some ibuprofen 4Head,neither,0.04535239770901045,0.39270068817786963,0.5619469141131198
I love you!!!!,offensive_language,0.079837142191777,0.5038574454704381,0.4163054123377849
Hiiii,neither,0.03945320844208391,0.33037608806864915,0.630170703489267
@Ninja you wanna talk about teh skittles?,neither,0.032457675486881415,0.4130583776723043,0.5544839468408143
JC.,neither,0.03945320844208391,0.33037608806864915,0.630170703489267
Is today an all day stream?,neither,0.047503594934263524,0.34855385652108944,0.6039425485446469
"@Ninja Hi, this intro music is great! can u tell me what song this is?",neither,0.0453742057488126,0.3352645723534985,0.6193612218976888
I checked a second ago and he wasn’t live glad I checked again nickmercsEMU,neither,0.04291083168975117,0.3241949283864251,0.6328942399238237
hello tyler,neither,0.03945320844208391,0.33037608806864915,0.630170703489267
2mins till hes live,neither,0.044058604071044394,0.3287920813286582,0.6271493146002974
smiles in chat thank you,neither,0.05323646407087343,0.37705834938474087,0.5697051865443856
Thank you! How u doin today?,neither,0.05315563957414706,0.3563915277806573,0.5904528326451957
your awesome,neither,0.08979947842598954,0.3163072056979203,0.5938933158760903
ninjaHyper ninjaPon ninjaPon ninjaPon ninjaPon ninjaPon ninjaPon ninjaPon ninjaPon ninjaPon ninjaPon ninjaPon ninjaPon ninjaPon ninjaPon ninjaPon ninjaPon ninjaPon ninjaPon ninjaPon ninjaPon ninjaPon,neither,0.03945320844208391,0.33037608806864915,0.630170703489267
Do yoi,neither,0.04103583477544425,0.3298317503003224,0.6291324149242333
:),neither,0.03945320844208391,0.33037608806864915,0.630170703489267
ninjaAdore ninjaAdore ninjaAdore,neither,0.03945320844208391,0.33037608806864915,0.630170703489267
Do you ever play on PS4?,neither,0.05296219280039632,0.3862485936263945,0.5607892135732092
PokPikachu,neither,0.03945320844208391,0.33037608806864915,0.630170703489267
PokCharizard PokCharizard,neither,0.03945320844208391,0.33037608806864915,0.630170703489267
yay,neither,0.03945320844208391,0.33037608806864915,0.630170703489267
ninjaPon ninjaPon,neither,0.03945320844208391,0.33037608806864915,0.630170703489267
ninjaPon,neither,0.03945320844208391,0.33037608806864915,0.630170703489267
cant wait bros ninjapon,neither,0.03945320844208391,0.33037608806864915,0.630170703489267
ninjaS,neither,0.03945320844208391,0.33037608806864915,0.630170703489267
ninjaHi,neither,0.03945320844208391,0.33037608806864915,0.630170703489267
lets go!,neither,0.039984317429425154,0.35542799280679366,0.6045876897637812
you trash @cpt_epicjet99,neither,0.09255335296046475,0.036804648686019924,0.8706419983535153
ninjaWifey ninjaPopcorn ninjaPon,neither,0.03945320844208391,0.33037608806864915,0.630170703489267
"Guarantee your PC gaming performance with BLD by NZXT. The simplest way to get a customized gaming PC. Chose the games you want to play, set a budget, and BLD takes care of the rest. Built and shipped within 48 hours with a 2-year warranty. https://nzxt.co/2k9lWJK ninja10 ninja10",neither,0.046159296404555336,0.335031206975871,0.6188094966195736
SO EXCITED! ninja10,neither,0.03940839469474773,0.3948270312238364,0.565764574081416
ninjaPon ninjaPon,neither,0.03945320844208391,0.33037608806864915,0.630170703489267
ninjaH ninjaH ninjaH,neither,0.03945320844208391,0.33037608806864915,0.630170703489267
ninjaCart,neither,0.03945320844208391,0.33037608806864915,0.630170703489267
ninjaBush,neither,0.03945320844208391,0.33037608806864915,0.630170703489267
ninjaPon ninjaPon ninjaPon ninjaPon ninjaPon ninjaTooth ninjaTooth ninjaTooth ninjaTooth,neither,0.03945320844208391,0.33037608806864915,0.630170703489267
ninjaPon,neither,0.03945320844208391,0.33037608806864915,0.630170703489267
ninja gaaaang,neither,0.03945320844208391,0.33037608806864915,0.630170703489267
whats good konradkeltsch1,neither,0.03862477639939439,0.3306610238363805,0.6307141997642249
ninjaPon,neither,0.03945320844208391,0.33037608806864915,0.630170703489267
ninjaCreep ninjaClap ninjaCreep ninjaClap ninjaCreep ninjaClap ninjaCreep ninjaClap,neither,0.03945320844208391,0.33037608806864915,0.630170703489267
hi,neither,0.03945320844208391,0.33037608806864915,0.630170703489267
ninjaPon ninjaPon ninjaPon,neither,0.03945320844208391,0.33037608806864915,0.630170703489267
YO,offensive_language,0.04010381111145228,0.5271105317972344,0.4327856570913131
ninjaWifey ninjaHyperr ninjaHyper ninjaHyperr ninjaHyper ninjaHyperr,neither,0.03945320844208391,0.33037608806864915,0.630170703489267
ninjaPon ninjaPon ninjaPon ninjaPon,neither,0.03945320844208391,0.33037608806864915,0.630170703489267
getting my popcorn redy boizz ninja10 ninjaPopcorn ninjaPon,neither,0.024526210418337937,0.48577282624062834,0.48970096334103363
cheer100 cheer100 cheer100 cheer100 cheer100 NOTE. i was the first dono this stream,neither,0.03293687980054373,0.3220408440717705,0.6450222761276857
ninjaWifey ninjaWifey ninjaWifey ninjaWifey,neither,0.03945320844208391,0.33037608806864915,0.630170703489267
k__dolla whats good,neither,0.03862477639939439,0.3306610238363805,0.6307141997642249
Will you nkt be,neither,0.0897147919959481,0.3973028660561344,0.5129823419479175
ninjaHi ninjaHi ninjaHi ninjaHi ninjaHi ninjaHi ninjaHi ninjaHi ninjaHi ninjaHi ninjaHi,neither,0.03945320844208391,0.33037608806864915,0.630170703489267
BagOfMemes,neither,0.03945320844208391,0.33037608806864915,0.630170703489267
ninjaThrow ninjaHyper ninjaHyperr ninjaHyper ninjaHyper ninjaHyperr ninjaHyper ninjaHyper ninjaHyper ninjaHyper ninjaHyper,neither,0.03945320844208391,0.33037608806864915,0.630170703489267
ninjaFood ninjaFood ninjaPopcorn ninjaPopcorn,neither,0.03945320844208391,0.33037608806864915,0.630170703489267
ninjaPon ninjaPon ninjaPon,neither,0.03945320844208391,0.33037608806864915,0.630170703489267
ninjaPon,neither,0.03945320844208391,0.33037608806864915,0.630170703489267
ninjaPon ninjaPon ninjaPon ninjaPon ninjaPon ninjaPon ninjaHyper ninjaHyperr ninjaBlast2 ninjaBlast3 ninjaBlast3 ninjaBlast3,neither,0.03945320844208391,0.33037608806864915,0.630170703489267
Hello fellow ninjas good morning,neither,0.04577218995761303,0.21242539224801468,0.7418024177943723
ninjaRed ninjaBull,neither,0.03945320844208391,0.33037608806864915,0.630170703489267
,neither,0.03945320844208391,0.33037608806864915,0.630170703489267
ninjaWifey ninjaWifey ninjaWifey,neither,0.03945320844208391,0.33037608806864915,0.630170703489267
Will you not be streaming when you're in LA?,neither,0.0747953491411397,0.411507747153639,0.5136969037052214
!uptime,neither,0.03945320844208391,0.33037608806864915,0.630170703489267
Ninja,neither,0.03945320844208391,0.33037608806864915,0.630170703489267
Ninja has been streaming for 4 minutes 41 seconds,neither,0.035678679601720456,0.31045049647393935,0.6538708239243401
let’s go baby! Morning streeeeammm,neither,0.03069022807642138,0.215320611856409,0.7539891600671697
ninjaPopcorn ninjaPopcorn ninjaPopcorn,neither,0.03945320844208391,0.33037608806864915,0.630170703489267
PokPikachu ninjaCreep ninjaCreep ninjaCreep,neither,0.03945320844208391,0.33037608806864915,0.630170703489267
"good morning @Ninja , Chat and Mods",neither,0.044205608020036015,0.1896126308936303,0.7661817610863337
Ninja ya,offensive_language,0.024385740930587936,0.6051092470582857,0.3705050120111262
ninjaPon ninjaPon ninjaPon ninjaPon ninjaPon ninjaPon,neither,0.03945320844208391,0.33037608806864915,0.630170703489267
Wasssupppp,neither,0.03945320844208391,0.33037608806864915,0.630170703489267
!suncount,neither,0.03945320844208391,0.33037608806864915,0.630170703489267
Only one in our solar system ☀️,neither,0.03879818021612235,0.3544624993471868,0.6067393204366908
bad singer good streamer,neither,0.03528692150858789,0.33180906519267606,0.632904013298736
habibi,neither,0.03945320844208391,0.33037608806864915,0.630170703489267
ninjaAww ninjaAww ninjaAww ninjaAww,neither,0.03945320844208391,0.33037608806864915,0.630170703489267
20 sec,neither,0.03945320844208391,0.33037608806864915,0.630170703489267
Let's go !,neither,0.01806316484133749,0.39391011985298136,0.5880267153056813
Good evening from Germany ninjaCreep,neither,0.03979238860273453,0.31559160280222687,0.6446160085950386
ninjaThirst ninjaThirst ninjaThirst ninjaThirst ninjaThirst ninjaThirst ninjaThirst ninjaThirst ninjaThirst ninjaThirst ninjaThirst ninjaThirst,neither,0.03945320844208391,0.33037608806864915,0.630170703489267
Hi Ninja <3,neither,0.03945320844208391,0.33037608806864915,0.630170703489267
ninjaPon ninjaHyper ninjaHyper ninjaHyper ninjaHyper ninjaHyper ninjaHyper ninjaHyper ninjaHyper ninjaHyper ninjaHyper ninjaHyper ninjaHyper ninjaHyper ninjaHyperr,neither,0.03945320844208391,0.33037608806864915,0.630170703489267
ninjaPon,neither,0.03945320844208391,0.33037608806864915,0.630170703489267
i love you baby ninjaPon ninjaPon ninjaPon ninjaPon ninjaPon,neither,0.0625658753412137,0.4359640011248161,0.5014701235339702
I love Fortnite,neither,0.03217296676969875,0.3657703709031763,0.602056662327125
DAD?!?!?!,neither,0.03945320844208391,0.33037608806864915,0.630170703489267
Ninja I missed you,neither,0.05687552933578636,0.37931593794452173,0.5638085327196919
hey all,neither,0.04285346742239823,0.46255625023407465,0.49459028234352725
ninjaAww ninjaAww ninjaAww ninjaAww ninjaAww ninjaAww ninjaAww ninjaAww,neither,0.03945320844208391,0.33037608806864915,0.630170703489267
Hey @kemli,neither,0.03945320844208391,0.33037608806864915,0.630170703489267
,neither,0.03945320844208391,0.33037608806864915,0.630170703489267
NANI?!?!?!,neither,0.03945320844208391,0.33037608806864915,0.630170703489267
Sup Ninj :),neither,0.03945320844208391,0.33037608806864915,0.630170703489267
hit your shots :),neither,0.08002190971938,0.3190755497132967,0.6009025405673234
Good afternoon,neither,0.038712489352510704,0.33063085532967357,0.6306566553178159
1 in the chat,neither,0.03831145552551962,0.3093391937240226,0.6523493507504577
!2hands,neither,0.03945320844208391,0.33037608806864915,0.630170703489267
ninjaTooth ninjaTooth ninjaTooth ninjaTooth ninjaTooth ninjaHyperr ninjaHyper ninjaHyper ninjaHyperr ninjaHyper ninjaHyperr ninjaHyper ninjaHyperr,neither,0.03945320844208391,0.33037608806864915,0.630170703489267
"""I use 2 hands, 1 to guide the tip, and the other to cradle the balls"" - Ninja 2015",neither,0.02882840075375995,0.3926444365429246,0.5785271627033155
hey @Kemli,neither,0.03945320844208391,0.33037608806864915,0.630170703489267
That endless summer,neither,0.035864818874369785,0.3693542725998438,0.5947809085257865
Yo this is lit,neither,0.049388456442480175,0.41202052948685225,0.5385910140706676
what song is this?,neither,0.05996683045653229,0.33256274023851656,0.6074704293049512
What do you think of adding an update that when your reload your gun your drop existing ammo in the previous mag and replace it with a full one,neither,0.09089893628383117,0.3613000262726708,0.547801037443498
!subcount,neither,0.03945320844208391,0.33037608806864915,0.630170703489267
Ninja has chosen not to show his sub count anymore as it just sparks meaningless debates in the chat. Watch the stream and enjoy the content instead of worrying about numbers ninjaAdore,neither,0.05172830886025077,0.3017108193993596,0.6465608717403898
lmfao,neither,0.05470637918084239,0.32512982320825545,0.6201637976109021
Jebait,neither,0.03945320844208391,0.33037608806864915,0.630170703489267
ninjaHype ninjaRed ninjaBull,neither,0.03945320844208391,0.33037608806864915,0.630170703489267
subcount,neither,0.03945320844208391,0.33037608806864915,0.630170703489267
@Ninja i love the new camera angle. have a great day!,neither,0.03813255044304196,0.25542684760802303,0.706440601948935
The midnight endless summer @clawsonc,neither,0.03874172975055749,0.31742769639391427,0.6438305738555282
!chair,neither,0.03945320844208391,0.33037608806864915,0.630170703489267
AKRacing Fortnite Chair: https://www.akracing.com/product/fortnite-gaming-chair/,neither,0.03945320844208391,0.33037608806864915,0.630170703489267
Sup,neither,0.03945320844208391,0.33037608806864915,0.630170703489267
i love the music you play on stream NInj,neither,0.04623876795928808,0.37715563446671413,0.5766055975739978
Morning!,neither,0.05283876784042269,0.1031882115525248,0.8439730206070525
ninjaHi ninjaHi ninjaHi,neither,0.03945320844208391,0.33037608806864915,0.630170703489267
ninjaHyper ninjaHyperr ninjaBlast1 ninjaBlast2 ninjaBlast3 ninjaBlast3 ninjaBlast3 ninjaBlast3 ninjaBlast3 ninjaBlast3 ninjaBlast3,neither,0.03945320844208391,0.33037608806864915,0.630170703489267
HeyGuys,neither,0.03945320844208391,0.33037608806864915,0.630170703489267
@Ninja ninjaHi,neither,0.03945320844208391,0.33037608806864915,0.630170703489267
Don’t encourage spam @ezzmo20,neither,0.03945320844208391,0.33037608806864915,0.630170703489267
good morning @Ninja,neither,0.0468013847741319,0.19273113716557552,0.7604674780602926
in here before everyone arrives,neither,0.07670572890587701,0.4527138841893675,0.4705803869047555
!subcount!,neither,0.03945320844208391,0.33037608806864915,0.630170703489267
Morning guys ninjaH,neither,0.04992865915806777,0.15258035067055087,0.7974909901713814
Lit,neither,0.03945320844208391,0.33037608806864915,0.630170703489267
Good morning everyone,neither,0.040724576765085965,0.29551443435292063,0.6637609888819933
hey Ninja and chat! ninjaHi,neither,0.03876413204306386,0.2959887199383667,0.6652471480185695
Hi ninja,neither,0.03945320844208391,0.33037608806864915,0.630170703489267
You need coffee lol,neither,0.06640185164544529,0.24343233888026347,0.6901658094742912
ninjaPon,neither,0.03945320844208391,0.33037608806864915,0.630170703489267
ninjaPon,neither,0.03945320844208391,0.33037608806864915,0.630170703489267
ninjaBlast1 ninjaBlast2 ninjaBlast3 ninjaBlast3 ninjaBlast3 ninjaBlast3 ninjaBlast3,neither,0.03945320844208391,0.33037608806864915,0.630170703489267
Suh dude!,neither,0.03945320844208391,0.33037608806864915,0.630170703489267
HEY MAN!!!!! GO GETEM! @Ninja,neither,0.04076233766594252,0.39567112607570976,0.5635665362583477
still sick?,neither,0.038163137755998014,0.35227195442772935,0.6095649078162727
And thats a ban :),neither,0.038610023052104585,0.2873845176914842,0.6740054592564112
Take a breath. Capt.,neither,0.03945320844208391,0.33037608806864915,0.630170703489267
just finished a math test got home and immediately got on,neither,0.033263730927895294,0.3796398039902284,0.5870964650818763
Cpt epic get him out,neither,0.03556783803401137,0.3519932505934134,0.6124389113725752
play more squads and random duos are hilarious,neither,0.05753279949866643,0.2648619549970448,0.6776052455042888
@ninja can i get a link to the new mouse thats coming out on dec 1st,neither,0.040215066303753426,0.29164316803273593,0.6681417656635106
ninjaH ninjaPopcorn ninjaS FortOne,neither,0.03945320844208391,0.33037608806864915,0.630170703489267
Tweet,neither,0.03945320844208391,0.33037608806864915,0.630170703489267
I’m still sick,neither,0.038163137755998014,0.35227195442772935,0.6095649078162727
DUDE. SUH.,neither,0.03945320844208391,0.33037608806864915,0.630170703489267
ban that geezer,neither,0.03462336300107231,0.3831274915853991,0.5822491454135285
Ninja the new shotty is amazing brother,neither,0.04682491515341276,0.2584965463393052,0.6946785385072821
Dang ninja you still got the cold,neither,0.05097030740191557,0.4139363990444071,0.5350932935536774
hahahahaha,neither,0.03945320844208391,0.33037608806864915,0.630170703489267
"cheer100 cheer100 cheer100 cheer100 cheer100 hey ninja, just wanna say your the best and I start everyday watching your stream. Thanks for doing what you do for us",neither,0.09201486634581216,0.2785765257232712,0.6294086079309168
Stream sniping,neither,0.03945320844208391,0.33037608806864915,0.630170703489267
RIP,neither,0.03945320844208391,0.33037608806864915,0.630170703489267
what a loser,neither,0.04688693609143763,0.32510578774146254,0.6280072761670997
10 year olds OMEGALUL,neither,0.03945320844208391,0.33037608806864915,0.630170703489267
Wow lol dudes mad,neither,0.03174239827537589,0.3862710670439489,0.5819865346806752
@ryxn10 hes only 10 Kappa,neither,0.03945320844208391,0.33037608806864915,0.630170703489267
@cpt_epicjet99 you're trash bro,neither,0.10767813878470764,0.09812430993604568,0.7941975512792467
@Str8_D1N3R0 PepeHands,neither,0.03945320844208391,0.33037608806864915,0.630170703489267
LUL,neither,0.03945320844208391,0.33037608806864915,0.630170703489267
ninja10 ninja10 ninja10,neither,0.03945320844208391,0.33037608806864915,0.630170703489267
@ryxn10 bruh we were both thinking the same thing LUL,neither,0.03950260153068001,0.3122287074885931,0.6482686909807268
ninjaaaaaaaaaa love u FortOne FortOne FortBush FortBush FortHype FortHype FortLlama FortLlama ninjaAdore ninjaAdore ninjaHyper ninjaHyperr ninjaCash ninjaCash ninjaCash ninjaPon ninjaPon ninjaHi ninjaHi ninjaPopcorn ninjaPopcorn ninjaK ninjaK ninjaLlama ninjaLlama ninjaIQ ninjaIQ ninjaBlast1 ninjaBlast2 ninjaBlast3 ninjaBlast3 ninjaBlast3,neither,0.03217296676969875,0.3657703709031763,0.602056662327125
,neither,0.03945320844208391,0.33037608806864915,0.630170703489267
good morning father,neither,0.04716591767778591,0.18570449122611693,0.7671295910960972
I know right people are unbelievable,neither,0.10485961486848572,0.2975766264468988,0.5975637586846155
ninjaH Literally was waiting for ninja to get on to subscribe,neither,0.041713104578583966,0.32034206344693295,0.6379448319744832
hey atleast you made 2.75 from it,neither,0.051614817967839004,0.35236482211073145,0.5960203599214295
@Str8_D1N3R0 are we... related?,neither,0.07226020372199492,0.2785164408183675,0.6492233554596375
hey @ninja hope your day is going good!,neither,0.11381412240543494,0.2389762659331733,0.6472096116613917
ninjaPon ninjaPon ninjaPon,neither,0.03945320844208391,0.33037608806864915,0.630170703489267
ninjaPon,neither,0.03945320844208391,0.33037608806864915,0.630170703489267
Hey ninja ninjaPon ninjaPon ninjaPon,neither,0.03945320844208391,0.33037608806864915,0.630170703489267
Good morning hope ur enjoying ur day guys!,neither,0.1222211756139275,0.1562625900953723,0.7215162342907002
anyone else hear weird audio when he breaks a wall??,neither,0.03643268909869894,0.3570290584689624,0.6065382524323387
:P,neither,0.03945320844208391,0.33037608806864915,0.630170703489267
!wins,neither,0.03945320844208391,0.33037608806864915,0.630170703489267
Check Ninja's wins here -> https://goo.gl/17Qojo,neither,0.0737613933919306,0.30145673084023594,0.6247818757678334
Wins: None yet ¯\_(ツ)_/¯,neither,0.03945320844208391,0.33037608806864915,0.630170703489267
@Epicwin21 he just got in,neither,0.03811253883067132,0.43240146978148913,0.5294859913878395
"@ryxn10 let me ask my mom , Mom do i have an awesome brother i dont know about?",neither,0.022698577164773102,0.42876293770702884,0.548538485128198
Is it me or it Dynamite still mega common?,neither,0.03695322922579854,0.3638532331176757,0.5991935376565258
@Ninja When was the last time you had normal hair? ninjaThirst,neither,0.040255164442288584,0.3973387054848076,0.5624061300729037
take the boltaction ninja please,neither,0.03858617319225465,0.3145294728286021,0.6468843539791433
He also has a win counter on screen @epicwin21,neither,0.04138224914610053,0.33386227776666216,0.6247554730872373
Hello Ninja! Hows it going man?!,neither,0.03734427975101959,0.39424685774678236,0.568408862502198
!keyboard,neither,0.03945320844208391,0.33037608806864915,0.630170703489267
Ninja is using the Corsair K70 Rapidfire-> https://goo.gl/dGYzk5,neither,0.042052216473968264,0.37224288155871194,0.5857049019673197
@ryxn10 i got smacked and she told me im a dummy LUL,neither,0.033802748874522635,0.426715483393586,0.5394817677318915
What is the closest keyboard to the ducky one 2 mini,neither,0.05201615687893835,0.32226792442582947,0.6257159186952321
ninjaPon ninjaPon ninjaPon ninjaPon ninjaPon ninjaPon,neither,0.03945320844208391,0.33037608806864915,0.630170703489267
ninjaPon,neither,0.03945320844208391,0.33037608806864915,0.630170703489267
New Pon Pon today?,neither,0.04226610896411249,0.16867737233820157,0.789056518697686
@ninja are there different options of the mouse because i want the most expensive one,neither,0.05027645219915204,0.2828857243507809,0.666837823450067
Morning Ninj,neither,0.05283876784042269,0.1031882115525248,0.8439730206070525
Wasssup chat,neither,0.03945320844208391,0.33037608806864915,0.630170703489267
Sup chat,neither,0.03945320844208391,0.33037608806864915,0.630170703489267
@ninja I’m in the same boat as you the sick one,neither,0.04703931242705473,0.3883508578537394,0.5646098297192058
random duos?,neither,0.03945320844208391,0.33037608806864915,0.630170703489267
Hit a chest till 100hp then open,neither,0.03945320844208391,0.33037608806864915,0.630170703489267
@Str8_D1N3R0 PepeHands but mum,neither,0.035407818757931094,0.34250724914812086,0.6220849320939481
At iD Tech camps you can learn all about how games are made and start building your own game future this summer. Check it out: www.idtech.com/fortnite #ad,neither,0.07849295833611333,0.3389748549213327,0.5825321867425539
how we doin boys,neither,0.03929334243595871,0.33308943140962355,0.6276172261544178
I had the best Birthday ever yesterday- I got a pink ninja hoodie and I got engaged!,neither,0.03689725993127892,0.34286469110435897,0.6202380489643621
try smacking a chest a few times @ninja KappaHD,neither,0.03945320844208391,0.33037608806864915,0.630170703489267
Papa Ninja,neither,0.03945320844208391,0.33037608806864915,0.630170703489267
woah chill @howsitgoinbr,neither,0.03945320844208391,0.33037608806864915,0.630170703489267
howsitgoinbr then why r u subbed ninjaShrug,neither,0.02852887945966706,0.345858187392319,0.6256129331480139
got timed out in Tims chat for 863954 seconds LUL,neither,0.031550693102240186,0.3511099623329068,0.6173393445648532
these mods be quick today lol,neither,0.0381792739945628,0.45647562436752503,0.5053451016379121
hey @Ninja,neither,0.03945320844208391,0.33037608806864915,0.630170703489267
@anewsgal congrats,neither,0.03945320844208391,0.33037608806864915,0.630170703489267
"good morning man, hope you have a great gaming day ninjaFan ninjaFan ninjaFan",neither,0.08950741187392744,0.19923183842776124,0.7112607496983113
U know me college break=ninja time,neither,0.032922463126402665,0.37585230794977026,0.591225228923827
"Soul_HexD thats a 24 hr timeout, what did u say",neither,0.043842680772691434,0.32720915877965767,0.6289481604476509
sup Str8_D1N3R0,neither,0.03945320844208391,0.33037608806864915,0.630170703489267
ninjaTooth ninjaTooth,neither,0.03945320844208391,0.33037608806864915,0.630170703489267
yooo yooo Ninja n chat! ninjaHi ninjaPonW,neither,0.03945320844208391,0.33037608806864915,0.630170703489267
Lunchtime right now always tune in to vibe with Ninj :),neither,0.033491146581666395,0.40855149402446606,0.5579573593938677
@fakt_authuryt we exist to LuL,neither,0.04520367427606025,0.32919277839273914,0.6256035473312005
@vbigd60 thats facts,neither,0.03945320844208391,0.33037608806864915,0.630170703489267
@bradyboy1367 suh B.B,neither,0.03945320844208391,0.33037608806864915,0.630170703489267
wonder why throat is sore KappaPride,neither,0.07495117845546294,0.3311508672798156,0.5938979542647214
ninjaShield,neither,0.03945320844208391,0.33037608806864915,0.630170703489267
sup instg8r007,neither,0.03945320844208391,0.33037608806864915,0.630170703489267
!uptime,neither,0.03945320844208391,0.33037608806864915,0.630170703489267
Ninja has been streaming for 10 minutes 37 seconds,neither,0.036178841644831664,0.3130942042923668,0.6507269540628016
