text,top_class,hate_speech,offensive_language,neither
First,neither,0.02604892428726219,0.3349864360510187,0.6389646396617191
Good morning,neither,0.04970930963283925,0.13564577574880146,0.8146449146183593
Glad to see you on!,neither,0.06858397729363887,0.40367538085689003,0.5277406418494712
hi,neither,0.03945320844208391,0.33037608806864915,0.630170703489267
second,neither,0.03945320844208391,0.33037608806864915,0.630170703489267
Third,neither,0.03945320844208391,0.33037608806864915,0.630170703489267
ninja I love u man,neither,0.03644992827826165,0.41383827992043276,0.5497117918013056
Morning man! Happy Sunday funday!,neither,0.04853362850470422,0.25320720249053597,0.6982591690047598
Ninja I love u,neither,0.03604913326827992,0.3463049680281636,0.6176458987035566
Love You Ninja,neither,0.055614303534325615,0.40605032358192344,0.538335372883751
Ninja the Goat,neither,0.03859869441501728,0.31476379239727154,0.6466375131877111
Excited for FF,neither,0.03389034159390714,0.3025913989612599,0.6635182594448329
ninjaAdore ninjaAdore ninjaAdore ninjaAdore ninjaAdore,neither,0.03945320844208391,0.33037608806864915,0.630170703489267
ninja u are such an inspiration man,neither,0.059003905311157775,0.3350786589092771,0.6059174357795651
yee eexcited for the chill stream,neither,0.034267767967391956,0.2960468631791496,0.6696853688534584
good morning,neither,0.04970930963283925,0.13564577574880146,0.8146449146183593
Yeet,neither,0.03945320844208391,0.33037608806864915,0.630170703489267
IM HERE,neither,0.1434662745688758,0.31005087564986566,0.5464828497812586
ninjaThrow ninjaThrow ninjaThrow ninjaThrow ninjaThrow ninjaThrow,neither,0.03945320844208391,0.33037608806864915,0.630170703489267
Good morning,neither,0.04970930963283925,0.13564577574880146,0.8146449146183593
Good morning!!! How are you?,neither,0.133928786351976,0.1624851494465184,0.7035860642015056
Morning,neither,0.05283876784042269,0.1031882115525248,0.8439730206070525
I wish chat was always like this lol.,neither,0.039048332760432014,0.44583455153705365,0.5151171157025145
ninja thoughts on new update season 7,neither,0.040118540501278846,0.2739326332304802,0.6859488262682408
First,neither,0.02604892428726219,0.3349864360510187,0.6389646396617191
well,neither,0.03945320844208391,0.33037608806864915,0.630170703489267
ninjaAww,neither,0.03945320844208391,0.33037608806864915,0.630170703489267
what do you think of the skins coming back?,neither,0.058844279675724705,0.34031718017224494,0.6008385401520304
Good morning ninja:),neither,0.0468013847741319,0.19273113716557552,0.7604674780602926
ninjaStars,neither,0.03945320844208391,0.33037608806864915,0.630170703489267
@owenmcmillan141 first?,neither,0.02604892428726219,0.3349864360510187,0.6389646396617191
ninjaHi,neither,0.03945320844208391,0.33037608806864915,0.630170703489267
U were not close to 1st,neither,0.0448664461576104,0.31082613780051677,0.6443074160418727
Disapointed,neither,0.03945320844208391,0.33037608806864915,0.630170703489267
Aaaaaayye,neither,0.03945320844208391,0.33037608806864915,0.630170703489267
Yes I was,neither,0.039253574285964495,0.3337644007016264,0.6269820250124091
rooLurk,neither,0.03945320844208391,0.33037608806864915,0.630170703489267
FortBush FortBush FortOne FortOne PokShadowmew ninjaStars PokShadowmew ninjaCart MiniK PrimeRlyTho PartyPopper PrimeRlyTho PartyPopper PrimeRlyTho PartyPopper BagOfMemes PartyPopper BagOfMemes PartyPopper PartyPopper PokMachamp PokMaskedpika PokGarchomp PokBraixen PokSceptile ninjaGold ninjaHi ninjaCry ninjaHi ninjaGold ninjaHi ninjaThirst ninjaHi ninjaHype ninjaAdore ninjaBlast1 <] R) <] :p :\ :\ :p :\ :p <] <3 <] <3 ninjaAmazing ninjaTroll ninjaAmazing ninjaTroll ninjaFire ninjaTroll ninjaFire,neither,0.03945320844208391,0.33037608806864915,0.630170703489267
saaa ninja,neither,0.03945320844208391,0.33037608806864915,0.630170703489267
ninjaBlast1 ninjaBlast2 ninjaBlast3 ninjaBlast3 ninjaBomb,neither,0.03945320844208391,0.33037608806864915,0.630170703489267
Owen u were a couple 100 ofd,neither,0.03978776875082488,0.3072583545130675,0.6529538767361077
ninjaPopcorn ninjaThirst,neither,0.03945320844208391,0.33037608806864915,0.630170703489267
can we get some dubs today pls,neither,0.030756854065182877,0.32865904254918066,0.6405841033856364
Not really,neither,0.03696392572324643,0.3398373614668126,0.6231987128099411
ooooooof,neither,0.03945320844208391,0.33037608806864915,0.630170703489267
Or 50,neither,0.03945320844208391,0.33037608806864915,0.630170703489267
Hi,neither,0.03945320844208391,0.33037608806864915,0.630170703489267
ninja your new room is awesome,neither,0.07797092748624339,0.24986054351691725,0.6721685289968393
Luv u ninjaAdore ninjaAdore,neither,0.03945320844208391,0.33037608806864915,0.630170703489267
First!!!!,neither,0.02604892428726219,0.3349864360510187,0.6389646396617191
ninjaTooth ninjaAdore ninjaPopcorn ninjaGold ninjaIQ ninjaShrug ninjaCRINJA ninjaCRINJA ninjaCreep ninjaK ninjaBlank,neither,0.03945320844208391,0.33037608806864915,0.630170703489267
Ninja is the BÄÄST,neither,0.04857426747449921,0.3074463626051908,0.64397936992031
Wow this guy,neither,0.03876302924750989,0.3420902302247355,0.6191467405277545
ninjaHi ninjaHi ninjaHi ninjaHi ninjaHi,neither,0.03945320844208391,0.33037608806864915,0.630170703489267
Hi chat... Hi Ninja ninjaCRINJA ninjaCRINJA,neither,0.03945320844208391,0.33037608806864915,0.630170703489267
ninja10 ninja10 ninja10 ninja10 ninja10 ninja10 ninja10 ninja10 ninja10 ninja10 ninja10 ninja10 ninja10 ninja10 ninja10 ninja10 ninja10 ninja10 ninja10,neither,0.03945320844208391,0.33037608806864915,0.630170703489267
OH HENLO LOVELIES,neither,0.051363287716059566,0.22255663153133606,0.7260800807526044
I was here like 20 seconds before u,neither,0.0894893310551063,0.3644789596626288,0.546031709282265
yay ninja,neither,0.03945320844208391,0.33037608806864915,0.630170703489267
How are you doing on this fine morning?,neither,0.09624308153831598,0.21397618096059035,0.6897807375010936
yo guys lets make a story in the chat,neither,0.038122487365893576,0.379673263263482,0.5822042493706244
ninjaHi good morning Ninja and chat! How’s everyone doing today?,neither,0.0386647807332203,0.2727554013480704,0.6885798179187093
Why,neither,0.016768318525353994,0.3685911158159394,0.6146405656587067
hi ninja Wass good!,neither,0.03883349462920278,0.3305892360662492,0.6305772693045479
@Twitzh ninjaAww,neither,0.03945320844208391,0.33037608806864915,0.630170703489267
ninjaAdore ninjaTooth ninjaClap ninjaCreep ninjaCRINJA ninjaHype ninjaPon ninjaAww ninjaWifey ninjaBlank ninjaCry ninjaCash ninjaFood ninjaHi ninjaPopcorn ninjaPopcorn ninjaThirst ninjaFail ninjaBlast1 ninjaBits ninjaAim ninjaBlood ninjaAim ninjaThrow ninja10 ninjaBlast1 ninjaPrime ninjaBomb ninjaS ninjaAmazing ninjaLlama ninjaRekt ninjaDance ninjaChug ninjaChance ninjaDance ninjaChance ninjaBlood ninjaBomb ninjaBush ninjaH ninjaShield ninjaNavi ninjaBomb ninjaBull ninjaAim ninjaAim ninjaAim nin,neither,0.03945320844208391,0.33037608806864915,0.630170703489267
Been,neither,0.03869996938044292,0.34316052074200093,0.6181395098775562
Hey ninja what do ninjas drink? WA-TA!!!,neither,0.043913331550754595,0.32751589325830965,0.6285707751909358
What or who is fr,neither,0.056417863646179234,0.39202941237079647,0.5515527239830244
Hi,neither,0.03945320844208391,0.33037608806864915,0.630170703489267
Juulia?,neither,0.03945320844208391,0.33037608806864915,0.630170703489267
What’s ff,neither,0.04608760383524793,0.32565139261192405,0.6282610035528281
Ninja my sub ends on the 15th :(,neither,0.028898949957595843,0.389489229095709,0.5816118209466952
hey ninja u r lit Man U r the best streamer,neither,0.03806837331181123,0.35790079295899185,0.6040308337291969
ninjaToxic ninjaToxic ninjaToxic ninjaToxic ninjaToxic ninjaToxic ninjaToxic ninjaToxic ninjaToxic ninjaToxic,neither,0.03945320844208391,0.33037608806864915,0.630170703489267
ninjaGold ninjaGold,neither,0.03945320844208391,0.33037608806864915,0.630170703489267
good happy morning man,neither,0.04921867173687784,0.24181399765890202,0.7089673306042201
heloooooooooo,neither,0.03945320844208391,0.33037608806864915,0.630170703489267
POGGERS,neither,0.03945320844208391,0.33037608806864915,0.630170703489267
ehhhh morning ninja! ninjaH ninjaH,neither,0.048203553387938615,0.18185989775694275,0.7699365488551186
ninjaPon ninjaPon ninjaPon ninjaPon,neither,0.03945320844208391,0.33037608806864915,0.630170703489267
ninjaPon,neither,0.03945320844208391,0.33037608806864915,0.630170703489267
its 3:40pm where I am (GMT),neither,0.03363311416009331,0.29073085971998136,0.6756360261199253
Hello,neither,0.03945320844208391,0.33037608806864915,0.630170703489267
@ninja I started listening to The Midnight the other day. They are fantastic! ninjaH,neither,0.056778525987945444,0.2769658760916083,0.6662555979204462
Hello,neither,0.03945320844208391,0.33037608806864915,0.630170703489267
Yoooo,neither,0.03945320844208391,0.33037608806864915,0.630170703489267
yooo mr beast,neither,0.03945320844208391,0.33037608806864915,0.630170703489267
Good morning ninjaPon ninjaPon ninjaPon ninjaPon,neither,0.04970930963283925,0.13564577574880146,0.8146449146183593
fortnite new season update looks whack,neither,0.042341573076405625,0.26024769975346695,0.6974107271701274
!uptime,neither,0.03945320844208391,0.33037608806864915,0.630170703489267
Ninja has been streaming for 5 minutes 52 seconds,neither,0.0360345779618468,0.3123317160148309,0.6516337060233222
Wsgooff,neither,0.03945320844208391,0.33037608806864915,0.630170703489267
!tom,neither,0.03945320844208391,0.33037608806864915,0.630170703489267
Actually the worst person.,neither,0.03963848489324862,0.2950352505013078,0.6653262646054435
Ya but what do ninjas drink? WA-TA!!,offensive_language,0.030678352408709135,0.5151743793809785,0.45414726821031237
what game is this,neither,0.06100766921503891,0.2646944357898182,0.6742978949951429
!wins,neither,0.03945320844208391,0.33037608806864915,0.630170703489267
"Good morning, dad jgoHi ninjaHi @ninja",neither,0.045921061467933004,0.20958869862332355,0.7444902399087434
Check Ninja's wins here -> https://goo.gl/17Qojo,neither,0.0737613933919306,0.30145673084023594,0.6247818757678334
Wins: None yet ¯\_(ツ)_/¯,neither,0.03945320844208391,0.33037608806864915,0.630170703489267
hey @Ninja hope u rhaving an awesome day,neither,0.06709905715442163,0.22949897677703945,0.7034019660685389
ninjaBlast1 ninjaBlast2 ninjaBlast3 ninjaBlast3 ninjaBlast3 ninjaBlast3,neither,0.03945320844208391,0.33037608806864915,0.630170703489267
Ninjaaaaa,neither,0.03945320844208391,0.33037608806864915,0.630170703489267
Oh no fortnite? I don’t want to watch this shit,offensive_language,0.06466973341387429,0.9333439523817545,0.0019863142043712104
ninjaHype ninjaCreep,neither,0.03945320844208391,0.33037608806864915,0.630170703489267
Why aren’t u playing fortnite,neither,0.027246472296584397,0.3479446096496546,0.624808918053761
ninjaGold,neither,0.03945320844208391,0.33037608806864915,0.630170703489267
@ehibba Final Fantasy XI Online,neither,0.03945320844208391,0.33037608806864915,0.630170703489267
ninja did u just wake up,neither,0.033362901075002005,0.39483562281461826,0.5718014761103797
@igsuperdupercameron__ bye Felicia!,neither,0.03945320844208391,0.33037608806864915,0.630170703489267
@igsuperdupercameron__ Then don’t watch it...,neither,0.0449660638510016,0.3284799642982159,0.6265539718507824
ninjaTroll ninjaRed ninjaBull,neither,0.03945320844208391,0.33037608806864915,0.630170703489267
:0,neither,0.03945320844208391,0.33037608806864915,0.630170703489267
ninjaBlast1 ninjaBlast2 ninjaBlast3 ninjaHS,neither,0.03945320844208391,0.33037608806864915,0.630170703489267
jgoWow jgoWow jgoWow ninjaChug ninjaChug ninjaChug jgoNinja jgoNinja,neither,0.03945320844208391,0.33037608806864915,0.630170703489267
good morning :D,neither,0.04970930963283925,0.13564577574880146,0.8146449146183593
sup man be positive,neither,0.040028547299649456,0.3925780032804157,0.5673934494199347
Can you play Fortnite please for the chat,neither,0.04617761042035383,0.3189710031809695,0.6348513863986766
,neither,0.03945320844208391,0.33037608806864915,0.630170703489267
ninjaBlank,neither,0.03945320844208391,0.33037608806864915,0.630170703489267
hes drunk,neither,0.03945320844208391,0.33037608806864915,0.630170703489267
!backseat,neither,0.03945320844208391,0.33037608806864915,0.630170703489267
Please no backseat gaming. Ninja wants to play the game his own way without being told what to do. If he asks for tips or assistance then you may point him in the right direction.,neither,0.05899832997481015,0.3321075505021963,0.6088941195229937
ooh they did a xmas theme :O,neither,0.03945320844208391,0.33037608806864915,0.630170703489267
@fortniteomegadriftfan not everyone wants to watch fortnite.,neither,0.04380938132997691,0.4283798331673374,0.5278107855026857
cheer1000 good morning! How’s your weekend so far?,neither,0.07696682155519456,0.24271546390999676,0.6803177145348087
Ninja can play whatever he wants.,neither,0.04396341692918267,0.32522401998099904,0.6308125630898183
lol same shirt from last night have u been to bed?,neither,0.03347054882002664,0.3706956736822181,0.5958337774977551
all the youngins gonna cry cause your not playing fortnite symfBot,neither,0.062496557026609535,0.44351167035328615,0.49399177262010446
@Ninja love your streams no matter what u play,neither,0.06104223198688598,0.3403861114283694,0.5985716565847448
Fortnite squad,neither,0.03945320844208391,0.33037608806864915,0.630170703489267
play fortnite!!!!!!,neither,0.03945320844208391,0.33037608806864915,0.630170703489267
bro his eyes are so redd,neither,0.09272915598545486,0.3044250484578521,0.6028457955566932
!backseat,neither,0.03945320844208391,0.33037608806864915,0.630170703489267
Please no backseat gaming. Ninja wants to play the game his own way without being told what to do. If he asks for tips or assistance then you may point him in the right direction.,neither,0.05899832997481015,0.3321075505021963,0.6088941195229937
Fortnite is amazing,neither,0.051766257226869686,0.3261410659692903,0.62209267680384
!uptime,neither,0.03945320844208391,0.33037608806864915,0.630170703489267
Ninja has been streaming for 7 minutes 34 seconds,neither,0.03605278841535164,0.31242796755837576,0.6515192440262725
ninjaPopcorn,neither,0.03945320844208391,0.33037608806864915,0.630170703489267
!uptime,neither,0.03945320844208391,0.33037608806864915,0.630170703489267
@enzototidias no hes playing ff11,neither,0.03852289665919256,0.34616590694459726,0.6153111963962102
"All the ppl asking for fortnite need to check yourself. This is not your stream, & im sure he will play it when he wants to.",neither,0.05591870514544546,0.41724677823804185,0.5268345166165128
Good morning ninja! I have the day off today ninjaAdore ninjaAdore ninjaAdore,neither,0.042712156130109334,0.19607724749782154,0.7612105963720691
ninjaPon,neither,0.03945320844208391,0.33037608806864915,0.630170703489267
ninjaPon,neither,0.03945320844208391,0.33037608806864915,0.630170703489267
@enzototidias go watch someone else if you want to watch fortnite,neither,0.04908453756484624,0.39954076349414175,0.5513746989410119
Roses are red violets are blue Fortnite is awesome and so are yu,neither,0.09451185049824212,0.2554424120778493,0.6500457374239087
It’s Sunday id hope you have the day off @junkratgirl,neither,0.08610415307334521,0.250574886961364,0.6633209599652907
agreed @zephyri_,neither,0.03945320844208391,0.33037608806864915,0.630170703489267
ninjaLlama ninjaTroll ninjaTroll ninjaTroll ninjaTroll,neither,0.03945320844208391,0.33037608806864915,0.630170703489267
when did mr beast donate e6k @Ninja,neither,0.03298338837069465,0.36222382334243935,0.604792788286866
ok buddy!!,neither,0.03939260368969842,0.33140470888243106,0.6292026874278707
@junkratgirl Enjoy your day off!,neither,0.0779666747613608,0.3033519075143752,0.618681417724264
@es0terick yeah!,offensive_language,0.013968601452186464,0.5182923869769311,0.4677390115708824
the music to this game takes me back!,neither,0.03703055867913882,0.3132408517393995,0.6497285895814617
Hey ninja love that your playing a different game for once lol,neither,0.04105000464451147,0.34733938085035837,0.6116106145051301
Good morning ninja!,neither,0.0468013847741319,0.19273113716557552,0.7604674780602926
whats good bro!!,neither,0.03875256714160396,0.3306170707402132,0.6306303621181828
!uptime,neither,0.03945320844208391,0.33037608806864915,0.630170703489267
Ninja has been streaming for 9 minutes 2 seconds,neither,0.035678679601720456,0.31045049647393935,0.6538708239243401
@enzototidias no they are 100% correct. If you don't like it go watch elsewhere until he is back on fortnite.,neither,0.06716286305357799,0.38519403900421584,0.5476430979422061
Yo @ninja,neither,0.03963661905393089,0.4165653046673816,0.5437980762786875
good evening tyler,neither,0.038875919390412204,0.33057464424545635,0.6305494363641315
Play Fortnite Wallpapers,neither,0.03945320844208391,0.33037608806864915,0.630170703489267
i don't understand anything they're saying :-/,neither,0.04625011691425619,0.3069632396427519,0.646786643442992
!2hands,neither,0.03945320844208391,0.33037608806864915,0.630170703489267
"""I use 2 hands, 1 to guide the tip, and the other to cradle the balls"" - Ninja 2015",neither,0.02882840075375995,0.3926444365429246,0.5785271627033155
ninjacheer100 ninjacheer1000,neither,0.03945320844208391,0.33037608806864915,0.630170703489267
MrBeast is here!,neither,0.23309924666169,0.22544613742661174,0.5414546159116982
You said you'd play ssb ultimate ninjaPlay ninjaPlay ninjaPlay ninjaPlay,neither,0.08174291279354798,0.4392466460830545,0.4790104411233975
hi ninja im back,neither,0.038678761344966735,0.3597793038982716,0.6015419347567618
No he isn’t LUL,neither,0.04359510402884768,0.34150511398158123,0.6148997819895711
ninjaBits ninjaBits ninjaBits ninjaBits ninjaBits ninjaBits ninjaBits ninjaBits,neither,0.03945320844208391,0.33037608806864915,0.630170703489267
ninjaPon,neither,0.03945320844208391,0.33037608806864915,0.630170703489267
ninjaPon,neither,0.03945320844208391,0.33037608806864915,0.630170703489267
hi guys,neither,0.03930687933907141,0.3328596748352989,0.6278334458256297
@eser221 Hi!,neither,0.03945320844208391,0.33037608806864915,0.630170703489267
ninjaBits ninjaBits ninjaBits ninjaBits ninjaBits,neither,0.03945320844208391,0.33037608806864915,0.630170703489267
ninjaS ninjaS,neither,0.03945320844208391,0.33037608806864915,0.630170703489267
"Ninja you’re the best man. You’re no doubt the best streamer in the game, check the numbers you’re the best. I could watch you stream candy crush before I watch someone else",neither,0.08430831640429315,0.3480664112504473,0.5676252723452597
ninjaHi ninjaAww ninjaAmazing ninjaHi ninjaAww ninjaAmazing ninjaHi ninjaAww ninjaAmazing ninjaHi ninjaAww ninjaAmazing ninjaHi ninjaAww ninjaAmazing,neither,0.03945320844208391,0.33037608806864915,0.630170703489267
ninja10,neither,0.03945320844208391,0.33037608806864915,0.630170703489267
ninjaPon ninjaPon ninjaPon ninjaPon ninjaPon,neither,0.03945320844208391,0.33037608806864915,0.630170703489267
are you going to stream fortnite today,neither,0.09229306352361258,0.32340699811589485,0.5842999383604927
@nightbot you're such a bot ninjaCreep ninjaCreep,neither,0.08091362669573411,0.34094836562597103,0.5781380076782949
ninjaHi ninjaHi,neither,0.03945320844208391,0.33037608806864915,0.630170703489267
hello,neither,0.03945320844208391,0.33037608806864915,0.630170703489267
Nightbot are you gonna just take that from @SJbonz,neither,0.08199797918948942,0.43892951312885875,0.47907250768165177
WutFace,neither,0.03945320844208391,0.33037608806864915,0.630170703489267
!uptime,neither,0.03945320844208391,0.33037608806864915,0.630170703489267
Ninja has been streaming for 10 minutes 25 seconds,neither,0.03607673452031595,0.3125545339332092,0.6513687315464749
@mublacksmith yeah he will later,neither,0.02764456891487241,0.4231012135288849,0.5492542175562426
Awesome,neither,0.03945320844208391,0.33037608806864915,0.630170703489267
Lol,neither,0.020706217963973744,0.4882283491876925,0.4910654328483337
tatHYPERS tatHYPERS tatHYPERS tatHYPERS tatHYPERS tatHYPERS,neither,0.03945320844208391,0.33037608806864915,0.630170703489267
!uptime,neither,0.03945320844208391,0.33037608806864915,0.630170703489267
ninjaBlast2 ninjaBlast3 ninjaBlast3,neither,0.03945320844208391,0.33037608806864915,0.630170703489267
YEET,neither,0.03945320844208391,0.33037608806864915,0.630170703489267
!andrea,neither,0.03945320844208391,0.33037608806864915,0.630170703489267
"""Andrea has the biggest PAINIS in my chat"" - Ninja 2016",neither,0.03257925551999053,0.36550934715509215,0.6019113973249174
ninjaHi,neither,0.03945320844208391,0.33037608806864915,0.630170703489267
ninjaBush,neither,0.03945320844208391,0.33037608806864915,0.630170703489267
"hope you had a good time in LA man, are you home until NYE now or what?",neither,0.1391822656197221,0.3289998754349138,0.531817858945364
Hehehe,neither,0.03945320844208391,0.33037608806864915,0.630170703489267
Ya...Ya...Ya...YEET-Tim tatTUFF tatTUFF tatTUFF tatTUFF,offensive_language,0.020041232949938693,0.7112525603731169,0.26870620667694445
!nightbot,neither,0.03945320844208391,0.33037608806864915,0.630170703489267
@ninja Ankle Biter for life,neither,0.03213302235667636,0.35360540402792057,0.6142615736154031
someone explain the objective of the game,neither,0.03783340992334235,0.2781110793934953,0.6840555106831624
Guys let’s get some ninja love chat for our senpai the goat <3 <3 <3 <3 <3 <3 <3 <3 <3 <3 <3 <3 <3 <3 <3 <3 <3 <3 <3 <3 <3 <3 <3 <3 <3 <3 <3,neither,0.021865797968850027,0.34344368813668663,0.6346905138944634
^,neither,0.03945320844208391,0.33037608806864915,0.630170703489267
@Ninja love your streams no matter what u play,neither,0.06104223198688598,0.3403861114283694,0.5985716565847448
'This game doodoo!',neither,0.03866678896672093,0.28914960933311984,0.6721836017001592
Um,neither,0.03945320844208391,0.33037608806864915,0.630170703489267
Morning Ninja and chat ninjaHi satLOVE,neither,0.045027056816225666,0.18275084176299264,0.7722221014207817
"Howdy, folks. ninjaHi",neither,0.03945320844208391,0.33037608806864915,0.630170703489267
@spappygram any chance we will get some FF emotes ever?,neither,0.03403696079582587,0.33130395760198106,0.634659081602193
WTF is doing Ninja in these game dude,offensive_language,0.05578421724154279,0.5448954032682404,0.3993203794902169
ninjaBlast1 ninjaBlast2 ninjaBlast3 ninjaBlast3,neither,0.03945320844208391,0.33037608806864915,0.630170703489267
ninjaHi ninjaH peeps,neither,0.03945320844208391,0.33037608806864915,0.630170703489267
How are you playing with ?,neither,0.08159533470684403,0.3813738197367215,0.5370308455564345
Good morning Ninja how are you today?,neither,0.089525131977214,0.19285901153185536,0.7176158564909306
@sr_squ4r3 you're doodoo,neither,0.09007156158838098,0.34757279822856735,0.5623556401830517
satHEY,neither,0.03945320844208391,0.33037608806864915,0.630170703489267
What is the point of this gam.e? Never seen it,neither,0.04576002526732303,0.34830451184687483,0.6059354628858021
!mouse,neither,0.03945320844208391,0.33037608806864915,0.630170703489267
Final Mouse Air58 Ninja -- finalmouse.com/air58.php,neither,0.03945320844208391,0.33037608806864915,0.630170703489267
Who sorry,neither,0.0405636314509087,0.43859181146694093,0.5208445570821504
I don't understand this game,neither,0.03857379809566802,0.2835925936361664,0.6778336082681655
@jdlolxd3 just playing some FF MMO with his brother,neither,0.036234557489209576,0.3884736526505906,0.5752917898601998
@SJbonz I can neither confirm nor deny the plan to have a FF emote at some point ninjaBlank,neither,0.037309996595426914,0.3412632174645536,0.6214267859400194
"Guarantee your PC gaming performance with BLD by NZXT. The simplest way to get a customized gaming PC. Chose the games you want to play, set a budget, and BLD takes care of the rest. Built and shipped within 48 hours with a 2-year warranty. https://nzxt.co/2k9lWJK ninja10 ninja10",neither,0.046159296404555336,0.335031206975871,0.6188094966195736
is it like silkroad?,neither,0.09328432962446566,0.3572199439881909,0.5494957263873435
why this..,neither,0.019704657152537473,0.36506736739104295,0.6152279754564196
