text,top_class,hate_speech,offensive_language,neither
there he is,neither,0.06696178465494368,0.25359748659330317,0.6794407287517531
AYE ITS LIT FAM,neither,0.0342089187587481,0.33217983977081156,0.6336112414704403
im just in time,neither,0.030814093371689697,0.43032210856466424,0.538863798063646
Lit,neither,0.03945320844208391,0.33037608806864915,0.630170703489267
I told you weSmart,neither,0.07960451409923941,0.43452048806929633,0.48587499783146426
ninja10,neither,0.03945320844208391,0.33037608806864915,0.630170703489267
im actually impressed,neither,0.03861063693953365,0.362356984008617,0.5990323790518494
ninjaHype,neither,0.03945320844208391,0.33037608806864915,0.630170703489267
ninjaAww ninjaAww,neither,0.03945320844208391,0.33037608806864915,0.630170703489267
weSmart IceCold,neither,0.03945320844208391,0.33037608806864915,0.630170703489267
@Twitzh i will never doubt your godly skills,neither,0.058147346833738164,0.3367514915245031,0.6051011616417588
Hii Ninja vivLove vivLove vivLove,neither,0.03945320844208391,0.33037608806864915,0.630170703489267
Thoughts on the new Infinity Sword?,neither,0.039311477068521644,0.2669043332886532,0.6937841896428252
how could you,neither,0.0714284090862654,0.41572990679569244,0.5128416841180421
ninjaPon ninjaPon,neither,0.03945320844208391,0.33037608806864915,0.630170703489267
ninjaPon,neither,0.03945320844208391,0.33037608806864915,0.630170703489267
OHHHHHHMAHGERD,neither,0.03945320844208391,0.33037608806864915,0.630170703489267
"@Ninja just tweeted a link to his ugly christmas sweaters, and now my day is complete.",neither,0.10194835302351186,0.2555604609089232,0.642491186067565
Had to make some eggs,neither,0.03711989599932696,0.3404650520200741,0.6224150519805989
GEORGIA ON MY MIND,neither,0.026847053631972474,0.42368843118421645,0.5494645151838111
Hi,neither,0.03945320844208391,0.33037608806864915,0.630170703489267
nom nom,neither,0.03945320844208391,0.33037608806864915,0.630170703489267
nom,neither,0.03945320844208391,0.33037608806864915,0.630170703489267
Mmmmm,neither,0.03945320844208391,0.33037608806864915,0.630170703489267
NomNom NomNom NomNom NomNom NomNom,neither,0.03945320844208391,0.33037608806864915,0.630170703489267
Eggs!!! Yummy :) what kind,neither,0.043748509565337844,0.32727536211493885,0.6289761283197234
ninjaFood ninjaFood ninjaFood ninjaFood ninjaFood ninjaFood ninjaFood ninjaFood ninjaFood ninjaFood ninjaFood,neither,0.03945320844208391,0.33037608806864915,0.630170703489267
eggs ftw,neither,0.03945320844208391,0.33037608806864915,0.630170703489267
sup,neither,0.03945320844208391,0.33037608806864915,0.630170703489267
:D FROMA SPAIN NINJA!!!! HELLO,neither,0.03945320844208391,0.33037608806864915,0.630170703489267
Henlo,neither,0.03945320844208391,0.33037608806864915,0.630170703489267
"ninj, how you gona play? Gonna go for the sword or na?",neither,0.04374130936852036,0.3571926923855538,0.5990659982459259
Good afternoon chat! How’s everyone doing today? ninjaAmazing,neither,0.034062672750677175,0.3858479815404458,0.5800893457088769
Jeah let´s go,neither,0.01806316484133749,0.39391011985298136,0.5880267153056813
letssss goooooo,neither,0.03945320844208391,0.33037608806864915,0.630170703489267
Is the sword gonna be in this tourney?,neither,0.04538304692508646,0.360638926938339,0.5939780261365746
hi,neither,0.03945320844208391,0.33037608806864915,0.630170703489267
hi Yehhp,neither,0.03945320844208391,0.33037608806864915,0.630170703489267
NINJA IN CHAT THO,neither,0.035986235984853336,0.3381035977045758,0.625910166310571
ninjaS ninjaS ninjaS ninjaS,neither,0.03945320844208391,0.33037608806864915,0.630170703489267
lol,neither,0.020706217963973744,0.4882283491876925,0.4910654328483337
gimme some eggs :),neither,0.03197912367289833,0.3433500914140867,0.6246707849130151
@ninja your going to kill it today good luck,neither,0.32564106880048604,0.21078763466439532,0.4635712965351187
betagaHype betagaHype betagaHype betagaHype betagaHype betagaHype betagaHype betagaHype betagaHype,neither,0.03945320844208391,0.33037608806864915,0.630170703489267
ninjaBlast1 ninjaBlast2 ninjaBlast3 ninjaBlast3 ninjaBlast3 ninjaBlast3,neither,0.03945320844208391,0.33037608806864915,0.630170703489267
good morning tyler from 2 minutes fromnow,neither,0.046338838120562525,0.20312357001652312,0.7505375918629142
@Ninja I sent a picture of who's in your heat in your discord under the Fortnite tab if you're interested,neither,0.0786602694900996,0.3809309282718988,0.5404088022380016
tfueLAUGH tfueLAUGH tfueLAUGH tfueLAUGH tfueLAUGH tfueLAUGH tfueLAUGH,neither,0.03945320844208391,0.33037608806864915,0.630170703489267
I can't wait to see @Ninja using a SWORD!,neither,0.04128498516269889,0.3702819458418735,0.5884330689954276
yay,neither,0.03945320844208391,0.33037608806864915,0.630170703489267
ninjaNavi ninjaNavi ninjaNavi ninjaNavi ninjaNavi ninjaNavi ninjaNavi ninjaNavi ninjaNavi,neither,0.03945320844208391,0.33037608806864915,0.630170703489267
Good luck today tyler!,neither,0.0376416429279581,0.3111876862433287,0.6511706708287132
wassup bros,neither,0.21597334974508584,0.14296682311741696,0.6410598271374972
Hey @ninja I just wanted to thank you for telling us about The Midnight. They are sooo good! ninjaH,neither,0.08081633461743809,0.3237165322826721,0.5954671330998899
Yoo,neither,0.03945320844208391,0.33037608806864915,0.630170703489267
ninjaTroll ninjaTroll ninjaTroll,neither,0.03945320844208391,0.33037608806864915,0.630170703489267
did Ninja get to 20M on youtube yet?,neither,0.04180252868864076,0.34472752738064033,0.613469943930719
ninjaPon ninjaPon,neither,0.03945320844208391,0.33037608806864915,0.630170703489267
ninjaPon,neither,0.03945320844208391,0.33037608806864915,0.630170703489267
ninjaHi ninjaHi ninjaHi,neither,0.03945320844208391,0.33037608806864915,0.630170703489267
let's get these dubs ninja!! ninjaH ninjaH,neither,0.030167738443506308,0.4596010329398917,0.5102312286166021
hello,neither,0.03945320844208391,0.33037608806864915,0.630170703489267
Ninja is the best player in the world. :D,neither,0.03906509923503593,0.3716083911580828,0.5893265096068813
vivLove vivLove vivLove vivLove vivLove,neither,0.03945320844208391,0.33037608806864915,0.630170703489267
ninjaS,neither,0.03945320844208391,0.33037608806864915,0.630170703489267
hows it going ninja,neither,0.03692985233533611,0.3539979521090981,0.6090721955555658
Glad to be subscribed again @Ninja Always a pleasure!,neither,0.041712712666730656,0.3905580830615989,0.5677292042716704
Made me switch to keyboard because of his clutch yesteday,neither,0.05435441009901547,0.35466084281356935,0.5909847470874151
ninjaS,neither,0.03945320844208391,0.33037608806864915,0.630170703489267
ninjaH,neither,0.03945320844208391,0.33037608806864915,0.630170703489267
!uptime,neither,0.03945320844208391,0.33037608806864915,0.630170703489267
Ninja has been streaming for 3 minutes 15 seconds,neither,0.03591124943716819,0.3116798452753663,0.6524089052874654
morning @Ninja,neither,0.048203553387938615,0.18185989775694275,0.7699365488551186
!subcount,neither,0.03945320844208391,0.33037608806864915,0.630170703489267
Ninja has chosen not to show his sub count anymore as it just sparks meaningless debates in the chat. Watch the stream and enjoy the content instead of worrying about numbers ninjaAdore,neither,0.05172830886025077,0.3017108193993596,0.6465608717403898
waddup @Ninja,neither,0.03945320844208391,0.33037608806864915,0.630170703489267
!prime,neither,0.03945320844208391,0.33037608806864915,0.630170703489267
Support the stream with a FREE SUBSCRIPTION! Link an Amazon Prime to your Twitch account - twitch.amazon.com/prime Check out this tutorial where Ninja shows how to subscribe to a stream using Twitch Prime! youtube.com/watch?v=pvyZLDs2yQo ninjaPrime ninjaPrime ninjaPrime,neither,0.05320751381205407,0.33853077004085724,0.6082617161470886
ninjaCreep,neither,0.03945320844208391,0.33037608806864915,0.630170703489267
ninjaPon ninjaPon,neither,0.03945320844208391,0.33037608806864915,0.630170703489267
ninjaPon,neither,0.03945320844208391,0.33037608806864915,0.630170703489267
ninjaSplode ninjaSplode ninjaSplode ninjaSplode ninjaSplode,neither,0.03945320844208391,0.33037608806864915,0.630170703489267
ninjaHype ninjaHype ninjaHype ninjaHype ninjaHype ninjaHype ninjaHype ninjaHype,neither,0.03945320844208391,0.33037608806864915,0.630170703489267
I struggle so hard on PC.,offensive_language,0.030404663928815617,0.5476377170704075,0.42195761900077683
My favorite Ninja emotes ninjaAmazing ninjaAww ninjaHi,neither,0.02820627911702417,0.4179863369982398,0.553807383884736
lets go,neither,0.039984317429425154,0.35542799280679366,0.6045876897637812
!uptime,neither,0.03945320844208391,0.33037608806864915,0.630170703489267
ninjaGold ninjaGold ninjaGold ninjaGold ninjaGold ninjaGold ninjaGold ninjaGold,neither,0.03945320844208391,0.33037608806864915,0.630170703489267
Ninja has been streaming for 3 minutes 59 seconds,neither,0.036078828691740394,0.31256560255387583,0.6513555687543837
Let’s ah go,neither,0.022982343982575544,0.37523183122724385,0.6017858247901806
"@Ninja you have to tweet a picture of our skin you are playing with, so the other players get nervous when they see the skin ;)",neither,0.0542938670554607,0.3978614880525941,0.5478446448919452
ninjaCry ninjaCry ninjaCry,neither,0.03945320844208391,0.33037608806864915,0.630170703489267
the sword is OD,neither,0.04554427641560259,0.3143304190503487,0.6401253045340487
ninjaChug ninjaChug ninjaChug,neither,0.03945320844208391,0.33037608806864915,0.630170703489267
How’s your day going so far Tyler?,neither,0.06285567254282919,0.3707603992496729,0.5663839282074979
ninjaStars,neither,0.03945320844208391,0.33037608806864915,0.630170703489267
ninjaHype,neither,0.03945320844208391,0.33037608806864915,0.630170703489267
who else streams here?? add me,neither,0.06453587687690164,0.38031702135607925,0.5551471017670191
ninjaHi,neither,0.03945320844208391,0.33037608806864915,0.630170703489267
"Yo, just sayin Kamala Extract helped Laura Roslin live to see Earth.",neither,0.044009440282173094,0.3908144863767418,0.565176073341085
ninjaCRINJA ninjaHype,neither,0.03945320844208391,0.33037608806864915,0.630170703489267
x2twinLOVE x2twinLOVE x2twinLOVE x2twinLOVE,neither,0.03945320844208391,0.33037608806864915,0.630170703489267
ninjaIQ,neither,0.03945320844208391,0.33037608806864915,0.630170703489267
ninjaBlast1 ninjaBlast2 ninjaBlast3 ninjaBlast3 ninjaBlast3 ninjaBlast3 ninjaBlast3 ninjaBlast3,neither,0.03945320844208391,0.33037608806864915,0.630170703489267
!commands,neither,0.03945320844208391,0.33037608806864915,0.630170703489267
@megatronlebron -> The bot commands for this channel are available at https://beta.nightbot.tv/t/ninja/commands,neither,0.04637165599724777,0.29795772305344853,0.6556706209493037
ninjaCash,neither,0.03945320844208391,0.33037608806864915,0.630170703489267
@goodspiritsgaming add me up dawg,neither,0.029761283730062614,0.42365221473501097,0.5465865015349264
ninjaCash ninjaCash ninjaCash ninjaCry ninjaGold ninjaGold ninjaK ninjaIQ ninjaThirst ninjaIQ ninjaThirst ninjaIQ ninjaThirst ninjaIQ ninjaGold ninjaBits ninjaThirst ninjaBits ninjaThirst ninjaBits ninjaGold ninjaCart ninjaBits ninjaBits ninjaBlood ninjaBlast1 ninjaBlast1 ninjaBits ninjaBits ninjaBlast1 ninjaBits ninjaBlast1 ninjaIQ,neither,0.03945320844208391,0.33037608806864915,0.630170703489267
Sword is dumb dude they just kill you and they have 400 hp,neither,0.208883814325374,0.27103002968678064,0.5200861559878454
ninjaChug ninjaChug ninjaChug ninjaChug ninjaChug ninjaChug ninjaChug ninjaChug ninjaChug ninjaChug ninjaChug ninjaChug ninjaChug ninjaChug ninjaChug ninjaChug ninjaChug ninjaChug ninjaChug ninjaChug,neither,0.03945320844208391,0.33037608806864915,0.630170703489267
@kender103 nice to know,neither,0.05007649649643999,0.3242726116259513,0.6256508918776087
5321,neither,0.03945320844208391,0.33037608806864915,0.630170703489267
I hate the sword,neither,0.27561377338407955,0.18789336084279656,0.5364928657731239
ninjaToxic ninjaToxic,neither,0.03945320844208391,0.33037608806864915,0.630170703489267
ninjaPon ninjaHype ninjaPon ninjaHype ninjaPon ninjaHype ninjaPon ninjaHype ninjaPon ninjaHype ninjaPon ninjaHype ninjaPon ninjaHype ninjaPon ninjaHype ninjaPon ninjaHype ninjaPon ninjaHype Welcome to Dub City!,neither,0.04520149138055248,0.3270024850030791,0.6277960236163684
ninjaPon,neither,0.03945320844208391,0.33037608806864915,0.630170703489267
ninjaLlama ninjaLlama ninjaLlama ninjaLlama ninjaLlama ninjaLlama ninjaLlama ninjaLlama ninjaLlama ninjaLlama ninjaLlama ninjaLlama ninjaLlama,neither,0.03945320844208391,0.33037608806864915,0.630170703489267
ninjaTooth ninjaFail ninjaFail ninjaFail ninjaFail ninjaFail ninjaFail ninjaFail ninjaFail ninjaFail ninjaFail ninjaFail ninjaFail ninjaFail ninjaFail ninjaFail ninjaFail ninjaFail ninjaFail ninjaFail ninjaFail ninjaFail ninjaFail ninjaFail ninjaFail ninjaFail ninjaFail ninjaFail ninjaFail ninjaFail ninjaFail ninjaFail ninjaFail,neither,0.03945320844208391,0.33037608806864915,0.630170703489267
hello,neither,0.03945320844208391,0.33037608806864915,0.630170703489267
I spent a whole game taking it off the map so no one could use it,neither,0.020034914952203168,0.3988843240412952,0.5810807610065016
ninjaAdore ninjaTooth ninjaClap ninjaCreep ninjaCRINJA ninjaHype ninjaPon ninjaAww ninjaWifey ninjaBlank ninjaCry ninjaCash ninjaFood ninjaHi ninjaPopcorn ninjaThirst ninjaGold ninjaK ninjaIQ ninjaShrug ninjaBlast3 ninjaBlast2 ninjaBlast1 ninjaThrow ninja10 ninjaBits ninjaCart ninjaFail ninjaHS ninjaBlood ninjaH ninjaStars ninjaPrime ninjaAim ninjaBush ninjaSplat ninjaBomb ninjaDisco ninjaFan ninjaSplode ninjaShield ninjaBull ninjaRed ninjaDance ninjaPlay ninjaChug ninjaToxic ninjaChance ninjaNa,neither,0.03945320844208391,0.33037608806864915,0.630170703489267
!343,neither,0.03945320844208391,0.33037608806864915,0.630170703489267
"May 10th, 2015, the Halo gods are looking down upon Ninja. http://gyazo.com/90caad781b3b8efa6770a9fd8d36abe8",neither,0.04892255736217241,0.23594886147841196,0.7151285811594157
NINJA MY BOY,neither,0.02773209354553052,0.42217358122286114,0.5500943252316084
Hola banditos,neither,0.03945320844208391,0.33037608806864915,0.630170703489267
Good afternoon @ninja !!,neither,0.03888943709386935,0.330569994887375,0.6305405680187556
I WAS WAITING FOR U TO GET ON,neither,0.03585408407907051,0.3207175884661738,0.6434283274547558
hey dad,neither,0.03945320844208391,0.33037608806864915,0.630170703489267
ninjaAim ninjaAim ninjaAim ninjaAim ninjaAim ninjaAim ninjaAim ninjaAim ninjaAim ninjaAim ninjaAim ninjaAim ninjaAim ninjaAim ninjaAim ninjaAim ninjaAim ninjaAim ninjaAim,neither,0.03945320844208391,0.33037608806864915,0.630170703489267
ninjaS ninjaS ninjaS ninjaS,neither,0.03945320844208391,0.33037608806864915,0.630170703489267
ninjaHype ninjaHype ninjaHype ninjaHype ninjaHype ninjaHype ninjaHype ninjaHype ninjaHype ninjaHype ninjaHype ninjaHype,neither,0.03945320844208391,0.33037608806864915,0.630170703489267
so they added the sword right before this event LMAOOOOOOO,neither,0.0361925228425507,0.3924889980883771,0.5713184790690723
NINJA,neither,0.03945320844208391,0.33037608806864915,0.630170703489267
YOOOOOOOO!,neither,0.03945320844208391,0.33037608806864915,0.630170703489267
ninjaCreep ninjaCreep ninjaCreep ninjaCreep,neither,0.03945320844208391,0.33037608806864915,0.630170703489267
hi ninjaHype ninjaHype ninjaHype ninjaHype ninjaHype ninjaHype ninjaHype ninjaHype ninjaHype ninjaHype ninjaHype ninjaHype,neither,0.03945320844208391,0.33037608806864915,0.630170703489267
ninjaAim ninjaAim ninjaAim ninjaAim ninjaAim ninjaAim,neither,0.03945320844208391,0.33037608806864915,0.630170703489267
12.99,neither,0.03945320844208391,0.33037608806864915,0.630170703489267
$12.99,neither,0.03945320844208391,0.33037608806864915,0.630170703489267
Is this officially winter skirmish? @Ninja,neither,0.04585385243017657,0.32941452131458354,0.6247316262552398
there's that beautiful stream room ninjaAmazing ninjaAmazing,neither,0.0363562373965868,0.3294380251911554,0.6342057374122579
what's cracking ninja,neither,0.044181641735461186,0.32697145299550645,0.6288469052690323
Ready for OP SWORD Time?,neither,0.03416410672697852,0.3222261523135621,0.6436097409594594
party100 party100 party100 party100 party100 Happy 8 year anniversary of meeting Jess! Good luck today!,neither,0.038270416425367944,0.3178861479367541,0.6438434356378779
you should put chat in sub only,neither,0.06736380777970637,0.4075909852802229,0.5250452069400707
!allstar,neither,0.03945320844208391,0.33037608806864915,0.630170703489267
Watch ninja's Bud Light All star announcement here BudBlast https://goo.gl/rMtkYO BudBlast,neither,0.07495787076581713,0.34847514647450567,0.5765669827596772
ninja10,neither,0.03945320844208391,0.33037608806864915,0.630170703489267
Thank you for Christmas sweater link!! Can’t wait to get mine!,neither,0.04825074194176772,0.34022285324364704,0.6115264048145853
sup ninj. Thoughts on me being a teacher and watching your stream in the middle of a school day? lmaoooo,neither,0.043437177404926905,0.330965560689037,0.625597261906036
goodmorning!!!!!!!!!!!!!,neither,0.03945320844208391,0.33037608806864915,0.630170703489267
ninjaHype ninjaHype ninjaHype ninjaHype ninjaHype ninjaHype ninjaHype ninjaHype ninjaHype ninjaHype ninjaHype ninjaHype ninjaHype ninjaHype ninjaHype ninjaHype ninjaHype ninjaHype ninjaHype ninjaHype ninjaHype ninjaHype ninjaHype ninjaHype ninjaHype ninjaHype ninjaHype ninjaHype ninjaHype ninjaHype ninjaHype ninjaHype ninjaHype ninjaHype ninjaHype ninjaHype ninjaHype ninjaHype ninjaHype ninjaHype ninjaHype ninjaHype ninjaHype,neither,0.03945320844208391,0.33037608806864915,0.630170703489267
xUnmasked it is,neither,0.059603583318096655,0.32344545014120724,0.616950966540696
Ninja how is ur day so far,neither,0.06832206862431445,0.3440312489423008,0.5876466824333847
yoooooo,neither,0.03945320844208391,0.33037608806864915,0.630170703489267
Ayyyy bro,neither,0.03945320844208391,0.33037608806864915,0.630170703489267
"Guarantee your PC gaming performance with BLD by NZXT. The simplest way to get a customized gaming PC. Chose the games you want to play, set a budget, and BLD takes care of the rest. Built and shipped within 48 hours with a 2-year warranty. https://nzxt.co/2k9lWJK ninja10 ninja10",neither,0.046159296404555336,0.335031206975871,0.6188094966195736
!prime,neither,0.03945320844208391,0.33037608806864915,0.630170703489267
Support the stream with a FREE SUBSCRIPTION! Link an Amazon Prime to your Twitch account - twitch.amazon.com/prime Check out this tutorial where Ninja shows how to subscribe to a stream using Twitch Prime! youtube.com/watch?v=pvyZLDs2yQo ninjaPrime ninjaPrime ninjaPrime,neither,0.05320751381205407,0.33853077004085724,0.6082617161470886
Is he queueing for winter skirmish already? @Ninja,neither,0.04417182096337018,0.3170921612148384,0.6387360178217915
FortOne FortOne FortOne FortOne FortOne,neither,0.03945320844208391,0.33037608806864915,0.630170703489267
How much time is there till tourney?,neither,0.04178239288410889,0.30716672696895,0.6510508801469411
Is there a delay?,neither,0.058135835131279276,0.24227746891369034,0.6995866959550303
ninjaBlast1 ninjaBlast2 ninjaBlast3 ninjaBlast3 ninjaBlast3,neither,0.03945320844208391,0.33037608806864915,0.630170703489267
yooo,neither,0.03945320844208391,0.33037608806864915,0.630170703489267
the champ is here,neither,0.11143866350013258,0.26575109643903794,0.6228102400608294
When does tourney start?,offensive_language,0.01672353805492118,0.5153604439772241,0.46791601796785465
ahhhnew sword,neither,0.03945320844208391,0.33037608806864915,0.630170703489267
Hope you’re doing well @ninja,neither,0.12757834433479628,0.23606618149394298,0.6363554741712607
Ninjawerks,neither,0.03945320844208391,0.33037608806864915,0.630170703489267
@jarodijk starts at 10 am EST,neither,0.03848540850087149,0.3541478497837827,0.6073667417153458
what is this music,neither,0.06053581956958716,0.32244589226693143,0.6170182881634815
@i_will_varsity -> moon2PLSNO [stop posting links] [warning],neither,0.039401667902462426,0.38961947751050285,0.5709788545870349
jgoNinja jgoNinja jgoNinja jgoNinja jgoNinja jgoNinja jgoNinja,neither,0.03945320844208391,0.33037608806864915,0.630170703489267
ninja are you gonna try the new sword?,neither,0.07572693536654668,0.2827056953074366,0.6415673693260168
ninjaH ninjaBlood ninjaPrime ninja10 ninjaAim ninja10 ninjaBomb ninjaDance ninjaDance ninjaBomb ninjaStars ninjaBomb ninjaBull ninjaBull ninjaRed ninjaRed ninjaDance ninjaDance ninjaH ninjaPrime ninjaBlood ninjaAim ninjaBlood ninjaBlood ninjaShield ninjaStars ninjaShield ninjaH ninjaShield ninjaH ninjaShield ninjaBull ninjaShield ninjaHS ninjaShield ninjaShield ninjaBlood ninjaShield ninjaBlood ninjaShield ninjaBlood ninjaShield ninjaShield ninjaShield ninjaH ninjaShield ninjaH ninjaSplode ninja,neither,0.03945320844208391,0.33037608806864915,0.630170703489267
let’s go ninja u got this today,neither,0.025150291600840074,0.3817863474219428,0.593063360977217
esketittt,neither,0.03945320844208391,0.33037608806864915,0.630170703489267
No is starts at 3 pm est,neither,0.045147442789583714,0.3617929704249858,0.5930595867854305
which heat is NINJA in??,neither,0.046346299113701174,0.328005238099854,0.6256484627864449
WHERE ARE YOU PLANNING TO LAND?,neither,0.09544387726523958,0.2949599727903921,0.6095961499443683
LMAO I'm just now getting the notification that he's going live,neither,0.03512917792196136,0.4313062259231202,0.5335645961549185
Let’s goooo,neither,0.024028385875293705,0.36420730681166985,0.6117643073130364
Ninja are you gonna try the new sword?,neither,0.07572693536654668,0.2827056953074366,0.6415673693260168
What's good Ninj?,neither,0.049264040363752405,0.32301434720671374,0.6277216124295337
ninjaHype ninjaHype ninjaHype ninjaHype ninjaHype ninjaHype ninjaHype ninjaHype ninjaHype ninjaHype ninjaHype ninjaHype ninjaCreep,neither,0.03945320844208391,0.33037608806864915,0.630170703489267
ninjamyking woot?,neither,0.03945320844208391,0.33037608806864915,0.630170703489267
After being here for soo long,neither,0.06287001044763038,0.2973027175838247,0.639827271968545
Is there a sword on this mode? please no,neither,0.04216486980823888,0.31898586884342206,0.6388492613483391
@casualgamer699 maybe you should read the title,neither,0.067585408900927,0.392272630473282,0.5401419606257909
ninjaHype ninjaHype ninjaHype ninjaHype ninjaHype ninjaHype ninjaHype ninjaHype ninjaHype ninjaHype ninjaHype ninjaHype ninjaHype ninjaHype ninjaHype ninjaHype ninjaHype ninjaHype ninjaHype ninjaHype ninjaHype ninja10 ninja10 ninja10 ninja10 ninja10 ninja10,neither,0.03945320844208391,0.33037608806864915,0.630170703489267
ninjacheer1000,neither,0.03945320844208391,0.33037608806864915,0.630170703489267
,neither,0.03945320844208391,0.33037608806864915,0.630170703489267
NINJA NEW SWORD?????,neither,0.04257368441349109,0.252963756141694,0.7044625594448148
yaw,neither,0.03945320844208391,0.33037608806864915,0.630170703489267
ninjaFire ninjaFire ninjaFire ninjaFire ninjaFire ninjaFire ninjaFire ninjaFire ninjaFire ninjaFire ninjaFire ninjaFire ninjaFire ninjaFire ninjaFire ninjaFire ninjaFire ninjaFire ninjaFire,neither,0.03945320844208391,0.33037608806864915,0.630170703489267
How’s your day going?,neither,0.0823876900566656,0.3344670209787401,0.5831452889645942
@sveiiin what? It’s 1:50 pm eastern stop giving false info please,neither,0.041512515173871535,0.3693662807943562,0.5891212040317723
Where is everyone??,neither,0.04394094764752119,0.4217143352089725,0.5343447171435063
Good morning!!!,neither,0.04970930963283925,0.13564577574880146,0.8146449146183593
CRSZY,neither,0.03945320844208391,0.33037608806864915,0.630170703489267
👌,neither,0.03945320844208391,0.33037608806864915,0.630170703489267
Guys ninja is going to win the winter skirmish,neither,0.048573602758282104,0.3349649033392396,0.6164614939024782
morning Ninja and chat ninjaHi,neither,0.045027056816225666,0.18275084176299264,0.7722221014207817
"HI NINJA, HICHARLIE",neither,0.03945320844208391,0.33037608806864915,0.630170703489267
you'll do great today Ninja,neither,0.05071967682973993,0.32170043128733067,0.6275798918829294
ninjaGold ninjaGold ninjaGold,neither,0.03945320844208391,0.33037608806864915,0.630170703489267
@scortchedgod ninjaCRINJA ninjaCRINJA yikes,neither,0.03945320844208391,0.33037608806864915,0.630170703489267
!uptime,neither,0.03945320844208391,0.33037608806864915,0.630170703489267
Ninja has been streaming for 7 minutes 41 seconds,neither,0.035678679601720456,0.31045049647393935,0.6538708239243401
ninjaBlast1 ninjaBlast2 ninjaBlast3 ninjaBlast3 ninjaBlast3 ninjaLlama ninjaLlama,neither,0.03945320844208391,0.33037608806864915,0.630170703489267
ninjaNavi,neither,0.03945320844208391,0.33037608806864915,0.630170703489267
@Ninja Hi buddy,neither,0.03945320844208391,0.33037608806864915,0.630170703489267
Echo sound,neither,0.03945320844208391,0.33037608806864915,0.630170703489267
ninjaH,neither,0.03945320844208391,0.33037608806864915,0.630170703489267
ninja10 ninja10,neither,0.03945320844208391,0.33037608806864915,0.630170703489267
Go to the sword,neither,0.047177754818056784,0.3127023234576357,0.6401199217243075
Good luck for today Tyler ninjaGold,neither,0.033142541320214366,0.29008396472294784,0.6767734939568378
2min delay? We srs now bois,neither,0.03929121934928075,0.333125465731363,0.6275833149193561
"@noahf25 sorry, im from EU. get confused with your timezones. May bad",neither,0.048062067808755854,0.3551851140758551,0.596752818115389
ninjaFire ninjaPlay,neither,0.03945320844208391,0.33037608806864915,0.630170703489267
Echoooooooooooo,neither,0.03945320844208391,0.33037608806864915,0.630170703489267
Nope he'll never try it....,neither,0.03906889235706649,0.3665893594330794,0.5943417482098541
,neither,0.03945320844208391,0.33037608806864915,0.630170703489267
TUFF,neither,0.03945320844208391,0.33037608806864915,0.630170703489267
does he have like a hella delay on this?,offensive_language,0.03194279990184742,0.5312409918199433,0.4368162082782092
ninjaDance ninjaBomb ninjaBomb ninjaBomb ninjaBomb ninjaBomb ninjaBomb ninjaSplode ninjaDisco ninjaDisco ninjaDisco ninjaDance ninjaChance ninjaChance ninjaChance ninjaDance ninjaDance ninjaFan ninjaShield ninjaShield ninjaFan ninjaShield ninjaPrime ninjaChug ninjaToxic ninjaToxic ninjaDance ninjaToxic ninjaDance ninjaToxic ninjaDance ninjaDance ninjaToxic ninjaDance ninjaToxic ninjaDance ninjaToxic ninjaDance ninjaDance ninjaToxic ninjaBomb ninjaDance ninjaDance ninjaDance ninjaToxic ninjaToxic,neither,0.03945320844208391,0.33037608806864915,0.630170703489267
ninjaH ninjaShield,neither,0.03945320844208391,0.33037608806864915,0.630170703489267
let's get it brother,neither,0.02134164658752785,0.3783720649440541,0.6002862884684179
add me if you're a new streamer!! I'm just starting too with dreams to be like ninja lol,neither,0.037509745087540125,0.42457486994911847,0.5379153849633413
customs?,neither,0.03945320844208391,0.33037608806864915,0.630170703489267
hello from Wisconsin,neither,0.04045433588424679,0.3133843426407197,0.6461613214750337
itll be a good day ninja,neither,0.039766475084125376,0.31925300453254823,0.6409805203833264
i hope he ignores chat alot more and goes all in :),neither,0.07493740540734907,0.2537103133954098,0.6713522811972412
why ninja?,neither,0.02682476417722479,0.3486465618700777,0.6245286739526974
2minute delay,neither,0.03945320844208391,0.33037608806864915,0.630170703489267
LETS FRIGGIN GOOOOOOO!,neither,0.03863670571661534,0.3442342702221612,0.6171290240612236
PMA,neither,0.03945320844208391,0.33037608806864915,0.630170703489267
Tuff,neither,0.03945320844208391,0.33037608806864915,0.630170703489267
You got it bro,offensive_language,0.06171107254440238,0.4884243753526349,0.44986455210296267
hi,neither,0.03945320844208391,0.33037608806864915,0.630170703489267
Lol making that money g,neither,0.0270978866758197,0.43263838110640057,0.5402637322177797
changed my name,neither,0.027148122893884297,0.42739176667129747,0.5454601104348182
lol everyone is going for the sword...paradise so empty,neither,0.030867810475461017,0.42983221992234644,0.5392999696021925
@Ninja when are the skirmish games?,neither,0.049432625332465556,0.31904682627063186,0.6315205483969026
Tuff for the other players,neither,0.03401355356816546,0.2943644598861091,0.6716219865457255
lol,neither,0.020706217963973744,0.4882283491876925,0.4910654328483337
good luck today ninja ninjaPopcorn ninjaThirst ninjaPopcorn ninjaThirst ninjaK ninjaK ninjaGold ninjaK ninjaGold ninjaK ninjaGold ninjaK ninjaGold ninjaK ninjaGold ninjaK ninjaGold ninjaK ninjaGold ninjaK ninjaGold ninjaK ninjaGold ninjaK ninjaGold ninjaK ninjaGold ninjaBlast1 ninjaBlast2 ninjaBlast3 ninjaBlast3 ninjaBlast3 ninjaBlast3 ninjaBlast3 ninjaBlast3 ninjaBlast3 ninjaBlast3 ninjaBlast3 ninjaBlast3 ninjaBlast3 ninjaSplode ninjaSplode ninjaSplode ninjaSplode ninjaSplode ninjaSplode ninjaS,neither,0.037662821150970686,0.3114140749859026,0.6509231038631267
ninjaPon,neither,0.03945320844208391,0.33037608806864915,0.630170703489267
ninjaPon,neither,0.03945320844208391,0.33037608806864915,0.630170703489267
You got this ninja! Get one or two top tens and you’ll be playing tomorrow!,neither,0.05921835224107221,0.4168757340090054,0.5239059137499223
ninja10 ninja10 ninja10 ninja10 ninjaIQ ninjaIQ ninjaIQ ninjaIQ,neither,0.03945320844208391,0.33037608806864915,0.630170703489267
mary poppins,neither,0.03945320844208391,0.33037608806864915,0.630170703489267
Are fortnite not streaming it?,neither,0.06244888668278527,0.2892166306828884,0.6483344826343265
rather ninja than some other kid,neither,0.03261732825343852,0.3521669630030654,0.6152157087434961
,neither,0.03945320844208391,0.33037608806864915,0.630170703489267
"I just joined, what is Ninja's thought on the new sword thing?",neither,0.04643376276924594,0.22819922147352326,0.7253670157572308
@ninjadarkdude2 this is a warm up game,neither,0.04408047187630981,0.33690661089671203,0.6190129172269782
dad is back!!!,neither,0.05102245223002834,0.3263968946153304,0.6225806531546413
jgoNinja jgoNinja jgoNinja jgoNinja jgoNinja jgoNinja,neither,0.03945320844208391,0.33037608806864915,0.630170703489267
hi chat :),neither,0.03945320844208391,0.33037608806864915,0.630170703489267
are the lobbies going to be pub or custom ?,neither,0.06826698360606345,0.2992649640173412,0.6324680523765953
LETS GO! You’re gonna do great today,neither,0.06794736068076283,0.35009607982654306,0.5819565594926941
Ninja go for that SWORD <3,neither,0.0326181015744822,0.3419523433358487,0.6254295550896691
@goodspiritsgaming Hey I'm not so bad!,neither,0.0337202604514807,0.3967170372995248,0.5695627022489944
!uptime,neither,0.03945320844208391,0.33037608806864915,0.630170703489267
Ninja has been streaming for 9 minutes 37 seconds,neither,0.03605278841535164,0.31242796755837576,0.6515192440262725
ninjaHi,neither,0.03945320844208391,0.33037608806864915,0.630170703489267
We out here boys,neither,0.08976574861733069,0.3070739874607603,0.6031602639219089
@m4ze hi dan,neither,0.03945320844208391,0.33037608806864915,0.630170703489267
WHAT?,neither,0.057770773616808734,0.3180719994247239,0.6241572269584672
When does the actual thing happen then?,neither,0.022760848641504603,0.4481654724634812,0.5290736788950141
!uptime,neither,0.03945320844208391,0.33037608806864915,0.630170703489267
WIN THIS MATCH!!,neither,0.039348377200460964,0.33215534782673006,0.628496274972809
2 mins dang,neither,0.03945320844208391,0.33037608806864915,0.630170703489267
howdy,neither,0.03945320844208391,0.33037608806864915,0.630170703489267
LETS GO NINJA,neither,0.03981812293322871,0.3475555400903652,0.6126263369764061
!uptime,neither,0.03945320844208391,0.33037608806864915,0.630170703489267
Skirmish right now or later?,neither,0.03838631295847895,0.3511882057877988,0.6104254812537222
68 mins,neither,0.03945320844208391,0.33037608806864915,0.630170703489267
ninjadarkdude2 3PM EST,neither,0.03945320844208391,0.33037608806864915,0.630170703489267
First match?,neither,0.03102503926288075,0.333274921928153,0.6357000388089662
hi @m4ze ninjaAdore,neither,0.03945320844208391,0.33037608806864915,0.630170703489267
2 central US,neither,0.08801323062662378,0.3207697870929639,0.5912169822804123
@jdubbz_212 HES BEEN UP KFOR LIKE 10 MINS,neither,0.045614492241085755,0.393784776682995,0.5606007310759192
go for kill record with the sword @Ninja TIM AND THE OTHERS ARE DOING IT,neither,0.15728302943564593,0.21125733509927433,0.6314596354650797
!wins,neither,0.03945320844208391,0.33037608806864915,0.630170703489267
Check Ninja's wins here -> https://goo.gl/17Qojo,neither,0.0737613933919306,0.30145673084023594,0.6247818757678334
Wins: None yet ¯\_(ツ)_/¯,neither,0.03945320844208391,0.33037608806864915,0.630170703489267
is later in aprox one hour this is a warm up game,neither,0.04776062302637094,0.35454903233420204,0.597690344639427
@Ninja you heard of the sword they added?,neither,0.04926428195608701,0.3482709526607269,0.602464765383186
,neither,0.03945320844208391,0.33037608806864915,0.630170703489267
ninjaTroll ninjaTroll ninjaTroll ninjaTroll,neither,0.03945320844208391,0.33037608806864915,0.630170703489267
Good morning chat!!,neither,0.04710811743625922,0.18682059753836155,0.7660712850253792
is he on delay now? or when the tourney starts?,neither,0.03795846325336773,0.3679887784321634,0.5940527583144689
!UPTIME,neither,0.03945320844208391,0.33037608806864915,0.630170703489267
Ninja has been streaming for 10 minutes 18 seconds,neither,0.036065557872451824,0.31249546026206443,0.6514389818654837
It’s already 4pm you doosh,neither,0.06527521793847124,0.45162256275687734,0.4831022193046514
Mods how we doing?,neither,0.03923582831618373,0.3340655961220965,0.6266985755617197
@Yehhp REMEMBER WHAT?! lol,neither,0.03531647695281643,0.402106063646373,0.5625774594008104
@BGLWise ok,neither,0.03935517884257045,0.3320399062092607,0.6286049149481688
Why is he saying its gonna be a tough day? What happened?,neither,0.033273073790575536,0.3639339489036877,0.6027929773057369
skirmish is in 1 hour and 7 minutes,neither,0.046800550415938565,0.2885460682895195,0.6646533812945419
Good morning chat,neither,0.04710811743625922,0.18682059753836155,0.7660712850253792
CHAAATTT and NINJAAA I justr wanted to stop by on my break and wish everyone a great day! Go Ninja(s)!!! ninjaGold ninjaGold ninjaH ninjaFire,neither,0.031031062511415825,0.4337605451621176,0.5352083923264666
All the youth ninjaPon shirts are sold out in the store! I'll have to see if my son can wear an adult S,neither,0.045348957020895926,0.39296473012293665,0.5616863128561675
@Otherkid today is the winter skirmish,neither,0.04633779349532776,0.28652115799957645,0.6671410485050958
I love chat,neither,0.03581928763498402,0.3474184024552811,0.6167623099097349
ninjadarkdude2 EST!!,neither,0.03945320844208391,0.33037608806864915,0.630170703489267
Morning!,neither,0.05283876784042269,0.1031882115525248,0.8439730206070525
@ninja good luck in the tourney today!! Kill it bro!,neither,0.23285051541965318,0.20767507398265825,0.5594744105976885
!uptime,neither,0.03945320844208391,0.33037608806864915,0.630170703489267
paradise drops for tourney?,neither,0.0341413101537001,0.30384169422728036,0.6620169956190195
ninjaCry,neither,0.03945320844208391,0.33037608806864915,0.630170703489267
im new whats good fam,neither,0.041396793253055994,0.2790713007573395,0.6795319059896046
Is the smirk duos or solo?,neither,0.04837100540765246,0.3078890389374263,0.6437399556549213
Our boy heating up for the skirmish?,neither,0.029100905650110507,0.33429160070993896,0.6366074936399506
Hello everyone! Hope y’all are having a great day,neither,0.08554038910691013,0.30570064446191836,0.6087589664311716
@Yehhp YOUR MESSAGE WAS DELETED LOL,neither,0.05682114497159385,0.37571638890372755,0.5674624661246785
10 min boss,neither,0.03945320844208391,0.33037608806864915,0.630170703489267
Ok,neither,0.03935517884257045,0.3320399062092607,0.6286049149481688
yooo,neither,0.03945320844208391,0.33037608806864915,0.630170703489267
drop the burst?,neither,0.0544426274596494,0.299131291940871,0.6464260805994795
!uptime,neither,0.03945320844208391,0.33037608806864915,0.630170703489267
DDAM AUTOMOD,neither,0.03945320844208391,0.33037608806864915,0.630170703489267
Eskere Bro ninjaH ninjaGold,neither,0.03945320844208391,0.33037608806864915,0.630170703489267
ninjaPon ninjaPon ninjaPon ninjaPon,neither,0.03945320844208391,0.33037608806864915,0.630170703489267
Ninja has been streaming for 11 minutes 1 second,neither,0.035859870565024564,0.31140826693947865,0.6527318624954969
ninjaPon,neither,0.03945320844208391,0.33037608806864915,0.630170703489267
@Popsipops1 Ah I thought it was something else going on,neither,0.03727966777185072,0.28510735719240254,0.6776129750357467
hey ninj,neither,0.03945320844208391,0.33037608806864915,0.630170703489267
"People say Epic was making this game for noobs, well today they made it literally impossible for anyone under an above average skillset. When an above average player gets the sword(which is all that do get it) it’s nearly impossible to kill them.",neither,0.09160392061619092,0.32096426717667437,0.5874318122071347
@bglwise I just copied and pasted what you said b4 lol,neither,0.043858049207808954,0.38737531207336157,0.5687666387188294
cheer510 let’s go man. You are the best!!,neither,0.06284951749876161,0.4175242565461022,0.5196262259551363
!give,neither,0.03945320844208391,0.33037608806864915,0.630170703489267
ninjaPon Ninja take AGShadow_v2's energy ninjaPon,neither,0.03945320844208391,0.33037608806864915,0.630170703489267
Oh he's in the Winter Skirmish right now,neither,0.047862062859823355,0.2848792721269438,0.6672586650132329
SUP NINJAAAAA,neither,0.03945320844208391,0.33037608806864915,0.630170703489267
FortOne,neither,0.03945320844208391,0.33037608806864915,0.630170703489267
Is it just me or is Winter Royale bouta be daeDoo daeDoo daeDoo daeDoo daeDoo ninjaBlood with this stupid SWORD,neither,0.07574005891745904,0.31853655223333543,0.6057233888492054
When is the tourney y'all <3,offensive_language,0.035156534727239744,0.5043422496688933,0.4605012156038669
@m4ze Thanks ninjaPon,neither,0.035884468650613,0.3004919205142699,0.6636236108351171
Good luck today Ninja ninjaThirst ninjaPopcorn,neither,0.037662821150970686,0.3114140749859026,0.6509231038631267
!mixer,neither,0.03945320844208391,0.33037608806864915,0.630170703489267
Line 6 UX2 Audio Interface and Pod Farn 2.5 integrated software mixer,neither,0.03883778280125815,0.2999491642729658,0.6612130529257761
@Yehhp i already have the bits ready for him,neither,0.031748358495248326,0.31649765195230833,0.6517539895524433
so is the sword in the tourney or no?,neither,0.044004915573822266,0.34944408024637996,0.6065510041797978
ninjaGold ninjaGold,neither,0.03945320844208391,0.33037608806864915,0.630170703489267
hi,neither,0.03945320844208391,0.33037608806864915,0.630170703489267
!give,neither,0.03945320844208391,0.33037608806864915,0.630170703489267
