text,top_class,hate_speech,offensive_language,neither
Lol,neither,0.020706217963973744,0.4882283491876925,0.4910654328483337
What is going on?,neither,0.053652426185914176,0.3789212265798947,0.5674263472341913
emote only @itz_26,neither,0.03945320844208391,0.33037608806864915,0.630170703489267
What the garbage,neither,0.04569933289175769,0.30401371335204874,0.6502869537561936
You placed 60th ninja,neither,0.054504692563201076,0.3730064934546597,0.5724888139821391
dang,neither,0.03945320844208391,0.33037608806864915,0.630170703489267
Yay FFXI time,neither,0.03806843090552206,0.35387937684549026,0.6080521922489877
atrykohl let the mods mod,neither,0.013545164749910807,0.3610977205314461,0.6253571147186431
kill in last game would have got it :(,neither,0.3390249828748523,0.20062898132946616,0.4603460357956814
The plane in game one made me so mad,neither,0.03188716197452932,0.37270547958854827,0.5954073584369224
he placed 60 so is he in the next one?,neither,0.053515953197953436,0.3806681716015353,0.5658158752005111
Eeeeeewwww,neither,0.03945320844208391,0.33037608806864915,0.630170703489267
GG. Let's chill now!!!,neither,0.021884502931679414,0.3701545221845828,0.6079609748837377
No,neither,0.036918905254960256,0.37338982715841207,0.5896912675866277
ninjaK ninjaK ninjaK ninjaK ninjaK ninjaK,neither,0.03945320844208391,0.33037608806864915,0.630170703489267
PogChamp FF,neither,0.03945320844208391,0.33037608806864915,0.630170703489267
Love you Ninj! You’ll get em one day ninjaH,offensive_language,0.0726663757846605,0.47751034804211256,0.44982327617322687
@GoofIt no hes out,neither,0.03319179626440399,0.3684204335301454,0.5983877702054505
Time to relax after a long day of fortnite,neither,0.04431720919637048,0.32958317133416926,0.6260996194694602
At iD Tech camps you can learn all about how games are made and start building your own game future this summer. Check it out: www.idtech.com/fortnite #ad,neither,0.07849295833611333,0.3389748549213327,0.5825321867425539
ninjaGold ninjaGold ninjaGold ninjaGold,neither,0.03945320844208391,0.33037608806864915,0.630170703489267
ninjaPon ninjaPon ninjaPon ninjaPon ninjaPon,neither,0.03945320844208391,0.33037608806864915,0.630170703489267
ninjaPon,neither,0.03945320844208391,0.33037608806864915,0.630170703489267
competitive fortnite... Lul,neither,0.03945320844208391,0.33037608806864915,0.630170703489267
scrims brother thats the difference,neither,0.038594321363202753,0.31468197711131884,0.6467237015254785
You placed 60th,neither,0.06070030064870593,0.38926782493489026,0.5500318744164038
good games though,neither,0.038700317157233016,0.33063504190579285,0.630664640936974
Ninja you get your med card? ;),neither,0.09354092799278106,0.37360837622030235,0.5328506957869165
@twitzh sorry ninjaCry,neither,0.03945320844208391,0.33037608806864915,0.630170703489267
that format was cheeks,neither,0.03477692223332374,0.38227796604837583,0.5829451117183004
strafe1SubHype poachHYPE strafe1SubHype poachHYPE strafe1SubHype poachHYPE strafe1SubHype poachHYPE strafe1SubHype poachHYPE,neither,0.03945320844208391,0.33037608806864915,0.630170703489267
Damn close to qualifying,offensive_language,0.054823190768795396,0.8662268249836803,0.07894998424752432
ninjaDance ninjaDance ninjaDance ninjaDance ninjaDance ninjaDance ninjaDance ninjaDance ninjaDance ninjaDance ninjaDance ninjaDance ninjaDance ninjaDance ninjaDance ninjaDance ninjaDance ninjaDance ninjaDance ninjaDance ninjaDance ninjaDance,neither,0.03945320844208391,0.33037608806864915,0.630170703489267
WHAT HAPPENED,neither,0.04722295797655572,0.3248777811305592,0.6278992608928851
dang that one stolen elim did it all sucks man youll get em next time,neither,0.03556509041056993,0.47224071617415064,0.4921941934152794
ninjaFire ninjaFire ninjaFire ninjaFire ninjaFire ninjaFire ninjaFire ninjaFire ninjaFire ninjaFire ninjaFire ninjaFire ninjaFire ninjaFire,neither,0.03945320844208391,0.33037608806864915,0.630170703489267
60th place damn,offensive_language,0.04829648007509275,0.7511627100722256,0.20054080985268163
this is not niiiiiiinja,neither,0.0537167325757846,0.33734515710539253,0.608938110318823
hi ninja,neither,0.03945320844208391,0.33037608806864915,0.630170703489267
what even is this,neither,0.06160327044205715,0.34480873035074444,0.5935879992071983
That was literally the most cringy competitive gaming tournament i ever watched.,neither,0.036854463986636506,0.3449715224043169,0.6181740136090466
ninjaLlama ninjaLlama,neither,0.03945320844208391,0.33037608806864915,0.630170703489267
what am I watching,neither,0.046402523336255365,0.3253363894887553,0.6282610871749894
It's FF11 older mmo,neither,0.03748292270080534,0.33105375968371464,0.63146331761548
No scrim can prepare you for Kamikazes and a freaking samurai rampaging around. This tourney was out of any normality,neither,0.04032646165287786,0.3286678234091522,0.6310057149379701
what is this?,neither,0.07282678549990032,0.31792604547631814,0.6092471690237815
"Guarantee your PC gaming performance with BLD by NZXT. The simplest way to get a customized gaming PC. Chose the games you want to play, set a budget, and BLD takes care of the rest. Built and shipped within 48 hours with a 2-year warranty. https://nzxt.co/2k9lWJK ninja10 ninja10",neither,0.046159296404555336,0.335031206975871,0.6188094966195736
you kill them bees,hate_speech,0.5996575695033973,0.1645955136146051,0.2357469168819976
ninjaH ninjaH,neither,0.03945320844208391,0.33037608806864915,0.630170703489267
710,neither,0.03945320844208391,0.33037608806864915,0.630170703489267
Neeeeerds neeeerds everywhere,neither,0.03945320844208391,0.33037608806864915,0.630170703489267
ahhhhh fortnite is way better,neither,0.04723201422671704,0.32851905006563953,0.6242489357076434
"Final Fantasy... you kids know there are more video games than just Fortnite, right?",neither,0.06731363278986581,0.26752090356251007,0.6651654636476241
ho,offensive_language,0.013321108536384277,0.8771497931721385,0.10952909829147721
@Lenoisy LUL,neither,0.03945320844208391,0.33037608806864915,0.630170703489267
nope i thought fortnite as the only game,neither,0.03936301077413873,0.22625353720823396,0.7343834520176273
Howdy,neither,0.03945320844208391,0.33037608806864915,0.630170703489267
ninja email epic games for all of us please!!!!,neither,0.05730744733653927,0.3475533285120943,0.5951392241513664
ninjaH ninjaH ninjaH ninjaH,neither,0.03945320844208391,0.33037608806864915,0.630170703489267
yooo FFXI kruzH,neither,0.03945320844208391,0.33037608806864915,0.630170703489267
ninja10,neither,0.03945320844208391,0.33037608806864915,0.630170703489267
they should add airplanes to this game Kappa,neither,0.05409971184477548,0.3194751570750527,0.6264251310801718
@Lenoisy You mean like fortnite 2 and 3?,neither,0.09895819507517435,0.35940488880811067,0.5416369161167149
Ahh,neither,0.03945320844208391,0.33037608806864915,0.630170703489267
Hi,neither,0.03945320844208391,0.33037608806864915,0.630170703489267
,neither,0.03945320844208391,0.33037608806864915,0.630170703489267
this games graphics boi,neither,0.03934996849260032,0.3321283394461837,0.6285216920612161
@Ninja how do you feel about the new mouse,neither,0.05349318035416931,0.30137722840857367,0.645129591237257
have you played UNDERTALE,neither,0.06440256064385064,0.4151606257710691,0.5204368135850803
@hermit__gamer Of course,neither,0.03945320844208391,0.33037608806864915,0.630170703489267
"Yo Ninja, Yo Chat. What up.",neither,0.04176576071876084,0.47760624942579355,0.4806279898554457
There swords in this game?,neither,0.03863559019197165,0.2268639925939165,0.7345004172141119
ninjaH ninjaH ninjaH ninjaH ninjaH,neither,0.03945320844208391,0.33037608806864915,0.630170703489267
They seem to be doing alot of weird things in tournaments with the low gravity then the cube event now plane and a sword.,neither,0.03638034157442506,0.3161602194724745,0.6474594389531004
ninjaH ninjaH ninjaH,neither,0.03945320844208391,0.33037608806864915,0.630170703489267
@Ninja is the new mouse any good,neither,0.047339381420642875,0.24900900260330153,0.7036516159760556
you did amazing ob ninja good work man ninjaH ninjaH ninjaH ninjaH,neither,0.05173352313595226,0.4200252494521615,0.5282412274118863
What,neither,0.057770773616808734,0.3180719994247239,0.6241572269584672
use ur power please!!,neither,0.02376950610855264,0.41477287081003816,0.5614576230814092
Love you man.,offensive_language,0.0668280952320131,0.5865225595403526,0.34664934522763424
Planes and swords being in is a Joke.,neither,0.04108415578678007,0.3173211903085586,0.6415946539046613
Now that makes no sense,neither,0.034803405910652487,0.3858602886959468,0.5793363053934008
,neither,0.03945320844208391,0.33037608806864915,0.630170703489267
ninjaTroll,neither,0.03945320844208391,0.33037608806864915,0.630170703489267
Healerx,neither,0.03945320844208391,0.33037608806864915,0.630170703489267
How does this game work?,neither,0.025218093325513922,0.4228853118453667,0.5518965948291193
all in same conditions so what?,neither,0.047711309274881,0.45206776858044145,0.5002209221446776
"ima go watch his stream from yesterday, just no a big FF fan.",neither,0.04212165011579706,0.37829308744119544,0.5795852624430076
@xwatrmelonx Just a mmo,neither,0.02667013123193722,0.39600456006212814,0.5773253087059346
Makes no sense that eu can play without it but na cant,neither,0.03367531446685977,0.3702755324533226,0.5960491530798177
Wait is it over only 5 games?,neither,0.04249657278247426,0.3301080117163232,0.6273954155012026
"Don't wanna be too negative, but its just silly how are you supposed to take the game seriously with damn planes and swords",offensive_language,0.04962222465381896,0.5476531537616565,0.40272462158452454
That was the biggest bs Ninj I’m so sorry for that bro. Honestly feel so bad for you.,neither,0.03344715367216775,0.4022404597753816,0.5643123865524508
oh dear mrbeast donated 6000 lol,neither,0.03733269343180751,0.3338089909782504,0.628858315589942
@grimalejandro Not the same conditions,neither,0.03803025087039639,0.326231145024777,0.6357386041048266
we live in a dictatorship Kappa,neither,0.04358549136689171,0.3313466832909211,0.6250678253421871
Wait eu didn’t have planes?,neither,0.02630930017082704,0.37763655085835224,0.5960541489708209
"@Ninja psalm flew out from west coast to east coast for ping, how big of an impact do you think ping has on gameplay in competitive?",neither,0.03681936682311261,0.34966696531193586,0.6135136678649517
tbh I liked the sword.. It made people fight instead of camp.. The planes though.. yeah no,neither,0.03962341561615875,0.3746815334370786,0.5856950509467626
"ninjjjj dont sweat it man, youre king",neither,0.04600408349698663,0.3767301867853686,0.5772657297176447
is he out of the tournament?,neither,0.047094874179319596,0.32627220645404664,0.6266329193666338
Ninja not playing fortnite?!?!?,neither,0.0380969798611434,0.3354731642646628,0.6264298558741939
fed up,neither,0.03606847280752639,0.4001860076476512,0.5637455195448223
ninjaH ninjaH ninjaH ninjaH,neither,0.03945320844208391,0.33037608806864915,0.630170703489267
they do it for the views ninja,neither,0.034059920060321575,0.29487377964762884,0.6710663002920496
The planes were WAY more egregious. Than the sword in my opinion,neither,0.03317359730685801,0.3461240789542152,0.6207023237389269
Actually sucks Ninj,neither,0.03945320844208391,0.33037608806864915,0.630170703489267
you musta pissed a producer off lol,neither,0.04509437826344145,0.4217338968647552,0.5331717248718034
@pithx ping is very important,neither,0.04603273691777592,0.328113086517616,0.625854176564608
Ninjas live omg,neither,0.04578118855605176,0.3281996055341147,0.6260192059098335
The sword was entertaining in a troll way once but got old fast. Planes too,neither,0.03654259095309918,0.3534421264684858,0.610015282578415
they USE YOU!,offensive_language,0.013104624609049513,0.5628581458682602,0.4240372295226903
Hello! :),neither,0.03945320844208391,0.33037608806864915,0.630170703489267
helo fukas!!!,neither,0.03945320844208391,0.33037608806864915,0.630170703489267
Epic milking it for the views,neither,0.03255009536817425,0.2923396385082504,0.6751102661235754
lol i mean is what it is,neither,0.05325462962877547,0.3805829495048408,0.5661624208663839
so how long til sword goes to a LTM?,neither,0.044148122184034855,0.35891648397911347,0.5969353938368517
Epic clout farming,neither,0.03945320844208391,0.33037608806864915,0.630170703489267
youre bigger than the game,neither,0.046714771140161135,0.2838325878901765,0.6694526409696623
"yeeeeey, chill stream :D",neither,0.03945320844208391,0.33037608806864915,0.630170703489267
ninjaBlank ninjaBlank ninjaBlank ninjaBlank,neither,0.03945320844208391,0.33037608806864915,0.630170703489267
GG Ninja Dont Trip Brotha,neither,0.03945320844208391,0.33037608806864915,0.630170703489267
I didn't want to say anything but I was 100% on the same page. All the other Clips were of people making moves and dominating and when they went to you within 5 Seconds you were getting blasted,neither,0.04967283089426766,0.38632827318221175,0.5639988959235206
Players on the ground I feel needed to make a pact to only shoot planes the way planes were only attacking the ground,neither,0.04888421406089303,0.2862463447385585,0.6648694412005485
"the planes were teaming which is horrible in a solo tourney, then the sword was ridiculous",neither,0.04266175649126926,0.30305928657754216,0.6542789569311886
how did you do,neither,0.06951977593162621,0.4019687869365229,0.5285114371318509
They’re mad ur stream had more viewers,neither,0.07234892417994557,0.2984989886254998,0.6291520871945546
I feel sorry bro. But tomorrow is gonna be lit right with the casting!,neither,0.03295996778635463,0.39385634587076485,0.5731836863428805
Gucci,neither,0.03945320844208391,0.33037608806864915,0.630170703489267
in my mind the planes need a fuel tank,neither,0.03133850683361077,0.3738593476677158,0.5948021454986735
Lol,neither,0.020706217963973744,0.4882283491876925,0.4910654328483337
ninjaAmazing,neither,0.03945320844208391,0.33037608806864915,0.630170703489267
hi all BCWarrior,neither,0.0423466876598404,0.4436528871510691,0.5140004251890904
play fortnie!!!!!!!!!!!!!!,neither,0.03945320844208391,0.33037608806864915,0.630170703489267
youre popular. ppl wanna see u win and lose unfortunately,neither,0.04473859874349107,0.3043435477917151,0.6509178534647939
"Planes are a joke, any competitive player who used should lose some credibility",neither,0.049348572687147284,0.4157369797777073,0.5349144475351455
who plays save the worl?,neither,0.03902595153172984,0.37808893930633375,0.5828851091619365
t h I c c,neither,0.03945320844208391,0.33037608806864915,0.630170703489267
@Ninja San d'Oria the best ninjaCreep,neither,0.03795282543767539,0.3102120409358962,0.6518351336264284
sword was annoying but planes are stupid. literally a gentlemans agreement to not shoot eachother until last 2 circles and you have to abandon,neither,0.12397240676777924,0.2332088665444759,0.6428187266877449
Hey guys how is everyone?,neither,0.040676393905708055,0.42787956892802814,0.5314440371662639
I came to watch fortnite,neither,0.05757647365668867,0.3220294550081171,0.6203940713351942
i can already see the haters rub their hands because of what he just said. :(,neither,0.04190856706320688,0.3375166685492002,0.6205747643875928
I apologize if I'm an uncultured swine ninja but is this game free? Names elvis,neither,0.030945395765674226,0.3388048560774742,0.6302497481568515
Ninj how about battlefield?,neither,0.03638591120153141,0.3824361272487355,0.5811779615497331
"cheer500 No a sub, just a big fan of your gaming and what you stand for as a man. Just wanted to stop in and tell you GG's today in the skirmish. Sucks it didn't turn out your way. You're still a god. Love Ya bro",offensive_language,0.053947474680299874,0.526672029613359,0.4193804957063412
,neither,0.03945320844208391,0.33037608806864915,0.630170703489267
@dville smaceHero,neither,0.03945320844208391,0.33037608806864915,0.630170703489267
Yeah the skirmish was not enjoyable everyone was flying and I think that’s unfair,neither,0.023681404896073132,0.4430673131433102,0.5332512819606168
"I dont see why epic has to shame ninja on those kills, they dont need views and they dont need money. pretty f'd up if you ask me",neither,0.037217902218218635,0.3649685918301535,0.5978135059516279
Thoughts,neither,0.03945320844208391,0.33037608806864915,0.630170703489267
@Sveiiin what did he say? had to pee,neither,0.05695357575163419,0.3211245345087792,0.6219218897395867
"bro you played awesome dont let it get to you, look how paoch dies man",neither,0.051845880271412285,0.46097648299822996,0.4871776367303578
"@Kantz_ I would not go that far as pros will always use the meta, but yh they should have disabled them for tourney",neither,0.025350466666318766,0.4238618768149905,0.5507876565186908
i see that mods are doing their job ninjaH,neither,0.06014089165422435,0.3262903408216153,0.6135687675241602
lol funny how alot of people getting there comments deleted,neither,0.04618943399469415,0.3891049200054636,0.5647056459998421
BS the tournament was different than qualifying. You’re the best bro ninjaGold ninjaGold,neither,0.05944042710741509,0.31804695928859017,0.6225126136039946
ninjaHype ninjaHype,neither,0.03945320844208391,0.33037608806864915,0.630170703489267
is he out of the tournament,neither,0.047094874179319596,0.32627220645404664,0.6266329193666338
H,neither,0.03945320844208391,0.33037608806864915,0.630170703489267
@kantz_ There was this guy i can't remember his name he kept on crashing into people's build,neither,0.07233413209305285,0.31572796226533445,0.6119379056416127
@Kemli hi HeyGuys,neither,0.03945320844208391,0.33037608806864915,0.630170703489267
hitting yourself with that grenade reaaaally hurt. that was the turning point,neither,0.027459344341389292,0.39784192328425866,0.574698732374352
How many points did he need for the last game?,neither,0.03781103667158769,0.2699096273361542,0.6922793359922582
hey @onehitek,neither,0.03945320844208391,0.33037608806864915,0.630170703489267
did poach qualify?,neither,0.03945320844208391,0.33037608806864915,0.630170703489267
lol,neither,0.020706217963973744,0.4882283491876925,0.4910654328483337
"so prequalifiers had no planes, snow, ziplines. . .etc. Now for qualifiers all that shit is added? AND a sword? WTF EPIC!?!?!",offensive_language,0.048598850433571573,0.9095650722412927,0.0418360773251357
"@hermit__gamer that's true. More on epic than the pros, but still",neither,0.03296114888814227,0.3698132568551736,0.5972255942566842
@sqwerdy99 you are also still inchat,neither,0.11648343278459201,0.3453107119323439,0.5382058552830642
"it made me frustrated watching that compared to watching the eu qualifiers, i cant imagine playing in that. ninjaBlank",neither,0.034072107380246276,0.3794546097596672,0.5864732828600864
yeet,neither,0.03945320844208391,0.33037608806864915,0.630170703489267
@onehitek cant really sum it up. Little too much sorry,neither,0.03328066333849185,0.3784554462145387,0.5882638904469694
,neither,0.03945320844208391,0.33037608806864915,0.630170703489267
@pjg321991 no,neither,0.036918905254960256,0.37338982715841207,0.5896912675866277
geez,neither,0.03945320844208391,0.33037608806864915,0.630170703489267
oof,neither,0.03945320844208391,0.33037608806864915,0.630170703489267
This nerd doesnt even know you're live OMEGALUL,neither,0.07219552270309398,0.35272015175865046,0.5750843255382555
"I think they should completely redo that semi, no planes no sword",neither,0.04291405113953446,0.3841973171674566,0.572888631693009
ninjaLlama,neither,0.03945320844208391,0.33037608806864915,0.630170703489267
@Sveiiin can wsp me,neither,0.024646198466886128,0.40980328254856596,0.5655505189845479
"Welp, it is what it is I guess; frustrating though",neither,0.054426117852709996,0.32777868176916053,0.6177952003781295
Eu players had a big advantage imo,neither,0.028078827472040966,0.37480702252870746,0.5971141499992515
yeah its unfortunate,neither,0.02039323207661267,0.4378713409328078,0.5417354269905796
THAT TIMING,neither,0.035126807190173845,0.3775266654705279,0.5873465273392982
the planes are no good in comp people camp enough as it is,neither,0.08294957997234546,0.3157823174918219,0.6012681025358326
SUCH. DAMN. bs bro. YOU COULDA Done it!!! But it’s all good because you know what there’s GONNA BE HELLA tourneys later on! Please participate in toruneys more Ninj!,offensive_language,0.05289854525953725,0.6714747846303799,0.27562667011008285
I used to play this game YEARS ago.. kinda getting some nostalgia right now,neither,0.03449007003104648,0.36633847990079044,0.599171450068163
Plus @ninja can never be 100:100 like everyone else 😂 never,neither,0.037345638341235006,0.42966193248952866,0.5329924291692363
sword shouldve been a LTM like the Thanos LTM,neither,0.04684089684796056,0.3334560710913816,0.6197030320606578
planes accounted for maybe 25 people just flying around until the underlings killed eachother off,neither,0.046004086061001294,0.3164809540077487,0.63751495993125
Good job in the Winter Royale Tyler!,neither,0.0381952891635442,0.31715899733270464,0.6446457135037512
D,neither,0.03945320844208391,0.33037608806864915,0.630170703489267
blue mage rocks!!,neither,0.03945320844208391,0.33037608806864915,0.630170703489267
@ninja fr,neither,0.03945320844208391,0.33037608806864915,0.630170703489267
what if the sword isnt in the grandfinal lol,neither,0.023849001214753227,0.38276996311133,0.5933810356739169
Planes are only no good if they don't engage each other,neither,0.038717028497610835,0.3481730361355327,0.6131099353668564
Finals suck,neither,0.06287744515485258,0.3389246118590955,0.5981979429860519
ninjaHi ninjaHi ninjaHi ninjaHi ninjaHi ninjaHi,neither,0.03945320844208391,0.33037608806864915,0.630170703489267
so is ninja still in? just not continuing,neither,0.039974722835034726,0.4068880340866355,0.5531372430783297
,neither,0.03945320844208391,0.33037608806864915,0.630170703489267
What was with the planes not shooting each other,neither,0.03350176272104238,0.34677035538360285,0.6197278818953549
"good job today man, tried your best ninjaH",neither,0.06190068496490595,0.3476394623867063,0.5904598526483879
How’d ninja do in semis?,neither,0.04098012558785773,0.3298509112445118,0.6291689631676305
What happened,neither,0.04722295797655572,0.3248777811305592,0.6278992608928851
love you ninja,neither,0.055614303534325615,0.40605032358192344,0.538335372883751
L's in the chat for swords and planes,neither,0.03351650519046979,0.2636265668573006,0.7028569279522296
@Ninja When is heat 2 for the winter royal tourney?,neither,0.0332097920562279,0.3308812282612471,0.6359089796825249
i love u,neither,0.03217296676969875,0.3657703709031763,0.602056662327125
LLLLLLLLLLLLLLLLLLLLLLL,neither,0.03945320844208391,0.33037608806864915,0.630170703489267
they just fly in the air waiting for the final storm its bs takes no skill what so ever,neither,0.033223749619603365,0.33621554445218643,0.6305607059282102
so unfortunately how the game played out,neither,0.03478270927469379,0.33107537065166015,0.634141920073646
@21cabbagex ikr i noticed it they were not aiming at each other they were just flying in circles,neither,0.035736768937209944,0.3340697454060995,0.6301934856566904
I love you @ninja,neither,0.055614303534325615,0.40605032358192344,0.538335372883751
hey,neither,0.03945320844208391,0.33037608806864915,0.630170703489267
It’s all good tho. We should have a good time tomorrow!,neither,0.04300161123928741,0.4484120458412036,0.508586342919509
"If Fort wants to be taken seriously as a comp game, you can't have stuff like that in the game",neither,0.04017723704258431,0.37941261287607236,0.5804101500813432
"love the hate whispers, thanks for watching pal.",neither,0.11272220294472073,0.22294713434194863,0.6643306627133306
ohhhh heat 1 i forgot my b,neither,0.03039429356719743,0.3992263162673474,0.5703793901654551
I think sword would have been fine if everyone started focusing the owner. no one had time to learn to counter it.,neither,0.03155951431097378,0.41248166414969745,0.5559588215393287
"@onehitek he was ranting about how Epic always cut to him when he died, how EpIc always comes to him when they need him but cut to him when he dies just for the views etc... and how planes and the sword are unfair for NA because EU didnt have them,..... all of it fair points but i know it will be taken apart by haters",neither,0.04018144407993585,0.3685576420299148,0.5912609138901493
who had a quality time playing in these semi finals,neither,0.044518820570256266,0.4306104609057032,0.5248707185240405
"Planes and swords are dope for squads, thats it i rekon",neither,0.04875446282426151,0.2567051217984944,0.6945404153772441
,neither,0.03945320844208391,0.33037608806864915,0.630170703489267
Heat 1 is stacked af,neither,0.04628327091785334,0.3280269163866019,0.6256898126955447
I know I did daeOmega,neither,0.03945320844208391,0.33037608806864915,0.630170703489267
@kemli Lol same. Literally just got one...,offensive_language,0.02726448910562701,0.4900414672261231,0.48269404366825003
"bad rng, plus everything else wrong",neither,0.03665262574567026,0.3313393368803528,0.6320080373739769
hey myth,neither,0.03945320844208391,0.33037608806864915,0.630170703489267
stop whispering me,neither,0.031812555642334116,0.4500446555326083,0.5181427888250576
Wait so ninjas not finishing the skermish? Good for him!,neither,0.03245915370286967,0.3332423914562152,0.6342984548409151
No death to fall dmg today myth? Kappa,neither,0.04211323832628242,0.32251725913069756,0.63536950254302
!uptime,neither,0.03945320844208391,0.33037608806864915,0.630170703489267
Ninja has been streaming for 9 minutes 2 seconds,neither,0.035678679601720456,0.31045049647393935,0.6538708239243401
@TSM_Myth LMAO,neither,0.03705015143476208,0.3711622369619404,0.5917876116032975
Myth plz Kappa,neither,0.03945320844208391,0.33037608806864915,0.630170703489267
How did winter royale go chat?,neither,0.04047162754795208,0.3339090510761234,0.6256193213759245
Oh what up @tsm_myth,neither,0.05337077362197306,0.3278643706659087,0.6187648557121181
Sending pos vibes brotha,neither,0.03945320844208391,0.33037608806864915,0.630170703489267
The tourney was bs gotta admit Ninj and myth coulda made it both of em bro.,neither,0.036928080249642704,0.31758138671028274,0.6454905330400744
that sword is to OP I swear,neither,0.048158801694661614,0.3574366095702327,0.5944045887351056
@kemli I turned mine off a long time ago. The hate is strong,neither,0.15102870519274506,0.256223090889705,0.59274820391755
@onehitek you know how he speeks when he is pissed,neither,0.06259832229987684,0.40694366760047146,0.5304580100996518
lmao shit was a struggle,offensive_language,0.04405753664900188,0.9548343136859793,0.0011081496650189391
@TSM_Myth Thank you for highlighting the scapegoat approach of Epic on their top players,neither,0.04149688798951239,0.33820604714591784,0.6202970648645699
Does this mean we will listen to the midnight?! Pllleasse,neither,0.03276994436202506,0.40219348183372367,0.5650365738042512
comp fortnite is a sleeper,neither,0.081172750358939,0.3160268245287109,0.60280042511235
sup myth mthC,neither,0.03945320844208391,0.33037608806864915,0.630170703489267
@tsm_myth how did u,neither,0.03945320844208391,0.33037608806864915,0.630170703489267
hi myth,neither,0.03945320844208391,0.33037608806864915,0.630170703489267
@tsm_myth Hi papi I see u popping off in the tourney Keep it up daeNut,neither,0.03624431492563513,0.353005073256368,0.6107506118179968
i bet @TSM_Myth looked like a blast LUL,neither,0.047297754893909694,0.34201832159482237,0.6106839235112679
that sword cucked so many people... poach probably would've qualified,neither,0.03197471166740604,0.38536759271951215,0.5826576956130818
yo they need dbl pump back or something in fortnite,neither,0.03939289170198769,0.38545201883738694,0.5751550894606253
"The people who were flying around have no skill, notice they weren’t shooting each other... just waiting for everyone on the ground to die off",neither,0.08601758672866643,0.30090987785503437,0.6130725354162992
"@Sveiiin thans for the text, i understand <3",neither,0.027905019804058857,0.37748355246582166,0.5946114277301194
ninjaTroll,neither,0.03945320844208391,0.33037608806864915,0.630170703489267
I mean it’s all good tho. Ninj please participate in tourneys tho love em,neither,0.03293014864250117,0.39267899532470435,0.5743908560327944
am i the only one that dont get this game,neither,0.033547352128797225,0.35250990022128814,0.6139427476499145
"@Makaio__ I mean i'm usually OK with it, just talking to ppl",neither,0.031256993481332734,0.3721944556125871,0.59654855090608
Head butt at lvl 12 ninjaCreep,neither,0.04102725016569307,0.40243018628446375,0.5565425635498431
You guys ever have to waste 700 mats on on two planes spraying you FeelsGoodMan,neither,0.056472483731800034,0.38927203554657636,0.5542554807216236
Finally another game,neither,0.0970107683368302,0.20676160186520479,0.696227629797965
What the hell is this game,offensive_language,0.05718058181951115,0.6903424706674004,0.25247694751308847
@onehitek :),neither,0.03945320844208391,0.33037608806864915,0.630170703489267
"poach , myth",neither,0.03945320844208391,0.33037608806864915,0.630170703489267
poach,neither,0.03945320844208391,0.33037608806864915,0.630170703489267
me,neither,0.018491955366437673,0.460246435692358,0.5212616089412043
@TSM_Myth im dying lmao,neither,0.03727850205210243,0.3878483530232336,0.574873144924664
bizzle didn't qualify,neither,0.01596643268850402,0.41527411066632225,0.5687594566451736
hey myth,neither,0.03945320844208391,0.33037608806864915,0.630170703489267
lmao @TSM_Myth,neither,0.03705015143476208,0.3711622369619404,0.5917876116032975
sometimes you get bored of fortnite,neither,0.05628524011899295,0.3892218802962706,0.5544928795847365
Bizzle did not qualify,neither,0.03713284791687932,0.3391804380373115,0.6236867140458092
tuff @TSM_Myth,neither,0.03945320844208391,0.33037608806864915,0.630170703489267
SUCKS,neither,0.03945320844208391,0.33037608806864915,0.630170703489267
LUL myth,neither,0.03945320844208391,0.33037608806864915,0.630170703489267
planes in competitive is a straight joke,neither,0.045142860311153166,0.3284191558884616,0.6264379838003853
@tsm_myth lololol,neither,0.03945320844208391,0.33037608806864915,0.630170703489267
WAIT,neither,0.03945320844208391,0.33037608806864915,0.630170703489267
stupid honestly @TSM_Myth,neither,0.19168652359103944,0.16921724500068624,0.6390962314082743
@tsm_myth You a beast bro ninjaIQ,neither,0.05972496241596941,0.38675642488997164,0.553518612694059
@TSM_Myth ooof,neither,0.03945320844208391,0.33037608806864915,0.630170703489267
myth LUL,neither,0.03945320844208391,0.33037608806864915,0.630170703489267
BIZZLE DIDNT QUAL?,neither,0.03945320844208391,0.33037608806864915,0.630170703489267
@TSM_Myth placed 58,neither,0.03945320844208391,0.33037608806864915,0.630170703489267
bro psalm and neace went off with it. its ridiculous. Literally half of Ghost Clan didnt even make it in,neither,0.02971858049383976,0.3372689883011351,0.6330124312050252
bizzle snapped on twitter,neither,0.03574051860219841,0.4686022183314132,0.49565726306638846
DID MYTH QUALIFY OR NINJA?,neither,0.03945320844208391,0.33037608806864915,0.630170703489267
bizzle didnt,neither,0.03945320844208391,0.33037608806864915,0.630170703489267
can u guys see my messages,neither,0.029243773727773054,0.407650667386749,0.563105558885478
@Ninja San d'Oria #1 ninjaCreep,neither,0.03945320844208391,0.33037608806864915,0.630170703489267
