text,top_class,hate_speech,offensive_language,neither
!uptime,neither,0.03945320844208391,0.33037608806864915,0.630170703489267
AND WE BACK,neither,0.03803970376536169,0.2703451007816765,0.6916151954529617
Ninja has been streaming for 4 hours 15 minutes 25 seconds,neither,0.03629782947734829,0.3137230647968256,0.6499791057258262
lets goo,neither,0.0381375099945381,0.3527069244228318,0.6091555655826302
lets gooo,neither,0.03868305123800957,0.34344766577192837,0.6178692829900622
!game,neither,0.03826383497213389,0.24674689817812728,0.7149892668497387
@bokchowwwman69 -> ninja is playing Fortnite,neither,0.04826330969606926,0.3273458902549023,0.6243908000490286
POOOOOOOOOOOGGGGGGGG,neither,0.03945320844208391,0.33037608806864915,0.630170703489267
we back,neither,0.039166053543719236,0.33524985610846453,0.6255840903478163
ninjaHype ninjaHype ninjaHype ninjaHype ninjaHype ninjaHype ninjaHype ninjaHype ninjaHype ninjaHype ninjaHype,neither,0.03945320844208391,0.33037608806864915,0.630170703489267
refresh,neither,0.03945320844208391,0.33037608806864915,0.630170703489267
ninjaCreep ninjaCreep ninjaCreep ninjaCreep ninjaCreep,neither,0.03945320844208391,0.33037608806864915,0.630170703489267
@airforestone have a good one,neither,0.036296170094113914,0.3944389395922016,0.5692648903136843
HE BACK,neither,0.05051617290504041,0.32657102729093723,0.6229127998040224
!gamr fortnite,neither,0.03945320844208391,0.33037608806864915,0.630170703489267
LESSSGOOOO BOYS,neither,0.03945320844208391,0.33037608806864915,0.630170703489267
pog pog fortnite yew,neither,0.03945320844208391,0.33037608806864915,0.630170703489267
hes back,neither,0.03945320844208391,0.33037608806864915,0.630170703489267
Littttt,neither,0.03945320844208391,0.33037608806864915,0.630170703489267
!game Fortnite,neither,0.03826383497213389,0.24674689817812728,0.7149892668497387
@AndreaDuh -> The stream game has been updated to: Fortnite,neither,0.043237922883812625,0.28530186554963155,0.6714602115665558
Yaaaay snowman skin @ninja,neither,0.03945320844208391,0.33037608806864915,0.630170703489267
Lol I live in Los Angeles and you stream was blocked for me,neither,0.0361478188707962,0.3702081034444468,0.593644077684757
NINJA AUDIO,neither,0.03945320844208391,0.33037608806864915,0.630170703489267
he is back on,neither,0.05778840808891443,0.34308610340225504,0.5991254885088304
ITS GAME TIME !!,neither,0.029882761249500213,0.30431233079982395,0.6658049079506758
audio,neither,0.03945320844208391,0.33037608806864915,0.630170703489267
ninjaHype ninjaHype ninjaHype ninjaHype ninjaHype ninjaHype ninjaHype ninjaHype ninjaHype ninjaHype ninjaHype ninjaHype ninjaHype ninjaHype ninjaHype ninjaHype,neither,0.03945320844208391,0.33037608806864915,0.630170703489267
face cam,neither,0.03945320844208391,0.33037608806864915,0.630170703489267
ninjaH ninjaH ninjaH ninjaH ninjaH ninjaH ninjaH ninjaH ninjaHype,neither,0.03945320844208391,0.33037608806864915,0.630170703489267
ninjaClap ninjaClap,neither,0.03945320844208391,0.33037608806864915,0.630170703489267
okkk,neither,0.03945320844208391,0.33037608806864915,0.630170703489267
ywewwww,neither,0.03945320844208391,0.33037608806864915,0.630170703489267
FBChargers FBChargers ninjaDisco ninjaDisco,neither,0.03945320844208391,0.33037608806864915,0.630170703489267
ninjaCRINJA,neither,0.03945320844208391,0.33037608806864915,0.630170703489267
3 2 1 it’s game time @ninja,neither,0.03635856364184662,0.30875864169607165,0.6548827946620818
we good,neither,0.037966903445868415,0.3357298710444097,0.626303225509722
damn ninj,offensive_language,0.042479326866149344,0.9516554255713155,0.005865247562535126
FORTNITE TIME LETS GOOOOOOOOO,neither,0.036819402827368466,0.37507864303528793,0.5881019541373437
Ninja has been streaming for 1 minute 5 seconds,neither,0.03567051572732699,0.31040734143031035,0.6539221428423627
ninjaPon,neither,0.03945320844208391,0.33037608806864915,0.630170703489267
ninjaPon,neither,0.03945320844208391,0.33037608806864915,0.630170703489267
thought he was going to bed tbh LUL,neither,0.04946361755468155,0.27828754933685984,0.6722488331084585
Drunk ninja,neither,0.03945320844208391,0.33037608806864915,0.630170703489267
getting his overlay all set up again,offensive_language,0.05542565688882363,0.5355457185103776,0.4090286246007987
!title,neither,0.03945320844208391,0.33037608806864915,0.630170703489267
@Kemli -> Current Stream Title: NINJAWERKS ALBUM RELEASES TONIGHT,neither,0.03783173041744318,0.3167980398484018,0.6453702297341551
ninjaFire ninjaFire ninjaFire ninjaFire ninjaFire ninjaH ninjaH ninjaH ninjaH ninjaH ninjaH ninjaPon ninjaPon ninjaPon ninjaPon ninjaPon ninjaHype ninjaHype ninjaHype ninjaHype ninjaHype,neither,0.03945320844208391,0.33037608806864915,0.630170703489267
EL JEFEEE,neither,0.03945320844208391,0.33037608806864915,0.630170703489267
Hello,neither,0.03945320844208391,0.33037608806864915,0.630170703489267
Number 1 streamer over a year running 🏃♀️ 🏃 💨 💨 💨,neither,0.036528713412387066,0.33215824955932866,0.6313130370282842
whens the face reveal?!?!?,neither,0.038530829677490545,0.3134915356278636,0.647977634694646
You stream for the football game was blocked I live in Los Angeles,neither,0.04608250244530731,0.30038829747322454,0.6535292000814682
i thought he was sleeping too LUL,neither,0.04594979251591956,0.258372507737216,0.6956776997468643
I'm kinda really pumped for drunk fortnite,neither,0.034730556300704644,0.30677953798068397,0.6584899057186114
good stuff bruhther,neither,0.03858300747992897,0.3306753900831237,0.6307416024369474
im sure you were not the only one @andreaduh,offensive_language,0.04398120007293983,0.5193645670572373,0.4366542328698228
ArigatoNas BrainSlug TheIlluminati ninjaCRINJA ninjaCreep ninjaFan,neither,0.03945320844208391,0.33037608806864915,0.630170703489267
Yaaaaaa yeeeeet,neither,0.03945320844208391,0.33037608806864915,0.630170703489267
still has enough energy to play forkknife PogChamp,neither,0.04469998507532791,0.33388021832744275,0.6214197965972293
My boy,neither,0.021444584624538354,0.48220956225782785,0.49634585311763385
ninjaPopcorn,neither,0.03945320844208391,0.33037608806864915,0.630170703489267
Woah thats ninja,neither,0.03945320844208391,0.33037608806864915,0.630170703489267
Fork Knife,neither,0.03945320844208391,0.33037608806864915,0.630170703489267
"Guarantee your PC gaming performance with BLD by NZXT. The simplest way to get a customized gaming PC. Chose the games you want to play, set a budget, and BLD takes care of the rest. Built and shipped within 48 hours with a 2-year warranty. https://nzxt.co/2k9lWJK ninja10 ninja10",neither,0.046159296404555336,0.335031206975871,0.6188094966195736
Then bolts though,neither,0.03945320844208391,0.33037608806864915,0.630170703489267
ninja10,neither,0.03945320844208391,0.33037608806864915,0.630170703489267
ITEM SHOP,neither,0.03945320844208391,0.33037608806864915,0.630170703489267
Woooo,neither,0.03945320844208391,0.33037608806864915,0.630170703489267
ninja10,neither,0.03945320844208391,0.33037608806864915,0.630170703489267
ninjaPon,neither,0.03945320844208391,0.33037608806864915,0.630170703489267
pog,neither,0.03945320844208391,0.33037608806864915,0.630170703489267
ninjaPon,neither,0.03945320844208391,0.33037608806864915,0.630170703489267
Hi ninja,neither,0.03945320844208391,0.33037608806864915,0.630170703489267
Bolt gang or don’t bang,neither,0.03945320844208391,0.33037608806864915,0.630170703489267
hey dude,neither,0.03945320844208391,0.33037608806864915,0.630170703489267
Your steam for me was blocked is it cause I live in Los Angeles ?,neither,0.05291143559457112,0.3471384873472027,0.5999500770582261
ninjaShrug,neither,0.03945320844208391,0.33037608806864915,0.630170703489267
mic,neither,0.03945320844208391,0.33037608806864915,0.630170703489267
icicle Pog,neither,0.03945320844208391,0.33037608806864915,0.630170703489267
SUHHHHHHHHHH DUDES,neither,0.03945320844208391,0.33037608806864915,0.630170703489267
mic,neither,0.03945320844208391,0.33037608806864915,0.630170703489267
Change the title of the stream,neither,0.03813012915209579,0.30585691881534677,0.6560129520325575
mic is off,neither,0.04941717073335149,0.3269490245331878,0.6236338047334606
ninjaRare,neither,0.03945320844208391,0.33037608806864915,0.630170703489267
First!!!! Let’s gooooo,neither,0.02035794996927184,0.36360030455226205,0.616041745478466
mic,neither,0.03945320844208391,0.33037608806864915,0.630170703489267
mic ismuted,neither,0.03945320844208391,0.33037608806864915,0.630170703489267
Mic,neither,0.03945320844208391,0.33037608806864915,0.630170703489267
I won 25$ for the comeback game for chargers,neither,0.03193239645651701,0.26517002482504587,0.702897578718437
We can't hear youuu,neither,0.039564996273318644,0.3284787568296041,0.6319562468970773
MIC,neither,0.03945320844208391,0.33037608806864915,0.630170703489267
when isthat other skin from???\,neither,0.029964578292504002,0.36461576834733483,0.605419653360161
DUDE THE NINJAWERKS ALBUM IS LIT!,neither,0.045873324155524614,0.313551841149899,0.6405748346945763
No Mic,neither,0.03838080009002885,0.3485776565658,0.6130415433441712
mic,neither,0.03945320844208391,0.33037608806864915,0.630170703489267
Ok never mind lol,neither,0.027789264003371682,0.4310083844853265,0.5412023515113018
M I C,neither,0.03945320844208391,0.33037608806864915,0.630170703489267
"Can't hear you, only the music",neither,0.05638339919908751,0.3545222584433341,0.5890943423575784
Cant hear you @Ninja,neither,0.05535939851821002,0.37529360752078345,0.5693469939610065
I am gonna buy everyone i know the album !!!,neither,0.03327339425628185,0.43112141429212136,0.5356051914515969
Mic,neither,0.03945320844208391,0.33037608806864915,0.630170703489267
Mic <3,neither,0.03945320844208391,0.33037608806864915,0.630170703489267
MIC,neither,0.03945320844208391,0.33037608806864915,0.630170703489267
mic bro,neither,0.03945320844208391,0.33037608806864915,0.630170703489267
hes not talking hes singing newbs,neither,0.03859429296908836,0.3335884006258946,0.627817306405017
cant hear ya peach,offensive_language,0.024551381747426063,0.6014442471543154,0.3740043710982584
@Ninja mic,neither,0.03945320844208391,0.33037608806864915,0.630170703489267
All audio (minus music) is not working,neither,0.04516024700036695,0.37954790887381473,0.5752918441258184
the beat with the christmas music,neither,0.028528605287126294,0.3350491470962305,0.6364222476166432
MICCCCC,neither,0.03945320844208391,0.33037608806864915,0.630170703489267
is he falling asleep on stream?,neither,0.04740151239495193,0.3368454542780559,0.615753033326992
we cant hear you,neither,0.06007849148149683,0.3916225953211386,0.5482989131973645
MIC,neither,0.03945320844208391,0.33037608806864915,0.630170703489267
No game@or mic audio @ninja,neither,0.03844100589855206,0.31137554220334535,0.6501834518981026
sir its 10:50,neither,0.034093641566369265,0.33221948888337577,0.633686869550255
anybhody know where the first skin he had on is fromm,neither,0.04226668437997897,0.29940719141357,0.6583261242064511
What up @ninja,neither,0.0424860282095962,0.3861250105635327,0.5713889612268711
Mic,neither,0.03945320844208391,0.33037608806864915,0.630170703489267
Mic,neither,0.03945320844208391,0.33037608806864915,0.630170703489267
Mic Ninj,neither,0.03945320844208391,0.33037608806864915,0.630170703489267
Mic Ninja,neither,0.03945320844208391,0.33037608806864915,0.630170703489267
Mic,neither,0.03945320844208391,0.33037608806864915,0.630170703489267
,neither,0.03945320844208391,0.33037608806864915,0.630170703489267
no mic,neither,0.03838080009002885,0.3485776565658,0.6130415433441712
mic,neither,0.03945320844208391,0.33037608806864915,0.630170703489267
ninjaAmazing,neither,0.03945320844208391,0.33037608806864915,0.630170703489267
We can't hear you ninja,neither,0.05588769546120898,0.3742239048890704,0.5698883996497207
he was just talking you pleb,neither,0.06471047304607043,0.42736384648908987,0.5079256804648398
mic,neither,0.03945320844208391,0.33037608806864915,0.630170703489267
Which song is this,neither,0.048437568604184814,0.33754276923871457,0.6140196621571007
Mic ninjaTroll ninjaTroll ninjaTroll,neither,0.03945320844208391,0.33037608806864915,0.630170703489267
!song,neither,0.038601720699969956,0.3448280572582511,0.616570222041779
https://www.shazam.com/,neither,0.03945320844208391,0.33037608806864915,0.630170703489267
!time,neither,0.036668274527354654,0.377643684699956,0.5856880407726893
new cam angle?,neither,0.04261301644266687,0.2519557628165545,0.7054312207407786
"December 13th 2018, 10:49:16 pm CST GMT-06:00",neither,0.03945320844208391,0.33037608806864915,0.630170703489267
Yo,offensive_language,0.04010381111145228,0.5271105317972344,0.4327856570913131
restart the stream? pogs?,neither,0.038372653207642965,0.3105039192898759,0.6511234275024811
mic,neither,0.03945320844208391,0.33037608806864915,0.630170703489267
wub wub wub wub,neither,0.03945320844208391,0.33037608806864915,0.630170703489267
can't hear you WutFace,neither,0.06953583505732451,0.4017477320231358,0.5287164329195397
lol,neither,0.020706217963973744,0.4882283491876925,0.4910654328483337
GOOD,neither,0.037820165765928906,0.33093776632913474,0.6312420679049364
That was so cool how you and Tim streamed the game!,neither,0.04579773956232602,0.35219378642823895,0.6020084740094351
:),neither,0.03945320844208391,0.33037608806864915,0.630170703489267
FAT pogs I’m talking ultra deluxe breakfast burrito FAT,neither,0.16927536270085813,0.19602442500487363,0.6347002122942682
I subbed,neither,0.03945320844208391,0.33037608806864915,0.630170703489267
nvm,neither,0.03945320844208391,0.33037608806864915,0.630170703489267
yes,neither,0.03945320844208391,0.33037608806864915,0.630170703489267
Snowway! What a skin,neither,0.04775079733685637,0.3245211989364544,0.6277280037266891
Solid,neither,0.03945320844208391,0.33037608806864915,0.630170703489267
"We're good, ty <3",neither,0.05721738377108097,0.30412508222837287,0.6386575340005461
ninjaGold ninjaGold ninjaGold ninjaGold ninjaGold,neither,0.03945320844208391,0.33037608806864915,0.630170703489267
We can’t hear u,neither,0.039618712217895674,0.3275670570626875,0.6328142307194169
streamer mode on?,neither,0.036134218880570945,0.34639192828239246,0.6174738528370366
!uptime,neither,0.03945320844208391,0.33037608806864915,0.630170703489267
Ninja has been streaming for 3 minutes 5 seconds,neither,0.035678679601720456,0.31045049647393935,0.6538708239243401
Is your album on spotify?,neither,0.09265590454990183,0.3295396239650333,0.577804471485065
n,neither,0.03945320844208391,0.33037608806864915,0.630170703489267
uh whats this cam? lol,neither,0.03325115760369458,0.37522536613386254,0.5915234762624428
No mic audio,neither,0.03872038007890654,0.3428140979213951,0.6184655219996984
we cant hear u,neither,0.03926940289711195,0.33349574786107067,0.6272348492418174
there we go,neither,0.04083933629015207,0.27628362646603744,0.6828770372438104
LIT,neither,0.03945320844208391,0.33037608806864915,0.630170703489267
@ogtoxiic It's fixed now,neither,0.03781507167311939,0.3309395184212446,0.6312454099056359
@Ninja Yo whats up brooo,neither,0.03765960188800852,0.4220590502460639,0.5402813478659275
lol,neither,0.020706217963973744,0.4882283491876925,0.4910654328483337
LMAOOO,neither,0.03391848853660531,0.42431472933255177,0.541766782130843
Fixed VoteYea,neither,0.03945320844208391,0.33037608806864915,0.630170703489267
ninjaGold,neither,0.03945320844208391,0.33037608806864915,0.630170703489267
camera is way tpp close,neither,0.04750847696672863,0.32845064027292736,0.6240408827603441
NINJA IS THE GOAT,neither,0.046234267580479875,0.31270686041275975,0.6410588720067604
fixed,neither,0.03945320844208391,0.33037608806864915,0.630170703489267
ninjaThirst,neither,0.03945320844208391,0.33037608806864915,0.630170703489267
pretty dope skin ninjaFire ninjaFire,neither,0.03945320844208391,0.33037608806864915,0.630170703489267
so 7 waters? LUL,neither,0.03941495364315145,0.3677215662450138,0.5928634801118348
I subbed ninja,neither,0.03945320844208391,0.33037608806864915,0.630170703489267
Bud Lit,neither,0.03945320844208391,0.33037608806864915,0.630170703489267
@Ninja was a sick game,neither,0.03871946300146721,0.2939206898039377,0.6673598471945952
ninjaClap ninjaClap ninjaClap ninjaGold ninjaGold ninjaGold ninjaGold,neither,0.03945320844208391,0.33037608806864915,0.630170703489267
your ablum drops tommorrow right,neither,0.0755527920121213,0.34076107540692696,0.5836861325809518
Lmao ninja drunk woooo,neither,0.038457979507430726,0.34726772043026144,0.6142743000623079
Love you Ninja ninjaH,neither,0.055614303534325615,0.40605032358192344,0.538335372883751
Did y'all know courage JD is playing with Brendon Urie from panic at the disco!,neither,0.03784383519112089,0.3712933889184109,0.5908627758904682
ninjaIQ,neither,0.03945320844208391,0.33037608806864915,0.630170703489267
Bolt gang my g,neither,0.024786277878258333,0.4492148523904266,0.525998869731315
!drunk,neither,0.03945320844208391,0.33037608806864915,0.630170703489267
Ninja is completely sober right now. \ MingLee /,neither,0.044482544906504835,0.3416268926575897,0.6138905624359056
What a banger this is young one,neither,0.047681918043901046,0.39407067146585123,0.5582474104902477
I see you got alot of free stuff from adidas,neither,0.05037821288974825,0.38313818186298054,0.5664836052472713
LOOOL,neither,0.03945320844208391,0.33037608806864915,0.630170703489267
..may want to turn on afterdark lol,neither,0.036363227863958555,0.3676494736091412,0.5959872985269002
Is the camera different,neither,0.04719554907506872,0.3105013282758948,0.6423031226490364
Get this man some High Quality H2O LUL,neither,0.031040715944532626,0.4504049650847085,0.518554318970759
lit ninja,neither,0.03945320844208391,0.33037608806864915,0.630170703489267
,neither,0.03945320844208391,0.33037608806864915,0.630170703489267
ninjaPon ninjaPon ninjaPon ninjaPon ninjaPon ninjaPon ninjaPon ninjaPon ninjaPon,neither,0.03945320844208391,0.33037608806864915,0.630170703489267
ninjaPon,neither,0.03945320844208391,0.33037608806864915,0.630170703489267
!drunk,neither,0.03945320844208391,0.33037608806864915,0.630170703489267
NINJA AFTER DARK,neither,0.03945320844208391,0.33037608806864915,0.630170703489267
Bud light lmao that’s like water,neither,0.04375204434483941,0.3936048081725143,0.5626431474826463
that pickaxe is DOPE,neither,0.045025358402594785,0.38394257144098864,0.5710320701564164
!give,neither,0.03945320844208391,0.33037608806864915,0.630170703489267
ninjaPon Ninja take obnoxiousenigma's energy ninjaPon,neither,0.03945320844208391,0.33037608806864915,0.630170703489267
ninjaHype ninjaHype ninjaHype ninjaHype ninjaHype,neither,0.03945320844208391,0.33037608806864915,0.630170703489267
ninja after dark,neither,0.03945320844208391,0.33037608806864915,0.630170703489267
After dark,neither,0.03945320844208391,0.33037608806864915,0.630170703489267
8 bud lights lol,neither,0.031875366461342626,0.3852155518041111,0.5829090817345463
kids get to bed,neither,0.046894107321993686,0.33601506131774184,0.6170908313602644
high quality h20 lmfao,neither,0.04270063173738982,0.4076094344440345,0.5496899338185758
lets have good vibes tn ya chat ?,offensive_language,0.029031868126836294,0.502544100082369,0.46842403179079484
I subbed,neither,0.03945320844208391,0.33037608806864915,0.630170703489267
Please don’t bad me hahah bolt gang,neither,0.03132977916284327,0.3623334266822535,0.6063367941549033
getting drunk off bud light Kappa,neither,0.0366366044629206,0.37818120834568386,0.5851821871913956
chat......WE THOOMIN TriHard,neither,0.03925278327671985,0.3337778261928776,0.6269693905304025
Yeet,neither,0.03945320844208391,0.33037608806864915,0.630170703489267
the hat got progressively floppier all night,neither,0.030997629711224238,0.4379385955121815,0.5310637747765944
"@Ninja I might have another 50 coming, gotta check with the lady to see how much is left",neither,0.05770637927003526,0.32088717608398926,0.6214064446459755
Ninja <3 <3,neither,0.03945320844208391,0.33037608806864915,0.630170703489267
@CFRcharlie Welcome aboard,neither,0.03945320844208391,0.33037608806864915,0.630170703489267
8 bud lights is respectable :P,neither,0.045822102570044355,0.32818553332856587,0.6259923641013898
hii,neither,0.03945320844208391,0.33037608806864915,0.630170703489267
ninjaBlast1 ninjaBlast1 ninjaBlast1 ninjaBlast1 ninjaThrow ninjaStars,neither,0.03945320844208391,0.33037608806864915,0.630170703489267
Cord is in the camera,neither,0.04625798455439452,0.3126516658549186,0.6410903495906869
where is he? LA?,neither,0.06004528053361357,0.2873042100583092,0.6526505094080773
dude you have been streaming for 4 MINUTES and there are 18000 people watching ninjaClap ninjaClap ninjaClap ninjaClap ninjaClap ninjaClap ninjaClap,neither,0.08483466487905766,0.26134990194319957,0.6538154331777428
,neither,0.03945320844208391,0.33037608806864915,0.630170703489267
he is home @oni_koroshi,neither,0.06379362841794142,0.322004301494328,0.6142020700877305
2 Coronas later 😂,neither,0.03945320844208391,0.33037608806864915,0.630170703489267
@oni_koroshi home,neither,0.03945320844208391,0.33037608806864915,0.630170703489267
@oni_koroshi home,neither,0.03945320844208391,0.33037608806864915,0.630170703489267
waste of a reload lol,neither,0.030105297973933264,0.3995604391055034,0.5703342629205634
I like the peak! ninja10,neither,0.050593591745524504,0.3284473849484129,0.6209590233060625
lol,neither,0.020706217963973744,0.4882283491876925,0.4910654328483337
!settings,neither,0.03945320844208391,0.33037608806864915,0.630170703489267
Graphics - https://goo.gl/fJimnD | Keybinds U & O are mapped to Mouse 4 & 5 | Sens .09 - https://goo.gl/1Zv8vA | DPI 800,neither,0.059637019563803434,0.29986897410473445,0.640494006331462
it looks really different,neither,0.037895090321817676,0.33091199633865387,0.6311929133395284
!drunk,neither,0.03945320844208391,0.33037608806864915,0.630170703489267
Ninja is completely sober right now. \ MingLee /,neither,0.044482544906504835,0.3416268926575897,0.6138905624359056
That game was nuts @ninja,neither,0.03562423015033233,0.33153798753576563,0.632837782313902
Oh my God....that skin!!!!,neither,0.029106349679049258,0.41041067101414364,0.5604829793068071
69 health lul,neither,0.03945320844208391,0.33037608806864915,0.630170703489267
a pickaxe that is ice ninja10,neither,0.04516346219477406,0.38509427238889943,0.5697422654163266
oh cuz the tv's are off,neither,0.07055518783308631,0.22563790421063318,0.7038069079562804
ninjaHype,neither,0.03945320844208391,0.33037608806864915,0.630170703489267
ninjaFire,neither,0.03945320844208391,0.33037608806864915,0.630170703489267
different angle @oni_koroshi,neither,0.03945320844208391,0.33037608806864915,0.630170703489267
@Ninja What are your super bowl predictions??,neither,0.10022961579863576,0.2817235752302752,0.618046808971089
Give me shields trkMad trkMad trkMad,neither,0.026785394678102665,0.4026951720026604,0.5705194333192369
"NINJA, your cord is in the camera",neither,0.07031582652294835,0.3083591097844871,0.6213250636925646
ninjaStars ninjaStars ninjaStars ninjaStars ninjaStars ninjaStars ninjaStars ninjaStars ninjaStars,neither,0.03945320844208391,0.33037608806864915,0.630170703489267
ninjaCreep ninjaCreep ninjaCreep ninjaCreep,neither,0.03945320844208391,0.33037608806864915,0.630170703489267
"Ugly sweater Snowman, the back bling though ninja10",neither,0.09614520499260186,0.20457156247470357,0.6992832325326945
!give,neither,0.03945320844208391,0.33037608806864915,0.630170703489267
ninjaPon Ninja take onemoistmelon's energy ninjaPon,neither,0.03945320844208391,0.33037608806864915,0.630170703489267
,neither,0.03945320844208391,0.33037608806864915,0.630170703489267
ninjaPrime ninjaPrime ninjaPrime ninjaPrime ninjaPrime,neither,0.03945320844208391,0.33037608806864915,0.630170703489267
What is ninjaworks,neither,0.08191733112755817,0.31109320414220176,0.6069894647302402
yo do you guys like that skin????,offensive_language,0.06753104294283,0.519781975316656,0.4126869817405139
@Ninja What are your super bowl predictions??,neither,0.10022961579863576,0.2817235752302752,0.618046808971089
That game was absolutely nuts man!!!,neither,0.035547419062407624,0.3808793148143039,0.5835732661232884
Play with nick,neither,0.02772556245040223,0.37177109689917914,0.6005033406504185
charity1000 #charity,neither,0.03945320844208391,0.33037608806864915,0.630170703489267
ninjawerks is ninjas new album,neither,0.05468861086277857,0.22133378921868654,0.7239775999185349
"how are you by the way ninja, hope you having a good day ninjaHi @Ninja",neither,0.10641216733643064,0.2953334724037944,0.5982543602597751
First,neither,0.02604892428726219,0.3349864360510187,0.6389646396617191
Had some beers I see LUL,neither,0.033239986700467294,0.3410127506956206,0.625747262603912
@k1llz_ Ninjawerks is Ninja's new album,neither,0.050580838921968886,0.2475377237037576,0.7018814373742736
cOrD iS iN cAmErA 4Head,neither,0.04739618317078805,0.32764413482955573,0.6249596819996562
@drtodorov love it’s fire,neither,0.033975758677650854,0.34863386456325085,0.6173903767590984
"@k1llz_ his new album, scroll below the video feed to see and click on poster",neither,0.058038675265843755,0.22015589659172624,0.72180542814243
Bolt gang or don’t bang,neither,0.03945320844208391,0.33037608806864915,0.630170703489267
f,neither,0.03945320844208391,0.33037608806864915,0.630170703489267
enjoying the stream,neither,0.03862751713779945,0.31530247348143875,0.6460700093807619
@kurokyoki album for what,neither,0.038316585830118086,0.2913571597701608,0.670326254399721
ninjaAim ninjaAim ninjaAim ninjaAim ninjaAim ninjaAim ninjaAim ninjaAim ninjaAim ninjaAim ninjaAim ninjaAim ninjaAim ninjaAim,neither,0.03945320844208391,0.33037608806864915,0.630170703489267
yayyyy i was hoping u would play after,neither,0.03891296947020101,0.3280161433104092,0.6330708872193898
How do you get the album?,neither,0.057547625955236534,0.3690002127632031,0.5734521612815604
haha I love that skin!,neither,0.028875742765115897,0.4560544375800102,0.515069819654874
!wins,neither,0.03945320844208391,0.33037608806864915,0.630170703489267
Check Ninja's wins here -> https://goo.gl/17Qojo,neither,0.0737613933919306,0.30145673084023594,0.6247818757678334
Wins: None yet ¯\_(ツ)_/¯,neither,0.03945320844208391,0.33037608806864915,0.630170703489267
i love you ninja <3333,neither,0.055614303534325615,0.40605032358192344,0.538335372883751
music @k1llz_,neither,0.03945320844208391,0.33037608806864915,0.630170703489267
@k1llz_ like music...,neither,0.0598154315686069,0.3580192013201932,0.5821653671111998
!subs,neither,0.03945320844208391,0.33037608806864915,0.630170703489267
Let's freaking go dude,neither,0.026366917402225677,0.36422500448239453,0.6094080781153798
Did he just get on?,neither,0.03576148758977279,0.38312880687287676,0.5811097055373505
ninjawerks is what hes doing right now. ninja working,neither,0.04859185770479899,0.3384211224925151,0.612987019802686
LFGD,neither,0.03945320844208391,0.33037608806864915,0.630170703489267
Pog,neither,0.03945320844208391,0.33037608806864915,0.630170703489267
After Dark,neither,0.03945320844208391,0.33037608806864915,0.630170703489267
!subscribers,neither,0.03945320844208391,0.33037608806864915,0.630170703489267
lol the music though lol,neither,0.02528700530518536,0.41760753857914007,0.5571054561156746
Yes he just got on Fortnite,neither,0.03502504484257035,0.4247496858379514,0.5402252693194782
@kurokyoki he’s a music artist now?,neither,0.04477257782657303,0.3285465130144351,0.6266809091589918
"@kingtut_199 No, he's been on for hours streaming the NFL game",neither,0.03558831398489826,0.29687733952176776,0.6675343464933339
omggg,neither,0.03945320844208391,0.33037608806864915,0.630170703489267
POG,neither,0.03945320844208391,0.33037608806864915,0.630170703489267
ninja plays best tipsy,neither,0.03877366730384963,0.32468569806497877,0.6365406346311717
what song is this,neither,0.05996683045653229,0.33256274023851656,0.6074704293049512
ninjaAmazing ninjaK ninjaK ninjaK ninjaK ninjaK ninjaK ninjaK ninjaK,neither,0.03945320844208391,0.33037608806864915,0.630170703489267
Pog,neither,0.03945320844208391,0.33037608806864915,0.630170703489267
@Momo_2243 POGGERS,neither,0.03945320844208391,0.33037608806864915,0.630170703489267
"I don't believe it, the Chargers won? Rivers doesn't deserve to beat the Chiefs.",neither,0.04596420860563138,0.310170558951061,0.6438652324433076
@momo_2243 trkGive trkGive trkGive,neither,0.03945320844208391,0.33037608806864915,0.630170703489267
@Momo_2243 DUDEEEEE there we goooo,neither,0.03923353622914221,0.29054151763656033,0.6702249461342976
is the album gonna be on apple music?,neither,0.0420059062313053,0.3652833719024674,0.5927107218662273
ninjaCreep ninjaCreep ninjaCreep ninjaCreep,neither,0.03945320844208391,0.33037608806864915,0.630170703489267
wow you've gotten a litle bit worse,neither,0.03426556661684921,0.24171708113660817,0.7240173522465426
let's freaking go dude,neither,0.026366917402225677,0.36422500448239453,0.6094080781153798
ninjaHype ninjaHype ninjaHype ninjaHype ninjaHype ninjaHype,neither,0.03945320844208391,0.33037608806864915,0.630170703489267
YAY IM BACKK !!!,neither,0.038404490269701975,0.37015536725825304,0.5914401424720449
LFD POGGGGG,neither,0.03945320844208391,0.33037608806864915,0.630170703489267
ninjaPon ninjaPon ninjaPon ninjaPon ninjaPon ninjaPon ninjaPon ninjaPon ninjaPon ninjaPon ninjaClap ninjaClap ninjaClap ninjaClap ninjaClap,neither,0.03945320844208391,0.33037608806864915,0.630170703489267
ninjaPon,neither,0.03945320844208391,0.33037608806864915,0.630170703489267
!ninjawerks,neither,0.03945320844208391,0.33037608806864915,0.630170703489267
"Listen to the first 3 songs on the new Ninjawerks album featuring 3LAU, Tycho and Alesso! https://ninjawerks.lnk.to/NinjaHg",neither,0.041452849261718605,0.24345155266483107,0.7150955980734502
POG,neither,0.03945320844208391,0.33037608806864915,0.630170703489267
!drunk,neither,0.03945320844208391,0.33037608806864915,0.630170703489267
Ninja is completely sober right now. \ MingLee /,neither,0.044482544906504835,0.3416268926575897,0.6138905624359056
Get it.,neither,0.03490679507544832,0.35300313020848223,0.6120900747160695
Just so you know the cord is hanging in front of your camera (Fix when you're not going to die of course lol),neither,0.16010861175617389,0.32959945131884244,0.5102919369249839
@k1llz_ nah it's just a collab of artists,neither,0.033788983544891314,0.3515973551225558,0.6146136613325529
ninjaAww,neither,0.03945320844208391,0.33037608806864915,0.630170703489267
drunk,neither,0.03945320844208391,0.33037608806864915,0.630170703489267
Lets go chargers FBChargers FBChargers,neither,0.03979624667467734,0.3465207213793711,0.6136830319459515
DRUNK NINJA IS GOAT,neither,0.04638220821751678,0.3279928873124182,0.6256249044700651
"Imagine a squad with nick, lupo and poach ninja10",neither,0.030287445039675148,0.3276865536508501,0.6420260013094747
no more tac love?,neither,0.03654590944655885,0.3575431943407217,0.6059108962127194
BabyRage BabyRage BabyRage BabyRage,neither,0.03945320844208391,0.33037608806864915,0.630170703489267
@parzivalonline2755 he said he’s on 7th beer,neither,0.04580232006959236,0.3381070615243258,0.6160906184060819
gibiDab gibiDab gibiDab gibiDab gibiDab gibiDab,neither,0.03945320844208391,0.33037608806864915,0.630170703489267
!uptime,neither,0.03945320844208391,0.33037608806864915,0.630170703489267
ninjaPon,neither,0.03945320844208391,0.33037608806864915,0.630170703489267
Ninja has been streaming for 8 minutes 2 seconds,neither,0.035678679601720456,0.31045049647393935,0.6538708239243401
"guess i was wrong, he is playing fortnite",neither,0.052781092972933416,0.3328661047448079,0.6143528022822586
Dab,neither,0.03945320844208391,0.33037608806864915,0.630170703489267
!uptime,neither,0.03945320844208391,0.33037608806864915,0.630170703489267
DRUNK NINJA ninjaPon ninjaPon ninjaPon,neither,0.03945320844208391,0.33037608806864915,0.630170703489267
DAB,neither,0.03945320844208391,0.33037608806864915,0.630170703489267
ninjaPopcorn,neither,0.03945320844208391,0.33037608806864915,0.630170703489267
Dab,neither,0.03945320844208391,0.33037608806864915,0.630170703489267
WutFace,neither,0.03945320844208391,0.33037608806864915,0.630170703489267
FortHype omg dad i didnt know u played fortnite anymore i guess i might start watching again,neither,0.03815122069271769,0.35118110175224887,0.6106676775550334
lol,neither,0.020706217963973744,0.4882283491876925,0.4910654328483337
DABB,neither,0.03945320844208391,0.33037608806864915,0.630170703489267
Ninj,neither,0.03945320844208391,0.33037608806864915,0.630170703489267
your cord is in the camera bro,neither,0.07437491985469352,0.3058538041627064,0.6197712759826001
Keenan Allen and Tyreek Hill just fucked my fantasy chances.,offensive_language,0.030602960479222677,0.583007496112571,0.3863895434082063
ninjaCRINJA ninjaCRINJA ninjaCRINJA ninjaCRINJA ninjaCRINJA,neither,0.03945320844208391,0.33037608806864915,0.630170703489267
i'm a snowman motherfu... ninjaThrow ninjaStars,neither,0.03945320844208391,0.33037608806864915,0.630170703489267
hey guys,neither,0.03929207127355727,0.33311100635304525,0.6275969223733975
!uptime,neither,0.03945320844208391,0.33037608806864915,0.630170703489267
DABBB,neither,0.03945320844208391,0.33037608806864915,0.630170703489267
ninjaChug,neither,0.03945320844208391,0.33037608806864915,0.630170703489267
I am pleasantly surprised @BradyBoy1367,neither,0.0392057664077098,0.330461194730874,0.6303330388614162
Spam L if u want deep voice ninja tonight,neither,0.026477013086316056,0.34770417632972744,0.6258188105839564
DABBBBBB,neither,0.03945320844208391,0.33037608806864915,0.630170703489267
BRUH TURN THIS DOODOO MUSIC OFF,neither,0.039379843519777635,0.33162128226737664,0.6289988742128458
@Ninja What are your super bowl predictions??,neither,0.10022961579863576,0.2817235752302752,0.618046808971089
ninjaLlama ninjaLlama ninjaLlama ninjaLlama ninjaLlama,neither,0.03945320844208391,0.33037608806864915,0.630170703489267
I was hoping u were gonna play some fortnizzle after the game ninjaGold ninjaClap,neither,0.03211825167788676,0.31820853751398587,0.6496732108081275
@damoswvu who cares,neither,0.040403862360956846,0.4246612884383157,0.5349348492007274
L,neither,0.03945320844208391,0.33037608806864915,0.630170703489267
ninjaLlama ninjaLlama ninjaLlama ninjaLlama ninjaLlama ninjaLlama,neither,0.03945320844208391,0.33037608806864915,0.630170703489267
Helllooo,neither,0.03945320844208391,0.33037608806864915,0.630170703489267
@k1llz_ he got the artists together to help make this album.,neither,0.04618784891513773,0.346620664311482,0.6071914867733804
stop that music ffs,offensive_language,0.03423676867467038,0.48686794205079564,0.478895289274534
is he drink bud light?,neither,0.05238814451665606,0.3259271704133164,0.6216846850700275
!subcount,neither,0.03945320844208391,0.33037608806864915,0.630170703489267
!uptime,neither,0.03945320844208391,0.33037608806864915,0.630170703489267
Ninja has chosen not to show his sub count anymore as it just sparks meaningless debates in the chat. Watch the stream and enjoy the content instead of worrying about numbers ninjaAdore,neither,0.05172830886025077,0.3017108193993596,0.6465608717403898
lupo?,neither,0.03945320844208391,0.33037608806864915,0.630170703489267
Ninja has been streaming for 8 minutes 56 seconds,neither,0.03605278841535164,0.31242796755837576,0.6515192440262725
its game time !,neither,0.029882761249500213,0.30431233079982395,0.6658049079506758
this music is from the ninjawerks album,neither,0.047507081264396664,0.2964720487849397,0.6560208699506638
this music is kinda iffy tho lol,neither,0.035790468589726565,0.37890627629380064,0.5853032551164727
so no he wont turn it off,neither,0.04210405786493843,0.3832126251718324,0.5746833169632292
ninjaRekt ninjaRekt ninjaRekt,neither,0.03945320844208391,0.33037608806864915,0.630170703489267
Let’s freaking go dude!!!!!,neither,0.026366917402225677,0.36422500448239453,0.6094080781153798
ugh that chargers game was nuttttty lmao,neither,0.035247435614606734,0.34434782935318764,0.6204047350322057
"God I had to leave courage stream, all the hate about Ninja in there, I stuck up for him as much as I could take",neither,0.08124580273667129,0.34410847683585294,0.5746457204274759
ninjaFire ninjaFire ninjaFire,neither,0.03945320844208391,0.33037608806864915,0.630170703489267
@ninja yoooooooooooooooooooo,neither,0.03945320844208391,0.33037608806864915,0.630170703489267
@tangywolf5 He might care lol,neither,0.03597948138752932,0.3913977378670491,0.5726227807454216
Thank you for streaming tonight NINJA ❤,neither,0.042589463910939956,0.32437286447112823,0.6330376716179319
"I don't care much for this song personally, but it's all pretty good",neither,0.030428697078919608,0.3665727135794202,0.6029985893416602
straight jack in the box skin,neither,0.03873372088344937,0.317279145611519,0.6439871335050317
,neither,0.03945320844208391,0.33037608806864915,0.630170703489267
cheer500 @Ninja does the ninjawerks album come with the artwork?,neither,0.02138669103653537,0.4433753612830229,0.5352379476804418
does ninja even rear,neither,0.02548744337449253,0.4670600327942501,0.5074525238312573
who's topping mrbeast???,offensive_language,0.04159901189299763,0.525362713080101,0.4330382750269014
ninjaFire,neither,0.03945320844208391,0.33037608806864915,0.630170703489267
shield didn't pop,neither,0.023209634434778106,0.3563591028995523,0.6204312626656696
LOVE THE NEW SKIN NINJA,neither,0.03919753367278475,0.24907661880157392,0.7117258475256413
does ninja even read his chat because thats one other flaw i think his streams have,neither,0.05223800754610254,0.4165812768061531,0.5311807156477443
"Lyqhtz u think its bad there, just try looking at tims chat. i saw, IN SUB ONLY MODE, his chat spamming #muteninja. it was dissapointing",neither,0.041621851600526366,0.33121169206447226,0.6271664563350013
@jdm0086 its a digital album. dont think you get any artwork shiped to you,neither,0.06467840468464237,0.3983704389820879,0.5369511563332697
Ninja got to get that youtube content you need this dub,neither,0.0491584210698277,0.4143384661955267,0.5365031127346456
@awesomedragon102 lol too many ppl typing tho bud,neither,0.03146917526710977,0.3774020010311865,0.5911288237017037
,neither,0.03945320844208391,0.33037608806864915,0.630170703489267
daeYikes,neither,0.03945320844208391,0.33037608806864915,0.630170703489267
ALLMODZZ doubt this is high enough kills to go on youtube LUL,neither,0.04468070322963924,0.38572928195558737,0.5695900148147733
ik but every so often he can tke,neither,0.041128561089060135,0.3707030078079736,0.5881684311029662
is that a carrot on your face or you just happy to see me ninjaCreep,neither,0.07124239689947011,0.4339711828252462,0.49478642027528374
ninjaDance,neither,0.03945320844208391,0.33037608806864915,0.630170703489267
dope fight,neither,0.03945320844208391,0.33037608806864915,0.630170703489267
take a moment to watch chat,neither,0.05084637710894083,0.3250394986311075,0.6241141242599516
