text,top_class,hate_speech,offensive_language,neither
Yo,offensive_language,0.04010381111145228,0.5271105317972344,0.4327856570913131
ninjaLlama ninjaS,neither,0.03945320844208391,0.33037608806864915,0.630170703489267
Hola !,neither,0.03945320844208391,0.33037608806864915,0.630170703489267
hi,neither,0.03945320844208391,0.33037608806864915,0.630170703489267
hi,neither,0.03945320844208391,0.33037608806864915,0.630170703489267
Only my notifications worked I meant finally,neither,0.031757102785598505,0.38798975835168065,0.5802531388627209
Hi,neither,0.03945320844208391,0.33037608806864915,0.630170703489267
Hey ninja how’s it going,neither,0.03673469798991159,0.3558549550977227,0.6074103469123657
?,neither,0.03945320844208391,0.33037608806864915,0.630170703489267
cheer,neither,0.03945320844208391,0.33037608806864915,0.630170703489267
I had to on follow and follow again to turn on notifications,neither,0.042003001672676565,0.3358347119895718,0.6221622863377516
yeet,neither,0.03945320844208391,0.33037608806864915,0.630170703489267
"bo,y",neither,0.03945320844208391,0.33037608806864915,0.630170703489267
Notice me ninja,neither,0.03274192201262149,0.36654956102064684,0.6007085169667317
Hello,neither,0.03945320844208391,0.33037608806864915,0.630170703489267
PogChamp,neither,0.03945320844208391,0.33037608806864915,0.630170703489267
he on early!,neither,0.04516690174842418,0.31053766038902597,0.6442954378625497
Streaming a bit early,neither,0.04075689427072986,0.30824913720763447,0.6509939685216357
I’m her for the pon pon first win,offensive_language,0.018486982152008467,0.5001878602534631,0.4813251575945286
hey everyone,neither,0.031959242684595296,0.4575682446653829,0.5104725126500218
Yo,offensive_language,0.04010381111145228,0.5271105317972344,0.4327856570913131
poop,neither,0.03945320844208391,0.33037608806864915,0.630170703489267
italiani?,neither,0.03945320844208391,0.33037608806864915,0.630170703489267
Yay,neither,0.03945320844208391,0.33037608806864915,0.630170703489267
who wants free poop,neither,0.040034645712880644,0.3910778063156966,0.5688875479714227
wow thats early,neither,0.04111477154964179,0.30217502579922634,0.6567102026511318
ninjaGold ninjaGold,neither,0.03945320844208391,0.33037608806864915,0.630170703489267
ME,neither,0.018491955366437673,0.460246435692358,0.5212616089412043
ninjaAim ninjaAim ninjaPrime ninjaPrime ninjaPrime ninjaBlast1 ninjaBlast1 ninjaPrime ninjaBlast1 ninjaBlast1 ninjaBlast1 ninjaBlast1 ninjaBlast1 ninjaBlast1 ninjaBlast1 ninjaBlast1 ninjaBlast1,neither,0.03945320844208391,0.33037608806864915,0.630170703489267
ninjaBlast1 ninjaBlast2 ninjaBlast3 ninjaHS ninjaBlood,neither,0.03945320844208391,0.33037608806864915,0.630170703489267
My baby ❤️❤️❤️❤️,neither,0.021789032284428203,0.4786859669541602,0.49952500076141154
Hi chat,neither,0.03945320844208391,0.33037608806864915,0.630170703489267
Ho,offensive_language,0.013321108536384277,0.8771497931721385,0.10952909829147721
LITTTT,neither,0.03945320844208391,0.33037608806864915,0.630170703489267
Hi,neither,0.03945320844208391,0.33037608806864915,0.630170703489267
good morning everyone,neither,0.040724576765085965,0.29551443435292063,0.6637609888819933
King of nyc,neither,0.03945320844208391,0.33037608806864915,0.630170703489267
Morning guys :D,neither,0.04992865915806777,0.15258035067055087,0.7974909901713814
Morning everyone ninjaHi,neither,0.04178497597973255,0.2907999075264022,0.6674151164938652
ninjaPon ninjaPon ninjaPon ninjaPon ninjaPon ninjaPon ninjaPon ninjaPon ninjaPon ninjaPon ninjaPon ninjaPon ninjaPon ninjaPon ninjaPon ninjaPon ninjaPon ninjaPon ninjaPon ninjaPon ninjaBlast1 ninjaBlast2 ninjaStars ninjaStars ninjaStars ninjaStars ninjaStars ninjaStars ninjaStars ninjaStars ninjaStars ninjaStars ninjaBlast2 ninjaBlast2 ninjaStars ninjaStars ninjaStars ninjaStars ninjaStars ninjaCreep ninjaBlood,neither,0.03945320844208391,0.33037608806864915,0.630170703489267
ninjaPon,neither,0.03945320844208391,0.33037608806864915,0.630170703489267
Hu,neither,0.03945320844208391,0.33037608806864915,0.630170703489267
ninjaLlama ninjaLlama ninjaLlama ninjaLlama,neither,0.03945320844208391,0.33037608806864915,0.630170703489267
@Ninja morning,neither,0.048203553387938615,0.18185989775694275,0.7699365488551186
Morning!!!,neither,0.05283876784042269,0.1031882115525248,0.8439730206070525
hey bro,neither,0.03945320844208391,0.33037608806864915,0.630170703489267
ninjaBlast ninjaBlast2 ninjaBlast3,neither,0.03945320844208391,0.33037608806864915,0.630170703489267
yeet yeet yeet,neither,0.03945320844208391,0.33037608806864915,0.630170703489267
ninjaPon ninjaPon ninjaPon ninjaPon,neither,0.03945320844208391,0.33037608806864915,0.630170703489267
ninjaBlast2 ninjaBlast3 ninjaBlast3 ninjaBlast3 ninjaBlast3 ninjaBlast3 ninjaBlast3,neither,0.03945320844208391,0.33037608806864915,0.630170703489267
rip dakotaz stream,neither,0.03945320844208391,0.33037608806864915,0.630170703489267
Good Morning guys!,neither,0.04793543678889525,0.17051072897068495,0.7815538342404198
hello,neither,0.03945320844208391,0.33037608806864915,0.630170703489267
Gooooood morning chat and @ninja hope the big apples treating ya right,neither,0.038663447333285826,0.34889668190660467,0.6124398707601095
ninjaBlast1 ninjaBlast2 ninjaBlast3 ninjaBlast3 ninjaBlast3 ninjaBlast3 ninjaBlast3,neither,0.03945320844208391,0.33037608806864915,0.630170703489267
ninjaTroll ninjaTroll ninjaTroll ninjaTroll,neither,0.03945320844208391,0.33037608806864915,0.630170703489267
King of the world ❤️ ninjaPon ninjaPon,neither,0.038457026461816216,0.3121015351704209,0.6494414383677629
ninjaCreep ninjaCreep ninjaCreep ninjaCreep ninjaCreep ninjaCreep,neither,0.03945320844208391,0.33037608806864915,0.630170703489267
its ninja time,neither,0.03215150505114304,0.35300393893980697,0.6148445560090501
Now that’s epic,neither,0.03509240662531812,0.3779087246851341,0.5869988686895479
Good morning @Ninja,neither,0.0468013847741319,0.19273113716557552,0.7604674780602926
Ninja is real af at fortnite,neither,0.0388818579252975,0.45843899221690765,0.5026791498577948
LETS GO!!! Ninjas on early this morning!,neither,0.045756010158132895,0.21115951134419408,0.7430844784976731
"what morning, its 4pm here o.o",neither,0.11378015343716635,0.14160954838830195,0.7446102981745317
Love the music man,neither,0.03479996735935872,0.40299490196083004,0.5622051306798111
hey,neither,0.03945320844208391,0.33037608806864915,0.630170703489267
Goodmorning everybody!!,neither,0.03945320844208391,0.33037608806864915,0.630170703489267
1:40am in Australia,neither,0.03945320844208391,0.33037608806864915,0.630170703489267
It’s 9:40 here,neither,0.10198895988125453,0.2817313596576256,0.6162796804611198
your a god ninj play with dk he in ne,neither,0.05741735204226277,0.3543350791955296,0.5882475687622076
Ayooo Chat What’s Poppin ninjaHi,neither,0.04492624404705025,0.326452452510985,0.6286213034419648
oh yeah yeah,neither,0.01725389498678453,0.47962434623133704,0.5031217587818785
hey ninja,neither,0.03945320844208391,0.33037608806864915,0.630170703489267
It’s 7:40am here lul,neither,0.08771530737803962,0.29092278441119457,0.6213619082107658
2.40pm here ninjaFire,neither,0.22097653003277068,0.2221615150675793,0.55686195489965
8:40 am here in TEXAS,neither,0.08186409834089126,0.2956981857348576,0.622437715924251
9:40 am,neither,0.03920201422596571,0.3304624852782343,0.6303355004957999
Aye,neither,0.03945320844208391,0.33037608806864915,0.630170703489267
Love you @ninja,neither,0.055614303534325615,0.40605032358192344,0.538335372883751
Ohio,neither,0.03945320844208391,0.33037608806864915,0.630170703489267
@defaultyboi2018 same,neither,0.04148851938089603,0.3488915597363099,0.609619920882794
Couldn’t think of spending a sick day without ninja,neither,0.04010691245838599,0.3152763556408592,0.6446167319007549
9:40 am here,neither,0.09715634686541574,0.28574549623265727,0.617098156901927
goodmorning ninja,neither,0.03945320844208391,0.33037608806864915,0.630170703489267
ninjaBand hi,neither,0.03945320844208391,0.33037608806864915,0.630170703489267
940 ohio,neither,0.03945320844208391,0.33037608806864915,0.630170703489267
9:40am here,neither,0.22097653003277068,0.2221615150675793,0.55686195489965
2:41 uk,neither,0.03945320844208391,0.33037608806864915,0.630170703489267
Rarw,neither,0.03945320844208391,0.33037608806864915,0.630170703489267
Pog,neither,0.03945320844208391,0.33037608806864915,0.630170703489267
@ninja good morning!,neither,0.0468013847741319,0.19273113716557552,0.7604674780602926
9:40,neither,0.03945320844208391,0.33037608806864915,0.630170703489267
new hair style,neither,0.04323388087249005,0.23589296231198514,0.7208731568155249
its now 1040PM in Australia,neither,0.03368261727933775,0.33236085898345225,0.63395652373721
Hello there,neither,0.03937036753510788,0.27621722592919734,0.6844124065356949
lol that grey top with the red hair ninjaCRINJA,neither,0.02380450283163212,0.41352325212760094,0.562672245040767
What the beep you say to me,neither,0.07285946835889205,0.4161563467827713,0.5109841848583367
yo,offensive_language,0.04010381111145228,0.5271105317972344,0.4327856570913131
7:41 am here,neither,0.13730754398843772,0.2626346527658901,0.600057803245672
No Mic @Ninja,neither,0.0386780150392128,0.34353314320894107,0.6177888417518462
NINJA!!!!,neither,0.03945320844208391,0.33037608806864915,0.630170703489267
Holy shit thank god something to do PogChamp,offensive_language,0.054901468543045964,0.9393968233960984,0.0057017080608555695
Anyone in chat From Florida?? ninjaPon,neither,0.04035825260130443,0.31501512670963794,0.6446266206890576
no mic,neither,0.03838080009002885,0.3485776565658,0.6130415433441712
3.40 pm here,neither,0.08594185555625596,0.2930870451450251,0.620971099298719
G'day Ninja,neither,0.04003785217972025,0.3131078070149969,0.6468543408052828
new hair color,neither,0.04497592443212084,0.23214640801203926,0.7228776675558399
Hellloooooo,neither,0.03945320844208391,0.33037608806864915,0.630170703489267
pog,neither,0.03945320844208391,0.33037608806864915,0.630170703489267
Snack,neither,0.03945320844208391,0.33037608806864915,0.630170703489267
3:41 here pm,neither,0.10369270840262149,0.2818817790250131,0.6144255125723654
good omorning,neither,0.037820165765928906,0.33093776632913474,0.6312420679049364
charity2000 #charity,neither,0.03945320844208391,0.33037608806864915,0.630170703489267
hi ninja,neither,0.03945320844208391,0.33037608806864915,0.630170703489267
ninja is ssjg,neither,0.05026584871334308,0.3266571252592286,0.6230770260274283
ninjaLlama ninjaLlama ninjaLlama ninjaLlama,neither,0.03945320844208391,0.33037608806864915,0.630170703489267
LOVE YOU NINJA,neither,0.055614303534325615,0.40605032358192344,0.538335372883751
hi ninja,neither,0.03945320844208391,0.33037608806864915,0.630170703489267
Good morning buddy,neither,0.04721670166453427,0.18472323657217618,0.7680600617632896
mic not on,neither,0.03457621226120874,0.3527307509026821,0.6126930368361091
@ninja no mic audio,neither,0.038839491228887316,0.3407924708508906,0.620368037920222
,neither,0.03945320844208391,0.33037608806864915,0.630170703489267
No mic,neither,0.03838080009002885,0.3485776565658,0.6130415433441712
pog,neither,0.03945320844208391,0.33037608806864915,0.630170703489267
No mic,neither,0.03838080009002885,0.3485776565658,0.6130415433441712
no MIC ninja,neither,0.0386780150392128,0.34353314320894107,0.6177888417518462
mic!!,neither,0.03945320844208391,0.33037608806864915,0.630170703489267
cant hear your voice,neither,0.0725673823792909,0.32117213504206077,0.6062604825786483
ninjaK ninjaK ninjaK ninjaK ninjaK ninjaK,neither,0.03945320844208391,0.33037608806864915,0.630170703489267
mic off m8,neither,0.03945320844208391,0.33037608806864915,0.630170703489267
NO MIC!!!!!!!!!!!!!!!,neither,0.03838080009002885,0.3485776565658,0.6130415433441712
Mic PepeHands @Ninja,neither,0.03945320844208391,0.33037608806864915,0.630170703489267
cant hear you,neither,0.06308828617938321,0.39534119910670873,0.541570514713908
no mic audio,neither,0.03872038007890654,0.3428140979213951,0.6184655219996984
ninjaK ninjaK ninjaK ninjaK ninjaK ninjaK ninjaK,neither,0.03945320844208391,0.33037608806864915,0.630170703489267
cant hear you,neither,0.06308828617938321,0.39534119910670873,0.541570514713908
No mic ninj,neither,0.03838080009002885,0.3485776565658,0.6130415433441712
Early Ninja,neither,0.04110102722307846,0.3024083028908403,0.6564906698860813
!give,neither,0.03945320844208391,0.33037608806864915,0.630170703489267
mic,neither,0.03945320844208391,0.33037608806864915,0.630170703489267
ninjaPon Ninja take generalchamp007's energy ninjaPon,neither,0.03945320844208391,0.33037608806864915,0.630170703489267
no mic,neither,0.03838080009002885,0.3485776565658,0.6130415433441712
Can’t hear you,neither,0.06953583505732451,0.4017477320231358,0.5287164329195397
Mic,neither,0.03945320844208391,0.33037608806864915,0.630170703489267
@ninja yep good now,neither,0.03888604581282864,0.33057116130443415,0.6305427928827373
ok great,neither,0.0369765189688627,0.29896291767266014,0.6640605633584772
No mic,neither,0.03838080009002885,0.3485776565658,0.6130415433441712
you're early lol,neither,0.08524423038614466,0.40104172762131074,0.5137140419925446
ayyyyy whats up!!,neither,0.03705091067500049,0.3786860495617599,0.5842630397632396
HEY GUYS <3,neither,0.03929207127355727,0.33311100635304525,0.6275969223733975
Let’s get this bread,neither,0.023231703658318618,0.3686921543106331,0.6080761420310482
No mic,neither,0.03838080009002885,0.3485776565658,0.6130415433441712
We’re on the tonight show! PogChamp,neither,0.0712375990261892,0.2040388764062095,0.7247235245676011
Sup Tyler,neither,0.03945320844208391,0.33037608806864915,0.630170703489267
hey guys!!!,neither,0.03929207127355727,0.33311100635304525,0.6275969223733975
mic,neither,0.03945320844208391,0.33037608806864915,0.630170703489267
Lol,neither,0.020706217963973744,0.4882283491876925,0.4910654328483337
Morning ninja! Gonna be a good day!,neither,0.04607646584812292,0.24302737196927446,0.7108961621826027
early morning for you.,neither,0.06341620267764998,0.15343897706113438,0.7831448202612156
It’s ok ninja,neither,0.03789859529902274,0.33180772446071477,0.6302936802402624
Ohhhhh gg,neither,0.03945320844208391,0.33037608806864915,0.630170703489267
Ninja is a bae,neither,0.04446490465136769,0.37932705469835987,0.5762080406502724
ninja is super saiyan god,neither,0.04555890552064278,0.3282760588629144,0.6261650356164429
we are gooch!,neither,0.10919184720806327,0.2383917025513002,0.6524164502406365
New York Pog,neither,0.043993638777221754,0.21578564592526434,0.7402207152975139
No homo😂,neither,0.2756967791302881,0.2626724714459417,0.4616307494237702
"Hope you're doing amazing, Ninja ;)",neither,0.11881044789701083,0.24264780990408863,0.6385417421989006
good morning everyone! how are you?,neither,0.09773016483781313,0.295870408136711,0.6063994270254759
Ninja I’m sick today but at least I get to watch u,neither,0.04354503402043255,0.339905940897121,0.6165490250824466
ninjaPopcorn,neither,0.03945320844208391,0.33037608806864915,0.630170703489267
Pog,neither,0.03945320844208391,0.33037608806864915,0.630170703489267
ninjaAdore,neither,0.03945320844208391,0.33037608806864915,0.630170703489267
Love the new album man! Have been listening to it all weekend!,neither,0.043536438589502784,0.36263058554510263,0.5938329758653945
Come to Long Island NY it’s only 40-60 min drive ninj,neither,0.037209276043164846,0.4057333733579507,0.5570573505988845
Oof,neither,0.03945320844208391,0.33037608806864915,0.630170703489267
ninja why did you not go to korea t,neither,0.04763343100206603,0.39582294532862244,0.5565436236693114
!uptime,neither,0.03945320844208391,0.33037608806864915,0.630170703489267
Ninja has been streaming for 7 minutes 16 seconds,neither,0.035943709237537896,0.31185141891913704,0.652204871843325
"Congrats on Tonight Show, proud of you!",neither,0.06154479306146846,0.2911136245491995,0.647341582389332
Dude ninjas album is so good due!,neither,0.04542055277249123,0.3648425777167643,0.5897368695107444
Get the bread get the bread sir,neither,0.0383456080466876,0.31185182880096646,0.6498025631523459
when did he change his hair color,neither,0.055653043779583175,0.36955606865652496,0.5747908875638919
dude*,neither,0.03945320844208391,0.33037608806864915,0.630170703489267
good morning gamers,neither,0.04970930963283925,0.13564577574880146,0.8146449146183593
ㅗ모모,neither,0.03945320844208391,0.33037608806864915,0.630170703489267
haha,neither,0.03186685585600258,0.45913629025701075,0.5089968538869867
There’s white noise or something,hate_speech,0.5467853789743019,0.37001144989722323,0.08320317112847485
new hair,neither,0.04462370498984265,0.19863846386187634,0.756737831148281
@ssjshawnyt a couple of days ago,neither,0.03945320844208391,0.33037608806864915,0.630170703489267
Anyone hear that,neither,0.03492396242091882,0.37978088792903586,0.5852951496500454
Now that that’s epic,neither,0.03195615585702289,0.4130872208095769,0.5549566233334001
"Anyone From Oakdale, Long Island??? ninjaS",neither,0.040219826455149835,0.31187337961228545,0.6479067939325649
!wins,neither,0.03945320844208391,0.33037608806864915,0.630170703489267
Check Ninja's wins here -> https://goo.gl/17Qojo,neither,0.0737613933919306,0.30145673084023594,0.6247818757678334
Wins: None yet ¯\_(ツ)_/¯,neither,0.03945320844208391,0.33037608806864915,0.630170703489267
Windowed full screen DansGame,neither,0.06446887686784988,0.32177205258847996,0.6137590705436702
1,neither,0.03945320844208391,0.33037608806864915,0.630170703489267
60hz monkaS,neither,0.03945320844208391,0.33037608806864915,0.630170703489267
that fps bump Kreygasm,neither,0.0343714251695459,0.38593769553176943,0.5796908792986846
bandages,neither,0.03945320844208391,0.33037608806864915,0.630170703489267
@tropictm Farmingndale Long Island,neither,0.03918287046989193,0.3281123126943268,0.6327048168357812
bandages,neither,0.03945320844208391,0.33037608806864915,0.630170703489267
Nice hair @Ninja,neither,0.03945320844208391,0.33037608806864915,0.630170703489267
@defaultyboi2018 is that close to oakdale?,neither,0.05559072195345276,0.3755128803191953,0.568896397727352
@Ninja ninjaHi red today? ;),neither,0.03790599863759563,0.30760257854890466,0.6544914228134996
the wood blocking that los lmaoo,neither,0.0361883197390914,0.3479209013195607,0.6158907789413479
NYC Ninja stream ninjaHype,neither,0.03945320844208391,0.33037608806864915,0.630170703489267
what is the new angle for Ninja?,neither,0.047280044986181685,0.22638832692667932,0.726331628087139
@tropictm it’s on the south shore in Nassau county,neither,0.036275053990651986,0.3288187989858719,0.6349061470234761
PogU,neither,0.03945320844208391,0.33037608806864915,0.630170703489267
oh i only watch in the week days so ig i missed it,neither,0.04514738758518978,0.3141593287079674,0.6406932837068429
Cathan,neither,0.03945320844208391,0.33037608806864915,0.630170703489267
@wdparrishjr he's at the Redbull studio in New York.,neither,0.045743697893397835,0.26104786543102365,0.6932084366755784
NOW THAT THATS EPIC,neither,0.03564344960584215,0.3718006698314986,0.5925558805626593
@defaultyboi2018 ok,neither,0.03935517884257045,0.3320399062092607,0.6286049149481688
ninjaPon ninjaPon ninjaPon ninjaPon,neither,0.03945320844208391,0.33037608806864915,0.630170703489267
ninjaPon,neither,0.03945320844208391,0.33037608806864915,0.630170703489267
uptime,neither,0.03945320844208391,0.33037608806864915,0.630170703489267
Hey chat & @ninja ninjaHi ninjaHi ninjaH ninjaH ninjaPon ninjaPon,neither,0.03945320844208391,0.33037608806864915,0.630170703489267
dakotaz=ninja,neither,0.03945320844208391,0.33037608806864915,0.630170703489267
ninjaRare IceCold,neither,0.03945320844208391,0.33037608806864915,0.630170703489267
blue smg,neither,0.03945320844208391,0.33037608806864915,0.630170703489267
Red bull red hair ninjaCRINJA ninjaThirst ninjaPopcorn,neither,0.03920324062688316,0.3282828897664041,0.632513869606713
nailed it,neither,0.03772653554390317,0.33096997005595963,0.6313034944001372
I hate being sick,neither,0.331077392975153,0.22065843790155168,0.4482641691232955
ninjaGold ninjaHi ninjaH ninjaHi ninjaGold,neither,0.03945320844208391,0.33037608806864915,0.630170703489267
Oh that makes sense I was wondering why ninja got on early,neither,0.03159549969319372,0.35702611004489065,0.6113783902619156
"i love that backbling, is that kevin in there?",neither,0.03667743670547965,0.37533707088029883,0.5879854924142215
ninjaRare IceCold,neither,0.03945320844208391,0.33037608806864915,0.630170703489267
yo,offensive_language,0.04010381111145228,0.5271105317972344,0.4327856570913131
big pot on rooftop,neither,0.02047845749719405,0.41566352938944306,0.5638580131133628
ninjaRare SantaHat,neither,0.03945320844208391,0.33037608806864915,0.630170703489267
Hello,neither,0.03945320844208391,0.33037608806864915,0.630170703489267
full shield on top of those buildings?,neither,0.09410439325780905,0.25958942888067155,0.6463061778615194
yes Jvckk,neither,0.03945320844208391,0.33037608806864915,0.630170703489267
