text,top_class,hate_speech,offensive_language,neither
POGGERS,neither,0.03945320844208391,0.33037608806864915,0.630170703489267
wassup lol,neither,0.25048705253543097,0.1583966880018631,0.5911162594627059
was i the first comment?,neither,0.030868690478034533,0.31728927301918974,0.6518420365027756
i guess so hahah,neither,0.038910149551885174,0.3830799226441511,0.5780099278039638
i didn't even know he was about to stream i just wanted to resub,neither,0.03544403424250705,0.3973825524330431,0.5671734133244498
@Ninja good evening brother!!!,neither,0.03894925936132495,0.3305494192664109,0.6305013213722642
I love being the first comment :),neither,0.0258860886893959,0.3561039994391229,0.6180099118714812
Wait,neither,0.03945320844208391,0.33037608806864915,0.630170703489267
but you weren't oof,neither,0.05640175084461616,0.40854907176414956,0.5350491773912343
Why did my sub reset?,neither,0.01954596877170272,0.43534271308367917,0.5451113181446182
Y'all need to find better things to do if you think you're first LUL,neither,0.07083816810537763,0.388970983945266,0.5401908479493563
feelsbad,neither,0.03945320844208391,0.33037608806864915,0.630170703489267
first,neither,0.02604892428726219,0.3349864360510187,0.6389646396617191
hi,neither,0.03945320844208391,0.33037608806864915,0.630170703489267
Hi,neither,0.03945320844208391,0.33037608806864915,0.630170703489267
sorry lol,neither,0.027827587126279283,0.4190034846499559,0.5531689282237647
4 year sub a couple of days ago,neither,0.03945320844208391,0.33037608806864915,0.630170703489267
"NOOOO, fortnite where are you ?",neither,0.10468637579872563,0.29013759528890865,0.6051760289123658
"@Ninja love you tyler, don't care about those people",neither,0.09808544252030148,0.3340534122186237,0.5678611452610748
TableHere FlipThis,neither,0.03945320844208391,0.33037608806864915,0.630170703489267
ninjaHi,neither,0.03945320844208391,0.33037608806864915,0.630170703489267
my god i'm early,neither,0.02742701283202834,0.40808390025910357,0.564489086908868
I have no share option,neither,0.038256772584784285,0.3506827270157957,0.61106050039942
ninjaH ninjaH ninjaH,neither,0.03945320844208391,0.33037608806864915,0.630170703489267
hi @Ninja,neither,0.03945320844208391,0.33037608806864915,0.630170703489267
@My_Goggle feelsbad,neither,0.03945320844208391,0.33037608806864915,0.630170703489267
"in case u didnt know, the gingerbread man dabs whenever u get a kill, open a chest, and get a win",neither,0.14867927875468642,0.2797086956421127,0.5716120256032009
"Wired video, feelsbad",neither,0.04506494494707272,0.23513027411375015,0.7198047809391772
hi everyone,neither,0.032490659208996964,0.4485487193596734,0.5189606214313296
Twitzh what if i was tho ninjaS,neither,0.01953320631113217,0.4108220719990721,0.5696447216897956
Hiya :),neither,0.03945320844208391,0.33037608806864915,0.630170703489267
Hi,neither,0.03945320844208391,0.33037608806864915,0.630170703489267
From Guam,neither,0.04228451509352876,0.2823214250720796,0.6753940598343917
I've had auto renew on for years. Cmon Twitch,neither,0.02317160640737866,0.31181120593557315,0.6650171876570483
everyone twitch prime sub to ninja!!!,neither,0.03942505215884138,0.392363525565547,0.5682114222756116
@My_Goggle It happened to me once. I had to sign out then back in.,neither,0.03873341323717249,0.36333065602178993,0.5979359307410377
ffxi POGGERS,neither,0.03945320844208391,0.33037608806864915,0.630170703489267
we gonna have a realllll chill night tonight,neither,0.029472979179893444,0.3600928340102752,0.6104341868098313
@SecSeaBeast Thank for the heads up. I'll try that now! Brb,neither,0.030763428423693916,0.363636281678542,0.605600289897764
Ninja at night :o,neither,0.03100993571589901,0.35553576087793937,0.6134543034061617
Good evening,neither,0.03869882722860525,0.3306355543605695,0.6306656184108252
"Not gonna lie, love these streams",neither,0.04204899189064769,0.4525227912930131,0.5054282168163393
ninjaPog,neither,0.03945320844208391,0.33037608806864915,0.630170703489267
"@My_Goggle if you have enough bits, then donate to ninja, ask him, and maybe you can get your sub back?",neither,0.06402666314040459,0.38857946193571014,0.5473938749238852
@xwpgaming yes,neither,0.03945320844208391,0.33037608806864915,0.630170703489267
fortnite ninjaFire,neither,0.03945320844208391,0.33037608806864915,0.630170703489267
@xWPGaming -> I'm not scared. [stop posting links] [warning],neither,0.038489073644704795,0.3858326151845538,0.5756783111707413
ninjaHi,neither,0.03945320844208391,0.33037608806864915,0.630170703489267
👋,neither,0.03945320844208391,0.33037608806864915,0.630170703489267
lets go,neither,0.039984317429425154,0.35542799280679366,0.6045876897637812
yo ninja I just watched your bid with WIRED,neither,0.04455036448770385,0.40576110845477065,0.5496885270575256
@iTz_26 BIRTHDAY BOY,neither,0.03945320844208391,0.33037608806864915,0.630170703489267
How would he be able to do that? lol @itskatherinehere,neither,0.039873528780012074,0.40415784919467806,0.5559686220253099
Daequan and Dakotaz tweeted defending you,neither,0.05477404250932449,0.3308861761502089,0.6143397813404666
POGGERS,neither,0.03945320844208391,0.33037608806864915,0.630170703489267
ninjaPon ninjaPon ninjaPon ninjaPon ninjaPon ninjaPon ninjaPon ninjaPon ninjaPon ninjaPon ninjaPon ninjaPon ninjaPon ninjaPon,neither,0.03945320844208391,0.33037608806864915,0.630170703489267
ninjaPon,neither,0.03945320844208391,0.33037608806864915,0.630170703489267
,neither,0.03945320844208391,0.33037608806864915,0.630170703489267
ninjaToxic,neither,0.03945320844208391,0.33037608806864915,0.630170703489267
ninjaPog ninjaPog ninjaPog ninjaPog ninjaPog ninjaPog ninjaPog ninjaPog ninjaPog ninjaPog ninjaPog ninjaPog ninjaPog ninjaHype ninjaHype ninjaHype ninjaHype ninjaHype ninjaHype ninjaHype ninjaHype ninjaHype ninjaHype ninjaHype ninjaHype ninjaHype ninjaHype,neither,0.03945320844208391,0.33037608806864915,0.630170703489267
@iTz_26 Happy Birthday,neither,0.03945320844208391,0.33037608806864915,0.630170703489267
@Twitzh idk lmao,neither,0.03799130934451262,0.35518833100705616,0.6068203596484312
Hello,neither,0.03945320844208391,0.33037608806864915,0.630170703489267
ninjaPog ?,neither,0.03945320844208391,0.33037608806864915,0.630170703489267
ninjaFood ninjaFood ninjaFood,neither,0.03945320844208391,0.33037608806864915,0.630170703489267
Nope,neither,0.03945320844208391,0.33037608806864915,0.630170703489267
ninjaAmazing ninjaAmazing ninjaAmazing ninjaAmazing ninjaAmazing,neither,0.03945320844208391,0.33037608806864915,0.630170703489267
@LordPolarVaderI -> No! Come on! No! [stop posting links] [warning],neither,0.03546483789925635,0.4222682617387856,0.5422669003619581
@xwpgaming ninjaClap ninjaClap ninjaClap ninjaClap ninjaClap,neither,0.03945320844208391,0.33037608806864915,0.630170703489267
Dang man,offensive_language,0.040018442559345856,0.5018538837344726,0.4581276737061815
ninjaHi,neither,0.03945320844208391,0.33037608806864915,0.630170703489267
U looking EXTRA cute tonight chat ninjaBlast1 ninjaBlast2 ninjaBlast3 ninjaBlast3 ninjaAdore,neither,0.0386591189495519,0.2879711529354305,0.6733697281150176
im happy to see that most of the comments in the video are defending him after all this dislike bullshit,neither,0.06321544844279005,0.38904536376037,0.5477391877968399
rip the 4 year sub feels bad,neither,0.03627470589623085,0.31884193751466233,0.6448833565891068
ninjaPon,neither,0.03945320844208391,0.33037608806864915,0.630170703489267
ninjaPon,neither,0.03945320844208391,0.33037608806864915,0.630170703489267
ninjaHype ninjaHype ninjaHype ninjaHype,neither,0.03945320844208391,0.33037608806864915,0.630170703489267
"@SecSeaBeast I can always hit up Twitch support. I've never had this happen. It reset the stream, but didn't unsub me.",neither,0.022534294399996282,0.41952209904927434,0.5579436065507294
,neither,0.03945320844208391,0.33037608806864915,0.630170703489267
ninjaAww,neither,0.03945320844208391,0.33037608806864915,0.630170703489267
"@My_Goggle if none of that works, I emailed Twicth and they replied and fixed mine in less than a week",neither,0.028497574192760864,0.34112987108959075,0.6303725547176484
get on fortnite,neither,0.03185250988028181,0.3833697638570707,0.5847777262626473
Dad!,neither,0.03945320844208391,0.33037608806864915,0.630170703489267
lol nightbot doesnt let me post his youtube link lol,neither,0.02815698608844932,0.44375197850407083,0.5280910354074799
@bradyboy1367 seriously bro,neither,0.03945320844208391,0.33037608806864915,0.630170703489267
@My_Goggle yeah man I hope you get that sorted out,offensive_language,0.0581071698010457,0.5188524930715658,0.4230403371273885
ninjaH,neither,0.03945320844208391,0.33037608806864915,0.630170703489267
SUP NINJ,neither,0.03945320844208391,0.33037608806864915,0.630170703489267
"hi dad, how was your break? @Ninja ninjaHi jgoHi",neither,0.06148150582909656,0.32573967451719266,0.6127788196537106
chill stream tonight ninjaAww,neither,0.037005868901727204,0.30988238184179845,0.6531117492564744
hey,neither,0.03945320844208391,0.33037608806864915,0.630170703489267
Sup,neither,0.03945320844208391,0.33037608806864915,0.630170703489267
!uptime,neither,0.03945320844208391,0.33037608806864915,0.630170703489267
Ninja has been streaming for 5 minutes 46 seconds,neither,0.036078828691740394,0.31256560255387583,0.6513555687543837
ninjaBlast1 ninjaBlast3 ninjaBlast2,neither,0.03945320844208391,0.33037608806864915,0.630170703489267
"@Ninja ik this isnt fortnite, but did u know that the gingerbread man in the gingerbread backbling dabs whenever u get a kill?",neither,0.11396059324578803,0.3212584706280722,0.5647809361261398
wazzup bitches ninjaH ninjaH ninjaH ninjaH ninjaH,offensive_language,1.8102608101511593e-05,0.9999818973918986,1.9545890535218035e-21
LOVE YOU!!!!! We streaming FFXI tonight!,neither,0.047197021278513135,0.35959308153173314,0.5932098971897537
@Ninja was the WIRED interview filmed months ago? because you had different hair color,neither,0.04739262044677468,0.3444789763875959,0.6081284031656294
ninjaHi,neither,0.03945320844208391,0.33037608806864915,0.630170703489267
ninjaHi,neither,0.03945320844208391,0.33037608806864915,0.630170703489267
!uptime,neither,0.03945320844208391,0.33037608806864915,0.630170703489267
,neither,0.03945320844208391,0.33037608806864915,0.630170703489267
ninjaHi,neither,0.03945320844208391,0.33037608806864915,0.630170703489267
"painangel13 ya, fortunately ppl r defending him",offensive_language,0.026735839243569717,0.5548007779721911,0.4184633827842392
ninjaChocobo ninjaPog,neither,0.03945320844208391,0.33037608806864915,0.630170703489267
Ninja!! Hi from Milwaukee!,neither,0.040270918615102944,0.31649741237901874,0.6432316690058782
@secseabeast lupoLOVE,neither,0.03945320844208391,0.33037608806864915,0.630170703489267
Hi ninja hope your having a good day,neither,0.10090529148947242,0.22474344613187977,0.6743512623786478
mublacksmith uhhh he had red hair idk what ur talking about,neither,0.06262378153372386,0.33702013335829645,0.6003560851079797
@Str8_D1N3R0 sup man!,neither,0.03963703663028572,0.41087941302266007,0.5494835503470542
sup Str8_D1N3R0,neither,0.03945320844208391,0.33037608806864915,0.630170703489267
Hi Brady,neither,0.03945320844208391,0.33037608806864915,0.630170703489267
Ew,neither,0.03945320844208391,0.33037608806864915,0.630170703489267
Hey Ninja!!! vivHypers,neither,0.03945320844208391,0.33037608806864915,0.630170703489267
@secseabeast and @bradyboy1367 hows the noght treating you?,neither,0.05191054282177491,0.31489052972266085,0.633198927455564
ninjaBlast1 ninjaBlast2 ninjaBlast3 ninjaBlast3 ninjaBlast3 ninjaThrow,neither,0.03945320844208391,0.33037608806864915,0.630170703489267
hi SecSeaBeast how u doin bro ninjaH,neither,0.03945320844208391,0.33037608806864915,0.630170703489267
i got your great merch,neither,0.06407140602958046,0.3383765344664912,0.5975520595039283
@BradyBoy1367 tlchapPOG tlchapPOG tlchapPOG,neither,0.03945320844208391,0.33037608806864915,0.630170703489267
mr_synister_: The WIRED interview has so many dislikes don't know why,neither,0.032258772820867185,0.35204432343380404,0.6156969037453288
@Str8_D1N3R0 doing well man snowing here,neither,0.09831936989017785,0.3541211536420395,0.5475594764677827
ninjaTooth ninjaBlood ninjaAmazing ninjaBlood ninjaAmazing ninjaBlank ninjaAmazing ninjaBlank ninjaBlank ninjaAmazing ninjaBlank ninjaAmazing ninjaBlank ninjaAmazing ninjaFire ninjaAmazing ninjaFire ninjaClap ninjaFire ninjaClap,neither,0.03945320844208391,0.33037608806864915,0.630170703489267
sup VideoDoll ninjaH tlchapLOVE vivLove,neither,0.03945320844208391,0.33037608806864915,0.630170703489267
"@BradyBoy1367 no not that red, it was lila/pink",neither,0.032596503317707574,0.3873933366981704,0.5800101599841222
ninjaH ninjaH ninjaH ninjaH,neither,0.03945320844208391,0.33037608806864915,0.630170703489267
love uou best player,neither,0.03219796163903923,0.411354142986197,0.5564478953747637
"Str8_D1N3R0 its treating me well, how bout u",neither,0.025976789737654122,0.431127836410169,0.5428953738521769
ninjaClap ninjaClap ninjaClap ninjaClap ninjaClap ninjaClap ninjaClap ninjaClap ninjaClap ninjaClap ninjaClap ninjaClap ninjaClap ninjaClap ninjaClap ninjaClap ninjaClap ninjaClap ninjaClap ninjaClap ninjaClap ninjaClap ninjaClap ninjaClap ninjaClap ninjaClap ninjaClap ninjaClap ninjaClap ninjaClap ninjaClap ninjaClap ninjaClap ninjaClap ninjaClap ninjaClap,neither,0.03945320844208391,0.33037608806864915,0.630170703489267
ninjaCreep ninjaTooth,neither,0.03945320844208391,0.33037608806864915,0.630170703489267
Hey chat & @ninja ninjaHi ninjaHi ninjaH ninjaH,neither,0.03945320844208391,0.33037608806864915,0.630170703489267
@secseabeast chuck a snow ball at someone KappaHD,neither,0.03883586849583786,0.34918312832574594,0.6119810031784163
Has ninja ever played league of legends?,neither,0.03971193614882741,0.32598480365970334,0.6343032601914692
ninjaFan ninjaFan ninjaFan ninjaFan ninjaFan ninjaFan ninjaFan ninjaFan ninjaFan ninjaFan ninjaFan ninjaFan ninjaFan ninjaFan ninjaFan ninjaFan ninjaFan ninjaFan ninjaFan ninjaFan,neither,0.03945320844208391,0.33037608806864915,0.630170703489267
AFTeR DaRk,neither,0.03945320844208391,0.33037608806864915,0.630170703489267
i fot your hoodie,neither,0.08339731067507743,0.3181222275401868,0.5984804617847358
@Str8_D1N3R0 watch out,neither,0.0408050274106239,0.3547319020044548,0.6044630705849212
ninjaHype ninjaHype ninjaHype ninjaHype ninjaHype ninjaHype ninjaHype ninjaHype ninjaHype ninjaHype ninjaHype ninjaHype ninjaHype ninjaHype ninjaHype ninjaHype ninjaHype ninjaHype ninjaHype ninjaHype ninjaHype,neither,0.03945320844208391,0.33037608806864915,0.630170703489267
@xxbezerk_bunnyxx yes I think he even peaked diamond 1 or 2 in season 4 I think,neither,0.04332686911751301,0.32500740755084495,0.631665723331642
ninjaCreep,neither,0.03945320844208391,0.33037608806864915,0.630170703489267
sup dudes,neither,0.03945320844208391,0.33037608806864915,0.630170703489267
@bradyboy1367 chilling abput to eat some sushi food lupoK,neither,0.037692566378686954,0.33794667265836414,0.6243607609629489
Hi ninja!!,neither,0.03945320844208391,0.33037608806864915,0.630170703489267
"Download Discord here - discord.gg/ninja - Subscribers, connect your Discord to Twitch by – Clicking the cogwheel at the bottom, go to Connections, click Twitch and click “join” under the Ninja server. All subs are welcome to join at any time to hang out! (If you recently subscribed it may take up to 30 minutes before you can connect to the sub server.) Follow this image to connect as well - https://goo.gl/yX9sFR",neither,0.06809260872529874,0.3753919629243179,0.5565154283503834
"it's 3 am here in Germany, have to go to bed @Ninja goodnight, Tyler",neither,0.0718969174649409,0.3123763171741616,0.6157267653608974
"mublacksmith nah, it was cause it was right after he got his hair dyed, and it was really close up. ive been watching him for the last year, hes never had any other hair color besides now that looked like the one in the vid",neither,0.041569553460350774,0.3784763138417899,0.5799541326978592
"Cannot wait for the New Years eve stream, gonna be lit! ninjaFire ninjaFire ninjaFire",neither,0.03715303484184317,0.2824300466794268,0.68041691847873
Str8_D1N3R0 POGGERS i love sushi soooo much,neither,0.034085184784472616,0.34227394599786143,0.6236408692176658
ninjaChance,neither,0.03945320844208391,0.33037608806864915,0.630170703489267
Hey,neither,0.03945320844208391,0.33037608806864915,0.630170703489267
ninjaPon,neither,0.03945320844208391,0.33037608806864915,0.630170703489267
ninjaPon,neither,0.03945320844208391,0.33037608806864915,0.630170703489267
ninjaPon,neither,0.03945320844208391,0.33037608806864915,0.630170703489267
@secseabeast dont make it a lemon snow ball lupoCREEP,neither,0.03838192677803296,0.33074455095718247,0.6308735222647847
Yarrrrameen,neither,0.03945320844208391,0.33037608806864915,0.630170703489267
Is it just me or does he always play FF when true is playing fortnite,neither,0.028336363060553087,0.48323218427089776,0.48843145266854904
:),neither,0.03945320844208391,0.33037608806864915,0.630170703489267
At iD Tech camps you can learn all about how games are made and start building your own game future this summer. Check it out: www.idtech.com/fortnite #ad,neither,0.07849295833611333,0.3389748549213327,0.5825321867425539
@Str8_D1N3R0 I'm no r kelly,neither,0.038391190278684685,0.34840130794807905,0.6132075017732364
ninjaPon,neither,0.03945320844208391,0.33037608806864915,0.630170703489267
"@BradyBoy1367 he had pink, when a similar skin came out at that time too, months ago",neither,0.031481792453655365,0.4100828161729281,0.5584353913734166
tlchapSIP tlchapSIP tlchapSIP tlchapSIP tlchapSIP,neither,0.03945320844208391,0.33037608806864915,0.630170703489267
@14ms14 its just you,neither,0.04618462559436896,0.47249115451003276,0.4813242198955983
"mublacksmith ya, but the pink was very prominent, didnt look like red at all",offensive_language,0.034576929203370334,0.5404318181464792,0.42499125265015036
"@secseabeast you should , take dofferent heights LUL",neither,0.06486141534838838,0.4011696246071003,0.5339689600445114
@Ninja the color of your hoodie looks way too good on you tyler,neither,0.06514918240830209,0.3516483445356966,0.5832024730560013
FFearFFul FeelsBadMan,neither,0.03945320844208391,0.33037608806864915,0.630170703489267
new headphones? what are they?,neither,0.07879603808663257,0.19869824074357542,0.7225057211697921
:P,neither,0.03945320844208391,0.33037608806864915,0.630170703489267
wait is this the good camera?,neither,0.045680854557347494,0.3138419796468657,0.6404771657957868
It does seem like that,offensive_language,0.0287336818999828,0.5123125722638546,0.45895374583616255
wtf is this,offensive_language,0.05875134067276458,0.7027317341486384,0.23851692517859707
@ninja you ever gonna try retail?,neither,0.05372117059074203,0.42189734764979414,0.5243814817594639
bring your piss bottle to NY,neither,0.07113625784873774,0.3197864091420454,0.6090773330092167
heyyy,neither,0.03945320844208391,0.33037608806864915,0.630170703489267
Play fort with dr lupo!!!!!,neither,0.027669900364519332,0.3719958847860912,0.6003342148493894
what up,neither,0.04549209283961305,0.43877665191533993,0.5157312552450469
I like da music ninjaThirst,offensive_language,0.12486901799118691,0.5219125802428638,0.3532184017659494
"Guarantee your PC gaming performance with BLD by NZXT. The simplest way to get a customized gaming PC. Choose the games you want to play, set a budget, and BLD takes care of the rest. Built and shipped within 48 hours with a 2-year warranty. https://nzxt.co/Ninja ninja10 ninja10",neither,0.046024978110057846,0.33494880951390904,0.6190262123760332
"14ms14 no, watch legit one of the thousands of other channels playing fortnite",neither,0.041037368987946334,0.3457510512754485,0.6132115797366051
"@14ms14 Yup, I noticed that too",neither,0.0357646995193559,0.3718604872703028,0.5923748132103414
And tim,neither,0.03846438058034846,0.2787701933039564,0.6827654261156952
STOP ASKING FOR FORNITE,neither,0.03180195744878937,0.37977635481087496,0.5884216877403358
ninjaBlast1 ninjaBlast2 ninjaBlast3 ninjaBlast3 ninjaBlast3 ninjaLlama ninjaSplode ninjaBlood,neither,0.03945320844208391,0.33037608806864915,0.630170703489267
hey ninja merry christmas boss and happy new year soon,neither,0.04098163579348921,0.2575104707150661,0.7015078934914448
wearing a ninja hoodie rn what's up,neither,0.041277441306377526,0.36414780233303,0.5945747563605925
@Ninja are these the good cameras?,neither,0.06887796380180042,0.33134343747922534,0.5997785987189742
Hope you have good rest of your day Ninja,neither,0.1305121640191686,0.25672779482743147,0.6127600411534
sup SeanBits,neither,0.03945320844208391,0.33037608806864915,0.630170703489267
FFXI PogChamp,neither,0.03945320844208391,0.33037608806864915,0.630170703489267
oh hey again brady,neither,0.04248784668314112,0.3134325622720644,0.6440795910447945
ninjaS ninjaS ninjaS ninjaS ninjaS,neither,0.03945320844208391,0.33037608806864915,0.630170703489267
Hi ninja,neither,0.03945320844208391,0.33037608806864915,0.630170703489267
ninjaChocobo ninjaChocobo ninjaChocobo,neither,0.03945320844208391,0.33037608806864915,0.630170703489267
SeanBits how u doin bro,neither,0.03945320844208391,0.33037608806864915,0.630170703489267
will you do fortnite later,neither,0.06796493223796475,0.35983360685955135,0.5722014609024839
Was duo ninja,neither,0.03934917719428668,0.3321417698436901,0.6285090529620233
ninjaHmm ninjaHmm ninjaHmm ninjaHmm ninjaHmm ninjaHmm,neither,0.03945320844208391,0.33037608806864915,0.630170703489267
ninjaRed ninjaBull,neither,0.03945320844208391,0.33037608806864915,0.630170703489267
you are awsome,neither,0.3074667772907956,0.2930344039624175,0.399498818746787
,neither,0.03945320844208391,0.33037608806864915,0.630170703489267
PixelBob,neither,0.03945320844208391,0.33037608806864915,0.630170703489267
Waddup,neither,0.03945320844208391,0.33037608806864915,0.630170703489267
NO HE ISNT PLAYING FORTNITE LATER,neither,0.043365543341405445,0.3409248160384889,0.6157096406201056
good lol just bough a 144hrtz monitor cant wait to get it,neither,0.031508747880515754,0.4058800048524907,0.5626112472669936
San d'Oria #1 !!!,neither,0.03945320844208391,0.33037608806864915,0.630170703489267
Sippin on some egg nog + baileys,neither,0.0325284152506935,0.34802643238929365,0.6194451523600129
ninjaCreep,neither,0.03945320844208391,0.33037608806864915,0.630170703489267
ninjaBlast1 ninjaBlast2 ninjaBlast3 ninjaBlast3 ninjaBlast3 ninjaBlast3 ninjaBlast3 ninjaBlast3 ninjaBlast3,neither,0.03945320844208391,0.33037608806864915,0.630170703489267
my sister in NY said most wear adult diapers due to no available bathrooms,neither,0.036040416108534104,0.3786815515704904,0.5852780323209755
ninjaChocobo ninjaShrug ninjaChocobo,neither,0.03945320844208391,0.33037608806864915,0.630170703489267
sup WhaleXO,neither,0.03945320844208391,0.33037608806864915,0.630170703489267
@bradyboy1367 why you so mad bro?,neither,0.04216846093401241,0.47367126209888233,0.4841602769671053
ninjaTube,neither,0.03945320844208391,0.33037608806864915,0.630170703489267
Lame,neither,0.16033601909109096,0.07497272398777306,0.7646912569211359
!followage,neither,0.03945320844208391,0.33037608806864915,0.630170703489267
If you have BTTV type: /Followed ; You can get the bttv add on here: https://goo.gl/ubBaAw,neither,0.07298282171886315,0.4142730566823515,0.5127441215987854
ninjaChocobo ninjaChocobo ninjaChocobo,neither,0.03945320844208391,0.33037608806864915,0.630170703489267
,neither,0.03945320844208391,0.33037608806864915,0.630170703489267
ninjaChocobo ninjaChocobo,neither,0.03945320844208391,0.33037608806864915,0.630170703489267
@Ninja will you have the good cameras fixed before new years?,neither,0.04812082255089045,0.32121044176143504,0.6306687356876746
!uptime,neither,0.03945320844208391,0.33037608806864915,0.630170703489267
Ninja has been streaming for 12 minutes 27 seconds,neither,0.036159176253642976,0.3129902678850855,0.6508505558612716
Let's go!!,neither,0.01806316484133749,0.39391011985298136,0.5880267153056813
"Glad you had a nice Christmas @ninja. Can't wait for New Year's! I wish you and your family continued success, love, and fun!",neither,0.06621043229773788,0.272314480450517,0.661475087251745
"Yo Ninja! Love that you are playing FFXI! I’ve been playing since 2004 and still to this day! I am curious tho, why Nasomi? Nostalgia? Either way love your FFXI streams 💜",neither,0.043111592651326414,0.3681822198893292,0.5887061874593444
Ninja you sell gear at Walmart?,neither,0.05018977415491971,0.3812448498104561,0.5685653760346241
"lwhiteyeezyl because its annoying when a.) 50 million ppl in chat ask for fortnite, b.) there are literally thousands of other channels streaming fortnite, and c.) he played fortnite this morning and ppl can just check the VOD",neither,0.04068009017370902,0.2353402701092787,0.7239796397170124
"Good evening mods, chat and @Ninja",neither,0.03837434199646092,0.3006485276226486,0.6609771303808906
,neither,0.03945320844208391,0.33037608806864915,0.630170703489267
@Enthropy86 Good Evening,neither,0.03869882722860525,0.3306355543605695,0.6306656184108252
Pog,neither,0.03945320844208391,0.33037608806864915,0.630170703489267
ninjaPon,neither,0.03945320844208391,0.33037608806864915,0.630170703489267
ninjaPon,neither,0.03945320844208391,0.33037608806864915,0.630170703489267
@bradyboy1367 Relax my dude enjoy the stream,neither,0.03059107651983897,0.3799884266312055,0.5894204968489556
