text,top_class,hate_speech,offensive_language,neither
Damn he really wants that 100k,offensive_language,0.0460203966222043,0.750597453147167,0.2033821502306288
hello xd,neither,0.03945320844208391,0.33037608806864915,0.630170703489267
WE LIT,neither,0.03924892783712686,0.3338432630646662,0.626907809098207
Refresh,neither,0.03945320844208391,0.33037608806864915,0.630170703489267
Love to see you grinding the stream like you always do,neither,0.07971678585303874,0.44710066976564855,0.4731825443813128
!stats,neither,0.03945320844208391,0.33037608806864915,0.630170703489267
View ninjas Fortnite stats here -> https://goo.gl/32yptu,neither,0.07686991141189878,0.2992569329389562,0.6238731556491449
!playlist,neither,0.03945320844208391,0.33037608806864915,0.630170703489267
!uptime,neither,0.03945320844208391,0.33037608806864915,0.630170703489267
Ninja has been streaming for 44 seconds,neither,0.03583218129919203,0.31126190531093073,0.6529059133898771
Get dat 100k ninja,neither,0.03901458486527902,0.3378206748833456,0.6231647402513754
,neither,0.03945320844208391,0.33037608806864915,0.630170703489267
you always start work this early?,neither,0.05577513325254863,0.4122656533674186,0.5319592133800327
Hi Ninja !,neither,0.03945320844208391,0.33037608806864915,0.630170703489267
Yes,neither,0.03945320844208391,0.33037608806864915,0.630170703489267
incoming flood of notif kids,neither,0.03945320844208391,0.33037608806864915,0.630170703489267
jeeze.... i usually have no one to watch right now. why ARE you up? lol,offensive_language,0.057469600600482694,0.47716818052046267,0.4653622188790546
"7am-3:30pm Eastern, Mon-Fri",neither,0.03945320844208391,0.33037608806864915,0.630170703489267
Hi Ninja,neither,0.03945320844208391,0.33037608806864915,0.630170703489267
Hey,neither,0.03945320844208391,0.33037608806864915,0.630170703489267
ninjaHype,neither,0.03945320844208391,0.33037608806864915,0.630170703489267
Hahaha LUL,neither,0.03945320844208391,0.33037608806864915,0.630170703489267
Yay you’re back,neither,0.0883573563768584,0.34716378800365105,0.5644788556194905
Hi ninja why so early,neither,0.031271353323803056,0.3597056963504378,0.6090229503257591
!live,neither,0.04891340716200846,0.3271222919257548,0.6239643009122369
LUL what was that dude even trying to shoot,neither,0.05963437718534906,0.32065993393340797,0.6197056888812429
,neither,0.03945320844208391,0.33037608806864915,0.630170703489267
great song!!,neither,0.03651649109626959,0.3077338650154305,0.6557496438883
ninja??? why are you awake,neither,0.0646534261897985,0.34469818626024723,0.5906483875499542
it's 9:51 pm on moday,neither,0.03437361086305743,0.3476989076778639,0.6179274814590788
"oh 7, I thought it was like 5 LUL then its not too bad",neither,0.0429094792446666,0.24706593325298218,0.7100245875023511
Ninja after after dark,neither,0.03945320844208391,0.33037608806864915,0.630170703489267
"@oglampshade22 he hasnt gotten off yet, been on for a while",neither,0.03622283269068588,0.3203557990414855,0.6434213682678286
What a wonderful surprise i wake up for school qnd ninja is reking kids,neither,0.041689027711692944,0.3374116155022377,0.6208993567860693
!uptime,neither,0.03945320844208391,0.33037608806864915,0.630170703489267
Ninja has been streaming for 2 minutes 4 seconds,neither,0.035678679601720456,0.31045049647393935,0.6538708239243401
It's about to be 6am here Alex,neither,0.08098013513070138,0.3207322389460002,0.5982876259232984
great song,neither,0.03651649109626959,0.3077338650154305,0.6557496438883
It’s too crazy there’s about 30 people here,neither,0.0911242578306958,0.3716722727982529,0.5372034693710512
"ugh, this album hits so close to me,",neither,0.03826717293915609,0.38952116534384224,0.5722116617170017
6am skating,neither,0.03945320844208391,0.33037608806864915,0.630170703489267
4:52AM here and im at work lol thank god youre live,neither,0.07314771232735152,0.35201906290862794,0.5748332247640205
"I'm awake too, mad sick and my cough is keeping me up",neither,0.03044605957036563,0.4099185132941769,0.5596354271354574
Ayeeeee,neither,0.03945320844208391,0.33037608806864915,0.630170703489267
it's 2:52 in the morning,neither,0.04433611709413759,0.1850113010118621,0.7706525818940004
Sammee,neither,0.03945320844208391,0.33037608806864915,0.630170703489267
I think I'm dying inside,neither,0.036103410041061684,0.14824544396383144,0.8156511459951069
lol look at his eyes,neither,0.06087889095123522,0.38872431034862037,0.5503967987001445
gg,neither,0.03945320844208391,0.33037608806864915,0.630170703489267
Cute Is What We Aim For - Teasing To Please,neither,0.05065534440491249,0.2830369774516291,0.6663076781434584
!uptime,neither,0.03945320844208391,0.33037608806864915,0.630170703489267
Ninja has been streaming for 2 minutes 57 seconds,neither,0.035678679601720456,0.31045049647393935,0.6538708239243401
ninjaBlast1 ninjaBlast2 ninjaBlast3,neither,0.03945320844208391,0.33037608806864915,0.630170703489267
All good brother,neither,0.04105568530681578,0.42885152580694375,0.5300927888862405
lolol,neither,0.03945320844208391,0.33037608806864915,0.630170703489267
It’s 5:54 for me,neither,0.017356956691815507,0.35259402456505945,0.630049018743125
ninjaPopcorn,neither,0.03945320844208391,0.33037608806864915,0.630170703489267
452 here am,neither,0.13730754398843772,0.2626346527658901,0.600057803245672
Love you,offensive_language,0.079837142191777,0.5038574454704381,0.4163054123377849
5:53 am here,neither,0.08583807522881273,0.29302898815480216,0.621132936616385
Gg,neither,0.03945320844208391,0.33037608806864915,0.630170703489267
is this the Used ??,neither,0.05027159911123626,0.305788288555861,0.6439401123329027
"hello ninja, cent believe youre up",neither,0.04388715334510859,0.36197102643247986,0.5941418202224116
11:53 am here in Spain xd,neither,0.07689881884656244,0.2991279353486307,0.6239732458048068
654 here,neither,0.22097653003277068,0.2221615150675793,0.55686195489965
what's up.. watching from work in the ER,neither,0.04172534056767817,0.3406925875039331,0.6175820719283887
GOAT,neither,0.03945320844208391,0.33037608806864915,0.630170703489267
Whoa that painting is DOPE AF!,neither,0.04213438206843397,0.3578387384444173,0.6000268794871487
Gm ninja,neither,0.03945320844208391,0.33037608806864915,0.630170703489267
ninjaHi ninjaHi,neither,0.03945320844208391,0.33037608806864915,0.630170703489267
Ayeee ninja,neither,0.03945320844208391,0.33037608806864915,0.630170703489267
ninja is EU friendly now,neither,0.047019742570980204,0.32777361001374017,0.6252066474152796
It’s all love ninja. Stay good stay true,neither,0.03727615791741929,0.38677107836322105,0.5759527637193598
5:53 AM ninjaRekt ninjaRekt,neither,0.039246452605914695,0.33044720088162116,0.6303063465124641
It's 11am here in the UK Pog,neither,0.07286927597140613,0.28805776934055805,0.6390729546880358
The used. My high school days,neither,0.026318673781879926,0.4603535833278841,0.5133277428902361
@pulmonarypaul go save some lives bro,neither,0.03310862151299865,0.3467353433922425,0.6201560350947588
@pulmonarypaul Oh wow !,neither,0.04699983224225219,0.25967008852857676,0.6933300792291711
how long you been streaming,neither,0.053613649826703844,0.3752376119349618,0.5711487382383345
Youre The best ninja,neither,0.046897833128843984,0.30651310455084807,0.6465890623203079
mmf goodmorning,neither,0.03945320844208391,0.33037608806864915,0.630170703489267
3:53 am here,neither,0.08583807522881273,0.29302898815480216,0.621132936616385
✌🏻✌🏻✌🏻✌🏻,neither,0.03945320844208391,0.33037608806864915,0.630170703489267
love ya @ninja,offensive_language,0.023360931082522574,0.5936026413004022,0.3830364276170751
Lmao,neither,0.03705015143476208,0.3711622369619404,0.5917876116032975
Good morning,neither,0.04970930963283925,0.13564577574880146,0.8146449146183593
5am?,neither,0.03945320844208391,0.33037608806864915,0.630170703489267
You’re amazing man! Love you,offensive_language,0.111716416180702,0.4969411570334904,0.39134242678580766
Down goes Goku,neither,0.03945320844208391,0.33037608806864915,0.630170703489267
4Head,neither,0.03945320844208391,0.33037608806864915,0.630170703489267
I feel like Tyler hasn't said a word in an hour lmao,neither,0.04554064548613462,0.3476858079252189,0.6067735465886465
😅😅😅😅,neither,0.03945320844208391,0.33037608806864915,0.630170703489267
hes destroying everything,neither,0.03945320844208391,0.33037608806864915,0.630170703489267
i totally just used my free twitch prime sub on ninja just like all of you can with twitch prime,neither,0.03574828961679975,0.4418657023718318,0.5223860080113683
Hi ninja hope your feeling good today,neither,0.09365255673885922,0.22519186199613503,0.6811555812650056
Almost 5am 😂,neither,0.03945320844208391,0.33037608806864915,0.630170703489267
he can’t sleep with jess 🥰,neither,0.033899876680487814,0.35771002480569714,0.6083900985138151
I love u ninja,neither,0.03604913326827992,0.3463049680281636,0.6176458987035566
make it clap,neither,0.03784806387857808,0.3309281708889099,0.6312237652325121
i should be asleep but goodmorning,neither,0.04746066528991868,0.3759434459186921,0.5765958887913892
we lit for work,neither,0.03319587305495911,0.30249612455662106,0.6643080023884198
2:58 am here,neither,0.08583807522881273,0.29302898815480216,0.621132936616385
5:54 EST,neither,0.03945320844208391,0.33037608806864915,0.630170703489267
Rocking Gucci,neither,0.03945320844208391,0.33037608806864915,0.630170703489267
How many of this red bulls you think you could drink in one go?,neither,0.06359800612369801,0.415584871211038,0.520817122665264
hi ninjaFan,neither,0.03945320844208391,0.33037608806864915,0.630170703489267
Gm,neither,0.03945320844208391,0.33037608806864915,0.630170703489267
@ninja hello from Germany ❤️❤️❤️❤️❤️,neither,0.04026775939829801,0.3165510325330974,0.6431812080686046
Grinding,neither,0.03945320844208391,0.33037608806864915,0.630170703489267
Ninja I’m from your hometown bro like same neighborhood swear to god,neither,0.07904160665257284,0.3248285482951946,0.5961298450522327
this the longest I seen ninja stream,neither,0.038772672160361114,0.3202461392995511,0.6409811885400878
is your sword also in here mitch?,neither,0.14612211642264614,0.2770425094897705,0.5768353740875833
Gucci sweatshirt next skin on fortnite,neither,0.036724521598102966,0.35049761025084786,0.6127778681510491
Red bull for breakfast? ninjaRed ninjaBull,neither,0.03410383867527203,0.3032461390643337,0.6626500222603944
why is he doing lmao its 5am,neither,0.033981848469035535,0.3550659443269994,0.610952207203965
I hope your drinking redbull,neither,0.16145146543533279,0.18057922164030255,0.6579693129243647
Do you notice comments?,neither,0.05716346345555089,0.37460865089569023,0.5682278856487589
yeah.. its slowed down a little so I'm sneaking a little stream time,neither,0.025865863257668764,0.4382568203397361,0.5358773164025952
I’m so hungry,neither,0.03940902202319663,0.3995870873114355,0.5610038906653679
I love u ninja ninjaPon,neither,0.03604913326827992,0.3463049680281636,0.6176458987035566
Crack open that red Ibull,neither,0.03563308870993297,0.36890249720203083,0.5954644140880361
Grayslake,neither,0.03945320844208391,0.33037608806864915,0.630170703489267
Hier,neither,0.03945320844208391,0.33037608806864915,0.630170703489267
Every one Show ninja mad love ninjaFan ninjaH ninjaH ninjaH ninjaH ninjaFan ninjaFan ninjaFan ninjaFan ninjaStars ninjaStars ninjaStars ninjaH ninjaH ninjaH ninjaH ninjaH ninjaH,neither,0.0485239970396252,0.30388309994616475,0.6475929030142101
I could use a Red Bull right now,neither,0.01639926031713946,0.4185800398244098,0.5650206998584507
Bruh literally driving from Texas to Florida rn,neither,0.044582969298878665,0.31598560477997356,0.6394314259211479
AFTER DARKKKKKKKK,neither,0.03945320844208391,0.33037608806864915,0.630170703489267
YAYAYATAYAT,neither,0.03945320844208391,0.33037608806864915,0.630170703489267
DO ITTTTTT,neither,0.04358573029058539,0.32895472430567013,0.6274595454037444
!uptime,neither,0.03945320844208391,0.33037608806864915,0.630170703489267
Ninja has been streaming for 4 minutes 45 seconds,neither,0.035984600059225234,0.31206755396997676,0.6519478459707979
@zbob *youre,neither,0.05768671545047293,0.3241047489000141,0.618208535649513
anyone 1v1 add me on epic juliusnyc,neither,0.03258243035132399,0.3667152502636653,0.6007023193850106
ninjaFan ninjaFan ninjaFan ninja10 ninja10 ninja10,neither,0.03945320844208391,0.33037608806864915,0.630170703489267
Yes Alex,neither,0.03945320844208391,0.33037608806864915,0.630170703489267
ninjaH ninjaH ninjaH ninjaH ninjaH ninjaH ninjaH ninjaH ninjaH ninjaH ninjaH ninjaH ninjaH ninjaH ninjaH ninjaH ninjaH ninjaHi ninjaHi ninjaHi ninjaHi ninjaHi ninjaHi ninjaBlast1 ninjaBlast2 ninjaBlast3,neither,0.03945320844208391,0.33037608806864915,0.630170703489267
You can see it,neither,0.06957137263233605,0.4121841083602551,0.5182445190074089
BagOfMemes TwitchCop TwitchCop TwitchCop TwitchCop,neither,0.03945320844208391,0.33037608806864915,0.630170703489267
Why did I just get the notif now,neither,0.022486349431404384,0.36258795474627764,0.6149256958223179
ninjaBlast1 ninjaBlast2 ninjaBlast3 ninjaH ninjaH ninjaH ninjaH ninjaBlast3 ninjaBlast3 ninjaBlast3 ninjaBlast3,neither,0.03945320844208391,0.33037608806864915,0.630170703489267
Grüße aus Deutschland,neither,0.03945320844208391,0.33037608806864915,0.630170703489267
PokGengar,neither,0.03945320844208391,0.33037608806864915,0.630170703489267
Why am I up too wtf,offensive_language,0.027531681734399127,0.6694688238880745,0.3029994943775263
wait I can?,neither,0.03991073413903658,0.3226106829444422,0.6374785829165213
ninjaCry ninjaCry ninjaCry ninjaCry ninjaCry ninjaCry ninjaCry ninjaCry ninjaCry ninjaCry ninjaCry ninjaCry,neither,0.03945320844208391,0.33037608806864915,0.630170703489267
I got school at 6:30,neither,0.03713671276206711,0.4088928142691786,0.5539704729687542
Top left of the cam,neither,0.038651461289291145,0.3157492418448275,0.6455992968658812
"@Lil_Sull he was live before, then went offline and back on so the notification could go up.",neither,0.03897203532451469,0.399501417285563,0.5615265473899221
Are you still up from last night???,neither,0.07475821024340742,0.38723532161271357,0.538006468143879
@Lil_Sull he just restarted his stream to send out the notification,neither,0.058176908106643714,0.34177291753072286,0.6000501743626334
I’m tired,neither,0.03945320844208391,0.33037608806864915,0.630170703489267
ninjaBlast1 ninjaBlast2 ninjaBlast3 ninjaBlast3 ninjaBlast3 ninjaBlast3 ninjaBlast3,neither,0.03945320844208391,0.33037608806864915,0.630170703489267
Hi,neither,0.03945320844208391,0.33037608806864915,0.630170703489267
Thanks reversal,neither,0.035884468650613,0.3004919205142699,0.6636236108351171
oh nice,neither,0.047157506312557065,0.25827831660427925,0.6945641770831636
ayyye,neither,0.03945320844208391,0.33037608806864915,0.630170703489267
Yay,neither,0.03945320844208391,0.33037608806864915,0.630170703489267
No sleep gang,neither,0.038525256948031064,0.34612584668314494,0.6153488963688241
ninjaTilt ninjaTilt,neither,0.03945320844208391,0.33037608806864915,0.630170703489267
ninjaClap ninjaClap ninjaClap ninjaClap,neither,0.03945320844208391,0.33037608806864915,0.630170703489267
Same,neither,0.04148851938089603,0.3488915597363099,0.609619920882794
@diazhernn81 Yezzir,neither,0.03945320844208391,0.33037608806864915,0.630170703489267
!uptime,neither,0.03945320844208391,0.33037608806864915,0.630170703489267
Ninja has been streaming for 5 minutes 45 seconds,neither,0.035984600059225234,0.31206755396997676,0.6519478459707979
Huh?,neither,0.03945320844208391,0.33037608806864915,0.630170703489267
European stream :D,neither,0.03945320844208391,0.33037608806864915,0.630170703489267
sleep but up for work gang,neither,0.029372041731766784,0.3552909696173264,0.6153369886509069
,neither,0.03945320844208391,0.33037608806864915,0.630170703489267
Morning stream in 4 hours Ninja I hope you’re ready ninjaAmazing ninjaAmazing,neither,0.10614703313873891,0.179650564784417,0.714202402076844
!time,neither,0.036668274527354654,0.377643684699956,0.5856880407726893
"January 7th 2019, 4:56:18 am CST GMT-06:00",neither,0.03934898463137204,0.33041193541639857,0.6302390799522293
Ninja you there,neither,0.059386450401317056,0.32933749692375813,0.6112760526749249
Love that you’re streaming this late,neither,0.06298595050430371,0.39118961512367073,0.5458244343720257
go to bed ninj,neither,0.051518210713321855,0.33031360261504533,0.6181681866716328
ninjaTooth,neither,0.03945320844208391,0.33037608806864915,0.630170703489267
good music!havent what’s the used I. Years,neither,0.04236817302420558,0.31512720329022953,0.6425046236855648
ninjaH ninjaH ninjaH ninjaH ninjaH ninjaDance ninjaDance ninjaDance ninjaDance ninjaDance ninjaDance ninjaDance ninjaDance ninjaH ninjaH ninjaH ninjaH ninjaH ninjaH ninjaH,neither,0.03945320844208391,0.33037608806864915,0.630170703489267
!uptime,neither,0.03945320844208391,0.33037608806864915,0.630170703489267
Let’s go,neither,0.01806316484133749,0.39391011985298136,0.5880267153056813
!uptime,neither,0.03945320844208391,0.33037608806864915,0.630170703489267
Ninja has been streaming for 6 minutes 19 seconds,neither,0.03599172463842539,0.3121052117711978,0.6519030635903768
best stream to wake up to,neither,0.04773979211121294,0.35960527609685367,0.5926549317919335
Just woke up,neither,0.030695739750380056,0.42645582162469087,0.5428484386249292
Its 12pm in Central Europe,neither,0.03437239534203451,0.3321236126775022,0.6335039919804634
Anyone else been watchin GDQ? raysPog,neither,0.03916992496401019,0.3351841480025251,0.6256459270334647
!uptime,neither,0.03945320844208391,0.33037608806864915,0.630170703489267
ninjaBlank,neither,0.03945320844208391,0.33037608806864915,0.630170703489267
sup,neither,0.03945320844208391,0.33037608806864915,0.630170703489267
Perfect mid day break from work lol,neither,0.03475723360181858,0.3467607777179986,0.6184819886801829
ninjaChug ninjaChug ninjaChug,neither,0.03945320844208391,0.33037608806864915,0.630170703489267
jebus,neither,0.03945320844208391,0.33037608806864915,0.630170703489267
ninjaHi,neither,0.03945320844208391,0.33037608806864915,0.630170703489267
I just woke up,neither,0.030695739750380056,0.42645582162469087,0.5428484386249292
,neither,0.03945320844208391,0.33037608806864915,0.630170703489267
did he get any sleep?,neither,0.04457113516093796,0.33758811129899075,0.6178407535400713
It’s nice to be up at 5:00 am,neither,0.04090789740656126,0.39554744489017574,0.5635446577032631
yoooooo,neither,0.03945320844208391,0.33037608806864915,0.630170703489267
I wish I lived in Europe TearGlove,neither,0.03945320844208391,0.33037608806864915,0.630170703489267
It’s 3 am here night lol,neither,0.06057548559407459,0.3520184694237533,0.5874060449821722
ninjaTroll ninjaTroll,neither,0.03945320844208391,0.33037608806864915,0.630170703489267
Music SO LOUD,neither,0.03940919125169601,0.38264678255495166,0.5779440261933523
ninjaBlast1,neither,0.03945320844208391,0.33037608806864915,0.630170703489267
How is ninja doing today?,neither,0.04541763210558455,0.3079162796023287,0.6466660882920867
Fishstick 4Head,neither,0.03945320844208391,0.33037608806864915,0.630170703489267
CANT HEAR YOU,neither,0.06308828617938321,0.39534119910670873,0.541570514713908
LUL,neither,0.03945320844208391,0.33037608806864915,0.630170703489267
ninjaHi ninjaK,neither,0.03945320844208391,0.33037608806864915,0.630170703489267
LUL,neither,0.03945320844208391,0.33037608806864915,0.630170703489267
llol smth is wrong,neither,0.0552392310992362,0.32494655099927405,0.6198142179014898
Ninjaaa,neither,0.03945320844208391,0.33037608806864915,0.630170703489267
lul,neither,0.03945320844208391,0.33037608806864915,0.630170703489267
Why am I still awake..,neither,0.02802403725229295,0.35989826321613455,0.6120776995315725
ninjaIQ ninjaIQ ninjaIQ ninjaIQ ninjaIQ ninjaIQ,neither,0.03945320844208391,0.33037608806864915,0.630170703489267
ין מןמחש,neither,0.03945320844208391,0.33037608806864915,0.630170703489267
music so loud,neither,0.03940919125169601,0.38264678255495166,0.5779440261933523
I already saved a few lives... they all good now,neither,0.039404660367552004,0.39544644307929205,0.5651488965531559
Lol,neither,0.020706217963973744,0.4882283491876925,0.4910654328483337
He ruined our vibe bro,neither,0.04375320150551186,0.3288971232753635,0.6273496752191247
Real Ninja Hours,neither,0.03297466452873722,0.4439409256308566,0.5230844098404064
Yikes,neither,0.03945320844208391,0.33037608806864915,0.630170703489267
The sweaty people start early,neither,0.06492612086648539,0.2932088715023042,0.6418650076312103
SO LOUD,neither,0.03940859138782646,0.3968017356237245,0.5637896729884492
You’re hot,neither,0.12078705823259397,0.35335418871554825,0.5258587530518578
chinese invading again @Ninja LuL,neither,0.038317451836285446,0.3496528417575938,0.6120297064061209
the name of this stream lol SAME,neither,0.0327451311028613,0.3706643991519915,0.5965904697451472
ninjacheer1000 ninjacheer100 ninjacheer100 ninjacheer100,neither,0.03945320844208391,0.33037608806864915,0.630170703489267
Lol facts,neither,0.029191683330850524,0.4072214580823061,0.5635868585868433
11am in UK,neither,0.03945320844208391,0.33037608806864915,0.630170703489267
Same damm fish,neither,0.041161500435671135,0.32195983294394076,0.6368786666203882
WOHOO,neither,0.03945320844208391,0.33037608806864915,0.630170703489267
what is wrong iwth u lol,neither,0.04603815216071432,0.3946494960501795,0.5593123517891061
!drink,neither,0.03945320844208391,0.33037608806864915,0.630170703489267
he farted,neither,0.04561521575311005,0.3282566911918292,0.6261280930550607
ninjaBlast1 ninjaBlast2 ninjaBlast3 ninjaBlast3 ninjaBlast3 ninjaBlast3 ninjaPog,neither,0.03945320844208391,0.33037608806864915,0.630170703489267
"He’s a fish man, they never sleep",neither,0.04140905280504482,0.4060064981610671,0.552584449033888
Hi Ninja. Interesting to see you up! Its 1pm here!,neither,0.08451568317953995,0.37104544626997593,0.5444388705504841
u drunk?,neither,0.03945320844208391,0.33037608806864915,0.630170703489267
is ninja drunk? xD,neither,0.04812325258348421,0.3273940623183236,0.6244826850981923
hahaha,neither,0.03945320844208391,0.33037608806864915,0.630170703489267
We out hereeeee,neither,0.03091112730536171,0.3686879857550975,0.6004008869395409
4 MORE BATTLE STARS!!!!,neither,0.04116976382377735,0.32141120597164613,0.6374190302045766
Dr Lupo lol,neither,0.029805912114948485,0.40205111358152873,0.5681429743035228
LUL LUL,neither,0.03945320844208391,0.33037608806864915,0.630170703489267
!drunk,neither,0.03945320844208391,0.33037608806864915,0.630170703489267
Ninja is completely sober right now. \ MingLee /,neither,0.044482544906504835,0.3416268926575897,0.6138905624359056
Hes mad he can’t sleep so he shit on you,offensive_language,0.06631056517430392,0.9276182106316014,0.006071224194094655
@Ninja turn the volume down just a tad please???,neither,0.03618338743775674,0.3331574866569243,0.6306591259053189
!song,neither,0.038601720699969956,0.3448280572582511,0.616570222041779
Fish dont sleep forehead,neither,0.04032123501849313,0.3156434116981384,0.6440353532833684
https://www.shazam.com/,neither,0.03945320844208391,0.33037608806864915,0.630170703489267
I'm a respiratory therapist.. not a nurse or doctor.. but we all get along,neither,0.03724686955016795,0.3876885637555971,0.5750645666942349
YOU CAN DIE FROM ALL NIGHTERS,neither,0.4108473904050253,0.1457411103184099,0.4434114992765648
Ninja okay? Lmfao LUL LUL LUL,neither,0.042045204685168244,0.329484581703103,0.6284702136117288
!uptime,neither,0.03945320844208391,0.33037608806864915,0.630170703489267
Ninja has been streaming for 7 minutes 48 seconds,neither,0.03599172463842539,0.3121052117711978,0.6519030635903768
JAYYYYYDEEEEEE,neither,0.03945320844208391,0.33037608806864915,0.630170703489267
what you drinking,neither,0.07655280709686028,0.3915332791262875,0.5319139137768522
All the way from Zimbabwe!,neither,0.042457413892602026,0.3841285057938785,0.5734140803135194
!Drunk,neither,0.03945320844208391,0.33037608806864915,0.630170703489267
NINJA TO LIVE,neither,0.05271347055646727,0.3240524311934423,0.6232340982500904
Damn what you doing up at 5am,offensive_language,0.06033448488626283,0.8214168453834402,0.1182486697302971
Waste my time with youuuuuuu,neither,0.018264824784115296,0.4786743598359187,0.5030608153799659
Ayyyye,neither,0.03945320844208391,0.33037608806864915,0.630170703489267
Ninja's singing voice BibleThump,neither,0.03945320844208391,0.33037608806864915,0.630170703489267
@frostd5 Idc,neither,0.03945320844208391,0.33037608806864915,0.630170703489267
who is tht guy!?,neither,0.0485496794272909,0.40517748873551374,0.5462728318371954
Ninjas gonna grind so that HD doesnt pass his kill record,neither,0.22224021008076522,0.33112534306876945,0.4466344468504654
Lol get them feels I’m boy,neither,0.043380630756174356,0.3869350406799591,0.5696843285638666
#emoninja,neither,0.03945320844208391,0.33037608806864915,0.630170703489267
I ha don’t forget us little people,neither,0.11654942456863442,0.3197483256184722,0.5637022498128934
ninjaCreep ninjaCreep ninjaCreep ninjaCreep ninjaCreep,neither,0.03945320844208391,0.33037608806864915,0.630170703489267
music so loud,neither,0.03940919125169601,0.38264678255495166,0.5779440261933523
@Ninja good morning crazy early man :D,neither,0.037558468852395964,0.3392733557823273,0.6231681753652766
Ninja out here wasted singing waste my time w u,neither,0.050322488997716845,0.3845909656098797,0.5650865453924033
After dark?,neither,0.03945320844208391,0.33037608806864915,0.630170703489267
you can't die from doing An all night every once in awhile,neither,0.14127815175436745,0.24341485530929433,0.6153069929363383
Not even close to being tired MingLee,neither,0.038578398101965054,0.37077586076428454,0.5906457411337503
whats this song?,neither,0.03885076407950541,0.34060114115610574,0.6205480947643888
100kkkk,neither,0.03945320844208391,0.33037608806864915,0.630170703489267
He gots that ENERGY!!!,neither,0.04062204773283114,0.3671840417442206,0.5921939105229483
Ninja you been doing addy?,neither,0.05627233816964899,0.384679496870906,0.559048164959445
Karaoke,neither,0.03945320844208391,0.33037608806864915,0.630170703489267
!song,neither,0.038601720699969956,0.3448280572582511,0.616570222041779
https://www.shazam.com/,neither,0.03945320844208391,0.33037608806864915,0.630170703489267
how do you think nurses and doctors work?,neither,0.05177704104242902,0.3236903787482754,0.6245325802092956
Cute Is What We Aim For - Teasing To Please,neither,0.05065534440491249,0.2830369774516291,0.6663076781434584
Did you just start or has this been all night,neither,0.042635858133598006,0.45726881778389644,0.5000953240825055
Greetings from spain. 11 am here,neither,0.09556589755990526,0.2691945916459005,0.6352395107941944
ninjaPog ninjaPog ninjaPog ninjaPog ninjaPog ninjaPog ninjaPog ninjaPog,neither,0.03945320844208391,0.33037608806864915,0.630170703489267
Play with Dakotaz,neither,0.0224239371025857,0.39477495987263056,0.5828011030247837
Full fledge ninja,neither,0.06204605727096104,0.32260537134770245,0.6153485713813365
You can’t die from lack of sleep anyway,neither,0.17935094763442444,0.1828326796142082,0.6378163727513674
they all work hard.,offensive_language,0.032404862287701286,0.644927104806753,0.32266803290554563
Aye ninja,neither,0.03945320844208391,0.33037608806864915,0.630170703489267
@instinctgamez You can die from lack of sleep.,neither,0.207768542896142,0.16571467752897018,0.6265167795748878
Ninja is trying to get me in the feels tonight,neither,0.04118745522228449,0.33274967608476436,0.6260628686929511
@iiClap All Night!!!,neither,0.029600883545214347,0.46884798313413123,0.5015511333206544
450 - 500 kills ahead of HD,neither,0.03945320844208391,0.33037608806864915,0.630170703489267
offff,neither,0.03945320844208391,0.33037608806864915,0.630170703489267
Still waiting for ninja to read my 2 donations and sub,neither,0.031853283299694925,0.34456379045469965,0.6235829262456055
I love this music,neither,0.03535883441880846,0.3512913545446099,0.6133498110365816
If you dont like the music you can mute the stream :),neither,0.05218452208729949,0.4204028924937704,0.52741258541893
ninjaPon ninjaShrug ninjaAim ninjaChocobo ninjaChance ninjaNavi ninjaLlama,neither,0.03945320844208391,0.33037608806864915,0.630170703489267
is this solo squads,neither,0.04663047466230956,0.32928584576457665,0.6240836795731138
ninjaPon,neither,0.03945320844208391,0.33037608806864915,0.630170703489267
What band is this,neither,0.05768565795796135,0.3235026240812445,0.618811717960794
B I G M O O D @ImAKAJenks,neither,0.03945320844208391,0.33037608806864915,0.630170703489267
PLEASE TURN IT OFFF,neither,0.03759081221006637,0.33101665153414134,0.6313925362557923
Absolute banger of a songb,neither,0.03945320844208391,0.33037608806864915,0.630170703489267
@threalrecker this music is most of our childhoods lol. shh now,neither,0.03874111774972972,0.37843361729476477,0.5828252649555056
The Curep,neither,0.03613032604487659,0.2619290779399786,0.7019405960151449
@zbob The Used,neither,0.03799529613624273,0.3032349030897623,0.6587698007739949
OFF,neither,0.03945320844208391,0.33037608806864915,0.630170703489267
@tateog probably too drunk for that LUL,neither,0.03121033570455104,0.35711057159244214,0.6116790927030068
ninja i love you,neither,0.055614303534325615,0.40605032358192344,0.538335372883751
OMG NINJA SWORE,neither,0.03945320844208391,0.33037608806864915,0.630170703489267
Only about 450 kills bois,neither,0.038339431707108296,0.3492797859868382,0.6123807823060536
!song,neither,0.038601720699969956,0.3448280572582511,0.616570222041779
https://www.shazam.com/,neither,0.03945320844208391,0.33037608806864915,0.630170703489267
Are you out of your mind?,neither,0.1822250837454385,0.3247349715269136,0.4930399447276479
PLEASE OFFF,neither,0.03945320844208391,0.33037608806864915,0.630170703489267
@infamousmvp yeah after like 11 or more days of not sleeping,neither,0.03353789724179602,0.4169795989970417,0.5494825037611623
!song,neither,0.038601720699969956,0.3448280572582511,0.616570222041779
Man these songs take me back,offensive_language,0.040269348848614224,0.5219537003971559,0.4377769507542298
ninjaWifey Good morning @ninja,neither,0.0468013847741319,0.19273113716557552,0.7604674780602926
Hi ninja,neither,0.03945320844208391,0.33037608806864915,0.630170703489267
!uptime,neither,0.03945320844208391,0.33037608806864915,0.630170703489267
Ninja has been streaming for 9 minutes 42 seconds,neither,0.03605278841535164,0.31242796755837576,0.6515192440262725
bye,neither,0.03945320844208391,0.33037608806864915,0.630170703489267
yayyyyy,neither,0.03945320844208391,0.33037608806864915,0.630170703489267
@SpartanTheDogg LUL all my chill has gone to sleep,neither,0.0365148814337617,0.44020486059919184,0.5232802579670465
WHO SINGS THESE SONGS,offensive_language,0.04967762738624369,0.4803214716540147,0.4700009009597417
"Download Discord here - discord.gg/ninja - Subscribers, connect your Discord to Twitch by – Clicking the cogwheel at the bottom, go to Connections, click Twitch and click “join” under the Ninja server. All subs are welcome to join at any time to hang out! (If you recently subscribed it may take up to 30 minutes before you can connect to the sub server.) Follow this image to connect as well - https://goo.gl/yX9sFR",neither,0.06809260872529874,0.3753919629243179,0.5565154283503834
@instinctgamez no 6 days of no sleep is pushing it and you can die any second,neither,0.14165839728903357,0.21287545139629874,0.6454661513146678
"Damn, how do you play with such loud music",offensive_language,0.04704638408027381,0.7695687089207812,0.183384906998945
good music here kids,neither,0.0917540589467525,0.2888438814805182,0.6194020595727293
@olddeathstar The Used,neither,0.03799529613624273,0.3032349030897623,0.6587698007739949
Imagine hating a streamer for having a good time on their own stream 4Head,neither,0.08784283822209356,0.3129440283170259,0.5992131334608806
Early morning for meeeee :),neither,0.04098835626512741,0.16996842721077032,0.7890432165241023
Thank you :),neither,0.07325166854587051,0.43632638485078484,0.49042194660334476
please use common sense @iTz_26,neither,0.015882198701051974,0.4110657398033601,0.5730520614955879
Who else is watching this laying in bedn,neither,0.0467821311899604,0.38351548488051135,0.5697023839295282
@instinctgamez we should probably be asleep too lmao,neither,0.04779437608172825,0.40353624283757533,0.5486693810806964
lmaoooooo,neither,0.03945320844208391,0.33037608806864915,0.630170703489267
wowww,neither,0.03945320844208391,0.33037608806864915,0.630170703489267
I wouldn't be able to focus,neither,0.045664593825250566,0.33020164829908977,0.6241337578756597
@Ninja is this a really early stream or a really late stream??? ninjaTroll,neither,0.043886410943089246,0.3178022194855555,0.6383113695713553
good times are only allowed in caht,neither,0.06230490357529369,0.2888635456823973,0.6488315507423091
@infamousmvp who stays up for 6 straight down,neither,0.03243628716874458,0.39978775955456836,0.5677759532766872
Smiles only chat :),neither,0.03945320844208391,0.33037608806864915,0.630170703489267
@itz_26 RT,offensive_language,0.01935797218309561,0.5090236694938067,0.4716183583230976
