text,top_class,hate_speech,offensive_language,neither
Mornin' all,neither,0.041840052784810795,0.4247312087343175,0.5334287384808717
Hey ninja!,neither,0.03945320844208391,0.33037608806864915,0.630170703489267
YES He is LIVE,neither,0.06543577762377761,0.3214394910806997,0.6131247312955228
Good morning!!,neither,0.04970930963283925,0.13564577574880146,0.8146449146183593
Ninja sucks fight me,neither,0.033027054155306684,0.3649190871263749,0.6020538587183185
Kappa,neither,0.03945320844208391,0.33037608806864915,0.630170703489267
ninjaHype ninjaHype ninjaHype ninjaHype ninjaHype ninjaHype ninjaHype ninjaHype ninjaHype,neither,0.03945320844208391,0.33037608806864915,0.630170703489267
first,neither,0.02604892428726219,0.3349864360510187,0.6389646396617191
ninjaBlast1 ninjaBlast2 ninjaBlast3 ninjaBlast3 ninjaBlast3 ninjaBlast3 @SpappyGram,neither,0.03945320844208391,0.33037608806864915,0.630170703489267
morning,neither,0.05283876784042269,0.1031882115525248,0.8439730206070525
Third,neither,0.03945320844208391,0.33037608806864915,0.630170703489267
ninja,neither,0.03945320844208391,0.33037608806864915,0.630170703489267
First time in a while I got here early,neither,0.0678868920269039,0.33516495929648094,0.5969481486766152
first,neither,0.02604892428726219,0.3349864360510187,0.6389646396617191
first,neither,0.02604892428726219,0.3349864360510187,0.6389646396617191
@Maddened ninjaRekt DED,neither,0.03945320844208391,0.33037608806864915,0.630170703489267
hes live?,neither,0.04512356568230202,0.32842579219609036,0.6264506421216076
yes,neither,0.03945320844208391,0.33037608806864915,0.630170703489267
my shits not even refreshed LUL,neither,0.028926727519035276,0.41490407403024154,0.5561691984507233
Boys got beat to the first.,neither,0.036033308144936736,0.3581086474668388,0.6058580443882245
Hey,neither,0.03945320844208391,0.33037608806864915,0.630170703489267
"HD's got like a 50 kill lead on him, seems like he's playing offstream",neither,0.22938666889391307,0.3037925470601617,0.46682078404592525
Chat will behave today right? ninjaS,neither,0.03866789209685321,0.3089525721981336,0.6523795357050132
still go ma boi fortnitellamahunter on the big screen,neither,0.022818683537675157,0.4574282949283068,0.519753021534018
first in,neither,0.02737284510370512,0.3345310789730572,0.6380960759232377
@Ninja AFTER DARK BABY,neither,0.03945320844208391,0.33037608806864915,0.630170703489267
I am just sure of it Adam Keepo,neither,0.02963465488946447,0.46510484047603234,0.5052605046345032
Hey,neither,0.03945320844208391,0.33037608806864915,0.630170703489267
U are losing,neither,0.08083635715713341,0.26483896506922744,0.6543246777736392
,neither,0.03945320844208391,0.33037608806864915,0.630170703489267
My claas is starting i e got to go,neither,0.041001950300870185,0.4689259839752934,0.4900720657238364
Whats up,neither,0.03597034933595279,0.4023906385329718,0.5616390121310755
yee yee 🤠,neither,0.03945320844208391,0.33037608806864915,0.630170703489267
Suhh,neither,0.03945320844208391,0.33037608806864915,0.630170703489267
Hi @Ninja,neither,0.03945320844208391,0.33037608806864915,0.630170703489267
WE FUCKIN' THOOMIN TriHard,offensive_language,0.08298475533105173,0.9167389339553892,0.00027631071355901574
!music,neither,0.03945320844208391,0.33037608806864915,0.630170703489267
And It’s started...,neither,0.03634369013410536,0.2741654674181321,0.6894908424477625
lets take the kill lead back!,neither,0.3139304557577585,0.2052384793787976,0.48083106486344385
hd been playing all morning,neither,0.048488896593774956,0.2753625469457289,0.6761485564604961
LUL,neither,0.03945320844208391,0.33037608806864915,0.630170703489267
LUL,neither,0.03945320844208391,0.33037608806864915,0.630170703489267
Hi Ninja,neither,0.03945320844208391,0.33037608806864915,0.630170703489267
i cant wait for the ninja vs hd spam like come on ResidentSleeper,neither,0.038338204191269334,0.33475156007073614,0.6269102357379945
ninjaRare,neither,0.03945320844208391,0.33037608806864915,0.630170703489267
@WhaleXO Maybe can't promise anything LUL,neither,0.039658658647359464,0.32688906190281347,0.6334522794498271
24 hour stream,neither,0.03945320844208391,0.33037608806864915,0.630170703489267
ninjaRare,neither,0.03945320844208391,0.33037608806864915,0.630170703489267
let them be please ya feel,offensive_language,0.023135797983555414,0.5946356406052652,0.3822285614111793
ninjaHi,neither,0.03945320844208391,0.33037608806864915,0.630170703489267
@Banter____ It's just banter BigBrother,neither,0.026790885577279128,0.38170409297443025,0.5915050214482905
ninjaRare,neither,0.03945320844208391,0.33037608806864915,0.630170703489267
HD passed you.,neither,0.055280357255034385,0.3750826935530265,0.5696369491919391
goodmorning everyone!!,neither,0.033219361956460275,0.4361807319725941,0.5305999060709456
i just had to watch an add,neither,0.04687410850159983,0.33952358894319284,0.6136023025552074
Yahhhhh yeahhhhh,neither,0.03945320844208391,0.33037608806864915,0.630170703489267
UWU,neither,0.03945320844208391,0.33037608806864915,0.630170703489267
ad..,neither,0.03945320844208391,0.33037608806864915,0.630170703489267
Zaby42 okay really buddy cmonBruh Kappa,neither,0.03945320844208391,0.33037608806864915,0.630170703489267
Hey,neither,0.03945320844208391,0.33037608806864915,0.630170703489267
"HD is @ 96,483 kills passed Ninja this morning. Ninja is at 96,433. Exactly 30 kill difference! LETS TAKE THIS BACK TYLER!!!!!!!!!!!!!",neither,0.13431050940677403,0.24656921684465608,0.6191202737485699
"Ninja, Do you use OBS with Stream Elements or SLOBS",neither,0.021211547528965275,0.4459342486292349,0.5328542038417998
@tysoncarney twitch changed their ad policy for twitch prime ninjaCry,neither,0.03670601969683138,0.3166451572365866,0.646648823066582
pog,neither,0.03945320844208391,0.33037608806864915,0.630170703489267
,neither,0.03945320844208391,0.33037608806864915,0.630170703489267
wazzzzzzzzzup,neither,0.03945320844208391,0.33037608806864915,0.630170703489267
@Ninja my manssssss whats up,neither,0.02743977065626199,0.4566510097288551,0.5159092196148828
Ninja is on the clock baby,neither,0.04275127092728346,0.3258529259673999,0.6313958031053167
"HD is @ 96,483 kills passed Ninja this morning. Ninja is at 96,433. Exactly 50 kill difference! LETS TAKE THIS BACK TYLER!!!!!!!!!!!!! *****",neither,0.13399237712611814,0.2467670330267775,0.6192405898471044
Good morning @ninja ninjaWifey,neither,0.0468013847741319,0.19273113716557552,0.7604674780602926
Hd is grinding hard better pull your socks up and smash it,neither,0.04932215226377053,0.4627435707780749,0.4879342769581546
Lets get it,neither,0.035792812152059726,0.3614291354098794,0.6027780524380607
hello,neither,0.03945320844208391,0.33037608806864915,0.630170703489267
ninjaBlast1 ninjaBlast2 ninjaBlast3 ninjaSplode,neither,0.03945320844208391,0.33037608806864915,0.630170703489267
Yooooo duuudeee yoooo,neither,0.03945320844208391,0.33037608806864915,0.630170703489267
ninjaBlast1 ninjaBlast2 ninjaBlast3 ninjaBlast3 ninjaBlast3 ninjaBlast3 ninjaBlast3 ninjaBlast3 ninjaBlast3 ninjaBlast3 ninjaBlast3 ninjaPog,neither,0.03945320844208391,0.33037608806864915,0.630170703489267
ninjaTooth,neither,0.03945320844208391,0.33037608806864915,0.630170703489267
bittieHey ninjaAww ninjaAww,neither,0.03945320844208391,0.33037608806864915,0.630170703489267
@floppybiddys dont spam please,neither,0.03945320844208391,0.33037608806864915,0.630170703489267
get adblock you noobs,offensive_language,0.10221443409925421,0.5142936659717918,0.38349189992895405
SpappyGram turbo users dont go it tho,neither,0.036460941240984736,0.33990114855448633,0.623637910204529
solo squads????,neither,0.03945320844208391,0.33037608806864915,0.630170703489267
hello from other side,neither,0.03528209095163496,0.34965073658547896,0.6150671724628861
how are you,neither,0.19156335723385254,0.31525141242459664,0.49318523034155076
What is up you are the best fortnite streamer by far shout daddy LOL,neither,0.07436061694114754,0.41858926178372485,0.5070501212751277
yooooooo,neither,0.03945320844208391,0.33037608806864915,0.630170703489267
Hi Ninja,neither,0.03945320844208391,0.33037608806864915,0.630170703489267
Tick tock time to glock,neither,0.043915019691681184,0.34303299117784053,0.6130519891304783
HD PASSED YOU!!!!,neither,0.055280357255034385,0.3750826935530265,0.5696369491919391
@floppybiddys na math Keepo,neither,0.03945320844208391,0.33037608806864915,0.630170703489267
1 time i had 5,neither,0.03750600245688679,0.36342525544011695,0.5990687421029963
!kills,neither,0.03945320844208391,0.33037608806864915,0.630170703489267
sick BHOP,neither,0.03945320844208391,0.33037608806864915,0.630170703489267
It's a good day for squashin squads,neither,0.032792405766184696,0.2911205885605145,0.6760870056733008
Sup duuuuuude,neither,0.03945320844208391,0.33037608806864915,0.630170703489267
and then musted restart my stream\,neither,0.027356116282403174,0.3753731909160038,0.5972706928015931
morning everyone,neither,0.04178497597973255,0.2907999075264022,0.6674151164938652
LITTTTT,neither,0.03945320844208391,0.33037608806864915,0.630170703489267
ninjaBlast1 ninjaBlast2 ninjaBlast3 ninjaBlast3 ninjaBlast3 ninjaBlast3 ninjaBlast3 ninjaBlast3 ninjaBlast3 ninjaBlast3 ninjaPog ninjaBlood,neither,0.03945320844208391,0.33037608806864915,0.630170703489267
Hd is only up by like 40,neither,0.05414898963027729,0.422971207286714,0.5228798030830086
@Ninja HD PASSED YOU OH NO,neither,0.05492255469928754,0.33702558863364396,0.6080518566670684
@Makaio__ I edited it,neither,0.037770165237438216,0.33095496380368705,0.6312748709588748
Yo ninja hope you like the prime sub,neither,0.0964380942509498,0.3260281956894822,0.5775337100595681
ninjaHi,neither,0.03945320844208391,0.33037608806864915,0.630170703489267
46,neither,0.03945320844208391,0.33037608806864915,0.630170703489267
!uptime,neither,0.03945320844208391,0.33037608806864915,0.630170703489267
hello ninja,neither,0.03945320844208391,0.33037608806864915,0.630170703489267
Ninja has been streaming for 4 minutes 27 seconds,neither,0.035984600059225234,0.31206755396997676,0.6519478459707979
ninja got 5k people quick,neither,0.05979697503629466,0.36290680608000553,0.5772962188836998
@Maddened Totally heard that in a duke nukem voice,neither,0.036616944555546836,0.36107575183366586,0.6023073036107873
"Guarantee your PC gaming performance with BLD by NZXT. The simplest way to get a customized gaming PC. Choose the games you want to play, set a budget, and BLD takes care of the rest. Built and shipped within 48 hours with a 2-year warranty. https://nzxt.co/Ninja ninja10 ninja10",neither,0.046024978110057846,0.33494880951390904,0.6190262123760332
"Mods, do you think today will be a busier day than normal?",neither,0.05481219996810313,0.31566271232416104,0.6295250877077359
bitch lasanga,offensive_language,1.8792072070478463e-06,0.9999981207927928,1.29077893950195e-29
!uptime,neither,0.03945320844208391,0.33037608806864915,0.630170703489267
Morning Everyone,neither,0.04178497597973255,0.2907999075264022,0.6674151164938652
lit,neither,0.03945320844208391,0.33037608806864915,0.630170703489267
ninjaPon,neither,0.03945320844208391,0.33037608806864915,0.630170703489267
ninjaPon,neither,0.03945320844208391,0.33037608806864915,0.630170703489267
ninjaHi ninjaHi ninjaHi ninjaHi,neither,0.03945320844208391,0.33037608806864915,0.630170703489267
go hard with the dualies like old times,offensive_language,0.030133800402632718,0.5553927997550915,0.4144733998422759
im still in awe of that 27 kill game,neither,0.22812204550778964,0.2659865542112564,0.5058914002809539
@Kemli my job here is done then. Also I'm all out of gum.,neither,0.06068985046412747,0.4318484081036623,0.5074617414322101
!uptime,neither,0.03945320844208391,0.33037608806864915,0.630170703489267
Ninja has been streaming for 5 minutes 2 seconds,neither,0.035678679601720456,0.31045049647393935,0.6538708239243401
peeeewwwwdiepie ninjaCreep,neither,0.03945320844208391,0.33037608806864915,0.630170703489267
"""CAN I GET A SHOTGUN???"" ninjaS ninjaS",neither,0.038895114474848065,0.3398483992018324,0.6212564863233194
Let’s go @ninja ninjaClap,neither,0.024837848791648673,0.36904344715592197,0.6061187040524292
rip dakotaz twitch stream,neither,0.03945320844208391,0.33037608806864915,0.630170703489267
HD passed ninja,neither,0.03945320844208391,0.33037608806864915,0.630170703489267
you got this,offensive_language,0.07992678652273469,0.5679123887647478,0.35216082471251753
PogChamp,neither,0.03945320844208391,0.33037608806864915,0.630170703489267
!playlist,neither,0.03945320844208391,0.33037608806864915,0.630170703489267
Good morning all,neither,0.05617101603540504,0.22990603281931743,0.7139229511452775
i hope jess gets better soon @Ninja,neither,0.06299886154798347,0.2524789983681211,0.6845221400838954
Hd been using smelling salts to stay awake,neither,0.04069431363261209,0.3717102148467946,0.5875954715205932
good morning ninja,neither,0.0468013847741319,0.19273113716557552,0.7604674780602926
@Maddened ninjaButton ninjaHype ninjaHS,neither,0.03945320844208391,0.33037608806864915,0.630170703489267
,neither,0.03945320844208391,0.33037608806864915,0.630170703489267
solo squads?,neither,0.03945320844208391,0.33037608806864915,0.630170703489267
ninjaCreep ninjaCreep ninjaCreep ninjaCreep,neither,0.03945320844208391,0.33037608806864915,0.630170703489267
Ping is high btw.,neither,0.04287312814193807,0.39604981465349554,0.5610770572045664
!uptime,neither,0.03945320844208391,0.33037608806864915,0.630170703489267
Ninja has been streaming for 5 minutes 46 seconds,neither,0.036078828691740394,0.31256560255387583,0.6513555687543837
let's go baby,neither,0.021963102035268377,0.37880921321674255,0.599227684747989
!playlisr,neither,0.03945320844208391,0.33037608806864915,0.630170703489267
Hey dad,neither,0.03945320844208391,0.33037608806864915,0.630170703489267
let's get that lead back nickmercsB nickmercsB nickmercsB,neither,0.021642268442936978,0.41186093839595755,0.5664967931611055
highdLove highdLove,neither,0.03945320844208391,0.33037608806864915,0.630170703489267
!uptime,neither,0.03945320844208391,0.33037608806864915,0.630170703489267
!playlist,neither,0.03945320844208391,0.33037608806864915,0.630170703489267
ninjaPopcorn ninjaPopcorn,neither,0.03945320844208391,0.33037608806864915,0.630170703489267
!mods,neither,0.03945320844208391,0.33037608806864915,0.630170703489267
@Ninja you look like you got that good sleep,offensive_language,0.07970693099869741,0.5103743029830227,0.4099187660182799
ninjaHype ninjaHype ninjaHype ninjaHype ninjaHype ninjaHype,neither,0.03945320844208391,0.33037608806864915,0.630170703489267
yes,neither,0.03945320844208391,0.33037608806864915,0.630170703489267
good morning ninj! hope you have a great day ninjaAww,neither,0.10458810205424252,0.1285489329862742,0.7668629649594833
get,neither,0.03779508335914271,0.3585187980877974,0.6036861185530599
Sup ninja,neither,0.03945320844208391,0.33037608806864915,0.630170703489267
!songs,neither,0.03945320844208391,0.33037608806864915,0.630170703489267
,neither,0.03945320844208391,0.33037608806864915,0.630170703489267
sup ninja,neither,0.03945320844208391,0.33037608806864915,0.630170703489267
Respek the vets ninja!,neither,0.03862681236326863,0.3152893132046964,0.6460838744320351
"Road to 100,00K let's gooooo",neither,0.031254047910902166,0.35292015336598115,0.6158257987231167
what up man!!,offensive_language,0.04451793531771813,0.5258247608231325,0.4296573038591494
!playlist,neither,0.03945320844208391,0.33037608806864915,0.630170703489267
The fuuu you say to me?,neither,0.06475377543587732,0.4393537298886723,0.4958924946754505
cheer500 love watching your videos what is your favourite gun,neither,0.09609599563487968,0.3199460777106527,0.5839579266544674
why noy dualies?,neither,0.016768318525353994,0.3685911158159394,0.6146405656587067
big value slurps,neither,0.02201470483416176,0.40388067414108464,0.5741046210247535
"solo squads, chat?",neither,0.03945320844208391,0.33037608806864915,0.630170703489267
HD streamed for nearly 16 hours to get ahead,neither,0.03915249075156199,0.31524288336642886,0.6456046258820092
I wanna see a 1000 kill lead by the end of stream,neither,0.20426598922871628,0.2685816133756783,0.5271523973956054
stream has stopped my nibba,neither,0.03008665161678755,0.398660403019107,0.5712529453641054
GOOOOOOD MORNING,neither,0.05283876784042269,0.1031882115525248,0.8439730206070525
does anyone know ninja's playlist?,neither,0.029125345034635177,0.42595725325431744,0.5449174017110474
the kill fiend is back,hate_speech,0.623396147112345,0.09731101722829352,0.27929283565936136
ninjaCreep ninjaCreep ninjaCreep,neither,0.03945320844208391,0.33037608806864915,0.630170703489267
@chronicalsz refresh ?,neither,0.03945320844208391,0.33037608806864915,0.630170703489267
"hey ninja. I'm in a really bad place rn cause I just got caught and am now getting in trouble tonight, have to wait for my parents to get home. your rob not gonna see this, but just watching you to keep myself distracted from my feelings. I appreciate that you do this",neither,0.04281659136685794,0.4423498520631585,0.5148335565699835
ninjaNavi,neither,0.03945320844208391,0.33037608806864915,0.630170703489267
Goodmorning daddy 😍😍😍😍😍💙💙💙,neither,0.03945320844208391,0.33037608806864915,0.630170703489267
!playlist,neither,0.03945320844208391,0.33037608806864915,0.630170703489267
Rise and grind baby!,neither,0.03876204003271764,0.29587490148647316,0.6653630584808092
@chronicalsz mine's fine,neither,0.03945320844208391,0.33037608806864915,0.630170703489267
guys do you have tips to grow my twitch channel ?,neither,0.04663928651785037,0.4115039053606781,0.5418568081214716
,neither,0.03945320844208391,0.33037608806864915,0.630170703489267
Did HD pass him?,neither,0.039336838443867844,0.33235119063987045,0.6283119709162618
Hello,neither,0.03945320844208391,0.33037608806864915,0.630170703489267
ninjaBlast1 ninjaBlast2 ninjaBlast3 ninjaBlast3 ninjaBlast3 ninjaBlast3 ninjaBlast3,neither,0.03945320844208391,0.33037608806864915,0.630170703489267
@Cspiazzi11 Yes by about 50,neither,0.03895021385961674,0.40718680811575164,0.5538629780246316
ninjaH ninjaH ninjaH ninjaH ninjaH ninjaH ninjaH ninjaH ninjaH ninjaH ninjaH ninjaH ninjaH ninjaH ninjaH ninjaH ninjaH ninjaH,neither,0.03945320844208391,0.33037608806864915,0.630170703489267
"Morning Ninja and chat, hope everyone is doing well",neither,0.07030756879429498,0.21111615985830734,0.7185762713473978
HD ahead by 46,neither,0.0402888647738919,0.3626055805962651,0.5971055546298432
ninjaBlast1 ninjaBlast2 ninjaBlast3 ninjaBlast3 ninjaBlast3 ninjaBlast3 ninjaBlood,neither,0.03945320844208391,0.33037608806864915,0.630170703489267
damb,neither,0.03945320844208391,0.33037608806864915,0.630170703489267
11:26 in Indiana,neither,0.03945320844208391,0.33037608806864915,0.630170703489267
feelsbadman,neither,0.03945320844208391,0.33037608806864915,0.630170703489267
@Ninja well rested? you look like it,neither,0.07140134274867999,0.395550707167171,0.5330479500841491
"morning guys, guess what , i locked my keys in my truck LUL",neither,0.03339000207297754,0.3516557573952503,0.6149542405317723
ninjaAww ninjaAww ninjaAww,neither,0.03945320844208391,0.33037608806864915,0.630170703489267
@Ninja whats your playlist?,neither,0.06279991503922867,0.32390155186677555,0.6132985330939957
no wonder i cant get on the page for stats.... all yall jamming it up LUL,neither,0.032025862133376416,0.39503411441725644,0.5729400234493671
17:27 spain,neither,0.03945320844208391,0.33037608806864915,0.630170703489267
ninja dakoatoz found the next NINJA,neither,0.038475304464961654,0.32818969330108655,0.6333350022339518
good morning,neither,0.04970930963283925,0.13564577574880146,0.8146449146183593
oof,neither,0.03945320844208391,0.33037608806864915,0.630170703489267
guys do you have any tips to grow my twitc channel?,neither,0.04740917751152097,0.41975024339688216,0.532840579091597
ninjaPrime ninjaPrime ninjaPrime ninjaPrime ninjaPrime ninjaPrime,neither,0.03945320844208391,0.33037608806864915,0.630170703489267
ninjaHype ninjaHype ninjaHype,neither,0.03945320844208391,0.33037608806864915,0.630170703489267
!wins,neither,0.03945320844208391,0.33037608806864915,0.630170703489267
Hes playng duos right now,neither,0.03834437658244482,0.35200460900241354,0.6096510144151416
Wins: None yet ¯\_(ツ)_/¯,neither,0.03945320844208391,0.33037608806864915,0.630170703489267
Check Ninja's wins here -> https://goo.gl/17Qojo,neither,0.0737613933919306,0.30145673084023594,0.6247818757678334
Good morning from FloRida,neither,0.047727006069081694,0.17677920135254863,0.7754937925783697
#timessquare #neverforget ninjaClap,neither,0.03945320844208391,0.33037608806864915,0.630170703489267
@killjoy3553 parents are there to help guide you. Learn from your mistakes and do better. They will respect you for it.,neither,0.09625306792409746,0.2599291905362347,0.643817741539668
,neither,0.03945320844208391,0.33037608806864915,0.630170703489267
@marygaming_ His own music,neither,0.12908082058595405,0.31214172303244003,0.5587774563816058
Good morning @ninja,neither,0.0468013847741319,0.19273113716557552,0.7604674780602926
Morning,neither,0.05283876784042269,0.1031882115525248,0.8439730206070525
who is HD?,neither,0.049131565424771526,0.39689703281573707,0.5539714017594913
where is monster???,neither,0.05116277895024515,0.29189683314676956,0.6569403879029853
!give,neither,0.03945320844208391,0.33037608806864915,0.630170703489267
ninjaPon Ninja take onemoistmelon's energy ninjaPon,neither,0.03945320844208391,0.33037608806864915,0.630170703489267
Mornin' el capitan,neither,0.03945320844208391,0.33037608806864915,0.630170703489267
mornin,neither,0.03945320844208391,0.33037608806864915,0.630170703489267
What's the current count on kills?,neither,0.040616520461138325,0.3250827216952693,0.6343007578435924
Good Morning (for me afternoon),neither,0.0332468633125016,0.21522129465915055,0.751531842028348
5:28 pm in Denmark,neither,0.03945320844208391,0.33037608806864915,0.630170703489267
HD,neither,0.03945320844208391,0.33037608806864915,0.630170703489267
"6-Month SubscriberTwitch Primekilljoy3553: hey ninja. I'm in a really bad place rn cause I just got caught and am now getting in trouble tonight, have to wait for my parents to get home. your rob not gonna see this, but just watching you to keep myself distracted from my feelings. I appreciate that you do this",neither,0.04275093116141649,0.4405424512630036,0.5167066175755799
Tyler let's get those elims homeboy,neither,0.041533045838213295,0.3055695582021008,0.6528973959596859
narutooooooo_ wants to tell you to respect the vets,neither,0.06586519812307466,0.344135181843034,0.5899996200338914
11:28 in Indiana,neither,0.03945320844208391,0.33037608806864915,0.630170703489267
Sup ninja,neither,0.03945320844208391,0.33037608806864915,0.630170703489267
I am from uk,neither,0.040399994600410785,0.31066124945884677,0.6489387559407426
ninjaBlast1 ninjaBlast2 ninjaBlast3 ninjaHS,neither,0.03945320844208391,0.33037608806864915,0.630170703489267
"Dakoatz found the next ninja, playing DUOS right now with him",neither,0.03018763397320954,0.36750695393657656,0.6023054120902139
Who is HD?,neither,0.049131565424771526,0.39689703281573707,0.5539714017594913
HUNGOVER?,neither,0.03945320844208391,0.33037608806864915,0.630170703489267
ninjaHype ninjaHype ninjaHype,neither,0.03945320844208391,0.33037608806864915,0.630170703489267
Uk,neither,0.03945320844208391,0.33037608806864915,0.630170703489267
win a game by camping,neither,0.03971686801871475,0.3305700574001624,0.6297130745811229
Good Morning bro,neither,0.04809124129948251,0.16772510770045979,0.7841836510000577
FortLlama,neither,0.03945320844208391,0.33037608806864915,0.630170703489267
Yo,offensive_language,0.04010381111145228,0.5271105317972344,0.4327856570913131
@gio04 17:28 un France,neither,0.03945320844208391,0.33037608806864915,0.630170703489267
WAIT.........,neither,0.03945320844208391,0.33037608806864915,0.630170703489267
@Ninja do you have any tips for me how to grow my twitch channel i have alyways 1 or 2 or 0 vieweres,neither,0.03755698891126018,0.3960634192705193,0.5663795918182205
@ninja How’s Jess?,neither,0.03945320844208391,0.33037608806864915,0.630170703489267
Its 3:28 am at my house,neither,0.02542969982973171,0.42370669422406715,0.5508636059462012
morning ninia and chat,neither,0.0461935009247955,0.14666666745886206,0.8071398316163424
High Distortion = HD,neither,0.0359097634575303,0.4142632085520573,0.5498270279904125
Rise and grind @ninja let’s get it!,neither,0.02714516282366938,0.33047833012117495,0.6423765070551558
how often you restock that mini fridge,neither,0.04831549383999108,0.400213337983288,0.5514711681767209
Klo0os is the next ninja,neither,0.04628122231511134,0.3238729169249763,0.6298458607599124
How’s Jess?,neither,0.03945320844208391,0.33037608806864915,0.630170703489267
ninjaBlast1 ninjaBlast2 ninjaBlast3 ninjaBlast3 ninjaBlast3 ninjaBlast3 ninjaBlast3 ninjaBlast3 ninjaBlast3 ninjaBlast3 ninjaBlast3 ninjaBlast3 ninjaBlast3 ninjaBlast3 ninjaBlast3 ninjaBlast3 ninjaBlast3 ninjaBlast3 ninjaBlast3 ninjaBlast3 ninjaBlast3 ninjaBlast3 ninjaBlast3 ninjaBlast3 ninjaBlast3 ninjaBlast3 ninjaBlast3 ninjaBlast3 ninjaBlast3 ninjaBlast3,neither,0.03945320844208391,0.33037608806864915,0.630170703489267
ninja super saiyan god form,neither,0.03945320844208391,0.33037608806864915,0.630170703489267
ninjaClap,neither,0.03945320844208391,0.33037608806864915,0.630170703489267
Hello,neither,0.03945320844208391,0.33037608806864915,0.630170703489267
Old sushi nice,neither,0.03945320844208391,0.33037608806864915,0.630170703489267
Today is my 23rd birthday guys!!!,neither,0.03305995878433117,0.3923891164666917,0.5745509247489771
cheer100 cheer100 cheer100 cheer100 cheer100,neither,0.03945320844208391,0.33037608806864915,0.630170703489267
10:28 in alabama :D,neither,0.03945320844208391,0.33037608806864915,0.630170703489267
that food in the back has been sitting there since early yesterday lol,neither,0.032897225677715795,0.335981811814882,0.6311209625074022
ninjaBlast1 ninjaBlast2 ninjaBlast3 ninjaBlast3 ninjaBlast3 ninjaBlast3 ninjaBlast3,neither,0.03945320844208391,0.33037608806864915,0.630170703489267
Where we at on kills?,neither,0.03752487980246805,0.33887334554266635,0.6236017746548657
Hows the day going Ninj,neither,0.03753211479446853,0.3275635127644786,0.6349043724410529
": hey ninja. I'm in a really bad place rn cause I just got caught and am now getting in trouble tonight, have to wait for my parents to get home. your rob not gonna see this, but just watching you to keep myself distracted from my feelings. I appreciate that you do this",neither,0.04281659136685794,0.4423498520631585,0.5148335565699835
are you playing Tfault to day my guy ? ninjaH,neither,0.0827275701352744,0.4115076564114376,0.505764773453288
hello,neither,0.03945320844208391,0.33037608806864915,0.630170703489267
hows your day ? @Ninja,neither,0.06642658947498488,0.3105266569437521,0.6230467535812632
@killjoy3553 dont copy pasta and spam messages. glad the stream is helpful for you <3,neither,0.04637624735272846,0.3058718189738853,0.6477519336733862
nice redbull,neither,0.03945320844208391,0.33037608806864915,0.630170703489267
Hi ninja,neither,0.03945320844208391,0.33037608806864915,0.630170703489267
This whole talk about HD is already getting annoying,neither,0.027878209379383994,0.40844135322106057,0.5636804373995554
Ninja your awesome have a wonderful day,neither,0.0614168318592686,0.3200703315721276,0.6185128365686037
That sushi must smell lovely ninjaTooth ninjaTooth ninjaTooth ninjaTooth,neither,0.03731374982855686,0.34928139220653087,0.6134048579649122
Where is the COCONUT REDBULL ? Best for sure,neither,0.03608505667529604,0.3701304519555644,0.5937844913691397
Love you ninja best streamer,neither,0.05168851098710067,0.38392116019255185,0.5643903288203473
what is HD he ahead in ninja by?,neither,0.05417609991863113,0.35432146983694596,0.591502430244423
you ignored my four months chat/,neither,0.04112854246448353,0.44923563453153054,0.509635823003986
Ninja,neither,0.03945320844208391,0.33037608806864915,0.630170703489267
what are 3 brand deals you would love to take/have,neither,0.08246818213420963,0.3324868661320611,0.5850449517337293
@jrod191_ Happy 23rd!,neither,0.03945320844208391,0.33037608806864915,0.630170703489267
nickmercsPOP nickmercsPOP,neither,0.03945320844208391,0.33037608806864915,0.630170703489267
@jrod191_ Happy birthday,neither,0.03945320844208391,0.33037608806864915,0.630170703489267
"Ninja, can you wish me a happy birthday? It would make my whole life! I",neither,0.03269937156189581,0.466337846089331,0.5009627823487732
ninjacheer100 ninjacheer100 ninjacheer100 ninjacheer100 ninjacheer100,neither,0.03945320844208391,0.33037608806864915,0.630170703489267
ninjaBlast1 ninjaBlast2 ninjaBlast3 ninjaBlast3 ninjaBlast3 ninjaLlama,neither,0.03945320844208391,0.33037608806864915,0.630170703489267
i mean its cool,neither,0.03234258567895373,0.3328217572987807,0.6348356570222655
@ninja where do you see yourself in 5 years?,neither,0.05561297805815228,0.34047138842545543,0.6039156335163923
you look tired ninja ninjaS,neither,0.058798412520655347,0.37698319431529603,0.5642183931640486
@ninja what’s your favorite flavor Red Bull,neither,0.06336529085108576,0.3210914049852447,0.6155433041636696
ninjaCreep ninjaClap ninjaCreep ninjaClap ninjaCreep ninjaClap,neither,0.03945320844208391,0.33037608806864915,0.630170703489267
HD logged off streaming. He is taking a break.. aka Ninja will pass him shortly :),neither,0.04653961587134557,0.3179565662691561,0.6355038178594984
@Ninja how is jess feeling,neither,0.04547740142720269,0.32830409185806775,0.6262185067147297
Look at me,neither,0.029256855004577424,0.4313130180771662,0.5394301269182564
ninjaBlast1 ninjaBlast2 ninjaBlast3 ninjaBlast3 ninjaPog ninjaBlood,neither,0.03945320844208391,0.33037608806864915,0.630170703489267
mine too,neither,0.039082543625615834,0.3366672373621984,0.6242502190121858
YOU IGNORED MY 4 months,offensive_language,0.042558720437203386,0.540514993535419,0.41692628602737775
@Ninja you better hit me up for you RDM and DRK!,neither,0.04923031447278103,0.42128326331961036,0.5294864222076087
"Play with Ninja, you guys are the best",neither,0.060457305418071795,0.33995775842847714,0.599584936153451
I hope you do duo squads all day,neither,0.08996342481388733,0.3169223728787676,0.593114202307345
!stats,neither,0.03945320844208391,0.33037608806864915,0.630170703489267
View ninjas Fortnite stats here -> https://goo.gl/32yptu,neither,0.07686991141189878,0.2992569329389562,0.6238731556491449
Daddy,neither,0.03945320844208391,0.33037608806864915,0.630170703489267
Is that sushi next to your fridge?,neither,0.07398423696605462,0.3576921205020128,0.5683236425319327
Oof,neither,0.03945320844208391,0.33037608806864915,0.630170703489267
Wait guys I know this will get lost in the comments but I’m having a really hard time right now because tf you say to me you sh#t,offensive_language,0.04456843968840812,0.5124442695447855,0.4429872907668063
!give,neither,0.03945320844208391,0.33037608806864915,0.630170703489267
ninjaPon Ninja take kalamar_'s energy ninjaPon,neither,0.03945320844208391,0.33037608806864915,0.630170703489267
ninjaPopcorn ninjaPopcorn ninjaPopcorn ninjaPopcorn ninjaPopcorn ninjaPopcorn ninjaPon ninjaHype ninjaSplode ninjaHS ninjaHmm ninjaRekt,neither,0.03945320844208391,0.33037608806864915,0.630170703489267
what's up @ninja,neither,0.0424860282095962,0.3861250105635327,0.5713889612268711
Get a dub #TeamNinja,neither,0.038845117650812964,0.34069697578702124,0.6204579065621657
JIMMY played for 16 hours to pass you!,neither,0.05000203180177076,0.33378178842625544,0.6162161797719738
The best love u ❤️,neither,0.0328790135959609,0.31653759852311897,0.6505833878809201
hey everyone,neither,0.031959242684595296,0.4575682446653829,0.5104725126500218
@ProfDischarge he has thousands of subs each day. He cant read them all.,neither,0.05629812080653091,0.350201817058285,0.593500062135184
@ProfDischarge he didnt ignore it.. he doesnt read subs,neither,0.04463586410075054,0.33748838194140557,0.617875753957844
!give,neither,0.03945320844208391,0.33037608806864915,0.630170703489267
@profdischarge he reads 12 month and more resubs,neither,0.0444779248761817,0.2908214341622764,0.6647006409615419
why did mine get deleted,neither,0.02934390769148122,0.35178169212754207,0.6188744001809768
Yes guys that is sushi next to his fridge,neither,0.06474958568746286,0.36279362139086274,0.5724567929216744
At iD Tech camps you can learn all about how games are made and start building your own game future this summer. Check it out: www.idtech.com/fortnite #ad,neither,0.07849295833611333,0.3389748549213327,0.5825321867425539
yo!,offensive_language,0.04010381111145228,0.5271105317972344,0.4327856570913131
what are 3 brand deals you would love to have??,neither,0.0854378710572098,0.3324085273088432,0.582153601633947
Is that sushi nice?,neither,0.04309118577622065,0.3668968753418308,0.5900119388819487
!uptime,neither,0.03945320844208391,0.33037608806864915,0.630170703489267
Ninja has been streaming for 10 minutes 49 seconds,neither,0.03620204993001361,0.3132168646298039,0.6505810854401824
HI CHAT AND NINJA :D,neither,0.03878738711589758,0.29724889540544175,0.6639637174786607
what is HD ahead in ninja by? like subs or what?,neither,0.058770825675940455,0.35808521424702233,0.5831439600770372
was just watching dk stream dopeee,neither,0.03508027818176196,0.3523887837096595,0.6125309381085786
Elims,neither,0.03945320844208391,0.33037608806864915,0.630170703489267
omegalul,neither,0.03945320844208391,0.33037608806864915,0.630170703489267
@ryan81 Kills,neither,0.03945320844208391,0.33037608806864915,0.630170703489267
BOT LUL,neither,0.03945320844208391,0.33037608806864915,0.630170703489267
foulda,neither,0.03945320844208391,0.33037608806864915,0.630170703489267
cheer500 how do you feel about HD passing you in kills overnight?,neither,0.05939708029446815,0.4022627390438444,0.5383401806616873
I DONT KNOW,neither,0.03945320844208391,0.33037608806864915,0.630170703489267
poggers,neither,0.03945320844208391,0.33037608806864915,0.630170703489267
Hi @shuyaku_,neither,0.03945320844208391,0.33037608806864915,0.630170703489267
I think there was a double PAF LUL,neither,0.039701967651757444,0.2900809364689037,0.6702170958793389
Go back to old times,neither,0.048274466722524396,0.3303960907609748,0.6213294425165008
Bot,neither,0.03945320844208391,0.33037608806864915,0.630170703489267
!uptime,neither,0.03945320844208391,0.33037608806864915,0.630170703489267
Ninja has been streaming for 11 minutes 33 seconds,neither,0.036234103770595924,0.31338627340000036,0.6503796228294036
@garrett_29 sup pal,neither,0.03945320844208391,0.33037608806864915,0.630170703489267
Where do u see the kills for everyone though to see whos in the lead?,neither,0.03714091955892167,0.3361876625717467,0.6266714178693316
RIP,neither,0.03945320844208391,0.33037608806864915,0.630170703489267
@Ninja i better be in your top 5 choices for Party on your RDM and DRK! <3,neither,0.07144790098032147,0.2860315815221024,0.6425205174975761
gg's,neither,0.03945320844208391,0.33037608806864915,0.630170703489267
GG's,neither,0.03945320844208391,0.33037608806864915,0.630170703489267
