text,top_class,hate_speech,offensive_language,neither
"!twitter Should be on today , but keep up on the ..nm here we go",neither,0.06926040114554799,0.46001265083471915,0.4707269480197329
Follow ninja on twitter and be up to date on what's going on in his life here: https://twitter.com/ninja,neither,0.06355386316578356,0.45678823896402176,0.47965789787019464
first,neither,0.02604892428726219,0.3349864360510187,0.6389646396617191
Ninja TF UP vivHypers,neither,0.03672831752277638,0.38563143570564723,0.5776402467715764
rofl,neither,0.03945320844208391,0.33037608806864915,0.630170703489267
what up,neither,0.04549209283961305,0.43877665191533993,0.5157312552450469
yaaaaaaaaayyeeeeeeet,neither,0.03945320844208391,0.33037608806864915,0.630170703489267
hd said he is doing 30 hours bro,neither,0.04882577900393182,0.32715243126755933,0.6240217897285089
1st,neither,0.03945320844208391,0.33037608806864915,0.630170703489267
Dad,neither,0.03945320844208391,0.33037608806864915,0.630170703489267
HD is like 20 kills ahead of him PepeHands,neither,0.05217619945554927,0.3399935047136995,0.6078302958307511
And the Marathon continues =],neither,0.038087881529384894,0.2824837670278115,0.6794283514428037
hi,neither,0.03945320844208391,0.33037608806864915,0.630170703489267
hey bro,neither,0.03945320844208391,0.33037608806864915,0.630170703489267
let's freaking go dude!!!!,neither,0.026366917402225677,0.36422500448239453,0.6094080781153798
<3,neither,0.03945320844208391,0.33037608806864915,0.630170703489267
YOU'RE A LIZARD HARRY,neither,0.07757565185174986,0.3443501012027059,0.5780742469455441
Yo,offensive_language,0.04010381111145228,0.5271105317972344,0.4327856570913131
Isn’t HD doing a 30 hour stream,neither,0.03945320844208391,0.33037608806864915,0.630170703489267
yo ninjaBlast1 ninjaBlast2 ninjaBlast3,offensive_language,0.04010381111145228,0.5271105317972344,0.4327856570913131
lets get itttttt5,neither,0.03753144179030462,0.3629934835606466,0.5994750746490488
HD has been playing all day,neither,0.04135410378188867,0.3739767675504966,0.5846691286676149
ghost army roasted you omg,neither,0.05176603252586704,0.365582435401753,0.58265153207238
imma what????,neither,0.04822629840608014,0.3242015989392378,0.627572102654682
ninjaChocobo ninjaChocobo,neither,0.03945320844208391,0.33037608806864915,0.630170703489267
ninjaDance ninjaDance ninjaDance ninjaDance,neither,0.03945320844208391,0.33037608806864915,0.630170703489267
am i late,neither,0.03919336354151632,0.3304654606452988,0.6303411758131848
YOU'RE A BLIZZARD HARRY,neither,0.09907792640288733,0.3495612297399805,0.5513608438571322
Discord Gang Gang hoursW,neither,0.03945320844208391,0.33037608806864915,0.630170703489267
HD has no life,neither,0.035969589672705735,0.3899950824730371,0.5740353278542571
TIME TO run down HD,neither,0.04414975428001411,0.3436519012028299,0.612198344517156
yes HD is doing 30 hours,neither,0.04519061833387018,0.32840272971447637,0.6264066519516536
ninjaTube,neither,0.03945320844208391,0.33037608806864915,0.630170703489267
ninjaPon,neither,0.03945320844208391,0.33037608806864915,0.630170703489267
ninjaPon,neither,0.03945320844208391,0.33037608806864915,0.630170703489267
GoodMorning everybody,neither,0.03945320844208391,0.33037608806864915,0.630170703489267
Woot,neither,0.03945320844208391,0.33037608806864915,0.630170703489267
ninjaHi,neither,0.03945320844208391,0.33037608806864915,0.630170703489267
:o,neither,0.03945320844208391,0.33037608806864915,0.630170703489267
30 hours is kind of a power move tho,neither,0.04193324017146404,0.33458458349893994,0.623482176329596
love uuuuuu,neither,0.03217296676969875,0.3657703709031763,0.602056662327125
ninjaHype ninjaHype,neither,0.03945320844208391,0.33037608806864915,0.630170703489267
stop everyone hd is cool,neither,0.040367603226686054,0.46627927871090247,0.49335311806241144
we LOVE THE HIGH KILL GAMES,neither,0.3426406205169911,0.26438494859246753,0.39297443089054146
How many eliminations does HD have ?,neither,0.027553740083250254,0.4441567502435962,0.5282895096731536
Good morning bro,neither,0.04809124129948251,0.16772510770045979,0.7841836510000577
He's like 25 kills ahead Ninja,neither,0.05102783072179468,0.33969668091499045,0.609275488363215
Watch the game,neither,0.045574634904058366,0.253704136892306,0.7007212282036357
:(,neither,0.03945320844208391,0.33037608806864915,0.630170703489267
you and HD are verryyy close,neither,0.0837254315331436,0.28659306985334876,0.6296814986135076
You got this!,offensive_language,0.07992678652273469,0.5679123887647478,0.35216082471251753
!100k,neither,0.03945320844208391,0.33037608806864915,0.630170703489267
@ninja good morning,neither,0.0468013847741319,0.19273113716557552,0.7604674780602926
sup dude,neither,0.03945320844208391,0.33037608806864915,0.630170703489267
so fast,neither,0.039408851386368314,0.3986148855256441,0.5619762630879874
hi ninj,neither,0.03945320844208391,0.33037608806864915,0.630170703489267
hi,neither,0.03945320844208391,0.33037608806864915,0.630170703489267
morning fam,neither,0.04928517811369384,0.16350190334528147,0.7872129185410247
HD says he doesn't care about the 100k kills but he obviously does since he is doing a 30 hour stream,neither,0.039787040446030986,0.38761821189739326,0.5725947476565758
what is the kills at right now,neither,0.0501471947036187,0.34753601769643294,0.6023167875999483
!100K,neither,0.03945320844208391,0.33037608806864915,0.630170703489267
1st game stream sniper free,neither,0.03887261723476633,0.29541461267814584,0.6657127700870877
Error Connecting To Remote Server,neither,0.0441970508266776,0.32757886944753967,0.6282240797257829
hoursLove,neither,0.03945320844208391,0.33037608806864915,0.630170703489267
and ladies,neither,0.03824461173919081,0.27188752967208496,0.6898678585887242
what time do you call this?!?!,neither,0.07086962089808162,0.4083159386010734,0.5208144405008449
hi guys,neither,0.03930687933907141,0.3328596748352989,0.6278334458256297
Good morning everyone,neither,0.040724576765085965,0.29551443435292063,0.6637609888819933
ninjaWifey Good morning @ninja Nice live stream yesterday,neither,0.04739642964696726,0.24109905867861442,0.7115045116744183
"Neck and neck , you got this Ninja, mornin' peeps",neither,0.04648307119556685,0.3572670579778877,0.5962498708265455
are,neither,0.1675493120064283,0.18605165911864094,0.6463990288749307
LETS GET THE SAUCEEEE,neither,0.03651787807191557,0.33882103895621735,0.6246610829718672
Hey buddeeeeeeee,neither,0.03945320844208391,0.33037608806864915,0.630170703489267
hello GOD,neither,0.03945320844208391,0.33037608806864915,0.630170703489267
!killcount,neither,0.03945320844208391,0.33037608806864915,0.630170703489267
monkaS,neither,0.03945320844208391,0.33037608806864915,0.630170703489267
LFGD,neither,0.03945320844208391,0.33037608806864915,0.630170703489267
the race made newsweek,neither,0.4205871922850355,0.018228989791662903,0.5611838179233016
How’d getting up early go monkaS,neither,0.035110855284819435,0.4372030578086517,0.527686086906529
@Kemli ninjaHi,neither,0.03945320844208391,0.33037608806864915,0.630170703489267
yayyyy youre on,neither,0.04578360465704204,0.3399271636824935,0.6142892316604645
ninjaTooth ninjaTooth ninjaTooth,neither,0.03945320844208391,0.33037608806864915,0.630170703489267
!100k,neither,0.03945320844208391,0.33037608806864915,0.630170703489267
ninjaRare,neither,0.03945320844208391,0.33037608806864915,0.630170703489267
"Ninja has secured 97,033 kills in the 100,000 kill challenge!",neither,0.15312746698612698,0.257594901873642,0.589277631140231
You're not wrong it did make Newsweek,neither,0.0787678435986233,0.35288149089681264,0.5683506655045641
!uptime,neither,0.03945320844208391,0.33037608806864915,0.630170703489267
Ninja has been streaming for 3 minutes 40 seconds,neither,0.03592730019633401,0.31176468543582164,0.6523080143678444
get on it hd got you by like 20 and still streaming @ninja,neither,0.05063163908550224,0.4186327557039304,0.5307356052105674
,neither,0.03945320844208391,0.33037608806864915,0.630170703489267
nice snipe,neither,0.03945320844208391,0.33037608806864915,0.630170703489267
feels good being early ninjaAdore,neither,0.03556634127873637,0.3326993715013502,0.6317342872199134
I was reading it before crazy,neither,0.026267717992915024,0.47534046569902066,0.4983918163080644
sheesh,neither,0.03945320844208391,0.33037608806864915,0.630170703489267
Hey chat wolfAnd @ninja ninjaHi ninjaHi ninjaH ninjaH,neither,0.03945320844208391,0.33037608806864915,0.630170703489267
I love that hoodie he's wearing,neither,0.03789809691763515,0.3782919025060342,0.5838100005763307
ninjaPon ninjaPon ninjaPon,neither,0.03945320844208391,0.33037608806864915,0.630170703489267
ninjaPon,neither,0.03945320844208391,0.33037608806864915,0.630170703489267
your in your 14000th match congrats,neither,0.10855599226249096,0.3109396371624392,0.5805043705750699
bittieHey bittieHey bittieHey ninjaCRINJA ninjaCRINJA ninjaCRINJA,neither,0.03945320844208391,0.33037608806864915,0.630170703489267
Jesus,neither,0.03945320844208391,0.33037608806864915,0.630170703489267
this is his 14000th match fyi,neither,0.07155184046430149,0.3298972636025825,0.5985508959331162
UHHHHH SUHHHHHHHH,neither,0.03945320844208391,0.33037608806864915,0.630170703489267
He’s streaming 30 hours so it’s just gonna be a grind out some good games kinda day,neither,0.032342582671984754,0.3982088057891571,0.5694486115388582
Unlucky,neither,0.03945320844208391,0.33037608806864915,0.630170703489267
love the hair totally extra today so awesome,neither,0.035806903817523335,0.34239204731474554,0.6218010488677311
Everyone's gettin' a win outta this race,neither,0.23798677966714063,0.12517252022831754,0.6368407001045417
gg,neither,0.03945320844208391,0.33037608806864915,0.630170703489267
let's get it!!!!!,neither,0.01620600571974137,0.39767167536199827,0.5861223189182604
tlchapTHUMP tlchapTHUMP tlchapTHUMP tlchapTHUMP tlchapTHUMP,neither,0.03945320844208391,0.33037608806864915,0.630170703489267
KILLS KILLS KILLS,neither,0.03945320844208391,0.33037608806864915,0.630170703489267
"HD is ahead! You got this, Ninja!",neither,0.05672838822535863,0.3963685766346455,0.5469030351399958
Hiii,neither,0.03945320844208391,0.33037608806864915,0.630170703489267
here from twitter wassup ninj,neither,0.3417731120976535,0.17545022819729356,0.4827766597050529
"as soon as i seen HD take the lead,ninja got on. Mans a beast",neither,0.03518741092869258,0.38290720793785665,0.5819053811334506
!100k,neither,0.03945320844208391,0.33037608806864915,0.630170703489267
"Ninja has secured 97,033 kills in the 100,000 kill challenge!",neither,0.15312746698612698,0.257594901873642,0.589277631140231
his shotgun was doing DOO DOO damage,neither,0.05353585095347233,0.33304693436117927,0.6134172146853484
ninja is my dad,neither,0.03480173492937403,0.411718662623024,0.5534796024476021
@ADHD_Guy no,neither,0.036918905254960256,0.37338982715841207,0.5896912675866277
vivLove vivLove vivLove vivLove vivLove vivLove vivLove,neither,0.03945320844208391,0.33037608806864915,0.630170703489267
that hair tho,neither,0.029646242790982658,0.3977120312714591,0.5726417259375582
run him down my man,offensive_language,0.027961706610980373,0.4892990311340854,0.4827392622549342
damm 14k matches haha,neither,0.03610197260283996,0.38725530628922306,0.576642721107937
gg,neither,0.03945320844208391,0.33037608806864915,0.630170703489267
the lucky gucci sweater,neither,0.03868118742684787,0.3163029807841789,0.6450158317889734
Hey dad,neither,0.03945320844208391,0.33037608806864915,0.630170703489267
ninjaPon,neither,0.03945320844208391,0.33037608806864915,0.630170703489267
ninjaPon,neither,0.03945320844208391,0.33037608806864915,0.630170703489267
@Ninja your camera is fuzzy,neither,0.07831617274684384,0.09020182093195128,0.8314820063212048
hey dad,neither,0.03945320844208391,0.33037608806864915,0.630170703489267
!kills,neither,0.03945320844208391,0.33037608806864915,0.630170703489267
ninjaPon,neither,0.03945320844208391,0.33037608806864915,0.630170703489267
@Mlsto smelly *,neither,0.03945320844208391,0.33037608806864915,0.630170703489267
ninjaTroll,neither,0.03945320844208391,0.33037608806864915,0.630170703489267
!watchtime,neither,0.03945320844208391,0.33037608806864915,0.630170703489267
ninjaPon ninjaPon,neither,0.03945320844208391,0.33037608806864915,0.630170703489267
so how many does HD have?,neither,0.0278289819118846,0.4723774853862191,0.49979353270189625
scrims tonight ninja? @Ninja,neither,0.037701815724391026,0.31571015093472277,0.6465880333408863
you've played 3000 less matches than HD lol,neither,0.028051263133082732,0.3767023908749043,0.595246345992013
"@Ninja nvm, it refocused",neither,0.03811409441735523,0.33083667078763385,0.6310492347950111
Gucci,neither,0.03945320844208391,0.33037608806864915,0.630170703489267
This competition has brought us such food content,neither,0.06222445914573967,0.32091716458438657,0.6168583762698737
ninjaCreep,neither,0.03945320844208391,0.33037608806864915,0.630170703489267
"hey was it cameron that said he was from Lansing, IL? i grew up there",neither,0.03836164280385644,0.34722104730158804,0.6144173098945555
ninjaFan,neither,0.03945320844208391,0.33037608806864915,0.630170703489267
i can't imagine what it smells like,neither,0.05338402991329885,0.3368373005950036,0.6097786694916973
good afternoon ninja,neither,0.03888943709386935,0.330569994887375,0.6305405680187556
hello,neither,0.03945320844208391,0.33037608806864915,0.630170703489267
!100k,neither,0.03945320844208391,0.33037608806864915,0.630170703489267
"Ninja has secured 97,033 kills in the 100,000 kill challenge!",neither,0.15312746698612698,0.257594901873642,0.589277631140231
@Ninja Hows your day,neither,0.06642658947498488,0.3105266569437521,0.6230467535812632
milkshake?,neither,0.03945320844208391,0.33037608806864915,0.630170703489267
does anyone know the stats between ninja and HD i cant look it up cause it's blocked on the school wifi,neither,0.029184101907510678,0.39600205217006595,0.5748138459224233
"The lucky sweater , 3 weeks later ninjaToxic ninjaTroll",neither,0.03875566739715305,0.31768604895575936,0.6435582836470876
GUCCI,neither,0.03945320844208391,0.33037608806864915,0.630170703489267
@ferko5 food content Kreygasm,neither,0.03945320844208391,0.33037608806864915,0.630170703489267
ninjaFan,neither,0.03945320844208391,0.33037608806864915,0.630170703489267
god you're beautiful,neither,0.09331047028457906,0.3483184213747126,0.5583711083407085
one hell of a stream yesterday Ninja,offensive_language,0.04027409938228299,0.6434459366361525,0.31627996398156455
I hope I can find out one day.....wait what,neither,0.07772890143243177,0.17851358777346546,0.7437575107941027
what about reaching the 100k together with HD ninjaPog,neither,0.034001251802008955,0.35721746178712066,0.6087812864108705
gucci gang,neither,0.03945320844208391,0.33037608806864915,0.630170703489267
Hi,neither,0.03945320844208391,0.33037608806864915,0.630170703489267
ninjaAww ninjaAww ninjaAww ninjaAww ninjaAww,neither,0.03945320844208391,0.33037608806864915,0.630170703489267
Morning,neither,0.05283876784042269,0.1031882115525248,0.8439730206070525
Boxed water PogChamp,neither,0.03945320844208391,0.33037608806864915,0.630170703489267
@whalexo I’m at lunch. It was my subconscious,neither,0.025435544521752902,0.45379445434138244,0.5207700011368647
ninjaFan ninjaFan ninjaFan ninjaFan ninjaFan ninjaFan,neither,0.03945320844208391,0.33037608806864915,0.630170703489267
"Guarantee your PC gaming performance with BLD by NZXT. The simplest way to get a customized gaming PC. Choose the games you want to play, set a budget, and BLD takes care of the rest. Built and shipped within 48 hours with a 2-year warranty. https://nzxt.co/Ninja ninja10 ninja10",neither,0.046024978110057846,0.33494880951390904,0.6190262123760332
like 350,neither,0.10032665912632961,0.39589500941497124,0.5037783314586992
Good luck man. I know u want this,neither,0.03909707638011725,0.3894710147842675,0.5714319088356153
ninjaPopcorn ninjaPopcorn ninjaPopcorn,neither,0.03945320844208391,0.33037608806864915,0.630170703489267
Hd is doing a 30 hours livestream lol @Ninja,neither,0.039056526746114026,0.36023037866175683,0.6007130945921292
!100k,neither,0.03945320844208391,0.33037608806864915,0.630170703489267
ninja you better stream for 24 hrs today ninjaCreep ninjaCreep ninjaCreep ninjaCreep ninjaCreep,neither,0.0432886444943105,0.3215347565320222,0.6351765989736673
"Ninja has secured 97,033 kills in the 100,000 kill challenge!",neither,0.15312746698612698,0.257594901873642,0.589277631140231
SMASH EM!!!!!!!,neither,0.03945320844208391,0.33037608806864915,0.630170703489267
yooo],neither,0.03945320844208391,0.33037608806864915,0.630170703489267
Ninja Ninja,neither,0.03945320844208391,0.33037608806864915,0.630170703489267
"you have 97,033. He has 97,054 @Ninja",neither,0.05071507558255385,0.3538225334609491,0.5954623909564971
is that coconut water?,neither,0.04323704173848093,0.3682416715183275,0.5885212867431915
is it bad that i wanna donate just to see how high we can get your net worth,neither,0.053005418819531566,0.4069428175046404,0.5400517636758282
you had 96430 i guess,neither,0.06569170049184246,0.41344971288496474,0.5208585866231927
@ninja hey boo,neither,0.03945320844208391,0.33037608806864915,0.630170703489267
been awesome watching u slay out on squads lately,neither,0.03500011628564642,0.3517681405397734,0.6132317431745802
gucci gang gucci gang guccigang,neither,0.03945320844208391,0.33037608806864915,0.630170703489267
@rick_poncho lol,neither,0.020706217963973744,0.4882283491876925,0.4910654328483337
HD on a 17hr stream,neither,0.03703297038763197,0.34195529844320627,0.6210117311691616
Like 600 yesterday,neither,0.050060355337725265,0.3457947971507247,0.6041448475115501
good morning Beautiful @ninja ninjaPon <3,neither,0.04589247240477504,0.2101337497340863,0.7439737778611386
!uptime,neither,0.03945320844208391,0.33037608806864915,0.630170703489267
Ninja has been streaming for 6 minutes 27 seconds,neither,0.035984600059225234,0.31206755396997676,0.6519478459707979
no more big boy streams? :(,neither,0.026687692901783248,0.38742091142647594,0.5858913956717408
like 600,neither,0.05298578524264553,0.34963342615018295,0.5973807886071715
"@ninja you started at 96,432 yesterday I think...I just remember the number. So 601 kills yesterday",neither,0.04381468732705816,0.3861539363529763,0.5700313763199655
@Maddened jesus,neither,0.03945320844208391,0.33037608806864915,0.630170703489267
,neither,0.03945320844208391,0.33037608806864915,0.630170703489267
damn @Maddened,offensive_language,0.042479326866149344,0.9516554255713155,0.005865247562535126
why not grab courage and go duo squads?,neither,0.03215237900294494,0.32045469090006184,0.6473929300969932
last night was one of the funniest streams yet ninjaClap,neither,0.033233043622378895,0.34162022772622724,0.6251467286513939
Lol that hoodie's probably starting to smell nasty,neither,0.03481246439443433,0.40582671337346204,0.5593608222321038
well HD has more games played than Ninja and he has no life and plays way longer than ninja,neither,0.03989351508641523,0.32450091735335956,0.6356055675602252
"oh snap, it's on",neither,0.04021488804790779,0.2895839601000108,0.6702011518520814
are you feeling hungover lol,neither,0.07246946729131568,0.3833461450177306,0.5441843876909537
HD has 97070,neither,0.0398838597670735,0.3230668111731776,0.637049329059749
Hi Ninja you are Hardcore guy. Respect,neither,0.07124950307322667,0.3339054305061362,0.5948450664206373
!uptime,neither,0.03945320844208391,0.33037608806864915,0.630170703489267
Ninja has been streaming for 7 minutes 7 seconds,neither,0.035678679601720456,0.31045049647393935,0.6538708239243401
pretty good,neither,0.03844611870661283,0.33072247240938424,0.6308314088840029
!uptime,neither,0.03945320844208391,0.33037608806864915,0.630170703489267
Why not just play solos man you always get high kill solo games,offensive_language,0.2051901833955141,0.46581296539347106,0.32899685121101474
you had 712 yesterday,neither,0.06363403689169723,0.39671427175120905,0.5396516913570938
!100k,neither,0.03945320844208391,0.33037608806864915,0.630170703489267
"Ninja has secured 97,033 kills in the 100,000 kill challenge!",neither,0.15312746698612698,0.257594901873642,0.589277631140231
wow,neither,0.03945320844208391,0.33037608806864915,0.630170703489267
Are ninja and HD friends?,neither,0.058216235349608354,0.26445030643902834,0.6773334582113633
good quick 4 kills,neither,0.03879734684634555,0.3306016689463522,0.6306009842073023
does anyone know if hd is streaming now?,neither,0.024287332292910777,0.44373845375054466,0.5319742139565445
Morning-ish Ninja n chat! ninjaHi ninjaPonW,neither,0.04549611396286723,0.22781221065425375,0.726691675382879
@ninja I think you had 601 kills yesterday,neither,0.05238215468576948,0.3587945824454341,0.5888232628687965
@jpcofficial the high kill games are in solo squads,neither,0.2828980772901917,0.24085147863411277,0.4762504440756956
"@patrick3337 Ninj and HD have different playstyles, they should not be compared",neither,0.045849695960652186,0.33646855574023854,0.6176817482991094
he is,neither,0.0817087036342036,0.3158424856208871,0.6024488107449093
Of course @cappy11496,neither,0.03945320844208391,0.33037608806864915,0.630170703489267
good morning sweet prince,neither,0.04569289546446734,0.21393478032973948,0.7403723242057931
271 from what i see on fortnite tracker,neither,0.04268549715335271,0.3226835901074006,0.6346309127392467
over 600 kills,neither,0.03678466239614429,0.331999883650844,0.6312154539530118
you had like 400 kills yesterda,neither,0.06674535735390469,0.3882152776979923,0.5450393649481031
697 Kills,neither,0.03945320844208391,0.33037608806864915,0.630170703489267
how's your day,neither,0.10179699032569633,0.28992403542249107,0.6082789742518125
,neither,0.03945320844208391,0.33037608806864915,0.630170703489267
15 wins?,neither,0.03945320844208391,0.33037608806864915,0.630170703489267
!wins,neither,0.03945320844208391,0.33037608806864915,0.630170703489267
Check Ninja's wins here -> https://goo.gl/17Qojo,neither,0.0737613933919306,0.30145673084023594,0.6247818757678334
Wins: None yet ¯\_(ツ)_/¯,neither,0.03945320844208391,0.33037608806864915,0.630170703489267
@jpcofficial cause the time investment is WAY higher,neither,0.042398935878267534,0.3533374912381758,0.6042635728835567
a 27,neither,0.03945320844208391,0.33037608806864915,0.630170703489267
Woww,neither,0.03945320844208391,0.33037608806864915,0.630170703489267
GOOD MORNING NINJA,neither,0.0468013847741319,0.19273113716557552,0.7604674780602926
yayy stream,neither,0.03945320844208391,0.33037608806864915,0.630170703489267
Halo guys last night was LITTT,neither,0.03306241203892921,0.3335373426229977,0.6334002453380732
another after dark stream tonight?,neither,0.0719276817565782,0.258235300054038,0.6698370181893838
does HD have a relationship besides fortnite?,neither,0.02875974791516117,0.4321663760426219,0.5390738760422168
Good morning @ninja,neither,0.0468013847741319,0.19273113716557552,0.7604674780602926
!kills,neither,0.03945320844208391,0.33037608806864915,0.630170703489267
NAAAAAAAAAAANNNNNNN,neither,0.03945320844208391,0.33037608806864915,0.630170703489267
boxed water?,neither,0.03945320844208391,0.33037608806864915,0.630170703489267
morrrninggg,neither,0.03945320844208391,0.33037608806864915,0.630170703489267
good morning!,neither,0.04970930963283925,0.13564577574880146,0.8146449146183593
27,neither,0.03945320844208391,0.33037608806864915,0.630170703489267
hi,neither,0.03945320844208391,0.33037608806864915,0.630170703489267
Like 600 kills,neither,0.04952719711790607,0.3450778000564835,0.6053950028256104
!1000,neither,0.03945320844208391,0.33037608806864915,0.630170703489267
"Started with 96436, Ended with 97033....",neither,0.021929936000316775,0.39710189565452353,0.5809681683451596
deadmau5?,neither,0.03945320844208391,0.33037608806864915,0.630170703489267
morrrninnnng,neither,0.03945320844208391,0.33037608806864915,0.630170703489267
!kills,neither,0.03945320844208391,0.33037608806864915,0.630170703489267
Jay Deee?,neither,0.03945320844208391,0.33037608806864915,0.630170703489267
!100,neither,0.03945320844208391,0.33037608806864915,0.630170703489267
boxed water PogChamp,neither,0.03945320844208391,0.33037608806864915,0.630170703489267
lets get this bread,neither,0.03850713565762622,0.3464334122741145,0.6150594520682593
"KPT is better in squads, kill fast, die, next, this is a marathon after all, not a sprint",neither,0.3343146954723062,0.1808218121769379,0.4848634923507558
Drop at The Block?,neither,0.04770746091617539,0.3348969442310263,0.6173955948527984
Morning Ninja and chat ninjaHI,neither,0.045027056816225666,0.18275084176299264,0.7722221014207817
!100k,neither,0.03945320844208391,0.33037608806864915,0.630170703489267
What color are you changing your hair to next,neither,0.14001639473987046,0.31547895556345307,0.5445046496966766
"Ninja has secured 97,033 kills in the 100,000 kill challenge!",neither,0.15312746698612698,0.257594901873642,0.589277631140231
ninjaChocobo ninjaChocobo ninjaChocobo ninjaChocobo ninjaChocobo ninjaChocobo,neither,0.03945320844208391,0.33037608806864915,0.630170703489267
@ninja go check fortnite tracker history,neither,0.040255686173019965,0.33315862298861815,0.6265856908383618
!100k,neither,0.03945320844208391,0.33037608806864915,0.630170703489267
!stats,neither,0.03945320844208391,0.33037608806864915,0.630170703489267
View ninjas Fortnite stats here -> https://goo.gl/32yptu,neither,0.07686991141189878,0.2992569329389562,0.6238731556491449
ninjaHi,neither,0.03945320844208391,0.33037608806864915,0.630170703489267
sup,neither,0.03945320844208391,0.33037608806864915,0.630170703489267
ninja believe in yourself. You got this,neither,0.05203755608868204,0.41379952777575724,0.5341629161355608
LOVE NINJAWERKS,neither,0.03217296676969875,0.3657703709031763,0.602056662327125
Is HD in front of Ninja?,neither,0.04556587885811693,0.32827366041239037,0.6261604607294926
Morning! Been up all night playing fortnite,neither,0.03942927143225481,0.32157808374438457,0.6389926448233606
hey,neither,0.03945320844208391,0.33037608806864915,0.630170703489267
You did insane yesterday. And the games were so fun to watch. Love when there is a fun challenge between you and another streamer.,neither,0.08020989940319434,0.3026500961264855,0.61714000447032
"@LoRswat ok so I remembered slightly wrong, he had 597 yesterday",neither,0.043333372738540515,0.3626704399254626,0.5939961873359969
still a lot,neither,0.038102448866485526,0.35330200326813666,0.6085955478653778
Monstcr is a monster of a player @ninja,neither,0.040769091574306374,0.4016903440261746,0.557540564399519
ninjaH ninjaH ninjaH ninjaH ninjaH ninjaH ninjaH ninjaH ninjaH,neither,0.03945320844208391,0.33037608806864915,0.630170703489267
you're a machine bro. I was here with you the whole stream yesterday. I'm exhausted lol,neither,0.08878120421337862,0.39152698464747115,0.5196918111391501
ninjaHype ninjaHype ninjaHype ninjaHype ninjaHype,neither,0.03945320844208391,0.33037608806864915,0.630170703489267
i see that goku poster,neither,0.03626517128520448,0.36494110680571795,0.5987937219090775
is hd ahead?,neither,0.046771950501004134,0.3278588370692596,0.6253692124297362
is there a 2nd LP planned for Ninjawerks ?,neither,0.040444510125615486,0.2799739243755247,0.6795815654988597
597,neither,0.03945320844208391,0.33037608806864915,0.630170703489267
You got this ninj!,offensive_language,0.07992678652273469,0.5679123887647478,0.35216082471251753
!uptime,neither,0.03945320844208391,0.33037608806864915,0.630170703489267
Ninja has been streaming for 8 minutes 50 seconds,neither,0.035909554605212814,0.3116708868063255,0.6524195585884617
did you see the broly movie yet,neither,0.058045729876915,0.31808799728704357,0.6238662728360416
@betim015 by only about 40 kills,neither,0.0390293603221949,0.3938698570775809,0.5671007826002242
600 kills?!!,neither,0.03945320844208391,0.33037608806864915,0.630170703489267
ninjaBlast1 ninjaBlast2 ninjaBlast3 ninjaBlast3,neither,0.03945320844208391,0.33037608806864915,0.630170703489267
597 Kills,neither,0.03945320844208391,0.33037608806864915,0.630170703489267
WHAT 17 omgggg,neither,0.04445694472692292,0.3267790586229853,0.6287639966500919
!2hands,neither,0.03945320844208391,0.33037608806864915,0.630170703489267
"""I use 2 hands, 1 to guide the tip, and the other to cradle the balls"" - Ninja 2015",neither,0.02882840075375995,0.3926444365429246,0.5785271627033155
my god,neither,0.02182153289546196,0.47835500997776687,0.4998234571267711
7AM on the dot. 😂 lets get these kills!!! ninjacheer500,neither,0.04157857834816648,0.39751704144550104,0.5609043802063326
ninja don't worry you are still better because you have less games played. Tat means you have more kills per game,neither,0.07586855496191135,0.3593997687222745,0.5647316763158141
277 more kills needed,neither,0.04122159066634967,0.32114481282343355,0.6376335965102167
that,neither,0.026110925149043836,0.4791292047641166,0.4947598700868395
17 jesus,neither,0.03945320844208391,0.33037608806864915,0.630170703489267
Bet you won't do it again,neither,0.05409081901054644,0.41180878389727604,0.5341003970921775
this his first game?,neither,0.05832221856069023,0.2865128603395566,0.6551649210997533
He is up 21 kills right mow,neither,0.04804219018299012,0.38653826191745483,0.565419547899555
Fair enough man,neither,0.039592831929516695,0.39679247995186756,0.5636146881186157
HD only caught up ~330 from last night,neither,0.033824150095532864,0.35131577338101777,0.6148600765234494
tim to pop off today ninjaPog,neither,0.04543694940171089,0.28589383392919887,0.6686692166690902
!wins,neither,0.03945320844208391,0.33037608806864915,0.630170703489267
Check Ninja's wins here -> https://goo.gl/17Qojo,neither,0.0737613933919306,0.30145673084023594,0.6247818757678334
Wins: None yet ¯\_(ツ)_/¯,neither,0.03945320844208391,0.33037608806864915,0.630170703489267
ninjaChocobo ninjaChocobo ninjaChocobo ninjaChocobo,neither,0.03945320844208391,0.33037608806864915,0.630170703489267
We love you !,neither,0.0667431826429772,0.4602730207261189,0.47298379663090395
!kills,neither,0.03945320844208391,0.33037608806864915,0.630170703489267
HD is up by 21,neither,0.04495371262061057,0.4131622493651439,0.5418840380142455
ninjaCreep ninjaCRINJA,neither,0.03945320844208391,0.33037608806864915,0.630170703489267
You hungover? Lol,neither,0.0473024961617148,0.4566128235638217,0.4960846802744636
!100k,neither,0.03945320844208391,0.33037608806864915,0.630170703489267
Sup chat ninjaHi,neither,0.03945320844208391,0.33037608806864915,0.630170703489267
"Ninja has secured 97,033 kills in the 100,000 kill challenge!",neither,0.15312746698612698,0.257594901873642,0.589277631140231
sendin love and get wells to ninjaWifey ninjaWifey ninjaWifey ninjaWifey ninjaWifey today!!!,neither,0.040111621152984875,0.29955996716928823,0.6603284116777268
HD is only about 20 kills ahead,neither,0.04353664692558155,0.3461472912553064,0.610316061819112
,neither,0.03945320844208391,0.33037608806864915,0.630170703489267
What time did ninja get off last night?,neither,0.03615337504825718,0.34880618339264685,0.6150404415590959
2 am,neither,0.03902346103501681,0.3305238979082658,0.6304526410567174
Thanks,neither,0.035884468650613,0.3004919205142699,0.6636236108351171
grey tac Kreygasm,neither,0.03945320844208391,0.33037608806864915,0.630170703489267
"Current standings: HD: 97,054 Ninja:97,033",neither,0.03945320844208391,0.33037608806864915,0.630170703489267
"i love hd but i’m kinda annoyed by how he is doing 30hr streams to catch up and over take the lead, like, that’s a bit ridiculous isn’t it? i dunno, maybe just me, glad to see the content the rivalry is sparking but geez",neither,0.041669172424776246,0.3739169501538422,0.5844138774213816
ninjaChug ninjaChug ninjaChug ninjaChug ninjaChug ninjaChug ninjaChug ninjaChug ninjaChug ninjaChug ninjaChug ninjaChug ninjaChug ninjaChug ninjaChug ninjaChug ninjaChug ninjaChug ninjaChug ninjaChug ninjaChug ninjaChug ninjaChug ninjaChug ninjaChug ninjaChug ninjaChug ninjaChug ninjaChug ninjaChug ninjaChug,neither,0.03945320844208391,0.33037608806864915,0.630170703489267
Tac Attack,neither,0.03945320844208391,0.33037608806864915,0.630170703489267
Lol stream snipers,neither,0.032795829899993106,0.3780039209737026,0.5892002491263042
go Ninja,neither,0.040893462716063485,0.3353768039856035,0.623729733298333
👍🏻 @awatchmen,neither,0.03945320844208391,0.33037608806864915,0.630170703489267
jesuse?,neither,0.03945320844208391,0.33037608806864915,0.630170703489267
HD might be ahead but he won’t be on much longer today,neither,0.03624333437087495,0.3343270895942973,0.6294295760348277
Gray tac is awful lol,neither,0.03885049643357179,0.37531964489822417,0.585829858668204
there we go!,neither,0.04083933629015207,0.27628362646603744,0.6828770372438104
!100k,neither,0.03945320844208391,0.33037608806864915,0.630170703489267
"Ninja has secured 97,033 kills in the 100,000 kill challenge!",neither,0.15312746698612698,0.257594901873642,0.589277631140231
LMFAOOO,neither,0.03945320844208391,0.33037608806864915,0.630170703489267
LUL,neither,0.03945320844208391,0.33037608806864915,0.630170703489267
200 IQ play,neither,0.03945320844208391,0.33037608806864915,0.630170703489267
sureREE,neither,0.03945320844208391,0.33037608806864915,0.630170703489267
