text,top_class,hate_speech,offensive_language,neither
hi @Ninja,neither,0.03945320844208391,0.33037608806864915,0.630170703489267
live,neither,0.04891340716200846,0.3271222919257548,0.6239643009122369
notice me ninja,neither,0.03274192201262149,0.36654956102064684,0.6007085169667317
@maddened true true,neither,0.03945320844208391,0.33037608806864915,0.630170703489267
United States,neither,0.03945320844208391,0.33037608806864915,0.630170703489267
Yay Finally Live,neither,0.043738301139985114,0.3289022481943334,0.6273594506656816
yay,neither,0.03945320844208391,0.33037608806864915,0.630170703489267
Good morning @ninja !,neither,0.0468013847741319,0.19273113716557552,0.7604674780602926
Dad,neither,0.03945320844208391,0.33037608806864915,0.630170703489267
Hi @Ninja,neither,0.03945320844208391,0.33037608806864915,0.630170703489267
dad,neither,0.03945320844208391,0.33037608806864915,0.630170703489267
hi ninjaHi,neither,0.03945320844208391,0.33037608806864915,0.630170703489267
ninjaHype ninjaHype,neither,0.03945320844208391,0.33037608806864915,0.630170703489267
ninjaPog ninjaPog ninjaPog ninjaPog ninjaPog ninjaPog ninjaPog ninjaPog ninjaPog,neither,0.03945320844208391,0.33037608806864915,0.630170703489267
hopefully some scrims tonight @Ninja,neither,0.03078678437119002,0.3228155516128236,0.6463976640159864
HOLA MI AMIGOS,neither,0.03945320844208391,0.33037608806864915,0.630170703489267
Hey,neither,0.03945320844208391,0.33037608806864915,0.630170703489267
first,neither,0.02604892428726219,0.3349864360510187,0.6389646396617191
Sup everyone ninjaHi ninjaHi,neither,0.0329156616963718,0.44133531798081543,0.5257490203228127
ninjaDance,neither,0.03945320844208391,0.33037608806864915,0.630170703489267
dark mode was so lit before,neither,0.036573569025568256,0.40919087854303915,0.5542355524313927
Dad,neither,0.03945320844208391,0.33037608806864915,0.630170703489267
Morning everyone,neither,0.04178497597973255,0.2907999075264022,0.6674151164938652
Morning,neither,0.05283876784042269,0.1031882115525248,0.8439730206070525
"my mom died in a car wreck last night, please keep me distracted",neither,0.02629389729647107,0.3977128498190949,0.5759932528844341
Why does this music remind me of pocket tanks,neither,0.02164813486237659,0.4441345585354326,0.5342173066021909
ninjaGold good luck today @ninja have a great steam I’ll be watching ninjaHi ninjaPopcorn ninjaThirst,neither,0.03713475231278872,0.31041755937946863,0.6524476883077427
Morning bro,neither,0.050115637951554756,0.14940683256931056,0.8004775294791346
ninjaGold ninjaGold ninjaGold ninjaGold ninjaGold ninjaGold ninjaGold,neither,0.03945320844208391,0.33037608806864915,0.630170703489267
Hi,neither,0.03945320844208391,0.33037608806864915,0.630170703489267
ninjaK,neither,0.03945320844208391,0.33037608806864915,0.630170703489267
At iD Tech camps you can learn all about how games are made and start building your own game future this summer. Check it out: www.idtech.com/fortnite #ad,neither,0.07849295833611333,0.3389748549213327,0.5825321867425539
morning,neither,0.05283876784042269,0.1031882115525248,0.8439730206070525
Keep is positive today yall,neither,0.04400495968044735,0.329899423501004,0.6260956168185486
@xsweetpea92 ninjaH,neither,0.03945320844208391,0.33037608806864915,0.630170703489267
morning ninja,neither,0.048203553387938615,0.18185989775694275,0.7699365488551186
Hi,neither,0.03945320844208391,0.33037608806864915,0.630170703489267
I'M NECKST UP,offensive_language,0.031680140546704795,0.5091262166492487,0.45919364280404645
Sorry for your loss @xsweetpea92,neither,0.06277054987329188,0.29017255638291073,0.6470568937437974
ninjaFood,neither,0.03945320844208391,0.33037608806864915,0.630170703489267
Whoooooot! Happy Friday Ninja n chat! ninjaHi ninjaPonW ninjaH,neither,0.03945320844208391,0.33037608806864915,0.630170703489267
heyyyyyyyyyyyy,neither,0.03945320844208391,0.33037608806864915,0.630170703489267
doctor6 doctor6 doctor6,neither,0.03945320844208391,0.33037608806864915,0.630170703489267
ninjaClap ninjaClap ninjaClap,neither,0.03945320844208391,0.33037608806864915,0.630170703489267
Been waiting for you to get back on! Let’s gooooooo dude.,neither,0.03348297249255742,0.3848558630124329,0.5816611644950097
tfueLOVE tfueLOVE tfueLOVE tfueLOVE tfueLOVE tfueLOVE tfueLOVE tfueLOVE tfueLOVE tfueLOVE tfueLOVE tfueLOVE,neither,0.03945320844208391,0.33037608806864915,0.630170703489267
hello ninja Love your channel,neither,0.05928145696104177,0.3343528559377752,0.606365687101183
i hope he does another after hours stream like the one from yesterday,neither,0.09469268827243088,0.3045926590530693,0.6007146526744999
Let’s go!!!!!! ninjaHype ninjaHype ninjaHype,neither,0.01806316484133749,0.39391011985298136,0.5880267153056813
ninjaFan ninjaFan,neither,0.03945320844208391,0.33037608806864915,0.630170703489267
ninjaIQ ninjaIQ ninjaIQ ninjaIQ ninjaIQ ninjaIQ ninjaIQ ninjaIQ ninjaIQ ninjaIQ ninjaIQ ninjaIQ ninjaIQ ninjaIQ ninjaIQ ninjaIQ ninjaIQ,neither,0.03945320844208391,0.33037608806864915,0.630170703489267
ninjaWifey,neither,0.03945320844208391,0.33037608806864915,0.630170703489267
AM I LATE ninjaPog ninjaCry,neither,0.03919336354151632,0.3304654606452988,0.6303411758131848
What did he lose some one,neither,0.04016644054067281,0.36990901788481895,0.5899245415745081
ninjaFan ninjaFan ninjaFan ninjaFan ninjaFan ninjaFan ninjaFan ninjaFan ninjaFan ninjaFan ninjaFan ninjaFan ninjaFan ninjaFan ninjaFan ninjaFan ninjaFan ninjaFan ninjaFan ninjaFan ninjaFan ninjaFan,neither,0.03945320844208391,0.33037608806864915,0.630170703489267
ninjaCreep ninjaCreep ninjaCreep ninjaCreep ninjaCreep ninjaCreep ninjaCreep ninjaCreep ninjaCreep ninjaCreep ninjaCreep ninjaCreep ninjaCreep ninjaCreep,neither,0.03945320844208391,0.33037608806864915,0.630170703489267
you are the best streamer I ever had seen before,neither,0.07523943128866759,0.36124882733964275,0.5635117413716897
GoodMorning ninja & chat,neither,0.03945320844208391,0.33037608806864915,0.630170703489267
"@ProfDischarge there was no night stream yesterday, you mean from a couple of days ago ninjaH",neither,0.04316169404444821,0.32855767981642525,0.6282806261391266
What up chat ninjaFire,neither,0.04268701058436685,0.38974047704151576,0.5675725123741174
ninjaCRINJA ninjaCRINJA ninjaCRINJA ninjaCRINJA ninjaCRINJA,neither,0.03945320844208391,0.33037608806864915,0.630170703489267
goodmorning guys,neither,0.0393257792009554,0.33253889485441845,0.6281353259446261
yo yo yo yo yo moooooornin,offensive_language,0.04010381111145228,0.5271105317972344,0.4327856570913131
Let’s get some ninjaHype ninjaHype ninjaHype ninjaHype ninjaHype ninjaHype in the chat!!!!!,neither,0.0187682902788897,0.3669644320981936,0.6142672776229168
ninjaHype ninjaHype ninjaHype ninjaHype ninjaHype ninjaHype,neither,0.03945320844208391,0.33037608806864915,0.630170703489267
Did he lose some one,neither,0.03494987827956756,0.3764723623126286,0.5885777594078038
yayyayayayayaya,neither,0.03945320844208391,0.33037608806864915,0.630170703489267
"I got this feeling, inside my bones",neither,0.026257853306247157,0.25742753591407325,0.7163146107796796
ninjaHype ninjaHype ninjaHype ninjaHype ninjaHype,neither,0.03945320844208391,0.33037608806864915,0.630170703489267
ninjaPon ninjaPon ninjaPon,neither,0.03945320844208391,0.33037608806864915,0.630170703489267
ninjaPon,neither,0.03945320844208391,0.33037608806864915,0.630170703489267
ninjaChocobo ninjaChug ninjaChug ninjaChug ninjaGold ninjaGold ninjaGold,neither,0.03945320844208391,0.33037608806864915,0.630170703489267
ninjaHype,neither,0.03945320844208391,0.33037608806864915,0.630170703489267
Morning chat!!,neither,0.048641030132881694,0.17443477567193386,0.7769241941951844
oi,neither,0.03945320844208391,0.33037608806864915,0.630170703489267
ninjaPon ninjaPon ninjaPon,neither,0.03945320844208391,0.33037608806864915,0.630170703489267
you are best in the world,neither,0.10162542779070431,0.2920812630473288,0.606293309161967
How we be doing mods?,neither,0.03985035974142107,0.3389230792809951,0.6212265609775838
,neither,0.03945320844208391,0.33037608806864915,0.630170703489267
NINJAAAAAAAAAAA,neither,0.03945320844208391,0.33037608806864915,0.630170703489267
And I said heyeyeyeyyeyeyeye,neither,0.038088391640479134,0.25308504240088786,0.708826565958633
"@maddened thank you, we werent close and she was an addict but still pretty upset. i had been keeping her from my daughter. now i feel awful. but she did it not me.",offensive_language,0.031259267412793695,0.5401622021001798,0.42857853048702665
ninjaCreep ninjaCreep ninjaCreep,neither,0.03945320844208391,0.33037608806864915,0.630170703489267
morning all!!!,neither,0.061967905254982546,0.21215969689978753,0.7258723978452299
i skipped school today,neither,0.03810398661920425,0.3096740212843262,0.6522219920964696
PowerUpL ninjaNavi PowerUpR,neither,0.03945320844208391,0.33037608806864915,0.630170703489267
nickmercs20 nickmercs20 nickmercs20 nickmercs20,neither,0.03945320844208391,0.33037608806864915,0.630170703489267
ninjaBlast1 ninjaBlast2 ninjaBlast3 ninjaBlast3,neither,0.03945320844208391,0.33037608806864915,0.630170703489267
Yas heyy,neither,0.03945320844208391,0.33037608806864915,0.630170703489267
@Ninja the timer,neither,0.03833268284400528,0.3097437752947421,0.6519235418612527
ninjaPon ninjaPon ninjaPon ninjaPon,neither,0.03945320844208391,0.33037608806864915,0.630170703489267
Jebaited,neither,0.03945320844208391,0.33037608806864915,0.630170703489267
ninjaPon,neither,0.03945320844208391,0.33037608806864915,0.630170703489267
XD WUT,neither,0.03945320844208391,0.33037608806864915,0.630170703489267
Bruh Button,neither,0.03945320844208391,0.33037608806864915,0.630170703489267
ninjaHype ninjaHype ninjaHype ninjaHype ninjaHype ninjaHype ninjaHype ninjaHype ninjaHype ninjaHype ninjaHype ninjaHype ninjaHype ninjaHype ninjaHype ninjaHype ninjaHype,neither,0.03945320844208391,0.33037608806864915,0.630170703489267
change the screen,neither,0.03845672767639581,0.31209589393747184,0.6494473783861323
3.30am watching ninja while drunk my life’s complete 🤤🤤,neither,0.029624951166336247,0.42710976490517266,0.543265283928491
ninjaPon,neither,0.03945320844208391,0.33037608806864915,0.630170703489267
love your channel and setup In your room and I enjoy my self,neither,0.06196017696150243,0.3296865098837464,0.608353313154751
What,neither,0.057770773616808734,0.3180719994247239,0.6241572269584672
"I love tim but man i can't watch until he bites the bullet and shaves his head, his hair gives me the heebie jeebies",neither,0.05767337897367056,0.36041536018823134,0.581911260838098
!settings,neither,0.03945320844208391,0.33037608806864915,0.630170703489267
Graphics - https://goo.gl/fJimnD | Keybinds U & O are mapped to Mouse 4 & 5 | Sens .09 - https://goo.gl/1Zv8vA | DPI 800,neither,0.059637019563803434,0.29986897410473445,0.640494006331462
Hey,neither,0.03945320844208391,0.33037608806864915,0.630170703489267
Noooo,neither,0.03945320844208391,0.33037608806864915,0.630170703489267
@regal84 thank you,neither,0.07325166854587051,0.43632638485078484,0.49042194660334476
tIME JUST RESET,neither,0.02937989474193725,0.40631998907833106,0.5643001161797316
@xsweetpea92 well I wish you the best. Ninja always makes a good distraction ninjaK,neither,0.04714825874176557,0.3844633322552477,0.5683884090029868
!chat,neither,0.03945320844208391,0.33037608806864915,0.630170703489267
ninjaPon ninjaPon,neither,0.03945320844208391,0.33037608806864915,0.630170703489267
Wtf,offensive_language,0.04410695246022759,0.7898861884776351,0.16600685906213722
LUL,neither,0.03945320844208391,0.33037608806864915,0.630170703489267
Yus,neither,0.03945320844208391,0.33037608806864915,0.630170703489267
Why’d the timer get to zero then reset,neither,0.03218682781841612,0.334934365266384,0.6328788069151999
You’re a lizard harry,neither,0.07757565185174986,0.3443501012027059,0.5780742469455441
Let’s gooooooooooooooo,neither,0.01259774405356427,0.402817721707079,0.5845845342393566
,neither,0.03945320844208391,0.33037608806864915,0.630170703489267
PrimeRlyTho ninjaBlast1 ninjaBlast2 ninjaBlast3 ninjaBlast3,neither,0.03945320844208391,0.33037608806864915,0.630170703489267
went from 10 seconds to 4 minutes lol,neither,0.03880559468435706,0.3561708636868388,0.6050235416288041
ninjaWifey Hey @ninja ninjaPon ninjaPon,neither,0.03945320844208391,0.33037608806864915,0.630170703489267
!100k,neither,0.03945320844208391,0.33037608806864915,0.630170703489267
"Ninja has secured 97,296 kills in the 100,000 kill challenge!",neither,0.15312746698612698,0.257594901873642,0.589277631140231
@ryanlr88 Who me,offensive_language,0.026297093888473923,0.552884600003204,0.420818306108322
is this submode?,neither,0.06444388513749441,0.32581973129223984,0.6097363835702658
You’re a blizzard harry,neither,0.09907792640288733,0.3495612297399805,0.5513608438571322
Good morning @ninja LFGD!,neither,0.0468013847741319,0.19273113716557552,0.7604674780602926
probably needed a lil more time,neither,0.03900731545452726,0.3564395415255493,0.6045531430199234
I'm a ninja ninjaPon ninjaPon,neither,0.03945320844208391,0.33037608806864915,0.630170703489267
ninjaTroll ninjaTroll ninjaTroll ninjaTroll ninjaTroll ninjaTroll ninjaTroll,neither,0.03945320844208391,0.33037608806864915,0.630170703489267
Is he still going for 100k?!,neither,0.043390646635247304,0.3373565699465823,0.6192527834181704
Gg man I was the lizard harry,neither,0.038591298759302124,0.37012244357801616,0.5912862576626817
Hey it’s my birthday in 6 days,neither,0.02759767536576308,0.4145674174925817,0.5578349071416552
oii,neither,0.03945320844208391,0.33037608806864915,0.630170703489267
ninja already given up. on the 100k,neither,0.03444390753928481,0.37543351715379253,0.5901225753069227
LITTTTTTTTTTTTTTT,neither,0.03945320844208391,0.33037608806864915,0.630170703489267
ninjaHi,neither,0.03945320844208391,0.33037608806864915,0.630170703489267
*cough* Mercy *cough*,neither,0.03945320844208391,0.33037608806864915,0.630170703489267
"so no more 100k chase, huh?",neither,0.04018531925467446,0.3683740315921957,0.5914406491531298
Hey ninja vivLove,neither,0.03945320844208391,0.33037608806864915,0.630170703489267
yoooo what up @Ninja ninjaHi ninjaHi,neither,0.04169402336877271,0.3717659318181193,0.5865400448131081
hey guy!,neither,0.038824483444773045,0.34104719211450535,0.6201283244407216
Hey @Ninja,neither,0.03945320844208391,0.33037608806864915,0.630170703489267
@hehelov3 how do you figure?,neither,0.06231951262720649,0.38635220111415436,0.5513282862586392
!time,neither,0.036668274527354654,0.377643684699956,0.5856880407726893
Yay good morning!,neither,0.04691433381159199,0.19055706009032403,0.7625286060980839
"January 11th 2019, 10:34:51 am CST GMT-06:00",neither,0.039349791393277225,0.33041165793398486,0.6302385506727379
Gg man I was the cool skin,neither,0.03841519511547739,0.37825588892044665,0.5833289159640759
Yo Ninj,offensive_language,0.04010381111145228,0.5271105317972344,0.4327856570913131
Totally cough,neither,0.03945320844208391,0.33037608806864915,0.630170703489267
good moring NINJA,neither,0.03868733656327734,0.3306395065272872,0.6306731569094355
GOOD MORNING NINJA,neither,0.0468013847741319,0.19273113716557552,0.7604674780602926
@RyanLR88 ninjaTooth,neither,0.03945320844208391,0.33037608806864915,0.630170703489267
im preety sure somone just recorded that,offensive_language,0.027938505263060135,0.5118463062470148,0.4602151884899251
@Ninja you're only 81 kills behind you can still get to 100k 1st,neither,0.07415767033820438,0.37090168150005826,0.5549406481617374
,neither,0.03945320844208391,0.33037608806864915,0.630170703489267
@maddened no it’s ark ninjaTooth,neither,0.03432144911607103,0.36487411038982576,0.6008044404941032
when was the last time you showered ninja?!,neither,0.04052320921979674,0.41894825344367653,0.5405285373365266
hey ninja,neither,0.03945320844208391,0.33037608806864915,0.630170703489267
ninja deppresed,neither,0.03945320844208391,0.33037608806864915,0.630170703489267
love your channel,neither,0.07216561185012554,0.3354708277892649,0.5923635603606094
Wassup brother,neither,0.2236668366084453,0.138504937170311,0.6378282262212437
NInjaaa yes hii howd you sleep lol,neither,0.04516923515220505,0.4229220475175798,0.5319087173302152
Good morning ninj!,neither,0.04970930963283925,0.13564577574880146,0.8146449146183593
love you @ninja,neither,0.055614303534325615,0.40605032358192344,0.538335372883751
sup man,neither,0.03963703663028572,0.41087941302266007,0.5494835503470542
ninjaBlank,neither,0.03945320844208391,0.33037608806864915,0.630170703489267
Yoooo wassup ninjaa!,neither,0.18744960138353045,0.1608040332976765,0.651746365318793
@doubleb4225 jahahaha,neither,0.03945320844208391,0.33037608806864915,0.630170703489267
Ninja I bet u won’t say hi to me,neither,0.03836352195448987,0.3572012036732887,0.6044352743722213
Gg man I was the countdown,neither,0.03763955484808923,0.41446724785317574,0.547893197298735
let's get that lead back GOAT nickmercsLG,neither,0.024259118182850332,0.3976315200174111,0.5781093617997386
"@Figjam300 No, this is Patrick",neither,0.0477702786964481,0.34487707772510146,0.6073526435784505
ninja TALK,neither,0.021085941496674348,0.336693433413268,0.6422206250900576
!100k,neither,0.03945320844208391,0.33037608806864915,0.630170703489267
"Ninja has secured 97,296 kills in the 100,000 kill challenge!",neither,0.15312746698612698,0.257594901873642,0.589277631140231
Hope you enjoy the games today fam!,neither,0.08551021961835976,0.23647697998157757,0.6780128004000627
@headtopchef he said he gave up on 100k on twitter,neither,0.04023169986678559,0.4620238061602438,0.4977444939729706
@maddened LUL NO!,neither,0.03852177801590115,0.3461848932406789,0.6152933287434199
"GG man, I was the vbucks",neither,0.03763955484808923,0.41446724785317574,0.547893197298735
'top of the mornin to ya laddes,offensive_language,0.030307786734241858,0.5334044686068726,0.4362877446588855
GOOD MORING NINJA,neither,0.03868733656327734,0.3306395065272872,0.6306731569094355
gg i was the plane @couragejd,neither,0.03822429899877464,0.3129287505428052,0.6488469504584202
!200k,neither,0.03945320844208391,0.33037608806864915,0.630170703489267
waddup diggity,neither,0.03945320844208391,0.33037608806864915,0.630170703489267
Morning Ty!,neither,0.048103957144204915,0.1835503059385874,0.7683457369172078
morning bro!,neither,0.050115637951554756,0.14940683256931056,0.8004775294791346
MORNING KING,neither,0.04902902558893184,0.16784948019531168,0.7831214942157564
Friday Stoke ninjaHype,neither,0.03945320844208391,0.33037608806864915,0.630170703489267
Gg man I was the lizard harry,neither,0.038591298759302124,0.37012244357801616,0.5912862576626817
!uptime,neither,0.03945320844208391,0.33037608806864915,0.630170703489267
Ninja has been streaming for 7 minutes 59 seconds,neither,0.036078828691740394,0.31256560255387583,0.6513555687543837
howdy,neither,0.03945320844208391,0.33037608806864915,0.630170703489267
MORNING DAD,neither,0.049504154883009306,0.15978529608616932,0.7907105490308214
lmao,neither,0.03705015143476208,0.3711622369619404,0.5917876116032975
Morning ninja!,neither,0.048203553387938615,0.18185989775694275,0.7699365488551186
"you are the man, man",offensive_language,0.10460140160510076,0.46810050048482665,0.4272980979100725
ew,neither,0.03945320844208391,0.33037608806864915,0.630170703489267
"@ninja you shouldnt do double upload on youtube, thats how you lose views",neither,0.055693809590564365,0.38591258655326033,0.5583936038561753
lol,neither,0.020706217963973744,0.4882283491876925,0.4910654328483337
0od,neither,0.03945320844208391,0.33037608806864915,0.630170703489267
Morning friends,neither,0.05007320656977896,0.15012700385512806,0.7997997895750929
ninjaToxic,neither,0.03945320844208391,0.33037608806864915,0.630170703489267
Your a legend Ty!,neither,0.06956904498385431,0.32201205283981704,0.6084189021763287
dude it awakens the senses!!,neither,0.03577854468751945,0.3050195291937386,0.659201926118742
Good morning ninja,neither,0.0468013847741319,0.19273113716557552,0.7604674780602926
ninjaBlank ninjaBlank ninjaBlank ninjaBlank ninjaBlank ninjaBlank ninjaBlank,neither,0.03945320844208391,0.33037608806864915,0.630170703489267
ninjaClean,neither,0.03945320844208391,0.33037608806864915,0.630170703489267
Are you waking annie,neither,0.08579363145477636,0.32750342347228606,0.5867029450729375
hope you enoyed your night with jess,neither,0.10635627043983427,0.289828525505755,0.6038152040544107
Gg man I was the f u say to me kid!,neither,0.03653426758147536,0.41956239557742253,0.543903336841102
Hi Dad! ninjaGold,neither,0.03945320844208391,0.33037608806864915,0.630170703489267
Morning Ninja,neither,0.048203553387938615,0.18185989775694275,0.7699365488551186
ahahhhaahaha,neither,0.03945320844208391,0.33037608806864915,0.630170703489267
Yikes,neither,0.03945320844208391,0.33037608806864915,0.630170703489267
I bet you still smell of greatness though,neither,0.054363185226204105,0.3904579478885758,0.55517886688522
"Good morning Mods, Chats, and @Ninja",neither,0.0439522151446229,0.19814278166569874,0.7579050031896784
im the same when i get to work from home,neither,0.035454969591754024,0.38208892696025126,0.5824561034479948
ninjaPon,neither,0.03945320844208391,0.33037608806864915,0.630170703489267
ninjaPon,neither,0.03945320844208391,0.33037608806864915,0.630170703489267
Morning Ninja!,neither,0.048203553387938615,0.18185989775694275,0.7699365488551186
Ninja you have nothing to prove with the 100k anyway,neither,0.04209403079220298,0.3997709112777718,0.5581350579300252
ninjaPon,neither,0.03945320844208391,0.33037608806864915,0.630170703489267
Gg man I was the shower head,neither,0.036790883344498836,0.4039408921591794,0.5592682244963217
ninjaPon ninjaPon,neither,0.03945320844208391,0.33037608806864915,0.630170703489267
"if u need to, go take a shower",neither,0.028354611553720013,0.3814332362701981,0.5902121521760819
Best streamer ever,neither,0.03810432385440744,0.31908070219434626,0.6428149739512463
ninjaAmazing ninjaAmazing ninjaAmazing ninjaAmazing ninjaAmazing ninjaAmazing ninjaAmazing ninjaAmazing ninjaAmazing ninjaAmazing,neither,0.03945320844208391,0.33037608806864915,0.630170703489267
Shower now,neither,0.03945320844208391,0.33037608806864915,0.630170703489267
you feeling good today?,neither,0.05558471314082025,0.35332304435518996,0.5910922425039898
you've inspired me to take one,neither,0.0268965089422226,0.4043800848946896,0.5687234061630878
ninjaStars ninjaStars,neither,0.03945320844208391,0.33037608806864915,0.630170703489267
DIRTY NINJA?,neither,0.03945320844208391,0.33037608806864915,0.630170703489267
Gotta keep that hygiene up,neither,0.0325078340859911,0.4360829111165474,0.5314092547974615
I was the drainer,neither,0.03714290157768994,0.2967632699360285,0.6660938284862815
@ninja solos??,neither,0.03945320844208391,0.33037608806864915,0.630170703489267
is he doing solo squads?,neither,0.05098435502512544,0.3264099979910668,0.6226056469838078
!time,neither,0.036668274527354654,0.377643684699956,0.5856880407726893
"January 11th 2019, 10:37:09 am CST GMT-06:00",neither,0.0393578939091555,0.33040887110722855,0.6302332349836159
nice :D brb,neither,0.03945320844208391,0.33037608806864915,0.630170703489267
Pink hair don’t care,neither,0.03945320844208391,0.33037608806864915,0.630170703489267
!uptime,neither,0.03945320844208391,0.33037608806864915,0.630170703489267
Ninja has been streaming for 8 minutes 58 seconds,neither,0.036078828691740394,0.31256560255387583,0.6513555687543837
ninjaTooth ninjaTooth ninjaTooth ninjaTooth ninjaTooth ninjaTooth ninjaTooth,neither,0.03945320844208391,0.33037608806864915,0.630170703489267
@nickyp305 I'm dying,neither,0.03945320844208391,0.33037608806864915,0.630170703489267
Sucking all that ninja juices,neither,0.0376622166491365,0.4169856576032444,0.5453521257476193
im here for the pon pon tbh ninjaPon,neither,0.07735018898218943,0.2795483372853293,0.6431014737324812
should i get the new skin i have enough v bucks,neither,0.05008378201582475,0.28667978951618445,0.6632364284679908
Yoo chat,neither,0.03945320844208391,0.33037608806864915,0.630170703489267
good luck this match,neither,0.038747276413543606,0.33212257261557165,0.6291301509708848
let's get them dubs nickmercs20 nickmercs20 nickmercs20,neither,0.031205554384986844,0.3834626560846655,0.5853317895303477
Lets get those 100k kills!!!,neither,0.0571091118874872,0.29205608404351735,0.6508348040689955
Hiiiiiii,neither,0.03945320844208391,0.33037608806864915,0.630170703489267
Life of the Party = terrible movie btw,neither,0.03793662724447572,0.334011834418962,0.6280515383365622
Solo squads?,neither,0.03945320844208391,0.33037608806864915,0.630170703489267
is that a mercy skin?,neither,0.04304180189156884,0.36643937856740627,0.5905188195410248
is there any way 2 disable the Ninja New Years Eve Trivia Addon completely? it always comes back....,neither,0.04344369303263762,0.2799848549085984,0.676571452058764
The skin is cool but I think I’m gonna pass,neither,0.04175632200641948,0.3534272445822417,0.6048164334113387
!100k,neither,0.03945320844208391,0.33037608806864915,0.630170703489267
@alphacasman12 do it you won’t your scared,neither,0.10660307814879338,0.37001874935149015,0.5233781724997165
"Ninja has secured 97,296 kills in the 100,000 kill challenge!",neither,0.15312746698612698,0.257594901873642,0.589277631140231
!uptime,neither,0.03945320844208391,0.33037608806864915,0.630170703489267
Ninja has been streaming for 9 minutes 34 seconds,neither,0.03605278841535164,0.31242796755837576,0.6515192440262725
That pick is clean tho,neither,0.043772678780585245,0.3012937180693439,0.6549336031500708
Lit solos!!,neither,0.03945320844208391,0.33037608806864915,0.630170703489267
Dire's sword back bling looks nice on this skin @Ninja,neither,0.03777699109935323,0.33899461071314435,0.6232283981875024
@alphacasman12 I think those wings make it worth it tbh,neither,0.0544263336676084,0.27382145843481437,0.6717522078975773
yes please @Str3at,neither,0.03945320844208391,0.33037608806864915,0.630170703489267
"Anyone watching that netflix show called ""YOU""",neither,0.06340144265298565,0.33829936768734514,0.5982991896596691
lemme fix my delayed audio,neither,0.030773297964094944,0.3960676781177843,0.5731590239181207
ninjaPrime,neither,0.03945320844208391,0.33037608806864915,0.630170703489267
ninjaHi ninjaHi ninjaHi,neither,0.03945320844208391,0.33037608806864915,0.630170703489267
!100k,neither,0.03945320844208391,0.33037608806864915,0.630170703489267
I want that gone haha,neither,0.03088256189228471,0.4513101948785822,0.5178072432291331
Ninja would you eat salmon jerky I’m making some right now,neither,0.04263828876224356,0.37064550284312653,0.5867162083946299
Pick looks like it belongs to Hi-Rez,neither,0.05748220782217465,0.2784833215611691,0.6640344706166562
true @Kellogs21,neither,0.03945320844208391,0.33037608806864915,0.630170703489267
"@Str3at Not till the addon thing is removed server side, I believe. Best we can do is the window visibility thing",neither,0.043349204332600186,0.32777418807232406,0.6288766075950758
!100k,neither,0.03945320844208391,0.33037608806864915,0.630170703489267
"Ninja has secured 97,296 kills in the 100,000 kill challenge!",neither,0.15312746698612698,0.257594901873642,0.589277631140231
He forfeited the 100k challenge @jessmdamae,neither,0.043534930391043995,0.314041323431466,0.6424237461774901
hey ninja,neither,0.03945320844208391,0.33037608806864915,0.630170703489267
ninjaShrug,neither,0.03945320844208391,0.33037608806864915,0.630170703489267
You gonna be streaming with chance again today Tyler?,neither,0.03812300077603977,0.41986076400005495,0.5420162352239053
@Ninja hey brother,neither,0.03945320844208391,0.33037608806864915,0.630170703489267
ninjaBlank ninjaBlank,neither,0.03945320844208391,0.33037608806864915,0.630170703489267
ninjaH ninjaH,neither,0.03945320844208391,0.33037608806864915,0.630170703489267
esketit ninja,neither,0.03945320844208391,0.33037608806864915,0.630170703489267
sexc,neither,0.03945320844208391,0.33037608806864915,0.630170703489267
@alphacasman12 yeah! I have bought every skin with wings! They usually go well with other skins too!,neither,0.02253466586368435,0.4281338656426974,0.5493314684936182
