text,top_class,hate_speech,offensive_language,neither
wow i got good timing LUL,neither,0.038079865829961236,0.36352390014557606,0.5983962340244628
Morning Ninja and chat ninjaHi,neither,0.045027056816225666,0.18275084176299264,0.7722221014207817
First,neither,0.02604892428726219,0.3349864360510187,0.6389646396617191
we out here,neither,0.11297217554866132,0.2974384286360053,0.5895893958153334
Hey dad,neither,0.03945320844208391,0.33037608806864915,0.630170703489267
sup,neither,0.03945320844208391,0.33037608806864915,0.630170703489267
hello ninja,neither,0.03945320844208391,0.33037608806864915,0.630170703489267
ninjaPon ninjaPon ninjaPon,neither,0.03945320844208391,0.33037608806864915,0.630170703489267
ninjaPon,neither,0.03945320844208391,0.33037608806864915,0.630170703489267
AYE NINJA,neither,0.03945320844208391,0.33037608806864915,0.630170703489267
Sup @nicetri_2ez,neither,0.03945320844208391,0.33037608806864915,0.630170703489267
SUP CHAT,neither,0.03945320844208391,0.33037608806864915,0.630170703489267
Hello,neither,0.03945320844208391,0.33037608806864915,0.630170703489267
Sup bro,neither,0.03945320844208391,0.33037608806864915,0.630170703489267
1st person in chat bois,neither,0.03945320844208391,0.33037608806864915,0.630170703489267
ylo,neither,0.03945320844208391,0.33037608806864915,0.630170703489267
ninjaClap,neither,0.03945320844208391,0.33037608806864915,0.630170703489267
how you guys doing,neither,0.06174568022511784,0.3950948676869096,0.5431594520879726
Morning chat !,neither,0.048641030132881694,0.17443477567193386,0.7769241941951844
was poppin,neither,0.03929150888002135,0.33312055163908016,0.6275879394808986
play w dark!!,neither,0.03945320844208391,0.33037608806864915,0.630170703489267
let's go,neither,0.01806316484133749,0.39391011985298136,0.5880267153056813
ninjaPon ninjaPon ninjaPon,neither,0.03945320844208391,0.33037608806864915,0.630170703489267
ninjaPon,neither,0.03945320844208391,0.33037608806864915,0.630170703489267
Woo,neither,0.03945320844208391,0.33037608806864915,0.630170703489267
Ready for a great stream today ninjaRare lets go,neither,0.033738107343245116,0.2926851754094247,0.6735767172473303
ninjaPon ninjaPon ninjaPon,neither,0.03945320844208391,0.33037608806864915,0.630170703489267
no school today,neither,0.03658396579707192,0.3201031652210643,0.6433128689818638
ninjaChocobo ninjaChocobo ninjaChocobo ninjaChocobo ninjaChocobo ninjaPon ninjaPon ninjaPon ninjaPon klinkBUTT klinkBUTT klinkBUTT klinkBUTT klinkDerp ninjaCRINJA ninjaCRINJA ninjaCRINJA ninjaCRINJA ninjaCRINJA,neither,0.03945320844208391,0.33037608806864915,0.630170703489267
heya,neither,0.03945320844208391,0.33037608806864915,0.630170703489267
Ey guys is Nickname Foseth cool? or not,neither,0.04384672620248358,0.33319986681688957,0.6229534069806268
First! love you Ninja!,neither,0.04379158807261259,0.3993135794196106,0.5568948325077768
Sup,neither,0.03945320844208391,0.33037608806864915,0.630170703489267
ninjaPon ninjaBlank,neither,0.03945320844208391,0.33037608806864915,0.630170703489267
Sup chat!,neither,0.03945320844208391,0.33037608806864915,0.630170703489267
The goat stream is starting soon boyz,neither,0.04384600178709984,0.3184800699829605,0.6376739282299397
ninjaHi ninjaHi ninjaHi ninjaHi,neither,0.03945320844208391,0.33037608806864915,0.630170703489267
ninjaPog,neither,0.03945320844208391,0.33037608806864915,0.630170703489267
!uptime,neither,0.03945320844208391,0.33037608806864915,0.630170703489267
Ninja has been streaming for 3 minutes 43 seconds,neither,0.0360345779618468,0.3123317160148309,0.6516337060233222
Who else is hype??,neither,0.048844554987105195,0.39504989420847036,0.5561055508044246
ayotheHype ayotheHype ayotheHype ayotheHype ayotheHype ayotheHype,neither,0.03945320844208391,0.33037608806864915,0.630170703489267
me,neither,0.018491955366437673,0.460246435692358,0.5212616089412043
Im hype dawg,neither,0.038566593123120635,0.3640232586126703,0.5974101482642091
@unkn0wn_soju19 me,neither,0.018491955366437673,0.460246435692358,0.5212616089412043
I h8te nige,neither,0.03945320844208391,0.33037608806864915,0.630170703489267
8 hours Kreygasm,neither,0.03945320844208391,0.33037608806864915,0.630170703489267
hey ninja! ninjaHi,neither,0.03945320844208391,0.33037608806864915,0.630170703489267
sup brotha,neither,0.03945320844208391,0.33037608806864915,0.630170703489267
"Woke up early, got my Coffee. Ready to watch",neither,0.0451990771192481,0.3195925962247213,0.6352083266560307
,neither,0.03945320844208391,0.33037608806864915,0.630170703489267
PogChamp,neither,0.03945320844208391,0.33037608806864915,0.630170703489267
yoooooo,neither,0.03945320844208391,0.33037608806864915,0.630170703489267
hi ninja,neither,0.03945320844208391,0.33037608806864915,0.630170703489267
I love you,offensive_language,0.079837142191777,0.5038574454704381,0.4163054123377849
Positive vibes for dad everyone !!!,neither,0.031307290722625475,0.3825505862169677,0.5861421230604069
Yayayay,neither,0.03945320844208391,0.33037608806864915,0.630170703489267
Will it actually start when it hits 0?? No one knows,neither,0.030783958987951443,0.3798481623393761,0.5893678786726724
ninjaCreep,neither,0.03945320844208391,0.33037608806864915,0.630170703489267
YAS,neither,0.03945320844208391,0.33037608806864915,0.630170703489267
Plz no hate,neither,0.3157190563729745,0.21159576893344959,0.47268517469357596
Yoo,neither,0.03945320844208391,0.33037608806864915,0.630170703489267
ninjaTooth,neither,0.03945320844208391,0.33037608806864915,0.630170703489267
DansGame DansGame DansGame DansGame PJSalt,neither,0.03945320844208391,0.33037608806864915,0.630170703489267
hey dude,neither,0.03945320844208391,0.33037608806864915,0.630170703489267
ninjaFan,neither,0.03945320844208391,0.33037608806864915,0.630170703489267
buffering,neither,0.03945320844208391,0.33037608806864915,0.630170703489267
no notification yet,neither,0.038632299478400356,0.3443090555840347,0.6170586449375649
KappaHD KappaHD KappaHD KappaHD MiniK MiniK MiniK,neither,0.03945320844208391,0.33037608806864915,0.630170703489267
Good morning chat!,neither,0.04710811743625922,0.18682059753836155,0.7660712850253792
hamzPOGGIES hamzHug hamz75IQ,neither,0.03945320844208391,0.33037608806864915,0.630170703489267
Peens weeny,neither,0.03945320844208391,0.33037608806864915,0.630170703489267
DAD,neither,0.03945320844208391,0.33037608806864915,0.630170703489267
ninjaPog ninjaPog ninjaPog ninjaPog ninjaPog,neither,0.03945320844208391,0.33037608806864915,0.630170703489267
5,neither,0.03945320844208391,0.33037608806864915,0.630170703489267
TwitchUnity TwitchUnity TwitchUnity,neither,0.03945320844208391,0.33037608806864915,0.630170703489267
hamzHug hamzHug,neither,0.03945320844208391,0.33037608806864915,0.630170703489267
did Courage ever finish his death run?,neither,0.05629452876431371,0.33199327527445716,0.6117121959612292
Daddy,neither,0.03945320844208391,0.33037608806864915,0.630170703489267
Ey! What up fam,neither,0.041792093894846644,0.3735531147577802,0.5846547913473732
ninjaTroll ninjaTroll ninjaTroll,neither,0.03945320844208391,0.33037608806864915,0.630170703489267
damnit i was wrong,neither,0.039332167200086615,0.3324304738378126,0.6282373589621008
ninjaBlast1,neither,0.03945320844208391,0.33037608806864915,0.630170703489267
Love this song,neither,0.034725997547388365,0.3621436434349178,0.6031303590176939
Don't ya just hate it when people don't click on that purple rectangular subscribe button to see if they have a Twitch Prime sub available since it doesn't autorenew?,offensive_language,0.06171977256733685,0.4862180752868879,0.4520621521457751
6,neither,0.03945320844208391,0.33037608806864915,0.630170703489267
Bruh,neither,0.03945320844208391,0.33037608806864915,0.630170703489267
hamzHug hamzHug hamzHug hamzHug,neither,0.03945320844208391,0.33037608806864915,0.630170703489267
yes,neither,0.03945320844208391,0.33037608806864915,0.630170703489267
1,neither,0.03945320844208391,0.33037608806864915,0.630170703489267
AYE,neither,0.03945320844208391,0.33037608806864915,0.630170703489267
sup ninja lullaby is my fav song on the album,neither,0.03399736181263219,0.38418994812463536,0.5818126900627325
hey ninja,neither,0.03945320844208391,0.33037608806864915,0.630170703489267
Good morning @ninja ninjaHi ninjaTroll,neither,0.0468013847741319,0.19273113716557552,0.7604674780602926
Yes lets go,neither,0.039884055006940186,0.3506767077747206,0.6094392372183391
MercyWing1 PinkMercy MercyWing2,neither,0.03945320844208391,0.33037608806864915,0.630170703489267
"Hi Ninja :D Hope you're having a good day, greetings from Switzerland :D",neither,0.09472956162394111,0.24394438504736887,0.66132605332869
Yahhhhhyeeeet,neither,0.03945320844208391,0.33037608806864915,0.630170703489267
Sup man,neither,0.03963703663028572,0.41087941302266007,0.5494835503470542
@ninja morning ninjaAdore,neither,0.048203553387938615,0.18185989775694275,0.7699365488551186
"I blast lullaby at the gym, makes me go nuts",neither,0.03375035632775032,0.3665127740108254,0.5997368696614243
Hi @ninja how’s your morning going so far,neither,0.06782328716679678,0.2774774509844283,0.6546992618487749
Ninja scrims tonight??,neither,0.03660293089217157,0.3065082308262587,0.6568888382815699
Hype chattt,neither,0.03945320844208391,0.33037608806864915,0.630170703489267
Stream start you buy things?,neither,0.05357914591213263,0.3705138380408874,0.5759070160469798
morning,neither,0.05283876784042269,0.1031882115525248,0.8439730206070525
Let's go!! good morning @ninja,neither,0.03191901799576413,0.23815593404328145,0.7299250479609545
Morning,neither,0.05283876784042269,0.1031882115525248,0.8439730206070525
"8 hour stream just sounds so much fun, especially since im at work for right at 8 more hours lmao",neither,0.0318104764061095,0.3938464742473475,0.574343049346543
"Time to 'work' and watch some streams, lol",neither,0.034039853658288134,0.36158090184937347,0.6043792444923383
Use code Ninja in the item shop! ninjaBlast1 ninjaBlast2 ninjaBlast3 ninjaBlast3,neither,0.02016793729702478,0.38002003942545887,0.5998120232775165
good afternoon here - almost evening ;-),neither,0.07157289287223315,0.3027099544572437,0.6257171526705231
Morning,neither,0.05283876784042269,0.1031882115525248,0.8439730206070525
ATTABOI,neither,0.03945320844208391,0.33037608806864915,0.630170703489267
U too,neither,0.038798963802794226,0.34148032703984427,0.6197207091573615
Ninja do you think having a skin would be worth the memes from the haters that use your character in their videos,neither,0.03726465970687096,0.3819602520692961,0.580775088223833
Ohaiyo,neither,0.03945320844208391,0.33037608806864915,0.630170703489267
good morning dad:D,neither,0.04769303041835823,0.1754894925464113,0.7768174770352305
"Guarantee your PC gaming performance with BLD by NZXT. The simplest way to get a customized gaming PC. Choose the games you want to play, set a budget, and BLD takes care of the rest. Built and shipped within 48 hours with a 2-year warranty. https://nzxt.co/Ninja ninja10 ninja10",neither,0.046024978110057846,0.33494880951390904,0.6190262123760332
Mornin bues,neither,0.03945320844208391,0.33037608806864915,0.630170703489267
How long are night streams gone for?,neither,0.044591494353738804,0.2740032709915104,0.6814052346547508
"I can feel it, games are gonna be extra saucy today",neither,0.055607261949485495,0.3130710656879838,0.6313216723625308
Ninja Ninja Ninja,neither,0.03945320844208391,0.33037608806864915,0.630170703489267
Try the wolf season 6 sword backblind on that skin it’s fire,neither,0.03436856964894872,0.3513332039870885,0.6142982263639627
ninjaHype,neither,0.03945320844208391,0.33037608806864915,0.630170703489267
Sup ninj,neither,0.03945320844208391,0.33037608806864915,0.630170703489267
yo,offensive_language,0.04010381111145228,0.5271105317972344,0.4327856570913131
ninjaAww ninjaAww ninjaAww ninjaAww ninjaAww ninjaAww,neither,0.03945320844208391,0.33037608806864915,0.630170703489267
only 8k dead streamer LUL,neither,0.03945320844208391,0.33037608806864915,0.630170703489267
ninjaBlast1 ninjaBlast2 ninjaBlast3 ninjaBlast3 ninjaBlast3 ninjaBlast3 ninjaBlast3 ninjaBlast3 ninjaBlast3 ninjaBlast3 ninjaBlast3 ninjaBlood,neither,0.03945320844208391,0.33037608806864915,0.630170703489267
sup @ninja bro,neither,0.03945320844208391,0.33037608806864915,0.630170703489267
We missed you last night @ninja,neither,0.04471112897584702,0.37036712254434856,0.5849217484798043
Hey Ninja im in turkey and wishing you a good morning@,neither,0.053526664560055406,0.2645765633430513,0.6818967720968933
Buds**,neither,0.03945320844208391,0.33037608806864915,0.630170703489267
ninjaBush ninjaPog,neither,0.03945320844208391,0.33037608806864915,0.630170703489267
Good afternoon here - almost evening ;-),neither,0.07157289287223315,0.3027099544572437,0.6257171526705231
Good morning my man! ninjaTroll,neither,0.03474522708809019,0.34875582524185333,0.6164989476700565
good morning ninja,neither,0.0468013847741319,0.19273113716557552,0.7604674780602926
ninjaRare,neither,0.03945320844208391,0.33037608806864915,0.630170703489267
ninjaCreep ninjaCreep ninjaCreep ninjaCreep ninjaCreep ninjaCreep HI ninjaCreep ninjaCreep ninjaCreep ninjaCreep ninjaCreep ninjaCreep,neither,0.03945320844208391,0.33037608806864915,0.630170703489267
HI,neither,0.03945320844208391,0.33037608806864915,0.630170703489267
@ninja new skin copied your hair style,neither,0.06126637539742424,0.26768706623610394,0.6710465583664719
Good Morning nin!!,neither,0.04970930963283925,0.13564577574880146,0.8146449146183593
how did your thing go last night?,neither,0.058667028495702475,0.3272974757568138,0.6140354957474838
Im in turkey right now and its 6:24,neither,0.03307207842034111,0.3393308220055056,0.6275970995741533
@ninja so 8hr stream today?,neither,0.03811780903191733,0.3472176737524651,0.6146645172156175
Ninja hype in the chat ninjaHype ninjaHype ninjaHype,neither,0.038740954052583286,0.31741331159377345,0.6438457343536433
@Ninja how long until night streams are back? saw your tweet,neither,0.0672767288394188,0.29750317746887667,0.6352200936917045
pm,neither,0.03945320844208391,0.33037608806864915,0.630170703489267
drift kinda,neither,0.03945320844208391,0.33037608806864915,0.630170703489267
lol,neither,0.020706217963973744,0.4882283491876925,0.4910654328483337
good morning beautiful,neither,0.04763534478248522,0.176610743702995,0.7757539115145198
!uptime,neither,0.03945320844208391,0.33037608806864915,0.630170703489267
Ninja has been streaming for 7 minutes 7 seconds,neither,0.035678679601720456,0.31045049647393935,0.6538708239243401
hi,neither,0.03945320844208391,0.33037608806864915,0.630170703489267
!uptime,neither,0.03945320844208391,0.33037608806864915,0.630170703489267
,neither,0.03945320844208391,0.33037608806864915,0.630170703489267
@Ninja what are you doing on so early lol,neither,0.07276958636724157,0.40348650103463785,0.5237439125981205
Take the wings off and run the sword backblind,neither,0.03782216364387998,0.2817198117910724,0.6804580245650477
Good deal brother!,neither,0.0387692690565345,0.3306113261857922,0.6306194047576733
hi @Ninja,neither,0.03945320844208391,0.33037608806864915,0.630170703489267
1st game first win? Calling it now poggg,neither,0.03235281238606898,0.29910739120937013,0.6685397964045608
!uptime,neither,0.03945320844208391,0.33037608806864915,0.630170703489267
ninjaHype ninjaHype,neither,0.03945320844208391,0.33037608806864915,0.630170703489267
hi dad,neither,0.03945320844208391,0.33037608806864915,0.630170703489267
ninjacheer100 ninjacheer100 ninjacheer100 ninjacheer100 ninjacheer100,neither,0.03945320844208391,0.33037608806864915,0.630170703489267
win and 12 kills incoming,neither,0.03872830324670244,0.29402875484335966,0.6672429419099379
Ninja what up brother!,neither,0.0419345658630619,0.3761449945480858,0.5819204395888523
Drift has your hair...,neither,0.06886104260157308,0.3161512915552669,0.61498766584316
hey papa,neither,0.03945320844208391,0.33037608806864915,0.630170703489267
ehhhh,neither,0.03945320844208391,0.33037608806864915,0.630170703489267
!uptime,neither,0.03945320844208391,0.33037608806864915,0.630170703489267
Yo,offensive_language,0.04010381111145228,0.5271105317972344,0.4327856570913131
Ninja did you see that bum who made a disstrack on you for clout?,neither,0.05008557794159334,0.44168629270339493,0.5082281293550116
ninjaChocobo ninjaChocobo ninjaChocobo ninjaChocobo ninjaChocobo ninjaChocobo,neither,0.03945320844208391,0.33037608806864915,0.630170703489267
How tall r u,neither,0.03945320844208391,0.33037608806864915,0.630170703489267
you should do a collab with Nick eh 30,neither,0.05327021862970513,0.4345722259600201,0.5121575554102747
Drum gun is coming back,neither,0.046124549851981694,0.3280815078394053,0.6257939423086131
PogChamp 8 hours?! What is this a real job or something? PogChamp,neither,0.044034085050173005,0.4250899969518206,0.5308759179980063
The fox from season 6 has your hair,neither,0.06560513405561186,0.2861813883649032,0.648213477579485
!subcount,neither,0.03945320844208391,0.33037608806864915,0.630170703489267
Ninja has chosen not to show his sub count anymore as it just sparks meaningless debates in the chat. Watch the stream and enjoy the content instead of worrying about numbers ninjaAdore,neither,0.05172830886025077,0.3017108193993596,0.6465608717403898
Did I hear you're having a terrible day? Hope it gets better for you @ninja man.,neither,0.09636839606944761,0.3022055127552208,0.6014260911753315
How you guys feel about it,neither,0.053884737033941206,0.4186423685227413,0.5274728944433176
hey Ninja how long have you been playing fortnite,neither,0.05055351817990607,0.3744895501552274,0.5749569316648665
How tll are u,neither,0.10923921369548766,0.23389088939788538,0.6568698969066269
@spappygram on that grind SwiftRage SwiftRage,neither,0.031680164499422694,0.3969263887605953,0.571393446739982
Plans for any big tournaments this year?,neither,0.022367737873428304,0.35885128819945616,0.6187809739271155
how tall r u,neither,0.03945320844208391,0.33037608806864915,0.630170703489267
Hi Ninja! Hi Chat! How is everyone doing today?,neither,0.039353707923492125,0.37264853120868313,0.5879977608678247
,neither,0.03945320844208391,0.33037608806864915,0.630170703489267
gud,neither,0.03945320844208391,0.33037608806864915,0.630170703489267
hi guys ninjaHi ninjaHi ninjaHi,neither,0.03930687933907141,0.3328596748352989,0.6278334458256297
is the drum gun coming back,neither,0.0452015284795491,0.3151499635133091,0.6396485080071419
Best part of being a Ninja sub is all the messages from plebs asking you to ask him questions he won't answer.,neither,0.055064640012191,0.37272898903777735,0.5722063709500316
Ninja drops in to Lullaby.. Sorry lobby this shit is over.,offensive_language,0.059806039109832565,0.9137424513187073,0.026451509571460072
nah dude no drum gun,neither,0.03879102199139121,0.34161512030582963,0.6195938577027792
hows everybodys day going,neither,0.03857568242095361,0.3405647987461496,0.6208595188328968
Heidi was following you all day with Lupo the other day.,neither,0.04212371951896367,0.4055054510081362,0.5523708294729001
Morning @Ninja,neither,0.048203553387938615,0.18185989775694275,0.7699365488551186
Great start to the day!,neither,0.04461838838073021,0.268650647130311,0.6867309644889588
!uptime,neither,0.03945320844208391,0.33037608806864915,0.630170703489267
Ninja has been streaming for 8 minutes 46 seconds,neither,0.036078828691740394,0.31256560255387583,0.6513555687543837
ninjaCRINJA yikes dog ninjaCRINJA,neither,0.03945320844208391,0.33037608806864915,0.630170703489267
@oproko4 they said they found it in the return game files,neither,0.037602041207110984,0.2944277690936079,0.6679701896992812
Morning Ty,neither,0.048103957144204915,0.1835503059385874,0.7683457369172078
how tall r u,neither,0.03945320844208391,0.33037608806864915,0.630170703489267
daeBop,neither,0.03945320844208391,0.33037608806864915,0.630170703489267
morning ninja you rock man,neither,0.06627453392548467,0.30516221726031456,0.6285632488142008
@ninja dude my final mouse will be here in like 2 hours I’m so hype ninjaAww,neither,0.06164641035361214,0.3815033451875509,0.5568502444588369
morning,neither,0.05283876784042269,0.1031882115525248,0.8439730206070525
gmorning dad,neither,0.03945320844208391,0.33037608806864915,0.630170703489267
Hi,neither,0.03945320844208391,0.33037608806864915,0.630170703489267
On your mind is my vibe,neither,0.05928714388328851,0.4164062893285636,0.5243065667881479
Shes persistent ill give her that,offensive_language,0.028308033835920655,0.5617995532363923,0.409892412927687
Sup ninj,neither,0.03945320844208391,0.33037608806864915,0.630170703489267
Brush it off you for this,neither,0.04569291783219261,0.34161808092181534,0.6126890012459921
ninjaPon ninjaPon ninjaPon ninjaPon ninjaPon ninjaPon,neither,0.03945320844208391,0.33037608806864915,0.630170703489267
!uptime,neither,0.03945320844208391,0.33037608806864915,0.630170703489267
ninjaPon,neither,0.03945320844208391,0.33037608806864915,0.630170703489267
yo ninja you going to play the new halo when it comes out,neither,0.04279311038915399,0.3910969052365304,0.5661099843743156
Got **,neither,0.035663549208680506,0.47102480100978333,0.4933116497815363
hi bro,neither,0.03945320844208391,0.33037608806864915,0.630170703489267
hey ninja how tall r u,neither,0.03945320844208391,0.33037608806864915,0.630170703489267
FortOne FortOne FortOne FortOne FortOne ninjaClap ninjaClap ninjaClap,neither,0.03945320844208391,0.33037608806864915,0.630170703489267
!wins,neither,0.03945320844208391,0.33037608806864915,0.630170703489267
Check Ninja's wins here -> https://goo.gl/17Qojo,neither,0.0737613933919306,0.30145673084023594,0.6247818757678334
Wins: None yet ¯\_(ツ)_/¯,neither,0.03945320844208391,0.33037608806864915,0.630170703489267
Ayo Ty any chance @ a restock on final mouse?,neither,0.03773113834586904,0.33856072290251454,0.6237081387516165
Jeidygdff,neither,0.03945320844208391,0.33037608806864915,0.630170703489267
Good luck with the stream today,neither,0.028915621919787984,0.3299373613240994,0.6411470167561125
u look friggin tired,neither,0.04123348403363987,0.32976376965710313,0.629002746309257
yo when the headbands coming out? I want one so bad,offensive_language,0.024675552193103144,0.4941653071496627,0.48115914065723414
let's go part people,neither,0.047893267099061054,0.37014293739016596,0.581963795510773
ninjaFan ninjaFan ninjaFan ninjaFan ninjaFan,neither,0.03945320844208391,0.33037608806864915,0.630170703489267
The 🐐,neither,0.03613032604487659,0.2619290779399786,0.7019405960151449
2 kills atleast ninjaPog,neither,0.03945320844208391,0.33037608806864915,0.630170703489267
Good morning Ninja,neither,0.0468013847741319,0.19273113716557552,0.7604674780602926
ninjaPon,neither,0.03945320844208391,0.33037608806864915,0.630170703489267
Boycott Halo. Kappa,neither,0.03945320844208391,0.33037608806864915,0.630170703489267
how tall r u,neither,0.03945320844208391,0.33037608806864915,0.630170703489267
hi,neither,0.03945320844208391,0.33037608806864915,0.630170703489267
Gonna give Kingdom Hearts a try?,neither,0.0386870819929933,0.3656709323390496,0.595641985667957
any urge to play 3 with the hype back on it?,neither,0.03220264613540247,0.3523763797157033,0.6154209741488943
Nothing like a good ol clap to start the day,neither,0.04958717221730268,0.34752698004487703,0.6028858477378204
no notification on my phone yet either,neither,0.02862783445389712,0.4147983345876768,0.5565738309584262
9months now,neither,0.03945320844208391,0.33037608806864915,0.630170703489267
ninjaChance,neither,0.03945320844208391,0.33037608806864915,0.630170703489267
howtall are you,neither,0.3074667772907956,0.2930344039624175,0.399498818746787
Good morning @ninja,neither,0.0468013847741319,0.19273113716557552,0.7604674780602926
hamzHug hamzHug,neither,0.03945320844208391,0.33037608806864915,0.630170703489267
Did you hear about the drum gun coming back,neither,0.048183863866744406,0.3676183807562142,0.5841977553770414
@Ninja u gotta bring the headbands to the store soon!,neither,0.061511899981226525,0.3190207269138276,0.6194673731049458
I can’t waittt,neither,0.04033449801857472,0.31541830397308185,0.6442471980083434
jk I can't do that Im weak,neither,0.03662776487925623,0.39305280408450854,0.5703194310362353
what is the name of your headset,neither,0.11716106294630507,0.2828564292136785,0.5999825078400164
how tall are you,neither,0.1101835042254939,0.32552252833207634,0.5642939674424297
@SpappyGram toxicccc Kappa,neither,0.03945320844208391,0.33037608806864915,0.630170703489267
Heck yeah drum gun!!!,neither,0.027389855354608823,0.4116993809791973,0.560910763666194
I have Raspberry tea and Rand dipped hot wing Doritos,neither,0.03877103607084146,0.31438967859827055,0.6468392853308881
hi luv your stream but got to go,neither,0.06463441582038534,0.36520800992558283,0.5701575742540318
Ninja that Goku poster is the coolest thing,neither,0.041181603877348136,0.3438617861433731,0.6149566099792788
Can’t wait for halo infinite,neither,0.034076826157753856,0.2980801687948934,0.6678430050473527
Thoughts on Bungie leaving Activision?,neither,0.03727393746588033,0.34077861338917237,0.6219474491449474
ninja how tall are you?,neither,0.0860299224562652,0.3274867335011782,0.5864833440425566
@ninja is nickmercs short?,neither,0.047783986178571915,0.32751075159223825,0.6247052622291898
hi,neither,0.03945320844208391,0.33037608806864915,0.630170703489267
If your not hyped for the new kingdom hearts are you a real gamer?,neither,0.05660110429534688,0.346803515721463,0.59659537998319
,neither,0.03945320844208391,0.33037608806864915,0.630170703489267
sup ! dawg,neither,0.03945320844208391,0.33037608806864915,0.630170703489267
:P,neither,0.03945320844208391,0.33037608806864915,0.630170703489267
go play with tim,neither,0.029562347446157853,0.3725521101567548,0.5978855423970874
ninja how do you keep your hair so awesome?! ninjaAww ninjaAww ninjaAww,neither,0.08119755381383291,0.39372079972809765,0.5250816464580695
hey ninja how tall are you bro,neither,0.07644218474513129,0.32812813363672866,0.59542968161814
!uptime,neither,0.03945320844208391,0.33037608806864915,0.630170703489267
Halo 3 was just too good to be beat,neither,0.04033551702401806,0.35286063173038495,0.6068038512455969
gg man i was the 8 hours,neither,0.038254875423473694,0.3856796158415969,0.5760655087349295
Ninja has been streaming for 10 minutes 19 seconds,neither,0.036124582211875825,0.3128074278199297,0.6510679899681945
any urge to play 3 with the hype back on it? ninjaCreep,neither,0.03220264613540247,0.3523763797157033,0.6154209741488943
No title is showing for me @Ninja,neither,0.034441245145387905,0.344604153480491,0.6209546013741211
Hi ninja. It’s your father here,neither,0.11022520904872365,0.2907564928312668,0.5990182981200096
does epic have plans for a new twitch prime skin?,neither,0.029998028091235054,0.34668162883194364,0.6233203430768214
Is Ninja quiet for anybody else?,neither,0.04040125547050307,0.3066847239887776,0.6529140205407193
Halo 3 is the GOAT,neither,0.04597366628900712,0.3133159925405873,0.6407103411704056
Yo wasup tyler how you doing,neither,0.056766026708718574,0.45681597653343325,0.48641799675784814
@Ninja when you coming out with headbands for the store,neither,0.040524472281673225,0.3936953954662,0.5657801322521266
Halo 2 was best halo of all time! @Ninja,neither,0.03910176243414686,0.37280631430830297,0.5880919232575501
how tall r u,neither,0.03945320844208391,0.33037608806864915,0.630170703489267
Heyyyyyyy,neither,0.03945320844208391,0.33037608806864915,0.630170703489267
@MuRdR187 hope so!,neither,0.12463897626450345,0.20298967407480611,0.6723713496606905
how did u get your logo ninjaK ninjaK,neither,0.0698693321873477,0.33028711342551587,0.5998435543871363
So no more night streams? @ninja,neither,0.03442969157203662,0.36716517124618825,0.5984051371817752
Hi,neither,0.03945320844208391,0.33037608806864915,0.630170703489267
NINJA YOU WONT NOTICE ME,neither,0.04498745345217176,0.4005717888243244,0.5544407577235039
