text,top_class,hate_speech,offensive_language,neither
Hi,neither,0.03945320844208391,0.33037608806864915,0.630170703489267
Morning ninjaAdore,neither,0.05283876784042269,0.1031882115525248,0.8439730206070525
I just opend your channel :D,neither,0.06978842689345754,0.34512667174377454,0.585084901362768
You suck Kappa,neither,0.08941108757975957,0.3899978986343029,0.5205910137859375
ninjaHi ninjaHi ninjaHi,neither,0.03945320844208391,0.33037608806864915,0.630170703489267
How are you Tyler?,neither,0.10456124312986827,0.3260263975986914,0.5694123592714403
ninjaPog,neither,0.03945320844208391,0.33037608806864915,0.630170703489267
Hey,neither,0.03945320844208391,0.33037608806864915,0.630170703489267
Hi!,neither,0.03945320844208391,0.33037608806864915,0.630170703489267
Hey first,neither,0.02983334152295197,0.3336848014269324,0.6364818570501156
YO NINJA!,neither,0.03963661905393089,0.4165653046673816,0.5437980762786875
ninjaBlast1 ninjaBlast2 ninjaBlast3 ninjaShield,neither,0.03945320844208391,0.33037608806864915,0.630170703489267
hi ninja,neither,0.03945320844208391,0.33037608806864915,0.630170703489267
First,neither,0.02604892428726219,0.3349864360510187,0.6389646396617191
fierycSmirk fierycSmirk fierycSmirk fierycSmirk,neither,0.03945320844208391,0.33037608806864915,0.630170703489267
HI NINJA,neither,0.03945320844208391,0.33037608806864915,0.630170703489267
Sup Chat 👋🏼,neither,0.03945320844208391,0.33037608806864915,0.630170703489267
ninjjjjj,neither,0.03945320844208391,0.33037608806864915,0.630170703489267
Good morning y’all,neither,0.05617101603540504,0.22990603281931743,0.7139229511452775
Hola,neither,0.03945320844208391,0.33037608806864915,0.630170703489267
ninjaAdore,neither,0.03945320844208391,0.33037608806864915,0.630170703489267
Good Morning Everyone!,neither,0.040724576765085965,0.29551443435292063,0.6637609888819933
Bust,neither,0.03945320844208391,0.33037608806864915,0.630170703489267
i love you chat,neither,0.05692905594716782,0.4118250936126231,0.531245850440209
pierxbDab,neither,0.03945320844208391,0.33037608806864915,0.630170703489267
gronkyLg gronkyLg gronkyLg gronkyLg,neither,0.03945320844208391,0.33037608806864915,0.630170703489267
yo ninja lets see a final fantasy 7-15 streams😁,neither,0.03904991089549373,0.37715319826194355,0.5837968908425628
It’s Friday pequito pito,neither,0.03730267510763682,0.3311157550963673,0.6315815697959959
Happy Friday,neither,0.03945320844208391,0.33037608806864915,0.630170703489267
ninjaAim ninjaAim ninjaAim,neither,0.03945320844208391,0.33037608806864915,0.630170703489267
jrateHYPERS jrateHYPERS jrateHYPERS,neither,0.03945320844208391,0.33037608806864915,0.630170703489267
friday!,neither,0.03945320844208391,0.33037608806864915,0.630170703489267
Hu,neither,0.03945320844208391,0.33037608806864915,0.630170703489267
pokiH pokiH pokiH,neither,0.03945320844208391,0.33037608806864915,0.630170703489267
Hi**,neither,0.03945320844208391,0.33037608806864915,0.630170703489267
ninjaTooth,neither,0.03945320844208391,0.33037608806864915,0.630170703489267
cracke10Gottem cracke10Gottem cracke10Gottem,neither,0.03945320844208391,0.33037608806864915,0.630170703489267
Hi,neither,0.03945320844208391,0.33037608806864915,0.630170703489267
isnt there a code red tourney soon,neither,0.039273080267984505,0.2972893006103265,0.663437619121689
hey,neither,0.03945320844208391,0.33037608806864915,0.630170703489267
"morning chat, don't be toxic to @ninja today!",neither,0.05023801597740762,0.2094670405458157,0.7402949434767767
Twitch hasn’t even sent out the notification yet ninjaBlank ninjaBlank ninjaBlank,neither,0.035862249779336164,0.33958995768271766,0.6245477925379461
Goodmoring Tyler,neither,0.03945320844208391,0.33037608806864915,0.630170703489267
It is Friday my dudes,neither,0.03319462305531883,0.41722853547748895,0.5495768414671923
ninjaFan ninjaBlast1 ninjaBlast2 ninjaBlast3 ninjaBlast3 ninjaBlast3,neither,0.03945320844208391,0.33037608806864915,0.630170703489267
les go,neither,0.04276165647058889,0.34190019769565555,0.6153381458337556
Ohhhhhhhhhhhhhhh,neither,0.03945320844208391,0.33037608806864915,0.630170703489267
ninjaH ninjaH,neither,0.03945320844208391,0.33037608806864915,0.630170703489267
He got on like 2 minutes ago. It's normally 10-15 min late. @blacktarzan911,neither,0.04496928162574514,0.37174113357924704,0.5832895847950079
score its ninja time,neither,0.03333999001705682,0.3490716875840617,0.6175883223988815
ninjaAww,neither,0.03945320844208391,0.33037608806864915,0.630170703489267
Tyler give me a shoutout. I was the first viewer pog,neither,0.028281778941837442,0.3512793740439582,0.6204388470142043
ninjaCRINJA ninjaCRINJA,neither,0.03945320844208391,0.33037608806864915,0.630170703489267
Good morning everyone :),neither,0.040724576765085965,0.29551443435292063,0.6637609888819933
Good morning chat,neither,0.04710811743625922,0.18682059753836155,0.7660712850253792
Deep Breath and relax for a good stream!,neither,0.03464589446340313,0.2855774228281902,0.6797766827084067
he sees his boys on. hes gotta jump on tho,neither,0.049725661662478784,0.37103619979755165,0.5792381385399695
ninjaPog ninjaPog,neither,0.03945320844208391,0.33037608806864915,0.630170703489267
HIIIIIIII NINJAAAAAA,neither,0.03945320844208391,0.33037608806864915,0.630170703489267
Ninjago!,neither,0.03945320844208391,0.33037608806864915,0.630170703489267
first time watching!,neither,0.029989397366152245,0.3569857709202996,0.613024831713548
ninjaChance ninjaNavi,neither,0.03945320844208391,0.33037608806864915,0.630170703489267
We here buddy,neither,0.09946269321466629,0.28720913263955866,0.613328174145775
Hi ninjaChocobo,neither,0.03945320844208391,0.33037608806864915,0.630170703489267
this gold + purple looks so damn good,offensive_language,0.043586489152526865,0.7478587453907798,0.20855476545669344
ninjaBlast1 ninjaBlast3 FortBush ninjaBlast3 ninjaBlast3 FortOne FortBush,neither,0.03945320844208391,0.33037608806864915,0.630170703489267
Mornin pal,neither,0.03945320844208391,0.33037608806864915,0.630170703489267
ninjaHype ninjaHype ninjaHype ninjaHype ninjaHype ninjaHype,neither,0.03945320844208391,0.33037608806864915,0.630170703489267
FortOne FortOne FortOne FortOne,neither,0.03945320844208391,0.33037608806864915,0.630170703489267
tim and lupo are struggling.,neither,0.06102470562462148,0.25653542768724186,0.6824398666881365
Hiiiii,neither,0.03945320844208391,0.33037608806864915,0.630170703489267
Let's get these wins,neither,0.02969834432848617,0.4691612002331361,0.5011404554383777
The GOAT!,neither,0.03825742109612947,0.30830648690722096,0.6534360919966495
PrimeRlyTho MiniK PrimeRlyTho PrimeRlyTho KappaHD,neither,0.03945320844208391,0.33037608806864915,0.630170703489267
,neither,0.03945320844208391,0.33037608806864915,0.630170703489267
Love you ninja,neither,0.055614303534325615,0.40605032358192344,0.538335372883751
@twitzh Twitch is obviously on black people time I apologize for that ninjaS,neither,0.06714065698696617,0.34112156392790305,0.5917377790851308
ninjaHmm ninjaBlank ninjaCash ninjaFan ninjaHi ninjaFan ninjaPrime ninjaFan ninjaHi ninjaFan ninjaFan ninjaFan ninjaPrime ninjaFan ninjaHS ninjaFan ninjaHS ninjaFan ninjaFan ninjaHS,neither,0.03945320844208391,0.33037608806864915,0.630170703489267
We here chat,neither,0.09786992098527149,0.28814686769402453,0.613983211320704
ninjaToxic ninjaToxic,neither,0.03945320844208391,0.33037608806864915,0.630170703489267
Hello friends,neither,0.03945320844208391,0.33037608806864915,0.630170703489267
pon pon after first game on?,neither,0.028208174604127407,0.3000887481878459,0.6717030772080268
ninjaStars ninjaStars ninjaStars,neither,0.03945320844208391,0.33037608806864915,0.630170703489267
ninjaFan ninjaFan ninjaFan ninjaFan ninjaFan ninjaFan ninjaFan ninjaFan,neither,0.03945320844208391,0.33037608806864915,0.630170703489267
Play with Tim and Lupo,neither,0.027734255845748283,0.32708988432228386,0.6451758598319679
ninjaFan ninjaCreep ninjaCreep,neither,0.03945320844208391,0.33037608806864915,0.630170703489267
kakarottSALTY kakarottSALTY kakarottSALTY,neither,0.03945320844208391,0.33037608806864915,0.630170703489267
ninjaPon ninjaPon,neither,0.03945320844208391,0.33037608806864915,0.630170703489267
Does ninja not stream at night any more?,neither,0.025886137307874486,0.42942854612267745,0.5446853165694482
ninjaPon,neither,0.03945320844208391,0.33037608806864915,0.630170703489267
hallo ppl,neither,0.03945320844208391,0.33037608806864915,0.630170703489267
Dubs dubs dubs,neither,0.03945320844208391,0.33037608806864915,0.630170703489267
ninjaHype ninjaHype ninjaHype ninjaHype ninjaHype ninjaHype ninjaHype ninjaHype ninjaHype,neither,0.03945320844208391,0.33037608806864915,0.630170703489267
ninjaBomb ninjaBomb ninjaBomb ninjaBomb ninjaBomb ninjaBomb ninjaBomb ninjaBomb ninjaBomb ninjaBomb ninjaBomb ninjaBomb ninjaBomb ninjaBomb ninjaBomb ninjaBomb ninjaBomb ninjaBomb ninjaBomb,neither,0.03945320844208391,0.33037608806864915,0.630170703489267
cmonBruh @blacktarzan911,neither,0.03945320844208391,0.33037608806864915,0.630170703489267
f,neither,0.03945320844208391,0.33037608806864915,0.630170703489267
ninjaBlast1 ninjaBlast2 ninjaBlast3,neither,0.03945320844208391,0.33037608806864915,0.630170703489267
@xxbeatthebestxx obviously ninjaPon,neither,0.03945320844208391,0.33037608806864915,0.630170703489267
ninjaHype ninjaHype ninjaHype ninjaHype,neither,0.03945320844208391,0.33037608806864915,0.630170703489267
pog pog pog,neither,0.03945320844208391,0.33037608806864915,0.630170703489267
fff,neither,0.03945320844208391,0.33037608806864915,0.630170703489267
He does just been slammed lately.,neither,0.028922329202213107,0.4439874991425453,0.5270901716552415
Fortnite tonihjt or what,neither,0.051168151772925774,0.32225679385055334,0.6265750543765208
"Good morning @ninja, Mods, and Chat. Good day and Good vibes!",neither,0.041581204558994216,0.2135972405417439,0.7448215548992618
bearde51Bearded bearde51Bearded bearde51Bearded bearde51Bearded bearde51Bearded,neither,0.03945320844208391,0.33037608806864915,0.630170703489267
@gro227 yes just busy this week,neither,0.03527442202120833,0.3510820729618641,0.6136435050169275
!uptime,neither,0.03945320844208391,0.33037608806864915,0.630170703489267
Ninja has been streaming for 5 minutes 44 seconds,neither,0.03605278841535164,0.31242796755837576,0.6515192440262725
ninjaPon ninjaPon ninjaPon ninjaPon ninjaPon ninjaPon ninjaPon ninjaPon ninjaPon ninjaPon ninjaPon ninjaPon ninjaPon ninjaPon ninjaPon ninjaPon ninjaPon ninjaPon,neither,0.03945320844208391,0.33037608806864915,0.630170703489267
ninjaHi Good mornin’ @ninja ninjaPon ninjaNavi,neither,0.03887860559331936,0.33057372033709914,0.6305476740695816
sudhedjdhdjdhejdjfj ed fe,neither,0.03945320844208391,0.33037608806864915,0.630170703489267
Good mornting huntie!,neither,0.037820165765928906,0.33093776632913474,0.6312420679049364
Let’s go!!!,neither,0.01806316484133749,0.39391011985298136,0.5880267153056813
ninjaBlast1 ninjaBlast2 ninjaBlast3 ninjaBlast3 ninjaBlast3 ninjaBlast3,neither,0.03945320844208391,0.33037608806864915,0.630170703489267
ninjaHype ninjaHype ninjaHype ninjaHype,neither,0.03945320844208391,0.33037608806864915,0.630170703489267
ninjaPon ninjaPon ninjaPon ninjaPon ninjaPon ninjaPon,neither,0.03945320844208391,0.33037608806864915,0.630170703489267
Morning ninjaAdore @Enthropy86,neither,0.05283876784042269,0.1031882115525248,0.8439730206070525
@gro227 not right now since he is busy,neither,0.04952555643533988,0.34624579088092006,0.60422865268374
HI NINJ,neither,0.03945320844208391,0.33037608806864915,0.630170703489267
wut,neither,0.03945320844208391,0.33037608806864915,0.630170703489267
Ninjas start screen has been streaming for 5 min,neither,0.03551696681699745,0.30959565334745737,0.6548873798355453
ninjaPopcorn ninjaPopcorn ninjaPopcorn,neither,0.03945320844208391,0.33037608806864915,0.630170703489267
GOOD MEARNAN,neither,0.037820165765928906,0.33093776632913474,0.6312420679049364
woww,neither,0.03945320844208391,0.33037608806864915,0.630170703489267
Hi,neither,0.03945320844208391,0.33037608806864915,0.630170703489267
,neither,0.03945320844208391,0.33037608806864915,0.630170703489267
oh come on!,neither,0.04024754632847496,0.31718705432909994,0.6425653993424251
I’m so happy I subbed yesterday,neither,0.03941433260762861,0.36884770554202123,0.5917379618503502
HI,neither,0.03945320844208391,0.33037608806864915,0.630170703489267
MercyWing1 PinkMercy MercyWing2,neither,0.03945320844208391,0.33037608806864915,0.630170703489267
BOOOM,neither,0.03945320844208391,0.33037608806864915,0.630170703489267
electraNW,neither,0.03945320844208391,0.33037608806864915,0.630170703489267
Sup duders,neither,0.03945320844208391,0.33037608806864915,0.630170703489267
issa game time bitches,offensive_language,0.0023880188177705015,0.9976119379379645,4.32442649828677e-08
Make that AP,neither,0.034953369207524065,0.3794538828529436,0.5855927479395324
GAME TIME ninjaHype ninjaHype ninjaHype,neither,0.036831986904325216,0.29642753231080715,0.6667404807848678
BYYYYYYEEEEEE EARS,neither,0.03945320844208391,0.33037608806864915,0.630170703489267
oooooh,neither,0.03945320844208391,0.33037608806864915,0.630170703489267
Hi!!!!!!!!!!!!,neither,0.03945320844208391,0.33037608806864915,0.630170703489267
NICE KNOWING YOU,neither,0.06110428954673282,0.3903028034199183,0.5485929070333488
THATS SO SICK,neither,0.03940843504223287,0.38774440745013516,0.5728471575076319
I have a feeling Ninja has been busy with super bowl stuff with travis scott... but thats just me speculating and basing it off of no facts or proof,neither,0.025431046770513503,0.3773116169506178,0.5972573362788687
Let’s get it daddy,neither,0.021247310371610387,0.3786931393585205,0.6000595502698691
He’s starting his first game rn,neither,0.05687103422177606,0.29814716091444093,0.644981804863783
hii everyone,neither,0.03354967907916047,0.4305743883413756,0.535875932579464
professional bby,neither,0.03945320844208391,0.33037608806864915,0.630170703489267
How are you? @ninja,neither,0.10259019431071963,0.3261962809720426,0.5712135247172379
cloakSnipe,neither,0.03945320844208391,0.33037608806864915,0.630170703489267
ninjaCreep ninjaCreep ninjaCreep ninjaCreep ninjaCreep ninjaCreep ninjaCreep ninjaCreep,neither,0.03945320844208391,0.33037608806864915,0.630170703489267
3..2..1.. stream starting soon,neither,0.03945320844208391,0.33037608806864915,0.630170703489267
its game time baby,neither,0.031202643079182045,0.30803634462286666,0.6607610122979513
Still so happy I got my 6 months,offensive_language,0.027296429834390408,0.5100320447462677,0.4626715254193418
DUDE THIS INTRO IS LIT,neither,0.04610268886734275,0.329373548287662,0.6245237628449951
WHOEVER MADE THAT GIVE HIM A RAISE,neither,0.03630908227961925,0.3651204928435035,0.5985704248768772
Whoaaaaaa sick intro,neither,0.03945320844208391,0.33037608806864915,0.630170703489267
hypeest stream ive ever seen,neither,0.03945320844208391,0.33037608806864915,0.630170703489267
intro is so ninjaPog,neither,0.04877425906518629,0.37780691085614665,0.5734188300786671
What’s up my main man,offensive_language,0.029596787992496296,0.5582558217466279,0.4121473902608759
What an intro,neither,0.04567320805009091,0.3205055272934357,0.6338212646564735
ninjaHi ninjaHi ninjaHi ninjaHi ninjaHi,neither,0.03945320844208391,0.33037608806864915,0.630170703489267
Siiiick,neither,0.03945320844208391,0.33037608806864915,0.630170703489267
That cool intro,neither,0.0356220604316296,0.3720372745584206,0.5923406650099496
hiiiiii,neither,0.03945320844208391,0.33037608806864915,0.630170703489267
Dude this intro,neither,0.03935707189269257,0.3320077762082211,0.6286351518990864
Hey Ninja and Chat ninjaChocobo,neither,0.03876413204306386,0.2959887199383667,0.6652471480185695
yo!,offensive_language,0.04010381111145228,0.5271105317972344,0.4327856570913131
ninjaTooth ninjaTooth ninjaTooth ninjaTooth ninjaTooth,neither,0.03945320844208391,0.33037608806864915,0.630170703489267
Intro tho,neither,0.03520819117687437,0.339915790235427,0.6248760185876987
intro is dope,neither,0.04746727446797062,0.3276196832725204,0.6249130422595089
hello ninja,neither,0.03945320844208391,0.33037608806864915,0.630170703489267
ninja buys ALL cosmetics,neither,0.04109685604035619,0.39666367347506726,0.5622394704845766
That was hype,neither,0.03458173652126729,0.3844872732194526,0.5809309902592802
How are you Tyler? @Ninja,neither,0.08401613457880333,0.32762749202136715,0.5883563733998295
sup @Ninja love your intro! always gets my hyped,neither,0.04386167088746311,0.41435167497947295,0.5417866541330638
HALLO :D,neither,0.03945320844208391,0.33037608806864915,0.630170703489267
@ninja what is up my DUDE!?,neither,0.03728032619670342,0.45145273696855126,0.5112669368347453
Holy pog that intro,neither,0.035826151579221546,0.3697812795130761,0.5943925689077023
Morninggggg :P,neither,0.03945320844208391,0.33037608806864915,0.630170703489267
ninjaHype ninjaHype ninjaHype ninjaHype,neither,0.03945320844208391,0.33037608806864915,0.630170703489267
I prefer the ninja yawing cam 3 sec after pressing start in obs Kappa @Ninja,neither,0.0390498881995141,0.32309298949717347,0.6378571223033124
merry friday bro,neither,0.03945320844208391,0.33037608806864915,0.630170703489267
Good morning GOAT! Better get in and save Lupo and Tim ASAP,neither,0.04211991134813041,0.21103039804940738,0.7468496906024623
ninjaFan ninjaFan ninjaFan ninjaFan @Ninja,neither,0.03945320844208391,0.33037608806864915,0.630170703489267
Morning legend,neither,0.04854448454184446,0.17607340631575036,0.7753821091424051
ninjaFan ninjaFan ninjaFan ninjaFan ninjaFan ninjaFan ninjaFan ninjaFan ninjaIQ ninjaFan ninjaFan ninjaFan ninjaFan ninjaFan ninjaFan ninjaFan ninjaFan ninjaFan,neither,0.03945320844208391,0.33037608806864915,0.630170703489267
that stream loading screen was dope,neither,0.03631473907155225,0.3649785213727404,0.5987067395557073
Morning man!,neither,0.05475032297382356,0.21030305741904584,0.7349466196071305
Morning ninj,neither,0.05283876784042269,0.1031882115525248,0.8439730206070525
nice intro btw,neither,0.03945320844208391,0.33037608806864915,0.630170703489267
ninjaCRINJA ninjaCreep,neither,0.03945320844208391,0.33037608806864915,0.630170703489267
that intro was sick,neither,0.03575691173424258,0.3712306157071467,0.5930124725586107
hope u have a geat stream @ninja,neither,0.06907401632700602,0.24227695874219976,0.6886490249307943
!uptime,neither,0.03945320844208391,0.33037608806864915,0.630170703489267
Ninja has been streaming for 7 minutes 18 seconds,neither,0.03592500033367885,0.31175252898412237,0.6523224706821988
lets have a better day today ty ty,neither,0.03821642060390229,0.32227261629117326,0.6395109631049245
@ninja dope ass intro bro,offensive_language,0.10622702430758695,0.8657497022712806,0.028023273421132488
Well GOOOOOOOOD morning chat,neither,0.047664872678826097,0.19100271523520682,0.7613324120859671
Hola nice intro,neither,0.03945320844208391,0.33037608806864915,0.630170703489267
these skins are too expensive and I don't care if it's a free to play game,neither,0.04649914180640524,0.32134562715572973,0.6321552310378651
ninjaCreep ninjaCreep ninjaCreep ninjaCreep ninjaCreep ninjaCreep ninjaCreep ninjaCreep ninjaCreep ninjaCreep ninjaCreep ninjaCreep ninjaCreep ninjaCreep,neither,0.03945320844208391,0.33037608806864915,0.630170703489267
how about a cold hefeweizen to start the day,neither,0.043941784086690854,0.3232040144277157,0.6328542014855936
It's my Birthday! PartyPopper,neither,0.022630187269649195,0.4574319169498503,0.5199378957805005
Good morning ninj!! Love the intro!!,neither,0.0421209036584731,0.20587418439881672,0.7520049119427102
I did,neither,0.03945320844208391,0.33037608806864915,0.630170703489267
@ninja love the intro especially the song! ninjaHype ninjaHype ninjaHype,neither,0.036117287163289706,0.3227107031729058,0.6411720096638044
nice intro bro,neither,0.03945320844208391,0.33037608806864915,0.630170703489267
"@Ninja Lupo and Tim need you this morning. They are so close to a win, but keep getting pinched at the end.",neither,0.06572289068723504,0.3005975467127619,0.6336795626000031
Yayyyyy,neither,0.03945320844208391,0.33037608806864915,0.630170703489267
great intro + first time watchin,neither,0.03219528705485866,0.3273166958203782,0.6404880171247631
Lupo and Tim,neither,0.03846438058034846,0.2787701933039564,0.6827654261156952
Love u Tyler,neither,0.03596661143848979,0.34670415582058367,0.6173292327409265
Wishing you a great stream today bud,neither,0.04718191491834437,0.3238316897945932,0.6289863952870626
ninjaWifey ninjaWifey ninjaWifey ninjaWifey ninjaWifey ninjaWifey ninjaWifey ninjaWifey ninjaWifey ninjaWifey ninjaWifey ninjaWifey ninjaWifey ninjaWifey,neither,0.03945320844208391,0.33037608806864915,0.630170703489267
Morning,neither,0.05283876784042269,0.1031882115525248,0.8439730206070525
Baz604 welcome,neither,0.03945320844208391,0.33037608806864915,0.630170703489267
Sup daddy,neither,0.03945320844208391,0.33037608806864915,0.630170703489267
ninjaChance ninjaChance ninjaChance ninjaChance ninjaChance ninjaChance,neither,0.03945320844208391,0.33037608806864915,0.630170703489267
That was so cool,neither,0.03413082769577007,0.44747821031415436,0.5183909619900755
Hi ninja. Come back to Vegas soon,neither,0.042862054440243914,0.3462649083596927,0.6108730372000634
"if you only have 1 thing to buy, what would it be and why? @Ninja",neither,0.0327689116617491,0.3798496483033356,0.5873814400349152
Can't wait to resub,neither,0.051130421387483214,0.31669926958723177,0.6321703090252849
hihihhhihhihhhih,neither,0.03945320844208391,0.33037608806864915,0.630170703489267
ninjaPon ninjaPon ninjaPon,neither,0.03945320844208391,0.33037608806864915,0.630170703489267
Yep,neither,0.03945320844208391,0.33037608806864915,0.630170703489267
ninjaPon,neither,0.03945320844208391,0.33037608806864915,0.630170703489267
ninjaTooth can you do the tooth irl ninjaTooth LUL,neither,0.050405982842722255,0.3443817272794504,0.6052122898778273
Dat. Intro. Tho.,neither,0.03560569678255795,0.3389861400135566,0.6254081632038855
56 months dam ;),neither,0.03945320844208391,0.33037608806864915,0.630170703489267
Good morning GOAT! Better get in and save Lupo and Tim ASAP,neither,0.04211991134813041,0.21103039804940738,0.7468496906024623
amazing!!!,neither,0.03945320844208391,0.33037608806864915,0.630170703489267
yo ninha,offensive_language,0.04010381111145228,0.5271105317972344,0.4327856570913131
hi,neither,0.03945320844208391,0.33037608806864915,0.630170703489267
Did Tim and lupo just get aim botted or was that kid just hitting everything,neither,0.03172354262542225,0.3633672180359197,0.604909239338658
ninja,neither,0.03945320844208391,0.33037608806864915,0.630170703489267
ninjaGold ninjaGold ninjaGold,neither,0.03945320844208391,0.33037608806864915,0.630170703489267
hey @ninja and chat,neither,0.03876413204306386,0.2959887199383667,0.6652471480185695
you had a good a morning mate?,neither,0.06655924516838622,0.23848037926017707,0.6949603755714366
@Ninja i am a new 6 month sub and love my n ew badge! can't wait for the 1 yeyar badge,neither,0.0318467710386663,0.295435675149865,0.6727175538114686
suspectttt,neither,0.03945320844208391,0.33037608806864915,0.630170703489267
,neither,0.03945320844208391,0.33037608806864915,0.630170703489267
Lupo and Tim yo,neither,0.038453260903221674,0.3613682787510648,0.6001784603457135
Always living for the intro. Warms my graphic design soul ninjaChance,neither,0.028697347698515622,0.3806072747556394,0.590695377545845
ninja that intro is so litty,neither,0.042529290739205854,0.39971407032446915,0.5577566389363251
Yo!,offensive_language,0.04010381111145228,0.5271105317972344,0.4327856570913131
bleedPurple,neither,0.03945320844208391,0.33037608806864915,0.630170703489267
56 months EZclap,neither,0.03945320844208391,0.33037608806864915,0.630170703489267
How long we streaming?,neither,0.039105945460412475,0.3310135319216515,0.629880522617936
Sup chat,neither,0.03945320844208391,0.33037608806864915,0.630170703489267
"party1000 ninjacheer1000 what’s good ninj, happy friyay",neither,0.04646725466628936,0.3250273551884367,0.6285053901452738
Thanks for not screaming yesterday I had a good nap,neither,0.032961303643246724,0.3028826254957912,0.6641560708609621
I know you can see this,neither,0.06703135719659765,0.39931664801460454,0.5336519947887979
!100K,neither,0.03945320844208391,0.33037608806864915,0.630170703489267
the invite is real,neither,0.038553444488608764,0.44005648523942625,0.5213900702719648
"Ninja has secured 98,011 of 100,000 kills!",neither,0.03967594228425728,0.32659571347795957,0.6337283442377832
Yes is lit!! ninjaHype,neither,0.04906572496663103,0.3270699028481204,0.6238643721852487
ninja10 FortOne,neither,0.03945320844208391,0.33037608806864915,0.630170703489267
good morning ninj!,neither,0.04970930963283925,0.13564577574880146,0.8146449146183593
Tim invited you,neither,0.05578411841555287,0.3764248653189056,0.5677910162655415
your bros are struggling,neither,0.10556609092475383,0.27681163634311595,0.6176222727321303
Tim needs you,neither,0.05901473333135386,0.38491632868043546,0.5560689379882107
Damn,offensive_language,0.042479326866149344,0.9516554255713155,0.005865247562535126
Tim and lupo are trying to play with ya,offensive_language,0.03744603090722975,0.4913978442725559,0.4711561248202144
good morning my man,neither,0.03474522708809019,0.34875582524185333,0.6164989476700565
go play with lupo and Tim,neither,0.029245766123797215,0.33064576299420073,0.6401084708820022
It’s lit the intro,neither,0.03736265362055184,0.3159948365226367,0.6466425098568113
love uuuuuu,neither,0.03217296676969875,0.3657703709031763,0.602056662327125
hi,neither,0.03945320844208391,0.33037608806864915,0.630170703489267
Get the dub,neither,0.03790526342849106,0.32214540328777214,0.6399493332837367
Tim said he needs you,neither,0.06281198534440978,0.37355192479682464,0.5636360898587655
highdLove highdLove highdLove highdLove highdLove,neither,0.03945320844208391,0.33037608806864915,0.630170703489267
ninjaPopcorn ninjaPopcorn,neither,0.03945320844208391,0.33037608806864915,0.630170703489267
cheer100 cheer100 cheer100 cheer100 cheer100 cheer100 starting off friday with a happy ninja!,neither,0.03126064921080561,0.35811443139125876,0.6106249193979357
@ninja tim wants to play,neither,0.0447646015181451,0.3272525591071273,0.6279828393747278
!backseat,neither,0.03945320844208391,0.33037608806864915,0.630170703489267
Please no backseat gaming. Ninja wants to play the game his own way without being told what to do. If he asks for tips or assistance then you may point him in the right direction.,neither,0.05899832997481015,0.3321075505021963,0.6088941195229937
pla,neither,0.03945320844208391,0.33037608806864915,0.630170703489267
@ninja good morning bud,neither,0.04566568207026584,0.2144525506874673,0.7398817672422668
@Ninja i am a new 6 month sub and love my new badge! can't wait for the 1 year badge,neither,0.03326369533767583,0.2600230123054131,0.7067132923569112
Hi everyone,neither,0.032490659208996964,0.4485487193596734,0.5189606214313296
ninjaWifey ninjaWifey ninjaWifey ninjaWifey ninjaWifey ninjaWifey ninjaWifey ninjaWifey ninjaWifey ninjaWifey ninjaWifey ninjaWifey,neither,0.03945320844208391,0.33037608806864915,0.630170703489267
Lupo and Tim invited,neither,0.038713502548872944,0.29321233496304644,0.6680741624880806
cheer100 cheer100 cheer100 cheer100 cheer100 Ninja are you going to be in Atlanta for the superbowl if you are you should try Heirloom BBQ,neither,0.09709563905413537,0.39002481021761287,0.5128795507282519
glad you're back playing fortnite,neither,0.08458759205932045,0.34622822674774895,0.5691841811929307
41 months big boy subs today,neither,0.02633663290998019,0.3611206900728615,0.6125426770171583
Tim said we need Ninja!!!!,neither,0.03918253483851067,0.3312766826008198,0.6295407825606696
tim and lupo are trying to play,neither,0.07162558711880415,0.2490644712788909,0.6793099416023051
@ninja tim and lupo want to play,neither,0.04437921312246823,0.2919280754921699,0.6636927113853618
does he realize it's still on FFXI,neither,0.02565501440719814,0.4866132414531483,0.4877317441396535
Morning sunshine 🌞,neither,0.048103957144204915,0.1835503059385874,0.7683457369172078
Got anything planned for the weekend Ninja?,neither,0.033861815812635566,0.3290135049720089,0.6371246792153554
ninjaHype ninjaHype ninjaHype ninjaHype ninjaHype ninjaHype ninjaHype ninjaHype ninjaHype ninjaHype ninjaHype ninjaHype ninjaHype ninjaHype ninjaHype ninjaHype ninjaHype ninjaHype ninjaHype ninjaHype ninjaHype ninjaHype ninjaHype ninjaHype ninjaHype ninjaHype ninjaHype,neither,0.03945320844208391,0.33037608806864915,0.630170703489267
You down to play with courage any time today?,neither,0.04382330410956303,0.384921372864549,0.571255323025888
cheer100 cheer100 cheer100 cheer100 cheer100,neither,0.03945320844208391,0.33037608806864915,0.630170703489267
ninjaTube,neither,0.03945320844208391,0.33037608806864915,0.630170703489267
Happy Friday Tyler,neither,0.03945320844208391,0.33037608806864915,0.630170703489267
!100k,neither,0.03945320844208391,0.33037608806864915,0.630170703489267
"Ninja has secured 98,011 of 100,000 kills!",neither,0.03967594228425728,0.32659571347795957,0.6337283442377832
Tyler is a big boy if his friends want to play with him they can contact him,neither,0.03172383300733123,0.4079457304978645,0.5603304364948043
ninjaH ninjaH ninjaH ninjaH ninjaH ninjaH ninjaH,neither,0.03945320844208391,0.33037608806864915,0.630170703489267
New 1 year badge ninjaPog,neither,0.043024371248111155,0.2413466539831744,0.7156289747687145
! Uptime,neither,0.03945320844208391,0.33037608806864915,0.630170703489267
ninjaFire,neither,0.03945320844208391,0.33037608806864915,0.630170703489267
that was close,neither,0.03421599787878812,0.3886345157146608,0.5771494864065511
!uptime,neither,0.03945320844208391,0.33037608806864915,0.630170703489267
Ninja has been streaming for 9 minutes 19 seconds,neither,0.03599172463842539,0.3121052117711978,0.6519030635903768
Ggs @privatecucumber,neither,0.03945320844208391,0.33037608806864915,0.630170703489267
GoodMorning Ninja,neither,0.03945320844208391,0.33037608806864915,0.630170703489267
ninjaChance ninjaCash ninjaCash ninjaCash,neither,0.03945320844208391,0.33037608806864915,0.630170703489267
Ninja is GAWD,neither,0.04690607540476405,0.3278127053644783,0.6252812192307576
tim and lupo want to play with u @Ninja,neither,0.034787610414386994,0.3219903896349513,0.6432219999506616
u gunnna play with lupo???,neither,0.0224239371025857,0.39477495987263056,0.5828011030247837
Morning bud,neither,0.04876252781492274,0.17237264292401425,0.7788648292610629
close one,neither,0.03822446863017775,0.3754642113124957,0.5863113200573266
@BLACKFOOTONE Hi!,neither,0.03945320844208391,0.33037608806864915,0.630170703489267
@ninja lupo and Tim want to play squads,neither,0.04349576669652778,0.29821021096157585,0.6582940223418963
How do you leave a message with your re sub. I never have that option for anyone I’m subbed to,neither,0.06110915410871333,0.37834610285252657,0.5605447430387602
how long until the event?,neither,0.038511039755179464,0.31499451998892425,0.6464944402558964
hi im new,neither,0.04284529376132834,0.2614151689057271,0.6957395373329446
Tim and lupo are inviting you. They said “we need him this morning” lmao,neither,0.07280793427752587,0.22958070654080873,0.6976113591816654
Lol hey,neither,0.02786768098384096,0.41865113202475085,0.5534811869914081
Tim and lupa wanna play,neither,0.0386602409674272,0.290239846224162,0.671099912808411
TIM SAID he NEEEDSSSSS Ninj,neither,0.04566492852757261,0.3282395926890823,0.626095478783345
you hear that new logic tho???,neither,0.04964785133821443,0.3341004313017105,0.616251717360075
ninjaCreep FlipThis,neither,0.03945320844208391,0.33037608806864915,0.630170703489267
nice save,neither,0.03945320844208391,0.33037608806864915,0.630170703489267
1 day 3 hours?,neither,0.04011178501643046,0.310910655735028,0.6489775592485416
@ninja tim wants to play,neither,0.0447646015181451,0.3272525591071273,0.6279828393747278
Time needs you,neither,0.06370348809106188,0.4333875928189958,0.5029089190899424
LOGIC,neither,0.03945320844208391,0.33037608806864915,0.630170703489267
!uptime,neither,0.03945320844208391,0.33037608806864915,0.630170703489267
Ninja has been streaming for 9 minutes 50 seconds,neither,0.035909554605212814,0.3116708868063255,0.6524195585884617
tomorrow pog,neither,0.03945320844208391,0.33037608806864915,0.630170703489267
Morning Ninj,neither,0.05283876784042269,0.1031882115525248,0.8439730206070525
Huy,neither,0.03945320844208391,0.33037608806864915,0.630170703489267
ninjaH,neither,0.03945320844208391,0.33037608806864915,0.630170703489267
tim needs u,neither,0.03945320844208391,0.33037608806864915,0.630170703489267
ninjaBlast1 ninjaBlast2 ninjaBlast3 ninjaBlast3 ninjaBlast3 ninjaBlast3 ninjaBlast3 ninjaBlast3 ninjaBlast3 ninjaBlast3 ninjaBlast3 ninjaPog,neither,0.03945320844208391,0.33037608806864915,0.630170703489267
1 say 30 hours,neither,0.03945320844208391,0.33037608806864915,0.630170703489267
ninjaBlast1 ninjaBlast2 ninjaBlast3 ninjaBlast3 ninjaBlast3 ninjaBlast3,neither,0.03945320844208391,0.33037608806864915,0.630170703489267
count down of what???,neither,0.0458743624500658,0.32579772668975443,0.6283279108601798
whats up ninja,neither,0.03696264145288427,0.3805754415266652,0.5824619170204506
what up ninia!!,neither,0.04549209283961305,0.43877665191533993,0.5157312552450469
What’s up ninja who do u think will win the super bowl and what is your favored Red Bull mine is the summer edition,neither,0.06565211616858536,0.3211694191465858,0.6131784646848287
I was in a lobby with Lupo yesterday in the limited testing tournament 👀,neither,0.03286568916504037,0.3426485789228445,0.6244857319121152
lupo and tim need you theyve gotten no wins in2. hours,neither,0.04726146857951247,0.3380612614782488,0.6146772699422388
tmrw around 1pm est?,neither,0.03945320844208391,0.33037608806864915,0.630170703489267
@Ninja u sticking with the pink hair or gonna dye it blue again?,neither,0.031241571561051076,0.3811660589640753,0.5875923694748736
ninja is still the best streamer,neither,0.04469439538903872,0.31997087020654064,0.6353347344044206
i joined discord,neither,0.03945320844208391,0.33037608806864915,0.630170703489267
