text,top_class,hate_speech,offensive_language,neither
you will see if you won any bits,offensive_language,0.05128383846665601,0.4782309452602194,0.4704852162731245
Chat i love you,neither,0.05692905594716782,0.4118250936126231,0.531245850440209
Happy new year ninja you’re the man,neither,0.0761524228199408,0.3028594281596686,0.6209881490203906
the floss yikes,neither,0.03613032604487659,0.2619290779399786,0.7019405960151449
"anybody down for squads, we need one more",neither,0.03556662929287458,0.32459596971249527,0.6398374009946302
When will the stream be back?,neither,0.031263360963878585,0.3414819466230445,0.627254692413077
ninjaH thanks,neither,0.035884468650613,0.3004919205142699,0.6636236108351171
Im glad they cut that part LUL,neither,0.03614570775521974,0.3824608967965153,0.5813933954482651
Cringe,neither,0.03945320844208391,0.33037608806864915,0.630170703489267
THIS IS MY FUGGING SONG ninjaPog ninjaPog ninjaPog ninjaPog ninjaPog ninjaPog ninjaPog ninjaPog,neither,0.03227867537255603,0.45660247192386394,0.5111188527035799
LUL,neither,0.03945320844208391,0.33037608806864915,0.630170703489267
sexymoves,neither,0.03945320844208391,0.33037608806864915,0.630170703489267
YES,neither,0.03945320844208391,0.33037608806864915,0.630170703489267
ninjaCRINJA ninjaCRINJA ninjaCRINJA,neither,0.03945320844208391,0.33037608806864915,0.630170703489267
some of them did it tho,neither,0.03749769155329133,0.34829255497174727,0.6142097534749613
@ImAKAJenks LUL you were saying,neither,0.0453079437725081,0.35577028314454745,0.5989217730829445
No one did jt,neither,0.037865027967490764,0.37306540395211696,0.5890695680803922
vivHypers vivHypers vivHypers vivHypers vivHypers vivHypers,neither,0.03945320844208391,0.33037608806864915,0.630170703489267
oh nvm voyLUL,neither,0.045756613872601194,0.27077248606354704,0.6834709000638518
twitch. com lmao,neither,0.038573069231651554,0.34531434744998835,0.6161125833183603
ninjaCRINJA ninjaCRINJA ninjaCRINJA,neither,0.03945320844208391,0.33037608806864915,0.630170703489267
Loud,neither,0.03945320844208391,0.33037608806864915,0.630170703489267
WutFace,neither,0.03945320844208391,0.33037608806864915,0.630170703489267
EARRAPE,neither,0.03945320844208391,0.33037608806864915,0.630170703489267
twitch dot com slash ninja,neither,0.03945320844208391,0.33037608806864915,0.630170703489267
ow,neither,0.03945320844208391,0.33037608806864915,0.630170703489267
ninjaCRINJA,neither,0.03945320844208391,0.33037608806864915,0.630170703489267
OH VER ninjaGold ninjaGold ninjaGold ninjaGold ninjaGold ninjaGold ninjaGold ninjaGold,neither,0.0450478101092574,0.2772031091301225,0.6777490807606199
@imeightbit_ -> MrDestructoid [stop posting links] [warning],neither,0.039401667902462426,0.38961947751050285,0.5709788545870349
oh god,neither,0.047523175703714664,0.25506489023357065,0.6974119340627147
LUL,neither,0.03945320844208391,0.33037608806864915,0.630170703489267
twitch . com LUL,neither,0.03945320844208391,0.33037608806864915,0.630170703489267
twitch. com omg,neither,0.03945320844208391,0.33037608806864915,0.630170703489267
VoteNay,neither,0.03945320844208391,0.33037608806864915,0.630170703489267
RIPPP,neither,0.03945320844208391,0.33037608806864915,0.630170703489267
twitch . com I'm weak,neither,0.03945320844208391,0.33037608806864915,0.630170703489267
ninjaHi ninjaHi ninjaHi ninjaH,neither,0.03945320844208391,0.33037608806864915,0.630170703489267
dot com LUL,neither,0.03945320844208391,0.33037608806864915,0.630170703489267
is this a strip club,neither,0.047893298666840785,0.3290717224994703,0.6230349788336889
DOT COM LMAO,neither,0.03853194947106593,0.3460122571011499,0.6154557934277842
"I love you great show, groundbreaking for the future this will be remembered as the first big gaming celeb streaming event no doubt!!",neither,0.03424609283863404,0.3232015740129368,0.6425523331484292
so i won . the prize pool is 4 million bits?? and 3212 people won . that's 1250 bits each ? kind of low but hell yeah free is free,offensive_language,0.044617868823178926,0.5382849535171377,0.4170971776596835
DOT COM LUL,neither,0.03945320844208391,0.33037608806864915,0.630170703489267
Rip headphones,neither,0.03945320844208391,0.33037608806864915,0.630170703489267
BEST SONG ON THE NINJA WORKS ALBUM!!,neither,0.03606097240644165,0.32863776574525655,0.6353012618483017
I GOTTA THROW UP,neither,0.03383154000322755,0.437795889727688,0.5283725702690845
Yeah ok buddy go ahead & hump the floor why dontcha,neither,0.02428965578785753,0.39836267453441426,0.5773476696777282
Andrea is anything else happening or can I finally get some shut eye for the love of all that is holy... I just don't wanna miss anything giveaway or streamwise,neither,0.04039045989539163,0.36300708914917706,0.5966024509554313
Didn't they learn from the pro am that people generally don't like making fools of themselves in public?,neither,0.047161895138855964,0.3578477576237976,0.5949903472373463
What did I just join???,neither,0.04001547399898342,0.3486302309655725,0.611354295035444
,neither,0.03945320844208391,0.33037608806864915,0.630170703489267
you've done a great job dude,neither,0.02633758505145177,0.33582318902620645,0.6378392259223418
Yall can go to sleep. Stream is done. This is just highlights ninjaTooth,neither,0.05030307185441112,0.36003161032821457,0.5896653178173742
@kebabkungfu Congratulations,neither,0.03945320844208391,0.33037608806864915,0.630170703489267
I didn’t win :(,neither,0.021813281766490205,0.38833680276810395,0.5898499154654059
twitch dot com still redirects to twitch dot tv lmao,neither,0.041271631811892376,0.34162862503493374,0.6170997431531738
the dot com lady can kiss a chance to be an amazon spokesperson,neither,0.043708578412091935,0.3135360939955281,0.64275532759238
hello @everyone why are 80k people watchin but barely any talkin is ninja viewbotting,neither,0.059250414479010194,0.3744056663534905,0.5663439191674993
Thanks Andrea happy New Year get some shuteye as well!,neither,0.03336840657374638,0.2967659775441755,0.6698656158820783
THIS is SO sad,neither,0.0506952628012965,0.38946070602132815,0.5598440311773754
but title says live in times square KappaRoss,neither,0.04014125495968383,0.33622903961382106,0.6236297054264951
!NinjaNewYears,neither,0.03945320844208391,0.33037608806864915,0.630170703489267
ninjaH,neither,0.03945320844208391,0.33037608806864915,0.630170703489267
No @AndreaDuh,neither,0.036918905254960256,0.37338982715841207,0.5896912675866277
@AndreaDuh we stay for you and the other homies!,neither,0.0448306357769021,0.2905822429743194,0.6645871212487784
dont lie @andreaduh,neither,0.03945320844208391,0.33037608806864915,0.630170703489267
OR MAYBE WE SHOULD START IT OVER!!!,neither,0.046039738264761404,0.3697955460183914,0.5841647157168472
"Happy New Years from Seattle, WA! Cheers!",neither,0.04244285044602057,0.26151050424562405,0.6960466453083555
@andreaduh I'm still staying ninjaH ninjaH ninjaH ninjaPog ninjaPog ninjaPog,neither,0.038368096672187886,0.34879326671983996,0.6128386366079722
because sub mode @jonathanescobedo400,neither,0.03945320844208391,0.33037608806864915,0.630170703489267
@AndreaDuh im going to tfue now LOL,neither,0.03435166515360973,0.4600137969971668,0.5056345378492235
goodnight everybody. hope this year is amazing for all of you ninjaH,neither,0.08653843128738627,0.29912146282162844,0.6143401058909853
Happy new years,neither,0.04371719000014062,0.2231665706206148,0.7331162393792446
FortOne FortOne FortOne FortOne FortOne FortOne,neither,0.03945320844208391,0.33037608806864915,0.630170703489267
love all of you guys,offensive_language,0.06217093540086707,0.5410986551420695,0.39673040945706345
You will forever be the goat streamer no doubt!!,neither,0.05222839898952177,0.3470579979180551,0.600713603092423
how dare you Cazyyyy,neither,0.06465733614858642,0.39927395277789374,0.5360687110735198
AndreaDuh the best ninjaH,neither,0.03652221034163643,0.28968136375604325,0.6737964259023204
probGoodGame probGoodGame probGoodGame,neither,0.03945320844208391,0.33037608806864915,0.630170703489267
LMAO,neither,0.03705015143476208,0.3711622369619404,0.5917876116032975
well im about to leave soonish ninjaTooth,neither,0.0439135461297381,0.39029785652513976,0.5657885973451221
no kill challenge?,hate_speech,0.4740856702364852,0.17010626543556928,0.35580806432794565
Happy New Years all u guys love u,neither,0.0419106008599465,0.3231326797239424,0.6349567194161111
!drunk,neither,0.03945320844208391,0.33037608806864915,0.630170703489267
Ninja is completely sober right now. \ MingLee /,neither,0.044482544906504835,0.3416268926575897,0.6138905624359056
whats the share your twitch ID pop out thing?,neither,0.05390255405577714,0.3109765819118236,0.6351208640323992
put it on emote mode and call it a night,neither,0.029509257007303568,0.3102651792119109,0.6602255637807856
!subscribers,neither,0.03945320844208391,0.33037608806864915,0.630170703489267
!NinjaNewYears,neither,0.03945320844208391,0.33037608806864915,0.630170703489267
Bye chat bye ninja luv you ninja going to bed! <3,neither,0.04878590670249047,0.36105326756718387,0.5901608257303256
How was 2018 for yall,neither,0.03030931562448863,0.32747573444048694,0.6422149499350244
Im going to tfue,neither,0.04589224129323608,0.41509121346758776,0.5390165452391763
!money,neither,0.03945320844208391,0.33037608806864915,0.630170703489267
Yo,offensive_language,0.04010381111145228,0.5271105317972344,0.4327856570913131
!subs,neither,0.03945320844208391,0.33037608806864915,0.630170703489267
Well see you all in Fortnite guys GAME ON GAME ON GAMERS LOVE YOU ALL,neither,0.05649797888983756,0.4643390789360715,0.47916294217409083
Is this live,neither,0.06264826366348325,0.3248039992423424,0.6125477370941744
!NinjaNewYears,neither,0.03945320844208391,0.33037608806864915,0.630170703489267
whoever calls me dummy is dumb and rude!,neither,0.03881538631656722,0.32771235616598376,0.633472257517449
dummy,neither,0.03945320844208391,0.33037608806864915,0.630170703489267
i dont know why i got timed out.... all i said was AND OFF TO THE SLUMPS,neither,0.02995257530071702,0.40174365475501,0.5683037699442729
hamzBruh,neither,0.03945320844208391,0.33037608806864915,0.630170703489267
Lol,neither,0.020706217963973744,0.4882283491876925,0.4910654328483337
@sdiewald06 no its a highlight vid of the night,neither,0.029305511875893305,0.32998163436319194,0.6407128537609148
Love you all let’s play fortnite gamer tag is Dj Dabbeast,neither,0.04157613729503904,0.4429621170967117,0.5154617456082494
@el_presidante12 thx,neither,0.03945320844208391,0.33037608806864915,0.630170703489267
@emochris1 HEY MODS BAN THIS GUY HE RUDE,neither,0.04320004081126258,0.33615482735340213,0.6206451318353352
Night Ninja drLupo Tim Courage and stream im goin to bed nightguys happy new year.,neither,0.03955663777437394,0.27989061499487006,0.680552747230756
NINJA ITS 3AM!!,neither,0.034173213664481825,0.33219212039000834,0.6336346659455098
!wins,neither,0.03945320844208391,0.33037608806864915,0.630170703489267
Check Ninja's wins here -> https://goo.gl/17Qojo,neither,0.0737613933919306,0.30145673084023594,0.6247818757678334
"Wins: 1 Solo (17 Kills), 1 Duo (8 Kills), 8 Squads (5,5,1,6,0,4,6,2 Kills) ninjaPon",neither,0.03945320844208391,0.33037608806864915,0.630170703489267
Love you all let’s play fortnite Enderking30,offensive_language,0.03454436372233278,0.5674912524838758,0.3979643837937915
"that was a great stream, onto 2019 chat",neither,0.03555400574753941,0.342022803685383,0.6224231905670775
past my bedtime mommy is going to whip out the belt,neither,0.036333202609484895,0.38949075563628777,0.5741760417542273
Happy new years chat. I love you all. I hope the best year for every single one of you! Peace out chat. <3,neither,0.06622639915678158,0.3065185118965305,0.6272550889466879
ninjaStars GREATGRIND,neither,0.03945320844208391,0.33037608806864915,0.630170703489267
Who plays Tom Clancy's Rainbow 6 Siege?,neither,0.03995061987266278,0.3830564871952056,0.5769928929321317
"Great stream Ninja Happy New Year here’s to a great 2019, GoodNight Chat and Goodnight Ninja! FortOne ninjaChocobo ninjaAww ninjaBits",neither,0.056454265523205746,0.251401704681496,0.6921440297952983
First time subber here ha,neither,0.07467485494907902,0.314462638880816,0.6108625061701048
@jonathanescobedo400 I've already got banned before not to long ago,neither,0.023033364092772755,0.39851294993564707,0.5784536859715801
!wins,neither,0.03945320844208391,0.33037608806864915,0.630170703489267
Check Ninja's wins here -> https://goo.gl/17Qojo,neither,0.0737613933919306,0.30145673084023594,0.6247818757678334
"Wins: 1 Solo (17 Kills), 1 Duo (8 Kills), 8 Squads (5,5,1,6,0,4,6,2 Kills) ninjaPon",neither,0.03945320844208391,0.33037608806864915,0.630170703489267
hey mods ban everyone except me I can't keep up with this cyberbullying 😢,neither,0.023777263760039125,0.47346560605906574,0.5027571301808951
,neither,0.03945320844208391,0.33037608806864915,0.630170703489267
@captnhashbrown welcome to the cool kids club,neither,0.044523868457674996,0.31281954533573514,0.6426565862065898
how long js,neither,0.039217653147670097,0.3284035783599259,0.632378768492404
Happy New year all my fellow ninja fam have A great first day of 2019 get some dubs ninjaPon,neither,0.027201682589920322,0.3596462279421983,0.6131520894678814
so no bits tonight?,neither,0.034269890182130565,0.3769731733671539,0.5887569364507154
!NinjaNewYears,neither,0.03945320844208391,0.33037608806864915,0.630170703489267
bits are given on January 2 from tonight,neither,0.0539685774350371,0.2755559700404377,0.6704754525245252
@ROADRUNNERBOY we get thos jan 2 i think,neither,0.03930898041367167,0.33282401411596485,0.6278670054703636
"mods keep chat from being toxic, if u lets plebs in then youll realise",neither,0.02573532796545687,0.3799448969139916,0.5943197751205515
Oh ok thanks boiis,neither,0.04259104961641914,0.2558611947962717,0.7015477555873093
,neither,0.03945320844208391,0.33037608806864915,0.630170703489267
STOP BOWLING ME GUYS ninjaTilt ninjaThrow,neither,0.03234179274089685,0.4410735662537037,0.5265846410053996
loveaMAKEUP loveaMAKEUP loveaMAKEUP loveaMAKEUP,neither,0.03945320844208391,0.33037608806864915,0.630170703489267
when will next trivia question happen,neither,0.03151777126205607,0.36308839111995606,0.6053938376179878
did they say 4 million bits will be divided between the 3200 winners ?,neither,0.04021305127169842,0.2997139976979931,0.6600729510303085
GIVEAWAYS ARE OVER STREAM IS OVER,neither,0.06231523432878218,0.2931697478470743,0.6445150178241436
@alexm1086 its over,neither,0.026249382382923667,0.3362554099892423,0.637495207627834
ninjaBlast1 ninjaBlast2,neither,0.03945320844208391,0.33037608806864915,0.630170703489267
@AlexM1086 I think they're over,neither,0.06058623435355845,0.28257928332441573,0.6568344823220258
oh rip,neither,0.04610041286253887,0.2676795543969371,0.6862200327405242
gon be a lot of shots,offensive_language,0.01816266141717653,0.506604392818152,0.4752329457646715
I think so @kebabkungfu,neither,0.040564643702812306,0.4056013163067219,0.5538340399904659
i thought it was 40K bits,neither,0.041450296232765145,0.1878707519308225,0.7706789518364123
!wins,neither,0.03945320844208391,0.33037608806864915,0.630170703489267
Check Ninja's wins here -> https://goo.gl/17Qojo,neither,0.0737613933919306,0.30145673084023594,0.6247818757678334
"Wins: 1 Solo (17 Kills), 1 Duo (8 Kills), 8 Squads (5,5,1,6,0,4,6,2 Kills) ninjaPon",neither,0.03945320844208391,0.33037608806864915,0.630170703489267
WHATTT ARRREEEEEE DDOSSSSEEEEE???,neither,0.03945320844208391,0.33037608806864915,0.630170703489267
this is a rerun?,neither,0.06444388513749441,0.32581973129223984,0.6097363835702658
Idk jason,neither,0.03945320844208391,0.33037608806864915,0.630170703489267
!prize,neither,0.03945320844208391,0.33037608806864915,0.630170703489267
ninjaBlast1 ninjaBlast2 ninjaBlast3,neither,0.03945320844208391,0.33037608806864915,0.630170703489267
It's a recap of the 12 hour stream that just happened,neither,0.03332887993244965,0.3579809661404207,0.6086901539271297
Sup,neither,0.03945320844208391,0.33037608806864915,0.630170703489267
hey mods ban relysk he's billing me,neither,0.03688288899346645,0.3674629230163668,0.5956541879901667
CHEERS TO 2019,neither,0.048336733618526896,0.3252346924176928,0.6264285739637802
this isnt live is it?,neither,0.051360759559826094,0.32784396489556267,0.6207952755446112
!PrizePool,neither,0.03945320844208391,0.33037608806864915,0.630170703489267
highlights,neither,0.03945320844208391,0.33037608806864915,0.630170703489267
It’s just highlights from today’s stream,neither,0.03478235646987418,0.3161882786369959,0.64902936489313
poggers,neither,0.03945320844208391,0.33037608806864915,0.630170703489267
!NinjaNewYears,neither,0.03945320844208391,0.33037608806864915,0.630170703489267
TIM LUL,neither,0.03945320844208391,0.33037608806864915,0.630170703489267
DONT TOUCH HIM LUL,neither,0.03933943092289797,0.33230718950489807,0.6283533795722039
Peace chat. Goodnight guys. Luv yah,neither,0.03937952265067757,0.33162672825340644,0.6289937490959161
!Trivia,neither,0.03945320844208391,0.33037608806864915,0.630170703489267
https://help.twitch.tv/customer/portal/articles/2965242-ninja-nye-trivia-faq,neither,0.03945320844208391,0.33037608806864915,0.630170703489267
It's not live just highlights,neither,0.036680867871449495,0.3533439849007444,0.609975147227806
,neither,0.03945320844208391,0.33037608806864915,0.630170703489267
it's tim,neither,0.03759134356256886,0.33101646877765023,0.6313921876597809
SUS,neither,0.03945320844208391,0.33037608806864915,0.630170703489267
@manleysnack gn,neither,0.03945320844208391,0.33037608806864915,0.630170703489267
daePride,neither,0.03945320844208391,0.33037608806864915,0.630170703489267
ninjaCRINJA,neither,0.03945320844208391,0.33037608806864915,0.630170703489267
Must have ran out of coke,neither,0.036137415012216435,0.3385816319481533,0.6252809530396302
ninjaH,neither,0.03945320844208391,0.33037608806864915,0.630170703489267
!uptime,neither,0.03945320844208391,0.33037608806864915,0.630170703489267
Ninja has been streaming for 11 hours 42 minutes 10 seconds,neither,0.036464410066018624,0.31460339615951594,0.6489321937744655
is this like a recap pf the night?,neither,0.04613597045579774,0.3284077884793826,0.6254562410648196
yes,neither,0.03945320844208391,0.33037608806864915,0.630170703489267
yes,neither,0.03945320844208391,0.33037608806864915,0.630170703489267
hi,neither,0.03945320844208391,0.33037608806864915,0.630170703489267
ngl I jacked it to Bebe Rexha,neither,0.056444430974585534,0.31976702168240906,0.6237885473430055
happy new years,neither,0.04371719000014062,0.2231665706206148,0.7331162393792446
HAPPY YEAR OF NEW,neither,0.04363294599273412,0.22540046193739044,0.7309665920698755
Only Epic does things like taht,neither,0.03407941524192465,0.45694081360147737,0.508979771156598
so what now?,neither,0.04911589318242682,0.4006170059886615,0.5502671008289117
"I wouldn't say a replay counts as streaming, but I get it.",neither,0.035206867823514724,0.36220804804635476,0.6025850841301306
It was a dam fine event,neither,0.038205667620141825,0.3324330724910767,0.6293612598887816
!NinjaNewYears,neither,0.03945320844208391,0.33037608806864915,0.630170703489267
He tried to catch it lmao,neither,0.04951649056151118,0.3418813950873213,0.6086021143511675
!NinjaNewYears,neither,0.03945320844208391,0.33037608806864915,0.630170703489267
m ninjaShrug ninjaShrug ninjaShrug ninjaShrug ninjaShrug,neither,0.03945320844208391,0.33037608806864915,0.630170703489267
!sober,neither,0.03945320844208391,0.33037608806864915,0.630170703489267
Did he quit on us?,neither,0.08727763774453179,0.33278283077345483,0.5799395314820135
ninjaPon 17 & a assist,neither,0.03945320844208391,0.33037608806864915,0.630170703489267
ninjaPon,neither,0.03945320844208391,0.33037608806864915,0.630170703489267
!NinjaNewYears,neither,0.03945320844208391,0.33037608806864915,0.630170703489267
rooPog,neither,0.03945320844208391,0.33037608806864915,0.630170703489267
!NinjaNewYears,neither,0.03945320844208391,0.33037608806864915,0.630170703489267
TwitchCop TwitchCop TwitchCop,neither,0.03945320844208391,0.33037608806864915,0.630170703489267
Take it off ninjaCreep ninjaCreep ninjaCreep ninjaCreep,neither,0.03727263506384342,0.3311260872449322,0.6316012776912244
What’s going on,neither,0.04055656154423346,0.38833852883122105,0.5711049096245454
10000000÷3213=3112 bits each .. HELL YHH,offensive_language,0.04185062102015615,0.8115235644056438,0.14662581457420015
ninjaBlast1 ninjaBlast2 ninjaBlast3 ninjaWifey ninjaTube ninjaStars ninjaToxic ninjaK ninjaPog ninjaPopcorn ninjaGold ninjaChug ninjaChocobo ninjaAww ninjaBush ninjaIQ ninjaFan ninjaFood ninjaFan ninjaFan ninjaFan ninjaFan,neither,0.03945320844208391,0.33037608806864915,0.630170703489267
ninjaBlast1 ninjaBlast2 ninjaBlast3 ninjaShield ninjaWifey ninjaTube ninjaStars ninjaThirst ninjaThrow ninjaTilt ninjaToxic ninjaTroll ninjaSplode ninjaSplat ninjaShrug ninjaS ninjaRekt ninjaPrime ninjaK ninjaLlama ninjaNavi ninjaPog ninjaPon ninjaPopcorn ninjaIQ ninjaHype ninjaHS ninjaHmm ninjaHi ninjaH ninjaCry ninjaDance ninjaFail ninjaFan ninjaGold ninjaChug ninjaChocobo ninjaChance ninjaCash ninjaCart ninjaButton ninjaAww ninjaBits ninjaBlank ninjaBlood ninjaBomb ninjaBush ninjaAmazing ninj,neither,0.03945320844208391,0.33037608806864915,0.630170703489267
!NinjaNewYears,neither,0.03945320844208391,0.33037608806864915,0.630170703489267
ninjaClap ninjaClap ninjaClap ninjaClap ninjaClap ninjaClap ninjaClap,neither,0.03945320844208391,0.33037608806864915,0.630170703489267
ninjaFail ninjaCash ninjaButton ninjaCry ninjaDance ninjaBlast1 ninjaBlast3 ninjaShield ninjaWifey ninjaTube ninjaTroll ninjaToxic ninjaTilt ninjaThrow ninjaThirst ninjaStars ninjaSplode ninjaSplat ninjaShrug ninjaS ninjaRekt ninjaPrime ninjaPopcorn ninjaPon ninjaNavi ninjaPog ninjaK ninjaH ninjaHi ninjaHmm ninjaHS ninjaHype ninjaIQ ninjaGold ninjaFail ninjaCry ninjaButton ninjaCart ninjaCash ninjaChance ninjaChocobo ninjaChug ninjaBush ninjaAmazing ninjaFire ninjaCRINJA ninjaCreep ninjaAim ninj,neither,0.03945320844208391,0.33037608806864915,0.630170703489267
!drunk,neither,0.03945320844208391,0.33037608806864915,0.630170703489267
Ninja is completely sober right now. \ MingLee /,neither,0.044482544906504835,0.3416268926575897,0.6138905624359056
ninjaTooth ninjaClap ninjaClap ninjaCreep ninjaFire ninjaBand ninjaRed ninjaBull ninjaAim ninjaAmazing ninjaChug ninjaChocobo ninjaChance ninjaCash ninjaCash ninjaCart ninjaButton ninjaBush ninjaBomb ninjaBlood ninjaBlank ninjaAww ninjaAww ninjaBits ninjaCry ninjaDance ninjaFail ninjaH ninjaHi ninjaGold ninjaHS ninjaPopcorn ninjaGold ninjaChocobo ninjaGold ninjaHmm ninjaHi ninjaPon ninjaRekt ninjaTube ninjaNavi ninjaThirst ninjaWifey ninjaShield ninjaToxic ninjaShrug ninjaShield ninjaSplat ninja,neither,0.03945320844208391,0.33037608806864915,0.630170703489267
thiccer than a box of snickers,neither,0.03905835421431792,0.3370777948012568,0.6238638509844252
@degoldenllama right over 200k,neither,0.03561602658546303,0.3503638658211848,0.6140201075933521
!NinjaNewYears,neither,0.03945320844208391,0.33037608806864915,0.630170703489267
ninjaThirst ninjaSplat,neither,0.03945320844208391,0.33037608806864915,0.630170703489267
Lmao,neither,0.03705015143476208,0.3711622369619404,0.5917876116032975
emot,neither,0.03945320844208391,0.33037608806864915,0.630170703489267
I guess the stream is ending now?,neither,0.04459834651026115,0.3199976195794403,0.6354040339102988
@degoldenllama around 285k,neither,0.03945320844208391,0.33037608806864915,0.630170703489267
250k @DeGoldenLLama,neither,0.03945320844208391,0.33037608806864915,0.630170703489267
dongyPOG asiPOGGERS fusPOG kimiPOGGERS raeWOW chocoPOGGERS rooPog ninjaPog,neither,0.03945320844208391,0.33037608806864915,0.630170703489267
re-run?,neither,0.07149118796751465,0.28479251929595767,0.6437162927365276
that Tim knock was so funny,neither,0.0353067375669608,0.4163932461890364,0.5483000162440028
no highlights @meelad77,neither,0.03848957175417732,0.3467315175537778,0.6147789106920449
LUL,neither,0.03945320844208391,0.33037608806864915,0.630170703489267
!NinjaNewYears,neither,0.03945320844208391,0.33037608806864915,0.630170703489267
LUL,neither,0.03945320844208391,0.33037608806864915,0.630170703489267
that was so funny,neither,0.03287342169488917,0.4683814343987501,0.49874514390636077
Highlights/ Recap,neither,0.03945320844208391,0.33037608806864915,0.630170703489267
