text,top_class,hate_speech,offensive_language,neither
,neither,0.03945320844208391,0.33037608806864915,0.630170703489267
Oh,neither,0.051363287716059566,0.22255663153133606,0.7260800807526044
Pog,neither,0.03945320844208391,0.33037608806864915,0.630170703489267
ninjaHype ninjaHype ninjaHype ninjaHype ninjaHype,neither,0.03945320844208391,0.33037608806864915,0.630170703489267
Yo0o00o,neither,0.03945320844208391,0.33037608806864915,0.630170703489267
yeahhhhh,neither,0.03945320844208391,0.33037608806864915,0.630170703489267
hello there,neither,0.03937036753510788,0.27621722592919734,0.6844124065356949
ninjaHi ninjaHi ninjaHi,neither,0.03945320844208391,0.33037608806864915,0.630170703489267
Look great LUL,neither,0.03931117300234359,0.3062254912883356,0.6544633357093209
we liveee and so blue LUL,neither,0.038498827240643886,0.33474033318572066,0.6267608395736355
YEA,neither,0.03908133164861177,0.3366878077749653,0.624230860576423
Blueman?,neither,0.03945320844208391,0.33037608806864915,0.630170703489267
yea.,neither,0.03908133164861177,0.3366878077749653,0.624230860576423
yes,neither,0.03945320844208391,0.33037608806864915,0.630170703489267
We can hear you,neither,0.06446856302062165,0.3952187175911303,0.5403127193882481
we cazn,neither,0.039025862747262004,0.3376292597931679,0.6233448774595702
game no,neither,0.037133920456869814,0.2845099392101546,0.6783561403329755
we hear you,neither,0.06695848439768794,0.4100304654786806,0.5230110501236314
HolidaySanta,neither,0.03945320844208391,0.33037608806864915,0.630170703489267
Huge twitch logo on right hand of screen,neither,0.037162560687262224,0.3498272543393603,0.6130101849733776
yea,neither,0.03908133164861177,0.3366878077749653,0.624230860576423
,neither,0.03945320844208391,0.33037608806864915,0.630170703489267
we good,neither,0.037966903445868415,0.3357298710444097,0.626303225509722
"@Ninja resulotion is crazy off, we see like half your screen",neither,0.06511066194700804,0.40774275404873395,0.527146584004258
you know what i wanna see? a fortnite mmo Kreygasm,neither,0.07393456805420363,0.38787679177621504,0.5381886401695813
Got to adjust in obs,neither,0.051941394981909104,0.41952527175632603,0.5285333332617648
nice uh bar,neither,0.03945320844208391,0.33037608806864915,0.630170703489267
yeaaa,neither,0.03945320844208391,0.33037608806864915,0.630170703489267
Your title lmao,neither,0.07629029176518723,0.3392576504244244,0.5844520578103883
change title,neither,0.03945320844208391,0.33037608806864915,0.630170703489267
Monitor prob not on the same res,neither,0.035352702590743884,0.33973137876267917,0.6249159186465769
@Ninja your OBS res is ruined lol,neither,0.06583875371040994,0.3684103284018892,0.5657509178877009
TheThing,neither,0.03945320844208391,0.33037608806864915,0.630170703489267
1,neither,0.03945320844208391,0.33037608806864915,0.630170703489267
He’d Guys,neither,0.048673396822365385,0.3303533391011295,0.6209732640765052
it says rerun,neither,0.03705275132076009,0.33120171534708004,0.6317455333321599
super zoomed in,neither,0.03945320844208391,0.33037608806864915,0.630170703489267
hello!!,neither,0.03945320844208391,0.33037608806864915,0.630170703489267
RERUN (NOT LIVE) LUL,neither,0.04251868124802106,0.33365974222872147,0.6238215765232575
!title,neither,0.03945320844208391,0.33037608806864915,0.630170703489267
@AztecanGoddess -> Current Stream Title: RERUN (NOT LIVE) | All merch and apparel at Teamninja.com | Ninja on ALL social medias <3,neither,0.04017645943857533,0.3909641145216044,0.5688594260398203
Hello,neither,0.03945320844208391,0.33037608806864915,0.630170703489267
Also the title says rerun,neither,0.03861696222564833,0.3151053207390597,0.6462777170352919
Stream title boys,neither,0.03945320844208391,0.33037608806864915,0.630170703489267
Hey Guys,neither,0.03929207127355727,0.33311100635304525,0.6275969223733975
hi ninja,neither,0.03945320844208391,0.33037608806864915,0.630170703489267
Rerun,neither,0.03945320844208391,0.33037608806864915,0.630170703489267
hii,neither,0.03945320844208391,0.33037608806864915,0.630170703489267
#scuffed,neither,0.03945320844208391,0.33037608806864915,0.630170703489267
i was about to but yeah james go fix it,neither,0.02757899719392957,0.4401423744749526,0.5322786283311179
Rerun???,neither,0.03945320844208391,0.33037608806864915,0.630170703489267
ninjaS,neither,0.03945320844208391,0.33037608806864915,0.630170703489267
!title LIVE | All merch and apparel at Teamninja.com | Ninja on ALL social medias <3,neither,0.040973817083606395,0.39709252918209664,0.5619336537342969
@Mlsto -> The stream title has been updated to: LIVE | All merch and apparel at Teamninja.com | Ninja on ALL social medias <3,neither,0.043116558101535286,0.3757995402901828,0.5810839016082819
um,neither,0.03945320844208391,0.33037608806864915,0.630170703489267
Where are you?,neither,0.18235154988220573,0.25932092387656086,0.5583275262412335
hey dad,neither,0.03945320844208391,0.33037608806864915,0.630170703489267
Is this live...? ninjaTooth,neither,0.06264826366348325,0.3248039992423424,0.6125477370941744
you got a little something on ya face there,offensive_language,0.03400590365156627,0.6186164948016173,0.3473776015468164
nice pastels,neither,0.03945320844208391,0.33037608806864915,0.630170703489267
screen is cut off,neither,0.0481815863084222,0.3273739986753893,0.6244444150161885
papa,neither,0.03945320844208391,0.33037608806864915,0.630170703489267
That twitch thing is annoying af 😂,neither,0.04238991880274454,0.3602977734210069,0.5973123077762486
yes it’s live,neither,0.0434499397434213,0.3290014289015973,0.6275486313549815
Yo ninja ninjaClap ninjaClap ninjaClap ninjaClap ninjaClap,neither,0.03963661905393089,0.4165653046673816,0.5437980762786875
sup chat,neither,0.03945320844208391,0.33037608806864915,0.630170703489267
Title is Rerun,neither,0.05075285117343298,0.3264896227814124,0.6227575260451547
Yes this is live,neither,0.05676722329408506,0.3263149120615113,0.6169178646444036
what the crap is this?,neither,0.055213567147633674,0.3061687942521045,0.6386176386002618
where is he?,neither,0.07097085400654432,0.26912212030185784,0.6599070256915978
refresh fam title is changed,neither,0.04508454526242269,0.32843921310779167,0.6264762416297855
Oof,neither,0.03945320844208391,0.33037608806864915,0.630170703489267
ninjaCreep ninjaCreep ninjaCreep ninjaCreep ninjaCreep,neither,0.03945320844208391,0.33037608806864915,0.630170703489267
YO,offensive_language,0.04010381111145228,0.5271105317972344,0.4327856570913131
"right click, fit to screen",neither,0.04394193211889367,0.34185137904586904,0.6142066888352373
who's setup is this,neither,0.04885560415791421,0.3975764677949391,0.5535679280471468
this live?,neither,0.04747452290112051,0.33028730873589346,0.6222381683629861
WE LIVE,neither,0.04675156173251523,0.3319383047908141,0.6213101334766706
Ayyee James! GivePLZ,neither,0.03945320844208391,0.33037608806864915,0.630170703489267
@jayflexy in LA,neither,0.03945320844208391,0.33037608806864915,0.630170703489267
We live Bois,neither,0.043823996325729364,0.3313955421409929,0.6247804615332777
NINJAAA,neither,0.03945320844208391,0.33037608806864915,0.630170703489267
Hello,neither,0.03945320844208391,0.33037608806864915,0.630170703489267
ninjaCreep,neither,0.03945320844208391,0.33037608806864915,0.630170703489267
We playing stretched res bois,neither,0.03930199236113756,0.3329426196048325,0.62775538803403
stretch res,neither,0.03945320844208391,0.33037608806864915,0.630170703489267
your screen is all weird,neither,0.09049956651652855,0.3904563976285269,0.5190440358549445
LUL,neither,0.03945320844208391,0.33037608806864915,0.630170703489267
still weird af lol,neither,0.030762586993146063,0.40275173659378927,0.5664856764130648
ninjaBlast1 ninjaBlast2 ninjaBlast3 ninjaBlast3 ninjaBlast3,neither,0.03945320844208391,0.33037608806864915,0.630170703489267
Moar neeng @ninja GivePLZ,neither,0.03945320844208391,0.33037608806864915,0.630170703489267
ninjaPon ninjaPon ninjaPon ninjaPon ninjaPon,neither,0.03945320844208391,0.33037608806864915,0.630170703489267
We back baby,neither,0.039239416830425845,0.3340046896701319,0.6267558934994423
ninjaPon,neither,0.03945320844208391,0.33037608806864915,0.630170703489267
"Tech trouble shooting on Twitch , we saw it live !",neither,0.03937965179458661,0.3390638412134825,0.621556506991931
it's all stretched out,offensive_language,0.03209012373701852,0.5155618210730771,0.45234805518990423
ScuffedkappaPride,neither,0.03945320844208391,0.33037608806864915,0.630170703489267
right click > reset transofrm @Ninja,neither,0.03860234552907268,0.34698075220825536,0.614416902262672
Where are you?,neither,0.18235154988220573,0.25932092387656086,0.5583275262412335
Let’s gooooo daeOmega daeOmega daeOmega,neither,0.023358265737137156,0.36602079466529924,0.6106209395975636
ninjaPon ninjaPon ninjaPon ninjaPon,neither,0.03945320844208391,0.33037608806864915,0.630170703489267
left side is still cut off too,neither,0.040354183623306776,0.37613257545222756,0.5835132409244657
!uptime,neither,0.03945320844208391,0.33037608806864915,0.630170703489267
OUPSSSSIII NINJA !! ninjaHmm ninjaHmm,neither,0.03945320844208391,0.33037608806864915,0.630170703489267
Ninja has been streaming for 4 minutes 12 seconds,neither,0.035901840335972865,0.31163011099587895,0.6524680486681482
ninjaPog,neither,0.03945320844208391,0.33037608806864915,0.630170703489267
@mlsto how did you get mod?,neither,0.06590563728005878,0.4193857342756194,0.5147086284443217
Wtf lmaooo,offensive_language,0.03866168873086394,0.6799912016313618,0.28134710963777426
is this live because it says it a rerun,neither,0.04872718523764499,0.3286389211764622,0.6226338935858929
ninjaHi ninjaHi,neither,0.03945320844208391,0.33037608806864915,0.630170703489267
"first first and first, but I arrived luke 999999999999 years late",neither,0.0278468308472669,0.3179996569160666,0.6541535122366665
I get here and it’s already fucked lmaoo,offensive_language,0.07923048862198796,0.5968738443236196,0.32389566705439243
what did you do you nugget,neither,0.09000283402060069,0.42351244121577647,0.48648472476362287
SETTINGS> VIDEO @Ninja,neither,0.045490824409040925,0.22790198818732152,0.7266071874036375
Impromptu setup? Lol,neither,0.03306814824719986,0.37590171579107423,0.5910301359617259
Kreygasm bigger webcam,neither,0.03945320844208391,0.33037608806864915,0.630170703489267
stretched res btw,neither,0.03945320844208391,0.33037608806864915,0.630170703489267
Looks like You're playing on myths computer,neither,0.08699821371504474,0.3716057008340223,0.541396085450933
Ok nvm,neither,0.03939538406444768,0.33135751866673624,0.6292470972688162
ninjaHi,neither,0.03945320844208391,0.33037608806864915,0.630170703489267
SAVED WOOO,neither,0.03945320844208391,0.33037608806864915,0.630170703489267
Bruh are you real or is this a clone?,offensive_language,0.10201001284120041,0.47135337412539713,0.42663661303340245
Ninja plays stretch res *not clickbait*,neither,0.038410420132940014,0.33428311123201243,0.6273064686350476
"@Ninja I just started streaming, what's the best advice you can give me??",neither,0.04260571372860333,0.37140101841663514,0.5859932678547616
ninjaBlast1 ninjaBlast2 ninjaBlast3 ninjaRekt ninjaRekt,neither,0.03945320844208391,0.33037608806864915,0.630170703489267
i'll take my 5 schmeckles now,neither,0.025717479348916685,0.44047008070652516,0.5338124399445583
@Brodizzleee thanks,neither,0.035884468650613,0.3004919205142699,0.6636236108351171
"Refresh chat, title has been changed",neither,0.0395043006538118,0.32950891989557946,0.6309867794506087
ingame sound is reallllly loud,neither,0.049079995263488,0.3270649946386581,0.6238550100978537
@alan_kanjo lul,neither,0.03945320844208391,0.33037608806864915,0.630170703489267
sound is to loud,neither,0.05805201988905839,0.3221709114650624,0.6197770686458792
He’s back ninjaAdore ninjaAdore ninjaAdore,neither,0.05051617290504041,0.32657102729093723,0.6229127998040224
why is the background all blue. its burning my retinas,neither,0.02558860730964544,0.439759286065652,0.5346521066247026
Game sound loud,neither,0.038750405564487535,0.28711815015088,0.6741314442846326
and loud af,neither,0.0385596522896391,0.2844645967719679,0.6769757509383929
Lagg,neither,0.03945320844208391,0.33037608806864915,0.630170703489267
hey,neither,0.03945320844208391,0.33037608806864915,0.630170703489267
hi,neither,0.03945320844208391,0.33037608806864915,0.630170703489267
Goood daammmmm,neither,0.03945320844208391,0.33037608806864915,0.630170703489267
So loud,neither,0.03940859138782646,0.3968017356237245,0.5637896729884492
might be the game tbh,neither,0.03839737284365123,0.27752856501683626,0.6840740621395125
Sounds are weeeird,neither,0.0838906122364862,0.26114294579197056,0.6549664419715432
My ears bro,neither,0.02744985112808319,0.4246870723175518,0.5478630765543651
@Ninja what are you setting on? EPic or lower?,neither,0.06994081725650171,0.33440639092254726,0.595652791820951
still weirdly loud,neither,0.03826584621316594,0.35052872386187606,0.6112054299249582
@Ninja move camera,neither,0.03945320844208391,0.33037608806864915,0.630170703489267
,neither,0.03945320844208391,0.33037608806864915,0.630170703489267
hi ninja where are you?? ninjaHmm ninjaPon,neither,0.08987829958186816,0.2972254479224209,0.6128962524957109
Temp room? @ninja,neither,0.03945320844208391,0.33037608806864915,0.630170703489267
dad you're back,neither,0.09850989493326008,0.34944352099368453,0.5520465840730553
Sup ninja ninjaHi,neither,0.03945320844208391,0.33037608806864915,0.630170703489267
laggy and loud @Ninja,neither,0.038670145774573395,0.2907968422084552,0.6705330120169714
It’s not loud,neither,0.03590368764480204,0.3375803631992896,0.6265159491559082
still weird sound lol,neither,0.03088842022255068,0.40160920911684483,0.5675023706606046
crunchy,neither,0.03945320844208391,0.33037608806864915,0.630170703489267
Lighting is nice. I like it,neither,0.0570608169953551,0.34248084962447406,0.6004583333801707
Oh no,neither,0.04751210705993949,0.26629718932274826,0.6861907036173122
im blueee dabadee dabadaaaa,neither,0.03732396775172632,0.41122202234291466,0.5514540099053589
hi,neither,0.03945320844208391,0.33037608806864915,0.630170703489267
why is the sound weird,neither,0.0337777426164581,0.32711424629667646,0.6391080110868654
It’s fucked lol,offensive_language,0.029703115803532167,0.878062168011844,0.09223471618462384
trust me the axe isn't that loud,neither,0.031057917257999144,0.37641016088272455,0.5925319218592763
Ninja in California still,neither,0.056253839177128256,0.3376332345922896,0.6061129262305822
Best explanation is Double crunch,neither,0.04445529440828979,0.3230986538241115,0.6324460517675987
missgCOZY k3llyKampai hi,neither,0.03945320844208391,0.33037608806864915,0.630170703489267
WutFace,neither,0.03945320844208391,0.33037608806864915,0.630170703489267
the audio is messed up wtf,offensive_language,0.044655152413191346,0.5303584659456295,0.42498638164117913
Who’s room have you stolen to do this,neither,0.06394462190244614,0.43997860501512753,0.49607677308242637
WutFace,neither,0.03945320844208391,0.33037608806864915,0.630170703489267
WutFace,neither,0.03945320844208391,0.33037608806864915,0.630170703489267
aye what is up,neither,0.05439074057587463,0.38744730393034377,0.5581619554937817
refresh @mymyamerica,neither,0.03945320844208391,0.33037608806864915,0.630170703489267
toldya,neither,0.03945320844208391,0.33037608806864915,0.630170703489267
No like,neither,0.0677606800916562,0.4049125340340464,0.5273267858742973
Hiii,neither,0.03945320844208391,0.33037608806864915,0.630170703489267
"game sound is duplicated, i think it's capping both desktop and the app",neither,0.04316367249040886,0.25238304688521146,0.7044532806243797
@mymyamerica no it doesn't....,neither,0.03613645116012894,0.3523422970837498,0.6115212517561213
It’s laggy on ours too.,neither,0.03478330644552163,0.349950343113988,0.6152663504404903
Sooo loud lol,neither,0.03160326191987938,0.38737931377291235,0.5810174243072082
@Ninja its almost like we can hear every sound twice...,neither,0.04168836071779565,0.34053226008386706,0.6177793791983374
Maria alexalHug satLOVE satR2,neither,0.03945320844208391,0.33037608806864915,0.630170703489267
100 frames,neither,0.03945320844208391,0.33037608806864915,0.630170703489267
sound is echoy,neither,0.05372890563841899,0.32546602118213314,0.620805073179448
@ninja where are you?,neither,0.10468637579872563,0.29013759528890865,0.6051760289123658
Audio is whack,neither,0.046488290033299406,0.32795640091152495,0.6255553090551756
fix sound lmao,neither,0.03843214579405002,0.34770618596695124,0.6138616682389987
Ninja is broken,neither,0.04746406043191003,0.3276207887269032,0.6249151508411868
the sound is like laggy and echoing,neither,0.06668884960124681,0.27087459728652474,0.6624365531122284
it's an echo,neither,0.038294612075098156,0.32520471616074026,0.6365006717641615
OOOOOOOF,neither,0.03945320844208391,0.33037608806864915,0.630170703489267
garbage,neither,0.03945320844208391,0.33037608806864915,0.630170703489267
FIX THE SOUND,neither,0.03850152234955141,0.3129403796867445,0.6485580979637041
IT SOUNDS LAGGY,neither,0.03729036240041516,0.3311199900009874,0.6315896475985974
Hi y’all ninjaAdore ninjaH,neither,0.0423466876598404,0.4436528871510691,0.5140004251890904
just kidding,neither,0.033568885735065467,0.35851818951207876,0.6079129247528559
Mic is quiet and gameaudio is loud,neither,0.05218043129594166,0.29511117623975547,0.6527083924643029
Tooooo loud,neither,0.03945320844208391,0.33037608806864915,0.630170703489267
where is ninja streaming from?,neither,0.04847694214302463,0.28879845909505375,0.6627245987619217
i'm the goddamn walrus and uou can't say SHIT about it,offensive_language,0.04919426155124528,0.9149198995672966,0.03588583888145816
Cerb GivePLZ <3,neither,0.03945320844208391,0.33037608806864915,0.630170703489267
where is he,neither,0.07097085400654432,0.26912212030185784,0.6599070256915978
SOUNDS LAGGY,neither,0.03945320844208391,0.33037608806864915,0.630170703489267
Wonder how many subs be lost,neither,0.03980962654486493,0.3333606873740897,0.6268296860810455
hi,neither,0.03945320844208391,0.33037608806864915,0.630170703489267
@ninja hope you are having the best day ever ninjaBlast1 ninjaBlast2 ninjaBlast3 ninjaBlast3 ninjaBlast3 ninjaBlast3,neither,0.11814799003641949,0.2074673285562346,0.674384681407346
Sup @ninja How’s is it going ?,neither,0.04327757156530514,0.35106103713515485,0.6056613912995401
@Ninja view distance is on epic make that low,neither,0.03989811987454003,0.36142106181612704,0.5986808183093328
it sounds like the sounds are doubled @Ninja,neither,0.06317837601685117,0.29849023415982373,0.6383313898233252
Audio is duplicated,neither,0.04912624121044723,0.3270490885368631,0.6238246702526896
this pick ax gives me a headache ninjaCry,neither,0.0372253438328536,0.30605568260509525,0.6567189735620513
In game audio is like echoing its weird,neither,0.048134869981525566,0.30788576007948915,0.6439793699389854
audio is duped,neither,0.04912624121044723,0.3270490885368631,0.6238246702526896
ninjaCRINJA ninjaCRINJA ninjaCRINJA ninjaCRINJA,neither,0.03945320844208391,0.33037608806864915,0.630170703489267
!uptime,neither,0.03945320844208391,0.33037608806864915,0.630170703489267
Ninja has been streaming for 6 minutes 45 seconds,neither,0.035984600059225234,0.31206755396997676,0.6519478459707979
yooooo whats good ninja!!!,neither,0.03897827304226258,0.3305394401310966,0.6304822868266408
@ninja we missed you buddy !!!!,neither,0.0526138233028293,0.370539348321472,0.5768468283756987
DUP SOUND,neither,0.03945320844208391,0.33037608806864915,0.630170703489267
where you streaming from?,neither,0.060887918224294915,0.3260562672157147,0.6130558145599904
yes,neither,0.03945320844208391,0.33037608806864915,0.630170703489267
yes,neither,0.03945320844208391,0.33037608806864915,0.630170703489267
we can hear muysic,neither,0.039618712217895674,0.3275670570626875,0.6328142307194169
yes,neither,0.03945320844208391,0.33037608806864915,0.630170703489267
yes,neither,0.03945320844208391,0.33037608806864915,0.630170703489267
Yes,neither,0.03945320844208391,0.33037608806864915,0.630170703489267
I can,neither,0.04033449801857472,0.31541830397308185,0.6442471980083434
Well come back bro missed you,neither,0.05255294561426194,0.3981345076250187,0.5493125467607193
@hunterbass_ if he doesn't care we shouldn't either.,neither,0.028557891194990328,0.3744887061504091,0.5969534026546006
audio is echoing,neither,0.04912624121044723,0.3270490885368631,0.6238246702526896
@Ninja yes we can,neither,0.03957203750705499,0.32835924871694255,0.6320687137760026
yes,neither,0.03945320844208391,0.33037608806864915,0.630170703489267
yes,neither,0.03945320844208391,0.33037608806864915,0.630170703489267
yes,neither,0.03945320844208391,0.33037608806864915,0.630170703489267
yea alittle,neither,0.03908133164861177,0.3366878077749653,0.624230860576423
yes,neither,0.03945320844208391,0.33037608806864915,0.630170703489267
Yessir,neither,0.03945320844208391,0.33037608806864915,0.630170703489267
i can't hear you over the sound of my walrus roars,neither,0.03794204587071898,0.41595811245018827,0.5460998416790928
yes,neither,0.03945320844208391,0.33037608806864915,0.630170703489267
yes,neither,0.03945320844208391,0.33037608806864915,0.630170703489267
its just duplicated,neither,0.023043452946787498,0.3722534179844616,0.604703129068751
yes,neither,0.03945320844208391,0.33037608806864915,0.630170703489267
everything sounds good,neither,0.038726514954915234,0.33062603128185414,0.6306474537632306
yep yep,neither,0.03945320844208391,0.33037608806864915,0.630170703489267
"yah, we can hear it",neither,0.03817173423664544,0.32883672786065327,0.6329915379027012
yes,neither,0.03945320844208391,0.33037608806864915,0.630170703489267
no echo for me,neither,0.026794240878022686,0.3526029744905928,0.6206027846313845
yes,neither,0.03945320844208391,0.33037608806864915,0.630170703489267
Yes,neither,0.03945320844208391,0.33037608806864915,0.630170703489267
yes music,neither,0.03945320844208391,0.33037608806864915,0.630170703489267
Im not,neither,0.03538113873388505,0.40243864917510247,0.5621802120910123
Yed,neither,0.03945320844208391,0.33037608806864915,0.630170703489267
You had a pc fitted in your hotel room ?,neither,0.07278752199773382,0.3542578013909062,0.5729546766113599
YES,neither,0.03945320844208391,0.33037608806864915,0.630170703489267
fortnite music anyway,neither,0.03945320844208391,0.33037608806864915,0.630170703489267
Yes to music,neither,0.04860369665740501,0.3250862278105316,0.6263100755320634
Yes,neither,0.03945320844208391,0.33037608806864915,0.630170703489267
Yes,neither,0.03945320844208391,0.33037608806864915,0.630170703489267
Yes,neither,0.03945320844208391,0.33037608806864915,0.630170703489267
everything sound good to me,neither,0.03725634047865897,0.36816290351412473,0.5945807560072163
Yes,neither,0.03945320844208391,0.33037608806864915,0.630170703489267
not duplicated,neither,0.03554889144452836,0.3454295093440936,0.619021599211378
Yes,neither,0.03945320844208391,0.33037608806864915,0.630170703489267
yes,neither,0.03945320844208391,0.33037608806864915,0.630170703489267
Yes,neither,0.03945320844208391,0.33037608806864915,0.630170703489267
echo while playing,neither,0.03945320844208391,0.33037608806864915,0.630170703489267
Yes,neither,0.03945320844208391,0.33037608806864915,0.630170703489267
Yes,neither,0.03945320844208391,0.33037608806864915,0.630170703489267
UT ITS DUP,neither,0.03266664412200374,0.33271029874032065,0.6346230571376755
Yes,neither,0.03945320844208391,0.33037608806864915,0.630170703489267
Yes it’s duplicated,neither,0.0370017830158987,0.3312192456843042,0.6317789712997971
Yes,neither,0.03945320844208391,0.33037608806864915,0.630170703489267
Ya,offensive_language,0.017331157930923866,0.7872544665869478,0.19541437548212848
Music is gone now,neither,0.04927091174837424,0.32877341082033906,0.6219556774312868
Yes,neither,0.03945320844208391,0.33037608806864915,0.630170703489267
!uptime,neither,0.03945320844208391,0.33037608806864915,0.630170703489267
yes,neither,0.03945320844208391,0.33037608806864915,0.630170703489267
its like playing twice with almost no delay,neither,0.032142244089193195,0.38818403410954433,0.5796737218012624
move camera,neither,0.03945320844208391,0.33037608806864915,0.630170703489267
where is he streaming from? why does it looks diff?,neither,0.031179583876758232,0.3934181963355818,0.57540221978766
Where are you ty?,neither,0.1035120372678909,0.2906773864517393,0.6058105762803697
Yes,neither,0.03945320844208391,0.33037608806864915,0.630170703489267
YES BUT ITS DUP,neither,0.027952891018943195,0.34612764249310723,0.6259194664879496
It’s good!,neither,0.035241891898628426,0.33182455294040103,0.6329335551609706
It is duplicated,neither,0.059603583318096655,0.32344545014120724,0.616950966540696
its perfect,neither,0.03141670710795848,0.33314020939606576,0.6354430834959758
yay!,neither,0.03945320844208391,0.33037608806864915,0.630170703489267
all good,offensive_language,0.042287141387680284,0.4966367058223186,0.461076152790001
The game audio is duped not your mic,neither,0.06840702830068389,0.2807624037709669,0.6508305679283491
I just dont have sound,neither,0.033674849050034844,0.3655691770300399,0.6007559739199252
Yea,neither,0.03908133164861177,0.3366878077749653,0.624230860576423
I hejar,neither,0.03945320844208391,0.33037608806864915,0.630170703489267
perfecto ninja,neither,0.03945320844208391,0.33037608806864915,0.630170703489267
how 2 duplicate cash,neither,0.03945320844208391,0.33037608806864915,0.630170703489267
CHANGE TITLE!!!!!!!!,neither,0.03945320844208391,0.33037608806864915,0.630170703489267
Where you at TY?!,neither,0.05991526226693596,0.37496370077682617,0.5651210369562379
@ninja everything is working,neither,0.046853201207739226,0.32783089122541337,0.6253159075668475
He’s in California,neither,0.07753212504875573,0.31727900251595015,0.6051888724352942
So glad you're streaming,neither,0.07629891906975364,0.38890884394391634,0.5347922369863299
ninjaFail,neither,0.03945320844208391,0.33037608806864915,0.630170703489267
Where are you streaming from thats not the stream room lol,neither,0.06092422637608706,0.32462018699111833,0.6144555866327945
I see that lag,neither,0.03550269877097845,0.3733583699894555,0.5911389312395661
Looks laggy,neither,0.03945320844208391,0.33037608806864915,0.630170703489267
we good ninj,neither,0.037966903445868415,0.3357298710444097,0.626303225509722
"All good, where are you streaming from?",neither,0.09268887715342272,0.3519677349227207,0.5553433879238565
YIkes on that lag,neither,0.032526764793788646,0.3893705908682024,0.5781026443380088
Where is ninja streaming from?,neither,0.04847694214302463,0.28879845909505375,0.6627245987619217
tfueTH,neither,0.03945320844208391,0.33037608806864915,0.630170703489267
change the title to fortnite,neither,0.04565522762654243,0.30932965869255763,0.6450151136808999
@mikey_datablend refresh,neither,0.03945320844208391,0.33037608806864915,0.630170703489267
ok sound is fixed but yeah still a bit laggy video,neither,0.03303632385547842,0.3609617219164052,0.6060019542281163
OKAY,neither,0.03945320844208391,0.33037608806864915,0.630170703489267
Dawg,neither,0.03945320844208391,0.33037608806864915,0.630170703489267
"seems better already, no more duplication/echo",neither,0.039407268116468275,0.3467613397935069,0.6138313920900249
Sounds better,neither,0.03945320844208391,0.33037608806864915,0.630170703489267
@Ninja you have to change the game to fortnite,neither,0.06544604804382621,0.31415550007149046,0.6203984518846832
"audio from game is duplicated, audio from voice is not",neither,0.047483236052234756,0.292068733099009,0.6604480308487564
Gameplay is laggy.,neither,0.081172750358939,0.3160268245287109,0.60280042511235
which servers?,neither,0.03945320844208391,0.33037608806864915,0.630170703489267
title is changed! refrest your thing silly,neither,0.07176847117576923,0.32078862616048226,0.6074429026637486
IT IS LAGGY,neither,0.059603583318096655,0.32344545014120724,0.616950966540696
@ninja just go home!! tatRoad tatRoad,neither,0.03611105354097485,0.35522241503274143,0.6086665314262837
tfueTH tfueTH tfueTH tfueTH tfueTH tfueTH tfueTH tfueTH tfueTH tfueTH tfueTH tfueTH,neither,0.03945320844208391,0.33037608806864915,0.630170703489267
who's pc are you playing on?,neither,0.08450169673427836,0.410005237622028,0.5054930656436936
very laggy,neither,0.03945320844208391,0.33037608806864915,0.630170703489267
hi ninja,neither,0.03945320844208391,0.33037608806864915,0.630170703489267
Omg the lagg,neither,0.03799319295305244,0.3031937689918349,0.6588130380551126
just disable video and stream sound only,neither,0.03911455443247199,0.23981118494719914,0.7210742606203289
I need better wifi,neither,0.03925899447735765,0.32874976533221684,0.6319912401904255
he knows its laggy,neither,0.03786341841881033,0.3309228897584323,0.6312136918227573
stream is very laggy,neither,0.047722630399330626,0.3275318546582256,0.6247455149424438
welcome to the west coast struggle!,neither,0.04356187248261727,0.3158990823233712,0.6405390451940116
DO YOU HAVE MC DONALS WIFI??,neither,0.05474020945107867,0.3784529713516321,0.5668068191972891
vsync off?,neither,0.03945320844208391,0.33037608806864915,0.630170703489267
Are you on east or west,neither,0.08216942047365797,0.34112181613803416,0.5767087633883079
what the garbage is this,neither,0.05615214634649787,0.304961094480584,0.6388867591729182
Hotel prob bad upload speed,neither,0.03728551462801587,0.3311216573722131,0.6315928279997711
I have no sound change it back,neither,0.03679931380221816,0.3531896556112007,0.6100110305865811
@Ninja come on man,neither,0.03511682759722341,0.43358081339489474,0.5313023590078818
GUYS CHILL OUT HE IS trying to fix iT!!,neither,0.050674350725369306,0.3380805987678498,0.6112450505067809
DADDY,neither,0.03945320844208391,0.33037608806864915,0.630170703489267
"Chat, refresh n stop yelling ffs",neither,0.03940211747994191,0.3872251042345975,0.5733727782854606
not lagging for me,neither,0.026426833028164752,0.34375987746909087,0.6298132895027444
sometimes the res has a lot to do w? it,neither,0.04550963571311658,0.30437039091541523,0.6501199733714682
Did you change your server,neither,0.1288326623317195,0.37726853219788437,0.4938988054703961
you know how to do it,neither,0.07989461838211216,0.391819684362891,0.5282856972549969
!title,neither,0.03945320844208391,0.33037608806864915,0.630170703489267
@AztecanGoddess -> Current Stream Title: LIVE | All merch and apparel at Teamninja.com | Ninja on ALL social medias <3,neither,0.04079553706469089,0.3894584200465858,0.5697460428887233
Guys chill he knows it is laggy.,neither,0.051348231301008684,0.3280687005902001,0.6205830681087913
fuck me,offensive_language,0.19793785541251727,0.8020621325935572,1.1993925607505116e-08
hamz8,neither,0.03945320844208391,0.33037608806864915,0.630170703489267
ninjaAww,neither,0.03945320844208391,0.33037608806864915,0.630170703489267
cheer500,neither,0.03945320844208391,0.33037608806864915,0.630170703489267
No title and No game,neither,0.036986927406981125,0.28496868410525045,0.6780443884877685
"Guarantee your PC gaming performance with BLD by NZXT. The simplest way to get a customized gaming PC. Choose the games you want to play, set a budget, and BLD takes care of the rest. Built and shipped within 48 hours with a 2-year warranty. https://nzxt.co/Ninja ninja10 ninja10",neither,0.046024978110057846,0.33494880951390904,0.6190262123760332
When are you going to get home @ninja,neither,0.072096674356214,0.3993011229599631,0.5286022026838229
sound is for sure better tho,neither,0.03211068933788464,0.425509104278891,0.5423802063832244
the game drops down to 30 fps monkaS,neither,0.043879814539425445,0.27942483621977215,0.6766953492408023
Where are you though?,neither,0.12800953402753606,0.28002391321474823,0.5919665527577157
ninja,neither,0.03945320844208391,0.33037608806864915,0.630170703489267
Where you @ Ty??,neither,0.06303948153015802,0.3479262393695871,0.589034279100255
why isn’t he home,neither,0.03197905855820898,0.34588014253881955,0.6221407989029715
When will next stream be in Chicago,neither,0.032770613011513273,0.3617990329628244,0.6054303540256624
He’s in California,neither,0.07753212504875573,0.31727900251595015,0.6051888724352942
what are the specs of the pc?,neither,0.07133073646698848,0.25187965154524256,0.676789611987769
SEA OF THIEVESSSSSSSS,neither,0.03945320844208391,0.33037608806864915,0.630170703489267
Go to REdbull studios @Ninja,neither,0.049185794017234434,0.330377301776001,0.6204369042067646
now he knows the struggle of the poor folk LUL,neither,0.04699012743618934,0.3083311875976345,0.6446786849661762
@Ninja i know what u can play =),neither,0.04499093458006477,0.32217633885572866,0.6328327265642066
Vacationing in Chicago winter LUL,neither,0.03945320844208391,0.33037608806864915,0.630170703489267
did you get bags back?,neither,0.0566181353184411,0.39030515669747173,0.5530767079840873
Imagine endgame LUL,neither,0.03945320844208391,0.33037608806864915,0.630170703489267
Ninja do more reruns plz they are cool,neither,0.06181431500475581,0.28814714662089974,0.6500385383743443
ears are bleeding,neither,0.06319570091176241,0.28858234559079476,0.6482219534974429
Or just go home and get back to streaming.....,neither,0.040629860110256044,0.32212440933620123,0.6372457305535427
@wizz09 omg lol,neither,0.028153223926309316,0.41615248093853685,0.5556942951351538
chat ru srs sea of thieves would not run LUL,neither,0.03818182587542682,0.3300797172364111,0.6317384568881622
ninjaTroll ninjaBlast1 ninjaWifey ninjaShield,neither,0.03945320844208391,0.33037608806864915,0.630170703489267
LUL,neither,0.03945320844208391,0.33037608806864915,0.630170703489267
play resident evil 2,neither,0.03945320844208391,0.33037608806864915,0.630170703489267
this is how I play daily ninjaCart,neither,0.04800161388523194,0.32905308296424435,0.6229453031505238
Looks like when I play on my Switch haha,offensive_language,0.025847615627649003,0.5013269052917844,0.4728254790805667
when you got shot the frames drop to 20,neither,0.05614826233260167,0.43095988773435245,0.5128918499330459
LUL LUL LUL,neither,0.03945320844208391,0.33037608806864915,0.630170703489267
ping?,neither,0.03945320844208391,0.33037608806864915,0.630170703489267
"@ees_shiftycity0057 should have been today but airport problems, then he's off to the superbowl for a few days either starting tomorrow or tonight",neither,0.042502321399360034,0.3114231155394199,0.64607456306122
um hmm,neither,0.03945320844208391,0.33037608806864915,0.630170703489267
Ninja has returned yasssssss,neither,0.039922148910320046,0.3224169444855826,0.6376609066040974
Give me my computer back the.,neither,0.023014492118148756,0.4288788230658361,0.5481066848160152
You on AOL dial up?,neither,0.05104083691815582,0.4704379385313526,0.4785212245504915
We would watch a JUST CHATTING also,neither,0.03930147110404437,0.3471247039209792,0.6135738249749764
Hello,neither,0.03945320844208391,0.33037608806864915,0.630170703489267
Ff it is,neither,0.04723366793074807,0.32770003127283975,0.6250663007964122
restart computer,neither,0.03945320844208391,0.33037608806864915,0.630170703489267
what are the pc specw,neither,0.0775010044098089,0.25831276591043434,0.6641862296797567
Go but a better pc lul,neither,0.037758898838750714,0.34112236347051544,0.6211187376907338
I'm so glad you didn't say the second name!,neither,0.03682007102624997,0.429487948149383,0.5336919808243669
SEA OF THIEVES!!!!!,neither,0.03945320844208391,0.33037608806864915,0.630170703489267
ninjaBlast1 ninjaBlast2 ninjaBlast3 ninjaBlast3,neither,0.03945320844208391,0.33037608806864915,0.630170703489267
sup ninj,neither,0.03945320844208391,0.33037608806864915,0.630170703489267
darius slay had a good pro bowl,neither,0.03897279457383094,0.3305413244276087,0.6304858809985603
Audio sounds doubled,neither,0.03945320844208391,0.33037608806864915,0.630170703489267
"60 fps,welcome to console",neither,0.044822239188104206,0.32721951256005427,0.6279582482518415
,neither,0.03945320844208391,0.33037608806864915,0.630170703489267
ninjaPon,neither,0.03945320844208391,0.33037608806864915,0.630170703489267
Better then nothing,neither,0.036163129829197595,0.3862173085502917,0.5776195616205108
ninjaPon,neither,0.03945320844208391,0.33037608806864915,0.630170703489267
SotT,neither,0.03945320844208391,0.33037608806864915,0.630170703489267
@AztecanGoddess now we will see how good he us Kappa,neither,0.0740191883298507,0.3081075635124423,0.6178732481577072
ninjaHi ninjaHi ninjaHi ninjaHi ninjaHi,neither,0.03945320844208391,0.33037608806864915,0.630170703489267
Anne Frank ooooooof,neither,0.03945320844208391,0.33037608806864915,0.630170703489267
Sot,neither,0.03945320844208391,0.33037608806864915,0.630170703489267
ninjaBlast1 ninjaBlast2 ninjaBlast3,neither,0.03945320844208391,0.33037608806864915,0.630170703489267
resident evil 2 ;),neither,0.03945320844208391,0.33037608806864915,0.630170703489267
SoT,neither,0.03945320844208391,0.33037608806864915,0.630170703489267
@Ninja sucks man sorry thats happening,neither,0.03952651445668227,0.37189743504445283,0.588576050498865
Poor Hellen Keller lol,neither,0.03377708951335639,0.3704945613860352,0.5957283491006083
........,neither,0.03945320844208391,0.33037608806864915,0.630170703489267
You so sexy!,offensive_language,0.06857141140312227,0.491358171178359,0.44007041741851877
nininiiniinininininja,neither,0.03945320844208391,0.33037608806864915,0.630170703489267
go to TSM house,neither,0.04718107167203032,0.33041390642298113,0.6224050219049886
missed ya ninja,offensive_language,0.026567009150247265,0.5585346936168419,0.41489829723291083
the super bowl is Sunday @brodizzleee,neither,0.04554277613239563,0.31433398724662565,0.6401232366209787
Big Play Slay,neither,0.024014808601025367,0.3937674031451894,0.5822177882537852
sot,neither,0.03945320844208391,0.33037608806864915,0.630170703489267
CHANGE title,neither,0.03945320844208391,0.33037608806864915,0.630170703489267
sot aint gunna run fam lol,neither,0.03382190542204473,0.44204098467802383,0.5241371098999315
@mymyamerica a rerun is just the live content on another day,neither,0.08400988420520772,0.2705612526547672,0.6454288631400249
Yo Ty where you at brother,neither,0.055665509582674626,0.4340212157477315,0.5103132746695938
just join me for some nice relaxing overwatch LUL,neither,0.025084768028276947,0.356342530619525,0.6185727013521981
@ninja where are you ringt now,neither,0.0978266036289704,0.29334171465664,0.6088316817143895
@Ninja ayyee lesat u got the resub!,neither,0.03687882662702926,0.3640245781215137,0.5990965952514571
@wizz09 I’m dying lolololll shhiieetttt Kappa,neither,0.03945320844208391,0.33037608806864915,0.630170703489267
that stasch though,neither,0.033031844838705395,0.4009539480088138,0.5660142071524806
ninjaS ninjaHi ninjaHmm ninjaBlast1 ninjaBlast2 ninjaBlast3,neither,0.03945320844208391,0.33037608806864915,0.630170703489267
!uptime,neither,0.03945320844208391,0.33037608806864915,0.630170703489267
Ninja has been streaming for 9 minutes 43 seconds,neither,0.0360345779618468,0.3123317160148309,0.6516337060233222
hey dad,neither,0.03945320844208391,0.33037608806864915,0.630170703489267
"@ees_shiftycity0057 ye and he said he was going out for a few days, not just sunday",neither,0.03471058566908795,0.3300265252652863,0.6352628890656258
ninjaRare,neither,0.03945320844208391,0.33037608806864915,0.630170703489267
