text,top_class,hate_speech,offensive_language,neither
@Kemli OMEGALUL,neither,0.03945320844208391,0.33037608806864915,0.630170703489267
ninjaLlama ninjaLlama ninjaCry,neither,0.03945320844208391,0.33037608806864915,0.630170703489267
WE BACK,neither,0.039166053543719236,0.33524985610846453,0.6255840903478163
ninja where are you? ninjaBlank,neither,0.10468637579872563,0.29013759528890865,0.6051760289123658
what,neither,0.057770773616808734,0.3180719994247239,0.6241572269584672
we back!,neither,0.039166053543719236,0.33524985610846453,0.6255840903478163
we back,neither,0.039166053543719236,0.33524985610846453,0.6255840903478163
hi ninja!,neither,0.03945320844208391,0.33037608806864915,0.630170703489267
We back,neither,0.039166053543719236,0.33524985610846453,0.6255840903478163
we droppin bois,neither,0.03932272667537138,0.33259070418003633,0.6280865691445923
saved ? looks better,neither,0.03945320844208391,0.33037608806864915,0.630170703489267
hello ninja i missed you,neither,0.05355868726153182,0.3704585512613229,0.5759827614771452
LFGD,neither,0.03945320844208391,0.33037608806864915,0.630170703489267
Hey stranger,neither,0.03945320844208391,0.33037608806864915,0.630170703489267
ninjaH ninjaH,neither,0.03945320844208391,0.33037608806864915,0.630170703489267
Refresh dudes,neither,0.03945320844208391,0.33037608806864915,0.630170703489267
No title?,neither,0.038391190278684685,0.34840130794807905,0.6132075017732364
Hi chat :),neither,0.03945320844208391,0.33037608806864915,0.630170703489267
better?,neither,0.03945320844208391,0.33037608806864915,0.630170703489267
is he blue to hide the color of his hair or somthing?,neither,0.0724514230963067,0.3143342552388935,0.6132143216647998
feels good to me,neither,0.03701592311987436,0.3722965897655982,0.5906874871145273
eh still looks laggy,neither,0.038520633944857746,0.34620431111207295,0.6152750549430693
Hi,neither,0.03945320844208391,0.33037608806864915,0.630170703489267
ninjaCry,neither,0.03945320844208391,0.33037608806864915,0.630170703489267
BETTER NINJ,neither,0.03945320844208391,0.33037608806864915,0.630170703489267
how have you been?,neither,0.06531784583971305,0.42884799896795867,0.5058341551923283
where have you been ? @ninja,neither,0.057727447274393974,0.3597617077824938,0.5825108449431122
welcome back,neither,0.03945320844208391,0.33037608806864915,0.630170703489267
Sup,neither,0.03945320844208391,0.33037608806864915,0.630170703489267
I might have a change to kill him now that he's on a sub par machine ninjaHype,neither,0.18874726981262888,0.29054072999648,0.5207120001908913
way better mate,neither,0.039560176847476695,0.33127182772370123,0.6291679954288221
ninjaHype,neither,0.03945320844208391,0.33037608806864915,0.630170703489267
Pog saved,neither,0.03945320844208391,0.33037608806864915,0.630170703489267
Ninja is back! ninjaPog ninjaH ninjaPog ninjaH,neither,0.04897984767815588,0.3270994399855818,0.6239207123362623
ninjaHype ninjaCreep ninjaButton ninjaButton ninjaCreep,neither,0.03945320844208391,0.33037608806864915,0.630170703489267
he is back,neither,0.06762386238615045,0.3206869083949745,0.611689229218875
whats wrong?,neither,0.03945320844208391,0.33037608806864915,0.630170703489267
Stream looks good,neither,0.038814523809668315,0.3305957610010055,0.6305897151893262
What's wrong?,neither,0.04899142407204287,0.3236904902181829,0.6273180857097741
go to the tsm house,neither,0.04602285410547021,0.31513464347240355,0.6388425024221261
!uptime,neither,0.03945320844208391,0.33037608806864915,0.630170703489267
Ninja has been streaming for 1 minute 8 seconds,neither,0.03567051572732699,0.31040734143031035,0.6539221428423627
that pick axe is annoying,neither,0.04680380950421905,0.29899977294189284,0.654196417553888
Hi,neither,0.03945320844208391,0.33037608806864915,0.630170703489267
Where you streaming from bro?,neither,0.058303400474614936,0.326174944880597,0.615521654644788
Where are you,neither,0.18235154988220573,0.25932092387656086,0.5583275262412335
FortOne FortOne,neither,0.03945320844208391,0.33037608806864915,0.630170703489267
monkaS,neither,0.03945320844208391,0.33037608806864915,0.630170703489267
Still having issues?,neither,0.038518019083156906,0.3462486921393815,0.6152332887774616
Go see Myth,neither,0.04065348719974561,0.33454153760424593,0.6248049751960083
Hello,neither,0.03945320844208391,0.33037608806864915,0.630170703489267
He’s in California,neither,0.07753212504875573,0.31727900251595015,0.6051888724352942
ninja is cool,neither,0.048301766158940024,0.3273326633138767,0.6243655705271832
Hey ninja!,neither,0.03945320844208391,0.33037608806864915,0.630170703489267
"He's in the blue room, shhh",neither,0.0429948226860144,0.31603150519248246,0.6409736721215031
this looks a lot better,neither,0.03934720091246917,0.33217531250381793,0.6284774865837129
Stream from the FaZe House,neither,0.039550557803799555,0.3043025256055539,0.6561469165906467
How is is just so smooth though?,neither,0.04898393886828332,0.37993542219277476,0.5710806389389419
ninjaPopcorn ninjaPopcorn ninjaPopcorn,neither,0.03945320844208391,0.33037608806864915,0.630170703489267
joyySIP,neither,0.03945320844208391,0.33037608806864915,0.630170703489267
Hello there! ninjaAdore,neither,0.03937036753510788,0.27621722592919734,0.6844124065356949
DAD :),neither,0.03945320844208391,0.33037608806864915,0.630170703489267
Chat stop asking where he is... he’s not going to say.,neither,0.05797736318564312,0.37307810303855793,0.568944533775799
!uptime,neither,0.03945320844208391,0.33037608806864915,0.630170703489267
Ninja has been streaming for 1 minute 44 seconds,neither,0.03604687128987842,0.3123966926018067,0.6515564361083149
ninjaCreep ninjaClap ninjaCreep ninjaClap ninjaCreep ninjaClap ninjaCreep ninjaClap ninjaCreep ninjaClap ninjaCreep ninjaClap ninjaCreep ninjaClap ninjaCreep ninjaClap ninjaCreep ninjaClap ninjaCreep ninjaClap ninjaCreep ninjaClap ninjaCreep ninjaClap ninjaCreep,neither,0.03945320844208391,0.33037608806864915,0.630170703489267
Glad to have you back,neither,0.07224910032081668,0.3947698421231512,0.5329810575560322
not bad for us,neither,0.0724282350407074,0.29205775942730855,0.6355140055319839
Bruh you're really not going to be streaming for another week after today? @ninja,neither,0.08815608113918008,0.2817125754095174,0.6301313434513024
Change pickaxe please,neither,0.03945320844208391,0.33037608806864915,0.630170703489267
!uptime,neither,0.03945320844208391,0.33037608806864915,0.630170703489267
shows you are playing FF,neither,0.08188681584867097,0.3277727326444517,0.5903404515068773
@spappygram ninjaHi,neither,0.03945320844208391,0.33037608806864915,0.630170703489267
where is he tho?,neither,0.05582124085804478,0.2932541146475118,0.6509246444944434
@ninja this looks good Whatever you did,neither,0.05177487789714676,0.3692351353111389,0.5789899867917143
k3llyPOP,neither,0.03945320844208391,0.33037608806864915,0.630170703489267
i'm blu aba de aba da,offensive_language,0.08854927099752408,0.48896962648421854,0.4224811025182574
sup ninja,neither,0.03945320844208391,0.33037608806864915,0.630170703489267
At iD Tech camps you can learn all about how games are made and start building your own game future this summer. Check it out: www.idtech.com/fortnite #ad,neither,0.07849295833611333,0.3389748549213327,0.5825321867425539
He’s slipping on views,neither,0.04151260558023152,0.3407598895571529,0.6177275048626156
Way better,neither,0.03961441507330302,0.3317260116438402,0.6286595732828569
the audio is still acting weiird... it mutes everytime you are not making a sound,neither,0.06733463895560293,0.32098069852375954,0.6116846625206375
ceezMT ceezMT ceezMT,neither,0.03945320844208391,0.33037608806864915,0.630170703489267
hi,neither,0.03945320844208391,0.33037608806864915,0.630170703489267
@mikey_datablend He is at the Twitch Office,neither,0.049669007956443266,0.3324114251903525,0.6179195668532044
@Ninja turn on visual cues for audio! will,neither,0.034010432039523746,0.300342144241087,0.6656474237193892
Hangs pick axe,neither,0.04304036367256819,0.26949270207817866,0.6874669342492533
ninjaFan ninjaFan ninjaFan ninjaFan ninjaFan ninjaFan ninjaFan ninjaFan ninjaFan ninjaFan ninjaFan ninjaFan ninjaFan ninjaBlood ninjaBlood ninjaBlood ninjaBlood ninjaBlood ninjaBlood ninjaBlood ninjaBlood ninjaBlood ninjaBush ninjaBush ninjaBush ninjaBush ninjaBush ninjaBush ninjaBush ninjaBush ninjaBush ninjaBush ninjaBush ninjaTube ninjaTube ninjaTube ninjaTube ninjaTube ninjaBlast1 ninjaBlast2 ninjaBlast3 ninjaBlast3 ninjaBlast3 ninjaBlast3 ninjaBlast3 ninjaBlast3 ninjaBlast3 ninjaBlast3 ninj,neither,0.03945320844208391,0.33037608806864915,0.630170703489267
!uptime,neither,0.03945320844208391,0.33037608806864915,0.630170703489267
Ninja has been streaming for 2 minutes 22 seconds,neither,0.035978268437780944,0.3120340873608984,0.6519876442013207
Bruh are you really not going to stream for another week after today?,neither,0.1045946318736267,0.26135311926018323,0.6340522488661902
@Ninja lol still popping off on these bots,neither,0.03689523870467806,0.4361886897916474,0.5269160715036746
ninjaRare,neither,0.03945320844208391,0.33037608806864915,0.630170703489267
its fiiiiiine,neither,0.02700859978372578,0.3346563596412867,0.6383350405749875
CHANGE PICK AXE,neither,0.04347603647959661,0.2620981975274842,0.6944257659929193
Where is he,neither,0.07097085400654432,0.26912212030185784,0.6599070256915978
wait is this live live???,neither,0.05520920495655309,0.32623532347770184,0.618555471565745
@celltech10 But it mutes everything else when u use that,neither,0.012455187653035696,0.45979609452407283,0.5277487178228913
The blue lighting k3llyJUM,neither,0.03860017470243233,0.31479148192933165,0.646608343368236
TOO LOOOUUD,neither,0.038798963802794226,0.34148032703984427,0.6197207091573615
hes in LA,neither,0.03945320844208391,0.33037608806864915,0.630170703489267
where are you?,neither,0.18235154988220573,0.25932092387656086,0.5583275262412335
ninjaHi ninjaHi ninjaHi ninjaHi,neither,0.03945320844208391,0.33037608806864915,0.630170703489267
@Ninja Powerfulcart554 said he loves you and you are an asshole.,neither,0.10907862544822447,0.4235186407068993,0.4674027338448762
is it just me or is that pick axe kind of loud?,neither,0.040620573534583156,0.3437501924694442,0.6156292339959726
@ImagineV2 no it doesnt,neither,0.03660154503546558,0.34918947010031653,0.6142089848642178
Ninja change your clothes on stream right now ninjaCreep,neither,0.05305835003906427,0.262803164012229,0.6841384859487067
Hes in California,neither,0.06063654490058215,0.3230901672859148,0.6162732878135031
He’s in California still,neither,0.07056199503041997,0.33569612112799463,0.5937418838415854
ninjaSplat,neither,0.03945320844208391,0.33037608806864915,0.630170703489267
"In LA, TwitchOffice",neither,0.03945320844208391,0.33037608806864915,0.630170703489267
"good afternoon @Ninja , Mods, and Chat.",neither,0.03838186295935502,0.300861337076741,0.660756799963904
is there a noise gate on the game sound?? tf,neither,0.04169520338440972,0.2746959399340931,0.6836088566814972
Next game lol,neither,0.028250208877680323,0.3609215266278666,0.6108282644944532
15 months babt,neither,0.03945320844208391,0.33037608806864915,0.630170703489267
slip into something more sexy ninjaCreep,neither,0.041031933680316324,0.322120868332089,0.6368471979875947
He's in the blue man room guys,neither,0.043289985839247494,0.36918730262595695,0.5875227115347956
the blue light looks sweet! ninjaFire ninjaFire,neither,0.03867310691118345,0.31615255621339633,0.6451743368754201
LUL,neither,0.03945320844208391,0.33037608806864915,0.630170703489267
he is somewhere in CA,neither,0.05341549892306353,0.32557381612299763,0.6210106849539389
ninja are you going to the superbowl?,neither,0.08366008921230321,0.33100460588172936,0.5853353049059675
Just subbed for my 5th month ninjaFan ninjaHype,neither,0.025155818857133472,0.38234482301457773,0.5924993581282889
lmao,neither,0.03705015143476208,0.3711622369619404,0.5917876116032975
Spappy LOL,neither,0.020706217963973744,0.4882283491876925,0.4910654328483337
@SpappyGram OMEGALUL,neither,0.03945320844208391,0.33037608806864915,0.630170703489267
LULW,neither,0.03945320844208391,0.33037608806864915,0.630170703489267
arent twitch offices in sf chat LUL,neither,0.03945320844208391,0.33037608806864915,0.630170703489267
Ya but after today you're not streaming for a week?,offensive_language,0.039399424670643196,0.48620955235382757,0.47439102297552915
ninjaGold ninjaGold ninjaGold ninjaGold ninjaGold ninjaGold ninjaGold ninjaGold ninjaGold ninjaGold ninjaGold ninjaGold,neither,0.03945320844208391,0.33037608806864915,0.630170703489267
@Ninja LMAO so ur saying you would lose to me?,neither,0.05865770239964475,0.4263372879985573,0.515005009601798
Ninnnnnjjjjjaaaaaaa ninjaAww ninjaAww ninjaAww ninjaAww,neither,0.03945320844208391,0.33037608806864915,0.630170703489267
You need a travel pc lol,neither,0.044645952727997575,0.41594447154268127,0.5394095757293211
"@ninja sometimes closing all videos helps with single PC lag/jitters, (not sure if you keep your stream open or not) hope it helps",neither,0.04938975320112002,0.41343194982967346,0.5371782969692065
Don’t say that lmaooo,neither,0.03134833536014597,0.4428840489631384,0.5257676156767157
where is ninja,neither,0.05133766191043748,0.291379348673319,0.6572829894162435
ninjaHi ninjaHi ninjaHi,neither,0.03945320844208391,0.33037608806864915,0.630170703489267
!give,neither,0.03945320844208391,0.33037608806864915,0.630170703489267
ninjaPon Ninja take hitthelobby's energy ninjaPon,neither,0.03945320844208391,0.33037608806864915,0.630170703489267
somebody say i love you too,neither,0.054465971394467266,0.4079520598316903,0.5375819687738425
that's very specific LUL,neither,0.036551589915188594,0.3617929912704481,0.6016554188143632
ninja part of the blue man group PogChamp,neither,0.03881668501502305,0.36235451704414184,0.5988287979408351
@Ninja The audio cuts out when you are not shooting or switching your weapons. or picking stuff up or hitting stuff,neither,0.05724951714553867,0.3672245853763716,0.5755258974780898
wow,neither,0.03945320844208391,0.33037608806864915,0.630170703489267
ninja where are you?????????,neither,0.10468637579872563,0.29013759528890865,0.6051760289123658
gr,neither,0.03945320844208391,0.33037608806864915,0.630170703489267
,neither,0.03945320844208391,0.33037608806864915,0.630170703489267
We missed you @ninja,neither,0.05540943000555938,0.37857422541225133,0.5660163445821893
Im confused to what is happening,neither,0.05752924116257621,0.3476299717153907,0.594840787122033
Which place is ninja in,neither,0.04984529158560323,0.2812748535836758,0.668879854830721
liking the hair,neither,0.038467223573358404,0.31229399402488545,0.6492387824017563
ninjaPon,neither,0.03945320844208391,0.33037608806864915,0.630170703489267
ninjaPon,neither,0.03945320844208391,0.33037608806864915,0.630170703489267
ninjaBlast1 ninjaBlast2 ninjaBlast3 ninjaBlast3 ninjaBlast3 ninjaBlast3,neither,0.03945320844208391,0.33037608806864915,0.630170703489267
ninja your hair looks sick ninja10,neither,0.06529091576572506,0.3232072705661455,0.6115018136681294
LMAO,neither,0.03705015143476208,0.3711622369619404,0.5917876116032975
@ninja are you really going to be gone for another week after today?,neither,0.1091238412931941,0.2593487278372689,0.6315274308695369
hahaha,neither,0.03945320844208391,0.33037608806864915,0.630170703489267
@Ninja lmao im done,neither,0.037015904843591935,0.3880914609534767,0.5748926342029314
LUL,neither,0.03945320844208391,0.33037608806864915,0.630170703489267
Clearly less than 50,neither,0.039052890566984064,0.3371705271554957,0.6237765822775202
"Hi Ninja, new room? seems a little bit different.",neither,0.041508358764358017,0.27853032835400726,0.6799613128816349
What color is his hair?,neither,0.09311146812245899,0.32085587392676823,0.5860326579507728
Where is he streaming from,neither,0.056304311677621705,0.28001242701234275,0.6636832613100355
hi,neither,0.03945320844208391,0.33037608806864915,0.630170703489267
cant see your health bar,neither,0.06532507203499491,0.32319774246125954,0.6114771855037455
lol on a etch a sketch,neither,0.028996110147578455,0.40225664518894305,0.5687472446634785
i don't know which color ninjas hair is ninjaS is it still pink? is it green? blue? ninjaS,neither,0.05297025105900145,0.3197033495030884,0.6273263994379102
Where are you ninja,neither,0.10468637579872563,0.29013759528890865,0.6051760289123658
its def not 144 frames lol,neither,0.02508210955863679,0.3969522456079402,0.577965644833423
@sjbonz Until after the superbowl I think,neither,0.0391222653482137,0.30868314537592156,0.6521945892758648
LOL you might be a noob if.... hahaha,offensive_language,0.02701004998046599,0.5074888023239926,0.4655011476955413
Yea the PCs just struggling to keep up,neither,0.0376288038661682,0.375896860368535,0.5864743357652967
@Ninja Natural 2017 Hair Ninja?,neither,0.03945320844208391,0.33037608806864915,0.630170703489267
playing on an etch-a sketch OMEGALUL,neither,0.037152417213892876,0.337808325275324,0.625039257510783
@Ninja those echisketch hahahaha,neither,0.06342132145021057,0.2630145516276095,0.6735641269221799
it doesnt show ninja streaming under fortnite,neither,0.04826643028038554,0.27981469466389175,0.6719188750557226
@Ninja welcome to my setup brah Kappa,neither,0.035957640137941074,0.37860067295413957,0.5854416869079193
ninjaCreep ninjaFan ninjaTube imGlitch ninjaHype,neither,0.03945320844208391,0.33037608806864915,0.630170703489267
Its better then the no streams lately :),neither,0.03370065279837722,0.3302103982133934,0.6360889489882294
Do an IRL Stream,neither,0.04084891484738942,0.32565545712809196,0.6334956280245185
"small spikes at most, but its totally fine.",neither,0.03213160527517513,0.35735071866977247,0.6105176760550525
hi,neither,0.03945320844208391,0.33037608806864915,0.630170703489267
!game Fortnite,neither,0.03826383497213389,0.24674689817812728,0.7149892668497387
Hey man at least you’re streaming lol,neither,0.05881201260621381,0.4588847150671039,0.4823032723266823
@SpappyGram -> The stream game has been updated to: Fortnite,neither,0.043237922883812625,0.28530186554963155,0.6714602115665558
who are u rooting for in Super Bowl?,neither,0.05215106568735176,0.31850795881556665,0.6293409754970816
,neither,0.03945320844208391,0.33037608806864915,0.630170703489267
MOBILE LUL,neither,0.03945320844208391,0.33037608806864915,0.630170703489267
ninjaGold ninjaK,neither,0.03945320844208391,0.33037608806864915,0.630170703489267
!title,neither,0.03945320844208391,0.33037608806864915,0.630170703489267
@Texa -> Current Stream Title: LIVE | All merch and apparel at Teamninja.com | Ninja on ALL social medias <3,neither,0.04079553706469089,0.3894584200465858,0.5697460428887233
where are you streaming from? someone's basement???,neither,0.0784177236005532,0.2903793035083259,0.6312029728911209
game is final fantasy. needs to be changed.,neither,0.05004120098309802,0.2987391424577132,0.6512196565591888
@the_thanks_tv -> Suboptimal. [stop posting links] [warning],neither,0.039401667902462426,0.38961947751050285,0.5709788545870349
I think your streaming under Final Fantasy,neither,0.06000996629278617,0.31875201171333944,0.6212380219938745
ninjaTube ninjaPon ninjaHS,neither,0.03945320844208391,0.33037608806864915,0.630170703489267
do you atleast have your normal mouse and keyboard?,neither,0.07174525835739476,0.3300802573128272,0.5981744843297779
ninjaCreep,neither,0.03945320844208391,0.33037608806864915,0.630170703489267
yea dont say whose pc it is or they are gonna get flamed LUL,neither,0.056331387109999145,0.33668034448524337,0.6069882684047575
lol,neither,0.020706217963973744,0.4882283491876925,0.4910654328483337
all that and I'm just happy to watch you stream,neither,0.05733448391986092,0.4404264730825595,0.5022390429975795
It sounds and looks like the old ninja stream quality ninjaTooth,neither,0.043597905035939584,0.3052588116928813,0.6511432832711792
ninjaShield,neither,0.03945320844208391,0.33037608806864915,0.630170703489267
wassup,neither,0.33529425248498695,0.08556156890646638,0.5791441786085466
@johnnymack96 :/ ya that's 6 days from now.....,offensive_language,0.02301241041042752,0.6092866638596535,0.36770092572991897
Sounds actually the best part...,neither,0.037945001377602684,0.31010405339656727,0.6519509452258301
@Ninja Old Ninja Hairstyle Pog. 2017 style with natural color?,neither,0.03463782812556492,0.34780514516080546,0.6175570267136297
ninjaCreep,neither,0.03945320844208391,0.33037608806864915,0.630170703489267
AYYYY ninjaa,neither,0.03945320844208391,0.33037608806864915,0.630170703489267
ninjaShield ninjaShield ninjaShield ninjaShield,neither,0.03945320844208391,0.33037608806864915,0.630170703489267
its says your playing final fantasy,neither,0.05548679503909366,0.32640409339562537,0.6181091115652809
my dad and i were playing hide and seek and i still cant find him its been 10 years,neither,0.030997393071032806,0.26721987729629554,0.7017827296326715
Hi,neither,0.03945320844208391,0.33037608806864915,0.630170703489267
yo,offensive_language,0.04010381111145228,0.5271105317972344,0.4327856570913131
Forgot I was a sub ninjaCRINJA,neither,0.039326790692089074,0.33252172721009865,0.6281514820978122
LEGGO,neither,0.03945320844208391,0.33037608806864915,0.630170703489267
@sjbonz He’s a busy man,neither,0.04613882786016167,0.40232246616817124,0.5515387059716671
ree,neither,0.03945320844208391,0.33037608806864915,0.630170703489267
!title BIG BOY STREAM FROM CALI | All merch and apparel at Teamninja.com | Ninja on ALL social medias <3,neither,0.0320234579065682,0.40754847391516597,0.5604280681782658
@Twitzh -> The stream title has been updated to: BIG BOY STREAM FROM CALI | All merch and apparel at Teamninja.com | Ninja on ALL social medias <3,neither,0.03497009042591901,0.38430837598650114,0.5807215335875799
Look its not a rerun lol,neither,0.02415930627972925,0.41027410734217273,0.565566586378098
ninjaShield,neither,0.03945320844208391,0.33037608806864915,0.630170703489267
Supressed Game Audio?,neither,0.03874828661588119,0.28697012516936804,0.6742815882147507
ninjaShield ninjaShield,neither,0.03945320844208391,0.33037608806864915,0.630170703489267
Played the new resident evil yet ?,neither,0.0417407259704543,0.23932812147433802,0.7189311525552078
20 dmg from that drop,neither,0.04612143355034913,0.3525501342017412,0.6013284322479097
cheer500 <3,neither,0.03945320844208391,0.33037608806864915,0.630170703489267
definitly not the best quality he had :D but its still super good and very watchable so lets relax LUL,neither,0.03439414443347348,0.3410771606537672,0.6245286949127592
ninjaCreep ninjaCreep ninjaCreep,neither,0.03945320844208391,0.33037608806864915,0.630170703489267
ninjaShield ninjaShield ninjaShield,neither,0.03945320844208391,0.33037608806864915,0.630170703489267
Was that a freakin' crossbow ?,neither,0.036253629511988655,0.3656620757798084,0.5980842947082029
@ninja are you going to complete the ice storm challenges?,neither,0.0687758217293706,0.331565444819174,0.5996587334514555
pog,neither,0.03945320844208391,0.33037608806864915,0.630170703489267
He isnt showing on Fortnite category,neither,0.04118828707652447,0.33917054885102577,0.6196411640724497
just win,neither,0.0325606563664,0.36367321759926907,0.6037661260343309
!uptime,neither,0.03945320844208391,0.33037608806864915,0.630170703489267
ninjaTooth ninjaTooth ninjaTooth ninjaTooth ninjaTooth ninjaTooth ninjaTooth ninjaTooth ninjaTooth ninjaTooth ninjaTooth ninjaTooth ninjaTooth ninjaTooth ninjaTooth,neither,0.03945320844208391,0.33037608806864915,0.630170703489267
Ninja has been streaming for 6 minutes 17 seconds,neither,0.03593487329507504,0.31180471472147375,0.6522604119834512
git good,neither,0.037820165765928906,0.33093776632913474,0.6312420679049364
just play like you use to and not worry about it,neither,0.025548650731842593,0.4654674669932424,0.5089838822749152
Liz k3llyWink satLOVE satR2,neither,0.03945320844208391,0.33037608806864915,0.630170703489267
FINNNNNALLLLYYY,neither,0.03945320844208391,0.33037608806864915,0.630170703489267
!uptime,neither,0.03945320844208391,0.33037608806864915,0.630170703489267
are you streaming in a massage parlor ?lol,neither,0.07046687298050662,0.38062491916366153,0.5489082078558319
lol well we know you're at twitch headquarters now,neither,0.05899267233936859,0.4106443513797936,0.5303629762808377
do that! ninjaBlast1 ninjaBlast2 ninjaBlast3 ninjaHS ninjaBlood,neither,0.033986068051969624,0.42013211884701246,0.545881813101018
ninjaToxic ninjaToxic ninjaToxic,neither,0.03945320844208391,0.33037608806864915,0.630170703489267
Cerberuz67 ninjaAdore,neither,0.03945320844208391,0.33037608806864915,0.630170703489267
well we know where Jghosty is LUL,neither,0.04802299462249612,0.3032048724587107,0.6487721329187931
drlupo is sniping Kappa,neither,0.04912624121044723,0.3270490885368631,0.6238246702526896
just got 19 kills for the first time and lost to the last guy cause he is a fcking hacker >:/ almost broke my controller,neither,0.0314133251967986,0.3744840369561581,0.5941026378470434
,neither,0.03945320844208391,0.33037608806864915,0.630170703489267
ninja10,neither,0.03945320844208391,0.33037608806864915,0.630170703489267
yeah audio is weird,neither,0.03046784026824677,0.42259151659820904,0.5469406431335442
He's tanning and playing Kappa,neither,0.04291229689689663,0.29853619888511446,0.6585515042179889
@twitzh where is ninja .,neither,0.05133766191043748,0.291379348673319,0.6572829894162435
DADDYS BACK !,neither,0.03945320844208391,0.33037608806864915,0.630170703489267
Love your stream room,neither,0.06501181553348892,0.3349586458708598,0.6000295385956513
sound going out kinda?,neither,0.03359017329503037,0.37470462227071266,0.5917052044342569
Read the title? @jjjack,neither,0.03851403400440539,0.31317580474293727,0.6483101612526574
@johnnymack96 lol I guess...... I feel like he used to be a busy man when he had 100k subs and would grind 12 hours a day everyday.,neither,0.04226957901226828,0.3805477764907655,0.5771826444969662
!PepeHands,neither,0.03945320844208391,0.33037608806864915,0.630170703489267
ninja is at TWITCH HQ,neither,0.04555018205037463,0.34814801323408845,0.606301804715537
It just says live ?,neither,0.03738837013550298,0.3542475457769803,0.6083640840875167
!title,neither,0.03945320844208391,0.33037608806864915,0.630170703489267
@Twitzh -> Current Stream Title: BIG BOY STREAM FROM CALI | All merch and apparel at Teamninja.com | Ninja on ALL social medias <3,neither,0.03310972201689865,0.39506145740699555,0.5718288205761057
is this a rerun?,neither,0.06444388513749441,0.32581973129223984,0.6097363835702658
twitch HQ cant afford real PC lol,neither,0.030224718689989917,0.4454178166768607,0.5243574646331495
@jjjack Refresh,neither,0.03945320844208391,0.33037608806864915,0.630170703489267
Ahhhh thanks <3,neither,0.037328737276664754,0.31258604004565615,0.6500852226776791
Live,neither,0.04891340716200846,0.3271222919257548,0.6239643009122369
ninjaHi,neither,0.03945320844208391,0.33037608806864915,0.630170703489267
zombies BTW,neither,0.03945320844208391,0.33037608806864915,0.630170703489267
your awesome @ fortnite,neither,0.08979947842598954,0.3163072056979203,0.5938933158760903
omg you got a haircut @ninja tha k jeebus,neither,0.05041909306882551,0.40180260961431763,0.5477782973168568
Hi ninja I love u papi,neither,0.03728758429920675,0.34038979995121155,0.6223226157495816
Everyone refresh before you look dumb plz,neither,0.04352524435575674,0.4711815388190564,0.48529321682518684
Where is he streaming from,neither,0.056304311677621705,0.28001242701234275,0.6636832613100355
he went up,neither,0.043254925469398624,0.4046039962882813,0.55214107824232
Wait why is he in Cali ?,neither,0.039674532136597364,0.34102366647564253,0.61930180138776
!uptime,neither,0.03945320844208391,0.33037608806864915,0.630170703489267
Ninja has been streaming for 7 minutes 52 seconds,neither,0.0360345779618468,0.3123317160148309,0.6516337060233222
@mymyamerica Go away you toxic little 5 year old,neither,0.059591874450705976,0.3637653122775703,0.5766428132717236
Hahahahhaha,neither,0.03945320844208391,0.33037608806864915,0.630170703489267
"Liz, guess most don’t read or use their brains k3llyJUM",neither,0.018690693032666125,0.40087505894784226,0.5804342480194916
yeah anyone know where hes streaming from ?,neither,0.029536625547782802,0.3756354372454397,0.5948279372067775
@sjbonz I think he’s earned a little slack don’t you think? He still grinds like a mad man,neither,0.06393379681113028,0.4024869290806885,0.5335792741081814
ninjaPon,neither,0.03945320844208391,0.33037608806864915,0.630170703489267
Not a fan of the face cam positioning D:,neither,0.03757937878614516,0.3206161975244095,0.6418044236894453
ninjaPon,neither,0.03945320844208391,0.33037608806864915,0.630170703489267
hey all,neither,0.04285346742239823,0.46255625023407465,0.49459028234352725
daeToes daeToes daeToes daeToes daeToes daeToes daeToes daeToes daeToes daeToes daeToes daeToes daeToes daeToes daeToes,neither,0.03945320844208391,0.33037608806864915,0.630170703489267
"@jjjack Follow his social media, he tells u why",neither,0.05120646841443248,0.3432250336571178,0.6055684979284497
wtf is that emote,offensive_language,0.05167297723415337,0.7371925537360801,0.21113446902976662
Sounds like a noise gate on the game audio,neither,0.04281246672728694,0.31149949473806743,0.6456880385346457
This dude whispered me than blocked me. I won.,neither,0.027833522617320524,0.4009887354609472,0.5711777419217323
Ninja can u have my kids,neither,0.02881701376364972,0.4148019271806763,0.5563810590556739
hey everyone ninjas title says he is streaming from cali,neither,0.04406816723563683,0.37940964317314885,0.5765221895912143
@exhalezv to block the server code btw,neither,0.04436211470687057,0.3133299542070751,0.6423079310860542
So choppy,offensive_language,0.039501631330860744,0.48329170807269783,0.4772066605964413
good he cant aim lol,neither,0.036147498640429945,0.3787309900792928,0.5851215112802772
ninjaCreep ninjaCreep ninjaCreep ninjaCreep,neither,0.03945320844208391,0.33037608806864915,0.630170703489267
@sjbonz I’m sure he’ll be back to his old ways when he’s back home,neither,0.05434549982825918,0.43526549983577373,0.5103890003359672
bunghole pc and he still hits his shawts ninjaPog,neither,0.06547917188607526,0.3083005633842255,0.6262202647296993
@JGhosty is streaming,neither,0.04912624121044723,0.3270490885368631,0.6238246702526896
zombie chow,neither,0.03945320844208391,0.33037608806864915,0.630170703489267
@Ninja can u pls move that face cam?,neither,0.03711459525730051,0.3545260463734072,0.6083593583692922
this is last day for the zombies @Ninja not sure if you had time to unlock the wrap,neither,0.03517543288976678,0.4126043291042651,0.5522202380059682
suhhh doods joeheyOhReally joeheyOhReally,neither,0.03945320844208391,0.33037608806864915,0.630170703489267
!PepeHands,neither,0.03945320844208391,0.33037608806864915,0.630170703489267
ninjaGold ninjaGold ninjaGold ninjaGold ninjaGold ninjaGold ninjaGold ninjaGold,neither,0.03945320844208391,0.33037608806864915,0.630170703489267
hola,neither,0.03945320844208391,0.33037608806864915,0.630170703489267
A foot fetish emote @texa ninjaCRINJA,neither,0.03945320844208391,0.33037608806864915,0.630170703489267
@Str3at He's using it to block his server code,neither,0.06741319620996672,0.37863840979256735,0.5539483939974658
ninjaK ninjaK ninjaK ninjaK,neither,0.03945320844208391,0.33037608806864915,0.630170703489267
big yikes @Cerberuz67,neither,0.013558625667907201,0.4542814836427737,0.532159890689319
yikes,neither,0.03945320844208391,0.33037608806864915,0.630170703489267
@johnnymack96 idk I've been working since I was 14. So my views are probably different than most. Maybe I'm the one that needs time off lol.,neither,0.02544110981135645,0.4265282776211076,0.5480306125675359
LUL,neither,0.03945320844208391,0.33037608806864915,0.630170703489267
Let’s gooooo,neither,0.023358265737137156,0.36602079466529924,0.6106209395975636
LULW,neither,0.03945320844208391,0.33037608806864915,0.630170703489267
LUL,neither,0.03945320844208391,0.33037608806864915,0.630170703489267
Pog,neither,0.03945320844208391,0.33037608806864915,0.630170703489267
do u like zombie,neither,0.0537694504971136,0.34731748742791524,0.5989130620749713
You got this no excuses,neither,0.05489920727519355,0.45451527103988654,0.49058552168492
EZ dubs,neither,0.03945320844208391,0.33037608806864915,0.630170703489267
!uptime,neither,0.03945320844208391,0.33037608806864915,0.630170703489267
Ninja has been streaming for 9 minutes 24 seconds,neither,0.03589154308062909,0.3115756819731111,0.6525327749462598
you are NINJA! ninjaBlast1 ninjaBlast2,neither,0.1114980837032638,0.3254005988514716,0.5631013174452646
great to see u on Ninja,neither,0.040967973490497016,0.31560573702195976,0.6434262894875432
Resident evil,neither,0.03945320844208391,0.33037608806864915,0.630170703489267
ninjaClap ninjaClap,neither,0.03945320844208391,0.33037608806864915,0.630170703489267
YOU GOT THIS,offensive_language,0.07992678652273469,0.5679123887647478,0.35216082471251753
HI NINJA! I just got laid off POG,neither,0.03512636674991475,0.38068217712879515,0.5841914561212901
OOKKKK,neither,0.03945320844208391,0.33037608806864915,0.630170703489267
fook,neither,0.03945320844208391,0.33037608806864915,0.630170703489267
highdEZ highdEZ,neither,0.03945320844208391,0.33037608806864915,0.630170703489267
ninjaIQ,neither,0.03945320844208391,0.33037608806864915,0.630170703489267
Sup,neither,0.03945320844208391,0.33037608806864915,0.630170703489267
cleeannnnnnn,neither,0.03945320844208391,0.33037608806864915,0.630170703489267
Yaaaaaay! He's Finally Back!,neither,0.046402874543320635,0.3279857792153074,0.6256113462413719
ninjaRekt,neither,0.03945320844208391,0.33037608806864915,0.630170703489267
play pop up tonight,neither,0.035172430647197085,0.33260195117999625,0.6322256181728066
pulled a symfuhny LUL,neither,0.03945320844208391,0.33037608806864915,0.630170703489267
"ur a god, ofc u do PogChamp",neither,0.07870461199325454,0.3168757304906417,0.6044196575161038
Noise gate on the game audio lul,neither,0.03693307938119046,0.304512056878703,0.6585548637401065
hi,neither,0.03945320844208391,0.33037608806864915,0.630170703489267
How is everyone today,neither,0.03974785376909545,0.41646672587282285,0.5437854203580818
rekt,neither,0.03945320844208391,0.33037608806864915,0.630170703489267
scuffed LUL,neither,0.03945320844208391,0.33037608806864915,0.630170703489267
@ninja it’s working fine from a viewing perspective,neither,0.039218405957795716,0.3196291385493134,0.6411524554928909
@Ninja to be the best young squire you have to play in the worst conditions...,neither,0.054582289742641406,0.35191698757627665,0.5935007226810818
highdSmart highdSmart,neither,0.03945320844208391,0.33037608806864915,0.630170703489267
What’s up chat and ninja hope everyone is having a good day nickmercsVIBES,neither,0.0647036409934687,0.3167728303408803,0.618523528665651
@Ninja go to polar peak and look for the prisoner,neither,0.04051552514818598,0.27788262903161454,0.6816018458201994
Yikes dude,neither,0.03945320844208391,0.33037608806864915,0.630170703489267
look up,neither,0.037734552534389405,0.4359642899789542,0.5263011574866564
where is ninja?,neither,0.05133766191043748,0.291379348673319,0.6572829894162435
Where is Ninja at?,neither,0.04953933423953835,0.3191345962208656,0.631326069539596
Omg 720p,neither,0.03945320844208391,0.33037608806864915,0.630170703489267
"Might not be 100% , but hot dam",neither,0.036097071158405936,0.34546182135592146,0.6184411074856726
!uptime,neither,0.03945320844208391,0.33037608806864915,0.630170703489267
Ninja has been streaming for 10 minutes 10 seconds,neither,0.03624922112785673,0.31346616977706016,0.650284609095083
Hit up Banks and go stream at the Clout House or FaZe House LUL,neither,0.037649048519118725,0.3393999669007848,0.6229509845800965
@CandleWikke Only virgins type that on public chat rooms.,neither,0.03544249645741606,0.36389378036946446,0.6006637231731196
Plz don't get shot out,neither,0.034911886141759586,0.35431804363958447,0.6107700702186559
ninjaBlast1 ninjaBlast2 ninjaBlast3 ninjaBlast3 ninjaBlast3 ninjaBlast3 ninjaBlast3 ninjaBlast3 ninjaBlast3 ninjaBlast3 ninjaBlast3 ninjaBlast3 ninjaBlast3 ninjaBlast3 ninjaBlast3 ninjaBlast3 ninjaBlast3 ninjaBlast3 ninjaBlast3 ninjaBlast3 ninjaBlast3 ninjaBlast3 ninjaBlast3 ninjaBlast3 ninjaBlast3 ninjaBlast3 ninjaBlast3 ninjaBlast3 ninjaBlast3 ninjaBlast3 ninjaBlast3 ninjaBlast3 ninjaBlast3,neither,0.03945320844208391,0.33037608806864915,0.630170703489267
@Ninja running around in this game playing like ur gimp RDM atm,neither,0.06098294804634165,0.3089121476250143,0.6301049043286442
ninja is a smurf,neither,0.04690607540476405,0.3278127053644783,0.6252812192307576
ninjaPog ninjaPog ninjaPog,neither,0.03945320844208391,0.33037608806864915,0.630170703489267
ninjaIQ,neither,0.03945320844208391,0.33037608806864915,0.630170703489267
This zoneeeee,neither,0.03911427663316333,0.3361286454075671,0.6247570779592696
OMG guys ninja has 720p on his streams,neither,0.054329275606354525,0.33817239774846014,0.6074983266451854
throw back to streaming 5 years ago,neither,0.04450763002363112,0.3274000989915969,0.628092270984772
what is up from the mitten,neither,0.05749358539048074,0.34360351549971113,0.5989028991098082
Because you're a god,neither,0.10327090139764455,0.3503993865125517,0.5463297120898037
where is he streaming?,neither,0.05620191806247114,0.2943384659256722,0.6494596160118566
Its sooooo good to see you streaming @ninja we missed you ninjaAww ninjaAww ninjaAww,neither,0.059620042465464373,0.3893482945762577,0.5510316629582779
Dadadadas,neither,0.03945320844208391,0.33037608806864915,0.630170703489267
Ooouuuuuu,neither,0.03945320844208391,0.33037608806864915,0.630170703489267
Oh man this audio,neither,0.044717979996864554,0.34406137935404957,0.6112206406490859
mouse 1 ninjaTroll ninjaTroll,neither,0.03945320844208391,0.33037608806864915,0.630170703489267
@h2crazy Africa,neither,0.03945320844208391,0.33037608806864915,0.630170703489267
True religion mad that he’s broke,neither,0.04045304495570056,0.3620886985608775,0.5974582564834219
,neither,0.03945320844208391,0.33037608806864915,0.630170703489267
PokMewtwo,neither,0.03945320844208391,0.33037608806864915,0.630170703489267
Where tf have you been young man,neither,0.05270453322495212,0.4697242943767575,0.47757117239829033
It’s fine bud @ninja,neither,0.03823915371677518,0.33079365715989373,0.630967189123331
look uuuuuuuuup,neither,0.04415703775132217,0.3287582254722749,0.6270847367764029
!uptime,neither,0.03945320844208391,0.33037608806864915,0.630170703489267
Let’s see some resident evil in next few days,neither,0.023163010562498483,0.37344636457404207,0.6033906248634594
Ninja has been streaming for 10 minutes 45 seconds,neither,0.0361182665524252,0.312774047351449,0.6511076860961258
Great stream quality btw,neither,0.03802636268826646,0.31153393623453585,0.6504397010771977
Daaammmmmm you naaaassstyyyy daeOmega daeOmega daeOmega daeOmega daeOmega daeOmega daeOmega,offensive_language,0.21217306638279385,0.6099082758190073,0.17791865779819876
LUL ninja playing on a toaster still better than me,neither,0.03286137411409748,0.37423237300567685,0.5929062528802256
@Ninja Where are you streaming from?,neither,0.08171896588726095,0.2877948176745779,0.6304862164381612
@H2Crazy California,neither,0.07294795735683937,0.31885570799497176,0.6081963346481889
