text,top_class,hate_speech,offensive_language,neither
"thank u, next",neither,0.03786345747097447,0.3573583109678001,0.6047782315612256
Morning homie,neither,0.049179375640170934,0.16529764744341793,0.7855229769164112
Arianaaaaaa,neither,0.03945320844208391,0.33037608806864915,0.630170703489267
Ho,offensive_language,0.013321108536384277,0.8771497931721385,0.10952909829147721
Hi,neither,0.03945320844208391,0.33037608806864915,0.630170703489267
Are you doing the share the love event tody,neither,0.06966688742981443,0.3108257679477605,0.6195073446224251
First here this morning,neither,0.0971577235685692,0.14668563140720547,0.7561566450242253
Sup ninja,neither,0.03945320844208391,0.33037608806864915,0.630170703489267
THANK U NEXT,neither,0.03786345747097447,0.3573583109678001,0.6047782315612256
nah you are second,neither,0.10680050905088789,0.3258291363658513,0.5673703545832608
Let’s go,neither,0.01806316484133749,0.39391011985298136,0.5880267153056813
First,neither,0.02604892428726219,0.3349864360510187,0.6389646396617191
Omg Ninja is streaming again,neither,0.043887391510085985,0.3511921739153361,0.6049204345745781
how are you chat ninjaThirst ninjaThirst,neither,0.10810361648392022,0.3257122569515043,0.5661841265645754
This is going to be a good stream,neither,0.05181299957473934,0.353971007128536,0.5942159932967247
Apex legends is the best game,neither,0.04358633926863496,0.2829904959768454,0.6734231647545197
WHOS A PLEB THAT NEEDS A SUB YOU UGLY BOTS tatBot tatBot tatBot tatBot tatBot tatFridge tatFridge tatFridge tatFridge,neither,0.12247831106983928,0.2539163709452806,0.6236053179848802
Nope your 3rd,neither,0.07315908034581041,0.32100615904308194,0.6058347606111076
good,neither,0.037820165765928906,0.33093776632913474,0.6312420679049364
I love Alex man I think it’s an amazingly made game and is pretty much a better version of blackout,neither,0.03862744719569754,0.31662927534418617,0.6447432774601163
Apex *,neither,0.03945320844208391,0.33037608806864915,0.630170703489267
Hi,neither,0.03945320844208391,0.33037608806864915,0.630170703489267
happy that you and alex is happy together @dynastiiz,neither,0.05382329592956231,0.3593634369490069,0.5868132671214308
Morning,neither,0.05283876784042269,0.1031882115525248,0.8439730206070525
I like bacon,neither,0.054900632149337054,0.35206259004225904,0.5930367778084039
Revive Fortnite it’s dying help,neither,0.03828435590690125,0.3307781100539357,0.630937534039163
Thank god no fortnite,neither,0.03790838166079037,0.3565958302238313,0.6054957881153783
ninja part of the twitch rivals tourney??,neither,0.03876955970029683,0.3179433513606731,0.6432870889390301
ninjaHi ninjaHi ninjaHi ninjaHi,neither,0.03945320844208391,0.33037608806864915,0.630170703489267
Hello,neither,0.03945320844208391,0.33037608806864915,0.630170703489267
wait what am i listening to,neither,0.05188579749692561,0.3225510667519056,0.6255631357511687
RIP Fortnite,neither,0.03945320844208391,0.33037608806864915,0.630170703489267
Do you not playing Fortnite anymore?,neither,0.05829917761942023,0.3877586214610237,0.5539422009195561
oh LUL,neither,0.0450478101092574,0.2772031091301225,0.6777490807606199
ninjaBlast1 ninjaBlast2 ninjaBlast3 ninjaBlast3 ninjaBlast3 ninjaBlast3 ninjaBlast3 ninjaBlast3 ninjaBlast3 ninjaBlast3,neither,0.03945320844208391,0.33037608806864915,0.630170703489267
@banter____ ARIANA GRANDE tatHYPERS tatHYPERS tatHYPERS tatHYPERS,neither,0.03945320844208391,0.33037608806864915,0.630170703489267
wtf kinda a start to a song is that,offensive_language,0.0515613582584328,0.5645379222195589,0.3839007195220082
rest in piece fortnite,neither,0.03945320844208391,0.33037608806864915,0.630170703489267
Hopefully none of your shit atleast Banter____,offensive_language,0.07482563462501489,0.9189648201025387,0.006209545272446446
1:30 let’s go,neither,0.023093324618641442,0.374850279872393,0.6020563955089655
HAHAHAHAA king_velarde thank bro,neither,0.03908242484612662,0.3366692533601202,0.6242483217937532
OKAY LIS,neither,0.03945320844208391,0.33037608806864915,0.630170703489267
LIZ*,neither,0.03945320844208391,0.33037608806864915,0.630170703489267
it be like that,neither,0.04996482201003415,0.45143167860040706,0.4986034993895587
"@banter____ Thank u , next baby",neither,0.038126790998762726,0.35288885375548973,0.6089843552457477
"Guarantee your PC gaming performance with BLD by NZXT. The simplest way to get a customized gaming PC. Choose the games you want to play, set a budget, and BLD takes care of the rest. Built and shipped within 48 hours with a 2-year warranty. https://nzxt.co/Ninja ninja10 ninja10",neither,0.046024978110057846,0.33494880951390904,0.6190262123760332
@elmntrx2004 he does..its just a new game hes enjoyinh,neither,0.02642463835044398,0.3550570264612447,0.6185183351883115
fuck thats bad im sorry,offensive_language,0.14158209616226733,0.8574898160124917,0.0009280878252409163
excuse me what did you call me,neither,0.04307011806690121,0.4419668199789248,0.514963061954174
HAHAHHAHA,neither,0.03945320844208391,0.33037608806864915,0.630170703489267
NO GO BACK,neither,0.03996865431799786,0.3593105719121841,0.6007207737698181
i find fallout boys amazing,neither,0.04283250114996369,0.25735768685241867,0.6998098119976178
NINJA YOU tatBot tatBot tatBot tatBot tatBot tatBot tatBot tatBot tatBot,neither,0.06371933836109143,0.39692838513161777,0.5393522765072908
@Twitzh ninjaH ninjaH ninjaH,neither,0.03945320844208391,0.33037608806864915,0.630170703489267
sup ninja,neither,0.03945320844208391,0.33037608806864915,0.630170703489267
Bye bye fortnite,neither,0.03945320844208391,0.33037608806864915,0.630170703489267
LET THE BOY WATCH,neither,0.02598884365552062,0.34681176851913936,0.62719938782534
is that what we were listening to that one time?,neither,0.0477502281411057,0.40775888199297156,0.5444908898659229
I haven,neither,0.03945320844208391,0.33037608806864915,0.630170703489267
Sup ninja,neither,0.03945320844208391,0.33037608806864915,0.630170703489267
ninjaTroll ninjaTroll ninjaTroll ninjaTroll ninjaTroll ninjaTroll ninjaTroll,neither,0.03945320844208391,0.33037608806864915,0.630170703489267
Henlo ninjaAdore @GamesWithDaVon,neither,0.03945320844208391,0.33037608806864915,0.630170703489267
WOOOO,neither,0.03945320844208391,0.33037608806864915,0.630170703489267
ninjaHype ninjaHype ninjaHype ninjaHype,neither,0.03945320844208391,0.33037608806864915,0.630170703489267
ninjaHi,neither,0.03945320844208391,0.33037608806864915,0.630170703489267
Hi,neither,0.03945320844208391,0.33037608806864915,0.630170703489267
I haven't played apex yet but it looks addicting,neither,0.03665566226934932,0.33648718142097295,0.6268571563096776
tafersHi tafersHi tafersHi tafersHi tafersHi tafersHi tafersHi tafersHi tafersHi tafersHi,neither,0.03945320844208391,0.33037608806864915,0.630170703489267
I’ll be back when you play fortnite see you season 8,offensive_language,0.059853407485107875,0.4701716293811087,0.4699749631337834
Was up,neither,0.03371122416146378,0.45393467992270026,0.512354095915836
ninjaHype,neither,0.03945320844208391,0.33037608806864915,0.630170703489267
ninjaFood ninjaHype ninjaHype ninjaHype,neither,0.03945320844208391,0.33037608806864915,0.630170703489267
its so good,neither,0.029945923362054427,0.40381100668527325,0.5662430699526724
Good stream,neither,0.038712489352510704,0.33063085532967357,0.6306566553178159
ninjaTroll ninjaTroll ninjaTroll ninjaTroll ninjaTroll ninjaTroll ninjaTroll ninjaTroll ninjaTroll ninjaTroll ninjaTroll ninjaTroll ninjaTroll ninjaTroll ninjaTroll ninjaTroll ninjaTroll ninjaTroll ninjaTroll ninjaTroll ninjaTroll ninjaTroll ninjaTroll ninjaTroll ninjaTroll ninjaTroll ninjaTroll ninjaTroll ninjaTroll ninjaTroll ninjaTroll ninjaTroll ninjaTroll ninjaTroll ninjaTroll ninjaTroll ninjaTroll ninjaTroll,neither,0.03945320844208391,0.33037608806864915,0.630170703489267
Apex is lit,neither,0.04697750034927697,0.32778813905082643,0.6252343605998966
ninjaBlast1 ninjaBlast2 ninjaBlast3 ninjaBlast3 ninjaBlast3 ninjaBlast3,neither,0.03945320844208391,0.33037608806864915,0.630170703489267
ninjaH ninjaH ninjaH ninjaH,neither,0.03945320844208391,0.33037608806864915,0.630170703489267
ninjaHi ninjaHi,neither,0.03945320844208391,0.33037608806864915,0.630170703489267
Let's go.,neither,0.01806316484133749,0.39391011985298136,0.5880267153056813
ninjaFan ninjaFan ninjaFan ninjaFan ninjaFan,neither,0.03945320844208391,0.33037608806864915,0.630170703489267
remeber the tilted clock tower loading screen... poggers,neither,0.03873422022745331,0.3172884096427884,0.6439773701297583
even more minutes Kappa,neither,0.04021943966628712,0.335410602663083,0.62436995767063
hey,neither,0.03945320844208391,0.33037608806864915,0.630170703489267
HYPE HYPE HYPE,neither,0.03945320844208391,0.33037608806864915,0.630170703489267
ninjaDance ninjaDance,neither,0.03945320844208391,0.33037608806864915,0.630170703489267
hi,neither,0.03945320844208391,0.33037608806864915,0.630170703489267
Eskitit,neither,0.03945320844208391,0.33037608806864915,0.630170703489267
LETS GO BOIS MORNING MORNING,neither,0.0504474419192757,0.16378068712139837,0.7857718709593259
GOOOOOOOOOOOOOD MORNINGGGGGGGG TYLER,neither,0.03945320844208391,0.33037608806864915,0.630170703489267
hello ninja,neither,0.03945320844208391,0.33037608806864915,0.630170703489267
some fast 5 min,neither,0.031405654767809675,0.34443617097624146,0.6241581742559488
let's go,neither,0.01806316484133749,0.39391011985298136,0.5880267153056813
ninjaPon ninjaPon ninjaPon,neither,0.03945320844208391,0.33037608806864915,0.630170703489267
ninjaPon,neither,0.03945320844208391,0.33037608806864915,0.630170703489267
good morning,neither,0.04970930963283925,0.13564577574880146,0.8146449146183593
samcas1Fluffe samcas1Fluffe samcas1Fluffe,neither,0.03945320844208391,0.33037608806864915,0.630170703489267
PogChamp,neither,0.03945320844208391,0.33037608806864915,0.630170703489267
ninjaHype ninjaHype ninjaHype ninjaHype ninjaHype,neither,0.03945320844208391,0.33037608806864915,0.630170703489267
Ninja in the morning.. check,neither,0.04547142332691427,0.19565907358851725,0.7588695030845685
Hi,neither,0.03945320844208391,0.33037608806864915,0.630170703489267
ninjaPon ninjaPon ninjaPon ninjaPon ninjaPon,neither,0.03945320844208391,0.33037608806864915,0.630170703489267
Hi,neither,0.03945320844208391,0.33037608806864915,0.630170703489267
HI DAD,neither,0.03945320844208391,0.33037608806864915,0.630170703489267
ninjaGold,neither,0.03945320844208391,0.33037608806864915,0.630170703489267
Hi,neither,0.03945320844208391,0.33037608806864915,0.630170703489267
ninjaHi ninjaHi ninjaHi ninjaHi,neither,0.03945320844208391,0.33037608806864915,0.630170703489267
ninjaRare,neither,0.03945320844208391,0.33037608806864915,0.630170703489267
First game will be 13 kill dub,neither,0.23513778573841293,0.19422661875352917,0.5706355955080579
ayeee waddup my ninja,neither,0.031049649440410245,0.3937810264427221,0.5751693241168676
ninjaPon ninjaPon ninjaPon ninjaPon ninjaPon,neither,0.03945320844208391,0.33037608806864915,0.630170703489267
ninjaPon ninjaPon ninjaPon ninjaPon ninjaPon ninjaPon ninjaPon ninjaPon,neither,0.03945320844208391,0.33037608806864915,0.630170703489267
how are you ninjaHmm ninjaAww,neither,0.19156335723385254,0.31525141242459664,0.49318523034155076
gmm LOL JK,neither,0.02922498096606139,0.40693906456687845,0.5638359544670603
ninjaGold ninjaGold ninjaGold ninjaGold ninjaGold,neither,0.03945320844208391,0.33037608806864915,0.630170703489267
Hey fammmmm,neither,0.03945320844208391,0.33037608806864915,0.630170703489267
!prime,neither,0.03945320844208391,0.33037608806864915,0.630170703489267
Support the stream with a FREE SUBSCRIPTION! Link an Amazon Prime to your Twitch account - twitch.amazon.com/prime Check out this tutorial where Ninja shows how to subscribe to a stream using Twitch Prime! youtube.com/watch?v=pvyZLDs2yQo ninjaPrime ninjaPrime ninjaPrime,neither,0.05320751381205407,0.33853077004085724,0.6082617161470886
Hiiiiii ninjaAdore,neither,0.03945320844208391,0.33037608806864915,0.630170703489267
Goodmorning Ninja! Have a good day!,neither,0.03891424914476481,0.3260208906215459,0.6350648602336894
Good morning,neither,0.04970930963283925,0.13564577574880146,0.8146449146183593
good morning ninj cant wait to get the game son,neither,0.04861547174814014,0.1881495928332302,0.7632349354186296
I’m just finishing and heading to bed. It’s 1.52am in aus. Night all,neither,0.034852539766080076,0.35916432414309046,0.6059831360908295
Been forever,neither,0.03901968894960671,0.33773404525170614,0.6232462657986871
NINJA aprt of the tourney on the 12th??,neither,0.03591817928523371,0.31584819350147697,0.6482336272132894
Good morning buddy,neither,0.04721670166453427,0.18472323657217618,0.7680600617632896
,neither,0.03945320844208391,0.33037608806864915,0.630170703489267
morning! feeling better?,neither,0.04815203955939877,0.1827342218676433,0.7691137385729578
Goodnight ninjaH @bridgey1234,neither,0.03945320844208391,0.33037608806864915,0.630170703489267
good morning,neither,0.04970930963283925,0.13564577574880146,0.8146449146183593
hi ninja,neither,0.03945320844208391,0.33037608806864915,0.630170703489267
Good Morning!,neither,0.04970930963283925,0.13564577574880146,0.8146449146183593
Yo,offensive_language,0.04010381111145228,0.5271105317972344,0.4327856570913131
You look like 21,neither,0.08750407140476582,0.41503822564745035,0.49745770294778385
ninjaBlast1 ninjaBlast2 ninjaBlast3 ninjaHS,neither,0.03945320844208391,0.33037608806864915,0.630170703489267
Hello,neither,0.03945320844208391,0.33037608806864915,0.630170703489267
cloakHey,neither,0.03945320844208391,0.33037608806864915,0.630170703489267
these are gunna be some gooooood games this morning,neither,0.0731750606400587,0.24469960112718825,0.682125338232753
are you in the apex tournament?,neither,0.07676746038160698,0.3129793648177149,0.6102531748006782
morning Ninja!!,neither,0.048203553387938615,0.18185989775694275,0.7699365488551186
Oh so now you’re a apex streamer now ninjaTooth ninjaTooth ninjaTooth,neither,0.0770894867444311,0.3398638491689756,0.5830466640865933
ninjaHype ninjaHype ninjaHype ninjaHype,neither,0.03945320844208391,0.33037608806864915,0.630170703489267
how ya feeling jefe,offensive_language,0.027418089756811617,0.5412345924321403,0.4313473178110479
Bro I'm literally watching from the gym good luck today buddy,neither,0.03826718755192596,0.2964099226694578,0.6653228897786162
How long has apex been out for?,neither,0.03176140328572252,0.3174686160608733,0.6507699806534042
"cheer500 morning brother, missed you the past 2 weeks or so. hope ur feeling better. have a great stream and lets get this bread",neither,0.07957123851751613,0.22436030927154185,0.696068452210942
wassup,neither,0.33529425248498695,0.08556156890646638,0.5791441786085466
ummhmmm im feeling it baby,neither,0.03699396005513949,0.3668069678123726,0.5961990721324878
apex has been out since monday,neither,0.03629854546914903,0.3415654726676348,0.6221359818632161
Sup,neither,0.03945320844208391,0.33037608806864915,0.630170703489267
Tuesday*,neither,0.03945320844208391,0.33037608806864915,0.630170703489267
Top Tier streamzzzz,neither,0.03945320844208391,0.33037608806864915,0.630170703489267
swiftOof,neither,0.03945320844208391,0.33037608806864915,0.630170703489267
I have a question,neither,0.038724831698251694,0.3427385423233071,0.6185366259784413
I feel it on the deepest of levels,neither,0.03549194353053218,0.3284694629208548,0.636038593548613
need some coffee,neither,0.03883378432240639,0.1497742703230138,0.8113919453545798
Hey Ninj!! Good morning :),neither,0.047969367922828514,0.17010604375899427,0.7819245883181773
ninjaK ninjaGold,neither,0.03945320844208391,0.33037608806864915,0.630170703489267
ninjaGold,neither,0.03945320844208391,0.33037608806864915,0.630170703489267
I hope you feel better today,neither,0.11190977931003405,0.2211670408551652,0.6669231798348008
Goodmorning dad,neither,0.03945320844208391,0.33037608806864915,0.630170703489267
gm all,neither,0.04191717268205536,0.42761773883010307,0.5304650884878416
good morning!!,neither,0.04970930963283925,0.13564577574880146,0.8146449146183593
ninjaThirst,neither,0.03945320844208391,0.33037608806864915,0.630170703489267
hiiiiiiiiiiiiiiiii,neither,0.03945320844208391,0.33037608806864915,0.630170703489267
nooooo,neither,0.03945320844208391,0.33037608806864915,0.630170703489267
Anyone know what time zone hes in?,neither,0.04275552654033479,0.3425347933601392,0.6147096800995259
ninjaDance,neither,0.03945320844208391,0.33037608806864915,0.630170703489267
bello,neither,0.03945320844208391,0.33037608806864915,0.630170703489267
ninjaBlast1 ninjaBlast2 ninjaBlast3 ninjaBlast3 ninjaBlast3 ninjaBlast3,neither,0.03945320844208391,0.33037608806864915,0.630170703489267
my pc sucks to much. i cant play Apex,neither,0.03338812139107709,0.38326454447869673,0.5833473341302262
Im gunna beat that coughs meat no sus,neither,0.0357518925928167,0.38934267520117827,0.5749054322060052
central,neither,0.03945320844208391,0.33037608806864915,0.630170703489267
"Night stream was 8 hours qgo, feels like longer lol",neither,0.03530933073521193,0.3785375984483302,0.586153070816458
champion ninjaPog,neither,0.03945320844208391,0.33037608806864915,0.630170703489267
are you in the apex tournament?,neither,0.07676746038160698,0.3129793648177149,0.6102531748006782
You don’t like Fortnite anymore?,neither,0.09115787338284413,0.42942303709057733,0.4794190895265785
LUL,neither,0.03945320844208391,0.33037608806864915,0.630170703489267
west coast time,neither,0.03837123610827465,0.3487399822961723,0.612888781595553
lmao,neither,0.03705015143476208,0.3711622369619404,0.5917876116032975
LU,neither,0.03945320844208391,0.33037608806864915,0.630170703489267
lol,neither,0.020706217963973744,0.4882283491876925,0.4910654328483337
Nice ninja,neither,0.03945320844208391,0.33037608806864915,0.630170703489267
ninjaBlast1 ninjaBlast2 ninjaBlast3 ninjaBlast3 ninjaPog,neither,0.03945320844208391,0.33037608806864915,0.630170703489267
lol,neither,0.020706217963973744,0.4882283491876925,0.4910654328483337
LUL*,neither,0.03945320844208391,0.33037608806864915,0.630170703489267
HAHAHHAHA,neither,0.03945320844208391,0.33037608806864915,0.630170703489267
lmao,neither,0.03705015143476208,0.3711622369619404,0.5917876116032975
LMAO,neither,0.03705015143476208,0.3711622369619404,0.5917876116032975
get some!,neither,0.023540824659180073,0.3777543485240078,0.5987048268168121
Potty words!,neither,0.03945320844208391,0.33037608806864915,0.630170703489267
Sup Ninja,neither,0.03945320844208391,0.33037608806864915,0.630170703489267
LMAO,neither,0.03705015143476208,0.3711622369619404,0.5917876116032975
POG,neither,0.03945320844208391,0.33037608806864915,0.630170703489267
Language LOL,neither,0.029937617491451282,0.4009530660730923,0.5691093164354565
Thank you @ienstein,neither,0.07325166854587051,0.43632638485078484,0.49042194660334476
that was great,neither,0.031738606339660885,0.35644657876003094,0.6118148149003082
welcome back,neither,0.03945320844208391,0.33037608806864915,0.630170703489267
HAHAAHHAHAA,neither,0.03945320844208391,0.33037608806864915,0.630170703489267
Lol,neither,0.020706217963973744,0.4882283491876925,0.4910654328483337
thats so wholesome,neither,0.03941090667497228,0.3765380595827114,0.5840510337423163
Its not after dark yet,neither,0.03285991106358684,0.33677927196184937,0.6303608169745639
this is why we watch,neither,0.03962739234641671,0.3493688960473154,0.6110037116062678
lmfao classic,neither,0.04826962380883155,0.32734371854198585,0.6243866576491826
lol,neither,0.020706217963973744,0.4882283491876925,0.4910654328483337
ninjaAww,neither,0.03945320844208391,0.33037608806864915,0.630170703489267
Lol,neither,0.020706217963973744,0.4882283491876925,0.4910654328483337
HAHAHA I LOVE IT,neither,0.03387603720759298,0.3489862389697151,0.6171377238226918
This is why streamers do randoms lol,neither,0.025831910010462207,0.42306880738683006,0.5510992826027078
hahahah,neither,0.03945320844208391,0.33037608806864915,0.630170703489267
Hahahahahaha,neither,0.03945320844208391,0.33037608806864915,0.630170703489267
!dark,neither,0.03945320844208391,0.33037608806864915,0.630170703489267
It's after dark somewhere.,neither,0.038091408834264665,0.3308444733999197,0.6310641177658156
"ninj play with me, im the best at this game 10/10 got 11 kills by myself",neither,0.028434739579777765,0.4076719844095518,0.5638932760106704
i mean he could do with a better mic but its still fun,neither,0.029746196702435914,0.37143970716610575,0.5988140961314584
"and he remembers not to swear, kid is def a fan",neither,0.05199449183426555,0.305621259457191,0.6423842487085435
will @ninja still do pon pon if he wins?,neither,0.030163445905360638,0.3637916956530541,0.6060448584415853
"""Holy fuck I just shit myself""",offensive_language,0.08414703414094507,0.9158523946900069,5.711690480127304e-07
jgoEw,neither,0.03945320844208391,0.33037608806864915,0.630170703489267
,neither,0.03945320844208391,0.33037608806864915,0.630170703489267
@crickets__ I know right,neither,0.03772648452600981,0.3640217083279442,0.598251807146046
Uptime,neither,0.03945320844208391,0.33037608806864915,0.630170703489267
rip,neither,0.03945320844208391,0.33037608806864915,0.630170703489267
oh my,neither,0.02748693229954249,0.40236076101129065,0.5701523066891669
!uptime,neither,0.03945320844208391,0.33037608806864915,0.630170703489267
Ninja has been streaming for 9 minutes 59 seconds,neither,0.036078828691740394,0.31256560255387583,0.6513555687543837
Ninja w/ the moves,neither,0.03861045018973003,0.3149836190296474,0.6464059307806227
YOURE INSANE,neither,0.05030598756212246,0.3266433196685422,0.6230506927693352
HOLYYYYY SHITBALLS,neither,0.03945320844208391,0.33037608806864915,0.630170703489267
,neither,0.03945320844208391,0.33037608806864915,0.630170703489267
"I wanna say ""oh he's such a nice kid"" but i know imma jinx it after saying that",neither,0.03505765676050783,0.33419060499501657,0.6307517382444756
Clean ninjaaaaa,neither,0.03945320844208391,0.33037608806864915,0.630170703489267
I can’t imagine solo q-ing into Ninja’s game hahahahaha,neither,0.03919144879340083,0.3036523090498418,0.6571562421567574
GOOD WORK TYLER,neither,0.03877378562063613,0.33060977273228787,0.630616441647076
Ninja wrecks,neither,0.03945320844208391,0.33037608806864915,0.630170703489267
