text,top_class,hate_speech,offensive_language,neither
Let’s go!,neither,0.01806316484133749,0.39391011985298136,0.5880267153056813
Hey,neither,0.03945320844208391,0.33037608806864915,0.630170703489267
First,neither,0.02604892428726219,0.3349864360510187,0.6389646396617191
What’s up,neither,0.04549209283961305,0.43877665191533993,0.5157312552450469
No me first,neither,0.02023839990082446,0.41346375124927437,0.5662978488499012
lets go,neither,0.039984317429425154,0.35542799280679366,0.6045876897637812
No me,neither,0.023233758956060772,0.4454448210683549,0.5313214199755844
Nope,neither,0.03945320844208391,0.33037608806864915,0.630170703489267
"Haha, just playing",neither,0.02954152861324099,0.43877862076881563,0.5316798506179434
I type in chat,neither,0.03945320844208391,0.33037608806864915,0.630170703489267
No me,neither,0.023233758956060772,0.4454448210683549,0.5313214199755844
ME,neither,0.018491955366437673,0.460246435692358,0.5212616089412043
no me,neither,0.023233758956060772,0.4454448210683549,0.5313214199755844
Noooo,neither,0.03945320844208391,0.33037608806864915,0.630170703489267
suh duh @Ninja,neither,0.03945320844208391,0.33037608806864915,0.630170703489267
ninjaAmazing ninjaAmazing ninjaAmazing,neither,0.03945320844208391,0.33037608806864915,0.630170703489267
Ninja dominate this,neither,0.03933437660267604,0.33239297450978883,0.6282726488875351
nice,neither,0.03945320844208391,0.33037608806864915,0.630170703489267
What’s goood tyler!,neither,0.044244253532993924,0.3269276445837861,0.62882810188322
Don't let shroud win,neither,0.021285238181505104,0.3718968470427733,0.6068179147757216
Hi Ninja!,neither,0.03945320844208391,0.33037608806864915,0.630170703489267
ninjaIQ,neither,0.03945320844208391,0.33037608806864915,0.630170703489267
!title,neither,0.03945320844208391,0.33037608806864915,0.630170703489267
ninjaPog,neither,0.03945320844208391,0.33037608806864915,0.630170703489267
Let’s goooo,neither,0.024028385875293705,0.36420730681166985,0.6117643073130364
!eggs,neither,0.03945320844208391,0.33037608806864915,0.630170703489267
https://www.youtube.com/watch?v=TdJlxvR-U8U,neither,0.04349866177839444,0.3289846711595917,0.6275166670620138
Jojojo,neither,0.03945320844208391,0.33037608806864915,0.630170703489267
ninjaPon ninjaPon ninjaPon ninjaPon,neither,0.03945320844208391,0.33037608806864915,0.630170703489267
ninjaPon,neither,0.03945320844208391,0.33037608806864915,0.630170703489267
FUCK FORSHITE! Let's go APEX. :),offensive_language,0.10599281385889947,0.8919024653057125,0.0021047208353880877
Hi,neither,0.03945320844208391,0.33037608806864915,0.630170703489267
Yooooo,neither,0.03945320844208391,0.33037608806864915,0.630170703489267
This is going to be a good day,neither,0.056015205971418514,0.34303591714218545,0.6009488768863961
@cpt_lane 😂😂😂😂,neither,0.03945320844208391,0.33037608806864915,0.630170703489267
ninjaK ninjaK,neither,0.03945320844208391,0.33037608806864915,0.630170703489267
tournament starts at 5pm not noon lol,neither,0.033695831494254855,0.3797541890007479,0.5865499795049972
AYYY!!! Senpai is home!!,neither,0.04815316549649696,0.32738377389586376,0.6244630606076391
POMPOM,neither,0.03945320844208391,0.33037608806864915,0.630170703489267
OMG IT DOES?,neither,0.022382481364280834,0.48133521115239825,0.4962823074833209
!,neither,0.03945320844208391,0.33037608806864915,0.630170703489267
DUDE,neither,0.03945320844208391,0.33037608806864915,0.630170703489267
Chi-town baby,neither,0.03945320844208391,0.33037608806864915,0.630170703489267
I COULDA BEEN SLEEPING,neither,0.039144953180888974,0.33560798433325295,0.625247062485858
NOOOOO,neither,0.03945320844208391,0.33037608806864915,0.630170703489267
Lol,neither,0.020706217963973744,0.4882283491876925,0.4910654328483337
hi,neither,0.03945320844208391,0.33037608806864915,0.630170703489267
lmfao,neither,0.05470637918084239,0.32512982320825545,0.6201637976109021
yeah lol,offensive_language,0.011806779804805862,0.5514052530606893,0.43678796713450474
ninja,neither,0.03945320844208391,0.33037608806864915,0.630170703489267
Lol,neither,0.020706217963973744,0.4882283491876925,0.4910654328483337
LUL,neither,0.03945320844208391,0.33037608806864915,0.630170703489267
gawdHYPE gawdHYPE missgHYPE satCHEER satCHEER gawdHYPE dfizzHYPE dfizzHYPE dfizzHYPE gawdHYPE gawdHYPE gawdHYPE gawdHYPE missgHYPE missgHYPE satCHEER satCHEER satCHEER gawdHYPE missgHYPE missgHYPE missgHYPE satCHEER satCHEER satCHEER missgHYPE gawdHYPE dfizzHYPE dfizzHYPE dfizzHYPE gawdHYPE missgHYPE satCHEER,neither,0.03945320844208391,0.33037608806864915,0.630170703489267
ninjaaaaa,neither,0.03945320844208391,0.33037608806864915,0.630170703489267
Tournament starts at 4pm eastern time I’m pretty sure,neither,0.03472198883928384,0.43891113406197557,0.5263668770987405
hey,neither,0.03945320844208391,0.33037608806864915,0.630170703489267
Kappa,neither,0.03945320844208391,0.33037608806864915,0.630170703489267
Please play fornit,neither,0.03945320844208391,0.33037608806864915,0.630170703489267
That’s hilarious lol,neither,0.02651330484793834,0.4453714155035272,0.5281152796485344
oh what good timing,neither,0.0492848113251857,0.2802679809518368,0.6704472077229775
ninjaHype ninjaHype ninjaHype ninjaHype ninjaHype ninjaHype ninjaHype ninjaHype ninjaHype ninjaHype ninjaHype ninjaHype ninjaHype ninjaHype ninjaHype ninjaHype ninjaHype,neither,0.03945320844208391,0.33037608806864915,0.630170703489267
Worth it,neither,0.037296453491641644,0.331117894995404,0.6315856515129544
12 pm Eastern,neither,0.03945320844208391,0.33037608806864915,0.630170703489267
Ninja are you going back to sleep then?,neither,0.08750112952990481,0.3464922768700891,0.5660065936000059
S,neither,0.03945320844208391,0.33037608806864915,0.630170703489267
ninjaHype ninjaHype ninjaHype ninjaHype ninjaHype ninjaHype ninjaHype ninjaHype ninjaHype,neither,0.03945320844208391,0.33037608806864915,0.630170703489267
Well this will be a god squad! Good morning @ninja ninjaPog ninjaPog ninjaPog,neither,0.045806754685637684,0.22311512171992773,0.7310781235944346
Hello!!,neither,0.03945320844208391,0.33037608806864915,0.630170703489267
Ninj has only been sub'd to his own channel for 3 years.. feelsbadman,neither,0.0776635397622308,0.30092289559376756,0.6214135646440017
Oohhhhhhh,neither,0.03945320844208391,0.33037608806864915,0.630170703489267
That was a fast trip,neither,0.03543600784759944,0.37483952239816815,0.5897244697542323
LUL LUL,neither,0.03945320844208391,0.33037608806864915,0.630170703489267
hi,neither,0.03945320844208391,0.33037608806864915,0.630170703489267
ninjaFan ninjaFan ninjaFan ninjaFan ninjaHype ninjaHype ninjaHype,neither,0.03945320844208391,0.33037608806864915,0.630170703489267
Eu starts soon,neither,0.03945320844208391,0.33037608806864915,0.630170703489267
"good morning MODS, Chat and @Ninja",neither,0.044205608020036015,0.1896126308936303,0.7661817610863337
Good luck today my dude!,neither,0.027557165932605442,0.3870130465448869,0.5854297875225076
CrankyNinja emote please,neither,0.03945320844208391,0.33037608806864915,0.630170703489267
get a beer @Ninja,neither,0.03893419546910095,0.33918509273609343,0.6218807117948056
yah YEET!,neither,0.03945320844208391,0.33037608806864915,0.630170703489267
you look dead,neither,0.07133036163799478,0.40347454887569656,0.5251950894863087
yea nij,neither,0.03908133164861177,0.3366878077749653,0.624230860576423
Ninja,neither,0.03945320844208391,0.33037608806864915,0.630170703489267
!followage,neither,0.03945320844208391,0.33037608806864915,0.630170703489267
If you have BTTV type: /Followed ; You can get the bttv add on here: https://goo.gl/ubBaAw,neither,0.07298282171886315,0.4142730566823515,0.5127441215987854
hey Ninja sup chat samcas1Fluffe CoolCat,neither,0.03945320844208391,0.33037608806864915,0.630170703489267
Ninj you have my heart,offensive_language,0.04154900872350649,0.5407222055455626,0.4177287857309309
Get some more sleep lol,neither,0.024888010190839853,0.4057704035701916,0.5693415862389686
Blame it on lack is sleep,neither,0.04226941523962524,0.33990948684768624,0.6178210979126886
After dark,neither,0.03945320844208391,0.33037608806864915,0.630170703489267
Go to sleep then dude @ninja,neither,0.046291107458135985,0.33042448369206406,0.6232844088498001
it didnt notify me you were live and twitch says youre offline,neither,0.05252174160377214,0.33874845984517543,0.6087297985510524
Hi ninja,neither,0.03945320844208391,0.33037608806864915,0.630170703489267
Your message wasn't posted due to conflicts with the channel's moderation settings.why do i keep geting that?,neither,0.042213564737879176,0.3448420426862912,0.6129443925758296
Pew is only 25 k ahead,neither,0.047152150954096146,0.32772806869912047,0.6251197803467835
im gonna look it up,offensive_language,0.03466266568135662,0.4907196092144168,0.4746177251042266
sup bois,neither,0.03945320844208391,0.33037608806864915,0.630170703489267
Play fortnit,neither,0.03945320844208391,0.33037608806864915,0.630170703489267
We missed you!!,neither,0.06355723892297856,0.4010499899950155,0.5353927710820059
GO BACK TO BED,neither,0.04979795191869421,0.33036272311020737,0.6198393249710983
DO IT,neither,0.039361844991312706,0.33040751214889547,0.6302306428597919
hi ninja,neither,0.03945320844208391,0.33037608806864915,0.630170703489267
ninja gots the biggest balls,neither,0.04403131652746067,0.4331736294443919,0.5227950540281474
YOOOOOO,neither,0.03945320844208391,0.33037608806864915,0.630170703489267
yeah moooooon,offensive_language,0.013968601452186464,0.5182923869769311,0.4677390115708824
ATTA BOY @Ninja,neither,0.03945320844208391,0.33037608806864915,0.630170703489267
We need you fresh for this tourney dog,neither,0.04653158658358794,0.3414223678825674,0.6120460455338447
Can't wait till you get back on your normal stream schedule... plox... Miss your streams.,neither,0.07650957494191715,0.3557827803232475,0.5677076447348353
that tourney is today?,neither,0.04396505734155654,0.3578010976149803,0.5982338450434631
Absolute Unit,neither,0.03945320844208391,0.33037608806864915,0.630170703489267
"joo Ninja, whatzupp?",neither,0.03945320844208391,0.33037608806864915,0.630170703489267
Big Balls!,offensive_language,0.026062049378973575,0.6437324420178367,0.33020550860318976
someone had a rough night. CrankyNinJa,neither,0.03261003378361305,0.3301620223495405,0.6372279438668463
maaaaaaan,neither,0.03945320844208391,0.33037608806864915,0.630170703489267
What you sick?,neither,0.08194584785344605,0.39880521076727077,0.5192489413792831
You doing tourney later?,neither,0.06309031820676043,0.39534632181635276,0.5415633599768868
Twitch is NOT the same without you!!!,neither,0.06053570195203944,0.36254660350695317,0.5769176945410074
25k left,neither,0.03945320844208391,0.33037608806864915,0.630170703489267
ninjaCreep ninjaCreep ninjaCreep ninjaCreep ninjaCreep MindManners MindManners,neither,0.03945320844208391,0.33037608806864915,0.630170703489267
!uptime,neither,0.03945320844208391,0.33037608806864915,0.630170703489267
Ninja go to bed if your tired,neither,0.04976925177820635,0.36975510386250093,0.5804756443592927
Ninja has been streaming for 6 minutes 24 seconds,neither,0.03589154308062909,0.3115756819731111,0.6525327749462598
G,neither,0.03945320844208391,0.33037608806864915,0.630170703489267
I wanna see you shred shroud,neither,0.07207820460765225,0.4172658724560847,0.5106559229362629
Lit fam,neither,0.03945320844208391,0.33037608806864915,0.630170703489267
Get and sleep ninja,neither,0.03818428486038519,0.2994237714823115,0.6623919436573034
"Guarantee your PC gaming performance with BLD by NZXT. The simplest way to get a customized gaming PC. Choose the games you want to play, set a budget, and BLD takes care of the rest. Built and shipped within 48 hours with a 2-year warranty. https://nzxt.co/Ninja ninja10 ninja10",neither,0.046024978110057846,0.33494880951390904,0.6190262123760332
Ready for this tourney baby,neither,0.03257106039382985,0.29832071654070685,0.6691082230654634
Yes,neither,0.03945320844208391,0.33037608806864915,0.630170703489267
Ninja = Twitch,neither,0.03945320844208391,0.33037608806864915,0.630170703489267
Who are you playing with @ninja in the 50k!,neither,0.05945690884876374,0.393752541849887,0.5467905493013494
go to bed and come back later,neither,0.04431287442048773,0.3183393244458791,0.6373478011336332
GET OFF,neither,0.03842315843027751,0.3478587249853213,0.6137181165844012
what do you like most about this game Tyler?,neither,0.06964096851510727,0.3619004152339038,0.5684586162509888
COFFEE,neither,0.05312950063699334,0.09825371724258368,0.848616782120423
Did you sleep on the plane?,neither,0.050582454177096475,0.3701181465948836,0.57929939922802
Welcome back kid!!! LFG,neither,0.039026729867694884,0.33761454249641804,0.6233587276358872
Why?,neither,0.016768318525353994,0.3685911158159394,0.6146405656587067
Yoooo,neither,0.03945320844208391,0.33037608806864915,0.630170703489267
You and KR gonna kill it,hate_speech,0.6459162839684716,0.1551503744584042,0.1989333415731243
What’s time is the tourney,neither,0.060872413731196416,0.32424708917392897,0.6148804970948746
Does no one read the stream title lol,neither,0.024484028720278904,0.4663941425266694,0.5091218287530517
Get a red bull ninjaCreep,neither,0.038707662479732285,0.3384534485904366,0.6228388889298311
@Ninja you look like you got hit by truck man haha. You ok ? hah,offensive_language,0.07882598187263073,0.569791508679781,0.35138250944758825
Sleep on the plane at least?,neither,0.03560661714134611,0.34842655322000243,0.6159668296386515
MODS why does my message keep getting taken down?,offensive_language,0.01706493448523996,0.5141979146103087,0.4687371509044513
get some sleep,neither,0.028066695909178773,0.36228888392130976,0.6096444201695116
hi papa,neither,0.03945320844208391,0.33037608806864915,0.630170703489267
Ur goated,neither,0.11135830178054541,0.3056446292181725,0.5829970690012822
7p u mean?,neither,0.03945320844208391,0.33037608806864915,0.630170703489267
Ft,neither,0.03945320844208391,0.33037608806864915,0.630170703489267
Time of the tourney,neither,0.035902517609923836,0.33713436683046505,0.6269631155596112
You're gonna get sick again bro,neither,0.07109928157400805,0.4267037232329127,0.5021969951930791
waduup frieeends ninjaTooth ninjaTooth ninjaTooth ninjaTooth,neither,0.03945320844208391,0.33037608806864915,0.630170703489267
ninja did you see what cizz reacted to ur video,neither,0.1056293304788059,0.27240165253193116,0.621969016989263
you got Ninja UN @Ninja ?,neither,0.047995405676477004,0.3866049711355693,0.5653996231879537
,neither,0.03945320844208391,0.33037608806864915,0.630170703489267
Can you play fornie 1 this week,neither,0.06095564930962822,0.3852272633903787,0.553817087299993
you look sleepy,neither,0.06246839057965228,0.3850202802684997,0.5525113291518481
7am last night u need rest,neither,0.03181616051111615,0.328612287995196,0.6395715514936879
Who is he playing with??,neither,0.04087124022853483,0.44766791264998385,0.5114608471214813
pog,neither,0.03945320844208391,0.33037608806864915,0.630170703489267
ninjaBlank ninjaBlank ninjaBlank ninjaBlank ninjaBlank ninjaBlank ninjaBlank ninjaBlank ninjaBlank ninjaBlank ninjaBlank ninjaBlank ninjaBlank ninjaBlank ninjaBlank,neither,0.03945320844208391,0.33037608806864915,0.630170703489267
Dude go get some sleep,neither,0.03158381118409922,0.3591163443386057,0.6092998444772951
You look like you got hit by this truck,offensive_language,0.09200473868667516,0.5339520379975227,0.3740432233158021
"Wait, Ninja, you got your name?? POG",neither,0.08974923020866343,0.4093555800561106,0.500895189735226
!uptime,neither,0.03945320844208391,0.33037608806864915,0.630170703489267
Ninja has been streaming for 7 minutes 56 seconds,neither,0.03605278841535164,0.31242796755837576,0.6515192440262725
"4pm EST is when the American one starts, EU starts at 12pm",neither,0.03815935516254885,0.3460171611949219,0.6158234836425294
Then come back rested,neither,0.037223528377041064,0.3682195777737029,0.5945568938492561
Hi,neither,0.03945320844208391,0.33037608806864915,0.630170703489267
Pog,neither,0.03945320844208391,0.33037608806864915,0.630170703489267
king went to bed said he would be back around 3ish,neither,0.048420600005700316,0.3248437670133229,0.6267356329809768
Hold up..... his name is just ninja now,neither,0.05970976608158891,0.3868045157303774,0.5534857181880338
How are you ninja?❤️❤️❤️looking tired ninjaH,neither,0.08349229724410286,0.3276635616657435,0.5888441410901536
ninjaaaaaaaaaaaaaaa,neither,0.03945320844208391,0.33037608806864915,0.630170703489267
Texaaaaaaaaaaaa,neither,0.03945320844208391,0.33037608806864915,0.630170703489267
hi,neither,0.03945320844208391,0.33037608806864915,0.630170703489267
@Ninja its at 3 central for NA,neither,0.030740920264413052,0.32665438270889857,0.6426046970266884
No more BFV pog,neither,0.0414033953804817,0.33869422621718615,0.6199023784023323
Oh shit @ninja how did you get just ninja in your name,offensive_language,0.08201930483457859,0.8796217474169621,0.038358947748459354
what do you like most about this game?,neither,0.07922910810055564,0.3691727509370036,0.5515981409624409
JESUS,neither,0.03945320844208391,0.33037608806864915,0.630170703489267
!uptime,neither,0.03945320844208391,0.33037608806864915,0.630170703489267
Ninja has been streaming for 8 minutes 43 seconds,neither,0.0360345779618468,0.3123317160148309,0.6516337060233222
@texa hey there bud,neither,0.03937644039846094,0.285385396605976,0.675238162995563
Hi,neither,0.03945320844208391,0.33037608806864915,0.630170703489267
Text hello,neither,0.03371572949598552,0.42775607941079896,0.5385281910932155
From where @ninja,neither,0.04262539761142981,0.27653575911081824,0.6808388432777519
Ninj this is euro start time,neither,0.045543775839463424,0.34669496953545825,0.6077612546250784
@Ninja its at 3 central for NA not sure if youve been told already,neither,0.022394620074409826,0.43113063522113854,0.5464747447044517
And my ears will never be the same.,neither,0.027563098813035567,0.37779377325982394,0.5946431279271405
"Good Morning, everyone!!!",neither,0.040724576765085965,0.29551443435292063,0.6637609888819933
yo what up b @johnnymack96,offensive_language,0.044616915828757514,0.5411059847233419,0.41427709944790064
holy megaphone mic what the hell,offensive_language,0.04528701518606378,0.6657324789895596,0.2889805058243766
I mean texa hello,neither,0.03945320844208391,0.33037608806864915,0.630170703489267
@sparklezz LMAO,neither,0.03705015143476208,0.3711622369619404,0.5917876116032975
That’s one loud ass mic,offensive_language,0.09243320646156404,0.9020706472029437,0.005496146335492207
No more Big Fucking Value.. Sad day,offensive_language,0.0723176094632874,0.9206092527597518,0.007073137776960779
@texa Ready for this tournament dub,neither,0.034924298265672366,0.3092141746809091,0.6558615270534186
sick you got the name in Ninja in game ninjaHype,neither,0.04877154993046163,0.3511873826702496,0.6000410673992888
Lmao,neither,0.03705015143476208,0.3711622369619404,0.5917876116032975
Op!!!,neither,0.03945320844208391,0.33037608806864915,0.630170703489267
Yikes,neither,0.03945320844208391,0.33037608806864915,0.630170703489267
SICK,neither,0.03945320844208391,0.33037608806864915,0.630170703489267
Nice,neither,0.03945320844208391,0.33037608806864915,0.630170703489267
Pog,neither,0.03945320844208391,0.33037608806864915,0.630170703489267
POG,neither,0.03945320844208391,0.33037608806864915,0.630170703489267
Double mozambique headshot with the finisher. Cold,neither,0.027265661438946938,0.3527542225310448,0.6199801160300081
Hi Ninja! ninjaAmazing,neither,0.03945320844208391,0.33037608806864915,0.630170703489267
POG TOURNEMANT,neither,0.03945320844208391,0.33037608806864915,0.630170703489267
@texa Looks like ninja got confused by the times too missgHEHE,neither,0.045832085223138065,0.39789604289270064,0.5562718718841613
Apex tourney?,neither,0.03945320844208391,0.33037608806864915,0.630170703489267
ninjaPog,neither,0.03945320844208391,0.33037608806864915,0.630170703489267
!give,neither,0.03945320844208391,0.33037608806864915,0.630170703489267
ninjaPon Ninja take onemoistmelon's energy ninjaPon,neither,0.03945320844208391,0.33037608806864915,0.630170703489267
its ok i'll ninja the title,neither,0.034169756401031016,0.32018051731378827,0.6456497262851807
THATS SICK Pog,neither,0.03945320844208391,0.33037608806864915,0.630170703489267
ninja10 ninja10 ninja10 ninja10 ninja10,neither,0.03945320844208391,0.33037608806864915,0.630170703489267
!uptime,neither,0.03945320844208391,0.33037608806864915,0.630170703489267
Ninja has been streaming for 10 minutes 12 seconds,neither,0.03604513588986939,0.31238752013476695,0.6515673439753635
ninjaAmazing,neither,0.03945320844208391,0.33037608806864915,0.630170703489267
ninjaHype ninjaHype ninjaHype ninjaHype,neither,0.03945320844208391,0.33037608806864915,0.630170703489267
Ayyyyyy ninja!!!!!,neither,0.03945320844208391,0.33037608806864915,0.630170703489267
ninja10 ninja10 ninja10 ninja10 ninja10 ninja10 ninja10 ninja10 ninja10,neither,0.03945320844208391,0.33037608806864915,0.630170703489267
ninjaRed ninjaBull,neither,0.03945320844208391,0.33037608806864915,0.630170703489267
ninjaHype ninjaHype ninjaHype,neither,0.03945320844208391,0.33037608806864915,0.630170703489267
Op,neither,0.03945320844208391,0.33037608806864915,0.630170703489267
let’s gooo,neither,0.024028385875293705,0.36420730681166985,0.6117643073130364
ninjaFan ninjaFan ninjaFan ninjaFan ninjaFan ninjaFan,neither,0.03945320844208391,0.33037608806864915,0.630170703489267
wtf?,offensive_language,0.04410695246022759,0.7898861884776351,0.16600685906213722
Smart of them,neither,0.05907850802572902,0.31967251521426404,0.6212489767600069
joeheyOhReally joeheyOhReally,neither,0.03945320844208391,0.33037608806864915,0.630170703489267
ninjaThrow ninjaThrow ninjaThrow ninjaThrow ninjaThrow ninjaThrow ninjaThrow,neither,0.03945320844208391,0.33037608806864915,0.630170703489267
you should have slept,offensive_language,0.08335547075066917,0.46100809740454174,0.45563643184478914
highdGasp,neither,0.03945320844208391,0.33037608806864915,0.630170703489267
