text,top_class,hate_speech,offensive_language,neither
ninjaToxic ninjaToxic ninjaToxic ninjaToxic,neither,0.03945320844208391,0.33037608806864915,0.630170703489267
ninjaFire BagOfMemes ninjaTube ninjaCRINJA,neither,0.03945320844208391,0.33037608806864915,0.630170703489267
ninjaPog,neither,0.03945320844208391,0.33037608806864915,0.630170703489267
ninjaTooth,neither,0.03945320844208391,0.33037608806864915,0.630170703489267
ninjaBomb ninjaBomb ninjaBomb ninjaBomb ninjaBomb ninjaBomb,neither,0.03945320844208391,0.33037608806864915,0.630170703489267
ResidentSleeper,neither,0.03945320844208391,0.33037608806864915,0.630170703489267
ninjaBlast1 ninjaBlast1 ninjaTroll ninjaBlast1 ninjaClap ninjaCreep ninjaCry ninjaBlast1 ninjaBlast1 PogChamp ninjaCreep ninjaCreep ninjaCry ninjaCry ninjaFan ninjaWifey ninjaFan ninjaTilt ninjaTilt ninjaTilt,neither,0.03945320844208391,0.33037608806864915,0.630170703489267
ninjaFan mcatRave ninjaFan teaRage ninjaFan sumPirate ninjaSplode,neither,0.03945320844208391,0.33037608806864915,0.630170703489267
ninjaPog ninjaPog ninjaPog ninjaPog,neither,0.03945320844208391,0.33037608806864915,0.630170703489267
Refresh boyos,neither,0.03945320844208391,0.33037608806864915,0.630170703489267
TriHard TriHard TriHard TriHard,neither,0.03945320844208391,0.33037608806864915,0.630170703489267
ninjaBlast1 ninjaBlast2 ninjaBlast3,neither,0.03945320844208391,0.33037608806864915,0.630170703489267
ninjaTilt ninjaTilt,neither,0.03945320844208391,0.33037608806864915,0.630170703489267
PogChamp PogChamp PogChamp,neither,0.03945320844208391,0.33037608806864915,0.630170703489267
ninjaBlank,neither,0.03945320844208391,0.33037608806864915,0.630170703489267
ninjaBlast1 ninjaBlast2 ninjaBlast3 ninjaBlast3,neither,0.03945320844208391,0.33037608806864915,0.630170703489267
ninjaCreep ninjaClap ninjaCreep,neither,0.03945320844208391,0.33037608806864915,0.630170703489267
ninjaButton ninjaButton,neither,0.03945320844208391,0.33037608806864915,0.630170703489267
ninjaPog ninjaPog,neither,0.03945320844208391,0.33037608806864915,0.630170703489267
ninjaHype,neither,0.03945320844208391,0.33037608806864915,0.630170703489267
,neither,0.03945320844208391,0.33037608806864915,0.630170703489267
Stream is back up. Refresh if you can't see it,neither,0.037740732038074556,0.4371217108423827,0.5251375571195428
FortOne,neither,0.03945320844208391,0.33037608806864915,0.630170703489267
ninjaIQ ninjaIQ ninjaIQ ninjaIQ ninjaIQ ninjaIQ ninjaIQ,neither,0.03945320844208391,0.33037608806864915,0.630170703489267
ninjaS ninjaS ninjaS ninjaS,neither,0.03945320844208391,0.33037608806864915,0.630170703489267
ninjaBlank ninjaAmazing ninjaAww ninjaGold ninjaHi ninjaCart,neither,0.03945320844208391,0.33037608806864915,0.630170703489267
ninjaBlast1 ninjaBlast2 ninjaBlast3 ninjaBlast3 ninjaBlast3 ninjaBlast3 ninjaBlast3 ninjaBlast3 ninjaBlast3,neither,0.03945320844208391,0.33037608806864915,0.630170703489267
ninjaHi,neither,0.03945320844208391,0.33037608806864915,0.630170703489267
Back baby,neither,0.03945320844208391,0.33037608806864915,0.630170703489267
courageIQ courageIQ courageIQ courageIQ,neither,0.03945320844208391,0.33037608806864915,0.630170703489267
ninjaThrow ninjaStars ninjaHS ninjaBlood ninjaFire,neither,0.03945320844208391,0.33037608806864915,0.630170703489267
Hey ninja!,neither,0.03945320844208391,0.33037608806864915,0.630170703489267
ninjaCry,neither,0.03945320844208391,0.33037608806864915,0.630170703489267
And we back,neither,0.03803970376536169,0.2703451007816765,0.6916151954529617
We back,neither,0.039166053543719236,0.33524985610846453,0.6255840903478163
ninjaClap ninjaClap ninjaClap ninjaClap,neither,0.03945320844208391,0.33037608806864915,0.630170703489267
emote only ResidentSleeper,neither,0.03945320844208391,0.33037608806864915,0.630170703489267
:),neither,0.03945320844208391,0.33037608806864915,0.630170703489267
7 minutes!!,neither,0.03945320844208391,0.33037608806864915,0.630170703489267
POGGERS,neither,0.03945320844208391,0.33037608806864915,0.630170703489267
ninjaPon ninjaPon,neither,0.03945320844208391,0.33037608806864915,0.630170703489267
ninjaPon,neither,0.03945320844208391,0.33037608806864915,0.630170703489267
LETS GET THIS BREAD,neither,0.03850713565762622,0.3464334122741145,0.6150594520682593
"we back baby, ninjaGold ninjaGold ninjaGold ninjaGold ninjaGold ninjaGold ninjaGold ninjaGold ninjaGold ninjaGold ninjaGold ninjaGold ninjaGold ninjaGold",neither,0.039239416830425845,0.3340046896701319,0.6267558934994423
ninjaPrime ninjaTube ninjaToxic,neither,0.03945320844208391,0.33037608806864915,0.630170703489267
1st,neither,0.03945320844208391,0.33037608806864915,0.630170703489267
Is it about to start?,neither,0.05697178626207985,0.3569595991055425,0.5860686146323776
Stream is back up. Refresh if you can't see it,neither,0.037740732038074556,0.4371217108423827,0.5251375571195428
I’ll stop with questions know but what is this tournament everyone keeps talking about,neither,0.03371967697725627,0.46155578599409564,0.5047245370286482
refresh,neither,0.03945320844208391,0.33037608806864915,0.630170703489267
ninjaPon ninjaPon ninjaPon ninjaPon ninjaPon ninjaPon ninjaPon ninjaPon ninjaPon,neither,0.03945320844208391,0.33037608806864915,0.630170703489267
ninjaFire ninjaFire ninjaFire ninjaFire ninjaFire ninjaFire ninjaGold ninjaGold ninjaGold,neither,0.03945320844208391,0.33037608806864915,0.630170703489267
lets goooooo ninj,neither,0.0381375099945381,0.3527069244228318,0.6091555655826302
WHAT IS UP NINJAAAAA,neither,0.06373696261214323,0.41611123090648383,0.520151806481373
f,neither,0.03945320844208391,0.33037608806864915,0.630170703489267
1 minute my ass bruh,offensive_language,0.07526236189306543,0.9235490901132872,0.0011885479936474615
ninjaPog ninjaHype ninjaHype,neither,0.03945320844208391,0.33037608806864915,0.630170703489267
lets get it,neither,0.035792812152059726,0.3614291354098794,0.6027780524380607
boys,neither,0.03945320844208391,0.33037608806864915,0.630170703489267
Yeat,neither,0.03945320844208391,0.33037608806864915,0.630170703489267
LETS GOOOO,neither,0.03868305123800957,0.34344766577192837,0.6178692829900622
ninjaFire ninjaFire ninjaFire ninjaFire ninjaFire ninjaFire ninjaFire ninjaGold ninjaGold ninjaGold ninjaGold ninjaGold ninjaGold ninjaGold ninjaGold,neither,0.03945320844208391,0.33037608806864915,0.630170703489267
wheres the bracket,neither,0.038372653207642965,0.3105039192898759,0.6511234275024811
gg man i was the LIZARD HARRY,neither,0.038591298759302124,0.37012244357801616,0.5912862576626817
ninjaCreep ninjaCreep ninjaCreep ninjaCreep ninjaCreep ninjaCreep,neither,0.03945320844208391,0.33037608806864915,0.630170703489267
yerp,neither,0.03945320844208391,0.33037608806864915,0.630170703489267
uptime!,neither,0.03945320844208391,0.33037608806864915,0.630170703489267
what are the money rewards for this tournament,neither,0.059618119874433884,0.25305941537708077,0.6873224647484854
Hi,neither,0.03945320844208391,0.33037608806864915,0.630170703489267
4 hours of greatness,neither,0.03945320844208391,0.33037608806864915,0.630170703489267
about 16 games,neither,0.037756585710839154,0.3591722036503647,0.6030712106387961
!uptime,neither,0.03945320844208391,0.33037608806864915,0.630170703489267
when do games start counting?,neither,0.032189463526595616,0.3713252229067111,0.5964853135666933
Ninja has been streaming for 2 minutes 4 seconds,neither,0.035678679601720456,0.31045049647393935,0.6538708239243401
@TheeRedVelvet ninjaGold ninjaGold ninjaGold ninjaGold ninjaGold ninjaGold ninjaGold ninjaGold,neither,0.03945320844208391,0.33037608806864915,0.630170703489267
ninjaPon ninjaPon ninjaPon ninjaPon ninjaPon ninjaPon,neither,0.03945320844208391,0.33037608806864915,0.630170703489267
ninjaPon,neither,0.03945320844208391,0.33037608806864915,0.630170703489267
TriHard TriHard TriHard TriHard,neither,0.03945320844208391,0.33037608806864915,0.630170703489267
!uptime,neither,0.03945320844208391,0.33037608806864915,0.630170703489267
Ninja has been streaming for 2 minutes 17 seconds,neither,0.03593487329507504,0.31180471472147375,0.6522604119834512
tim is on . poor guy pushing thru,neither,0.0424423079384733,0.3429892552310911,0.6145684368304356
"sicko mode ninj, lets get it",neither,0.03696162296643741,0.3513468685104717,0.6116915085230908
ninjaHi everyone,offensive_language,0.02988896790634741,0.4927062106388782,0.4774048214547744
!twitchfivals,neither,0.03945320844208391,0.33037608806864915,0.630170703489267
GRIP IT AND RIP IT,neither,0.03645571493644795,0.29760818542093764,0.6659360996426144
ninjaBomb ninjaBomb ninjaBomb ninjaBomb,neither,0.03945320844208391,0.33037608806864915,0.630170703489267
16 to 20 games max,neither,0.04446075338547399,0.32742704952372775,0.6281121970907982
!twitchrivals,neither,0.03945320844208391,0.33037608806864915,0.630170703489267
teaTaco teaBlind tea7 teaRly is that my lucky taco?,neither,0.03165537000280574,0.44491150917486205,0.5234331208223323
"Each player and their squad will compete in their own public matches. Each kill will be worth 1 point and each win will be worth 5, at the end of the competition, teams will add up their scores with the highest teams getting a share of the $50,000 prize pool.",neither,0.07265367304743552,0.31489460218428245,0.6124517247682821
!twitchrivals,neither,0.03945320844208391,0.33037608806864915,0.630170703489267
This is the least toxic chat I have ever seen,neither,0.0446948310823508,0.3235611689446533,0.6317439999729959
ninjaFood ninjaFan,neither,0.03945320844208391,0.33037608806864915,0.630170703489267
lol,neither,0.020706217963973744,0.4882283491876925,0.4910654328483337
!twitchrivals,neither,0.03945320844208391,0.33037608806864915,0.630170703489267
4 hrs of intense energy and alpha unit playstyle,neither,0.03897318718853763,0.3070157270449271,0.6540110857665352
hello,neither,0.03945320844208391,0.33037608806864915,0.630170703489267
Tilted!,neither,0.03945320844208391,0.33037608806864915,0.630170703489267
here we go baby,neither,0.10679210830013537,0.28884081175699616,0.6043670799428685
!twichrivals,neither,0.03945320844208391,0.33037608806864915,0.630170703489267
when does it start?,offensive_language,0.016657143906209267,0.5095962980709364,0.4737465580228543
is this the tourney?,neither,0.05826455335773012,0.2920297504162585,0.6497056962260115
shroud is killing it right now wow,neither,0.044546708664371965,0.3453845838998868,0.6100687074357413
ninja drink all the red bull you need you got this boyy,neither,0.060085609816093365,0.4557347346763571,0.4841796555075495
halienKing halienKing,neither,0.03945320844208391,0.33037608806864915,0.630170703489267
!standings,neither,0.03945320844208391,0.33037608806864915,0.630170703489267
Twitch Rivals: Apex Full Standings - https://goo.gl/ZkMWZw,neither,0.05350039507305643,0.3255446164440509,0.6209549884828927
Is this tourney?,neither,0.06444388513749441,0.32581973129223984,0.6097363835702658
6 min,neither,0.03945320844208391,0.33037608806864915,0.630170703489267
ninjaHype ninjaHype,neither,0.03945320844208391,0.33037608806864915,0.630170703489267
yes this is a Torney,neither,0.05308062298782461,0.32813447474430346,0.618784902267872
Oh yh yh,neither,0.04247477315413994,0.3011412805707306,0.6563839462751294
4 hours boys. get some popcorn and strap in!,neither,0.03293791564790191,0.3179552127141222,0.649106871637976
ye ye ye ye ye ye ye ye ye,neither,0.03945320844208391,0.33037608806864915,0.630170703489267
Is there other streamers in their lobby?,neither,0.0466350231206279,0.29062558440103997,0.662739392478332
!sens,neither,0.03945320844208391,0.33037608806864915,0.630170703489267
!sensitivity,neither,0.03945320844208391,0.33037608806864915,0.630170703489267
ninjaPopcorn ninjaPopcorn ninjaPopcorn ninjaPopcorn,neither,0.03945320844208391,0.33037608806864915,0.630170703489267
how does this work,neither,0.024094254019682394,0.4755975660776991,0.5003081799026187
That’s not funny,neither,0.03079372530917651,0.42268449944791886,0.5465217752429046
ninjaHype ninjaHype ninjaHype ninjaHype ninjaHype,neither,0.03945320844208391,0.33037608806864915,0.630170703489267
KappaHD,neither,0.03945320844208391,0.33037608806864915,0.630170703489267
!sense,neither,0.03945320844208391,0.33037608806864915,0.630170703489267
!Fov,neither,0.03945320844208391,0.33037608806864915,0.630170703489267
"@Hogwarts_208 not by design, and because oif streamer mode we dont know until they die",neither,0.10658567781811237,0.21560063072624056,0.6778136914556472
KappaHD KappaHD KappaHD KappaHD KappaHD KappaHD KappaHD KappaHD KappaHD KappaHD KappaHD KappaHD StoneLightning KappaHD KappaHD KappaHD KappaHD KappaHD KappaHD KappaHD KappaHD,neither,0.03945320844208391,0.33037608806864915,0.630170703489267
ninja10 ninja10 ninja10 ninja10 ninja10 ninja10 ninja10 ninja10 ninja10 ninja10 ninja10,neither,0.03945320844208391,0.33037608806864915,0.630170703489267
!TwitchRivals,neither,0.03945320844208391,0.33037608806864915,0.630170703489267
"Each player and their squad will compete in their own public matches. Each kill will be worth 1 point and each win will be worth 5, at the end of the competition, teams will add up their scores with the highest teams getting a share of the $50,000 prize pool.",neither,0.07265367304743552,0.31489460218428245,0.6124517247682821
LUL,neither,0.03945320844208391,0.33037608806864915,0.630170703489267
Can someone message me how the tournament works so I can better enjoy it ninjaH,neither,0.03431862107857203,0.36263538677594537,0.6030459921454826
@ninja Good luck in the tourney bro!,neither,0.03819776301279605,0.3171851215601026,0.6446171154271014
ninjaHype ninjaHype ninjaHype ninjaHype ninjaHype ninjaHype ninjaHype ninjaHype ninjaHype ninjaHype ninjaHype,neither,0.03945320844208391,0.33037608806864915,0.630170703489267
KappaHD KappaHD KappaHD KappaHD,neither,0.03945320844208391,0.33037608806864915,0.630170703489267
dude shroud has popped off since this game its insane,neither,0.03518626559020732,0.300684796527933,0.6641289378818597
How many points does he have,neither,0.03045446669021905,0.44752061994474956,0.5220249133650314
"shroud, dr disrespect , tim and ninja alone will get like 250k views lol",neither,0.04029831644702333,0.3374529487490391,0.6222487348039376
ninjaPon ninjaPon ninjaPon ninjaPon ninjaPon ninjaPon ninjaPon ninjaPon ninjaPon ninjaPon ninjaPon ninjaPon ninjaPon ninjaPon ninjaPon ninjaPon ninjaPon ninjaHype ninjaHype ninjaHype ninjaHype ninjaPon ninjaPon ninjaPon ninjaPon ninjaPon ninjaPon ninjaHype ninjaHype ninjaHype ninjaHype ninjaHype ninjaHype,neither,0.03945320844208391,0.33037608806864915,0.630170703489267
ninjaPon,neither,0.03945320844208391,0.33037608806864915,0.630170703489267
"@seawollf 1 point per kill, 5 for a win",neither,0.2828846277376101,0.19011596751608856,0.5269994047463014
Hey chat what’s a yuppie?,neither,0.04388627947765338,0.32717853256975205,0.6289351879525945
TriHard TriHard TriHard TriHard,neither,0.03945320844208391,0.33037608806864915,0.630170703489267
PON PON DANCE,neither,0.03945320844208391,0.33037608806864915,0.630170703489267
ninjaPon ninjaPon ninjaPon ninjaPon ninjaPon,neither,0.03945320844208391,0.33037608806864915,0.630170703489267
,neither,0.03945320844208391,0.33037608806864915,0.630170703489267
hey,neither,0.03945320844208391,0.33037608806864915,0.630170703489267
Ninja had a tonnnn or views earlier,neither,0.03945320844208391,0.33037608806864915,0.630170703489267
Someone said that to me the other day and I didn’t know how to respond...,neither,0.029646270401718758,0.3602722625416808,0.6100814670566004
he just strarted dosn't have any points yet,neither,0.03939265874642709,0.35528611013593897,0.605321231117634
poop in a coupe,neither,0.03945320844208391,0.33037608806864915,0.630170703489267
@MeganNicole he just restarted stream thats why,neither,0.02975956177325573,0.36192278026224856,0.6083176579644957
!TwitchRivals,neither,0.03945320844208391,0.33037608806864915,0.630170703489267
"Each player and their squad will compete in their own public matches. Each kill will be worth 1 point and each win will be worth 5, at the end of the competition, teams will add up their scores with the highest teams getting a share of the $50,000 prize pool.",neither,0.07265367304743552,0.31489460218428245,0.6124517247682821
@R0B0JAK wait really? lmao i dont think people have used that phrase in decades,neither,0.05182906035192575,0.36327577869065275,0.5848951609574214
@ninja I LOVE YOU ninjaTooth ninjaTooth ninjaTooth ninjaClap ninjaClap ninjaClap ninjaAdore ninjaAdore ninjaAdore,neither,0.055614303534325615,0.40605032358192344,0.538335372883751
this game is almost as good as Halo 5 LUL,neither,0.04078449713282944,0.34507784086599746,0.6141376620011731
@R0B0JAK someone who makes a lot of $ and spends it lol,neither,0.03263756686530642,0.38556132773787966,0.581801105396814
were back baby,neither,0.039847550961937324,0.3031219596486145,0.6570304893894481
@psychokiiiah thanks I just got home from doctor. Do you know the points?,neither,0.044714922441565844,0.36732819031477654,0.5879568872436576
@probablymylastlogin lol,neither,0.020706217963973744,0.4882283491876925,0.4910654328483337
what is ninjas sensitivity,neither,0.08191733112755817,0.31109320414220176,0.6069894647302402
Classic...,neither,0.03945320844208391,0.33037608806864915,0.630170703489267
I don't think being separated is a good idea,neither,0.04133680165596711,0.3427748689597674,0.6158883293842655
!uptime,neither,0.03945320844208391,0.33037608806864915,0.630170703489267
Ninja has been streaming for 5 minutes 49 seconds,neither,0.036078828691740394,0.31256560255387583,0.6513555687543837
@MeganNicole each kill is 1 point and each win is 5 points,neither,0.21305944458696738,0.22438970694515728,0.5625508484678754
Let's gooo. Ready to watch ninja pop off,neither,0.03657429112678017,0.3322647829952077,0.6311609258780121
,neither,0.03945320844208391,0.33037608806864915,0.630170703489267
!standings,neither,0.03945320844208391,0.33037608806864915,0.630170703489267
Twitch Rivals: Apex Full Standings - https://goo.gl/ZkMWZw,neither,0.05350039507305643,0.3255446164440509,0.6209549884828927
ninjaHype ninjaHype ninjaHype,neither,0.03945320844208391,0.33037608806864915,0.630170703489267
@R0B0JAK it was like materialistic young businessmen in the 80s,neither,0.0425411675280929,0.3666338962180536,0.5908249362538536
@spartanbeast431 idk hes not super tough. If you call him names he gets sad,neither,0.03796035539581266,0.3903239406693982,0.5717157039347892
Shroud is such a viewer hog people need to go to dizzy,neither,0.081820885014515,0.3178480194823938,0.6003310955030913
@spartanbeast431 probably max lol that's why you feel like you have to puke lol,offensive_language,0.046220966969246706,0.5242923093199416,0.42948672371081165
@psychokiiiah does ninja have points yet?,neither,0.02823047967813069,0.4374238596740961,0.5343456606477733
Hahaha,neither,0.03945320844208391,0.33037608806864915,0.630170703489267
3 min yo back out,neither,0.03503434641645785,0.42208977018246824,0.5428758834010738
!twitchrivals,neither,0.03945320844208391,0.33037608806864915,0.630170703489267
"Each player and their squad will compete in their own public matches. Each kill will be worth 1 point and each win will be worth 5, at the end of the competition, teams will add up their scores with the highest teams getting a share of the $50,000 prize pool.",neither,0.07265367304743552,0.31489460218428245,0.6124517247682821
whaddup chat,neither,0.03945320844208391,0.33037608806864915,0.630170703489267
@MeganNicole im not sure if it started yet its suppose to start in 3 minutes,neither,0.024462680256160867,0.46127501029188667,0.5142623094519525
"Shroud's chat so toxic, SMH. I don't know why I even look.",neither,0.03974104867107803,0.3890432701214099,0.5712156812075121
Just got this game today its awesome,neither,0.02857150180375341,0.33450922363933894,0.6369192745569076
"I thought it was just like an, American or something...",neither,0.04893513145993201,0.22412350520073254,0.7269413633393355
@psychokiiiah awk I thought it started a hour ago.,neither,0.04070253527436932,0.2595613984044486,0.6997360663211821
Fucking Fuck Fuck,offensive_language,0.35754144739571625,0.6424585526042632,2.0641974962194973e-14
i need help,neither,0.03919624126896113,0.32822427804430127,0.6325794806867375
g,neither,0.03945320844208391,0.33037608806864915,0.630170703489267
yo,offensive_language,0.04010381111145228,0.5271105317972344,0.4327856570913131
!uptime,neither,0.03945320844208391,0.33037608806864915,0.630170703489267
Ninja has been streaming for 6 minutes 51 seconds,neither,0.035678679601720456,0.31045049647393935,0.6538708239243401
@MeganNicole thankfully they had 1 hour delay,neither,0.03945320844208391,0.33037608806864915,0.630170703489267
how many games?,neither,0.03945320844208391,0.33037608806864915,0.630170703489267
@psychokiiiah yay! I didn’t miss anything then! Thank you,neither,0.032553905803303515,0.4071633800046184,0.5602827141920781
Did this tourney just start,neither,0.03376790025514439,0.3589591588467859,0.6072729408980696
ninjaShield ninjaBlast1,neither,0.03945320844208391,0.33037608806864915,0.630170703489267
"@R0B0JAK na, a yuppie is a ""big wig"", makes money, spends it, lives a fancy lifestyle, etc.",neither,0.03426680102768304,0.35748555730372844,0.6082476416685885
haha i understand. Im trying to get inputs on how most people have their Forkknife sense @jonnypeee,neither,0.05507468103348369,0.4097963111777802,0.535129007788736
@Ace_Thee_Great arent you a medical surgeon Kappa,neither,0.04962758378642169,0.35968336477501983,0.5906890514385584
good luck ninj you guys got this,neither,0.05360527613725498,0.4320780172109467,0.5143167066517982
Jeez shroud chat is toxic,neither,0.05123134903440858,0.3263250454252152,0.6224436055403763
apex is better than ___,neither,0.04532810591671002,0.3341622965648505,0.6205095975184395
2 minutes boysssssss,neither,0.03945320844208391,0.33037608806864915,0.630170703489267
@Ninja u need the full auto mod for the prowler its so much better,neither,0.038141135398900045,0.3167091947746522,0.6451496698264477
@thescrabble I sure am;),offensive_language,0.03177324676197524,0.5052463668492115,0.46298038638881317
Let's stop talking/worrying what is going on in other chats and just focus on this one,neither,0.03048449182704034,0.41434053249327374,0.555174975679686
so is the max amount of shield u can have based on ur armor,neither,0.05505202560065429,0.34952183478310617,0.5954261396162396
RIP feels,neither,0.03945320844208391,0.33037608806864915,0.630170703489267
"@spartanbeast431 oh, I thought you meant for apex lol. Just mess around in fnite and find out what works for you. It's more of a personal thing",neither,0.04652538575466653,0.24556060333129032,0.7079140109140432
I didn’t know u could insult someone for that lol...,neither,0.01909998811486849,0.40825313310420647,0.572646878780925
lol,neither,0.020706217963973744,0.4882283491876925,0.4910654328483337
ninj chat is definitely one of the least toxic,neither,0.044517691407348806,0.34021004673400923,0.6152722618586418
Are you ever gonna play roblox again,neither,0.08790888368596476,0.41235489183452634,0.4997362244795089
wut,neither,0.03945320844208391,0.33037608806864915,0.630170703489267
I remember when this was a Pokemon Go stream FeelsBadMan,neither,0.032892823790846425,0.3714468589144944,0.5956603172946592
@R0B0JAK it's kind of an outdated term,neither,0.03837237259120014,0.32555780292543374,0.6360698244833661
Hey,neither,0.03945320844208391,0.33037608806864915,0.630170703489267
Can't believe the amount of traitors that all went to Shroud's stream smfh ninjaCry,neither,0.041314710240854834,0.3773378165101224,0.5813474732490227
Can I get some advice? I need help I have insominia...,neither,0.03186525571826233,0.352142094310019,0.6159926499717187
no robolox,neither,0.036918905254960256,0.37338982715841207,0.5896912675866277
how do u self revive,neither,0.04072113863977971,0.3299399887319584,0.6293388726282619
Henlo Ninja.,neither,0.03945320844208391,0.33037608806864915,0.630170703489267
@itz_26 are you the only one who has the longest sub?,neither,0.07170055908590967,0.36919356750092985,0.5591058734131604
@TheScrabble DansGame,neither,0.03945320844208391,0.33037608806864915,0.630170703489267
Hey everyone!\,neither,0.031959242684595296,0.4575682446653829,0.5104725126500218
@TheScrabble truuuu,neither,0.03945320844208391,0.33037608806864915,0.630170703489267
No,neither,0.036918905254960256,0.37338982715841207,0.5896912675866277
@jonnypeee Aight I will,neither,0.04113308525772932,0.3018641943780117,0.657002720364259
henlo.,neither,0.03945320844208391,0.33037608806864915,0.630170703489267
@ItzBennyTV u need the gold knockdown shield and u get 1 revive,neither,0.03765721589617194,0.29173563138843905,0.670607152715389
I miss the old roblox ninja,neither,0.03230010481065185,0.31708232806840886,0.6506175671209394
@itzbennytv gold KO shield has 1 time self res,neither,0.03886432608193569,0.340370958580858,0.6207647153372062
Did it start already,neither,0.03668371599915812,0.3513122101971191,0.6120040738037227
thats sick,neither,0.03945320844208391,0.33037608806864915,0.630170703489267
game time,neither,0.036831986904325216,0.29642753231080715,0.6667404807848678
hey chat! anyone know when the tourney starts???,neither,0.031603395794191025,0.3542648086602668,0.6141317955455422
YAAAAH YEEEET,neither,0.03945320844208391,0.33037608806864915,0.630170703489267
4 CST,neither,0.03945320844208391,0.33037608806864915,0.630170703489267
now,neither,0.03945320844208391,0.33037608806864915,0.630170703489267
Starts like now,neither,0.053508364906237095,0.3503027202177585,0.5961889148760043
ninjaPopcorn ninjaPopcorn ninjaPopcorn,neither,0.03945320844208391,0.33037608806864915,0.630170703489267
@R0B0JAK i phrased it in a nice way. basically it was a cocky well dressed young busisness dickhead with an inflated ego but really wasnt shit lol,offensive_language,0.037671597205955,0.8724130126390596,0.08991539015498545
"#ApexPartner Click here to download for free on PC, Xbox, and PS4 http://x.ea.com/56197",neither,0.05386800676355781,0.24071214134635982,0.7054198518900823
is roblox any good,neither,0.05123009677236022,0.32632547613555685,0.6224444270920829
YAAAAAAAAAAAA YEEEEEEEEEEET ^^^^^^^,neither,0.03945320844208391,0.33037608806864915,0.630170703489267
why does it say night streeam,neither,0.013563508962965945,0.47335253078456085,0.5130839602524733
thanks!,neither,0.035884468650613,0.3004919205142699,0.6636236108351171
Lol no idea tbh,neither,0.0312480637610352,0.3979638647580245,0.5707880714809402
after dark,neither,0.03945320844208391,0.33037608806864915,0.630170703489267
ask for a backpack,neither,0.033405256378085356,0.30017665851372266,0.6664180851081919
No hemlock?,neither,0.036918905254960256,0.37338982715841207,0.5896912675866277
ninjaBlast1 ninjaBlast2 ninjaBlast3,neither,0.03945320844208391,0.33037608806864915,0.630170703489267
Roblox after dark,neither,0.03945320844208391,0.33037608806864915,0.630170703489267
"@probablymylastlogin dang homie, you have some bad run in's with yuppies LUL",neither,0.03237412319415246,0.41036075339985206,0.5572651234059954
after dark as in pg13 not night time,neither,0.02978658495629984,0.38000599417315256,0.5902074208705477
@R0B0JAK like if you ever saw American Psycho. Very Yuppyesque characters,neither,0.0445242486152729,0.36971480093267245,0.5857609504520547
!standings,neither,0.03945320844208391,0.33037608806864915,0.630170703489267
Twitch Rivals: Apex Full Standings - https://goo.gl/ZkMWZw,neither,0.05350039507305643,0.3255446164440509,0.6209549884828927
Who’s 3rd partner?,neither,0.04002234533827362,0.3899142987472599,0.5700633559144664
!twitchrivals,neither,0.03945320844208391,0.33037608806864915,0.630170703489267
"Each player and their squad will compete in their own public matches. Each kill will be worth 1 point and each win will be worth 5, at the end of the competition, teams will add up their scores with the highest teams getting a share of the $50,000 prize pool.",neither,0.07265367304743552,0.31489460218428245,0.6124517247682821
He coming back???,neither,0.04685866729006529,0.32782901118905095,0.6253123215208839
dude i have insominia pls help..,neither,0.03897149652880982,0.33855199640482536,0.6224765070663648
American Psycho is the bomb,neither,0.048975506457248665,0.26288041116032995,0.6881440823824213
ninjaAww ninjaAww,neither,0.03945320844208391,0.33037608806864915,0.630170703489267
"Download Discord here - discord.gg/ninja - Subscribers, connect your Discord to Twitch by – Clicking the cogwheel at the bottom, go to Connections, click Twitch and click “join” under the Ninja server. All subs are welcome to join at any time to hang out! (If you recently subscribed it may take up to 30 minutes before you can connect to the sub server.) Follow this image to connect as well - https://goo.gl/yX9sFR",neither,0.06809260872529874,0.3753919629243179,0.5565154283503834
@Anthonyeecken1 just sleep it off,neither,0.032217466696061216,0.3579461382242595,0.6098363950796792
ninjaStars ninjaBlast1 ninjaBlast2 ninjaBlast3,neither,0.03945320844208391,0.33037608806864915,0.630170703489267
i wish i was this good at apex.,neither,0.038069036708254844,0.35398836111488297,0.6079426021768621
4Head,neither,0.03945320844208391,0.33037608806864915,0.630170703489267
"Inb4 Ninja destroys this game, wins 5 bands and show them that its FN>Apex lol",neither,0.04251924397206768,0.29671260724251686,0.6607681487854156
ninjaFan ninjaFan ninjaFan ninjaFan ninjaFan ninjaFan ninjaFan ninjaFan,neither,0.03945320844208391,0.33037608806864915,0.630170703489267
Is keem running the tourneys?,neither,0.04623446938074155,0.312706390610367,0.6410591400088913
has tourney started?,neither,0.04001462074307284,0.3208474561515149,0.6391379231054122
@Anthonyeecken1 just smoke a blunt and your fine,neither,0.05592782528808806,0.3573543781450587,0.5867177965668532
Evil Dead 2 ftw tho...,neither,0.03635473149465656,0.33725578429167535,0.626389484213668
@TheScrabble Kappa,neither,0.03945320844208391,0.33037608806864915,0.630170703489267
How is theirs standings if it didn’t start,neither,0.020169998303973515,0.40646909365148864,0.5733609080445378
!subs,neither,0.03945320844208391,0.33037608806864915,0.630170703489267
Kappa,neither,0.03945320844208391,0.33037608806864915,0.630170703489267
@psychokiiiah exactly what I’m doing rn lol,neither,0.036828260708489914,0.37527427088838883,0.5878974684031212
ninjaCreep ninjaCreep ninjaCreep,neither,0.03945320844208391,0.33037608806864915,0.630170703489267
what's that game where you walk around the dark woods and hide ?,neither,0.04962130887465154,0.29667779873555183,0.6537008923897966
!uptime,neither,0.03945320844208391,0.33037608806864915,0.630170703489267
Ninja has been streaming for 10 minutes 48 seconds,neither,0.036124582211875825,0.3128074278199297,0.6510679899681945
@MeganNicole oh snap same here xD,neither,0.09984843412793866,0.24963636790896393,0.6505151979630975
I heard that people get better when the smoke a bit,neither,0.042958488343397494,0.42878173284385107,0.5282597788127514
Just saw that movie the other day...omg. The part where he’s looking for the chainsaw and there’s just a chalk outline of it. HA,neither,0.03379054079589212,0.2653801861147298,0.700829273089378
this is why the wingman isnt OP,neither,0.0346917117087595,0.3289941608395159,0.6363141274517246
!twitchrivals,neither,0.03945320844208391,0.33037608806864915,0.630170703489267
"Each player and their squad will compete in their own public matches. Each kill will be worth 1 point and each win will be worth 5, at the end of the competition, teams will add up their scores with the highest teams getting a share of the $50,000 prize pool.",neither,0.07265367304743552,0.31489460218428245,0.6124517247682821
At iD Tech camps you can learn all about how games are made and start building your own game future this summer. Check it out: www.idtech.com/fortnite #ad,neither,0.07849295833611333,0.3389748549213327,0.5825321867425539
!uptime,neither,0.03945320844208391,0.33037608806864915,0.630170703489267
one of the best aims on the planet and you can still miss a boatload,neither,0.038466971520081536,0.3430563089554447,0.6184767195244737
