text,top_class,hate_speech,offensive_language,neither
https://clips.twitch.tv/PoliteRoughLyrebirdKeepo,neither,0.03945320844208391,0.33037608806864915,0.630170703489267
Refresh,neither,0.03945320844208391,0.33037608806864915,0.630170703489267
we back,neither,0.039166053543719236,0.33524985610846453,0.6255840903478163
go to dizy,neither,0.060965455381551105,0.3298518015889414,0.6091827430295076
rip,neither,0.03945320844208391,0.33037608806864915,0.630170703489267
Lit,neither,0.03945320844208391,0.33037608806864915,0.630170703489267
EMINEM LETS GOO Kreygasm,neither,0.038663021470096356,0.34378762320694445,0.6175493553229593
refresh,neither,0.03945320844208391,0.33037608806864915,0.630170703489267
REFRESH REFRESH REFRESH REFRESH,neither,0.03945320844208391,0.33037608806864915,0.630170703489267
refresh,neither,0.03945320844208391,0.33037608806864915,0.630170703489267
phew,neither,0.03945320844208391,0.33037608806864915,0.630170703489267
REFRESH,neither,0.03945320844208391,0.33037608806864915,0.630170703489267
lets go baby,neither,0.03989086924885973,0.3509994628938089,0.6091096678573312
REFRESH CHAT,neither,0.03945320844208391,0.33037608806864915,0.630170703489267
We back bby,neither,0.03928936634370331,0.3331569160719715,0.6275537175843252
perfect time for the creep @ninja ninjaCreep perfect time for the creep @ninja ninjaCreep,neither,0.03379670702675549,0.3118511708043579,0.6543521221688865
REFRESH,neither,0.03945320844208391,0.33037608806864915,0.630170703489267
REFRESH,neither,0.03945320844208391,0.33037608806864915,0.630170703489267
brag to timmy,neither,0.04582112400212501,0.3266494323315892,0.6275294436662857
WOOOOOOOOOOOOOOOOOOOOOOOOOOOOOOOOO @jghosty dance off with @ninja,neither,0.0296645748310339,0.36413435346099554,0.6062010717079706
refresh,neither,0.03945320844208391,0.33037608806864915,0.630170703489267
REFRESH,neither,0.03945320844208391,0.33037608806864915,0.630170703489267
refresh,neither,0.03945320844208391,0.33037608806864915,0.630170703489267
Tweaking lol,neither,0.03027887083479381,0.3981251484381287,0.5715959807270774
REFRESH,neither,0.03945320844208391,0.33037608806864915,0.630170703489267
ninjaWifey ninjaWifey ninjaWifey ninjaWifey ninjaWifey,neither,0.03945320844208391,0.33037608806864915,0.630170703489267
f,neither,0.03945320844208391,0.33037608806864915,0.630170703489267
POGG JGHOUSTY lmaoooo,neither,0.03945320844208391,0.33037608806864915,0.630170703489267
F5 everybody! He's back,neither,0.04715977071143279,0.3277254479151638,0.6251147813734034
Refresh!!!,neither,0.03945320844208391,0.33037608806864915,0.630170703489267
video game god,neither,0.04421230547995132,0.18049858473657765,0.7752891097834711
ninjaBlast1 ninjaBlast2 ninjaBlast3 ninjaBlast3 ninjaBlast3 ninjaBlast3 ninjaBlast3 ninjaBlast3 ninjaBlast3,neither,0.03945320844208391,0.33037608806864915,0.630170703489267
hes shaking so hard hahahahaha,offensive_language,0.03268389331444758,0.5234267170188519,0.44388938966670044
"Cheer!1500 Thank you Ninja, King and Dizzy! Great time! So excited for you!",neither,0.049257148001710487,0.3578313420041351,0.5929115099941543
ninjaRare Clap THATS A DUB ninjaRare Clap ninjaRare Clap THATS A DUB ninjaRare Clap ninjaRare Clap THATS A DUB ninjaRare Clap ninjaRare Clap THATS A DUB ninjaRare Clap ninjaRare Clap THATS A DUB ninjaRare Clap ninjaRare Clap THATS A DUB ninjaRare Clap ninjaRare Clap THATS A DUB ninjaRare Clap ninjaRare Clap THATS A DUB ninjaRare Clap ninjaRare Clap THATS A DUB ninjaRare Clap ninjaRare Clap THATS A DUB ninjaRare Clap ninjaRare Clap THATS A DUB ninjaRare Clap ninjaRare Clap THATS A DUB ninjaRare,neither,0.03945320844208391,0.33037608806864915,0.630170703489267
Way to go @ninja,neither,0.04806841602579806,0.331307953356739,0.6206236306174628
refreshing,neither,0.03945320844208391,0.33037608806864915,0.630170703489267
Just refresh you bagels,neither,0.05179668000470215,0.4099337442442915,0.5382695757510064
Refresh!,neither,0.03945320844208391,0.33037608806864915,0.630170703489267
blackout is dead smiles,neither,0.04594614251151833,0.3281428703047667,0.6259109871837149
USA,neither,0.03945320844208391,0.33037608806864915,0.630170703489267
Slim Shadyyyyy,neither,0.03945320844208391,0.33037608806864915,0.630170703489267
Ahhhhhhhhhhhgh,neither,0.03945320844208391,0.33037608806864915,0.630170703489267
WHOOPOOO,neither,0.03945320844208391,0.33037608806864915,0.630170703489267
what happened to the lighting,neither,0.04985968093713182,0.3093541912002687,0.6407861278625995
look at the chair shake,neither,0.039526272933000844,0.336146349471601,0.6243273775953982
REFRESH!,neither,0.03945320844208391,0.33037608806864915,0.630170703489267
!twitchrivals,neither,0.03945320844208391,0.33037608806864915,0.630170703489267
"Each player and their squad will compete in their own public matches. Each kill will be worth 1 point and each win will be worth 5, at the end of the competition, teams will add up their scores with the highest teams getting a share of the $50,000 prize pool.",neither,0.07265367304743552,0.31489460218428245,0.6124517247682821
ninjaPrime,neither,0.03945320844208391,0.33037608806864915,0.630170703489267
Yuh,neither,0.03945320844208391,0.33037608806864915,0.630170703489267
YES BEST EMINEM SONG,neither,0.03832564020559909,0.3303340292620884,0.6313403305323125
perfect time for the creep @ninja ninjaCreep,neither,0.03379670702675549,0.3118511708043579,0.6543521221688865
@griffsoccer7 LUL,neither,0.03945320844208391,0.33037608806864915,0.630170703489267
ninjaHype ninjaHype ninjaHype ninjaHype ninjaChocobo,neither,0.03945320844208391,0.33037608806864915,0.630170703489267
Chairs shaking,neither,0.03945320844208391,0.33037608806864915,0.630170703489267
refreah,neither,0.03945320844208391,0.33037608806864915,0.630170703489267
ScaredyCat,neither,0.03945320844208391,0.33037608806864915,0.630170703489267
ninjaRekt ninjaToxic,neither,0.03945320844208391,0.33037608806864915,0.630170703489267
SLim Ninja,neither,0.03945320844208391,0.33037608806864915,0.630170703489267
oh ok,neither,0.04713570804197639,0.2590205851270262,0.6938437068309974
: ninjaRare Clap THATS A DUB ninjaRare Clap ninjaRare Clap THATS A DUB ninjaRare Clap ninjaRare Clap THATS A DUB ninjaRare Clap ninjaRare Clap THATS A DUB ninjaRare Clap ninjaRare Clap THATS A DUB ninjaRare Clap ninjaRare Clap THATS A DUB ninjaRare Clap ninjaRare Clap THATS A DUB ninjaRare Clap ninjaRare Clap THATS A DUB ninjaRare Clap ninjaRare Clap THATS A DUB ninjaRare Clap ninjaRare Clap THATS A DUB ninjaRare Clap ninjaRare Clap THATS A DUB ninjaRare Cl,neither,0.03945320844208391,0.33037608806864915,0.630170703489267
POG,neither,0.03945320844208391,0.33037608806864915,0.630170703489267
1 second left and ninja was dead dude aa9Mvp aa9Mvp aa9Mvp aa9Mvp aa9Mvp aa9Mvp what a fuckin moment. Ninja the goat with another goat 🐐DIZZY aa9Mvp aa9Mvp,offensive_language,0.07956446511178868,0.5736270041790177,0.34680853070919365
Slim shady! I think you mean slim ninja!,neither,0.04814597366223237,0.349680697491059,0.6021733288467086
ninjaBlast1 ninjaBlast2 ninjaBlast3 ninjaBlast3 ninjaBlast3 ninjaBlast3 ninjaBlast3 ninjaBlast3 ninjaBlast3 ninjaBlast3 ninjaBlast3 ninjaBlast3,neither,0.03945320844208391,0.33037608806864915,0.630170703489267
Doc so salty LUL,neither,0.03941699661519002,0.36434960507214986,0.5962333983126601
!standings,neither,0.03945320844208391,0.33037608806864915,0.630170703489267
Twitch Rivals: Apex Full Standings - https://goo.gl/ZkMWZw,neither,0.05350039507305643,0.3255446164440509,0.6209549884828927
ninjaRare Clap THATS A DUB ninjaRare Clap ninjaRare Clap THATS A DUB ninjaRare Clap ninjaRare Clap THATS A DUB ninjaRare Clap ninjaRare Clap THATS A DUB ninjaRare Clap ninjaRare Clap THATS A DUB ninjaRare Clap ninjaRare Clap THATS A DUB ninjaRare Clap ninjaRare Clap THATS A DUB ninjaRare Clap ninjaRare Clap THATS A DUB ninjaRare Clap ninjaRare Clap THATS A DUB ninjaRare Clap ninjaRare Clap THATS A DUB ninjaRare Clap ninjaRare Clap THATS A DUB ninjaRare Clap ninjaRare Clap THATS A DUB ninjaRare n,neither,0.03945320844208391,0.33037608806864915,0.630170703489267
thats was intense shit man,offensive_language,0.04494703233872425,0.9525555520034271,0.002497415657848618
Sup ninja,neither,0.03945320844208391,0.33037608806864915,0.630170703489267
!time,neither,0.036668274527354654,0.377643684699956,0.5856880407726893
Who won,neither,0.04061417405158025,0.44294463029151515,0.5164411956569047
"February 12th 2019, 8:23:00 pm CST GMT-06:00",neither,0.03945320844208391,0.33037608806864915,0.630170703489267
fortnifs,neither,0.03945320844208391,0.33037608806864915,0.630170703489267
Doc and shroud super salty,neither,0.0387796293586855,0.29682952854725614,0.6643908420940585
"@ninja ok being a one trick pony, when that trick is winning #crabcakesAndFootball",neither,0.033472623988544406,0.4011202523083141,0.5654071237031416
Ninja the GOAT,neither,0.03859869441501728,0.31476379239727154,0.6466375131877111
ninjaGold ninjaGold ninjaGold ninjaGold ninjaGold,neither,0.03945320844208391,0.33037608806864915,0.630170703489267
PepePls,neither,0.03945320844208391,0.33037608806864915,0.630170703489267
ninjaClap ninjaClap ninjaClap ninjaCreep,neither,0.03945320844208391,0.33037608806864915,0.630170703489267
!stream,neither,0.03945320844208391,0.33037608806864915,0.630170703489267
ninjaChance ninjaChance ninjaChance ninjaChance ninjaChance,neither,0.03945320844208391,0.33037608806864915,0.630170703489267
hgahfhhieutergugiufuweufyhuwdyuhyfewuryjeyfheyyyguregtheryyutyeuewytujrgewyefyshtgjfgyeutyuyseutyeyrqutuwehyeutyrhyguftryyytuteryutrueyyrutyuyryty67ytrytruryyrhutyuery ttryuyutywtuerytur,neither,0.03945320844208391,0.33037608806864915,0.630170703489267
Im getting SOOO many hate whisper but haters going to hate!,neither,0.2957816894801203,0.279494575872213,0.4247237346476668
@ginaromy26 Ninja,neither,0.03945320844208391,0.33037608806864915,0.630170703489267
did we win ?????,neither,0.03925887128733923,0.33367449676422517,0.6270666319484356
won by 1 thats AN EPIC VICTORY ROYALE ninjaRare,neither,0.040571051080658525,0.3599057065522264,0.5995232423671151
IM SLIM SHADY,neither,0.0386500535665457,0.36086561199930667,0.6004843344341476
https://clips.twitch.tv/BloodyDaintyMetalArsonNoSexy,neither,0.03945320844208391,0.33037608806864915,0.630170703489267
ninjaCreep ninjaCreep ninjaCreep ninjaCreep ninjaCreep ninjaCreep,neither,0.03945320844208391,0.33037608806864915,0.630170703489267
ninjaClap ninjaClap ninjaClap ninjaClap,neither,0.03945320844208391,0.33037608806864915,0.630170703489267
https://clips.twitch.tv/SincereSilkyFungusBigBrother,neither,0.03945320844208391,0.33037608806864915,0.630170703489267
EVERY POG,neither,0.03945320844208391,0.33037608806864915,0.630170703489267
yeah thats how it works....,neither,0.023807458581260328,0.4325376252281243,0.5436549161906153
perfect time for the creep @ninja ninjaCreep perfect time for the creep @ninja ninjaCreep,neither,0.03379670702675549,0.3118511708043579,0.6543521221688865
this is crazy,neither,0.03380032850639522,0.4779764166013079,0.48822325489229684
PLZ STAND UP,neither,0.03666064244965731,0.3871025928695981,0.5762367646807446
everything counts PogChamp PogChamp,neither,0.03945320844208391,0.33037608806864915,0.630170703489267
that last kill and win won u the game @ninja,neither,0.22867354162729464,0.19301656421085292,0.5783098941618525
ninjaPog,neither,0.03945320844208391,0.33037608806864915,0.630170703489267
LUL,neither,0.03945320844208391,0.33037608806864915,0.630170703489267
YOOOO,neither,0.03945320844208391,0.33037608806864915,0.630170703489267
Pogs in the chat if u wanna see a dance off with @jghosty & @ninja,neither,0.02196031409707447,0.3787532627224162,0.5992864231805094
cloakGS cloakGS cloakGS cloakGS,neither,0.03945320844208391,0.33037608806864915,0.630170703489267
ninjaBlast1 ninjaBlast2 ninjaBlast3 ninjaBlast1 ninjaBlast2 ninjaBlast3 ninjaBlast1 ninjaBlast2 ninjaBlast3 ninjaBlast3 ninjaBlast2 ninjaBlast1,neither,0.03945320844208391,0.33037608806864915,0.630170703489267
ninjaBlast1 ninjaBlast2 ninjaBlast3 ninjaBlast3 ninjaTroll,neither,0.03945320844208391,0.33037608806864915,0.630170703489267
How close was it?,neither,0.03758901021508661,0.3334682970413031,0.6289426927436104
Legend 1,neither,0.03945320844208391,0.33037608806864915,0.630170703489267
wow,neither,0.03945320844208391,0.33037608806864915,0.630170703489267
hamzKiss hamzKiss hamzKiss hamzKiss hamzKiss hamzKiss hamzKiss hamzKiss hamzKiss hamzKiss hamzKiss hamzKiss hamzKiss hamzKiss hamzKiss hamzKiss hamzKiss,neither,0.03945320844208391,0.33037608806864915,0.630170703489267
The BR King 👑,neither,0.03816659329791565,0.30656109810364396,0.6552723085984403
ninjaPon ninjaPon ninjaPon ninjaPon ninjaPon,neither,0.03945320844208391,0.33037608806864915,0.630170703489267
ninjaPon,neither,0.03945320844208391,0.33037608806864915,0.630170703489267
Who were they going against?,neither,0.040173627598820864,0.3769830442446301,0.5828433281565492
shots everyone,neither,0.03269494828970791,0.4450814005079928,0.5222236512022994
ninjaH ninjaH,neither,0.03945320844208391,0.33037608806864915,0.630170703489267
must be nice ninj,neither,0.04124779341695749,0.3150214133526828,0.6437307932303598
LUL,neither,0.03945320844208391,0.33037608806864915,0.630170703489267
ninjaRare Clap PepePls ninjaRare Clap PepePls ninjaRare Clap PepePls ninjaRare Clap PepePls ninjaRare Clap PepePls ninjaRare Clap PepePls ninjaRare Clap PepePls ninjaRare Clap PepePls,neither,0.03945320844208391,0.33037608806864915,0.630170703489267
ninjaTroll ninjaToxic ninjaBlast1 ninjaBlast2 ninjaBlast3,neither,0.03945320844208391,0.33037608806864915,0.630170703489267
LOL the skin,neither,0.028333442935698384,0.3812512309351851,0.5904153261291165
Pog,neither,0.03945320844208391,0.33037608806864915,0.630170703489267
https://clips.twitch.tv/AmericanUgliestLadiesMau5,neither,0.03945320844208391,0.33037608806864915,0.630170703489267
LUL,neither,0.03945320844208391,0.33037608806864915,0.630170703489267
ffs,neither,0.03945320844208391,0.33037608806864915,0.630170703489267
aa9Mvp aa9Mvp,neither,0.03945320844208391,0.33037608806864915,0.630170703489267
seqPog,neither,0.03945320844208391,0.33037608806864915,0.630170703489267
Pog,neither,0.03945320844208391,0.33037608806864915,0.630170703489267
https://clips.twitch.tv/PreciousDullWaterPJSalt,neither,0.03945320844208391,0.33037608806864915,0.630170703489267
OFC HE GETS THE SKIN,neither,0.0445944453223877,0.31027077699446354,0.6451347776831488
lets gooooo,neither,0.03864835078748214,0.3440366229783383,0.6173150262341796
literally gets a Bangalore skin while talking about Bangalore LUL,neither,0.03837934130806225,0.3486024159028908,0.6130182427890469
Rich saying he won because of one play lol,neither,0.030560283200563376,0.3983207917617779,0.5711189250376587
He is trash with Bangalord haha Ninja is better with em,neither,0.036602497811552503,0.2884805278719986,0.6749169743164489
ninja is the best,neither,0.04622110589769788,0.3037276948104658,0.6500511992918362
ninjaAim ninjaAim ninjaAim ninjaAim,neither,0.03945320844208391,0.33037608806864915,0.630170703489267
ninjaNavi ninjaNavi ninjaNavi ninjaNavi ninjaNavi ninjaNavi,neither,0.03945320844208391,0.33037608806864915,0.630170703489267
kings btw https://clips.twitch.tv/BlindingFairSheepPRChase,neither,0.03945320844208391,0.33037608806864915,0.630170703489267
fortacho,neither,0.03945320844208391,0.33037608806864915,0.630170703489267
Update title?????????,neither,0.03945320844208391,0.33037608806864915,0.630170703489267
perfect time for the creep @ninja ninjaCreep perfect time for the creep @ninja ninjaCreep,neither,0.03379670702675549,0.3118511708043579,0.6543521221688865
Hello,neither,0.03945320844208391,0.33037608806864915,0.630170703489267
"Guarantee your PC gaming performance with BLD by NZXT. The simplest way to get a customized gaming PC. Choose the games you want to play, set a budget, and BLD takes care of the rest. Built and shipped within 48 hours with a 2-year warranty. https://nzxt.co/Ninja ninja10 ninja10",neither,0.046024978110057846,0.33494880951390904,0.6190262123760332
"cheer1500 Thank you Ninja, King and Dizzy! What a great time, so excited for you!",neither,0.053646133473959266,0.35701550058649445,0.5893383659395462
best luck ever,neither,0.03848353826189026,0.32225619482043655,0.6392602669176731
"sto shit talking other streamers, chat",offensive_language,0.044833462202907716,0.9536140908640832,0.00155244693300905
pog,neither,0.03945320844208391,0.33037608806864915,0.630170703489267
hit some packs son,neither,0.032223268835277805,0.3428921602905319,0.6248845708741904
spent money on the game now,neither,0.03563854934587853,0.2910008833649982,0.6733605672891232
doc is pissed i love it,neither,0.04246151167562576,0.34039680856145726,0.617141679762917
Did you cut the delay?,neither,0.06214532791791908,0.3693958235180668,0.5684588485640141
2 legendaries back to back,neither,0.04788647555766292,0.32548579805027766,0.6266277263920593
yo that was dope! dizzy can slay for sure,neither,0.030071326188520882,0.4578828919516583,0.5120457818598209
I WANT THAT SKIN WTF,offensive_language,0.038269427318728025,0.6251412223121906,0.3365893503690813
update title to APEX Champions PogChamp,neither,0.04390415879997649,0.32774791785009033,0.6283479233499332
ILY,neither,0.03945320844208391,0.33037608806864915,0.630170703489267
2 legendaries btb,neither,0.03945320844208391,0.33037608806864915,0.630170703489267
!standings,neither,0.03945320844208391,0.33037608806864915,0.630170703489267
Twitch Rivals: Apex Full Standings - https://goo.gl/ZkMWZw,neither,0.05350039507305643,0.3255446164440509,0.6209549884828927
Yeet!!,neither,0.03945320844208391,0.33037608806864915,0.630170703489267
Pog,neither,0.03945320844208391,0.33037608806864915,0.630170703489267
PogChamp,neither,0.03945320844208391,0.33037608806864915,0.630170703489267
500 Apex packs?,neither,0.03945320844208391,0.33037608806864915,0.630170703489267
I'm old enough to remember when CHUNK had the cutest ninja emote bestmanFeels,neither,0.03654006353484147,0.3468372617256099,0.6166226747395487
time2 hit the plug,neither,0.03849017779476015,0.31272674678816736,0.6487830754170724
GG EZ,neither,0.03945320844208391,0.33037608806864915,0.630170703489267
foodStrawb /,neither,0.03945320844208391,0.33037608806864915,0.630170703489267
CHANGE TITLE TO CHAMPS BABY,neither,0.04601451504763414,0.32653962532321346,0.6274458596291524
sup yall,neither,0.03772907095554554,0.3596392008554866,0.6026317281889678
Wtf,offensive_language,0.04410695246022759,0.7898861884776351,0.16600685906213722
Doo doo,neither,0.03945320844208391,0.33037608806864915,0.630170703489267
What was Doc saying?,neither,0.03593873322909035,0.3315181293154465,0.6325431374554631
What was there most kills in a game,neither,0.04339801071040491,0.260489218539687,0.6961127707499081
ninjaPog,neither,0.03945320844208391,0.33037608806864915,0.630170703489267
oooo new character ninjaRare,neither,0.04379742455737696,0.22103248281023463,0.7351700926323884
I’m so stoked for ninja,neither,0.03422149843328102,0.3402532538581051,0.6255252477086138
lmfao,neither,0.05470637918084239,0.32512982320825545,0.6201637976109021
ninja is the wildcard pog,neither,0.04857426747449921,0.3074463626051908,0.64397936992031
ninjaTooth,neither,0.03945320844208391,0.33037608806864915,0.630170703489267
!standings,neither,0.03945320844208391,0.33037608806864915,0.630170703489267
Some slim shady,neither,0.03189233960565033,0.3435135022524662,0.6245941581418835
perfect time for the creep @ninja ninjaCreep,neither,0.03379670702675549,0.3118511708043579,0.6543521221688865
next week,neither,0.03841867567785115,0.34793480899304824,0.6136465153291008
https://clips.twitch.tv/AmericanUgliestLadiesMau5,neither,0.03945320844208391,0.33037608806864915,0.630170703489267
"Naw update title to , The four time",neither,0.042649492265031744,0.3298329202358593,0.627517587499109
ninjaRare Clap THATS A DUB ninjaRare Clap ninjaRare Clap THATS A DUB ninjaRare Clap ninjaRare Clap THATS A DUB ninjaRare Clap ninjaRare Clap THATS A DUB ninjaRare Clap ninjaRare Clap THATS A DUB ninjaRare Clap ninjaRare Clap THATS A DUB ninjaRare Clap ninjaRare Clap THATS A DUB ninjaRare Clap ninjaRare Clap THATS A DUB ninjaRare Clap ninjaRare Clap THATS A DUB ninjaRare Clap ninjaRare Clap THATS A DUB ninjaRare Clap ninjaRare Clap THATS A DUB ninjaRare Clap ninjaRare Clap THATS A DUB ninjaRare,neither,0.03945320844208391,0.33037608806864915,0.630170703489267
LETS GOOOO,neither,0.03868305123800957,0.34344766577192837,0.6178692829900622
Epic is currently jumping off a cliff,neither,0.04453009622759573,0.3286299135554633,0.626839990216941
how is dizzy still up lmao,neither,0.042151591263204745,0.40159011281365264,0.5562582959231426
!title TwitchRivals CHAMPS with KingRichard and Dizzy!,neither,0.029510895160346932,0.3274948686794965,0.6429942361601566
so much for going to sleep LUL,neither,0.03505622600988728,0.3588241275570547,0.6061196464330582
@iTz_26 -> The stream title has been updated to: TwitchRivals CHAMPS with KingRichard and Dizzy!,neither,0.03541224566849312,0.31663446814514096,0.6479532861863659
ninjaHype ninjaHype ninjaHype,neither,0.03945320844208391,0.33037608806864915,0.630170703489267
https://clips.twitch.tv/ArbitraryToughTurtleFUNgineer,neither,0.03945320844208391,0.33037608806864915,0.630170703489267
ninjaRare Clap THATS A DUB ninjaRare Clap ninjaRare Clap THATS A DUB ninjaRare Clap ninjaRare Clap THATS A DUB ninjaRare Clap ninjaRare Clap THATS A DUB ninjaRare Clap ninjaRare Clap THATS A DUB ninjaRare Clap ninjaRare Clap THATS A DUB ninjaRare Clap ninjaRare Clap THATS A DUB ninjaRare Clap ninjaRare Clap THATS A DUB ninjaRare Clap ninjaRare Clap THATS A DUB ninjaRare Clap ninjaRare Clap THATS A DUB ninjaRare Clap ninjaRare Clap THATS A DUB ninjaRare Clap ninjaRare Clap THATS A DUB ninjaRare n,neither,0.03945320844208391,0.33037608806864915,0.630170703489267
Hi,neither,0.03945320844208391,0.33037608806864915,0.630170703489267
I love ninja so much ❤️,neither,0.03289696861441487,0.39060844008385215,0.576494591301733
GRATS MAN! GJ,neither,0.03960195919676192,0.39982609383172646,0.5605719469715116
@zzthejimzz ninjaHi,neither,0.03945320844208391,0.33037608806864915,0.630170703489267
CHEEERS,neither,0.03945320844208391,0.33037608806864915,0.630170703489267
Apex Champs in title!!!!,neither,0.03945320844208391,0.33037608806864915,0.630170703489267
,neither,0.03945320844208391,0.33037608806864915,0.630170703489267
lupoLIT lupoLIT lupoLIT lupoLIT lupoLIT lupoLIT lupoLIT lupoLIT lupoLIT lupoLIT lupoLIT lupoLIT,neither,0.03945320844208391,0.33037608806864915,0.630170703489267
!title,neither,0.03945320844208391,0.33037608806864915,0.630170703489267
Bud light lol,neither,0.03139079426993452,0.38907913748942946,0.579530068240636
@iTz_26 -> Current Stream Title: TwitchRivals CHAMPS with KingRichard and Dizzy!,neither,0.03182275061496231,0.328087711863056,0.6400895375219817
Eminem really making me feel hype Kreygasm,neither,0.03449303879676879,0.3501562469942441,0.6153507142089871
Let's go,neither,0.01806316484133749,0.39391011985298136,0.5880267153056813
Dizzy was too sick,neither,0.03910946495243686,0.3362103121869813,0.6246802228605819
i want to be like you when am a adult,neither,0.06359231848904882,0.43871546813392315,0.497692213377028
Dizzy calling parents?,neither,0.03945320844208391,0.33037608806864915,0.630170703489267
CRABCAKES AND FOOTBALL!!!,neither,0.038364781541636334,0.272536905496441,0.6890983129619228
doctorWARCRY,neither,0.03945320844208391,0.33037608806864915,0.630170703489267
Give Dizzy your winnings so he can get a face cam,neither,0.06528172329745721,0.3572433227197344,0.5774749539828085
boom,neither,0.03945320844208391,0.33037608806864915,0.630170703489267
hahaaha poor dr,neither,0.03945320844208391,0.33037608806864915,0.630170703489267
Doc went offline cuz he is SALTY,neither,0.05059976604815953,0.32654227577580464,0.622857958176036
What place they get?,neither,0.050611821801738135,0.26834392649111943,0.6810442517071426
doc is a bitch,offensive_language,0.006642211980844486,0.9933566606717834,1.1273473720153136e-06
Turn this garbage off,neither,0.03935312853549207,0.3320747052712559,0.6285721661932521
dizz killed it,neither,0.03722079181192037,0.33114391851657204,0.6316352896715075
who's blazing,offensive_language,0.04159901189299763,0.525362713080101,0.4330382750269014
VapeNation ninjaRare SourPls,neither,0.03945320844208391,0.33037608806864915,0.630170703489267
doc said there was politics behind the win.... @Ninja what a sore loser,neither,0.04162350342327751,0.2997798437930231,0.6585966527836993
NINJAAAAA KING wolfLove wolfLove wolfLove wolfLove,neither,0.03945320844208391,0.33037608806864915,0.630170703489267
#iWasHere,neither,0.03945320844208391,0.33037608806864915,0.630170703489267
what games does dizzy play,neither,0.03146855334548607,0.43180903687793104,0.5367224097765829
Eminem is the goat,neither,0.04597366628900712,0.3133159925405873,0.6407103411704056
another tourney down for king and ninj i was here for both poggg,neither,0.10595619785702096,0.19149224599869843,0.7025515561442806
Gg brother,neither,0.03945320844208391,0.33037608806864915,0.630170703489267
Gg baby 😍,neither,0.03945320844208391,0.33037608806864915,0.630170703489267
no shit talking other streamers,offensive_language,0.04290058595257813,0.956884562027191,0.00021485202023089625
tyvan25 first place g,neither,0.03349899998576301,0.25895407955435673,0.7075469204598802
doctorWARCRY doctorWARCRY doctorWARCRY doctorWARCRY doctorWARCRY ninjaTroll ninjaToxic,neither,0.03945320844208391,0.33037608806864915,0.630170703489267
okay with the bud light lol ninjaShield ninjaShield ninjaShield ninjaShield ninjaShield,neither,0.024267150925658714,0.39363610156480344,0.5820967475095378
I feel happy for ninja even though he has more then I can want. Love you ninja,neither,0.045480645869445245,0.3358264607457451,0.6186928933848096
Doc a sore ass loser,offensive_language,0.10779872789209496,0.8731889212895793,0.01901235081832587
perfect time for the creep @ninja ninjaCreep perfect time for the creep @ninja ninjaCreep,neither,0.03379670702675549,0.3118511708043579,0.6543521221688865
boom ninjaSplode ninjaSplode,neither,0.03945320844208391,0.33037608806864915,0.630170703489267
ninjaPon,neither,0.03945320844208391,0.33037608806864915,0.630170703489267
ninjaPon,neither,0.03945320844208391,0.33037608806864915,0.630170703489267
Thats actually sick for dizzy,neither,0.034691303637189516,0.3065837422726728,0.6587249540901376
"stop talking shit, chat",offensive_language,0.04379861208228891,0.9552361987946311,0.0009651891230799866
SourPls SourPls SourPls,neither,0.03945320844208391,0.33037608806864915,0.630170703489267
POG i was here POG,neither,0.16237291887918595,0.2531150994017352,0.5845119817190788
letsss gooo ninjaaaa,neither,0.03945320844208391,0.33037608806864915,0.630170703489267
!standings,neither,0.03945320844208391,0.33037608806864915,0.630170703489267
Twitch Rivals: Apex Full Standings - https://goo.gl/ZkMWZw,neither,0.05350039507305643,0.3255446164440509,0.6209549884828927
ninjaBlast2,neither,0.03945320844208391,0.33037608806864915,0.630170703489267
doc is a bitch,offensive_language,0.006642211980844486,0.9933566606717834,1.1273473720153136e-06
ninjaHype ninjaHype ninjaHype ninjaHype,neither,0.03945320844208391,0.33037608806864915,0.630170703489267
pog,neither,0.03945320844208391,0.33037608806864915,0.630170703489267
ninjaTube ninjaTube ninjaTube,neither,0.03945320844208391,0.33037608806864915,0.630170703489267
Congrats brothhaaaaa,neither,0.03945320844208391,0.33037608806864915,0.630170703489267
ayy,neither,0.03945320844208391,0.33037608806864915,0.630170703489267
feo,neither,0.03945320844208391,0.33037608806864915,0.630170703489267
GG,neither,0.03945320844208391,0.33037608806864915,0.630170703489267
they get more money than you guys,neither,0.05754364833490239,0.38732631676048357,0.5551300349046142
@ninja we have missed you!!!,neither,0.05381304951083101,0.3843785488333395,0.5618084016558295
Doc is a 2 timer,neither,0.05044627423290362,0.3265950686495308,0.6229586571175656
no they won more,neither,0.04075883227975546,0.3360020959357924,0.6232390717844523
!title,neither,0.03945320844208391,0.33037608806864915,0.630170703489267
No they actually get more for the kills,neither,0.03432597357047333,0.30473239466185503,0.6609416317676716
@ItsPsychoOGTV -> Current Stream Title: TwitchRivals CHAMPS with KingRichard and Dizzy!,neither,0.03182275061496231,0.328087711863056,0.6400895375219817
"Chill, chat. We cool",neither,0.039309951413056585,0.33280753372229627,0.6278825148646472
Dizzy that moment like 45 minutes ago when ninja was down was fuckindope aa9Mvp aa9Mvp aa9Mvp 1 second and ninja was dead. 3 downs in 1 minute and he survived,neither,0.03889554731547051,0.3397697577082903,0.6213346949762392
for kills,neither,0.03203780872634192,0.2933858362869704,0.6745763549866877
no they get 7500 for kills as well,neither,0.03172972819544417,0.35333328720583684,0.614936984598719
they do get money for the kills as well,neither,0.03341736500095743,0.32873517060121715,0.6378474643978255
they get 14k,neither,0.03828278020970013,0.3502413097464815,0.6114759100438184
what a legenddd,neither,0.057770773616808734,0.3180719994247239,0.6241572269584672
Hell yeah,offensive_language,0.024014075456083226,0.8806496383571902,0.0953362861867266
yes they get 7.5k for kills,neither,0.034484999282885745,0.3139903917609374,0.6515246089561769
Mustache looking great seemsgood500,neither,0.03761793803054894,0.30596300569054513,0.6564190562789058
no they got 7.5k for kills,neither,0.033090276792444015,0.35201514453311805,0.614894578674438
EMINEM?NINJA stream is the best combo,neither,0.04316547862446856,0.31451112096039885,0.6423234004151326
doctorWARCRY doctorWARCRY doctorWARCRY doctorNOSEDRIP,neither,0.03945320844208391,0.33037608806864915,0.630170703489267
18 year old winning over 25k,neither,0.03691315931700027,0.3319205582238471,0.6311662824591525
doc team had most kills,neither,0.03945320844208391,0.33037608806864915,0.630170703489267
$7500 for most kills,neither,0.033043308949005465,0.29837670001000716,0.6685799910409873
ninjaFan ninjaFan ninjaFan ninjaFan ninjaFan ninjaFan ninjaFan,neither,0.03945320844208391,0.33037608806864915,0.630170703489267
why is Doc alwasy so pissy towards you. its weird,neither,0.04143922581827564,0.40123835131635466,0.5573224228653698
Yo if you think this music is garbage it means youre uncultured,neither,0.046865414139651125,0.4479587038784629,0.5051758819818859
they got 145000,neither,0.03667431675549762,0.4317904440128557,0.5315352392316466
,neither,0.03945320844208391,0.33037608806864915,0.630170703489267
For tits? texa? Kappa,neither,0.03403477546263371,0.30331087451587646,0.6626543500214898
NO THEY GET 14k FOR SECOND AND KILLS,neither,0.03301460572599631,0.2934393784536622,0.6735460158203415
Yes the got money for kills,neither,0.032378097246026055,0.3291732488598801,0.6384486538940938
https://clips.twitch.tv/AmericanUgliestLadiesMau5,neither,0.03945320844208391,0.33037608806864915,0.630170703489267
Good shit homie,offensive_language,0.042291331283026735,0.9574551660394511,0.0002535026775221329
They got 14,neither,0.037868392871897964,0.3874783886505832,0.5746532184775187
"I'm sorry, shroud has the personality of a tree stump",neither,0.039097440968669864,0.31425867055412865,0.6466438884772014
cus u rich boy,neither,0.03945320844208391,0.33037608806864915,0.630170703489267
14500,neither,0.03945320844208391,0.33037608806864915,0.630170703489267
Did he win,neither,0.04655505407466285,0.32793343769619476,0.6255115082291425
keep the Em going,neither,0.03652745693367711,0.3442310219527281,0.6192415211135948
LUL,neither,0.03945320844208391,0.33037608806864915,0.630170703489267
Just saw your tweet so just here to say GG @Ninja you deserve it,neither,0.1228715641208901,0.3738119435422417,0.5033164923368683
ninjaRare Clap THATS A DUB ninjaRare Clap ninjaRare Clap THATS A DUB ninjaRare Clap ninjaRare Clap THATS A DUB ninjaRare Clap ninjaRare Clap THATS A DUB ninjaRare Clap ninjaRare Clap THATS A DUB ninjaRare Clap ninjaRare Clap THATS A DUB ninjaRare Clap ninjaRare Clap THATS A DUB ninjaRare Clap ninjaRare Clap THATS A DUB ninjaRare Clap ninjaRare Clap THATS A DUB ninjaRare Clap ninjaRare Clap THATS A DUB ninjaRare Clap ninjaRare Clap THATS A DUB ninjaRare Clap ninjaRare Clap THATS A DUB ninjaRare,neither,0.03945320844208391,0.33037608806864915,0.630170703489267
Dizzy cares about the money tho,neither,0.0345346591722327,0.34554746322785596,0.6199178775999115
its the Wssss,neither,0.026706422716135464,0.30199434054308116,0.6712992367407834
doctorWARCRY doctorWARCRY doctorWARCRY,neither,0.03945320844208391,0.33037608806864915,0.630170703489267
im not the real slim shady so i will stay seated ninjaRare,neither,0.033391075662548016,0.4450284658083763,0.5215804585290756
@Texa damn ... Tyler needed that money for half a gallon for the jet :(,offensive_language,0.032887735789036046,0.538949419027448,0.42816284518351583
isiahpapi this music is dope,neither,0.04875758847688753,0.3289218207942721,0.6223205907288403
ninjaRare Clap THATS A DUB ninjaRare Clap ninjaRare Clap THATS A DUB ninjaRare Clap ninjaRare Clap THATS A DUB ninjaRare Clap ninjaRare Clap THATS A DUB ninjaRare Clap ninjaRare Clap THATS A DUB ninjaRare Clap ninjaRare Clap THATS A DUB ninjaRare Clap ninjaRare Clap THATS A DUB ninjaRare Clap ninjaRare Clap THATS A DUB ninjaRare Clap ninjaRare Clap THATS A DUB ninjaRare Clap ninjaRare Clap THATS A DUB ninjaRare Clap ninjaRare Clap THATS A DUB ninjaRare Clap ninjaRare Clap THATS A DUB ninjaRare n,neither,0.03945320844208391,0.33037608806864915,0.630170703489267
@ingloriusjohns no they didnt lol,neither,0.029764950129451965,0.4114525494834099,0.5587825003871381
!standings,neither,0.03945320844208391,0.33037608806864915,0.630170703489267
"Was about to say that, #1 is what counts",neither,0.053791213553839735,0.3821999400595268,0.5640088463866335
Twitch Rivals: Apex Full Standings - https://goo.gl/ZkMWZw,neither,0.05350039507305643,0.3255446164440509,0.6209549884828927
They got 14.5k total ninjaTooth,neither,0.03847530273578317,0.3654607831255882,0.5960639141386285
You cant end a stream on a win especially a tourney win chat LESSSGOOO! @Ninja,neither,0.045682360590085555,0.36064804047606736,0.5936695989338472
sower grapes,neither,0.03945320844208391,0.33037608806864915,0.630170703489267
@ninja BANG BANG,neither,0.03945320844208391,0.33037608806864915,0.630170703489267
Let’s go Ninj!!,neither,0.01806316484133749,0.39391011985298136,0.5880267153056813
@evolution1338 Yes! ninjaFan ninjaFan,neither,0.03945320844208391,0.33037608806864915,0.630170703489267
ninjaRare Clap THATS A DUB ninjaRare Clap ninjaRare Clap THATS A DUB ninjaRare Clap ninjaRare Clap THATS A DUB ninjaRare Clap ninjaRare Clap THATS A DUB ninjaRare Clap ninjaRare Clap THATS A DUB ninjaRare Clap ninjaRare Clap THATS A DUB ninjaRare Clap ninjaRare Clap THATS A DUB ninjaRare Clap ninjaRare Clap THATS A DUB ninjaRare Clap ninjaRare Clap THATS A DUB ninjaRare Clap ninjaRare Clap THATS A DUB ninjaRare Clap ninjaRare Clap THATS A DUB ninjaRare Clap ninjaRare Clap THATS A DUB ninjaRare,neither,0.03945320844208391,0.33037608806864915,0.630170703489267
LMAO,neither,0.03705015143476208,0.3711622369619404,0.5917876116032975
ninjaRare Clap THATS A DUB ninjaRare Clap ninjaRare Clap THATS A DUB ninjaRare Clap ninjaRare Clap THATS A DUB ninjaRare Clap ninjaRare Clap THATS A DUB ninjaRare Clap ninjaRare Clap THATS A DUB ninjaRare Clap,neither,0.03945320844208391,0.33037608806864915,0.630170703489267
they did get more $ but not the #1!!,neither,0.034965873885289114,0.32768408598167237,0.6373500401330385
Ninja give it to Dizzy,neither,0.04365823887434067,0.32758470345711355,0.6287570576685457
Oo look at you rich boy,neither,0.054301014868823806,0.3902474624819074,0.5554515226492688
tru tru,neither,0.03945320844208391,0.33037608806864915,0.630170703489267
ninjaTroll,neither,0.03945320844208391,0.33037608806864915,0.630170703489267
yea I wouldnt care about 50k either :(,neither,0.03822329913827259,0.35125085876183326,0.6105258420998941
who got most kills?,neither,0.03880279481227514,0.44718330005542,0.5140139051323047
doctorWARCRY doctorWARCRY ninjaCreep,neither,0.03945320844208391,0.33037608806864915,0.630170703489267
ya they got mo money,offensive_language,0.025336885156476485,0.6095576389736508,0.3651054758698726
@kurgan it’s trash,neither,0.038957361488640437,0.036425386526953867,0.9246172519844057
perfect time for the creep @ninja ninjaCreep,neither,0.03379670702675549,0.3118511708043579,0.6543521221688865
Whisper me someone not subbed,neither,0.032918570991510875,0.36419587016119787,0.6028855588472913
ninjaRare Clap THATS A DUB ninjaRare Clap ninjaRare Clap THATS A DUB ninjaRare Clap ninjaRare Clap THATS A DUB ninjaRare Clap ninjaRare Clap THATS A DUB ninjaRare Clap ninjaRare Clap THATS A DUB ninjaRare Clap ninjaRare Clap THATS A DUB ninjaRare Clap ninjaRare Clap THATS A DUB ninjaRare Clap ninjaRare Clap THATS A DUB ninjaRare Clap ninjaRare Clap THATS A DUB ninjaRare Clap ninjaRare Clap THATS A DUB ninjaRare Clap,neither,0.03945320844208391,0.33037608806864915,0.630170703489267
ninjaHype ninjaHype,neither,0.03945320844208391,0.33037608806864915,0.630170703489267
Give dizzy the money!,neither,0.03859896842190852,0.31476891803116064,0.6466321135469308
dubs on dubs,neither,0.02983740057173753,0.3797445071048369,0.5904180923234256
ninja10,neither,0.03945320844208391,0.33037608806864915,0.630170703489267
How much does 1st place get,neither,0.026557964380168303,0.41164321926255193,0.5617988163572799
i can hold money for you,neither,0.049568223532851535,0.33579716553004507,0.6146346109371035
I’ll take the money if you don’t want it......,neither,0.03178170835205165,0.4100603542191354,0.5581579374288129
sour grapes,neither,0.03945320844208391,0.33037608806864915,0.630170703489267
doctorWARCRY doctorWARCRY ninjaCreep doctorVASELINE,neither,0.03945320844208391,0.33037608806864915,0.630170703489267
Mo money no money,neither,0.03871475223835564,0.34290961706303735,0.618375630698607
Give dizzy the money,neither,0.03859896842190852,0.31476891803116064,0.6466321135469308
why not play league of legends,neither,0.02980214465066364,0.34641119282361954,0.6237866625257169
ninjaCash ninjaCash ninjaCash ninjaCash,neither,0.03945320844208391,0.33037608806864915,0.630170703489267
GIVE DIZZY ALL THE MONEY 4Town,neither,0.04008030604804054,0.3793241620654982,0.5805955318864614
ninjaCRINJA,neither,0.03945320844208391,0.33037608806864915,0.630170703489267
He ain’t got no money,offensive_language,0.01908459050462644,0.6327089903475486,0.3482064191478251
hi,neither,0.03945320844208391,0.33037608806864915,0.630170703489267
LMAO “ i know you don’t care about the money”,neither,0.051180406023593104,0.40109707276492035,0.5477225212114865
ninjaCRINJA,neither,0.03945320844208391,0.33037608806864915,0.630170703489267
doctorWARCRY doctorWARCRY doctorVASELINE ninjaCreep ninjaPon ninjaPon,neither,0.03945320844208391,0.33037608806864915,0.630170703489267
Yes he did. There is no fucking shame on Dizzy taking the lead.,offensive_language,0.11436602064951205,0.8344502230717831,0.05118375627870491
lul,neither,0.03945320844208391,0.33037608806864915,0.630170703489267
Lol,neither,0.020706217963973744,0.4882283491876925,0.4910654328483337
send him this lol https://clips.twitch.tv/AmericanUgliestLadiesMau5,neither,0.03435482934980415,0.36760784141447006,0.5980373292357257
they split it 3 ways obviously.,neither,0.038341631294672,0.33075841042168397,0.6308999582836441
