text,top_class,hate_speech,offensive_language,neither
HI ninja,neither,0.03945320844208391,0.33037608806864915,0.630170703489267
Hope you're feeling better,neither,0.15791343171439912,0.21555031145312098,0.6265362568324799
helllooo,neither,0.03945320844208391,0.33037608806864915,0.630170703489267
yeah ninja is live <3 <3,neither,0.03312344325654401,0.42879479887168903,0.5380817578717668
That sniff tho,neither,0.031404975761250085,0.3848554722893431,0.5837395519494069
Good morning Ninja ninjaChocobo ninjaChocobo ninjaChocobo,neither,0.0468013847741319,0.19273113716557552,0.7604674780602926
yo,offensive_language,0.04010381111145228,0.5271105317972344,0.4327856570913131
Tim was right. Always late Kappa,neither,0.037471411809329565,0.383086254824982,0.5794423333656884
:(,neither,0.03945320844208391,0.33037608806864915,0.630170703489267
Pog,neither,0.03945320844208391,0.33037608806864915,0.630170703489267
Dude... do you have the flu?,neither,0.05596667525760452,0.366154454449947,0.5778788702924486
I respect the grind my man @Ninja,neither,0.03011260200530196,0.4306416129214367,0.5392457850732613
Hi,neither,0.03945320844208391,0.33037608806864915,0.630170703489267
@ninja sup dude,neither,0.03945320844208391,0.33037608806864915,0.630170703489267
hi,neither,0.03945320844208391,0.33037608806864915,0.630170703489267
Apex?,neither,0.03945320844208391,0.33037608806864915,0.630170703489267
missgHYPE missgHYPE missgHYPE missgHYPE missgHYPE missgHYPE missgHYPE missgHYPE missgHYPE,neither,0.03945320844208391,0.33037608806864915,0.630170703489267
go apex,neither,0.04076545527285137,0.334931166163354,0.6243033785637945
brosayHYPE brosayHYPE brosayHYPE,neither,0.03945320844208391,0.33037608806864915,0.630170703489267
Hi,neither,0.03945320844208391,0.33037608806864915,0.630170703489267
dfizzHYPE dfizzHYPE dfizzHYPE dfizzHYPE dfizzHYPE,neither,0.03945320844208391,0.33037608806864915,0.630170703489267
Yo Ninja you are the best on fortnite and on apex,neither,0.06215269653457154,0.3475352037300216,0.5903120997354068
Wassup ninja,neither,0.1934202855041632,0.1568865290150259,0.6496931854808108
heyman,neither,0.03945320844208391,0.33037608806864915,0.630170703489267
gawdHYPE gawdHYPE gawdHYPE gawdHYPE gawdHYPE,neither,0.03945320844208391,0.33037608806864915,0.630170703489267
Chat good morning! Tyler feel better @ninja,neither,0.04434098291003084,0.23951980065743508,0.716139216432534
Do you have apex offline too?,neither,0.056422304595629885,0.38862764916701725,0.5549500462373528
missgHYPE missgHYPE missgHYPE,neither,0.03945320844208391,0.33037608806864915,0.630170703489267
Morning ninj. Sorry you’re still not feeling well :(,neither,0.08083948308868953,0.2432799464591809,0.6758805704521297
k3llyDance k3llyDance k3llyDance k3llyDance,neither,0.03945320844208391,0.33037608806864915,0.630170703489267
ninjaBlank ninjaBlank,neither,0.03945320844208391,0.33037608806864915,0.630170703489267
"Guarantee your PC gaming performance with BLD by NZXT. The simplest way to get a customized gaming PC. Choose the games you want to play, set a budget, and BLD takes care of the rest. Built and shipped within 48 hours with a 2-year warranty. https://nzxt.co/Ninja ninja10 ninja10",neither,0.046024978110057846,0.33494880951390904,0.6190262123760332
ninjaChance ninjaChance ninjaChance ninjaChance ninjaChance,neither,0.03945320844208391,0.33037608806864915,0.630170703489267
wassup,neither,0.33529425248498695,0.08556156890646638,0.5791441786085466
is ninja god?,neither,0.048505397392550456,0.32726262519500515,0.6242319774124443
heyyy chattt,neither,0.03945320844208391,0.33037608806864915,0.630170703489267
goof,neither,0.03945320844208391,0.33037608806864915,0.630170703489267
Hi ninja,neither,0.03945320844208391,0.33037608806864915,0.630170703489267
good,neither,0.037820165765928906,0.33093776632913474,0.6312420679049364
Hope your feeling better dude! Keep taking care of yourself,neither,0.09220546348656274,0.24516077488968133,0.6626337616237558
Lupo wants a spot,neither,0.03945320844208391,0.33037608806864915,0.630170703489267
ninjaBlast1 ninjaBlast1,neither,0.03945320844208391,0.33037608806864915,0.630170703489267
oof,neither,0.03945320844208391,0.33037608806864915,0.630170703489267
Hi ninjaHi,neither,0.03945320844208391,0.33037608806864915,0.630170703489267
missgCOZY missgCOZY missgCOZY,neither,0.03945320844208391,0.33037608806864915,0.630170703489267
Oh yeah yeah,neither,0.01725389498678453,0.47962434623133704,0.5031217587818785
Hey man,neither,0.039706915135239045,0.43074372746631245,0.5295493573984484
Hi,neither,0.03945320844208391,0.33037608806864915,0.630170703489267
ninjaTroll ninjaTroll ninjaTroll ninjaTroll ninjaTroll ninjaTroll ninjaTroll ninjaTroll ninjaTroll ninjaTroll ninjaTroll ninjaTroll ninjaTroll ninjaTroll ninjaTroll ninjaTroll ninjaTroll ninjaTroll ninjaTroll ninjaTroll ninjaTroll,neither,0.03945320844208391,0.33037608806864915,0.630170703489267
"@jalaltrex if you think ninja is god, man do I have some swampland I want to sell you.",offensive_language,0.05104865396866248,0.48714439603191023,0.4618069499994274
ninjaBlast1 ninjaBlast2 ninjaBlast3,neither,0.03945320844208391,0.33037608806864915,0.630170703489267
it takes so long,neither,0.0375610673725214,0.37938205604073355,0.5830568765867451
ninjaPon ninjaPon ninjaPon,neither,0.03945320844208391,0.33037608806864915,0.630170703489267
Morning ninjaAdore,neither,0.05283876784042269,0.1031882115525248,0.8439730206070525
ninjaPon,neither,0.03945320844208391,0.33037608806864915,0.630170703489267
ninjaButton ninjaButton,neither,0.03945320844208391,0.33037608806864915,0.630170703489267
,neither,0.03945320844208391,0.33037608806864915,0.630170703489267
rooComfy kffcComfy tatBlanket,neither,0.03945320844208391,0.33037608806864915,0.630170703489267
ninjaCreep,neither,0.03945320844208391,0.33037608806864915,0.630170703489267
ninjaHype ninjaHype ninjaHype ninjaHype ninjaHype ninjaHype ninjaHype ninjaHype ninjaHype ninjaHype ninjaHype ninjaHype ninjaHype ninjaHype,neither,0.03945320844208391,0.33037608806864915,0.630170703489267
Liz anniLOVE brosayLOVE missgHUG,neither,0.03945320844208391,0.33037608806864915,0.630170703489267
Damn. I’m glad you are streaming!! But you should get better! Health is the key to life!,offensive_language,0.10247066448824857,0.683313419394984,0.21421591611676746
@drlupo would like to play with you and Tim,neither,0.057761911543013494,0.37237088626502196,0.5698672021919646
KappaHD KappaHD,neither,0.03945320844208391,0.33037608806864915,0.630170703489267
ninjaPon ninjaPon ninjaPon ninjaPon ninjaPon ninjaPon ninjaPon,neither,0.03945320844208391,0.33037608806864915,0.630170703489267
Yeay I can finally type something in the chat. Just subbed!,neither,0.036106339131508826,0.3303642284731786,0.6335294323953126
Miss you,neither,0.05511722190890318,0.4328550504860264,0.5120277276050704
ninjaCreep ninjaCreep ninjaCreep ninjaCreep,neither,0.03945320844208391,0.33037608806864915,0.630170703489267
ninjaPon ninjaPon ninjaPon ninjaPon,neither,0.03945320844208391,0.33037608806864915,0.630170703489267
ninjaPon,neither,0.03945320844208391,0.33037608806864915,0.630170703489267
Play solo squads,neither,0.03945320844208391,0.33037608806864915,0.630170703489267
BibleThump BibleThump,neither,0.03945320844208391,0.33037608806864915,0.630170703489267
No we doing solos for now - speaking up for ninja ninjaClap ninjaCreep ninjaCreep,neither,0.02944619705695346,0.3342240878490864,0.6363297150939602
ninjaPon ninjaPon ninjaPon ninjaPon,neither,0.03945320844208391,0.33037608806864915,0.630170703489267
When is @ninja ever gonna be 100% healthy again cloakFeels,neither,0.03594200690197385,0.4121685272466292,0.551889465851397
lol cucked,neither,0.020706217963973744,0.4882283491876925,0.4910654328483337
FortOne FortOne FortOne FortOne,neither,0.03945320844208391,0.33037608806864915,0.630170703489267
ninjaGold,neither,0.03945320844208391,0.33037608806864915,0.630170703489267
ninjaBlast1 ninjaBlast2 ninjaBlast3 ninjaBlast3 ninjaBlast3 ninjaBlast3 ninjaBlast3,neither,0.03945320844208391,0.33037608806864915,0.630170703489267
This ninja never feels good,neither,0.0354790424599884,0.36634451679176294,0.5981764407482487
Hey Ninjaaa,neither,0.03945320844208391,0.33037608806864915,0.630170703489267
what da fudsdfs,offensive_language,0.14420618231264212,0.5345467353229907,0.3212470823643672
LFGD,neither,0.03945320844208391,0.33037608806864915,0.630170703489267
Pog its time,neither,0.028403263479439233,0.36615975061363926,0.6054369859069215
ninjaHype ninjaHype ninjaHype ninjaHype ninjaHype ninjaHype,neither,0.03945320844208391,0.33037608806864915,0.630170703489267
Sup plebs,neither,0.03945320844208391,0.33037608806864915,0.630170703489267
Fortttnite,neither,0.03945320844208391,0.33037608806864915,0.630170703489267
FeelsBirthdayMan missgCOZY k3llyDance,neither,0.03945320844208391,0.33037608806864915,0.630170703489267
Yayayayay,neither,0.03945320844208391,0.33037608806864915,0.630170703489267
ninjaAww,neither,0.03945320844208391,0.33037608806864915,0.630170703489267
We gonna get a no cam day today? ninjaCreep,neither,0.03662976543435816,0.35822192517797746,0.6051483093876645
hell yeah <3 <3,offensive_language,0.024014075456083226,0.8806496383571902,0.0953362861867266
ninjaPon ninjaPon ninjaPon,neither,0.03945320844208391,0.33037608806864915,0.630170703489267
ninjaPon,neither,0.03945320844208391,0.33037608806864915,0.630170703489267
nickmercsANGRY nickmercsANGRY nickmercsANGRY nickmercsANGRY nickmercsANGRY nickmercsANGRY nickmercsANGRY,neither,0.03945320844208391,0.33037608806864915,0.630170703489267
Hi!!!,neither,0.03945320844208391,0.33037608806864915,0.630170703489267
POG,neither,0.03945320844208391,0.33037608806864915,0.630170703489267
NINJAWERKS LETS GOO,neither,0.0381375099945381,0.3527069244228318,0.6091555655826302
Hi Ninjaaaa,neither,0.03945320844208391,0.33037608806864915,0.630170703489267
Your a god,neither,0.11021655677960121,0.3104609842779934,0.5793224589424053
ninjaPon ninjaPon ninjaPon ninjaPon,neither,0.03945320844208391,0.33037608806864915,0.630170703489267
So dope lol,neither,0.029758978139404348,0.4635947253445904,0.5066462965160051
hope u feel better soon ninjaH,neither,0.07918429287010362,0.2132643976120036,0.7075513095178928
whatsup ninj,neither,0.03945320844208391,0.33037608806864915,0.630170703489267
Game timeeeeee,neither,0.03826383497213389,0.24674689817812728,0.7149892668497387
This is an epic intro. I’ve never seen it!,neither,0.0247812864160644,0.34046548184232894,0.6347532317416067
And here my transitions are built into streamlabs POG,neither,0.10314094066525528,0.2893420557599925,0.6075170035747522
LETS GO,neither,0.039984317429425154,0.35542799280679366,0.6045876897637812
in a game already,neither,0.037290210229380345,0.29899481558061736,0.6637149741900024
"Glad to see you back, hope you're feeling better man.",neither,0.1570297210683748,0.32584480471653865,0.5171254742150866
DADDY'S HERE POGGERS,neither,0.11726922177745178,0.27390582397237306,0.6088249542501751
wow,neither,0.03945320844208391,0.33037608806864915,0.630170703489267
yo,offensive_language,0.04010381111145228,0.5271105317972344,0.4327856570913131
ninjaStars ninjaStars ninjaStars ninjaStars ninjaStars,neither,0.03945320844208391,0.33037608806864915,0.630170703489267
Hey @ninja anymore apex tourneys coming up soon?,neither,0.03798761309794006,0.3591425042036365,0.6028698826984235
less go,neither,0.041168666211806045,0.33633555554752265,0.6224957782406714
PokShadowmew PokShadowmew ninjaPon ninjaPon ninjaPon,neither,0.03945320844208391,0.33037608806864915,0.630170703489267
I was here,neither,0.16237291887918595,0.2531150994017352,0.5845119817190788
BLUE HAIR,neither,0.03945320844208391,0.33037608806864915,0.630170703489267
Back to blue hair !,neither,0.047163195974921766,0.32589105849754707,0.6269457455275312
OMG THE HAIR,neither,0.038329096747448554,0.30967546972939447,0.651995433523157
AYEEEE,neither,0.03945320844208391,0.33037608806864915,0.630170703489267
blue hair,neither,0.03945320844208391,0.33037608806864915,0.630170703489267
This ninja never feels good,neither,0.0354790424599884,0.36634451679176294,0.5981764407482487
Even ninja has to warm up lol,neither,0.0355001137974259,0.4200431646403121,0.5444567215622619
Good morning sunshine,neither,0.04673058875656881,0.19409246659436663,0.7591769446490646
blue hair omg yes,neither,0.03945320844208391,0.33037608806864915,0.630170703489267
Blue,neither,0.03945320844208391,0.33037608806864915,0.630170703489267
Hey ninja great to see you streaming again!!,neither,0.051849918010659406,0.35794149445686413,0.5902085875324765
hey ninja,neither,0.03945320844208391,0.33037608806864915,0.630170703489267
BLUE HAIR,neither,0.03945320844208391,0.33037608806864915,0.630170703489267
whaaatttt,neither,0.03945320844208391,0.33037608806864915,0.630170703489267
Blue hair,neither,0.03945320844208391,0.33037608806864915,0.630170703489267
whaaat,neither,0.03945320844208391,0.33037608806864915,0.630170703489267
heyy ninja,neither,0.03945320844208391,0.33037608806864915,0.630170703489267
whats good Bruh,neither,0.03875302884837695,0.3306169119380821,0.630630059213541
Hahahaha,neither,0.03945320844208391,0.33037608806864915,0.630170703489267
nice new dewwwwww,neither,0.04454723310221065,0.20074629462206087,0.7547064722757285
Prisioner skin and challenges?,neither,0.03867737512938926,0.2912021450761885,0.6701204797944221
Goo ninja!!!!!!,neither,0.03945320844208391,0.33037608806864915,0.630170703489267
yo,offensive_language,0.04010381111145228,0.5271105317972344,0.4327856570913131
Love u @ninja keep grinding papa,neither,0.037433259682856684,0.33970321170505685,0.6228635286120865
Blue hair. Don’t care,neither,0.03945320844208391,0.33037608806864915,0.630170703489267
can you givr me shoutout,neither,0.04906224459431225,0.43890847629452007,0.5120292791111676
"Ninja is so sick, his pink hair turned blue Kappa",neither,0.05897620218489352,0.35517449430236936,0.5858493035127371
wassup,neither,0.33529425248498695,0.08556156890646638,0.5791441786085466
Blue hair looks sick!,neither,0.03945320844208391,0.33037608806864915,0.630170703489267
hi,neither,0.03945320844208391,0.33037608806864915,0.630170703489267
So fresh and so clean clean,neither,0.03875646360889908,0.36170838077572404,0.5995351556153768
ninjaBlast1 ninjaBlast2 ninjaBlast3 ninjaBlast3 ninjaBlast3 ninjaBlast3 ninjaBlast3 ninjaBlast3,neither,0.03945320844208391,0.33037608806864915,0.630170703489267
new color PogChamp,neither,0.04602842628476365,0.2136720325383636,0.7402995411768728
Ninja Lupo and Syph? Maybe tim?,neither,0.03877838173983149,0.29676199039322276,0.6644596278669459
@jalaltrex no,neither,0.036918905254960256,0.37338982715841207,0.5896912675866277
Hey feel better brother!,neither,0.03945320844208391,0.33037608806864915,0.630170703489267
helloo,neither,0.03945320844208391,0.33037608806864915,0.630170703489267
Or dk?,neither,0.03945320844208391,0.33037608806864915,0.630170703489267
Don’t feel bad if u need to take more time off to feel better,neither,0.03300146016042791,0.3665382425462057,0.6004602972933665
that looks green,neither,0.036169165181954836,0.3493219665997209,0.6145088682183242
"Lupo was looking for APEX, they are having connection issues badly",neither,0.04820134103134727,0.29017245319251744,0.6616262057761353
its snowing where i am in vegas,neither,0.03510447490542796,0.30140481956981086,0.6634907055247612
plez,neither,0.03945320844208391,0.33037608806864915,0.630170703489267
Can I have a shout out please ninjaTooth,neither,0.034875646178020234,0.3514020702246907,0.6137222835972891
hahahaha the blue is DOPE man,neither,0.04559688489792443,0.3655532638551763,0.5888498512468994
GOOD MORNING,neither,0.04970930963283925,0.13564577574880146,0.8146449146183593
,neither,0.03945320844208391,0.33037608806864915,0.630170703489267
Tyler is frozen pog,neither,0.047320816666220206,0.32767005682645317,0.6250091265073268
It’s like greenish blue,neither,0.053594469675800005,0.3549960398248379,0.591409490499362
there's so many toxic people out there. hating you just because you play apex,neither,0.12778312767959127,0.3573434280192398,0.5148734443011689
Looks like green,neither,0.055089148619965035,0.3170881519382596,0.6278226994417753
Hey cutie,neither,0.03945320844208391,0.33037608806864915,0.630170703489267
@casualgamer699 no,neither,0.036918905254960256,0.37338982715841207,0.5896912675866277
missgU,neither,0.03945320844208391,0.33037608806864915,0.630170703489267
HOPE YOU FEEL BETTER,neither,0.13760789707371132,0.2328597445753102,0.6295323583509785
No snow here,neither,0.09843647653656991,0.3000339895080828,0.6015295339553474
Goodmorning dad,neither,0.03945320844208391,0.33037608806864915,0.630170703489267
blue is da way,offensive_language,0.09663545223857,0.45802457138492986,0.4453399763765002
ninjacheer1500 hope you feel better soon also have fun,neither,0.08775112392148653,0.2774631124726661,0.6347857636058474
in 15 days its 7 months i've been subbed,neither,0.021588983503080292,0.32179109461426925,0.6566199218826505
Good morning ninjaH ninjaPonW,neither,0.04970930963283925,0.13564577574880146,0.8146449146183593
Hey Ninj,neither,0.03945320844208391,0.33037608806864915,0.630170703489267
@Ninja love your hair!,neither,0.06673066607213919,0.33510484693489273,0.5981644869929682
You’re so cute bro,neither,0.09903267703661257,0.37046384744933303,0.5305034755140544
Support the Ninj,neither,0.09836499770156798,0.2864521470053258,0.6151828552931062
ninjaBlast1 ninjaBlast2 ninjaBlast3 ninjaShield ninjaBlood,neither,0.03945320844208391,0.33037608806864915,0.630170703489267
Yay! ninjaHi,neither,0.03945320844208391,0.33037608806864915,0.630170703489267
I made a mii of you on Nintendo switch now I have to make a new one cause I made it with pink hair,neither,0.04186247333666008,0.36792762524121503,0.5902099014221248
Fort or Apex?,neither,0.03945320844208391,0.33037608806864915,0.630170703489267
yeet,neither,0.03945320844208391,0.33037608806864915,0.630170703489267
Ninja don’t care about them haters!,neither,0.04889647567937446,0.34535760162203183,0.6057459226985937
This ninja is always sick,neither,0.04499722534556553,0.3794664710483986,0.5755363036060359
Call him Eiffel 65 cause he's blue da ba dee,neither,0.057312125476066136,0.40596731225780364,0.5367205622661302
"ninjacheer1000 ninjacheer100 ninjacheer100 ninjacheer100 ninjacheer100 ninjacheer100 Whoot! First time seeing the new intro. Love love love it! Also, that song is my favorite on the Ninjawerks album....feel better soon mah dood. ninjaH",neither,0.029112264436691362,0.3634756421468081,0.6074120934165006
@ninja anymore Apex tourneys soon?,neither,0.03945320844208391,0.33037608806864915,0.630170703489267
Fortune seems so slow after APEX,neither,0.03942058767036709,0.35928053857864056,0.6012988737509923
@sheepgleep0 Fort,neither,0.03945320844208391,0.33037608806864915,0.630170703489267
"im so excited for a fortnite stream, you have no freakin idea",neither,0.042775202945651056,0.39885187629526636,0.5583729207590826
Yo Ninja hello ton the France,neither,0.038874994695445496,0.36414439069954446,0.5969806146050101
"sorry, gonna be 86 degrees today",neither,0.037954117253812945,0.34961399406335647,0.6124318886828306
tilted,neither,0.03945320844208391,0.33037608806864915,0.630170703489267
nice,neither,0.03945320844208391,0.33037608806864915,0.630170703489267
Fort or Apex,neither,0.03945320844208391,0.33037608806864915,0.630170703489267
it says 0 months in a row btw,neither,0.03839138075796502,0.3307412992999659,0.6308673199420691
@gracedanyelle feelsbadman :(,neither,0.03945320844208391,0.33037608806864915,0.630170703489267
Ninja you need to hit 100k,neither,0.05946486152621212,0.362596987660631,0.5779381508131569
You need to defend the crown!!,neither,0.05978660077958045,0.34810775585299486,0.5921056433674247
u looked coooookeddd,neither,0.03945320844208391,0.33037608806864915,0.630170703489267
How long has his hair been blue? Am I blind? tatBlind,neither,0.05637325395857772,0.3297686878300559,0.6138580582113663
ninjaHype,neither,0.03945320844208391,0.33037608806864915,0.630170703489267
hope you feel better,neither,0.13760789707371132,0.2328597445753102,0.6295323583509785
@casualgamer699 lol,neither,0.020706217963973744,0.4882283491876925,0.4910654328483337
Blue today,neither,0.037599208106311836,0.3015652793192223,0.6608355125744658
ninjaaaaa!!!,neither,0.03945320844208391,0.33037608806864915,0.630170703489267
I think everyone is sick,neither,0.04154035310011232,0.4276180239269873,0.5308416229729004
who won the tourney yesterday?,neither,0.03898631385091915,0.38272495410959495,0.5782887320394859
Play with LUPO!?,neither,0.0224239371025857,0.39477495987263056,0.5828011030247837
Dr Lupo also has the sniffles must be going around in America haha,neither,0.1285689215639652,0.30155370418773153,0.5698773742483031
hi how are you,neither,0.1151778833000866,0.32505102427932137,0.5597710924205921
Can’t wait to meet you at twitch con this year so pumped?! Your going right lol? cheer100 cheer100 cheer100 cheer100 cheer100,neither,0.060965872738378155,0.43803470167795544,0.5009994255836664
love you ninja full homo,neither,0.2383849994097571,0.30545525824334363,0.4561597423468992
im in chicago too - i think everyone i know is sick lol,neither,0.03434961796871183,0.4544421429674639,0.5112082390638243
glad your streamin hope you feel better soon,neither,0.14918296698157563,0.25179603439449466,0.5990209986239297
Well whatever you play we like watching ya,offensive_language,0.046324928980022606,0.6103686626512426,0.3433064083687348
Hi,neither,0.03945320844208391,0.33037608806864915,0.630170703489267
Got twitch prime for apex and took the opprtunity to subscibe to my favourite twitch streamer,neither,0.0357945552633701,0.34433673804884896,0.6198687066877808
new color pog,neither,0.04602842628476365,0.2136720325383636,0.7402995411768728
@ninja good to hear you are feeling a bit better.,neither,0.07912659462489306,0.32477103079390585,0.5961023745812011
lmao,neither,0.03705015143476208,0.3711622369619404,0.5917876116032975
Please stop talking. Do not destroy your voice more.,neither,0.06259720063722231,0.3747310253693539,0.5626717739934238
I’m sick in MN,neither,0.03945320844208391,0.33037608806864915,0.630170703489267
ninjaShrug ninjaShrug ninjaShrug ninjaShrug,neither,0.03945320844208391,0.33037608806864915,0.630170703489267
"@Ninja Lovin the blue hair man, glad youre back buddy",neither,0.044420724735725475,0.3533683410853678,0.6022109341789068
Hi,neither,0.03945320844208391,0.33037608806864915,0.630170703489267
completely obvious,neither,0.03945320844208391,0.33037608806864915,0.630170703489267
I don’t feel good either,neither,0.0387074369340477,0.3306325930880646,0.6306599699778876
N/A immune system,neither,0.03945320844208391,0.33037608806864915,0.630170703489267
Yall look ita courage from behind (Timthetatman),neither,0.04041278016174219,0.33465009350573044,0.6249371263325274
Yo yo yoooo,neither,0.03981857687980849,0.4657463238051471,0.49443509931504426
I’m sure that’s a coincidence,offensive_language,0.030976277463902763,0.48714639947095373,0.4818773230651435
so glad when you can deck the streamsnipers,neither,0.04210063755039389,0.44002948377734663,0.5178698786722594
6 months lets go,neither,0.03985289106048082,0.3492010269850333,0.610946081954486
SEASON & BTW,neither,0.039724401891303794,0.3257732274768837,0.6345023706318125
"hey man, hope you get better ninjaFan ninjaFan ninjaFan ninjaFan ninjaFan ninjaFan ninjaFan ninjaFan ninjaFan ninjaFan ninjaFan",neither,0.1151516547609121,0.32909296100787866,0.5557553842312093
Lol streamsniperrrrr,neither,0.020706217963973744,0.4882283491876925,0.4910654328483337
blue tac,neither,0.03945320844208391,0.33037608806864915,0.630170703489267
cheer500 Hey ninja I gotta go to work but I hope you have a great day. shhhhhh I'll watch you while I work just font tell my boss,neither,0.06499749989983304,0.3677691396368455,0.5672333604633214
"When does season 8 drop, chat?",neither,0.027126079050886143,0.4618034886074348,0.511070432341679
"Lmao Dizzy is ""streaming apex legends"" but it's just 25,000 people watching a loading screen",neither,0.049941930014027906,0.35039030879078625,0.5996677611951859
Think 27th,neither,0.040048375444627915,0.32027455077337413,0.6396770737819981
@Cerberuz67 sorry cerb I tried :c,neither,0.03945320844208391,0.33037608806864915,0.630170703489267
Hope you feel good bro,neither,0.11788704446587633,0.24565891805417517,0.6364540374799486
BLUE HAIR???,neither,0.03945320844208391,0.33037608806864915,0.630170703489267
BIG TUNA,neither,0.022901846349492137,0.39932522093898243,0.5777729327115254
I didn’t even notice the hair lol,neither,0.0216926618601098,0.4093490021526406,0.5689583359872495
apex servers down?,neither,0.03945320844208391,0.33037608806864915,0.630170703489267
Gimmi that tog,neither,0.035126807190173845,0.3775266654705279,0.5873465273392982
sub count,neither,0.03945320844208391,0.33037608806864915,0.630170703489267
@mublacksmith For the most part,neither,0.03215417218974167,0.2820717618304365,0.6857740659798218
FlipThis,neither,0.03945320844208391,0.33037608806864915,0.630170703489267
"hes at 8,000 subs now too",neither,0.03867770855087465,0.351413228533954,0.6099090629151713
He had 35k this morning,neither,0.057503419181091406,0.16532211705466385,0.7771744637642447
,neither,0.03945320844208391,0.33037608806864915,0.630170703489267
"Bad connection issues, some ppl are getting in after multiple tries",neither,0.04204508324217694,0.35327633649696555,0.6046785802608575
What r your thoughts on DrLupo quieting web cam,neither,0.06354251187303046,0.3309682067693054,0.6054892813576642
get well soon Ninja!! <3,neither,0.038976882584816686,0.33846058097790277,0.6225625364372805
Hey ninjaHi,neither,0.03945320844208391,0.33037608806864915,0.630170703489267
EZ,neither,0.03945320844208391,0.33037608806864915,0.630170703489267
double Pog,neither,0.03945320844208391,0.33037608806864915,0.630170703489267
@forc3_rideclyyt He did?,neither,0.049581437287855294,0.3268925257325521,0.6235260369795926
Supp,neither,0.03945320844208391,0.33037608806864915,0.630170703489267
DOUBLE KILL,hate_speech,0.5664850703560724,0.1310800970250489,0.3024348326188787
lawl,neither,0.03945320844208391,0.33037608806864915,0.630170703489267
Which one do you like more Fortnite or Apex,neither,0.06610574163447061,0.3998318234748861,0.5340624348906434
your the best,neither,0.09846990331487165,0.2736501950868838,0.6278799015982446
Its called a 3rd PARTY for a reason pog,neither,0.0303982283646369,0.3080732905784953,0.6615284810568677
wooooooo lol,neither,0.020706217963973744,0.4882283491876925,0.4910654328483337
ninjaBlast1 ninjaBlast2 ninjaBlast3 ninjaBlast3 ninjaBlast3 ninjaBlast3,neither,0.03945320844208391,0.33037608806864915,0.630170703489267
Ninja sniped them ninjaTroll,neither,0.05754046680614206,0.32045723783177965,0.6220022953620784
rage,neither,0.03945320844208391,0.33037608806864915,0.630170703489267
whats up,neither,0.03597034933595279,0.4023906385329718,0.5616390121310755
lets go,neither,0.039984317429425154,0.35542799280679366,0.6045876897637812
someone whisper me why dr__ Lupo is not doing face cam anymore,neither,0.03147959792059848,0.36581188110336654,0.602708520976035
!uptime,neither,0.03945320844208391,0.33037608806864915,0.630170703489267
Ninja has been streaming for 12 minutes 15 seconds,neither,0.03609679792831425,0.31266057752987414,0.6512426245418116
Break it up you two,neither,0.05538077534264429,0.45094108310820036,0.4936781415491554
PepePls,neither,0.03945320844208391,0.33037608806864915,0.630170703489267
,neither,0.03945320844208391,0.33037608806864915,0.630170703489267
@MTKLive He's using it now,neither,0.03913490595290673,0.4064937069237476,0.5543713871233457
Why does it says I’m a 9 month sub when next month should be my 1 year? Anyone,offensive_language,0.022652743899483272,0.4917136355764846,0.48563362052403214
Whats up ninj,neither,0.03597034933595279,0.4023906385329718,0.5616390121310755
BLUE,neither,0.03945320844208391,0.33037608806864915,0.630170703489267
PepePls,neither,0.03945320844208391,0.33037608806864915,0.630170703489267
you and dr lupo should play duos i feel like its been a while,neither,0.06656050505265972,0.38232476774310076,0.5511147272042396
any pleasers in chat,neither,0.03945320844208391,0.33037608806864915,0.630170703489267
I only have 3 minutes til I have to go to work :(,neither,0.049697895759939166,0.34031736342172664,0.6099847408183343
