text,top_class,hate_speech,offensive_language,neither
LIVE in 4:20 LUL,neither,0.04340772725018425,0.3290159477137008,0.627576325036115
ayyyee its lit,neither,0.03205760280459098,0.33291977597733546,0.6350226212180734
yo,offensive_language,0.04010381111145228,0.5271105317972344,0.4327856570913131
Hey @ninja,neither,0.03945320844208391,0.33037608806864915,0.630170703489267
first,neither,0.02604892428726219,0.3349864360510187,0.6389646396617191
Hey tyler!,neither,0.03945320844208391,0.33037608806864915,0.630170703489267
I was first Muahahaha,neither,0.02795943722407552,0.3378485275292669,0.6341920352466575
hey Tyler hows life,neither,0.036739171493760166,0.37687498500447303,0.5863858435017668
I use my twitch prime on you,offensive_language,0.017078354786673168,0.511553950700575,0.4713676945127518
bruh look at my chat,neither,0.029520949071524003,0.43434567788146916,0.5361333730470068
YER,neither,0.03945320844208391,0.33037608806864915,0.630170703489267
ninjaBlast1 ninjaBlast2 ninjaBlast3 ninjaBlast3,neither,0.03945320844208391,0.33037608806864915,0.630170703489267
Music?,neither,0.03945320844208391,0.33037608806864915,0.630170703489267
NINJA,neither,0.03945320844208391,0.33037608806864915,0.630170703489267
ninjaCreep,neither,0.03945320844208391,0.33037608806864915,0.630170703489267
i'm here early. Yeah ME!!!!!,neither,0.04943170111098951,0.42757992606978806,0.5229883728192224
My class is literally about to start smh,neither,0.05094347127996367,0.4126092937889248,0.5364472349311115
Hi,neither,0.03945320844208391,0.33037608806864915,0.630170703489267
Hey,neither,0.03945320844208391,0.33037608806864915,0.630170703489267
hey,neither,0.03945320844208391,0.33037608806864915,0.630170703489267
yas mate,neither,0.03945320844208391,0.33037608806864915,0.630170703489267
ninjaHi ninjaHi,neither,0.03945320844208391,0.33037608806864915,0.630170703489267
Hi,neither,0.03945320844208391,0.33037608806864915,0.630170703489267
was good chat ninjaHmm,neither,0.0385597912284091,0.33304501896632305,0.6283951898052678
@ninja hi,neither,0.03945320844208391,0.33037608806864915,0.630170703489267
lesss goooooo,neither,0.03945320844208391,0.33037608806864915,0.630170703489267
First TheThing,neither,0.02604892428726219,0.3349864360510187,0.6389646396617191
Another amazing stream I'll miss :(,neither,0.06613963355716213,0.2764812983616591,0.6573790680811789
POGGERS,neither,0.03945320844208391,0.33037608806864915,0.630170703489267
Hey ninja,neither,0.03945320844208391,0.33037608806864915,0.630170703489267
"Ffs DansGame ,Keepo",neither,0.03945320844208391,0.33037608806864915,0.630170703489267
FortOne FortOne,neither,0.03945320844208391,0.33037608806864915,0.630170703489267
Hey ninja,neither,0.03945320844208391,0.33037608806864915,0.630170703489267
ninjaHi,neither,0.03945320844208391,0.33037608806864915,0.630170703489267
Ughhhhhhh,neither,0.03945320844208391,0.33037608806864915,0.630170703489267
PokMachamp PokMachamp PokMachamp PokMachamp PokMachamp PokMachamp,neither,0.03945320844208391,0.33037608806864915,0.630170703489267
ninjaThirst ninjaThirst ninjaThirst,neither,0.03945320844208391,0.33037608806864915,0.630170703489267
ninjaHype ninjaHype ninjaHype ninjaHype,neither,0.03945320844208391,0.33037608806864915,0.630170703489267
ninjaHype ninjaHype ninjaHype ninjaHype ninjaHype ninjaHype ninjaHype ninjaPog ninjaPog ninjaPog ninjaPog ninjaPog ninjaPog,neither,0.03945320844208391,0.33037608806864915,0.630170703489267
Hai fam ninjaAww,neither,0.03945320844208391,0.33037608806864915,0.630170703489267
ninjaHype ninjaHype ninjaHype,neither,0.03945320844208391,0.33037608806864915,0.630170703489267
Ueet,neither,0.03945320844208391,0.33037608806864915,0.630170703489267
Yee yeet,neither,0.03945320844208391,0.33037608806864915,0.630170703489267
ninjaBlast2 ninjaBlast1 ninjaBlast2 ninjaBlast3 ninjaBlast3 ninjaBlast3 ninjaBlast3 ninjaBlast3 ninjaBlast3 ninjaBlast3 ninjaBlast3 ninjaBlast3 ninjaBlast3 ninjaBlast3 ninjaBlast3 ninjaBlast3 ninjaBlast3 ninjaBlast3 ninjaBlast3 ninjaBlast3 ninjaBlast3 ninjaBlast3 ninjaBlast3 ninjaBlast3 ninjaBlast3 ninjaBlast3 ninjaBlast3,neither,0.03945320844208391,0.33037608806864915,0.630170703489267
after this minute and 30 seconds if hes not naked imma be ticked,neither,0.029102372560023036,0.3426120096525257,0.6282856177874514
yeet,neither,0.03945320844208391,0.33037608806864915,0.630170703489267
YA YEEET,offensive_language,0.017331157930923866,0.7872544665869478,0.19541437548212848
ninjaHype ninjaHype ninjaHype ninjaHype ninjaHype,neither,0.03945320844208391,0.33037608806864915,0.630170703489267
ninjaS ninjaS ninjaS,neither,0.03945320844208391,0.33037608806864915,0.630170703489267
!subcount,neither,0.03945320844208391,0.33037608806864915,0.630170703489267
lo,neither,0.03945320844208391,0.33037608806864915,0.630170703489267
Ninja has chosen not to show his sub count anymore as it just sparks meaningless debates in the chat. Watch the stream and enjoy the content instead of worrying about numbers ninjaAdore,neither,0.05172830886025077,0.3017108193993596,0.6465608717403898
ninjaPon ninjaPon ninjaPon,neither,0.03945320844208391,0.33037608806864915,0.630170703489267
ninjaPon,neither,0.03945320844208391,0.33037608806864915,0.630170703489267
l,neither,0.03945320844208391,0.33037608806864915,0.630170703489267
ninjaPon,neither,0.03945320844208391,0.33037608806864915,0.630170703489267
ninjaH,neither,0.03945320844208391,0.33037608806864915,0.630170703489267
ninjaHi ninjaHi ninjaHi,neither,0.03945320844208391,0.33037608806864915,0.630170703489267
Esketit,neither,0.03945320844208391,0.33037608806864915,0.630170703489267
Globetrottin son of a gun. Lol.,neither,0.031230337727679587,0.39036888177081547,0.5784007805015049
ninjaChug ninjaFood,neither,0.03945320844208391,0.33037608806864915,0.630170703489267
@Ninja hi tyler,neither,0.03945320844208391,0.33037608806864915,0.630170703489267
It’s pappi!,neither,0.034373745257138544,0.33212314837979673,0.6335031063630647
ninjaBand ninjaBand ninjaBand,neither,0.03945320844208391,0.33037608806864915,0.630170703489267
NINJA,neither,0.03945320844208391,0.33037608806864915,0.630170703489267
ninjaBlast1 ninjaBlast2 ninjaBlast3 ninjaBlast3 ninjaBlast3 ninjaBlast3 ninjaBlast3 ninjaBlast3 ninjaBlast3 ninjaBlast3 ninjaBlast3 ninjaBlast3 ninjaBlast3 ninjaBlast3 ninjaBlast3 ninjaBlast3 ninjaBlast3 ninjaBlast3 ninjaPog,neither,0.03945320844208391,0.33037608806864915,0.630170703489267
@ninja,neither,0.03945320844208391,0.33037608806864915,0.630170703489267
hi,neither,0.03945320844208391,0.33037608806864915,0.630170703489267
hi papa,neither,0.03945320844208391,0.33037608806864915,0.630170703489267
Lets go Ninja,neither,0.03981812293322871,0.3475555400903652,0.6126263369764061
"Salzburg...home of Redbull, they own Hangar 7",neither,0.0740942338538316,0.3184614509444567,0.6074443152017117
ninjaBlast1 ninjaBlast2 ninjaBlast3 ninjaBlood,neither,0.03945320844208391,0.33037608806864915,0.630170703489267
ninjaHi everyone,offensive_language,0.02988896790634741,0.4927062106388782,0.4774048214547744
lets get it,neither,0.035792812152059726,0.3614291354098794,0.6027780524380607
ninjaWifey ninjaWifey ninjaWifey ninjaWifey,neither,0.03945320844208391,0.33037608806864915,0.630170703489267
ninjaBlast1 ninjaBlast2 ninjaBlast3 ninjaBlast3 beardedoneBlue,neither,0.03945320844208391,0.33037608806864915,0.630170703489267
Hi,neither,0.03945320844208391,0.33037608806864915,0.630170703489267
ninjaPog ninjaPog,neither,0.03945320844208391,0.33037608806864915,0.630170703489267
leggo,neither,0.03945320844208391,0.33037608806864915,0.630170703489267
DADDY,neither,0.03945320844208391,0.33037608806864915,0.630170703489267
DADDY,neither,0.03945320844208391,0.33037608806864915,0.630170703489267
what is that ninjaPog ninjaPog,neither,0.06192082320891666,0.3949353930334496,0.5431437837576337
69999,neither,0.03945320844208391,0.33037608806864915,0.630170703489267
It's game time baby,neither,0.035773290660964324,0.3046832971511726,0.659543412187863
Ayeee,neither,0.03945320844208391,0.33037608806864915,0.630170703489267
pog,neither,0.03945320844208391,0.33037608806864915,0.630170703489267
Lit,neither,0.03945320844208391,0.33037608806864915,0.630170703489267
best intro everrrr,neither,0.03849321189567543,0.3223372005843162,0.6391695875200085
Love this intro omg,neither,0.03669953093615978,0.3442661038389594,0.6190343652248808
dammmmmmnnnnnnn letssss goooooo,neither,0.03945320844208391,0.33037608806864915,0.630170703489267
ninjaFire ninjaFire ninjaFire ninjaFire ninjaFire ninjaFire,neither,0.03945320844208391,0.33037608806864915,0.630170703489267
this is so poggggg,neither,0.057692595345134906,0.4206183136808414,0.5216890909740237
hi ninja,neither,0.03945320844208391,0.33037608806864915,0.630170703489267
ninjaCreep ninjaCreep ninjaCreep ninjaCreep ninjaCreep,neither,0.03945320844208391,0.33037608806864915,0.630170703489267
ninjaK ninjaK ninjaK,neither,0.03945320844208391,0.33037608806864915,0.630170703489267
Yeet,neither,0.03945320844208391,0.33037608806864915,0.630170703489267
Dude that’s so sick,neither,0.034882103890362344,0.4312543787353826,0.533863517374255
yooooo,neither,0.03945320844208391,0.33037608806864915,0.630170703489267
ninjaAmazing ninjaAmazing ninjaAmazing ninjaAmazing ninjaAmazing,neither,0.03945320844208391,0.33037608806864915,0.630170703489267
Volume,neither,0.03945320844208391,0.33037608806864915,0.630170703489267
ninjaBlast1 ninjaBlast2 ninjaBlast3 ninjaBlast3 ninjaBlast3 beardedoneBlue,neither,0.03945320844208391,0.33037608806864915,0.630170703489267
ninjaBlast1 ninjaBlast2 ninjaBlast3 ninjaBlast3 ninjaBlast3 ninjaPon ninjaPon ninjaPon ninjaPon ninjaBlast3 ninjaBlast3 ninjaBlast3 ninjaIQ,neither,0.03945320844208391,0.33037608806864915,0.630170703489267
mic,neither,0.03945320844208391,0.33037608806864915,0.630170703489267
ninjaBlast1 ninjaBlast2 ninjaBlast2 ninjaBlast2 ninjaBlast2 ninjaBlast2,neither,0.03945320844208391,0.33037608806864915,0.630170703489267
ninjaFan ninjaFan ninjaFan ninjaFan ninjaFan ninjaFan,neither,0.03945320844208391,0.33037608806864915,0.630170703489267
What cant hear you,neither,0.07029500367374585,0.38265060278843893,0.5470543935378153
Mic,neither,0.03945320844208391,0.33037608806864915,0.630170703489267
turn up mic!!,neither,0.03662482798603032,0.38788313553210796,0.5754920364818616
Hey @ninja,neither,0.03945320844208391,0.33037608806864915,0.630170703489267
what up?!,neither,0.04549209283961305,0.43877665191533993,0.5157312552450469
Oh no,neither,0.04751210705993949,0.26629718932274826,0.6861907036173122
louderrrrr,neither,0.03945320844208391,0.33037608806864915,0.630170703489267
music,neither,0.03945320844208391,0.33037608806864915,0.630170703489267
FRESH!!!!,neither,0.03945320844208391,0.33037608806864915,0.630170703489267
Ayeee,neither,0.03945320844208391,0.33037608806864915,0.630170703489267
mic,neither,0.03945320844208391,0.33037608806864915,0.630170703489267
MIC,neither,0.03945320844208391,0.33037608806864915,0.630170703489267
Volume...,neither,0.03945320844208391,0.33037608806864915,0.630170703489267
Hi,neither,0.03945320844208391,0.33037608806864915,0.630170703489267
inside a hanger?,neither,0.035722856258464886,0.15909494712809555,0.8051821966134395
mic,neither,0.03945320844208391,0.33037608806864915,0.630170703489267
Hello,neither,0.03945320844208391,0.33037608806864915,0.630170703489267
Loader mic,neither,0.03945320844208391,0.33037608806864915,0.630170703489267
Hello beautiful,neither,0.03945320844208391,0.33037608806864915,0.630170703489267
Nice mic,neither,0.03945320844208391,0.33037608806864915,0.630170703489267
hard to hear,offensive_language,0.03672283328679624,0.5709644363827981,0.39231273033040565
We can’t hear you dog,neither,0.0588039736561513,0.38150400048404554,0.5596920258598033
my boi lookin fine af ninjaPog,neither,0.03010758967477829,0.40163323294150255,0.5682591773837191
Music to old,neither,0.04897903362179819,0.3248780134175677,0.6261429529606342
Turn up mic,neither,0.03662482798603032,0.38788313553210796,0.5754920364818616
Ummm can’t hear,neither,0.03972873945293624,0.3256996077358472,0.6345716528112165
Frank that mic bro,neither,0.03620796178824165,0.36557083723668915,0.5982212009750693
Mic,neither,0.03945320844208391,0.33037608806864915,0.630170703489267
Mic is low,neither,0.04834088815024456,0.3273192074671046,0.6243399043826507
low mic wtf,offensive_language,0.04212693733330682,0.5625870492745778,0.3952860133921152
Voice sounds far,neither,0.03945320844208391,0.33037608806864915,0.630170703489267
turn mic up,neither,0.03662482798603032,0.38788313553210796,0.5754920364818616
Mic volume,neither,0.03945320844208391,0.33037608806864915,0.630170703489267
hey ninja :,neither,0.03945320844208391,0.33037608806864915,0.630170703489267
music too loud,neither,0.03917075358993115,0.3351700840581052,0.6256591623519637
Music is over ur voice,neither,0.07074880710697645,0.32036754930187167,0.6088836435911519
!uptime,neither,0.03945320844208391,0.33037608806864915,0.630170703489267
Ninja has been streaming for 6 minutes 21 seconds,neither,0.03593487329507504,0.31180471472147375,0.6522604119834512
Lower the music eh?,neither,0.038686225596866845,0.3163967325925378,0.6449170418105954
there ya go!,offensive_language,0.022671765969955418,0.6078090500817657,0.3695191839482789
betterrr,neither,0.03945320844208391,0.33037608806864915,0.630170703489267
:),neither,0.03945320844208391,0.33037608806864915,0.630170703489267
Yes,neither,0.03945320844208391,0.33037608806864915,0.630170703489267
gotagaYOP gotagaYOP gotagaYOP,neither,0.03945320844208391,0.33037608806864915,0.630170703489267
Can’t hear ya bro,offensive_language,0.025128627200475324,0.5895947024717924,0.38527667032773233
there you go,neither,0.07635189631448289,0.3387246043246177,0.5849234993608994
No volume,neither,0.03852177801590115,0.3461848932406789,0.6152933287434199
hiuuu ninjaaaa,neither,0.03945320844208391,0.33037608806864915,0.630170703489267
thanks brother,neither,0.036905531559075604,0.30904216985242117,0.6540522985885032
Turn down music,neither,0.03945320844208391,0.33037608806864915,0.630170703489267
oh yea,neither,0.046804910670892125,0.2635056757852452,0.6896894135438627
That’s so dope,neither,0.034191327927173526,0.4470507574798968,0.5187579145929296
all good,offensive_language,0.042287141387680284,0.4966367058223186,0.461076152790001
Mic volume,neither,0.03945320844208391,0.33037608806864915,0.630170703489267
all is good dad,neither,0.05217775662031944,0.4211941764686726,0.526628066911008
Music is to high,neither,0.05432642613728897,0.41994026501019216,0.525733308852519
yes!! :),neither,0.03945320844208391,0.33037608806864915,0.630170703489267
mic sounds better now. Lower music slightly,neither,0.03945320844208391,0.33037608806864915,0.630170703489267
much better dude,neither,0.0346696493391797,0.3320213733971228,0.6333089772636975
Can’t hear you. Music tooo loud,neither,0.05205094151088978,0.36197279148214245,0.5859762670069678
@Ninja music too loud bro,neither,0.03925160614454803,0.33379780519790353,0.6269505886575484
Music is over your voice,neither,0.08204833002291226,0.3187776693125802,0.5991740006645074
all good,offensive_language,0.042287141387680284,0.4966367058223186,0.461076152790001
Someone’s talking over you,neither,0.05692649711878505,0.3977693197238825,0.5453041831573323
Can’t hear,neither,0.039887949167755433,0.32299740337112,0.6371146474611248
@ninja turn the mic up,neither,0.036502132735771915,0.35885185395538627,0.6046460133088418
woohoo,neither,0.03945320844208391,0.33037608806864915,0.630170703489267
perfect,neither,0.03945320844208391,0.33037608806864915,0.630170703489267
whats hangar 7,neither,0.03945320844208391,0.33037608806864915,0.630170703489267
much better...you're talking over the music though,neither,0.06125337862036639,0.33094159444252663,0.607805026937107
ninjaGold ninjaPog,neither,0.03945320844208391,0.33037608806864915,0.630170703489267
Yay,neither,0.03945320844208391,0.33037608806864915,0.630170703489267
There we go,neither,0.04083933629015207,0.27628362646603744,0.6828770372438104
ninja do you ever plan on stopping full time streaming?,neither,0.058700082757578716,0.3702332963327133,0.5710666209097081
Nice,neither,0.03945320844208391,0.33037608806864915,0.630170703489267
Yes,neither,0.03945320844208391,0.33037608806864915,0.630170703489267
Nice setup,neither,0.03945320844208391,0.33037608806864915,0.630170703489267
Much better,neither,0.033464116335600605,0.3324360114774959,0.6340998721869036
@Ninja where are you bud?,neither,0.08805301186083603,0.29814690851363096,0.6138000796255331
wow did you take your entire room :D,neither,0.0856449251069082,0.3609891433519212,0.5533659315411705
Perfect,neither,0.03945320844208391,0.33037608806864915,0.630170703489267
I like your shirt and your jacket @Ninja !!!,neither,0.1083891452834884,0.2931582452573361,0.5984526094591754
perfect,neither,0.03945320844208391,0.33037608806864915,0.630170703489267
Thanks,neither,0.035884468650613,0.3004919205142699,0.6636236108351171
Perfect,neither,0.03945320844208391,0.33037608806864915,0.630170703489267
hi coucou ninja,neither,0.03945320844208391,0.33037608806864915,0.630170703489267
Turn down the thing in the background,neither,0.03800965334885351,0.30351550433678565,0.6584748423143608
Music is loud,neither,0.04927170568390349,0.32699905663408046,0.623729237682016
Yeet!!,neither,0.03945320844208391,0.33037608806864915,0.630170703489267
YES! Good,neither,0.038450231640392206,0.3307210577828565,0.6308287105767514
perfect,neither,0.03945320844208391,0.33037608806864915,0.630170703489267
linjas back!,neither,0.03945320844208391,0.33037608806864915,0.630170703489267
Much better,neither,0.033464116335600605,0.3324360114774959,0.6340998721869036
Perfect,neither,0.03945320844208391,0.33037608806864915,0.630170703489267
Sick setup,neither,0.03945320844208391,0.33037608806864915,0.630170703489267
hey ninja! i love your outfit!,neither,0.06100576626624748,0.3345553213897369,0.6044389123440156
wild man,neither,0.03966410365961797,0.4188656216611407,0.5414702746792411
mic is great,neither,0.04614394284441744,0.3006268028900771,0.6532292542655056
lets See those pants,neither,0.062793619333832,0.2746166227422495,0.6625897579239184
@Ninja where is the finalmouse?,neither,0.049720528107536285,0.2757229602390111,0.6745565116534525
Much better,neither,0.033464116335600605,0.3324360114774959,0.6340998721869036
in a hangar hungover,neither,0.03945320844208391,0.33037608806864915,0.630170703489267
Good now,neither,0.03827611794010617,0.33078094346847353,0.6309429385914205
good afternoon!!! wowwwww,neither,0.038712489352510704,0.33063085532967357,0.6306566553178159
i subscribed right?,neither,0.03719022913728602,0.3744360956046963,0.5883736752580178
!NINJA ninjaAww ninjaPon,neither,0.03945320844208391,0.33037608806864915,0.630170703489267
"Like what you see? Make sure to follow Ninjas twitter here: Twitter.com/Ninja Also, check out Ninjas youtube videos at http://www.youtube.com/NinjasHyper",neither,0.06186531586336874,0.43203127599332164,0.5061034081433097
nice quality,neither,0.03945320844208391,0.33037608806864915,0.630170703489267
what's a hangar,neither,0.057770773616808734,0.3180719994247239,0.6241572269584672
Show us your shorts @ninja,neither,0.14066862471340086,0.2482444473141577,0.6110869279724416
fresh suit,neither,0.03945320844208391,0.33037608806864915,0.630170703489267
Ma boi,neither,0.03235569649069583,0.45083938891387115,0.5168049145954331
Hi ninj,neither,0.03945320844208391,0.33037608806864915,0.630170703489267
@ninja music to high,neither,0.04211168559941403,0.4033942510157556,0.5544940633848304
Whats a hanger,neither,0.03945320844208391,0.33037608806864915,0.630170703489267
"hey ninja, I'm thinking about studying abroad in Austria. What are your initial thoughts of the country?",neither,0.07736927234646163,0.3031958183552243,0.6194349092983141
wgere he at,neither,0.04965843118275787,0.376009485502222,0.5743320833150202
@Ninja looking great bro,neither,0.03778802448431516,0.3082951787418569,0.653916796773828
leder not Lieder LUL,neither,0.03798429109608333,0.3359028173923576,0.626112891511559
Hi Tyler!,neither,0.03945320844208391,0.33037608806864915,0.630170703489267
ninjaPon,neither,0.03945320844208391,0.33037608806864915,0.630170703489267
ninjaPon,neither,0.03945320844208391,0.33037608806864915,0.630170703489267
@Ninja Thats an amazing Red Bull fridge. Thats the one you should have....or me...lolz,neither,0.047330028542274014,0.396367837161303,0.556302134296423
goood evening ninja,neither,0.03945320844208391,0.33037608806864915,0.630170703489267
hi ninja,neither,0.03945320844208391,0.33037608806864915,0.630170703489267
Formula 1 cars,neither,0.03945320844208391,0.33037608806864915,0.630170703489267
Check his Twitter!,offensive_language,0.07362810576805578,0.47809791603419904,0.4482739781977452
yer in austria,neither,0.03945320844208391,0.33037608806864915,0.630170703489267
Ho,offensive_language,0.013321108536384277,0.8771497931721385,0.10952909829147721
Let’s see em 👅👅,neither,0.02115173970994668,0.37229012164751313,0.6065581386425404
did you like the event yesterday whit gotaga ninjaBlast1 ninjaBlast1 ninjaBlast1 ninjaBlast2 ninjaBlast2 ninjaBlast2 ninjaBlast3 ninjaBlast3 gotagaVitality gotagaVitality gotagaYOP gotagaYOP gotagaLOVE gotagaLOVE,neither,0.059262640211723595,0.36162169483803436,0.5791156649502419
show us the hanger,neither,0.10180295449284006,0.235909508488829,0.6622875370183311
Do you ever drink the redbull?,neither,0.060782203642499186,0.3626039717878926,0.5766138245696083
ninjaThirst ninjaThirst ninjaThirst ninjaThirst,neither,0.03945320844208391,0.33037608806864915,0.630170703489267
Hello,neither,0.03945320844208391,0.33037608806864915,0.630170703489267
using code Gotoga or what,neither,0.04063199031927277,0.3892777486152102,0.570090261065517
If I was in that hangar I would nut,neither,0.020006749358856348,0.4192914717792645,0.5607017788618792
Hangar,neither,0.03945320844208391,0.33037608806864915,0.630170703489267
ninjaAww ninjaAww ninjaAww,neither,0.03945320844208391,0.33037608806864915,0.630170703489267
No its where you put clothes on,neither,0.04164645412118154,0.24309297606781022,0.7152605698110082
yesterday yer were in france,neither,0.03968787175113531,0.31416342736384123,0.6461487008850234
@Ninja are you adjusted to the time change?,neither,0.09339600085186853,0.32276903075094937,0.5838349683971821
Check his insta and Twitter for pictures,neither,0.05074825421729982,0.35994836700723243,0.5893033787754678
exactly LUL,neither,0.03945320844208391,0.33037608806864915,0.630170703489267
ninjaCreep ninjaCreep ninjaCreep ninjaCreep ninjaCreep,neither,0.03945320844208391,0.33037608806864915,0.630170703489267
ninjaPon ninjaPon,neither,0.03945320844208391,0.33037608806864915,0.630170703489267
how do people not know what a hanger is,neither,0.08195729800138482,0.32372067255481096,0.5943220294438042
hi ninja,neither,0.03945320844208391,0.33037608806864915,0.630170703489267
xD,neither,0.03945320844208391,0.33037608806864915,0.630170703489267
ninjaCreep ninjaTube ninjaTooth,neither,0.03945320844208391,0.33037608806864915,0.630170703489267
@ninja how you doing mang ? SeriousSloth,neither,0.05729769761709649,0.3804280942896143,0.5622742080932893
Ninja where are you now,neither,0.0978266036289704,0.29334171465664,0.6088316817143895
ninjaCreep ninjaClap ninjaClap,neither,0.03945320844208391,0.33037608806864915,0.630170703489267
Planes give me season 7 PTSD ninjaS,neither,0.032996202186060516,0.36257689649121766,0.6044269013227218
Wassup duuude,neither,0.33529425248498695,0.08556156890646638,0.5791441786085466
Noice dude,neither,0.03945320844208391,0.33037608806864915,0.630170703489267
you look like a fortnite skin,neither,0.09057392115363062,0.41929725400136586,0.49012882484500353
ninjaCreep,neither,0.03945320844208391,0.33037608806864915,0.630170703489267
When u gonna play apex again?,neither,0.029569490017911614,0.4307031844455886,0.5397273255364998
the jacket is dope,neither,0.04690097522516428,0.31117038961076177,0.641928635164074
Hangar?,neither,0.03945320844208391,0.33037608806864915,0.630170703489267
rip stream froze when he was slapping his butt,neither,0.05297776844883937,0.38539023554139346,0.5616319960097672
ninjaCreep ninjaCreep ninjaTube,neither,0.03945320844208391,0.33037608806864915,0.630170703489267
gg,neither,0.03945320844208391,0.33037608806864915,0.630170703489267
Hey chat an @ninja ninjaHi ninjaHi ninjaH ninjaH,neither,0.039720326803322395,0.3258423923550602,0.6344372808416174
Fiya.,neither,0.03945320844208391,0.33037608806864915,0.630170703489267
ninja PSD,neither,0.03945320844208391,0.33037608806864915,0.630170703489267
"are you in Vienna, Ninja? I have been there in 2017, where are you located?",neither,0.11319663012630354,0.2840418862364958,0.6027614836372007
Better use code Gotaga,neither,0.013092497720468376,0.42573261372210197,0.5611748885574298
@Kemli ninjaChocobo,neither,0.03945320844208391,0.33037608806864915,0.630170703489267
hangar @Epicwin21,neither,0.03945320844208391,0.33037608806864915,0.630170703489267
Hangar 1 vodka,neither,0.03945320844208391,0.33037608806864915,0.630170703489267
ninjaGold ninjaGold ninjaGold ninjaGold ninjaGold ninjaGold,neither,0.03945320844208391,0.33037608806864915,0.630170703489267
,neither,0.03945320844208391,0.33037608806864915,0.630170703489267
What's Hangar 7?,neither,0.057770773616808734,0.3180719994247239,0.6241572269584672
gotagaFM gotagaFM gotagaFM gotagaDab gotagaDab gotagaDab ninjaBlast1 ninjaBlast1,neither,0.03945320844208391,0.33037608806864915,0.630170703489267
Damn you thicccc,offensive_language,0.07364223488149953,0.9231738158972554,0.0031839492212450463
What time is it there?,neither,0.05505845897574816,0.2931906160108079,0.6517509250134439
Those pants tho,neither,0.062169964692838954,0.2601020826519995,0.6777279526551615
ninjaGold ninjaGold ninjaGold,neither,0.03945320844208391,0.33037608806864915,0.630170703489267
@ninja 🥵🥵🥵🥵🔥,neither,0.03945320844208391,0.33037608806864915,0.630170703489267
@mublacksmith ninjaChocobo,neither,0.03945320844208391,0.33037608806864915,0.630170703489267
!uptime,neither,0.03945320844208391,0.33037608806864915,0.630170703489267
Ninja has been streaming for 8 minutes 18 seconds,neither,0.03592500033367885,0.31175252898412237,0.6523224706821988
@Epicwin21 like a coat hanger? or do you mean hangar?,neither,0.0642221830173252,0.37968053345093233,0.5560972835317425
@ninja with your LV shoes lul,neither,0.04821571824216486,0.3500415046975133,0.601742777060322
Gucci pants,neither,0.03945320844208391,0.33037608806864915,0.630170703489267
so nice video camera,neither,0.04513070192967903,0.2825265414573944,0.6723427566129265
ninjaHi,neither,0.03945320844208391,0.33037608806864915,0.630170703489267
Actively looking,neither,0.03945320844208391,0.33037608806864915,0.630170703489267
can you show us the hangar??,neither,0.1992721161737761,0.2343832567945368,0.5663446270316871
ninjaFan ninjaFail ninjaHmm ninjaHS ninjaHype ninjaIQ ninjaPopcorn ninjaPon ninjaSplat ninjaSplode ninjaShrug ninjaPog ninjaNavi ninjaS ninjaRekt ninjaLlama ninjaPrime ninjaK ninjaH ninjaHi ninjaFail ninjaCry ninjaButton ninjaCart ninjaCash ninjaChance ninjaChocobo ninjaChug ninjaBush ninjaBomb ninjaBlood ninjaBlank ninjaBits ninjaAww ninjaBand ninjaRed ninjaBull ninja10 ninjaAim ninjaAmazing ninjaFire ninjaCRINJA ninjaCreep ninjaClap ninjaTooth ninjaAdore,neither,0.03945320844208391,0.33037608806864915,0.630170703489267
Hangar 7....where Epic stored the Season 7 planes,neither,0.040349014773553384,0.28985230809567814,0.6697986771307686
S U H Ninja,neither,0.03945320844208391,0.33037608806864915,0.630170703489267
Ninja your life is insane bro! So happy for you brotha!,neither,0.06744439736496204,0.3914182696193763,0.5411373330156617
whens the new map debut,neither,0.04161300748384146,0.24470081475586558,0.713686177760293
LOOK AT THAT KEYBOARD,neither,0.03660190888724677,0.39306364990250103,0.570334441210252
sick kb,neither,0.03945320844208391,0.33037608806864915,0.630170703489267
Hey ninja,neither,0.03945320844208391,0.33037608806864915,0.630170703489267
settingsssss,neither,0.03945320844208391,0.33037608806864915,0.630170703489267
"Cam and sounds are on point , solid keyboard",neither,0.05152581302572155,0.2860799393214277,0.6623942476528507
You almost look like one of those Turkish people,neither,0.17729453580452637,0.33299573403635147,0.4897097301591221
ninjaBlast2 ninjaBlast3 ninjaBlast3 ninjaBlast3 ninjaBlast3 ninjaBlast3 ninjaBlast3 ninjaBlast3 ninjaBlast3 ninjaBlast3 ninjaBlast3 ninjaBlast3 ninjaBlast3 ninjaBlast3 ninjaBlast3 ninjaBlast3 ninjaBlast3 ninjaBlast3 ninjaBlast3 ninjaBlast3,neither,0.03945320844208391,0.33037608806864915,0.630170703489267
"just subscribed with twitch prime, love u bro",neither,0.027079509756540148,0.38194728732222466,0.5909732029212351
looks good as a background though,neither,0.037145305545437816,0.3605298096356656,0.6023248848188966
say ma nameee say ma nameeee,neither,0.030914438558643356,0.4753012974042743,0.49378426403708225
turn off shadows ninja!!,neither,0.03945320844208391,0.33037608806864915,0.630170703489267
Respect for this . greatings from germany,neither,0.03484646021055238,0.2891733459147496,0.675980193874698
What a phenomenal time to be a gamer @ninja GivePLZ,neither,0.0473566566469739,0.3405478017269527,0.6120955416260734
I need that keyboard!!!!,neither,0.03534770316121616,0.37162164106030376,0.59303065577848
LITTTT,neither,0.03945320844208391,0.33037608806864915,0.630170703489267
ninjaPrime ninjaHype,neither,0.03945320844208391,0.33037608806864915,0.630170703489267
irst game 20 kills calling it Kappa,neither,0.03797600443809957,0.3013413210690211,0.6606826744928792
ninjaBlast1 ninjaBlast2 ninjaBlast3 ninjaBlast3 ninjaHS,neither,0.03945320844208391,0.33037608806864915,0.630170703489267
tough life... 30 minute naps Kappa,neither,0.03705766539033779,0.37141966749011396,0.5915226671195483
Wow,neither,0.03945320844208391,0.33037608806864915,0.630170703489267
So you're streamimg from where planes are? Can ya show us the planes? ninjaAdore ninjaAdore ninjaAdore ninjaAdore,neither,0.10737998399347544,0.3968321669728542,0.4957878490336705
,neither,0.03945320844208391,0.33037608806864915,0.630170703489267
!keyboard,neither,0.03945320844208391,0.33037608806864915,0.630170703489267
Ninja is using the Corsair K70 Rapidfire-> https://goo.gl/BZepn4,neither,0.042052216473968264,0.37224288155871194,0.5857049019673197
@ninja Can u see cHaT????,neither,0.03969807148624559,0.32622012316760285,0.6340818053461516
oh you literally at a hangar,neither,0.0708348647100147,0.3595357791028022,0.5696293561871831
Yooo,neither,0.03945320844208391,0.33037608806864915,0.630170703489267
@Nasheyy good call,neither,0.03834978857227872,0.33075560475985816,0.6308946066678632
ninjaCRINJA,neither,0.03945320844208391,0.33037608806864915,0.630170703489267
Did you bring a computer with you to Europe?,neither,0.060810644042088975,0.4337389220483911,0.5054504339095199
:),neither,0.03945320844208391,0.33037608806864915,0.630170703489267
put it on low,neither,0.03443850495732988,0.34746579826592994,0.6180956967767404
do u drink the redbul,neither,0.04021803123477847,0.3074440473811477,0.6523379213840738
do you have Stewardess there to serve you?,neither,0.08889219951084583,0.37976225392695834,0.5313455465621959
redbull,neither,0.03945320844208391,0.33037608806864915,0.630170703489267
do you plan on streaming fulltime ever?,neither,0.048965343792286085,0.37037149883215864,0.5806631573755552
!liz,neither,0.03945320844208391,0.33037608806864915,0.630170703489267
"Always here, you can't escape ninjaCreep",neither,0.11148177677879073,0.3820220412211467,0.5064961820000626
Holy smokes it looks just like home!!,neither,0.04225467567187535,0.3584926858604933,0.5992526384676312
stopping full time lol,neither,0.046771476725844634,0.39276076956918904,0.5604677537049664
@ninja I would imagine y’all are exhausted. Your whole sleep schedule is messed up lol,neither,0.07060067500481704,0.39442907197250865,0.5349702530226743
Daddy looking so fly,neither,0.039411417849264635,0.37515621871520566,0.5854323634355298
Hi ninjaHi ninjaHi,neither,0.03945320844208391,0.33037608806864915,0.630170703489267
Did you use code Gotaga,neither,0.019695543678057262,0.4794141315153816,0.5008903248065611
What time is it in Australia,neither,0.049988146824591705,0.3423174655490618,0.6076943876263465
When you heading home,neither,0.04310338950335808,0.4259028776644908,0.5309937328321511
@ninja have you had Wiener schnitzel yet??,neither,0.054635654881432995,0.3840276077034462,0.5613367374151209
gotagaFM gotagaFM gotagaFM,neither,0.03945320844208391,0.33037608806864915,0.630170703489267
gotagaSINGE gotagaSINGE gotagaSINGE gotagaSINGE gotagaSINGE,neither,0.03945320844208391,0.33037608806864915,0.630170703489267
@dirtydiamond Imagine thinking ninja doesn’t stream full time,neither,0.050055518964865174,0.3383198359217198,0.611624645113415
Aw I was just wondering if u could see chat with that setup,neither,0.02088939735640331,0.41746566901831716,0.5616449336252796
How’s Austria? Is it your first time?,neither,0.0736056480906046,0.3431526902947787,0.5832416616146168
Ninja how big is the hanger?,neither,0.031135837817139328,0.364271693900373,0.6045924682824877
@fivepopn I think he's in Austria,neither,0.05041872865697401,0.31157009038730765,0.6380111809557184
@ninja how was the pool yesterday?,neither,0.03868010150746522,0.31948828642726745,0.6418316120652673
yooo,neither,0.03945320844208391,0.33037608806864915,0.630170703489267
where in Poland?,neither,0.043221863474757885,0.26641217675828105,0.690365959766961
Do you drink the redbull,neither,0.06532206852087916,0.3685987494485685,0.5660791820305523
I know u read chat my man,neither,0.02924924098463608,0.46881051542745533,0.5019402435879087
NOO UNTIL ITS DESIPER,neither,0.03365781417068432,0.3323693899098797,0.6339727959194361
I think he’s like 9 hours difference than in Chicago,neither,0.051907914541876765,0.33937243406925327,0.60871965138887
@Ninja are you going to Germany?,neither,0.08714148486731538,0.3464208944612794,0.5664376206714054
Have you had any Absinthe?? LOL,offensive_language,0.04718520000165504,0.47929127170041713,0.47352352829792793
@johnnymack96 IMAGINE a typo lol,neither,0.030011385417585263,0.4003396692418452,0.5696489453405696
werent u in france yesterday????,neither,0.03945320844208391,0.33037608806864915,0.630170703489267
Do they all talk like Arnold? PogChamp,neither,0.030719737931170086,0.4756398602605313,0.4936404018082986
!uptime,neither,0.03945320844208391,0.33037608806864915,0.630170703489267
Ninja has been streaming for 10 minutes 22 seconds,neither,0.036112656468366255,0.31274439602384274,0.6511429475077911
Thats so cool that you're headed to poland,neither,0.07941845130462206,0.4203629503259366,0.5002185983694413
PogChamp,neither,0.03945320844208391,0.33037608806864915,0.630170703489267
Whaaaatttttttt ninj fortnite and austria LETS GO,neither,0.03891225553548459,0.29994566821622953,0.6611420762482859
hi,neither,0.03945320844208391,0.33037608806864915,0.630170703489267
Its 7pm for him right now fam,neither,0.03036727342231138,0.3245953099591587,0.6450374166185299
I drink a lot of Red Bull!,neither,0.039311456200237745,0.3291890730454009,0.6314994707543614
ay!!!,neither,0.03945320844208391,0.33037608806864915,0.630170703489267
hi chat :),neither,0.03945320844208391,0.33037608806864915,0.630170703489267
TIm would be proud of that fall,neither,0.03629061902657838,0.3616673738095216,0.6020420071639
@finessekicks autocorrect to Australia lol,neither,0.037825898781319166,0.3740415088411108,0.58813259237757
I mean it looked cool,neither,0.03799235649657302,0.33087854204095646,0.6311291014624705
ninjaPon,neither,0.03945320844208391,0.33037608806864915,0.630170703489267
ninjaPon,neither,0.03945320844208391,0.33037608806864915,0.630170703489267
+4 total hp worth it,neither,0.038304386950168565,0.33077122045962054,0.6309243925902109
@twitzh holy cow. Yeah their sleep schedule is so out of whack lol,neither,0.02780974839208552,0.4501793282693207,0.5220109233385937
Why can't I hear anything?,neither,0.027839096757118053,0.3421797817385868,0.6299811215042952
How do you like Europe so far ?,neither,0.06839816419048925,0.4315203391648195,0.5000814966446911
hi Twitzh,neither,0.03945320844208391,0.33037608806864915,0.630170703489267
ninjaBlast2 ninjaBlast3 ninjaShield,neither,0.03945320844208391,0.33037608806864915,0.630170703489267
gotagaREDBULL gotagaREDBULL gotagaREDBULL gotagaREDBULL,neither,0.03945320844208391,0.33037608806864915,0.630170703489267
lit,neither,0.03945320844208391,0.33037608806864915,0.630170703489267
it did @kemli but it hurt so much,neither,0.03090226495474869,0.3829395127659802,0.5861582222792712
!uptime,neither,0.03945320844208391,0.33037608806864915,0.630170703489267
Ninja has been streaming for 11 minutes 5 seconds,neither,0.035893923247677505,0.31158826302741743,0.652517813724905
ninjaTube ninjaTube ninjaTube ninjaTube ninjaTube ninjaTube ninjaTube ninjaTube ninjaTube,neither,0.03945320844208391,0.33037608806864915,0.630170703489267
@fivepopn Ahaha aight man ninja10,neither,0.039564038519469234,0.38668869984909543,0.5737472616314354
@ImOriginal123 turn yer volume up,neither,0.037361217051711616,0.37210959349157435,0.5905291894567141
,neither,0.03945320844208391,0.33037608806864915,0.630170703489267
hows vaca @Ninja,neither,0.03945320844208391,0.33037608806864915,0.630170703489267
I hear Jess alreadyb,neither,0.03945320844208391,0.33037608806864915,0.630170703489267
"Pretty sure their sleep schedule is alright, they're on the same timezone no matter where they go here ninjaTooth",neither,0.07379527860011185,0.36019992105375814,0.5660048003461299
@LoRswat the price to pay for ninjaPopcorn,neither,0.0389620154218245,0.28356320102988086,0.6774747835482946
Good afternoon all!,neither,0.04074912311830042,0.4117755004597222,0.5474753764219774
ww>W gotagaROYAL gotagaRUMBLE,neither,0.03945320844208391,0.33037608806864915,0.630170703489267
ninjaTube ninjaTube ninjaTube ninjaTube ninjaTube ninjaTube ninjaTube ninjaTube ninjaTube,neither,0.03945320844208391,0.33037608806864915,0.630170703489267
wait hamzHMM,neither,0.03945320844208391,0.33037608806864915,0.630170703489267
LUL LUL LUL,neither,0.03945320844208391,0.33037608806864915,0.630170703489267
so you traveling traveling,neither,0.050134003792542764,0.3935152101514715,0.5563507860559856
@maddened ninjaH ninjaHi,neither,0.03945320844208391,0.33037608806864915,0.630170703489267
