text,top_class,hate_speech,offensive_language,neither
first,neither,0.02604892428726219,0.3349864360510187,0.6389646396617191
sup dude,neither,0.03945320844208391,0.33037608806864915,0.630170703489267
hi,neither,0.03945320844208391,0.33037608806864915,0.630170703489267
Ello,neither,0.03945320844208391,0.33037608806864915,0.630170703489267
FortLlama,neither,0.03945320844208391,0.33037608806864915,0.630170703489267
ninjaHype Squid3 Squid2 Squid2 Squid1,neither,0.03945320844208391,0.33037608806864915,0.630170703489267
POGGG,neither,0.03945320844208391,0.33037608806864915,0.630170703489267
i first person here feel good man,neither,0.06965634959319518,0.35590687130082566,0.5744367791059791
No me,neither,0.023233758956060772,0.4454448210683549,0.5313214199755844
i love being early lupoFLIP lupoK,neither,0.03194476120062885,0.3498952757117584,0.6181599630876128
im at work lol,neither,0.028480943521059246,0.4684008110124603,0.5031182454664805
Same,neither,0.04148851938089603,0.3488915597363099,0.609619920882794
ninjaBlast1 ninjaBlast2 ninjaBlast3,neither,0.03945320844208391,0.33037608806864915,0.630170703489267
fedex TriHard,neither,0.03945320844208391,0.33037608806864915,0.630170703489267
i love being early too,neither,0.03241864065852783,0.35276200604852725,0.6148193532929449
ninjaS ninjaS,neither,0.03945320844208391,0.33037608806864915,0.630170703489267
pepeJAM,neither,0.03945320844208391,0.33037608806864915,0.630170703489267
ninjaLlama,neither,0.03945320844208391,0.33037608806864915,0.630170703489267
mikkyHey mikkyHey mikkyHey mikkyHey mikkyHey mikkyHey mikkyHey mikkyHey,neither,0.03945320844208391,0.33037608806864915,0.630170703489267
ninjaHi ninjaBlast1 ninjaBlast2 ninjaBlast3 ninjaBlast3,neither,0.03945320844208391,0.33037608806864915,0.630170703489267
Pog,neither,0.03945320844208391,0.33037608806864915,0.630170703489267
ninjaHi,neither,0.03945320844208391,0.33037608806864915,0.630170703489267
I hope the game isnt a butt today dawg and you can enjoy it and slay out @Ninja,neither,0.06166761587804826,0.23268410338559023,0.7056482807363614
pogU,neither,0.03945320844208391,0.33037608806864915,0.630170703489267
quackHey quackHey quackHey quackHey quackHey,neither,0.03945320844208391,0.33037608806864915,0.630170703489267
Mornin gamers ninjaHi,neither,0.03945320844208391,0.33037608806864915,0.630170703489267
ninjaToxic ninjaPog,neither,0.03945320844208391,0.33037608806864915,0.630170703489267
dgdfg,neither,0.03945320844208391,0.33037608806864915,0.630170703489267
cc,neither,0.03945320844208391,0.33037608806864915,0.630170703489267
mikkyHypers mikkyHypers mikkyHypers mikkyHypers mikkyHypers mikkyHypers mikkyHypers,neither,0.03945320844208391,0.33037608806864915,0.630170703489267
Banana,neither,0.03945320844208391,0.33037608806864915,0.630170703489267
Squid3 Squid2 Squid1 Squid2 Squid4,neither,0.03945320844208391,0.33037608806864915,0.630170703489267
hi ninja hi chat,neither,0.03945320844208391,0.33037608806864915,0.630170703489267
Str3at subscribed with Twitch Prime. They've subscribed for 8 months! hi there,neither,0.01885093500418275,0.3006568747163976,0.6804921902794195
ninjaBlast1 ninjaBlast2 ninjaBlast3,neither,0.03945320844208391,0.33037608806864915,0.630170703489267
PepePls PepePls PepePls PepePls,neither,0.03945320844208391,0.33037608806864915,0.630170703489267
,neither,0.03945320844208391,0.33037608806864915,0.630170703489267
ninjaHi,neither,0.03945320844208391,0.33037608806864915,0.630170703489267
LETS GET IT!!!!,neither,0.035792812152059726,0.3614291354098794,0.6027780524380607
ninjaHi ninjaHi ninjaHi,neither,0.03945320844208391,0.33037608806864915,0.630170703489267
Hows the wifey? @Ninja,neither,0.038744398445884884,0.3174771805437459,0.6437784210103692
Morning everybody,neither,0.049995702527234634,0.1514424497265382,0.7985618477462271
ninja10 ninja10 ninja10,neither,0.03945320844208391,0.33037608806864915,0.630170703489267
Good morning @ninja and all! Happy Friday!!!!!!!!,neither,0.046051921716847855,0.2414333021691604,0.7125147761139917
LETS GOOO !!! ninjaS SwiftRage,neither,0.03868305123800957,0.34344766577192837,0.6178692829900622
@theeaglesnest_ Mornin,neither,0.03945320844208391,0.33037608806864915,0.630170703489267
Morning,neither,0.05283876784042269,0.1031882115525248,0.8439730206070525
"tyler on the early morning grind i like it, happy friday to all!",neither,0.056220278223259305,0.2735946348143252,0.6701850869624154
afternoon from rainy Ireland 🇮🇪🇮🇪☔🍀,neither,0.04036266062233628,0.31494031108870923,0.6446970282889545
afternoon here in uk tho,neither,0.07055265676910163,0.3074100787288976,0.6220372645020009
I just realized it’s 6am for west coast,neither,0.032103174368177785,0.32437559814684913,0.6435212274849731
"good ,orning",neither,0.037820165765928906,0.33093776632913474,0.6312420679049364
UK!!!,neither,0.03945320844208391,0.33037608806864915,0.630170703489267
FRIDAY TriHard TriHard TriHard Payday TriHard TriHard,neither,0.03945320844208391,0.33037608806864915,0.630170703489267
and a rainy day here from New Jersey also!,neither,0.08215612413839973,0.1779080594817864,0.7399358163798139
ninjaPopcorn,neither,0.03945320844208391,0.33037608806864915,0.630170703489267
I agree Friday’s are litt,neither,0.06831593408634294,0.2812153865106636,0.6504686794029935
ninjaBlast1 ninjaBlast2 ninjaBlast3 ninjaBlast3,neither,0.03945320844208391,0.33037608806864915,0.630170703489267
Yo bro,neither,0.03974683120978326,0.44783470182118906,0.5124184669690278
hi everyone,neither,0.032490659208996964,0.4485487193596734,0.5189606214313296
GOAT is back,neither,0.04956040470899952,0.32689975980088215,0.6235398354901183
no school for me,neither,0.023098104228559835,0.3616986448866761,0.6152032508847642
Morning Tyler!!,neither,0.04836350379772682,0.17914512186553144,0.7724913743367418
hi,neither,0.03945320844208391,0.33037608806864915,0.630170703489267
Hey chat and Ninja! cloakSmile,neither,0.03876413204306386,0.2959887199383667,0.6652471480185695
littttt,neither,0.03945320844208391,0.33037608806864915,0.630170703489267
Hi,neither,0.03945320844208391,0.33037608806864915,0.630170703489267
ninjaHype ninjaHype ninjaHype ninjaHype ninjaHype ninjaHype ninjaHype ninjaHype ninjaHype,neither,0.03945320844208391,0.33037608806864915,0.630170703489267
lupoLURK lupoLURK,neither,0.03945320844208391,0.33037608806864915,0.630170703489267
LOL,neither,0.020706217963973744,0.4882283491876925,0.4910654328483337
pog,neither,0.03945320844208391,0.33037608806864915,0.630170703489267
good morning!!,neither,0.04970930963283925,0.13564577574880146,0.8146449146183593
wtf is this intro,offensive_language,0.050731461737356806,0.5629055196185843,0.3863630186440588
ninjaRare ninjaRare ninjaRare,neither,0.03945320844208391,0.33037608806864915,0.630170703489267
HAHAHAHHAH,neither,0.03945320844208391,0.33037608806864915,0.630170703489267
it's game time,neither,0.035025985323666124,0.2994888242222482,0.6654851904540856
ninjaShield ninjaBlast3 ninjaShrug ninjaBlast3 ninjaShield ninjaThirst,neither,0.03945320844208391,0.33037608806864915,0.630170703489267
gachibass,neither,0.03945320844208391,0.33037608806864915,0.630170703489267
ninjaBlast1 ninjaBlast2 ninjaBlast3 ninjaBlast3 ninjaBlast3 ninjaBlast3,neither,0.03945320844208391,0.33037608806864915,0.630170703489267
ninjaRare ninjaRare ninjaRare ninjaRare ninjaRare ninjaRare,neither,0.03945320844208391,0.33037608806864915,0.630170703489267
ninjaRare,neither,0.03945320844208391,0.33037608806864915,0.630170703489267
TriHard TriHard TriHard TriHard TriHard TriHard TriHard TriHard TriHard TriHard TriHard TriHard,neither,0.03945320844208391,0.33037608806864915,0.630170703489267
whatzhizface subscribed with Twitch Prime.,neither,0.030186173588972614,0.3621416721941929,0.6076721542168345
ninjaBlast3 ___ ninjaBlast3,neither,0.03945320844208391,0.33037608806864915,0.630170703489267
ninjaPog ninjaPog ninjaPog ninjaPog ninjaPog ninjaPog ninjaPog ninjaPog ninjaPog ninjaPog,neither,0.03945320844208391,0.33037608806864915,0.630170703489267
ninjaPog,neither,0.03945320844208391,0.33037608806864915,0.630170703489267
POG how are you doing brotha,neither,0.0890784975276758,0.3272671848097974,0.5836543176625268
hello ninj,neither,0.03945320844208391,0.33037608806864915,0.630170703489267
Pog,neither,0.03945320844208391,0.33037608806864915,0.630170703489267
ninjaPog,neither,0.03945320844208391,0.33037608806864915,0.630170703489267
ninjaBlast1 ninjaBlast2 ninjaBlast3 maveri42DEAD,neither,0.03945320844208391,0.33037608806864915,0.630170703489267
lfgggggggg,neither,0.03945320844208391,0.33037608806864915,0.630170703489267
Did you get better sleep last night?,neither,0.0450235966013529,0.38159336172354363,0.5733830416751035
wassup bruh how u been,neither,0.1917880311601238,0.1617110605839871,0.6465009082558891
hi papa,neither,0.03945320844208391,0.33037608806864915,0.630170703489267
"Did you enjoy your movie last night, Ninja?",neither,0.07072381491152553,0.32950235490115465,0.5997738301873199
pogU chat,neither,0.03945320844208391,0.33037608806864915,0.630170703489267
mclancy89 subscribed with Twitch Prime. They've subscribed for 4 months!,neither,0.017135853092050617,0.3228815153557895,0.6599826315521599
sup tyler,neither,0.03945320844208391,0.33037608806864915,0.630170703489267
I hope the game isnt a butt today dawg and you can enjoy it and slay out @Ninja,neither,0.06166761587804826,0.23268410338559023,0.7056482807363614
Der_Arcturus subscribed with Twitch Prime.,neither,0.030186173588972614,0.3621416721941929,0.6076721542168345
DADDY ninjaAww ninjaAww ninjaAww ninjaAww,neither,0.03945320844208391,0.33037608806864915,0.630170703489267
GOOOOOOD MORNING BABY SHARK DOH DOH DOH ninjaAww,neither,0.042519627112184884,0.2783309605220114,0.6791494123658038
hi,neither,0.03945320844208391,0.33037608806864915,0.630170703489267
fuck i missed the intro AGAIN fuckk,offensive_language,0.13179507536549093,0.8470267950019887,0.021178129632520148
PogU,neither,0.03945320844208391,0.33037608806864915,0.630170703489267
PogChamp Pog Pog PogChamp,neither,0.03945320844208391,0.33037608806864915,0.630170703489267
ninjaFan ninjaFan,neither,0.03945320844208391,0.33037608806864915,0.630170703489267
ello,neither,0.03945320844208391,0.33037608806864915,0.630170703489267
NINJAAAAA,neither,0.03945320844208391,0.33037608806864915,0.630170703489267
baby shark ninjaAww,neither,0.03945320844208391,0.33037608806864915,0.630170703489267
SAH DUDE,neither,0.03945320844208391,0.33037608806864915,0.630170703489267
Liz ninjaAdore,neither,0.03945320844208391,0.33037608806864915,0.630170703489267
How was US??,neither,0.1097082017949326,0.318133987441068,0.5721578107639994
ninjaPog ninjaPog ninjaPog ninjaPog ninjaPog ninjaPog ninjaPog ninjaPog ninjaPog ninjaPog ninjaPog ninjaPog,neither,0.03945320844208391,0.33037608806864915,0.630170703489267
i come early for that intro TriHard,neither,0.0313408385329826,0.341335832324209,0.6273233291428084
Hollo ninjaAww ninjaAww,neither,0.03945320844208391,0.33037608806864915,0.630170703489267
I missed the intro AGANE PepeHands,neither,0.03860818502176822,0.3149412742548453,0.6464505407233866
lupoSHARK lupoSHARK,neither,0.03945320844208391,0.33037608806864915,0.630170703489267
TankingCanadian subscribed with Twitch Prime. They've subscribed for 2 months!,neither,0.017135853092050617,0.3228815153557895,0.6599826315521599
Awwww ninja scared ninjaAww ninjaAww ninjaAww ninjaAww ninjaAww,neither,0.03945320844208391,0.33037608806864915,0.630170703489267
lucalohmeier subscribed with Twitch Prime.,neither,0.030186173588972614,0.3621416721941929,0.6076721542168345
I’m sleepy cuh TriHard,neither,0.03945320844208391,0.33037608806864915,0.630170703489267
morning dale ninjaAdore,neither,0.05283876784042269,0.1031882115525248,0.8439730206070525
What movie,neither,0.052143328789176414,0.2659274735645195,0.6819291976463041
hii,neither,0.03945320844208391,0.33037608806864915,0.630170703489267
morning Ninja!!,neither,0.048203553387938615,0.18185989775694275,0.7699365488551186
I saw the intro pepeJAM,neither,0.038561908335727174,0.31407485362443316,0.6473632380398398
Better than Get Out?,neither,0.032787134788387004,0.3730255161778209,0.594187349033792
Not just the intro ninjaAdore,neither,0.03271813294811357,0.3404457532900301,0.6268361137618563
Us looks terrifying!!!,neither,0.07807376737811687,0.3230987673188846,0.5988274653029985
Hello ninja,neither,0.03945320844208391,0.33037608806864915,0.630170703489267
Should change the intro to BABY SHARK DOH DOH DOH pepeJAM pepeJAM,neither,0.04562436345520665,0.33456624500714005,0.6198093915376532
switched from you to tim as soon as I saw you on cuz he gets knocked,neither,0.061112032776868816,0.40987091737053055,0.5290170498526007
"First time ever seeing that intro, holy its insane",neither,0.02932149405747836,0.36947460553231787,0.6012039004102038
ok bye Kappa,neither,0.03940837864060519,0.3311369667962019,0.6294546545631928
ok :),neither,0.03935517884257045,0.3320399062092607,0.6286049149481688
your editor is insane that intro was doooooooooope,neither,0.06941954916754761,0.3556046885289609,0.5749757623034916
"I am about to leave to get my haircut, but I will be back in like an hour or so. I expect multiple Ws while I am gone. ninjaH",neither,0.04214790337660946,0.3996029596424019,0.5582491369809888
,neither,0.03945320844208391,0.33037608806864915,0.630170703489267
"3,2,1 ITS BABY SHARK TIME PepePls",neither,0.03293270066093859,0.3504072327364033,0.6166600666026582
bro tims GTA yesterday was funnt AF @Ninja,neither,0.03936967242861347,0.33179391222886506,0.6288364153425213
Sounds like he bought some stuff 👀,neither,0.044957823189711775,0.35428850095332,0.6007536758569683
GOOD MORNING,neither,0.04970930963283925,0.13564577574880146,0.8146449146183593
Hi Ninja!,neither,0.03945320844208391,0.33037608806864915,0.630170703489267
Good morning,neither,0.04970930963283925,0.13564577574880146,0.8146449146183593
shroudDoo bnansDoo,neither,0.03945320844208391,0.33037608806864915,0.630170703489267
urunclerick33 subscribed with Twitch Prime.,neither,0.030186173588972614,0.3621416721941929,0.6076721542168345
ninjadude005 subscribed with Twitch Prime.,neither,0.030186173588972614,0.3621416721941929,0.6076721542168345
Hey ninj! Good morning dude. Going to see “us” today with my girlfriend who lovessss scary movies. Should be fun,neither,0.053671012166328795,0.41524079382969814,0.531088194003973
How are you!!,neither,0.19156335723385254,0.31525141242459664,0.49318523034155076
Hi Ninja how are you,neither,0.08767080319665331,0.32736954124483447,0.5849596555585121
@ninja who made the Intro?,neither,0.03912156059333786,0.36707925524427526,0.593799184162387
ninjaHi,neither,0.03945320844208391,0.33037608806864915,0.630170703489267
chchinnnnng,neither,0.03945320844208391,0.33037608806864915,0.630170703489267
hi,neither,0.03945320844208391,0.33037608806864915,0.630170703489267
Hows jess? @Ninja,neither,0.03945320844208391,0.33037608806864915,0.630170703489267
ninja ello,neither,0.03945320844208391,0.33037608806864915,0.630170703489267
I’m staying for the pon,neither,0.031725928918489694,0.2792447212930436,0.6890293497884667
What’s up ninja!!❤️,neither,0.0424860282095962,0.3861250105635327,0.5713889612268711
KappaHD ninjaCreep ninjaCreep,neither,0.03945320844208391,0.33037608806864915,0.630170703489267
this is a baby shark channel now everyone,neither,0.040266127916553936,0.4029894248433267,0.5567444472401194
no,neither,0.036918905254960256,0.37338982715841207,0.5896912675866277
yas!!! t0mmy__,neither,0.03945320844208391,0.33037608806864915,0.630170703489267
@Ninja Did you see how Ben started his GTA RP last night lmao?,neither,0.057155147065783556,0.36768690248702557,0.5751579504471909
Yo,offensive_language,0.04010381111145228,0.5271105317972344,0.4327856570913131
TheThing,neither,0.03945320844208391,0.33037608806864915,0.630170703489267
Baby shark <3,neither,0.03945320844208391,0.33037608806864915,0.630170703489267
what up ninja,neither,0.0424860282095962,0.3861250105635327,0.5713889612268711
tfueSLEEPER,neither,0.03945320844208391,0.33037608806864915,0.630170703489267
I can cope with a baby shark channel,neither,0.032207187518877925,0.35214619245094814,0.6156466200301739
Hello ninjaTooth,neither,0.03945320844208391,0.33037608806864915,0.630170703489267
!song,neither,0.038601720699969956,0.3448280572582511,0.616570222041779
https://www.shazam.com/,neither,0.03945320844208391,0.33037608806864915,0.630170703489267
mikkyHey mikkyHey mikkyHey,neither,0.03945320844208391,0.33037608806864915,0.630170703489267
Lol,neither,0.020706217963973744,0.4882283491876925,0.4910654328483337
ninjaHS ninjaBlood,neither,0.03945320844208391,0.33037608806864915,0.630170703489267
WHAT UP PON BOI,neither,0.04274460018490912,0.3907742142292796,0.5664811855858113
did u fill out a bracket?,neither,0.034860455501100604,0.3480573881215911,0.6170821563773085
@Ninja did you watch tims GTA yesterday? LUL,neither,0.05350018427992272,0.3572881927131777,0.5892116230068997
Did you watch Tim's lmao,neither,0.060843512097035056,0.38879689311199256,0.5503595947909723
I love ninja😢,neither,0.03604913326827992,0.3463049680281636,0.6176458987035566
Mrg2johnston subscribed with Twitch Prime. They've subscribed for 9 months! Love the stream my guy! Keep up the great content!,neither,0.01705190703204861,0.36676749744479187,0.6161805955231596
Chats going CRAZYYYY,neither,0.037729618496783184,0.35962990765171504,0.6026404738515018
hi guyssss,neither,0.03945320844208391,0.33037608806864915,0.630170703489267
how are you ninj,neither,0.19156335723385254,0.31525141242459664,0.49318523034155076
,neither,0.03945320844208391,0.33037608806864915,0.630170703489267
Tim's GTA stream last was hilarious,neither,0.03937553218892407,0.3316944568036385,0.6289300110074375
5 seconds in he got kidnapped and killed as a drug mule LMAO @Ninja,neither,0.039458800308892455,0.3604033416492306,0.6001378580418769
Morning Ninja and chat ninjaHi,neither,0.045027056816225666,0.18275084176299264,0.7722221014207817
Morning Ninja. Good Friday to you,neither,0.0717685361557067,0.24383287541482715,0.6843985884294661
morning ninja morning chat,neither,0.050014078348684626,0.15113056407945946,0.798855357571856
chats goin BRAZZZZZY U MEAN,neither,0.03945320844208391,0.33037608806864915,0.630170703489267
GTA 5 is fun,neither,0.048283336502890135,0.32733900211769523,0.6243776613794145
will_the_beas7 subscribed with Twitch Prime.,neither,0.030186173588972614,0.3621416721941929,0.6076721542168345
Good evening ninjaAdore @Mikaylah,neither,0.03869882722860525,0.3306355543605695,0.6306656184108252
Good morning !!! ninjaH ninjaH,neither,0.04970930963283925,0.13564577574880146,0.8146449146183593
Dale Morris teaching how to milk cows FeelsWeirdManW @Ninja,neither,0.04377080868099738,0.3278250326250014,0.6284041586940011
mikkyHey,neither,0.03945320844208391,0.33037608806864915,0.630170703489267
ninjaNavi 🍽🍽🍽🍽,neither,0.03945320844208391,0.33037608806864915,0.630170703489267
Morning ninjaH @BarbxLahey,neither,0.05283876784042269,0.1031882115525248,0.8439730206070525
He got thrown out of a helicopter for being a Coke mule,neither,0.032121697939056275,0.366137573238834,0.6017407288221097
will you play GTA 5 ??,neither,0.05978650659129304,0.354575728599241,0.5856377648094659
did you get a goo damount of sleep daddy,neither,0.05571852056781438,0.38737098039529144,0.5569104990368942
morning Ninja,neither,0.048203553387938615,0.18185989775694275,0.7699365488551186
!uptime jgoH,neither,0.03945320844208391,0.33037608806864915,0.630170703489267
Ninja has been streaming for 8 minutes 25 seconds,neither,0.03593765925135289,0.31181944048327837,0.6522429002653688
@twitzh mikkyHey,neither,0.03945320844208391,0.33037608806864915,0.630170703489267
lmfao he got thrown out of a helicopter,neither,0.044333033856816216,0.37358124746860016,0.5820857186745836
and evening or afternoon for other peeps ninjaAdore,neither,0.0350578896664886,0.2856744606915397,0.6792676496419717
wdparrishjr subscribed with Twitch Prime. They've subscribed for 4 months! enjoy watching your stream! blessings bro!,neither,0.02985497644742456,0.3213328762507389,0.6488121473018365
"What’s up, danger?",neither,0.042388622508802556,0.3843684890817202,0.5732428884094772
@Twitzh shroudDoo bnansDoo,neither,0.03945320844208391,0.33037608806864915,0.630170703489267
monkaShake,neither,0.03945320844208391,0.33037608806864915,0.630170703489267
@Twitzh satLOVE,neither,0.03945320844208391,0.33037608806864915,0.630170703489267
"Ninja, why'd you change to stretched res??",neither,0.04835383427474247,0.3900595216315622,0.5615866440936953
hi everyone <3,neither,0.032490659208996964,0.4485487193596734,0.5189606214313296
just milk the cow 4HEad,neither,0.03458171675749598,0.334709415541438,0.6307088677010662
Yeet,neither,0.03945320844208391,0.33037608806864915,0.630170703489267
LUL,neither,0.03945320844208391,0.33037608806864915,0.630170703489267
@t0mmy__ morning Pog,neither,0.05283876784042269,0.1031882115525248,0.8439730206070525
Hey,neither,0.03945320844208391,0.33037608806864915,0.630170703489267
"Ninja you make me so happy through ups and downs. I love you so much. My friend at school call me a ninja fan boy, but I ignore them, and still watch you, and by your merch! Keep it up❤️",neither,0.05374154414116281,0.47125928118415356,0.47499917467468367
Good morning @Ninja and @Chat ninjaH,neither,0.044205608020036015,0.1896126308936303,0.7661817610863337
happy Friday everyone!,neither,0.03325720883979463,0.4355383715899153,0.5312044195702901
@BarbxLahey morning PogU,neither,0.05283876784042269,0.1031882115525248,0.8439730206070525
Be a proud fanboy ninjaAww @Excaal,neither,0.040160809650507466,0.33630144948747515,0.6235377408620173
"i dunno how they can stay in character for so long, id be laughing uncontrollably",neither,0.03566383846059655,0.33602646115112367,0.6283097003882799
Good morning,neither,0.04970930963283925,0.13564577574880146,0.8146449146183593
You gaunleting today for the last day?,neither,0.04639258298463342,0.2816704460780815,0.6719369709372851
that guy,neither,0.032320111450793595,0.41345824141993653,0.5542216471292698
mikkyHey mikkyHey mikkyHey mikkyHey mikkyHey mikkyHey mikkyHey,neither,0.03945320844208391,0.33037608806864915,0.630170703489267
positive vibes,neither,0.03945320844208391,0.33037608806864915,0.630170703489267
omg,neither,0.03945320844208391,0.33037608806864915,0.630170703489267
ok I just noticed the skin what is that and how do I receive it,neither,0.04115548291771771,0.33100657311360226,0.62783794396868
ok :),neither,0.03935517884257045,0.3320399062092607,0.6286049149481688
pogU,neither,0.03945320844208391,0.33037608806864915,0.630170703489267
what,neither,0.057770773616808734,0.3180719994247239,0.6241572269584672
ninjaTroll ninjaTroll,neither,0.03945320844208391,0.33037608806864915,0.630170703489267
LUL LUL,neither,0.03945320844208391,0.33037608806864915,0.630170703489267
LUL,neither,0.03945320844208391,0.33037608806864915,0.630170703489267
LULW,neither,0.03945320844208391,0.33037608806864915,0.630170703489267
lol,neither,0.020706217963973744,0.4882283491876925,0.4910654328483337
warming upppp all good,neither,0.040671499026791756,0.4073941109523001,0.5519343900209082
great stream LULW,neither,0.03747316059443195,0.3039628757256895,0.6585639636798787
200iq,neither,0.03945320844208391,0.33037608806864915,0.630170703489267
ultimategeek6 subscribed with Twitch Prime.,neither,0.030186173588972614,0.3621416721941929,0.6076721542168345
dude i love this new skin,neither,0.03999305166608054,0.2547759495080676,0.7052309988258517
tacattack OMEGALUL,neither,0.03945320844208391,0.33037608806864915,0.630170703489267
"Mornin, please say it’s a long stream today?",neither,0.03733930700228836,0.3140720670702116,0.6485886259274999
it be like that,neither,0.04996482201003415,0.45143167860040706,0.4986034993895587
just a warm up right :),neither,0.0307753402817698,0.43411153351327403,0.5351131262049563
Mikaylah subscribed with Twitch Prime. They've subscribed for 8 months! HYPERS,neither,0.017135853092050617,0.3228815153557895,0.6599826315521599
ninjaBlast1 ninjaBlast2 ninjaBlast3,neither,0.03945320844208391,0.33037608806864915,0.630170703489267
lupoCREEP lupoCREEP lupoCREEP lupoCREEP lupoCREEP lupoCREEP lupoCREEP,neither,0.03945320844208391,0.33037608806864915,0.630170703489267
"wolfeye180 subscribed with Twitch Prime. They've subscribed for 2 months! hey iv been watching your stream consistently for the past year, great content keep up the good work",neither,0.028239377939302823,0.3141269409750094,0.6576336810856878
Might as well be using the pickaxe LUL,neither,0.03489665388737952,0.39364304160484326,0.5714603045077773
"""getting offline guys"" sumSmash",neither,0.03361327938842798,0.4294949251095252,0.5368917955020467
hey,neither,0.03945320844208391,0.33037608806864915,0.630170703489267
rip my sub streak was lost,neither,0.031349745893065786,0.3920974185162812,0.576552835590653
UNFORTUNATE,neither,0.03945320844208391,0.33037608806864915,0.630170703489267
I love that skin got it yesterday,neither,0.031206794905581658,0.4227032525691612,0.5460899525252572
8 months PogU,neither,0.03945320844208391,0.33037608806864915,0.630170703489267
Oof,neither,0.03945320844208391,0.33037608806864915,0.630170703489267
Ninja sticks ninjaTooth,neither,0.03945320844208391,0.33037608806864915,0.630170703489267
ninjaAdore ninjaTooth ninjaCreep ninjaCRINJA,neither,0.03945320844208391,0.33037608806864915,0.630170703489267
Run it back!,neither,0.037482414398545924,0.3310539345121702,0.6314636510892839
Rippppp,neither,0.03945320844208391,0.33037608806864915,0.630170703489267
I like your hair today,neither,0.10586227108657527,0.303468168317839,0.5906695605955857
march madness PogU,neither,0.03945320844208391,0.33037608806864915,0.630170703489267
I love you,offensive_language,0.079837142191777,0.5038574454704381,0.4163054123377849
mikky with the Hot 8 months TriHard,neither,0.026920276621437516,0.35349553124787136,0.6195841921306912
Whos your MArch MAdness winner??,neither,0.05869823033579314,0.3250423354335669,0.6162594342306399
Aaandddd that’s why we say “nerf the tac”,neither,0.02629396199007288,0.36807826015214057,0.6056277778577865
ninjaBlank ninjaBlank,neither,0.03945320844208391,0.33037608806864915,0.630170703489267
almost a year rileyLurk,neither,0.03945320844208391,0.33037608806864915,0.630170703489267
woo hoo,neither,0.03945320844208391,0.33037608806864915,0.630170703489267
PogU @Mikaylah,neither,0.03945320844208391,0.33037608806864915,0.630170703489267
Vault the tac*,neither,0.03613032604487659,0.2619290779399786,0.7019405960151449
ninjaBlast1,neither,0.03945320844208391,0.33037608806864915,0.630170703489267
ninjaK ninjaK,neither,0.03945320844208391,0.33037608806864915,0.630170703489267
u do a bracket?,neither,0.04358573029058539,0.32895472430567013,0.6274595454037444
ninjaK,neither,0.03945320844208391,0.33037608806864915,0.630170703489267
BUFF TAC,neither,0.03945320844208391,0.33037608806864915,0.630170703489267
comin for u 12 months,neither,0.034173589508556285,0.30400255099665907,0.6618238594947847
Lets call that one a tactical reset bro @Ninja LUL,neither,0.03583374603286348,0.38731828319154465,0.5768479707755919
ya NINJA!,offensive_language,0.024385740930587936,0.6051092470582857,0.3705050120111262
Makes sense. Have fun get turnt,neither,0.038618871069593885,0.3442611750576623,0.6171199538727439
jk Ninja I love you booboo ninjaAww,neither,0.05195602726142529,0.38968914400631677,0.5583548287322578
!height,neither,0.03945320844208391,0.33037608806864915,0.630170703489267
Yooooooo- theres been some good games already! Love march madness,neither,0.031989379207384046,0.3603326921127777,0.6076779286798382
ninjaBlast3,neither,0.03945320844208391,0.33037608806864915,0.630170703489267
