text,top_class,hate_speech,offensive_language,neither
Morning!,neither,0.05283876784042269,0.1031882115525248,0.8439730206070525
ninjaCreep,neither,0.03945320844208391,0.33037608806864915,0.630170703489267
Let’s gooooooo the goat is back,neither,0.029307977834573253,0.34396943115541173,0.6267225910100149
Ninja,neither,0.03945320844208391,0.33037608806864915,0.630170703489267
Play halo,neither,0.03945320844208391,0.33037608806864915,0.630170703489267
"Gokuisa123 subscribed with Twitch Prime. They've subscribed for 9 months, currently on a 8 month streak!",neither,0.020161301589277043,0.3305963852590941,0.6492423131516288
I was just watching your recent vid,neither,0.05733691069070176,0.3420789121093742,0.6005841771999241
Why up dude,neither,0.022422026165988797,0.4276530493911253,0.549924924442886
Omg,neither,0.03945320844208391,0.33037608806864915,0.630170703489267
Hey,neither,0.03945320844208391,0.33037608806864915,0.630170703489267
Hi everyone! ninjaHi ninjaHi ninjaHi,neither,0.032490659208996964,0.4485487193596734,0.5189606214313296
What’s up dude,neither,0.04342304383627899,0.4028737264900402,0.5537032296736809
tfueCRACK tfueCRACK,neither,0.03945320844208391,0.33037608806864915,0.630170703489267
d_ayvid subscribed with Twitch Prime. They've subscribed for 14 months!,neither,0.01847321566222609,0.32325705232198204,0.6582697320157919
ninjaaaa,neither,0.03945320844208391,0.33037608806864915,0.630170703489267
good morning everyone,neither,0.040724576765085965,0.29551443435292063,0.6637609888819933
Ninja is my Dad,neither,0.03480173492937403,0.411718662623024,0.5534796024476021
ninjaBand ninjaRed,neither,0.03945320844208391,0.33037608806864915,0.630170703489267
ninjas getting on earlier than normal PogChamp,neither,0.03359992270782653,0.4036172750609588,0.5627828022312147
Goodmorning,neither,0.03945320844208391,0.33037608806864915,0.630170703489267
🍎🍎🍎🍎🍎🍎🍎🍎🍎,neither,0.03945320844208391,0.33037608806864915,0.630170703489267
NINJA,neither,0.03945320844208391,0.33037608806864915,0.630170703489267
good morning tyler,neither,0.04691433381159199,0.19055706009032403,0.7625286060980839
🍎🍎,neither,0.03945320844208391,0.33037608806864915,0.630170703489267
Sleep schedule still going strong? haha,neither,0.03462232263862449,0.41236882776065203,0.5530088496007234
@Ninja,neither,0.03945320844208391,0.33037608806864915,0.630170703489267
PogChamp PogChamp,neither,0.03945320844208391,0.33037608806864915,0.630170703489267
ninjaBlast2 ninjaBlast3 ninjaBlast3 ninjaBlast3,neither,0.03945320844208391,0.33037608806864915,0.630170703489267
Good morning everyone! I hope you are having a great day!,neither,0.11954098897288669,0.1858932277249325,0.6945657833021808
Willkay94 subscribed with Twitch Prime.,neither,0.030186173588972614,0.3621416721941929,0.6076721542168345
Hey @everyone,neither,0.031959242684595296,0.4575682446653829,0.5104725126500218
hi ninja hi chat,neither,0.03945320844208391,0.33037608806864915,0.630170703489267
Buenos Dias @ninja,neither,0.03945320844208391,0.33037608806864915,0.630170703489267
ninjaHi ninjaHi ninjaHi ninjaHi ninjaHi ninjaHi ninjaHi,neither,0.03945320844208391,0.33037608806864915,0.630170703489267
ninjaPon,neither,0.03945320844208391,0.33037608806864915,0.630170703489267
ninjaPon,neither,0.03945320844208391,0.33037608806864915,0.630170703489267
ninjaBlast2 ninjaBlast3 ninjaBlast3 ninjaBlast3 ninjaS,neither,0.03945320844208391,0.33037608806864915,0.630170703489267
ZULU249ER subscribed with Twitch Prime.,neither,0.030186173588972614,0.3621416721941929,0.6076721542168345
morning BOYS,neither,0.04971163218935306,0.156263864724894,0.7940245030857529
"varlzz subscribed with Twitch Prime. They've subscribed for 5 months, currently on a 1 month streak!",neither,0.020161301589277043,0.3305963852590941,0.6492423131516288
DAD,neither,0.03945320844208391,0.33037608806864915,0.630170703489267
Hey ninja good morning,neither,0.04605515926341767,0.20703020260432134,0.746914638132261
Morning @Ninja Love the music ninjaChocobo,neither,0.042697276644980284,0.20789977559857892,0.7494029477564408
🍎🍎🍎,neither,0.03945320844208391,0.33037608806864915,0.630170703489267
!time,neither,0.036668274527354654,0.377643684699956,0.5856880407726893
"March 25th 2019, 8:26:55 am CDT GMT-05:00",neither,0.03934225638600522,0.33041424956850796,0.6302434940454867
Chat I have not slept :),neither,0.03771326200670402,0.3436064377769492,0.6186803002163468
"Let’s goo!!! Can’t wait for the announcement, that tweet/insta post has me thinking all day yesterday",neither,0.023805905044707164,0.3870294374584149,0.589164657496878
morning everyone !! ninjaHi,neither,0.04178497597973255,0.2907999075264022,0.6674151164938652
🍎🍎🍎🍎🍎🍎🍎🍎,neither,0.03945320844208391,0.33037608806864915,0.630170703489267
"Ninja, What do you do during the countdown?",neither,0.05991384392564508,0.34700046303244886,0.5930856930419061
Mooooooooorrrrrrrrrniiiiiiiiing,neither,0.03945320844208391,0.33037608806864915,0.630170703489267
"Got to bring the prime back home, where it belongs to my boy Ninja",neither,0.03858419362603664,0.3722869600014993,0.589128846372464
Good morning everyone have a great day,neither,0.03858991402874791,0.27829908942310067,0.6831109965481514
ninjaH ninjaH ninjaH ninjaH,neither,0.03945320844208391,0.33037608806864915,0.630170703489267
ninja honesty has chat with the best looking people in it.,neither,0.045051381708372217,0.33395736596405773,0.62099125232757
Does ninja play a lot off stream?,neither,0.029479751823211144,0.4225281847624935,0.5479920634142953
This music is so awesome! :D,neither,0.04776369489059621,0.37520185073249984,0.5770344543769039
this is a nice song,neither,0.04882550692132649,0.3378056464216185,0.613368846657055
ninjaHype ninjaHype ninjaHype,neither,0.03945320844208391,0.33037608806864915,0.630170703489267
@djsandyestrada Very rarely,neither,0.03945320844208391,0.33037608806864915,0.630170703489267
omg,neither,0.03945320844208391,0.33037608806864915,0.630170703489267
am i being Jebaited,neither,0.031723582869229584,0.3745919564918693,0.593684460638901
Never been this early before,neither,0.033018024601067814,0.41406453818363587,0.5529174372152963
@djsandyestrada only the gauntlet with Reverse,neither,0.030357078793175035,0.3464279329329127,0.6232149882739123
ninjaPon ninjaPon ninjaPon ninjaPon ninjaPon ninjaPon ninjaPon ninjaPon ninjaPon ninjaPon ninjaPon ninjaPon ninjaPon ninjaPon ninjaPon ninjaPon ninjaPon ninjaPon ninjaPon ninjaPon ninjaPon ninjaPon,neither,0.03945320844208391,0.33037608806864915,0.630170703489267
ninjaPon,neither,0.03945320844208391,0.33037608806864915,0.630170703489267
@djsandyestrada He does but not a lot,neither,0.025580735974400155,0.47362049610846463,0.5007987679171352
ninjaBlast1 ninjaBlast2 ninjaBlast3 ninjaBlast3 ninjaBlast3,neither,0.03945320844208391,0.33037608806864915,0.630170703489267
hello ninja,neither,0.03945320844208391,0.33037608806864915,0.630170703489267
moin,neither,0.03945320844208391,0.33037608806864915,0.630170703489267
,neither,0.03945320844208391,0.33037608806864915,0.630170703489267
UNC all day fuck the puke devils,offensive_language,0.1338255062324061,0.8480498872950718,0.018124606472522134
3...2...11..lets go!!!!!!!!!!!!,neither,0.03986154995421128,0.34961097639653527,0.6105274736492535
Chat is looking so good right now,neither,0.04489339016037592,0.383086836366194,0.5720197734734301
ninjaFan ninjaFan ninjaFan ninjaFan ninjaFan ninjaFan ninjaFan ninjaFan ninjaH ninjaH ninjaH ninjaH ninjaH ninjaH ninjaH ninjaH,neither,0.03945320844208391,0.33037608806864915,0.630170703489267
ninjaPog ninjaPog ninjaPog,neither,0.03945320844208391,0.33037608806864915,0.630170703489267
ninjaFan,neither,0.03945320844208391,0.33037608806864915,0.630170703489267
Morning chat ninjaH ninjaH ninjaH,neither,0.048641030132881694,0.17443477567193386,0.7769241941951844
Duke escaped elim yesterday,neither,0.03945320844208391,0.33037608806864915,0.630170703489267
POG,neither,0.03945320844208391,0.33037608806864915,0.630170703489267
GAME TIME BABY!,neither,0.037307089517920514,0.3028474245917696,0.6598454858903098
pepeJAM,neither,0.03945320844208391,0.33037608806864915,0.630170703489267
its game time,neither,0.029882761249500213,0.30431233079982395,0.6658049079506758
This is the type of chat that i love haha,neither,0.036024610777047945,0.4136515555266857,0.5503238336962663
ninjaCreep,neither,0.03945320844208391,0.33037608806864915,0.630170703489267
letsgo watsup ninja,neither,0.03945320844208391,0.33037608806864915,0.630170703489267
ninjaFan ninjaFan ninjaFan ninjaFan ninjaFan ninjaFan ninjaFan ninjaFan,neither,0.03945320844208391,0.33037608806864915,0.630170703489267
PogChamp PogChamp PogChamp PogChamp PogChamp PogChamp PogChamp PogChamp PogChamp PogChamp,neither,0.03945320844208391,0.33037608806864915,0.630170703489267
Game time baby,neither,0.037307089517920514,0.3028474245917696,0.6598454858903098
good morning bro,neither,0.04809124129948251,0.16772510770045979,0.7841836510000577
PepePls,neither,0.03945320844208391,0.33037608806864915,0.630170703489267
wow....these animations are unbelievable,neither,0.08109018512548816,0.35361190667247827,0.5652979082020335
i love this intro!!!!!!!!!!!!!!!!,neither,0.03628345066429029,0.34642748610713625,0.6172890632285736
honestly i hope duke loses,neither,0.06639526625187012,0.24348018280649106,0.6901245509416389
PogChamp,neither,0.03945320844208391,0.33037608806864915,0.630170703489267
ninjaPog ninjaPog ninjaPog,neither,0.03945320844208391,0.33037608806864915,0.630170703489267
PogChamp,neither,0.03945320844208391,0.33037608806864915,0.630170703489267
literally my fave intro,neither,0.03054427969052824,0.3979731866421212,0.5714825336673505
goodmorning ninja Its game Time,neither,0.03354772461599569,0.31454758209636446,0.6519046932876399
Never seen your intro!! This lit af,neither,0.05677887647744374,0.3550904800618491,0.5881306434607072
morning Ninja and chat ninjaHi satHEY,neither,0.045027056816225666,0.18275084176299264,0.7722221014207817
Whutyouwant subscribed at Tier 1. They've subscribed for 11 months!,neither,0.020111444084221036,0.31367050271662394,0.666218053199155
Yessss,neither,0.03945320844208391,0.33037608806864915,0.630170703489267
Duck fuke.,neither,0.03945320844208391,0.33037608806864915,0.630170703489267
Sickkkkkk,neither,0.03945320844208391,0.33037608806864915,0.630170703489267
Jimbosheff24 subscribed with Twitch Prime. They've subscribed for 10 months!,neither,0.01797585316727558,0.3231136230633543,0.6589105237693702
Never been here for the intro,neither,0.06382827874036004,0.30181529839648286,0.6343564228631571
Litt,neither,0.03945320844208391,0.33037608806864915,0.630170703489267
its game time baby!! <3 <3 <3,neither,0.031202643079182045,0.30803634462286666,0.6607610122979513
*cat Calls*,neither,0.03945320844208391,0.33037608806864915,0.630170703489267
Carchaito subscribed with Twitch Prime.,neither,0.030186173588972614,0.3621416721941929,0.6076721542168345
ninjaHi ninjaHi ninjaHi ninjaHi ninjaHi,neither,0.03945320844208391,0.33037608806864915,0.630170703489267
NINJA I LOVE YOU,neither,0.055614303534325615,0.40605032358192344,0.538335372883751
ninjaPog,neither,0.03945320844208391,0.33037608806864915,0.630170703489267
nevils_23 subscribed with Twitch Prime.,neither,0.030186173588972614,0.3621416721941929,0.6076721542168345
PepePls,neither,0.03945320844208391,0.33037608806864915,0.630170703489267
PogChamp PogChamp PogChamp,neither,0.03945320844208391,0.33037608806864915,0.630170703489267
Greetings from Liverpool :),neither,0.04228451509352876,0.2823214250720796,0.6753940598343917
Thoughts on Gronk retiring? @ninja,neither,0.03678802882967008,0.3431569204505633,0.6200550507197666
gm everyone!,neither,0.03304046274239423,0.4392171185250389,0.5277424187325669
carlos_svo subscribed at Tier 1. They've subscribed for 5 months!,neither,0.018730042386447116,0.3124437755681934,0.6688261820453595
Zion Williamson takes down Tacko Fall,neither,0.03945320844208391,0.33037608806864915,0.630170703489267
Pog,neither,0.03945320844208391,0.33037608806864915,0.630170703489267
iu fan here *crys a little*,neither,0.07224732289307527,0.306054850229747,0.6216978268771778
ninjaChocobo ninjaChocobo ninjaChocobo,neither,0.03945320844208391,0.33037608806864915,0.630170703489267
ninjaFan,neither,0.03945320844208391,0.33037608806864915,0.630170703489267
good morning,neither,0.04970930963283925,0.13564577574880146,0.8146449146183593
the new robots a lame,neither,0.11868303381250431,0.05190461224623466,0.829412353941261
Pog,neither,0.03945320844208391,0.33037608806864915,0.630170703489267
Pog top of the morning to ya laddies,neither,0.03627680151936173,0.45212844536209196,0.5115947531185464
"massdestructer subscribed with Twitch Prime. They've subscribed for 11 months, currently on a 4 month streak!",neither,0.02075473347806088,0.33051904951921723,0.6487262170027219
good morning cuties ninjaHi,neither,0.04638486404299651,0.20072574318086445,0.7528893927761391
hello from Australia,neither,0.04040683511112239,0.31419055472777996,0.6454026101610977
ciao ninjaaa,neither,0.03945320844208391,0.33037608806864915,0.630170703489267
Duke pulled off the luck of their lives,neither,0.03885935483203031,0.31960152177958795,0.6415391233883817
the look like 5nights at freddy,neither,0.05061945854137131,0.3522542393823627,0.5971263020762658
sup sexy mutha fuckaaa,neither,0.03945320844208391,0.33037608806864915,0.630170703489267
Ninja what are you normally doing during the countdown?,neither,0.07771268285713244,0.3115632725800941,0.6107240445627733
chat y'all are cute AYAYA,neither,0.0758732405463029,0.3213627291998606,0.6027640302538365
that intro was so pogchamp im so happy been watching 12 months now,neither,0.03638811440443405,0.42983424464104397,0.5337776409545221
Yeah don’t like mechanimals,offensive_language,0.026927501834606037,0.5153626255016481,0.4577098726637459
Yo ninj,offensive_language,0.04010381111145228,0.5271105317972344,0.4327856570913131
cannot believe UCF missed that putback,neither,0.03669569990487392,0.3602119923146072,0.6030923077805188
good morning ninja,neither,0.0468013847741319,0.19273113716557552,0.7604674780602926
"PepePls 3,2,1 its game time",neither,0.029882761249500213,0.30431233079982395,0.6658049079506758
Earon_James subscribed at Tier 1.,neither,0.03853807016957085,0.358210604756348,0.6032513250740811
its a cop,neither,0.0318254011087983,0.33299964078826727,0.6351749581029343
yes!,neither,0.03945320844208391,0.33037608806864915,0.630170703489267
yes,neither,0.03945320844208391,0.33037608806864915,0.630170703489267
Yes,neither,0.03945320844208391,0.33037608806864915,0.630170703489267
ninjaBand,neither,0.03945320844208391,0.33037608806864915,0.630170703489267
yo,offensive_language,0.04010381111145228,0.5271105317972344,0.4327856570913131
Morning chat! And of course @ninja,neither,0.044418789439568285,0.2003546816827441,0.7552265288776876
yup,neither,0.03945320844208391,0.33037608806864915,0.630170703489267
Let’s get it,neither,0.01620600571974137,0.39767167536199827,0.5861223189182604
ninja r you ever gonna play gta rp?,neither,0.051061806850018404,0.4057205800116547,0.543217613138327
Thoughts on Gronk retiring? ninja,neither,0.03678802882967008,0.3431569204505633,0.6200550507197666
LION version is the lit one,neither,0.044039181084263884,0.3393539548005165,0.6166068641152196
this glider is so loud @Ninja,neither,0.04689493773996422,0.37082886063737935,0.5822762016226565
TheThing,neither,0.03945320844208391,0.33037608806864915,0.630170703489267
Lion is dope for sure,neither,0.035719879376697766,0.4113694561317891,0.5529106644915132
Kind of clunky if you ask me,neither,0.026636844243994158,0.4822148268498591,0.49114832890614685
DansGame ew,neither,0.03945320844208391,0.33037608806864915,0.630170703489267
!delay,neither,0.03945320844208391,0.33037608806864915,0.630170703489267
"markinator58 subscribed with Twitch Prime. They've subscribed for 9 months, currently on a 1 month streak! eskeetit",neither,0.020161301589277043,0.3305963852590941,0.6492423131516288
Jackal,neither,0.03945320844208391,0.33037608806864915,0.630170703489267
there lame right,neither,0.10662457696831783,0.11428418665450496,0.7790912363771773
Imagine if Ninja's already level 100,neither,0.02684927188683837,0.3793820206898293,0.5937687074233323
Sup Ninja ninjaHi,neither,0.03945320844208391,0.33037608806864915,0.630170703489267
"WAIT, so there is a morning strim SeriousSloth",neither,0.05834925914770077,0.18385291869042475,0.7577978221618744
Taloon13 subscribed with Twitch Prime. They've subscribed for 9 months!,neither,0.017135853092050617,0.3228815153557895,0.6599826315521599
too chunky PepeHands,neither,0.04024816672895461,0.2874826145490025,0.6722692187220429
Jackal,neither,0.03945320844208391,0.33037608806864915,0.630170703489267
oh hey people,neither,0.09365981778501173,0.2623961705139654,0.6439440117010228
It was a jackal,neither,0.03593062006447523,0.3363165027571517,0.627752877178373
thic,neither,0.03945320844208391,0.33037608806864915,0.630170703489267
I like em chunky pepeJAM,neither,0.05441991760492576,0.303898050543928,0.6416820318511463
a robot,neither,0.03945320844208391,0.33037608806864915,0.630170703489267
"yes Az, no Jebaited",neither,0.03856087910877122,0.34552124564895303,0.6159178752422757
Moar neeng ninjaAww,neither,0.03945320844208391,0.33037608806864915,0.630170703489267
ninjaCRINJA,neither,0.03945320844208391,0.33037608806864915,0.630170703489267
mornin satHEY satLOVE,neither,0.03945320844208391,0.33037608806864915,0.630170703489267
phh only a V6,neither,0.03945320844208391,0.33037608806864915,0.630170703489267
Morning chat,neither,0.048641030132881694,0.17443477567193386,0.7769241941951844
Skin is gross,neither,0.04815313362390471,0.3273837848583098,0.6244630815177855
!resolution,neither,0.03945320844208391,0.33037608806864915,0.630170703489267
Ha Barb :D,neither,0.03945320844208391,0.33037608806864915,0.630170703489267
Morning ninjaCreep,neither,0.05283876784042269,0.1031882115525248,0.8439730206070525
gm,neither,0.03945320844208391,0.33037608806864915,0.630170703489267
Please do scenario emote I luv it,neither,0.03941047402249763,0.3303907863951574,0.6301987395823448
The glider has multiple options too,neither,0.038833984594870176,0.3149681667775924,0.6461978486275374
@ninja do the Bobbin emote with the skin . he has no neck,neither,0.034439830235686884,0.3373560604436621,0.628204109320651
this skin is huge,neither,0.04819929941907824,0.3290189549488955,0.6227817456320263
watsup chat,neither,0.03945320844208391,0.33037608806864915,0.630170703489267
"I like em big, I like em chunky .. Pepega 📣 CHUNKAYY pepeJAM",neither,0.04087503595550885,0.37572883816206143,0.5833961258824297
Hey dad,neither,0.03945320844208391,0.33037608806864915,0.630170703489267
ninjaHype ninjaRed ninjaFan,neither,0.03945320844208391,0.33037608806864915,0.630170703489267
ITS EARLY,neither,0.03295711060889648,0.2963095477547705,0.670733341636333
hi,neither,0.03945320844208391,0.33037608806864915,0.630170703489267
iPair confirmed,neither,0.03945320844208391,0.33037608806864915,0.630170703489267
@Ryksen i think Moto Moto likes you Ry ninjaCreep,neither,0.06428711904637792,0.4220827402078856,0.5136301407457365
electraTexas electraTexas electraTexas,neither,0.03945320844208391,0.33037608806864915,0.630170703489267
ninjaHi,neither,0.03945320844208391,0.33037608806864915,0.630170703489267
ninjaBlast1 ninjaBlast2 ninjaBlast3 ninjaBlast3 ninjaBlast3 quackFaded,neither,0.03945320844208391,0.33037608806864915,0.630170703489267
love you bro,neither,0.06227086322717836,0.43472532052579627,0.5030038162470254
What’s up Ninja,neither,0.0424860282095962,0.3861250105635327,0.5713889612268711
tfueWTF tfueWTF tfueWTF tfueWTF tfueWTF,neither,0.03945320844208391,0.33037608806864915,0.630170703489267
ninjaTilt,neither,0.03945320844208391,0.33037608806864915,0.630170703489267
always a good sign,neither,0.03673448188589097,0.393536565543572,0.5697289525705371
love skips ninjaS,neither,0.03217296676969875,0.3657703709031763,0.602056662327125
DinosaurGeorge subscribed at Tier 1. They've subscribed for 8 months!,neither,0.018730042386447116,0.3124437755681934,0.6688261820453595
Lol,neither,0.020706217963973744,0.4882283491876925,0.4910654328483337
@BarbxLahey FeelsHippoMan,neither,0.03945320844208391,0.33037608806864915,0.630170703489267
PepegaPhone CHUNKAY,neither,0.03945320844208391,0.33037608806864915,0.630170703489267
!res,neither,0.03945320844208391,0.33037608806864915,0.630170703489267
1600x1080,neither,0.03945320844208391,0.33037608806864915,0.630170703489267
That skin is NotLikeThis,neither,0.04505836930787938,0.3842186548280231,0.5707229758640976
PreTY cOOl JUST TELL US,neither,0.07863419419931798,0.34547579134288176,0.5758900144578003
ninja going apple?,neither,0.03795090226774371,0.3558741445538918,0.6061749531783646
deejay13Confused deejay13Confused deejay13Confused deejay13Confused deejay13Confused deejay13Confused deejay13Confused,neither,0.03945320844208391,0.33037608806864915,0.630170703489267
good morning I couldn't sleep last night :*(,neither,0.03845299108745991,0.21532655343164797,0.7462204554808921
vadeRed vadeRed vadeRed,neither,0.03945320844208391,0.33037608806864915,0.630170703489267
what's the hitbox like on this skin?,neither,0.054527079251507286,0.34106143226732816,0.6044114884811645
the bobbin emote makes this character have its own individual emote cus it has no neck,neither,0.04733061721061243,0.3280892000471021,0.6245801827422853
LueDawg subscribed with Twitch Prime. They've subscribed for 12 months! Morning everyone,neither,0.02012558726668359,0.3074630837152116,0.672411329018105
Skins too big and bulky... it’s a no from me dawg. 4/10,neither,0.02361630813335574,0.3718342137488821,0.6045494781177623
!uptime,neither,0.03945320844208391,0.33037608806864915,0.630170703489267
Ninja has been streaming for 9 minutes 47 seconds,neither,0.036009324457300686,0.31219823727366697,0.6517924382690324
ninjaTooth ninjaTooth ninjaCRINJA,neither,0.03945320844208391,0.33037608806864915,0.630170703489267
Back to the Monday morning grind,neither,0.051519982374007865,0.20080403223606105,0.7476759853899311
😂😂😂😂😂,neither,0.03945320844208391,0.33037608806864915,0.630170703489267
PedoBear ?,neither,0.03945320844208391,0.33037608806864915,0.630170703489267
vadePG vadePG vadePG vadePG vadePG vadePG vadePG vadePG vadePG vadePG,neither,0.03945320844208391,0.33037608806864915,0.630170703489267
Tim apple confirmed,neither,0.03945320844208391,0.33037608806864915,0.630170703489267
,neither,0.03945320844208391,0.33037608806864915,0.630170703489267
Hi @Ninja :D Hows your morning going?,neither,0.06708624325793412,0.24715047100594434,0.6857632857361214
lul,neither,0.03945320844208391,0.33037608806864915,0.630170703489267
Even in the pregame lobby,neither,0.03803128938223363,0.32987687761077145,0.6320918330069949
Hi ninja I’m your biggest fan,neither,0.06290789365154252,0.3238714805464407,0.6132206258020169
Or iCarly? @Ninja,neither,0.03945320844208391,0.33037608806864915,0.630170703489267
ninjaPon,neither,0.03945320844208391,0.33037608806864915,0.630170703489267
ninjaPon,neither,0.03945320844208391,0.33037608806864915,0.630170703489267
i knew it :),neither,0.037256246933524945,0.33113172387443623,0.6316120291920387
To big for me personally,neither,0.020233619946618524,0.39162741810998825,0.5881389619433933
It's got to do with PEAR!!!,neither,0.03307884272577138,0.4053891973080785,0.5615319599661501
ok buddy,neither,0.03939260368969842,0.33140470888243106,0.6292026874278707
ok :),neither,0.03935517884257045,0.3320399062092607,0.6286049149481688
Hi ninja,neither,0.03945320844208391,0.33037608806864915,0.630170703489267
ninjaCRINJA,neither,0.03945320844208391,0.33037608806864915,0.630170703489267
!2hands,neither,0.03945320844208391,0.33037608806864915,0.630170703489267
"""I use 2 hands, 1 to guide the tip, and the other to cradle the balls"" - Ninja 2015",neither,0.02882840075375995,0.3926444365429246,0.5785271627033155
17 uur event wuth ninja omggggg,neither,0.03945320844208391,0.33037608806864915,0.630170703489267
Kappa,neither,0.03945320844208391,0.33037608806864915,0.630170703489267
Ninja ninja,neither,0.03945320844208391,0.33037608806864915,0.630170703489267
VoteYea ninjaLlama,neither,0.03945320844208391,0.33037608806864915,0.630170703489267
ninjaS,neither,0.03945320844208391,0.33037608806864915,0.630170703489267
pfft its Zoey 101,neither,0.03309144916294284,0.33256418880705063,0.6343443620300065
Damnit!!!!,neither,0.03945320844208391,0.33037608806864915,0.630170703489267
hi ninja,neither,0.03945320844208391,0.33037608806864915,0.630170703489267
omg that glider is dope,neither,0.043804055650697254,0.37337792735179876,0.5828180169975041
ninjaBlank,neither,0.03945320844208391,0.33037608806864915,0.630170703489267
rampagemaddisonok subscribed with Twitch Prime.,neither,0.030186173588972614,0.3621416721941929,0.6076721542168345
ninjaFan ninjaFan ninjaFan ninjaFan,neither,0.03945320844208391,0.33037608806864915,0.630170703489267
apple is coming,neither,0.04891250513788682,0.3271226021732131,0.6239648926889002
@ninja What are your thoughts on Gronk retirement,neither,0.08926994229816253,0.29612649807674324,0.6146035596250942
ello,neither,0.03945320844208391,0.33037608806864915,0.630170703489267
android better anyway,neither,0.03945320844208391,0.33037608806864915,0.630170703489267
@Ninja God dammit. I thought you guys were gonna force Tim to go on an Apple only diet PepeHands,neither,0.05080423033600477,0.31975236115998495,0.6294434085040103
Lol ninjaCreep,neither,0.020706217963973744,0.4882283491876925,0.4910654328483337
I think it's a fake copy of Apple and trying to get famous with Ninj,neither,0.034629320744640625,0.3261089035326888,0.6392617757226706
there are clickbait channels who made videos that you are doing a collab with apple when you literally did a sposorship with samsung 2 weeks ago,neither,0.05604637097816762,0.4146083554586682,0.5293452735631643
So loud,neither,0.03940859138782646,0.3968017356237245,0.5637896729884492
ninjaTroll ninjaWifey,neither,0.03945320844208391,0.33037608806864915,0.630170703489267
Punish these noobs,offensive_language,0.08325495145653314,0.6755039965066537,0.2412410520368132
17 BOMB Calling it,neither,0.038124328794236446,0.33083315071612085,0.6310425204896428
WIPZ OMEGALUL,neither,0.03945320844208391,0.33037608806864915,0.630170703489267
ninjaBlood,neither,0.03945320844208391,0.33037608806864915,0.630170703489267
what's happening,neither,0.04568673754512718,0.3259267583143808,0.628386504140492
@wipz LUL,neither,0.03945320844208391,0.33037608806864915,0.630170703489267
,neither,0.03945320844208391,0.33037608806864915,0.630170703489267
this skin is solid proof that epic can release obese skins,neither,0.04140143113783454,0.34818590712309494,0.6104126617390705
lets kill them all,hate_speech,0.5627039041065596,0.2032318196353211,0.2340642762581193
Am I the only one in class watching Ninja,neither,0.037981145960690146,0.34162019162240703,0.6203986624169029
80 bomb im calling it ninjaHype ninja10,neither,0.03751112874477556,0.35900028564005604,0.6034885856151684
!uptime,neither,0.03945320844208391,0.33037608806864915,0.630170703489267
Ninja has been streaming for 11 minutes 8 seconds,neither,0.035893923247677505,0.31158826302741743,0.652517813724905
ninjaBlast1 ninjaBlast2 ninjaBlast3,neither,0.03945320844208391,0.33037608806864915,0.630170703489267
i feel like that backbling has the hitbox of a freight train,neither,0.04489389809603555,0.3622875713469842,0.5928185305569803
Has donated €600 @thebugster123 thank you for the donation,neither,0.0443818096493493,0.3249486581616152,0.6306695321890355
"The selectable styles for the skin is an awesome idea, just too bulky",neither,0.036616212909751984,0.3049293619607368,0.6584544251295111
Worst skin in the game don't @ me,neither,0.032705023692913615,0.2977389758438701,0.6695560004632164
ninjaCreep ninjaCreep ninjaCreep ninjaCreep,neither,0.03945320844208391,0.33037608806864915,0.630170703489267
ninjaFire ninjaFire ninjaFire,neither,0.03945320844208391,0.33037608806864915,0.630170703489267
The red capes are coming,neither,0.07056128902939306,0.2562690528619337,0.6731696581086734
