text,top_class,hate_speech,offensive_language,neither
NINJA IS LIVE,neither,0.05426338557336282,0.32528218902360645,0.6204544254030308
Hi ninja,neither,0.03945320844208391,0.33037608806864915,0.630170703489267
hi,neither,0.03945320844208391,0.33037608806864915,0.630170703489267
Ninj,neither,0.03945320844208391,0.33037608806864915,0.630170703489267
!uptime,neither,0.03945320844208391,0.33037608806864915,0.630170703489267
Ninja has been streaming for 2 minutes 16 seconds,neither,0.035943709237537896,0.31185141891913704,0.652204871843325
hi,neither,0.03945320844208391,0.33037608806864915,0.630170703489267
What up boys,neither,0.04322559228572823,0.3993676462212197,0.5574067614930521
what is up-,neither,0.06373696261214323,0.41611123090648383,0.520151806481373
Helloooooooooo ninjaAdore,neither,0.03945320844208391,0.33037608806864915,0.630170703489267
Yo,offensive_language,0.04010381111145228,0.5271105317972344,0.4327856570913131
I’m early ninjaPog,neither,0.042215779998293526,0.28348803902252573,0.6742961809791808
LIT LIT LIT,neither,0.03945320844208391,0.33037608806864915,0.630170703489267
how are you,neither,0.19156335723385254,0.31525141242459664,0.49318523034155076
Someone remind me I gotta go study for my midterms after this game pls lol,neither,0.024058629092600196,0.3982996645772965,0.5776417063301035
what's up 🤘,neither,0.04549209283961305,0.43877665191533993,0.5157312552450469
i missed you,neither,0.06831604575415924,0.4082687268014507,0.5234152274443901
@passellback sammme mthGrin,neither,0.03945320844208391,0.33037608806864915,0.630170703489267
@passellback go study for midterms now lol,neither,0.030074961984479398,0.35008637307071816,0.6198386649448024
Damn nobody tryna help my gpa,offensive_language,0.031206662646840057,0.7942164953325077,0.17457684202065224
he is back,neither,0.06762386238615045,0.3206869083949745,0.611689229218875
Chat!!,neither,0.03945320844208391,0.33037608806864915,0.630170703489267
wassup!,neither,0.33529425248498695,0.08556156890646638,0.5791441786085466
@passellback get off and go study,neither,0.039271849437497286,0.30243273260975195,0.6582954179527508
wait why is screen black?,neither,0.05360163820268975,0.32682963599201453,0.6195687258052957
lol,neither,0.020706217963973744,0.4882283491876925,0.4910654328483337
POG,neither,0.03945320844208391,0.33037608806864915,0.630170703489267
im at work lul,neither,0.037936361692348465,0.3823600594136789,0.5797035788939726
I’m happy again ninjaPon ninjaPon ninjaPon ninjaPon ninjaPon,neither,0.0368293527270914,0.37490976726982067,0.588260880003088
use wenegade waider,neither,0.004683663156386073,0.4896546958069714,0.5056616410366426
tatTUFF tatTUFF,neither,0.03945320844208391,0.33037608806864915,0.630170703489267
Yeah ninja night stream finally dudeeee,neither,0.023890245540940477,0.40852129735165066,0.5675884571074088
goatman4058 subscribed with Twitch Prime.,neither,0.030186173588972614,0.3621416721941929,0.6076721542168345
forreals finally a night stream,neither,0.032669822527199584,0.33016576985843676,0.6371644076143637
ninjaPon,neither,0.03945320844208391,0.33037608806864915,0.630170703489267
ninjaPon,neither,0.03945320844208391,0.33037608806864915,0.630170703489267
Let’s get it boysss,neither,0.01620600571974137,0.39767167536199827,0.5861223189182604
WHERE HAVE YOU BEEN DAD,neither,0.06067278667651248,0.364322626119934,0.5750045872035535
NOOOOOO,neither,0.03945320844208391,0.33037608806864915,0.630170703489267
"CarlaSophie subscribed with Twitch Prime. They've subscribed for 9 months, currently on a 9 month streak! happy twitch baby! you deserve all the success you worked so hard for! all the love <3",neither,0.029646637240936205,0.4766273018673544,0.4937260608917094
A night streammmmm about timeeeee,neither,0.025893756628569214,0.37445983675978983,0.599646406611641
ninjaHi ninjaHi ninjaHi,neither,0.03945320844208391,0.33037608806864915,0.630170703489267
Ninjjjj,neither,0.03945320844208391,0.33037608806864915,0.630170703489267
!uptime,neither,0.03945320844208391,0.33037608806864915,0.630170703489267
Cat_Drift6607 is gifting 20 Tier 1 Subs to Ninja's community! They've gifted a total of 20 in the channel!,neither,0.03337276709255482,0.3135854446602514,0.6530417882471938
Ninja has been streaming for 4 minutes 43 seconds,neither,0.0360345779618468,0.3123317160148309,0.6516337060233222
Cat_Drift6607 gifted a Tier 1 sub to handsofcongo!,neither,0.04444518673407693,0.32743600166770886,0.6281188115982143
Cat_Drift6607 gifted a Tier 1 sub to sbdaze!,neither,0.04444518673407693,0.32743600166770886,0.6281188115982143
its 6,neither,0.02700859978372578,0.3346563596412867,0.6383350405749875
Cat_Drift6607 gifted a Tier 1 sub to milad_msa!,neither,0.04444518673407693,0.32743600166770886,0.6281188115982143
Cat_Drift6607 gifted a Tier 1 sub to th3slumpgod69!,neither,0.04444518673407693,0.32743600166770886,0.6281188115982143
Cat_Drift6607 gifted a Tier 1 sub to fontysentey!,neither,0.04444518673407693,0.32743600166770886,0.6281188115982143
Cat_Drift6607 gifted a Tier 1 sub to awsomesauce072q!,neither,0.04444518673407693,0.32743600166770886,0.6281188115982143
Cat_Drift6607 gifted a Tier 1 sub to nukenukeproductions!,neither,0.04444518673407693,0.32743600166770886,0.6281188115982143
Cat_Drift6607 gifted a Tier 1 sub to anyeef!,neither,0.04444518673407693,0.32743600166770886,0.6281188115982143
Cat_Drift6607 gifted a Tier 1 sub to floatingdonut18!,neither,0.04444518673407693,0.32743600166770886,0.6281188115982143
Cat_Drift6607 gifted a Tier 1 sub to tombloch4!,neither,0.04444518673407693,0.32743600166770886,0.6281188115982143
Cat_Drift6607 gifted a Tier 1 sub to staticsnipz1!,neither,0.04444518673407693,0.32743600166770886,0.6281188115982143
Cat_Drift6607 gifted a Tier 1 sub to mcdocbox!,neither,0.04444518673407693,0.32743600166770886,0.6281188115982143
Cat_Drift6607 gifted a Tier 1 sub to nicholaskokolis05!,neither,0.04444518673407693,0.32743600166770886,0.6281188115982143
Cat_Drift6607 gifted a Tier 1 sub to vitalaroze!,neither,0.04444518673407693,0.32743600166770886,0.6281188115982143
Cat_Drift6607 gifted a Tier 1 sub to lrg_berzerk!,neither,0.04444518673407693,0.32743600166770886,0.6281188115982143
Cat_Drift6607 gifted a Tier 1 sub to jasonliriano2009!,neither,0.04444518673407693,0.32743600166770886,0.6281188115982143
Cat_Drift6607 gifted a Tier 1 sub to efrice!,neither,0.04444518673407693,0.32743600166770886,0.6281188115982143
Cat_Drift6607 gifted a Tier 1 sub to smwaferrr!,neither,0.04444518673407693,0.32743600166770886,0.6281188115982143
Cat_Drift6607 gifted a Tier 1 sub to swededemon_!,neither,0.04444518673407693,0.32743600166770886,0.6281188115982143
Cat_Drift6607 gifted a Tier 1 sub to hatainpapi52!,neither,0.04444518673407693,0.32743600166770886,0.6281188115982143
nicopaglia04 subscribed with Twitch Prime.,neither,0.030186173588972614,0.3621416721941929,0.6076721542168345
pog,neither,0.03945320844208391,0.33037608806864915,0.630170703489267
WHAT THE FUCK,offensive_language,0.29142062242413674,0.7085786605941925,7.169816707264273e-07
!uptime,neither,0.03945320844208391,0.33037608806864915,0.630170703489267
tf,neither,0.03945320844208391,0.33037608806864915,0.630170703489267
holy,neither,0.03945320844208391,0.33037608806864915,0.630170703489267
NUT,neither,0.03945320844208391,0.33037608806864915,0.630170703489267
@Cat_Drift6607 ninjaH ninjaH ninjaH,neither,0.03945320844208391,0.33037608806864915,0.630170703489267
"verynecessaryrage subscribed with Twitch Prime. They've subscribed for 6 months, currently on a 1 month streak! Thank you for all the work you do brother!",neither,0.028898650845097434,0.3755652231410094,0.5955361260138932
cmonBruh,neither,0.03945320844208391,0.33037608806864915,0.630170703489267
ninjaBlast1 ninjaBlast2 ninjaBlast3 ninjaBlast3 ninjaBlast3 ninjaBlast3,neither,0.03945320844208391,0.33037608806864915,0.630170703489267
Hi,neither,0.03945320844208391,0.33037608806864915,0.630170703489267
!reddit,neither,0.03945320844208391,0.33037608806864915,0.630170703489267
Ninja finally has an official subreddit; Check it out here -> reddit.com/r/NinjasHyper/,neither,0.05945362239667751,0.31197971061464613,0.6285666669886764
ugh sorry man,neither,0.03960931045241491,0.40221833911138055,0.5581723504362046
Wait what,neither,0.04877470361900789,0.3238348708445956,0.6273904255363965
Jk one more game,neither,0.03974257245166859,0.30875997139768896,0.6514974561506426
Just hosted u,neither,0.02667013123193722,0.39600456006212814,0.5773253087059346
QsA_RiceChainZ subscribed with Twitch Prime.,neither,0.030186173588972614,0.3621416721941929,0.6076721542168345
No prob love your work,neither,0.06405568503757465,0.3482518365813638,0.5876924783810615
<3 <3 <3 ninjaH ninjaH ninjaH,neither,0.03945320844208391,0.33037608806864915,0.630170703489267
FortOne FortOne FortOne FortOne FortOne FortOne FortOne FortOne FortOne FortOne FortOne FortOne FortOne FortOne FortOne FortOne,neither,0.03945320844208391,0.33037608806864915,0.630170703489267
g3rman_monst3r subscribed at Tier 1. They've subscribed for 6 months! keep it up love everything u do,neither,0.01976632137596593,0.35180978215368325,0.6284238964703508
ninjaFan ninjaFan ninjaFan,neither,0.03945320844208391,0.33037608806864915,0.630170703489267
<3,neither,0.03945320844208391,0.33037608806864915,0.630170703489267
Hi ninja,neither,0.03945320844208391,0.33037608806864915,0.630170703489267
after dark?,neither,0.03945320844208391,0.33037608806864915,0.630170703489267
Psycho @cat_drift6607,neither,0.03945320844208391,0.33037608806864915,0.630170703489267
ninjaHype ninjaHype ninjaHype,neither,0.03945320844208391,0.33037608806864915,0.630170703489267
wine for da boys,neither,0.06137926135947711,0.40215167365860477,0.5364690649819182
ninjaFire ninjaFire ninjaFire ninjaFire ninjaClap ninjaClap ninjaClap,neither,0.03945320844208391,0.33037608806864915,0.630170703489267
gobble2BMO gobble2BMO gobble2BMO,neither,0.03945320844208391,0.33037608806864915,0.630170703489267
I don’t like the maven skin,neither,0.048145119413401445,0.3289033703393886,0.62295151024721
Ouuuu wine & dine,neither,0.03945320844208391,0.33037608806864915,0.630170703489267
!uptime,neither,0.03945320844208391,0.33037608806864915,0.630170703489267
Ninja has been streaming for 5 minutes 48 seconds,neither,0.03599172463842539,0.3121052117711978,0.6519030635903768
hey,neither,0.03945320844208391,0.33037608806864915,0.630170703489267
Josu155 subscribed with Twitch Prime. They've subscribed for 3 months! Let's get this bread,neither,0.014607986394837364,0.3412289293472767,0.6441630842578859
So happy you’re finally streaming at night!!!! We missed it,neither,0.05393998701065764,0.39017989793274976,0.5558801150565925
hi,neither,0.03945320844208391,0.33037608806864915,0.630170703489267
Ninja and reverse let’s go,neither,0.027712593593702435,0.32618381264630336,0.6461035937599942
ninjaFan ninjaFan ninjaFan ninjaFan ninjaFan ninjaFan ninjaFan ninjaFan ninjaFan ninjaFan ninjaFan ninjaFan ninjaFan ninjaFan ninjaFan,neither,0.03945320844208391,0.33037608806864915,0.630170703489267
hi ninja,neither,0.03945320844208391,0.33037608806864915,0.630170703489267
sub 3 months straight lets go!!,neither,0.039751064669908014,0.34438493834338424,0.6158639969867078
CheeNouXyooj subscribed with Twitch Prime.,neither,0.030186173588972614,0.3621416721941929,0.6076721542168345
Pog,neither,0.03945320844208391,0.33037608806864915,0.630170703489267
!followage,neither,0.03945320844208391,0.33037608806864915,0.630170703489267
If you have BTTV type: /Followed ; You can get the bttv add on here: https://goo.gl/ubBaAw,neither,0.07298282171886315,0.4142730566823515,0.5127441215987854
yay im glad your live i was hella depressed this is making my night better,neither,0.045297790063293854,0.4328904080634313,0.5218118018732748
after dark @Ninja,neither,0.03945320844208391,0.33037608806864915,0.630170703489267
HeyGuys ninjaAdore HeyGuys ninjaAdore HeyGuys,neither,0.03945320844208391,0.33037608806864915,0.630170703489267
ninjaFan ninjaFan ninjaFan ninjaFan ninjaFan ninjaFan ninjaFan ninjaFan ninjaFan,neither,0.03945320844208391,0.33037608806864915,0.630170703489267
ninjaHi,neither,0.03945320844208391,0.33037608806864915,0.630170703489267
Missed the ninja night streams @ninja,neither,0.034928038265366355,0.321598593502136,0.6434733682324976
!samsung,neither,0.03945320844208391,0.33037608806864915,0.630170703489267
"Playing with the exclusive iKONIK outfit and Scenario emote! Get them on the Galaxy S10, click the link to pre-order and learn about our Galaxy Gaming experience in NY on March 16th- smsng.us/NinjaxiKONIK",neither,0.047926256957787294,0.3168568389928597,0.635216904049353
hi tyler!,neither,0.03945320844208391,0.33037608806864915,0.630170703489267
Oooh cool,neither,0.03945320844208391,0.33037608806864915,0.630170703489267
white wine,hate_speech,0.659405027173104,0.3260014900907499,0.01459348273614602
!charity,neither,0.03945320844208391,0.33037608806864915,0.630170703489267
https://www.designbyhumans.com/4millionaires/ <---- Click to help children fight cancer. All proceeds go directly to St. Jude. Available until April 15th.,neither,0.04588098701192404,0.3555937384847463,0.5985252745033298
hes back,neither,0.03945320844208391,0.33037608806864915,0.630170703489267
Rich boy,neither,0.03945320844208391,0.33037608806864915,0.630170703489267
Anyone Remember? https://clips.twitch.tv/DependableSpineySoybeanKeyboardCat,neither,0.03945320844208391,0.33037608806864915,0.630170703489267
!dark,neither,0.03945320844208391,0.33037608806864915,0.630170703489267
It's after dark somewhere.,neither,0.038091408834264665,0.3308444733999197,0.6310641177658156
!charity,neither,0.03945320844208391,0.33037608806864915,0.630170703489267
Its all about practice man,offensive_language,0.03396197504799838,0.4933057183535474,0.47273230659845417
point_blank17 subscribed with Twitch Prime.,neither,0.030186173588972614,0.3621416721941929,0.6076721542168345
!uptime,neither,0.03945320844208391,0.33037608806864915,0.630170703489267
Ninja has been streaming for 6 minutes 33 seconds,neither,0.036078828691740394,0.31256560255387583,0.6513555687543837
"QsA_RiceChainZ subscribed with Twitch Prime. They've subscribed for 3 months, currently on a 2 month streak! hey Tyler, keep up the great work streaming!",neither,0.02205724245056074,0.3339784539388457,0.6439643036105936
Hi Ninja,neither,0.03945320844208391,0.33037608806864915,0.630170703489267
i love your work so much just keep on doing what you do you amazing person you,offensive_language,0.0981706080384784,0.487501394164878,0.4143279977966436
Nice new merch,neither,0.04284410274948691,0.24601136509471264,0.7111445321558004
thx for coming back on tonight,neither,0.031063017593350006,0.30259995719382626,0.6663370252128238
Ipodkiller15 subscribed at Tier 1.,neither,0.03853807016957085,0.358210604756348,0.6032513250740811
@ninja,neither,0.03945320844208391,0.33037608806864915,0.630170703489267
Toxicplayer1700 subscribed with Twitch Prime.,neither,0.030186173588972614,0.3621416721941929,0.6076721542168345
!drunk,neither,0.03945320844208391,0.33037608806864915,0.630170703489267
Ninja is completely sober right now. \ MingLee /,neither,0.044482544906504835,0.3416268926575897,0.6138905624359056
👀,neither,0.03945320844208391,0.33037608806864915,0.630170703489267
"Zerkness subscribed at Tier 1. They've subscribed for 59 months, currently on a 59 month streak!",neither,0.02612277842873045,0.32511386983835716,0.6487633517329124
LUL,neither,0.03945320844208391,0.33037608806864915,0.630170703489267
@bradyboy1367 Dude... how crazy is it that you’re here?!,neither,0.12502510742270231,0.42878626604011943,0.44618862653717817
Oof roasting,neither,0.03945320844208391,0.33037608806864915,0.630170703489267
ninjaCreep ninjaCreep ninjaCreep ninjaCreep ninjaCreep ninjaCreep ninjaCreep ninjaCreep ninjaCreep ninjaCreep ninjaCreep ninjaCreep ninjaCreep ninjaCreep ninjaCreep,neither,0.03945320844208391,0.33037608806864915,0.630170703489267
"Yo Ninja, Yo Chat. What up.",neither,0.04176576071876084,0.47760624942579355,0.4806279898554457
@ninja thx for the night stream,neither,0.030242051521516777,0.300029208466904,0.6697287400115792
whobud its nice dude,neither,0.03245278081919466,0.33278385613698735,0.634763363043818
Ninja pls wink 🤤,neither,0.03945320844208391,0.33037608806864915,0.630170703489267
woahhhhh,neither,0.03945320844208391,0.33037608806864915,0.630170703489267
hee hee,neither,0.03945320844208391,0.33037608806864915,0.630170703489267
Aye after dark,neither,0.03945320844208391,0.33037608806864915,0.630170703489267
@BradyBoy1367 Yoo my boy.,neither,0.02820499298200491,0.41799763420371006,0.5537973728142851
ninjaPopcorn ninjaPopcorn,neither,0.03945320844208391,0.33037608806864915,0.630170703489267
@ninja say hey to me,neither,0.038094991643244376,0.36376081654646836,0.5981441918102873
A,neither,0.03945320844208391,0.33037608806864915,0.630170703489267
after dark,neither,0.03945320844208391,0.33037608806864915,0.630170703489267
iCloudSky howdy brother,neither,0.03945320844208391,0.33037608806864915,0.630170703489267
after dark boi,neither,0.03945320844208391,0.33037608806864915,0.630170703489267
woah there,neither,0.039374178110881314,0.28252818257766454,0.6780976393114541
!chairity,neither,0.03945320844208391,0.33037608806864915,0.630170703489267
!drunk,neither,0.03945320844208391,0.33037608806864915,0.630170703489267
Ninja is completely sober right now. \ MingLee /,neither,0.044482544906504835,0.3416268926575897,0.6138905624359056
Pog,neither,0.03945320844208391,0.33037608806864915,0.630170703489267
ninjaBlast1 ninjaBlast2 ninjaBlast3 ninjaBlast3 ninjaBlast3 ninjaBlast3 ninjaBlast3 ninjaBlast3,neither,0.03945320844208391,0.33037608806864915,0.630170703489267
ninjaPog ninjaPog,neither,0.03945320844208391,0.33037608806864915,0.630170703489267
novr,neither,0.03945320844208391,0.33037608806864915,0.630170703489267
Guys let’s start a union of the ninja chat members,neither,0.02878951645246374,0.3415326599845313,0.6296778235630048
Hi ninja,neither,0.03945320844208391,0.33037608806864915,0.630170703489267
Love you,offensive_language,0.079837142191777,0.5038574454704381,0.4163054123377849
!uptime,neither,0.03945320844208391,0.33037608806864915,0.630170703489267
Ninja has been streaming for 7 minutes 50 seconds,neither,0.035909554605212814,0.3116708868063255,0.6524195585884617
ninjaBlast1 ninjaBlast2 ninjaBlast3 ninjaBlast3 ninjaBlast3 ninjaBlast3,neither,0.03945320844208391,0.33037608806864915,0.630170703489267
ninja it's my bsfs bday tmr,neither,0.028069207702546953,0.4107634857086949,0.5611673065887582
!charity,neither,0.03945320844208391,0.33037608806864915,0.630170703489267
https://www.designbyhumans.com/4millionaires/ <---- Click to help children fight cancer. All proceeds go directly to St. Jude. Available until April 15th.,neither,0.04588098701192404,0.3555937384847463,0.5985252745033298
!age,neither,0.03945320844208391,0.33037608806864915,0.630170703489267
Ninja is 27 ninjaCreep,neither,0.047244168901473635,0.32769641950747885,0.6250594115910475
Oh no u can’t stream and drink Genuinely worried bro,neither,0.04172842282642776,0.279927326487545,0.6783442506860273
Not at the same time lmao,neither,0.03483223391482236,0.3911951305977331,0.5739726354874447
!uptime,neither,0.03945320844208391,0.33037608806864915,0.630170703489267
Hey man your my favorite streamer and your probably the only reason I haven’t given up on life thank you for everything you have don( streaming). ninjaPrime,neither,0.06553969263225842,0.45956118936278045,0.47489911800496115
What’s good ninja and chat?,neither,0.04283499873756145,0.2929907975191402,0.6641742037432984
!uptime,neither,0.03945320844208391,0.33037608806864915,0.630170703489267
!uptime,neither,0.03945320844208391,0.33037608806864915,0.630170703489267
whobud glad to be able to talk to u in chat again,neither,0.03745759403238342,0.35078346638273694,0.6117589395848796
@nightbot Ur scaring me BAD cmonBruh cmonBruh cmonBruh cmonBruh cmonBruh cmonBruh cmonBruh cmonBruh cmonBruh cmonBruh cmonBruh,neither,0.04919307331201467,0.36294733538418666,0.5878595913037986
LUL,neither,0.03945320844208391,0.33037608806864915,0.630170703489267
When did u start streaming,neither,0.030861111882599726,0.3735765334628682,0.5955623546545321
@bradyboy1367 dude I’m stoked!!,neither,0.03945320844208391,0.33037608806864915,0.630170703489267
Cat_Drift6607 gifted a Tier 1 sub to itsrios13! They have given 21 Gift Subs in the channel!,neither,0.041799182161563087,0.32511618736560355,0.6330846304728334
!uptime,neither,0.03945320844208391,0.33037608806864915,0.630170703489267
Ninja has been streaming for 8 minutes 45 seconds,neither,0.035984600059225234,0.31206755396997676,0.6519478459707979
the_master_squid subscribed with Twitch Prime.,neither,0.030186173588972614,0.3621416721941929,0.6076721542168345
Wow,neither,0.03945320844208391,0.33037608806864915,0.630170703489267
badderrhyme7780 subscribed with Twitch Prime. They've subscribed for 3 months!,neither,0.017135853092050617,0.3228815153557895,0.6599826315521599
whobud FeelsGoodMan,neither,0.03945320844208391,0.33037608806864915,0.630170703489267
Ninjas streams are always wild,neither,0.05996959678049228,0.3386908443800041,0.6013395588395037
hellow bto,neither,0.03945320844208391,0.33037608806864915,0.630170703489267
LUL,neither,0.03945320844208391,0.33037608806864915,0.630170703489267
!subage,neither,0.03945320844208391,0.33037608806864915,0.630170703489267
hii,neither,0.03945320844208391,0.33037608806864915,0.630170703489267
toxic lmfao,neither,0.05470637918084239,0.32512982320825545,0.6201637976109021
!uptime,neither,0.03945320844208391,0.33037608806864915,0.630170703489267
u gotta love when there is proof,neither,0.032867640511600744,0.3713792241364669,0.5957531353519323
Tipsy ninja might be my favorite ninja,neither,0.033451875156319866,0.37840379930739365,0.5881443255362866
LUL,neither,0.03945320844208391,0.33037608806864915,0.630170703489267
what do u prefer ninja apex or fortnite,neither,0.04419436595975876,0.3273401683810933,0.6284654656591481
!charity,neither,0.03945320844208391,0.33037608806864915,0.630170703489267
@Cat_Drift6607 you've been subbed for 1 month,neither,0.025226834477001955,0.3256734045649022,0.649099760958096
https://www.designbyhumans.com/4millionaires/ <---- Click to help children fight cancer. All proceeds go directly to St. Jude. Available until April 15th.,neither,0.04588098701192404,0.3555937384847463,0.5985252745033298
ninjaBlast1 ninjaBlast2 ninjaBlast3 ninjaBlast3 ninjaBlast3,neither,0.03945320844208391,0.33037608806864915,0.630170703489267
"tevacra subscribed at Tier 1. They've subscribed for 6 months, currently on a 6 month streak! have you noticed a big lack of Llama's and treasure maps?",neither,0.02498697264173796,0.3521613247318952,0.6228517026263668
"imaaflyingpenguin subscribed with Twitch Prime. They've subscribed for 13 months, currently on a 13 month streak! Ayy still love the streams, if anything i love them more than 13 months ago.",neither,0.024305685675064533,0.34987577638077944,0.625818537944156
Yess!,neither,0.03945320844208391,0.33037608806864915,0.630170703489267
hi,neither,0.03945320844208391,0.33037608806864915,0.630170703489267
!lata,neither,0.03945320844208391,0.33037608806864915,0.630170703489267
who is better though ninja or Shroud?,neither,0.04715906781216841,0.38405242091694336,0.5687885112708884
!uptime,neither,0.03945320844208391,0.33037608806864915,0.630170703489267
Ninja has been streaming for 9 minutes 42 seconds,neither,0.03605278841535164,0.31242796755837576,0.6515192440262725
lata,neither,0.03945320844208391,0.33037608806864915,0.630170703489267
"""Lata B****"" - Ninja2015",neither,0.03945320844208391,0.33037608806864915,0.630170703489267
Why's it matter lol. @professorflitwick,neither,0.019390680533627025,0.4148179800106023,0.5657913394557706
"wow, that's a long time",neither,0.03384034068296922,0.394743321352418,0.5714163379646127
,neither,0.03945320844208391,0.33037608806864915,0.630170703489267
c_los1344 converted from a Twitch Prime sub to a Tier 1 sub!,neither,0.043404596088905956,0.3191712663656506,0.6374241375454435
did he get a haircut?,neither,0.04456595018497011,0.33758137979419656,0.6178526700208333
just asking opinions,neither,0.03506060209620204,0.351077562280735,0.6138618356230628
nice,neither,0.03945320844208391,0.33037608806864915,0.630170703489267
@professorflitwick They don’t play the same games bro,neither,0.039374711906222166,0.3222479317944372,0.6383773562993406
Oh. @professorflitwick,neither,0.051363287716059566,0.22255663153133606,0.7260800807526044
lmao,neither,0.03705015143476208,0.3711622369619404,0.5917876116032975
COGGERS,neither,0.03945320844208391,0.33037608806864915,0.630170703489267
LUL,neither,0.03945320844208391,0.33037608806864915,0.630170703489267
what would u prefer is better apex or fortnite ninja?,neither,0.04792022961497879,0.32264372963388477,0.6294360407511365
Where can we get shirts,neither,0.04094991619278835,0.3049730514432269,0.6540770323639848
I think for most streamers they don't like to see them getting compared to eachother asking whos best but then again I might be wrong. @professorflitwick,neither,0.049204508728887625,0.3596334951646396,0.5911619961064727
did he get a haircut? it looks beautiful <3,neither,0.0420669300518781,0.3363312764480743,0.6216017935000476
tonight is gonna be great,neither,0.042364454918741204,0.3303981704289657,0.627237374652293
!charity,neither,0.03945320844208391,0.33037608806864915,0.630170703489267
https://www.designbyhumans.com/4millionaires/ <---- Click to help children fight cancer. All proceeds go directly to St. Jude. Available until April 15th.,neither,0.04588098701192404,0.3555937384847463,0.5985252745033298
Hi,neither,0.03945320844208391,0.33037608806864915,0.630170703489267
Apex ninja,neither,0.03945320844208391,0.33037608806864915,0.630170703489267
!uptime,neither,0.03945320844208391,0.33037608806864915,0.630170703489267
Ninja has been streaming for 10 minutes 53 seconds,neither,0.03620204993001361,0.3132168646298039,0.6505810854401824
LUL LUL,neither,0.03945320844208391,0.33037608806864915,0.630170703489267
hi,neither,0.03945320844208391,0.33037608806864915,0.630170703489267
max_1082 subscribed with Twitch Prime.,neither,0.030186173588972614,0.3621416721941929,0.6076721542168345
LOL NINJA LUL,neither,0.032886191010065624,0.37730479623576496,0.5898090127541693
geeze man,neither,0.03960195919676192,0.39982609383172646,0.5605719469715116
if only reverse had impulses,neither,0.02386956700047655,0.38059682165363945,0.5955336113458841
!uptime,neither,0.03945320844208391,0.33037608806864915,0.630170703489267
He died LUL,neither,0.04450554442808025,0.3286383580451542,0.6268560975267655
A,neither,0.03945320844208391,0.33037608806864915,0.630170703489267
!drunk,neither,0.03945320844208391,0.33037608806864915,0.630170703489267
Ninja is completely sober right now. \ MingLee /,neither,0.044482544906504835,0.3416268926575897,0.6138905624359056
this is quality content,neither,0.046667745277283526,0.32927961194404326,0.6240526427786732
ninjaBlast1 ninjaBlast1 ninjaBlast1 ninjaBlast1 ninjaBlast1 ninjaBlast1,neither,0.03945320844208391,0.33037608806864915,0.630170703489267
Rip my headphones LUL,neither,0.03099082185093743,0.3942666339541526,0.57474254419491
ninjaBlast,neither,0.03945320844208391,0.33037608806864915,0.630170703489267
he got knocked by fall,neither,0.044389536887891864,0.41507694454986954,0.5405335185622386
heyy,neither,0.03945320844208391,0.33037608806864915,0.630170703489267
After dark,neither,0.03945320844208391,0.33037608806864915,0.630170703489267
ninjaCreep ninjaCreep ninjaCreep ninjaCreep ninjaCreep ninjaCreep ninjaCreep ninjaCreep ninjaCreep ninjaCreep ninjaCreep ninjaCreep ninjaCreep ninjaCreep ninjaCreep ninjaCreep ninjaCreep ninjaCreep ninjaCreep ninjaCreep ninjaCreep ninjaCreep ninjaCreep ninjaCreep,neither,0.03945320844208391,0.33037608806864915,0.630170703489267
yooooo,neither,0.03945320844208391,0.33037608806864915,0.630170703489267
go reverse,neither,0.04076545527285137,0.334931166163354,0.6243033785637945
ninjaBlast1 ninjaBlast2 ninjaBlast3 ninjaBlast3 ninjaBlast3 ninjaBlast3 ninjaBlast3,neither,0.03945320844208391,0.33037608806864915,0.630170703489267
after dark YES,neither,0.03945320844208391,0.33037608806864915,0.630170703489267
ninjaAmazing,neither,0.03945320844208391,0.33037608806864915,0.630170703489267
FortOne,neither,0.03945320844208391,0.33037608806864915,0.630170703489267
Cat_Drift6607 gifted a Tier 1 sub to kdthirtyfive35! They have given 22 Gift Subs in the channel!,neither,0.041778665604358514,0.32515959974707004,0.6330617346485714
!uptime,neither,0.03945320844208391,0.33037608806864915,0.630170703489267
Ninja has been streaming for 11 minutes 49 seconds,neither,0.036234103770595924,0.31338627340000036,0.6503796228294036
ninjaPon,neither,0.03945320844208391,0.33037608806864915,0.630170703489267
ninjaPon,neither,0.03945320844208391,0.33037608806864915,0.630170703489267
boom baby,neither,0.03945320844208391,0.33037608806864915,0.630170703489267
ninjaBlast1 ninjaBlast2 ninjaBlast3 ninjaBlast3 ninjaBlast3,neither,0.03945320844208391,0.33037608806864915,0.630170703489267
ninjaCreep ninjaCreep ninjaCreep ninjaCreep ninjaCreep ninjaCreep ninjaCreep ninjaCreep ninjaCreep ninjaCreep ninjaCreep ninjaCreep ninjaCreep ninjaCreep,neither,0.03945320844208391,0.33037608806864915,0.630170703489267
