text,top_class,hate_speech,offensive_language,neither
LETS GOOOOOOOOOOOOOOOOOO,neither,0.0381375099945381,0.3527069244228318,0.6091555655826302
POG I WAS HERE,neither,0.16237291887918595,0.2531150994017352,0.5845119817190788
Morning @Ninja ninjaHi,neither,0.048203553387938615,0.18185989775694275,0.7699365488551186
Morning Y'all,neither,0.061967905254982546,0.21215969689978753,0.7258723978452299
slow mode? cmonBruh,neither,0.03945320844208391,0.33037608806864915,0.630170703489267
What is this madness why is slow mode on already,neither,0.04190107192035933,0.3548659673667539,0.6032329607128868
Let’s see how this update goes mixed feelings about it,neither,0.027724295698327822,0.3698807571645014,0.6023949471371708
hello peeps,neither,0.03945320844208391,0.33037608806864915,0.630170703489267
ふｎ,neither,0.03945320844208391,0.33037608806864915,0.630170703489267
!nav,neither,0.03945320844208391,0.33037608806864915,0.630170703489267
"Check out Nav's new album ""Bad Habits""! https://NAV.lnk.to/BadHabits",neither,0.040896873214858534,0.27656730750568603,0.6825358192794554
NINJA GOT A REDBULL CAN!!!! PogChamp,neither,0.03830434127745078,0.3780017933542561,0.5836938653682932
Congrats Tyler!!! :D :D,neither,0.03945320844208391,0.33037608806864915,0.630170703489267
ninjaRed ninjaBull,neither,0.03945320844208391,0.33037608806864915,0.630170703489267
The goat is on,neither,0.0444851365563475,0.3239074888887334,0.6316073745549191
Hi everyone,neither,0.032490659208996964,0.4485487193596734,0.5189606214313296
Only good thing about this update is the moonwalker and mission specialist edit styles,neither,0.04155992561415293,0.31393338344317817,0.644506690942669
ninjaBlast1 ninjaBlast2 ninjaBlast3,neither,0.03945320844208391,0.33037608806864915,0.630170703489267
its always on Jebaited ALLMODZZ,neither,0.025774651095135527,0.43202097549402035,0.542204373410844
What up fam,neither,0.04300216530514078,0.3953849958295519,0.5616128388653072
ninjaHi ninjaHi ninjaHi ninjaHi ninjaHi ninjaHi ninjaHi ninjaHi ninjaHi,neither,0.03945320844208391,0.33037608806864915,0.630170703489267
ninjaTilt ninjaThrow ninjaToxic ninjaTroll,neither,0.03945320844208391,0.33037608806864915,0.630170703489267
ninjaShield ninjaWifey ninjaTube ninjaThirst ninjaTilt ninjaTroll ninjaSplode ninjaShrug ninjaS ninjaPog ninjaPog,neither,0.03945320844208391,0.33037608806864915,0.630170703489267
yurrr,neither,0.03945320844208391,0.33037608806864915,0.630170703489267
This update seems brutal,neither,0.03937899411295699,0.33163569891789807,0.6289853069691449
ninjaCRINJA,neither,0.03945320844208391,0.33037608806864915,0.630170703489267
ninjaShield ninjaShield ninjaShield ninjaShield ninjaShield ninjaShield ninjaShield ninjaShield ninjaShield,neither,0.03945320844208391,0.33037608806864915,0.630170703489267
"@Ninja congrats Tyler, hope it tasted real good, the RedBull can ninjaCreep ninjaTooth",neither,0.05188266941312098,0.3202829159912076,0.6278344145956714
Love u ninja,neither,0.03604913326827992,0.3463049680281636,0.6176458987035566
what's up Ninja,neither,0.0424860282095962,0.3861250105635327,0.5713889612268711
I can't wait to see how this update plays out,neither,0.04099269698802716,0.33762651324534665,0.6213807897666261
pepeJAM,neither,0.03945320844208391,0.33037608806864915,0.630170703489267
IM EARLY FINALLY,neither,0.0401927965485594,0.3384919563246247,0.6213152471268159
ninjaBlast1 ninjaBlast2 ninjaBlast3 ninjaBlast3 ninjaBlast3 ninjaBlast3 ninjaBlast3 ninjaBlast3,neither,0.03945320844208391,0.33037608806864915,0.630170703489267
ninjaClap ninjaClap ninjaClap,neither,0.03945320844208391,0.33037608806864915,0.630170703489267
floor is lava ltm looks frickin amazing,neither,0.04556047582664189,0.32827551876267397,0.6261640054106842
ninjaPon ninjaPon,neither,0.03945320844208391,0.33037608806864915,0.630170703489267
ninjaPon,neither,0.03945320844208391,0.33037608806864915,0.630170703489267
mornin gang!,neither,0.03945320844208391,0.33037608806864915,0.630170703489267
lupoFLIP lupoFLIP lupoFLIP lupoFLIP lupoFLIP,neither,0.03945320844208391,0.33037608806864915,0.630170703489267
LUL why would he eat the redbull can @mublacksmith LUL,neither,0.035113401104769744,0.3238465901898267,0.6410400087054037
ninjaIQ ninjaIQ ninjaIQ ninjaIQ ninjaIQ ninjaIQ,neither,0.03945320844208391,0.33037608806864915,0.630170703489267
ninjaBush ninjaBush ninjaBush,neither,0.03945320844208391,0.33037608806864915,0.630170703489267
at workk too ninjaCreep ninjaCreep ninjaCreep ninjaCreep ninjaCreep,neither,0.03742446801918854,0.38515774195130326,0.5774177900295082
you're the only one who can save fortnite ninja!!,neither,0.06973214274622158,0.40579901113220324,0.5244688461215751
ninjaThrow ninjaStars,neither,0.03945320844208391,0.33037608806864915,0.630170703489267
BABYYYY SHARK DOH DOH DOOOOOOHHHHHHHHH pepeJAM pepeJAM,neither,0.03945320844208391,0.33037608806864915,0.630170703489267
how do we get a ninja redbull can,neither,0.04040149111955699,0.3363001682729191,0.6232983406075239
im at work too,neither,0.037107128537780865,0.4051903740794739,0.5577024973827454
Heeeeyyyy,neither,0.03945320844208391,0.33037608806864915,0.630170703489267
what is epic thinking with all of these divisions,offensive_language,0.05026133890455499,0.500452194312656,0.449286466782789
ninjaH ninjaH ninjaH ninjaH ninjaH ninjaH,neither,0.03945320844208391,0.33037608806864915,0.630170703489267
@twitzh TableHere FlipThis,neither,0.03945320844208391,0.33037608806864915,0.630170703489267
ninjaBlast1 ninjaBlast2 ninjaBlast3 ninjaBlast3 ninjaBlast3 ninjaBlast3 ninjaBlast3 ninjaBlast3 ninjaBlast3 ninjaBlast3 ninjaBlast3 ninjaBlast3 ninjaBlast3 ninjaBlast3 ninjaBlast3 ninjaBlast3 ninjaBlast3 ninjaBlast3 ninjaBlast3 ninjaBlast3 ninjaBlast3 ninjaBlast3 ninjaBlast3 ninjaBlast3 ninjaBlast3 ninjaBlast3 ninjaBlast3 ninjaBlast3 ninjaBlast3 ninjaBlast3 ninjaBlast3 ninjaBlast3 ninjaBlast3 ninjaBlast3,neither,0.03945320844208391,0.33037608806864915,0.630170703489267
@ItsMeNate18 what's inside 4Head ninjaTooth,neither,0.04420252371453707,0.11795318558480072,0.8378442907006621
,neither,0.03945320844208391,0.33037608806864915,0.630170703489267
love ninja,neither,0.03604913326827992,0.3463049680281636,0.6176458987035566
why am i so hyped for this intro lupoFLIP,neither,0.027467713128683267,0.3507333215441242,0.6217989653271925
ninjaPon ninjaPon,neither,0.03945320844208391,0.33037608806864915,0.630170703489267
ninjaPon,neither,0.03945320844208391,0.33037608806864915,0.630170703489267
I’m a bout to get on to fortnite,neither,0.0467843587324401,0.44708325048272285,0.506132390784837
moving back into our house today. been out of it since December because a tree fell through it.,neither,0.033766741971188015,0.3579056057510802,0.6083276522777317
ninjaRed ninjaBull ninjaCash ninjaCash,neither,0.03945320844208391,0.33037608806864915,0.630170703489267
ninjaPon,neither,0.03945320844208391,0.33037608806864915,0.630170703489267
pog,neither,0.03945320844208391,0.33037608806864915,0.630170703489267
ninjaRed ninjaBull ninjaRed ninjaBull ninjaRed ninjaBull ninjaRed ninjaBull ninjaRed ninjaBull,neither,0.03945320844208391,0.33037608806864915,0.630170703489267
ninjaBlast1 ninjaBlast2 ninjaBlast3 ninjaBlast3 ninjaBlast3 ninjaBlast3,neither,0.03945320844208391,0.33037608806864915,0.630170703489267
@xxdulumpxx awesome news!👍🏽,neither,0.03945320844208391,0.33037608806864915,0.630170703489267
first time I've ever seen the start of ninjas stream . I'm in UK time so ya know,neither,0.017779633912691606,0.4796973370082246,0.502523029079084
ninjaBlast1 ninjaBlast2 ninjaBlast3 ninjaBlast3,neither,0.03945320844208391,0.33037608806864915,0.630170703489267
ninjaPon,neither,0.03945320844208391,0.33037608806864915,0.630170703489267
ninjaPon,neither,0.03945320844208391,0.33037608806864915,0.630170703489267
I love the intro then leave,neither,0.03616138674011292,0.3276213041667689,0.6362173090931181
fuck em all,offensive_language,0.1809908071909256,0.8190029504168146,6.242392259944333e-06
@bradbett same,neither,0.04148851938089603,0.3488915597363099,0.609619920882794
good morning from south Texas!,neither,0.04662038687057401,0.19780837723256325,0.7555712358968627
ninjaBlast1 ninjaBlast2 ninjaBlast3,neither,0.03945320844208391,0.33037608806864915,0.630170703489267
hi,neither,0.03945320844208391,0.33037608806864915,0.630170703489267
Morning bro @Ninja,neither,0.047255203879225056,0.19795586391480702,0.7547889322059679
He ususally starts around 1-2pm ninjaTooth @BradBett,neither,0.04571397084709235,0.32822272478653436,0.6260633043663731
PepePls,neither,0.03945320844208391,0.33037608806864915,0.630170703489267
good morning chat and Ninja. We ready to make today or b****,neither,0.046625299574577055,0.20723244484600106,0.746142255579422
f%$# em all,neither,0.04313535793898701,0.4731020166488513,0.48376262541216164
ninjaBlast1 ninjaBlast2 ninjaBlast3 ninjaBlast3 ninjaBlast3 ninjaBlast3 ninjaBlast3 ninjaBlast3 ninjaBlast3 ninjaBlast3 ninjaBlast3 ninjaBlast3 ninjaBlast3 ninjaBlast3 ninjaBlast3 ninjaBlast3 ninjaBlast3,neither,0.03945320844208391,0.33037608806864915,0.630170703489267
it's 2:20 here pepeJAM,neither,0.10787820366443895,0.2781219461610969,0.6139998501744642
@twitzh i mean lupoK,neither,0.03945320844208391,0.33037608806864915,0.630170703489267
ninjaClap ninjaClap ninjaClap ninjaClap ninjaClap,neither,0.03945320844208391,0.33037608806864915,0.630170703489267
@scott_s197 thanks man :) Going to be great to be home!,neither,0.045898730928098645,0.36078426338245434,0.593317005689447
@scott_s197 from south texas as well cloakWave,neither,0.03860079837893924,0.3448437114532085,0.6165554901678524
kick this day in its sun shiny a**!,neither,0.03449473604068014,0.32070868946600906,0.6447965744933107
@swordofplay oh crap. my internet is trash and it's buffering.... hope i don't miss it 😂,neither,0.053597288241677775,0.13879418427717596,0.8076085274811462
ninjaGold,neither,0.03945320844208391,0.33037608806864915,0.630170703489267
Adele_w subscribed with Twitch Prime.,neither,0.030186173588972614,0.3621416721941929,0.6076721542168345
PepoDance,neither,0.03945320844208391,0.33037608806864915,0.630170703489267
here too pepeJAM mublacksmith,neither,0.1491473976780243,0.26311000062164347,0.5877426017003322
hello pepeJAM,neither,0.03945320844208391,0.33037608806864915,0.630170703489267
Morning Tyler and chat! lets get it Arena mode all day,neither,0.04310071614255931,0.27193931263325344,0.6849599712241873
ninjaToxic ninjaToxic ninjaToxic,neither,0.03945320844208391,0.33037608806864915,0.630170703489267
PogU,neither,0.03945320844208391,0.33037608806864915,0.630170703489267
PogChamp,neither,0.03945320844208391,0.33037608806864915,0.630170703489267
Hoi ninjaHi,neither,0.03945320844208391,0.33037608806864915,0.630170703489267
@arcadian_bear 🤙🏾🤙🏾,neither,0.03945320844208391,0.33037608806864915,0.630170703489267
What is up the world?!,neither,0.05338039976028201,0.3654611030079216,0.5811584972317965
lets go!!!,neither,0.039984317429425154,0.35542799280679366,0.6045876897637812
3 2 1 GAME TIME ninjaHype ninjaHype ninjaHype,neither,0.036831986904325216,0.29642753231080715,0.6667404807848678
FortBush,neither,0.03945320844208391,0.33037608806864915,0.630170703489267
pog,neither,0.03945320844208391,0.33037608806864915,0.630170703489267
Aye yoooooo,neither,0.03945320844208391,0.33037608806864915,0.630170703489267
GOOD MORNING chat : ),neither,0.04710811743625922,0.18682059753836155,0.7660712850253792
its game time baby!!!!!!!!!,neither,0.031202643079182045,0.30803634462286666,0.6607610122979513
ninjaChug,neither,0.03945320844208391,0.33037608806864915,0.630170703489267
lets gooo,neither,0.03868305123800957,0.34344766577192837,0.6178692829900622
@Twitzh EU PogU,neither,0.03945320844208391,0.33037608806864915,0.630170703489267
Good morning though chat lupo3,neither,0.04628510492316216,0.20263543029376102,0.7510794647830769
ninjaFan,neither,0.03945320844208391,0.33037608806864915,0.630170703489267
PogChamp PogChamp PogChamp PogChamp PogChamp PogChamp PogChamp PogChamp,neither,0.03945320844208391,0.33037608806864915,0.630170703489267
ITS GAME TIME,neither,0.029882761249500213,0.30431233079982395,0.6658049079506758
Pog,neither,0.03945320844208391,0.33037608806864915,0.630170703489267
,neither,0.03945320844208391,0.33037608806864915,0.630170703489267
BUT,neither,0.02962635344032169,0.3618162153579155,0.6085574312017628
PogChamp,neither,0.03945320844208391,0.33037608806864915,0.630170703489267
How are we all doing today?,neither,0.06807222781198537,0.33013257651841177,0.6017951956696029
lupoBOOTY lupoBOOTY lupoBOOTY lupoBOOTY lupoBOOTY lupoBOOTY lupoBOOTY,neither,0.03945320844208391,0.33037608806864915,0.630170703489267
ninjaPog,neither,0.03945320844208391,0.33037608806864915,0.630170703489267
BABYYYYYYY SHARKKKK DOH DOH DOH pepeJAM pepeJAM,neither,0.03945320844208391,0.33037608806864915,0.630170703489267
Never seen the intro. lit,neither,0.035609643245897084,0.3497372018151506,0.6146531549389523
ninjaPopcorn ninjaPopcorn ninjaPopcorn ninjaPopcorn,neither,0.03945320844208391,0.33037608806864915,0.630170703489267
NINJA,neither,0.03945320844208391,0.33037608806864915,0.630170703489267
Yo,offensive_language,0.04010381111145228,0.5271105317972344,0.4327856570913131
Ground is LAVA?!?!?! @Ninja,neither,0.045663569610909685,0.3282400600828366,0.6260963703062536
This update sucks for inbetween players like myself that aren’t complete bots but don’t want to grind sweaty arena games :(,neither,0.04047534315036817,0.34190249266552125,0.6176221641841105
PogChamp,neither,0.03945320844208391,0.33037608806864915,0.630170703489267
!charity,neither,0.03945320844208391,0.33037608806864915,0.630170703489267
https://www.designbyhumans.com/4millionaires/ <---- Click to help children fight cancer. All proceeds go directly to St. Jude. Available until April 15th.,neither,0.04588098701192404,0.3555937384847463,0.5985252745033298
Worst patch ever,neither,0.040503442757504414,0.3125508708428108,0.6469456863996847
ninjaClap ninjaClap,neither,0.03945320844208391,0.33037608806864915,0.630170703489267
We early!!!!!!,neither,0.0415283516213461,0.29515549262442714,0.6633161557542269
ninjaHi,neither,0.03945320844208391,0.33037608806864915,0.630170703489267
supp ninj,neither,0.03945320844208391,0.33037608806864915,0.630170703489267
This update ResidentSleeper,neither,0.03932511836016378,0.33255011104730936,0.6281247705925268
Did anyone see his Red Bull can??? Definitely would cop a couple of those!!! ninjaHype ninjaHype ninjaHype,neither,0.06976001668471345,0.2840746448995855,0.646165338415701
ninjaGold ninjaGold,neither,0.03945320844208391,0.33037608806864915,0.630170703489267
that was lit never seen intro,neither,0.03355177463958056,0.3935960175535716,0.5728522078068478
Hi ninja you like this new patch :)???,neither,0.06596220310738542,0.30763671164245177,0.6264010852501628
yerp,neither,0.03945320844208391,0.33037608806864915,0.630170703489267
seriously.. hate it,neither,0.37971923393674284,0.1770454077052872,0.44323535835796996
btw love the update unlike others,neither,0.036831817328923044,0.3281409792784963,0.6350272033925807
cheer100 cheer100 cheer100 cheer100 cheer100,neither,0.03945320844208391,0.33037608806864915,0.630170703489267
ninjaPopcorn ninjaPopcorn,neither,0.03945320844208391,0.33037608806864915,0.630170703489267
how are you,neither,0.19156335723385254,0.31525141242459664,0.49318523034155076
ninjaHype ninjaFan ninjaH,neither,0.03945320844208391,0.33037608806864915,0.630170703489267
fortnite trying to kill there game,neither,0.4334504279119857,0.10442682996564766,0.4621227421223667
your an update ninjaCreep,neither,0.0812039073858933,0.3124547924213288,0.6063413001927779
dayum ninja. sick starting stream animations. didn't know this was even a thing,neither,0.030781484438214407,0.3644201892617071,0.6047983263000786
exodia910 subscribed with Twitch Prime.,neither,0.030186173588972614,0.3621416721941929,0.6076721542168345
Hi ninja,neither,0.03945320844208391,0.33037608806864915,0.630170703489267
New patch is terrible,neither,0.05014003984520739,0.250485711212251,0.6993742489425416
Hi mr ninja,neither,0.03945320844208391,0.33037608806864915,0.630170703489267
Sucks booty cheek,neither,0.03483026465224646,0.4088395091040762,0.5563302262436772
!title,neither,0.03945320844208391,0.33037608806864915,0.630170703489267
@Str8_D1N3R0 -> Current Stream Title: This update.... oh boy !charity dbh.la/4mil Announcement made!,neither,0.04187815457252905,0.3071486529510544,0.6509731924764165
Hello,neither,0.03945320844208391,0.33037608806864915,0.630170703489267
ninjaHi,neither,0.03945320844208391,0.33037608806864915,0.630170703489267
@Ninja you can't place traps besides ramps anymore,neither,0.05265508233582082,0.3217223756897168,0.6256225419744623
Removed all the good additions,neither,0.03962973722092901,0.43604998025584396,0.5243202825232269
hi ninja hi chat,neither,0.03945320844208391,0.33037608806864915,0.630170703489267
"Good morning , hope is all going well ninja. Hopefully a good slaying day in fortnite 🤞🏼 ninjaFan ninjaFire ninjaBand",neither,0.07051727030319324,0.23255147643405252,0.6969312532627543
Morning,neither,0.05283876784042269,0.1031882115525248,0.8439730206070525
"your hair looks on point today for some reason, can i pet you? @Ninja",neither,0.05249547516954489,0.33083922692672874,0.6166652979037264
ninjaPog,neither,0.03945320844208391,0.33037608806864915,0.630170703489267
FortOne FortOne FortOne FortOne ninjaCreep,neither,0.03945320844208391,0.33037608806864915,0.630170703489267
imagine trying to kill your game,hate_speech,0.4421557251745074,0.143958340169255,0.4138859346562377
ninjaHi,neither,0.03945320844208391,0.33037608806864915,0.630170703489267
Congrats on the Can brother,neither,0.03616584657629301,0.3231977748581925,0.6406363785655145
today is my Friday! 4 day weekend coming up after working 4 weeks straight!,neither,0.03454571198857704,0.38651648767834357,0.5789378003330794
jonberry14 subscribed with Twitch Prime. They've subscribed for 6 months! Yeah boy. Love the stream my kids love it also keep it up man!,neither,0.013814429302458334,0.4473286108594561,0.5388569598380857
BagOfMemes BagOfMemes BagOfMemes BagOfMemes BagOfMemes BagOfMemes,neither,0.03945320844208391,0.33037608806864915,0.630170703489267
pepeJAM pepeJAM,neither,0.03945320844208391,0.33037608806864915,0.630170703489267
pepeJAM pepeJAM pepeJAM pepeJAM pepeJAM pepeJAM pepeJAM pepeJAM,neither,0.03945320844208391,0.33037608806864915,0.630170703489267
ninjaBlast1 ninjaBlast2 ninjaBlast3 ninjaBlast3 ninjaBlast3 ninjaBlast3 FortOne FortOne FortOne,neither,0.03945320844208391,0.33037608806864915,0.630170703489267
the health per kill and mats was all for comp not for pubs,neither,0.16405910813079827,0.2259603472600071,0.6099805446091946
pepeJAM,neither,0.03945320844208391,0.33037608806864915,0.630170703489267
!res,neither,0.03945320844208391,0.33037608806864915,0.630170703489267
1680x1050,neither,0.03945320844208391,0.33037608806864915,0.630170703489267
F EPIC GAMES ON 3 F EPIC GAMES ON 3! 1 2 3!,neither,0.036526274673350706,0.34444722374973225,0.619026501576917
i think fortnite really fumbled the bag,neither,0.042293378157674505,0.24172432591127838,0.7159822959310471
Fortnite is doodoo anyway,neither,0.04746727446797062,0.3276196832725204,0.6249130422595089
8.2 update: ninjaCRINJA,neither,0.03945320844208391,0.33037608806864915,0.630170703489267
Hi Dad how’d you sleep @ninja,neither,0.052194454362706214,0.36675347632886407,0.5810520693084298
Not read the patch notes yet,neither,0.037876871652138815,0.32215887225820317,0.639964256089658
Watsup bro good morning,neither,0.04809124129948251,0.16772510770045979,0.7841836510000577
!energy,neither,0.03945320844208391,0.33037608806864915,0.630170703489267
Arena mode too,neither,0.039242541171790546,0.33395166144329175,0.6268057973849177
Worse patch ever :(,neither,0.04685037434118231,0.20482687769629682,0.7483227479625209
I saw that guy through his helment before lmao,neither,0.05065218321890506,0.43200820533605383,0.5173396114450411
of course it's that guy lmao,neither,0.03313815319577003,0.39471699070867755,0.5721448560955523
Apex time? PepoDance,neither,0.03821333703971211,0.3514199415734102,0.6103667213868778
worst past even,neither,0.03965215266799061,0.326999485351956,0.6333483619800533
@Ninja Your Red Bull can is so sick!!! ninjaClap ninjaClap ninjaClap,neither,0.0698296676998654,0.3496746752316543,0.5804956570684803
Good morning Ninja ninjaBlast1 ninjaBlast3 ninjaBlast3 ninjaBlast3 ninjaBlast3 ninjaBlast2,neither,0.0468013847741319,0.19273113716557552,0.7604674780602926
@itsmenate18 lupoK,neither,0.03945320844208391,0.33037608806864915,0.630170703489267
yes correct,neither,0.03945320844208391,0.33037608806864915,0.630170703489267
Good morning @ninja and chat,neither,0.044205608020036015,0.1896126308936303,0.7661817610863337
Arena is new Gauntlet,neither,0.04930677233618734,0.2561316785620137,0.694561549101799
Still better than apex,neither,0.03825196188319303,0.35076437717673015,0.6109836609400768
msisi_ subscribed with Twitch Prime.,neither,0.030186173588972614,0.3621416721941929,0.6076721542168345
Tim_is_Down subscribed with Twitch Prime. They've subscribed for 3 months! Thank you for always carrying Tim...,neither,0.02284005044086,0.3573495922773454,0.6198103572817946
Morning @Str8_D1N3R0,neither,0.05283876784042269,0.1031882115525248,0.8439730206070525
yUP,neither,0.03945320844208391,0.33037608806864915,0.630170703489267
Morning,neither,0.05283876784042269,0.1031882115525248,0.8439730206070525
Get stuck into a monster lad,neither,0.039053909895079016,0.3371532264974901,0.6237928636074308
calloffortnite subscribed with Twitch Prime. They've subscribed for 11 months!,neither,0.01819233148295946,0.323175542712437,0.6586321258046036
Tim is down lmao,neither,0.04686945185327456,0.34515067620502754,0.6079798719416978
ninjaHype ninjaHype ninjaHype,neither,0.03945320844208391,0.33037608806864915,0.630170703489267
!res,neither,0.03945320844208391,0.33037608806864915,0.630170703489267
1680x1050,neither,0.03945320844208391,0.33037608806864915,0.630170703489267
Why normal solos,neither,0.026183033977321014,0.34973064054888714,0.6240863254737918
Lets goooo,neither,0.03868305123800957,0.34344766577192837,0.6178692829900622
So do you not gtain health in regular solos anymore?,neither,0.05234539306212683,0.4091616253062338,0.5384929816316395
Str8_D1N3R0 sutoHi sutoAbyss,neither,0.03945320844208391,0.33037608806864915,0.630170703489267
Floor is lava,neither,0.0474082097293997,0.32763999834456414,0.6249517919260362
epic ninjaBlast1 ninjaBlast3 ninjaBlood fortnite,neither,0.03945320844208391,0.33037608806864915,0.630170703489267
eyy,neither,0.03945320844208391,0.33037608806864915,0.630170703489267
ninjaHi,neither,0.03945320844208391,0.33037608806864915,0.630170703489267
"Casuals as for a quick play mode, get it then complain. shut up and grind to get to arena.",neither,0.045423239256486364,0.3309715334096176,0.6236052273338961
I feel like the no health upon kill might be reverted on April fool's,neither,0.20116683488135428,0.27122190431359755,0.5276112608050482
What’s the update,neither,0.045340817663686035,0.30534678725490166,0.6493123950814124
one of the best patches... if you wanna play comp go play comp on its own playlist we have been for 7 seasons without hp and mats for kill it doesnt have to change now,neither,0.10271587904284607,0.30004909513005373,0.5972350258271002
@adamantassassin lupoK ohiyo,neither,0.03945320844208391,0.33037608806864915,0.630170703489267
ask*,neither,0.03945320844208391,0.33037608806864915,0.630170703489267
ninjaaaa,neither,0.03945320844208391,0.33037608806864915,0.630170703489267
FLOOR IS LAVA,neither,0.0474082097293997,0.32763999834456414,0.6249517919260362
!give,neither,0.03945320844208391,0.33037608806864915,0.630170703489267
ninjaPon Ninja take onemoistmelon's energy ninjaPon,neither,0.03945320844208391,0.33037608806864915,0.630170703489267
darn. I missed the intro,neither,0.03878237444204605,0.3181805117602321,0.6430371137977219
what is up my dude,offensive_language,0.036573928242808876,0.49602537691658644,0.46740069484060476
competitive mode is dope and pubs are WACCCKKKK,neither,0.06468133305504851,0.2667698445688152,0.6685488223761362
At first I thought this was going to be the worst update of ALL time but after I played I realized all they did was give incentive to play competitive against good players and get better. So basically they just separated the bots and the sweats. It’s actually genius. Before there was really no incentive to play competitive/ranked.,neither,0.038698172247780785,0.3416926905366708,0.6196091372155484
gotta love jordan fisher,neither,0.03565607657890219,0.3659920868206339,0.598351836600464
!give,neither,0.03945320844208391,0.33037608806864915,0.630170703489267
cmon people buy some shirts!,neither,0.05276850189923667,0.34035545550156443,0.6068760425991989
"Guarantee your PC gaming performance with BLD by NZXT. The simplest way to get a customized gaming PC. Choose the games you want to play, set a budget, and BLD takes care of the rest. Built and shipped within 48 hours with a 2-year warranty. https://nzxt.co/Ninja ninja10 ninja10",neither,0.046024978110057846,0.33494880951390904,0.6190262123760332
Can’t always make everything about competitive. Casual players didn’t like health per kill,neither,0.1390907749439852,0.34512414466179664,0.5157850803942182
"exactly 7 season, time for a change, not to stay the same",neither,0.03790630371146457,0.31475189819180804,0.6473417980967273
ninjaPon ninjaPon,neither,0.03945320844208391,0.33037608806864915,0.630170703489267
ninjaPon,neither,0.03945320844208391,0.33037608806864915,0.630170703489267
999 x3 though,neither,0.03945320844208391,0.33037608806864915,0.630170703489267
!givr,neither,0.03945320844208391,0.33037608806864915,0.630170703489267
no,neither,0.036918905254960256,0.37338982715841207,0.5896912675866277
@daddyfrenchfry hi,neither,0.03945320844208391,0.33037608806864915,0.630170703489267
where I beloooonggg,neither,0.04379278224195774,0.2567221952996476,0.6994850224583946
they cant make all the modes competitive,neither,0.04002835260855692,0.3755340959967581,0.5844375513946849
Good morning ninj,neither,0.04970930963283925,0.13564577574880146,0.8146449146183593
@ninja you have a outro in the makes after your streams,neither,0.07572813524665058,0.349398914058129,0.5748729506952204
hi,neither,0.03945320844208391,0.33037608806864915,0.630170703489267
I thought it was still 500 each,neither,0.040104197440525506,0.2632799331316859,0.6966158694277885
@furryh0tdog speak for yourself,neither,0.03286935813079453,0.2975122454444091,0.6696183964247964
trap glitch now stairs block it,neither,0.038478938379531466,0.33071118421890167,0.6308098774015668
Hai Chat,neither,0.03945320844208391,0.33037608806864915,0.630170703489267
KKona ?,neither,0.03945320844208391,0.33037608806864915,0.630170703489267
!uptime,neither,0.03945320844208391,0.33037608806864915,0.630170703489267
Did they get rid of material cap?,neither,0.0390842709763381,0.33663791971241547,0.6242778093112464
Ninja has been streaming for 9 minutes 3 seconds,neither,0.035678679601720456,0.31045049647393935,0.6538708239243401
This Update Stinks,neither,0.039363049438810443,0.3319063216504486,0.6287306289107409
hi,neither,0.03945320844208391,0.33037608806864915,0.630170703489267
hey @swordofslay good to see ya in here!,offensive_language,0.0680420944956635,0.5315915196921875,0.4003663858121488
still 500 mats i think,neither,0.039168802124824376,0.33520320551388516,0.6256279923612904
KKona,neither,0.03945320844208391,0.33037608806864915,0.630170703489267
Mountain Mommmmmaaaa,neither,0.03945320844208391,0.33037608806864915,0.630170703489267
Early start today PogChamp,neither,0.039425665732816785,0.2764122474280054,0.6841620868391778
I was second to come yaaaaaaaaaaaaaaaaaaaaa,neither,0.045311731599527706,0.35963181403513605,0.5950564543653363
whats going on CHAT,neither,0.035455446475019775,0.36780465059297285,0.5967399029320074
its not 500 mats,neither,0.03360680833729415,0.3360155318549352,0.6303776598077706
@ptstress Notnin regular solos,neither,0.03945320844208391,0.33037608806864915,0.630170703489267
What’s the trap kill thing with the stairs,neither,0.24772521564858496,0.2258486581161821,0.5264261262352328
time for dubbbs,neither,0.027501440403312122,0.315918077696926,0.6565804818997619
,neither,0.03945320844208391,0.33037608806864915,0.630170703489267
ninjaPon ninjaFan,neither,0.03945320844208391,0.33037608806864915,0.630170703489267
oh good morning ninjaAdore,neither,0.05435805837988747,0.1189780746626499,0.8266638669574626
ninjaPon,neither,0.03945320844208391,0.33037608806864915,0.630170703489267
LIIIIIT Ninja is on first thing at work,neither,0.03648352583532079,0.3611828796961172,0.602333594468562
"@ienstein people say season 1-4 were the best but they didnt have hp and mats for kill, comp has its own playlist let the pubs be for fun rather than sweating",neither,0.11527882801970944,0.23990153083868276,0.6448196411416078
we're starting off today SPICY,neither,0.052087585008063444,0.29247760752218344,0.655434807469753
good morning ninja,neither,0.0468013847741319,0.19273113716557552,0.7604674780602926
@spappygram ayyy pappy,neither,0.03945320844208391,0.33037608806864915,0.630170703489267
I like it,neither,0.06953449037813421,0.37815048807863416,0.5523150215432316
Morning chat ninjaCreep,neither,0.048641030132881694,0.17443477567193386,0.7769241941951844
the pubs should be for fun not for sweating,neither,0.0365496609358141,0.29948170068285845,0.6639686383813276
wizzler16 subscribed with Twitch Prime.,neither,0.030186173588972614,0.3621416721941929,0.6076721542168345
@Str8_D1N3R0 i love it when you call me pappy Kreygasm,neither,0.03241040461585882,0.4602270490258862,0.5073625463582551
no shield on kill so third party is very strong right now,neither,0.23126719003870033,0.2993577767876774,0.4693750331736223
ninjaTooth,neither,0.03945320844208391,0.33037608806864915,0.630170703489267
sit down kid,neither,0.03901136742826669,0.3378752831862865,0.6231133493854469
,neither,0.03945320844208391,0.33037608806864915,0.630170703489267
luluplaysgamesandmore subscribed at Tier 1. They've subscribed for 10 months!,neither,0.019835851488809408,0.31342495940271037,0.6667391891084803
3rd Party Patch LUL,neither,0.03945320844208391,0.33037608806864915,0.630170703489267
Beans,neither,0.03945320844208391,0.33037608806864915,0.630170703489267
Pog TTV btw,neither,0.03945320844208391,0.33037608806864915,0.630170703489267
still kinda sweaty lol,neither,0.032108010487178845,0.3906868961185508,0.5772050933942704
koenville subscribed with Twitch Prime.,neither,0.030186173588972614,0.3621416721941929,0.6076721542168345
was a good run,neither,0.03842326353689924,0.3334570705553251,0.6281196659077756
KappaPride,neither,0.03945320844208391,0.33037608806864915,0.630170703489267
How do you feel about all the changes being reverted back?,neither,0.04787222856163961,0.4556664562229476,0.49646131521541287
Morning Ninja and chat ninjaHi,neither,0.045027056816225666,0.18275084176299264,0.7722221014207817
"Now that I have incentive to be In ranked I will only be in ranked, before I didn’t even play ranked bc what was the point. Kinda genius on their part. They are separating the casuals and sweats",neither,0.040489335179837785,0.34372588634942663,0.6157847784707356
hi sym,neither,0.03945320844208391,0.33037608806864915,0.630170703489267
@Symfuhny hi dude,neither,0.03945320844208391,0.33037608806864915,0.630170703489267
!charity,neither,0.03945320844208391,0.33037608806864915,0.630170703489267
https://www.designbyhumans.com/4millionaires/ <---- Click to help children fight cancer. All proceeds go directly to St. Jude. Available until April 15th.,neither,0.04588098701192404,0.3555937384847463,0.5985252745033298
@Symfuhny What's up bro!!!,neither,0.04345003541170778,0.40335200047418324,0.553197964114109
"god fortnite shit the bed so bad, i dont understand",offensive_language,0.043100621795706895,0.9510228630764334,0.0058765151278596765
SweetDreams_1 subscribed at Tier 1.,neither,0.03853807016957085,0.358210604756348,0.6032513250740811
"Chat Sing ""Country Road""!!!",neither,0.0438847243550256,0.3288518865363562,0.6272633891086182
It’s so unsatisfying killing someone then having like 17 health after you kill them and they have no health or shields and neither do you,neither,0.1961053289788596,0.30575495351210885,0.49813971750903147
fortnite it was a good run but back to apex it is,neither,0.04477085830570167,0.3350484606552617,0.6201806810390367
Why would they do this to the game??,neither,0.03304273063359707,0.2828279311449355,0.6841293382214675
@symfuhny Twas* Kappa,neither,0.03945320844208391,0.33037608806864915,0.630170703489267
@symfuhny one of the nest updates dont @ me,neither,0.0312149664774846,0.3803104441831293,0.5884745893393861
Hello,neither,0.03945320844208391,0.33037608806864915,0.630170703489267
ranked is legit though it looks really clean,neither,0.04362791231361215,0.3289402159736692,0.6274318717127186
Still super weak and no shield this is ass,offensive_language,0.12583721997181221,0.8633417465846492,0.010821033443538595
snowbunny0726 subscribed at Tier 1.,neither,0.03853807016957085,0.358210604756348,0.6032513250740811
gotta farm forever it feels like,neither,0.0449090307569635,0.366116344366592,0.5889746248764446
@Symfuhny hey dad symfLazer,neither,0.03945320844208391,0.33037608806864915,0.630170703489267
how are we all liking this update PepeLmao,neither,0.0628493384097191,0.3540330794457617,0.5831175821445191
Hey @Symfuhny,neither,0.03945320844208391,0.33037608806864915,0.630170703489267
!res,neither,0.03945320844208391,0.33037608806864915,0.630170703489267
1680x1050,neither,0.03945320844208391,0.33037608806864915,0.630170703489267
@daddyfrenchfry Oh it’s awesome,neither,0.04383415408274206,0.2713982481320672,0.6847675977851907
What all changed in new update?,neither,0.04990419582523909,0.30609878202515156,0.6439970221496093
"wait, so you can only farm mats and not grab them from other players?",neither,0.05622484236083166,0.34174498472115483,0.6020301729180135
Have you noticed yet that you can't place a trap on a wall next to a ramp?,neither,0.06327464356170308,0.402249351790121,0.5344760046481759
epic is really smart by doing this they are separating the casuals and the sweats,neither,0.059491236073783586,0.28341938299556596,0.6570893809306504
ninjaAww,neither,0.03945320844208391,0.33037608806864915,0.630170703489267
"no matter what you think, there will always be sweats in pubs, believe what you want tho",neither,0.06525273857750631,0.38169926972137486,0.5530479917011188
They did this so they would force players to play in arena,neither,0.042855425538218375,0.3519731827004142,0.6051713917613675
"@adssshotta786 Facts, just said that above lol",neither,0.026902428414273923,0.42861569592231025,0.5444818756634158
i feel like it could go back to when the seasons were good (season 3/4),neither,0.04218836801419006,0.3449813676245722,0.6128302643612377
@barbxlahey we aren’t,neither,0.03922627899603148,0.3342276730068197,0.6265460479971487
@gloshmosh same :),neither,0.04148851938089603,0.3488915597363099,0.609619920882794
Yikes,neither,0.03945320844208391,0.33037608806864915,0.630170703489267
RIP,neither,0.03945320844208391,0.33037608806864915,0.630170703489267
WHAT,neither,0.057770773616808734,0.3180719994247239,0.6241572269584672
FeelsBadMan,neither,0.03945320844208391,0.33037608806864915,0.630170703489267
oof,neither,0.03945320844208391,0.33037608806864915,0.630170703489267
@scikd yh i mean all modes can't be competitive right,neither,0.04052650876699209,0.3938830405545906,0.5655904506784173
sorrybud,neither,0.03945320844208391,0.33037608806864915,0.630170703489267
"Hey we just had one of the best ideas in fortnite, Let's revert it 4Head",neither,0.02424593495183105,0.373301170104153,0.6024528949440159
