text,top_class,hate_speech,offensive_language,neither
TheThing,neither,0.03945320844208391,0.33037608806864915,0.630170703489267
good morning,neither,0.04970930963283925,0.13564577574880146,0.8146449146183593
foodStrawb,neither,0.03945320844208391,0.33037608806864915,0.630170703489267
"angebro111 subscribed with Twitch Prime. They've subscribed for 11 months, currently on a 11 month streak! Great to be back",neither,0.024240493586060716,0.32101228809493787,0.6547472183190015
first,neither,0.02604892428726219,0.3349864360510187,0.6389646396617191
Moar neeng GivePLZ,neither,0.03945320844208391,0.33037608806864915,0.630170703489267
HEY,neither,0.03945320844208391,0.33037608806864915,0.630170703489267
Good morning chat,neither,0.04710811743625922,0.18682059753836155,0.7660712850253792
"flickshot180 subscribed with Twitch Prime. They've subscribed for 8 months, currently on a 8 month streak!",neither,0.020161301589277043,0.3305963852590941,0.6492423131516288
@ethan4297 it was meh ninjaCreep,neither,0.03775667640564746,0.33318558245552493,0.6290577411388275
daddy,neither,0.03945320844208391,0.33037608806864915,0.630170703489267
hey dude,neither,0.03945320844208391,0.33037608806864915,0.630170703489267
Good morning sir ninjaChug,neither,0.04716591767778591,0.18570449122611687,0.7671295910960972
hey dy,neither,0.03945320844208391,0.33037608806864915,0.630170703489267
ude,neither,0.03945320844208391,0.33037608806864915,0.630170703489267
flojoujou subscribed with Twitch Prime.,neither,0.030186173588972614,0.3621416721941929,0.6076721542168345
Hello,neither,0.03945320844208391,0.33037608806864915,0.630170703489267
hey brother,neither,0.03945320844208391,0.33037608806864915,0.630170703489267
Ninja ninja Ninja !,neither,0.03945320844208391,0.33037608806864915,0.630170703489267
@AztecanGoddess ninjaPon,neither,0.03945320844208391,0.33037608806864915,0.630170703489267
!prime,neither,0.03945320844208391,0.33037608806864915,0.630170703489267
Support the stream with a FREE SUBSCRIPTION! Link an Amazon Prime to your Twitch account - twitch.amazon.com/prime Check out this tutorial where Ninja shows how to subscribe to a stream using Twitch Prime! youtube.com/watch?v=pvyZLDs2yQo ninjaPrime ninjaPrime ninjaPrime,neither,0.05320751381205407,0.33853077004085724,0.6082617161470886
et coucou,neither,0.03945320844208391,0.33037608806864915,0.630170703489267
"wow, I made it in before the end of the countdown!",neither,0.03408088346961051,0.35711218523644483,0.6088069312939448
yo,offensive_language,0.04010381111145228,0.5271105317972344,0.4327856570913131
ninja10 ninja10 ninja10 ninja10 ninja10 ninja10 ninja10 ninja10 ninja10 ninja10 ninja10 ninja10 ninja10 ninja10 ninja10 ninja10,neither,0.03945320844208391,0.33037608806864915,0.630170703489267
hello peeps,neither,0.03945320844208391,0.33037608806864915,0.630170703489267
hey,neither,0.03945320844208391,0.33037608806864915,0.630170703489267
Anyone play Pokémon go?,neither,0.04090935104068544,0.33543213089798624,0.6236585180613283
hello,neither,0.03945320844208391,0.33037608806864915,0.630170703489267
hey ninj,neither,0.03945320844208391,0.33037608806864915,0.630170703489267
@ninja what can we expect today Neinja san ninjaAww,neither,0.04229684032271143,0.3102158521946797,0.647487307482609
Hai Chat,neither,0.03945320844208391,0.33037608806864915,0.630170703489267
ninjaPon,neither,0.03945320844208391,0.33037608806864915,0.630170703489267
ninjaPon,neither,0.03945320844208391,0.33037608806864915,0.630170703489267
Morning lads <£,neither,0.04783234492562171,0.1881602741393493,0.764007380935029
<3 *,neither,0.03945320844208391,0.33037608806864915,0.630170703489267
Phenomenal content ninjaCreep,neither,0.03945320844208391,0.33037608806864915,0.630170703489267
Morning chat,neither,0.048641030132881694,0.17443477567193386,0.7769241941951844
Wishing they would bring back Health/Sheild Per Kill..,neither,0.20956115962605829,0.24400117223434264,0.546437668139599
I was watching dude perfect to pass the time and I almost pooped myself while watching Gym Stereotypes,neither,0.041013040150641264,0.3132651884938318,0.645721771355527
good morning!!,neither,0.04970930963283925,0.13564577574880146,0.8146449146183593
@Ninja good afternoon dad,neither,0.03894804928646302,0.3305498354666446,0.6305021152468924
Morning everyone,neither,0.04178497597973255,0.2907999075264022,0.6674151164938652
hi,neither,0.03945320844208391,0.33037608806864915,0.630170703489267
ninjaCreep ninjaCreep ninjaCreep ninjaCreep,neither,0.03945320844208391,0.33037608806864915,0.630170703489267
WOOOOooo,neither,0.03945320844208391,0.33037608806864915,0.630170703489267
2 1,neither,0.03945320844208391,0.33037608806864915,0.630170703489267
ITS GAME TIME pepeJAM,neither,0.029882761249500213,0.30431233079982395,0.6658049079506758
DAD,neither,0.03945320844208391,0.33037608806864915,0.630170703489267
gooo,neither,0.03945320844208391,0.33037608806864915,0.630170703489267
,neither,0.03945320844208391,0.33037608806864915,0.630170703489267
Anyone went to NYC?,neither,0.04598009820681298,0.3265591539535742,0.6274607478396128
Hype,neither,0.03945320844208391,0.33037608806864915,0.630170703489267
ninjaHype ninjaHype ninjaHype ninjaHype,neither,0.03945320844208391,0.33037608806864915,0.630170703489267
"3, 2, 1 ITS GAME pepeJAM",neither,0.029665656346515596,0.2700598910129799,0.7002744526405045
"foodStrawb almost time, face reveal foodKappa",neither,0.038095121088995494,0.35342637477611777,0.6084785041348867
PepoDance,neither,0.03945320844208391,0.33037608806864915,0.630170703489267
What songs do you listen to while you’re playing?,neither,0.11269618386381988,0.36974083563642907,0.517562980499751
Face reveal PogU,neither,0.03945320844208391,0.33037608806864915,0.630170703489267
twitchcsoffer subscribed with Twitch Prime.,neither,0.030186173588972614,0.3621416721941929,0.6076721542168345
this intro is so legit tbh,neither,0.04539742071758074,0.363126620936222,0.5914759583461973
ninjaHype ninjaHype ninjaHype ninjaHype,neither,0.03945320844208391,0.33037608806864915,0.630170703489267
pog,neither,0.03945320844208391,0.33037608806864915,0.630170703489267
GameChasePro123 subscribed with Twitch Prime.,neither,0.030186173588972614,0.3621416721941929,0.6076721542168345
Ohh shhitt Kreygasm GAME TIME Kreygasm,neither,0.03762267687455534,0.3070274286029135,0.6553498945225311
ninja look how cute the baseball skin is,neither,0.04744281636826427,0.29392816154077456,0.6586290220909613
OI Lads,neither,0.03945320844208391,0.33037608806864915,0.630170703489267
LOVE THE INTRO,neither,0.0354413717117043,0.3270902284448931,0.6374683998434026
DUDE I MISSED IT BY SECONDS,neither,0.039248752542221044,0.3714022687367767,0.5893489787210023
Good Morning Ninj!,neither,0.04970930963283925,0.13564577574880146,0.8146449146183593
3Head,neither,0.03945320844208391,0.33037608806864915,0.630170703489267
"Good morning, ninjas ninjaHi",neither,0.04970930963283925,0.13564577574880146,0.8146449146183593
wow,neither,0.03945320844208391,0.33037608806864915,0.630170703489267
Any updates on the update? lol,neither,0.02851026903704862,0.38202107268285174,0.5894686582800996
hi ninja love you,neither,0.05207102980911946,0.3902101034358819,0.5577188667549986
hello there and bye bye,neither,0.03888323816411009,0.2733860242834445,0.6877307375524454
re do intro,neither,0.06164528461319131,0.2989846990668754,0.6393700163199334
;),neither,0.03945320844208391,0.33037608806864915,0.630170703489267
morning ninja,neither,0.048203553387938615,0.18185989775694275,0.7699365488551186
I missed the intro.,neither,0.03860818502176822,0.3149412742548453,0.6464505407233866
bigchieftaco14 subscribed with Twitch Prime. They've subscribed for 3 months!,neither,0.017135853092050617,0.3228815153557895,0.6599826315521599
jonaswoster subscribed with Twitch Prime.,neither,0.030186173588972614,0.3621416721941929,0.6076721542168345
totes dorbz ninjaAww,neither,0.03945320844208391,0.33037608806864915,0.630170703489267
ninjaFan ninjaFan ninjaFan,neither,0.03945320844208391,0.33037608806864915,0.630170703489267
@ninja BRO!! Intro lit asf! Letss gooo,neither,0.03945320844208391,0.33037608806864915,0.630170703489267
ninjaHi,neither,0.03945320844208391,0.33037608806864915,0.630170703489267
trevormay skin?,neither,0.03945320844208391,0.33037608806864915,0.630170703489267
whats good bois?!!,neither,0.03887446142992429,0.3305751457049238,0.6305503928651519
Good mrnin,neither,0.037820165765928906,0.33093776632913474,0.6312420679049364
,neither,0.03945320844208391,0.33037608806864915,0.630170703489267
are you a panda,neither,0.10787246463295985,0.3257331015685659,0.5663944337984743
ninjaHype ninjaHype ninjaHype,neither,0.03945320844208391,0.33037608806864915,0.630170703489267
"TFVELOCITY subscribed at Tier 1. They've subscribed for 31 months! boy u cute, have a great stream Ty",neither,0.025129501053042454,0.2975304696560581,0.6773400292908994
perple4Subhype perple4Subhype perple4Subhype,neither,0.03945320844208391,0.33037608806864915,0.630170703489267
baseballs back today Pog,neither,0.037260939032779536,0.2959716884091365,0.666767372558084
nice intro btw,neither,0.03945320844208391,0.33037608806864915,0.630170703489267
HAHAHA trevormay skin,neither,0.03945320844208391,0.33037608806864915,0.630170703489267
ninjaPog ninjaPog ninjaPog ninjaPog ninjaPog ninjaPog ninjaPog ninjaPog ninjaPog ninjaPog ninjaPog ninjaPog ninjaPog ninjaPog,neither,0.03945320844208391,0.33037608806864915,0.630170703489267
GOOD MORNING TYLER!,neither,0.04691433381159199,0.19055706009032403,0.7625286060980839
ughhh i missed intro,neither,0.03945320844208391,0.33037608806864915,0.630170703489267
lol,neither,0.020706217963973744,0.4882283491876925,0.4910654328483337
@tfvelocity ninjaGold ninjaGold ninjaGold ninjaGold ninjaGold ninjaGold ninjaGold ninjaGold,neither,0.03945320844208391,0.33037608806864915,0.630170703489267
ninjaGold,neither,0.03945320844208391,0.33037608806864915,0.630170703489267
cool skin,neither,0.03945320844208391,0.33037608806864915,0.630170703489267
suh,neither,0.03945320844208391,0.33037608806864915,0.630170703489267
Top of the morning ninja,neither,0.04554586171288289,0.19388525109096122,0.7605688871961559
ninjaGold ninjaGold ninjaGold ninjaGold ninjaGold,neither,0.03945320844208391,0.33037608806864915,0.630170703489267
@TFVELOCITY ninjaGold ninjaGold ninjaGold ninjaGold ninjaGold ninjaGold ninjaGold ninjaGold ninjaGold ninjaGold ninjaGold,neither,0.03945320844208391,0.33037608806864915,0.630170703489267
lol,neither,0.020706217963973744,0.4882283491876925,0.4910654328483337
TriHard TriHard TriHard TriHard TriHard TriHard TriHard TriHard TriHard TriHard TriHard TriHard,neither,0.03945320844208391,0.33037608806864915,0.630170703489267
@ninja morning homie,neither,0.04685471510822833,0.20475320355102666,0.748392081340745
ninjaGold ninjaGold ninjaGold ninjaGold ninjaGold ninjaGold ninjaGold ninjaGold ninjaGold ninjaGold,neither,0.03945320844208391,0.33037608806864915,0.630170703489267
sup ninja,neither,0.03945320844208391,0.33037608806864915,0.630170703489267
gooddd mornig ninj,neither,0.03945320844208391,0.33037608806864915,0.630170703489267
ninjaGold ninjaGold ninjaGold ninjaGold ninjaGold ninjaGold ninjaGold ninjaGold ninjaGold ninjaGold ninjaGold ninjaGold ninjaGold ninjaGold ninjaGold,neither,0.03945320844208391,0.33037608806864915,0.630170703489267
wassup,neither,0.33529425248498695,0.08556156890646638,0.5791441786085466
We want mlb team skins,neither,0.03951654684032958,0.32930107015037285,0.6311823830092976
FortOne,neither,0.03945320844208391,0.33037608806864915,0.630170703489267
ninjaGold ninjaGold ninjaGold ninjaGold ninjaGold ninjaGold,neither,0.03945320844208391,0.33037608806864915,0.630170703489267
Need a red bull can with your face bro.,neither,0.050229888662923314,0.34812315828913837,0.6016469530479384
When you get the skin,neither,0.04202437211964542,0.4393623203202777,0.5186133075600768
ninjaGold ninjaGold ninjaGold ninjaGold,neither,0.03945320844208391,0.33037608806864915,0.630170703489267
perple4Dadd,neither,0.03945320844208391,0.33037608806864915,0.630170703489267
let's get that early ponpon,neither,0.02001379688056235,0.39909582937573856,0.5808903737436991
Hola brother,neither,0.03945320844208391,0.33037608806864915,0.630170703489267
gremlinz_ttv subscribed with Twitch Prime. They've subscribed for 2 months!,neither,0.017135853092050617,0.3228815153557895,0.6599826315521599
ninjaGold ninjaGold ninjaGold ninjaGold ninjaGold ninjaGold ninjaGold ninjaGold ninjaGold ninjaGold ninjaGold ninjaGold ninjaGold ninjaGold ninjaGold ninjaGold,neither,0.03945320844208391,0.33037608806864915,0.630170703489267
ninjaGold ninjaGold ninjaGold ninjaGold ninjaGold ninjaGold,neither,0.03945320844208391,0.33037608806864915,0.630170703489267
missgLOVE missgLOVE missgLOVE,neither,0.03945320844208391,0.33037608806864915,0.630170703489267
ninjaBlast1 ninjaBlast2 ninjaBlast3 ninjaBlast3 ninjaBlast3 ninjaBlast3 ninjaBlast3 ninjaBlast3 ninjaBlast3 ninjaBlast3 ninjaBlast3 ninjaBlast3 ninjaBlast3 ninjaBlast3 ninjaBlast3 ninjaBlast3 ninjaBlast3 ninjaBlast3 ninjaBlast3 ninjaBlast3,neither,0.03945320844208391,0.33037608806864915,0.630170703489267
Goooood morning sir!!!,neither,0.0464303836048049,0.21195521658110045,0.7416143998140947
Hi HONey,neither,0.03945320844208391,0.33037608806864915,0.630170703489267
ninja10 ninja10,neither,0.03945320844208391,0.33037608806864915,0.630170703489267
SeemsGood,neither,0.03945320844208391,0.33037608806864915,0.630170703489267
"Baseball may be really boring, but those skins are lit",neither,0.0710901603022238,0.252704172418893,0.6762056672788832
!drunk,neither,0.03945320844208391,0.33037608806864915,0.630170703489267
Ninja is completely sober right now. \ MingLee /,neither,0.044482544906504835,0.3416268926575897,0.6138905624359056
Good morning!,neither,0.04970930963283925,0.13564577574880146,0.8146449146183593
How is Jess feeling @ninja ?,neither,0.04547740142720269,0.32830409185806775,0.6262185067147297
i hate the people who clip anything negative in your stream post it everywhereand somehow it gets popular,neither,0.1579964851174406,0.29570762542504986,0.5462958894575095
@ninja Intro lit asf !! Wow Lets gooooo,neither,0.039022310510097455,0.33768955052845046,0.6232881389614521
ninjaHi,neither,0.03945320844208391,0.33037608806864915,0.630170703489267
wagwaan ninja,neither,0.03945320844208391,0.33037608806864915,0.630170703489267
!uptimer,neither,0.03945320844208391,0.33037608806864915,0.630170703489267
ninja have you thought about playing GTA RP?,neither,0.05248345931736175,0.3135918284378075,0.6339247122448308
!uptime,neither,0.03945320844208391,0.33037608806864915,0.630170703489267
SnowStop subscribed at Tier 1. They've subscribed for 6 months! Ayyy new badge :D,neither,0.024281758781178393,0.26608318353104016,0.7096350576877813
Ninja has been streaming for 7 minutes 30 seconds,neither,0.03589154308062909,0.3115756819731111,0.6525327749462598
"when you practice for World Cup, why not try to stay together as a team. it seems everytime you wander off, you get killed",neither,0.045809947437348404,0.4235519789853832,0.5306380735772684
PepeHands,neither,0.03945320844208391,0.33037608806864915,0.630170703489267
PepeHands,neither,0.03945320844208391,0.33037608806864915,0.630170703489267
TableHere TableHere TableHere TableHere TableHere TableHere TableHere TableHere,neither,0.03945320844208391,0.33037608806864915,0.630170703489267
Good morning,neither,0.04970930963283925,0.13564577574880146,0.8146449146183593
@snowstop ayyeee ! ninjaRare,neither,0.03945320844208391,0.33037608806864915,0.630170703489267
ddurnan01 subscribed with Twitch Prime.,neither,0.030186173588972614,0.3621416721941929,0.6076721542168345
That skin is an immediate cop,neither,0.043524061578312255,0.36270314787063573,0.5937727905510521
!uptime,neither,0.03945320844208391,0.33037608806864915,0.630170703489267
I miss your Voices you uses to do playing FN.,neither,0.0802543357654245,0.3565188069383492,0.5632268572962263
Yeet,neither,0.03945320844208391,0.33037608806864915,0.630170703489267
Just get well 4Head,neither,0.032003704841677125,0.37624542771573183,0.591750867442591
@Ninja u cute,neither,0.041556110047227854,0.2946843596934949,0.6637595302592773
@ninja do you have essential oils for Jess? A diffuser,neither,0.046625330113476506,0.344480723684532,0.6088939462019916
Hey your heads on Fire. [fyi] ninjaH,neither,0.058529757909569796,0.33444583791120097,0.6070244041792292
,neither,0.03945320844208391,0.33037608806864915,0.630170703489267
"its just the change of the weather, hope she feels alright in a coupleof days",neither,0.05108890434528535,0.30128735316173366,0.6476237424929808
Thoughts on GTA RP?,neither,0.03676686066319538,0.34326102905571065,0.619972110281094
!charity,neither,0.03945320844208391,0.33037608806864915,0.630170703489267
https://www.designbyhumans.com/4millionaires/ <---- Click to help children fight cancer. All proceeds go directly to St. Jude. Available until April 15th.,neither,0.04588098701192404,0.3555937384847463,0.5985252745033298
dude that intro was the dankest thing iver seen,neither,0.03570579421426889,0.35171366905765494,0.6125805367280761
@Simply_Saucy no u cute,neither,0.04119313853610814,0.3008449335173553,0.6579619279465365
ninjaTilt ninjaTilt ninjaTilt ninjaTilt ninjaTilt ninjaTilt ninjaTilt ninjaTilt ninjaTilt,neither,0.03945320844208391,0.33037608806864915,0.630170703489267
Is this regular solos :(,neither,0.05091102186496875,0.32853714067495937,0.6205518374600718
@ninja do you do anything to warm up before stream?,neither,0.0509865154216258,0.4273445787630017,0.5216689058153724
Any word from epic about reverting the update yet?,neither,0.03847135196712937,0.3254331278452803,0.6360955201875904
no mornin for me. i livi,neither,0.02597737834121405,0.3544787275328925,0.6195438941258935
Go to the dig site outside of desert,neither,0.04408972967630423,0.31935843952490417,0.6365518307987915
GM BRO,neither,0.03945320844208391,0.33037608806864915,0.630170703489267
noahb6724 subscribed with Twitch Prime.,neither,0.030186173588972614,0.3621416721941929,0.6076721542168345
LOL bro im to lit that intro was fire,neither,0.035013012766537226,0.41446580625387747,0.5505211809795854
i live,neither,0.04891340716200846,0.3271222919257548,0.6239643009122369
ninjaK,neither,0.03945320844208391,0.33037608806864915,0.630170703489267
Top D of the Day ninjaCreep ninjaCreep ninjaCreep,neither,0.03895190438005026,0.2905507115843358,0.670497384035614
"BlueBull714 subscribed with Twitch Prime. They've subscribed for 14 months, currently on a 14 month streak! <3",neither,0.022713929557757324,0.3303210719021123,0.6469649985401303
@lseth107 give it a week,neither,0.03757340685068539,0.3310226380353657,0.6314039551139489
that was a micheal bay intro,neither,0.03612721291932522,0.3670772108435613,0.5967955762371134
What is the 4 millionaires ?,neither,0.05389738316185371,0.30642073055413716,0.6396818862840092
"Omg Ninja doing GTA RP , man . SeriousSloth",neither,0.0395404137391072,0.3776402908004461,0.5828192954604468
yeah that intro was awesome @ac7ionmannn,neither,0.024142184599788185,0.44886100549377356,0.5269968099064383
Epic hooked you up with the skins? @Ninja :o,neither,0.03849573984257175,0.4058543143810299,0.5556499457763983
!charity,neither,0.03945320844208391,0.33037608806864915,0.630170703489267
https://www.designbyhumans.com/4millionaires/ <---- Click to help children fight cancer. All proceeds go directly to St. Jude. Available until April 15th.,neither,0.04588098701192404,0.3555937384847463,0.5985252745033298
!uptime,neither,0.03945320844208391,0.33037608806864915,0.630170703489267
Ninja has been streaming for 8 minutes 54 seconds,neither,0.035678679601720456,0.31045049647393935,0.6538708239243401
still pissed i missed intro,neither,0.038762011201128876,0.3421075091287108,0.6191304796701603
@ninja y’all would try essential oils. Help sooo much,neither,0.03731440961017814,0.37704374859432144,0.5856418417955005
It's so strange that ninja has no webcam border anymore!,neither,0.038480786596612374,0.344654917788907,0.6168642956144806
Nice the skins,neither,0.0385533820333277,0.3139149394021224,0.64753167856455
Can you only use a prime sub on the same person for 12 months?,neither,0.023087358432062832,0.39205055523486904,0.584862086333068
Remember me cheer100 cheer100 cheer100 cheer100 cheer100,neither,0.028003735778818553,0.3949669321216834,0.5770293320994981
are they going to bring back the regen?,neither,0.07469407206393307,0.2897493154829455,0.6355566124531215
LMAO what was that coconut thing?!,neither,0.039585104360687844,0.3797129419939061,0.580701953645406
Morning Ninja and chat satHEY,neither,0.045027056816225666,0.18275084176299264,0.7722221014207817
någon som förstår svenska?,neither,0.03945320844208391,0.33037608806864915,0.630170703489267
"@joseimpact aawweee , next time fam GivePLZ",neither,0.03728801355762869,0.3671250959662201,0.5955868904761512
@adssshotta786 let’s hope and pray. This game is terrible right now,neither,0.051649916477834366,0.23237389876877576,0.71597618475339
Morning guys,neither,0.04992865915806777,0.15258035067055087,0.7974909901713814
Hai everyone ninjaH,offensive_language,0.02988896790634741,0.4927062106388782,0.4774048214547744
gws_ subscribed with Twitch Prime.,neither,0.030186173588972614,0.3621416721941929,0.6076721542168345
@aztecangoddess lupoTRIG lupoTRIG lupoTRIG lupoTRIG lupoTRIG lupoTRIG lupoTRIG lupoRAGE,neither,0.03945320844208391,0.33037608806864915,0.630170703489267
ok,neither,0.03935517884257045,0.3320399062092607,0.6286049149481688
ok :),neither,0.03935517884257045,0.3320399062092607,0.6286049149481688
@BarbxLahey Hellooo ninjaHi,neither,0.03945320844208391,0.33037608806864915,0.630170703489267
LULW,neither,0.03945320844208391,0.33037608806864915,0.630170703489267
@aztecangoddess morning!,neither,0.05283876784042269,0.1031882115525248,0.8439730206070525
ninjaS,neither,0.03945320844208391,0.33037608806864915,0.630170703489267
watched any GTA RP yet?,neither,0.03945320844208391,0.33037608806864915,0.630170703489267
ninja10 ninja10 ninja10,neither,0.03945320844208391,0.33037608806864915,0.630170703489267
!res,neither,0.03945320844208391,0.33037608806864915,0.630170703489267
1680x1050,neither,0.03945320844208391,0.33037608806864915,0.630170703489267
I’m gonna honestly switch to apex till they revert the changes,neither,0.042166515067357906,0.34609263665546913,0.611740848277173
morning chat <3,neither,0.048641030132881694,0.17443477567193386,0.7769241941951844
Morning fam ninjaAww,neither,0.04928517811369384,0.16350190334528147,0.7872129185410247
ninjaH ninjaH ninjaH ninjaH ninjaH ninjaH,neither,0.03945320844208391,0.33037608806864915,0.630170703489267
@joseimpact BibleThump,neither,0.03945320844208391,0.33037608806864915,0.630170703489267
He use to do almost anyone's voice haven't seen him do it in a while LUL @onlyonetrino,neither,0.02723457506018053,0.379455133298066,0.5933102916417535
@SnowStop ninjaHi ninjaH,neither,0.03945320844208391,0.33037608806864915,0.630170703489267
how did he get the skin?,neither,0.043505588196953805,0.32104655014105193,0.6354478616619942
Morning chat,neither,0.048641030132881694,0.17443477567193386,0.7769241941951844
ninjacheer100 ninjacheer100 ninjacheer100 ninjacheer100 ninjacheer100,neither,0.03945320844208391,0.33037608806864915,0.630170703489267
ninjaPrime ninjaPrime ninjaPrime ninjaPrime ninjaPrime,neither,0.03945320844208391,0.33037608806864915,0.630170703489267
@lseth107 i mean we have had over 5 seasons without hp per kill ain't that bad,neither,0.11207648324083669,0.4309976515683827,0.45692586519078066
@brummell15 epic gave it to him,neither,0.04416465132192841,0.32935050983146597,0.6264848388466057
ninjaPon ninjaPon ninjaFan ninjaFan,neither,0.03945320844208391,0.33037608806864915,0.630170703489267
ninjaPon,neither,0.03945320844208391,0.33037608806864915,0.630170703489267
Hoodrich_la subscribed with Twitch Prime.,neither,0.030186173588972614,0.3621416721941929,0.6076721542168345
ninjaTooth,neither,0.03945320844208391,0.33037608806864915,0.630170703489267
@xsupremeking he used to do family guy Joes voice man i loved it.,neither,0.04664326925646901,0.3684037186394369,0.5849530121040941
ninjaAdore ninjaCRINJA ninjaTooth ninjaCreep ninjaBlank,neither,0.03945320844208391,0.33037608806864915,0.630170703489267
"Chat if ur ever sick diffuse essential oils, help so much",neither,0.036055807919809536,0.39798209303999654,0.565962099040194
LULW,neither,0.03945320844208391,0.33037608806864915,0.630170703489267
Morning Chat,neither,0.048641030132881694,0.17443477567193386,0.7769241941951844
Prevost19xx subscribed with Twitch Prime.,neither,0.030186173588972614,0.3621416721941929,0.6076721542168345
ninjaTube ninjaTube,neither,0.03945320844208391,0.33037608806864915,0.630170703489267
@fizzor morning,neither,0.05283876784042269,0.1031882115525248,0.8439730206070525
ninjaS ninjaS,neither,0.03945320844208391,0.33037608806864915,0.630170703489267
Morning @fizzor,neither,0.05283876784042269,0.1031882115525248,0.8439730206070525
That skin is freakn' awesome,neither,0.043434682656405516,0.37004856730515734,0.5865167500384372
have fun farming for 90% of the game ninja lol,neither,0.029215580954408057,0.3139667490345331,0.6568176700110588
satHEY,neither,0.03945320844208391,0.33037608806864915,0.630170703489267
ninjaWifey ninjaHi,neither,0.03945320844208391,0.33037608806864915,0.630170703489267
Imagine Ninja doing GTA role play using his dope voices!,neither,0.04903984493303254,0.36540462502623827,0.5855555300407291
suuuuup,neither,0.03945320844208391,0.33037608806864915,0.630170703489267
afternoon,neither,0.03945320844208391,0.33037608806864915,0.630170703489267
!uptime,neither,0.03945320844208391,0.33037608806864915,0.630170703489267
Hai Fizzor GivePLZ,neither,0.03945320844208391,0.33037608806864915,0.630170703489267
Ninja has been streaming for 11 minutes 5 seconds,neither,0.035893923247677505,0.31158826302741743,0.652517813724905
What’s up @ac7ionmannn,neither,0.04549209283961305,0.43877665191533993,0.5157312552450469
good morning Krusty Crew ninjaTooth,neither,0.04716591767778591,0.18570449122611693,0.7671295910960972
"@FizZoR What up, fizzor! ninjaHi",neither,0.04549209283961305,0.43877665191533993,0.5157312552450469
yoo,neither,0.03945320844208391,0.33037608806864915,0.630170703489267
Yes,neither,0.03945320844208391,0.33037608806864915,0.630170703489267
ninjaH,neither,0.03945320844208391,0.33037608806864915,0.630170703489267
woot,neither,0.03945320844208391,0.33037608806864915,0.630170703489267
do the 360,neither,0.04001810451091722,0.3125597899097475,0.6474221055793354
ninjaH ninjaH ninjaH ninjaH ninjaH ninjaH ninjaH ninjaH ninjaH,neither,0.03945320844208391,0.33037608806864915,0.630170703489267
bustareims69 subscribed with Twitch Prime. They've subscribed for 3 months!,neither,0.017135853092050617,0.3228815153557895,0.6599826315521599
HeyGuys,neither,0.03945320844208391,0.33037608806864915,0.630170703489267
oh yeah,neither,0.022533380315967178,0.4254575626619046,0.5520090570221282
"Hold on, someone is at my door brb",neither,0.03349443126152975,0.41758765873549714,0.5489179100029732
@Ninja How do you like having up to 3000 mats now?,neither,0.061377013752179854,0.40020384287929006,0.5384191433685299
rava mode?,neither,0.03945320844208391,0.33037608806864915,0.630170703489267
mrbeast come here,neither,0.13426072272491152,0.30338754888089914,0.5623517283941893
Get Wreckt,neither,0.03779508335914271,0.3585187980877974,0.6036861185530599
Ok dumplingL,neither,0.03935517884257045,0.3320399062092607,0.6286049149481688
ok :),neither,0.03935517884257045,0.3320399062092607,0.6286049149481688
mats,neither,0.03945320844208391,0.33037608806864915,0.630170703489267
you basically have to kill people with as few mats as possible so that when you get to the sweaties you have tons of mats lol,offensive_language,0.15467174068608378,0.4562186685256213,0.38910959078829493
you got a lot of likes and retweets on your twitter video about the update hopefully it makes a difference,neither,0.06620806562744838,0.4050845355086793,0.5287073988638723
I would take care of Jess if I could,neither,0.0259157322472737,0.3672460412026033,0.606838226550123
"when you practice for World Cup, why not try to stay together as a team. it seems everytime you wander off, you get killed",neither,0.045809947437348404,0.4235519789853832,0.5306380735772684
@bbkellerdabz92 You watch Ninja dude?!,neither,0.06353275354239583,0.3742669542766105,0.5622002921809937
What is the Max mat limit now?,neither,0.048063594938464946,0.31517975025900796,0.6367566548025271
Morning,neither,0.05283876784042269,0.1031882115525248,0.8439730206070525
hey bro,neither,0.03945320844208391,0.33037608806864915,0.630170703489267
@Ninja you remember me? Never met before but ya know makes sense,offensive_language,0.02867984277482162,0.5805513782046846,0.3907687790204938
@theeaglesnest_ 999,neither,0.03945320844208391,0.33037608806864915,0.630170703489267
max limit is 9999999 I think,neither,0.04670663901908422,0.32064668479229236,0.6326466761886235
@snowstop what’s good my dude bbkellDAB bbkellHype dumplingL ninjaH,neither,0.030199881239363957,0.4352494208906128,0.5345506978700234
LOL,neither,0.020706217963973744,0.4882283491876925,0.4910654328483337
Mornin chat,neither,0.03945320844208391,0.33037608806864915,0.630170703489267
@ninja you remember me? Kappa,neither,0.04490212240365751,0.39951437784809657,0.555583499748246
Ok,neither,0.03935517884257045,0.3320399062092607,0.6286049149481688
ok :),neither,0.03935517884257045,0.3320399062092607,0.6286049149481688
put Jess on cam we will watch and take care of her ninjaAdore,neither,0.035140757530083375,0.4268128652995766,0.5380463771703399
