text,top_class,hate_speech,offensive_language,neither
stretch me ninjaCreep,neither,0.030417710561350883,0.38017139541472955,0.5894108940239196
Pog no intro D:,neither,0.03848957175417732,0.3467315175537778,0.6147789106920449
nice face @Ninja,neither,0.03945320844208391,0.33037608806864915,0.630170703489267
heeelllllooooooooooo,neither,0.03945320844208391,0.33037608806864915,0.630170703489267
,neither,0.03945320844208391,0.33037608806864915,0.630170703489267
ninjaAdore,neither,0.03945320844208391,0.33037608806864915,0.630170703489267
morning chat,neither,0.048641030132881694,0.17443477567193386,0.7769241941951844
Hey Liz ninjaAdore,neither,0.03945320844208391,0.33037608806864915,0.630170703489267
intro,neither,0.03945320844208391,0.33037608806864915,0.630170703489267
Hey dad,neither,0.03945320844208391,0.33037608806864915,0.630170703489267
forbes article LUL,neither,0.03945320844208391,0.33037608806864915,0.630170703489267
POGGERS,neither,0.03945320844208391,0.33037608806864915,0.630170703489267
no intro Pog,neither,0.03848957175417732,0.3467315175537778,0.6147789106920449
COFFEE IS G8T this morning\,neither,0.0675739474624015,0.06372381732436828,0.8687022352132302
I dont think he meant to hit go live LULW,neither,0.05616163604072294,0.3198751624843852,0.6239632014748919
lul,neither,0.03945320844208391,0.33037608806864915,0.630170703489267
Ninj you're on LULW,neither,0.14733153449781317,0.3918071258171185,0.46086133968506826
ye did mean to go insta live,neither,0.04877717926115837,0.329175009715837,0.6220478110230047
NINJA U LIVE @Ninja,neither,0.04233192668515677,0.32938596485949684,0.6282821084553464
cant hear discord,neither,0.03945320844208391,0.33037608806864915,0.630170703489267
cant hear discord ninja,neither,0.03945320844208391,0.33037608806864915,0.630170703489267
sup,neither,0.03945320844208391,0.33037608806864915,0.630170703489267
We cant hear the boys ninj,neither,0.03844591114414757,0.3171374404266019,0.6444166484292504
Pog,neither,0.03945320844208391,0.33037608806864915,0.630170703489267
!res,neither,0.03945320844208391,0.33037608806864915,0.630170703489267
1444 by 1080,neither,0.042841257694558106,0.4528711557106023,0.5042875865948396
Lit,neither,0.03945320844208391,0.33037608806864915,0.630170703489267
FIRST Kappa,neither,0.03217609621446155,0.3328790206600943,0.6349448831254441
ninja shows you offline,neither,0.05676750509665303,0.37903081047338016,0.5642016844299669
MrDestructoid Clap,neither,0.03945320844208391,0.33037608806864915,0.630170703489267
s t r e t c h i e,neither,0.03945320844208391,0.33037608806864915,0.630170703489267
hi chat Clap,neither,0.03945320844208391,0.33037608806864915,0.630170703489267
wait,neither,0.03945320844208391,0.33037608806864915,0.630170703489267
wait huh,neither,0.03945320844208391,0.33037608806864915,0.630170703489267
holy,neither,0.03945320844208391,0.33037608806864915,0.630170703489267
can you join the squad stream when you get a chance please,neither,0.05119831173470139,0.41300444427014477,0.535797243995154
@joseimpact you are far from first,neither,0.08648786013517303,0.3115048120998535,0.6020073277649736
annytfSmug,neither,0.03945320844208391,0.33037608806864915,0.630170703489267
INTRO ?!?! :(,neither,0.03945320844208391,0.33037608806864915,0.630170703489267
How's the hangover?,neither,0.038462543032062334,0.3122056705835013,0.6493317863844364
morning Ninja and chat satHEY,neither,0.045027056816225666,0.18275084176299264,0.7722221014207817
Hi anniCOZY,neither,0.03945320844208391,0.33037608806864915,0.630170703489267
stretch me out ninjaTooth ninjaTooth,neither,0.027032228339534208,0.39437267986801733,0.5785950917924484
I wanted to game time PepeHands,neither,0.04529330417876388,0.3002567214377268,0.6544499743835093
Intro,neither,0.03945320844208391,0.33037608806864915,0.630170703489267
@allmodzz i amm sypherWAT,neither,0.03945320844208391,0.33037608806864915,0.630170703489267
We hitting up vanilla wow when it comes out dude?,neither,0.02844468640798063,0.4070326086157136,0.5645227049763057
LULW,neither,0.03945320844208391,0.33037608806864915,0.630170703489267
"No 3,2,1 game time PepeHands pepeJAM",neither,0.03603286695661229,0.31951414752173757,0.6444529855216501
LULW,neither,0.03945320844208391,0.33037608806864915,0.630170703489267
Enter the twitch squad,neither,0.03877198473730492,0.3179882446622893,0.6432397706004058
Good morning!,neither,0.04970930963283925,0.13564577574880146,0.8146449146183593
hey man,neither,0.039706915135239045,0.43074372746631245,0.5295493573984484
STILL SALTY LULW,neither,0.038336320084287855,0.3493325983467894,0.6123310815689227
!res,neither,0.03945320844208391,0.33037608806864915,0.630170703489267
1444 by 1080,neither,0.042841257694558106,0.4528711557106023,0.5042875865948396
LULW 0 view LULW R U EVEN A STREAMER Kappa,neither,0.038651261009686425,0.3439872289124568,0.6173615100778568
jmakin2 subscribed with Twitch Prime.,neither,0.030186173588972614,0.3621416721941929,0.6076721542168345
Hi,neither,0.03945320844208391,0.33037608806864915,0.630170703489267
ninjaBlast2 ninjaBlast3 ninjaBlast3 ninjaBlast3,neither,0.03945320844208391,0.33037608806864915,0.630170703489267
ninjaPon,neither,0.03945320844208391,0.33037608806864915,0.630170703489267
ninjaPon,neither,0.03945320844208391,0.33037608806864915,0.630170703489267
hey nin,neither,0.03945320844208391,0.33037608806864915,0.630170703489267
Yooo,neither,0.03945320844208391,0.33037608806864915,0.630170703489267
ninjaCreep,neither,0.03945320844208391,0.33037608806864915,0.630170703489267
YES,neither,0.03945320844208391,0.33037608806864915,0.630170703489267
ok its 1000 nvm my joke is dead,neither,0.0325381305150232,0.386715177460289,0.5807466920246879
play uno right now and put 10k on the line,neither,0.036151268657544255,0.31536595953490326,0.6484827718075525
!res,neither,0.03945320844208391,0.33037608806864915,0.630170703489267
Salty,neither,0.03945320844208391,0.33037608806864915,0.630170703489267
ok :),neither,0.03935517884257045,0.3320399062092607,0.6286049149481688
Epic has been pretty quiet about these changes and the response to them.,neither,0.0547025976719199,0.3390938821064826,0.6062035202215975
its gotta be once a monthj,neither,0.03130416091470819,0.37126166465112537,0.5974341744341666
B OMEGALUL T,neither,0.03945320844208391,0.33037608806864915,0.630170703489267
squad stream PogU,neither,0.03945320844208391,0.33037608806864915,0.630170703489267
bot,neither,0.03945320844208391,0.33037608806864915,0.630170703489267
imnotabot33 is the residential bot of this channel DansGame,neither,0.045200919250266695,0.31623938733717766,0.6385596934125557
i'll get a beer instead of coffee :),neither,0.0473015092649341,0.1971699406718977,0.7555285500631682
My first ever twitch sub lets go,neither,0.027801079567643,0.40254801491579667,0.5696509055165602
HI DAD,neither,0.03945320844208391,0.33037608806864915,0.630170703489267
hello everyone,neither,0.03269494828970791,0.4450814005079928,0.5222236512022994
cheer100 cheer100 cheer100 cheer100 cheer100 cheer100,neither,0.03945320844208391,0.33037608806864915,0.630170703489267
JeBaited,neither,0.03945320844208391,0.33037608806864915,0.630170703489267
ninjaCreep,neither,0.03945320844208391,0.33037608806864915,0.630170703489267
He’s addicted ninjaS,neither,0.04674238746439987,0.3278690051531787,0.6253886073824214
@jmakin2 LETS GOOOOOOO,neither,0.0381375099945381,0.3527069244228318,0.6091555655826302
R OMEGALUL LLED,neither,0.03945320844208391,0.33037608806864915,0.630170703489267
ninjaBlast1 ninjaBlast2 ninjaBlast3 ninjaBlast3 ninjaBlast3 ninjaBlast3 ninjaBlast3 ninjaBlast3 ninjaBlast3 ninjaBlast3,neither,0.03945320844208391,0.33037608806864915,0.630170703489267
should i buy or build a gaming rig chat,neither,0.04670471935341089,0.3515877541713308,0.6017075264752583
wagwaan ninja,neither,0.03945320844208391,0.33037608806864915,0.630170703489267
diegoorodd subscribed with Twitch Prime. They've subscribed for 4 months!,neither,0.017135853092050617,0.3228815153557895,0.6599826315521599
is this the money pit stream?,neither,0.04528009683688474,0.3160633084011511,0.6386565947619642
ninjaPon ninjaBlast2 ninjaBlast3 ninjaBlast3 ninjaBlast3,neither,0.03945320844208391,0.33037608806864915,0.630170703489267
ninjaPon,neither,0.03945320844208391,0.33037608806864915,0.630170703489267
Good morning @ninja and chat ninjaH ninjaH ninjaBlast1 ninjaBlast2 ninjaBlast3,neither,0.044205608020036015,0.1896126308936303,0.7661817610863337
MaN ?,offensive_language,0.040018442559345856,0.5018538837344726,0.4581276737061815
skkirr skkirr,neither,0.03945320844208391,0.33037608806864915,0.630170703489267
!res,neither,0.03945320844208391,0.33037608806864915,0.630170703489267
1444 by 1080,neither,0.042841257694558106,0.4528711557106023,0.5042875865948396
ninjaPon,neither,0.03945320844208391,0.33037608806864915,0.630170703489267
unoooooo,neither,0.03945320844208391,0.33037608806864915,0.630170703489267
@AntonioBassil Thanks man,neither,0.036093915448851564,0.39026333765636056,0.5736427468947878
ninjaPog,neither,0.03945320844208391,0.33037608806864915,0.630170703489267
hi dad,neither,0.03945320844208391,0.33037608806864915,0.630170703489267
PepegaPhone GREEN,neither,0.04133473293169446,0.28611716085498706,0.6725481062133184
Yeet,neither,0.03945320844208391,0.33037608806864915,0.630170703489267
Good morning lovelies ninjaAdore,neither,0.04970930963283925,0.13564577574880146,0.8146449146183593
back with the goat for 4 months,neither,0.025392920551429308,0.32370776924403405,0.6508993102045367
How you feeling ninj LUL,neither,0.054844058873929916,0.3739162993093118,0.5712396418167583
build one its easy af,neither,0.033812013684905766,0.35839044277723603,0.6077975435378582
Hello,neither,0.03945320844208391,0.33037608806864915,0.630170703489267
Hello,neither,0.03945320844208391,0.33037608806864915,0.630170703489267
Goodmorning papi,neither,0.03945320844208391,0.33037608806864915,0.630170703489267
dont let him out,neither,0.019300371780713206,0.39000698844053255,0.5906926397787543
!game,neither,0.03826383497213389,0.24674689817812728,0.7149892668497387
@jackowacko99999 -> ninja is playing Fortnite,neither,0.04826330969606926,0.3273458902549023,0.6243908000490286
morning satHEY,neither,0.05283876784042269,0.1031882115525248,0.8439730206070525
PogU NinjasHyper,neither,0.03945320844208391,0.33037608806864915,0.630170703489267
Let him out lmao,neither,0.01845562007989886,0.4101745812200711,0.5713697987000299
UNO :),neither,0.03945320844208391,0.33037608806864915,0.630170703489267
dude you were on fire last,neither,0.05204564118621227,0.36612889663973,0.5818254621740577
I was waiting for the stream,neither,0.033464609587508014,0.2931293559590316,0.6734060344534605
ninjaTroll,neither,0.03945320844208391,0.33037608806864915,0.630170703489267
iridiumO,neither,0.03945320844208391,0.33037608806864915,0.630170703489267
we want ninjashyper,neither,0.03960469582668219,0.32780495180144653,0.6325903523718713
let him out ninjaCreep,neither,0.016848196667348207,0.4001783876660883,0.5829734156665635
ninjaTilt ninjaTilt ninjaTilt ninjaTilt ninjaTilt ninjaTilt ninjaTilt ninjaTilt,neither,0.03945320844208391,0.33037608806864915,0.630170703489267
Hows it going everyone,neither,0.03167410662193659,0.44398915695379787,0.5243367364242655
i love you ninja,neither,0.055614303534325615,0.40605032358192344,0.538335372883751
Lmao ninjaHype ninjaHype ninjaHype ninjaHype ninjaHype,neither,0.03705015143476208,0.3711622369619404,0.5917876116032975
Good Morning,neither,0.04970930963283925,0.13564577574880146,0.8146449146183593
lol,neither,0.020706217963973744,0.4882283491876925,0.4910654328483337
Good morning let’s get these DUBS,neither,0.03865654357599352,0.2963866394120752,0.6649568170119312
tim you would eat all the food,neither,0.05435048939665234,0.41722567053474036,0.5284238400686073
Hi ninja gm,neither,0.03945320844208391,0.33037608806864915,0.630170703489267
when you went in the the frisbee RP voice i lost it,neither,0.039489342033236806,0.37250676188099363,0.5880038960857695
go listen to the new vybz kartel any weather,neither,0.049118218645146636,0.23912399601706924,0.711757785337784
you need to exercise yer demons!,neither,0.05646426863431638,0.35820858116093335,0.5853271502047502
Yo Ben has an all time high viewer count lol,offensive_language,0.03279713710198901,0.5308971957228227,0.43630566717518826
how is everyone doing this morning :) ninjaAww,neither,0.04929037892412846,0.30081906504072686,0.6498905560351447
LUL,neither,0.03945320844208391,0.33037608806864915,0.630170703489267
look at his toes?,neither,0.0707605125280067,0.35684928548251943,0.572390201989474
ALVACADO TOSST LMMMMAAAOOOOOO,neither,0.03945320844208391,0.33037608806864915,0.630170703489267
,neither,0.03945320844208391,0.33037608806864915,0.630170703489267
1080x1080?,neither,0.03945320844208391,0.33037608806864915,0.630170703489267
Wassup,neither,0.33529425248498695,0.08556156890646638,0.5791441786085466
tf is he saying,neither,0.04442427750598998,0.32866630946620473,0.6269094130278053
no me :),neither,0.023233758956060772,0.4454448210683549,0.5313214199755844
ninjaCreep ninjaCRINJA,neither,0.03945320844208391,0.33037608806864915,0.630170703489267
"Tobythe1 subscribed at Tier 1. They've subscribed for 7 months, currently on a 7 month streak! Much Love!",neither,0.020884880469430794,0.3311465121872338,0.6479686073433354
@Texa Tim has a toe fetish,neither,0.03975206325286507,0.32530374198078765,0.6349441947663472
I'm doing pretty good today how about you ninjaAww,neither,0.050212205800504686,0.3743866153116534,0.5754011788878419
gg i was the toast,neither,0.03831757763723503,0.314281145777586,0.647401276585179
Look at my toast lol,neither,0.023993881510699346,0.48190491921858025,0.4941011992707203
Would you play with OP,neither,0.0409200112932577,0.40870624707312125,0.550373741633621
kwe88 subscribed with Twitch Prime. They've subscribed for 17 months! <3,neither,0.018395409525177608,0.3232343455971076,0.6583702448777148
Would ya just look at it? ninjaTooth,offensive_language,0.021386589116148984,0.6119509347421419,0.3666624761417092
Oh my god stretched res,neither,0.030266422441093326,0.38268872444249025,0.5870448531164164
i thought you were an UNO streamer now :(,neither,0.05757486018294819,0.2563938212394238,0.686031318577628
Stretched res 4Head,neither,0.03945320844208391,0.33037608806864915,0.630170703489267
I have fun when you have fun! Last night was great. ninjacheer100 ninjacheer100 ninjacheer100 ninjacheer100 ninjacheer100,neither,0.03472899027963901,0.3820351902164626,0.5832358195038984
!res,neither,0.03945320844208391,0.33037608806864915,0.630170703489267
1444 by 1080,neither,0.042841257694558106,0.4528711557106023,0.5042875865948396
it was sooo great,neither,0.03591772056525422,0.30654533789735294,0.657536941537393
ninjaHi ninjaHi ninjaHi,neither,0.03945320844208391,0.33037608806864915,0.630170703489267
!res,neither,0.03945320844208391,0.33037608806864915,0.630170703489267
I missed it cos time zones PepeHands,neither,0.03760947601183522,0.3448529389799059,0.617537585008259
ninjaStars ninjaStars ninjaStars ninjaStars,neither,0.03945320844208391,0.33037608806864915,0.630170703489267
Full time uno streamer my ass WeirdChamp,offensive_language,0.10554645778006154,0.8886580954664354,0.005795446753503135
Real friends look at eachother a toast,neither,0.03493898069954054,0.43571564774866267,0.5293453715517967
I was dying,neither,0.0392839681270523,0.33324853789676195,0.6274674939761858
@Ninja good morning,neither,0.0468013847741319,0.19273113716557552,0.7604674780602926
He is officially a sweat now,neither,0.052363596192593086,0.3259356137076399,0.621700790099767
it was crazy!!,neither,0.02364021462580049,0.4783339012290358,0.4980258841451638
Looking forward to this stretched res gameplay,neither,0.04669064964927085,0.32779555933662563,0.6255137910141034
PepegaPhone WOULD YOU JUST LOOK AT IT PepegaPhone,neither,0.05152559617196183,0.44225698825845955,0.5062174155695786
LULW,neither,0.03945320844208391,0.33037608806864915,0.630170703489267
@ninja gm,neither,0.03945320844208391,0.33037608806864915,0.630170703489267
Tim was having a great time Keepo,neither,0.03676768930624686,0.3267260419647574,0.6365062687289956
phil_laws1 subscribed with Twitch Prime.,neither,0.030186173588972614,0.3621416721941929,0.6076721542168345
ninj,neither,0.03945320844208391,0.33037608806864915,0.630170703489267
Last night was a great time,neither,0.029653019697463097,0.326569669813354,0.6437773104891829
last night was amazing,neither,0.03192749086897433,0.3321948465530443,0.6358776625779813
the wipz tweet has almost 10K retweets,neither,0.03908765047911583,0.31380000800120134,0.6471123415196828
At least Tim had fun LUL,neither,0.03890560009184677,0.3470657534120614,0.6140286464960919
No bad articles Keepo Keepo Keepo Keepo,neither,0.03169126898900053,0.36059464014653436,0.6077140908644653
Hello @ninja and chat,neither,0.03879708151985999,0.2977715399282183,0.6634313785519218
"Uno, man... Uno",neither,0.039518422199240476,0.3683759691274489,0.5921056086733106
jamgib45 subscribed with Twitch Prime. They've subscribed for 8 months! thanks again for all the great streams,neither,0.018703724299075953,0.331413486517691,0.6498827891832331
Uno streams once a month PogU,neither,0.03945320844208391,0.33037608806864915,0.630170703489267
wait so she wasn't mad,neither,0.04103429323288741,0.4708200750301186,0.488145631736994
!uptime,neither,0.03945320844208391,0.33037608806864915,0.630170703489267
Ninja has been streaming for 6 minutes 10 seconds,neither,0.035850120125353144,0.3113567276014471,0.6527931522731997
hi,neither,0.03945320844208391,0.33037608806864915,0.630170703489267
At least Jess doesn’t give a fuck about losing thousands 4Head 4Head 4Head 4Head 4Head,offensive_language,0.12104050224497881,0.845600005151007,0.033359492604014225
@maddened & chat ? :(,neither,0.03945320844208391,0.33037608806864915,0.630170703489267
WeeHammers subscribed with Twitch Prime.,neither,0.030186173588972614,0.3621416721941929,0.6076721542168345
!res,neither,0.03945320844208391,0.33037608806864915,0.630170703489267
1444 by 1080,neither,0.042841257694558106,0.4528711557106023,0.5042875865948396
What?,neither,0.057770773616808734,0.3180719994247239,0.6241572269584672
Just watched that clip so funny,neither,0.03215777943372295,0.42846860282435084,0.5393736177419262
love this squad stream thing lol,neither,0.031354851714636416,0.38489582688232626,0.5837493214030374
Well im quitting then,neither,0.038650881682441754,0.3608342774208566,0.6005148408967016
Bubbajf10 subscribed with Twitch Prime. They've subscribed for 12 months! Whole year rocking with the GOAT. Keep it up Ty first year of many with ya,neither,0.014676045677737733,0.4483813971553324,0.53694255716693
kill feed....,hate_speech,0.5536810978735841,0.13499257376714238,0.3113263283592735
ONE MORE GAME. 100 3 Tier RIGHT NOW,neither,0.038949497153164245,0.3283340719476309,0.6327164308992047
Morning Ninja! Hope you have a great day! cheer100 cheer100 cheer100 cheer100 cheer100,neither,0.09495006189373661,0.1488465389668344,0.756203399139429
true,neither,0.03945320844208391,0.33037608806864915,0.630170703489267
hi,neither,0.03945320844208391,0.33037608806864915,0.630170703489267
Morning,neither,0.05283876784042269,0.1031882115525248,0.8439730206070525
!uptime,neither,0.03945320844208391,0.33037608806864915,0.630170703489267
Ninja has been streaming for 6 minutes 43 seconds,neither,0.0360345779618468,0.3123317160148309,0.6516337060233222
man I dont wanna just play arena,neither,0.03586170120965035,0.3979099628180811,0.5662283359722686
1600 looked so muh better on stream,neither,0.03736337369989219,0.37250638605089464,0.5901302402492132
squad mode ninjaHype ninjaHype ninjaHype ninjaHype,neither,0.03945320844208391,0.33037608806864915,0.630170703489267
act like you been there dawg Kappa,neither,0.06008096353668994,0.36637954387271693,0.5735394925905931
!stretch,neither,0.03945320844208391,0.33037608806864915,0.630170703489267
NotLikeThis,neither,0.03945320844208391,0.33037608806864915,0.630170703489267
!res,neither,0.03945320844208391,0.33037608806864915,0.630170703489267
1444 by 1080,neither,0.042841257694558106,0.4528711557106023,0.5042875865948396
Things became sweaty for all those subs from each and everyone of y’all in UNO tatRip tatToxic ninjaBlast1 ninjaToxic,neither,0.045044095184685155,0.3675723427981467,0.587383562017168
ninjaHi ninjaHi ninjaHi ninjaHi,neither,0.03945320844208391,0.33037608806864915,0.630170703489267
Hi every1,neither,0.03945320844208391,0.33037608806864915,0.630170703489267
There is a petition to bring back Siphon LUL,neither,0.050204717883911995,0.2962007320589039,0.653594550057184
!res,neither,0.03945320844208391,0.33037608806864915,0.630170703489267
Dude squad stream is the way to go ninja10 ninja10,neither,0.05154207920686343,0.316381293958809,0.6320766268343275
Hey,neither,0.03945320844208391,0.33037608806864915,0.630170703489267
pepeJAM Happy Friday’s KKomrades,neither,0.03945320844208391,0.33037608806864915,0.630170703489267
skate 4 EA,neither,0.03945320844208391,0.33037608806864915,0.630170703489267
@ninja debating on which of y’all three deserve a $250 dono. Struggle is real,neither,0.04333910202768885,0.4333925126747237,0.5232683852975875
I like the revert. But i'd like to have 40% farming increase back,neither,0.05885779946348383,0.3519392798700213,0.5892029206664947
KKomrade,neither,0.03945320844208391,0.33037608806864915,0.630170703489267
ninjaAmazing ninjaAmazing ninjaAmazing,neither,0.03945320844208391,0.33037608806864915,0.630170703489267
"Is Ninja in the $100,000 Code Red ROBLOX tournament today?",neither,0.04246522124926863,0.3068399768679637,0.6506948018827677
KKomrade,neither,0.03945320844208391,0.33037608806864915,0.630170703489267
KKomrade,neither,0.03945320844208391,0.33037608806864915,0.630170703489267
!uptime,neither,0.03945320844208391,0.33037608806864915,0.630170703489267
Ninja has been streaming for 7 minutes 28 seconds,neither,0.036009324457300686,0.31219823727366697,0.6517924382690324
Health on kill is bad,hate_speech,0.4069742244897976,0.1902905143401151,0.4027352611700874
complaining day 2 Kapp,neither,0.04009038926018939,0.3115468425759213,0.6483627681638892
hello twitch chat <3,neither,0.03945320844208391,0.33037608806864915,0.630170703489267
ninjaHi ninjaHi ninjaHi,neither,0.03945320844208391,0.33037608806864915,0.630170703489267
@rizzo517 marcel!!!!,neither,0.03945320844208391,0.33037608806864915,0.630170703489267
KKomrade,neither,0.03945320844208391,0.33037608806864915,0.630170703489267
eceryome just a puzzy shut up health per kill sucks,neither,0.21445368352074895,0.2809820437409281,0.504564272738323
well then they killed their game,neither,0.03882348821347766,0.2921336352250064,0.6690428765615158
@rizzo517 ninja lost the most money last night ninjaCRY,neither,0.03319017872205605,0.31804286491475825,0.6487669563631858
ninjaCry,neither,0.03945320844208391,0.33037608806864915,0.630170703489267
I love Complaining BabyRage BabyRage BabyRage BabyRage,neither,0.035733287235145336,0.34783628867904354,0.6164304240858111
simple as that - killed their game,neither,0.03419927645691716,0.35814903198182224,0.6076516915612606
Farming needs tweaking,neither,0.03945320844208391,0.33037608806864915,0.630170703489267
Sword had more hate for sure,neither,0.14739542879169304,0.3307485354717427,0.5218560357365642
Oh my god he’s awake,neither,0.037434250426753815,0.36305114428700996,0.5995146052862362
hey ninja,neither,0.03945320844208391,0.33037608806864915,0.630170703489267
"Oh gawwwddd, who let Texa back in here PepeHands",neither,0.06883297502862223,0.34208141542930554,0.5890856095420722
i subscribed with twitch prime when ninja was offline and it was the best decision iuve ever made you guys just seem so nice and help me through my depression and anxiety,neither,0.026949724452966166,0.3920604868166978,0.5809897887303361
ninjaCreep,neither,0.03945320844208391,0.33037608806864915,0.630170703489267
@rizzo517 he lost a lot his wife is mad,neither,0.08009917725477489,0.3257217091618963,0.5941791135833288
Ninja going broke OMEGALUL,neither,0.03782031997533355,0.35809046684871904,0.6040892131759474
Ugh the complaining,neither,0.038504389280833835,0.3129943423588116,0.6485012683603545
fortnie insider tweeted said No Revert.,neither,0.03846236049237955,0.3471933636822202,0.6143442758254003
"oh no, he cant afford it Kappa @Maddened",neither,0.04556220844823308,0.3035051701494117,0.6509326214023551
then show us the data,neither,0.09506329072144303,0.2433539235997843,0.6615827856787726
OMG,neither,0.03945320844208391,0.33037608806864915,0.630170703489267
@joseimpact I agree. It helps good players ONLY.,neither,0.037947974293297666,0.33089380711583555,0.6311582185908667
ninjaBlast1 ninjaBlast2 ninjaBlast3 ninjaBlast3 ninjaBlast3 ninjaFire ninjaPog,neither,0.03945320844208391,0.33037608806864915,0.630170703489267
ninjaCreep,neither,0.03945320844208391,0.33037608806864915,0.630170703489267
is there some casual subreddit I dont know about?,neither,0.037176407742348774,0.32685819793891163,0.6359653943187396
HES ONE OF US,neither,0.08428816843895817,0.35525743084562195,0.5604544007154199
@Maddened i thought Marcel did,neither,0.04387795978828526,0.18820307935709968,0.7679189608546151
Traps are fixed,neither,0.06205187146465122,0.2902902843564195,0.6476578441789294
that was complaining so much about that?,neither,0.028651940532235867,0.4633876072681204,0.5079604521996437
yoooo whats good my dude! ninjaFan,neither,0.029983324998694973,0.3993920440621669,0.5706246309391382
HI DAD,neither,0.03945320844208391,0.33037608806864915,0.630170703489267
Can you ge pt the twitch pack 2 bundle on fortnite know because I got twitch prime yesterday,neither,0.04323813452751935,0.3623872180336904,0.5943746474387903
!res,neither,0.03945320844208391,0.33037608806864915,0.630170703489267
1444 by 1080,neither,0.042841257694558106,0.4528711557106023,0.5042875865948396
wait what happened to fear?,neither,0.051067610128026714,0.32309537095643603,0.6258370189155372
yoo,neither,0.03945320844208391,0.33037608806864915,0.630170703489267
LULW,neither,0.03945320844208391,0.33037608806864915,0.630170703489267
LOL,neither,0.020706217963973744,0.4882283491876925,0.4910654328483337
I feel like the sword was supposed to be a fun thing like thanos... but they released it b4 the tourney :|,neither,0.05096648580258511,0.33497031325896914,0.6140632009384457
"Sword, redeploy, this...all controversial changes. The first two were eventually reverted. ninjaShrug",neither,0.035858702885549376,0.3441472220816349,0.6199940750328158
I game end kids now more than before because I’m mad lul,neither,0.03759305870434445,0.34258195836169225,0.6198249829339633
"@ALLMODZZ oh maybe you are right, but of these three he said",neither,0.10285859604669914,0.3713302717517116,0.5258111322015891
@mgnurse25 it does. like JUST SPAWN MORE SHIELD 4Head,neither,0.03112895502420865,0.46269992455221526,0.5061711204235761
Twitzh HAHAHAHA hes on stretched now,neither,0.03668555873451947,0.34366127562721877,0.6196531656382618
"Guarantee your PC gaming performance with BLD by NZXT. The simplest way to get a customized gaming PC. Choose the games you want to play, set a budget, and BLD takes care of the rest. Built and shipped within 48 hours with a 2-year warranty. https://nzxt.co/Ninja ninja10 ninja10",neither,0.046024978110057846,0.33494880951390904,0.6190262123760332
@allmodzz I think ninja marcel lost 2409,neither,0.03998346487864168,0.3213762524812388,0.6386402826401196
Imagine Epic listening to us 4Head 4Head 4Head 4Head 4Head 4Head 4Head,neither,0.0767764683699453,0.3211171207385368,0.6021064108915178
you guys never fail to make me laugh and i love you all,offensive_language,0.057374530648189793,0.4923313538361196,0.4502941155156906
@chat good morning,neither,0.04710811743625922,0.18682059753836155,0.7660712850253792
"Please Fortnite, revert the patch",neither,0.0385255610986427,0.3133925324250444,0.6480819064763129
@Yssom07 morning ninjaHi,neither,0.05283876784042269,0.1031882115525248,0.8439730206070525
he's been on stretched for a week @Banter____ Jebaited,neither,0.03491547937446823,0.3169295098738323,0.6481550107516995
F this Play UNO,neither,0.039355822199511545,0.33202898676294235,0.628615191037546
!res,neither,0.03945320844208391,0.33037608806864915,0.630170703489267
@chat i wasn't able to watch the stream last night where can i watch it?,neither,0.04420098949374933,0.29935600025873865,0.6564430102475121
im in skool,neither,0.038549002187976564,0.36468872448494144,0.596762273327082
Monopoly stream soon? Pog,neither,0.03945320844208391,0.33037608806864915,0.630170703489267
this is cool I've never seen four ppl on this squad mode in twitch,neither,0.02727332166055407,0.3474913513961226,0.6252353269433233
Twitzh yeh but the shit stretched,offensive_language,0.035844017654217096,0.9641549071597595,1.0751860234974215e-06
@joseimpact Exactly. I do miss the extra mats on farming though,neither,0.03346240799079953,0.3296460519237116,0.636891540085489
!uptime,neither,0.03945320844208391,0.33037608806864915,0.630170703489267
Ninja has been streaming for 8 minutes 53 seconds,neither,0.036078828691740394,0.31256560255387583,0.6513555687543837
!liz,neither,0.03945320844208391,0.33037608806864915,0.630170703489267
"Always here, you can't escape ninjaCreep",neither,0.11148177677879073,0.3820220412211467,0.5064961820000626
Anyone know if the squad mode is posted?,neither,0.032241416923928165,0.32806582881570706,0.6396927542603649
morning chat <3,neither,0.048641030132881694,0.17443477567193386,0.7769241941951844
lks_01 subscribed with Twitch Prime.,neither,0.030186173588972614,0.3621416721941929,0.6076721542168345
Goog morning,neither,0.05283876784042269,0.1031882115525248,0.8439730206070525
once a month friends game night,neither,0.03257165931353182,0.2945957630013838,0.6728325776850843
LULW TRUE,neither,0.03945320844208391,0.33037608806864915,0.630170703489267
was yesterday too Jebaited @Banter____,neither,0.038983115936026866,0.3383547847401156,0.6226620993238575
true,neither,0.03945320844208391,0.33037608806864915,0.630170703489267
TRUE,neither,0.03945320844208391,0.33037608806864915,0.630170703489267
he saw me and was like yeh this guys fucking nuts,offensive_language,0.11412841014625648,0.8785877957273244,0.007283794126419146
TRUE LULW,neither,0.03945320844208391,0.33037608806864915,0.630170703489267
!ress,neither,0.03945320844208391,0.33037608806864915,0.630170703489267
HYPERDANSGAME,neither,0.03945320844208391,0.33037608806864915,0.630170703489267
Lol,neither,0.020706217963973744,0.4882283491876925,0.4910654328483337
LULW TRUE,neither,0.03945320844208391,0.33037608806864915,0.630170703489267
then went stretched cause of me,neither,0.029664364375433624,0.40740290064644114,0.5629327349781252
LULW,neither,0.03945320844208391,0.33037608806864915,0.630170703489267
ninjaFan,neither,0.03945320844208391,0.33037608806864915,0.630170703489267
!uptime,neither,0.03945320844208391,0.33037608806864915,0.630170703489267
he probably wouldnt ever launch the game again if he saw how horrible you're at it. @Banter____,neither,0.04692262778574372,0.3742131990619617,0.5788641731522945
GGX PLEBS PM ME PepeLaugh,neither,0.030325445488163925,0.3807245649292646,0.5889499895825716
!res,neither,0.03945320844208391,0.33037608806864915,0.630170703489267
1444 by 1080,neither,0.042841257694558106,0.4528711557106023,0.5042875865948396
HAHAHAHAHHAA,neither,0.03945320844208391,0.33037608806864915,0.630170703489267
Hi peeps,neither,0.03945320844208391,0.33037608806864915,0.630170703489267
Don't Push It might be a surprise,neither,0.038617867660917,0.3340590387782913,0.6273230935607917
Yup,neither,0.03945320844208391,0.33037608806864915,0.630170703489267
pewdul subscribed with Twitch Prime.,neither,0.030186173588972614,0.3621416721941929,0.6076721542168345
gachiBASS,neither,0.03945320844208391,0.33037608806864915,0.630170703489267
ninjashyper is slowly creeping out them butt cheeks,neither,0.05535749813519643,0.3614291785257258,0.5832133233390778
Go back to 1600 res,neither,0.05439715950130249,0.3302058261996958,0.6153970142990017
Just happened,neither,0.03337354562032286,0.3595088817351846,0.6071175726444926
...,neither,0.03945320844208391,0.33037608806864915,0.630170703489267
wtf do you mean watch this im gunna 1v3 them next game TriHard,offensive_language,0.0699268103225383,0.5198797480246649,0.41019344165279664
XQC PLEBS PM ME PepeLaugh,neither,0.030325445488163925,0.3807245649292646,0.5889499895825716
Bereeza subscribed with Twitch Prime. They've subscribed for 10 months! Pog,neither,0.01797585316727558,0.3231136230633543,0.6589105237693702
!res,neither,0.03945320844208391,0.33037608806864915,0.630170703489267
!uptime,neither,0.03945320844208391,0.33037608806864915,0.630170703489267
Ninja has been streaming for 9 minutes 54 seconds,neither,0.035678679601720456,0.31045049647393935,0.6538708239243401
Welcom pewdul,neither,0.03945320844208391,0.33037608806864915,0.630170703489267
NotLikeThis,neither,0.03945320844208391,0.33037608806864915,0.630170703489267
yoyo,neither,0.03945320844208391,0.33037608806864915,0.630170703489267
TRUE,neither,0.03945320844208391,0.33037608806864915,0.630170703489267
Ayyyyy,neither,0.03945320844208391,0.33037608806864915,0.630170703489267
Night night @ninja keep ya butthole tight!,neither,0.02388872654381883,0.47866580118860325,0.49744547226757796
i fart in little chops to prevent sharts,neither,0.04394378970898223,0.33118157339973664,0.6248746368912811
Even on NA ping Kappa,neither,0.03685258872511748,0.35069907109237397,0.6124483401825085
!res,neither,0.03945320844208391,0.33037608806864915,0.630170703489267
1444 by 1080,neither,0.042841257694558106,0.4528711557106023,0.5042875865948396
ninjaFan ninjaFan ninjaFan ninjaFan ninjaFan ninjaFan ninjaFan ninjaFan,neither,0.03945320844208391,0.33037608806864915,0.630170703489267
"why they playing on this gash res, looks awful to watch",neither,0.03664135883704148,0.3494270321897129,0.6139316089732455
go away DansGame @Banter____,neither,0.04372846614377996,0.2986511018517511,0.657620432004469
Cuh TriHard,neither,0.03945320844208391,0.33037608806864915,0.630170703489267
ninjaRed ninjaLlama ninjaBlood ninjaNavi ninjaNavi ninjaPon ninjaAmazing ninjaFood ninjaFood,neither,0.03945320844208391,0.33037608806864915,0.630170703489267
LUL,neither,0.03945320844208391,0.33037608806864915,0.630170703489267
Poor marcel,neither,0.03945320844208391,0.33037608806864915,0.630170703489267
Haha,neither,0.03186685585600258,0.45913629025701075,0.5089968538869867
?????,neither,0.03945320844208391,0.33037608806864915,0.630170703489267
Never trust a fart,neither,0.03539619988340728,0.3717125621520883,0.5928912379645045
hahaha last night was great.,neither,0.03108198354508258,0.3090791205159647,0.6598388959389526
ninjaRed ninjaBull,neither,0.03945320844208391,0.33037608806864915,0.630170703489267
Nephew TriHard TriHard,neither,0.03945320844208391,0.33037608806864915,0.630170703489267
Uno was AMAZING you should do it again soon,neither,0.05947212395679136,0.41703265682108676,0.5234952192221219
WeirdChamp,neither,0.03945320844208391,0.33037608806864915,0.630170703489267
how do I get to the multi stream?,neither,0.04474593120417203,0.32108161908236404,0.6341724497134639
@banter____ I like you Cuh TriHard,neither,0.09471166353260793,0.4347533406257619,0.47053499584163017
Uno has 51 views RIP,neither,0.03975689775721351,0.3252216878249439,0.6350214144178427
♿ ♿ X GANG TriHard 7 ♿ ♿ X GANG TriHard 7 ♿ ♿ X GANG TriHard 7 ♿ ♿ X GANG TriHard 7 ♿ ♿ X GANG TriHard 7,neither,0.03945320844208391,0.33037608806864915,0.630170703489267
confirmed woman fart,neither,0.03763688058149742,0.36120391210078734,0.6011592073177153
ninjaTroll,neither,0.03945320844208391,0.33037608806864915,0.630170703489267
Hellrite i like you too TriHard,offensive_language,0.12756428945733228,0.48847033843636967,0.3839653721062981
darthweenwon subscribed with Twitch Prime. They've subscribed for 6 months!,neither,0.017135853092050617,0.3228815153557895,0.6599826315521599
,neither,0.03945320844208391,0.33037608806864915,0.630170703489267
@ninja is Jess mad bro?,neither,0.04556529501260172,0.32827386122363567,0.6261608437637626
ninjaTroll ninjaTroll ninjaTroll ninjaTroll ninjaTroll ninjaTroll ninjaTroll ninjaTroll ninjaTroll ninjaTroll ninjaTroll ninjaTroll ninjaTroll ninjaTroll ninjaTroll ninjaTroll ninjaTroll ninjaTroll ninjaTroll ninjaTroll ninjaTroll ninjaTroll ninjaTroll ninjaTroll,neither,0.03945320844208391,0.33037608806864915,0.630170703489267
"what the world needs now, is farts sweet farts",neither,0.04600620314487684,0.3185332899028489,0.6354605069522743
@ninja brother you're alive!!!!!! ninjaHype ninjaHype tppowerHeresTommy,neither,0.07272562864236176,0.3429400136277819,0.5843343577298564
ninjaCRINJA ninjaCRINJA ninjaCRINJA,neither,0.03945320844208391,0.33037608806864915,0.630170703489267
Farts BabyRage BabyRage BabyRage,neither,0.03945320844208391,0.33037608806864915,0.630170703489267
MrDestructoid Clap,neither,0.03945320844208391,0.33037608806864915,0.630170703489267
Heard my wife fart this morning lupoTHINK,neither,0.03608383931001473,0.2877328910505029,0.6761832696394825
@ferusolin24 they are doing it next month apparently,neither,0.05779488461962099,0.30393223493609833,0.6382728804442807
LULW,neither,0.03945320844208391,0.33037608806864915,0.630170703489267
LUL,neither,0.03945320844208391,0.33037608806864915,0.630170703489267
!Res,neither,0.03945320844208391,0.33037608806864915,0.630170703489267
1444 by 1080,neither,0.042841257694558106,0.4528711557106023,0.5042875865948396
oh Liz remember that shit that happened like 4 months ago,offensive_language,0.054707151521540376,0.9324087090625417,0.012884139415917987
Morning Ninja good luck with the games today! love the content,neither,0.0333800440195846,0.24923491767079958,0.7173850383096159
Just play uno for fun next time,neither,0.030768325389937307,0.3468356864107099,0.6223959881993528
LUL LUL LUL,neither,0.03945320844208391,0.33037608806864915,0.630170703489267
MrDestructoid hi im justin,neither,0.03858174386587435,0.3634500896468299,0.5979681664872957
MrDestructoid,neither,0.03945320844208391,0.33037608806864915,0.630170703489267
Fear looks so stressed out lol,neither,0.030262190732291992,0.4234369253653515,0.5463008839023566
"If you can’t fart in front of your friends, they ain’t yo friends SwiftRage",offensive_language,0.03530391139448258,0.5722388638659798,0.3924572247395376
Cx TriHard 7 Cx TriHard 7 Cx TriHard 7 Cx TriHard 7 Cx TriHard 7 Cx TriHard 7 Cx TriHard 7 Cx TriHard 7 Cx TriHard 7,neither,0.03945320844208391,0.33037608806864915,0.630170703489267
PokSuicune PokPikachu PokPikachu PokPikachu PokPikachu PokPikachu PokPikachu,neither,0.03945320844208391,0.33037608806864915,0.630170703489267
poor fear and his audio struggles,neither,0.05556844294238896,0.30430038597846487,0.6401311710791462
cloakBot cloakBot cloakBot cloakBot,neither,0.03945320844208391,0.33037608806864915,0.630170703489267
IF YOU hold your farts in you can die,neither,0.24312968624437475,0.24950614010485303,0.5073641736507722
you made someone your wife before you heard them fart? wtf DansGame @Figjam300,offensive_language,0.10875913807288279,0.588262589144334,0.30297827278278333
WeirdChamp @pyjamapro,neither,0.03945320844208391,0.33037608806864915,0.630170703489267
must be having the worst time with it,neither,0.02938847128019794,0.3387147354748766,0.6318967932449255
@ninja does Jess fart a lot??,neither,0.029915838760957065,0.4183183789042283,0.5517657823348147
