text,top_class,hate_speech,offensive_language,neither
FIRST ?,neither,0.02604892428726219,0.3349864360510187,0.6389646396617191
EZ Clap morning ninj,neither,0.04619520855505007,0.21594675093341176,0.7378580405115381
dad,neither,0.03945320844208391,0.33037608806864915,0.630170703489267
my disappointment is immeasurable,offensive_language,0.028213745359658256,0.5351030699341097,0.4366831847062321
sup bro good luck today,neither,0.03776071131414811,0.3124597598458177,0.6497795288400341
Just the stream I was waiting for 🤩,neither,0.03031118870303639,0.3121706384534535,0.65751817284351
Goat_Puma subscribed with Twitch Prime. They've subscribed for 14 months!,neither,0.01847321566222609,0.32325705232198204,0.6582697320157919
Morning chat :),neither,0.048641030132881694,0.17443477567193386,0.7769241941951844
Aye,neither,0.03945320844208391,0.33037608806864915,0.630170703489267
Morning,neither,0.05283876784042269,0.1031882115525248,0.8439730206070525
Morning,neither,0.05283876784042269,0.1031882115525248,0.8439730206070525
Thank god. What a boring day I’ve had so far...,neither,0.02564794165503151,0.3382224333340755,0.6361296250108931
Hi,neither,0.03945320844208391,0.33037608806864915,0.630170703489267
Hi all!!,neither,0.0423466876598404,0.4436528871510691,0.5140004251890904
Ya today was boring until rn ngl,offensive_language,0.02702627557772312,0.5055981683131668,0.46737555610911
Day hasn’t even started tho,neither,0.0357803573888333,0.3386874702265597,0.625532172384607
Morning @kumarwest,neither,0.05283876784042269,0.1031882115525248,0.8439730206070525
wooooo lets goo he on !!,neither,0.04149613171244331,0.3637887643171725,0.5947151039703841
its game time boys pepeJAM,neither,0.03146065373534003,0.30875926210392535,0.6597800841607346
hi,neither,0.03945320844208391,0.33037608806864915,0.630170703489267
alwerto1234 subscribed with Twitch Prime. They've subscribed for 5 months!,neither,0.017135853092050617,0.3228815153557895,0.6599826315521599
pepejam,neither,0.03945320844208391,0.33037608806864915,0.630170703489267
let's go bb,neither,0.025381646234780238,0.3673023986012888,0.6073159551639309
It’s afternoon here in UK,neither,0.07624935398021292,0.29887027331677585,0.6248803727030112
"Guarantee your PC gaming performance with BLD by NZXT. The simplest way to get a customized gaming PC. Choose the games you want to play, set a budget, and BLD takes care of the rest. Built and shipped within 48 hours with a 2-year warranty. https://nzxt.co/Ninja ninja10 ninja10",neither,0.046024978110057846,0.33494880951390904,0.6190262123760332
Hey,neither,0.03945320844208391,0.33037608806864915,0.630170703489267
hey,neither,0.03945320844208391,0.33037608806864915,0.630170703489267
It’s not even 10 here on the east coast and I just woke up but like hey my morning was boring,neither,0.050832723614840106,0.3242436840964022,0.6249235922887577
song name ninj?,neither,0.038830105554549986,0.3409517702390533,0.6202181242063967
hello,neither,0.03945320844208391,0.33037608806864915,0.630170703489267
sparkympd subscribed with Twitch Prime. They've subscribed for 12 months!,neither,0.018231540648681904,0.323186843011016,0.6585816163403021
!wins,neither,0.03945320844208391,0.33037608806864915,0.630170703489267
Check Ninja's wins here -> https://goo.gl/17Qojo,neither,0.0737613933919306,0.30145673084023594,0.6247818757678334
Wins: None yet ¯\_(ツ)_/¯,neither,0.03945320844208391,0.33037608806864915,0.630170703489267
@Ryksen https://www.youtube.com/watch?v=RPzf_4dcL28,neither,0.04349866177839444,0.3289846711595917,0.6275166670620138
"thanks brother, its a banger",neither,0.03298125477015745,0.31737266728060926,0.6496460779492332
ninjaThirst ninjaThirst ninjaThirst,neither,0.03945320844208391,0.33037608806864915,0.630170703489267
good morning,neither,0.04970930963283925,0.13564577574880146,0.8146449146183593
Man I hope this bow isn’t overpowered,neither,0.06688662855156154,0.2889624254614441,0.6441509459869944
!hi,neither,0.03945320844208391,0.33037608806864915,0.630170703489267
Saw dakotaz using the bow it does hit hard,offensive_language,0.023412853501908835,0.550687538033518,0.42589960846457314
It does!,offensive_language,0.01852575467745578,0.5160735446717833,0.4654007006507609
hi,neither,0.03945320844208391,0.33037608806864915,0.630170703489267
!time,neither,0.036668274527354654,0.377643684699956,0.5856880407726893
just added it to my playlist LULW,neither,0.030361780831966733,0.4140363091116373,0.555601910056396
"April 2nd 2019, 8:50:32 am CDT GMT-05:00",neither,0.039346213264597224,0.33041288861651513,0.6302408981188876
What is this song called ?,neither,0.05611206994446387,0.33242965203241476,0.6114582780231214
PartyPopper PartyPopper PartyPopper,neither,0.03945320844208391,0.33037608806864915,0.630170703489267
laescha subscribed with Twitch Prime. They've subscribed for 2 months!,neither,0.017135853092050617,0.3228815153557895,0.6599826315521599
hi ninja hi chat how are ya,neither,0.0418970048262698,0.4576262469955779,0.5004767481781522
!song,neither,0.038601720699969956,0.3448280572582511,0.616570222041779
https://www.shazam.com/,neither,0.03945320844208391,0.33037608806864915,0.630170703489267
ninjaCRINJA,neither,0.03945320844208391,0.33037608806864915,0.630170703489267
Song name someone please !,neither,0.039003431167337385,0.33800998224624723,0.6229865865864154
good morning homie @Ninja ninjaPon ninjaPon,neither,0.04581245208695126,0.2116585869650851,0.7425289609479636
stebruscoe21 subscribed at Tier 1. They've subscribed for 18 months!,neither,0.020305391215785538,0.3138434895401285,0.6658511192440859
you a dj now lol,neither,0.04736715005250341,0.4576294112234322,0.49500343872406455
ninjaHi lupoHEY,neither,0.03945320844208391,0.33037608806864915,0.630170703489267
Hi everyone! ninjaHi ninjaHi ninjaHi,neither,0.032490659208996964,0.4485487193596734,0.5189606214313296
Bc people are just gonna keep spamming it,neither,0.09283798856319957,0.3466677571548651,0.5604942542819353
hey NINJA,neither,0.03945320844208391,0.33037608806864915,0.630170703489267
li,neither,0.03945320844208391,0.33037608806864915,0.630170703489267
goodmorning ninja!,neither,0.03945320844208391,0.33037608806864915,0.630170703489267
oscar likes guys,neither,0.044712286512322,0.37763456574702364,0.5776531477406543
howdy,neither,0.03945320844208391,0.33037608806864915,0.630170703489267
Good morning everyone! oh and whats up ninja lol,neither,0.03575549683355187,0.3198426127017714,0.6444018904646768
Thanks Ninj,neither,0.035884468650613,0.3004919205142699,0.6636236108351171
Never been here for the intro before. Whats up peeps,neither,0.04994091490978168,0.3750281147208824,0.5750309703693359
EndgAme ninjaPog,neither,0.03945320844208391,0.33037608806864915,0.630170703489267
morning chat!,neither,0.048641030132881694,0.17443477567193386,0.7769241941951844
"the bows arent OP, so thats good",neither,0.03836386239966627,0.3486549968977562,0.6129811407025775
Good morning ☀️,neither,0.04970930963283925,0.13564577574880146,0.8146449146183593
Hmm that’s ironic because you’re about to have bloom in fortnite 🤔🤔,neither,0.06722176591542339,0.393715479904125,0.5390627541804516
It’s called in bloom,neither,0.03711001281668042,0.33118202049287265,0.6317079666904469
ninjaTooth,neither,0.03945320844208391,0.33037608806864915,0.630170703489267
BeastM0de343 subscribed with Twitch Prime. They've subscribed for 2 months!,neither,0.017135853092050617,0.3228815153557895,0.6599826315521599
!res,neither,0.03945320844208391,0.33037608806864915,0.630170703489267
1444x1080,neither,0.03945320844208391,0.33037608806864915,0.630170703489267
jowen728 subscribed with Twitch Prime. They've subscribed for 9 months!,neither,0.017135853092050617,0.3228815153557895,0.6599826315521599
@BradyBoy1367 early start for you too huh?,neither,0.04846814610011032,0.3189860828508475,0.6325457710490421
we get exclusive ninja singing being here this early,neither,0.061940442624944664,0.3170433064987972,0.6210162508762582
She threw the frisbee to me and I threw it back to here,neither,0.06581577452303959,0.33860127623035063,0.5955829492466098
Snipe_TH im normally here this early,neither,0.081021645684501,0.3042928515143348,0.6146855028011642
Fruit of the loom ad should be banded from popping up. #PSD Sponsorship,neither,0.046570485440203105,0.37213796448482694,0.58129155007497
ninjaTroll,neither,0.03945320844208391,0.33037608806864915,0.630170703489267
Just got my glasses and boi it’s weird,neither,0.026000291857955854,0.4122261002255685,0.5617736079164756
This bow is kinda fun to use,neither,0.022509750780145946,0.40457958573175135,0.5729106634881028
Yah haha he is about to have bloom in Fortnite,neither,0.05272757415591786,0.4130249417735067,0.5342474840705754
ninjaAdore,neither,0.03945320844208391,0.33037608806864915,0.630170703489267
"3, 2, 1 pepeJAM",neither,0.03945320844208391,0.33037608806864915,0.630170703489267
hows everyone doing this fine morning,neither,0.04068322412160326,0.30949951190208125,0.6498172639763155
Mornin,neither,0.03945320844208391,0.33037608806864915,0.630170703489267
The bow is essentially a sniper without a scope,neither,0.04533062801795409,0.3148402388215281,0.6398291331605179
"Ninja, halo is looking real sexy right now joyySIP",neither,0.03889901726103036,0.4193544976403786,0.541746485098591
,neither,0.03945320844208391,0.33037608806864915,0.630170703489267
oscar likes eva,neither,0.04420538087515833,0.3701701682021196,0.5856244509227221
"3, 2, 1 Its game time pepeJAM",neither,0.029882761249500213,0.30431233079982395,0.6658049079506758
best intro in the game,neither,0.037519890431546826,0.2747604549221694,0.6877196546462837
@BradyBoy1367 i miss it. im usually in class,neither,0.03180216324550936,0.36168666562965046,0.6065111711248402
morning everyone!!! let's help our dude grind it out and MAYBE enjoy the day,neither,0.028293982008646495,0.30187774944936974,0.6698282685419839
Good morning ninja,neither,0.0468013847741319,0.19273113716557552,0.7604674780602926
vitaltemperzv2 subscribed with Twitch Prime.,neither,0.030186173588972614,0.3621416721941929,0.6076721542168345
Good morning BOIS,neither,0.046535704093852645,0.19783456675999828,0.7556297291461491
ninjaThirst ninjaBlast1 ninjaBlast2 ninjaBlast3 ninjaBlast3 ninjaBlast3 ninjaBlast3 ninjaBlast3 ninjaBlast3,neither,0.03945320844208391,0.33037608806864915,0.630170703489267
"if they revert the patch, it would be next week for 8.30. it would never be reverted in the content update",neither,0.025361369049536342,0.34995100537480023,0.6246876255756635
Good morning friends,neither,0.04806403817422654,0.16825691719851107,0.7836790446272623
ddddddddddddd,neither,0.03945320844208391,0.33037608806864915,0.630170703489267
Gucci,neither,0.03945320844208391,0.33037608806864915,0.630170703489267
stonedragon36 subscribed with Twitch Prime. They've subscribed for 2 months! I got better on Fortnite from you! Thank you very much and I will always support you no matter what!,neither,0.046580952470009616,0.3989224039041054,0.554496643625885
Rip nipsey hussle,neither,0.03945320844208391,0.33037608806864915,0.630170703489267
@Ninja What's the best concert you've been to?,neither,0.0355176674471173,0.32658118341992637,0.6379011491329563
Good morning,neither,0.04970930963283925,0.13564577574880146,0.8146449146183593
Snipe_TH my mornings are usually pretty free,neither,0.04638385875935656,0.3612488573405445,0.5923672839000989
morning....,neither,0.05283876784042269,0.1031882115525248,0.8439730206070525
nice update pog,neither,0.03945320844208391,0.33037608806864915,0.630170703489267
no revert,neither,0.036918905254960256,0.37338982715841207,0.5896912675866277
WHAT UP CHAT!!!! WHAT UP NINJ!!!!,neither,0.04420966450491319,0.4167091345325892,0.5390812009624977
ninjaBlast1 ninjaBlast2 ninjaBlast3 ninjaBlast3 ninjaBlast3 ninjaBlast3 ninjaBlast3 ninjaBlast3 ninjaBlast3 ninjaBlast3 ninjaBlast3,neither,0.03945320844208391,0.33037608806864915,0.630170703489267
!charity,neither,0.03945320844208391,0.33037608806864915,0.630170703489267
https://www.designbyhumans.com/4millionaires/ <---- Click to help children fight cancer. All proceeds go directly to St. Jude. Available until April 15th.,neither,0.04588098701192404,0.3555937384847463,0.5985252745033298
Rip revert,neither,0.03945320844208391,0.33037608806864915,0.630170703489267
[Insert headbang here],neither,0.09607790202741834,0.28656612893178507,0.6173559690407966
I relate so much to that hair,neither,0.03786408842997692,0.40598390855536426,0.5561520030146588
headBang,neither,0.03945320844208391,0.33037608806864915,0.630170703489267
all I see is no revert tbh,neither,0.05004772843037345,0.42430547802148433,0.5256467935481423
mic @Ninja,neither,0.03945320844208391,0.33037608806864915,0.630170703489267
I just go banned from a chat and i'm so hurt about it,neither,0.03514966497503076,0.356101517086345,0.6087488179386242
MIC,neither,0.03945320844208391,0.33037608806864915,0.630170703489267
no sound,neither,0.03817021587683215,0.3521518202447505,0.6096779638784173
mute @Ninja,neither,0.03945320844208391,0.33037608806864915,0.630170703489267
Mic?,neither,0.03945320844208391,0.33037608806864915,0.630170703489267
Mic,neither,0.03945320844208391,0.33037608806864915,0.630170703489267
Yay your back,neither,0.07847586457904056,0.319511369052284,0.6020127663686754
am i deaf,neither,0.03923166184206515,0.33045228810354843,0.6303160500543864
mic forehead,neither,0.03945320844208391,0.33037608806864915,0.630170703489267
:P,neither,0.03945320844208391,0.33037608806864915,0.630170703489267
saved Pog,neither,0.03945320844208391,0.33037608806864915,0.630170703489267
Yay,neither,0.03945320844208391,0.33037608806864915,0.630170703489267
Morning Ninja and chat ninjaHi,neither,0.045027056816225666,0.18275084176299264,0.7722221014207817
love u ninja,neither,0.03604913326827992,0.3463049680281636,0.6176458987035566
Good morning Señor @ninja,neither,0.0468013847741319,0.19273113716557552,0.7604674780602926
4head,neither,0.03945320844208391,0.33037608806864915,0.630170703489267
@BarbxLahey ninjaHi,neither,0.03945320844208391,0.33037608806864915,0.630170703489267
jk,neither,0.03945320844208391,0.33037608806864915,0.630170703489267
"The firebow is essentially a sniper without a scope, if you hit your shots it’s actually pretty good. So in other words GET GUD KID",neither,0.052293713794644175,0.4012197167970295,0.5464865694083264
hey ninja,neither,0.03945320844208391,0.33037608806864915,0.630170703489267
@barbxlahey morning!,neither,0.05283876784042269,0.1031882115525248,0.8439730206070525
morning ninja,neither,0.048203553387938615,0.18185989775694275,0.7699365488551186
when everyone is a higher sub than me and im just a scrub feelsbadman,neither,0.027365798949532276,0.44396707396596163,0.5286671270845061
FeelsOkayMan ☕,neither,0.03945320844208391,0.33037608806864915,0.630170703489267
levicc00123 subscribed with Twitch Prime. They've subscribed for 4 months! Good morning Ninja!,neither,0.021850586936845096,0.24733941906666385,0.7308099939964912
yeah thats it FeelsBadMan,neither,0.019069196917511508,0.46879057531812107,0.5121402277643675
54 x 4 plus 54. thats crazy for a full chrged headshot,neither,0.03862069464766071,0.389971183047825,0.5714081223045142
yes thats it,neither,0.03758086450557656,0.3310200730058734,0.63139906248855
yah jah,neither,0.03945320844208391,0.33037608806864915,0.630170703489267
dylandert33333333 subscribed with Twitch Prime. They've subscribed for 13 months!,neither,0.018395409525177608,0.3232343455971076,0.6583702448777148
"Lupo's gonna be psyched, closest thing to the crossbow",neither,0.04316283201998673,0.3524722887019658,0.6043648792780476
no revert >:(,neither,0.036918905254960256,0.37338982715841207,0.5896912675866277
What could go wrong :D,neither,0.04768547514194281,0.3304324565267715,0.6218820683312858
I’m so happy they did not revert.,neither,0.03786998255771317,0.3893435834064882,0.5727864340357987
thats exactly what i said when i read it,neither,0.034049045108865986,0.3680614111017558,0.5978895437893783
PepeHands,neither,0.03945320844208391,0.33037608806864915,0.630170703489267
j,neither,0.03945320844208391,0.33037608806864915,0.630170703489267
Ninja how long have you been playing fortnite,neither,0.051605423389212424,0.3784293014265691,0.5699652751842185
No siphon still :(,neither,0.03621567609551125,0.38532546127612155,0.5784588626283671
nicd,neither,0.03945320844208391,0.33037608806864915,0.630170703489267
"casualgamer699 subscribed with Twitch Prime. They've subscribed for 11 months, currently on a 8 month streak! notice me daddy",neither,0.020211517220306698,0.3467592765515666,0.6330292062281268
Good morning @ninja,neither,0.0468013847741319,0.19273113716557552,0.7604674780602926
good morning ninja,neither,0.0468013847741319,0.19273113716557552,0.7604674780602926
"chat, if they revert it would be next week",neither,0.024314874198267594,0.38265809110205007,0.5930270346996823
"nickswish32 subscribed with Twitch Prime. They've subscribed for 2 months, currently on a 1 month streak!",neither,0.020161301589277043,0.3305963852590941,0.6492423131516288
opat_ subscribed at Tier 1. They've subscribed for 7 months!,neither,0.018730042386447116,0.3124437755681934,0.6688261820453595
game is soooooo bad,neither,0.04310921537359917,0.2872512912936199,0.6696394933327808
So happy the game takes skill now.,neither,0.038172822206195924,0.31858997169438064,0.6432372060994234
idk,neither,0.03945320844208391,0.33037608806864915,0.630170703489267
Use me a “please revert” button,neither,0.01199703141064904,0.44707067448459337,0.5409322941047576
Nobody:,offensive_language,0.02887877289905309,0.5431591444747079,0.427962082626239
next week is the actual patch,neither,0.044256725577954854,0.32559108728288594,0.6301521871391592
ninjaPon,neither,0.03945320844208391,0.33037608806864915,0.630170703489267
ninjaPon,neither,0.03945320844208391,0.33037608806864915,0.630170703489267
@ninja I missed the line where they said -Resolved issue where game is not fun Kapp,neither,0.04367542642244439,0.27226766977431766,0.6840569038032379
Aye TSSF 😎,neither,0.03945320844208391,0.33037608806864915,0.630170703489267
floyd4jesus im guessing ur being sarcastic,neither,0.05155506978581208,0.3697105097525166,0.5787344204616712
hi,neither,0.03945320844208391,0.33037608806864915,0.630170703489267
gilson1018 subscribed with Twitch Prime.,neither,0.030186173588972614,0.3621416721941929,0.6076721542168345
morning tyler,neither,0.04836350379772682,0.17914512186553144,0.7724913743367418
Play smart like the old days.,neither,0.04835531514746616,0.32886485563242174,0.6227798292201122
comment if u g a y,neither,0.01892432714078421,0.40161554067448185,0.5794601321847338
Yeah!!! morning ninja!,neither,0.029833137319310365,0.30911767514351457,0.661049187537175
we're using your stream as a waiting for patch revert waiting room,neither,0.05595560371836098,0.3476988394559901,0.5963455568256489
Maddened LUL,neither,0.03945320844208391,0.33037608806864915,0.630170703489267
NINJA SIGN MY BUTT,neither,0.03328134379694799,0.44375859281055086,0.522960063392501
ninjaClap ninjaClap ninjaClap ninjaClap ninjaClap,neither,0.03945320844208391,0.33037608806864915,0.630170703489267
black bars what the hell is this res,offensive_language,0.08000997279811475,0.6722601198833538,0.2477299073185314
mornin chat,neither,0.03945320844208391,0.33037608806864915,0.630170703489267
Also good morning!,neither,0.04780094788340706,0.17338954264181342,0.7788095094747794
You were right... no revert,neither,0.06122378852292715,0.41198853276854597,0.526787678708527
ninjaH,neither,0.03945320844208391,0.33037608806864915,0.630170703489267
flaming spear would be sweet,neither,0.039296469830437455,0.3290635791141219,0.6316399510554407
morning,neither,0.05283876784042269,0.1031882115525248,0.8439730206070525
herro,neither,0.03945320844208391,0.33037608806864915,0.630170703489267
Yes because RNG is a skill lmaooooooo,neither,0.04581039355652548,0.32818956059523885,0.6260000458482355
Morning,neither,0.05283876784042269,0.1031882115525248,0.8439730206070525
morning friend,neither,0.04971163218935306,0.156263864724894,0.7940245030857529
ninjaHi lupoHEY,neither,0.03945320844208391,0.33037608806864915,0.630170703489267
Its_Divided subscribed at Tier 1. They've subscribed for 8 months!,neither,0.018730042386447116,0.3124437755681934,0.6688261820453595
ninjaAdore,neither,0.03945320844208391,0.33037608806864915,0.630170703489267
Goooood morning my guy,neither,0.03544272854826252,0.28865764999456156,0.675899621457176
Good morning,neither,0.04970930963283925,0.13564577574880146,0.8146449146183593
d,neither,0.03945320844208391,0.33037608806864915,0.630170703489267
RNG FeelsGoodMan Clap,neither,0.03945320844208391,0.33037608806864915,0.630170703489267
Morning 👍🔥,neither,0.05283876784042269,0.1031882115525248,0.8439730206070525
I am excited to see the shenanigans with that new bow though,neither,0.03467575951761681,0.30830864555805776,0.6570155949243255
hola,neither,0.03945320844208391,0.33037608806864915,0.630170703489267
Hows it going my guy,neither,0.027027720181653628,0.4364766900423497,0.5364955897759967
♥️♥️♥️♥️♥️♥️♥️♥️♥️♥️♥️♥️♥️♥️♥️♥️,neither,0.03945320844208391,0.33037608806864915,0.630170703489267
nice res bro Kappa,neither,0.03945320844208391,0.33037608806864915,0.630170703489267
Hue hue hue hue hue,neither,0.03945320844208391,0.33037608806864915,0.630170703489267
ninja ninjaAdore,neither,0.03945320844208391,0.33037608806864915,0.630170703489267
morning my dude,neither,0.0343025156667552,0.2591517792320837,0.7065457051011611
"1Digger4 subscribed with Twitch Prime. They've subscribed for 8 months, currently on a 8 month streak! Getting close to a year! Keep up the awesome streams",neither,0.022954552802009233,0.3691146661826373,0.6079307810153536
"fattymcbuttrpants subscribed with Twitch Prime. They've subscribed for 10 months! Morning, Ninja! Have a great stream, today!",neither,0.02334421043023643,0.24746974449027628,0.7291860450794873
Ill make him an offer he cant refuse,neither,0.043185158588323884,0.32707698163470456,0.6297378597769715
yeah the new bow is cool,neither,0.032316776688527296,0.33757193569857497,0.6301112876128977
LUPO is on,neither,0.05411543891717976,0.358108051247265,0.5877765098355552
"morning, this is my first stream that I'm actually able to watch",neither,0.04168051110501962,0.32109605019100645,0.6372234387039739
ok thank god,neither,0.03893777753327124,0.339124295758681,0.6219379267080477
ok :),neither,0.03935517884257045,0.3320399062092607,0.6286049149481688
oscar likes kallib,neither,0.045805499756066084,0.3835693577026419,0.570625142541292
Nobody: Ninja: Welp looks like ill be playing Apex . Fortnite: ill throw it back to you . Ninja: and ill throw it right back,neither,0.04570965480383819,0.3919218857606115,0.5623684594355504
They should add a laserbeam cannon like in halo,neither,0.05762259151628865,0.3696550970516645,0.5727223114320469
I have no motivation to get on and play fortnite cause it just aint as fun,neither,0.034321173839331455,0.4270524272395023,0.5386263989211661
hey chat im buillding a pc any tips,neither,0.03887369591638819,0.35239899218103554,0.6087273119025763
GN,neither,0.03945320844208391,0.33037608806864915,0.630170703489267
This music,neither,0.039296582874743954,0.33303443270656646,0.6276689844186896
Leopard subscribed at Tier 1. They've subscribed for 22 months! speaking of explosive tips lepA,neither,0.02428320122139326,0.317403463105972,0.6583133356726346
Clap people like the old days bud @ninja,neither,0.06702870532967557,0.3269824771271902,0.6059888175431342
Morning ninjacheer100 ninjacheer100 ninjacheer100 ninjacheer100 ninjacheer100,neither,0.05283876784042269,0.1031882115525248,0.8439730206070525
ninjaPon ninjaBlast1 ninjaTube ninjaStars ninjaThirst ninjaRekt ninjaToxic ninjaToxic ninjaNavi ninjaPog ninjaSplode ninjaTroll ninjaK,neither,0.03945320844208391,0.33037608806864915,0.630170703489267
Crap gotta start a solo game now before ninja joins my lobby and poops on me,neither,0.026954932598497416,0.3982088430364639,0.5748362243650387
ninjaPon,neither,0.03945320844208391,0.33037608806864915,0.630170703489267
alaon64 subscribed with Twitch Prime. They've subscribed for 15 months! The Grind never stops!,neither,0.01990635468759207,0.3370062072784123,0.6430874380339956
"Wow, you can buy Endgame tickets that includes a 22 movie marathon of all the other Marvel movies",neither,0.046946245196816304,0.38037508339515047,0.5726786714080333
Hi ninj! :),neither,0.03945320844208391,0.33037608806864915,0.630170703489267
sub with prime,neither,0.02932734149490368,0.3654362273631922,0.6052364311419042
,neither,0.03945320844208391,0.33037608806864915,0.630170703489267
pogchamp100 pogchamp100 pogchamp100 pogchamp100 pogchamp100,neither,0.03945320844208391,0.33037608806864915,0.630170703489267
xxdarthdrakejdxx subscribed at Tier 1. They've subscribed for 6 months! Get some dubs today. Always a joy to wath your stream!,neither,0.031011735797599794,0.3404514794990265,0.6285367847033737
Apex battlepass is trash,neither,0.05154240833971853,0.13750501265961024,0.8109525790006713
Hey Ninja. Good morning I hope you have a really great day!,neither,0.08433965542003921,0.17036485984084668,0.7452954847391141
"btw the bow has 0 recoil, 0 drop so its like a laser beam sniper AND explodes LULW",neither,0.046490983463487665,0.326103767368044,0.6274052491684684
ninjaPon ninjaPon ninjaPon ninjaPon,neither,0.03945320844208391,0.33037608806864915,0.630170703489267
ninjaBits,neither,0.03945320844208391,0.33037608806864915,0.630170703489267
GM,neither,0.03945320844208391,0.33037608806864915,0.630170703489267
neeeeeeenja,neither,0.03945320844208391,0.33037608806864915,0.630170703489267
!res,neither,0.03945320844208391,0.33037608806864915,0.630170703489267
1444x1080,neither,0.03945320844208391,0.33037608806864915,0.630170703489267
@Wheels03 That's a commitment,neither,0.03476908919624869,0.38150422245866583,0.5837266883450856
thank god ninja is on,neither,0.04349922801478866,0.34632700852779885,0.6101737634574125
wait is has no drop DansGame,neither,0.05896119855364785,0.3308988829151148,0.6101399185312374
Lava LTM is actually pretty fun,neither,0.04611046965213158,0.3280863506657898,0.6258031796820787
Memja,neither,0.03945320844208391,0.33037608806864915,0.630170703489267
@Ryksen but it doesn't zoom in,neither,0.0350483763306089,0.3401618034681085,0.6247898202012826
yay,neither,0.03945320844208391,0.33037608806864915,0.630170703489267
Did you geek at Keems video,neither,0.060642924055837974,0.3089114477468868,0.6304456281972752
!wins,neither,0.03945320844208391,0.33037608806864915,0.630170703489267
Check Ninja's wins here -> https://goo.gl/17Qojo,neither,0.0737613933919306,0.30145673084023594,0.6247818757678334
Wins: None yet ¯\_(ツ)_/¯,neither,0.03945320844208391,0.33037608806864915,0.630170703489267
The goat’s here!!!!,neither,0.1005337459291782,0.2650771330356055,0.6343891210352162
Ryksen it doesnt seem that bad ninjaShrug,neither,0.03167457443429221,0.37181984147223385,0.5965055840934739
pepeJAM,neither,0.03945320844208391,0.33037608806864915,0.630170703489267
oscar eat booty,neither,0.034216512754524926,0.41925648057322534,0.5465270066722496
ninjaCRINJA ninjaCRINJA ninjaCRINJA ninjaCRINJA ninjaCRINJA ninjaCRINJA ninjaCRINJA,neither,0.03945320844208391,0.33037608806864915,0.630170703489267
"@MenderDS No kidding, I'm assuming it's over a few days",neither,0.0356765768182516,0.34238664303498884,0.6219367801467596
DrinkPurple DrinkPurple DrinkPurple DrinkPurple DrinkPurple DrinkPurple DrinkPurple DrinkPurple DrinkPurple DrinkPurple DrinkPurple DrinkPurple DrinkPurple DrinkPurple DrinkPurple DrinkPurple DrinkPurple,neither,0.03945320844208391,0.33037608806864915,0.630170703489267
ninjaHype ninjaHype ninjaHype,neither,0.03945320844208391,0.33037608806864915,0.630170703489267
!?,neither,0.03945320844208391,0.33037608806864915,0.630170703489267
Ewww stretches res.,neither,0.03945320844208391,0.33037608806864915,0.630170703489267
Hi,neither,0.03945320844208391,0.33037608806864915,0.630170703489267
i can see the montages already of that bow,neither,0.034536025871206064,0.36544533386562966,0.6000186402631643
pmlucas18 subscribed with Twitch Prime. They've subscribed for 8 months!,neither,0.017135853092050617,0.3228815153557895,0.6599826315521599
@BradyBoy1367 yeah splash damage seems ok,neither,0.027865790537152574,0.40852773529537995,0.5636064741674676
,neither,0.03945320844208391,0.33037608806864915,0.630170703489267
ninjaBlast1 ninjaBlast2 ninjaBlast3 ninjaBlast3,neither,0.03945320844208391,0.33037608806864915,0.630170703489267
We hit those Ninja,neither,0.06404562382830398,0.2635784497923524,0.6723759263793436
good morning ninja,neither,0.0468013847741319,0.19273113716557552,0.7604674780602926
how much damage does the bow do?,neither,0.026954319426824525,0.41726692346631933,0.5557787571068562
@Ninja morning homie thanks for always giving us great content day in and out,neither,0.05178893721907677,0.2330606668389914,0.7151503959419319
ninjaHype,neither,0.03945320844208391,0.33037608806864915,0.630170703489267
HI MAXXXXX!!!!,neither,0.03945320844208391,0.33037608806864915,0.630170703489267
its time,neither,0.028403263479439233,0.36615975061363926,0.6054369859069215
It’s not bad tbh,neither,0.03269936036828653,0.33801997986451476,0.6292806597671988
I thought it hit for 100 did they change it already??,neither,0.03481889635956428,0.25491819691613266,0.7102629067243031
It should be buffed,neither,0.0635616871587743,0.4180940147220182,0.5183442981192076
