text,top_class,hate_speech,offensive_language,neither
he's adding delay for tourney,neither,0.03833101984703656,0.29684419806105855,0.664824782091905
HI NINJA,neither,0.03945320844208391,0.33037608806864915,0.630170703489267
@gavind2002 adding time delay,neither,0.03814432885341907,0.3525911905918181,0.6092644805547629
we back,neither,0.039166053543719236,0.33524985610846453,0.6255840903478163
!betsy,neither,0.03945320844208391,0.33037608806864915,0.630170703489267
bmung0 Betsy will find you and moo at you!!,neither,0.10623827784829176,0.27141719413624915,0.6223445280154591
PepegaPhone WE BACK,neither,0.039166053543719236,0.33524985610846453,0.6255840903478163
ninjaFan ninjaHype ninjaHype ninjaFan ninjaHype ninjaFan ninjaFan ninjaHype ninjaHype,neither,0.03945320844208391,0.33037608806864915,0.630170703489267
ninjaPon ninjaPon ninjaPon ninjaPon ninjaPon ninjaPon,neither,0.03945320844208391,0.33037608806864915,0.630170703489267
LULW i just checked what i have copied,neither,0.03944449170674286,0.3514153301310433,0.6091401781622138
ninjaHS ninjaHS ninjaHmm ninjaHmm ninjaNavi ninjaNavi ninjaNavi ninjaShrug ninjaSplat ninjaPon ninjaNavi ninjaNavi ninjaNavi ninjaLlama ninjaLlama ninjaLlama ninjaLlama ninjaLlama ninjaLlama,neither,0.03945320844208391,0.33037608806864915,0.630170703489267
Hi @ninja,neither,0.03945320844208391,0.33037608806864915,0.630170703489267
WE BACK BABY ninjaBlast1 ninjaBlast2 ninjaBlast3 ninjaBlast3 ninjaBlast3 ninjaBlast3 ninjaBlast3 ninjaBlast3 ninjaBlast3 ninjaBlast3 ninjaBlast3 ninjaBlast3 ninjaBlast3 ninjaBlast3 ninjaBlast3 ninjaBlast3,neither,0.039239416830425845,0.3340046896701319,0.6267558934994423
I like fat tamatoes,neither,0.422053147562991,0.11048995920378256,0.4674568932332264
invictusOMG,neither,0.03945320844208391,0.33037608806864915,0.630170703489267
oh hi,neither,0.04645180976672622,0.26453612080258093,0.689012069430693
hes back ninjaAdore,neither,0.03945320844208391,0.33037608806864915,0.630170703489267
ninjaHmm ninjaPog ninjaSplat ninjaSplat ninjaStars ninjaStars ninjaPrime ninjaIQ ninjaIQ ninjaFan ninjaFail ninjaDance ninjaCry ninjaChug ninjaChocobo ninjaGold ninjaK ninjaGold ninjaGold ninjaCreep ninjaCRINJA ninjaTooth ninjaAdore ninjaAdore,neither,0.03945320844208391,0.33037608806864915,0.630170703489267
let’s gooo sub mode,neither,0.028416775122704567,0.35320408824765226,0.6183791366296431
lmao he copying u,neither,0.04399216768121886,0.346157082310327,0.6098507500084541
skelly5267 subscribed with Twitch Prime.,neither,0.030186173588972614,0.3621416721941929,0.6076721542168345
"This might get to you late, but i just wanted to let you know that I'm rooting for you to do great today",neither,0.05257051777758981,0.40720338880186796,0.5402260934205422
ya yeet dab,offensive_language,0.02756027460994073,0.5383859093785257,0.43405381601153353
3 hours,neither,0.03945320844208391,0.33037608806864915,0.630170703489267
errr,neither,0.03945320844208391,0.33037608806864915,0.630170703489267
3 minutes of que time,neither,0.038409518129259454,0.3480902364919466,0.613500245378794
yo ninja good friggen luck today brother. I know you got this,neither,0.047479213362398076,0.42795495503454,0.5245658316030618
hAA,neither,0.03945320844208391,0.33037608806864915,0.630170703489267
Enjoy lol,neither,0.029191683330850524,0.4072214580823061,0.5635868585868433
frankcon40 subscribed with Twitch Prime. They've subscribed for 9 months! Thank you for being awesome,neither,0.02078057320682782,0.34588479207527967,0.6333346347178924
ninjaTooth ninjaTooth ninjaTooth ninjaTooth ninjaTooth ninjaTooth,neither,0.03945320844208391,0.33037608806864915,0.630170703489267
rasenbagger subscribed with Twitch Prime.,neither,0.030186173588972614,0.3621416721941929,0.6076721542168345
lol,neither,0.020706217963973744,0.4882283491876925,0.4910654328483337
lupoK,neither,0.03945320844208391,0.33037608806864915,0.630170703489267
LULW,neither,0.03945320844208391,0.33037608806864915,0.630170703489267
3 HOURS?????,neither,0.03945320844208391,0.33037608806864915,0.630170703489267
still not on Twitchy,neither,0.03146913577043796,0.38616024286373146,0.5823706213658306
LUL,neither,0.03945320844208391,0.33037608806864915,0.630170703489267
feelbadman,neither,0.03945320844208391,0.33037608806864915,0.630170703489267
I will enjoy :),neither,0.04139728642145283,0.2973800111195306,0.6612227024590165
Strap in for the queues boys,neither,0.033047322491497014,0.2879733132201925,0.6789793642883105
We back ma nizzles,neither,0.03155219333624859,0.46447693442097393,0.5039708722427774
Waz up,offensive_language,0.031680140546704795,0.5091262166492487,0.45919364280404645
HOURS WTF,offensive_language,0.0429183161135433,0.6318034173955005,0.32527826649095604
hi,neither,0.03945320844208391,0.33037608806864915,0.630170703489267
ooo,neither,0.03945320844208391,0.33037608806864915,0.630170703489267
good luck ninja,neither,0.03884708789197237,0.33058456071985554,0.630568351388172
areaOOF,neither,0.03945320844208391,0.33037608806864915,0.630170703489267
@ninja wats ur nzxt code,neither,0.057164521546769806,0.3242843553290137,0.6185511231242165
Sick,neither,0.03945320844208391,0.33037608806864915,0.630170703489267
Queue Is INSANE,neither,0.05044627423290362,0.3265950686495308,0.6229586571175656
lmao,neither,0.03705015143476208,0.3711622369619404,0.5917876116032975
What’s good ninja?,neither,0.044820092817283136,0.32624239786039333,0.6289375093223236
WE want you to win 4Head @Ninja,neither,0.06350629794029268,0.36830465312566674,0.5681890489340407
@ninja I can hear you and see you,neither,0.07311805633094423,0.37150169509351555,0.5553802485755402
ninjaFan,neither,0.03945320844208391,0.33037608806864915,0.630170703489267
@the_rev__ ninjaPopcorn ninjaPopcorn,neither,0.03945320844208391,0.33037608806864915,0.630170703489267
VOD FRIENDS ⏩ 3hours PepeLaugh,neither,0.03945320844208391,0.33037608806864915,0.630170703489267
Ninja is the good luck though 😀,neither,0.04469068094993669,0.3151406489905158,0.6401686700595475
time to jam for 3 hours LUL,neither,0.038683350603334145,0.3198338810068473,0.6414827683898184
thats a yikesss Ty,neither,0.03945320844208391,0.33037608806864915,0.630170703489267
ninja90s,neither,0.03945320844208391,0.33037608806864915,0.630170703489267
Ninj,neither,0.03945320844208391,0.33037608806864915,0.630170703489267
"""Enjoy lol"" - ninja",neither,0.0320839186036585,0.38356708989994726,0.5843489914963942
pepeJAM,neither,0.03945320844208391,0.33037608806864915,0.630170703489267
letsd go family acethe9Rage acethe9Rage acethe9Rage,neither,0.041215255513623573,0.33649795035806657,0.6222867941283099
danieljminter subscribed with Twitch Prime. They've subscribed for 4 months! <3,neither,0.017135853092050617,0.3228815153557895,0.6599826315521599
Yo waddup ninjaCreep,neither,0.0396322394376664,0.41518806354762605,0.5451796970147076
Rock an roll pepeJAM pepeJAM pepeJAM pepeJAM,neither,0.03979371878191242,0.32459673894058627,0.6356095422775013
Game time,neither,0.036831986904325216,0.29642753231080715,0.6667404807848678
we back,neither,0.039166053543719236,0.33524985610846453,0.6255840903478163
You git this Ninja!!!!!!,neither,0.06169060579295133,0.39436221534568994,0.5439471788613588
So EXCITED for this!!!!! I don't know why but I get so pumped to see @Ninja compete in these things. I'm cheering for you buddy!!! Let's kick some butt! :D ninjaFan,neither,0.031008995251676733,0.4381000657961589,0.5308909389521644
Poggers,neither,0.03945320844208391,0.33037608806864915,0.630170703489267
la_lightning subscribed with Twitch Prime.,neither,0.030186173588972614,0.3621416721941929,0.6076721542168345
Purchase a shirt to support St. Jude. 100% of the proceeds goes towards the kids! - https://www.designbyhumans.com/4millionaires/,neither,0.0553841078553544,0.3093052304674449,0.6353106616772007
hi,neither,0.03945320844208391,0.33037608806864915,0.630170703489267
pepeJAM im the king of rock and roll pepeJAM,neither,0.03746429210308128,0.3111237343401449,0.6514119735567738
Ninja is a god,neither,0.048505397392550456,0.32726262519500515,0.6242319774124443
Good luck dood,neither,0.038607236521895655,0.330667056604554,0.6307257068735503
how many points is he at?,neither,0.052556132137589744,0.3483803125964507,0.5990635552659597
ninjaThrow FBSpiral OpieOP FBCatch FBSpiral,neither,0.03945320844208391,0.33037608806864915,0.630170703489267
Can you play with streamer la_lightning,neither,0.04370065619371478,0.4626423560105348,0.49365698779575046
true is at 8 mins of queue time,neither,0.045061159775379694,0.3679934616797862,0.5869453785448341
He’s gonna win the World Cup,neither,0.042251692962966825,0.3541633948473383,0.6035849121896949
Sup,neither,0.03945320844208391,0.33037608806864915,0.630170703489267
KKool,neither,0.03945320844208391,0.33037608806864915,0.630170703489267
so.. wonderful weather we’re having ninjaPon,neither,0.054051699525227086,0.34552790813316947,0.6004203923416034
Sup,neither,0.03945320844208391,0.33037608806864915,0.630170703489267
comp ninja is best ninja,neither,0.04389460618302358,0.32386278624343334,0.6322426075735432
<3 U ninjaThirst,neither,0.03945320844208391,0.33037608806864915,0.630170703489267
@la_lightning WeirdChamp,neither,0.03945320844208391,0.33037608806864915,0.630170703489267
KKool GuitarTime,neither,0.03945320844208391,0.33037608806864915,0.630170703489267
tofu at a 10 minute queue,neither,0.03854886672678254,0.3578836895433599,0.6035674437298576
ResidentSleeper ResidentSleeper ResidentSleeper ResidentSleeper ResidentSleeper,neither,0.03945320844208391,0.33037608806864915,0.630170703489267
Stop plugging yourself @la_lightning,neither,0.039424287999666664,0.4418120681893753,0.5187636438109581
ninjaPon,neither,0.03945320844208391,0.33037608806864915,0.630170703489267
ninjaPon,neither,0.03945320844208391,0.33037608806864915,0.630170703489267
heyy ninjaHi,neither,0.03945320844208391,0.33037608806864915,0.630170703489267
ninjaFan,neither,0.03945320844208391,0.33037608806864915,0.630170703489267
can you play in more than one qualifier?,neither,0.05916641832422866,0.4116070422864189,0.5292265393893524
ninja do you follow any other sports teams besides the lions?,neither,0.048141497074342544,0.3443965265863114,0.6074619763393462
ninjaPopcorn ninjaPopcorn ninjaPon ninjaPon ninjaPon ninjaPon ninjaPon ninjaPon ninjaPon ninjaPon ninjaPon ninjaPon ninjaPon ninjaPon ninjaPon ninjaPon ninjaPon ninjaPon ninjaPon ninjaPon ninjaPon ninjaPon ninjaPon ninjaPon ninjaPon,neither,0.03945320844208391,0.33037608806864915,0.630170703489267
is the a delay or no,neither,0.05081898279728745,0.3225838615031056,0.626597155699607
YOU GOT THIS BRO,offensive_language,0.0645211799357758,0.48781351949698404,0.44766530056724013
tofue is at 8 min queue time rn,neither,0.044788601345037024,0.3663167615751303,0.5888946370798327
@dxrock87 facts!!!,neither,0.03945320844208391,0.33037608806864915,0.630170703489267
yes,neither,0.03945320844208391,0.33037608806864915,0.630170703489267
ooofff,neither,0.03945320844208391,0.33037608806864915,0.630170703489267
Ninj what be ur fav food matey ?,neither,0.0708471253451648,0.32128541743770034,0.6078674572171348
"Download Discord here - discord.gg/ninja - Subscribers, connect your Discord to Twitch by – Clicking the cogwheel at the bottom, go to Connections, click Twitch and click “join” under the Ninja server. All subs are welcome to join at any time to hang out! (If you recently subscribed it may take up to 30 minutes before you can connect to the sub server.) Follow this image to connect as well - https://goo.gl/yX9sFR",neither,0.06809260872529874,0.3753919629243179,0.5565154283503834
vade3 vade2 vade1 vadePG vadePG vadePG vadePG vadePG,neither,0.03945320844208391,0.33037608806864915,0.630170703489267
i dont care what Tfu is doing 4Head,neither,0.055552913601842766,0.32264574591882267,0.6218013404793346
Hi @ninja how do i survive when I’m in the top 15 and to keep calm,neither,0.037088469794202314,0.3241852372592483,0.6387262929465493
Ethanber0223 subscribed with Twitch Prime. They've subscribed for 8 months! win the world cup ninja!!,neither,0.020913014062547242,0.3171841347947962,0.6619028511426566
Zero_Style0 subscribed with Twitch Prime. They've subscribed for 6 months!,neither,0.017135853092050617,0.3228815153557895,0.6599826315521599
Why we weee at 6000 ppl,neither,0.029423451085752585,0.3660122166188827,0.6045643322953647
hi,neither,0.03945320844208391,0.33037608806864915,0.630170703489267
the queue time is a joke,neither,0.04706290114143401,0.33102114918542097,0.6219159496731451
"@ace_thee_great yes, 3 minutes",neither,0.03945320844208391,0.33037608806864915,0.630170703489267
I wonder how,neither,0.03945320844208391,0.33037608806864915,0.630170703489267
"coolbloominer subscribed at Tier 2. They've subscribed for 13 months, currently on a 13 month streak! Hey Ninja love ur streams keep it up the good work :)",neither,0.030413084510752895,0.34035427281094877,0.6292326426782984
Always in your corner champ,neither,0.06403168126284098,0.3710700924791131,0.5648982262580458
!gitgud @dr3bb2,neither,0.03945320844208391,0.33037608806864915,0.630170703489267
https://clips.twitch.tv/UnsightlyNeighborlyManateeCclamChamp,neither,0.03945320844208391,0.33037608806864915,0.630170703489267
follow him,neither,0.03925410175481138,0.3337554481787108,0.6269904500664779
"since we have some time, why don’t you tell us about the time you invented the frisbee? LUL",neither,0.05661544328677777,0.4068537261596983,0.5365308305535241
@thecoolgamer9000 check now,neither,0.03945320844208391,0.33037608806864915,0.630170703489267
love that mechanical keyboard,neither,0.03273129482786803,0.3870198458359321,0.5802488593361999
PepegaPhone ninja90s,neither,0.03945320844208391,0.33037608806864915,0.630170703489267
!uptime,neither,0.03945320844208391,0.33037608806864915,0.630170703489267
Ninja has been streaming for 3 minutes 13 seconds,neither,0.03593487329507504,0.31180471472147375,0.6522604119834512
"cheer1000 I know I just cheered but I wanted to say good luck today, really hope ya qualify. Been watching you since your halo days and as soon as I get my new job I’m gonna subscribe finally. Love what you do keep it up",offensive_language,0.060324871423010726,0.4776842889235598,0.4619908396534294
@TheCoolGamer9000 24k* he restarted his stream,neither,0.06668871172191224,0.3298839675153258,0.603427320762762
Keyboard ASMR,neither,0.03945320844208391,0.33037608806864915,0.630170703489267
ninja90s ninja90s ninja90s ninja90s ninja90s ninja90s ninja90s,neither,0.03945320844208391,0.33037608806864915,0.630170703489267
anyone know if you can play in more than one qualifer aka eu east and west?,neither,0.03563906841709654,0.3800258330417919,0.5843350985411114
Tofue will do? and if you two should battle @ninja,neither,0.045568579218290384,0.37639019340778285,0.5780412273739267
wvschlosser subscribed with Twitch Prime. They've subscribed for 4 months! eey,neither,0.017135853092050617,0.3228815153557895,0.6599826315521599
Kreygasm,neither,0.03945320844208391,0.33037608806864915,0.630170703489267
@tuckerreynolds just sub 4Head,neither,0.03349706459840338,0.3588819927531807,0.6076209426484159
does anyone know when the world cup starts?,neither,0.02406653836018827,0.4381827853880029,0.5377506762518087
ninjaBits ninjaBits ninjaBits ninjaBits,neither,0.03945320844208391,0.33037608806864915,0.630170703489267
ninja90s ninja90s ninja90s ninja90s ninja90s,neither,0.03945320844208391,0.33037608806864915,0.630170703489267
ninjaCRINJA ninjaCRINJA ninjaCRINJA ninjaCRINJA ninjaCRINJA,neither,0.03945320844208391,0.33037608806864915,0.630170703489267
ninjaBits ninjaBits ninjaBits ninjaBits ninjaBits ninjaBits ninjaBits ninjaBits ninjaBits,neither,0.03945320844208391,0.33037608806864915,0.630170703489267
ninjaRed ninjaBits ninjaBull,neither,0.03945320844208391,0.33037608806864915,0.630170703489267
Good morning ninja love you,neither,0.062254623008734605,0.2516493225003468,0.6860960544909186
ninjaAim ninjaAim,neither,0.03945320844208391,0.33037608806864915,0.630170703489267
"Guarantee your PC gaming performance with BLD by NZXT. The simplest way to get a customized gaming PC. Choose the games you want to play, set a budget, and BLD takes care of the rest. Built and shipped within 48 hours with a 2-year warranty. https://nzxt.co/Ninja ninja10 ninja10",neither,0.046024978110057846,0.33494880951390904,0.6190262123760332
Have fun and go hard today @Ninja !!! We support you no matter what! Who knows....... maybe today will be one of those days that you go on an absolute terror!!!! :D,neither,0.06905679553575478,0.4520629220666693,0.478880282397576
sub to ninja,neither,0.04616514035747035,0.3264542250641142,0.6273806345784154
ninjaBlast1 ninjaBlast2 ninjaBlast3 ninjaBlast3 ninjaBlast3 ninjaBlast3 ninjaBlast3,neither,0.03945320844208391,0.33037608806864915,0.630170703489267
Caps or hurricane?,neither,0.03945320844208391,0.33037608806864915,0.630170703489267
wb,neither,0.03945320844208391,0.33037608806864915,0.630170703489267
ninjaBlast1 ninjaBlast2 ninjaBlast3 ninjaBlast3 ninjaBlast3 ninjaBlast3 ninjaBlast3,neither,0.03945320844208391,0.33037608806864915,0.630170703489267
Facts. Sub to ninj,neither,0.04681294489735305,0.32608816353057285,0.6270988915720741
you’d have to have over 300 points in both regions if that’s how it works @buchanan7 and getting 300 in one region is hard enough LUL,offensive_language,0.03264300247353226,0.5013560316520944,0.46600096587437334
hey chat ninjaH,neither,0.03945320844208391,0.33037608806864915,0.630170703489267
Qualifiers are region locked right ?,neither,0.07086780093300313,0.29719357696845383,0.6319386220985431
eeeeesmith subscribed with Twitch Prime.,neither,0.030186173588972614,0.3621416721941929,0.6076721542168345
3 min delay?? ninjaCry ninjaCry,neither,0.03945320844208391,0.33037608806864915,0.630170703489267
mikeym12 subscribed with Twitch Prime. They've subscribed for 8 months!,neither,0.017135853092050617,0.3228815153557895,0.6599826315521599
@kemli yes,neither,0.03945320844208391,0.33037608806864915,0.630170703489267
There he is 😀😀😀,neither,0.06696178465494368,0.25359748659330317,0.6794407287517531
@casualgamer699 go canes but caps will win,neither,0.038758816341010506,0.3213140540836425,0.6399271295753469
ello 3Head,neither,0.03945320844208391,0.33037608806864915,0.630170703489267
ninjaBlast1 ninjaBlast2 ninjaBlast3 ninjaBlast3 ninjaBlast3 ninjaBlast3,neither,0.03945320844208391,0.33037608806864915,0.630170703489267
Danke @NickKnackz,neither,0.03945320844208391,0.33037608806864915,0.630170703489267
NINJA! NINJA! NINJA! NINJA! NINJA! NINJA! ROOTIGN FOR YOU!,neither,0.04116814376823283,0.33243629881512465,0.6263955574166425
!uptime,neither,0.03945320844208391,0.33037608806864915,0.630170703489267
Been waiting for this day for so long,neither,0.030269776625004966,0.31061240538668905,0.659117817988306
Ninja has been streaming for 4 minutes 30 seconds,neither,0.03589154308062909,0.3115756819731111,0.6525327749462598
is arena still live,neither,0.05096311715598915,0.3397178955594529,0.6093189872845579
,neither,0.03945320844208391,0.33037608806864915,0.630170703489267
I love sub mode,neither,0.036865800065301615,0.3423885578657043,0.6207456420689941
jimmyfargo subscribed with Twitch Prime. They've subscribed for 32 months!,neither,0.01882285416758071,0.3233602496392159,0.6578168961932034
ninjaBlast1 ninjaBlast2 ninjaBlast3 ninjaHS ninjaBlood ninja10 ninjaThrow ninjaBomb ninjaSplode ninjaFire ninjaRekt ninja10 ninjaThrow ninjaStars ninjaStars ninjaStars ninjaStars ninjaStars ninjaStars ninjaStars,neither,0.03945320844208391,0.33037608806864915,0.630170703489267
any bruvs in chat 3Head,neither,0.03945320844208391,0.33037608806864915,0.630170703489267
TriHard,neither,0.03945320844208391,0.33037608806864915,0.630170703489267
sub to ninja,neither,0.04616514035747035,0.3264542250641142,0.6273806345784154
ninjaH,neither,0.03945320844208391,0.33037608806864915,0.630170703489267
so chat do y’all watch sports LUL like any playoffs rn,neither,0.05106799975086421,0.40569323057806667,0.5432387696710692
ninjaThirst ninjaThirst ninjaThirst ninjaThirst ninjaThirst ninjaThirst ninjaThirst ninjaThirst ninjaThirst ninjaThirst,neither,0.03945320844208391,0.33037608806864915,0.630170703489267
lsrHowdy,neither,0.03945320844208391,0.33037608806864915,0.630170703489267
3Head sick game bruv,neither,0.038828418135530486,0.29246599603419676,0.6687055858302727
SUPER EXCITED FOR THIS!!!!!!,neither,0.03341038747533052,0.3021933281660242,0.6643962843586453
Lol 7 minute queue,neither,0.029191683330850524,0.4072214580823061,0.5635868585868433
Hellllllooooo ninja :),neither,0.03945320844208391,0.33037608806864915,0.630170703489267
"wasnt showing on syphers game, wasnt even an option to select",neither,0.04059801302334674,0.3185482422165126,0.6408537447601406
@Bigodev i'll watch hockey but i havent been keeping up lately,neither,0.03878192688659942,0.3695451519105086,0.591672921202892
RIP,neither,0.03945320844208391,0.33037608806864915,0.630170703489267
3Head Ayy here Matey,neither,0.09942143302913084,0.28448859399755033,0.6160899729733189
good luck today man,neither,0.037258561787750784,0.36848734645586223,0.5942540917563869
Oi,neither,0.03945320844208391,0.33037608806864915,0.630170703489267
Hhhh,neither,0.03945320844208391,0.33037608806864915,0.630170703489267
3Head world cup innit,neither,0.03945320844208391,0.33037608806864915,0.630170703489267
@jj2662 yea true caps likely to win,neither,0.04398344299786048,0.32995733514833503,0.6260592218538046
3Head OI,neither,0.03945320844208391,0.33037608806864915,0.630170703489267
ninjaFan ninjaFan ninjaFan,neither,0.03945320844208391,0.33037608806864915,0.630170703489267
Lets get it ninj,neither,0.035792812152059726,0.3614291354098794,0.6027780524380607
Sup goat!,neither,0.03945320844208391,0.33037608806864915,0.630170703489267
Ninja,neither,0.03945320844208391,0.33037608806864915,0.630170703489267
sub to ninja,neither,0.04616514035747035,0.3264542250641142,0.6273806345784154
ninj got this today i know it,neither,0.03417628335571724,0.360777653582373,0.6050460630619098
wow very epic content here from this game\,neither,0.06737844561565057,0.26938250098652505,0.6632390533978243
what time does WC start,neither,0.0306115577310699,0.44630566314349335,0.5230827791254369
Lets get itttt,neither,0.03753144179030462,0.3629934835606466,0.5994750746490488
sick content bro,neither,0.03945320844208391,0.33037608806864915,0.630170703489267
you could practice in creative,neither,0.05284513479459228,0.36852516850733497,0.5786296966980728
What do we do in a queue ? We pepeJAM ninjaShrug,neither,0.04708378775218443,0.3305174616263654,0.6223987506214502
nice queue times OMEGALUL,neither,0.03945320844208391,0.33037608806864915,0.630170703489267
When is the tournament,neither,0.03554192881663526,0.36096263364959513,0.6034954375337697
Are you excited for avengers movie??,neither,0.07192896254908461,0.26912449650606024,0.6589465409448552
pepeJAM,neither,0.03945320844208391,0.33037608806864915,0.630170703489267
What's up with the wait time?,neither,0.027986292153165563,0.4244893912658745,0.5475243165809598
Why are the question so long in these? Didn't Epic fix this????,neither,0.0386489530164328,0.40278868649436633,0.5585623604892008
i dont even know whos in the playoffs LULW,neither,0.038035098068493256,0.32987742539445813,0.6320874765370487
,neither,0.03945320844208391,0.33037608806864915,0.630170703489267
is this the Waiting Room simulator game?,neither,0.04423050234155172,0.2873825699460328,0.6683869277124155
CharlieDesforges subscribed with Twitch Prime. They've subscribed for 3 months! Hey,neither,0.017971185885399178,0.32311229701099886,0.658916517103602
ninjaThrow ninjaStars ninjaStars ninjaHS,neither,0.03945320844208391,0.33037608806864915,0.630170703489267
pepeJAM,neither,0.03945320844208391,0.33037608806864915,0.630170703489267
pepeJAM,neither,0.03945320844208391,0.33037608806864915,0.630170703489267
pepeJAM,neither,0.03945320844208391,0.33037608806864915,0.630170703489267
@Bigodev i mean in eu queues it says i can play but i dont wanna not play east due to im on east idk if its a you can only qualify for one region type thing,neither,0.03111453051997545,0.38778642175055933,0.5810990477294652
pepeJAM,neither,0.03945320844208391,0.33037608806864915,0.630170703489267
jammin with my fam pepeJAM,neither,0.02151654195618095,0.44113635585888933,0.5373471021849298
Dab daddy,neither,0.03945320844208391,0.33037608806864915,0.630170703489267
ninjaPopcorn ninjaPopcorn Kreygasm,neither,0.03945320844208391,0.33037608806864915,0.630170703489267
why are question so long Pepega,neither,0.04852805784534607,0.34436059370594607,0.6071113484487078
@ninja hi,neither,0.03945320844208391,0.33037608806864915,0.630170703489267
@barbxlahey lol i love hockey but my team got eliminated from the playoffs in the 2nd to last game so i was sad ninjaS,neither,0.029254571838001824,0.40331411522278754,0.5674313129392107
@moistbrownie Me,neither,0.018491955366437673,0.460246435692358,0.5212616089412043
arena is such a fail,neither,0.04639144024412961,0.324662624079531,0.6289459356763394
family that jamilies pepeJAM,neither,0.03355852753147037,0.3950360666261673,0.5714054058423623
Which avenger dies?,neither,0.03945320844208391,0.33037608806864915,0.630170703489267
Would love for ninja to win as much as possible in this World Cup. Sick of the doubters,neither,0.033650635919481614,0.3448665501810542,0.6214828138994642
!charity,neither,0.03945320844208391,0.33037608806864915,0.630170703489267
https://www.designbyhumans.com/4millionaires/ <---- Click to help children fight cancer. All proceeds go directly to St. Jude. Available until April 15th.,neither,0.04588098701192404,0.3555937384847463,0.5985252745033298
queues are ridiculous rn,neither,0.06453097725035076,0.28661827051696404,0.6488507522326852
Ok,neither,0.03935517884257045,0.3320399062092607,0.6286049149481688
ok :),neither,0.03935517884257045,0.3320399062092607,0.6286049149481688
tmilligan3 subscribed with Twitch Prime.,neither,0.030186173588972614,0.3621416721941929,0.6076721542168345
Yo first time subbin,neither,0.03210654533050124,0.41608846512088243,0.5518049895486163
EarthDay,neither,0.03945320844208391,0.33037608806864915,0.630170703489267
"Just curious, what's Ninja's solo score at? Can't ese from the facecam",neither,0.039551857383513064,0.33164887755992434,0.6287992650565625
"xotripleg subscribed with Twitch Prime. They've subscribed for 6 months, currently on a 2 month streak! yes",neither,0.02061266729637539,0.33053675478848676,0.6488505779151379
MONGRAAL OR MITR0,neither,0.03945320844208391,0.33037608806864915,0.630170703489267
@Bigodev PepeHands you hate to see it,hate_speech,0.6434165033462457,0.1600192834404998,0.1965642132132545
pepeJAM pepeJAM,neither,0.03945320844208391,0.33037608806864915,0.630170703489267
"Stikki_Lawndart subscribed at Tier 1. They've subscribed for 67 months, currently on a 67 month streak! warcha1Lawndart warcha1Lawndart",neither,0.025674730607716946,0.32495023921830346,0.6493750301739797
there are no popular EU streamers really PepeHands,neither,0.06402132920801089,0.25898130212514514,0.676997368666844
mongraal LULW,neither,0.03945320844208391,0.33037608806864915,0.630170703489267
ResidentSleeper ResidentSleeper ResidentSleeper ResidentSleeper ResidentSleeper,neither,0.03945320844208391,0.33037608806864915,0.630170703489267
Gotaga?,neither,0.03945320844208391,0.33037608806864915,0.630170703489267
ninjaGold ninjaGold ninjaGold ninjaGold,neither,0.03945320844208391,0.33037608806864915,0.630170703489267
NickKnackz subscribed with Twitch Prime. They've subscribed for 6 months! Sub-Anniversary 👏🏻,neither,0.020003324648303955,0.3237211937763392,0.6562754815753569
ninjaGold ninjaGold ninjaGold ninjaGold ninjaGold ninjaGold ninjaGold ninjaGold ninjaGold ninjaGold ninjaGold ninjaGold ninjaGold ninjaGold ninjaGold ninjaGold ninjaGold ninjaGold ninjaGold ninjaGold ninjaGold ninjaGold ninjaGold ninjaGold ninjaGold ninjaGold ninjaGold ninjaGold ninjaGold ninjaGold,neither,0.03945320844208391,0.33037608806864915,0.630170703489267
@Stikki_Lawndart YO ninjaGold,offensive_language,0.04010381111145228,0.5271105317972344,0.4327856570913131
"Why are the ""que's"" so long in the competition mode?",neither,0.04349357052520208,0.3182684819421949,0.638237947532603
hi,neither,0.03945320844208391,0.33037608806864915,0.630170703489267
yes :) he played last night,neither,0.0368653971377018,0.32872406311606533,0.634410539746233
haha what team you like? or do you just like hockey in general @barbxlahey,offensive_language,0.08209825478520413,0.47838256551410624,0.4395191797006897
,neither,0.03945320844208391,0.33037608806864915,0.630170703489267
I like hockey :),neither,0.055073986501249096,0.35227938747344745,0.5926466260253035
"Queue it UP, Queue it down pepeJAM All around",neither,0.03570058739174473,0.47547663120465866,0.4888227814035966
!Uptime,neither,0.03945320844208391,0.33037608806864915,0.630170703489267
Ninja has been streaming for 6 minutes 48 seconds,neither,0.03599172463842539,0.3121052117711978,0.6519030635903768
huge Edmonton Oilers fan here,neither,0.09184361834913221,0.28924736434557574,0.618909017305292
Loeya Kapp,neither,0.03945320844208391,0.33037608806864915,0.630170703489267
Jets all day @Bigodev,neither,0.042179012994900934,0.3960217548755758,0.5617992321295233
ninjaHi ninjaHi ninjaHi ninjaHi ninjaHi,neither,0.03945320844208391,0.33037608806864915,0.630170703489267
@Ryksen NA streamers are bots,neither,0.06319996198838948,0.28857602752820555,0.6482240104834048
because they need to fill a 100 person lobby based on points,neither,0.04132043192100089,0.33491820148396656,0.6237613665950326
oliers ninjaAww,neither,0.03945320844208391,0.33037608806864915,0.630170703489267
LeTurtleThief subscribed with Twitch Prime. They've subscribed for 5 months! <33333333333,neither,0.017135853092050617,0.3228815153557895,0.6599826315521599
lupoCORN lupoCORN,neither,0.03945320844208391,0.33037608806864915,0.630170703489267
@sikking020 D:,neither,0.03945320844208391,0.33037608806864915,0.630170703489267
ninjaPon,neither,0.03945320844208391,0.33037608806864915,0.630170703489267
ninjaPon,neither,0.03945320844208391,0.33037608806864915,0.630170703489267
YOIU GOT THIS YOU HAVE PRACTICED A LOT!,offensive_language,0.0596670812985924,0.4780614820916134,0.46227143660979414
ninjaPon ninjaPon ninjaPon,neither,0.03945320844208391,0.33037608806864915,0.630170703489267
what time does the qualifiers start??,neither,0.027770314432171577,0.4593550478139901,0.5128746377538383
@Ryksen hahahaahhah,neither,0.03945320844208391,0.33037608806864915,0.630170703489267
"nba playoffs start today who do u all think will win? also, thanks for sub mode alllelujia",neither,0.03700352949850254,0.3397669403885648,0.6232295301129326
ninjaPon,neither,0.03945320844208391,0.33037608806864915,0.630170703489267
Solaryfortnite has solo world cup on,neither,0.037427488125677505,0.3359532613777881,0.6266192504965346
@Bigodev im from Ontario so ive grown up having to like the leafs LULW but loved the canucks forever too,neither,0.03976438985070601,0.42592217628281603,0.534313433866478
@jukesy3131 they technically eliminated my team out of the playoffs so that’s a sore team for me rn pog,neither,0.025394885830487032,0.4088660784615423,0.5657390357079706
Lawn fart PogChamp,neither,0.03945320844208391,0.33037608806864915,0.630170703489267
ninjaCreep ninjaCreep ninjaCreep ninjaCreep ninjaCreep,neither,0.03945320844208391,0.33037608806864915,0.630170703489267
,neither,0.03945320844208391,0.33037608806864915,0.630170703489267
@t0mmy__ a friend of mine is a winger on the Oilers ninjaAdore ninjaAdore,neither,0.04376499355095809,0.3246843243324132,0.6315506821166287
elias petterson bnansG,neither,0.03945320844208391,0.33037608806864915,0.630170703489267
!wins,neither,0.03945320844208391,0.33037608806864915,0.630170703489267
Check Ninja's wins here -> https://goo.gl/17Qojo,neither,0.0737613933919306,0.30145673084023594,0.6247818757678334
"Wins: 3 Duos (13,11,10 Kills) ninjaPon",neither,0.03945320844208391,0.33037608806864915,0.630170703489267
ninjaFart,neither,0.03945320844208391,0.33037608806864915,0.630170703489267
Oilers Omegalul,neither,0.03945320844208391,0.33037608806864915,0.630170703489267
The bucks gonna win playoffs!,neither,0.03788158212695864,0.35483432584793856,0.6072840920251028
CorgiDerp,neither,0.03945320844208391,0.33037608806864915,0.630170703489267
@ninja for Pokémon should I get a switch or a DS,neither,0.042252820630800755,0.33616902465223786,0.6215781547169614
BABIIIIIIY,neither,0.03945320844208391,0.33037608806864915,0.630170703489267
cloakWave,neither,0.03945320844208391,0.33037608806864915,0.630170703489267
Jon snow dies trying to save Danny,neither,0.04347608925543687,0.3279957998846792,0.628528110859884
ninjaThrow ninjaStars ninjaStars ninjaWifey ninjaBlood,neither,0.03945320844208391,0.33037608806864915,0.630170703489267
Don’t talk about the oilers pls,neither,0.021469345786672166,0.34657578702986896,0.631954867183459
ninjaBlast3,neither,0.03945320844208391,0.33037608806864915,0.630170703489267
@zzthejimzz zzthejLove,neither,0.03945320844208391,0.33037608806864915,0.630170703489267
I'm sure this has been asked a lot...when does the Solo qualifiers start?,offensive_language,0.023047326446056577,0.49394808520735095,0.48300458834659243
@t0mmy__ hockey LULW,neither,0.03945320844208391,0.33037608806864915,0.630170703489267
Let's go Bebbeh,neither,0.01806316484133749,0.39391011985298136,0.5880267153056813
Bucks ain't winning cuh LUL,neither,0.024770101725822582,0.4710519310744642,0.5041779671997133
Hi reverse!!,neither,0.03945320844208391,0.33037608806864915,0.630170703489267
"@Bigodev the road to playoffs was fun to watch, I'm stoked. Watching every night haha",neither,0.042104973896327745,0.35636844478330443,0.6015265813203678
other streamer were in queue for 14 mins,neither,0.034798232697802176,0.2891291302854339,0.6760726370167639
BUCKS GONNA WIN!,neither,0.03843976338868112,0.3770744148647858,0.5844858217465331
zzthejLove,neither,0.03945320844208391,0.33037608806864915,0.630170703489267
@mublacksmith ninjaCry,neither,0.03945320844208391,0.33037608806864915,0.630170703489267
Winter is HERE,neither,0.12819374372883918,0.27376525548581787,0.598041000785343
ninjaWifey ninjaAmazing,neither,0.03945320844208391,0.33037608806864915,0.630170703489267
NBA finals 76ers vs rockets,neither,0.03945320844208391,0.33037608806864915,0.630170703489267
nets ill win,neither,0.03945320844208391,0.33037608806864915,0.630170703489267
WINTERS HERE,neither,0.22097653003277068,0.2221615150675793,0.55686195489965
ninjaClap,neither,0.03945320844208391,0.33037608806864915,0.630170703489267
jk,neither,0.03945320844208391,0.33037608806864915,0.630170703489267
"@barbxlahey oh niceee, i’m a yotes fan",neither,0.0466245357041594,0.2629976493449647,0.690377814950876
,neither,0.03945320844208391,0.33037608806864915,0.630170703489267
zbear1256 subscribed with Twitch Prime. They've subscribed for 5 months!,neither,0.017135853092050617,0.3228815153557895,0.6599826315521599
ninja for Pokémon should I get a switch or a DS,neither,0.042252820630800755,0.33616902465223786,0.6215781547169614
@t0mmy__ SeemsGood GivePLZ,neither,0.03945320844208391,0.33037608806864915,0.630170703489267
BUCKS OR TORONTO!,neither,0.03945320844208391,0.33037608806864915,0.630170703489267
ninjaChocobo,neither,0.03945320844208391,0.33037608806864915,0.630170703489267
@Bigodev ouuuu the desert dogs ninjaCreep,neither,0.03857173986906669,0.3142591392823535,0.6471691208485798
mongraal and mitr0 haven't streamed for a weak or something,neither,0.033753671298995314,0.2720431779432722,0.6942031507577325
dynamicvickers subscribed with Twitch Prime.,neither,0.030186173588972614,0.3621416721941929,0.6076721542168345
shortyfry19 subscribed with Twitch Prime.,neither,0.030186173588972614,0.3621416721941929,0.6076721542168345
Liverpool Kappa,neither,0.03945320844208391,0.33037608806864915,0.630170703489267
What time are the qualifiers,neither,0.09603853419274407,0.2583294126404816,0.6456320531667742
everton just lost to fulham PepeHands,neither,0.04204949209157871,0.3562503272373026,0.6017001806711186
Season 8 hype in the chat!!! Winter is Here!!,neither,0.07893402439070009,0.2872393227289979,0.633826652880302
Hey @ninja been a while since I subbed. Glad to be back,neither,0.04350126861107999,0.3335409414026108,0.6229577899863094
"NBA Playoffs starts today, world cup starts today andit's my bday... Feelzgood.",neither,0.03294011738056806,0.3478236942958631,0.6192361883235689
In 4 hours,neither,0.03945320844208391,0.33037608806864915,0.630170703489267
"@Bigodev leafs play tonight, i wonder if they'll make it out of second round this yeae",neither,0.025572528425990226,0.35729012408749067,0.6171373474865192
Winter has come,neither,0.038122978826667354,0.35295355626492453,0.6089234649084082
Except my friend request from Leoakath3ninja,neither,0.031034196016850132,0.38593473650244786,0.5830310674807021
Reverse?!,neither,0.03945320844208391,0.33037608806864915,0.630170703489267
all the sweats haven't woken up yet,neither,0.03785105641682103,0.4202924669139906,0.5418564766691885
I missed him.,neither,0.039276445043861685,0.3333762242521892,0.6273473307039491
@Ninja doing his World Lit homework typin over there? LULW,neither,0.05263320631072555,0.30551405023383554,0.641852743455439
"@jukesy3131 yeah bro the playoff race was tight this year. i honestly don’t know who i wanna win the cup, as long as it’s not the knights or the caps since they were in it last year LUL",neither,0.07587208312992778,0.26328242305645216,0.6608454938136201
,neither,0.03945320844208391,0.33037608806864915,0.630170703489267
everton LULW,neither,0.03945320844208391,0.33037608806864915,0.630170703489267
except my friend request LULW,neither,0.02991870943476631,0.40322721771798153,0.5668540728472522
What time are the qualifiers,neither,0.09603853419274407,0.2583294126404816,0.6456320531667742
l1bennyl1 subscribed with Twitch Prime. They've subscribed for 9 months! 9 months! Could have a had a baby!,neither,0.02133825581369322,0.32852485049461044,0.6501368936916964
"God I miss my old res, native sucks PepeHands",neither,0.026840662291140037,0.3960622450921539,0.577097092616706
everton PainsChamp,neither,0.03945320844208391,0.33037608806864915,0.630170703489267
@dr3bb2 wait for the new game to come to switch SeemsGood,neither,0.04570007765237532,0.21961203003036764,0.7346878923172571
"@barbxlahey we haven’t been to the playoffs in 7 years and we were so closeee, it was pretty heartbreaking ninjaCRINJA LUL",neither,0.04092948074351952,0.3167139004546875,0.642356618801793
Pog,neither,0.03945320844208391,0.33037608806864915,0.630170703489267
!keyboard,neither,0.03945320844208391,0.33037608806864915,0.630170703489267
Ninja is using the Corsair K70 Rapidfire-> https://goo.gl/BZepn4,neither,0.042052216473968264,0.37224288155871194,0.5857049019673197
Pepega,neither,0.03945320844208391,0.33037608806864915,0.630170703489267
@BarbxLahey I'd say the leafs have boston this year. They thought they'd role over them,neither,0.04602485196713664,0.2693582448716151,0.6846169031612483
Pog,neither,0.03945320844208391,0.33037608806864915,0.630170703489267
texaUh texaUh warcha1F,neither,0.03945320844208391,0.33037608806864915,0.630170703489267
so tylers delay is on now right?,neither,0.04464326638860596,0.42857246197198257,0.5267842716394115
🍆🍆🍆,neither,0.03945320844208391,0.33037608806864915,0.630170703489267
