text,top_class,hate_speech,offensive_language,neither
pepeJAM,neither,0.03945320844208391,0.33037608806864915,0.630170703489267
pepeJAM,neither,0.03945320844208391,0.33037608806864915,0.630170703489267
"see chat, im 10000 IQ! i knew it was coming before it happened",neither,0.03526522937447824,0.3862450258538582,0.5784897447716635
Whats going on chat ???,neither,0.035455446475019775,0.36780465059297285,0.5967399029320074
PRESENT NINJA PogU,neither,0.03945320844208391,0.33037608806864915,0.630170703489267
no delay pepeJAM,neither,0.036918905254960256,0.37338982715841207,0.5896912675866277
And we Back,neither,0.03803970376536169,0.2703451007816765,0.6916151954529617
WE BACK BABY,neither,0.039239416830425845,0.3340046896701319,0.6267558934994423
no delay anymore,neither,0.03820756980891774,0.3515178265312635,0.6102746036598187
Pog,neither,0.03945320844208391,0.33037608806864915,0.630170703489267
Jebaited,neither,0.03945320844208391,0.33037608806864915,0.630170703489267
yo that was fast,neither,0.034840867158681905,0.46542284440270043,0.4997362884386175
Sveiiin subscribed at Tier 1. They've subscribed for 7 months!,neither,0.018730042386447116,0.3124437755681934,0.6688261820453595
pepeJAM,neither,0.03945320844208391,0.33037608806864915,0.630170703489267
lol removed the delay and they are still queueing,neither,0.0554190460429889,0.2894232422495396,0.6551577117074716
good shit ninja,offensive_language,0.04325038662855953,0.9559868883151288,0.000762725056311788
@bradyboy1367 are you a psychic??,neither,0.10548351044699603,0.32594570229386416,0.5685707872591397
We're in the present Pog,neither,0.05756763707060548,0.2868200171222466,0.6556123458071479
Pog delay gone,neither,0.039260305037624,0.3336501622801024,0.6270895326822736
Are you present ninja now?!,neither,0.08304800555615766,0.3276939798720526,0.5892580145717896
Never mind,neither,0.03374731801692067,0.3889770704745324,0.5772756115085469
M00SE481 yes,neither,0.03945320844208391,0.33037608806864915,0.630170703489267
change tite of stream,neither,0.03945320844208391,0.33037608806864915,0.630170703489267
anyone know how reverse placed?,neither,0.03945320844208391,0.33037608806864915,0.630170703489267
ghosted LULW,neither,0.03945320844208391,0.33037608806864915,0.630170703489267
present time PogU,neither,0.03810081768489424,0.3533296886767855,0.6085694936383204
My broadcast just ended,neither,0.026257991209668607,0.4250933382872948,0.5486486705030367
we stan x1 present ninja,neither,0.03931403117442374,0.3327382895245671,0.6279476793010093
hes not there,neither,0.03782306891991961,0.2857513002427929,0.6764256308372876
m0hannad yes,neither,0.03945320844208391,0.33037608806864915,0.630170703489267
lol still queued after traveling forward 2 minutes in time,neither,0.03299018919309831,0.38961668742567246,0.5773931233812291
@metzen56 52,neither,0.03945320844208391,0.33037608806864915,0.630170703489267
past ninja = DansGame,neither,0.03945320844208391,0.33037608806864915,0.630170703489267
change the title mods,neither,0.03850204102826261,0.3129501432492579,0.6485478157224794
@terongo10 refresh,neither,0.03945320844208391,0.33037608806864915,0.630170703489267
widepeepoHappy,neither,0.03945320844208391,0.33037608806864915,0.630170703489267
Nice no more delay,neither,0.040825705440114546,0.33628398931560144,0.622890305244284
"cool, thx",neither,0.03945320844208391,0.33037608806864915,0.630170703489267
chat lets dab the delay away,neither,0.03922280176705935,0.3100818087397075,0.6506953894932332
@metzen56 52 points,neither,0.03945320844208391,0.33037608806864915,0.630170703489267
FeelsBadMan that moment you get ghosted,neither,0.0545955258710084,0.4633632677939426,0.482041206335049
Lol rip,neither,0.02958781151373683,0.4038776379912608,0.5665345504950025
What place did ninja get?,neither,0.046949023108695136,0.28737860590742653,0.6656723709838782
im surprised there are some people that are subbed to Ninja longer than ninja is subbed to himself lmao,neither,0.07317407771609005,0.3166845973164828,0.6101413249674272
pepeD,neither,0.03945320844208391,0.33037608806864915,0.630170703489267
Highlights 4 DAYS ninjaTube,neither,0.03945320844208391,0.33037608806864915,0.630170703489267
All by ourselves? Lord of the Flies time!,neither,0.04002892639681147,0.4255541803198064,0.5344168932833822
Im back ninjaGold,neither,0.0379295078696728,0.3881427419606561,0.5739277501696712
Are you past ninja or now ninja,neither,0.06586358432323891,0.3287627076910592,0.6053737079857019
LULW,neither,0.03945320844208391,0.33037608806864915,0.630170703489267
this is present ninja :),neither,0.04671597224313598,0.3292715377143411,0.6240124900425228
i went afk how many points did Ninja end up with ?,neither,0.030688348328456346,0.3887774256629368,0.5805342260086069
boomsho7 subscribed at Tier 1. They've subscribed for 27 months!,neither,0.020673836791578106,0.3141724807976407,0.6651536824107812
ninjaPopcorn,neither,0.03945320844208391,0.33037608806864915,0.630170703489267
:),neither,0.03945320844208391,0.33037608806864915,0.630170703489267
"That was weird, he said he wouldn’t turn off the delay, then he turns off delay",neither,0.04546048707537892,0.34162276759832655,0.6129167453262946
!title Qualified For Tomorrow! | New 20/50/100 gifted sub alerts! | !charity - dbh.la/4mil,neither,0.03819528760467456,0.27612024248345146,0.6856844699118739
@Mlsto -> The stream title has been updated to: Qualified For Tomorrow! | New 20/50/100 gifted sub alerts! | !charity - dbh.la/4mil,neither,0.0405546449849554,0.27568026400861256,0.683765091006432
that kid needs a life,neither,0.03194747705623787,0.436047380734342,0.53200514220942
ninjaGold ninjaGold ninjaGold,neither,0.03945320844208391,0.33037608806864915,0.630170703489267
LULW,neither,0.03945320844208391,0.33037608806864915,0.630170703489267
lol,neither,0.020706217963973744,0.4882283491876925,0.4910654328483337
tfuePEEK tfuePEEK,neither,0.03945320844208391,0.33037608806864915,0.630170703489267
sup,neither,0.03945320844208391,0.33037608806864915,0.630170703489267
How did he do in solo qualifying ?,neither,0.0462371176163039,0.32804279062339226,0.625720091760304
CoolStoryBob,neither,0.03945320844208391,0.33037608806864915,0.630170703489267
Hi,neither,0.03945320844208391,0.33037608806864915,0.630170703489267
ninjaGold,neither,0.03945320844208391,0.33037608806864915,0.630170703489267
mention that he hasnt farmed yet either LULW,neither,0.04059350399570699,0.36633042289715095,0.5930760731071419
hello,neither,0.03945320844208391,0.33037608806864915,0.630170703489267
ninjaRare ninjaRare ninjaRare ninjaRare ninjaRare ninjaRare ninjaRare ninjaRare ninjaRare ninjaRare ninjaRare ninjaRare ninjaRare ninjaRare ninjaRare ninjaRare,neither,0.03945320844208391,0.33037608806864915,0.630170703489267
@buzzwhacker5 he qualified,neither,0.057568607992634975,0.3241453714706532,0.6182860205367118
Ninja is a god,neither,0.048505397392550456,0.32726262519500515,0.6242319774124443
The fact that he remembers all this in detail is just Pog,neither,0.04342758772746169,0.4206582312333276,0.5359141810392107
ninja10 ninja10 ninja10 ninjaIQ ninjaIQ ninjaIQ,neither,0.03945320844208391,0.33037608806864915,0.630170703489267
across map,neither,0.03945320844208391,0.33037608806864915,0.630170703489267
ball grabber ninjaCreep ninjaCreep,neither,0.03945320844208391,0.33037608806864915,0.630170703489267
HolidayOrnament HolidayOrnament,neither,0.03945320844208391,0.33037608806864915,0.630170703489267
that kid is a moron,neither,0.04288434617144199,0.37541728112981676,0.5816983726987413
ninjaH ninjaH ninjaH ninjaH ninjaH,neither,0.03945320844208391,0.33037608806864915,0.630170703489267
PartyParrot PartyParrot PartyParrot PartyParrot PartyParrot PartyParrot PartyParrot PartyParrot PartyParrot PartyParrot PartyParrot PartyParrot,neither,0.03945320844208391,0.33037608806864915,0.630170703489267
ninjaCreep ninjaCreep ninjaCreep,neither,0.03945320844208391,0.33037608806864915,0.630170703489267
pepeJAM PartyParrot pepeJAM,neither,0.03945320844208391,0.33037608806864915,0.630170703489267
what a good night tonight guys ninjaAww,neither,0.03365131329831708,0.3074405885815033,0.6589080981201796
LMAO,neither,0.03705015143476208,0.3711622369619404,0.5917876116032975
https://clips.twitch.tv/BenevolentBashfulStorkPJSalt,neither,0.03945320844208391,0.33037608806864915,0.630170703489267
grabbing balls ninj?,offensive_language,0.04749424195740406,0.5025846664403237,0.44992109160227206
Ball whacker ninjaThrow ninjaThrow,neither,0.03945320844208391,0.33037608806864915,0.630170703489267
Reet,neither,0.03945320844208391,0.33037608806864915,0.630170703489267
monkaSHAKE 100 woood,neither,0.03945320844208391,0.33037608806864915,0.630170703489267
and he had 0 mats 0 ammo LUL,neither,0.042394784262441455,0.3028865025419001,0.6547187131956586
"akornswag04 subscribed with Twitch Prime. They've subscribed for 10 months, currently on a 1 month streak! can u tell Adam ""YOURE TRASH KID"" plz",neither,0.026740934692199195,0.2530720849873592,0.7201869803204415
Guys how many points did ninja get?,neither,0.03899114824657116,0.3382184554675189,0.6227903962859099
SUCK A DICK,offensive_language,0.10107828605633595,0.8904680965128636,0.008453617430800283
yikes,neither,0.03945320844208391,0.33037608806864915,0.630170703489267
hahah then he did what with a big fat something? @ninja it was the best entertainment,neither,0.0632850312055279,0.30807443004367274,0.6286405387507993
i cant get over that 😡,neither,0.03070460232050142,0.39543443445549886,0.5738609632239997
hey do you wanna eat some candy ninjaCreep ninjaCreep ninjaCreep,neither,0.04603938483592033,0.3845702292098973,0.5693903859541822
FeelsBadMan for that guy,neither,0.02601312197747384,0.3602817280209756,0.6137051500015505
tough FeelsBadMan,neither,0.03945320844208391,0.33037608806864915,0.630170703489267
Green hair lol,neither,0.031837231420349735,0.36404216486551944,0.6041206037141308
Clap sym,neither,0.03945320844208391,0.33037608806864915,0.630170703489267
nice,neither,0.03945320844208391,0.33037608806864915,0.630170703489267
Top 1%,neither,0.03945320844208391,0.33037608806864915,0.630170703489267
top 100 Pog,neither,0.03945320844208391,0.33037608806864915,0.630170703489267
All the people at the top just W key,neither,0.05784717389239799,0.3960189302783078,0.5461338958292941
ninjaAdore,neither,0.03945320844208391,0.33037608806864915,0.630170703489267
Tough proceeds to laugh PogChamp,neither,0.04493273137837584,0.32715620877508067,0.6279110598465435
Is it over?,neither,0.04519961064583579,0.3298241872811734,0.6249762020729909
BEAST,neither,0.03945320844208391,0.33037608806864915,0.630170703489267
I’m already so fucking nervous tomorrow,offensive_language,0.09505437670793164,0.901449541665292,0.0034960816267763477
"ImAKAJenks nah, they played for lategame and got a million picks",neither,0.03393076475023434,0.3128140421697516,0.653255193080014
@kalifejames Wowsers Peenfue ninjaTilt,neither,0.03945320844208391,0.33037608806864915,0.630170703489267
@AKBear11_ FeelsOkayMan ninjaH,neither,0.03945320844208391,0.33037608806864915,0.630170703489267
OkayChamp 👍 top 100 as expected,neither,0.03769857430470154,0.3601568086102258,0.6021446170850727
top 100 POG,neither,0.03945320844208391,0.33037608806864915,0.630170703489267
click click click click click click click click lick.......wait,neither,0.03945320844208391,0.33037608806864915,0.630170703489267
Happie habitat got 64 geez,neither,0.038299146633516926,0.3718265342827514,0.5898743190837316
!charity,neither,0.03945320844208391,0.33037608806864915,0.630170703489267
https://www.designbyhumans.com/4millionaires/ <---- Click to help children fight cancer. All proceeds go directly to St. Jude. Available until April 15th.,neither,0.04588098701192404,0.3555937384847463,0.5985252745033298
How many points do you need to qualify?,neither,0.06561562939388003,0.36762327091084024,0.5667610996952797
Nice werk ninj,neither,0.03945320844208391,0.33037608806864915,0.630170703489267
What time does it start tomorrow?,neither,0.028749709634475373,0.4579720791464831,0.5132782112190416
ninjaBlast1 ninjaBlast2 ninjaBlast3 ninjaBlast3 ninjaCreep,neither,0.03945320844208391,0.33037608806864915,0.630170703489267
yoo,neither,0.03945320844208391,0.33037608806864915,0.630170703489267
POGGERS,neither,0.03945320844208391,0.33037608806864915,0.630170703489267
and throwing away games,neither,0.03995541306827607,0.26802256534933017,0.6920220215823938
!leaderboard,neither,0.03945320844208391,0.33037608806864915,0.630170703489267
World Cup Solo qualifier leaderboard - https://bit.ly/2Gd6A1d,neither,0.03945320844208391,0.33037608806864915,0.630170703489267
What time tomorrow?,neither,0.04503958112556598,0.3502353801183736,0.6047250387560604
@BradyBoy1367 Have you seen the SEN guys play? they just drop tilted and run at people LUL,neither,0.06582683613617984,0.3477093286747062,0.5864638351891138
"@xTheRealApoc top 3,000 qualify",neither,0.03945320844208391,0.33037608806864915,0.630170703489267
hey,neither,0.03945320844208391,0.33037608806864915,0.630170703489267
@Ninja on spectating overlay btw,neither,0.036735256041147885,0.34341654394913196,0.6198482000097201
@ImAKAJenks it works for them Aspect got first,neither,0.03553120743231137,0.33893383338161953,0.625534959186069
Is it top 2 tomorrow to get to the final?,neither,0.05623935908761157,0.3156495422531978,0.6281110986591906
!leaderbords,neither,0.03945320844208391,0.33037608806864915,0.630170703489267
"Naklic subscribed with Twitch Prime. They've subscribed for 4 months, currently on a 1 month streak! You're the best",neither,0.029709892473831226,0.3252036757895438,0.6450864317366249
love you bro,neither,0.06227086322717836,0.43472532052579627,0.5030038162470254
feet? vetoedC,neither,0.03945320844208391,0.33037608806864915,0.630170703489267
@alana2228 top 6,neither,0.03945320844208391,0.33037608806864915,0.630170703489267
,neither,0.03945320844208391,0.33037608806864915,0.630170703489267
We’re so proud of you papi,neither,0.07249170479965253,0.3863998234101147,0.5411084717902328
Recue?,neither,0.03945320844208391,0.33037608806864915,0.630170703489267
ninjaCreep ninjaCreep ninjaCreep,neither,0.03945320844208391,0.33037608806864915,0.630170703489267
Yeah thats what im sayin @MattFNM the guys in the top 10 almost always play like that,neither,0.03280441565349677,0.4480451663947505,0.5191504179517528
how many points did ninja get?,neither,0.039046963529049045,0.33727112445758956,0.6236819120133614
ninja is placed 72 and reverse is at 100,neither,0.0488340170943705,0.31634845257282496,0.6348175303328046
,neither,0.03945320844208391,0.33037608806864915,0.630170703489267
Reverse was choking? Hope he is ok now,neither,0.07725034513542403,0.24990255359975025,0.6728471012648257
@mattfnm Thanks,neither,0.035884468650613,0.3004919205142699,0.6636236108351171
"ImAKAJenks yes ive seen the sen guys, that isnt what they do. aspect and animal have completely mastered late game, they get sooo many picks",neither,0.039220274402777644,0.31439975710904405,0.6463799684881782
3rd party self-murder,neither,0.03945320844208391,0.33037608806864915,0.630170703489267
@BoltznNutz LUL,neither,0.03945320844208391,0.33037608806864915,0.630170703489267
ninjaFan,neither,0.03945320844208391,0.33037608806864915,0.630170703489267
ninjaAdore ninjaBlast3 ninjaAdore ninjaBlast3 ninjaAdore,neither,0.03945320844208391,0.33037608806864915,0.630170703489267
Leaderborads,neither,0.03945320844208391,0.33037608806864915,0.630170703489267
"ImAKAJenks and vivid got 3rd, u already knows how he plays lol",neither,0.03520931882395449,0.38118537979781075,0.5836053013782349
Vivid W keying WeirdChamp,neither,0.03945320844208391,0.33037608806864915,0.630170703489267
The_Knightfall_ subscribed with Twitch Prime. They've subscribed for 10 months! 10 months aye,neither,0.02248137649741643,0.3245262264604297,0.6529923970421538
chat yall weird today ryannn2Weird,neither,0.036946463766175185,0.33230135949888057,0.6307521767349443
wht is bus fare?,neither,0.045470319437492066,0.32830652767907814,0.6262231528834299
monkaGun monkaH,neither,0.03945320844208391,0.33037608806864915,0.630170703489267
ninjaTroll ninjaCreep,neither,0.03945320844208391,0.33037608806864915,0.630170703489267
Bus Fare -4 Hype,neither,0.03945320844208391,0.33037608806864915,0.630170703489267
vivid is a great solo player,neither,0.039499279618811806,0.3897381476662059,0.5707625727149823
BarbxLahey exactly,neither,0.03945320844208391,0.33037608806864915,0.630170703489267
iidangerfloofii subscribed with Twitch Prime. They've subscribed for 22 months!,neither,0.01861135985233348,0.32329760291207793,0.6580910372355886
ninjaWifey,neither,0.03945320844208391,0.33037608806864915,0.630170703489267
hey chat,neither,0.03945320844208391,0.33037608806864915,0.630170703489267
thanks Ry widpeepoHappy,neither,0.037328737276664754,0.31258604004565615,0.6500852226776791
is delay off,neither,0.058856182052881595,0.3237025157088501,0.6174413022382683
Ryksen coming from the guy saying he'd suck ninjas d if he asked Kappa,neither,0.03875733655000519,0.352013540400414,0.6092291230495807
hamzWat,neither,0.03945320844208391,0.33037608806864915,0.630170703489267
,neither,0.03945320844208391,0.33037608806864915,0.630170703489267
@boredkiwi yes,neither,0.03945320844208391,0.33037608806864915,0.630170703489267
Not ninjas dick D:,offensive_language,0.04852869477579364,0.9485337084176435,0.002937596806562929
tlchapSHRUG You dont get 90 points over 10 games without w keying idk what else to say,neither,0.054048393832426676,0.35742337612728686,0.5885282300402864
How much points did he fet,neither,0.040507969192728824,0.3300133074798126,0.6294787233274586
A dick FeelsOkayMan,offensive_language,0.04776859127771223,0.9517687721838161,0.00046263653847171285
ninjaAdore,neither,0.03945320844208391,0.33037608806864915,0.630170703489267
cmonBruh,neither,0.03945320844208391,0.33037608806864915,0.630170703489267
hey ninja,neither,0.03945320844208391,0.33037608806864915,0.630170703489267
Does anyone know how long a lender wants you to have income for?,neither,0.03729836821559971,0.4267246355042834,0.5359769962801167
"ImAKAJenks endgame picks are a hell of a drug, aspect just gets high ground and then abuses it",offensive_language,0.047276006466826545,0.573824242392131,0.37889975114104235
I’ll be back in an hour eye have eye lïgma,neither,0.050519947802487426,0.3311175302323552,0.6183625219651574
PepePls,neither,0.03945320844208391,0.33037608806864915,0.630170703489267
hysteria did great also 22 nd,neither,0.0381432116866102,0.313110307903925,0.6487464804094647
PepePls,neither,0.03945320844208391,0.33037608806864915,0.630170703489267
"@ImAKAJenks if you set up good for late game and get picks on players that are weak and stay highgroung during endgame, yes you could get 90 but tlchapSHRUG",neither,0.04156653809659165,0.35959556245805363,0.5988378994453547
Rickkjj subscribed with Twitch Prime. They've subscribed for 11 months!,neither,0.01819233148295946,0.323175542712437,0.6586321258046036
Purchase a shirt to support St. Jude. 100% of the proceeds goes towards the kids! - https://www.designbyhumans.com/4millionaires/,neither,0.0553841078553544,0.3093052304674449,0.6353106616772007
@ukuh depends on the size of the loan,neither,0.03627775278146212,0.3172923280819562,0.6464299191365818
!leaderboard,neither,0.03945320844208391,0.33037608806864915,0.630170703489267
World Cup Solo qualifier leaderboard - https://bit.ly/2Gd6A1d,neither,0.03945320844208391,0.33037608806864915,0.630170703489267
@metzen56 For a mortgage so roughly 140k,neither,0.033016371044748694,0.3427965595783048,0.6241870693769466
ninjas a pitcher not catcher #baseball,neither,0.03819165145325135,0.3351129447673148,0.6266954037794338
Zilges subscribed with Twitch Prime. They've subscribed for 13 months!,neither,0.018395409525177608,0.3232343455971076,0.6583702448777148
kartoon69 subscribed with Twitch Prime.,neither,0.030186173588972614,0.3621416721941929,0.6076721542168345
Maybe more,neither,0.0422406447339059,0.3159567855503063,0.6418025697157879
FortHype,neither,0.03945320844208391,0.33037608806864915,0.630170703489267
LUL @RedwolveS1,neither,0.03945320844208391,0.33037608806864915,0.630170703489267
My blind kitty plays fetch. She’s so cute!!!,neither,0.033277931524312326,0.4712383114564653,0.4954837570192223
ninja is actually a dabber pepeD,neither,0.048192848370152086,0.3273701251359318,0.6244370264939162
congrats on qualifying!,neither,0.035719117494545226,0.3484668974771979,0.6158139850282569
@RedwolveS1 #baseball LULW,neither,0.03945320844208391,0.33037608806864915,0.630170703489267
chat how did the games go?,neither,0.03966328966512812,0.31936539379782575,0.6409713165370461
"@ukuh A house is typically 2 years, a car 3 months",neither,0.045274737185297335,0.32837379738414985,0.6263514654305526
,neither,0.03945320844208391,0.33037608806864915,0.630170703489267
ninjaChug,neither,0.03945320844208391,0.33037608806864915,0.630170703489267
@t0mmy__ 54 points 82nd,neither,0.03945320844208391,0.33037608806864915,0.630170703489267
@t0mmy__ he qualified,neither,0.057568607992634975,0.3241453714706532,0.6182860205367118
@t0mmy__ 50ish points top 100,neither,0.03945320844208391,0.33037608806864915,0.630170703489267
riPepperonis riPepperonis riPepperonis riPepperonis,neither,0.03945320844208391,0.33037608806864915,0.630170703489267
bjuzwik subscribed with Twitch Prime. They've subscribed for 6 months!,neither,0.017135853092050617,0.3228815153557895,0.6599826315521599
What they said,neither,0.04870695350017796,0.32388006926942364,0.6274129772303983
Pog congrats tyler!,neither,0.03945320844208391,0.33037608806864915,0.630170703489267
LULW,neither,0.03945320844208391,0.33037608806864915,0.630170703489267
LUL,neither,0.03945320844208391,0.33037608806864915,0.630170703489267
Sorry you missed em,neither,0.05764632800131162,0.38134394890344697,0.5610097230952414
All green,neither,0.04454231523399551,0.40462125172244984,0.5508364330435547
chat when I ask a question can yall all tag me too?,neither,0.028898793200583642,0.44628336964098025,0.5248178371584361
what is 1+1,neither,0.08191733112755817,0.31109320414220176,0.6069894647302402
why are so many pros not there?,neither,0.04561816709242775,0.31084474126245965,0.6435370916451125
@metzen56 Mind if I dm you,neither,0.032950710513422465,0.45065254527708437,0.5163967442094932
@ryksen idk man,neither,0.03969130236204308,0.42650687602900633,0.5338018216089505
no :),neither,0.036918905254960256,0.37338982715841207,0.5896912675866277
can i get an f in the chat FortBush,neither,0.03860978882273726,0.31239526670394796,0.6489949444733147
@metoo,neither,0.03945320844208391,0.33037608806864915,0.630170703489267
ttvashyjgt subscribed with Twitch Prime.,neither,0.030186173588972614,0.3621416721941929,0.6076721542168345
whats the point of Arenas if qualifiers already started??,neither,0.024709734048144076,0.3737430013854271,0.6015472645664287
ninjaShrug ninjaCreep ninjaShrug,neither,0.03945320844208391,0.33037608806864915,0.630170703489267
@Ryksen 11,neither,0.03945320844208391,0.33037608806864915,0.630170703489267
ryannn2Weird chat,neither,0.03945320844208391,0.33037608806864915,0.630170703489267
"@ukuh I actually have to run my kids somewhere, not sure when I'll be back",offensive_language,0.026555191612012637,0.496422692386441,0.47702211600154654
@ryksen That’s a lot to ask,neither,0.0426547919593885,0.37711641105943366,0.5802287969811779
"where's cloak, Chap, Poach, Nate etc?",neither,0.04119193532706778,0.3008653551148957,0.6579427095580366
@Ryksen window,neither,0.03945320844208391,0.33037608806864915,0.630170703489267
,neither,0.03945320844208391,0.33037608806864915,0.630170703489267
ryannn2Weird Clap,neither,0.03945320844208391,0.33037608806864915,0.630170703489267
FortOne FortHype PokDecidueye FortBush PokEmpoleon PokScizor FortLlama PokDarkrai FortBush PokBlastoise FortBush FortLlama FortBush FortLlama ninjaTooth ninjaAim ninjaRed ninjaBlood ninjaBits ninjaBlood ninjaBits ninjaAim ninjaBits ninjaBlood ninjaBits ninjaBlood ninjaBlank ninjaBomb ninjaBlank ninjaBomb ninja10 ninjaAmazing ninjaClap ninjaAim ninjaClap ninjaAim ninjaBull ninjaAim ninjaBlank ninjaCRINJA ninjaBlank ninjaCreep ninjaBlank ninja10 ninjaTooth ninjaBlood ninjaBomb ninjaAdore ninjaAim,neither,0.03945320844208391,0.33037608806864915,0.630170703489267
bnansDerp math,neither,0.03945320844208391,0.33037608806864915,0.630170703489267
did he turn off alerts?,neither,0.045937698481410286,0.32814577459392696,0.6259165269246627
@metzen56 Okay thanks,neither,0.03678379827047317,0.30802279096628465,0.6551934107632421
i love math 5Head,neither,0.0357530194640667,0.34774034576800117,0.6165066347679321
"yep, u gotta ride on that confidence",neither,0.03333962316906493,0.39303138606261195,0.573628990768323
@m0hannad practice for duo qualifiers next week,neither,0.03458500762298411,0.31761090039264644,0.6478040919843695
akaxthenightmare subscribed with Twitch Prime. They've subscribed for 11 months! h.i. hop in,neither,0.01933255431998078,0.32351387104962576,0.6571535746303935
tourmanent Pepega,neither,0.03945320844208391,0.33037608806864915,0.630170703489267
math is good weSmart,neither,0.048904241370510075,0.32712544446175396,0.623970314167736
LUL,neither,0.03945320844208391,0.33037608806864915,0.630170703489267
!res,neither,0.03945320844208391,0.33037608806864915,0.630170703489267
on mobile PepeHands,neither,0.03624652138519213,0.34583338835094446,0.6179200902638634
1920 x 1080,neither,0.03945320844208391,0.33037608806864915,0.630170703489267
@eliyahswopes oh okay,neither,0.04703582915716655,0.25935202142858715,0.6936121494142462
my name is dr.lupo and i know how to snipe,neither,0.03992144638314655,0.3569420659679827,0.6031364876488707
glad i hit that refresh button,neither,0.03665080291320062,0.36070433241558975,0.6026448646712096
alfafire12 subscribed with Twitch Prime. They've subscribed for 2 months!,neither,0.017135853092050617,0.3228815153557895,0.6599826315521599
jewlzayy subscribed with Twitch Prime. They've subscribed for 7 months!,neither,0.017135853092050617,0.3228815153557895,0.6599826315521599
“I love it duuuude”,neither,0.030831260484157012,0.3601344986151421,0.609034240900701
@colin32005 hello dr lupo,neither,0.03945320844208391,0.33037608806864915,0.630170703489267
steezy2019 subscribed with Twitch Prime.,neither,0.030186173588972614,0.3621416721941929,0.6076721542168345
Im Dr LuPo AnD i CaN sNiPe,neither,0.038304524855672116,0.319696435428164,0.6419990397161639
I just woke up from a nap howd he do,neither,0.03966080910695993,0.375031476752376,0.5853077141406642
clxpzify subscribed with Twitch Prime.,neither,0.030186173588972614,0.3621416721941929,0.6076721542168345
GG proud of you my guy,offensive_language,0.041189093489637216,0.4991149403147303,0.4596959661956325
@fullmetalpete88 54 pts and qualified :),neither,0.03857111107789432,0.2851340175310554,0.6762948713910502
"63rd place and he played well, had some crazy games",neither,0.03102106568522235,0.3521308129101697,0.6168481214046079
ninjaTube ninjaTube ninjaTube ninjaTube,neither,0.03945320844208391,0.33037608806864915,0.630170703489267
ninjaBlast1 ninjaBlast2 ninjaBlast3 ninjaHype,neither,0.03945320844208391,0.33037608806864915,0.630170703489267
well bye guys,neither,0.03932345036337735,0.3325784213059,0.6280981283307228
ciao @hellboyrocks346,neither,0.03945320844208391,0.33037608806864915,0.630170703489267
@hellboyrocks346 later dude :p,neither,0.03945320844208391,0.33037608806864915,0.630170703489267
cheer100 cheer100 cheer100 cheer100 cheer100 woah I’ve never donated to such a big streamer... hi ninja,neither,0.0203630399145039,0.3710949380059858,0.6085420220795104
Minnie,neither,0.03945320844208391,0.33037608806864915,0.630170703489267
!leaderboards,neither,0.03945320844208391,0.33037608806864915,0.630170703489267
ninjaPon,neither,0.03945320844208391,0.33037608806864915,0.630170703489267
ninjaPon,neither,0.03945320844208391,0.33037608806864915,0.630170703489267
!leaderboard,neither,0.03945320844208391,0.33037608806864915,0.630170703489267
World Cup Solo qualifier leaderboard - https://bit.ly/2Gd6A1d,neither,0.03945320844208391,0.33037608806864915,0.630170703489267
ok i might be back in a little while but i have family over so later chat :) love you all,neither,0.043325175681694,0.4575349710644879,0.49913985325381827
ok :),neither,0.03935517884257045,0.3320399062092607,0.6286049149481688
ninj i hope u stream for 24 hours,neither,0.05993728473967756,0.22044752478686064,0.7196151904734619
bye guys!,neither,0.03930128346910822,0.33295465135263125,0.6277440651782605
@t0mmy__ bye!,neither,0.03945320844208391,0.33037608806864915,0.630170703489267
ninjaH,neither,0.03945320844208391,0.33037608806864915,0.630170703489267
widpeepoHappy bye tommy,neither,0.03945320844208391,0.33037608806864915,0.630170703489267
im gunna lose it here,neither,0.07939355371129755,0.3253224344910784,0.5952840117976239
ninjaH,neither,0.03945320844208391,0.33037608806864915,0.630170703489267
bye tommy PepeHands,neither,0.03945320844208391,0.33037608806864915,0.630170703489267
widepeepoHappy breath,neither,0.03945320844208391,0.33037608806864915,0.630170703489267
lol,neither,0.020706217963973744,0.4882283491876925,0.4910654328483337
t0mmy__ later dude ninjaH,neither,0.03945320844208391,0.33037608806864915,0.630170703489267
t0mmy bye widepeepoHappy,neither,0.03945320844208391,0.33037608806864915,0.630170703489267
is he still on delay?,neither,0.05588286574482433,0.365329877475428,0.5787872567797476
