text,top_class,hate_speech,offensive_language,neither
hes here,neither,0.11077572635811307,0.2776656126034686,0.6115586610384183
Oh look at that timing,neither,0.04139180998551109,0.34452170208623845,0.6140864879282505
Great Timing Ninja,neither,0.03789590474561345,0.3097651993603191,0.6523388958940675
hi,neither,0.03945320844208391,0.33037608806864915,0.630170703489267
hi dad,neither,0.03945320844208391,0.33037608806864915,0.630170703489267
Pog,neither,0.03945320844208391,0.33037608806864915,0.630170703489267
ninjaHype ninjaHype ninjaHype ninjaHype ninjaHype ninjaHype ninjaHype,neither,0.03945320844208391,0.33037608806864915,0.630170703489267
eskettit,neither,0.03945320844208391,0.33037608806864915,0.630170703489267
yooooooo,neither,0.03945320844208391,0.33037608806864915,0.630170703489267
Hi,neither,0.03945320844208391,0.33037608806864915,0.630170703489267
PogChamp,neither,0.03945320844208391,0.33037608806864915,0.630170703489267
@ninja I am so excite.,neither,0.039258042489596,0.3669243853600097,0.5938175721503942
CJ Pog,neither,0.03945320844208391,0.33037608806864915,0.630170703489267
ninjaButton ninjaButton ninjaButton ninjaButton ninjaButton ninjaButton ninjaButton ninjaButton ninjaButton ninjaButton ninjaButton,neither,0.03945320844208391,0.33037608806864915,0.630170703489267
Heyy❤️,neither,0.03945320844208391,0.33037608806864915,0.630170703489267
hi ninja hi chat,neither,0.03945320844208391,0.33037608806864915,0.630170703489267
Mitch ninjaH,neither,0.03945320844208391,0.33037608806864915,0.630170703489267
adeadnoob3000 subscribed with Twitch Prime. They've subscribed for 2 months! ya yeet lets go,neither,0.016039079323890676,0.4544835369117225,0.5294773837643868
POG,neither,0.03945320844208391,0.33037608806864915,0.630170703489267
ninjaHype ninjaHype ninjaHype ninjaHype ninjaHype,neither,0.03945320844208391,0.33037608806864915,0.630170703489267
lol,neither,0.020706217963973744,0.4882283491876925,0.4910654328483337
the whole squad on league Kreygasm,neither,0.036246093467585026,0.32789916734397145,0.6358547391884436
LETS FUCKIN GO,offensive_language,0.07858495252370047,0.9166923978699734,0.00472264960632608
What is courage wearing,neither,0.05364709930141149,0.32352507750355414,0.6228278231950344
Sup,neither,0.03945320844208391,0.33037608806864915,0.630170703489267
i have 2 minutes to listen to old town road on be right back,neither,0.045371293374233145,0.35357988722732714,0.6010488193984396
Yeet,neither,0.03945320844208391,0.33037608806864915,0.630170703489267
patrikkiss subscribed with Twitch Prime.,neither,0.030186173588972614,0.3621416721941929,0.6076721542168345
lyon503 subscribed with Twitch Prime. They've subscribed for 8 months!,neither,0.017135853092050617,0.3228815153557895,0.6599826315521599
Dam my phones gonna die lol,neither,0.10795085976046682,0.31339822538339357,0.5786509148561396
You Need The bunny ears @Ninja,neither,0.05054057331647821,0.34943747008212506,0.6000219566013967
this is gonna be a lit stream,neither,0.04558906830268378,0.37220078337473766,0.5822101483225786
Hi,neither,0.03945320844208391,0.33037608806864915,0.630170703489267
Ninjashyper is back babyyyy,neither,0.05875706531986774,0.3237366064983911,0.6175063281817412
ffffffffffffffffffff,neither,0.03945320844208391,0.33037608806864915,0.630170703489267
ninjaCreep ninjaCreep,neither,0.03945320844208391,0.33037608806864915,0.630170703489267
ninjassssssss,neither,0.03945320844208391,0.33037608806864915,0.630170703489267
ninjaBlast1 ninjaBlast2 ninjaBlast2 ninjaBlast3 ninjaBlast3 ninjaBlast3 ninjaBlast3 ninjaBlast3 ninjaBlast3 ninjaBlast3,neither,0.03945320844208391,0.33037608806864915,0.630170703489267
pepeD,neither,0.03945320844208391,0.33037608806864915,0.630170703489267
ninjaBlast1 ninjaBlast2 ninjaBlast3 ninjaBlast3 ninjaBlast3 ninjaBlast3 ninjaBlast3,neither,0.03945320844208391,0.33037608806864915,0.630170703489267
ninjaHype ninjaHype ninjaHype,neither,0.03945320844208391,0.33037608806864915,0.630170703489267
chugging a beer as we speak,neither,0.03730303318871023,0.3668701736286528,0.5958267931826371
Any one want to play my gamer tag is PoeDamron0710,neither,0.040003717854438424,0.403933235892122,0.5560630462534397
im at work TriHard TriHard TriHard TriHard TriHard TriHard TriHard,neither,0.03713132665447359,0.4099753490256362,0.5528933243198902
LMAO JACK,neither,0.03815539038440276,0.3524034475427294,0.6094411620728678
@ninja say I’m your dad:))))) LUL,neither,0.06213617653972892,0.32408635210801917,0.613777471352252
Pog,neither,0.03945320844208391,0.33037608806864915,0.630170703489267
Let's DRINK!!!,neither,0.020585166367639265,0.37398079485778846,0.6054340387745722
LULW,neither,0.03945320844208391,0.33037608806864915,0.630170703489267
lmao,neither,0.03705015143476208,0.3711622369619404,0.5917876116032975
LETS GO,neither,0.039984317429425154,0.35542799280679366,0.6045876897637812
Hi,neither,0.03945320844208391,0.33037608806864915,0.630170703489267
lmao,neither,0.03705015143476208,0.3711622369619404,0.5917876116032975
This will be hilarious,neither,0.041550822174107396,0.30856689820727345,0.6498822796186192
what are we drinking tonight boys,neither,0.06526820892280902,0.2705300500951879,0.664201740982003
Everyone get your drinks,neither,0.06161420742868697,0.4315393121191798,0.5068464804521332
ahhh great way to start it off ninjaAww,neither,0.04196332137377226,0.3079289903791002,0.6501076882471276
song lit,neither,0.03892701663753642,0.33930693624300096,0.6217660471194627
Queen,neither,0.03945320844208391,0.33037608806864915,0.630170703489267
HEFE,neither,0.03945320844208391,0.33037608806864915,0.630170703489267
yay,neither,0.03945320844208391,0.33037608806864915,0.630170703489267
this ought to be fun,neither,0.050212586425988366,0.33225926939914036,0.6175281441748713
PogU,neither,0.03945320844208391,0.33037608806864915,0.630170703489267
Mama,neither,0.03945320844208391,0.33037608806864915,0.630170703489267
LULW,neither,0.03945320844208391,0.33037608806864915,0.630170703489267
IPA all day,neither,0.044711544268415136,0.4543906108237455,0.5008978449078394
oh baby--------------look us coming ninjaAdore,neither,0.09063343393750034,0.2745732631582619,0.6347933029042379
Bohemian rhapsody,neither,0.03945320844208391,0.33037608806864915,0.630170703489267
but its GAME TIME,neither,0.027376291872380464,0.31744088602468157,0.655182822102938
Please reverttttttttt (in queen voice),neither,0.03945320844208391,0.33037608806864915,0.630170703489267
lit,neither,0.03945320844208391,0.33037608806864915,0.630170703489267
can anyone fill me in on what the current meta is,neither,0.0405964202668663,0.3483522863658432,0.6110512933672905
no imtro mikkySad mikkySad mikkySad mikkySad,neither,0.036918905254960256,0.37338982715841207,0.5896912675866277
I don’t like league. But it’s hyper time...,neither,0.04352136437272796,0.3779200369272712,0.5785585987000008
no intro mikkySad mikkySad,neither,0.03848957175417732,0.3467315175537778,0.6147789106920449
:(,neither,0.03945320844208391,0.33037608806864915,0.630170703489267
HI DAD,neither,0.03945320844208391,0.33037608806864915,0.630170703489267
@rosereflex_ hi son,neither,0.03945320844208391,0.33037608806864915,0.630170703489267
Ninja the 🐐,neither,0.03833268284400528,0.3097437752947421,0.6519235418612527
Let’s hear your singing voice @ninja,neither,0.04480628612200784,0.34968660006654506,0.6055071138114473
"Download Discord here - discord.gg/ninja - Subscribers, connect your Discord to Twitch by – Clicking the cogwheel at the bottom, go to Connections, click Twitch and click “join” under the Ninja server. All subs are welcome to join at any time to hang out! (If you recently subscribed it may take up to 30 minutes before you can connect to the sub server.) Follow this image to connect as well - https://goo.gl/yX9sFR",neither,0.06809260872529874,0.3753919629243179,0.5565154283503834
christian_fitz3 subscribed with Twitch Prime. They've subscribed for 6 months!,neither,0.017135853092050617,0.3228815153557895,0.6599826315521599
@Ninja u have any idea of what the current league meta is?,neither,0.04727270143365616,0.32147350840492644,0.6312537901614174
Hearth1_ subscribed with Twitch Prime. They've subscribed for 10 months!,neither,0.01797585316727558,0.3231136230633543,0.6589105237693702
@ninja wheres your bunny ears,neither,0.0594700638366842,0.32482788385639083,0.615702052306925
and face the truth,neither,0.037713181496366974,0.2665895533001341,0.695697265203499
Queen bohemian rhapsody,neither,0.03945320844208391,0.33037608806864915,0.630170703489267
JAY DEE,neither,0.03945320844208391,0.33037608806864915,0.630170703489267
havent touched this game in aaaaages,neither,0.03879817875276741,0.29667457149677,0.6645272497504626
MAMA,neither,0.03945320844208391,0.33037608806864915,0.630170703489267
I’m going to take a shot every time the boys do,neither,0.04285326345145531,0.35081259737440695,0.6063341391741377
blastinbrucey subscribed with Twitch Prime. They've subscribed for 12 months!,neither,0.018231540648681904,0.323186843011016,0.6585816163403021
OOOOOHHhhhHH,neither,0.03945320844208391,0.33037608806864915,0.630170703489267
PopCorn PopCorn PopCorn,neither,0.03945320844208391,0.33037608806864915,0.630170703489267
@joseimpact I expected to response at all thank you 😂,neither,0.0605772848730326,0.45586694369562347,0.4835557714313439
ninjaHi ninjaHi ninjaHi ninjaHi ninjaHi ninjaHi,neither,0.03945320844208391,0.33037608806864915,0.630170703489267
Should be a fun night!,neither,0.04434667381565827,0.3811297427977675,0.5745235833865743
@ninja this is going to be hilarious,neither,0.051229774853275775,0.35166629360794965,0.5971039315387745
Let’s get right fucking into it,offensive_language,0.061296454400635775,0.9380806569959547,0.0006228886034095721
ninjaFire ninjaFire,neither,0.03945320844208391,0.33037608806864915,0.630170703489267
at ALL,offensive_language,0.042052916173868395,0.5695644953446639,0.38838258848146767
tatBlanket,neither,0.03945320844208391,0.33037608806864915,0.630170703489267
ninjaBlast1 ninjaBlast2 ninjaBlast3 ninjaBlast3 ninjaBlast3 ninjaBlast3 ninjaBlast3 ninjaBlast3 ninjaBlast3 ninjaBlast3 ninjaBlast3,neither,0.03945320844208391,0.33037608806864915,0.630170703489267
heyyyoooo,neither,0.03945320844208391,0.33037608806864915,0.630170703489267
Oooooooooo,neither,0.03945320844208391,0.33037608806864915,0.630170703489267
blobDance,neither,0.03945320844208391,0.33037608806864915,0.630170703489267
"Hearth1_ subscribed with Twitch Prime. They've subscribed for 10 months, currently on a 10 month streak! :))",neither,0.02183982707966882,0.3303993507611363,0.6477608221591948
ninjas hyper Incoming. in 3....2....1 !!!!!! let's go,neither,0.01940697664092113,0.3884260153413475,0.5921670080177314
*epic guitar solo*,neither,0.03945320844208391,0.33037608806864915,0.630170703489267
Ninja top 100 most influential people in the world 🙏,neither,0.05603095944264302,0.3187724382867086,0.6251966022706484
theNeverwinner subscribed with Twitch Prime. They've subscribed for 3 months! Let's go!,neither,0.013607911135703095,0.34274512783574207,0.6436469610285548
blobDance,neither,0.03945320844208391,0.33037608806864915,0.630170703489267
Amazing singing skills,neither,0.03945320844208391,0.33037608806864915,0.630170703489267
"Guarantee your PC gaming performance with BLD by NZXT. The simplest way to get a customized gaming PC. Choose the games you want to play, set a budget, and BLD takes care of the rest. Built and shipped within 48 hours with a 2-year warranty. https://nzxt.co/Ninja ninja10 ninja10",neither,0.046024978110057846,0.33494880951390904,0.6190262123760332
blobDance,neither,0.03945320844208391,0.33037608806864915,0.630170703489267
nooch33 subscribed at Tier 1. They've subscribed for 19 months!,neither,0.020717582230876913,0.3142115698976945,0.6650708478714286
blobDance,neither,0.03945320844208391,0.33037608806864915,0.630170703489267
@ninja i don’t even know how to play this game but I have to watch you😂love ya bro,offensive_language,0.04359785924145667,0.50439113125098,0.4520110095075633
zuch2004 subscribed with Twitch Prime.,neither,0.030186173588972614,0.3621416721941929,0.6076721542168345
bunny ears!,neither,0.03945320844208391,0.33037608806864915,0.630170703489267
N ninjaBlast3 I ninjaBlast3 N ninjaBlast3 J ninjaBlast3 A,neither,0.03945320844208391,0.33037608806864915,0.630170703489267
yes,neither,0.03945320844208391,0.33037608806864915,0.630170703489267
whackypanda subscribed with Twitch Prime. They've subscribed for 2 months!,neither,0.017135853092050617,0.3228815153557895,0.6599826315521599
noooo,neither,0.03945320844208391,0.33037608806864915,0.630170703489267
LULW,neither,0.03945320844208391,0.33037608806864915,0.630170703489267
@ninja where are your bunny ears!!??,neither,0.09054601648121013,0.2655105392524112,0.6439434442663787
hes going all in for easter,neither,0.03434565377533653,0.379424646924764,0.5862296992998993
runcdo87 subscribed with Twitch Prime. They've subscribed for 5 months!,neither,0.017135853092050617,0.3228815153557895,0.6599826315521599
I need new beer to drink. any recommendations?,neither,0.048796148621367365,0.2471168471955437,0.704087004183089
Yes😂,neither,0.03945320844208391,0.33037608806864915,0.630170703489267
mama mia,neither,0.03945320844208391,0.33037608806864915,0.630170703489267
NotKiddingYou subscribed at Tier 1. They've subscribed for 20 months!,neither,0.020049385392809687,0.313615182212335,0.6663354323948553
ninjaHype,neither,0.03945320844208391,0.33037608806864915,0.630170703489267
@ninja when you dropping the 300 subs on him?,neither,0.03908508098079811,0.3885797885644612,0.5723351304547406
,neither,0.03945320844208391,0.33037608806864915,0.630170703489267
ninjaBlast3 let ninjaBlast3 it ninjaBlast3 goooooo,neither,0.014077765783980845,0.39248759805826783,0.5934346361577514
for meeeeeee for MEEEEEEEEEEEE,neither,0.029187400357878153,0.2793390646599992,0.6914735349821227
@claytondrips zombie dust,neither,0.03945320844208391,0.33037608806864915,0.630170703489267
300,neither,0.03945320844208391,0.33037608806864915,0.630170703489267
Oh,neither,0.051363287716059566,0.22255663153133606,0.7260800807526044
Hey Travis,neither,0.03945320844208391,0.33037608806864915,0.630170703489267
Ninj get in the zone baby this is your time,neither,0.0748032891974173,0.3301262482551621,0.5950704625474207
damB,neither,0.03945320844208391,0.33037608806864915,0.630170703489267
COURAGE JDDDDDD,neither,0.03945320844208391,0.33037608806864915,0.630170703489267
do it,neither,0.039361844991312706,0.33040751214889547,0.6302306428597919
ninjaHi,neither,0.03945320844208391,0.33037608806864915,0.630170703489267
ooooh babby,neither,0.03945320844208391,0.33037608806864915,0.630170703489267
Sup @bradyboy1367,neither,0.03945320844208391,0.33037608806864915,0.630170703489267
why,neither,0.016768318525353994,0.3685911158159394,0.6146405656587067
hi ImKindaDefault,neither,0.03945320844208391,0.33037608806864915,0.630170703489267
"ccini97 subscribed at Tier 1. They've subscribed for 8 months, currently on a 8 month streak!",neither,0.02239512321462605,0.3238220280209259,0.653782848764448
k im done now,neither,0.03729637127996042,0.3906945950232915,0.5720090336967479
YESSSSSSSS,neither,0.03945320844208391,0.33037608806864915,0.630170703489267
bombardier200 subscribed with Twitch Prime. They've subscribed for 13 months!,neither,0.018395409525177608,0.3232343455971076,0.6583702448777148
,neither,0.03945320844208391,0.33037608806864915,0.630170703489267
hi bro,neither,0.03945320844208391,0.33037608806864915,0.630170703489267
oh yeah,neither,0.022533380315967178,0.4254575626619046,0.5520090570221282
martinyuni subscribed with Twitch Prime. They've subscribed for 2 months!,neither,0.017135853092050617,0.3228815153557895,0.6599826315521599
@blamingsatire def got to try that out. thanks man,neither,0.03498541411412189,0.43997281636122965,0.5250417695246484
jakoby,neither,0.03945320844208391,0.33037608806864915,0.630170703489267
pepeJAM,neither,0.03945320844208391,0.33037608806864915,0.630170703489267
Let’s freaking go dude !!,neither,0.026366917402225677,0.36422500448239453,0.6094080781153798
tsteinmeyer subscribed with Twitch Prime. They've subscribed for 12 months!,neither,0.018231540648681904,0.323186843011016,0.6585816163403021
"jake_phillipsjp subscribed with Twitch Prime. They've subscribed for 6 months, currently on a 1 month streak! your the best",neither,0.027984825686202336,0.317753123343722,0.6542620509700756
@ninja two nights in a row????? Let’s goooooooooo,neither,0.02905419080174914,0.3451864816305802,0.6257593275676708
"@claytondrips Yeah try it out man, it’s good",offensive_language,0.02057691385729344,0.4935380391465287,0.4858850469961779
POGGERS,neither,0.03945320844208391,0.33037608806864915,0.630170703489267
Stop Swearing,neither,0.03940706244273267,0.4193222549576381,0.5412706825996292
kebunHUU kebunUU kebunUU,neither,0.03945320844208391,0.33037608806864915,0.630170703489267
cheer500 Hey! Could you please wish my friend Theo a happy 14th Birthday? Thanks!,neither,0.03903713345534889,0.3895593613013213,0.5714035052433297
"i love that the night streams are becoming more and more uncensored, feels like we can always crack a beer to it now",neither,0.05056382979403263,0.3289844163563061,0.6204517538496613
hes gonna get tilted if hes typing that much on his first game Kappa,neither,0.030737970875032487,0.3912625687468396,0.5779994603781278
Ninja For The win!,neither,0.033039974558980986,0.28792473447485356,0.6790352909661653
w the boys,neither,0.03800392568162434,0.30340360245368914,0.6585924718646866
ninjaaaaaaaaaaaaaa,neither,0.03945320844208391,0.33037608806864915,0.630170703489267
and gals,neither,0.03854442882677734,0.28357035124239044,0.6778852199308323
LUL,neither,0.03945320844208391,0.33037608806864915,0.630170703489267
Lmao,neither,0.03705015143476208,0.3711622369619404,0.5917876116032975
Pog,neither,0.03945320844208391,0.33037608806864915,0.630170703489267
IAmBigpuffer subscribed with Twitch Prime. They've subscribed for 5 months!,neither,0.017135853092050617,0.3228815153557895,0.6599826315521599
TheThing,neither,0.03945320844208391,0.33037608806864915,0.630170703489267
18+,neither,0.03945320844208391,0.33037608806864915,0.630170703489267
Get a quick Rona for the boys,neither,0.03221887476186345,0.29460031831292055,0.673180806925216
Night streams is what I live for,neither,0.04197597930330933,0.2995357292755924,0.6584882914210982
whats up dad @Ninja ninjaH jgoH,neither,0.03725457687393507,0.37435817175943303,0.588387251366632
love uuu,neither,0.03217296676969875,0.3657703709031763,0.602056662327125
uh oh gtg,neither,0.04643193976314166,0.26471338503087416,0.6888546752059841
etter27 subscribed with Twitch Prime. They've subscribed for 2 months!,neither,0.017135853092050617,0.3228815153557895,0.6599826315521599
After dark SeriousSloth,neither,0.03945320844208391,0.33037608806864915,0.630170703489267
YESSSS,neither,0.03945320844208391,0.33037608806864915,0.630170703489267
YALL HEARD ABOUT TWITCH PRIME,neither,0.03728239622785393,0.36722043671256016,0.5954971670595858
timmy WHAT did that man just say??? i KNEW watching video games was a bad idea,neither,0.03874490006382839,0.3477600580233131,0.6134950419128585
it's always Sunny in Philadelphia though,neither,0.03717389222215222,0.37069441478980103,0.5921316929880467
@Ninja HAI Tylersan ! How we doing mang ? CoolCat,neither,0.039302845866022174,0.33292813339947036,0.6277690207345076
cbjacket83 subscribed with Twitch Prime. They've subscribed for 2 months!,neither,0.017135853092050617,0.3228815153557895,0.6599826315521599
can we get PepegaPls enabled? itz_26,neither,0.03875204652713019,0.3422766356521954,0.6189713178206745
chat ninjaAww,neither,0.03945320844208391,0.33037608806864915,0.630170703489267
Yee yee,neither,0.03945320844208391,0.33037608806864915,0.630170703489267
omg Pog,neither,0.03945320844208391,0.33037608806864915,0.630170703489267
PepegaPls,neither,0.03945320844208391,0.33037608806864915,0.630170703489267
THis is epic,neither,0.04959008194734716,0.32877495885699387,0.621634959195659
I am gonna smoke a fat bowl and watch this stream tn,neither,0.09139506558163767,0.2964317585784606,0.6121731758399017
maria Pog,neither,0.03945320844208391,0.33037608806864915,0.630170703489267
yeah kids hide under your bed ninjashyper is coming,neither,0.04949150369427108,0.40258691561195054,0.5479215806937784
tell us more about twitch prime,neither,0.06667580199365851,0.33773022367764916,0.5955939743286923
tommy Pog,neither,0.03945320844208391,0.33037608806864915,0.630170703489267
Stop warring about the damn kids.,offensive_language,0.04257896224624439,0.8648473508065457,0.09257368694720979
his cs looking like yassuo on EUW LUL,neither,0.0655793626676342,0.3533174356341619,0.5811032016982038
Let’s begin the summoning circle everyone,neither,0.02361133149185521,0.42067718569277257,0.5557114828153722
Brady Pog,neither,0.03945320844208391,0.33037608806864915,0.630170703489267
ninjaThrow,neither,0.03945320844208391,0.33037608806864915,0.630170703489267
!poggers,neither,0.03945320844208391,0.33037608806864915,0.630170703489267
T0mmy Pog,neither,0.03945320844208391,0.33037608806864915,0.630170703489267
Flashey it is,neither,0.059603583318096655,0.32344545014120724,0.616950966540696
never played or cared about league but ill do anything to watch a true after dark stream,neither,0.04134589933704948,0.3635390032409601,0.5951150974219903
LUL Jack looks so focused,neither,0.039419248161619215,0.3610703824417413,0.5995103693966395
ninjaTooth thirsty ninjaThirst,neither,0.03945320844208391,0.33037608806864915,0.630170703489267
@ninja is that...water your drinking? you gonna crack open a brew man,neither,0.06989232258048703,0.43745446708495805,0.49265321033455495
AztecanGoddess how u doin?,neither,0.03945320844208391,0.33037608806864915,0.630170703489267
chat Pog,neither,0.03945320844208391,0.33037608806864915,0.630170703489267
Welcome back Maria,neither,0.03945320844208391,0.33037608806864915,0.630170703489267
Go ninja thanks for playing this bud,neither,0.03448072768187158,0.3011184125462437,0.6644008597718847
"Good, thank you. How's you @BradyBoy1367",offensive_language,0.09040124222265405,0.47304749827051046,0.4365512595068356
League is the truth,neither,0.0471424784093765,0.3106214306678732,0.6422360909227502
Thanks Mitchell :),neither,0.037328737276664754,0.31258604004565615,0.6500852226776791
Lmao i didnt know my b but thx anyway PepegaPls,neither,0.02851568874267979,0.41202065783969266,0.5594636534176276
Jack actually listens to good music. Not the same 2 trap songs over and over,neither,0.0378998188810558,0.30531598525727266,0.6567841958616715
Pog,neither,0.03945320844208391,0.33037608806864915,0.630170703489267
"AztecanGoddess im doing pretty well, ready to kick back and relax",neither,0.042665183974365084,0.3221920513013541,0.6351427647242808
NinjasHyper. NinjasHyper. NinjasHyper.,neither,0.03945320844208391,0.33037608806864915,0.630170703489267
Whobud Pog,neither,0.03945320844208391,0.33037608806864915,0.630170703489267
BEN,neither,0.03945320844208391,0.33037608806864915,0.630170703489267
"Hey Ninja, what was that song that you said you were obsessed with yesterday?",neither,0.047837330243917786,0.4455265792558391,0.506636090500243
ok ok ok,neither,0.03935517884257045,0.3320399062092607,0.6286049149481688
ok :),neither,0.03935517884257045,0.3320399062092607,0.6286049149481688
