text,top_class,hate_speech,offensive_language,neither
garebare10 subscribed with Twitch Prime. They've subscribed for 10 months!,neither,0.01797585316727558,0.3231136230633543,0.6589105237693702
Good morning @Ninja !!,neither,0.0468013847741319,0.19273113716557552,0.7604674780602926
First viewer. I called it,neither,0.028563886678633462,0.3341214251595103,0.6373146881618562
First,neither,0.02604892428726219,0.3349864360510187,0.6389646396617191
hihi,neither,0.03945320844208391,0.33037608806864915,0.630170703489267
hi,neither,0.03945320844208391,0.33037608806864915,0.630170703489267
THIRD,neither,0.03945320844208391,0.33037608806864915,0.630170703489267
its endgame btw,neither,0.032093585665477466,0.3329073998214609,0.6349990145130616
hi brp,neither,0.03945320844208391,0.33037608806864915,0.630170703489267
hi ninja,neither,0.03945320844208391,0.33037608806864915,0.630170703489267
good morning !!,neither,0.04970930963283925,0.13564577574880146,0.8146449146183593
bro,neither,0.03945320844208391,0.33037608806864915,0.630170703489267
hey,neither,0.03945320844208391,0.33037608806864915,0.630170703489267
#nospoilers,neither,0.03945320844208391,0.33037608806864915,0.630170703489267
love u,neither,0.03217296676969875,0.3657703709031763,0.602056662327125
HI NINJ,neither,0.03945320844208391,0.33037608806864915,0.630170703489267
Hi ninja hi chat,neither,0.03945320844208391,0.33037608806864915,0.630170703489267
good morning,neither,0.04970930963283925,0.13564577574880146,0.8146449146183593
Yoooo,neither,0.03945320844208391,0.33037608806864915,0.630170703489267
GM,neither,0.03945320844208391,0.33037608806864915,0.630170703489267
Perfect timing,neither,0.03945320844208391,0.33037608806864915,0.630170703489267
#dontspoiltheendgame,neither,0.03945320844208391,0.33037608806864915,0.630170703489267
No spoilers but endgame was the best marvel movie I’ve ever seen. You will LOVE it.,neither,0.02767379500140305,0.31332352262852425,0.6590026823700728
ready for a good day!!!!!!!!!!!,neither,0.032593844581393805,0.28093180496960346,0.6864743504490027
Agin I was first,neither,0.02795943722407552,0.3378485275292669,0.6341920352466575
I turned off whispers because like 4 people already messaged me spoilers,neither,0.057631497108275184,0.37403341542317936,0.5683350874685456
ninjaBlast1 ninjaBlast2 ninjaBlast3 ninjaBlast3 ninjaBlast3 ninjaCash ninjaBits,neither,0.03945320844208391,0.33037608806864915,0.630170703489267
the film is a madness,neither,0.04599906046304459,0.3132564207621298,0.6407445187748255
,neither,0.03945320844208391,0.33037608806864915,0.630170703489267
"ANT MAN JUMPS IN HIS BUTT, NO IM JUST KIDDING DONT BAN ME",neither,0.04627675200839471,0.44929593442587895,0.5044273135657262
mninja permaban anyone who spoils,neither,0.04048288401518735,0.4315862553954792,0.5279308605893335
ok is it me or is the music wonky sounding,neither,0.04352727642379105,0.34454230881217207,0.611930414764037
ok :),neither,0.03935517884257045,0.3320399062092607,0.6286049149481688
@ninja,neither,0.03945320844208391,0.33037608806864915,0.630170703489267
Only spoiler - it was so good ninjaClap,neither,0.03661094220863554,0.39393094535180795,0.5694581124395565
Hi chat,neither,0.03945320844208391,0.33037608806864915,0.630170703489267
play with PK,neither,0.0224239371025857,0.39477495987263056,0.5828011030247837
Look at the comments. I was first,neither,0.03281743771086079,0.34093734287612487,0.6262452194130145
IM EARLY mikkyHey mikkyHey mikkyHey mikkyHey mikkyHey mikkyHey,neither,0.04045404751103885,0.34134231388191977,0.6182036386070414
Deal with it,neither,0.02440318802183769,0.38066990303042525,0.5949269089477371
• Good morning!,neither,0.04970930963283925,0.13564577574880146,0.8146449146183593
Hey that’s me :),neither,0.024494652507962154,0.44630126200954523,0.5292040854824925
Lol,neither,0.020706217963973744,0.4882283491876925,0.4910654328483337
Wasup,neither,0.03945320844208391,0.33037608806864915,0.630170703489267
ENDGAME SPOILER: Black Widow is in fortntie,neither,0.07317844101843234,0.30865306703944845,0.6181684919421193
ninjaPon ninjaPon ninjaPon,neither,0.03945320844208391,0.33037608806864915,0.630170703489267
ninjaPon,neither,0.03945320844208391,0.33037608806864915,0.630170703489267
koflorian1 subscribed with Twitch Prime. They've subscribed for 8 months!,neither,0.017135853092050617,0.3228815153557895,0.6599826315521599
Good morning Ninj,neither,0.04970930963283925,0.13564577574880146,0.8146449146183593
Good morning chat ninjaH,neither,0.04710811743625922,0.18682059753836155,0.7660712850253792
I don’t even want to look at chat I’m afraid,neither,0.045000068391038706,0.35471113184906355,0.6002887997598977
ninjaPopcorn ninjaPopcorn ninjaPopcorn,neither,0.03945320844208391,0.33037608806864915,0.630170703489267
when are you seeing endgame? @Ninja,neither,0.07003451347722205,0.37781601906007967,0.5521494674626982
Thank god he’s streaming i was so bored,neither,0.04280976305087631,0.36720017855954395,0.5899900583895797
Morning,neither,0.05283876784042269,0.1031882115525248,0.8439730206070525
hey chat im happy to see yall,neither,0.04280188244221199,0.3728825261119898,0.5843155914457981
Superman dies in endgame SPOILERS,neither,0.03945320844208391,0.33037608806864915,0.630170703489267
Morning Ninj! Have a great stream and day today 👏👏👏,neither,0.04166699765718846,0.17131217151729491,0.7870208308255165
goodmorning cuties lupoK,neither,0.03945320844208391,0.33037608806864915,0.630170703489267
endgame=🥺😭,neither,0.03945320844208391,0.33037608806864915,0.630170703489267
ninjaPon ninjaPon ninjaPon ninjaPon,neither,0.03945320844208391,0.33037608806864915,0.630170703489267
Is it too early for beer?,neither,0.04051512528760714,0.2798193150342154,0.6796655596781773
good morning tyler have a great stream,neither,0.04260141850831707,0.22100504796410028,0.7363935335275826
what does spoil mean?,neither,0.03031477087611951,0.4466061569536312,0.5230790721702493
"buckle0this subscribed at Tier 1. They've subscribed for 7 months, currently on a 7 month streak! Yeeeeeerp",neither,0.02239512321462605,0.3238220280209259,0.653782848764448
@maingamefreak ban,neither,0.03945320844208391,0.33037608806864915,0.630170703489267
so glad i saw it last night so i can look at chat and reddit again lul,neither,0.03376268041417035,0.3826749563238854,0.5835623632619444
Morning peeps ninjaHi,neither,0.048203553387938615,0.18185989775694275,0.7699365488551186
karissarae subscribed with Twitch Prime.,neither,0.030186173588972614,0.3621416721941929,0.6076721542168345
dont spoil endgame... what ever it takes,neither,0.04268923078472325,0.3275520530622738,0.6297587161530029
ninjaBlast1 ninjaBlast2 ninjaBlast3 ninjaBlast3 ninjaBlast3 ninjaBlast3,neither,0.03945320844208391,0.33037608806864915,0.630170703489267
!google @arshiam83,neither,0.03945320844208391,0.33037608806864915,0.630170703489267
https://www.google.com/,neither,0.03945320844208391,0.33037608806864915,0.630170703489267
:),neither,0.03945320844208391,0.33037608806864915,0.630170703489267
Morning fam!,neither,0.04928517811369384,0.16350190334528147,0.7872129185410247
Haven't seen endgame yet so won't be able to spoil it either way lol ninjaAmazing,neither,0.03784913745429178,0.3893881917706648,0.5727626707750434
im mentally and emotionally & physically ready for this intro tatHmm,neither,0.035226973851731874,0.3105112051900877,0.6542618209581803
"Ninja, HD and DK said you were in their LTM????",neither,0.050252998524978186,0.31461088162279244,0.6351361198522295
@johnny_mack96 thanks,neither,0.035884468650613,0.3004919205142699,0.6636236108351171
ninjaPon ninjaPon,neither,0.03945320844208391,0.33037608806864915,0.630170703489267
ninjaPon,neither,0.03945320844208391,0.33037608806864915,0.630170703489267
mikkyHey mikkyHey mikkyHey mikkyHey mikkyHey mikkyHey mikkyHey mikkyHey mikkyHey mikkyHey mikkyHey,neither,0.03945320844208391,0.33037608806864915,0.630170703489267
ninjaJam,neither,0.03945320844208391,0.33037608806864915,0.630170703489267
!MOUSE,neither,0.03945320844208391,0.33037608806864915,0.630170703489267
Final Mouse Air58 Ninja -- finalmouse.com/collections/all,neither,0.04048823419009129,0.3730814186234733,0.5864303471864354
m0ment subscribed with Twitch Prime. They've subscribed for 23 months!,neither,0.018766382747298516,0.32334345672772463,0.6578901605249768
pepeJAM,neither,0.03945320844208391,0.33037608806864915,0.630170703489267
Morning everyone missgHI ninjaH,neither,0.04178497597973255,0.2907999075264022,0.6674151164938652
sypherWAT sypherWAT sypherWAT sypherWAT sypherWAT sypherWAT sypherWAT sypherWAT sypherWAT sypherWAT,neither,0.03945320844208391,0.33037608806864915,0.630170703489267
pepeJAM,neither,0.03945320844208391,0.33037608806864915,0.630170703489267
howdy chat,neither,0.03945320844208391,0.33037608806864915,0.630170703489267
ninjaThirst,neither,0.03945320844208391,0.33037608806864915,0.630170703489267
@barbxlahey Yoo lupoSHARK,neither,0.03945320844208391,0.33037608806864915,0.630170703489267
yeah ill be avoiding chat today cause f spoilers,neither,0.026676231748495746,0.41197694029898096,0.5613468279525233
"im ready for anything whatever it takes, believe chat",neither,0.03414897319634172,0.33131026238346567,0.6345407644201926
Morning,neither,0.05283876784042269,0.1031882115525248,0.8439730206070525
ninjaJam,neither,0.03945320844208391,0.33037608806864915,0.630170703489267
ninjaJam,neither,0.03945320844208391,0.33037608806864915,0.630170703489267
LETS GOOO,neither,0.03868305123800957,0.34344766577192837,0.6178692829900622
"JFa11en subscribed with Twitch Prime. They've subscribed for 14 months, currently on a 14 month streak!",neither,0.022713929557757324,0.3303210719021123,0.6469649985401303
3 2 1 MrDestructoid MrDestructoid MrDestructoid,neither,0.03945320844208391,0.33037608806864915,0.630170703489267
widepeepoHappy,neither,0.03945320844208391,0.33037608806864915,0.630170703489267
ninjaJam,neither,0.03945320844208391,0.33037608806864915,0.630170703489267
ninjaJam,neither,0.03945320844208391,0.33037608806864915,0.630170703489267
ninjaJam,neither,0.03945320844208391,0.33037608806864915,0.630170703489267
ninjaJAM,neither,0.03945320844208391,0.33037608806864915,0.630170703489267
ninjaJam,neither,0.03945320844208391,0.33037608806864915,0.630170703489267
Ninjajam,neither,0.03945320844208391,0.33037608806864915,0.630170703489267
SPOILERS: they do surgery on a grape,neither,0.03822266396842671,0.3412040150284505,0.6205733210031228
PogChamp,neither,0.03945320844208391,0.33037608806864915,0.630170703489267
PagChomp,neither,0.03945320844208391,0.33037608806864915,0.630170703489267
ninjaJam,neither,0.03945320844208391,0.33037608806864915,0.630170703489267
Thanos Snaps and reverts siphion,neither,0.03763944115734239,0.1918412352459551,0.7705193235967025
ninjaJam ninjaJam ninjaJam,neither,0.03945320844208391,0.33037608806864915,0.630170703489267
Hey chat KonCha,neither,0.03945320844208391,0.33037608806864915,0.630170703489267
Good morning ninja and everyone from NYC,neither,0.04027550757662452,0.2678671442623964,0.6918573481609791
Jam Fam wassup,neither,0.1655038399450483,0.17617935850716787,0.6583168015477838
ninjaJam,neither,0.03945320844208391,0.33037608806864915,0.630170703489267
!mods,neither,0.03945320844208391,0.33037608806864915,0.630170703489267
ninjaCreep,neither,0.03945320844208391,0.33037608806864915,0.630170703489267
It’s game time pepeJAM,neither,0.035025985323666124,0.2994888242222482,0.6654851904540856
ninjaJam pepeJAM,neither,0.03945320844208391,0.33037608806864915,0.630170703489267
Lol,neither,0.020706217963973744,0.4882283491876925,0.4910654328483337
PogChamp PogChamp PogChamp PogChamp PogChamp PogChamp PogChamp PogChamp PogChamp PogChamp PogChamp PogChamp PogChamp PogChamp PogChamp PogChamp PogChamp PogChamp PogChamp PogChamp PogChamp PogChamp,neither,0.03945320844208391,0.33037608806864915,0.630170703489267
I've never seen any of the avengers movies LUL,neither,0.02325693838459044,0.3336032788386775,0.6431397827767321
ninjaClap ninjaClap ninjaClap ninjaClap ninjaClap ninjaClap ninjaClap ninjaClap ninjaClap ninjaClap ninjaClap ninjaClap,neither,0.03945320844208391,0.33037608806864915,0.630170703489267
ANY IDEAS an THE NEXT MARVEL skin?,neither,0.03855609248114227,0.3242830327486031,0.6371608747702546
ninjaCreep ninjaCreep ninjaCreep ninjaCreep ninjaCreep ninjaCreep,neither,0.03945320844208391,0.33037608806864915,0.630170703489267
first time i see the start of a stream,neither,0.03225186084171638,0.334866393982965,0.6328817451753187
Morning Ninja,neither,0.048203553387938615,0.18185989775694275,0.7699365488551186
PogChamp PogChamp PogChamp PogChamp PogChamp PogChamp PogChamp PogChamp PogChamp PogChamp PogChamp PogChamp PogChamp,neither,0.03945320844208391,0.33037608806864915,0.630170703489267
ninjaBlast1 ninjaBlast2 ninjaBlast3,neither,0.03945320844208391,0.33037608806864915,0.630170703489267
I could spoil it all right now,neither,0.03881284636150481,0.41426297505726223,0.546924178581233
ninjaBlast1 ninjaBlast2 ninjaBlast3 ninjaBlast3 ninjaBlast3 ninjaBlast3 ninjaBlast3 ninjaBlast3 ninjaBlast3 ninjaBlast3,neither,0.03945320844208391,0.33037608806864915,0.630170703489267
Hold tf up this shit is dope,offensive_language,0.05085792151524262,0.9457054574572349,0.0034366210275225753
,neither,0.03945320844208391,0.33037608806864915,0.630170703489267
@secseabeast pepeJAM lupoSHARK,neither,0.03945320844208391,0.33037608806864915,0.630170703489267
hi,neither,0.03945320844208391,0.33037608806864915,0.630170703489267
finally been waiting all morning for my favorite streamer,neither,0.032744805115973094,0.3201740810314935,0.6470811138525335
ninjaJam ninjaCreep,neither,0.03945320844208391,0.33037608806864915,0.630170703489267
about to go grab another coffee how you doing today Zach? ninjaJam pepeJAM,neither,0.10011339094313629,0.20736672377655227,0.6925198852803115
ninjaStars ninjaStars ninjaStars ninjaStars ninjaStars ninjaStars ninjaStars,neither,0.03945320844208391,0.33037608806864915,0.630170703489267
ninjaBits ninjaBits ninjaBits ninjaBits,neither,0.03945320844208391,0.33037608806864915,0.630170703489267
Iron man is the next skin,neither,0.04473185424859944,0.3752550817508495,0.5800130640005511
when i die play this at my funeral,neither,0.10668436996127836,0.28927408904756463,0.6040415409911571
skelboy178 subscribed with Twitch Prime.,neither,0.030186173588972614,0.3621416721941929,0.6076721542168345
its game time,neither,0.029882761249500213,0.30431233079982395,0.6658049079506758
Ninj were you in the LTM this am with DK and HD?,neither,0.039544494652545635,0.33105312322221,0.6294023821252445
KevinTurtle,neither,0.03945320844208391,0.33037608806864915,0.630170703489267
@Ninja you should look on twitter. i tagged you in it and its about epic talkign about the siphon,offensive_language,0.055852488139664785,0.48082354779689845,0.46332396406343673
Chat I killed spider end game LUL,neither,0.03900271115096303,0.3038006896015832,0.6571965992474538
ninjaPon ninjaPon ninjaPon ninjaPon ninjaPon ninjaClap ninjaCreep ninjaClap ninjaCreep,neither,0.03945320844208391,0.33037608806864915,0.630170703489267
ninjaPon,neither,0.03945320844208391,0.33037608806864915,0.630170703489267
"Bruh, ok this is epic",neither,0.046850751490078696,0.3300275938122517,0.6231216546976696
Hey Tyler! ninjaRed ninjaChocobo ninjaChocobo ninjaChocobo,neither,0.03945320844208391,0.33037608806864915,0.630170703489267
SeemsGood,neither,0.03945320844208391,0.33037608806864915,0.630170703489267
sweet jams,neither,0.03945320844208391,0.33037608806864915,0.630170703489267
ninjaPon ninjaPon ninjaPon ninjaPon ninjaPon ninjaPon ninjaPon ninjaPon ninjaPon ninjaPon ninjaPon ninjaPon ninjaPon ninjaPon ninjaPon ninjaPon ninjaPon ninjaPon,neither,0.03945320844208391,0.33037608806864915,0.630170703489267
pepeJAM Johnny ninjaHi,neither,0.03945320844208391,0.33037608806864915,0.630170703489267
what is avengers . never heard of it,neither,0.045924203441993744,0.3587485800599246,0.5953272164980816
nani desu ka,neither,0.03945320844208391,0.33037608806864915,0.630170703489267
ninjaShrug ninjaShrug ninjaShrug ninjaShrug ninjaShrug ninjaShrug,neither,0.03945320844208391,0.33037608806864915,0.630170703489267
WeirdChamp already starting with spoilers,neither,0.026585424635239704,0.39238850235934764,0.5810260730054125
ninjaPon ninjaPon ninjaPon ninjaPon ninjaPon ninjaPon,neither,0.03945320844208391,0.33037608806864915,0.630170703489267
Any more avengers skins yet?,neither,0.040790523499249005,0.32336808517893995,0.6358413913218112
@esg_flyer The reddit post is coming out soon.,neither,0.041517107948926546,0.3282227246824068,0.6302601673686665
Nice job on Fallon!,neither,0.036988092677492486,0.3421750391068795,0.6208368682156281
When are you gonna see endgame ninja?,neither,0.06852235485025565,0.426273854173285,0.5052037909764593
@tgnt_alpha electraGun,neither,0.03945320844208391,0.33037608806864915,0.630170703489267
"@BarbxLahey, you know I already made that coffee!!",neither,0.06384326176298673,0.26513741816970743,0.6710193200673058
HI NINJA,neither,0.03945320844208391,0.33037608806864915,0.630170703489267
@Ninja what do you think of TJ Hockenson?,neither,0.05978759645911664,0.35531156798941316,0.5849008355514702
@tgnt_alpha you're actually a child,neither,0.08841693669980757,0.34717817374075755,0.5644048895594349
Spoilers should be an instant ban in chat,neither,0.04890584745347985,0.3552989713219985,0.5957951812245217
Ninja pog?,neither,0.03945320844208391,0.33037608806864915,0.630170703489267
@ninja morning,neither,0.048203553387938615,0.18185989775694275,0.7699365488551186
"grizzledgames subscribed with Twitch Prime. They've subscribed for 5 months! Inspirational man, keep up the great work. Best intro on Twitch btw. =)",neither,0.02293929109136742,0.35125618666937697,0.6258045222392555
@SecSeaBeast OUU Kreygasm,neither,0.03945320844208391,0.33037608806864915,0.630170703489267
Someone ban @tgnt_alpha please,neither,0.03945320844208391,0.33037608806864915,0.630170703489267
,neither,0.03945320844208391,0.33037608806864915,0.630170703489267
Idiots are already spiking in chat,neither,0.05952205318882458,0.3072381038658759,0.6332398429452994
They’re real spoilers :(,offensive_language,0.05462577167557065,0.4753677293972059,0.47000649892722357
shaharbenador subscribed with Twitch Prime.,neither,0.030186173588972614,0.3621416721941929,0.6076721542168345
!uptime,neither,0.03945320844208391,0.33037608806864915,0.630170703489267
Ninja has been streaming for 6 minutes 50 seconds,neither,0.035909554605212814,0.3116708868063255,0.6524195585884617
LUL CaaaaChiingggg,neither,0.03945320844208391,0.33037608806864915,0.630170703489267
WHATS GOODY,neither,0.03945320844208391,0.33037608806864915,0.630170703489267
ahhhh calm before the storm tatHmm,neither,0.03635614848584915,0.3626086095166772,0.6010352419974737
What are the kids doing,neither,0.0796988898307206,0.25518665333437524,0.6651144568349042
!uptime,neither,0.03945320844208391,0.33037608806864915,0.630170703489267
*mds,neither,0.03945320844208391,0.33037608806864915,0.630170703489267
ashtontownsend58 subscribed at Tier 1. They've subscribed for 11 months! LETS GO!!!!,neither,0.021766855980416163,0.32524376817004363,0.6529893758495402
Ninja !,neither,0.03945320844208391,0.33037608806864915,0.630170703489267
why let that dude just say spoilers lmao,neither,0.014240404792184743,0.442636867212064,0.5431227279957512
NINJA,neither,0.03945320844208391,0.33037608806864915,0.630170703489267
Batman dies in endgame ninjaCreep,neither,0.03945320844208391,0.33037608806864915,0.630170703489267
I use all the time :),offensive_language,0.009084044704104094,0.5310395683201515,0.4598763869757443
Code:Ninja,neither,0.03945320844208391,0.33037608806864915,0.630170703489267
Mods please ban tgnt_alpha,neither,0.03945320844208391,0.33037608806864915,0.630170703489267
goodmorning @Ninja,neither,0.03945320844208391,0.33037608806864915,0.630170703489267
sup duders,neither,0.03945320844208391,0.33037608806864915,0.630170703489267
good morning ninja!,neither,0.0468013847741319,0.19273113716557552,0.7604674780602926
Love you ninja,neither,0.055614303534325615,0.40605032358192344,0.538335372883751
"@eliyahswopes, already is banned",neither,0.04703470749401384,0.34637913708772694,0.6065861554182593
xxtammygunxx subscribed with Twitch Prime.,neither,0.030186173588972614,0.3621416721941929,0.6076721542168345
plebs would love to drop spoilers,neither,0.055750053692131374,0.3307748425697868,0.6134751037380819
hi,neither,0.03945320844208391,0.33037608806864915,0.630170703489267
dont spoil end game please guys,neither,0.03883718792471943,0.2999558296123713,0.6612069824629093
HI TYLER,neither,0.03945320844208391,0.33037608806864915,0.630170703489267
Well I guess I’m not looking at chat. Stupid kids spoiling,neither,0.08567073537339025,0.27660719450250026,0.6377220701241094
Good. Later plebs,neither,0.03853413773409545,0.3306921986296675,0.6307736636362372
"Mods what are you doing, that dude is spoiling",neither,0.09329659742787731,0.3538935380686753,0.5528098645034474
They already banned him chat chill,neither,0.038578704101630834,0.3452187090006011,0.6162025868977681
Karlvdb subscribed with Twitch Prime. They've subscribed for 2 months!,neither,0.017135853092050617,0.3228815153557895,0.6599826315521599
missgCUTE xsunakMelt,neither,0.03945320844208391,0.33037608806864915,0.630170703489267
Does anybody have tips for learning new binds in Fortnite,neither,0.028606903877321715,0.3496411888671788,0.6217519072554994
FortLlama,neither,0.03945320844208391,0.33037608806864915,0.630170703489267
He doesn’t advertise his code at all,neither,0.06482208067941013,0.40128961302444804,0.5338883062961418
That’s a good call LUL,neither,0.03526161387699064,0.36998799786477143,0.5947503882582379
"oh, the sweet jams i was listening to was in another window, not your stream FailFish",neither,0.0925633066161886,0.2541299925542325,0.6533067008295789
hey babes,neither,0.03945320844208391,0.33037608806864915,0.630170703489267
"mikeymoe95 subscribed with Twitch Prime. They've subscribed for 13 months, currently on a 3 month streak!",neither,0.020872914214808722,0.33050469607806626,0.648622389707125
scm145 subscribed with Twitch Prime. They've subscribed for 10 months!,neither,0.01797585316727558,0.3231136230633543,0.6589105237693702
OkayChamp we okay chat?,neither,0.03928895367655655,0.3331639201104274,0.627547126213016
mods SeemsGood,neither,0.03945320844208391,0.33037608806864915,0.630170703489267
Ok,neither,0.03935517884257045,0.3320399062092607,0.6286049149481688
ok :),neither,0.03935517884257045,0.3320399062092607,0.6286049149481688
"Well, no chat for me today",neither,0.027088224768075236,0.3334761889058975,0.6394355863260273
@Ninja when are you seeing it??,neither,0.06675882935736854,0.37717393192771453,0.556067238714917
Yo,offensive_language,0.04010381111145228,0.5271105317972344,0.4327856570913131
Please do not spoil endgame guys come on,neither,0.03589963131436451,0.36794194277095166,0.5961584259146838
Tgnt_Alpha with the spoilers... TableHere,neither,0.015296353997947114,0.3843176476067893,0.6003859983952635
Niceee,neither,0.03945320844208391,0.33037608806864915,0.630170703489267
LOL @ 1 month subs criticizing MODS LUL,neither,0.03367385097611626,0.371276131658954,0.5950500173649298
if you were that pathetic and petty to spoil a movie for thousands of others than you deserve to be banned,neither,0.049477636863111255,0.3520584239930829,0.5984639391438058
!uptime,neither,0.03945320844208391,0.33037608806864915,0.630170703489267
Ninja has been streaming for 7 minutes 57 seconds,neither,0.035678679601720456,0.31045049647393935,0.6538708239243401
GG,neither,0.03945320844208391,0.33037608806864915,0.630170703489267
Barb missgCUTE sutoGazm,neither,0.03945320844208391,0.33037608806864915,0.630170703489267
sutoHype,neither,0.03945320844208391,0.33037608806864915,0.630170703489267
!subcount,neither,0.03945320844208391,0.33037608806864915,0.630170703489267
LOL if you havent seen it yet TURN CHAT OFF,neither,0.029951561892334947,0.43733294932588856,0.5327154887817765
27831 people are currently subscribed.,neither,0.13139136992445935,0.266571852775769,0.6020367772997716
FUCK EM GIVE THE BAN HAMMER,offensive_language,0.1474272728139109,0.8397970961600411,0.012775631026048085
Thanks for banning him. No spoilers guys and girls.,neither,0.024077485340703274,0.34719500558379296,0.6287275090755039
has he been banned yet??,neither,0.04426806731625527,0.32756409693346955,0.6281678357502751
Good luck not getting spoiled today chat ninjaH may the odds be ever in your favor,neither,0.04924159203799288,0.3344048665527036,0.6163535414093035
hi,neither,0.03945320844208391,0.33037608806864915,0.630170703489267
@Cerberus_san CERB YOUR NEW BADGE PogU,neither,0.0820051847410182,0.22414660320340082,0.6938482120555809
Sup everyone,neither,0.0329156616963718,0.44133531798081543,0.5257490203228127
!followage,neither,0.03945320844208391,0.33037608806864915,0.630170703489267
If you have BTTV type: /Followed ; You can get the bttv add on here: https://goo.gl/ubBaAw,neither,0.07298282171886315,0.4142730566823515,0.5127441215987854
yo,offensive_language,0.04010381111145228,0.5271105317972344,0.4327856570913131
hi,neither,0.03945320844208391,0.33037608806864915,0.630170703489267
Tyreeze subscribed with Twitch Prime.,neither,0.030186173588972614,0.3621416721941929,0.6076721542168345
Chewbacca dies,neither,0.03945320844208391,0.33037608806864915,0.630170703489267
@Ninja Your mic is so quiet bra,neither,0.06747374316883047,0.3529016233837164,0.5796246334474532
Good morning!,neither,0.04970930963283925,0.13564577574880146,0.8146449146183593
Draxx them sklountss boi,neither,0.05951191418003049,0.31945266836901703,0.6210354174509525
@cerberus_san 2 year badge ninjaPog,neither,0.03945320844208391,0.33037608806864915,0.630170703489267
Idk yet,neither,0.03945320844208391,0.33037608806864915,0.630170703489267
any arenas today?,neither,0.03740870311340306,0.2984330075661753,0.6641582893204216
Barb annytfCool,neither,0.03945320844208391,0.33037608806864915,0.630170703489267
,neither,0.03945320844208391,0.33037608806864915,0.630170703489267
scubastevex55 subscribed with Twitch Prime. They've subscribed for 9 months! 'preciate you!,neither,0.023580581798524066,0.3448213942908173,0.6315980239106587
I can’t hear him,neither,0.039631518122310354,0.32734970744402286,0.6330187744336667
Johnny sutoAwhh xsunakHeart,neither,0.03945320844208391,0.33037608806864915,0.630170703489267
Yes papa,neither,0.03945320844208391,0.33037608806864915,0.630170703489267
I WILL BE HEATED,neither,0.041662384914489654,0.3067045241050106,0.6516330909804998
so is the volcano going to erupt?,neither,0.051400485053539155,0.3740133780215833,0.5745861369248775
!time,neither,0.036668274527354654,0.377643684699956,0.5856880407726893
"April 26th 2019, 10:35:28 am CDT GMT-05:00",neither,0.039354316975746394,0.33041010137865034,0.6302355816456031
I see endgame tonight at 10 POGGERS,neither,0.03573053082541285,0.33136956221995556,0.6328999069546315
"chat, if you have bttv, type /localsub to hide all non-sub messages",neither,0.04023288439508302,0.4388678214931493,0.5208992941117676
When are you watching endgame ninja? ninjaPopcorn ninjaPopcorn ninjaPopcorn,neither,0.0712691596796543,0.3793839896124342,0.5493468507079116
I can’t hear you ninja,neither,0.05741228111201965,0.37468140775819175,0.5679063111297886
excited for you to see it,neither,0.055769847306738715,0.3364762652913646,0.6077538874018966
goodmorning dad,neither,0.03945320844208391,0.33037608806864915,0.630170703489267
I saw it last night tonights the MTG pre release,neither,0.032531083191429735,0.3188117274821076,0.6486571893264625
Batman kills T*AN**,neither,0.039736766055564476,0.32556337534148255,0.634699858602953
ninjaGold,neither,0.03945320844208391,0.33037608806864915,0.630170703489267
@Cerberus_san missgLOVE ninjaAdore,neither,0.03945320844208391,0.33037608806864915,0.630170703489267
cheer1500 happy friday!,neither,0.03945320844208391,0.33037608806864915,0.630170703489267
$5 Tuesday's Movie Night,neither,0.03419983178181322,0.29265430567715695,0.6731458625410297
ninjaGold ninjaGold ninjaGold,neither,0.03945320844208391,0.33037608806864915,0.630170703489267
how did everyone enjoy END GAME?????,neither,0.034275602295144335,0.37988762368718615,0.5858367740176695
cheer100 cheer100 I will not spoil the movie Ninja since I am about to see it right now! cheer100 You have my respect though cheer100 cheer100,neither,0.04202033258021453,0.3873893375459094,0.5705903298738761
Don't spoil or joke about spoiling or I will ban you and the jam fam will dance on you ninjaJam,neither,0.05217973356260859,0.33942784691152256,0.6083924195258689
kingkranker subscribed with Twitch Prime. They've subscribed for 12 months! One full year ninjaH ninjaH,neither,0.025088750953671943,0.33802851949938495,0.6368827295469432
Hola,neither,0.03945320844208391,0.33037608806864915,0.630170703489267
Holy crap,neither,0.03945320844208391,0.33037608806864915,0.630170703489267
thats fair @SecSeaBeast,neither,0.03945320844208391,0.33037608806864915,0.630170703489267
Peppa pig kill THAN0S,neither,0.3386909040081343,0.20339731153985247,0.45791178445201325
ninjaJam ninjaJam ninjaJam ninjaJam ninjaJam ninjaJam ninjaJam ninjaJam ninjaJam ninjaJam ninjaJam,neither,0.03945320844208391,0.33037608806864915,0.630170703489267
solo ninja is great,neither,0.044617941379989985,0.3063390948724348,0.6490429637475752
ninjaCreep ninjaCreep ninjaCreep,neither,0.03945320844208391,0.33037608806864915,0.630170703489267
phatboifehl9564 subscribed with Twitch Prime.,neither,0.030186173588972614,0.3621416721941929,0.6076721542168345
CRANK EM ninja90s ninja90s ninja90s,neither,0.03945320844208391,0.33037608806864915,0.630170703489267
ninjaH ninjaH ninjaH ninjaH,neither,0.03945320844208391,0.33037608806864915,0.630170703489267
!uptime,neither,0.03945320844208391,0.33037608806864915,0.630170703489267
Ninja has been streaming for 10 minutes 7 seconds,neither,0.035850120125353144,0.3113567276014471,0.6527931522731997
WHAT NINJ,neither,0.057770773616808734,0.3180719994247239,0.6241572269584672
I’m seeing endgame Sunday,neither,0.03945320844208391,0.33037608806864915,0.630170703489267
I havent seen a marvel movie in forever,neither,0.04102799753405194,0.3036478073059211,0.6553241951600269
ninjaPog,neither,0.03945320844208391,0.33037608806864915,0.630170703489267
ninja90s ninja90s ninja90s ninja90s ninja90s ninja90s ninja90s ninja90s ninja90s ninja90s ninja90s ninja90s ninja90s ninja90s ninja90s ninja90s ninja90s ninja90s ninja90s ninja90s,neither,0.03945320844208391,0.33037608806864915,0.630170703489267
Endgame is soooooo gooooood,neither,0.05026584871334308,0.3266571252592286,0.6230770260274283
ninja90s ninja90s ninja90s ninja90s ninja90s ninja90s ninja90s ninja90s,neither,0.03945320844208391,0.33037608806864915,0.630170703489267
Wtf rarity is the picaxe,offensive_language,0.05784059845308153,0.6779758328063668,0.2641835687405517
"You literally have no life, 0 ambition and entirely too much free time if you have to PM with spoilers. It's actually really, really sad.",neither,0.03475588625166811,0.43761409934084017,0.5276300144074917
!give,neither,0.03945320844208391,0.33037608806864915,0.630170703489267
ninjaPon Ninja take Jakamon17's energy ninjaPon,neither,0.03945320844208391,0.33037608806864915,0.630170703489267
hey guys HeyGuys ninjaCreep,neither,0.03929207127355727,0.33311100635304525,0.6275969223733975
yay first game,neither,0.03175349147927272,0.2902052709807585,0.6780412375399688
"Yo @Ninja you see dizzy is now playing Fortnite, something new or has he been playing for awhile?",neither,0.05245092003583821,0.3210062756739972,0.6265428042901646
ninjaTooth ninjaClap ninjaCreep ninjaCRINJA ninjaAdore ninjaFire ninjaAmazing ninjaAim ninja10 ninjaBull ninjaRed ninjaBand ninjaAww ninjaBits ninjaBlank ninjaBlood ninjaBomb ninjaBush ninjaCry ninjaChug ninjaChocobo ninjaChance ninjaCash ninjaButton,neither,0.03945320844208391,0.33037608806864915,0.630170703489267
@Ninja is my mood on endgame being spoiled lol,neither,0.026997491418066843,0.4491031096479877,0.5238993989339454
blackopsyt subscribed with Twitch Prime. They've subscribed for 2 months!,neither,0.017135853092050617,0.3228815153557895,0.6599826315521599
I’m seeing endgame later today,neither,0.03795946612140575,0.30737800821283257,0.6546625256657618
!discord,neither,0.03945320844208391,0.33037608806864915,0.630170703489267
"Join Ninja's Discord here: discord.gg/ninja Connect your Discord to Twitch by - Clicking the cogwheel at the bottom, go to Connections, click Twitch, then click “Join” under the Ninja server. All subs are welcome to join at any time to hang out! (If you recently subscribed it may take up to 30 minutes before you can connect to the sub server.) Follow this image to connect as well - https://goo.gl/yX9sFR",neither,0.06570180654777374,0.3802258883096626,0.5540723051425637
when are you going to see endgame?,neither,0.09568287186861395,0.4200446216215608,0.48427250650982534
Hey Ninj,neither,0.03945320844208391,0.33037608806864915,0.630170703489267
GOD,neither,0.03945320844208391,0.33037608806864915,0.630170703489267
ninjaButton ninjaCash ninjaChance ninjaChocobo ninjaChug ninjaCry ninjaH ninjaGold ninjaFood ninjaFan ninjaFail ninjaDance ninjaHi ninjaHmm ninjaHS ninjaHype ninjaIQ ninjaK ninjaPrime ninjaPopcorn ninjaPon ninjaPog ninjaNavi ninjaLlama ninjaRekt ninjaS ninjaShrug ninjaSplat ninjaSplode ninjaStars ninjaTube ninjaTroll ninjaToxic ninjaTilt ninjaThrow ninjaThirst ninjaWifey ninjaShield ninjaBlast3 ninjaBlast2 ninjaBlast1 ninja90s,neither,0.03945320844208391,0.33037608806864915,0.630170703489267
nickmercsB nickmercsYA nickmercsLY nickmercsANGRY nickmercsSHIELD nickmercsSHADES nickmercsPOP nickmercsLG,neither,0.03945320844208391,0.33037608806864915,0.630170703489267
ninjaHi,neither,0.03945320844208391,0.33037608806864915,0.630170703489267
"Someone already spoiled it for me RIP. Chat if you don’t want it spoiled I highly recommend minimizing chat, not going on ANY social media. Chances are someone will spoil it for you otherwise",neither,0.038858865320089905,0.3620698321262447,0.5990713025536653
"Yeah please dont spoil the movie, even though we all know Darth Jar Jar beats Thanos lol Wait...............",neither,0.030126126304235466,0.4109654921540839,0.5589083815416805
@Ninja hey ninj! hope youre having a good morning,neither,0.0822986142659895,0.15988107158952822,0.7578203141444823
"CrissANDCasey subscribed at Tier 1. They've subscribed for 4 months! 4 months already! That's nothing compared to some of you guys, but it's great to be here!",neither,0.03991160614610117,0.36317415040081874,0.5969142434530801
sutoLIT sutoHype sutoCringe,neither,0.03945320844208391,0.33037608806864915,0.630170703489267
i never understand why people have minis and dont use them lol,neither,0.02139784682808746,0.4492940246319355,0.5293081285399769
@RoliPoli27 waiiit,neither,0.03945320844208391,0.33037608806864915,0.630170703489267
ninjaAdore ninjaTooth ninjaClap ninjaCreep ninjaCRINJA ninjaFire ninjaBand ninjaRed ninjaBull ninja10 ninjaAim ninjaAmazing ninjaAww ninjaBits ninjaBlank ninjaBlank ninjaBlood ninjaBomb ninjaBush ninjaButton ninjaCash ninjaChance ninjaChocobo ninjaChug ninjaCry ninjaDance ninjaFail ninjaFan ninjaFood ninjaGold ninjaH ninjaHi ninjaHmm ninjaHS ninjaHype ninjaIQ ninjaK ninjaLlama ninjaNavi ninjaPog ninjaPon ninjaPopcorn ninjaPrime ninjaRekt ninjaS ninjaShrug ninjaSplat ninjaSplode ninjaStars ninjaT,neither,0.03945320844208391,0.33037608806864915,0.630170703489267
@spyderr Turn off you whispers for at least a week.,neither,0.044649471971687636,0.35499039890137873,0.6003601291269336
Welcome,neither,0.03945320844208391,0.33037608806864915,0.630170703489267
ninjaPog ninjaPog,neither,0.03945320844208391,0.33037608806864915,0.630170703489267
spoilers in the chat,neither,0.03831145552551962,0.3093391937240226,0.6523493507504577
"if i do end up watchinb this movie, ill just watch it at for free :)",neither,0.02432676114032663,0.3815988457951993,0.594074393064474
pon pon,neither,0.03945320844208391,0.33037608806864915,0.630170703489267
crounitedo6 subscribed with Twitch Prime.,neither,0.030186173588972614,0.3621416721941929,0.6076721542168345
gey,neither,0.03945320844208391,0.33037608806864915,0.630170703489267
how hard is it to just not spoil the movie?,offensive_language,0.037463198936963905,0.4820021882140438,0.4805346128489924
@Nightbot ninjaChocobo,neither,0.03945320844208391,0.33037608806864915,0.630170703489267
T GEY,neither,0.03945320844208391,0.33037608806864915,0.630170703489267
"drknght44 subscribed with Twitch Prime. They've subscribed for 6 months! Love your stream and content man, somthing about you makes me smile. Thank you",neither,0.03589881037017227,0.39946305186476494,0.5646381377650628
Spoilers? Yikes,neither,0.03945320844208391,0.33037608806864915,0.630170703489267
cheer100 cheer100 cheer100 cheer100 cheer100 Ninja do you have any theories on how endgame will end?,neither,0.05148216122852849,0.36489101261143553,0.5836268261600359
KappaRoss,neither,0.03945320844208391,0.33037608806864915,0.630170703489267
ninjaPon ninjaPon ninjaPon ninjaPon ninjaPon ninjaPon ninjaPon ninjaChocobo,neither,0.03945320844208391,0.33037608806864915,0.630170703489267
ninjaPon,neither,0.03945320844208391,0.33037608806864915,0.630170703489267
okay i got 10 min to lay down the law Kappa,neither,0.04193724593545363,0.3446579657710598,0.6134047882934865
