text,top_class,hate_speech,offensive_language,neither
ninjaHi ninjaHi ninjaHi ninjaHi,neither,0.03945320844208391,0.33037608806864915,0.630170703489267
ninjaRare,neither,0.03945320844208391,0.33037608806864915,0.630170703489267
pepeD,neither,0.03945320844208391,0.33037608806864915,0.630170703489267
sup,neither,0.03945320844208391,0.33037608806864915,0.630170703489267
ninjaJam boys !!!,neither,0.03945320844208391,0.33037608806864915,0.630170703489267
widepeepoHappy ☕ morning Zap,neither,0.05283876784042269,0.1031882115525248,0.8439730206070525
Yo,offensive_language,0.04010381111145228,0.5271105317972344,0.4327856570913131
ELLO ALL HYPERS,offensive_language,0.046917543854519406,0.6277741405869331,0.3253083155585475
@BarbxLahey Morning ninjaChocobo,neither,0.05283876784042269,0.1031882115525248,0.8439730206070525
ninjaChocobo,neither,0.03945320844208391,0.33037608806864915,0.630170703489267
@Ninja morning brother :),neither,0.04689485476206436,0.20407192886928016,0.7490332163686554
ninjaChocobo,neither,0.03945320844208391,0.33037608806864915,0.630170703489267
hi ninja love you,neither,0.05207102980911946,0.3902101034358819,0.5577188667549986
hey chat,neither,0.03945320844208391,0.33037608806864915,0.630170703489267
ninjaFan ninjaFan,neither,0.03945320844208391,0.33037608806864915,0.630170703489267
hi ninja,neither,0.03945320844208391,0.33037608806864915,0.630170703489267
ninjaClap ninjaClap ninjaCreep ninjaCreep,neither,0.03945320844208391,0.33037608806864915,0.630170703489267
ninjaChocobo,neither,0.03945320844208391,0.33037608806864915,0.630170703489267
blobDance PepePls blobDance,neither,0.03945320844208391,0.33037608806864915,0.630170703489267
Hi Charlie,neither,0.002006118285638882,0.00813018486069467,0.9898636968536665
ninjaK ninjaGold ninjaHype ninjaHype ninjaGold ninjaK,neither,0.03945320844208391,0.33037608806864915,0.630170703489267
Good morning,neither,0.04970930963283925,0.13564577574880146,0.8146449146183593
saw we did well yesterday hamzPOGGIES,neither,0.0393135232520989,0.3327469102919911,0.62793956645591
ninjaCreep ninjaCRINJA ninjaTooth,neither,0.03945320844208391,0.33037608806864915,0.630170703489267
ninjaPog ninjaPog ninjaPog ninjaPog ninjaPog ninjaPog ninjaPog ninjaPog ninjaPog ninjaPog ninjaPog ninjaPog ninjaPog ninjaPog ninjaPog ninjaPog ninjaPog ninjaPog ninjaPog ninjaPog ninjaPog ninjaPog ninjaPog ninjaPog ninjaPog ninjaPog,neither,0.03945320844208391,0.33037608806864915,0.630170703489267
ninjaHype ninjaHype ninjaHype ninjaHype ninjaBlast1 ninjaBlast2 ninjaBlast2 ninjaBlast2 ninjaBlast3 ninjaBlast3,neither,0.03945320844208391,0.33037608806864915,0.630170703489267
Cookiedoughiam subscribed with Twitch Prime. They've subscribed for 2 months!,neither,0.017135853092050617,0.3228815153557895,0.6599826315521599
yudhi1 subscribed with Twitch Prime.,neither,0.030186173588972614,0.3621416721941929,0.6076721542168345
Good morning! ninjaHype,neither,0.04970930963283925,0.13564577574880146,0.8146449146183593
blobDance ninjaJam blobDance,neither,0.03945320844208391,0.33037608806864915,0.630170703489267
Ya yeet,offensive_language,0.024930079393134772,0.5931503594547849,0.38191956115208037
Heeeelllooo,neither,0.03945320844208391,0.33037608806864915,0.630170703489267
Morning,neither,0.05283876784042269,0.1031882115525248,0.8439730206070525
PepegaPls,neither,0.03945320844208391,0.33037608806864915,0.630170703489267
why is it so early,neither,0.03397198126249699,0.3717334041619491,0.5942946145755539
Mornin missgHI,neither,0.03945320844208391,0.33037608806864915,0.630170703489267
First,neither,0.02604892428726219,0.3349864360510187,0.6389646396617191
Ninja will qualify this next two weeks baby I can feel it,neither,0.039468910750528545,0.31384600720046296,0.6466850820490085
its monday :),neither,0.03185027615645328,0.33299108511871844,0.6351586387248283
Morning! ninjaChocobo,neither,0.05283876784042269,0.1031882115525248,0.8439730206070525
!2hands,neither,0.03945320844208391,0.33037608806864915,0.630170703489267
"""I use 2 hands, 1 to guide the tip, and the other to cradle the balls"" - Ninja 2015",neither,0.02882840075375995,0.3926444365429246,0.5785271627033155
I'm in bed rn :),neither,0.03945320844208391,0.33037608806864915,0.630170703489267
Morning,neither,0.05283876784042269,0.1031882115525248,0.8439730206070525
"Killer_Paul subscribed with Twitch Prime. They've subscribed for 14 months, currently on a 2 month streak! hi",neither,0.021489250915349103,0.3304351402161521,0.6480756088684988
,neither,0.03945320844208391,0.33037608806864915,0.630170703489267
ninjaJam,neither,0.03945320844208391,0.33037608806864915,0.630170703489267
BLOCK PARRY PUSH,neither,0.03945320844208391,0.33037608806864915,0.630170703489267
GOOOOODMORNINNNNG,neither,0.03945320844208391,0.33037608806864915,0.630170703489267
I graduate in 10 days POG,neither,0.03945320844208391,0.33037608806864915,0.630170703489267
I have an evening : D,neither,0.03922021463608548,0.3343306010218218,0.6264491843420927
THIS IS THE tatW NATION,neither,0.04885006280328691,0.3085601107871054,0.6425898264096077
PepoDance,neither,0.03945320844208391,0.33037608806864915,0.630170703489267
noahthebeastyboi subscribed with Twitch Prime.,neither,0.030186173588972614,0.3621416721941929,0.6076721542168345
rkc22 subscribed with Twitch Prime. They've subscribed for 13 months!,neither,0.018395409525177608,0.3232343455971076,0.6583702448777148
blicky got the stiffy,neither,0.03402718892459593,0.40176165367217503,0.5642111574032289
:D,neither,0.03945320844208391,0.33037608806864915,0.630170703489267
CorgiDerp CorgiDerp CorgiDerp CorgiDerp,neither,0.03945320844208391,0.33037608806864915,0.630170703489267
ninjaHype ninjaHype ninjaHype,neither,0.03945320844208391,0.33037608806864915,0.630170703489267
ninja90s ninja90s ninja90s,neither,0.03945320844208391,0.33037608806864915,0.630170703489267
ninjaJam ninjaRare Clap,neither,0.03945320844208391,0.33037608806864915,0.630170703489267
morning chat mfs,neither,0.046884821254863845,0.2042422236718402,0.748872955073296
ninjaJam,neither,0.03945320844208391,0.33037608806864915,0.630170703489267
ninjaCreep,neither,0.03945320844208391,0.33037608806864915,0.630170703489267
ninjaJam,neither,0.03945320844208391,0.33037608806864915,0.630170703489267
Afternoon,neither,0.03945320844208391,0.33037608806864915,0.630170703489267
321 ITS GAME TIME!,neither,0.029882761249500213,0.30431233079982395,0.6658049079506758
ninjaJam,neither,0.03945320844208391,0.33037608806864915,0.630170703489267
ninjaRare,neither,0.03945320844208391,0.33037608806864915,0.630170703489267
"trilloarmora subscribed with Twitch Prime. They've subscribed for 8 months, currently on a 1 month streak!",neither,0.020161301589277043,0.3305963852590941,0.6492423131516288
Happy Monday Tyler,neither,0.03945320844208391,0.33037608806864915,0.630170703489267
ninjaJam,neither,0.03945320844208391,0.33037608806864915,0.630170703489267
ninjaJam,neither,0.03945320844208391,0.33037608806864915,0.630170703489267
LIIIT,neither,0.03945320844208391,0.33037608806864915,0.630170703489267
Morning Chat,neither,0.048641030132881694,0.17443477567193386,0.7769241941951844
holy shit. first time seeing this video. so dope!,offensive_language,0.044915245396210425,0.9398248577397784,0.015259896864011194
ninjaPon ninjaPon ninjaPon ninjaPon,neither,0.03945320844208391,0.33037608806864915,0.630170703489267
Game time baby,neither,0.037307089517920514,0.3028474245917696,0.6598454858903098
ninjaPon,neither,0.03945320844208391,0.33037608806864915,0.630170703489267
dracoaleman subscribed with Twitch Prime. They've subscribed for 5 months!,neither,0.017135853092050617,0.3228815153557895,0.6599826315521599
sick intro ninj,neither,0.03945320844208391,0.33037608806864915,0.630170703489267
Intros so sick tbh,neither,0.039409365238723564,0.38184815694566987,0.5787424778156066
good morning ninja :^),neither,0.0468013847741319,0.19273113716557552,0.7604674780602926
Happy Monday!,neither,0.03945320844208391,0.33037608806864915,0.630170703489267
pepeJam,neither,0.03945320844208391,0.33037608806864915,0.630170703489267
HYPERS hello,neither,0.03945320844208391,0.33037608806864915,0.630170703489267
Morning Ninja! god bless you brotha!,neither,0.05812163260490509,0.2635093361225727,0.6783690312725222
Morning Ninja,neither,0.048203553387938615,0.18185989775694275,0.7699365488551186
yerrrrr les get itt ninj,neither,0.03779508335914271,0.3585187980877974,0.6036861185530599
Sup Ninja,neither,0.03945320844208391,0.33037608806864915,0.630170703489267
hey ninja. hope you are feeling alright today!,neither,0.108119199133232,0.22810285256051926,0.6637779483062488
😈😈😈,neither,0.03945320844208391,0.33037608806864915,0.630170703489267
Morning!,neither,0.05283876784042269,0.1031882115525248,0.8439730206070525
sup ninja,neither,0.03945320844208391,0.33037608806864915,0.630170703489267
morning,neither,0.05283876784042269,0.1031882115525248,0.8439730206070525
GGs yesterday man :),neither,0.03966410365961797,0.4188656216611407,0.5414702746792411
mornin,neither,0.03945320844208391,0.33037608806864915,0.630170703489267
hi,neither,0.03945320844208391,0.33037608806864915,0.630170703489267
Is that The Midnight?,neither,0.04316464205262579,0.357342924155225,0.5994924337921493
Hey @Ninja ninjaH,neither,0.03945320844208391,0.33037608806864915,0.630170703489267
Hi,neither,0.03945320844208391,0.33037608806864915,0.630170703489267
its a wonderful day,neither,0.033615574393030145,0.3169469779179034,0.6494374476890665
yo,offensive_language,0.04010381111145228,0.5271105317972344,0.4327856570913131
dracoaleman subscribed with Twitch Prime. They've subscribed for 5 months! good morning!,neither,0.020546656568930084,0.23946997165078857,0.7399833717802813
"Chat, you're cute. Hope everyone has a great day ninjaH",neither,0.09551235639776498,0.2735068828263257,0.6309807607759093
Good morningggggg ninjaHi,neither,0.037820165765928906,0.33093776632913474,0.6312420679049364
Happy monday chat and ninj. lets slay it today,neither,0.036687660810561656,0.2996663332518579,0.6636460059375806
Hello Ninja!,neither,0.03945320844208391,0.33037608806864915,0.630170703489267
Last final of college this morning @Ninja,neither,0.0451590392667813,0.2335332479416893,0.7213077127915295
Hey Ninja,neither,0.03945320844208391,0.33037608806864915,0.630170703489267
yngrchoppa subscribed with Twitch Prime.,neither,0.030186173588972614,0.3621416721941929,0.6076721542168345
xNalysQueen subscribed with Twitch Prime.,neither,0.030186173588972614,0.3621416721941929,0.6076721542168345
good morrow,neither,0.037820165765928906,0.33093776632913474,0.6312420679049364
@WeGroot you too!,offensive_language,0.09022919656735712,0.47115072962115273,0.43862007381149015
"itsmerlinsbeard subscribed with Twitch Prime. They've subscribed for 6 months, currently on a 1 month streak!",neither,0.020161301589277043,0.3305963852590941,0.6492423131516288
jeffersoncarla subscribed with Twitch Prime. They've subscribed for 2 months!,neither,0.017135853092050617,0.3228815153557895,0.6599826315521599
The Midnight is great,neither,0.04521163973027543,0.28700403505416816,0.6677843252155563
@Ninja morning Ninj. I hate when i miss the intro because twitch notifications are nonexistent lol,neither,0.10051396131038179,0.23828262848275122,0.661203410206867
everyone enjoy GoT last night?,neither,0.02747796459207112,0.45580133325614897,0.5167207021517799
TheThing,neither,0.03945320844208391,0.33037608806864915,0.630170703489267
REEEEE,neither,0.03945320844208391,0.33037608806864915,0.630170703489267
yerrrr,neither,0.03945320844208391,0.33037608806864915,0.630170703489267
Damn it missed intro,offensive_language,0.04326186183902485,0.7518540384430873,0.20488409971788785
Hey ninj,neither,0.03945320844208391,0.33037608806864915,0.630170703489267
good morning ninj <3,neither,0.04970930963283925,0.13564577574880146,0.8146449146183593
ninjaPrime ninjaPrime ninjaPrime,neither,0.03945320844208391,0.33037608806864915,0.630170703489267
I can't believe tilted got destroyed,neither,0.03849762577720908,0.36988300099081145,0.5916193732319794
Hiiiiiiiiiii,neither,0.03945320844208391,0.33037608806864915,0.630170703489267
Great job yesterday,neither,0.037520877657875484,0.30462368763344505,0.6578554347086795
@theswingboss snackHug,neither,0.03945320844208391,0.33037608806864915,0.630170703489267
thanks for getting on before I gotta work dewd,neither,0.027502464341597074,0.41044012091469034,0.5620574147437125
Moar neeng Senpai GivePLZ,neither,0.03945320844208391,0.33037608806864915,0.630170703489267
its the bday ninji get that dub,neither,0.03072601082561295,0.3595649543656811,0.609709034808706
First game DUB??,neither,0.032145911979451505,0.29237840449580255,0.675475683524746
@ninja say Ramadan Mubarak for me,neither,0.026896652392860886,0.3396371889826088,0.6334661586245303
Morning fluffy hair,neither,0.0469317635513881,0.2034454903901919,0.74962274605842
just barely Maria PepeHands,neither,0.035265137904036715,0.3500742322700509,0.6146606298259124
ninjaH,neither,0.03945320844208391,0.33037608806864915,0.630170703489267
and retail,neither,0.03763944115734239,0.1918412352459551,0.7705193235967025
lol,neither,0.020706217963973744,0.4882283491876925,0.4910654328483337
LULW,neither,0.03945320844208391,0.33037608806864915,0.630170703489267
datDxnK subscribed with Twitch Prime. They've subscribed for 7 months!,neither,0.017135853092050617,0.3228815153557895,0.6599826315521599
Wassup,neither,0.33529425248498695,0.08556156890646638,0.5791441786085466
ninjaAmazing ninjaAmazing,neither,0.03945320844208391,0.33037608806864915,0.630170703489267
Let’s go,neither,0.01806316484133749,0.39391011985298136,0.5880267153056813
Dracarys SwiftRage,neither,0.03945320844208391,0.33037608806864915,0.630170703489267
You’re the best Ninja!,neither,0.07878173453871622,0.3167383977787304,0.6044798676825535
Morning🙌,neither,0.05283876784042269,0.1031882115525248,0.8439730206070525
tatGlam,neither,0.03945320844208391,0.33037608806864915,0.630170703489267
What do you think of titlted getting destroyed,neither,0.057202625100480756,0.4208675409983444,0.521929833901175
ready to get some dubs :),neither,0.035681382296417034,0.3555944029506108,0.6087242147529721
Hello Ninja ninjaHype ninjaHype ninjaPog ninjaPog ninjaPog,neither,0.03945320844208391,0.33037608806864915,0.630170703489267
wop,neither,0.03945320844208391,0.33037608806864915,0.630170703489267
super proud of the way you and reverse played yesterday man,neither,0.04779695945843153,0.3589754127492569,0.5932276277923115
hi ninja,neither,0.03945320844208391,0.33037608806864915,0.630170703489267
GivePLZ good morning,neither,0.04970930963283925,0.13564577574880146,0.8146449146183593
Hayyy Barb hayy GivePLZ,neither,0.03945320844208391,0.33037608806864915,0.630170703489267
What you think of GOT last night???,neither,0.052615287009201296,0.42023210016486273,0.5271526128259361
"Ninja, have you been getting the ""Exit-Quadcrasher-Bug"" ?",neither,0.0450906613539016,0.4041087996725983,0.5508005389735001
missgHEHE,neither,0.03945320844208391,0.33037608806864915,0.630170703489267
mods. are all GOT keywords banned?,neither,0.07110957058713213,0.41322960768026845,0.5156608217325994
HolidaySanta HolidaySanta,neither,0.03945320844208391,0.33037608806864915,0.630170703489267
Morning!!,neither,0.05283876784042269,0.1031882115525248,0.8439730206070525
ninjaTooth,neither,0.03945320844208391,0.33037608806864915,0.630170703489267
woooooo esketit ninjaCreep,neither,0.03945320844208391,0.33037608806864915,0.630170703489267
I got 3 wins yesterday guys! Pog,neither,0.038171924837811684,0.3743275712179883,0.5875005039442
@ninja great job yesterday!!!,neither,0.037878455536841854,0.3095278934470636,0.6525936510160946
"I graduate in 10 days chat, CAN I GET A BIG POG IN THE CHAT",neither,0.03036688442567469,0.3564402718917589,0.6131928436825664
morning sunshine @Ninja,neither,0.04633674008541162,0.21354459149531557,0.7401186684192729
morning Ninj morning CHAT,neither,0.05131415799577387,0.12906481953084578,0.8196210224733803
ninjaHi ninjaHi ninjaHi,neither,0.03945320844208391,0.33037608806864915,0.630170703489267
Hey dad,neither,0.03945320844208391,0.33037608806864915,0.630170703489267
That first game yesterday was PERFECT.,neither,0.030017342127007917,0.33347098000333686,0.6365116778696552
@protoalien not all,offensive_language,0.040874981416365565,0.5280966539988526,0.4310283645847819
@magraham419 PogU,neither,0.03945320844208391,0.33037608806864915,0.630170703489267
BlackGato subscribed with Twitch Prime. They've subscribed for 13 months!,neither,0.018395409525177608,0.3232343455971076,0.6583702448777148
HeyGuys,neither,0.03945320844208391,0.33037608806864915,0.630170703489267
U and reverse are so close to qualifying dude,neither,0.06608107741565777,0.29250855459321035,0.6414103679911319
Congrats,neither,0.03945320844208391,0.33037608806864915,0.630170703489267
Truehunter619 subscribed with Twitch Prime. They've subscribed for 2 months!,neither,0.017135853092050617,0.3228815153557895,0.6599826315521599
Yeah - you and Reverse played really well. Getting better every week.,neither,0.033536382696866304,0.4392703387280603,0.5271932785750735
@ninja that 16th place game was the killer,neither,0.037608157109583575,0.2810649069347997,0.6813269359556167
@AztecanGoddess as long as i dont get spoilers ill be happy,neither,0.036249913983218224,0.3885928480231648,0.5751572379936171
"@Ninja You guys were fine, change nothing, you will qualify, no doubt.",neither,0.05956551571937777,0.3988203081939342,0.541614176086688
I CANT FREAKING BELIEVE THE CUP OMEGALUL OMEGALUL,neither,0.03876128983212301,0.3177902084380197,0.6434485017298572
you guys were popping off yesterday as usual :),neither,0.04832259585132645,0.3693947790971331,0.5822826250515404
You guys did so amazing though.,neither,0.05455577478586686,0.4208446024510781,0.524599622763055
"@Ninja some customs for the big 60 late game practice, and i think its EZ next time",neither,0.0236396380824974,0.32027799904066756,0.6560823628768351
Dude you did so well yesterday I feel like a proud dad,neither,0.06020609470728928,0.41085644243699876,0.5289374628557119
First teaser in 5 mins,neither,0.031280094305745396,0.3331871968032092,0.6355327088910454
Was awesome Ninj u guys did really well,neither,0.039252027551622375,0.3337906528200672,0.6269573196283105
OnlyYoshi subscribed with Twitch Prime. They've subscribed for 29 months!,neither,0.01882285416758071,0.3233602496392159,0.6578168961932034
,neither,0.03945320844208391,0.33037608806864915,0.630170703489267
"Next week will be the week man, steady improvement",neither,0.039606395566330374,0.3516819365560109,0.6087116678776587
Bbl,neither,0.03945320844208391,0.33037608806864915,0.630170703489267
Do u have colorblind mode on,neither,0.03740829970940636,0.3528744656135281,0.6097172346770656
Just keep using tommy gun for practice next time lol,neither,0.026773317504710292,0.40954659553418027,0.5636800869611095
Hey Ninja how do you feel about the drum gun being back in the game,neither,0.04305007094655664,0.3408126917945754,0.6161372372588678
"@JTdog18 yes he does, don't ask me which one",neither,0.026407045795768004,0.47702449489001114,0.4965684593142209
4 mins till first seqson 9 teaser,neither,0.032366908467694806,0.3328133915763966,0.6348196999559087
"i tuned in for 1 game while skating, and it was the second place where ninj almost clutched",neither,0.036614869004070585,0.22313278261800376,0.7402523483779256
The first game yesterday was so nice i thought you had the worldcup in your pocket,neither,0.06096674040210758,0.27635866460956593,0.6626745949883264
ninjaPopcorn,neither,0.03945320844208391,0.33037608806864915,0.630170703489267
how many is left before the championship in New York anyone know??,neither,0.04363222958740155,0.3042784645722641,0.6520893058403343
aye ninja,neither,0.03945320844208391,0.33037608806864915,0.630170703489267
was ready to through my phone LUL,neither,0.03496585955796154,0.39298066266873033,0.5720534777733081
,neither,0.03945320844208391,0.33037608806864915,0.630170703489267
Almost,neither,0.03945320844208391,0.33037608806864915,0.630170703489267
Nani??,neither,0.03945320844208391,0.33037608806864915,0.630170703489267
How could they not notice a freaking coffee cup on the table? That is so crazy LUL,neither,0.03781711100500416,0.34453025297634104,0.6176526360186547
@barbxlahey lol almost yeeted it?,neither,0.027705778162436252,0.4076727349612545,0.5646214868763092
through? i meant throw.. wow its monday,neither,0.034996032253648474,0.33190911534635176,0.6330948523999996
@stevedeathdeal 3 more solos weekends and 3 more duos weekends,neither,0.04105840213276804,0.2966623618578801,0.6622792360093519
"its_mefb18 subscribed with Twitch Prime. They've subscribed for 14 months, currently on a 14 month streak!",neither,0.022713929557757324,0.3303210719021123,0.6469649985401303
"hydrone_ subscribed with Twitch Prime. They've subscribed for 18 months, currently on a 18 month streak! 18 MONTHS LETS GO",neither,0.025662410587252354,0.3356488213075717,0.638688768105176
epalmer100 subscribed with Twitch Prime.,neither,0.030186173588972614,0.3621416721941929,0.6076721542168345
Surprised ninja's subs havent been going up these past few qualifiers,neither,0.041398864458033514,0.41913164378699624,0.5394694917549703
LETS GOOOO,neither,0.03868305123800957,0.34344766577192837,0.6178692829900622
chokeurchicken subscribed with Twitch Prime.,neither,0.030186173588972614,0.3621416721941929,0.6076721542168345
@nellyguwop just about LULW,neither,0.027944208330250467,0.42609567548275207,0.5459601161869976
SAME,neither,0.04148851938089603,0.3488915597363099,0.609619920882794
You using color blind settings??,neither,0.05123357105065626,0.43382941792210317,0.5149370110272407
morning guys,neither,0.04992865915806777,0.15258035067055087,0.7974909901713814
okay thank you @maddened,neither,0.06192038896699667,0.4039254355685798,0.5341541754644236
ninjaK ninjaK ninjaK ninjaK,neither,0.03945320844208391,0.33037608806864915,0.630170703489267
ashes2ashes06 subscribed with Twitch Prime. They've subscribed for 12 months! You and Reverse played awesome yesterday!,neither,0.0259481340681051,0.32361907486854885,0.650432791063346
@Ninja did you have lasik?,neither,0.057057552836986915,0.3919782907883458,0.5509641563746673
What colorblind setting does he use and strength?,neither,0.016526959339589847,0.44983457488749357,0.5336384657729165
ninja whats crackin,neither,0.03945320844208391,0.33037608806864915,0.630170703489267
BlackHammer69er subscribed at Tier 1. They've subscribed for 16 months! Love you man!,neither,0.025565672874374643,0.385839361194047,0.5885949659315783
ninjaH ninjaH ninjaH ninjaH,neither,0.03945320844208391,0.33037608806864915,0.630170703489267
"I bought world cup tickets, now I just need my favorite streamer to qualify",neither,0.03290330096770095,0.39438610209646374,0.5727105969358353
I’ve tried messing around with it for comps. But it’s a nightmare to look at,neither,0.0174792950362095,0.3420059040784652,0.6405148008853253
ninjaPon,neither,0.03945320844208391,0.33037608806864915,0.630170703489267
ninjaPon,neither,0.03945320844208391,0.33037608806864915,0.630170703489267
