text,top_class,hate_speech,offensive_language,neither
@ninja good morning!,neither,0.0468013847741319,0.19273113716557552,0.7604674780602926
morning ninja,neither,0.048203553387938615,0.18185989775694275,0.7699365488551186
hi ninja hi chat,neither,0.03945320844208391,0.33037608806864915,0.630170703489267
"nochillcieraa subscribed at Tier 1. They've subscribed for 3 months, currently on a 3 month streak! cool cool",neither,0.024226052255421963,0.3244351428531911,0.651338804891387
monkaGun,neither,0.03945320844208391,0.33037608806864915,0.630170703489267
!uptime,neither,0.03945320844208391,0.33037608806864915,0.630170703489267
Ninja has been streaming for 59 seconds,neither,0.03586372331958613,0.3114286319712016,0.6527076447092122
Docteurten subscribed with Twitch Prime.,neither,0.030186173588972614,0.3621416721941929,0.6076721542168345
intro PepeHands,neither,0.03945320844208391,0.33037608806864915,0.630170703489267
Woah I missed gametime?,neither,0.03945320844208391,0.33037608806864915,0.630170703489267
First,neither,0.02604892428726219,0.3349864360510187,0.6389646396617191
Hiiii,neither,0.03945320844208391,0.33037608806864915,0.630170703489267
add a lupo,neither,0.03945320844208391,0.33037608806864915,0.630170703489267
THIRD!,neither,0.03945320844208391,0.33037608806864915,0.630170703489267
Morning,neither,0.05283876784042269,0.1031882115525248,0.8439730206070525
Hey,neither,0.03945320844208391,0.33037608806864915,0.630170703489267
"Revo_Ninja30 subscribed with Twitch Prime. They've subscribed for 24 months, currently on a 24 month streak!",neither,0.022208927427216345,0.3303644510305738,0.6474266215422098
Hey,neither,0.03945320844208391,0.33037608806864915,0.630170703489267
Morning everyone!,neither,0.04178497597973255,0.2907999075264022,0.6674151164938652
3......2.......1..... ITS GAMETIME,neither,0.02700859978372578,0.3346563596412867,0.6383350405749875
Mornin!!,neither,0.03945320844208391,0.33037608806864915,0.630170703489267
gachiBASS,neither,0.03945320844208391,0.33037608806864915,0.630170703489267
Pump em in the mouth,neither,0.038638583636281754,0.3155090429959833,0.645852373367735
Hi,neither,0.03945320844208391,0.33037608806864915,0.630170703489267
Brother,neither,0.03945320844208391,0.33037608806864915,0.630170703489267
,neither,0.03945320844208391,0.33037608806864915,0.630170703489267
Much love ninja !,neither,0.0326459503895927,0.345706568563512,0.6216474810468953
Zomboytrill subscribed at Tier 1. They've subscribed for 10 months!,neither,0.019835851488809408,0.31342495940271037,0.6667391891084803
slushzero subscribed with Twitch Prime. They've subscribed for 8 months! 8 months of ninja keeping me entertained on the couch!!!!!!!!!!!!!!!!!!!!!!!!!!!!!,neither,0.02101944293468874,0.33976133029574906,0.6392192267695622
ninjaCreep,neither,0.03945320844208391,0.33037608806864915,0.630170703489267
waiiit,neither,0.03945320844208391,0.33037608806864915,0.630170703489267
FeelsBadMan,neither,0.03945320844208391,0.33037608806864915,0.630170703489267
hullloooo,neither,0.03945320844208391,0.33037608806864915,0.630170703489267
no sound?,neither,0.03817021587683215,0.3521518202447505,0.6096779638784173
!uptime,neither,0.03945320844208391,0.33037608806864915,0.630170703489267
Ninja has been streaming for 3 minutes 35 seconds,neither,0.03595428528280133,0.3119073206070413,0.6521383941101574
ninjaHype ninjaHype ninjaHype ninjaHype,neither,0.03945320844208391,0.33037608806864915,0.630170703489267
ninjaRare man,offensive_language,0.040018442559345856,0.5018538837344726,0.4581276737061815
There is sound,neither,0.05092229796915451,0.2707711285406599,0.6783065734901856
ninjaRare,neither,0.03945320844208391,0.33037608806864915,0.630170703489267
Good afternoon everyone,neither,0.03316196740479434,0.4281278811180135,0.5387101514771921
goodmorning chat and @ninja,neither,0.03882407308108372,0.2992186124764858,0.6619573144424304
,neither,0.03945320844208391,0.33037608806864915,0.630170703489267
Discord squad,neither,0.03945320844208391,0.33037608806864915,0.630170703489267
im not tryna be the one to say it but did he just come on?,neither,0.03388801850917521,0.43773263422929193,0.528379347261533
xd_king_ligma subscribed with Twitch Prime.,neither,0.030186173588972614,0.3621416721941929,0.6076721542168345
Discord alerts >>> twitch notif,neither,0.03945320844208391,0.33037608806864915,0.630170703489267
!wins,neither,0.03945320844208391,0.33037608806864915,0.630170703489267
Check Ninja's wins here -> https://goo.gl/17Qojo,neither,0.0737613933919306,0.30145673084023594,0.6247818757678334
Wins: None yet ¯\_(ツ)_/¯,neither,0.03945320844208391,0.33037608806864915,0.630170703489267
!uptime,neither,0.03945320844208391,0.33037608806864915,0.630170703489267
Ninja has been streaming for 4 minutes 24 seconds,neither,0.03589154308062909,0.3115756819731111,0.6525327749462598
cmonBruh,neither,0.03945320844208391,0.33037608806864915,0.630170703489267
love you ninja,neither,0.055614303534325615,0.40605032358192344,0.538335372883751
!reddit,neither,0.03945320844208391,0.33037608806864915,0.630170703489267
Ninja finally has an official subreddit; Check it out here -> reddit.com/r/NinjasHyper/,neither,0.05945362239667751,0.31197971061464613,0.6285666669886764
Hi ninja,neither,0.03945320844208391,0.33037608806864915,0.630170703489267
"Fruit_Turtle subscribed with Twitch Prime. They've subscribed for 3 months, currently on a 1 month streak!",neither,0.020161301589277043,0.3305963852590941,0.6492423131516288
ninjaBlast1 ninjaBlast1 ninjaBlast1 ninjaBlast1,neither,0.03945320844208391,0.33037608806864915,0.630170703489267
ninja90s ninja90s ninja90s ninja90s ninja90s ninja90s ninja90s ninja90s ninja90s,neither,0.03945320844208391,0.33037608806864915,0.630170703489267
okay i see,neither,0.03945320844208391,0.33037608806864915,0.630170703489267
ninjaTube ninjaTube ninjaTube ninjaTube ninjaTroll,neither,0.03945320844208391,0.33037608806864915,0.630170703489267
bruh 26% isnt even that high,neither,0.03358952413217848,0.4303363777045073,0.5360740981633142
GottaLoveNoKia subscribed at Tier 1. They've subscribed for 16 months!,neither,0.020421538009370858,0.3139471505081261,0.6656313114825031
The Official Game Play Headband of Ninja now available! https://win.gs/NinjaHeadband,neither,0.03867893930019313,0.30170028441635893,0.659620776283448
"It was in the patch notes, but this game encourages cqc. Obviously most kills are going to be with a shotgun and the tac was ass",offensive_language,0.09765687994359507,0.688758223157342,0.21358489689906293
yup,neither,0.03945320844208391,0.33037608806864915,0.630170703489267
Anyone think the new shotgun sounds like a dog barking when someone else shoots it lol,neither,0.035726611950670444,0.3319723151095534,0.6323010729397761
Tbh if the tommy wasn’t added the pump probably wouldn’t have been vaulted,neither,0.028269514400006326,0.35950096402911635,0.6122295215708773
So if the drop rate is 26% does that mean 1 out of every 4 chests u open will have a tommy?,neither,0.026865152708254618,0.4513533010969607,0.5217815461947847
@baka_47 for one gun out of every weapon in the game? yea it is. you want everything around 12%,neither,0.04319940472891214,0.32743978278121716,0.6293608124898706
LUPO,neither,0.03945320844208391,0.33037608806864915,0.630170703489267
🦀 Reverse is gone 🦀 Kapp,neither,0.04773477276912774,0.3290490640488712,0.6232161631820011
New partner cloak?,neither,0.043491983419288865,0.22912321039323882,0.7273848061874723
hey chat :),neither,0.03945320844208391,0.33037608806864915,0.630170703489267
@dylpicklezzz not at all,offensive_language,0.0389307286712872,0.527284364978658,0.43378490635005473
Hello there :D,neither,0.03937036753510788,0.27621722592919734,0.6844124065356949
@dylpicklezzz Not drop rate. 26 percent of all kills was from a pump,neither,0.045101837395619813,0.360257786539932,0.5946403760644481
hiiiii,neither,0.03945320844208391,0.33037608806864915,0.630170703489267
whats going on here,neither,0.08272041425019484,0.3326166533370867,0.5846629324127185
Anyone know how to unlock the different color for the new pickaxes he's using?,neither,0.042496530408958726,0.28134035337909297,0.6761631162119484
OOOO ok,neither,0.03935517884257045,0.3320399062092607,0.6286049149481688
@4d_gamer false the nature of building makes close range combat more viable,neither,0.03998735344512406,0.31502042099000566,0.6449922255648702
hey chat ryannn2Love,neither,0.03945320844208391,0.33037608806864915,0.630170703489267
PepegaPhone,neither,0.03945320844208391,0.33037608806864915,0.630170703489267
"CrabPls sorry piggy2k, reverse is gone CrabPls",neither,0.04673653465966971,0.32922375380329855,0.6240397115370317
hey :),neither,0.03945320844208391,0.33037608806864915,0.630170703489267
I missed game time FeelsBadMan,neither,0.03753325691860942,0.30584910954734346,0.6566176335340471
whats up chat!! ninjaHi,neither,0.03686047478173246,0.3827726729156137,0.5803668523026538
@4d_gamer high would be over 50%,neither,0.03318877868943937,0.410255959060784,0.5565552622497767
"ItsZepheri subscribed with Twitch Prime. They've subscribed for 13 months, currently on a 13 month streak! 13 Months Ninja!! Lets Go!",neither,0.02608303254563694,0.33544044185965666,0.6384765255947065
26% is high lmao,neither,0.042509997041958444,0.422388081249149,0.5351019217088926
Playing with cloak will be POG practice ninjaPog,neither,0.03088252243399025,0.3463153038456074,0.6228021737204024
Chat good morning. Get ur coffeee,neither,0.07143115782608155,0.20655194535337915,0.7220168968205393
that pickaxe is sickkkkkkk,neither,0.05154613418987003,0.42924314326430335,0.5192107225458266
All the other guns are prob like 5-10 percent,neither,0.06605371696596332,0.34431329652476567,0.5896329865092711
@Texa No telling whos in lobby DansGame Banned,neither,0.03889262460555557,0.339890658781767,0.6212167166126773
CHAT TriHard,neither,0.03945320844208391,0.33037608806864915,0.630170703489267
gachiBASS HYPERCLAP,neither,0.03945320844208391,0.33037608806864915,0.630170703489267
gachiBASS,neither,0.03945320844208391,0.33037608806864915,0.630170703489267
Or lower,neither,0.03945320844208391,0.33037608806864915,0.630170703489267
No more reverse? New partner cloak. Lets go,neither,0.04296343896062319,0.2839407338580141,0.6730958271813626
gachiBASS,neither,0.03945320844208391,0.33037608806864915,0.630170703489267
@megannicole mornin,neither,0.03945320844208391,0.33037608806864915,0.630170703489267
,neither,0.03945320844208391,0.33037608806864915,0.630170703489267
Righttttt in their mouthhhh ohhhh yeahhhhh,neither,0.03945320844208391,0.33037608806864915,0.630170703489267
Ya is reverse all done?,offensive_language,0.03338130311818443,0.6181936167809212,0.34842508010089435
TriHaard,neither,0.03945320844208391,0.33037608806864915,0.630170703489267
TriHard,neither,0.03945320844208391,0.33037608806864915,0.630170703489267
!uptime,neither,0.03945320844208391,0.33037608806864915,0.630170703489267
I wonder what the next highest percentage was for weapons on elims,neither,0.03579401554163013,0.3163540200282291,0.6478519644301408
Ninja has been streaming for 7 minutes 7 seconds,neither,0.035678679601720456,0.31045049647393935,0.6538708239243401
"obviously not chat, i'm just meming",neither,0.03419945322675695,0.354370596483476,0.611429950289767
ninja got the lazy loooting down,neither,0.03755171684643388,0.3551806930038086,0.6072675901497574
LULW,neither,0.03945320844208391,0.33037608806864915,0.630170703489267
Texa you can’t meme stop,neither,0.058267683610510275,0.46719970832061536,0.4745326080688744
Ninja and Clock ninjaPog,neither,0.038697972749499786,0.2923512980983691,0.6689507291521312
@texa they gonna run with it LUL,neither,0.028779648963475714,0.4006521466698018,0.5705682043667225
No :),neither,0.036918905254960256,0.37338982715841207,0.5896912675866277
didnt notice those,neither,0.06420090508008569,0.26121828600422986,0.6745808089156844
,neither,0.03945320844208391,0.33037608806864915,0.630170703489267
"On the real note, cloak is his new partner or no?",neither,0.05671336550556797,0.358541464422435,0.5847451700719969
Jebaited is Texa ever NOT meme’ing,neither,0.044860780414750855,0.3321400405646583,0.6229991790205909
JustClaimed subscribed with Twitch Prime. They've subscribed for 7 months! Finally got good at the pump then they took it out :},neither,0.019607064221848727,0.35533982655590896,0.6250531092222423
@MeganNicole no,neither,0.036918905254960256,0.37338982715841207,0.5896912675866277
!fortnite @nidneutrino,neither,0.03945320844208391,0.33037608806864915,0.630170703489267
Graphics - https://goo.gl/gcyJMX | Keybinds U & O are mapped to Mouse 4 & 5 | Sens .08 - https://goo.gl/7oHfcb | DPI 800,neither,0.05940825338327743,0.3001685827088225,0.6404231639079
gachiBASS troll,neither,0.03945320844208391,0.33037608806864915,0.630170703489267
@figjam300 Whatever it was epic said it wasn’t even close. I would guess Ar’s maybe were like 10 percent. A wild guess,neither,0.04147581862481727,0.33833418111358815,0.6201900002615945
Cloak gonna steal your spot lupoS,neither,0.0690912519801526,0.36850871494576815,0.5624000330740794
"good to see ninja with Cloak, Cloak is very straight up and chill",neither,0.03781831252910144,0.35773329211462584,0.6044483953562727
@ninja the jhon wick house,neither,0.03873263795068745,0.31725905366608204,0.6440083083832305
@ninja John wicks house!,neither,0.03945320844208391,0.33037608806864915,0.630170703489267
KrazyKlown1337 subscribed with Twitch Prime.,neither,0.030186173588972614,0.3621416721941929,0.6076721542168345
Ur showing cloak all ur secrets,neither,0.08222680382955355,0.3657859009137284,0.551987295256718
Jon wick house,neither,0.03945320844208391,0.33037608806864915,0.630170703489267
mikeliveMovieSonic mikeliveSonicGlare,neither,0.03945320844208391,0.33037608806864915,0.630170703489267
You guys been watching ninja for like a month? He’s played with cloak in the past plenty,neither,0.04461389797921864,0.3582038186544306,0.5971822833663507
john wick house @ninja,neither,0.03945320844208391,0.33037608806864915,0.630170703489267
cloakzy is the competition LUL,neither,0.045308987598825234,0.3148920690420593,0.6397989433591155
We need the siphon now bc fights are 30 minuets longer,neither,0.055175939424646485,0.28935780278537465,0.6554662577899789
Land John wick house near paradise,neither,0.03945320844208391,0.33037608806864915,0.630170703489267
!uptime,neither,0.03945320844208391,0.33037608806864915,0.630170703489267
Ninja has been streaming for 9 minutes 8 seconds,neither,0.035678679601720456,0.31045049647393935,0.6538708239243401
Do they start today or tomorrow ??,neither,0.039402766572786616,0.3092706681288802,0.6513265652983333
!ponpon,neither,0.03945320844208391,0.33037608806864915,0.630170703489267
Tomorrpw,neither,0.03945320844208391,0.33037608806864915,0.630170703489267
My sub badge shows how long Iv watched. That’s longer than a month MiniK,neither,0.03169085590543259,0.39520770681877926,0.5731014372757882
!gear,neither,0.03945320844208391,0.33037608806864915,0.630170703489267
Drop John wicks house near paradise,neither,0.04603011547652286,0.32811398815147075,0.6258558963720063
wew,neither,0.03945320844208391,0.33037608806864915,0.630170703489267
!uptime,neither,0.03945320844208391,0.33037608806864915,0.630170703489267
cloke takes a ton of grief playing with his partner,neither,0.04615998607338303,0.3582034565401229,0.5956365573864941
We love the earthhhhhhhhh it is our planeeettt,neither,0.04218318461652666,0.3274811596273824,0.6303356557560909
ninja90s ninja90s ninja90s ninja90s ninja90s ninja90s ninja90s ninja90s ninja90s ninja90s ninja90s ninja90s,neither,0.03945320844208391,0.33037608806864915,0.630170703489267
,neither,0.03945320844208391,0.33037608806864915,0.630170703489267
jasonofdsm subscribed with Twitch Prime.,neither,0.030186173588972614,0.3621416721941929,0.6076721542168345
ninjaClap ninjaClap ninjaClap ninjaClap,neither,0.03945320844208391,0.33037608806864915,0.630170703489267
WE LOVE THE EQRTG,neither,0.03295810945986001,0.3302014914049802,0.6368403991351599
EARTH,neither,0.03945320844208391,0.33037608806864915,0.630170703489267
ninjaJam,neither,0.03945320844208391,0.33037608806864915,0.630170703489267
am i white or black...,hate_speech,0.7026149920449393,0.28293068334724825,0.014454324607812366
ninjaCRINJA ninjaCRINJA ninjaCRINJA ninjaCRINJA,neither,0.03945320844208391,0.33037608806864915,0.630170703489267
Cloak duos with Tur.ner,neither,0.01332993187238274,0.44459218524224076,0.5420778828853765
mikeliveCookie mikeliveOscar,neither,0.03945320844208391,0.33037608806864915,0.630170703489267
lol i love that song,neither,0.023286048267279296,0.47044020230417605,0.5062737494285446
nobody has better comms then cloak,neither,0.03225087618975737,0.4736152929000266,0.4941338309102161
I’m a lion cub,neither,0.03945320844208391,0.33037608806864915,0.630170703489267
White and black,hate_speech,0.7820024145497504,0.21282473854415307,0.005172846906096574
so glad youre on early!,neither,0.047227767809479175,0.35794256791523676,0.594829664275284
@dcoye7 you are black,neither,0.29311502376261805,0.2668422320779165,0.4400427441594653
was there no intro btw? I was 4 min late but there's usually a 5 min wait,neither,0.03753433308800949,0.30584534309593825,0.6566203238160523
the new shotty can actually shoot so fast,neither,0.05564186070759731,0.2371669544276992,0.7071911848647036
"Cloak fortnite IQ, 200. Real world IQ, like 90 lol",neither,0.036630572784278344,0.42680099542611466,0.5365684317896071
@fuzzywozzy wrong :),neither,0.03945320844208391,0.33037608806864915,0.630170703489267
@awatchmen it's amazing isnt it,neither,0.036909209448160625,0.33125108597926606,0.6318397045725733
@delyan5 Nope,neither,0.03945320844208391,0.33037608806864915,0.630170703489267
