text,top_class,hate_speech,offensive_language,neither
PepeJAM NinjaJAM PepeJAM NinjaJAM,neither,0.03945320844208391,0.33037608806864915,0.630170703489267
"I know ill never be at your caliber and you're 50 times the player that 90% of people will ever be but got real bro, why go to the same spot every time?? people take ques and game strategy from you. Most of those guys landing in that area, are or have watched you do it multiple times. Why not go to other places?? You'll still be able to Ghost a lot of people...",neither,0.10593597529506646,0.4060178796041744,0.48804614510075905
He’s putting delay on. Wait for him chat,neither,0.036318120062166295,0.3178729671444419,0.6458089127933918
pog,neither,0.03945320844208391,0.33037608806864915,0.630170703489267
its been 4 wtf? lol,offensive_language,0.027291622528699738,0.6759670819515262,0.296741295519774
3 MINUTE DELAY. RELAX ninjaRekt,neither,0.03945320844208391,0.33037608806864915,0.630170703489267
"it’s ok guys, Tyler quit streaming... he tweeted it out",neither,0.038079041104755684,0.3411352928350996,0.6207856660601448
PogU,neither,0.03945320844208391,0.33037608806864915,0.630170703489267
hiiii,neither,0.03945320844208391,0.33037608806864915,0.630170703489267
We back,neither,0.039166053543719236,0.33524985610846453,0.6255840903478163
Chat is a bot,neither,0.046902988885190726,0.3278137669600938,0.6252832441547155
Refresh :),neither,0.03945320844208391,0.33037608806864915,0.630170703489267
,neither,0.03945320844208391,0.33037608806864915,0.630170703489267
AYYYYYYYYYYYYYYYY,neither,0.03945320844208391,0.33037608806864915,0.630170703489267
HE's BACK BABY,neither,0.04734819909045674,0.32766063875512064,0.6249911621544227
"realmrtacocat subscribed with Twitch Prime. They've subscribed for 7 months, currently on a 1 month streak! Hi Ninja! Youre amazing!",neither,0.025113757277528494,0.3294930929528097,0.6453931497696617
Ww Back!,neither,0.03945320844208391,0.33037608806864915,0.630170703489267
yes we are back :),neither,0.07439579575934849,0.2758203398796685,0.6497838643609831
,neither,0.03945320844208391,0.33037608806864915,0.630170703489267
WE BACK,neither,0.039166053543719236,0.33524985610846453,0.6255840903478163
Pog,neither,0.03945320844208391,0.33037608806864915,0.630170703489267
POG Pog widepeepoHappy,neither,0.03945320844208391,0.33037608806864915,0.630170703489267
Lets go,neither,0.039984317429425154,0.35542799280679366,0.6045876897637812
we back ninjaCreep,neither,0.039166053543719236,0.33524985610846453,0.6255840903478163
we back,neither,0.039166053543719236,0.33524985610846453,0.6255840903478163
qqualifiers start at 4?,neither,0.03811652391762113,0.37095941951224,0.5909240565701388
Longest 3 minutes of my life,neither,0.0276599602814535,0.44797417333060013,0.5243658663879462
He needs the delay,neither,0.046429407160641305,0.3041266665583668,0.649443926280992
season 9 is the future ninja had to go to the future,neither,0.05231011573368467,0.30584735689334264,0.6418425273729726
Refresh 4Head s,neither,0.03945320844208391,0.33037608806864915,0.630170703489267
ninjaFire ninjaFire,neither,0.03945320844208391,0.33037608806864915,0.630170703489267
georgeftw1355 subscribed with Twitch Prime. They've subscribed for 2 months!,neither,0.017135853092050617,0.3228815153557895,0.6599826315521599
future ninj Pog,neither,0.03945320844208391,0.33037608806864915,0.630170703489267
lol,neither,0.020706217963973744,0.4882283491876925,0.4910654328483337
hi',neither,0.03945320844208391,0.33037608806864915,0.630170703489267
Is 3 mins enough? He should do the 20 mins like Fortnite channel does.,neither,0.04947505538135236,0.4165195544800467,0.5340053901386009
I love this trail,neither,0.0363737527639657,0.34595696861097813,0.6176692786250562
,neither,0.03945320844208391,0.33037608806864915,0.630170703489267
"in 3 minutes, we'll be 3 minutes into the future FutureMan",neither,0.03906629809129127,0.324082007972488,0.6368516939362208
Hi future ninja,neither,0.03945320844208391,0.33037608806864915,0.630170703489267
@theeredvelvet i guess he got nature calls ninjaAdore ninjaAdore ninjaAdore,neither,0.04247153210490464,0.372730019403201,0.5847984484918944
why every one is waiting see if you have a FREE PRIME SUB,neither,0.032152575874218686,0.4284768127429773,0.539370611382804
So really we are watching the past?,neither,0.06230876435538319,0.31534565916360474,0.6223455764810121
We're back!,neither,0.0707855877519284,0.2891816921207498,0.6400327201273217
god_zeus subscribed with Twitch Prime. They've subscribed for 12 months!,neither,0.018231540648681904,0.323186843011016,0.6585816163403021
,neither,0.03945320844208391,0.33037608806864915,0.630170703489267
LULW,neither,0.03945320844208391,0.33037608806864915,0.630170703489267
when does east qualifiers start?,neither,0.020129593882801514,0.48629708914744485,0.49357331696975365
Lets go! 3 mins 3 wins coming right up!,neither,0.03713449036910931,0.39401976143623196,0.5688457481946587
And he’s back!,neither,0.04795910962311537,0.26209769175524644,0.6899431986216382
I have 3 days until my prime sub,neither,0.030609374356273332,0.40106185798929767,0.568328767654429
All these damn stream snipers probably didn’t even make it over 300 points,offensive_language,0.03544121321685823,0.7289140698819616,0.2356447169011801
now I have another reason to watch full screen,neither,0.11917721786870615,0.2665757658168928,0.614247016314401
i wanna see 5 drum guns today,neither,0.03829619644517906,0.312699584153413,0.649004219401408
Try sniping him now you annoying fucks,offensive_language,0.043540650419457747,0.5573422375568765,0.39911711202366573
What year are we in chat,neither,0.07226887985254944,0.28475873243358557,0.642972387713865
I know have PepeJAM as a suggestion. Mobilelife LUL,neither,0.037526859490898984,0.36307125714040883,0.5994018833686923
Stream snipers can still hunt him down after looking up in 3 mins.,neither,0.037620307331002065,0.365227410570532,0.597152282098466
justin_santos5 subscribed with Twitch Prime. They've subscribed for 14 months!,neither,0.01847321566222609,0.32325705232198204,0.6582697320157919
Update title??,neither,0.03945320844208391,0.33037608806864915,0.630170703489267
1776 @thatchiefsfan,neither,0.03945320844208391,0.33037608806864915,0.630170703489267
widepeepoHappy,neither,0.03945320844208391,0.33037608806864915,0.630170703489267
Now*,neither,0.03945320844208391,0.33037608806864915,0.630170703489267
"Omg look, he’s not getting rushed by 20 people LUL",neither,0.06075897133635971,0.40627837486364904,0.5329626537999913
Olly_H123 subscribed with Twitch Prime.,neither,0.030186173588972614,0.3621416721941929,0.6076721542168345
We are technically watching the past chat! think about it,neither,0.0526168936552557,0.30386973273656004,0.6435133736081842
chat we've entered three minutes into the future widepeepoHappy,neither,0.02354051149776689,0.30931531912400867,0.6671441693782245
Did ww2 end yet,neither,0.03945320844208391,0.33037608806864915,0.630170703489267
is this wc ?,neither,0.0484976811701294,0.3289671781834557,0.6225351406464149
ye make sure he has 3 min delay in title?,neither,0.03909481895566845,0.4128467044129674,0.5480584766313641
PogUs,neither,0.03945320844208391,0.33037608806864915,0.630170703489267
can see the difference already wow,neither,0.0379974407991467,0.32773736552047356,0.6342651936803798
!headset,neither,0.03945320844208391,0.33037608806864915,0.630170703489267
Beyerdynamic DT-990-Pro-250 https://goo.gl/EynznV with the Creative Sound Blaster X7 https://goo.gl/8KPSsG,neither,0.032607881588469084,0.3421343258604591,0.6252577925510718
@GAMERAIDZ its pepeJAM,neither,0.02700859978372578,0.3346563596412867,0.6383350405749875
ninjaHype ninjaHype ninjaHype,neither,0.03945320844208391,0.33037608806864915,0.630170703489267
@glockkilla what do you think youtube videos are??,neither,0.09395267339850942,0.3142379865499926,0.591809340051498
still 5 ppl here LUL,neither,0.07831950309535138,0.3101112358151928,0.6115692610894559
oooooof,neither,0.03945320844208391,0.33037608806864915,0.630170703489267
lol,neither,0.020706217963973744,0.4882283491876925,0.4910654328483337
fugg,neither,0.03945320844208391,0.33037608806864915,0.630170703489267
PepeHands,neither,0.03945320844208391,0.33037608806864915,0.630170703489267
p e p e J A M no capital p to start,neither,0.04511196341427883,0.3400843282878876,0.6148037082978335
wolfOOF wolfOOF wolfOOF,neither,0.03945320844208391,0.33037608806864915,0.630170703489267
"carlosghost2004 subscribed with Twitch Prime. They've subscribed for 5 months, currently on a 1 month streak! NINJA PLIS CAN YOU SAY WHAT I AM THE BEST PLIS?",neither,0.027171415004721797,0.33370603059107146,0.6391225544042068
unlucky,neither,0.03945320844208391,0.33037608806864915,0.630170703489267
nt,neither,0.03945320844208391,0.33037608806864915,0.630170703489267
PepeHands,neither,0.03945320844208391,0.33037608806864915,0.630170703489267
K,neither,0.03945320844208391,0.33037608806864915,0.630170703489267
3,neither,0.03945320844208391,0.33037608806864915,0.630170703489267
they still know where you want to drop :(,neither,0.08060980947663358,0.345186624299232,0.5742035662241344
@barbxlahey Wait what did it type?,neither,0.04353725671380872,0.32683287435487596,0.6296298689313153
!delay,neither,0.03945320844208391,0.33037608806864915,0.630170703489267
@Ninja what headset do oyu recommend,neither,0.045510187840168345,0.32652388271472105,0.6279659294451108
EZ Clap,neither,0.03945320844208391,0.33037608806864915,0.630170703489267
im here,neither,0.1434662745688758,0.31005087564986566,0.5464828497812586
Ez clap ninjaCreep,neither,0.03945320844208391,0.33037608806864915,0.630170703489267
dude if you 1v3 and get 2 not bad,neither,0.02726220394184707,0.41134344086682856,0.5613943551913244
When does qualifiers start,offensive_language,0.01672353805492118,0.5153604439772241,0.46791601796785465
PepeJAM,neither,0.03945320844208391,0.33037608806864915,0.630170703489267
ninjaHype ninjaHype ninjaHype,neither,0.03945320844208391,0.33037608806864915,0.630170703489267
hi,neither,0.03945320844208391,0.33037608806864915,0.630170703489267
ninjaFan,neither,0.03945320844208391,0.33037608806864915,0.630170703489267
EZ Clap,neither,0.03945320844208391,0.33037608806864915,0.630170703489267
What’s up ninja you’re the goat,neither,0.07569582493767708,0.3696220791579586,0.5546820959043642
it's okay @Ninja it's like we're time traveling,neither,0.05655619537335563,0.33695732005428397,0.6064864845723603
Geostiigma subscribed with Twitch Prime.,neither,0.030186173588972614,0.3621416721941929,0.6076721542168345
ninjaBlast1 ninjaBlast1 ninjaBlast1,neither,0.03945320844208391,0.33037608806864915,0.630170703489267
yaboipokestar1 subscribed at Tier 1.,neither,0.03853807016957085,0.358210604756348,0.6032513250740811
!bttv @KumarWest,neither,0.03945320844208391,0.33037608806864915,0.630170703489267
Ninja has custom BTTV (Better TwitchTV) and FFZ (FrankerFaceZ) emotes that anyone can use in chat (Like OMEGALUL or POGGERS ). Chrome users can get BTTV here http://tinyurl.com/jwyn2vc and FFZ here https://goo.gl/3faAnH Make sure you enable GIF emotes in BTTV settings!,neither,0.0538273567022168,0.34964050383641126,0.596532139461372
"lowercase p, pepeJAM",neither,0.03945320844208391,0.33037608806864915,0.630170703489267
I like time traveling it’s okay,neither,0.04674899828981092,0.3642944609409891,0.5889565407692
!addcom !delay There is a 3 minute delay for the qualifiers today.,neither,0.039824655233985776,0.23611264716190156,0.7240626976041127
"@Maddened -> The command ""!delay"" has been added successfully.",neither,0.03881514682626528,0.31661702839609723,0.6445678247776374
Command !delay added,neither,0.03945320844208391,0.33037608806864915,0.630170703489267
barb LULW,neither,0.03945320844208391,0.33037608806864915,0.630170703489267
We are here for you Brother Ninja,neither,0.13155545509146108,0.26286118702078715,0.6055833578877519
ninja even looks like a goat,neither,0.04728507331391985,0.356122591703022,0.5965923349830582
dont play sad music bro ninjaPon,neither,0.03945320844208391,0.33037608806864915,0.630170703489267
hy,neither,0.03945320844208391,0.33037608806864915,0.630170703489267
Oh look it’s the dumb oh bot,neither,0.046447573945376054,0.24861792960068485,0.704934496453939
Glad u got a delay so u don't get stream sniped,neither,0.03785611997924635,0.4171213904109989,0.5450224896097547
lazerdyno subscribed with Twitch Prime.,neither,0.030186173588972614,0.3621416721941929,0.6076721542168345
!delay,neither,0.03945320844208391,0.33037608806864915,0.630170703489267
There is a 3 minute delay for the qualifiers today.,neither,0.039824655233985776,0.23611264716190156,0.7240626976041127
Got that first letter capitalization LUL,neither,0.030415492293975065,0.39989475999985,0.5696897477061749
hey,neither,0.03945320844208391,0.33037608806864915,0.630170703489267
fortnite,neither,0.03945320844208391,0.33037608806864915,0.630170703489267
dyl do you have the jammers club copy?,neither,0.05524334254174953,0.36473159248228865,0.5800250649759618
where'd everyone go?,neither,0.03537739604874417,0.4267189039371685,0.5379037000140873
AYAYA HYPERCLAP,neither,0.03945320844208391,0.33037608806864915,0.630170703489267
wait this is past tense?,neither,0.046303025669809504,0.32934038510664865,0.6243565892235418
He’s smh why,neither,0.046943744276495065,0.3442630248531119,0.608793230870393
so there is no reason to chat?,neither,0.052718527500190564,0.33681441676872603,0.6104670557310834
We back,neither,0.039166053543719236,0.33524985610846453,0.6255840903478163
LULW,neither,0.03945320844208391,0.33037608806864915,0.630170703489267
There’s always reason to chat,neither,0.04383548092959865,0.3374560213923933,0.6187084976780082
badabing_sly subscribed at Tier 1. They've subscribed for 12 months! hey Ninja it's our 1 year anniversary!!!,neither,0.02426193370800032,0.31795657070759864,0.6577814955844011
no,neither,0.036918905254960256,0.37338982715841207,0.5896912675866277
When ninja types super fast jonny3Giggity,neither,0.03238769469829853,0.3653621410508183,0.6022501642508832
"why am i listening to sad music, wheres the hpe cmonBruh",neither,0.03471818677263373,0.3272883049797865,0.6379935082475797
"he sees our chat, just in the future weSmart",neither,0.03916206965798382,0.3324541254261059,0.6283838049159104
@ninja good luck today man!,neither,0.03770571937497932,0.36068806125860986,0.6016062193664109
"lauderdalemd subscribed with Twitch Prime. They've subscribed for 14 months, currently on a 14 month streak! over a year wow love ya @ninja keep doing you bro",neither,0.022650275159833578,0.4377622310346302,0.5395874938055363
o,neither,0.03945320844208391,0.33037608806864915,0.630170703489267
iTzFennSkee subscribed with Twitch Prime. They've subscribed for 10 months!,neither,0.01797585316727558,0.3231136230633543,0.6589105237693702
WHO STOLE MY COOKIES HYPERBRUH,neither,0.029255907784722313,0.4776356180856298,0.49310847412964787
I know it's 3 minutes....but maybe change your skin?,neither,0.05739080263097166,0.3323380727702626,0.6102711245987658
Ninja werks album or riot,neither,0.03945320844208391,0.33037608806864915,0.630170703489267
@barbxlahey Being on mobile is a struggle.. lol,neither,0.03314877469708901,0.401825121986057,0.565026103316854
basketball623 subscribed with Twitch Prime.,neither,0.030186173588972614,0.3621416721941929,0.6076721542168345
omg that music ninjaPon,neither,0.03476552150915296,0.3815439438033638,0.5836905346874832
@ninja good luck today man I know you will do incredible in the world cup qualifiers,neither,0.04788199468704494,0.3523660191499432,0.5997519861630117
just stream room cam with the dogs 4Head,neither,0.028866857214011152,0.35839650912930104,0.6127366336566878
@GAMERAIDZ android or ios?,neither,0.03945320844208391,0.33037608806864915,0.630170703489267
Good evening,neither,0.03869882722860525,0.3306355543605695,0.6306656184108252
keyboard caaaaam i want,neither,0.03971009941506125,0.3260159778252082,0.6342739227597305
"@ninja We are all pulling for you so 3,5,20 minute delay...it doesn’t matter. Whatever will keep those weak a$$ stream snipers from getting you is what should be done.",neither,0.09107946021510765,0.38560202759465295,0.5233185121902394
Ninj change up your cosmetics,neither,0.08553500187352549,0.39570580991907106,0.5187591882074033
cheer100 cheer100 cheer100 cheer100 cheer100,neither,0.03945320844208391,0.33037608806864915,0.630170703489267
hi,neither,0.03945320844208391,0.33037608806864915,0.630170703489267
😡 mods,neither,0.03945320844208391,0.33037608806864915,0.630170703489267
@GAMERAIDZ i feel it PepeHands,neither,0.03681196396511082,0.33128453316013706,0.631903502874752
@Texa IKR? I want him to grab a few beers and slay out to jon wick or something,neither,0.043280356915339144,0.3139765540022309,0.6427430890824299
Full face cam no game play,neither,0.053232902424755875,0.30354237257803196,0.6432247249972122
straker_243 subscribed at Tier 1.,neither,0.03853807016957085,0.358210604756348,0.6032513250740811
Fortnite is ass now tbh who agrees?,offensive_language,0.11565459890887343,0.8748433217807823,0.009502079310344195
"Yeah Avid, do your job pepeJAM",neither,0.04818077422972737,0.4488415750716769,0.5029776506985957
darthmary86 subscribed at Tier 1. They've subscribed for 9 months! Love watching you Ninja,neither,0.0262119586030504,0.3459032690477637,0.6278847723491859
Wait what. I was zoned out,neither,0.039973944338967754,0.34356619909021563,0.6164598565708166
sumSmash,neither,0.03945320844208391,0.33037608806864915,0.630170703489267
@mublacksmith iOS,neither,0.03945320844208391,0.33037608806864915,0.630170703489267
,neither,0.03945320844208391,0.33037608806864915,0.630170703489267
LUL LUL LUL LUL LUL,neither,0.03945320844208391,0.33037608806864915,0.630170703489267
lolol dang,neither,0.03945320844208391,0.33037608806864915,0.630170703489267
ninjaK,neither,0.03945320844208391,0.33037608806864915,0.630170703489267
ninjaCry ninjaCry ninjaCry,neither,0.03945320844208391,0.33037608806864915,0.630170703489267
3 min delay title mitch,neither,0.03945320844208391,0.33037608806864915,0.630170703489267
omgmastadon subscribed with Twitch Prime.,neither,0.030186173588972614,0.3621416721941929,0.6076721542168345
mitch add 3 min delay to title,neither,0.045058402663915,0.327084283097729,0.627857314238356
pistol OP,neither,0.03945320844208391,0.33037608806864915,0.630170703489267
He wants the delay in the title Mitch,neither,0.042861529713454784,0.2997362422560251,0.6574022280305202
PrimeRlyTho PrimeRlyTho PrimeRlyTho PrimeRlyTho,neither,0.03945320844208391,0.33037608806864915,0.630170703489267
Gotcha,neither,0.03945320844208391,0.33037608806864915,0.630170703489267
Okay I’m not a mod I don’t know why I almost tried lol,neither,0.024710594498179018,0.39092590993440635,0.5843634955674147
"@GAMERAIDZ yeah there is an app that shows the bttv emotes, it",neither,0.028134331008442738,0.39482208791360723,0.5770435810779501
!title What loadout do I use for solo qualifiers?! [3 Minute Delay],neither,0.018596588242495597,0.3736504062417317,0.6077530055157726
@Texa -> The stream title has been updated to: What loadout do I use for solo qualifiers?! [3 Minute Delay],neither,0.02462060085084707,0.35261432995206865,0.6227650691970844
@GAMERAIDZ it's just for android,neither,0.02610180540213633,0.3205087473292034,0.6533894472686602
Put delay on,neither,0.03422356060727152,0.35608169008912666,0.6096947493036019
love you ninja,neither,0.055614303534325615,0.40605032358192344,0.538335372883751
ninjaCRINJA ninjaCRINJA ninjaCRINJA ninjaCRINJA,neither,0.03945320844208391,0.33037608806864915,0.630170703489267
"use a tac, and if not dont even use a shotgun",neither,0.00456622397356134,0.4725562693552657,0.5228775066711729
tyler lets gooo,neither,0.03882288661179752,0.34107429453750193,0.6201028188507006
No sound,neither,0.03817021587683215,0.3521518202447505,0.6096779638784173
wow texa out modding mitch WeirdChamo,neither,0.03291119870273129,0.3560821480139714,0.6110066532832973
I think you just don’t need to land at the shop.,neither,0.05220041057573037,0.37559000804010445,0.5722095813841652
ninjaHmm ninjaHmm ninjaHmm,neither,0.03945320844208391,0.33037608806864915,0.630170703489267
I was doing it in the dash,neither,0.03720350169921039,0.31753369283376354,0.6452628054670261
ninja did you see the article about you on Kotaku?,neither,0.06062965466922175,0.42067345116454247,0.5186968941662357
ninjaHype ninjaHype ninjaHype ninjaHype ninjaHype ninjaHype ninjaHype ninjaHype ninjaHype ninjaHype ninjaHype ninjaHype,neither,0.03945320844208391,0.33037608806864915,0.630170703489267
For the qualifiers try two drums and a tac,neither,0.032313551720443486,0.23086586737787354,0.736820580901683
PepeHands WeirdChamp,neither,0.03945320844208391,0.33037608806864915,0.630170703489267
schmeatyboyjr subscribed at Tier 1.,neither,0.03853807016957085,0.358210604756348,0.6032513250740811
Awkward,neither,0.03945320844208391,0.33037608806864915,0.630170703489267
@mublacksmith Figures lol. Rn it’s just easier than my surface,neither,0.02425409387436273,0.4423684138211257,0.5333774923045115
ninjaK ninjaK ninjaGold ninjaGold,neither,0.03945320844208391,0.33037608806864915,0.630170703489267
ninjaJam,neither,0.03945320844208391,0.33037608806864915,0.630170703489267
He’s def doing longer than 3 mins. Good deal.,neither,0.04220801456050226,0.33438505285160663,0.623406932587891
Texa the Alpha mod,neither,0.03833268284400528,0.3097437752947421,0.6519235418612527
,neither,0.03945320844208391,0.33037608806864915,0.630170703489267
Ninja album or riot,neither,0.03945320844208391,0.33037608806864915,0.630170703489267
I like how I say I'm doing it and Texa just adds it out of the blue smh Kappa,neither,0.04420318745992393,0.32592572927440927,0.6298710832656668
hi,neither,0.03945320844208391,0.33037608806864915,0.630170703489267
this is texas chat now FeelsStrongMan,neither,0.047118109447909555,0.329203868059297,0.6236780224927934
Why is HPERBRUH not an emote here??,neither,0.08972825341104973,0.2985759861950391,0.611695760393911
LULW,neither,0.03945320844208391,0.33037608806864915,0.630170703489267
goffey subscribed with Twitch Prime.,neither,0.030186173588972614,0.3621416721941929,0.6076721542168345
Sup FortOne,neither,0.03945320844208391,0.33037608806864915,0.630170703489267
POOGERS,neither,0.03945320844208391,0.33037608806864915,0.630170703489267
I want to see red bull in hand and game head on!,neither,0.03993485663747281,0.29794036120408773,0.6621247821584395
When does the quali start?,offensive_language,0.016746005304969832,0.49386386460791015,0.4893901300871201
Hi Ninja,neither,0.03945320844208391,0.33037608806864915,0.630170703489267
HYPERBRUH*,neither,0.03945320844208391,0.33037608806864915,0.630170703489267
HELLO,neither,0.03945320844208391,0.33037608806864915,0.630170703489267
ninjaBlast1 ninjaBlast2 ninjaBlast3 ninjaBlast3,neither,0.03945320844208391,0.33037608806864915,0.630170703489267
ninjaPog,neither,0.03945320844208391,0.33037608806864915,0.630170703489267
ttc_micky subscribed with Twitch Prime.,neither,0.030186173588972614,0.3621416721941929,0.6076721542168345
We undesrtand your side mitch @iTz_26,neither,0.07878980810060396,0.3753250142040284,0.5458851776953676
"I was typing it when you were asking what he wanted, not my fault ur slow FeelsWeirdManW",neither,0.05121754801417009,0.41487103633781064,0.5339114156480194
Esketit,neither,0.03945320844208391,0.33037608806864915,0.630170703489267
@Ninja chill and you'll do great,neither,0.05078851877774962,0.3074846175168467,0.6417268637054037
c4x0i subscribed at Tier 1.,neither,0.03853807016957085,0.358210604756348,0.6032513250740811
I came in 10th with 12 kills wtf,offensive_language,0.033248400890721286,0.512524511586768,0.45422708752251056
LUL,neither,0.03945320844208391,0.33037608806864915,0.630170703489267
monkaEyes,neither,0.03945320844208391,0.33037608806864915,0.630170703489267
Let’s go ninja I know you will qualify today,neither,0.03739792251470048,0.35913396252288043,0.6034681149624191
Good idea brother!,neither,0.03877880452164467,0.33060804650208636,0.6306131489762691
joshwrSharktank joshwrSharktank joshwrSharktank joshwrSharktank,neither,0.03945320844208391,0.33037608806864915,0.630170703489267
This comment was uploaded 3 minutes ago but due to crappy wifi you are just getting it now. Good luck 3 mins from now.,neither,0.05247115155604318,0.3644648818311518,0.583063966612805
good strategy,neither,0.03872947641674942,0.3306250126993298,0.6306455108839208
what are we discussing?,neither,0.07389583490638019,0.2829303485635431,0.6431738165300767
dowjones21 subscribed at Tier 1. They've subscribed for 15 months! keep up the grind man,neither,0.021559252550865368,0.36650370548864153,0.6119370419604931
"Texas, the second largest population of tigers in the world are in Texas LUL",neither,0.048597051035977966,0.29699033854628043,0.6544126104177417
lolz xd dont even tell where u gonna land tbh ninja10 ninja10 ninja10,neither,0.03941039115808665,0.35110724199509197,0.6094823668468214
ninjaK,neither,0.03945320844208391,0.33037608806864915,0.630170703489267
widepeepoHappy zoning out on qualifier day FeelsWeirdManW,neither,0.03320794930828025,0.34522335114509195,0.6215686995466276
joshwrNorman joshwrNorman joshwrNorman joshwrNorman joshwrNorman,neither,0.03945320844208391,0.33037608806864915,0.630170703489267
mods fight sumSmash,neither,0.03945320844208391,0.33037608806864915,0.630170703489267
widepeepoHappy gas,neither,0.03945320844208391,0.33037608806864915,0.630170703489267
driftermal subscribed with Twitch Prime.,neither,0.030186173588972614,0.3621416721941929,0.6076721542168345
might wanna get that looked at..,neither,0.034673652924242675,0.3995856510831071,0.5657406959926502
ninjaPon ninjaPon ninjaPon ninjaPon ninjaPon ninjaPon ninjaPon ninjaPon ninjaPon ninjaPon ninjaPon ninjaPon ninjaPon ninjaPon ninjaPon ninjaPon ninjaPon ninjaPon ninjaPon ninjaPon ninjaPon ninjaPon ninjaPon,neither,0.03945320844208391,0.33037608806864915,0.630170703489267
ninjaPon,neither,0.03945320844208391,0.33037608806864915,0.630170703489267
when do quals start,neither,0.027866595880216453,0.3983978700103558,0.5737355341094278
Nooooooo,neither,0.03945320844208391,0.33037608806864915,0.630170703489267
widepeepoHappy,neither,0.03945320844208391,0.33037608806864915,0.630170703489267
Ninja is a milllion dollar mansion no AC?!?! wtf,offensive_language,0.04562775911613744,0.481224980635989,0.4731472602478737
min,neither,0.03945320844208391,0.33037608806864915,0.630170703489267
Yikes close da window,neither,0.07478621222640408,0.45221002230809404,0.4730037654655018
ninjaPon,neither,0.03945320844208391,0.33037608806864915,0.630170703489267
@musaibhussaini1 45 mins,neither,0.03945320844208391,0.33037608806864915,0.630170703489267
i thought everyone in murica had air conditioning,neither,0.0373458934089226,0.3364520342903624,0.626202072300715
!uptime,neither,0.03945320844208391,0.33037608806864915,0.630170703489267
Ninja has been streaming for 8 minutes 28 seconds,neither,0.036009324457300686,0.31219823727366697,0.6517924382690324
Infantry rifle/boom bow and Tommy gun. rest heals,neither,0.03897493618089727,0.3071053527791323,0.6539197110399705
40min,neither,0.03945320844208391,0.33037608806864915,0.630170703489267
in 50 minutes,neither,0.03945320844208391,0.33037608806864915,0.630170703489267
How in the world did we get on the population of tigers? lol.,neither,0.03171987733719371,0.3583811215213925,0.6098990011414138
its like title towers here omg,neither,0.07565223443042549,0.31536289151561264,0.6089848740539618
ninjaPog,neither,0.03945320844208391,0.33037608806864915,0.630170703489267
PogU,neither,0.03945320844208391,0.33037608806864915,0.630170703489267
poggg,neither,0.03945320844208391,0.33037608806864915,0.630170703489267
ninjaTube,neither,0.03945320844208391,0.33037608806864915,0.630170703489267
My Chest Now,neither,0.026845470144771132,0.4301232681453717,0.543031261709857
goood shit,offensive_language,0.04397788019770114,0.9553125845738988,0.0007095352284001839
ninjaBlast1 ninjaBlast2 ninjaBlast3,neither,0.03945320844208391,0.33037608806864915,0.630170703489267
Pog,neither,0.03945320844208391,0.33037608806864915,0.630170703489267
theres like three ac units but for whatever reason in the stream room they only built a window. FeelsIllinoisSummerMan,neither,0.03901597683702115,0.3202696370556177,0.6407143861073611
PogU,neither,0.03945320844208391,0.33037608806864915,0.630170703489267
@cdawgskingdom I smoke fairly high amount of yes that good shit LUL,offensive_language,0.044670384217252924,0.9181050991669842,0.03722451661576293
what time is qualifiers? anyone help a brotha out and provide answer?,neither,0.04345677026891107,0.3237264790192387,0.6328167507118502
Ggez,neither,0.03945320844208391,0.33037608806864915,0.630170703489267
Boat is new tilted,neither,0.05400085481572091,0.22556331999425686,0.7204358251900221
GGs,neither,0.03945320844208391,0.33037608806864915,0.630170703489267
sumSmash,neither,0.03945320844208391,0.33037608806864915,0.630170703489267
plz dont pick up that shotty anymore,neither,0.038071297992808985,0.34239333542664807,0.619535366580543
tac is new meta,neither,0.06648518054834988,0.15813276422225095,0.7753820552293992
tac is so much better than the combat shotgun,neither,0.04181313899959717,0.36813316611475366,0.5900536948856491
new shot gun is terrible,neither,0.0497117089355167,0.25337595904751364,0.6969123320169697
LubixCube subscribed with Twitch Prime.,neither,0.030186173588972614,0.3621416721941929,0.6076721542168345
,neither,0.03945320844208391,0.33037608806864915,0.630170703489267
DARK MODE BRO!😂,neither,0.03945320844208391,0.33037608806864915,0.630170703489267
ninjaPon ninjaPon ninjaPon ninjaPon ninjaPon ninjaPon ninjaPon ninjaPon ninjaPon ninjaPon ninjaPon ninjaPon ninjaPon ninjaPon ninjaPon ninjaPon ninjaPon ninjaPon ninjaPon,neither,0.03945320844208391,0.33037608806864915,0.630170703489267
ninjaPon,neither,0.03945320844208391,0.33037608806864915,0.630170703489267
@baldinglegend it starts in 40 minutes,neither,0.03824229485609649,0.3307925767780423,0.6309651283658612
Just land somewhere else lololol,neither,0.036078015321946315,0.3461260188868985,0.6177959657911553
DARK MODE!!!!,neither,0.03945320844208391,0.33037608806864915,0.630170703489267
yall tripping thinking new shotty is ass L2 hit ur shots kids,offensive_language,0.15446445198688813,0.7548443948238509,0.09069115318926113
Danget the purple was so pretty though,neither,0.03842528732150722,0.35708182116096365,0.6044928915175292
Deuter is best for storm,neither,0.04009477956625787,0.2948173826172239,0.6650878378165181
@GAZOTRON you the man! thanks,neither,0.05794464722367305,0.42832221759789463,0.5137331351784322
Oh now everyone is turning it off pog,neither,0.043762350017714786,0.37739921890367334,0.578838431078612
joexbro45 subscribed with Twitch Prime. They've subscribed for 4 months!,neither,0.017135853092050617,0.3228815153557895,0.6599826315521599
uhh,neither,0.03945320844208391,0.33037608806864915,0.630170703489267
@gameraidz I hear ya. I would hit FL has too many old farts to let it be legal. Everything here is brought in from legal states.,neither,0.04429538329518268,0.41876031451867546,0.5369443021861419
dish washing asmr Kreygasm,neither,0.03945320844208391,0.33037608806864915,0.630170703489267
points? anyone?,neither,0.03945320844208391,0.33037608806864915,0.630170703489267
i love how no one can spell or say the d one LULW,neither,0.03505526165696914,0.3809772981201829,0.583967440222848
Wait did he qualify for world cup,neither,0.03853256870083634,0.3043444341994872,0.6571229970996765
TAC shotgun wrecks now,neither,0.03945320844208391,0.33037608806864915,0.630170703489267
sadaLove,neither,0.03945320844208391,0.33037608806864915,0.630170703489267
this must be a Peeing stream LUL,neither,0.04045324681468932,0.3223411788795965,0.6372055743057142
@ninja you got this bbg,neither,0.05766347560133079,0.44818053790723034,0.4941559864914389
dae bae,neither,0.03426991802692666,0.4183500537239133,0.5473800282491599
Now I’m hungry,neither,0.03945320844208391,0.33037608806864915,0.630170703489267
Why not just turn it off completely bc it makes it look awful,neither,0.02904941044243894,0.3539929470920505,0.6169576424655107
what was that LUL,neither,0.04064708499585718,0.36987269511421306,0.5894802198899298
Asmr,neither,0.03945320844208391,0.33037608806864915,0.630170703489267
luckiechuckie1 subscribed with Twitch Prime. They've subscribed for 4 months!,neither,0.017135853092050617,0.3228815153557895,0.6599826315521599
Sup @Ninja We love You! <3,neither,0.05052357517032336,0.38632408022328873,0.5631523446063879
,neither,0.03945320844208391,0.33037608806864915,0.630170703489267
yayeet,neither,0.03945320844208391,0.33037608806864915,0.630170703489267
this game dooo doooooo,neither,0.038684801975112,0.2902024896168671,0.671112708408021
"lowkey nervous af, qualifiers about to start",neither,0.043281060805751316,0.3481064811017001,0.6086124580925485
hamzLULW,neither,0.03945320844208391,0.33037608806864915,0.630170703489267
monkaW,neither,0.03945320844208391,0.33037608806864915,0.630170703489267
@cdawgskingdom A joint a day keeps the doctors away,neither,0.04012555489086926,0.2916211389999455,0.6682533061091852
sadaLove,neither,0.03945320844208391,0.33037608806864915,0.630170703489267
monkaEyes,neither,0.03945320844208391,0.33037608806864915,0.630170703489267
@tsm_daequan LULW,neither,0.03945320844208391,0.33037608806864915,0.630170703489267
DAEEEEEE,neither,0.03945320844208391,0.33037608806864915,0.630170703489267
Pog @TSM_Daequan,neither,0.03945320844208391,0.33037608806864915,0.630170703489267
DAE IN THE CHAT HYPERS,neither,0.03831145552551962,0.3093391937240226,0.6523493507504577
harryl04 subscribed with Twitch Prime. They've subscribed for 12 months! LOVE U BRO,neither,0.01837285089660578,0.3307319397517971,0.6508952093515972
lupoBOOTY lupoBOOTY lupoBOOTY,neither,0.03945320844208391,0.33037608806864915,0.630170703489267
WTF DAE,offensive_language,0.04410695246022759,0.7898861884776351,0.16600685906213722
dae cracks me up bruh,neither,0.030483102908308617,0.41598991150789133,0.5535269855837999
@TSM_Daequan PogU,neither,0.03945320844208391,0.33037608806864915,0.630170703489267
pog dae,neither,0.03945320844208391,0.33037608806864915,0.630170703489267
LOL,neither,0.020706217963973744,0.4882283491876925,0.4910654328483337
hamzKiss hamzKiss,neither,0.03945320844208391,0.33037608806864915,0.630170703489267
@TSM_Daequan monkaW,neither,0.03945320844208391,0.33037608806864915,0.630170703489267
dae lol,neither,0.020706217963973744,0.4882283491876925,0.4910654328483337
LUL,neither,0.03945320844208391,0.33037608806864915,0.630170703489267
@Ninja i always lurk in here LULW,neither,0.08535283085341838,0.3457603238932441,0.5688868452533374
HYPERS HYPERS HYPERS,neither,0.03945320844208391,0.33037608806864915,0.630170703489267
A player of your Skill Set and quick thinking could ABSOLUTLEY dominate if you dropped anywhere on the map! Not even kissin ass! #Facts,offensive_language,0.08454530611811775,0.7735368225136304,0.14191787136825176
ninja is dead PepeHands,neither,0.04822126356270137,0.32736035184821827,0.6244183845890804
@ks.,neither,0.03945320844208391,0.33037608806864915,0.630170703489267
REEEEE,neither,0.03945320844208391,0.33037608806864915,0.630170703489267
I see you DAE @TSM_Daequan,offensive_language,0.09082037091224987,0.45847253898735657,0.4507070901003935
@TSM_Daequan greetings doctorHANDSHAKE doctorHANDSHAKE doctorHANDSHAKE doctorHANDSHAKE,neither,0.03945320844208391,0.33037608806864915,0.630170703489267
