text,top_class,hate_speech,offensive_language,neither
Pog LIVE,neither,0.04891340716200846,0.3271222919257548,0.6239643009122369
widepeepoHappy ☕,neither,0.03945320844208391,0.33037608806864915,0.630170703489267
tuuune,neither,0.03945320844208391,0.33037608806864915,0.630170703489267
LUL i was just checking twitter,neither,0.035300172984687336,0.43763658191791716,0.5270632450973954
this is sick lmao,neither,0.04854638777292355,0.350283251351263,0.6011703608758135
erm what is this,neither,0.05466209117209791,0.32462793044583993,0.6207099783820622
retro Pon Pon Pon,neither,0.03945320844208391,0.33037608806864915,0.630170703489267
8 bit joy,neither,0.03945320844208391,0.33037608806864915,0.630170703489267
hello,neither,0.03945320844208391,0.33037608806864915,0.630170703489267
pepeD 8 bit PONG PONG,neither,0.03945320844208391,0.33037608806864915,0.630170703489267
great music,neither,0.0370640399210632,0.2982264726944986,0.6647094873844384
ninjaClap ninjaCreep ninjaClap,neither,0.03945320844208391,0.33037608806864915,0.630170703489267
Pepega PONG POING,neither,0.03945320844208391,0.33037608806864915,0.630170703489267
ninjaPon ninjaPon ninjaPon ninjaPon ninjaPon ninjaPon ninjaPon ninjaPon ninjaPon ninjaPon ninjaPon ninjaPon ninjaPon ninjaPon,neither,0.03945320844208391,0.33037608806864915,0.630170703489267
ninjaPon,neither,0.03945320844208391,0.33037608806864915,0.630170703489267
new 8bit intro is niceee,neither,0.05290458986002074,0.232435275049867,0.7146601350901122
ninjaPon ninjaPon ninjaPog,neither,0.03945320844208391,0.33037608806864915,0.630170703489267
ninjaPon ninjaPon ninjaPon ninjaPon ninjaPon ninjaPon ninjaPon ninjaPon ninjaPon ninjaPon ninjaPon ninjaPon ninjaPon ninjaPon ninjaPon,neither,0.03945320844208391,0.33037608806864915,0.630170703489267
pepeD ninjaPon pepeD,neither,0.03945320844208391,0.33037608806864915,0.630170703489267
lets goooooooooooooo,neither,0.0381375099945381,0.3527069244228318,0.6091555655826302
yooo,neither,0.03945320844208391,0.33037608806864915,0.630170703489267
hope you got the leak figured out sir missgCUTE,neither,0.07378132750554334,0.30941847394970584,0.6168001985447508
ninjaPon ninjaPon ninjaPon ninjaPon gm ninja!!!,neither,0.03945320844208391,0.33037608806864915,0.630170703489267
ninjaPon,neither,0.03945320844208391,0.33037608806864915,0.630170703489267
pogg,neither,0.03945320844208391,0.33037608806864915,0.630170703489267
im first,neither,0.027762498762828915,0.38722415684797934,0.5850133443891918
ninjaPon ninjaPon ninjaPon ninjaPon ninjaPon ninjaPon ninjaPon ninjaPon ninjaPon,neither,0.03945320844208391,0.33037608806864915,0.630170703489267
Poggg,neither,0.03945320844208391,0.33037608806864915,0.630170703489267
Hey,neither,0.03945320844208391,0.33037608806864915,0.630170703489267
ninjaPon Clap,neither,0.03945320844208391,0.33037608806864915,0.630170703489267
ninjaCreep ninjaCreep ninjaClap ninjaClap ninjaClap,neither,0.03945320844208391,0.33037608806864915,0.630170703489267
ninjaPon ninjaPon ninjaPon ninjaPon ninjaPon ninjaPon,neither,0.03945320844208391,0.33037608806864915,0.630170703489267
ninjaJam ninjaJam,neither,0.03945320844208391,0.33037608806864915,0.630170703489267
Anyone here homeschooled?,neither,0.12118046931778953,0.27168535710754865,0.6071341735746618
ninjaCreep Clap,neither,0.03945320844208391,0.33037608806864915,0.630170703489267
ninjaPon ninjaPon ninjaPon ninjaPon ninjaPon ninjaPon ninjaPon ninjaPon ninjaPon ninjaPon ninjaPon ninjaPon ninjaPon,neither,0.03945320844208391,0.33037608806864915,0.630170703489267
ninjaPon,neither,0.03945320844208391,0.33037608806864915,0.630170703489267
ninjaPon ninjaPon ninjaPon ninjaPon ninjaPon ninjaPon ninjaPon,neither,0.03945320844208391,0.33037608806864915,0.630170703489267
ninjaCreep ninjaClap,neither,0.03945320844208391,0.33037608806864915,0.630170703489267
ninjaPon ninjaPon ninjaPon ninjaPon ninjaPon ninjaPon ninjaPon ninjaPon ninjaPon ninjaPon,neither,0.03945320844208391,0.33037608806864915,0.630170703489267
is this music new,neither,0.05580033639903746,0.21573370219108515,0.7284659614098774
ninjaRare CLap,neither,0.03945320844208391,0.33037608806864915,0.630170703489267
Tommy got nerfed?,neither,0.03790642832521664,0.3860908159513413,0.576002755723442
is this version of pon on youtube?,neither,0.04392419746810238,0.3418023378270909,0.6142734647048068
Clap,neither,0.03945320844208391,0.33037608806864915,0.630170703489267
ninjaPon ninjaPon ninjaPon ninjaPon ninjaPon ninjaPon ninjaPon ninjaPon,neither,0.03945320844208391,0.33037608806864915,0.630170703489267
ninjaCreep ninjaCreep ninjaCreep ninjaCreep ninjaCreep ninjaCreep ninjaClap ninjaClap ninjaClap ninjaClap ninjaCreep ninjaCreep ninjaCreep,neither,0.03945320844208391,0.33037608806864915,0.630170703489267
Yo is the p90 gone?,neither,0.05018685739076313,0.40264790268280837,0.5471652399264284
ninjaCreep ninjaClap ninjaClap ninjaClap ninjaClap ninjaCreep,neither,0.03945320844208391,0.33037608806864915,0.630170703489267
oof,neither,0.03945320844208391,0.33037608806864915,0.630170703489267
Tommy is nerfed???,neither,0.05005952611256733,0.3267280890626825,0.6232123848247502
"ngl chat, its fire",neither,0.03347498424385573,0.3324322735054925,0.6340927422506518
PepePls,neither,0.03945320844208391,0.33037608806864915,0.630170703489267
Love this song oml,neither,0.036089300060331446,0.35273009539267186,0.6111806045469967
yes tommy nerfed and p90 vaulted,neither,0.03863187110984148,0.28863333726839996,0.6727347916217586
ninjaCreep,neither,0.03945320844208391,0.33037608806864915,0.630170703489267
First,neither,0.02604892428726219,0.3349864360510187,0.6389646396617191
hellow ninjaHi,neither,0.03945320844208391,0.33037608806864915,0.630170703489267
Dangggg,neither,0.03945320844208391,0.33037608806864915,0.630170703489267
ninjaK ninjaK ninjaK,neither,0.03945320844208391,0.33037608806864915,0.630170703489267
WOW LOOKS FUNS monkaEyes,neither,0.03945320844208391,0.33037608806864915,0.630170703489267
hey all,neither,0.04285346742239823,0.46255625023407465,0.49459028234352725
hiii,neither,0.03945320844208391,0.33037608806864915,0.630170703489267
ninjaBlast1 ninjaBlast2 ninjaBlast3 ninjaBlast3 ninjaBlast3 ninjaBlast3,neither,0.03945320844208391,0.33037608806864915,0.630170703489267
Pon Pon Way Way WAY PepePls,neither,0.03967691632236666,0.3322493890567409,0.6280736946208925
Hey,neither,0.03945320844208391,0.33037608806864915,0.630170703489267
Ben is Bette Ethan Sami at Fortnite,neither,0.04562838641777486,0.3483578032003384,0.6060138103818868
Stream starts in 69,neither,0.03945320844208391,0.33037608806864915,0.630170703489267
good 3 am wake up call monkaW,neither,0.03601295561723055,0.3841670236698033,0.579820020712966
morning guys!,neither,0.04992865915806777,0.15258035067055087,0.7974909901713814
courageDAB couragePOGGERS courageDAB couragePOGGERS courageDAB couragePOGGERS courageDAB couragePOGGERS courageDAB couragePOGGERS courageDAB couragePOGGERS,neither,0.03945320844208391,0.33037608806864915,0.630170703489267
ninjaAww,neither,0.03945320844208391,0.33037608806864915,0.630170703489267
Yo finally doing something good huh epic?,neither,0.039079690979954125,0.38027088521795105,0.5806494238020947
ninjaAww ninjaAww ninjaAww ninjaAww ninjaAww ninjaAww,neither,0.03945320844208391,0.33037608806864915,0.630170703489267
@Ninja yooo i watched the first episode of Chernobyl with my gf last night after seeing your tweet... that is absolutely insane man,neither,0.03426392922194779,0.4145644552223947,0.5511716155556575
ninjaGold ninjaGold ninjaGold,neither,0.03945320844208391,0.33037608806864915,0.630170703489267
play with Tommy PogU,neither,0.02831349099436806,0.3694161918182052,0.6022703171874267
patch was solid today Kreygasm,neither,0.03814001639690723,0.3134333769595323,0.6484266066435606
aboticz subscribed with Twitch Prime. They've subscribed for 9 months! i still have faith... that one day you will JUST TRY sub customs.,neither,0.02403041250042668,0.3756661347259832,0.6003034527735902
hello everyone. what a beautiful day here in ohio. cannot wait to spend the day at work watching ninja and talking to you guys!,neither,0.07089699004184714,0.3446040891554931,0.5844989208026596
i havent read the notes yet,neither,0.0387777220949103,0.3180944318714597,0.6431278460336299
Damon8BP_YT subscribed with Twitch Prime. They've subscribed for 7 months!,neither,0.017135853092050617,0.3228815153557895,0.6599826315521599
Hey tyler ryannn2Love,neither,0.03945320844208391,0.33037608806864915,0.630170703489267
@ryanpete10 It’s good?,neither,0.035241891898628426,0.33182455294040103,0.6329335551609706
ninjaPon ninjaPon ninjaPon ninjaPon ninjaPon ninjaPon ninjaPon ninjaPon ninjaPon ninjaPon ninjaPon ninjaPon ninjaPon ninjaPon ninjaPon ninjaPon,neither,0.03945320844208391,0.33037608806864915,0.630170703489267
ninjaPon,neither,0.03945320844208391,0.33037608806864915,0.630170703489267
raeLIKE raeWave raeC ninjaPopcorn ninjaThirst ninjaK,neither,0.03945320844208391,0.33037608806864915,0.630170703489267
tyler is hiding missgLURK,neither,0.047463291052835116,0.32762105335164743,0.6249156555955175
tommy nerf finally,neither,0.03945320844208391,0.33037608806864915,0.630170703489267
ya yeet,offensive_language,0.024930079393134772,0.5931503594547849,0.38191956115208037
ninjaPon ninjaPon ninjaPon,neither,0.03945320844208391,0.33037608806864915,0.630170703489267
GAME TIME SOON Pog,neither,0.0374445047895599,0.30467495774244524,0.6578805374679948
this patch has some really nice changes in it,neither,0.03314071176452577,0.3366869861848124,0.630172302050662
ninja90s ninja90s ninja90s ninja90s ninja90s ninja90s ninja90s,neither,0.03945320844208391,0.33037608806864915,0.630170703489267
yooo for real? we were literally in bed at like midnight and i was losing my mind. soooo insane @Ninja thanks for tweeting it out,neither,0.02821920085987581,0.37563845641180404,0.5961423427283201
Aye,neither,0.03945320844208391,0.33037608806864915,0.630170703489267
ninjaPon ninjaPon ninjaPon ninjaPon ninjaPon ninjaPon ninjaPon,neither,0.03945320844208391,0.33037608806864915,0.630170703489267
lets go,neither,0.039984317429425154,0.35542799280679366,0.6045876897637812
hamzCheck reading notes,neither,0.03945320844208391,0.33037608806864915,0.630170703489267
lfg dud,neither,0.03945320844208391,0.33037608806864915,0.630170703489267
ninjaTooth,neither,0.03945320844208391,0.33037608806864915,0.630170703489267
finally a nerf,neither,0.03945320844208391,0.33037608806864915,0.630170703489267
denyoize subscribed with Twitch Prime.,neither,0.030186173588972614,0.3621416721941929,0.6076721542168345
I was scrolling pst that last night. Thought it was that old movie Chernobyl diaries,neither,0.03326726030598023,0.30198962730190254,0.6647431123921173
ninjaPon,neither,0.03945320844208391,0.33037608806864915,0.630170703489267
PogChamp PogChamp PogChamp,neither,0.03945320844208391,0.33037608806864915,0.630170703489267
lmao carameldansen,neither,0.03705015143476208,0.3711622369619404,0.5917876116032975
ninjaAmazing ninjaAmazing ninjaAmazing ninjaAmazing ninjaAmazing,neither,0.03945320844208391,0.33037608806864915,0.630170703489267
Tommy gun nerf ninjaClap ninjaClap ninjaClap,neither,0.03945320844208391,0.33037608806864915,0.630170703489267
pepeD,neither,0.03945320844208391,0.33037608806864915,0.630170703489267
Good morning @Ninja,neither,0.0468013847741319,0.19273113716557552,0.7604674780602926
ninjaPog ninjaPog ninjaPog ninjaPog,neither,0.03945320844208391,0.33037608806864915,0.630170703489267
pepeD,neither,0.03945320844208391,0.33037608806864915,0.630170703489267
PepegaPls,neither,0.03945320844208391,0.33037608806864915,0.630170703489267
ninjaRare Clap,neither,0.03945320844208391,0.33037608806864915,0.630170703489267
ninjaJam,neither,0.03945320844208391,0.33037608806864915,0.630170703489267
hello from germany,neither,0.04044253611397438,0.3135846155371888,0.645972848348837
blobDance,neither,0.03945320844208391,0.33037608806864915,0.630170703489267
Yeeeeee,neither,0.03945320844208391,0.33037608806864915,0.630170703489267
PepegaPls every time its like,neither,0.04235998655009065,0.37990269272727756,0.5777373207226318
PepegaPls,neither,0.03945320844208391,0.33037608806864915,0.630170703489267
lmao,neither,0.03705015143476208,0.3711622369619404,0.5917876116032975
Come back to Las Vegas soo.,neither,0.042977435862444575,0.346772441511537,0.6102501226260183
PepegaPls PepegaPls,neither,0.03945320844208391,0.33037608806864915,0.630170703489267
ninjaCRINJA ninjaCRINJA ninjaCRINJA ninjaCRINJA,neither,0.03945320844208391,0.33037608806864915,0.630170703489267
PepegaPls,neither,0.03945320844208391,0.33037608806864915,0.630170703489267
"3, 2, 1 pepeJAM Clap",neither,0.03945320844208391,0.33037608806864915,0.630170703489267
mikeliveMontereyJack mikeliveGadget sometimes. Some crimes. Go slipping through the cracks!!!,neither,0.034034753009743395,0.3312450566422002,0.6347201903480564
you don't sound tired,neither,0.06030551835054155,0.38825346298410707,0.5514410186653514
PogU,neither,0.03945320844208391,0.33037608806864915,0.630170703489267
killer lyrics,neither,0.03945320844208391,0.33037608806864915,0.630170703489267
ppOverheat,neither,0.03945320844208391,0.33037608806864915,0.630170703489267
PepegaPls PepegaPls,neither,0.03945320844208391,0.33037608806864915,0.630170703489267
game time baby,neither,0.037307089517920514,0.3028474245917696,0.6598454858903098
ITS GAME TIME pepeJAM Clap,neither,0.032336807889175284,0.31120200176908014,0.6564611903417445
(Flex) #,neither,0.03945320844208391,0.33037608806864915,0.630170703489267
PepegaPls PepegaPls PepegaPls,neither,0.03945320844208391,0.33037608806864915,0.630170703489267
yeet,neither,0.03945320844208391,0.33037608806864915,0.630170703489267
ninjaJam ninjaJam,neither,0.03945320844208391,0.33037608806864915,0.630170703489267
the chernobyl horror movie is pretty good,neither,0.04702712530122047,0.2819476300330383,0.6710252446657413
@ninja morning! Hope you got ur water fixed,neither,0.12045269501354573,0.20858717895389248,0.6709601260325618
ninjaTube ninjaTube ninjaTube,neither,0.03945320844208391,0.33037608806864915,0.630170703489267
Hi Ninja!!,neither,0.03945320844208391,0.33037608806864915,0.630170703489267
PepegaPls LETS GO,neither,0.039984317429425154,0.35542799280679366,0.6045876897637812
jliinz subscribed with Twitch Prime. They've subscribed for 3 months!,neither,0.017135853092050617,0.3228815153557895,0.6599826315521599
Pepegapls,neither,0.03945320844208391,0.33037608806864915,0.630170703489267
That cold brew be hittin early huh Ninja?,neither,0.038285686065952625,0.3424087722053859,0.6193055417286614
PepegaPls,neither,0.03945320844208391,0.33037608806864915,0.630170703489267
peegapls,neither,0.03945320844208391,0.33037608806864915,0.630170703489267
PepegaPls GAME TIME,neither,0.036831986904325216,0.29642753231080715,0.6667404807848678
ITS GAME TIME PogU,neither,0.029882761249500213,0.30431233079982395,0.6658049079506758
GOOOODMORNING,neither,0.03945320844208391,0.33037608806864915,0.630170703489267
Morning,neither,0.05283876784042269,0.1031882115525248,0.8439730206070525
Game time,neither,0.036831986904325216,0.29642753231080715,0.6667404807848678
Good Morning to Ninja and Chat,neither,0.05014523907928135,0.18907968860966262,0.760775072311056
first,neither,0.02604892428726219,0.3349864360510187,0.6389646396617191
pride1000 good morning ninja,neither,0.0468013847741319,0.19273113716557552,0.7604674780602926
ninjaBlast1 ninjaBlast3,neither,0.03945320844208391,0.33037608806864915,0.630170703489267
ninjaFan ninjaFan ninjaFan ninjaFan ninjaFan,neither,0.03945320844208391,0.33037608806864915,0.630170703489267
pog,neither,0.03945320844208391,0.33037608806864915,0.630170703489267
i-l-ninja,neither,0.03945320844208391,0.33037608806864915,0.630170703489267
Wait they really nerfed the tommy 🤔,neither,0.03862683140223983,0.3152896687275868,0.6460834998701734
GAME TIMEEEEE,neither,0.03826383497213389,0.24674689817812728,0.7149892668497387
monkaEyes,neither,0.03945320844208391,0.33037608806864915,0.630170703489267
pepeD,neither,0.03945320844208391,0.33037608806864915,0.630170703489267
,neither,0.03945320844208391,0.33037608806864915,0.630170703489267
YEWWWWW,neither,0.03945320844208391,0.33037608806864915,0.630170703489267
has to be the best intro ever,neither,0.04426261513829361,0.30483704991025545,0.650900334951451
ninjaGold ninjaGold ninjaGold ninjaGold ninjaGold,neither,0.03945320844208391,0.33037608806864915,0.630170703489267
ninjaJAm,neither,0.03945320844208391,0.33037608806864915,0.630170703489267
YAY,neither,0.03945320844208391,0.33037608806864915,0.630170703489267
ninjaBits ninjaBits ninjaBits ninjaBits ninjaBits ninjaBits ninjaBits ninjaBits ninjaBits ninjaBits ninjaBits,neither,0.03945320844208391,0.33037608806864915,0.630170703489267
pepeD MY JAM CHAT,neither,0.028609255420982888,0.41446255054099074,0.5569281940380264
What up broda,neither,0.04549209283961305,0.43877665191533993,0.5157312552450469
ninjaClap ninjaClap,neither,0.03945320844208391,0.33037608806864915,0.630170703489267
afternoon from the UK x,neither,0.03956722982952138,0.3001914898745796,0.6602412802958991
litty,neither,0.03945320844208391,0.33037608806864915,0.630170703489267
what is this from?,neither,0.06738931577404107,0.29262366742824225,0.6399870167977167
Jon wick ninjaHype ninjaHype ninjaHype ninjaHype,neither,0.03945320844208391,0.33037608806864915,0.630170703489267
pepeD pepeD pepeD pepeD pepeD pepeD pepeD pepeD pepeD pepeD pepeD pepeD pepeD pepeD pepeD pepeD pepeD pepeD pepeD pepeD pepeD,neither,0.03945320844208391,0.33037608806864915,0.630170703489267
ninjaJam Clap,neither,0.03945320844208391,0.33037608806864915,0.630170703489267
what you eating,neither,0.08425645842039974,0.40181796739456205,0.5139255741850383
good morning ninj.. I'm about to take a final. in my senior year of college,neither,0.039372142456650716,0.31192120013984315,0.6487066574035062
Lmao I’ve never see. This,neither,0.014582203511402818,0.3715766234374887,0.6138411730511084
Heyyyy,neither,0.03945320844208391,0.33037608806864915,0.630170703489267
UK gang rise up,neither,0.03734100423185428,0.37253487208270436,0.5901241236854414
hupey,neither,0.03945320844208391,0.33037608806864915,0.630170703489267
Water leaks suck!,neither,0.07154616565439445,0.3410222222672602,0.5874316120783453
YEET,neither,0.03945320844208391,0.33037608806864915,0.630170703489267
Kappa Kappa ninjaBlast1 ninjaBlast1 ninja10,neither,0.03945320844208391,0.33037608806864915,0.630170703489267
sounds like wreck it ralph,neither,0.046340360757594706,0.34293933067101706,0.6107203085713881
gang gang gang,neither,0.03945320844208391,0.33037608806864915,0.630170703489267
PepegaPls,neither,0.03945320844208391,0.33037608806864915,0.630170703489267
idk i love these 8 bit remixes though ninjaRare,neither,0.04360558472015346,0.3940777089989756,0.5623167062808709
Lets go Baby ninjaH ninjaH ninjaH,neither,0.03989086924885973,0.3509994628938089,0.6091096678573312
ninjaCRINJA ninjaCRINJA ninjaCRINJA ninjaCRINJA,neither,0.03945320844208391,0.33037608806864915,0.630170703489267
ninjaDance ninjaDance ninjaDance ninjaDance ninjaDance ninjaDance ninjaDance ninjaDance,neither,0.03945320844208391,0.33037608806864915,0.630170703489267
pepeD pepeD pepeD pepeD pepeD pepeD,neither,0.03945320844208391,0.33037608806864915,0.630170703489267
New pon pon song?,neither,0.044000368639742445,0.21028930043648347,0.745710330923774
pepeJAM pepeJAM pepeJAM pepeJAM pepeJAM pepeJAM pepeJAM pepeJAM pepeJAM,neither,0.03945320844208391,0.33037608806864915,0.630170703489267
pepeD,neither,0.03945320844208391,0.33037608806864915,0.630170703489267
Suh dude tatSuh,neither,0.03945320844208391,0.33037608806864915,0.630170703489267
ninjaBlast1 ninjaBlast1 ninjaBlast2 ninjaBlast3 ninjaBlast3 ninjaBlast3 ninjaBlast3 ninjaBlast3 daeBop daeOgasm daeOgasm daeOgasm,neither,0.03945320844208391,0.33037608806864915,0.630170703489267
Gm buddy,neither,0.03945320844208391,0.33037608806864915,0.630170703489267
TriHard,neither,0.03945320844208391,0.33037608806864915,0.630170703489267
Hmm,neither,0.03945320844208391,0.33037608806864915,0.630170703489267
ninjaNavi ninjaNavi ninjaNavi ninjaNavi,neither,0.03945320844208391,0.33037608806864915,0.630170703489267
ninjaPon ninjaPon ninjaPon ninjaPon ninjaPon ninjaPon ninjaPon ninjaPon ninjaPon ninjaPon ninjaPon ninjaPon ninjaPon,neither,0.03945320844208391,0.33037608806864915,0.630170703489267
ninjaPon,neither,0.03945320844208391,0.33037608806864915,0.630170703489267
HYPERDANSGAME,neither,0.03945320844208391,0.33037608806864915,0.630170703489267
"lc3419 subscribed with Twitch Prime. They've subscribed for 3 months, currently on a 1 month streak!",neither,0.020161301589277043,0.3305963852590941,0.6492423131516288
How’s the water leak?,neither,0.03859693746689764,0.31473092442771144,0.646672138105391
ninjaFan,neither,0.03945320844208391,0.33037608806864915,0.630170703489267
I've seen it all now...,neither,0.016407761586592903,0.38012099432934154,0.6034712440840656
Omg its Ninja! ninjaPog,neither,0.033537110241045366,0.332410905526234,0.6340519842327208
@Ninja 's hyper LUL LUL LUL LUL,neither,0.03945320844208391,0.33037608806864915,0.630170703489267
ninja do you feel like your getting better at this every day you play this game?,neither,0.0928512231612249,0.41344876991398466,0.4937000069247905
Dracaras,neither,0.03945320844208391,0.33037608806864915,0.630170703489267
Hope your basement is ok PepeHands,neither,0.1410080978846833,0.20937928870891945,0.6496126134063973
nintendo ponpon ?,neither,0.03945320844208391,0.33037608806864915,0.630170703489267
nicktanic subscribed with Twitch Prime.,neither,0.030186173588972614,0.3621416721941929,0.6076721542168345
,neither,0.03945320844208391,0.33037608806864915,0.630170703489267
You have a water filter like Starbucks? The 3 time water filter?,neither,0.05055244920956545,0.36372467283503873,0.5857228779553959
That was the littest intro to a stream ever,neither,0.040585657641429664,0.3479877411911198,0.6114266011674505
zyvezok subscribed with Twitch Prime. They've subscribed for 6 months! Good morning Ninja from California and Caramelldansen is cool,neither,0.032296919948689454,0.23009099166856237,0.7376120883827482
Bee Bop Booop ninjaBlast1 ninjaBlast3 ninjaBlast3 ninjaBlast3,neither,0.03945320844208391,0.33037608806864915,0.630170703489267
hi,neither,0.03945320844208391,0.33037608806864915,0.630170703489267
dpstone23 subscribed with Twitch Prime. They've subscribed for 7 months!,neither,0.017135853092050617,0.3228815153557895,0.6599826315521599
Love waking up to this ninja,neither,0.039975500572175436,0.38354768121889127,0.5764768182089333
ninjaChocobo ninjaChocobo,neither,0.03945320844208391,0.33037608806864915,0.630170703489267
HEYY!,neither,0.03945320844208391,0.33037608806864915,0.630170703489267
!title,neither,0.03945320844208391,0.33037608806864915,0.630170703489267
goodmorning @Ninja and chat,neither,0.03882407308108372,0.2992186124764858,0.6619573144424304
@gracedanyelle -> Current Stream Title: Tommy gun nerf... AND a NEW GUN | Fortnite World Cup Creative announcement Video releasing TODAY!,neither,0.041813051038096884,0.2398986531264373,0.7182882958354657
I was watching DK use it... pretty dope dude i think you'll like it,neither,0.02842987378451015,0.4400130798269563,0.5315570463885336
ninjaBlast1 ninjaBlast2 ninjaBlast2 ninjaBlast2,neither,0.03945320844208391,0.33037608806864915,0.630170703489267
monkaHmm,neither,0.03945320844208391,0.33037608806864915,0.630170703489267
Eating in front of the camera?,neither,0.03864905537659484,0.31570438034321413,0.6456465642801911
ninjaBlast1 ninjaBlast2 ninjaBlast3 ninjaBlast3 LUL,neither,0.03945320844208391,0.33037608806864915,0.630170703489267
Best 8-bit song = The Moon from Ducktales,neither,0.038528735667777037,0.30341734196170855,0.6580539223705145
SAME,neither,0.04148851938089603,0.3488915597363099,0.609619920882794
ninja do you think your getting better everyday you play this game??,neither,0.08794596473748391,0.39727825379528764,0.5147757814672285
good morning Mr. Tyler!,neither,0.0458720460790836,0.21052309111384926,0.7436048628070672
Ninja did you get invited to the classic wow beta?,neither,0.05206282994813198,0.3484485046166379,0.5994886654352302
is the ninja red bull cans coming to the UK? @Ninja,neither,0.04553227636316454,0.3114559768173659,0.6430117468194695
its savage,neither,0.032313641618613755,0.332831712488379,0.6348546458930073
ninjaHi ninjaHi ninjaHi,neither,0.03945320844208391,0.33037608806864915,0.630170703489267
"if a john wick skin comes, what will the old john wick skin be called WeirdChamp",neither,0.03433185092438986,0.33567849026576696,0.6299896588098433
ninjaHi ninjaHi ninjaHi,neither,0.03945320844208391,0.33037608806864915,0.630170703489267
oh that sucks,neither,0.04086585539599552,0.3205495981638575,0.6385845464401471
whats up,neither,0.03597034933595279,0.4023906385329718,0.5616390121310755
@Ninja when are night streams coming back,neither,0.04108314653023557,0.3335297956000765,0.625387057869688
i got a red bull can,neither,0.03825285521781706,0.3711184308378839,0.590628713944299
CREATOR CODE,neither,0.03945320844208391,0.33037608806864915,0.630170703489267
ninjaPon,neither,0.03945320844208391,0.33037608806864915,0.630170703489267
ninjaPon,neither,0.03945320844208391,0.33037608806864915,0.630170703489267
"oh its ninj, aye dawg @Ninja",neither,0.03833302951171957,0.29262796896229176,0.6690390015259886
Good morning DAD,neither,0.04769303041835823,0.1754894925464113,0.7768174770352305
WutFace,neither,0.03945320844208391,0.33037608806864915,0.630170703489267
DAD?,neither,0.03945320844208391,0.33037608806864915,0.630170703489267
New John Wick skin has been leaked. Coming tomorrow?,neither,0.04155860114638272,0.2789801909649285,0.6794612078886888
dicknyer21 subscribed with Twitch Prime. They've subscribed for 10 months! you will always be the goat my guy!,neither,0.020802003104664457,0.39738439632080597,0.5818136005745296
What do you think of the John Wick leak?,neither,0.055712574758067124,0.3388777092497048,0.6054097159922281
I wonder what the Tommy nerf is,neither,0.049307545085144684,0.3132237077917319,0.6374687471231235
i was a little too excited for a 29 year old guy when i saw that red bull can in the store lol,neither,0.03538668989301683,0.377403278318282,0.587210031788701
@ryksen The skin is called the reaper. It was never an official John wick skin,neither,0.03967937368656742,0.3316817546793449,0.6286388716340877
I haven't seen any :/ @Ninja,neither,0.03945320844208391,0.33037608806864915,0.630170703489267
Halle Berry is the other leaked skin,neither,0.04574467481940266,0.31385529801205675,0.6404000271685405
yooo,neither,0.03945320844208391,0.33037608806864915,0.630170703489267
@Ninja NYFaith has returned!!!,neither,0.039922148910320046,0.3224169444855826,0.6376609066040974
the reaper @ryksen 😂,neither,0.03843498882663835,0.31168514531390124,0.6498798658594604
@Ninja yooo the engineer guy that just wont believe anything is going wrong in Chernobyl... blows my mind,neither,0.03197350463903847,0.40802475742131067,0.5600017379396509
Kappa,neither,0.03945320844208391,0.33037608806864915,0.630170703489267
@ninja the new gun is my favorite gun they have released,neither,0.038077500147469794,0.32205428196657987,0.6398682178859504
how much better do you think you've gotten since you hosted that tournament?,neither,0.04447885417809937,0.42668525061664575,0.5288358952052549
What are the tryhards going to do when the real John Wick comes!,neither,0.04818817636467708,0.3969461066515894,0.5548657169837334
@awatchmen I know but nobody is gonna call it reaper LULW,neither,0.03521948343707911,0.47327451331172116,0.4915060032511997
adamwilley18 subscribed at Tier 1. They've subscribed for 4 months! Happy 4 months,neither,0.02293530711004616,0.3161971628066566,0.6608675300832971
Hey @ninja ! Morning homie. Sorry ab the water leak,neither,0.0433824035435753,0.24401416967831305,0.7126034267781117
I stayed up watching RedVelvet stream funny dude,neither,0.03687309389697443,0.3793807027368492,0.5837462033661763
ninjaAmazing ninjaAmazing John Wick!,neither,0.03945320844208391,0.33037608806864915,0.630170703489267
ninjaHi ninjaHi ninjaHi ninjaHi,neither,0.03945320844208391,0.33037608806864915,0.630170703489267
how much better do you think you've gotten since you hosted that tournament,neither,0.04447885417809937,0.42668525061664575,0.5288358952052549
Fortnite sure knows how to take all of my money,offensive_language,0.03182040236040624,0.5566853954984439,0.41149420214114985
Hiiii good morning!,neither,0.04970930963283925,0.13564577574880146,0.8146449146183593
@simba770 reduced damage to 22/23 i believe,neither,0.04361108597177082,0.32791752223450116,0.628471391793728
WeirdChamp,neither,0.03945320844208391,0.33037608806864915,0.630170703489267
Shenshy subscribed at Tier 1.,neither,0.03853807016957085,0.358210604756348,0.6032513250740811
Im an og jhohn wick I wonder what they are doing to the dogs,neither,0.06212300318289844,0.30459938887888804,0.6332776079382134
Lulw,neither,0.03945320844208391,0.33037608806864915,0.630170703489267
ninjaH ninjaH fisLove ninjaH fisLove ninjaH fisDabb,neither,0.03945320844208391,0.33037608806864915,0.630170703489267
to the ogs,neither,0.04614106775183258,0.3078724812937547,0.6459864509544128
Vaulted the caps that,neither,0.03426454669265603,0.3589375891916875,0.6067978641156566
ninjaAww ninjaAww ninjaAww ninjaAww ninjaAww ninjaAww ninjaAww ninjaAww ninjaAww,neither,0.03945320844208391,0.33037608806864915,0.630170703489267
johndashoota subscribed with Twitch Prime.,neither,0.030186173588972614,0.3621416721941929,0.6076721542168345
,neither,0.03945320844208391,0.33037608806864915,0.630170703489267
nullx subscribed with Twitch Prime. They've subscribed for 3 months!,neither,0.017135853092050617,0.3228815153557895,0.6599826315521599
Compact,neither,0.03945320844208391,0.33037608806864915,0.630170703489267
Hope you got the leak fixed,neither,0.08884962095942021,0.29073326487488177,0.620417114165698
pepeD,neither,0.03945320844208391,0.33037608806864915,0.630170703489267
I ahvent seen it yet either. waited to watch you use it! @Ninja lol,neither,0.02676168109515669,0.44452878425742276,0.5287095346474205
i've been playing for 3 hours and haven;t found the new gun lmao,neither,0.02328398889457339,0.23756460610066524,0.7391514050047613
Mountain alive or no?,neither,0.03870337012577716,0.343102801218441,0.618193828655782
how is it John wick is going to have two skins and ninja hasn't gotten his yet,neither,0.06123905025112532,0.31980811477169346,0.6189528349771812
"i hate that your subz count is not growing lately, youve been grinding man!",neither,0.15514684487389896,0.3326845755418055,0.5121685795842955
John wick btw,neither,0.03945320844208391,0.33037608806864915,0.630170703489267
i am in sucha good mood now :) pepeD,neither,0.03880573876200258,0.3305987825817414,0.630595478656256
@Ryksen its clearly john wick and john wick: Chapter 2 Kappa,neither,0.03648627525901834,0.3140723654673802,0.6494413592736015
I'm back boiz,neither,0.03945320844208391,0.33037608806864915,0.630170703489267
@Nathz LULW true,neither,0.03945320844208391,0.33037608806864915,0.630170703489267
Drum gun nerf..step in the right direction @ninja,neither,0.038471831702445586,0.33143510761340683,0.6300930606841476
@highoktanez people hating,neither,0.26273413491953357,0.2620135378289633,0.4752523272515031
Rip Reaper Skin,neither,0.03945320844208391,0.33037608806864915,0.630170703489267
lets gooooo,neither,0.03864835078748214,0.3440366229783383,0.6173150262341796
ninjaJam p90 vault ninjaJam,neither,0.03945320844208391,0.33037608806864915,0.630170703489267
how much better do you think you've gotten since when you hosted that tournament PLEASE ANSWER I really want to know,neither,0.041234287147565524,0.42958880041276176,0.5291769124396727
@cspiazzi11 absolute faxx,neither,0.03945320844208391,0.33037608806864915,0.630170703489267
just vault it 4Head,neither,0.026790885577279128,0.38170409297443025,0.5915050214482905
Move your body!! Cuz I wanna know,neither,0.06839827204937925,0.3223395097906098,0.6092622181600109
"@gracedanyelle its sad, he deserves more",neither,0.03993842641419315,0.3221039918617069,0.6379575817241
"willphilbrick17 subscribed with Twitch Prime. They've subscribed for 3 months, currently on a 1 month streak! Ayyyeee 3 months",neither,0.02192957500156995,0.33039060759222066,0.6476798174062095
the hold heavy shotgun is in the loading screen so it is coming back. so was the new gun,neither,0.047797278466119204,0.30114434175040733,0.6510583797834736
ninjaJam pepeD pepeJAM ninjaRare,neither,0.03945320844208391,0.33037608806864915,0.630170703489267
Greb0 subscribed with Twitch Prime. They've subscribed for 3 months!,neither,0.017135853092050617,0.3228815153557895,0.6599826315521599
,neither,0.03945320844208391,0.33037608806864915,0.630170703489267
ninjaRare Clap,neither,0.03945320844208391,0.33037608806864915,0.630170703489267
!keybord,neither,0.03945320844208391,0.33037608806864915,0.630170703489267
ninjaHype ninjaHype ninjaHype ninjaHype ninjaHype,neither,0.03945320844208391,0.33037608806864915,0.630170703489267
"your power of voice on the game is impressive bro. Yesterday you said they should nerf it, and they did lol",neither,0.06491213594409403,0.3450453699291986,0.5900424941267074
Why wouldn’t they make a new shotgun for close range? Instead they make ANOTHER automatic gun,neither,0.04985636352786928,0.2459402003588716,0.704203436113259
Hey chat an @ninja ninjaHi ninjaHi ninjaPon ninjaPon,neither,0.039720326803322395,0.3258423923550602,0.6344372808416174
Did you see what fortnite tweeted,neither,0.06561893697872148,0.3756798244619775,0.5587012385593009
Good afternoon everyone,neither,0.03316196740479434,0.4281278811180135,0.5387101514771921
predict every chest you open challenge,neither,0.050421593559713984,0.3618841960862005,0.5876942103540855
Hey chat ninjaHi,neither,0.03945320844208391,0.33037608806864915,0.630170703489267
"Greb0 subscribed with Twitch Prime. They've subscribed for 3 months, currently on a 1 month streak! love you man",neither,0.023689426137881907,0.384605775648651,0.591704798213467
brb reading xqcLook,neither,0.03945320844208391,0.33037608806864915,0.630170703489267
pepeJAMJAM is a thing! Texa get more slotsssss TriHard,neither,0.05308716356078445,0.3251191032154141,0.6217937332238014
Sup sup yall HeyGuys,neither,0.0384625914192516,0.34718944425053033,0.6143479643302181
@delyan5 Good morning. I love you,neither,0.07440440689357213,0.22306199266487187,0.7025336004415561
"Tick Tock, Mr. Wick...",neither,0.03945320844208391,0.33037608806864915,0.630170703489267
And @ninja ninjaHi,neither,0.03849532262610919,0.28064596753809684,0.680858709835794
Patt3Gr33n subscribed at Tier 1. They've subscribed for 10 months! 10 months!!! bro get me some water.,neither,0.020823539836481473,0.34569262244629206,0.6334838377172265
PepeHands he wasnt ready,neither,0.04529808919333116,0.3283657655577667,0.6263361452489022
WeirdChamp,neither,0.03945320844208391,0.33037608806864915,0.630170703489267
141 grey tac btw,neither,0.03945320844208391,0.33037608806864915,0.630170703489267
Wait did they actually vault the drum gun?,neither,0.03879937007948282,0.31849477668104764,0.6427058532394695
They nerfed the best gun in the game? Lul,neither,0.03736080577027483,0.2751289165341165,0.6875102776956088
I need bttv on mobile ugh,neither,0.03682782433013451,0.34089203331527523,0.6222801423545902
"it's funny how everyone (including streamers) calls me by my full name lol hearing @Ninja say ""ryan pete"" is so funny to me",offensive_language,0.034072242728119505,0.4926382218346453,0.4732895354372351
rift...,neither,0.03945320844208391,0.33037608806864915,0.630170703489267
