text,top_class,hate_speech,offensive_language,neither
was here before stream even started,neither,0.06838837245117348,0.3637628901402182,0.5678487374086084
:),neither,0.03945320844208391,0.33037608806864915,0.630170703489267
ninjaClap ninjaClap ninjaClap,neither,0.03945320844208391,0.33037608806864915,0.630170703489267
hello,neither,0.03945320844208391,0.33037608806864915,0.630170703489267
Ayeeee,neither,0.03945320844208391,0.33037608806864915,0.630170703489267
ayyyyyyy,neither,0.03945320844208391,0.33037608806864915,0.630170703489267
Ninjaaaaa,neither,0.03945320844208391,0.33037608806864915,0.630170703489267
courageDAB courageDANCE courageDAB courageDANCE courageDAB courageDANCE courageDAB,neither,0.03945320844208391,0.33037608806864915,0.630170703489267
ninjaCreep,neither,0.03945320844208391,0.33037608806864915,0.630170703489267
ninjaCreep,neither,0.03945320844208391,0.33037608806864915,0.630170703489267
👋🏼,neither,0.03945320844208391,0.33037608806864915,0.630170703489267
pepeFUKNJAM ninjaJam lesssgooo,neither,0.03945320844208391,0.33037608806864915,0.630170703489267
Yoooooooooooo,neither,0.03945320844208391,0.33037608806864915,0.630170703489267
hey chat ninjaCreep,neither,0.03945320844208391,0.33037608806864915,0.630170703489267
ninjaPon,neither,0.03945320844208391,0.33037608806864915,0.630170703489267
ninjaPon,neither,0.03945320844208391,0.33037608806864915,0.630170703489267
yooooooo,neither,0.03945320844208391,0.33037608806864915,0.630170703489267
ninjaCreep ninjaTroll ninjaBlank PokBlaziken,neither,0.03945320844208391,0.33037608806864915,0.630170703489267
right,neither,0.03719022913728602,0.3744360956046963,0.5883736752580178
right,neither,0.03719022913728602,0.3744360956046963,0.5883736752580178
How’s everyone doing,neither,0.03249185739593141,0.4485283830003772,0.5189797596036915
right,neither,0.03719022913728602,0.3744360956046963,0.5883736752580178
PepegaPhone Texaaaa wake tf up MingLee,neither,0.03634028090060689,0.3941336253818935,0.5695260937174997
before the intro PogU,neither,0.034868723751792216,0.3786526548860537,0.5864786213621542
ninjaPon ninjaPon ninjaPon ninjaHype ninjaHype ninjaHype,neither,0.03945320844208391,0.33037608806864915,0.630170703489267
Morning guys,neither,0.04992865915806777,0.15258035067055087,0.7974909901713814
right,neither,0.03719022913728602,0.3744360956046963,0.5883736752580178
Let’s go ninja is the best,neither,0.030639855182219802,0.3391446616402582,0.630215483177522
good PowerUpL ninjaAmazing PowerUpR,neither,0.037820165765928906,0.33093776632913474,0.6312420679049364
:),neither,0.03945320844208391,0.33037608806864915,0.630170703489267
Good morning Ninja,neither,0.0468013847741319,0.19273113716557552,0.7604674780602926
hellooooooooo ninjaLlama,neither,0.03945320844208391,0.33037608806864915,0.630170703489267
ninjaCreep,neither,0.03945320844208391,0.33037608806864915,0.630170703489267
Morning chat.,neither,0.048641030132881694,0.17443477567193386,0.7769241941951844
Digging the tunes ninjaJam pepeJAM,neither,0.03868342901844291,0.31634469653961944,0.6449718744419376
ninjaHi how is it going peeps,neither,0.04413796542637078,0.3553561964308027,0.6005058381428265
Hey,neither,0.03945320844208391,0.33037608806864915,0.630170703489267
Morning jeep,neither,0.05283876784042269,0.1031882115525248,0.8439730206070525
:),neither,0.03945320844208391,0.33037608806864915,0.630170703489267
ninjaPon,neither,0.03945320844208391,0.33037608806864915,0.630170703489267
ninjaPon,neither,0.03945320844208391,0.33037608806864915,0.630170703489267
ninjaCreep ninjaClap ninjaCreep ninjaClap ninjaCreep ninjaClap ninjaCreep ninjaClap ninjaCreep ninjaCRINJA ninjaCRINJA ninjaCreep ninjaClap ninjaCreep ninjaCreep ninjaCRINJA ninjaCreep ninjaClap ninjaCreep ninjaCRINJA ninjaClap ninjaClap ninjaCreep ninjaCRINJA,neither,0.03945320844208391,0.33037608806864915,0.630170703489267
1 minute left challenge accepted,neither,0.03945320844208391,0.33037608806864915,0.630170703489267
huber1817 subscribed with Twitch Prime. They've subscribed for 2 months!,neither,0.017135853092050617,0.3228815153557895,0.6599826315521599
hello ninjaClap ninjaClap ninjaCreep ninjaCreep ninjaCreep,neither,0.03945320844208391,0.33037608806864915,0.630170703489267
@Ninja EPISODE 2 WAS NUTS MAN! Chernobyl monday POG,neither,0.039443066689614344,0.3752867385700963,0.5852701947402893
HYPE CITY,neither,0.03945320844208391,0.33037608806864915,0.630170703489267
oh hellll yeeee,neither,0.051363287716059566,0.22255663153133606,0.7260800807526044
Morning Chat,neither,0.048641030132881694,0.17443477567193386,0.7769241941951844
@Ninja have a good day Tyler,neither,0.03890456192619218,0.32594232258563705,0.6351531154881708
pepeJAM ninjaRare ninjaJam,neither,0.03945320844208391,0.33037608806864915,0.630170703489267
ninjaCreep ninjaCreep ninjaCreep ninjaCreep ninjaCreep ninjaCreep ninjaCreep,neither,0.03945320844208391,0.33037608806864915,0.630170703489267
ninjaTroll,neither,0.03945320844208391,0.33037608806864915,0.630170703489267
ninjaPon ninjaHype ninjaPon ninjaHype ninjaPon ninjaHype ninjaPon ninjaHype ninjaPon,neither,0.03945320844208391,0.33037608806864915,0.630170703489267
Daddddd,neither,0.03945320844208391,0.33037608806864915,0.630170703489267
ninjaHi ninjaHi ninjaHi ninjaHi ninjaHi ninjaHi ninjaHi ninjaHi ninjaHi ninjaHi ninjaHi,neither,0.03945320844208391,0.33037608806864915,0.630170703489267
PowerUpL ninjaAmazing PowerUpR,neither,0.03945320844208391,0.33037608806864915,0.630170703489267
ninjaPon ninjaPon ninjaPon ninjaPon ninjaPon ninjaPon ninjaPon ninjaPon,neither,0.03945320844208391,0.33037608806864915,0.630170703489267
ninjaPon,neither,0.03945320844208391,0.33037608806864915,0.630170703489267
Vinomakon subscribed with Twitch Prime.,neither,0.030186173588972614,0.3621416721941929,0.6076721542168345
that new tyler album thooooo,neither,0.0392480676478568,0.28621206723778675,0.6745398651143565
good morning/night chat,neither,0.03819588154826905,0.2006526889997797,0.7611514294519512
ninjaAww <3 hey chat,neither,0.03945320844208391,0.33037608806864915,0.630170703489267
Hello my lovely friends,neither,0.02961305447174094,0.4058207689114488,0.5645661766168102
:) ninjaAdore,neither,0.03945320844208391,0.33037608806864915,0.630170703489267
morning bro! @Ninja,neither,0.047255203879225056,0.19795586391480702,0.7547889322059679
PogU thank you dad,neither,0.06124023282723389,0.40188704781088985,0.5368727193618763
ninjaBlast2 ninjaBlast1,neither,0.03945320844208391,0.33037608806864915,0.630170703489267
@Ninja Got that funk going on,neither,0.03252221868764784,0.42478911407866526,0.5426886672336869
ninjaHype drbaroHype ninjaHype drbaroHype ninjaHype drbaroHype ninjaHype drbaroHype ninjaHype drbaroHype ninjaHype drbaroHype,neither,0.03945320844208391,0.33037608806864915,0.630170703489267
no you,offensive_language,0.09746070093309686,0.523068206890816,0.37947109217608715
I hear the clickity clackity ninjaCreep ninjaCreep,neither,0.038027216875677346,0.30385830561603894,0.6581144775082837
Good Morning 🤗,neither,0.04970930963283925,0.13564577574880146,0.8146449146183593
did you guys watch Warriors v Blazers last night???,neither,0.0489427473529387,0.36504743646894233,0.586009816178119
hello fello subs,neither,0.03945320844208391,0.33037608806864915,0.630170703489267
@Ninja bachelor party this weekend for my friend. cant freakin wait!!! GL this weekend though man,neither,0.03181290741752565,0.38045235522749504,0.5877347373549793
ninjaFan,neither,0.03945320844208391,0.33037608806864915,0.630170703489267
hi,neither,0.03945320844208391,0.33037608806864915,0.630170703489267
It's happeninggggggg,neither,0.034373745257138544,0.33212314837979673,0.6335031063630647
TL > IG ez clap,neither,0.03945320844208391,0.33037608806864915,0.630170703489267
ninjaCRINJA,neither,0.03945320844208391,0.33037608806864915,0.630170703489267
ninjaBlood,neither,0.03945320844208391,0.33037608806864915,0.630170703489267
pepeD,neither,0.03945320844208391,0.33037608806864915,0.630170703489267
ninjiiii,neither,0.03945320844208391,0.33037608806864915,0.630170703489267
cant wait for tomorrow tourney to watch you guys crush it again,neither,0.05113226060954434,0.3543236918387493,0.5945440475517063
ninjaPon ninjaClap ninjaPon ninjaClap ninjaPon ninjaClap,neither,0.03945320844208391,0.33037608806864915,0.630170703489267
What up ninja! You should do a 3 minute delay to avoid those dumbass stream snipers!,neither,0.08368113481683262,0.43329155389093876,0.4830273112922287
ninjaCreep ninjaCreep ninjaCreep ninjaCreep,neither,0.03945320844208391,0.33037608806864915,0.630170703489267
Good morning @Ninja !,neither,0.0468013847741319,0.19273113716557552,0.7604674780602926
♥️,neither,0.03945320844208391,0.33037608806864915,0.630170703489267
TL trkLegend trkLegend,neither,0.03945320844208391,0.33037608806864915,0.630170703489267
ninjaClap ninjaClap ninjaClap ninjaClap ninjaBlast1,neither,0.03945320844208391,0.33037608806864915,0.630170703489267
ninjaBlast1 ninjaBlast2 ninjaBlast3 ninjaPog ninjaBlood,neither,0.03945320844208391,0.33037608806864915,0.630170703489267
ninjaBlank ninjaBlank,neither,0.03945320844208391,0.33037608806864915,0.630170703489267
ninjaJam you have a ninjaJam day ninjaAdore,neither,0.07481404107033171,0.41132997591966125,0.5138559830100071
and another 5 minutes\,neither,0.1040512381178834,0.19881758965333157,0.6971311722287851
jr_revelo0514 subscribed at Tier 1. They've subscribed for 7 months! love you stream keep doing what your doing,neither,0.041808846508504825,0.33814175635737653,0.6200493971341186
it's gametime,neither,0.034373745257138544,0.33212314837979673,0.6335031063630647
Firm handshakes.,neither,0.03945320844208391,0.33037608806864915,0.630170703489267
,neither,0.03945320844208391,0.33037608806864915,0.630170703489267
Pog,neither,0.03945320844208391,0.33037608806864915,0.630170703489267
good morning,neither,0.04970930963283925,0.13564577574880146,0.8146449146183593
gooo,neither,0.03945320844208391,0.33037608806864915,0.630170703489267
game time bby,neither,0.03770391251288234,0.308094004500515,0.6542020829866027
"Yuuuuuur, morning, yuuuuuur, hahaa",neither,0.0476246085258958,0.19168610299149963,0.7606892884826046
"If Uber Eats shuts down, Ninja, you going to be able to survive until Jess is back?",neither,0.045347820308617,0.38373927134040137,0.5709129083509816
Natewag subscribed with Twitch Prime.,neither,0.030186173588972614,0.3621416721941929,0.6076721542168345
PogU we going aganeeee,neither,0.03640343242667747,0.38213874633125305,0.5814578212420696
3 2 1,neither,0.03945320844208391,0.33037608806864915,0.630170703489267
headBang,neither,0.03945320844208391,0.33037608806864915,0.630170703489267
omfg dude start this bitch!!,offensive_language,0.008516090319286943,0.9914494399442123,3.4469736500662694e-05
it's game time,neither,0.035025985323666124,0.2994888242222482,0.6654851904540856
Cloak invited you,neither,0.06316343085517194,0.39553058659427703,0.5413059825505511
THANK YOU SO MUCH FOR SIGNING HELLO It meant a lot! Happy Friday to you @Ninja and chat!,neither,0.051047498349368566,0.3603496533745717,0.5886028482760597
headBang,neither,0.03945320844208391,0.33037608806864915,0.630170703489267
good morning ninj good morning chat,neither,0.048833715347282654,0.153122363761051,0.7980439208916663
Captain_Wolfpak subscribed with Twitch Prime. They've subscribed for 11 months! 11 months lets gooooo. Way to be a positive influence on so many people!,neither,0.032487273088454865,0.3502867550338627,0.6172259718776824
adelim92 subscribed with Twitch Prime. They've subscribed for 8 months!,neither,0.017135853092050617,0.3228815153557895,0.6599826315521599
hello pepeD,neither,0.03945320844208391,0.33037608806864915,0.630170703489267
pepeJAM calling Clock up ninjaJam,neither,0.03663552150329018,0.38764993611699955,0.5757145423797103
@Ninja oooooohhhhh you cute,neither,0.06235682260567656,0.34795595395162726,0.5896872234426961
yaaaa,neither,0.03945320844208391,0.33037608806864915,0.630170703489267
clock! eskettttittt,neither,0.03945320844208391,0.33037608806864915,0.630170703489267
hello pepeD,neither,0.03945320844208391,0.33037608806864915,0.630170703489267
Haiii tommmyyy,neither,0.03945320844208391,0.33037608806864915,0.630170703489267
luv ya,offensive_language,0.02368706056182823,0.6208332013938993,0.3554797380442725
phillyace92 subscribed with Twitch Prime. They've subscribed for 4 months!,neither,0.017135853092050617,0.3228815153557895,0.6599826315521599
NOOOOOO,neither,0.03945320844208391,0.33037608806864915,0.630170703489267
cloak POG,neither,0.03945320844208391,0.33037608806864915,0.630170703489267
nah lets play with poor Clock @Ninja,neither,0.03172621238072126,0.36341226844666075,0.604861519172618
No commercial shoot today?,neither,0.05536564521987212,0.26330222260730307,0.6813321321728247
"MeatballsGG subscribed at Tier 1. They've subscribed for 13 months, currently on a 13 month streak!",neither,0.024967373727776992,0.3246958822128239,0.6503367440593991
is this elevator music,neither,0.047813439671759286,0.32908543787117245,0.6231011224570683
true love,neither,0.03524251608351481,0.3502344165254695,0.6145230673910157
thats so lit,neither,0.039409299306693665,0.38214273666374754,0.5784479640295588
talk :),neither,0.011110422634366193,0.34012447178344374,0.64876510558219
@Ninja it's his first time streaming btw! lmao,neither,0.04636372905633122,0.3578482771705038,0.5957879937731649
I would love @Ninja to do a just chatting,neither,0.03899370417684664,0.3531335363283674,0.6078727594947859
sumSmash cloak,neither,0.03945320844208391,0.33037608806864915,0.630170703489267
Good morning all!,neither,0.05617101603540504,0.22990603281931743,0.7139229511452775
@Ninja just resubbed for 8 months! It's been an awesome 8 months,neither,0.032918895031954776,0.3250185348138619,0.6420625701541833
hello sir,neither,0.03945320844208391,0.33037608806864915,0.630170703489267
HeyGuys,neither,0.03945320844208391,0.33037608806864915,0.630170703489267
Gotcha,neither,0.03945320844208391,0.33037608806864915,0.630170703489267
hi everyone,neither,0.032490659208996964,0.4485487193596734,0.5189606214313296
starbucks calling my name rn,neither,0.030326642241452487,0.39979289232649895,0.5698804654320486
Just chatting streamer btw tatOshi,neither,0.03353196934018771,0.358705121259583,0.6077629094002294
Dont be like Tim and just chat for 2 hours,neither,0.03828938607530312,0.3082185056047505,0.6534921083199463
ninja with a random duo tatBlanket,neither,0.031115043903344013,0.35865419627425993,0.6102307598223962
hair lookin good today ninja 😘,neither,0.037746953697453595,0.3123128698081306,0.6499401764944158
SUP,neither,0.03945320844208391,0.33037608806864915,0.630170703489267
PepeLaugh,neither,0.03945320844208391,0.33037608806864915,0.630170703489267
we jam'n chat? pepeJAM,neither,0.03930357011279951,0.3329158410415255,0.6277805888456751
Good Morning from Germany dude 🥶,neither,0.04649037379173096,0.20026443467617153,0.7532451915320976
jakebrotrill subscribed with Twitch Prime.,neither,0.030186173588972614,0.3621416721941929,0.6076721542168345
"Where's that coffee, dude?",neither,0.04717396352472519,0.16742236577358124,0.7854036707016935
ninjaRed ninjaRed ninjaBand ninjaClap ninjaBand,neither,0.03945320844208391,0.33037608806864915,0.630170703489267
Pepega Cawwfeeeee,neither,0.03945320844208391,0.33037608806864915,0.630170703489267
"Toxicplayer1700 subscribed with Twitch Prime. They've subscribed for 18 months, currently on a 18 month streak!",neither,0.022498216247502343,0.33033900187262366,0.6471627818798741
Hai chat GivePLZ,neither,0.03945320844208391,0.33037608806864915,0.630170703489267
I can't speak to anyone without coffee flowing through me,neither,0.04512559669959868,0.2421719043570321,0.7127024989433692
cloak adn dagger marvelous,neither,0.03945320844208391,0.33037608806864915,0.630170703489267
I missed the intro lowkey sad,neither,0.038789422310754176,0.3183108706371054,0.6428997070521404
did you look at the TL-IG MSI game? @Ninja,neither,0.049982262484197106,0.3335579381571749,0.6164597993586279
i thought you weren't gonna stream today,neither,0.0523207159718511,0.3030494722641909,0.644629811763958
the double aces,neither,0.03814199453468866,0.3060862808271402,0.6557717246381711
@iitzMav,neither,0.03945320844208391,0.33037608806864915,0.630170703489267
"Holt up, wait ah minute, sumpin aint rite",neither,0.03853182399319632,0.41293586016476114,0.5485323158420425
Clock punched a hole in his door btw LULW,neither,0.055345242374541775,0.33195192232841775,0.6127028352970404
axes,neither,0.03945320844208391,0.33037608806864915,0.630170703489267
W D: A H,neither,0.03945320844208391,0.33037608806864915,0.630170703489267
D:,neither,0.03945320844208391,0.33037608806864915,0.630170703489267
Good morning ninjaaa!!!!,neither,0.04970930963283925,0.13564577574880146,0.8146449146183593
Will u stream tonight after the commercial?,neither,0.037867068601809314,0.28533459882932405,0.6767983325688666
MarkyMarkKC subscribed at Tier 1. They've subscribed for 5 months!,neither,0.018730042386447116,0.3124437755681934,0.6688261820453595
hi ninj,neither,0.03945320844208391,0.33037608806864915,0.630170703489267
Does Keanu have kids?,neither,0.02333737715012814,0.485944797070042,0.4907178257798299
D: Clap,neither,0.03945320844208391,0.33037608806864915,0.630170703489267
Morning,neither,0.05283876784042269,0.1031882115525248,0.8439730206070525
"Way woah easy now, don't tell us old guys with kids what we can and can't do",neither,0.05419139341049356,0.321221138439294,0.6245874681502124
dabonemfloss_777 subscribed at Tier 1. They've subscribed for 6 months! ninjaChug faze family thank you for make’in me feel welcome my ninjahh,neither,0.020989623500260166,0.3819189785129951,0.5970913979867447
Reverse sounds different LUL,neither,0.03945320844208391,0.33037608806864915,0.630170703489267
hey I'm offended,neither,0.03945320844208391,0.33037608806864915,0.630170703489267
have you seen the video of him weapons training?,neither,0.05443702514908629,0.2896349339501234,0.6559280409007903
Alexvandebussche is gifting 10 Tier 1 Subs to Ninja's community! They've gifted a total of 10 in the channel!,neither,0.03326152619172539,0.31327368477711454,0.6534647890311601
keanu aint 41,offensive_language,0.042609911471045044,0.5128563037082344,0.44453378482072053
54,neither,0.03945320844208391,0.33037608806864915,0.630170703489267
@Ninja je,neither,0.03945320844208391,0.33037608806864915,0.630170703489267
Alexvandebussche gifted a Tier 1 sub to TheGoldenPoncho!,neither,0.04444518673407693,0.32743600166770886,0.6281188115982143
Alexvandebussche gifted a Tier 1 sub to VirtualSledge!,neither,0.04444518673407693,0.32743600166770886,0.6281188115982143
Alexvandebussche gifted a Tier 1 sub to boris1234567890123!,neither,0.04444518673407693,0.32743600166770886,0.6281188115982143
Alexvandebussche gifted a Tier 1 sub to aboudisoufane123!,neither,0.04444518673407693,0.32743600166770886,0.6281188115982143
Alexvandebussche gifted a Tier 1 sub to DurdoOnTheRocks!,neither,0.04444518673407693,0.32743600166770886,0.6281188115982143
Alexvandebussche gifted a Tier 1 sub to 4dubgaming!,neither,0.04444518673407693,0.32743600166770886,0.6281188115982143
Alexvandebussche gifted a Tier 1 sub to Jumanji_110!,neither,0.04444518673407693,0.32743600166770886,0.6281188115982143
Alexvandebussche gifted a Tier 1 sub to oshiroher0!,neither,0.04444518673407693,0.32743600166770886,0.6281188115982143
Alexvandebussche gifted a Tier 1 sub to adeadpilgrim!,neither,0.04444518673407693,0.32743600166770886,0.6281188115982143
@Ninja I hate both of you.,neither,0.3192162349993015,0.2615342114432734,0.4192495535574252
Alexvandebussche gifted a Tier 1 sub to angryukrainian24!,neither,0.04444518673407693,0.32743600166770886,0.6281188115982143
he cranks daily,neither,0.04709250308981045,0.32774858433483706,0.6251589125753526
PokLucario,neither,0.03945320844208391,0.33037608806864915,0.630170703489267
Pog,neither,0.03945320844208391,0.33037608806864915,0.630170703489267
hes 54,neither,0.03945320844208391,0.33037608806864915,0.630170703489267
POG,neither,0.03945320844208391,0.33037608806864915,0.630170703489267
Pog,neither,0.03945320844208391,0.33037608806864915,0.630170703489267
54?,neither,0.03945320844208391,0.33037608806864915,0.630170703489267
PogU,neither,0.03945320844208391,0.33037608806864915,0.630170703489267
he would play hes one of the nicest people ever,neither,0.06146564791621531,0.33332338014646584,0.6052109719373188
POG,neither,0.03945320844208391,0.33037608806864915,0.630170703489267
hes 54,neither,0.03945320844208391,0.33037608806864915,0.630170703489267
GIFTS Pog,neither,0.03945320844208391,0.33037608806864915,0.630170703489267
new fwens BibleThump,neither,0.04660400397451208,0.1401930676750457,0.8132029283504423
gmorning dood,neither,0.03945320844208391,0.33037608806864915,0.630170703489267
new friends Pog,neither,0.04468835575407101,0.1968501885617301,0.758461455684199
B OMEGALUL NDING with family,neither,0.024243355612806446,0.3864932130962884,0.5892634312909052
I'm 37 and still play fortnite,neither,0.03791508717849629,0.30649188133661054,0.6555930314848932
ninjaHype ninjaHype ninjaHype,neither,0.03945320844208391,0.33037608806864915,0.630170703489267
ninjaFan,neither,0.03945320844208391,0.33037608806864915,0.630170703489267
cheer100 cheer100 cheer100 cheer100 cheer100 Valar Morghulis,neither,0.03945320844208391,0.33037608806864915,0.630170703489267
Clipping this when he ends up playing with you,offensive_language,0.0345824988995455,0.4880100792101919,0.47740742189026264
Lol,neither,0.020706217963973744,0.4882283491876925,0.4910654328483337
i played with my daugther the other day she played upstairs and i played downstairs shes six lol,neither,0.028202802892432093,0.40157482839713504,0.5702223687104327
I love him so much,neither,0.03127668791485196,0.40862550312592794,0.5600978089592201
all you gotta do is ask lol,offensive_language,0.05974884925093701,0.5659032624136393,0.3743478883354237
I cant wait to see JW3,neither,0.04750908335158935,0.3256969601480719,0.6267939565003388
BillFnMurray subscribed at Tier 1. They've subscribed for 6 months! Hope you have a good Friday my guy.,neither,0.03494640003769158,0.3300163323904817,0.6350372675718267
"I have 3 kids, play Fortnite with and without them.. Dad's matter.",neither,0.038781725988820875,0.32903464598849863,0.6321836280226806
@ninja my 45 year old dad plays,neither,0.03197549149775315,0.38621997025645216,0.5818045382457947
sounds like j fisher,neither,0.05020168122514136,0.3459839308325011,0.6038143879423575
Peen,neither,0.03945320844208391,0.33037608806864915,0.630170703489267
this man cost more than fortnite,neither,0.04081975265788072,0.3898575863447415,0.5693226609973777
Ninja you’ll be 70 still playing fortnite season 95,neither,0.04919000812874887,0.3686807818788029,0.5821292099924482
bill and ted as well coming out,neither,0.03440734265304053,0.3377757845595992,0.6278168727873603
shoot your shot lol,neither,0.0949689169269169,0.30792536570305185,0.5971057173700313
I’m old and love it,neither,0.03273481474983714,0.2940043635619401,0.6732608216882228
Hello,neither,0.03945320844208391,0.33037608806864915,0.630170703489267
#dadsplaytoo,neither,0.03945320844208391,0.33037608806864915,0.630170703489267
Hey Ninja! I subbed with Amazon off stream. Just wanted you to know your awesome! Highlight of my day to watch your stream,neither,0.06483385198567926,0.3880527243377688,0.547113423676552
pepeJAM,neither,0.03945320844208391,0.33037608806864915,0.630170703489267
I sub to you bro,neither,0.0715015006201746,0.38085696571997507,0.5476415336598504
I played before my kids played,neither,0.0294143792949273,0.4304424475536647,0.540143173151408
Kenald03 subscribed with Twitch Prime. They've subscribed for 11 months!,neither,0.01819233148295946,0.323175542712437,0.6586321258046036
cyberknight9000 subscribed with Twitch Prime. They've subscribed for 2 months!,neither,0.017135853092050617,0.3228815153557895,0.6599826315521599
tyche88 subscribed at Tier 1. They've subscribed for 4 months!,neither,0.018730042386447116,0.3124437755681934,0.6688261820453595
ninjaRare BABA YAGA with a FOOKIN 👉✏️,neither,0.027686866552126148,0.3719273338417147,0.6003857996061591
are yall gonna have kids?,neither,0.06333593771386171,0.36700349949651767,0.5696605627896206
Ninja has been streaming for 9 minutes 3 seconds,neither,0.035678679601720456,0.31045049647393935,0.6538708239243401
ninjaTroll,neither,0.03945320844208391,0.33037608806864915,0.630170703489267
@Ninja whoa...I am 37 and I ignore and neglect my children all weekend long so I can play fortnite,neither,0.033107079988476534,0.3896613168846854,0.5772316031268381
pepeJAM,neither,0.03945320844208391,0.33037608806864915,0.630170703489267
Old man yells at clouds,neither,0.03893457428239058,0.3952918635000858,0.5657735622175237
ninjaPon ninjaPon ninjaPon,neither,0.03945320844208391,0.33037608806864915,0.630170703489267
ninjaPon,neither,0.03945320844208391,0.33037608806864915,0.630170703489267
"Back in my day , we had the pump shotgun LUL",neither,0.031291156664470514,0.368860119330588,0.5998487240049415
blueskycrow subscribed with Twitch Prime.,neither,0.030186173588972614,0.3621416721941929,0.6076721542168345
"You'd be like back in my day we only had ""Wood, brick and metal""",neither,0.04687036215293999,0.389390462361668,0.5637391754853921
ninjaBlast1,neither,0.03945320844208391,0.33037608806864915,0.630170703489267
too slow mode ninjaCry,neither,0.03921459257220853,0.3344260221182313,0.6263593853095603
ninjaHi,neither,0.03945320844208391,0.33037608806864915,0.630170703489267
"36, I watch more than I play. Because I’m trash",neither,0.04698109061807298,0.18548446230512555,0.7675344470768015
back in my day we had moisty mire,neither,0.0276420301497887,0.4124553748409411,0.5599025950092701
back in my day we couldn't crank 90s lupoOLD lupoOLD lupoOLD,neither,0.03182418629053039,0.38086956012918427,0.5873062535802853
people in the future gonna have 90's macro'd into their cyborg arm,neither,0.05607381199449226,0.35480192475729866,0.589124263248209
ninjaHi,neither,0.03945320844208391,0.33037608806864915,0.630170703489267
the ultimate BR experience,neither,0.03856777842105723,0.31418489849944575,0.6472473230794971
j,neither,0.03945320844208391,0.33037608806864915,0.630170703489267
@greatnhumble Father of the year!,neither,0.03847924456092725,0.3125207069442764,0.6490000484947963
Back in my day we had planessss LULW,neither,0.0276420301497887,0.4124553748409411,0.5599025950092701
AYE YOU OKAY NINJA???? ninjaCry ninjaCry ninjaCry ninjaCry,neither,0.05487107906376376,0.37398864173367513,0.5711402792025612
back in my day we had anarchy acres,neither,0.03191741331116997,0.3801995583774528,0.5878830283113773
oh look its ninja Pog,neither,0.039748267573109154,0.2839556572483342,0.6762960751785566
Reminds me of the time I I vu Ted the frisbee,neither,0.032965764632785624,0.3473481673596043,0.6196860680076102
@imtotallybrett Yup - I suck.. my 8-year-old wrecks me.,neither,0.03770745981014069,0.44462404429499425,0.5176684958948652
"Ninja what’s your opinion on pro-lifers? Not trying to get a controversial statement, just curious",neither,0.05660549607788883,0.3477679694274212,0.5956265344946899
Will u stream tonight?,neither,0.038119273242196355,0.28535196181098127,0.6765287649468225
@Ninja Whats your favorite landing spot?,neither,0.062129165373204974,0.3240883037564255,0.6137825308703696
70 years old ninja streaming fortine season 1000 :D,neither,0.03958785688185287,0.3280907526413441,0.6323213904768031
@imtotallybrett same,neither,0.04148851938089603,0.3488915597363099,0.609619920882794
"@steviecharm8771 I have 6 kids and play Fortnite without them because they’re too young, but I play with them all the time. You right Dad’s matter! Ha",neither,0.05770922849376071,0.40253830966212234,0.539752461844117
I love the smell of arenas in the morning,neither,0.04184916728278105,0.18354976369080803,0.7746010690264109
"you'll be sponsored by ""Depends"" in those days @ninja",neither,0.06897607668148908,0.34546731186684226,0.5855566114516687
Back in my day there use to be a pump that could kill people in one shot @ninja,neither,0.12633967853988465,0.3841411925359054,0.48951912892420996
good morning ninja,neither,0.0468013847741319,0.19273113716557552,0.7604674780602926
Ninja do you lke this season 9 ?,neither,0.05782302526411475,0.3732435342586913,0.5689334404771939
@sauceteamstudioz Thats controversial no matter what he says lol,neither,0.040568172106464316,0.3850483507980541,0.5743834770954815
PepeHands for the night stream,neither,0.026686511415878432,0.28775124383963696,0.6855622447444847
back im my day we had double pump,neither,0.030809905662896677,0.40810739323717343,0.56108270109993
WORST GUN EVER,neither,0.040625792258493124,0.3104742805042792,0.6488999272372277
blobDance ppOverheat blobDance,neither,0.03945320844208391,0.33037608806864915,0.630170703489267
"Back in my day, we had a purple tac... dab",neither,0.03131684868181936,0.3845406701842797,0.5841424811339009
Back in my day there was no seasons,neither,0.030171157107221656,0.36433388264221384,0.6054949602505646
loving the john wick skin,neither,0.03881173818512133,0.3187232817303505,0.6424649800845281
@SPEEFtheWISE Lol! 6 kids dude?! That's nuts.. props. My wife is done at 3.,neither,0.029113564905193984,0.45954227118113794,0.511344163913668
ninjaJam,neither,0.03945320844208391,0.33037608806864915,0.630170703489267
CAWFFEE,neither,0.03945320844208391,0.33037608806864915,0.630170703489267
y'all are cringey today,neither,0.08921079658315562,0.32438512368782124,0.5864040797290232
back my day they were a day to back FeelsWeirdManW,neither,0.03601560427865607,0.3531868939161932,0.6107975018051507
DansGame,neither,0.03945320844208391,0.33037608806864915,0.630170703489267
,neither,0.03945320844208391,0.33037608806864915,0.630170703489267
ninjaBlast1 ninjaBlast2 ninjaBlast3 ninjaStars,neither,0.03945320844208391,0.33037608806864915,0.630170703489267
uh oh,neither,0.04643193976314166,0.26471338503087416,0.6888546752059841
"@billfnmurray lmao ""Not to bring up anything political or controversial.. but how do you feel about (controversial policy)"" LUL",neither,0.046333612456763394,0.41320056840092834,0.5404658191423082
@Twitzh ninjaCRINJA,neither,0.03945320844208391,0.33037608806864915,0.630170703489267
john wick skin best skin ever but i will buy rage 2 no money for it :(,neither,0.034364366547699914,0.3127718657844643,0.6528637676678358
"@steviecharm8771 It’s BUSY, but it’s a blast!",neither,0.03428134227801402,0.3397241078775467,0.6259945498444394
@twitzh ninjaCRINJA,neither,0.03945320844208391,0.33037608806864915,0.630170703489267
lets be less cringe so we can stay in sub mode Kappa,neither,0.03931282619595014,0.36109343180295905,0.5995937420010908
ninjaCRINJA,neither,0.03945320844208391,0.33037608806864915,0.630170703489267
@twitzh they’ve always been cringey,neither,0.014895959916077057,0.3745214351536619,0.6105826049302611
@Twitzh we missed you ninjaCry,neither,0.06355723892297856,0.4010499899950155,0.5353927710820059
Howdy ninjaHi ninjaHi,neither,0.03945320844208391,0.33037608806864915,0.630170703489267
Back in my day no one had the cone build bound to a key,neither,0.034926824166838975,0.38449365224840837,0.5805795235847527
Back in my day the drum gun was so balanced,neither,0.03172031812365755,0.3946566087616493,0.5736230731146931
@twitzh a little,neither,0.038753252915513146,0.3422561600929139,0.618990586991573
"@Spyderr Basically. Then 5 mins later ""NINJA TALKS ABOUT PRO LIFE""",neither,0.03661207227769724,0.3789094664492382,0.5844784612730646
back in my day we had this game called fortnite but during season 7 they started making a looot of mistakes...u see kids...they did it to themselves,neither,0.03496731273172692,0.33986642674789613,0.6251662605203769
I could also just ban the ones that annoys me ninjaShrug ninjaAmazing,neither,0.027998467232001518,0.39291334175804077,0.5790881910099577
@Spyderr On YouTube. LUL,neither,0.03682117738116096,0.34299397448096314,0.620184848137876
you're not wrong @bradg1991,neither,0.10402556882333848,0.3594606482416575,0.5365137829350041
"@billfnmurray Yep.. YT vids with 1M views.. ""NINJA HATES BABIES!""",neither,0.03366202480880222,0.34946842146342155,0.6168695537277762
Me,neither,0.018491955366437673,0.460246435692358,0.5212616089412043
Remember when you couldn’t build through things?,neither,0.042216634362101484,0.40316674959392595,0.5546166160439725
POGGERS ban em all,neither,0.041483420159809895,0.41133077600639834,0.5471858038337918
@Twitzh with great power comes great responsibility,neither,0.030641729282862223,0.32235835530796186,0.6469999154091759
nah,neither,0.03945320844208391,0.33037608806864915,0.630170703489267
@Twitzh I volunteer as tribute. We can do it like Hunger Games,neither,0.04441804869328452,0.35936121204119825,0.5962207392655171
Best part about Arena's is ninja get 5-10 minutes to talk to chat while he's in queue LUL,neither,0.040244585758202604,0.3410062670400663,0.618749147201731
Queue time is not lit,neither,0.045635134523460706,0.3545559351396072,0.5998089303369321
@twitzh this is you rn threating people PowerUpL ninjaAmazing PowerUpR,neither,0.13588654314316823,0.3709188468052404,0.49319461005159126
eddieworthamill subscribed with Twitch Prime. They've subscribed for 14 months!,neither,0.01847321566222609,0.32325705232198204,0.6582697320157919
Back in my day we never used exploits,neither,0.02622648200025462,0.43603054486577575,0.5377429731339697
ninjaButton 👈,neither,0.03945320844208391,0.33037608806864915,0.630170703489267
oTailorTV subscribed with Twitch Prime. They've subscribed for 6 months!,neither,0.017135853092050617,0.3228815153557895,0.6599826315521599
B buttons for everyone PepoDance,neither,0.028760853731301824,0.40052341036789463,0.5707157359008036
ninjaBlast1 ninjaBlast2 ninjaBlast3 ninjaBlast3 ninjaBlast3,neither,0.03945320844208391,0.33037608806864915,0.630170703489267
careful not to spill ninjaa,neither,0.04588198978059868,0.33151106840660055,0.6226069418128007
@ninja where is the new emote,neither,0.05250615511085282,0.19735373779659324,0.750140107092554
Is that a Keanu Reeves skin? pog,neither,0.04505836930787938,0.3842186548280231,0.5707229758640976
NINJA STEALS TFUE'S DUO PARTNER PART 2?!,neither,0.03945320844208391,0.33037608806864915,0.630170703489267
Back in my day there use to be a pump that could kill people in one shot and a Tommy gun that could make any player insane lol @ninja,neither,0.07711386130225799,0.4276902161552909,0.49519592254245104
keshavb11 subscribed at Tier 1.,neither,0.03853807016957085,0.358210604756348,0.6032513250740811
paranoiamania2 i feel like they fixed a lot of those mistakes tho lol,neither,0.05314671302286281,0.33557469582872385,0.6112785911484133
"i was thinking abt that literally yesterday, trees were the WORST",neither,0.037439296299734665,0.32286123743087686,0.6396994662693886
why does it take so long to matchmake?,offensive_language,0.02172709623111217,0.49436206358819346,0.4839108401806943
hi dave xqcL,neither,0.03945320844208391,0.33037608806864915,0.630170703489267
Grab some Purp kern,neither,0.03223660172425123,0.3428672277563614,0.6248961705193874
Remember when you could clip through builds? Oh... wait... doctorTHINK,neither,0.04627097657815253,0.36387958284322813,0.5898494405786192
@Ninja Whats your favorite landing spot? ',neither,0.062129165373204974,0.3240883037564255,0.6137825308703696
Remember when sniper shots didnt go through people?!,neither,0.051389550003731854,0.36894070455786787,0.5796697454384003
5 min queue to start off the day LULW,neither,0.045371261088216444,0.29847157067866714,0.6561571682331164
That was horrible,neither,0.03458173652126729,0.3844872732194526,0.5809309902592802
PepePls,neither,0.03945320844208391,0.33037608806864915,0.630170703489267
