text,top_class,hate_speech,offensive_language,neither
he is live,neither,0.0741047021908723,0.31845785040331653,0.6074374474058112
yur,neither,0.03945320844208391,0.33037608806864915,0.630170703489267
Hes back,neither,0.03945320844208391,0.33037608806864915,0.630170703489267
RIIIIIIIIIIIDE TILLLL WE CANT NOO MOREEEE,neither,0.03929877427496115,0.33299723892578165,0.6277039867992571
refresh if you need to,neither,0.03930261058028262,0.42862608892922316,0.5320713004904941
back,neither,0.03945320844208391,0.33037608806864915,0.630170703489267
he is live,neither,0.0741047021908723,0.31845785040331653,0.6074374474058112
we backk,neither,0.039025862747262004,0.3376292597931679,0.6233448774595702
We back Pog,neither,0.039166053543719236,0.33524985610846453,0.6255840903478163
hes back!! yay,neither,0.03945320844208391,0.33037608806864915,0.630170703489267
yuur,neither,0.03945320844208391,0.33037608806864915,0.630170703489267
FUTURE NINJ Pog,neither,0.03945320844208391,0.33037608806864915,0.630170703489267
WE BACK YALL,neither,0.03722463898995514,0.36820072777408214,0.5945746332359627
we back fam,neither,0.03926066908394096,0.3336439834640184,0.6270953474520407
ninjaBand ninjaFire ninjaCRINJA ninjaCreep ninjaClap ninjaTooth,neither,0.03945320844208391,0.33037608806864915,0.630170703489267
Refresh everyone,neither,0.03354967907916047,0.4305743883413756,0.535875932579464
8,neither,0.03945320844208391,0.33037608806864915,0.630170703489267
PJ and REVERSE are live....,neither,0.0697602731105943,0.2489621759865849,0.6812775509028208
hamzEvil hamzEvil hamzKiss,neither,0.03945320844208391,0.33037608806864915,0.630170703489267
live mofo,neither,0.04891340716200846,0.3271222919257548,0.6239643009122369
🗣Must RESPECT TO EVERYONE THTS COUNTING DOWN ninjaClap ninjaClap ninjaClap ninjaClap ninjaClap ninjaClap ninjaCreep ninjaCreep ninjaCreep ninjaCreep ninjaCreep ninjaCreep ninjaCreep ninjaCreep ninjaCreep ninjaClap ninjaClap ninjaClap BagOfMemes BagOfMemes BagOfMemes BagOfMemes BagOfMemes,neither,0.04004670031118772,0.3876808655994086,0.5722724340894036
30 seconds,neither,0.03945320844208391,0.33037608806864915,0.630170703489267
lets go,neither,0.039984317429425154,0.35542799280679366,0.6045876897637812
we back bois,neither,0.03929258263871214,0.3331023271518106,0.6276050902094774
what time does it start?,neither,0.027355932632173525,0.47460409276526677,0.4980399746025596
Wow is that broken as f,neither,0.0411062148794856,0.3991854848517786,0.5597083002687357
"Back again, Ninjas back, tell a friend",neither,0.03788342809241911,0.35701935740271556,0.6050972145048653
,neither,0.03945320844208391,0.33037608806864915,0.630170703489267
Llama in the tree,neither,0.038632034764799074,0.3153868175706129,0.6459811476645881
"justinsideyaa subscribed with Twitch Prime. They've subscribed for 3 months, currently on a 1 month streak! Yay",neither,0.021039879282054422,0.3304849866953373,0.6484751340226081
ninjaHype ninjaHype ninjaHype ninjaHype,neither,0.03945320844208391,0.33037608806864915,0.630170703489267
We back bliss,neither,0.03929695240948102,0.33302816073766955,0.6276748868528493
moon2D BACK,neither,0.03945320844208391,0.33037608806864915,0.630170703489267
Lol,neither,0.020706217963973744,0.4882283491876925,0.4910654328483337
<--- Bored AF ResidentSleeper,neither,0.03945320844208391,0.33037608806864915,0.630170703489267
We are the Future Pog,neither,0.0721692464934235,0.25784156987900436,0.6699891836275722
Hi,neither,0.03945320844208391,0.33037608806864915,0.630170703489267
cmonBruh cmonBruh,neither,0.03945320844208391,0.33037608806864915,0.630170703489267
ninjaRare we back,neither,0.039166053543719236,0.33524985610846453,0.6255840903478163
ninjaChocobo,neither,0.03945320844208391,0.33037608806864915,0.630170703489267
ninjaH ninjaH ninjaH,neither,0.03945320844208391,0.33037608806864915,0.630170703489267
Title change @ninja,neither,0.03945320844208391,0.33037608806864915,0.630170703489267
Chat we in the future,neither,0.03846166380037845,0.31734753371730323,0.6441908024823182
@scallopppp !friday,neither,0.03945320844208391,0.33037608806864915,0.630170703489267
hello,neither,0.03945320844208391,0.33037608806864915,0.630170703489267
Hi the past,neither,0.03845278319004669,0.3120214091705741,0.6495258076393793
We back!,neither,0.039166053543719236,0.33524985610846453,0.6255840903478163
ninjaTube ninjaTube ninjaTube ninjaTube ninjaTube ninjaTube ninjaTube,neither,0.03945320844208391,0.33037608806864915,0.630170703489267
0 people in here pogU,neither,0.2554419626661486,0.23673044280865113,0.5078275945252002
Ayyyyyyy @ninja the man,neither,0.03843355859808531,0.3816691474064835,0.5798972939954313
Heeeeyy,neither,0.03945320844208391,0.33037608806864915,0.630170703489267
Friday night?,neither,0.03009989509203048,0.32996946722072057,0.6399306376872489
IM FIRST :),neither,0.027762498762828915,0.38722415684797934,0.5850133443891918
We are the future of the psst,neither,0.06586000264150808,0.25165980017469536,0.6824801971837966
First!,neither,0.02604892428726219,0.3349864360510187,0.6389646396617191
0 people everyone really did leave,neither,0.05927672453171943,0.42215978829672074,0.5185634871715599
0 people wth,neither,0.07869509139362373,0.32585360834150645,0.5954513002648698
BBB,neither,0.03945320844208391,0.33037608806864915,0.630170703489267
ninjaHi ninjaHi,neither,0.03945320844208391,0.33037608806864915,0.630170703489267
F,neither,0.03945320844208391,0.33037608806864915,0.630170703489267
h8,neither,0.03945320844208391,0.33037608806864915,0.630170703489267
wait no im first,neither,0.029957542227174998,0.38669352165537574,0.5833489361174493
ninjaCRINJA,neither,0.03945320844208391,0.33037608806864915,0.630170703489267
I am a number monkaHmm,neither,0.0391830382910593,0.3304690119724016,0.6303479497365392
lol @MLam,neither,0.020706217963973744,0.4882283491876925,0.4910654328483337
how's the future?,neither,0.03829586782337383,0.3090417026539866,0.6526624295226395
hi papa,neither,0.03945320844208391,0.33037608806864915,0.630170703489267
tomminator30535 subscribed with Twitch Prime.,neither,0.030186173588972614,0.3621416721941929,0.6076721542168345
Yeeeeet,neither,0.03945320844208391,0.33037608806864915,0.630170703489267
Twitch should implement some kind of notification system for when you have to put a delay on,neither,0.040665790518083826,0.4038890555199092,0.5554451539620069
,neither,0.03945320844208391,0.33037608806864915,0.630170703489267
pumped for this,neither,0.03314787649978923,0.30098041190898334,0.6658717115912274
Sup @Ninja! Just resubcribed ! Enjoy your channel and keep up all the good work bro,neither,0.049485302536199684,0.37191136776189176,0.5786033297019085
Who is your partner,neither,0.0921534328755129,0.38617700827480234,0.5216695588496848
@speedygman watch the caps or nightbot will get ya,offensive_language,0.03098844606621682,0.5060873279003852,0.4629242260333979
LET GO CHAT FortOne LETS GO!!!? LETS GO CHAT .. FortOne,neither,0.032713872153978495,0.36345517623759593,0.6038309516084255
!friday,neither,0.03945320844208391,0.33037608806864915,0.630170703489267
Starts at 4PM EST https://umggaming.com/event/friday-fortnite,neither,0.038922416256826575,0.34655490889020013,0.6145226748529732
4 minute delay? is that what we are doing,neither,0.07869904929587648,0.3201764709026213,0.6011244798015022
howdy,neither,0.03945320844208391,0.33037608806864915,0.630170703489267
PogU,neither,0.03945320844208391,0.33037608806864915,0.630170703489267
Back in Buissnes,neither,0.03945320844208391,0.33037608806864915,0.630170703489267
did you put delay on,neither,0.05943196873047663,0.42275890892592405,0.5178091223435994
what stocks should i invest in future ninj?,neither,0.05271847397444503,0.35269616323581204,0.5945853627897429
izzypharaoh subscribed at Tier 1. They've subscribed for 7 months! OKKKKK,neither,0.018730042386447116,0.3124437755681934,0.6688261820453595
We missed u ninj ninjaCry,neither,0.039243683990967955,0.33393226481933086,0.6268240511897013
!delay,neither,0.03945320844208391,0.33037608806864915,0.630170703489267
No delay :),neither,0.036918905254960256,0.37338982715841207,0.5896912675866277
Pog,neither,0.03945320844208391,0.33037608806864915,0.630170703489267
@nutmeg922 Yes,neither,0.03945320844208391,0.33037608806864915,0.630170703489267
gonna be interesting to see Friday night fortnite now with respawning available!,neither,0.030899240721692714,0.38575619366881314,0.5833445656094941
"bdubdavis11 subscribed at Tier 1. They've subscribed for 17 months, currently on a 17 month streak! Hi",neither,0.025394925465405293,0.32484901790390786,0.6497560566306868
ik right @nerdymaestro,neither,0.03823949309672596,0.3540459682681389,0.6077145386351352
What’s a delay,neither,0.057770773616808734,0.3180719994247239,0.6241572269584672
!delay,neither,0.03945320844208391,0.33037608806864915,0.630170703489267
You guys get ceeday,neither,0.0694307732573876,0.43422266519525904,0.49634656154735346
Why the delay? What happen,neither,0.030685200292187333,0.32504305471516326,0.6442717449926494
!friday,neither,0.03945320844208391,0.33037608806864915,0.630170703489267
!uptime,neither,0.03945320844208391,0.33037608806864915,0.630170703489267
Ninja has been streaming for 2 minutes 11 seconds,neither,0.035893923247677505,0.31158826302741743,0.652517813724905
Rip 40000 view ers,neither,0.03945320844208391,0.33037608806864915,0.630170703489267
There’s a 4 min delay ignore the command LUL,neither,0.03818482047050533,0.2987870800955031,0.6630280994339917
Who remembers that one Fortnite Friday when @Ninja went off for like 15 kills with just an Lmg,neither,0.026963215724302676,0.43894865120067994,0.5340881330750172
wolfster12345 subscribed with Twitch Prime.,neither,0.030186173588972614,0.3621416721941929,0.6076721542168345
!delay,neither,0.03945320844208391,0.33037608806864915,0.630170703489267
So @chat how’s it going?,neither,0.036310989532045444,0.40458062084431173,0.5591083896236428
riprick777 subscribed at Tier 1.,neither,0.03853807016957085,0.358210604756348,0.6032513250740811
"how is Dow doing right now, since you are in the future and all?",neither,0.08495689711703,0.34518949394107584,0.5698536089418942
!friday,neither,0.03945320844208391,0.33037608806864915,0.630170703489267
Starts at 4PM EST https://umggaming.com/event/friday-fortnite,neither,0.038922416256826575,0.34655490889020013,0.6145226748529732
Were did everyone go lol,neither,0.02811959347029945,0.46261840873899535,0.5092619977907051
whyd he do a 4min delay 2 1/2 hours early,neither,0.048608711959185716,0.3013225090614355,0.6500687789793789
ninjaLlama,neither,0.03945320844208391,0.33037608806864915,0.630170703489267
Wth did everyone leave,neither,0.034257585507761625,0.4185593687594544,0.547183045732784
i remember @speedygman,neither,0.03945320844208391,0.33037608806864915,0.630170703489267
DAMN AND WE HAVE A DELAY 🥶🥶🥶🥶🥶🥶🥶🥶🥶 ninjaCry ninjaCry ninjaCry ninjaCry ninjaCry ninjaCry ninjaCry ninjaCry ninjaCry ninjaCry ninjaCry ninjaCry ninjaCry ninjaCry ninjaCry ninjaCry ninja10,offensive_language,0.04365555820403801,0.8730475754737622,0.08329686632219976
"haydenv8 subscribed with Twitch Prime. They've subscribed for 6 months, currently on a 1 month streak!",neither,0.020161301589277043,0.3305963852590941,0.6492423131516288
"Soooo newbies , I hope you got ya popcorn , ya food , and ya diaper cause this is gonna be a loonnnggg night , this isn’t the World Cup , this is .... Friday Fortnite",offensive_language,0.0380616056428836,0.6170384393491711,0.34489995500794535
FortOne ........... ninjaHype .... N I N J A....... ninjaHype .... best team......... PokMaskedpika ......... ninjaBlast1 ninjaBlast2 ninjaBlast3 ninjaStars,neither,0.03821809124345692,0.32003337566320045,0.6417485330933426
Gg,neither,0.03945320844208391,0.33037608806864915,0.630170703489267
@ninja,neither,0.03945320844208391,0.33037608806864915,0.630170703489267
Rip 50j,neither,0.03945320844208391,0.33037608806864915,0.630170703489267
what time does fortnite Friday start?,neither,0.029649897443117433,0.45894538838026333,0.5114047141766193
cloakCheer,neither,0.03945320844208391,0.33037608806864915,0.630170703489267
what up ninja!,neither,0.0424860282095962,0.3861250105635327,0.5713889612268711
AR_NAV subscribed with Twitch Prime. They've subscribed for 5 months!,neither,0.017135853092050617,0.3228815153557895,0.6599826315521599
whats up ninjjj,neither,0.03597034933595279,0.4023906385329718,0.5616390121310755
MiniK ninjaH,neither,0.03945320844208391,0.33037608806864915,0.630170703489267
4,neither,0.03945320844208391,0.33037608806864915,0.630170703489267
ninjaAmazing ninjaAmazing,neither,0.03945320844208391,0.33037608806864915,0.630170703489267
@Vvdeathvalleyvv 3pm CST,neither,0.03945320844208391,0.33037608806864915,0.630170703489267
!friday,neither,0.03945320844208391,0.33037608806864915,0.630170703489267
Rip 50K*,neither,0.03945320844208391,0.33037608806864915,0.630170703489267
😘😘,neither,0.03945320844208391,0.33037608806864915,0.630170703489267
Yoo,neither,0.03945320844208391,0.33037608806864915,0.630170703489267
good news is that most people stayed,neither,0.06665501202305511,0.3581618012042597,0.5751831867726852
ktownhunt subscribed with Twitch Prime. They've subscribed for 5 months!,neither,0.017135853092050617,0.3228815153557895,0.6599826315521599
@jonnypeee thanks homie,neither,0.036928978000059835,0.30923850733059793,0.6538325146693423
who are u playing with,neither,0.05379927319243336,0.40659116876205953,0.5396095580455071
How about them Raptors tho :),neither,0.04930398582393913,0.366373354901075,0.584322659274986
yo ninja can i get a shot out!,neither,0.035565665980417153,0.4090884136846481,0.5553459203349347
Because of stream snipers,neither,0.03945320844208391,0.33037608806864915,0.630170703489267
ayeeee,neither,0.03945320844208391,0.33037608806864915,0.630170703489267
Tunes,neither,0.03945320844208391,0.33037608806864915,0.630170703489267
Title change,neither,0.03945320844208391,0.33037608806864915,0.630170703489267
sout,neither,0.03945320844208391,0.33037608806864915,0.630170703489267
@brianajordan_ they youngins don’t know Pog,neither,0.03945320844208391,0.33037608806864915,0.630170703489267
4 min delay so we can ramp up early. PogU,neither,0.038628239723159846,0.3968953008710229,0.5644764594058173
"epic better have their notepads out, this is what people want",neither,0.07140170584438275,0.3395683146798902,0.5890299794757272
A bunch of people went to OldPo's Stream,neither,0.07608092375317553,0.4328112407728619,0.4911078354739627
@Vvdeathvalleyvv hamzKiss hamzKiss hamzStare ninjaCreep,neither,0.03945320844208391,0.33037608806864915,0.630170703489267
We missed you already Ninja,neither,0.05228284264136553,0.38899393870687854,0.558723218651756
ninjaCreep ninjaCreep ninjaCreep,neither,0.03945320844208391,0.33037608806864915,0.630170703489267
"ninja 4 minutes ago i typed this. 4 minutes ago is when youll read this, but you will have read it right now. is time real",neither,0.04123053987582373,0.41835482639536153,0.5404146337288146
FBtouchdown FBtouchdown FBtouchdown FBtouchdown FBtouchdown FBtouchdown FBtouchdown FBtouchdown FBtouchdown FBtouchdown FBtouchdown ITS GOOOD!!!!! FBtouchdown FBtouchdown FBtouchdown FBtouchdown FBtouchdown FBtouchdown FBtouchdown FBtouchdown FBtouchdown FBtouchdown FBtouchdown,neither,0.03309144916294284,0.33256418880705063,0.6343443620300065
I thought he got off ninjaPopcorn,neither,0.049564967047577235,0.2576511278789898,0.6927839050734329
YOOOOO,neither,0.03945320844208391,0.33037608806864915,0.630170703489267
Um rick u cant ask for a shoutout,neither,0.03506349523508554,0.30844073228734153,0.6564957724775731
POG,neither,0.03945320844208391,0.33037608806864915,0.630170703489267
hi,neither,0.03945320844208391,0.33037608806864915,0.630170703489267
PeakInst1nct subscribed with Twitch Prime.,neither,0.030186173588972614,0.3621416721941929,0.6076721542168345
@cdol12 lol,neither,0.020706217963973744,0.4882283491876925,0.4910654328483337
ninjaCreep ninjaCreep ninjaCreep ninjaCreep ninjaCreep,neither,0.03945320844208391,0.33037608806864915,0.630170703489267
!friday,neither,0.03945320844208391,0.33037608806864915,0.630170703489267
Starts at 4PM EST https://umggaming.com/event/friday-fortnite,neither,0.038922416256826575,0.34655490889020013,0.6145226748529732
Past Ninja knows PepeLaugh,neither,0.03945320844208391,0.33037608806864915,0.630170703489267
heyyyyyy,neither,0.03945320844208391,0.33037608806864915,0.630170703489267
,neither,0.03945320844208391,0.33037608806864915,0.630170703489267
lucasthegoat22 subscribed with Twitch Prime. They've subscribed for 11 months!,neither,0.01819233148295946,0.323175542712437,0.6586321258046036
ninjaPon,neither,0.03945320844208391,0.33037608806864915,0.630170703489267
ninjaPon,neither,0.03945320844208391,0.33037608806864915,0.630170703489267
!Friday,neither,0.03945320844208391,0.33037608806864915,0.630170703489267
What time is it,neither,0.05846485729964668,0.3495149862607771,0.5920201564395762
He just typed to us lol,neither,0.07338085400912094,0.38486859452444855,0.5417505514664305
kngfrsh08 subscribed with Twitch Prime.,neither,0.030186173588972614,0.3621416721941929,0.6076721542168345
I will be 4 minutes older in 4 minutes,neither,0.040702715438741474,0.3168788793957254,0.6424184051655332
Help uk time here,neither,0.08171827424675177,0.31253324578619374,0.6057484799670544
LUL,neither,0.03945320844208391,0.33037608806864915,0.630170703489267
defaultDance,neither,0.03945320844208391,0.33037608806864915,0.630170703489267
defaultDance,neither,0.03945320844208391,0.33037608806864915,0.630170703489267
Oh hey missed you,neither,0.06622051547185823,0.32581189813398936,0.6079675863941524
hi ninja,neither,0.03945320844208391,0.33037608806864915,0.630170703489267
!fryday,neither,0.03945320844208391,0.33037608806864915,0.630170703489267
LUL,neither,0.03945320844208391,0.33037608806864915,0.630170703489267
Hi,neither,0.03945320844208391,0.33037608806864915,0.630170703489267
defaultDance,neither,0.03945320844208391,0.33037608806864915,0.630170703489267
!friday,neither,0.03945320844208391,0.33037608806864915,0.630170703489267
Starts at 4PM EST https://umggaming.com/event/friday-fortnite,neither,0.038922416256826575,0.34655490889020013,0.6145226748529732
defaultDance,neither,0.03945320844208391,0.33037608806864915,0.630170703489267
ninjaS,neither,0.03945320844208391,0.33037608806864915,0.630170703489267
LUL LUL LUL,neither,0.03945320844208391,0.33037608806864915,0.630170703489267
so good he can land while dancing,neither,0.04330851151934903,0.36053972773862697,0.596151760742024
ok ninja with the dance moves,neither,0.030862219013387326,0.34600106417966403,0.6231367168069486
ok :),neither,0.03935517884257045,0.3320399062092607,0.6286049149481688
billy bounce!,neither,0.03945320844208391,0.33037608806864915,0.630170703489267
!subcount,neither,0.03945320844208391,0.33037608806864915,0.630170703489267
!subcount,neither,0.03945320844208391,0.33037608806864915,0.630170703489267
28289 people are currently subscribed.,neither,0.13139136992445935,0.266571852775769,0.6020367772997716
hiii,neither,0.03945320844208391,0.33037608806864915,0.630170703489267
LUL,neither,0.03945320844208391,0.33037608806864915,0.630170703489267
Jess has he dance moves not Tyler,neither,0.04220871258325128,0.3280370084412972,0.6297542789754517
!prime,neither,0.03945320844208391,0.33037608806864915,0.630170703489267
real defaults BIbleThump,offensive_language,0.025561593684253106,0.5993264658233612,0.3751119404923855
Support the stream with a FREE SUBSCRIPTION! Link an Amazon Prime to your Twitch account - twitch.amazon.com/prime Check out this tutorial where Ninja shows how to subscribe to a stream using Twitch Prime! youtube.com/watch?v=pvyZLDs2yQo ninjaPrime ninjaPrime ninjaPrime,neither,0.05320751381205407,0.33853077004085724,0.6082617161470886
I miss the square profile pictures Twitch :/,neither,0.03441431275255981,0.32121129860099656,0.6443743886464435
ninjaBlast1 ninjaBlast2 ninjaBlast3 ninjaBlast3 ninjaBlast3 ninjaBlast3 ninjaBlast3 ninjaBlast3 ninjaBlast3 ninjaBlast3 ninjaBlast3 ninjaBlast3 ninjaBlast3 ninjaBlast3 ninjaBlast3 ninjaBlast3 ninjaBlast3,neither,0.03945320844208391,0.33037608806864915,0.630170703489267
!Friday,neither,0.03945320844208391,0.33037608806864915,0.630170703489267
Starts at 4PM EST https://umggaming.com/event/friday-fortnite,neither,0.038922416256826575,0.34655490889020013,0.6145226748529732
Well,neither,0.03945320844208391,0.33037608806864915,0.630170703489267
!fazeninja,neither,0.03945320844208391,0.33037608806864915,0.630170703489267
!wins,neither,0.03945320844208391,0.33037608806864915,0.630170703489267
Check Ninja's wins here -> https://goo.gl/17Qojo,neither,0.0737613933919306,0.30145673084023594,0.6247818757678334
"Wins: 5 Duos (15,9,16,13,16 Kills), 2 Squads (10,9 Kills) ninjaPon",neither,0.03945320844208391,0.33037608806864915,0.630170703489267
Wait !!!!!!!!! But how was he moving tho!!!!,neither,0.03739292600030969,0.3465085168678116,0.6160985571318787
What time is it at eastern?,neither,0.04925883231150601,0.3646418007396912,0.5860993669488027
I’ll be back GivePLZ,neither,0.04018192573676613,0.3364782728752028,0.623339801388031
ninja won't say hi,neither,0.03945320844208391,0.33037608806864915,0.630170703489267
OOF,neither,0.03945320844208391,0.33037608806864915,0.630170703489267
Pog,neither,0.03945320844208391,0.33037608806864915,0.630170703489267
okay bai Maria TakeNRG,neither,0.03945320844208391,0.33037608806864915,0.630170703489267
@ty1212tb Hi,neither,0.03945320844208391,0.33037608806864915,0.630170703489267
@aztecangoddess Right?! This isn’t instagram,neither,0.03674510798386835,0.3788236849610227,0.5844312070551089
!wins,neither,0.03945320844208391,0.33037608806864915,0.630170703489267
"Wins: 5 Duos (15,9,16,13,16 Kills), 2 Squads (10,9 Kills) ninjaPon",neither,0.03945320844208391,0.33037608806864915,0.630170703489267
!cup,neither,0.03945320844208391,0.33037608806864915,0.630170703489267
Remember all this has happened 4 min ago MonkaS,neither,0.04099451003729161,0.3791543161981446,0.5798511737645639
LIT Ninj,neither,0.03945320844208391,0.33037608806864915,0.630170703489267
Hi,neither,0.03945320844208391,0.33037608806864915,0.630170703489267
ciao @AztecanGoddess,neither,0.03945320844208391,0.33037608806864915,0.630170703489267
Well,neither,0.03945320844208391,0.33037608806864915,0.630170703489267
Sup ninj,neither,0.03945320844208391,0.33037608806864915,0.630170703489267
!friday,neither,0.03945320844208391,0.33037608806864915,0.630170703489267
Ninja sometimes types in chat when he has a delay,neither,0.036241248641818664,0.3566398461745642,0.6071189051836171
Starts at 4PM EST https://umggaming.com/event/friday-fortnite,neither,0.038922416256826575,0.34655490889020013,0.6145226748529732
@johnny_mack96 wait wut lol,neither,0.031592676280717054,0.387463788629128,0.580943535090155
Pog,neither,0.03945320844208391,0.33037608806864915,0.630170703489267
Chat should I just pull an all nighter and play fornite. I gotta drive a van filled with 6 people in 4 hours but who cares right?,offensive_language,0.042360335312693544,0.4941736266751401,0.46346603801216624
Semi sniper best gun,neither,0.038645604377920466,0.3236133156107809,0.6377410800112987
Hellooo chat and mods ninjaH ninjaH ninjaH ninjaH,neither,0.038434791122928746,0.27695075939240005,0.6846144494846712
And we BACK!,neither,0.03803970376536169,0.2703451007816765,0.6916151954529617
@speedygman Chug some red bull,neither,0.034937409739304884,0.16736472603441105,0.7976978642262841
@aztecangoddess You said you miss the square profile pic twitch lol,neither,0.04492051439757553,0.45260162535951065,0.5024778602429139
we back,neither,0.039166053543719236,0.33524985610846453,0.6255840903478163
"buttmunch23 subscribed with Twitch Prime. They've subscribed for 7 months, currently on a 1 month streak! Well haven’t been on twitch in a while lol",neither,0.021748829343999524,0.3555867882852881,0.6226643823707123
"I looked at the bracket for today, is that the real Tory Lanez?? PogU",neither,0.029087281150660605,0.40548598470814606,0.5654267341411934
"@speedygman bruh if u gotta drive people, u better get yo butt to sleep",offensive_language,0.0426402113878109,0.532814214721629,0.42454557389056014
ninjaPon ninjaPon ninjaPon,neither,0.03945320844208391,0.33037608806864915,0.630170703489267
ninjaPon,neither,0.03945320844208391,0.33037608806864915,0.630170703489267
lucascarey15 subscribed with Twitch Prime.,neither,0.030186173588972614,0.3621416721941929,0.6076721542168345
LULW,neither,0.03945320844208391,0.33037608806864915,0.630170703489267
paul gets thirsted btw,neither,0.03945320844208391,0.33037608806864915,0.630170703489267
yeet,neither,0.03945320844208391,0.33037608806864915,0.630170703489267
@zuccoooo ninjaHi,neither,0.03945320844208391,0.33037608806864915,0.630170703489267
its always paul lol,neither,0.025496042695529304,0.4426953601267828,0.5318085971776879
pepeD,neither,0.03945320844208391,0.33037608806864915,0.630170703489267
Yeah Tory plays fornitw,neither,0.02128520947539201,0.4587776077363467,0.5199371827882613
!friday,neither,0.03945320844208391,0.33037608806864915,0.630170703489267
Starts at 4PM EST https://umggaming.com/event/friday-fortnite,neither,0.038922416256826575,0.34655490889020013,0.6145226748529732
bavy1125 subscribed with Twitch Prime.,neither,0.030186173588972614,0.3621416721941929,0.6076721542168345
@nellyguwop ninjaHi,neither,0.03945320844208391,0.33037608806864915,0.630170703489267
https://clips.twitch.tv/EndearingAlluringApeSquadGoals,neither,0.03945320844208391,0.33037608806864915,0.630170703489267
missed,neither,0.03945320844208391,0.33037608806864915,0.630170703489267
LULW,neither,0.03945320844208391,0.33037608806864915,0.630170703489267
Who is tory lanez,offensive_language,0.06273239322143805,0.47642182036533837,0.4608457864132235
lmao,neither,0.03705015143476208,0.3711622369619404,0.5917876116032975
LUL LUL,neither,0.03945320844208391,0.33037608806864915,0.630170703489267
The Hi guy LUL,neither,0.03831952187369195,0.3230586605410589,0.638621817585249
!tourny,neither,0.03945320844208391,0.33037608806864915,0.630170703489267
dammit paul,neither,0.03945320844208391,0.33037608806864915,0.630170703489267
@johnny_mack96 a rapper,neither,0.03945320844208391,0.33037608806864915,0.630170703489267
Lupo just hosted someone who is BANNED in his stream LUL,neither,0.0580499266266461,0.3838208767689507,0.5581291966044032
lmao,neither,0.03705015143476208,0.3711622369619404,0.5917876116032975
romiramin22 subscribed with Twitch Prime. They've subscribed for 6 months!,neither,0.017135853092050617,0.3228815153557895,0.6599826315521599
NINJASHYPER Pog,neither,0.03945320844208391,0.33037608806864915,0.630170703489267
@johnny_mack96 musician/rapper/singer,neither,0.03945320844208391,0.33037608806864915,0.630170703489267
new hair style?,neither,0.04323388087249005,0.23589296231198514,0.7208731568155249
lmao,neither,0.03705015143476208,0.3711622369619404,0.5917876116032975
hahahha,neither,0.03945320844208391,0.33037608806864915,0.630170703489267
!friday,neither,0.03945320844208391,0.33037608806864915,0.630170703489267
Starts at 4PM EST https://umggaming.com/event/friday-fortnite,neither,0.038922416256826575,0.34655490889020013,0.6145226748529732
noice,neither,0.03945320844208391,0.33037608806864915,0.630170703489267
my friends ask me to chill too lol,neither,0.02353240598416958,0.4793095338051458,0.49715806021068476
!delay,neither,0.03945320844208391,0.33037608806864915,0.630170703489267
No delay :),neither,0.036918905254960256,0.37338982715841207,0.5896912675866277
callmetheyung1 subscribed with Twitch Prime. They've subscribed for 3 months!,neither,0.017135853092050617,0.3228815153557895,0.6599826315521599
AFTERDARK LETS GOOO,neither,0.03868305123800957,0.34344766577192837,0.6178692829900622
Fortnite Friday ninjaHi ninjaHi,neither,0.03945320844208391,0.33037608806864915,0.630170703489267
xqcSad,neither,0.03945320844208391,0.33037608806864915,0.630170703489267
Ls,neither,0.03945320844208391,0.33037608806864915,0.630170703489267
i kiss his mom with my mouth?!?!,neither,0.036529320555226036,0.44323554303275803,0.520235136412016
"""YOU LITTE SHIT""",offensive_language,0.08109854865204105,0.9189014484467133,2.901245657484571e-09
slick the hair back again bro haha,neither,0.03441197432542829,0.3941796624947338,0.5714083631798379
LULW,neither,0.03945320844208391,0.33037608806864915,0.630170703489267
Hi,neither,0.03945320844208391,0.33037608806864915,0.630170703489267
Lit thanks chat,neither,0.037510146883554626,0.3141051407380708,0.6483847123783746
"suck a dick dude,the fattest one you can find LOL",offensive_language,0.10175527125163722,0.8242901488549345,0.07395457989342819
,neither,0.03945320844208391,0.33037608806864915,0.630170703489267
!friday,neither,0.03945320844208391,0.33037608806864915,0.630170703489267
Haha Pauls stream is so far ahead LUL,neither,0.041446798940158076,0.40035837400305807,0.558194827056784
ninjaTooth ninjaTooth,neither,0.03945320844208391,0.33037608806864915,0.630170703489267
LOL @BlackHammer69er,neither,0.020706217963973744,0.4882283491876925,0.4910654328483337
:p,neither,0.03945320844208391,0.33037608806864915,0.630170703489267
"albertcvizcaino subscribed with Twitch Prime. They've subscribed for 2 months, currently on a 1 month streak!",neither,0.020161301589277043,0.3305963852590941,0.6492423131516288
best part of my day right here,neither,0.060849713468105755,0.3693447361224273,0.569805550409467
"ninja, its fortnite friday. can we go fulll ninjashyper and just lose our minds",neither,0.0334754238733113,0.32075926573405367,0.6457653103926351
Jebaited Jebaited,neither,0.03945320844208391,0.33037608806864915,0.630170703489267
View ers coming bsck,neither,0.03945320844208391,0.33037608806864915,0.630170703489267
god I hate that show,neither,0.3994873358180216,0.14471929087612273,0.45579337330585573
"chancedaddy2 subscribed at Tier 1. They've subscribed for 16 months, currently on a 16 month streak! Love u long time ninja",neither,0.025041879777281652,0.3373898819617387,0.6375682382609796
ninja i miss you trolling time the tatman,neither,0.04341147076658882,0.37008555473121546,0.5865029745021958
i kiss your mom with this mouth?!?,neither,0.05259628972081733,0.36025111209182664,0.5871525981873561
@cdol12 forealll,neither,0.03945320844208391,0.33037608806864915,0.630170703489267
@cdol12 in our dreams,neither,0.03945320844208391,0.33037608806864915,0.630170703489267
most entertaining streams,neither,0.03945320844208391,0.33037608806864915,0.630170703489267
When does fortnite Friday start?,neither,0.01976540663332461,0.48944480303447474,0.49078979033220055
TDB8909 subscribed with Twitch Prime. They've subscribed for 7 months! 7 Months!!!! Loving the content! Keep it coming!,neither,0.022287394022824324,0.3185883161834575,0.6591242897937182
this is us is pretty damn good,offensive_language,0.1175496027055733,0.7241247237730355,0.15832567352139124
Does pmac snipe mrfreshasian aswell??,neither,0.025826118660429564,0.4580872463751449,0.5160866349644255
this is us is insaneeeeeee,neither,0.15312245805396388,0.3010518118881797,0.5458257300578565
reverse rn --> WeirdChamp,neither,0.03945320844208391,0.33037608806864915,0.630170703489267
clown doc lupo is fun to watch to,neither,0.06367162244713793,0.31960734130599294,0.616721036246869
Sterling Brown Pog,neither,0.03945320844208391,0.33037608806864915,0.630170703489267
!friday,neither,0.03945320844208391,0.33037608806864915,0.630170703489267
Starts at 4PM EST https://umggaming.com/event/friday-fortnite,neither,0.038922416256826575,0.34655490889020013,0.6145226748529732
Randy :P,neither,0.03945320844208391,0.33037608806864915,0.630170703489267
Epic Stream btw ninjaFire,neither,0.03945320844208391,0.33037608806864915,0.630170703489267
my girlfriend is obsessed,neither,0.031225539264368104,0.4722791027770958,0.49649535795853605
My wife loves it but I don't so much,neither,0.024102914508939657,0.45441914238066394,0.5214779431103963
@cdol12 jk he did a few streams ago,neither,0.043276671424295365,0.32906102382186786,0.6276623047538368
Nothin like a good cry with your wife watching some this is us Kappa,neither,0.08176448134565181,0.36006721191014557,0.5581683067442026
ninja are we even friends?,neither,0.06194505738151395,0.3051354194355532,0.6329195231829328
heard that,neither,0.03340931293924338,0.396710945121112,0.5698797419396446
CrabPls Ayy Ayy Ayy CrabPls,neither,0.03945320844208391,0.33037608806864915,0.630170703489267
That would be sick if Ninja trash talked in this tourny MaxLOL MaxLOL MaxLOL,neither,0.026674389625534842,0.2554985153275098,0.7178270950469553
U guys are gonna beast,neither,0.06390722635772247,0.33353611393848187,0.6025566597037957
LUL,neither,0.03945320844208391,0.33037608806864915,0.630170703489267
If you ever want to cry just watch Kevin Durants MVP speech,neither,0.03992367565391841,0.3991843044210729,0.5608920199250087
Reverse is just wondering what the hell is going on.,offensive_language,0.048456516489617275,0.608122220279407,0.34342126323097577
"give the people what they want ninja!!!! go crazy tongiht!! i want you taking peoples souls, rob them of their dignitiy, talk the most smack. we need it",neither,0.04898534787093071,0.37708309442327187,0.5739315577057975
,neither,0.03945320844208391,0.33037608806864915,0.630170703489267
Sounds like Animal from Muppet Babies @Ninja,neither,0.04810252581009813,0.32866638904856765,0.6232310851413342
LUL,neither,0.03945320844208391,0.33037608806864915,0.630170703489267
ninja what's your thoughts in the ksi deji beef,neither,0.06751024124399539,0.3077134674164603,0.6247762913395444
New Lupo hahaha,neither,0.044309814248543335,0.2072415915171701,0.7484485942342866
Stitch or shaggy,neither,0.03945320844208391,0.33037608806864915,0.630170703489267
!friday,neither,0.03945320844208391,0.33037608806864915,0.630170703489267
loving the energy/vibes today,neither,0.03783744404814447,0.30346335131917007,0.6586992046326854
Starts at 4PM EST https://umggaming.com/event/friday-fortnite,neither,0.038922416256826575,0.34655490889020013,0.6145226748529732
call him LJ,neither,0.039319864066888977,0.3326392901167956,0.6280408458163154
!give,neither,0.03945320844208391,0.33037608806864915,0.630170703489267
ninjaPon Ninja take b_reynolds1328's energy ninjaPon,neither,0.03945320844208391,0.33037608806864915,0.630170703489267
new lupo LUL,neither,0.043301118494078285,0.23413499177287803,0.7225638897330438
Annakko subscribed with Twitch Prime.,neither,0.030186173588972614,0.3621416721941929,0.6076721542168345
What did I miss?,neither,0.03686804772469507,0.32860615125000875,0.6345258010252961
FalkMinion subscribed at Tier 1. They've subscribed for 8 months!,neither,0.018730042386447116,0.3124437755681934,0.6688261820453595
Lupo jr,neither,0.03945320844208391,0.33037608806864915,0.630170703489267
its massive,neither,0.03266664412200374,0.33271029874032065,0.6346230571376755
ik @Billbob19,neither,0.03945320844208391,0.33037608806864915,0.630170703489267
Joehill91 subscribed with Twitch Prime. They've subscribed for 17 months! Sickk!!,neither,0.018395409525177608,0.3232343455971076,0.6583702448777148
He cut grass yesterday,neither,0.044354459095905865,0.3286903232189979,0.6269552176850962
bakerballer30 subscribed with Twitch Prime. They've subscribed for 17 months! get this dub tonight!,neither,0.020057039106423393,0.32029668902281117,0.6596462718707654
oas_art subscribed with Twitch Prime.,neither,0.030186173588972614,0.3621416721941929,0.6076721542168345
Hiiiii,neither,0.03945320844208391,0.33037608806864915,0.630170703489267
heck,neither,0.03945320844208391,0.33037608806864915,0.630170703489267
LUL,neither,0.03945320844208391,0.33037608806864915,0.630170703489267
@Cignus777 -> Jackpot! [stop posting links] [warning],neither,0.039401667902462426,0.38961947751050285,0.5709788545870349
did he really @jofy_peters,neither,0.04753602947582475,0.327596035272517,0.6248679352516582
jill,neither,0.03945320844208391,0.33037608806864915,0.630170703489267
The girl that passed out,neither,0.02542808824846086,0.4310879403220672,0.5434839714294719
DADDDDDDDDDDDDDYYYYYYYYYY,neither,0.03945320844208391,0.33037608806864915,0.630170703489267
my neighbor is cutting his grass and i lowkey keep thinking i need mute my mic,neither,0.04084783674983584,0.3913984755767602,0.5677536876734041
ninjaRare,neither,0.03945320844208391,0.33037608806864915,0.630170703489267
That bracket is stacked,neither,0.0436934699612105,0.3723876712986079,0.5839188587401816
!friday,neither,0.03945320844208391,0.33037608806864915,0.630170703489267
Starts at 4PM EST https://umggaming.com/event/friday-fortnite,neither,0.038922416256826575,0.34655490889020013,0.6145226748529732
Ninja is gonna be that neighbor who is out in his yard all day long when hes an old man,offensive_language,0.050314090176977584,0.49339293155597436,0.456292978267048
I'm going to need everybody in chat to set personal goals and strive everyday to get closer to achieving those goals,neither,0.06152333611653426,0.2912313662564774,0.6472452976269885
@Kemli WHATS UP DUDE,neither,0.03654052268164753,0.3897259317081271,0.5737335456102255
how long is the delay chat,neither,0.04661813907650367,0.30958890716783066,0.6437929537556657
jack from this is us is an ass. @ninja,offensive_language,0.21584575489274122,0.7581061486609872,0.02604809644627146
just a friend,neither,0.03254176445643481,0.36377080571662945,0.6036874298269358
Ninja you ready to win today she everyone you and reserve2k are winning the World Cup,neither,0.07455855848664801,0.40868126665791343,0.5167601748554386
ninjaAww,neither,0.03945320844208391,0.33037608806864915,0.630170703489267
Dang it’s been so long since fortnite fridays,neither,0.037828317652405075,0.3695807969553904,0.5925908853922046
@DoryIsFound 4 mins,neither,0.03945320844208391,0.33037608806864915,0.630170703489267
Hi @b_reynolds1328,neither,0.03945320844208391,0.33037608806864915,0.630170703489267
just a friend Kappa,neither,0.03515653808100277,0.3506064586341185,0.6142370032848788
I’m camping and it sucks,neither,0.03744771953140453,0.29445436878457326,0.6680979116840222
Thank you @BEWBIEE,neither,0.07325166854587051,0.43632638485078484,0.49042194660334476
"royalxrizz subscribed at Tier 1. They've subscribed for 10 months, currently on a 10 month streak! Esketit",neither,0.024202848395234434,0.32442708619904803,0.6513700654057175
LUL,neither,0.03945320844208391,0.33037608806864915,0.630170703489267
hahaha,neither,0.03945320844208391,0.33037608806864915,0.630170703489267
DDDAAADDDDYYYYYY,neither,0.03945320844208391,0.33037608806864915,0.630170703489267
@SidneyCosby Thank you ninjaH ninjaH,neither,0.07325166854587051,0.43632638485078484,0.49042194660334476
I can talk tooo in this chat,neither,0.025875464766548853,0.3326089304434096,0.6415156047900417
LUL,neither,0.03945320844208391,0.33037608806864915,0.630170703489267
hahaha this poor kid,neither,0.03898480390880948,0.33832613543673673,0.6226890606544537
Reverse sweatin' now,neither,0.03945320844208391,0.33037608806864915,0.630170703489267
,neither,0.03945320844208391,0.33037608806864915,0.630170703489267
"You say she's just a friend, but you say she's just a friend....oh baby you, you got what I neeeeeed, but you say she's just a friend.....",offensive_language,0.07171526600015031,0.5771316953556859,0.3511530386441638
Spartan_Z_ subscribed with Twitch Prime. They've subscribed for 8 months!,neither,0.017135853092050617,0.3228815153557895,0.6599826315521599
