text,top_class,hate_speech,offensive_language,neither
!wins,neither,0.03945320844208391,0.33037608806864915,0.630170703489267
"Wins: 3 Solos (12,12,13 Kills), 2 Squads (6,8 Kills) ninjaPon",neither,0.03945320844208391,0.33037608806864915,0.630170703489267
Check Ninja's wins here -> https://goo.gl/17Qojo,neither,0.0737613933919306,0.30145673084023594,0.6247818757678334
BACK :),neither,0.03945320844208391,0.33037608806864915,0.630170703489267
yo,offensive_language,0.04010381111145228,0.5271105317972344,0.4327856570913131
REFRESH,neither,0.03945320844208391,0.33037608806864915,0.630170703489267
REFRESH,neither,0.03945320844208391,0.33037608806864915,0.630170703489267
REFRESH,neither,0.03945320844208391,0.33037608806864915,0.630170703489267
REFRESH,neither,0.03945320844208391,0.33037608806864915,0.630170703489267
REFRESH,neither,0.03945320844208391,0.33037608806864915,0.630170703489267
REFRESH,neither,0.03945320844208391,0.33037608806864915,0.630170703489267
REFRESH,neither,0.03945320844208391,0.33037608806864915,0.630170703489267
BACK Pog,neither,0.03945320844208391,0.33037608806864915,0.630170703489267
hes back!,neither,0.03945320844208391,0.33037608806864915,0.630170703489267
!subcount,neither,0.03945320844208391,0.33037608806864915,0.630170703489267
:),neither,0.03945320844208391,0.33037608806864915,0.630170703489267
Is he back yet,neither,0.05895666340193197,0.32366795556527883,0.6173753810327891
DADS BACK,neither,0.03945320844208391,0.33037608806864915,0.630170703489267
31196 people are currently subscribed.,neither,0.13139136992445935,0.266571852775769,0.6020367772997716
"Trapster1211 subscribed with Twitch Prime. They've subscribed for 2 months, currently on a 1 month streak! thank you for making gaming more mainstream your the goat of gaming",neither,0.03380949141605707,0.32018171125929334,0.6460087973246496
missed you,neither,0.06831604575415924,0.4082687268014507,0.5234152274443901
caprio14 subscribed with Twitch Prime.,neither,0.030186173588972614,0.3621416721941929,0.6076721542168345
MIssed u dad,neither,0.03945320844208391,0.33037608806864915,0.630170703489267
CrabPls BACK CrabPls,neither,0.03945320844208391,0.33037608806864915,0.630170703489267
He back PogYou,neither,0.05051617290504041,0.32657102729093723,0.6229127998040224
HES BACK,neither,0.03945320844208391,0.33037608806864915,0.630170703489267
I see him,neither,0.039221013142859903,0.33431704827792313,0.6264619385792168
hi Liz missgU,neither,0.03945320844208391,0.33037608806864915,0.630170703489267
REFRESH,neither,0.03945320844208391,0.33037608806864915,0.630170703489267
GLHFAsaun subscribed with Twitch Prime.,neither,0.030186173588972614,0.3621416721941929,0.6076721542168345
buckmaster820 subscribed with Twitch Prime. They've subscribed for 7 months!,neither,0.017135853092050617,0.3228815153557895,0.6599826315521599
ily,neither,0.03945320844208391,0.33037608806864915,0.630170703489267
hi,neither,0.03945320844208391,0.33037608806864915,0.630170703489267
Refresh,neither,0.03945320844208391,0.33037608806864915,0.630170703489267
"Zetmonster007 subscribed with Twitch Prime. They've subscribed for 7 months, currently on a 3 month streak!",neither,0.020161301589277043,0.3305963852590941,0.6492423131516288
Mmmm chipotle,neither,0.03945320844208391,0.33037608806864915,0.630170703489267
LOL REVERSE READS MY COMMENT IN A SEC PepeLaugh,neither,0.02821249375883867,0.41700967045306864,0.5547778357880927
hi ninjaAdore @BarbxLahey,neither,0.03945320844208391,0.33037608806864915,0.630170703489267
Pewdiepie invite him,neither,0.03928697709675111,0.333197467828188,0.627515555075061
Chipotle is my lyyfffeeeee,neither,0.03369701321543674,0.4316229831511401,0.534680003633423
Lol I watched this on Reverse stream,neither,0.032113295356061854,0.37968823450280587,0.5881984701411322
I just had a chipotle bowl and it was fantastic,neither,0.034847641114438534,0.3187029876129831,0.6464493712725784
LULW,neither,0.03945320844208391,0.33037608806864915,0.630170703489267
does ninja really have 5999,neither,0.026233851972132453,0.45730018535259437,0.5164659626752732
he has one,neither,0.04713551859072198,0.3649284064421551,0.5879360749671229
LULW,neither,0.03945320844208391,0.33037608806864915,0.630170703489267
@Ninja dont be so toxic ninj lolol,neither,0.03981810639194764,0.37183686120089354,0.588345032407159
Omg we are doomed,neither,0.07972102060893362,0.2693417677072012,0.6509372116838653
Where is he :),neither,0.07097085400654432,0.26912212030185784,0.6599070256915978
LUL,neither,0.03945320844208391,0.33037608806864915,0.630170703489267
rip,neither,0.03945320844208391,0.33037608806864915,0.630170703489267
THERE IT IS PepeLmao,neither,0.051988479486451335,0.2532541473775745,0.6947573731359742
Hahaha,neither,0.03945320844208391,0.33037608806864915,0.630170703489267
@Twitzh hope your evening is going well HYPERS,neither,0.12819028273889901,0.23864240676416654,0.6331673104969345
100% doomed lulW,neither,0.03945320844208391,0.33037608806864915,0.630170703489267
0 views is twitch broken?,neither,0.045668629803604054,0.3282383196505309,0.6260930505458651
Aya,neither,0.03945320844208391,0.33037608806864915,0.630170703489267
reverse puts himself down,neither,0.03945320844208391,0.33037608806864915,0.630170703489267
mah boi pewds is gonna rek all of those bots soon,neither,0.06115014464093254,0.35626872415301225,0.5825811312060551
Blazer1 subscribed with Twitch Prime.,neither,0.030186173588972614,0.3621416721941929,0.6076721542168345
refresh smile,neither,0.03945320844208391,0.33037608806864915,0.630170703489267
He actually pretty decent,neither,0.044519680042506865,0.32863349615915577,0.6268468237983374
!delay,neither,0.03945320844208391,0.33037608806864915,0.630170703489267
LUL,neither,0.03945320844208391,0.33037608806864915,0.630170703489267
!delay,neither,0.03945320844208391,0.33037608806864915,0.630170703489267
Pewdiepie will carry,neither,0.041262291176342655,0.2996712327385659,0.6590664760850915
You should get some practice with pewds before the tournament,neither,0.03883631483676709,0.46774516072733346,0.4934185244358994
@subrenas he just started streaming so it will take time to render,neither,0.04362983149838797,0.37051987059031405,0.5858502979112981
We back,neither,0.039166053543719236,0.33524985610846453,0.6255840903478163
woah i got gifted a sub?? thanks @chap,neither,0.03707499722800392,0.34782274827564597,0.6151022544963501
otheproofo subscribed with Twitch Prime. They've subscribed for 8 months!,neither,0.017135853092050617,0.3228815153557895,0.6599826315521599
!delay,neither,0.03945320844208391,0.33037608806864915,0.630170703489267
Tilted,neither,0.03945320844208391,0.33037608806864915,0.630170703489267
pewds hasnt even got an account PepeLaugh,neither,0.03738914794168874,0.3915802481284033,0.5710306039299079
Practice with pewdiepie,neither,0.026685933432952478,0.3760235831450579,0.5972904834219895
"ho ho ho, but we don't say hoe",offensive_language,0.006196978549177831,0.9920959038808341,0.0017071175699880654
love you guys,neither,0.06167918433826641,0.4366455781003419,0.5016752375613917
,neither,0.03945320844208391,0.33037608806864915,0.630170703489267
Hello,neither,0.03945320844208391,0.33037608806864915,0.630170703489267
Aifkuh subscribed with Twitch Prime. They've subscribed for 11 months!,neither,0.01819233148295946,0.323175542712437,0.6586321258046036
Tilted,neither,0.03945320844208391,0.33037608806864915,0.630170703489267
"youngc2223 subscribed with Twitch Prime. They've subscribed for 13 months, currently on a 13 month streak!",neither,0.022582149989939095,0.33033192086212776,0.6470859291479332
!wins,neither,0.03945320844208391,0.33037608806864915,0.630170703489267
"ho ho ho, but we don’t say hoe",offensive_language,0.006196978549177831,0.9920959038808341,0.0017071175699880654
Check Ninja's wins here -> https://goo.gl/17Qojo,neither,0.0737613933919306,0.30145673084023594,0.6247818757678334
"Wins: 3 Solos (12,12,13 Kills), 2 Squads (6,8 Kills) ninjaPon",neither,0.03945320844208391,0.33037608806864915,0.630170703489267
@conor_123456 4min,neither,0.03945320844208391,0.33037608806864915,0.630170703489267
it's at tilted not lava,neither,0.03582005801618897,0.361578576487837,0.6026013654959742
@imtrimthetatman he will but pewds hasnt even made an account yet lol,neither,0.03529467813904372,0.36791270852688757,0.5967926133340689
Ceeday and noahsnoah vs ninja and pewds mah god is that even a Vs?,neither,0.04018712115914369,0.317294303202837,0.6425185756380193
@ceewhytea thnxxx,neither,0.03945320844208391,0.33037608806864915,0.630170703489267
hi daddy,neither,0.03945320844208391,0.33037608806864915,0.630170703489267
ninjaPopcorn,neither,0.03945320844208391,0.33037608806864915,0.630170703489267
"s_k_a_n_k_huntt42 subscribed with Twitch Prime. They've subscribed for 4 months, currently on a 1 month streak! I’m back again chat PokGengar",neither,0.021109984019294644,0.3443518002189752,0.6345382157617302
ok,neither,0.03935517884257045,0.3320399062092607,0.6286049149481688
ok :),neither,0.03935517884257045,0.3320399062092607,0.6286049149481688
Is the 4 minute delay active now?,neither,0.046051364965293655,0.31313386739770427,0.6408147676370022
yes,neither,0.03945320844208391,0.33037608806864915,0.630170703489267
!bracket,neither,0.03945320844208391,0.33037608806864915,0.630170703489267
ninjaBomb,neither,0.03945320844208391,0.33037608806864915,0.630170703489267
"ho ho ho, but we don’t say hoe",offensive_language,0.006196978549177831,0.9920959038808341,0.0017071175699880654
it's in the bottome,neither,0.034365264978406806,0.2951693724048654,0.6704653626167278
under the stairs,neither,0.038525678569702425,0.3133947402250811,0.6480795812052164
@misa49817 yes,neither,0.03945320844208391,0.33037608806864915,0.630170703489267
damn Ninja can hold his hand up for a long time,offensive_language,0.05254167202886371,0.6611665605245287,0.28629176744660756
@ninja its downstairs,neither,0.03422348865045285,0.3321748285169432,0.633601682832604
yo mods get the bracket command running,neither,0.037665075327976784,0.4068740086258098,0.5554609160462133
Down @ninja,neither,0.03945320844208391,0.33037608806864915,0.630170703489267
underneath the stairs,neither,0.03828979202080666,0.3089256540924729,0.6527845538867204
UNDER STEPS,neither,0.03945320844208391,0.33037608806864915,0.630170703489267
!brackets,neither,0.03945320844208391,0.33037608806864915,0.630170703489267
and this background is <3 <3,neither,0.048572843230203236,0.2815149106968113,0.6699122460729855
"Zaggers2 subscribed with Twitch Prime. They've subscribed for 7 months, currently on a 1 month streak! Good luck in world cup this weekend from Spain",neither,0.022974339973270932,0.32370881089466785,0.6533168491320612
ninja is looking like a ninja rn,neither,0.05079717808718196,0.3376582219810222,0.6115445999317959
WEST SIDE FIRST FLOOR,neither,0.029434037198011416,0.36460129039135575,0.6059646724106329
It is lol @roady10,neither,0.03535623719900797,0.4340919258549414,0.5305518369460507
under the stairs,neither,0.038525678569702425,0.3133947402250811,0.6480795812052164
flippycobra subscribed with Twitch Prime.,neither,0.030186173588972614,0.3621416721941929,0.6076721542168345
Down below,neither,0.03945320844208391,0.33037608806864915,0.630170703489267
its right below the top chest where reverse landed,neither,0.0359540740368911,0.31470153117440447,0.6493443947887045
W bottom,neither,0.03945320844208391,0.33037608806864915,0.630170703489267
To the left ninja,neither,0.045566402128905115,0.3095987111941163,0.6448348866769786
it took ninja 4 minutes to read this and all I got was this stupid emoji ninjaS,neither,0.08910766380727039,0.30256681573268984,0.6083255204600398
!bracket,neither,0.03945320844208391,0.33037608806864915,0.630170703489267
"chat, there's a 4 minute delay. he isn't going to see your messages in time. chill",neither,0.06339002104808573,0.3236952621136509,0.6129147168382635
!bracket,neither,0.03945320844208391,0.33037608806864915,0.630170703489267
Below you ninja,neither,0.05572219743018507,0.3762601531946905,0.5680176493751244
delay he ded,neither,0.057568607992634975,0.3241453714706532,0.6182860205367118
ninjaCreep,neither,0.03945320844208391,0.33037608806864915,0.630170703489267
We can’t even tell him,neither,0.038386287972503014,0.34848451287798143,0.6131291991495155
im a god,neither,0.03808128426144953,0.38238892824798343,0.579529787490567
@s_k_a_n_k_huntt42 PokShadowmew,neither,0.03945320844208391,0.33037608806864915,0.630170703489267
Up @ninja,neither,0.036246535815807876,0.39621201326739247,0.5675414509167998
In the castle though,neither,0.0385951661668841,0.31469778427837003,0.6467070495547458
"Its in the castle, second room to the left.",neither,0.038202779829863476,0.30754844715537094,0.6542487730147656
He wont be able see it because 4 min delay,neither,0.042527483776440944,0.3321295868966123,0.6253429293269467
under the first chest u saw,neither,0.03282739394714286,0.31862068477369304,0.6485519212791642
top of the caste back of it,neither,0.03697843862441235,0.31333909123694254,0.649682470138645
"reminder, he is on a 4 minute delay",neither,0.048884639709749766,0.3378705380156884,0.6132448222745619
front of castle,neither,0.03945320844208391,0.33037608806864915,0.630170703489267
ninjaRed ninjaBull,neither,0.03945320844208391,0.33037608806864915,0.630170703489267
it's in the bottom level of the castle,neither,0.03719954745465015,0.3077240056302056,0.6550764469151443
Up top,neither,0.03529625520642697,0.4178204621606353,0.5468832826329377
he already has the delay on?,neither,0.04040922293540849,0.3382983164981117,0.6212924605664798
"up top where you was, you looked at it",offensive_language,0.07014687931382674,0.4768072525850816,0.45304586810109165
lostboydraco subscribed with Twitch Prime.,neither,0.030186173588972614,0.3621416721941929,0.6076721542168345
it is up top,neither,0.044611969195188325,0.40109628845809364,0.554291742346718
Your right next to it,neither,0.09300458403610092,0.3509869785176053,0.5560084374462937
Hello,neither,0.03945320844208391,0.33037608806864915,0.630170703489267
change the title to 3:04 central because of the delay LUL,neither,0.04245208583678837,0.30802468189116816,0.6495232322720436
ninjaBlast1 ninjaBlast2 ninjaBlast3 ninjaBlast3 ninjaWifey ninjaBlood ninjaBlood,neither,0.03945320844208391,0.33037608806864915,0.630170703489267
Does reverse have a delay?,neither,0.026107499776707933,0.45855777875821746,0.5153347214650745
!uptime,neither,0.03945320844208391,0.33037608806864915,0.630170703489267
Ninja has been streaming for 4 minutes 40 seconds,neither,0.03592730019633401,0.31176468543582164,0.6523080143678444
Blaacker subscribed with Twitch Prime. They've subscribed for 17 months!,neither,0.018395409525177608,0.3232343455971076,0.6583702448777148
ninjaClap,neither,0.03945320844208391,0.33037608806864915,0.630170703489267
"4 minute delay, stop spamming where it is 🙄",neither,0.048961254736410005,0.37561914363364735,0.5754196016299428
You guys are giving him advice 4 mins into the future,neither,0.06821277543022036,0.3192470238046023,0.6125402007651772
At night,neither,0.026633302492208886,0.37073604719055575,0.6026306503172353
it is 10:23 am here and is after dark? lol,neither,0.07255752144411334,0.3106985530178074,0.6167439255380791
"meesh15 subscribed at Tier 1. They've subscribed for 14 months, currently on a 14 month streak!",neither,0.02510110483421529,0.3247435745563087,0.6501553206094761
ahahaha,neither,0.03945320844208391,0.33037608806864915,0.630170703489267
can you still get the twitch prime skins?,neither,0.048182821379192574,0.36076997564283286,0.5910472029779746
@BryansGames true that,neither,0.033388572507466706,0.39694385908644536,0.569667568406088
ninjaAdore,neither,0.03945320844208391,0.33037608806864915,0.630170703489267
sevroauandromedus subscribed with Twitch Prime. They've subscribed for 7 months!,neither,0.017135853092050617,0.3228815153557895,0.6599826315521599
It was up top where u were,neither,0.037480932500568775,0.3305449239147857,0.6319741435846455
@Johnny_Mack96 we must predict his movements monkaHmm,neither,0.06440865592030663,0.3202778542975652,0.6153134897821281
!dark @dannyponz,neither,0.03945320844208391,0.33037608806864915,0.630170703489267
It's after dark somewhere.,neither,0.038091408834264665,0.3308444733999197,0.6310641177658156
"So, friday fortnite is in 2.5 hours right?",neither,0.04601247543972053,0.3867137734437207,0.5672737511165586
!uptime,neither,0.03945320844208391,0.33037608806864915,0.630170703489267
Ninja has been streaming for 5 minutes 22 seconds,neither,0.035978268437780944,0.3120340873608984,0.6519876442013207
"guys its a 4 minute delay, no need to backseat game LUL",neither,0.03815033612668313,0.3100937000326479,0.6517559638406688
"Guarantee your PC gaming performance with BLD by NZXT. The simplest way to get a customized gaming PC. Choose the games you want to play, set a budget, and BLD takes care of the rest. Built and shipped within 48 hours with a 2-year warranty. https://nzxt.co/Ninja ninja10 ninja10",neither,0.046024978110057846,0.33494880951390904,0.6190262123760332
TheRamenGuyFromBoruto subscribed with Twitch Prime. They've subscribed for 2 months!,neither,0.017135853092050617,0.3228815153557895,0.6599826315521599
@th3distinct 3.5,neither,0.03945320844208391,0.33037608806864915,0.630170703489267
Yeehaw,neither,0.03945320844208391,0.33037608806864915,0.630170703489267
patop2478 subscribed with Twitch Prime.,neither,0.030186173588972614,0.3621416721941929,0.6076721542168345
"alana2228 subscribed with Twitch Prime. They've subscribed for 3 months, currently on a 3 month streak!",neither,0.020161301589277043,0.3305963852590941,0.6492423131516288
why did the numbers drop..guessing he restarted his stream?,neither,0.05481599335853901,0.3282327247746484,0.6169512818668126
new haircut,neither,0.043734208114163266,0.2227144580909004,0.7335513337949363
McEagles05 subscribed with Twitch Prime. They've subscribed for 21 months!,neither,0.018395409525177608,0.3232343455971076,0.6583702448777148
@aprallstar thank u!,neither,0.03869991029225249,0.3431615236228004,0.6181385660849471
Can we front seat game? Kappa,neither,0.039017233145987235,0.29790627294335004,0.6630764939106628
!title,neither,0.03945320844208391,0.33037608806864915,0.630170703489267
@athena_2121 -> Current Stream Title: Ninja + Pewdiepie vs Ceeday + Noahsnoah @ 3 central,neither,0.03945320844208391,0.33037608806864915,0.630170703489267
shouldn't ya be practicing with pewds? lol,offensive_language,0.014749055851240676,0.653490524526437,0.33176041962232244
@tapiozona yeah,offensive_language,0.013968601452186464,0.5182923869769311,0.4677390115708824
On point,neither,0.03491331784810099,0.3525423861207497,0.6125442960311492
No,neither,0.036918905254960256,0.37338982715841207,0.5896912675866277
LUL LUL,neither,0.03945320844208391,0.33037608806864915,0.630170703489267
LUL,neither,0.03945320844208391,0.33037608806864915,0.630170703489267
@mishilo interesting tatHmm,neither,0.03945320844208391,0.33037608806864915,0.630170703489267
heyy,neither,0.03945320844208391,0.33037608806864915,0.630170703489267
LUL,neither,0.03945320844208391,0.33037608806864915,0.630170703489267
JeffGrossPoker subscribed at Tier 1. They've subscribed for 16 months!,neither,0.020421538009370858,0.3139471505081261,0.6656313114825031
LUL,neither,0.03945320844208391,0.33037608806864915,0.630170703489267
HOW TF does he resight that so well? xD,offensive_language,0.027947262455283835,0.5060987062595075,0.46595403128520885
hahahaha,neither,0.03945320844208391,0.33037608806864915,0.630170703489267
TheRamenGuyFromBoruto subscribed with Twitch Prime. They've subscribed for 2 months! wheres my lasagna POG,neither,0.017204384226787415,0.36509036720745836,0.6177052485657543
LUL LUL LUL LUL LUL LUL,neither,0.03945320844208391,0.33037608806864915,0.630170703489267
Can we game in the trunk? monkaHmm,neither,0.038222820045372724,0.2763714515787986,0.6854057283758287
!drunk,neither,0.03945320844208391,0.33037608806864915,0.630170703489267
Ninja is completely sober right now. \ MingLee /,neither,0.044482544906504835,0.3416268926575897,0.6138905624359056
@ninja stream snipers are complaining about the 4 minute delay on reverse channel😂,neither,0.04783244393972126,0.32016559003325695,0.6320019660270219
LUL,neither,0.03945320844208391,0.33037608806864915,0.630170703489267
WeirdChamp,neither,0.03945320844208391,0.33037608806864915,0.630170703489267
Noo,neither,0.03945320844208391,0.33037608806864915,0.630170703489267
moosegirl 65,neither,0.03945320844208391,0.33037608806864915,0.630170703489267
@poetz I don't think pewds made an account yet,neither,0.04019966459910473,0.317706778988672,0.6420935564122233
Jaypan006 subscribed with Twitch Prime.,neither,0.030186173588972614,0.3621416721941929,0.6076721542168345
bannor101 subscribed with Twitch Prime. They've subscribed for 3 months!,neither,0.017135853092050617,0.3228815153557895,0.6599826315521599
,neither,0.03945320844208391,0.33037608806864915,0.630170703489267
its a grill,neither,0.03266664412200374,0.33271029874032065,0.6346230571376755
I wonder why he was there? ninjaHmm,neither,0.03206139037392705,0.3016982012798825,0.6662404083461904
I’m back.,neither,0.03945320844208391,0.33037608806864915,0.630170703489267
This is creepily accurate lmao,neither,0.046998996675519086,0.34726650532643993,0.6057344979980409
Clawson423 subscribed with Twitch Prime. They've subscribed for 11 months!,neither,0.01819233148295946,0.323175542712437,0.6586321258046036
You missed a blue msg,neither,0.05325868256206452,0.3696468924301735,0.577094425007762
no its there,neither,0.030002036110836416,0.29259029185561086,0.6774076720335528
monkaHmm Gingerbread mooses,neither,0.03945320844208391,0.33037608806864915,0.630170703489267
will pewds stream on youtube or twitch,neither,0.03842885360878988,0.32291639149779483,0.6386547548934153
Stream snipers ninjaPog,neither,0.03945320844208391,0.33037608806864915,0.630170703489267
hey @ewokttv,neither,0.03945320844208391,0.33037608806864915,0.630170703489267
@ewokttv the goat,neither,0.03825742109612947,0.30830648690722096,0.6534360919966495
@moosegirl,neither,0.03945320844208391,0.33037608806864915,0.630170703489267
hmmmmmm,neither,0.03945320844208391,0.33037608806864915,0.630170703489267
!friday,neither,0.03945320844208391,0.33037608806864915,0.630170703489267
@ewokttv whats up ewok. highdLove highdLove highdLove highdLove highdLove,neither,0.03597034933595279,0.4023906385329718,0.5616390121310755
STREAM SNIPINGGGGGGGGGGG!!!!!!!,neither,0.03945320844208391,0.33037608806864915,0.630170703489267
"@FreedomClaps he played Fortnite on stream a while back, he wasn't good but he's got an account LUL",neither,0.043227934446772316,0.35810096945293746,0.5986710961002902
Gg I was the smug,neither,0.03714290157768994,0.2967632699360285,0.6660938284862815
In the arcade,neither,0.03847357748050665,0.312413849961107,0.6491125725583865
ffs,neither,0.03945320844208391,0.33037608806864915,0.630170703489267
yo ninja,neither,0.03963661905393089,0.4165653046673816,0.5437980762786875
@ewokttv HI EWOK,neither,0.03945320844208391,0.33037608806864915,0.630170703489267
BAN HIM!,neither,0.03929168870332908,0.33311749956824643,0.6275908117284246
juhforjack___ subscribed with Twitch Prime. They've subscribed for 5 months!,neither,0.017135853092050617,0.3228815153557895,0.6599826315521599
@ewokttv the chosen one courageCLUTCH,neither,0.03749233896415343,0.3470394602207448,0.6154682008151019
Ewok ninjaH,neither,0.03945320844208391,0.33037608806864915,0.630170703489267
Ewok is in the chat,neither,0.048763609860547556,0.30703633332195424,0.6442000568174983
,neither,0.03945320844208391,0.33037608806864915,0.630170703489267
Hi @ewokttv,neither,0.03945320844208391,0.33037608806864915,0.630170703489267
"@poetz alright, that's just what ninja was saying. LUL LUL",neither,0.033926418877037644,0.3607374825415488,0.6053360985814136
ninjaFood love this chat!,neither,0.03591809809029743,0.3483393027201471,0.6157425991895555
ewok ninjaFan ninjaFan,neither,0.03945320844208391,0.33037608806864915,0.630170703489267
You guys think Ninj is nervous to play with pewdiepie? LUL,neither,0.05244117018584799,0.37887100845127514,0.5686878213628769
we love you,neither,0.0667431826429772,0.4602730207261189,0.47298379663090395
LMAO,neither,0.03705015143476208,0.3711622369619404,0.5917876116032975
ninjaHype ninjaHype ninjaHype ninjaHype ninjaHype ninjaHype ninjaRekt ninjaRekt ninjaRekt ninjaRekt ninjaRekt,neither,0.03945320844208391,0.33037608806864915,0.630170703489267
@ewokttv Hello ewok hows your day going,neither,0.06347962702049806,0.33409011425461005,0.602430258724892
LMAO,neither,0.03705015143476208,0.3711622369619404,0.5917876116032975
Lets go boi's,neither,0.03983896731304411,0.34854193491086216,0.6116190977760937
@johnny_mack96 I’d freak out,neither,0.03361122782855299,0.35316185032285335,0.6132269218485938
Reserve toxic won’t pick up ninja ninjaTroll,neither,0.04096096214452194,0.31101481702447104,0.6480242208310071
stream snipping lmao,neither,0.03830674001666922,0.3498346492921025,0.6118586106912282
EWOK YOU ARE AMAZING,neither,0.12376646148578273,0.3241881060224815,0.5520454324917358
@ewokttv ninjaFan ninjaFan,neither,0.03945320844208391,0.33037608806864915,0.630170703489267
haha reverse already off,neither,0.035078949137511514,0.4046186843743391,0.5603023664881494
lol ninja,neither,0.030390423329749658,0.3972060592599654,0.5724035174102851
Stream sniper,neither,0.03945320844208391,0.33037608806864915,0.630170703489267
YAY,neither,0.03945320844208391,0.33037608806864915,0.630170703489267
the TRUTH comes out,neither,0.033821698365068674,0.3306547874049889,0.6355235142299425
whats 3 central in eastern time? 2?,neither,0.03860811946594389,0.34471945350022487,0.6166724270338313
ESCAPEE,neither,0.03945320844208391,0.33037608806864915,0.630170703489267
what up homies!,neither,0.04274460018490912,0.3907742142292796,0.5664811855858113
play with ewok @Ninja,neither,0.028194241810270314,0.36989099535071523,0.6019147628390146
daeOmega,neither,0.03945320844208391,0.33037608806864915,0.630170703489267
Toxic reserve,neither,0.03945320844208391,0.33037608806864915,0.630170703489267
stream snipers step your time travel game up,neither,0.053158089141180837,0.3416239328356107,0.6052179780232084
thehunsterx subscribed with Twitch Prime. They've subscribed for 5 months!,neither,0.017135853092050617,0.3228815153557895,0.6599826315521599
@ewokttv hi,neither,0.03945320844208391,0.33037608806864915,0.630170703489267
"@itzgiga YouTube, not allowed to on twitch just like ninja can’t on yt",neither,0.0419835275156609,0.36293819607903954,0.5950782764052995
LEVEL 100 coming up3.,neither,0.03945320844208391,0.33037608806864915,0.630170703489267
EWOK,neither,0.03945320844208391,0.33037608806864915,0.630170703489267
Heeeyyy,neither,0.03945320844208391,0.33037608806864915,0.630170703489267
@nreeder3400 it would be 4pm eastern time,neither,0.0368386440659848,0.34789157327357756,0.6152697826604377
@nreeder3400 4 eastern,neither,0.03945320844208391,0.33037608806864915,0.630170703489267
4pm eastern,neither,0.03945320844208391,0.33037608806864915,0.630170703489267
nreeder3400 L_?,neither,0.03945320844208391,0.33037608806864915,0.630170703489267
4EST,neither,0.03945320844208391,0.33037608806864915,0.630170703489267
hola,neither,0.03945320844208391,0.33037608806864915,0.630170703489267
Moose tramp 69,neither,0.03945320844208391,0.33037608806864915,0.630170703489267
chat pewdiepie over/under 6 kills?,neither,0.036943719146036565,0.3319017102813356,0.6311545705726279
i want to donate but im broke,neither,0.04155524248214157,0.3611944873919536,0.5972502701259049
beasty_v5 subscribed with Twitch Prime. They've subscribed for 11 months!,neither,0.01819233148295946,0.323175542712437,0.6586321258046036
jagorres1 that's a thing? geex,neither,0.03267456653017479,0.4049774792818576,0.5623479541879677
big under,neither,0.020662306918156396,0.41105331511196375,0.5682843779698797
@ewokttv amazing games the other day keep it up!!!! Loved watching you kill it,neither,0.22909213892728628,0.2904220033347349,0.48048585773797886
"Lampa_YT subscribed with Twitch Prime. They've subscribed for 3 months, currently on a 1 month streak! LETS GO BABY",neither,0.021437823404989658,0.3380206950019662,0.6405414815930441
Ninja and reverse are cute,neither,0.06007936285558576,0.2405769019442359,0.6993437352001783
"stlcardinal9 subscribed with Twitch Prime. They've subscribed for 17 months, currently on a 17 month streak! Good luck in Fortnite Friday",neither,0.02347925537898882,0.33030748872034593,0.6462132559006654
MissesMeeks subscribed with Twitch Prime. They've subscribed for 2 months!,neither,0.017135853092050617,0.3228815153557895,0.6599826315521599
@nreeder3400 bro are you serious,neither,0.11056067322931662,0.3254877046172403,0.5639516221534431
cream wiping,neither,0.03945320844208391,0.33037608806864915,0.630170703489267
2 and half hours for me,neither,0.026838756691025194,0.3035884239859177,0.6695728193230571
waitno,neither,0.03945320844208391,0.33037608806864915,0.630170703489267
ummann13 subscribed at Tier 1. They've subscribed for 17 months!,neither,0.020366740168760892,0.3138982375517927,0.6657350222794465
@onealonenite Same,neither,0.04148851938089603,0.3488915597363099,0.609619920882794
pewds got EU servers. this should be fun,neither,0.04967268791554815,0.41223658695631743,0.5380907251281345
FishMoley Clap,neither,0.03945320844208391,0.33037608806864915,0.630170703489267
Does Ninja still see our chat in real time when he streams on delay?,offensive_language,0.02443269366712817,0.500910648091761,0.47465665824111075
are you sure there is a 4min delay ninja because i'm only seeing a 9 second delay for me on the video stats....,neither,0.05434332323917734,0.330837275536804,0.6148194012240187
@ninja hello bruce,neither,0.03945320844208391,0.33037608806864915,0.630170703489267
No,neither,0.036918905254960256,0.37338982715841207,0.5896912675866277
Tyll,neither,0.03945320844208391,0.33037608806864915,0.630170703489267
FeelsOkayMan,neither,0.03945320844208391,0.33037608806864915,0.630170703489267
@kmase14 Yes,neither,0.03945320844208391,0.33037608806864915,0.630170703489267
like that personality ninja,neither,0.04534611425067766,0.3848570025263303,0.569796883222992
LUL,neither,0.03945320844208391,0.33037608806864915,0.630170703489267
sup ninj,neither,0.03945320844208391,0.33037608806864915,0.630170703489267
Goat,neither,0.03945320844208391,0.33037608806864915,0.630170703489267
@kmase14 Yee,neither,0.03945320844208391,0.33037608806864915,0.630170703489267
@kmase14 yes but we wont know for 4 mins LUL,neither,0.033285093228309116,0.31815646148731763,0.6485584452843733
kmase14 he sees this chat 4 mins later than we post it,neither,0.04134474667460055,0.33687240257778467,0.6217828507476147
How do they put on the 4 min. delay?,neither,0.03730960303692127,0.3273797148911317,0.635310682071947
Wait are you actually playing w pewdipie,neither,0.09531857520528304,0.32679276050137884,0.5778886642933382
best movie ever don't @ me,neither,0.03322984722677642,0.3232029353079012,0.6435672174653224
Later on,neither,0.03512707871360588,0.3514550777141201,0.6134178435722741
whats goin on LUL,neither,0.037187567593161476,0.34119975478391285,0.6216126776229256
,neither,0.03945320844208391,0.33037608806864915,0.630170703489267
AAH OOO AHHH EEE AHH OOO OOO OOO,neither,0.03945320844208391,0.33037608806864915,0.630170703489267
@officialbacon125 yeah he is,neither,0.030926107433843594,0.4777349225010114,0.491338970065145
Ninja is in the future ninjaCRINJA,neither,0.046337930690897935,0.3124659088688808,0.6411961604402213
@superman04091996 they just put on a delay 4Head,neither,0.02966100917213394,0.3797254395692529,0.5906135512586131
mt wannahakalugi,neither,0.03945320844208391,0.33037608806864915,0.630170703489267
SHARK BAIT WHO HAHA,neither,0.036391036342669145,0.439183374992303,0.5244255886650278
LUL,neither,0.03945320844208391,0.33037608806864915,0.630170703489267
ninjaCRINJA ninjaTooth,neither,0.03945320844208391,0.33037608806864915,0.630170703489267
Nemo,neither,0.03945320844208391,0.33037608806864915,0.630170703489267
the ring of FIAAAAA,neither,0.03826042888472957,0.30836408044931224,0.6533754906659581
Nemo ninjaAdore,neither,0.03945320844208391,0.33037608806864915,0.630170703489267
"jgigs subscribed at Tier 1. They've subscribed for 20 months, currently on a 20 month streak!",neither,0.02451728246841418,0.32453681542227786,0.6509459021093079
ninja10,neither,0.03945320844208391,0.33037608806864915,0.630170703489267
MONKEY,neither,0.04448387311790626,0.03234800043431917,0.9231681264477746
Woah that is a sweet glider,neither,0.04312890768873796,0.36724559355130965,0.5896254987599525
Thanks guys!,neither,0.03655862387837074,0.3098941200382932,0.6535472560833362
!drunk,neither,0.03945320844208391,0.33037608806864915,0.630170703489267
Ninja is completely sober right now. \ MingLee /,neither,0.044482544906504835,0.3416268926575897,0.6138905624359056
ninjaCRINJA ninjaCRINJA,neither,0.03945320844208391,0.33037608806864915,0.630170703489267
Monkey maaaaan,neither,0.04416459647255138,0.12194675951645248,0.8338886440109962
Shark bait hohahaha,neither,0.03945320844208391,0.33037608806864915,0.630170703489267
Anyone else experiencing twitch issues right now? Im living in Germany and its just stuck and lagging as helL !!,offensive_language,0.033037287728722366,0.5054875075543841,0.46147520471689357
I do not understand.,neither,0.039548194405965624,0.33634202742941627,0.624109778164618
fish are our friends not food,neither,0.06074380631623911,0.2811955686509213,0.6580606250328396
lordshawn2425 subscribed with Twitch Prime. They've subscribed for 12 months! 12 months we lit,neither,0.023170460458871715,0.3258740066002256,0.6509555329409026
banjo,neither,0.03945320844208391,0.33037608806864915,0.630170703489267
Pewdiepie is actually playing Fn?,neither,0.050102017231623046,0.3267134744183834,0.6231845083499936
Sunsearcher93 what do you expect from internet powered by beer and schnitzel dude? LUL (jk just your end tho),neither,0.0618279748686898,0.35301381521946185,0.5851582099118483
ninjaJam,neither,0.03945320844208391,0.33037608806864915,0.630170703489267
big and blue whats it like?,neither,0.030387010509725382,0.3645012431711673,0.6051117463191075
That 1yr+badge @lordshawn2425 ninjaClap ninjaK,neither,0.03486124774340957,0.38047850944979694,0.5846602428067935
