text,top_class,hate_speech,offensive_language,neither
ninjaBlast1 ninjaBlast2 ninjaBlast3,neither,0.03945320844208391,0.33037608806864915,0.630170703489267
thorsdaddyx subscribed with Twitch Prime. They've subscribed for 14 months!,neither,0.01847321566222609,0.32325705232198204,0.6582697320157919
Hey,neither,0.03945320844208391,0.33037608806864915,0.630170703489267
boopboop,neither,0.03945320844208391,0.33037608806864915,0.630170703489267
i hear you @Ninja,neither,0.058127312449021334,0.3826036837335185,0.5592690038174601
FortOne FortBush FortHype FortLlama,neither,0.03945320844208391,0.33037608806864915,0.630170703489267
FortHype,neither,0.03945320844208391,0.33037608806864915,0.630170703489267
FortBush,neither,0.03945320844208391,0.33037608806864915,0.630170703489267
Hiii ninjaFan ninjaBull ninjaRed ninjaFire ninjaH ninjaH ninjaHi ninjaHi ninjaHi ninjaHi ninjaHi ninjaHi ninjaHi,neither,0.03945320844208391,0.33037608806864915,0.630170703489267
finally ninja do challenges ges and collecting fortbytes,neither,0.039906875543538355,0.29939516601821137,0.6606979584382503
PrideWingL PrideWingL PrideWingL PrideWingL,neither,0.03945320844208391,0.33037608806864915,0.630170703489267
ninya,neither,0.03945320844208391,0.33037608806864915,0.630170703489267
FortLlama,neither,0.03945320844208391,0.33037608806864915,0.630170703489267
Lets goooo ninjaPrime ninjaPrime ninjaPrime ninjaPrime ninjaPrime,neither,0.03868305123800957,0.34344766577192837,0.6178692829900622
FortOne,neither,0.03945320844208391,0.33037608806864915,0.630170703489267
Eyyyy,neither,0.03945320844208391,0.33037608806864915,0.630170703489267
ninjaPrime,neither,0.03945320844208391,0.33037608806864915,0.630170703489267
hii,neither,0.03945320844208391,0.33037608806864915,0.630170703489267
i wonder what ninjas k/d is,neither,0.06200656378604557,0.3197215310976548,0.6182719051162997
Ninja ninjaThrow ninjaStars ninjaStars,neither,0.03945320844208391,0.33037608806864915,0.630170703489267
The Official Game Play Headband of Ninja now available! https://win.gs/NinjaHeadband,neither,0.03867893930019313,0.30170028441635893,0.659620776283448
ninjaHype ninjaHype ninjaHype ninjaHype ninjaHype ninjaHype ninjaHype ninjaHype ninjaHype ninjaFood ninjaFood ninjaFood,neither,0.03945320844208391,0.33037608806864915,0.630170703489267
Yooo,neither,0.03945320844208391,0.33037608806864915,0.630170703489267
ninjaHeadband,neither,0.03945320844208391,0.33037608806864915,0.630170703489267
ninjaFail,neither,0.03945320844208391,0.33037608806864915,0.630170703489267
NINJAPROMO,neither,0.03945320844208391,0.33037608806864915,0.630170703489267
I love the ninja intro,neither,0.03630807414422899,0.32773299413703294,0.6359589317187382
ninjaThirst ninjaPopcorn,neither,0.03945320844208391,0.33037608806864915,0.630170703489267
"Download Discord here - discord.gg/ninja - Subscribers, connect your Discord to Twitch by – Clicking the cogwheel at the bottom, go to Connections, click Twitch and click “join” under the Ninja server. All subs are welcome to join at any time to hang out! (If you recently subscribed it may take up to 30 minutes before you can connect to the sub server.) Follow this image to connect as well - https://goo.gl/yX9sFR",neither,0.06809260872529874,0.3753919629243179,0.5565154283503834
BIG FAN,neither,0.020662306918156396,0.41105331511196375,0.5682843779698797
MORNING SENPAIIIIIIII @ninja,neither,0.048203553387938615,0.18185989775694275,0.7699365488551186
Kreygasm Kreygasm Kreygasm Kreygasm Kreygasm Kreygasm Kreygasm Kreygasm Kreygasm,neither,0.03945320844208391,0.33037608806864915,0.630170703489267
sup,neither,0.03945320844208391,0.33037608806864915,0.630170703489267
yooooo,neither,0.03945320844208391,0.33037608806864915,0.630170703489267
Ninja check out taehatypes he makes keyboards!!!,neither,0.039893920773184585,0.3406164659722396,0.6194896132545759
ITS GAME TIMEEEEEEEEE,neither,0.029665656346515596,0.2700598910129799,0.7002744526405045
GodOfKhaos66 subscribed at Tier 1.,neither,0.03853807016957085,0.358210604756348,0.6032513250740811
ninjaThirst,neither,0.03945320844208391,0.33037608806864915,0.630170703489267
Ayeee,neither,0.03945320844208391,0.33037608806864915,0.630170703489267
ninjaaaaaaaaaa,neither,0.03945320844208391,0.33037608806864915,0.630170703489267
GAME TIME BAYBEEEEEEEE,neither,0.036831986904325216,0.29642753231080715,0.6667404807848678
ninjaAdore ninjaTooth ninjaClap ninjaCreep ninjaCRINJA ninjaFire ninjaBand ninjaRed ninjaBull ninja10 ninjaAim ninjaAmazing ninjaAww ninjaBits ninjaBlank ninjaBlood ninjaBomb ninjaBush ninjaButton ninjaCash ninjaChance ninjaChocobo ninjaChug ninjaCry ninjaDance ninjaFail ninjaFan ninjaFood ninjaGold ninjaH ninjaHi ninjaHmm ninjaHS ninjaHype ninjaIQ ninjaK ninjaLlama ninjaNavi ninjaPog ninjaPon ninjaPopcorn ninjaPrime ninjaRekt ninjaS ninjaShrug ninjaSplat ninjaSplode ninjaStars ninjaThirst ninja,neither,0.03945320844208391,0.33037608806864915,0.630170703489267
I LOVE THIS,neither,0.033354624610487035,0.36213039408674813,0.6045149813027648
ITS GAME TIME,neither,0.029882761249500213,0.30431233079982395,0.6658049079506758
dieguich23 subscribed with Twitch Prime. They've subscribed for 2 months! hi ninja,neither,0.019671200560769538,0.3236178523235654,0.6567109471156651
game TIME SeemsGood SeemsGood SeemsGood SeemsGood SeemsGood SeemsGood,neither,0.036831986904325216,0.29642753231080715,0.6667404807848678
LETS GOOO,neither,0.03868305123800957,0.34344766577192837,0.6178692829900622
gday from austrailia what up,neither,0.04619088559070727,0.38369470789079446,0.5701144065184983
Chap subscribed at Tier 3. They've subscribed for 11 months!,neither,0.020111444084221036,0.31367050271662394,0.666218053199155
HI!,neither,0.03945320844208391,0.33037608806864915,0.630170703489267
hey hey dad,neither,0.03945320844208391,0.33037608806864915,0.630170703489267
hey,neither,0.03945320844208391,0.33037608806864915,0.630170703489267
Hi tyler,neither,0.03945320844208391,0.33037608806864915,0.630170703489267
Its game timeeee ninjaH ninjaH ninjaH,neither,0.029665656346515596,0.2700598910129799,0.7002744526405045
pepeJAM ninjaJam HAAII,neither,0.03945320844208391,0.33037608806864915,0.630170703489267
"JUSTINtimidator subscribed with Twitch Prime. They've subscribed for 21 months, currently on a 21 month streak!",neither,0.022582149989939095,0.33033192086212776,0.6470859291479332
goodmorning @Ninja,neither,0.03945320844208391,0.33037608806864915,0.630170703489267
heyyy boiiiii,neither,0.03945320844208391,0.33037608806864915,0.630170703489267
Paddywhacked317 subscribed with Twitch Prime. They've subscribed for 18 months!,neither,0.01834638559187279,0.3232200884910971,0.65843352591703
hey ninja,neither,0.03945320844208391,0.33037608806864915,0.630170703489267
Heyy Ninj,neither,0.03945320844208391,0.33037608806864915,0.630170703489267
Yo,offensive_language,0.04010381111145228,0.5271105317972344,0.4327856570913131
Hii ninjaaa ninjaFire,neither,0.03945320844208391,0.33037608806864915,0.630170703489267
Yay,neither,0.03945320844208391,0.33037608806864915,0.630170703489267
heyyyyy ninjaaa from kuwaittt,neither,0.04228451509352876,0.2823214250720796,0.6753940598343917
good gaming Morning,neither,0.046535704093852645,0.19783456675999828,0.7556297291461491
Hi how’s your day @ninja,neither,0.06758690914197113,0.30977938434974606,0.6226337065082829
when does season 10 start?,neither,0.021251557003522943,0.4751156240008671,0.50363281899561
Very epic,neither,0.03945320844208391,0.33037608806864915,0.630170703489267
PogU,neither,0.03945320844208391,0.33037608806864915,0.630170703489267
Yiiiiii YEET,neither,0.03945320844208391,0.33037608806864915,0.630170703489267
what song is it?,neither,0.05744301013711512,0.3313994299804626,0.6111575598824224
Season 10 starts August 1st,neither,0.039627647282105154,0.32741540570439315,0.6329569470135017
@Ninja ORB In Loot Lake Grew BIGGER!,neither,0.03945320844208391,0.33037608806864915,0.630170703489267
Hmmmmm,neither,0.03945320844208391,0.33037608806864915,0.630170703489267
Your a god ninjaH ninjaH ninjaH ninjaH ninjaH,neither,0.11021655677960121,0.3104609842779934,0.5793224589424053
Good morning bud,neither,0.04719207791248742,0.18519909394372924,0.7676088281437834
!song,neither,0.038601720699969956,0.3448280572582511,0.616570222041779
ninjaRare DRIP TriHard DRIP ninjaJam DRIP,neither,0.03945320844208391,0.33037608806864915,0.630170703489267
https://www.shazam.com/,neither,0.03945320844208391,0.33037608806864915,0.630170703489267
thanks @maxreichelfortnite,neither,0.035884468650613,0.3004919205142699,0.6636236108351171
WHAT'S THE NAME? @ninja,neither,0.04415226057335643,0.3099063421869359,0.6459413972397077
is sir ninja playing the tourament today,neither,0.04389929069453166,0.29932338898693994,0.6567773203185284
hi,neither,0.03945320844208391,0.33037608806864915,0.630170703489267
https://www.youtube.com/watch?v=Xb-XKrT4CrI&list=PL_LvhWhUYJCxO1xndK254Qh19kZNuLzBO&index=169,neither,0.04262885299189694,0.3292838382868742,0.6280873087212289
https://www.youtube.com/watch?v=Xb-XKrT4CrI&list=PL_LvhWhUYJCxO1xndK254Qh19kZNuLzBO&index=169,neither,0.04262885299189694,0.3292838382868742,0.6280873087212289
https://www.youtube.com/watch?v=Xb-XKrT4CrI&list=PL_LvhWhUYJCxO1xndK254Qh19kZNuLzBO&index=169,neither,0.04262885299189694,0.3292838382868742,0.6280873087212289
https://www.youtube.com/watch?v=Xb-XKrT4CrI&list=PL_LvhWhUYJCxO1xndK254Qh19kZNuLzBO&index=169,neither,0.04262885299189694,0.3292838382868742,0.6280873087212289
morning @Ninja,neither,0.048203553387938615,0.18185989775694275,0.7699365488551186
ninjaJam,neither,0.03945320844208391,0.33037608806864915,0.630170703489267
"victor_nexo subscribed at Tier 1. They've subscribed for 3 months, currently on a 3 month streak! Yaaaaas! keep going boy!",neither,0.02304333928183921,0.33798718482318985,0.6389694758949709
ninjaPon ninjaPon ninjaPon,neither,0.03945320844208391,0.33037608806864915,0.630170703489267
Chap and ninja?!?,neither,0.03849532262610919,0.28064596753809684,0.680858709835794
ninjaPon,neither,0.03945320844208391,0.33037608806864915,0.630170703489267
playing the cash comp to say.,neither,0.045530482683724054,0.309707745698523,0.644761771617753
hey @ninja my son's 12th birthday is today his name is Jayden. he can't wait to get your book!,neither,0.07922388679518821,0.35103006106708456,0.5697460521377271
kmaddiRALL kmaddiRALL kmaddiRALL kmaddiRALL,neither,0.03945320844208391,0.33037608806864915,0.630170703489267
shoutout neil...shoutout buzz,neither,0.03945320844208391,0.33037608806864915,0.630170703489267
widepeepoHappy lets get some bytes,neither,0.027976330776770555,0.37711469639843304,0.5949089728247965
@Ninja ORB In Loot Lake grew bigger!,neither,0.03945320844208391,0.33037608806864915,0.630170703489267
Cap,neither,0.03945320844208391,0.33037608806864915,0.630170703489267
no team BibleThump,neither,0.03812218532775818,0.3529670240122803,0.6089107906599616
how are your pups?,neither,0.22165366023346297,0.2157083498562789,0.562637989910258
"Stikki_Lawndart subscribed at Tier 1. They've subscribed for 71 months, currently on a 71 month streak! warcha1Lawndart warcha1Lawndart warcha1Lawndart warcha1Lawndart",neither,0.02239512321462605,0.3238220280209259,0.653782848764448
Ninj you subbed 84 months to yourself POG,neither,0.060731005016890854,0.365700052442292,0.5735689425408173
"measan1 subscribed with Twitch Prime. They've subscribed for 5 months, currently on a 5 month streak!",neither,0.020161301589277043,0.3305963852590941,0.6492423131516288
widepeepoHappy Lets ninjaJam,neither,0.0381375099945381,0.3527069244228318,0.6091555655826302
ninjaCreep ninjaTooth,neither,0.03945320844208391,0.33037608806864915,0.630170703489267
its all teamwork so youll be a god at it when you do find a team,neither,0.04210516648344189,0.44295894363593663,0.5149358898806214
I really hope that Fortnite ends after Season 10,neither,0.06168198334014163,0.27287566443404054,0.6654423522258177
ninjaGold ninjaGold ninjaGold,neither,0.03945320844208391,0.33037608806864915,0.630170703489267
ninjaGold ninjaGold ninjaGold ninjaGold ninjaGold ninjaGold ninjaGold ninjaGold ninjaGold 71 YEARS,neither,0.03945320844208391,0.33037608806864915,0.630170703489267
@xem_wolbx morning ninjaJam,neither,0.05283876784042269,0.1031882115525248,0.8439730206070525
"Good morning, Dad @ninja ninjaHi ninjaH jgoHi jgoH",neither,0.045921061467933004,0.20958869862332355,0.7444902399087434
can i pls have that omega moonman,neither,0.03501379584875962,0.38047158329380015,0.5845146208574402
!song,neither,0.038601720699969956,0.3448280572582511,0.616570222041779
https://www.shazam.com/,neither,0.03945320844208391,0.33037608806864915,0.630170703489267
Gooooood morning beautiful,neither,0.04941723913821398,0.16126048310736468,0.7893222777544213
tlchapLOVE,neither,0.03945320844208391,0.33037608806864915,0.630170703489267
"@Ninja People are Saying, The Orb will take us back in time to the old map. that's what everyones ranting about.",neither,0.08557394639152054,0.3150515438735606,0.5993745097349188
greekGordo greekGordo greekGordo greekGordo greekGordo,neither,0.03945320844208391,0.33037608806864915,0.630170703489267
@chap good morning,neither,0.04970930963283925,0.13564577574880146,0.8146449146183593
Wow,neither,0.03945320844208391,0.33037608806864915,0.630170703489267
ninjaGold ninjaGold ninjaGold ninjaGold ninjaGold ninjaGold ninjaGold ninjaGold ninjaGold ninjaChug ninjaChug ninjaGold ninjaGold ninjaChug ninjaChug,neither,0.03945320844208391,0.33037608806864915,0.630170703489267
PagChomp BARB,neither,0.03945320844208391,0.33037608806864915,0.630170703489267
ninjaGold ninjaGold ninjaGold ninjaGold ninjaGold ninjaGold,neither,0.03945320844208391,0.33037608806864915,0.630170703489267
what up,neither,0.04549209283961305,0.43877665191533993,0.5157312552450469
ninjaPon,neither,0.03945320844208391,0.33037608806864915,0.630170703489267
ninjaPon,neither,0.03945320844208391,0.33037608806864915,0.630170703489267
ninjaGold ninjaGold ninjaGold ninjaGold ninjaGold,neither,0.03945320844208391,0.33037608806864915,0.630170703489267
ninjaGold ninjaGold ninjaGold ninjaGold ninjaGold ninjaGold ninjaGold,neither,0.03945320844208391,0.33037608806864915,0.630170703489267
is chap playing with 72hrs and vivid?,neither,0.03269194477721116,0.3238269916323553,0.6434810635904336
ninjaGold ninjaGold ninjaGold ninjaGold ninjaGold ninjaGold ninjaGold ninjaGold ninjaGold ninjaGold ninjaGold ninjaGold ninjaGold ninjaGold ninjaGold ninjaGold ninjaGold ninjaGold ninjaGold ninjaGold ninjaGold ninjaGold,neither,0.03945320844208391,0.33037608806864915,0.630170703489267
ninjaGold ninjaGold ninjaGold ninjaGold ninjaGold ninjaGold ninjaGold,neither,0.03945320844208391,0.33037608806864915,0.630170703489267
branlaj subscribed at Tier 1. They've subscribed for 10 months!,neither,0.019835851488809408,0.31342495940271037,0.6667391891084803
PogYou XEM,neither,0.03945320844208391,0.33037608806864915,0.630170703489267
ninjaPon ninjaPon,neither,0.03945320844208391,0.33037608806864915,0.630170703489267
ninjaGold ninjaGold ninjaGold,neither,0.03945320844208391,0.33037608806864915,0.630170703489267
ninjaGold ninjaGold ninjaGold ninjaGold ninjaGold ninjaGold ninjaGold ninjaGold ninjaGold,neither,0.03945320844208391,0.33037608806864915,0.630170703489267
ninjaGold ninjaGold ninjaGold ninjaGold ninjaGold,neither,0.03945320844208391,0.33037608806864915,0.630170703489267
!uptime,neither,0.03945320844208391,0.33037608806864915,0.630170703489267
ninjaGold ninjaGold,neither,0.03945320844208391,0.33037608806864915,0.630170703489267
Ninja has been streaming for 8 minutes 16 seconds,neither,0.035943709237537896,0.31185141891913704,0.652204871843325
ninjaGold ninjaGold ninjaGold ninjaGold ninjaGold ninjaChug ninjaChug ninjaChug ninjaChug,neither,0.03945320844208391,0.33037608806864915,0.630170703489267
ninjaGold ninjaGold ninjaGold ninjaGold ninjaGold,neither,0.03945320844208391,0.33037608806864915,0.630170703489267
ninjaGold ninjaGold ninjaGold ninjaGold ninjaGold ninjaGold ninjaGold ninjaGold ninjaGold ninjaGold ninjaGold ninjaGold ninjaGold,neither,0.03945320844208391,0.33037608806864915,0.630170703489267
ninjaGold ninjaGold ninjaGold ninjaGold ninjaGold ninjaGold ninjaGold ninjaGold ninjaGold ninjaGold,neither,0.03945320844208391,0.33037608806864915,0.630170703489267
Hi all ninjaHi,neither,0.0423466876598404,0.4436528871510691,0.5140004251890904
ninjaGold ninjaGold ninjaGold,neither,0.03945320844208391,0.33037608806864915,0.630170703489267
ninjaGold ninjaGold ninjaGold ninjaGold ninjaGold ninjaGold ninjaGold ninjaGold ninjaGold ninjaGold,neither,0.03945320844208391,0.33037608806864915,0.630170703489267
ninjaGold ninjaGold ninjaGold,neither,0.03945320844208391,0.33037608806864915,0.630170703489267
ninjaGold ninjaGold ninjaGold ninjaGold ninjaGold ninjaGold ninjaGold,neither,0.03945320844208391,0.33037608806864915,0.630170703489267
ninjaGold ninjaGold ninjaGold ninjaGold ninjaGold ninjaGold ninjaGold ninjaGold ninjaGold ninjaGold ninjaGold ninjaGold,neither,0.03945320844208391,0.33037608806864915,0.630170703489267
ninjaPon ninjaPon,neither,0.03945320844208391,0.33037608806864915,0.630170703489267
ninjaGold ninjaGold ninjaGold ninjaGold ninjaGold ninjaGold ninjaGold ninjaGold ninjaGold,neither,0.03945320844208391,0.33037608806864915,0.630170703489267
ninjaGold ninjaGold ninjaGold ninjaGold ninjaGold ninjaGold ninjaGold ninjaGold ninjaGold ninjaGold ninjaGold,neither,0.03945320844208391,0.33037608806864915,0.630170703489267
ninjaGold ninjaGold ninjaGold ninjaGold ninjaGold ninjaGold ninjaGold ninjaGold ninjaGold ninjaChug ninjaChug ninjaChug ninjaChug ninjaChug ninjaChug ninjaChug ninjaChug ninjaChug ninjaChug ninjaChug ninjaChug ninjaChug,neither,0.03945320844208391,0.33037608806864915,0.630170703489267
ninjaGold ninjaGold ninjaGold ninjaGold ninjaGold ninjaGold ninjaGold ninjaGold ninjaGold ninjaGold ninjaGold ninjaGold ninjaGold ninjaGold,neither,0.03945320844208391,0.33037608806864915,0.630170703489267
ninjaGold ninjaGold ninjaGold ninjaGold ninjaGold,neither,0.03945320844208391,0.33037608806864915,0.630170703489267
ninjaGold ninjaGold ninjaGold ninjaGold ninjaGold ninjaGold ninjaGold ninjaGold ninjaGold ninjaGold ninjaGold ninjaGold ninjaGold ninjaGold ninjaGold ninjaGold ninjaGold ninjaGold ninjaGold ninjaGold ninjaGold ninjaGold ninjaGold,neither,0.03945320844208391,0.33037608806864915,0.630170703489267
Oof,neither,0.03945320844208391,0.33037608806864915,0.630170703489267
ninjaGold ninjaGold ninjaGold ninjaGold ninjaGold ninjaGold ninjaGold ninjaGold ninjaGold ninjaGold ninjaGold ninjaGold ninjaGold ninjaGold ninjaGold ninjaGold ninjaGold ninjaGold ninjaGold ninjaGold ninjaGold ninjaGold ninjaGold ninjaGold ninjaGold ninjaGold,neither,0.03945320844208391,0.33037608806864915,0.630170703489267
ninjaGold,neither,0.03945320844208391,0.33037608806864915,0.630170703489267
ninjaGold ninjaGold ninjaGold ninjaGold,neither,0.03945320844208391,0.33037608806864915,0.630170703489267
im hyped for season 10,neither,0.03408739567990953,0.3281896423279011,0.6377229619921894
ninjaGold ninjaGold ninjaGold ninjaGold ninjaGold,neither,0.03945320844208391,0.33037608806864915,0.630170703489267
FortOne FortOne FortOne FortOne FortOne,neither,0.03945320844208391,0.33037608806864915,0.630170703489267
21 :),neither,0.03945320844208391,0.33037608806864915,0.630170703489267
@stikki_lawndart Hii ninjaHi,neither,0.03945320844208391,0.33037608806864915,0.630170703489267
lupoNINJA,neither,0.03945320844208391,0.33037608806864915,0.630170703489267
Morning,neither,0.05283876784042269,0.1031882115525248,0.8439730206070525
FortOne FortOne FortOne FortOne FortOne FortOne FortOne FortOne FortOne FortOne FortOne FortOne FortOne FortOne FortOne FortOne FortOne FortOne,neither,0.03945320844208391,0.33037608806864915,0.630170703489267
ninjaHype ninjaHype ninjaHype ninjaHype,neither,0.03945320844208391,0.33037608806864915,0.630170703489267
ninjaGold ninjaGold ninjaGold ninjaGold ninjaGold ninjaGold ninjaGold ninjaGold ninjaGold ninjaGold ninjaGold ninjaGold ninjaGold ninjaGold ninjaGold ninjaGold ninjaGold ninjaGold ninjaGold ninjaGold ninjaGold ninjaGold ninjaGold ninjaGold ninjaGold ninjaGold,neither,0.03945320844208391,0.33037608806864915,0.630170703489267
mornin Mitch ninjaH,neither,0.03945320844208391,0.33037608806864915,0.630170703489267
ninjaGold ninjaGold ninjaGold ninjaGold ninjaGold ninjaGold ninjaGold ninjaGold ninjaGold,neither,0.03945320844208391,0.33037608806864915,0.630170703489267
@iTz_26 morning,neither,0.05283876784042269,0.1031882115525248,0.8439730206070525
ninjaPog ninjaPog ninjaPog,neither,0.03945320844208391,0.33037608806864915,0.630170703489267
there is a website that tells u where the ones u need are,neither,0.06114503543353521,0.26353989986247606,0.6753150647039887
Crackshot cabin small house in the snow!,neither,0.038637604974059686,0.3154907808026059,0.6458716142233344
ninjaGold ninjaGold ninjaGold ninjaGold ninjaGold ninjaGold ninjaGold ninjaGold ninjaGold ninjaChug ninjaChug ninjaChug ninjaChug ninjaGold,neither,0.03945320844208391,0.33037608806864915,0.630170703489267
mitchTTVbtw,neither,0.03945320844208391,0.33037608806864915,0.630170703489267
RoBBins0096 subscribed with Twitch Prime. They've subscribed for 28 months!,neither,0.018766382747298516,0.32334345672772463,0.6578901605249768
jordan was using it,neither,0.034118902978125885,0.39913103186923293,0.5667500651526411
i missed ninj,neither,0.03945320844208391,0.33037608806864915,0.630170703489267
Gattu wants to know your location,neither,0.08105838376224864,0.3165367690518689,0.6024048471858824
Crackshot is the Christmas tree house,neither,0.04607222627244294,0.31308504286763056,0.6408427308599264
Crack shot cabin is house with christmas tree @Ninja,neither,0.03668277947065998,0.3521977265423144,0.6111194939870257
ninjaGold ninjaGold ninjaGold ninjaGold ninjaGold ninjaGold ninjaGold ninjaGold ninjaGold ninjaGold ninjaGold ninjaGold ninjaGold ninjaGold ninjaGold ninjaGold ninjaGold ninjaGold ninjaGold ninjaGold ninjaGold ninjaGold ninjaGold ninjaGold ninjaGold ninjaGold ninjaGold ninjaGold ninjaGold ninjaGold ninjaGold ninjaGold ninjaGold ninjaGold ninjaGold ninjaGold ninjaGold,neither,0.03945320844208391,0.33037608806864915,0.630170703489267
ninjaBlast1 ninjaBlast2 ninjaBlast3 ninjaBomb,neither,0.03945320844208391,0.33037608806864915,0.630170703489267
theres no laws when ya drinking claws,offensive_language,0.02480384886044006,0.5216137939577495,0.4535823571818105
morning ninj,neither,0.05283876784042269,0.1031882115525248,0.8439730206070525
ninjaHi ninjaHi ninjaHi,neither,0.03945320844208391,0.33037608806864915,0.630170703489267
@ninja instagram story the stream,neither,0.037725633929970116,0.3372114157895859,0.625062950280444
@Ninja Lupo went LuposHyper last night on Dark Mode,neither,0.032866907403702975,0.3390172903736584,0.6281158022226386
ninjaPopcorn ninjaPopcorn ninjaPopcorn ninjaPopcorn ninjaPopcorn,neither,0.03945320844208391,0.33037608806864915,0.630170703489267
ninjaCreep ninjaCreep ninjaCreep ninjaCreep,neither,0.03945320844208391,0.33037608806864915,0.630170703489267
pepeJAM,neither,0.03945320844208391,0.33037608806864915,0.630170703489267
PagChomp Challenges w/Mitch,neither,0.03945320844208391,0.33037608806864915,0.630170703489267
ninjaIQ ninjaIQ ninjaFan ninjaFan ninjaFan ninjaFan ninjaFan ninjaFan,neither,0.03945320844208391,0.33037608806864915,0.630170703489267
ninjaIQ ninjaFan ninjaIQ ninjaFan ninjaIQ ninjaFan ninjaIQ ninjaFan ninjaBush ninjaBush ninjaBush ninjaBush,neither,0.03945320844208391,0.33037608806864915,0.630170703489267
This skin fire,neither,0.03934698171300897,0.3321790328907224,0.6284739853962686
@Ninja when are you coming out to nyc?,neither,0.06518559481121763,0.3779347262470177,0.5568796789417646
ninjaShield ninjaShield ninjaShield ninjaShield ninjaShield,neither,0.03945320844208391,0.33037608806864915,0.630170703489267
ninjaRed ninjaRed ninjaBand,neither,0.03945320844208391,0.33037608806864915,0.630170703489267
"hey @ninja my sons 12th birthday is today, his name is Jayden and he can't wait to get your book!",neither,0.07701201381792729,0.33114741340388065,0.591840572778192
ninjaCreep,neither,0.03945320844208391,0.33037608806864915,0.630170703489267
ninjaCreep ninjaCreep ninjaCreep ninjaCreep ninjaCRINJA ninjaCreep ninjaCRINJA ninjaCreep ninjaCRINJA ninjaCreep ninjaCreep ninjaCreep ninjaCRINJA ninjaCRINJA ninjaCreep ninjaCRINJA ninjaCreep ninjaCRINJA ninjaCreep ninjaCRINJA ninjaCreep ninjaCRINJA ninjaCreep ninjaCRINJA ninjaCreep,neither,0.03945320844208391,0.33037608806864915,0.630170703489267
@Ninja Love you <3,neither,0.055614303534325615,0.40605032358192344,0.538335372883751
@ninja did you know you can’t dream and snore at the same time,neither,0.06182068262287908,0.38649477895790135,0.5516845384192195
in the garage basement,neither,0.03867291625757039,0.316149006167538,0.6451780775748917
@toxic_honeybadger Happy Birthday to Him!,neither,0.04724222598830737,0.32842679220431936,0.6243309818073732
ninjaPopcorn ninjaPopcorn ninjaPopcorn ninjaPopcorn ninjaPopcorn ninjaHi,neither,0.03945320844208391,0.33037608806864915,0.630170703489267
rumble is ez pz to get challenges donw,neither,0.052166622114632064,0.33177305381155753,0.6160603240738104
Fortbyte in the basement,neither,0.03838385875077854,0.31071663665564264,0.6508995045935788
i,neither,0.03945320844208391,0.33037608806864915,0.630170703489267
,neither,0.03945320844208391,0.33037608806864915,0.630170703489267
today marks the year anniversary one of my friends passed away ninjaH glad to see so much positivity this morning :),neither,0.037600847108597193,0.31115710331232854,0.6512420495790743
Hey I forgot i can talk in your chat now that im a sub @Ninja,neither,0.03905423463549723,0.3723234037303281,0.5886223616341747
thanks @jennaaa_,neither,0.035884468650613,0.3004919205142699,0.6636236108351171
@gravityxi_ 100% @ninja,neither,0.03945320844208391,0.33037608806864915,0.630170703489267
in the basement,neither,0.03838385875077854,0.31071663665564264,0.6508995045935788
fortbyte in basement,neither,0.03945320844208391,0.33037608806864915,0.630170703489267
blinkiebill1619 subscribed with Twitch Prime.,neither,0.030186173588972614,0.3621416721941929,0.6076721542168345
gday everyone,offensive_language,0.02988896790634741,0.4927062106388782,0.4774048214547744
"@Ninja can you do Michael Jacksons ""HEE HEE"" ninjaPog",neither,0.05695178616785199,0.36884379252313265,0.5742044213090154
hfgnuketown subscribed with Twitch Prime.,neither,0.030186173588972614,0.3621416721941929,0.6076721542168345
slurppp,neither,0.03945320844208391,0.33037608806864915,0.630170703489267
I love this stream,neither,0.036216690539557936,0.3467758508576156,0.6170074586028266
it a lit skin haha,neither,0.03433654706624472,0.39696864006816784,0.5686948128655874
LULW,neither,0.03945320844208391,0.33037608806864915,0.630170703489267
LULW,neither,0.03945320844208391,0.33037608806864915,0.630170703489267
what have you been watching tyler?,neither,0.060048453689777646,0.3822980976295066,0.5576534486807155
My new keyboard is coming tomorrow i'm so hyped!!!!,neither,0.03872597700577525,0.3550474549016192,0.6062265680926056
Did you know you can’t dream and snore at the same time @ninja the more you know,neither,0.07190105969343505,0.39015881788263307,0.5379401224239319
