text,top_class,hate_speech,offensive_language,neither
daddyyyyy,neither,0.03945320844208391,0.33037608806864915,0.630170703489267
PogChamp,neither,0.03945320844208391,0.33037608806864915,0.630170703489267
dadddy stop!!,offensive_language,0.03955985943432937,0.5175432020074249,0.44289693855824575
how’s it going chat,neither,0.036246840421772425,0.36051521122083924,0.6032379483573883
it feels so good,neither,0.037051676712225194,0.3843951867141152,0.5785531365736596
lol,neither,0.020706217963973744,0.4882283491876925,0.4910654328483337
Kreygasm Kreygasm Kreygasm,neither,0.03945320844208391,0.33037608806864915,0.630170703489267
hello,neither,0.03945320844208391,0.33037608806864915,0.630170703489267
ninjaHi ninjaHi ninjaHi ninjaH,neither,0.03945320844208391,0.33037608806864915,0.630170703489267
hello,neither,0.03945320844208391,0.33037608806864915,0.630170703489267
Ninja,neither,0.03945320844208391,0.33037608806864915,0.630170703489267
hello,neither,0.03945320844208391,0.33037608806864915,0.630170703489267
been a while,neither,0.038957763204331974,0.3387850867623352,0.6222571500333328
ninjaBlast1 ninjaBlast2 ninjaBlast3 ninjaBlast3 ninjaBlast3 ninjaBlast3,neither,0.03945320844208391,0.33037608806864915,0.630170703489267
someone say hi to me,neither,0.03793256299495818,0.3677219047869909,0.5943455322180509
YOOOO,neither,0.03945320844208391,0.33037608806864915,0.630170703489267
noti gang TriHard,neither,0.03945320844208391,0.33037608806864915,0.630170703489267
Hi,neither,0.03945320844208391,0.33037608806864915,0.630170703489267
@svgekicks hi,neither,0.03945320844208391,0.33037608806864915,0.630170703489267
sup kicks,neither,0.03945320844208391,0.33037608806864915,0.630170703489267
Hello ninja,neither,0.03945320844208391,0.33037608806864915,0.630170703489267
hi ninjaCRINJA,neither,0.03945320844208391,0.33037608806864915,0.630170703489267
whatsup yall,neither,0.03639464868045676,0.3822878294283694,0.5813175218911739
marshmallow pog,neither,0.03945320844208391,0.33037608806864915,0.630170703489267
i hear papi ninjaAmazing,neither,0.03945320844208391,0.33037608806864915,0.630170703489267
Kappa Kappa Kappa Kappa Kappa,neither,0.03945320844208391,0.33037608806864915,0.630170703489267
AYEEE wolfLove ninjaHi,neither,0.03945320844208391,0.33037608806864915,0.630170703489267
1st,neither,0.03945320844208391,0.33037608806864915,0.630170703489267
Ayyyyy ninjaPog,neither,0.03945320844208391,0.33037608806864915,0.630170703489267
Yoooooo,neither,0.03945320844208391,0.33037608806864915,0.630170703489267
lupoCREEP,neither,0.03945320844208391,0.33037608806864915,0.630170703489267
NotLikeThis,neither,0.03945320844208391,0.33037608806864915,0.630170703489267
1st,neither,0.03945320844208391,0.33037608806864915,0.630170703489267
ninjaCreep ninjaCreep ninjaCreep,neither,0.03945320844208391,0.33037608806864915,0.630170703489267
2nd,neither,0.03945320844208391,0.33037608806864915,0.630170703489267
ninjaTube ninjaTube ninjaTube ninjaTube ninjaTube ninjaTube ninjaTube ninjaTube ninjaTube ninjaTube ninjaTube ninjaTube ninjaTube ninjaTube ninjaTube ninjaTube ninjaTube ninjaTube ninjaTube ninjaTube ninjaTube ninjaTube ninjaTube ninjaTube ninjaTube ninjaTube ninjaTube ninjaTube ninjaTube ninjaTube ninjaTube ninjaTube ninjaTube ninjaTube ninjaTube ninjaTube ninjaTube ninjaTube ninjaTube ninjaTube ninjaTube ninjaTube,neither,0.03945320844208391,0.33037608806864915,0.630170703489267
ayyy marshmello,neither,0.03945320844208391,0.33037608806864915,0.630170703489267
Yoooooo,neither,0.03945320844208391,0.33037608806864915,0.630170703489267
love me papa ninjaCry,neither,0.02889475963879178,0.38780047188356703,0.5833047684776411
Loo,neither,0.03945320844208391,0.33037608806864915,0.630170703489267
Hi ninjaBits,neither,0.03945320844208391,0.33037608806864915,0.630170703489267
hello god,neither,0.03945320844208391,0.33037608806864915,0.630170703489267
ninja,neither,0.03945320844208391,0.33037608806864915,0.630170703489267
ninjaCreep ninjaCreep ninjaCreep ninjaCreep ninjaCreep doctorYAYA doctorYAYA doctorYAYA,neither,0.03945320844208391,0.33037608806864915,0.630170703489267
Lets Gooo ninjaHype,neither,0.03868305123800957,0.34344766577192837,0.6178692829900622
The Official Game Play Headband of Ninja now available! https://win.gs/NinjaHeadband,neither,0.03867893930019313,0.30170028441635893,0.659620776283448
ninjaCreep ninjaCreep ninjaCreep,neither,0.03945320844208391,0.33037608806864915,0.630170703489267
tjkelley69 subscribed with Twitch Prime. They've subscribed for 32 months!,neither,0.01882285416758071,0.3233602496392159,0.6578168961932034
ninjaBlast1 ninjaBlast2 ninjaBlast3 ninjaSplode,neither,0.03945320844208391,0.33037608806864915,0.630170703489267
cloakFaze,neither,0.03945320844208391,0.33037608806864915,0.630170703489267
cbrownjr24 converted from a Twitch Prime sub to a Tier 1 sub!,neither,0.043404596088905956,0.3191712663656506,0.6374241375454435
LETS GO,neither,0.039984317429425154,0.35542799280679366,0.6045876897637812
SENPAIIIIIIIIIIIIIIIIIII @Ninja,neither,0.03945320844208391,0.33037608806864915,0.630170703489267
brooke15Lick ninjaAmazing,neither,0.03945320844208391,0.33037608806864915,0.630170703489267
lets gooooooo!!!!!!,neither,0.0381375099945381,0.3527069244228318,0.6091555655826302
absolutejoe29 subscribed with Twitch Prime.,neither,0.030186173588972614,0.3621416721941929,0.6076721542168345
hi ninya,neither,0.03945320844208391,0.33037608806864915,0.630170703489267
has ninja ever played zone wars?,neither,0.039718530281000725,0.3258728840274086,0.6344085856915908
Afternoon,neither,0.03945320844208391,0.33037608806864915,0.630170703489267
ninja,neither,0.03945320844208391,0.33037608806864915,0.630170703489267
3 2 1 ITS GAME TIMEEEEEEEE,neither,0.029665656346515596,0.2700598910129799,0.7002744526405045
LLETSSS GOOOO,neither,0.03945320844208391,0.33037608806864915,0.630170703489267
hi ninja hope your having a good dayb,neither,0.10490271391894267,0.2298981693976036,0.6651991166834538
hi ninja and chat,neither,0.03878738711589758,0.29724889540544175,0.6639637174786607
courageHEART courageHEART courageHEART,neither,0.03945320844208391,0.33037608806864915,0.630170703489267
Let’s get it!!,neither,0.01620600571974137,0.39767167536199827,0.5861223189182604
Here we go mcatLit,neither,0.13156755280784707,0.2765461283225309,0.5918863188696221
GAMING TIME,neither,0.038173762391091964,0.3520916266420968,0.6097346109668113
yay,neither,0.03945320844208391,0.33037608806864915,0.630170703489267
fball15 subscribed with Twitch Prime. They've subscribed for 11 months!,neither,0.01819233148295946,0.323175542712437,0.6586321258046036
ninjaHi ninjaHi ninjaHi ninjaHi ninjaHi,neither,0.03945320844208391,0.33037608806864915,0.630170703489267
MasterSteve117 subscribed with Twitch Prime. They've subscribed for 10 months! <3,neither,0.01797585316727558,0.3231136230633543,0.6589105237693702
3...2...1 MrDestructoid,neither,0.03945320844208391,0.33037608806864915,0.630170703489267
What up Ninja,neither,0.0424860282095962,0.3861250105635327,0.5713889612268711
WIN 2 times in a fing row ninja,neither,0.03945320844208391,0.33037608806864915,0.630170703489267
ITS GAME TIME Pog,neither,0.029882761249500213,0.30431233079982395,0.6658049079506758
ninjaAww ninjaAww ninjaAww ninjaAww ninjaAww ninjaAww,neither,0.03945320844208391,0.33037608806864915,0.630170703489267
ninyaaaaa live,neither,0.04891340716200846,0.3271222919257548,0.6239643009122369
PogChamp PogChamp PogChamp PogChamp PogChamp PogChamp PogChamp PogChamp,neither,0.03945320844208391,0.33037608806864915,0.630170703489267
With marsh,neither,0.027686866552126148,0.3719273338417147,0.6003857996061591
ninjaCreep ninjaCreep ninjaCreep,neither,0.03945320844208391,0.33037608806864915,0.630170703489267
Hello beautiful chat!,neither,0.03945320844208391,0.33037608806864915,0.630170703489267
1st ninjaCreep ninjaCreep,neither,0.03945320844208391,0.33037608806864915,0.630170703489267
Pog,neither,0.03945320844208391,0.33037608806864915,0.630170703489267
Its game time,neither,0.029882761249500213,0.30431233079982395,0.6658049079506758
Ninja yaay,neither,0.03945320844208391,0.33037608806864915,0.630170703489267
Game Time,neither,0.036831986904325216,0.29642753231080715,0.6667404807848678
ninjaFire ninjaFire ninjaFire ninjaFire ninjaFire ninjaFire ninjaFire,neither,0.03945320844208391,0.33037608806864915,0.630170703489267
ninjaDance ninjaDance ninjaDance ninjaDance ninjaDance,neither,0.03945320844208391,0.33037608806864915,0.630170703489267
goooooo,neither,0.03945320844208391,0.33037608806864915,0.630170703489267
t_warne subscribed with Twitch Prime. They've subscribed for 13 months!,neither,0.018395409525177608,0.3232343455971076,0.6583702448777148
Poggers,neither,0.03945320844208391,0.33037608806864915,0.630170703489267
tatHype tatHype tatHype tatHype tatHype,neither,0.03945320844208391,0.33037608806864915,0.630170703489267
ninjaBlast1 ninjaBlast2 ninjaBlast3 ninjaBlast3,neither,0.03945320844208391,0.33037608806864915,0.630170703489267
HEWOOOO @Ninja,neither,0.03945320844208391,0.33037608806864915,0.630170703489267
i love you so much ninja you are my inspiration,offensive_language,0.06880149677806037,0.49038763120245393,0.4408108720194856
ninjaAmazing ninjaAmazing ninjaAmazing ninjaAmazing ninjaAmazing ninjaAmazing,neither,0.03945320844208391,0.33037608806864915,0.630170703489267
Lawless509 subscribed at Tier 1. They've subscribed for 12 months!,neither,0.02016097560497243,0.31371466741422877,0.6661243569807987
Yay ninjaHype ninjaHype ninjaHype ninjaHype ninjaFan ninjaFan ninjaFan,neither,0.03945320844208391,0.33037608806864915,0.630170703489267
"DRM800 subscribed with Twitch Prime. They've subscribed for 2 months, currently on a 2 month streak!",neither,0.020161301589277043,0.3305963852590941,0.6492423131516288
ninjaPon ninjaPon,neither,0.03945320844208391,0.33037608806864915,0.630170703489267
ninjaPon,neither,0.03945320844208391,0.33037608806864915,0.630170703489267
xpertboy15567 subscribed with Twitch Prime.,neither,0.030186173588972614,0.3621416721941929,0.6076721542168345
cbrownjr24 subscribed with Twitch Prime. They've subscribed for 12 months!,neither,0.018231540648681904,0.323186843011016,0.6585816163403021
ninjaChocobo,neither,0.03945320844208391,0.33037608806864915,0.630170703489267
WaterLife subscribed with Twitch Prime. They've subscribed for 9 months! <3,neither,0.017135853092050617,0.3228815153557895,0.6599826315521599
Pro am!,neither,0.03921583751415698,0.33045773081555013,0.6303264316702929
ninjaPon ninjaPon ninjaPon ninjaPon ninjaPon,neither,0.03945320844208391,0.33037608806864915,0.630170703489267
POPPPAAAAAA,neither,0.03945320844208391,0.33037608806864915,0.630170703489267
lupoDAB lupoDAB,neither,0.03945320844208391,0.33037608806864915,0.630170703489267
HI CHAT AND NINJ :),neither,0.03863526317308681,0.28882630585265934,0.6725384309742539
Proam!,neither,0.03945320844208391,0.33037608806864915,0.630170703489267
Yoooo ninyyyaaaaaaaa,neither,0.03945320844208391,0.33037608806864915,0.630170703489267
hi,neither,0.03945320844208391,0.33037608806864915,0.630170703489267
"slyyy123 subscribed with Twitch Prime. They've subscribed for 3 months, currently on a 1 month streak!",neither,0.020161301589277043,0.3305963852590941,0.6492423131516288
Lmao Bananan,neither,0.03705015143476208,0.3711622369619404,0.5917876116032975
As well What’s up chat,neither,0.039883019818707684,0.4098812588607501,0.5502357213205422
<3,neither,0.03945320844208391,0.33037608806864915,0.630170703489267
Pro am!,neither,0.03921583751415698,0.33045773081555013,0.6303264316702929
MoondyxR subscribed with Twitch Prime. They've subscribed for 13 months!,neither,0.018395409525177608,0.3232343455971076,0.6583702448777148
ninjaCreep lupoDERP loeyaNope burieSmile courageKAPPA fishfamCollar,neither,0.03945320844208391,0.33037608806864915,0.630170703489267
"blangen15 subscribed with Twitch Prime. They've subscribed for 7 months, currently on a 1 month streak!",neither,0.020161301589277043,0.3305963852590941,0.6492423131516288
is the steam delayed or na,neither,0.045586282394476006,0.3142305819801242,0.6401831356253997
Hope everyone is having a great afternoon,neither,0.0666435289007938,0.3021617867369608,0.6311946843622454
Easy win i would say,neither,0.03881495762392053,0.32503145788930715,0.6361535844867722
PogChamp,neither,0.03945320844208391,0.33037608806864915,0.630170703489267
yeah,offensive_language,0.013968601452186464,0.5182923869769311,0.4677390115708824
ninjaPon Pon pon,neither,0.03945320844208391,0.33037608806864915,0.630170703489267
ninjaPon,neither,0.03945320844208391,0.33037608806864915,0.630170703489267
chat what song is this?,neither,0.053662100734691916,0.33229002467746926,0.6140478745878387
,neither,0.03945320844208391,0.33037608806864915,0.630170703489267
ninjaBlast1 ninjaBlast2 ninjaBlast3,neither,0.03945320844208391,0.33037608806864915,0.630170703489267
what music are you listening to ninj??,neither,0.11956412607211177,0.31372172801258835,0.5667141459153
pon pon,neither,0.03945320844208391,0.33037608806864915,0.630170703489267
stream delayed,neither,0.03945320844208391,0.33037608806864915,0.630170703489267
Marshmello,neither,0.03945320844208391,0.33037608806864915,0.630170703489267
sir ninj,neither,0.03945320844208391,0.33037608806864915,0.630170703489267
@smartypantsdebbie -> You're on my naughty list. [stop posting links] [warning],neither,0.04892928446304938,0.4481658775826173,0.5029048379543334
?,neither,0.03945320844208391,0.33037608806864915,0.630170703489267
ninjaBlast1 ninjaBlast2 ninjaBlast3 ninjaBlood ninjaBlood,neither,0.03945320844208391,0.33037608806864915,0.630170703489267
@notorious_okn sickick infected,neither,0.03945320844208391,0.33037608806864915,0.630170703489267
@Ninja Ty how do you like the new mouse so far?,neither,0.061238491918333554,0.327845280577298,0.6109162275043686
We thoominnnnn TriHard,neither,0.039025862747262004,0.3376292597931679,0.6233448774595702
ninjaCash ninjaCash,neither,0.03945320844208391,0.33037608806864915,0.630170703489267
fluxcptndavey subscribed at Tier 1.,neither,0.03853807016957085,0.358210604756348,0.6032513250740811
@ninja what’s up brooooo,neither,0.04162216377700178,0.3704548506626136,0.5879229855603846
Ayyyyyyy,neither,0.03945320844208391,0.33037608806864915,0.630170703489267
!mouse,neither,0.03945320844208391,0.33037608806864915,0.630170703489267
Final Mouse Air58 Ninja -- finalmouse.com/collections/all,neither,0.04048823419009129,0.3730814186234733,0.5864303471864354
What’s up Ninja!!,neither,0.0424860282095962,0.3861250105635327,0.5713889612268711
Hey What's up,neither,0.0433431907507055,0.40145735541964916,0.5551994538296453
Hope you’re having a great afternoon @ninja,neither,0.10062820512548255,0.23541795866956225,0.6639538362049553
hi ninja,neither,0.03945320844208391,0.33037608806864915,0.630170703489267
whats the new mouse?,neither,0.04184462275884134,0.2349183677363645,0.7232370095047941
"NINJAAAA, HI. YOU BEAUTIFUL HUMAN",neither,0.2367626800310591,0.19920944557460515,0.5640278743943358
"@ninja I just subbed, what's up man.",neither,0.037906861716184063,0.43284171866606125,0.5292514196177548
Song,neither,0.038601720699969956,0.3448280572582511,0.616570222041779
How’s everyone’s day chat!? courageHEART ninjaHi,neither,0.03417227145483698,0.41476692040641033,0.5510608081387527
<3 <3 <3 <3,neither,0.03945320844208391,0.33037608806864915,0.630170703489267
ninjaCreep ninjaCreep ninjaCreep,neither,0.03945320844208391,0.33037608806864915,0.630170703489267
tppowerGreen tppowerGreen tppowerGreen,neither,0.03945320844208391,0.33037608806864915,0.630170703489267
Kreygasm Kreygasm Kreygasm Kreygasm Kreygasm Kreygasm Kreygasm Kreygasm Kreygasm NotLikeThis NotLikeThis NotLikeThis NotLikeThis Kreygasm Kreygasm,neither,0.03945320844208391,0.33037608806864915,0.630170703489267
@jennaaa_ Awesome! Hbu? :),neither,0.03945320844208391,0.33037608806864915,0.630170703489267
Letsgoooo,neither,0.03945320844208391,0.33037608806864915,0.630170703489267
@Ninja Ty you like the new mouse so far?,neither,0.06131985606694862,0.32826553639035655,0.6104146075426948
<3 <3 <3 <3 <3 <3 ninjaClap ninjaClap ninjaClap HeyGuys HeyGuys,neither,0.03945320844208391,0.33037608806864915,0.630170703489267
subcount climbingggg,neither,0.03945320844208391,0.33037608806864915,0.630170703489267
hello,neither,0.03945320844208391,0.33037608806864915,0.630170703489267
Hi @ienstein,neither,0.03945320844208391,0.33037608806864915,0.630170703489267
@ienstein Pretty Good!,neither,0.03844611870661283,0.33072247240938424,0.6308314088840029
love you bro,neither,0.06227086322717836,0.43472532052579627,0.5030038162470254
!subcount,neither,0.03945320844208391,0.33037608806864915,0.630170703489267
ebruy35 subscribed with Twitch Prime. They've subscribed for 14 months!,neither,0.01847321566222609,0.32325705232198204,0.6582697320157919
ninjaCreep hey chat,neither,0.03945320844208391,0.33037608806864915,0.630170703489267
18663 people are currently subscribed.,neither,0.13139136992445935,0.266571852775769,0.6020367772997716
mellster dudeee,neither,0.03945320844208391,0.33037608806864915,0.630170703489267
@Ninja any tips for getting used to new binds?,neither,0.0392515744647831,0.2957719505103644,0.6649764750248526
@anthonynjr88 Heyyyyyy! :),neither,0.03945320844208391,0.33037608806864915,0.630170703489267
omg he noticed me,neither,0.036859985925752924,0.36779496670346806,0.595345047370779
Hey @Ninja from Denmark ninjaH,neither,0.04054486806476479,0.3118477752671653,0.6476073566680699
ENG8INExBRAVO subscribed with Twitch Prime. They've subscribed for 15 months!,neither,0.018278171923937783,0.3232003157147426,0.6585215123613197
@vyrux19 crank 90s,neither,0.03945320844208391,0.33037608806864915,0.630170703489267
Ninja and Marshmello are going to be the 2x time pro am champions,neither,0.05486757115075462,0.29952105273959256,0.6456113761096529
@ninja what time you playing with mallow?,neither,0.04541754592806512,0.4224152875249184,0.5321671665470165
sup ladys and gents,neither,0.038448419023825814,0.277791940581765,0.6837596403944092
what's up,neither,0.04549209283961305,0.43877665191533993,0.5157312552450469
"Hey Ninja, what'd you think of the Live Event?",neither,0.058877324144602276,0.33799980772531385,0.6031228681300838
How's it going bro @Ninja,neither,0.03670879936299688,0.35610170702442484,0.6071894936125782
Ninja how you like this new skin,neither,0.07163158929798774,0.304102957949223,0.6242654527527892
sup my ninjetti's,neither,0.02549807631544042,0.4425136705936049,0.5319882530909548
@jkennz69 when he gets on,neither,0.0295786988512372,0.407634687852675,0.5627866132960877
@jennaaa_ Nice Niceeeeeeee ninjaHi,neither,0.03945320844208391,0.33037608806864915,0.630170703489267
How you goen?,offensive_language,0.09606007884474042,0.46897323178395467,0.4349666893713049
,neither,0.03945320844208391,0.33037608806864915,0.630170703489267
eyyyy,neither,0.03945320844208391,0.33037608806864915,0.630170703489267
how's it going,neither,0.034827248517943006,0.3742167478469281,0.5909560036351289
When is marsh getting on?,neither,0.031077709428922944,0.4408693196298589,0.5280529709412181
better get checked if your infected by a sick kid,neither,0.04221998353885343,0.4015919513320453,0.5561880651291013
Who’s going to the World Cup?,neither,0.043566860590179175,0.39394868831544533,0.5624844510943755
ninjaTooth,neither,0.03945320844208391,0.33037608806864915,0.630170703489267
Go (100’0x),neither,0.04122210107621886,0.3365218137810454,0.6222560851427358
It’s the most fire skin that’s been dropped in a minute,neither,0.035192380267709655,0.3512583200948851,0.6135492996374051
yo yo yo,offensive_language,0.04010381111145228,0.5271105317972344,0.4327856570913131
tatGlam,neither,0.03945320844208391,0.33037608806864915,0.630170703489267
widepeepoHappy same sweater,neither,0.04049176732136689,0.3398389754445551,0.619669257234078
SICK LOOT DUDE,neither,0.03945320844208391,0.33037608806864915,0.630170703489267
Ninja don't forget the helmets for the singularity skin,neither,0.03450635151989205,0.29123380138623717,0.6742598470938708
!uptime,neither,0.03945320844208391,0.33037608806864915,0.630170703489267
@Itwasmagik yesterday he said it was small for his hands,neither,0.05553570367907963,0.3095077404283651,0.6349565558925553
Ninja has been streaming for 9 minutes 12 seconds,neither,0.035901840335972865,0.31163011099587895,0.6524680486681482
k,neither,0.03945320844208391,0.33037608806864915,0.630170703489267
!uptime,neither,0.03945320844208391,0.33037608806864915,0.630170703489267
Hello Chat:),neither,0.03945320844208391,0.33037608806864915,0.630170703489267
Hello,neither,0.03945320844208391,0.33037608806864915,0.630170703489267
Ninja has not been streaminig 9 hours lol,neither,0.0324093535044142,0.37716760272490657,0.5904230437706792
NO SHIELD POG U,neither,0.036918905254960256,0.37338982715841207,0.5896912675866277
wiesty54 subscribed with Twitch Prime. They've subscribed for 26 months! Have a great day Ninja,neither,0.020732093462445294,0.31108045904082426,0.6681874474967304
!time,neither,0.036668274527354654,0.377643684699956,0.5856880407726893
"July 22nd 2019, 2:35:48 pm CDT GMT-05:00",neither,0.03945320844208391,0.33037608806864915,0.630170703489267
HYPERS afternoon everyone,neither,0.033302057094802294,0.43477717965781665,0.5319207632473811
@noahf25 Hey Noah!,neither,0.03945320844208391,0.33037608806864915,0.630170703489267
!title,neither,0.03945320844208391,0.33037608806864915,0.630170703489267
@RefrigeratedBubbleGum -> Current Stream Title: Practicing Duos with @MarshmelloMusic For the pro am! :D! | Getting used to new Final Mouse,neither,0.03338208010950438,0.3157935304016193,0.6508243894888764
Play 85% Music,neither,0.03945320844208391,0.33037608806864915,0.630170703489267
boosterfn subscribed with Twitch Prime. They've subscribed for 15 months!,neither,0.018278171923937783,0.3232003157147426,0.6585215123613197
!uptime,neither,0.03945320844208391,0.33037608806864915,0.630170703489267
STILL NO SHIELD POG U,neither,0.03621567609551125,0.38532546127612155,0.5784588626283671
spygomez subscribed with Twitch Prime. They've subscribed for 2 months! how many dub do you have in all duo and solos and squad also you carry Timthetatman all the time which is funny,neither,0.034678117196761976,0.385409466508917,0.5799124162943211
Streamsniper,neither,0.03945320844208391,0.33037608806864915,0.630170703489267
K,neither,0.03945320844208391,0.33037608806864915,0.630170703489267
"I hate how people are arguing over weather Minecraft is Better than Fortnite or vise versa. I play both, and I enjoy it.",neither,0.1765953761350704,0.22447205975610932,0.5989325641088202
"Ninja, your face cam is at 480P",neither,0.07265682827274403,0.33941731114333773,0.5879258605839184
"Cheer500 hey ninja, so I lost a bet with some friends and i gotta dye my hair like you....any advice? missgS",neither,0.033694846614311616,0.44752282098227875,0.5187823324034098
@ienstein aye what’s going on?!,neither,0.04023952243992239,0.37303638993389404,0.5867240876261837
nolimitninjah subscribed with Twitch Prime. They've subscribed for 3 months!,neither,0.017135853092050617,0.3228815153557895,0.6599826315521599
LULW,neither,0.03945320844208391,0.33037608806864915,0.630170703489267
that was a cool sequence,neither,0.0337458163838524,0.39397952143948695,0.5722746621766607
RawSmell subscribed with Twitch Prime. They've subscribed for 10 months!,neither,0.01797585316727558,0.3231136230633543,0.6589105237693702
14 thousand viewers in under 10 minutes.... Legend,neither,0.03945320844208391,0.33037608806864915,0.630170703489267
"@noahf25 Chilin , stoked for todays stream",neither,0.035128839050864766,0.3087668566244106,0.6561043043247246
!uptime,neither,0.03945320844208391,0.33037608806864915,0.630170703489267
Ninja has been streaming for 10 minutes 17 seconds,neither,0.03607427391498818,0.3125415285360363,0.6513841975489756
yeet,neither,0.03945320844208391,0.33037608806864915,0.630170703489267
You guys like playing Fortnite?,neither,0.08503997508061042,0.4230452137897105,0.49191481112967916
hi,neither,0.03945320844208391,0.33037608806864915,0.630170703489267
ya,offensive_language,0.017331157930923866,0.7872544665869478,0.19541437548212848
ninjaHype ninjaHype ninjaHype ninjaHype,neither,0.03945320844208391,0.33037608806864915,0.630170703489267
mcatSub mcatHey mcatLit,neither,0.03945320844208391,0.33037608806864915,0.630170703489267
ninja,neither,0.03945320844208391,0.33037608806864915,0.630170703489267
oooh,neither,0.03945320844208391,0.33037608806864915,0.630170703489267
Boom! ninjaBlast1 ninjaBlast2,neither,0.03945320844208391,0.33037608806864915,0.630170703489267
@Ninja do you know any way I can get the AIR 58?,neither,0.049480970880809626,0.3498751537123536,0.6006438754068366
startin off hot :),neither,0.03945320844208391,0.33037608806864915,0.630170703489267
quackKek,neither,0.03945320844208391,0.33037608806864915,0.630170703489267
ninjaCreep ninjaCreep ninjaCreep ninjaCreep ninjaCreep,neither,0.03945320844208391,0.33037608806864915,0.630170703489267
@Ninja any tips for getting used to new binds?,neither,0.0392515744647831,0.2957719505103644,0.6649764750248526
"therounder23 subscribed at Tier 1. They've subscribed for 4 months, currently on a 4 month streak! Snauz berries taste like snauz berries",neither,0.026426669257677365,0.331180202414557,0.6423931283277656
ninjaBlast1 ninjaBlast2 ninjaBlast3,neither,0.03945320844208391,0.33037608806864915,0.630170703489267
"@mchdaghst I do, and I also play Minecraft.",neither,0.04022008904415829,0.28343968025675503,0.6763402306990868
hey ninj,neither,0.03945320844208391,0.33037608806864915,0.630170703489267
ninjaLlama,neither,0.03945320844208391,0.33037608806864915,0.630170703489267
!uptime,neither,0.03945320844208391,0.33037608806864915,0.630170703489267
Ninja has been streaming for 10 minutes 50 seconds,neither,0.03605193440257258,0.31242345367962027,0.6515246119178072
NINYA POGGERS,neither,0.03945320844208391,0.33037608806864915,0.630170703489267
ninjaPon Pon pon wey wey wey ninjaPon,neither,0.03945320844208391,0.33037608806864915,0.630170703489267
"Tim, merc, monster squad has a spot",neither,0.03972987142502354,0.3256803952153142,0.6345897333596624
ninjaPon,neither,0.03945320844208391,0.33037608806864915,0.630170703489267
LOOOOL,neither,0.03945320844208391,0.33037608806864915,0.630170703489267
@joseimpact prime wave,neither,0.03945320844208391,0.33037608806864915,0.630170703489267
ninjaBlast1 ninjaBlast1 ninjaBlast1,neither,0.03945320844208391,0.33037608806864915,0.630170703489267
symfFist1 symfFist2 wolfWin,neither,0.03945320844208391,0.33037608806864915,0.630170703489267
ninjaHype ninjaHype ninjaHype ninjaHype ninjaHype,neither,0.03945320844208391,0.33037608806864915,0.630170703489267
tlchapOOF,neither,0.03945320844208391,0.33037608806864915,0.630170703489267
welcome back,neither,0.03945320844208391,0.33037608806864915,0.630170703489267
Morning dad!,neither,0.049504154883009306,0.15978529608616932,0.7907105490308214
JuulHitz69 subscribed with Twitch Prime. They've subscribed for 12 months!,neither,0.018231540648681904,0.323186843011016,0.6585816163403021
"Destinbtw subscribed at Tier 1. They've subscribed for 16 months, currently on a 16 month streak!",neither,0.025043130030259295,0.32472287559053165,0.650233994379209
"chat ive had water in my ear for 3 days, any help widepeepoSad",neither,0.029777545756921063,0.3602272245715585,0.6099952296715204
@ninja Dk you play any games with your viewers?,neither,0.061968862552930395,0.3837097818808146,0.5543213555662552
"BuckSurf subscribed at Tier 1. They've subscribed for 9 months! 9 months and I still suck at fortnite, but love watching you play bro!",neither,0.03372543459298679,0.3497392457003911,0.616535319706622
courage raid,neither,0.03945320844208391,0.33037608806864915,0.630170703489267
Ninja is so anine,neither,0.04937218992071798,0.38058806665583067,0.5700397434234514
Hello,neither,0.03945320844208391,0.33037608806864915,0.630170703489267
S,neither,0.03945320844208391,0.33037608806864915,0.630170703489267
Not the Beauty College!,neither,0.037320309097837075,0.31927520018384364,0.6434044907183193
Cheer100 Cheer100 Cheer100 Cheer100 Cheer100,neither,0.03945320844208391,0.33037608806864915,0.630170703489267
@BarbxLahey nooo PepeHands,neither,0.03945320844208391,0.33037608806864915,0.630170703489267
ninjaHi ninjaHi ninjaHi ninjaHi ninjaHi ninjaHi ninjaHi ninjaHi ninjaHi ninjaHi ninjaHi ninjaHi ninjaHi ninjaDance ninjaDance ninjaDance,neither,0.03945320844208391,0.33037608806864915,0.630170703489267
courageFIRE courageRAID courageRAID courageRAID courageRAID courageRAID courageRAID courageRAID courageRAID courageRAID courageRAID courageRAID courageRAID courageRAID courageRAID courageRAID courageRAID courageRAID courageRAID courageRAID courageRAID courageRAID courageRAID courageRAID,neither,0.03945320844208391,0.33037608806864915,0.630170703489267
Does marshmello even takk,offensive_language,0.02088280340002655,0.5122139091977147,0.46690328740225884
DephoZ subscribed with Twitch Prime. They've subscribed for 3 months! 3month Loooking 4 more,neither,0.01826167985631622,0.3170620998728169,0.6646762202708669
Ninja,neither,0.03945320844208391,0.33037608806864915,0.630170703489267
ninjaCreep,neither,0.03945320844208391,0.33037608806864915,0.630170703489267
tim :),neither,0.03945320844208391,0.33037608806864915,0.630170703489267
