text,top_class,hate_speech,offensive_language,neither
RIP,neither,0.03945320844208391,0.33037608806864915,0.630170703489267
I'm not surprised. :),neither,0.037651533371888236,0.3371771509625762,0.6251713156655355
Epic games is being very toxic,neither,0.041636473928040076,0.35116015450403254,0.6072033715679274
world cup ready,neither,0.03945320844208391,0.33037608806864915,0.630170703489267
I'm black screened,neither,0.10239964558054145,0.28810026718488857,0.6095000872345699
Well that’s a yikes,neither,0.03254890833684513,0.40639419777241204,0.5610568938907428
,neither,0.03945320844208391,0.33037608806864915,0.630170703489267
Wow,neither,0.03945320844208391,0.33037608806864915,0.630170703489267
lmiHide,neither,0.03945320844208391,0.33037608806864915,0.630170703489267
Im watching on chaps channel,neither,0.036692342032699415,0.36513163448032937,0.5981760234869713
Amolski subscribed with Twitch Prime. They've subscribed for 14 months!,neither,0.01847321566222609,0.32325705232198204,0.6582697320157919
Twitch Fail,neither,0.03945320844208391,0.33037608806864915,0.630170703489267
Ninja really should have had someone at his house start his stream on a PC there. Figured Epic would give the players PCs that didn’t have enough memory to play FN and stream at same time.,neither,0.05025100080137249,0.36688605618439,0.5828629430142375
Soon it’ll say ninja went offline,neither,0.03830828555822786,0.33076987954953596,0.6309218348922363
Epic trying to get view records for sure,neither,0.03550728369471313,0.3976293630183239,0.5668633532869629
so much for the streamers LUL,neither,0.02997883876008149,0.32827560244238485,0.6417455587975337
lmiTHICC,neither,0.03945320844208391,0.33037608806864915,0.630170703489267
refresh,neither,0.03945320844208391,0.33037608806864915,0.630170703489267
Big oof,neither,0.013558625667907201,0.4542814836427737,0.532159890689319
Epic screwed ninja epicly,neither,0.03945320844208391,0.33037608806864915,0.630170703489267
lmiShy,neither,0.03945320844208391,0.33037608806864915,0.630170703489267
It’s not Twitch. Go to the Fortnite channel. No issues there.,neither,0.04142251979962189,0.30533046858766116,0.6532470116127169
ill hope they gona listen 2 me,neither,0.05889491101407593,0.27024204441013433,0.6708630445757896
"it's happening to every streamer for fortnite, except fortnite itself",neither,0.03846628992275717,0.30697208161606065,0.6545616284611823
F,neither,0.03945320844208391,0.33037608806864915,0.630170703489267
"mattyice3303 subscribed with Twitch Prime. They've subscribed for 7 months! good luck today l, dad",neither,0.019593512681509852,0.31393516218620626,0.6664713251322839
Epic games,neither,0.03945320844208391,0.33037608806864915,0.630170703489267
You would think the guy who made fortnite famous would have the best treatment so far it’s way opposite,neither,0.043866452008080224,0.3827821242775332,0.5733514237143867
How did chap get the only good stream for a streamer,neither,0.03327513834798795,0.30202261508505623,0.6647022465669559
Nickyswarls subscribed with Twitch Prime.,neither,0.030186173588972614,0.3621416721941929,0.6076721542168345
,neither,0.03945320844208391,0.33037608806864915,0.630170703489267
Wait does chap have a working stream,neither,0.028048973787734396,0.43922870273686854,0.532722323475397
reaperjay21 subscribed with Twitch Prime.,neither,0.030186173588972614,0.3621416721941929,0.6076721542168345
grodans subscribed with Twitch Prime.,neither,0.030186173588972614,0.3621416721941929,0.6076721542168345
@kotacola sold his kidney to fortnite,neither,0.09222625324257562,0.3242748286864912,0.5834989180709331
"StankyChicken31 subscribed at Tier 1. They've subscribed for 17 months, currently on a 17 month streak! 17 months!!! Good luck ninja!",neither,0.028168972675568425,0.3259949887809312,0.6458360385435004
lmiS lmiOut lmiHide lmiThink lmiSip,neither,0.03945320844208391,0.33037608806864915,0.630170703489267
how is ninja's team doing,neither,0.046728367221948564,0.3278738273574644,0.6253978054205871
Chap has a viewing party steaming from home which is cool to hear his group commenting over the broadcast.,neither,0.05635240925644282,0.31090573917477765,0.6327418515687794
PepeLaugh,neither,0.03945320844208391,0.33037608806864915,0.630170703489267
is it still laggy ?,neither,0.05029151644722095,0.35297137695968495,0.596737106593094
ninjaHi,neither,0.03945320844208391,0.33037608806864915,0.630170703489267
Someone 300 drop kick fortnite,neither,0.04766110490206671,0.3275530160980234,0.6247858789999099
bro,neither,0.03945320844208391,0.33037608806864915,0.630170703489267
what is this lag WutFaceW,neither,0.05466209117209791,0.32462793044583993,0.6207099783820622
this shit is broken af lol,offensive_language,0.04522531128213287,0.9527592423673407,0.0020154463505263503
Who’s that caveman with the long hair lol,neither,0.023834800558324612,0.4605125487668686,0.5156526506748067
why is the fortnite channel NOT lagging ?,neither,0.0341631720727731,0.33164582203648907,0.6341910058907378
never was laggy bro,neither,0.03392866057295838,0.38814707001151943,0.5779242694155221
Loose cable or some shit lmao,offensive_language,0.039505881171115455,0.9528032126968735,0.007690906132010931
,neither,0.03945320844208391,0.33037608806864915,0.630170703489267
still laggy ofc,neither,0.03727668703704674,0.36731733658035887,0.5954059763825943
Fortnite is screwing ninja only,neither,0.04898456073010506,0.32709781895089657,0.6239176203189983
@joseimpact totally not intentional Kappa,neither,0.038278006425873264,0.3347849557644007,0.6269370378097261
Broken internet monkaSHAKE,neither,0.03945320844208391,0.33037608806864915,0.630170703489267
everyone's channle is like excpet fortnite one,offensive_language,0.05611197117098423,0.503924057160215,0.43996397166880075
JpZ1492 subscribed with Twitch Prime. They've subscribed for 3 months! ninjaFan,neither,0.017135853092050617,0.3228815153557895,0.6599826315521599
rip fortnite cup,neither,0.03945320844208391,0.33037608806864915,0.630170703489267
nickmercsANGRY nickmercsANGRY nickmercsANGRY,neither,0.03945320844208391,0.33037608806864915,0.630170703489267
Fortnite wants all the attention,neither,0.040261713610173055,0.3923079818491075,0.5674303045407195
ninjaHmm,neither,0.03945320844208391,0.33037608806864915,0.630170703489267
bdazzler77 subscribed with Twitch Prime.,neither,0.030186173588972614,0.3621416721941929,0.6076721542168345
ninjaBlast1 ninjaBlast2 ninjaBlast3 ninjaBlast3 ninjaBlast3 ninjaBlast3 ninjaBlast3,neither,0.03945320844208391,0.33037608806864915,0.630170703489267
PepeHands,neither,0.03945320844208391,0.33037608806864915,0.630170703489267
DanielWhalingTurn subscribed at Tier 1. They've subscribed for 9 months! nine months!!!,neither,0.02362512504674347,0.316814848567465,0.6595600263857915
anyone else got this crazy lag?,neither,0.030562730222553493,0.44270764533839424,0.5267296244390522
Fortnite now lupoBOOTY lupoBOOTY lupoBOOTY lupoBOOTY,neither,0.03945320844208391,0.33037608806864915,0.630170703489267
yep,neither,0.03945320844208391,0.33037608806864915,0.630170703489267
beelieW,neither,0.03945320844208391,0.33037608806864915,0.630170703489267
antnat16 subscribed with Twitch Prime.,neither,0.030186173588972614,0.3621416721941929,0.6076721542168345
gamertag214 subscribed with Twitch Prime. They've subscribed for 11 months! almost a year sub pogchamp,neither,0.02054268244918588,0.3238916486564241,0.65556566889439
even marshmello's stream is lagging on youtube,neither,0.0421984540882329,0.3490772290177859,0.6087243168939811
Chaps stream works,neither,0.03945320844208391,0.33037608806864915,0.630170703489267
"wack, Youtube is streaming it and there was no lag idk why twitch is so bad rn",neither,0.03757979132267861,0.3248335501386538,0.6375866585386676
Fortnite don’t get smacked fix ninjas scream damn it,offensive_language,0.04251058478506271,0.682717726317948,0.27477168889698933
epic games TableHere,neither,0.03945320844208391,0.33037608806864915,0.630170703489267
It wasn’t working for me ok youtube,neither,0.02856012140205834,0.33799554104616614,0.6334443375517754
man,offensive_language,0.040018442559345856,0.5018538837344726,0.4581276737061815
only tyler’s real fans are still here,neither,0.09499178653003344,0.36771872746468043,0.5372894860052863
damn,offensive_language,0.042479326866149344,0.9516554255713155,0.005865247562535126
I'll go to the fortnite channel if they take it off emote only lol,neither,0.02510628489100619,0.39675242771179436,0.5781412873971995
@jxlara go to fortnites stream its working fine,neither,0.04030049422155325,0.332326387534638,0.6273731182438087
lupoRAGE lupoRAGE lupoRAGE lupoRAGE lupoRAGE lupoRAGE lupoRAGE lupoRAGE ninjaButton ninjaBlood ninjaBomb,neither,0.03945320844208391,0.33037608806864915,0.630170703489267
oh god,neither,0.047523175703714664,0.25506489023357065,0.6974119340627147
looks like they finished already Kappa,neither,0.04638031526698309,0.35533119022747595,0.598288494505541
@TUBULARFOOL no :),neither,0.036918905254960256,0.37338982715841207,0.5896912675866277
Chaps stream works,neither,0.03945320844208391,0.33037608806864915,0.630170703489267
Who won,neither,0.04061417405158025,0.44294463029151515,0.5164411956569047
@TUBULARFOOL thanks,neither,0.035884468650613,0.3004919205142699,0.6636236108351171
take youre youtube screen put it in obs and run it on twitch fortnit,neither,0.04095774908423272,0.3136076357449483,0.645434615170819
I can’t tell who won,neither,0.0406594850292561,0.40773146078637623,0.5516090541843677
@mublacksmith have fun with this quality then,neither,0.0293868715747248,0.3727007800411387,0.5979123483841364
@jxlara no problem bro,neither,0.038426060163145336,0.347809475005635,0.6137644648312197
Why can’t we have 5g network of China has it. Are we way too cheap,neither,0.04342316054695315,0.3188578849922638,0.6377189544607831
Is it the disco team,neither,0.044646031231147486,0.31334301299400297,0.6420109557748496
ok :),neither,0.03935517884257045,0.3320399062092607,0.6286049149481688
ok :),neither,0.03935517884257045,0.3320399062092607,0.6286049149481688
im gonna leave ill think,neither,0.03815121905711895,0.39900749883638104,0.5628412821065
Ok,neither,0.03935517884257045,0.3320399062092607,0.6286049149481688
This is clapped,neither,0.06444388513749441,0.32581973129223984,0.6097363835702658
this quality is top tier,neither,0.045854850753949745,0.32941435741922204,0.6247307918268282
Nice job Fortnite,neither,0.03945320844208391,0.33037608806864915,0.630170703489267
@MrEuropeanTv 5G network is with verizon already lol,neither,0.029895567262205026,0.41110385041734765,0.5590005823204474
i honestly cant believe 13000 people are watching this quality,neither,0.08358763081182194,0.29603829469460696,0.6203740744935712
"jxlara subscribed with Twitch Prime. They've subscribed for 4 months, currently on a 1 month streak!",neither,0.020161301589277043,0.3305963852590941,0.6492423131516288
ninjaTilt ninjaTilt ninjaTilt,neither,0.03945320844208391,0.33037608806864915,0.630170703489267
Lol,neither,0.020706217963973744,0.4882283491876925,0.4910654328483337
@tubularfool true fans,neither,0.03945320844208391,0.33037608806864915,0.630170703489267
"sheesh Fortnite's ""rent"" must be do LUL",neither,0.04135967114402406,0.32193453911736897,0.6367057897386069
ninjaTilt ninjaTilt ninjaTilt ninjaTilt ninjaTilt ninjaTilt ninjaTilt ninjaTilt ninjaTilt ninjaTilt ninjaTilt ninjaTilt ninjaTilt,neither,0.03945320844208391,0.33037608806864915,0.630170703489267
sup,neither,0.03945320844208391,0.33037608806864915,0.630170703489267
!uptime,neither,0.03945320844208391,0.33037608806864915,0.630170703489267
Ninja has been streaming for 6 minutes 37 seconds,neither,0.03605278841535164,0.31242796755837576,0.6515192440262725
We watching a vcr recording,neither,0.03921401870422761,0.3344357621555435,0.6263502191402289
55k ayy,neither,0.03945320844208391,0.33037608806864915,0.630170703489267
@sweezy15 must be lol,neither,0.030530763396677357,0.394940934259827,0.5745283023434956
,neither,0.03945320844208391,0.33037608806864915,0.630170703489267
a vcr recording lmao,neither,0.03705015143476208,0.3711622369619404,0.5917876116032975
This is a slide show,neither,0.07100599316870482,0.24121938052495923,0.687774626306336
BibleThump,neither,0.03945320844208391,0.33037608806864915,0.630170703489267
I believe it .,neither,0.0371157565344616,0.3311800449649461,0.6317041985005923
whattt? you’ve never played tuber simulator,neither,0.02619122831650802,0.3806936313620474,0.5931151403214445
Vcr recording lmdaooo dying,neither,0.03945320844208391,0.33037608806864915,0.630170703489267
reboot please,neither,0.03945320844208391,0.33037608806864915,0.630170703489267
"you know its fun, right?",neither,0.048164272367027104,0.41081791082308006,0.5410178168098929
Who else hates how Sundown talks? So choppy,neither,0.03998390431525779,0.4230231661768166,0.5369929295079254
@sweezy15 You know it’s fun right,neither,0.056855022440864336,0.4150680432622821,0.5280769342968535
How many times have fortnite played in traffic,neither,0.03905027152099033,0.33721497920117477,0.6237347492778349
this stream is a red light green light right now,neither,0.04408425444775137,0.32445627409686684,0.6314594714553818
Still bad... damn.,offensive_language,0.03850504914224877,0.903946871744654,0.05754807911309719
this is a khanAcadamy recording,neither,0.06444388513749441,0.32581973129223984,0.6097363835702658
Glitchy af,neither,0.03945320844208391,0.33037608806864915,0.630170703489267
@ninjasbigtoes 😂😂,neither,0.03945320844208391,0.33037608806864915,0.630170703489267
nickygninjabee subscribed with Twitch Prime.,neither,0.030186173588972614,0.3621416721941929,0.6076721542168345
,neither,0.03945320844208391,0.33037608806864915,0.630170703489267
@ninjasbigtoes now im not supposed to give my oppinion,neither,0.03220169083741537,0.4406424067741745,0.5271559023884103
hitthelobby subscribed with Twitch Prime. They've subscribed for 11 months! Poggers,neither,0.01819233148295946,0.323175542712437,0.6586321258046036
ninjaHi,neither,0.03945320844208391,0.33037608806864915,0.630170703489267
Can whoevers doing this go mess with data on another stream LUL,neither,0.05274509128446865,0.319440601576834,0.6278143071386972
@xxbeatthebestxx But give it a try and then you can tell me if it’s good or not,neither,0.02553529699278589,0.4064880275693082,0.5679766754379059
someone blow in the vcr and make it work again,neither,0.035691248905379204,0.3114598030465247,0.6528489480480961
@ninjasbigtoes still not convinced?,neither,0.037095176863970715,0.3519262698305304,0.610978553305499
Think there using the free WiFi from the kfc next door,neither,0.03677036001062126,0.3189956145506982,0.6442340254386805
ninjaCreep ninjaCreep ninjaCreep,neither,0.03945320844208391,0.33037608806864915,0.630170703489267
^,neither,0.03945320844208391,0.33037608806864915,0.630170703489267
@xxbeatthebestxx I’ll cut you a deal,neither,0.05874956538214465,0.38422686353463303,0.5570235710832224
McDonalds,neither,0.03945320844208391,0.33037608806864915,0.630170703489267
is happening on every channel on twitch,neither,0.04059870803755816,0.3458218268690507,0.6135794650933911
"I'm back...and the stream is still ass, woot woot",offensive_language,0.10277157126905419,0.7521682658746242,0.14506016285632167
Run some alcohol on the vcr tape,neither,0.03023249149866499,0.33920901945231674,0.6305584890490183
@ninjasbigtoes the game is FREE AND THATS A GREAT PRICE,neither,0.04296998348673092,0.24466303822276955,0.7123669782904994
DO DO DOOOO DO DO DO DO DO DOOO,neither,0.043364239285816016,0.32903090521881384,0.6276048554953702
Jovannr subscribed with Twitch Prime. They've subscribed for 18 months!,neither,0.01834638559187279,0.3232200884910971,0.65843352591703
Everyone Tweet Jess to let her know about this stream issue,offensive_language,0.025467038204321512,0.528476308287764,0.44605665350791446
lupoSHARK,neither,0.03945320844208391,0.33037608806864915,0.630170703489267
@xxbeatthebestxx lolllll that’s the best part,neither,0.033288416775430436,0.351981517091563,0.6147300661330067
Epic fucking up a lot of streamers income right now,offensive_language,0.08941488477686135,0.899429468293923,0.01115564692921555
"aziz21657142 subscribed with Twitch Prime. They've subscribed for 12 months, currently on a 12 month streak! much love ninj",neither,0.020996890608890876,0.33597711366616967,0.6430259957249395
@redmsb what doesn’t epic fuck up,offensive_language,0.1530687119011515,0.8452109761654713,0.0017203119333772511
hi :) /,neither,0.03945320844208391,0.33037608806864915,0.630170703489267
americanspeller subscribed with Twitch Prime. They've subscribed for 12 months!,neither,0.018231540648681904,0.323186843011016,0.6585816163403021
This actually looks like a good game mode,neither,0.04627276545428738,0.31005993675793936,0.6436672977877732
@sweezy15 True,neither,0.03945320844208391,0.33037608806864915,0.630170703489267
The Official Game Play Headband of Ninja now available! https://win.gs/NinjaHeadband,neither,0.03867893930019313,0.30170028441635893,0.659620776283448
Epic is dropping the ball today,neither,0.0437646442551185,0.3001016595283644,0.6561336962165171
:PALALALA,neither,0.03945320844208391,0.33037608806864915,0.630170703489267
PraiseTreesus subscribed with Twitch Prime. They've subscribed for 26 months! Yeet,neither,0.020194901668666342,0.32378137969968884,0.6560237186316449
ninja90s,neither,0.03945320844208391,0.33037608806864915,0.630170703489267
black screened,neither,0.10239964558054145,0.28810026718488857,0.6095000872345699
ninjaTilt ninjaTilt ninjaTilt,neither,0.03945320844208391,0.33037608806864915,0.630170703489267
GG Epic your game is finally dying lmao,neither,0.06842155950760949,0.30233640303906684,0.6292420374533237
nah,neither,0.03945320844208391,0.33037608806864915,0.630170703489267
"Download Discord here - discord.gg/ninja - Subscribers, connect your Discord to Twitch by – Clicking the cogwheel at the bottom, go to Connections, click Twitch and click “join” under the Ninja server. All subs are welcome to join at any time to hang out! (If you recently subscribed it may take up to 30 minutes before you can connect to the sub server.) Follow this image to connect as well - https://goo.gl/yX9sFR",neither,0.06809260872529874,0.3753919629243179,0.5565154283503834
tspray1230 subscribed with Twitch Prime. They've subscribed for 2 months! Good luck this weekend brother! Thanks for everything you do for the community,neither,0.023342808384130127,0.3065506819040491,0.6701065097118206
mikathastrika2 subscribed with Twitch Prime. They've subscribed for 11 months!,neither,0.01819233148295946,0.323175542712437,0.6586321258046036
The lag be making them sound like they rapping lmO,neither,0.05758880248228702,0.317571387360984,0.624839810156729
If I can’t watch the duos finals tomorrow I will commit uninstall,neither,0.03074114938684967,0.335540916983179,0.6337179336299714
