text,top_class,hate_speech,offensive_language,neither
Hi,neither,0.03945320844208391,0.33037608806864915,0.630170703489267
0 views?,neither,0.03945320844208391,0.33037608806864915,0.630170703489267
damn,offensive_language,0.042479326866149344,0.9516554255713155,0.005865247562535126
Yes,neither,0.03945320844208391,0.33037608806864915,0.630170703489267
No ones here. 0 viewers. We’re all bot accounts,neither,0.08120440915872604,0.3398054163689593,0.5789901744723146
Kappa,neither,0.03945320844208391,0.33037608806864915,0.630170703489267
l;ol,neither,0.03945320844208391,0.33037608806864915,0.630170703489267
there is 500 voewers,neither,0.048814142076005956,0.28022355132403637,0.6709623065999576
ninjaPon PrideGasp,neither,0.03945320844208391,0.33037608806864915,0.630170703489267
ninjaPon,neither,0.03945320844208391,0.33037608806864915,0.630170703489267
Yurrrr,neither,0.03945320844208391,0.33037608806864915,0.630170703489267
ninjaPon ninjaPon,neither,0.03945320844208391,0.33037608806864915,0.630170703489267
ninjaPog,neither,0.03945320844208391,0.33037608806864915,0.630170703489267
Hey ninj,neither,0.03945320844208391,0.33037608806864915,0.630170703489267
Only 700 viewers? Streams dead boys Kappa,neither,0.03945320844208391,0.33037608806864915,0.630170703489267
hi babiessss ninjaAww,neither,0.03945320844208391,0.33037608806864915,0.630170703489267
"tyemons16 subscribed with Twitch Prime. They've subscribed for 2 months, currently on a 1 month streak! Love the stream",neither,0.020520890690025363,0.3298072916201223,0.6496718176898524
hey gang,neither,0.03945320844208391,0.33037608806864915,0.630170703489267
arkhamassasinds subscribed with Twitch Prime.,neither,0.030186173588972614,0.3621416721941929,0.6076721542168345
ninjaPon ninjaPon ninjaPon,neither,0.03945320844208391,0.33037608806864915,0.630170703489267
ninjaPon,neither,0.03945320844208391,0.33037608806864915,0.630170703489267
!prime,neither,0.03945320844208391,0.33037608806864915,0.630170703489267
Support the stream with a FREE SUBSCRIPTION! Link an Amazon Prime to your Twitch account - twitch.amazon.com/prime Check out this tutorial where Ninja shows how to subscribe to a stream using Twitch Prime! youtube.com/watch?v=pvyZLDs2yQo ninjaPrime ninjaPrime ninjaPrime,neither,0.05320751381205407,0.33853077004085724,0.6082617161470886
!subcount,neither,0.03945320844208391,0.33037608806864915,0.630170703489267
17950 people are currently subscribed.,neither,0.13139136992445935,0.266571852775769,0.6020367772997716
title,neither,0.03945320844208391,0.33037608806864915,0.630170703489267
CoolStoryBob,neither,0.03945320844208391,0.33037608806864915,0.630170703489267
What up,neither,0.04549209283961305,0.43877665191533993,0.5157312552450469
"FireFrostFive subscribed with Twitch Prime. They've subscribed for 15 months, currently on a 15 month streak! Hi ninja",neither,0.02340513865810919,0.3302693274187452,0.6463255339231456
Hey chat,neither,0.03945320844208391,0.33037608806864915,0.630170703489267
Mods I think the title is wrong? Maybe?,neither,0.04622874882175687,0.3061727493571845,0.6475985018210586
Title change?,neither,0.03945320844208391,0.33037608806864915,0.630170703489267
@RyanIsFreakiii hi!,neither,0.03945320844208391,0.33037608806864915,0.630170703489267
widepeepoHappy,neither,0.03945320844208391,0.33037608806864915,0.630170703489267
Mods may not be here yet,neither,0.09101064278447775,0.2745052865905016,0.6344840706250205
True,neither,0.03945320844208391,0.33037608806864915,0.630170703489267
gloshmosh subscribed with Twitch Prime. They've subscribed for 11 months!,neither,0.01819233148295946,0.323175542712437,0.6586321258046036
!title World Cup Day 3 | Solo Finals,neither,0.03976611789720778,0.3211559973226448,0.6390778847801474
@Twitzh -> The stream title has been updated to: World Cup Day 3 | Solo Finals,neither,0.042493938465102174,0.3127135873791055,0.6447924741557924
Jebaited,neither,0.03945320844208391,0.33037608806864915,0.630170703489267
top,neither,0.03945320844208391,0.33037608806864915,0.630170703489267
nice 👍🏽,neither,0.03945320844208391,0.33037608806864915,0.630170703489267
@twitzh Thanks,neither,0.035884468650613,0.3004919205142699,0.6636236108351171
Thank you bruv,neither,0.056032438813082126,0.38591134891527556,0.5580562122716423
wtf its been 12 months not 11 it said 11 months last time,neither,0.03564897938986797,0.45047615603403784,0.5138748645760941
i had to pee gimme a break LUL,neither,0.04398742264218773,0.3276998148352317,0.6283127625225806
ninjaHype,neither,0.03945320844208391,0.33037608806864915,0.630170703489267
Top,neither,0.03945320844208391,0.33037608806864915,0.630170703489267
So chat how’s your day going?,neither,0.06752795436305907,0.3769998448564733,0.5554722007804678
@twitzh slacking Kappa,neither,0.03945320844208391,0.33037608806864915,0.630170703489267
Jesus Christ calm down chat,neither,0.03945320844208391,0.33037608806864915,0.630170703489267
,neither,0.03945320844208391,0.33037608806864915,0.630170703489267
Pumpers,neither,0.03945320844208391,0.33037608806864915,0.630170703489267
Lol at the Marshmello cosplay helmet for ants,neither,0.026271106730210533,0.35866586830798186,0.6150630249618075
The stream just started and we weren't aware,neither,0.03543177405461915,0.3095517715237897,0.6550164544215912
did they hae the solo fortnite finals yet?,neither,0.038778700118621,0.3181125296446359,0.6431087702367431
monkaW,neither,0.03945320844208391,0.33037608806864915,0.630170703489267
Gooood morning ninj fam,neither,0.04928517811369384,0.16350190334528147,0.7872129185410247
ninjaClap ninjaClap ninjaClap ninjaClap ninjaClap ninjaClap ninjaClap ninjaClap ninjaClap ninjaClap ninjaClap ninjaClap ninjaClap ninjaClap ninjaClap,neither,0.03945320844208391,0.33037608806864915,0.630170703489267
stephen030917 subscribed at Tier 1. They've subscribed for 5 months!,neither,0.018730042386447116,0.3124437755681934,0.6688261820453595
@bossman118242 today is solo finals,neither,0.04493120462374852,0.3095164554295904,0.6455523399466612
Ummmmm ocularS,neither,0.03945320844208391,0.33037608806864915,0.630170703489267
Hope everyone is having amazing morning and weekend,neither,0.07486317677199067,0.1983631748793627,0.7267736483486468
does anyone know when the new season teasers start plz @ me,neither,0.022689243638600178,0.4051033297333763,0.5722074266280235
happy sunday peeps HYPERS,neither,0.03945320844208391,0.33037608806864915,0.630170703489267
Where ninja,neither,0.04166576881549272,0.2928231642094598,0.6655110669750474
NINYA,neither,0.03945320844208391,0.33037608806864915,0.630170703489267
@gloshmosh probly this week :),neither,0.03936180788601635,0.3319273940415589,0.6287107980724247
I don’t think ninja make it for solos I heard he was two points away,neither,0.03924980789822603,0.28534432402672344,0.6754058680750505
@gloshmosh they said they'd be teasing it today at the WC,neither,0.03684172770986178,0.3233857447333918,0.6397725275567465
Keveyy subscribed with Twitch Prime. They've subscribed for 30 months! :p,neither,0.01818054871583182,0.3231721518884405,0.6586472993957277
"@gloshmosh it’ll be today, and it’ll be all over YouTube an instagram if you miss it",neither,0.028884767870002274,0.40447454285064804,0.5666406892793497
I think it’s after the marshemello performance,neither,0.03776466155053118,0.3071913541063172,0.6550439843431515
@WildPerty thank you i have not kept up with it all. all i saw was aqua and some other guy won dou finals,neither,0.03472594370908947,0.46226969470291074,0.5030043615879999
is ninja comentator for today aswell?,neither,0.03983905591225962,0.2801846934198663,0.6799762506678739
@BarbxLahey monstcrLlama,neither,0.03945320844208391,0.33037608806864915,0.630170703489267
missgCUTE,neither,0.03945320844208391,0.33037608806864915,0.630170703489267
Marsh doing half time performance which should be 1pm est,neither,0.046603337463747056,0.3682852679790258,0.5851113945572272
Did anybody see that ps4 leaked the new season with an early update,neither,0.03394354270443402,0.2974552444876391,0.6686012128079268
ep8c,neither,0.03945320844208391,0.33037608806864915,0.630170703489267
"So, who’s everyone got for first place???",neither,0.025805661610919406,0.47892342782426783,0.4952709105648126
epic games ninjaAww ninjaAww,neither,0.03945320844208391,0.33037608806864915,0.630170703489267
it's not half time lol,neither,0.027302460260218375,0.420675248540533,0.5520222911992486
@RyanIsFreakiii no what happen,neither,0.04546226590675186,0.34325269673161846,0.6112850373616296
@ryanisfreakiii all it was is an X ... nothing special,neither,0.08220112787736886,0.4104225137506809,0.5073763583719502
loosermann1 subscribed with Twitch Prime.,neither,0.030186173588972614,0.3621416721941929,0.6076721542168345
TriHard,neither,0.03945320844208391,0.33037608806864915,0.630170703489267
kelleyvr subscribed with Twitch Prime. They've subscribed for 13 months!,neither,0.018395409525177608,0.3232343455971076,0.6583702448777148
Reverse,neither,0.03945320844208391,0.33037608806864915,0.630170703489267
who won yesterday,neither,0.04021195757173721,0.40749692775455565,0.5522911146737072
Since ninja isn’t in Solos. Tf prob might take it,neither,0.038553918363186244,0.3306853951642705,0.6307606864725434
@vexa2006 aqua,neither,0.03945320844208391,0.33037608806864915,0.630170703489267
ofiro_o subscribed with Twitch Prime.,neither,0.030186173588972614,0.3621416721941929,0.6076721542168345
Aqua,neither,0.03945320844208391,0.33037608806864915,0.630170703489267
them,neither,0.09030710510890627,0.3048958638649268,0.6047970310261669
hey chat,neither,0.03945320844208391,0.33037608806864915,0.630170703489267
"If today is the Duos finals, what was yesterday?",neither,0.0324436354927146,0.3396256365935372,0.6279307279137483
Hey morning,neither,0.049926308239487335,0.15262025189426953,0.7974534398662432
ninjaH,neither,0.03945320844208391,0.33037608806864915,0.630170703489267
@ryanisfreakiii thanks,neither,0.035884468650613,0.3004919205142699,0.6636236108351171
hey steven,neither,0.03945320844208391,0.33037608806864915,0.630170703489267
Yesterday was the duo finals...,neither,0.03871990587351307,0.3200556299162001,0.6412244642102868
I'll brb,neither,0.03945320844208391,0.33037608806864915,0.630170703489267
oh shit,offensive_language,0.04652059265363964,0.9534729203614298,6.486984930600159e-06
stupid me,neither,0.26054748966995606,0.16457139333151644,0.5748811169985276
Imagine winning 1.5m each at that age...,neither,0.03609647016506199,0.3778759219921767,0.5860276078427612
Is positive Toxicity allowed,neither,0.047827936261122715,0.32749563514349156,0.6246764285953856
"Guarantee your PC gaming performance with BLD by NZXT. The simplest way to get a customized gaming PC. Choose the games you want to play, set a budget, and BLD takes care of the rest. Built and shipped within 48 hours with a 2-year warranty. https://nzxt.co/Ninja ninja10 ninja10",neither,0.046024978110057846,0.33494880951390904,0.6190262123760332
I’ll leave tbh,neither,0.03945320844208391,0.33037608806864915,0.630170703489267
hi,neither,0.03945320844208391,0.33037608806864915,0.630170703489267
billyabrams3 subscribed with Twitch Prime. They've subscribed for 6 months!,neither,0.017135853092050617,0.3228815153557895,0.6599826315521599
"Crookesy_ subscribed with Twitch Prime. They've subscribed for 33 months, currently on a 2 month streak!",neither,0.021302346062942065,0.33045531713472454,0.6482423368023333
"i didn't see it says ""Day 2"" lol I thought that's the schedule for today",neither,0.021688229347948444,0.3045764211238179,0.6737353495282337
Who’s your top pick for today anyone?,neither,0.061583184916795014,0.2649690820364746,0.6734477330467303
Parents got it,neither,0.03593007689279751,0.39259157330519456,0.571478349802008
Is Aydan in solos?,neither,0.06641223351001371,0.3211036431254501,0.6124841233645363
i'd love to see reverse take it,neither,0.04122999531041301,0.3390803105182196,0.6196896941713673
bugha,neither,0.03945320844208391,0.33037608806864915,0.630170703489267
MrSavage,neither,0.03945320844208391,0.33037608806864915,0.630170703489267
Ayeeee wolfLove sypherWIFE,neither,0.03945320844208391,0.33037608806864915,0.630170703489267
in54ne_bmw subscribed with Twitch Prime. They've subscribed for 7 months!,neither,0.017135853092050617,0.3228815153557895,0.6599826315521599
Ninja but don’t think he made it,neither,0.0401987258518147,0.3299940235839475,0.6298072505642378
,neither,0.03945320844208391,0.33037608806864915,0.630170703489267
NINJA,neither,0.03945320844208391,0.33037608806864915,0.630170703489267
Hey chat. ninjaHi ninjaK,neither,0.03945320844208391,0.33037608806864915,0.630170703489267
NINYAAA,neither,0.03945320844208391,0.33037608806864915,0.630170703489267
@wildperty Samee reverseLove,neither,0.03945320844208391,0.33037608806864915,0.630170703489267
@WildPerty I agree. It would be dope to see Reverse take it,neither,0.04161414243109211,0.3274235756831126,0.6309622818857954
dank_ttv subscribed with Twitch Prime.,neither,0.030186173588972614,0.3621416721941929,0.6076721542168345
POGGERS,neither,0.03945320844208391,0.33037608806864915,0.630170703489267
I bet at the end of the day parents will be the most happiest people,neither,0.05470646096958593,0.2947665706531148,0.6505269683772992
Heya @groovyjuice02 sypherWAVE,neither,0.03945320844208391,0.33037608806864915,0.630170703489267
Let's go!,neither,0.01806316484133749,0.39391011985298136,0.5880267153056813
Wooooooooooo,neither,0.03945320844208391,0.33037608806864915,0.630170703489267
Reverse is a beast so happy he signed with TSM too,neither,0.03959520013032367,0.3764453458475844,0.5839594540220919
Ninjaaaaaaaaa,neither,0.03945320844208391,0.33037608806864915,0.630170703489267
Eyyyyy,neither,0.03945320844208391,0.33037608806864915,0.630170703489267
yo,offensive_language,0.04010381111145228,0.5271105317972344,0.4327856570913131
@jennaaa_ daeFace ninjaAdore,neither,0.03945320844208391,0.33037608806864915,0.630170703489267
hello chat,neither,0.03945320844208391,0.33037608806864915,0.630170703489267
Hello 👋🏻,neither,0.03945320844208391,0.33037608806864915,0.630170703489267
i wanna start streaming,neither,0.03945320844208391,0.33037608806864915,0.630170703489267
Welcome everyone,neither,0.0325188347224673,0.44807050736385123,0.5194106579136816
@wildperty Yesss!!,neither,0.03945320844208391,0.33037608806864915,0.630170703489267
GO REVERSE,neither,0.04076545527285137,0.334931166163354,0.6243033785637945
You did it Son! I’m rich 😂,neither,0.05595655223451527,0.38335159015086145,0.5606918576146233
oh yea. Reverse signed to TSM POG,neither,0.04727869990145448,0.29766866223077476,0.6550526378677707
morning chat,neither,0.048641030132881694,0.17443477567193386,0.7769241941951844
,neither,0.03945320844208391,0.33037608806864915,0.630170703489267
Morning,neither,0.05283876784042269,0.1031882115525248,0.8439730206070525
KlementineMD subscribed with Twitch Prime. They've subscribed for 31 months!,neither,0.019114788021552424,0.32344779640759524,0.6574374155708523
gm @notorious_okn,neither,0.03945320844208391,0.33037608806864915,0.630170703489267
hey chat :),neither,0.03945320844208391,0.33037608806864915,0.630170703489267
morning,neither,0.05283876784042269,0.1031882115525248,0.8439730206070525
Hey 👋🏻,neither,0.03945320844208391,0.33037608806864915,0.630170703489267
@groovyjuice02 tried getting a TSM chat going yesterday at the venue lol,neither,0.031421894019479035,0.4155447829060628,0.5530333230744581
ninjaPopcorn,neither,0.03945320844208391,0.33037608806864915,0.630170703489267
I literally set my alarm to wake me up at this time lol,offensive_language,0.02499084124740922,0.498051698455005,0.47695746029758573
@wildperty Lmaooo,neither,0.03391848853660531,0.42431472933255177,0.541766782130843
Ewok also just signed to F aze. Dope,neither,0.04092808076647972,0.3454018789340127,0.6136700402995076
Hi chat,neither,0.03945320844208391,0.33037608806864915,0.630170703489267
@rissarosay Ewok is awesome. 🖤🖤,neither,0.051604876223397336,0.3261965722966076,0.622198551479995
thats cool :),neither,0.03945320844208391,0.33037608806864915,0.630170703489267
@groovyjuice02 I know. Love her,offensive_language,0.02353681532257559,0.6861606530427257,0.2903025316346988
ninjaThirst ninjaThirst ninjaThirst,neither,0.03945320844208391,0.33037608806864915,0.630170703489267
It would be so cool to know sign language,neither,0.04311350851098414,0.3603583209431411,0.5965281705458748
"3Million wallah I give 1Million to ninja to finish hosting WC, throw another million in the trash and still have plenty for the WC",neither,0.05700943528412191,0.20908901702292626,0.7339015476929518
Be nice if ninja gets to cast some today.,neither,0.026307857300817045,0.35914601819545977,0.6145461245037233
,neither,0.03945320844208391,0.33037608806864915,0.630170703489267
yaboy_x1 subscribed at Tier 1. They've subscribed for 15 months! 15 MONTHS THATS INANE,neither,0.025396115253977385,0.3183966205085465,0.6562072642374761
Kapp,neither,0.03945320844208391,0.33037608806864915,0.630170703489267
"osiristheninjacat subscribed at Tier 1. They've subscribed for 2 months, currently on a 2 month streak! ninjaFan ninja90s ninjaFan",neither,0.02239512321462605,0.3238220280209259,0.653782848764448
Go Reverse,neither,0.04076545527285137,0.334931166163354,0.6243033785637945
He hits those,neither,0.08261786461075961,0.24205260900734987,0.6753295263818907
That’s a lie we all miss our shots lol,neither,0.027492167038095008,0.4634829204368064,0.5090249125250986
bwanafide subscribed with Twitch Prime. They've subscribed for 11 months!,neither,0.01819233148295946,0.323175542712437,0.6586321258046036
xxsheetzhotdogsxx subscribed with Twitch Prime. They've subscribed for 14 months!,neither,0.01847321566222609,0.32325705232198204,0.6582697320157919
