text,top_class,hate_speech,offensive_language,neither
Ricky you only got 3 kills when I was on your team Kappa,neither,0.0566956163409037,0.4236565347861028,0.5196478488729934
i cant even hit that,neither,0.0340526175166783,0.39582820189995405,0.5701191805833677
@ninja you guys going to play the new map?,neither,0.056963388525656015,0.3023648280810218,0.6406717833933222
on the perfect run,neither,0.0352702572146977,0.32725314885391726,0.6374765939313851
was randa on optic ?,neither,0.03290156617573615,0.366349235856607,0.6007491979676569
ninjaCash,neither,0.03945320844208391,0.33037608806864915,0.630170703489267
!series,neither,0.03945320844208391,0.33037608806864915,0.630170703489267
RNG 5 | 1 Randa's Team,neither,0.03945320844208391,0.33037608806864915,0.630170703489267
no,neither,0.036918905254960256,0.37338982715841207,0.5896912675866277
i delete and type again way too much that is my problem,neither,0.029883449636098288,0.4085840935207359,0.561532456843166
!commands,neither,0.03945320844208391,0.33037608806864915,0.630170703489267
brunothedog1 -> The bot commands for this channel are available at https://beta.nightbot.tv/t/ninja/commands,neither,0.04637165599724777,0.29795772305344853,0.6556706209493037
6-1?,neither,0.03945320844208391,0.33037608806864915,0.630170703489267
*** my fingers hurt I cant Kappa,neither,0.03107905168665049,0.3935385519865568,0.5753823963267928
ninjaCREEP,neither,0.03945320844208391,0.33037608806864915,0.630170703489267
"@WarchantWarrior, wanna get carried Kappa",neither,0.03903637128317266,0.33745090251367077,0.6235127262031567
@Ninja can we see you in the LEATHER?,neither,0.05143091003016276,0.35013785726328817,0.5984312327065491
ARMADUH,neither,0.03945320844208391,0.33037608806864915,0.630170703489267
@babykittens ninjaRIP ? ninjaBible,neither,0.03945320844208391,0.33037608806864915,0.630170703489267
"@Avid_Affinity, HIT 168 WPM",neither,0.03945320844208391,0.33037608806864915,0.630170703489267
WE LOST,neither,0.039215250271749096,0.33441485924056885,0.6263698904876821
!editcom !series RNG 6 | 1 Randa's Team,neither,0.03945320844208391,0.33037608806864915,0.630170703489267
"LukeBlu -> The command ""!series"" has been edited successfully.",neither,0.03889829173071748,0.318443543191085,0.6426581650781975
ninjaCreep,neither,0.03945320844208391,0.33037608806864915,0.630170703489267
@ftgnick bro long time no see OpieOP,neither,0.037205433832790916,0.3627951849589441,0.5999993812082651
ninjaCreep,neither,0.03945320844208391,0.33037608806864915,0.630170703489267
MVGame,neither,0.03945320844208391,0.33037608806864915,0.630170703489267
!series,neither,0.03945320844208391,0.33037608806864915,0.630170703489267
RNG 6 | 1 Randa's Team,neither,0.03945320844208391,0.33037608806864915,0.630170703489267
what,neither,0.057770773616808734,0.3180719994247239,0.6241572269584672
if,neither,0.006725917576924588,0.4780292726816787,0.5152448097413966
Peng is the best player on this team,neither,0.037049517626808304,0.40437907544523977,0.5585714069279519
i told,neither,0.03945320844208391,0.33037608806864915,0.630170703489267
you,offensive_language,0.21217306638279385,0.6099082758190073,0.17791865779819876
@ninja new GT = NinJester,neither,0.04910607021265781,0.28390355686754026,0.6669903729198018
it was a lie,neither,0.03727994724340927,0.33399189901530874,0.628728153741282
"@viisiionary, who are you DansGame",offensive_language,0.2014196755972135,0.4669036700805705,0.3316766543222161
Kappa,neither,0.03945320844208391,0.33037608806864915,0.630170703489267
.....,neither,0.03945320844208391,0.33037608806864915,0.630170703489267
.......,neither,0.03945320844208391,0.33037608806864915,0.630170703489267
shouldnt it be 5-2?,neither,0.03832460124207336,0.3354123801157479,0.6262630186421787
PLS TELL ME IT IS,neither,0.03776676364737299,0.3682586623685378,0.5939745739840891
I NEED THIS,neither,0.0388977305515119,0.3305791571687836,0.6305231122797046
I NEED TO KNOW TEENAGERS IS TIED WITH ME,neither,0.03504463510802642,0.38080209716719926,0.5841532677247744
is it?,neither,0.059603583318096655,0.32344545014120724,0.616950966540696
AND YOU LIED,neither,0.0614466493406242,0.3312326091535698,0.607320741505806
@ftgnick check whispers Kappa,neither,0.03945320844208391,0.33037608806864915,0.630170703489267
i wasnt paying attenntion,neither,0.03945320844208391,0.33037608806864915,0.630170703489267
BabyKittens: I NEED TO KNOW TEENAGERS IS TIED WITH ME,neither,0.03504463510802642,0.38080209716719926,0.5841532677247744
context?,neither,0.03945320844208391,0.33037608806864915,0.630170703489267
to @itz_26,neither,0.08141052394132535,0.3085008144527792,0.6100886616058954
typing test,neither,0.03945320844208391,0.33037608806864915,0.630170703489267
"@viisiionary, bruh I have the memory of a goldfish Kappa",neither,0.03852169140757499,0.32552770657172153,0.6359506020207035
!series,neither,0.03945320844208391,0.33037608806864915,0.630170703489267
RNG 6 | 1 Randa's Team,neither,0.03945320844208391,0.33037608806864915,0.630170703489267
!uptime,neither,0.03945320844208391,0.33037608806864915,0.630170703489267
andrea the thing you never did,neither,0.04797010119874903,0.38937223062055454,0.5626576681806965
hi,neither,0.03945320844208391,0.33037608806864915,0.630170703489267
"Ninja has been streaming for 10 hours, 46 minutes, 20 seconds",neither,0.036476306620195145,0.31466626315608764,0.6488574302237172
did we win or lose this last game? if we lost i think it said 5-1 before it,neither,0.026522368424909567,0.3705477716864246,0.6029298598886658
bingBad,neither,0.03945320844208391,0.33037608806864915,0.630170703489267
?,neither,0.03945320844208391,0.33037608806864915,0.630170703489267
joey dont be so gullible,neither,0.039817208092236545,0.371742877204534,0.5884399147032295
that pic,neither,0.029072074323015923,0.47444112298988,0.4964868026871042
it looked legit :/,neither,0.038006671801861014,0.330873618351031,0.631119709847108
ninjaH ninjaH ninjaH ninjaH,neither,0.03945320844208391,0.33037608806864915,0.630170703489267
it had 800 keystrokes :/,neither,0.037888942083983905,0.33091411099957607,0.63119694691644
not 100% sure though,neither,0.03266365415268997,0.46546927738523436,0.5018670684620757
affinity u better be lying :/,neither,0.04004920060768755,0.3353668497320697,0.6245839496602428
look,neither,0.04415703775132217,0.3287582254722749,0.6270847367764029
lirikFEELS,neither,0.03945320844208391,0.33037608806864915,0.630170703489267
Peng is the best in the game,neither,0.04590481759181332,0.24647208824375036,0.7076230941644364
What team is 2gre on now?,neither,0.05328627927186045,0.3381029483309942,0.6086107723971453
!serirs,neither,0.03945320844208391,0.33037608806864915,0.630170703489267
My boy,neither,0.021444584624538354,0.48220956225782785,0.49634585311763385
!series,neither,0.03945320844208391,0.33037608806864915,0.630170703489267
RNG 6 | 1 Randa's Team,neither,0.03945320844208391,0.33037608806864915,0.630170703489267
wut am i looking at :/,neither,0.038509669989307514,0.3535518728500776,0.607938457160615
I think Team GOAT,neither,0.04000860685042728,0.3209495276047192,0.6390418655448535
"hawnpride888, we won just checked",neither,0.03493270390381974,0.35355625925740025,0.6115110368387799
RNG RNG RNG RNG RNG RNG RNG RNG RNG,neither,0.03945320844208391,0.33037608806864915,0.630170703489267
!series,neither,0.03945320844208391,0.33037608806864915,0.630170703489267
!series,neither,0.03945320844208391,0.33037608806864915,0.630170703489267
RNG 6 | 1 Randa's Team,neither,0.03945320844208391,0.33037608806864915,0.630170703489267
@Lukeblu haha maybe i should stop playing and watching at the same time,neither,0.04203182725051126,0.44989042745721697,0.5080777452922718
Commonly is HYPEr,neither,0.081172750358939,0.3160268245287109,0.60280042511235
tyrant flag is obviously going to be in the next HWC maps list. They should play it,neither,0.05230149016456582,0.3602982328598083,0.5874002769756258
"Damn, Randas team is butt cheeks",offensive_language,0.056174169515689855,0.7848893258904536,0.1589365045938567
!series,neither,0.03945320844208391,0.33037608806864915,0.630170703489267
wow,neither,0.03945320844208391,0.33037608806864915,0.630170703489267
PogChamp,neither,0.03945320844208391,0.33037608806864915,0.630170703489267
i do the same lol hawnpride888,neither,0.030548079599869694,0.3939500830329999,0.5755018373671303
dirty,neither,0.03945320844208391,0.33037608806864915,0.630170703489267
DAMN,offensive_language,0.042479326866149344,0.9516554255713155,0.005865247562535126
https://gyazo.com/d5d0da81c056b96554a3351b35a60503,neither,0.03945320844208391,0.33037608806864915,0.630170703489267
The nosc Kreygasm,neither,0.03613032604487659,0.2619290779399786,0.7019405960151449
daaaaaamn,neither,0.03945320844208391,0.33037608806864915,0.630170703489267
nasty snipe,neither,0.03945320844208391,0.33037608806864915,0.630170703489267
i win Kappa,neither,0.03945320844208391,0.33037608806864915,0.630170703489267
!leatherdildos,neither,0.03945320844208391,0.33037608806864915,0.630170703489267
Nice SNIPE,neither,0.03945320844208391,0.33037608806864915,0.630170703489267
:/,neither,0.03945320844208391,0.33037608806864915,0.630170703489267
!gayjackets,neither,0.03945320844208391,0.33037608806864915,0.630170703489267
http://www.keybr.com/ <-- k ginna practice 2 hours a day to beat joey,neither,0.04130698913440614,0.2561030589207515,0.7025899519448423
ninjaCreep ninjaCreep ninjaCreep ninjaCreep ninjaCreep ninjaCreep,neither,0.03945320844208391,0.33037608806864915,0.630170703489267
!series,neither,0.03945320844208391,0.33037608806864915,0.630170703489267
RNG 6 | 1 Randa's Team,neither,0.03945320844208391,0.33037608806864915,0.630170703489267
everything is a lie now :(,neither,0.048834485518682476,0.32714943669789404,0.6240160777834234
omg,neither,0.03945320844208391,0.33037608806864915,0.630170703489267
PogChamp,neither,0.03945320844208391,0.33037608806864915,0.630170703489267
LOL ANDREA,neither,0.031120645729857982,0.3912535864736078,0.5776257677965343
that double would of been insane,neither,0.03552073688821507,0.3648741921577327,0.5996050709540524
me and you are both #1 Kappa,neither,0.07121756169344819,0.32402839433172725,0.6047540439748245
MY GOSH,neither,0.026849424816611563,0.43008745607894866,0.5430631191044397
ohhhh,neither,0.03945320844208391,0.33037608806864915,0.630170703489267
OMG,neither,0.03945320844208391,0.33037608806864915,0.630170703489267
OMG,neither,0.03945320844208391,0.33037608806864915,0.630170703489267
wut,neither,0.03945320844208391,0.33037608806864915,0.630170703489267
jesus,neither,0.03945320844208391,0.33037608806864915,0.630170703489267
I'm okay with this Kappa,neither,0.029424586990780596,0.36623615461430215,0.6043392583949172
holy,neither,0.03945320844208391,0.33037608806864915,0.630170703489267
wuuuuuut,neither,0.03945320844208391,0.33037608806864915,0.630170703489267
What,neither,0.057770773616808734,0.3180719994247239,0.6241572269584672
omg,neither,0.03945320844208391,0.33037608806864915,0.630170703489267
PogChamp,neither,0.03945320844208391,0.33037608806864915,0.630170703489267
On fire,neither,0.03521236474386223,0.35102251428035053,0.6137651209757872
yooooooooo,neither,0.03945320844208391,0.33037608806864915,0.630170703489267
NINJA,neither,0.03945320844208391,0.33037608806864915,0.630170703489267
im dying,neither,0.038299600927222684,0.3741237093903723,0.587576689682405
!setup,neither,0.03945320844208391,0.33037608806864915,0.630170703489267
RIP,neither,0.03945320844208391,0.33037608806864915,0.630170703489267
PogChamp PogChamp,neither,0.03945320844208391,0.33037608806864915,0.630170703489267
700 wpm WuteFace,neither,0.03945320844208391,0.33037608806864915,0.630170703489267
Omg,neither,0.03945320844208391,0.33037608806864915,0.630170703489267
OMGx2,neither,0.03945320844208391,0.33037608806864915,0.630170703489267
2!,neither,0.03945320844208391,0.33037608806864915,0.630170703489267
WutFace,neither,0.03945320844208391,0.33037608806864915,0.630170703489267
Omg,neither,0.03945320844208391,0.33037608806864915,0.630170703489267
WTF,offensive_language,0.04410695246022759,0.7898861884776351,0.16600685906213722
ninjaRekt ninjaRekt ninjaRekt ninjaRekt ninjaRekt ninjaRekt ninjaRekt ninjaRekt ninjaRekt ninjaRekt ninjaRekt,neither,0.03945320844208391,0.33037608806864915,0.630170703489267
omg,neither,0.03945320844208391,0.33037608806864915,0.630170703489267
jesus,neither,0.03945320844208391,0.33037608806864915,0.630170703489267
WutFace,neither,0.03945320844208391,0.33037608806864915,0.630170703489267
OHHHHHHHHHHHHH,neither,0.03945320844208391,0.33037608806864915,0.630170703489267
woah,neither,0.03945320844208391,0.33037608806864915,0.630170703489267
omg,neither,0.03945320844208391,0.33037608806864915,0.630170703489267
!controls,neither,0.03945320844208391,0.33037608806864915,0.630170703489267
wutttt,neither,0.03945320844208391,0.33037608806864915,0.630170703489267
rofl,neither,0.03945320844208391,0.33037608806864915,0.630170703489267
oooooooooooo,neither,0.03945320844208391,0.33037608806864915,0.630170703489267
Im DONE.,neither,0.03695877922209892,0.40010647775650465,0.5629347430213966
what zew fuk,neither,0.04737324045421842,0.32477606221137617,0.6278506973344053
Aaahhhhh,neither,0.03945320844208391,0.33037608806864915,0.630170703489267
OMGGGG,neither,0.03945320844208391,0.33037608806864915,0.630170703489267
omg,neither,0.03945320844208391,0.33037608806864915,0.630170703489267
STAHP,neither,0.03945320844208391,0.33037608806864915,0.630170703489267
OMG!!!,neither,0.03945320844208391,0.33037608806864915,0.630170703489267
DOOD,neither,0.03945320844208391,0.33037608806864915,0.630170703489267
Damn,offensive_language,0.042479326866149344,0.9516554255713155,0.005865247562535126
What,neither,0.057770773616808734,0.3180719994247239,0.6241572269584672
wtf lol,offensive_language,0.031162530387327435,0.7876633485558594,0.181174121056813
what,neither,0.057770773616808734,0.3180719994247239,0.6241572269584672
holy crap,neither,0.03945320844208391,0.33037608806864915,0.630170703489267
cmonBruh,neither,0.03945320844208391,0.33037608806864915,0.630170703489267
OH MY GOD,neither,0.030266422441093326,0.38268872444249025,0.5870448531164164
OMGG,neither,0.03945320844208391,0.33037608806864915,0.630170703489267
OMGx3,neither,0.03945320844208391,0.33037608806864915,0.630170703489267
omg going off ninja popping off with snipe,neither,0.03210331376763294,0.3679471555730051,0.5999495306593621
Omg,neither,0.03945320844208391,0.33037608806864915,0.630170703489267
sheeeet,neither,0.03945320844208391,0.33037608806864915,0.630170703489267
Omg!!!!!!,neither,0.03945320844208391,0.33037608806864915,0.630170703489267
wtf,offensive_language,0.04410695246022759,0.7898861884776351,0.16600685906213722
Damn wyf,offensive_language,0.042479326866149344,0.9516554255713155,0.005865247562535126
holy god,neither,0.03945320844208391,0.33037608806864915,0.630170703489267
ninja is going off with sniper !!,neither,0.03383909977210228,0.3892145761949327,0.576946324032965
vac,neither,0.03945320844208391,0.33037608806864915,0.630170703489267
THE Dominance!!!,neither,0.03613032604487659,0.2619290779399786,0.7019405960151449
ninjaRekt ninjaRekt,neither,0.03945320844208391,0.33037608806864915,0.630170703489267
IS NINJA GOD,neither,0.048505397392550456,0.32726262519500515,0.6242319774124443
Wtf holy ***,offensive_language,0.042937754426990916,0.6336275066155441,0.323434738957465
MONTAGE CLIP,neither,0.03945320844208391,0.33037608806864915,0.630170703489267
uhhh,neither,0.03945320844208391,0.33037608806864915,0.630170703489267
youtube,neither,0.03945320844208391,0.33037608806864915,0.630170703489267
NINJA OP,neither,0.03945320844208391,0.33037608806864915,0.630170703489267
PogChamp PogChamp PogChamp PogChamp,neither,0.03945320844208391,0.33037608806864915,0.630170703489267
NINJA = GOD,neither,0.03945320844208391,0.33037608806864915,0.630170703489267
the casual tripple snapshot?,neither,0.03839939302560993,0.311011251109799,0.6505893558645911
ninja is the fuching good,neither,0.0467424320660751,0.3098925169683479,0.643365050965577
VACJA,neither,0.03945320844208391,0.33037608806864915,0.630170703489267
MONTAGE!!!,neither,0.03945320844208391,0.33037608806864915,0.630170703489267
NinjaTroll,neither,0.03945320844208391,0.33037608806864915,0.630170703489267
!series,neither,0.03945320844208391,0.33037608806864915,0.630170703489267
RNG 6 | 1 Randa's Team,neither,0.03945320844208391,0.33037608806864915,0.630170703489267
Wait do it again I missed it Kappa,neither,0.03716519890630508,0.3526126097598716,0.6102221913338234
sorry for the distraction back to scrims,neither,0.03904761428976579,0.2741356796762419,0.6868167060339924
shaved ninja is a savage,neither,0.04590612790153857,0.3281566331640328,0.6259372389344285
ALL HAIL NINJAGOD!,neither,0.04167083427717469,0.4183849112737958,0.5399442544490295
lirikFEELS,neither,0.03945320844208391,0.33037608806864915,0.630170703489267
ODDSHOT,neither,0.03945320844208391,0.33037608806864915,0.630170703489267
That was absolutely ridiculous,neither,0.03590492394678072,0.36956902488516796,0.5945260511680514
Someone oddshot that I wasnt looking,neither,0.035656177463788796,0.3716598946152724,0.5926839279209387
RIP Randas Team,neither,0.03945320844208391,0.33037608806864915,0.630170703489267
This typing test ruined my life.,neither,0.02911663983792058,0.4329039980296202,0.5379793621324592
!series,neither,0.03945320844208391,0.33037608806864915,0.630170703489267
!leatherasslesschaps,neither,0.03945320844208391,0.33037608806864915,0.630170703489267
"@JoyandJoyness, same FeelsBadMan",neither,0.04148851938089603,0.3488915597363099,0.609619920882794
"@thirdnothing, HeyGuys",neither,0.03945320844208391,0.33037608806864915,0.630170703489267
whats the link to the typing test,neither,0.04270036808444353,0.3063924307182534,0.6509072011973029
If only his LAN game was as strong as his online game Kreygasm,neither,0.04868310361553819,0.35250914352225027,0.5988077528622117
HeyGuys,neither,0.03945320844208391,0.33037608806864915,0.630170703489267
There is no command,neither,0.05282312456342596,0.27938973132911415,0.6677871441074599
You can Find more content on ninjas youtube here! Youtube.com/Ninjashyper,neither,0.07838144657627148,0.28011599440591606,0.6415025590178125
"@AndreaDuh, I can't feel my hands and I hate myself FeelsBadMan",neither,0.16571897065758787,0.2761942787218633,0.5580867506205488
Stop spammin,offensive_language,0.03955985943432937,0.5175432020074249,0.44289693855824575
!leather,neither,0.03945320844208391,0.33037608806864915,0.630170703489267
Hala Madrid,neither,0.03945320844208391,0.33037608806864915,0.630170703489267
Kappa,neither,0.03945320844208391,0.33037608806864915,0.630170703489267
joey I miss my dad lirikFEELS,neither,0.024719274286554398,0.4094080901433015,0.5658726355701441
practice so we can show joey and teenagers girl power Kappa,neither,0.042908978574179926,0.32325126023956446,0.6338397611862555
I just want to call him lirikFEELS,neither,0.04165728104643807,0.34936445856363085,0.6089782603899311
teenagers stop chilll bruhhhh hang in there man,neither,0.0393916702688521,0.3927172654030957,0.5678910643280523
that snapchat story of yours,neither,0.036106542777499015,0.36668794621915457,0.5972055110033465
killed me bruh,neither,0.030738361608395444,0.37825643240179946,0.5910052059898052
That feel when the quality is on low and you still can't load :(,neither,0.040553668022861276,0.3912568499341717,0.568189482042967
im so sorry to hear about that lirikFEELS,neither,0.0393516588949518,0.4606553403446041,0.49999300076044406
1st step: learn touch typing,neither,0.03945320844208391,0.33037608806864915,0.630170703489267
!series,neither,0.03945320844208391,0.33037608806864915,0.630170703489267
RNG 6 | 1 Randa's Team,neither,0.03945320844208391,0.33037608806864915,0.630170703489267
Come Join the Ninjas and support Tyler and his stream by subscribing here! https://secure.twitch.tv/products/ninja/ticket,neither,0.08445523311702725,0.2985902649493576,0.6169545019336152
lol,neither,0.020706217963973744,0.4882283491876925,0.4910654328483337
I may have peaked at 121. WutFace I'll have to practice tomorrow when the feeling returns @AndreaDuh,neither,0.03666740758042748,0.35367594624775567,0.6096566461718169
andrea pls Kappa,neither,0.03945320844208391,0.33037608806864915,0.630170703489267
zane garbo,neither,0.03945320844208391,0.33037608806864915,0.630170703489267
Zane pls,neither,0.03945320844208391,0.33037608806864915,0.630170703489267
!team,neither,0.03945320844208391,0.33037608806864915,0.630170703489267
Ninja is still with the Renegades org for now with Victory X. However nothing is set in stone and anything can change at any time. (Currently running with Commonly and Penguin),neither,0.028428911955806605,0.35794090073428464,0.6136301873099087
ITs ok mods I'll mod and play halo at the same time,neither,0.033466173928719214,0.32817246345638196,0.6383613626148988
Kappa,neither,0.03945320844208391,0.33037608806864915,0.630170703489267
Thanks,neither,0.035884468650613,0.3004919205142699,0.6636236108351171
@retroverliebt31 shhh kid,neither,0.03905924485280218,0.33706267834179776,0.6238780768054001
!series,neither,0.03945320844208391,0.33037608806864915,0.630170703489267
RNG 6 | 1 Randa's Team,neither,0.03945320844208391,0.33037608806864915,0.630170703489267
!series,neither,0.03945320844208391,0.33037608806864915,0.630170703489267
looking at my keybaord to type FeelsBadMan,neither,0.03209296715429441,0.4491211093078287,0.5187859235378767
Who is penguin,neither,0.049131565424771526,0.39689703281573707,0.5539714017594913
"@BabyKittens, https://gyazo.com/07ff77e98bff4e17f324cc5ebb1d01c6",neither,0.03945320844208391,0.33037608806864915,0.630170703489267
Kappa,neither,0.03945320844208391,0.33037608806864915,0.630170703489267
lmao same,neither,0.039192971386189525,0.3717876914874326,0.5890193371263778
2gre>zane,neither,0.03945320844208391,0.33037608806864915,0.630170703489267
!settings,neither,0.03945320844208391,0.33037608806864915,0.630170703489267
"Default, 4 sensitivity, 3 Aim acceleration, No Vibration, 0 inner 0 outer Dead Zones, ABXY paddles, On a SCUF Infinity",neither,0.03767574422509878,0.3437558957637876,0.6185683600111136
I hate matchmaking alone omfg people in diamond are slow,neither,0.25572194396544173,0.21051760621985802,0.5337604498147002
Seven incorrect words Kappa,neither,0.03945320844208391,0.33037608806864915,0.630170703489267
Please learn accuracy Kappa,neither,0.03945320844208391,0.33037608806864915,0.630170703489267
!series,neither,0.03945320844208391,0.33037608806864915,0.630170703489267
RNG 6 | 1 Randa's Team,neither,0.03945320844208391,0.33037608806864915,0.630170703489267
How are you guys so good at this typing ish? FeelsBadMan,neither,0.07059392175559408,0.3836476532936236,0.5457584249507823
!series,neither,0.03945320844208391,0.33037608806864915,0.630170703489267
im terrible don't worry AndreaDuh,neither,0.038646371402912244,0.361004938159048,0.6003486904380398
!series,neither,0.03945320844208391,0.33037608806864915,0.630170703489267
i type using only my pinkies,neither,0.025012933248694254,0.4791700045105272,0.4958170622407785
Jess Kappa /,neither,0.03945320844208391,0.33037608806864915,0.630170703489267
"AndreaDuh, maybe it's because we're not *** Keepo",neither,0.054997189063231415,0.3087057979180229,0.6362970130187457
!editcom !series RNG 7 | 1 Randa's Team,neither,0.03945320844208391,0.33037608806864915,0.630170703489267
"LukeBlu -> The command ""!series"" has been edited successfully.",neither,0.03889829173071748,0.318443543191085,0.6426581650781975
