text,top_class,hate_speech,offensive_language,neither
1 person died from their group ?,neither,0.040365007622768415,0.31490047636619284,0.6447345160110387
ninjaOK,neither,0.03945320844208391,0.33037608806864915,0.630170703489267
wtf happened,offensive_language,0.04286216370140786,0.6265794825605034,0.33055835373808873
Come Join the Ninjas and support Tyler and his stream by subscribing here! https://secure.twitch.tv/products/ninja/ticket,neither,0.08445523311702725,0.2985902649493576,0.6169545019336152
Lmao,neither,0.03705015143476208,0.3711622369619404,0.5917876116032975
ripped,neither,0.03945320844208391,0.33037608806864915,0.630170703489267
back to ninja1's,neither,0.0560211244802596,0.3210737060090867,0.6229051695106536
holy fk,neither,0.03945320844208391,0.33037608806864915,0.630170703489267
AND THEN THERE WAS ONE,neither,0.03748171397189883,0.2724651578754012,0.6900531281526999
Ninja sabotage,neither,0.03945320844208391,0.33037608806864915,0.630170703489267
lfsW,neither,0.03945320844208391,0.33037608806864915,0.630170703489267
worst play ever NotLikeThis,neither,0.04073668364893544,0.30859216420500535,0.6506711521460592
"I think it was 3, 5 guys pop out",neither,0.03541866610932995,0.3185437797032464,0.6460375541874237
"i prolly would have gotten out too, if u drove past em like that",neither,0.028534767683944126,0.410256119875837,0.5612091124402189
Ninja taking revenge\,neither,0.03945320844208391,0.33037608806864915,0.630170703489267
NEXT TEAM UP,neither,0.0352125480120148,0.414009102937781,0.5507783490502042
lol wowwww,neither,0.031120645729857982,0.3912535864736078,0.5776257677965343
HAHA,neither,0.03186685585600258,0.45913629025701075,0.5089968538869867
LEGEND NINJAS A LEGEND,neither,0.03945320844208391,0.33037608806864915,0.630170703489267
#betteralone Kappa,neither,0.03945320844208391,0.33037608806864915,0.630170703489267
rip,neither,0.03945320844208391,0.33037608806864915,0.630170703489267
OOOOH,neither,0.03945320844208391,0.33037608806864915,0.630170703489267
THE RAMBO PLAY,neither,0.03851129657133278,0.3131243125390888,0.6483643908895785
LOL,neither,0.020706217963973744,0.4882283491876925,0.4910654328483337
GG,neither,0.03945320844208391,0.33037608806864915,0.630170703489267
SIT,neither,0.03945320844208391,0.33037608806864915,0.630170703489267
LOL DYING VOICE,neither,0.031262479610963435,0.39011010903446597,0.5786274113545706
LOOL,neither,0.03945320844208391,0.33037608806864915,0.630170703489267
lol,neither,0.020706217963973744,0.4882283491876925,0.4910654328483337
ninja 'im just going to drive by' everyone gets ouit,offensive_language,0.03218358073466857,0.5245035438425055,0.44331287542282594
4Head,neither,0.03945320844208391,0.33037608806864915,0.630170703489267
4Head,neither,0.03945320844208391,0.33037608806864915,0.630170703489267
silly time to get out of the car for those 2 teammates,neither,0.04978126169112751,0.2810171377062555,0.6692016006026169
They were so young HerbPerve,neither,0.03619858929660078,0.4159477092422339,0.5478537014611653
Lone wolf,neither,0.03945320844208391,0.33037608806864915,0.630170703489267
died while still flying out,neither,0.03501915250419798,0.35733683196943505,0.607644015526367
!uptime,neither,0.03945320844208391,0.33037608806864915,0.630170703489267
Ninja has been streaming for 1 hour 39 minutes 3 seconds,neither,0.03624452080903478,0.3134413282953367,0.6503141508956286
!br,neither,0.03945320844208391,0.33037608806864915,0.630170703489267
0 wins today,neither,0.037739400101288526,0.3038434193593761,0.6584171805393354
Join the most active Halo community! - http://bit.ly/ForumSignup,neither,0.03720444973289936,0.2632613391487466,0.699534211118354
pups slaughtered,neither,0.03945320844208391,0.33037608806864915,0.630170703489267
"what is ""Pure Perfection""?",neither,0.05274844460175873,0.32394248700379435,0.6233090683944469
lol,neither,0.020706217963973744,0.4882283491876925,0.4910654328483337
holy *** lol,neither,0.029191683330850524,0.4072214580823061,0.5635868585868433
Flying jeeps out of the sky,neither,0.0347859274180515,0.3305302579773701,0.6346838146045785
hahah,neither,0.03945320844208391,0.33037608806864915,0.630170703489267
that car,neither,0.033081128052563046,0.4003994946469349,0.5665193773005022
HOLY,neither,0.03945320844208391,0.33037608806864915,0.630170703489267
Omg lol,neither,0.028153223926309316,0.41615248093853685,0.5556942951351538
set up,neither,0.035587640772271945,0.41108965988552343,0.5533226993422047
Lol wtf,offensive_language,0.031162530387327435,0.7876633485558594,0.181174121056813
that image of the car flying down the mountain looked sick,neither,0.03632106095856248,0.3356411650180957,0.6280377740233417
i have it if anyone wants it,neither,0.021784654319009403,0.38979211542636544,0.5884232302546251
^,neither,0.03945320844208391,0.33037608806864915,0.630170703489267
!uptime,neither,0.03945320844208391,0.33037608806864915,0.630170703489267
Ninja has been streaming for 1 hour 41 minutes 22 seconds,neither,0.03618240721808458,0.31311304912633214,0.6507045436555833
Ask permission to link,neither,0.04517000496326085,0.327020475773933,0.6278095192628061
I have,neither,0.03788192279475323,0.35704490623261964,0.6050731709726273
/w me please,neither,0.027733714911649544,0.3966643840372839,0.5756019010510666
!settings,neither,0.03945320844208391,0.33037608806864915,0.630170703489267
"Default, sensitivity is 4 vertical and 2.5 horizontal, 3 Aim acceleration, No Vibration, 0 inner 0 outer Dead Zones, ABXY paddles, On a SCUF Infinity",neither,0.040736645863709356,0.32376124185386773,0.6355021122824229
I have 2 more spots for anyone who wants to join 5s,neither,0.04042116620348156,0.34473414766154253,0.6148446861349758
eu or us arris?,neither,0.12491977929744137,0.311300258656315,0.5637799620462436
johnny badass jeep driver,neither,0.03945320844208391,0.33037608806864915,0.630170703489267
us,neither,0.16231652794574625,0.30086888815671975,0.5368145838975339
Arris,neither,0.03945320844208391,0.33037608806864915,0.630170703489267
ninja,neither,0.03945320844208391,0.33037608806864915,0.630170703489267
i wispered you,offensive_language,0.21217306638279385,0.6099082758190073,0.17791865779819876
only ninja left,neither,0.03945320844208391,0.33037608806864915,0.630170703489267
ty,neither,0.03945320844208391,0.33037608806864915,0.630170703489267
on man army,neither,0.036121503716719836,0.4251768491098685,0.5387016471734115
oh my god,neither,0.030266422441093326,0.38268872444249025,0.5870448531164164
ninja going nuts,neither,0.03793562274262113,0.3561334779716049,0.605930899285774
beast mode,neither,0.03945320844208391,0.33037608806864915,0.630170703489267
ninjaRekt ninjaRekt ninjaRekt,neither,0.03945320844208391,0.33037608806864915,0.630170703489267
gg,neither,0.03945320844208391,0.33037608806864915,0.630170703489267
omg,neither,0.03945320844208391,0.33037608806864915,0.630170703489267
oh my God this man's a monster,neither,0.03351321490308455,0.4215130800157369,0.5449737050811786
THE PLASS,neither,0.03613032604487659,0.2619290779399786,0.7019405960151449
ninjaRekt ninjaRekt ninjaRekt ninjaRekt,neither,0.03945320844208391,0.33037608806864915,0.630170703489267
nice one @ninja,neither,0.03857207020583331,0.3627430536919081,0.5986848761022586
this guy is sick lmao,neither,0.0464016303449391,0.35523722934632923,0.5983611403087318
Woah,neither,0.03945320844208391,0.33037608806864915,0.630170703489267
NINJA THE GOD,neither,0.03849193332595977,0.3127598162773007,0.6487482503967396
PogChamp,neither,0.03945320844208391,0.33037608806864915,0.630170703489267
addy,neither,0.03945320844208391,0.33037608806864915,0.630170703489267
the GOAT,neither,0.03825742109612947,0.30830648690722096,0.6534360919966495
F A C,neither,0.03945320844208391,0.33037608806864915,0.630170703489267
"oh my good god, holy ***",neither,0.03227841165144693,0.36667689519842417,0.6010446931501289
ninjaRekt ninjaRekt ninjaRekt,neither,0.03945320844208391,0.33037608806864915,0.630170703489267
22 condition,neither,0.03945320844208391,0.33037608806864915,0.630170703489267
good *** ninja,neither,0.03868733656327734,0.3306395065272872,0.6306731569094355
they are so bad wtf,offensive_language,0.07238181918197097,0.6345024488679429,0.293115731950086
hes gonna hit a 30 bomb this game,neither,0.03809927097621498,0.3342624325061731,0.6276382965176119
GOD THE NINJA*,neither,0.03849193332595977,0.3127598162773007,0.6487482503967396
NINJY MY LAWD,neither,0.02585273357927581,0.43921537444690584,0.5349318919738183
FapFapFap,neither,0.03945320844208391,0.33037608806864915,0.630170703489267
You SIr Are the man :),neither,0.10340823461479294,0.3827073144427047,0.5138844509425023
sxyRekt sxyRekt sxyRekt,neither,0.03945320844208391,0.33037608806864915,0.630170703489267
top 15,neither,0.03945320844208391,0.33037608806864915,0.630170703489267
THE NINJA GOD*,neither,0.03849193332595977,0.3127598162773007,0.6487482503967396
VaultBoy,neither,0.03945320844208391,0.33037608806864915,0.630170703489267
#GETREKT SON OMG NICE JOG PogChamp,neither,0.03945320844208391,0.33037608806864915,0.630170703489267
anyone else want in on this 5 man team,neither,0.037245177999304886,0.3930037351900342,0.569751086810661
game crash incoming Kappa,neither,0.03886012418069587,0.2945867297093188,0.6665531461099853
you missed the berries Kappa,neither,0.053740183516688356,0.3558962906473938,0.5903635258359178
ninja is just on a whole other lvl,neither,0.03943995252482849,0.35310723501864705,0.6074528124565245
Idk -_-?,neither,0.03945320844208391,0.33037608806864915,0.630170703489267
lol,neither,0.020706217963973744,0.4882283491876925,0.4910654328483337
i can come but iam eu @arriswuju,neither,0.035100509956071106,0.3611692247466304,0.6037302652972986
@Ninja death bringer WutFace,neither,0.03945320844208391,0.33037608806864915,0.630170703489267
Lol,neither,0.020706217963973744,0.4882283491876925,0.4910654328483337
hahahaha,neither,0.03945320844208391,0.33037608806864915,0.630170703489267
I have a copy of Overwatch Origins Edition for trade cheap! Whisper me if your interested!,neither,0.03427833417616643,0.3623362978965039,0.6033853679273297
LUL,neither,0.03945320844208391,0.33037608806864915,0.630170703489267
what ninja win,neither,0.04511979302972506,0.3263182464749471,0.6285619604953279
Dankism,neither,0.03945320844208391,0.33037608806864915,0.630170703489267
some1 got an oddshot?,neither,0.038446536182764536,0.3732247540317646,0.5883287097854708
"i wanna get scammed today, add me",neither,0.03071294612797815,0.3550882612049257,0.6141987926670962
Kappa,neither,0.03945320844208391,0.33037608806864915,0.630170703489267
@Arriswuju eu or us?,neither,0.12491977929744137,0.311300258656315,0.5637799620462436
"@Definitelynotchillmeister, Keepo",neither,0.03945320844208391,0.33037608806864915,0.630170703489267
us,neither,0.16231652794574625,0.30086888815671975,0.5368145838975339
grill,neither,0.03945320844208391,0.33037608806864915,0.630170703489267
Keepo /,neither,0.03945320844208391,0.33037608806864915,0.630170703489267
lol,neither,0.020706217963973744,0.4882283491876925,0.4910654328483337
lol,neither,0.020706217963973744,0.4882283491876925,0.4910654328483337
potty loool,neither,0.03945320844208391,0.33037608806864915,0.630170703489267
<3,neither,0.03945320844208391,0.33037608806864915,0.630170703489267
grill? LUL,neither,0.03945320844208391,0.33037608806864915,0.630170703489267
Aw poshDERP,neither,0.03945320844208391,0.33037608806864915,0.630170703489267
ninja you need molly's to win this,neither,0.059281434144402255,0.3638093180654182,0.5769092477901796
I love you mum BabyRage,neither,0.055614303534325615,0.40605032358192344,0.538335372883751
i love oyu mommy,neither,0.0360053414055849,0.3465167256147498,0.6174779329796654
Kappa,neither,0.03945320844208391,0.33037608806864915,0.630170703489267
potty ;3,neither,0.03945320844208391,0.33037608806864915,0.630170703489267
no time for this LUL,neither,0.03235721473145682,0.33499830319416085,0.6326444820743824
i would never say live streaming that my door is opened with those freaks watching,neither,0.03913815876618989,0.39253106523893294,0.5683307759948772
MOM,neither,0.03945320844208391,0.33037608806864915,0.630170703489267
love nah,neither,0.034975746867023226,0.3515476246785738,0.613476628454403
I love your streams @manapuagirl,neither,0.07007584386419603,0.3353466942481231,0.594577461887681
MOM I LOVE U BabyRage,neither,0.035027207401252355,0.35129377016923796,0.6136790224295096
you love us? PogChamp,neither,0.17585342618932856,0.4012209433332706,0.42292563047740084
Join the most active Halo community! - http://bit.ly/ForumSignup,neither,0.03720444973289936,0.2632613391487466,0.699534211118354
WutFace,neither,0.03945320844208391,0.33037608806864915,0.630170703489267
MOM DO U LOVE ME? BabyRage,neither,0.02893271791455827,0.3951546595015154,0.5759126225839262
rip car xDDDDD,neither,0.03945320844208391,0.33037608806864915,0.630170703489267
noob question where the fudge are those pants from,neither,0.08128219507167259,0.2061066888866004,0.7126111160417271
AthenaPMS AthenaPMS,neither,0.03945320844208391,0.33037608806864915,0.630170703489267
the noob store,neither,0.08472996305939362,0.2921437595448427,0.6231262773957639
p.o.p. Hold it down ninjaTooth,neither,0.03760225447439671,0.3310127160147462,0.631385029510857
"Dude normal BR is sooooooooooo easy when you are one of theb est ignition players like me, i win every *** normla br",neither,0.06574995935897472,0.41439983969128674,0.5198502009497386
fudfe town,neither,0.03945320844208391,0.33037608806864915,0.630170703489267
PogChamp,neither,0.03945320844208391,0.33037608806864915,0.630170703489267
This man is a beast,neither,0.04889171833151484,0.3994814101011031,0.551626871567382
tjhey missed every shot lol,neither,0.03207339529746136,0.3836500640966325,0.5842765406059061
he's Unstoppable people,neither,0.13852789414805725,0.3099237932990576,0.5515483125528852
y u so good,neither,0.03814044697628118,0.4245687317089837,0.5372908213147352
They never had a chance FeelsBadMan,neither,0.03518295072876636,0.3739320032046603,0.5908850460665734
lol,neither,0.020706217963973744,0.4882283491876925,0.4910654328483337
hahaha,neither,0.03945320844208391,0.33037608806864915,0.630170703489267
;3,neither,0.03945320844208391,0.33037608806864915,0.630170703489267
the 1 man army,neither,0.038343132847121666,0.38625052097650187,0.5754063461763764
OhMyDog,neither,0.03945320844208391,0.33037608806864915,0.630170703489267
You can get the pants in the fabouls dlc KappaPride,neither,0.05026318123457944,0.34066315470729314,0.6090736640581276
that was so dirty,neither,0.03427688737591181,0.444151949317492,0.5215711633065963
honestly ignition is way easier,neither,0.04730875594130531,0.32850007538510045,0.6241911686735941
He can't but John Cena can Kappa,neither,0.041267370030033404,0.32935247874251666,0.62938015122745
Running riot,neither,0.03945320844208391,0.33037608806864915,0.630170703489267
top 10,neither,0.03945320844208391,0.33037608806864915,0.630170703489267
Your aim is nice,neither,0.08674600279919319,0.31626793923086755,0.5969860579699392
5 man br kids are not so smart,neither,0.06328640877449095,0.3970548797370487,0.5396587114884603
y 5's are so easy,neither,0.07881801902381798,0.32763209585856823,0.5935498851176136
40 bomb 100%,neither,0.03945320844208391,0.33037608806864915,0.630170703489267
is this a single player shooter or are these people really just getting bodied like this,offensive_language,0.0872003004753986,0.46066307219870545,0.4521366273258961
whats his most kills?,neither,0.06266117279787,0.33215194896182265,0.6051868782403073
