text,top_class,hate_speech,offensive_language,neither
3-1 for sure,neither,0.02401742335574164,0.4711104313852341,0.5048721452590242
MiniK,neither,0.03945320844208391,0.33037608806864915,0.630170703489267
3-1,neither,0.03945320844208391,0.33037608806864915,0.630170703489267
And the sweep begins. CLG going all out now ninjaCreep,neither,0.03492941233568503,0.36821972112411133,0.5968508665402036
!series,neither,0.03945320844208391,0.33037608806864915,0.630170703489267
not counting the 1st one?,neither,0.03672226902367693,0.34812774702564947,0.6151499839506736
2-1 100% sure,offensive_language,0.032587502955801595,0.4906999630748795,0.4767125339693189
2-1 *,neither,0.03945320844208391,0.33037608806864915,0.630170703489267
CLG= back to back champs,neither,0.04788647555766292,0.32548579805027766,0.6266277263920593
You can Find more content on ninjas youtube here! Youtube.com/Ninjashyper,neither,0.07838144657627148,0.28011599440591606,0.6415025590178125
Game 1 didn't finish,neither,0.024673817918188415,0.3312676394381731,0.6440585426436384
2.8 - 1,neither,0.03945320844208391,0.33037608806864915,0.630170703489267
wheres mitch BabyRage,neither,0.03945320844208391,0.33037608806864915,0.630170703489267
"Lethul's chat counted the first game. I feel like if CLG counts it, we should too.",neither,0.03360273580178359,0.3611185784124437,0.6052786857857727
they were up 2 -0 or 2-1 when someone on clg lagout first game. atleast 2.5-1,neither,0.024919074562045805,0.36604474652329144,0.6090361789146627
!series,neither,0.03945320844208391,0.33037608806864915,0.630170703489267
Kappa 2 | 0 CLG,neither,0.03945320844208391,0.33037608806864915,0.630170703489267
Royal 2 turned off Xbox it was 2-0 in 2 min,neither,0.038421673364151886,0.3320733848037074,0.6295049418321407
3-1 Kreygasm,neither,0.03945320844208391,0.33037608806864915,0.630170703489267
!series,neither,0.03945320844208391,0.33037608806864915,0.630170703489267
!editcom !series Kappa 2 | 1 CLG,neither,0.03945320844208391,0.33037608806864915,0.630170703489267
"OG_Punchy -> The command ""!series"" has been edited successfully.",neither,0.03889829173071748,0.318443543191085,0.6426581650781975
why do you call them Kappa ?,neither,0.055998008115545464,0.3803565972963131,0.5636453945881414
because FrankerZ wouldn't make sense Kappa,neither,0.03945320844208391,0.33037608806864915,0.630170703489267
"@Dude_from_NZ, why not",neither,0.019254511639927464,0.36928594044212826,0.6114595479179443
!series,neither,0.03945320844208391,0.33037608806864915,0.630170703489267
Kappa 2 | 1 CLG,neither,0.03945320844208391,0.33037608806864915,0.630170703489267
RNG ?,neither,0.03945320844208391,0.33037608806864915,0.630170703489267
!rng,neither,0.03945320844208391,0.33037608806864915,0.630170703489267
¯\_(ツ)_/¯,neither,0.03945320844208391,0.33037608806864915,0.630170703489267
does ninja eat?,neither,0.026144117628079003,0.45498349271206623,0.5188723896598548
no,neither,0.036918905254960256,0.37338982715841207,0.5896912675866277
Ninja playing Halo 5: Guardians on Renegades,neither,0.03717202884161511,0.34127559528126905,0.6215523758771159
pohxRNG ninjaCry,neither,0.03945320844208391,0.33037608806864915,0.630170703489267
sensitivity?,neither,0.03945320844208391,0.33037608806864915,0.630170703489267
renegades has been holding L's lately,neither,0.039524030141535084,0.3291740589990555,0.6313019108594095
well that 3-0 is quickly forgotten,neither,0.04344502056809632,0.37014259233549174,0.5864123870964119
Come Join the Ninjas and support Tyler and his stream by subscribing here! https://secure.twitch.tv/products/ninja/ticket,neither,0.08445523311702725,0.2985902649493576,0.6169545019336152
How can one be RNG if RNG doesn't exist anymore?,neither,0.02581455017614751,0.3971478636908896,0.5770375861329629
It's 3-1 lxthul said hes not replaying it,neither,0.03538894595081264,0.3363168403713479,0.6282942136778394
lol their org abandoned them?,neither,0.046534933312821034,0.40355825686330155,0.5499068098238774
!series,neither,0.03945320844208391,0.33037608806864915,0.630170703489267
Kappa 2 | 1 CLG,neither,0.03945320844208391,0.33037608806864915,0.630170703489267
No,neither,0.036918905254960256,0.37338982715841207,0.5896912675866277
Their ORG's owner is having health problems,neither,0.045274280935565216,0.32837395430935434,0.6263517647550804
clg was mad you guys gave ninja game 1',neither,0.0509452791654623,0.3323297403105487,0.6167249805239889
The org shutdown,neither,0.03843498882663835,0.31168514531390124,0.6498798658594604
whats his control settings?,neither,0.06753412804618106,0.3321489789980977,0.6003168929557213
Except the CS:GO team,neither,0.03964513805508532,0.32024754327117405,0.6401073186737406
RNG decided to only keep the important players/ teams,neither,0.04325805322665644,0.31689415414472744,0.6398477926286161
!settings,neither,0.03945320844208391,0.33037608806864915,0.630170703489267
"Default, sensitivity is 4 vertical and 2.5 horizontal, 3 Aim acceleration, No Vibration, 0 inner 0 outer Dead Zones, ABXY paddles, On a SCUF Infinity",neither,0.040736645863709356,0.32376124185386773,0.6355021122824229
They're stil RNG,neither,0.08622719944284905,0.2688219705217552,0.6449508300353959
"@T2GotGoosed, Lol",neither,0.020706217963973744,0.4882283491876925,0.4910654328483337
lol what teams do they have besides csgo now?,neither,0.038000771580759075,0.3700420309627416,0.5919571974564992
so is the RNG halo team looking for a new org?,neither,0.04259941929639128,0.25759013658363383,0.6998104441199747
RuleFive,neither,0.03945320844208391,0.33037608806864915,0.630170703489267
step it up,neither,0.0342895496313483,0.40187330217052086,0.5638371481981309
@zaffri yes,neither,0.03945320844208391,0.33037608806864915,0.630170703489267
RuleFive = Ace Face (no space),neither,0.03875978917079996,0.3421452227824296,0.6190949880467704
WutFace,neither,0.03945320844208391,0.33037608806864915,0.630170703489267
RNG Overwatch team pls Kappa,neither,0.03945320844208391,0.33037608806864915,0.630170703489267
Kappa,neither,0.03945320844208391,0.33037608806864915,0.630170703489267
take them down,neither,0.061251825757782416,0.3185755338080321,0.6201726404341855
apg the ghost PogChamp,neither,0.03828979202080666,0.3089256540924729,0.6527845538867204
hey APG how is your recovery?,neither,0.07984978729807465,0.31835512533892574,0.6017950873629995
Join the most active Halo community! - http://bit.ly/ForumSignup,neither,0.03720444973289936,0.2632613391487466,0.699534211118354
Why is halo dad? OSsloth,neither,0.035126943793342184,0.3425468032110102,0.6223262529956476
!commands,neither,0.03945320844208391,0.33037608806864915,0.630170703489267
mrnaldo26 -> The bot commands for this channel are available at https://beta.nightbot.tv/t/ninja/commands,neither,0.04637165599724777,0.29795772305344853,0.6556706209493037
im good ty 4 asking,neither,0.038113177759486555,0.3599907551691797,0.6018960670713337
"Overwatch has no aim assist on console, it is kinda competitive",neither,0.041170790962874244,0.3415645827354851,0.6172646263016407
"@APG, Hey bro",neither,0.03945320844208391,0.33037608806864915,0.630170703489267
Getting smoked tonight,neither,0.033228086598714505,0.37549112151110464,0.5912807918901809
it was fun while it lasted. 11-3 incoming,neither,0.03730662242055915,0.33258857040683587,0.630104807172605
They took the first 3,neither,0.03007814107754666,0.3132369149467219,0.6566849439757314
First 2,neither,0.02604892428726219,0.3349864360510187,0.6389646396617191
I wish I was this good at halo 5,neither,0.03804253079040567,0.35444328113826346,0.6075141880713308
what's happening,neither,0.04568673754512718,0.3259267583143808,0.628386504140492
!series,neither,0.03945320844208391,0.33037608806864915,0.630170703489267
!series,neither,0.03945320844208391,0.33037608806864915,0.630170703489267
Kappa 2 | 1 CLG,neither,0.03945320844208391,0.33037608806864915,0.630170703489267
nice dude! im a big fan after what you did @APG ninjaH,neither,0.03941692529790758,0.4357398704305556,0.5248432042715367
It's 2-0 B),neither,0.034373745257138544,0.33212314837979673,0.6335031063630647
@kenkuu competitive scene on pc would be better to watch,neither,0.04518791715852969,0.33408231948511663,0.6207297633563538
First 2.6*,neither,0.02604892428726219,0.3349864360510187,0.6389646396617191
So what is his pro league exactly. One big tourney or a series of them?,neither,0.05859367838413671,0.40506418573561187,0.5363421358802515
Repeating of course,neither,0.03945320844208391,0.33037608806864915,0.630170703489267
I shot 91% in a game the other day,neither,0.03869261940173482,0.2769120229331454,0.6843953576651197
@apg did you follow the concussion protocols the docs gave you,neither,0.05774438272028798,0.3624559237223302,0.5797996935573817
@Jamezz23 Weekly online matches.,neither,0.03945320844208391,0.33037608806864915,0.630170703489267
"@cerebrullll, WOW why aren't you on HCS",neither,0.038467886171634456,0.4170832072284016,0.5444489065999639
!series,neither,0.03945320844208391,0.33037608806864915,0.630170703489267
Kappa 2 | 1 CLG,neither,0.03945320844208391,0.33037608806864915,0.630170703489267
"what is the series just got in, do i need to edit?",neither,0.05057472362698035,0.3564946659654306,0.592930610407589
@Dude_from_nz Kappa,neither,0.03945320844208391,0.33037608806864915,0.630170703489267
2-1,neither,0.03945320844208391,0.33037608806864915,0.630170703489267
ninjaRekt,neither,0.03945320844208391,0.33037608806864915,0.630170703489267
its 3-1,neither,0.02700859978372578,0.3346563596412867,0.6383350405749875
OMG,neither,0.03945320844208391,0.33037608806864915,0.630170703489267
3-1,neither,0.03945320844208391,0.33037608806864915,0.630170703489267
its 3-1,neither,0.02700859978372578,0.3346563596412867,0.6383350405749875
rip royal 2,neither,0.03945320844208391,0.33037608806864915,0.630170703489267
!tsm,neither,0.03945320844208391,0.33037608806864915,0.630170703489267
@dude_from_nz too busy with school,neither,0.028378898394488674,0.3726703398371566,0.5989507617683547
https://twitter.com/Commonly/status/733031500208168960,neither,0.038839322835287696,0.43150949317999215,0.5296511839847202
Comeback,neither,0.03945320844208391,0.33037608806864915,0.630170703489267
Its 2-1 right now,neither,0.030203385593547908,0.3591659861363945,0.6106306282700575
2.66-1,neither,0.03945320844208391,0.33037608806864915,0.630170703489267
"@LukeBlu, on it.",neither,0.029359548185187243,0.36677741506693295,0.6038630367478798
4Head,neither,0.03945320844208391,0.33037608806864915,0.630170703489267
ouch.. royal 2 got destroyed,neither,0.038516604160852015,0.363970814288342,0.597512581550806
The out play,neither,0.0315514853881688,0.3311045285702997,0.6373439860415314
2-1,neither,0.03945320844208391,0.33037608806864915,0.630170703489267
Lxthul desn't want to do it again.,neither,0.045759381356839976,0.35914428905786033,0.5950963295852998
SMOKED royal 2 there,neither,0.03938245804990391,0.291566918227062,0.6690506237230343
2-1 agreed,neither,0.03945320844208391,0.33037608806864915,0.630170703489267
4-0,neither,0.03945320844208391,0.33037608806864915,0.630170703489267
i think,neither,0.04078787600207219,0.3077232963708793,0.6514888276270485
@amazing_squid Leroy jenkins,neither,0.03945320844208391,0.33037608806864915,0.630170703489267
MiniK,neither,0.03945320844208391,0.33037608806864915,0.630170703489267
ninjaCreep,neither,0.03945320844208391,0.33037608806864915,0.630170703489267
"@LukeBlu, game 1 didn't finish so it's 2-1 to RNG",neither,0.029074450610486826,0.3682917517902318,0.6026337975992814
pls all you trolls,neither,0.0575729447350648,0.4504746103912965,0.49195244487363876
just FYI,neither,0.03446215123834754,0.35403638765649625,0.6115014611051561
ninja sup bro.....,neither,0.03945320844208391,0.33037608806864915,0.630170703489267
!series,neither,0.03945320844208391,0.33037608806864915,0.630170703489267
Kappa 2 | 1 CLG,neither,0.03945320844208391,0.33037608806864915,0.630170703489267
but they were up 2 -0 in flag dude,neither,0.03464240688626506,0.36521917277706595,0.600138420336669
doesnt matter,neither,0.03945320844208391,0.33037608806864915,0.630170703489267
"Haha, I didn't mean to whisper",neither,0.0285846345658702,0.4218091086412035,0.5496062567929263
irrellevant,neither,0.03945320844208391,0.33037608806864915,0.630170703489267
if i robbed a bank but left the money behind did i rob a bank,neither,0.02913589878475056,0.35266273375343743,0.618201367461812
!uptime,neither,0.03945320844208391,0.33037608806864915,0.630170703489267
Ninja has been streaming for 4 hours 15 minutes 48 seconds,neither,0.0363368069632196,0.3139290564293097,0.6497341366074708
team kappa ftw Kappa,neither,0.03945320844208391,0.33037608806864915,0.630170703489267
I hope CLG chokes sooooo bad!,neither,0.06509207998855862,0.23657518454846194,0.6983327354629795
The dream BibleThump,neither,0.03816137477719709,0.30646044449032755,0.6553781807324752
!editcom !series Kappa 3 | 1 CLG,neither,0.03945320844208391,0.33037608806864915,0.630170703489267
"LukeBlu -> The command ""!series"" has been edited successfully.",neither,0.03889829173071748,0.318443543191085,0.6426581650781975
Lissen dood it's 2.9-1,neither,0.034373745257138544,0.33212314837979673,0.6335031063630647
cx,neither,0.03945320844208391,0.33037608806864915,0.630170703489267
its 3-1 in lethuls stream,neither,0.0330072643536333,0.3325931438233173,0.6343995918230493
Comeback,neither,0.03945320844208391,0.33037608806864915,0.630170703489267
Yes @WOPE_DALK you would still get charged with robbery in USA,neither,0.03940238372302586,0.39151175520900416,0.5690858610679699
CLG has never lost a scrim series 4Head,neither,0.03604070478739401,0.3624654861847637,0.6014938090278423
"wouldn't be irrelevant in a tournament, but since it's scrims it's irrelevant",neither,0.03641403901039888,0.33822897855188044,0.6253569824377206
Luke is here ninjaMindBlown,neither,0.11680262210111356,0.27969814379811836,0.603499234100768
COME BACK,neither,0.036802781673112656,0.3753607474007651,0.5878364709261223
CLG donating RNG a free win PogChamp,neither,0.03945320844208391,0.33037608806864915,0.630170703489267
If lethal says its 3-1 then they probably won't replay it,neither,0.02471278738861734,0.37639797390991286,0.5988892387014699
ninjaHi,neither,0.03945320844208391,0.33037608806864915,0.630170703489267
what a great bunch of guys,neither,0.04451440885885255,0.42190278429159156,0.5335828068495558
"@KenkuU, fan boy",neither,0.03945320844208391,0.33037608806864915,0.630170703489267
Alex I didn't know this was a darksouls stream Kappa,neither,0.02957335596629501,0.36165885961009264,0.6087677844236123
!team,neither,0.03945320844208391,0.33037608806864915,0.630170703489267
"Ninja, Victory X, Commonly, Penguin, and Coach Symbolic. Organization - Kappa",neither,0.03900970343455081,0.30887886797029046,0.6521114285951588
who saw ninjas 5s kotk win this morning?,neither,0.046753491560866375,0.2726469049541078,0.6805996034850258
!Series,neither,0.03945320844208391,0.33037608806864915,0.630170703489267
Kappa 3 | 1 CLG,neither,0.03945320844208391,0.33037608806864915,0.630170703489267
Alex and Luke ate here?! ninjaMindBlown ninjaHi,neither,0.07529173622595184,0.2686259012514517,0.6560823625225964
ate Kappa,neither,0.03945320844208391,0.33037608806864915,0.630170703489267
only need to hold the setup for another 2 minutes lol,neither,0.06031529199602601,0.2843388393785433,0.6553458686254308
are*,neither,0.1675493120064283,0.18605165911864094,0.6463990288749307
ninjaKappa,neither,0.03945320844208391,0.33037608806864915,0.630170703489267
comeback!!!,neither,0.03945320844208391,0.33037608806864915,0.630170703489267
They eat here Lot,neither,0.10040776455239452,0.28388205000721245,0.6157101854403929
they ate here too.,neither,0.0984450977199216,0.28960632915246676,0.6119485731276118
Please choke.,neither,0.03945320844208391,0.33037608806864915,0.630170703489267
Please,neither,0.03945320844208391,0.33037608806864915,0.630170703489267
A lot*,neither,0.03945320844208391,0.33037608806864915,0.630170703489267
"@WOPE_DALK, I am a fan of skill, no team.",neither,0.0386462590322096,0.34154913097234724,0.6198046099954432
please,neither,0.03945320844208391,0.33037608806864915,0.630170703489267
TJ just said that he gave RNG that win because he felt bad for them lol,neither,0.03540030670784617,0.3909607029262693,0.5736389903658845
!series,neither,0.03945320844208391,0.33037608806864915,0.630170703489267
Kappa 3 | 1 CLG,neither,0.03945320844208391,0.33037608806864915,0.630170703489267
this comeback!,neither,0.039332631285152186,0.3324225971030843,0.6282447716117634
i came in and i give them luck,neither,0.051658299749324045,0.2863483348516435,0.6619933653990325
HUGE,neither,0.03945320844208391,0.33037608806864915,0.630170703489267
omg,neither,0.03945320844208391,0.33037608806864915,0.630170703489267
#TSM is on fireee,neither,0.04492296248975018,0.34215087068615746,0.6129261668240924
chooke,neither,0.03945320844208391,0.33037608806864915,0.630170703489267
PogChamp,neither,0.03945320844208391,0.33037608806864915,0.630170703489267
nice ***,neither,0.03945320844208391,0.33037608806864915,0.630170703489267
omg,neither,0.03945320844208391,0.33037608806864915,0.630170703489267
Wow,neither,0.03945320844208391,0.33037608806864915,0.630170703489267
that was it,neither,0.029581446855609376,0.4156692805160251,0.5547492726283656
surely this cant happen,neither,0.039370837795705646,0.33177413290794516,0.6288550292963492
dont choke,neither,0.03945320844208391,0.33037608806864915,0.630170703489267
BloodTrail,neither,0.03945320844208391,0.33037608806864915,0.630170703489267
THE DREAM,neither,0.03816137477719709,0.30646044449032755,0.6553781807324752
damn this comeback,offensive_language,0.04476977586335299,0.834320996670804,0.120909227465843
damn ninjas team lookin stronger than ever,offensive_language,0.043872569610735185,0.7022753173148831,0.2538521130743817
93-7 or something,neither,0.03945320844208391,0.33037608806864915,0.630170703489267
huge play,neither,0.03945320844208391,0.33037608806864915,0.630170703489267
deam rng start good now they chocking clg is to good !,neither,0.05267587670846368,0.32433654361718256,0.6229875796743538
Me wow,neither,0.028352970599744173,0.3927843550823542,0.5788626743179016
they've got this,neither,0.01275608987399626,0.36398944601952815,0.6232544641064757
REKT,neither,0.03945320844208391,0.33037608806864915,0.630170703489267
omggg,neither,0.03945320844208391,0.33037608806864915,0.630170703489267
PLEASE!,neither,0.03945320844208391,0.33037608806864915,0.630170703489267
oh ***,neither,0.051363287716059566,0.22255663153133606,0.7260800807526044
ninja is on fire,neither,0.04429470827122745,0.34089644683085996,0.6148088448979127
OMG!!!!,neither,0.03945320844208391,0.33037608806864915,0.630170703489267
OMG,neither,0.03945320844208391,0.33037608806864915,0.630170703489267
omg,neither,0.03945320844208391,0.33037608806864915,0.630170703489267
GREAT SHOTS,neither,0.03727422171377052,0.3011899909061882,0.6615357873800413
omg,neither,0.03945320844208391,0.33037608806864915,0.630170703489267
97-7 lol wtf,offensive_language,0.034341897846319344,0.6150792515044801,0.35057885064920064
OMGGGG,neither,0.03945320844208391,0.33037608806864915,0.630170703489267
PLEASE BABY,neither,0.03945320844208391,0.33037608806864915,0.630170703489267
Comeback,neither,0.03945320844208391,0.33037608806864915,0.630170703489267
trip cap!,neither,0.03945320844208391,0.33037608806864915,0.630170703489267
the callouts Kreygasm,neither,0.03613032604487659,0.2619290779399786,0.7019405960151449
OMG,neither,0.03945320844208391,0.33037608806864915,0.630170703489267
THE END OF CLG,neither,0.03814133616858891,0.30607356004599495,0.6557851037854161
omfg,neither,0.03945320844208391,0.33037608806864915,0.630170703489267
NotLikeThis,neither,0.03945320844208391,0.33037608806864915,0.630170703489267
when was the last time zane saidanything,neither,0.02621350236797897,0.39347967890032887,0.5803068187316921
WTF is this comeback??,offensive_language,0.05143027177500908,0.5760830953399484,0.3724866328850427
GG,neither,0.03945320844208391,0.33037608806864915,0.630170703489267
"THE *** DREA,",neither,0.03613032604487659,0.2619290779399786,0.7019405960151449
wow,neither,0.03945320844208391,0.33037608806864915,0.630170703489267
!settings,neither,0.03945320844208391,0.33037608806864915,0.630170703489267
"Default, sensitivity is 4 vertical and 2.5 horizontal, 3 Aim acceleration, No Vibration, 0 inner 0 outer Dead Zones, ABXY paddles, On a SCUF Infinity",neither,0.040736645863709356,0.32376124185386773,0.6355021122824229
trip cap ninjaMindBlown,neither,0.03945320844208391,0.33037608806864915,0.630170703489267
GOD PLEASE LET THIS HAPPEN!,neither,0.02552617286911979,0.361609145666108,0.6128646814647722
lol,neither,0.020706217963973744,0.4882283491876925,0.4910654328483337
lol,neither,0.020706217963973744,0.4882283491876925,0.4910654328483337
nice,neither,0.03945320844208391,0.33037608806864915,0.630170703489267
OH MY GOD!,neither,0.030266422441093326,0.38268872444249025,0.5870448531164164
lolol,neither,0.03945320844208391,0.33037608806864915,0.630170703489267
gg,neither,0.03945320844208391,0.33037608806864915,0.630170703489267
GG,neither,0.03945320844208391,0.33037608806864915,0.630170703489267
OMFG,neither,0.03945320844208391,0.33037608806864915,0.630170703489267
OMGGGG,neither,0.03945320844208391,0.33037608806864915,0.630170703489267
