text,top_class,hate_speech,offensive_language,neither
ninja!,neither,0.03945320844208391,0.33037608806864915,0.630170703489267
ninjaRIP,neither,0.03945320844208391,0.33037608806864915,0.630170703489267
ninjaHi,neither,0.03945320844208391,0.33037608806864915,0.630170703489267
ninjaHi,neither,0.03945320844208391,0.33037608806864915,0.630170703489267
ninjaHi,neither,0.03945320844208391,0.33037608806864915,0.630170703489267
jinx,neither,0.03945320844208391,0.33037608806864915,0.630170703489267
hey ninja!!!! ninjaAdore ninjaAdore ninjaAdore ninjaAdore ninjaAdore,neither,0.03945320844208391,0.33037608806864915,0.630170703489267
Come Join the Ninjas and support Tyler and his stream by subscribing here! https://secure.twitch.tv/products/ninja/ticket,neither,0.08445523311702725,0.2985902649493576,0.6169545019336152
omg ninja i lav uuu,neither,0.03945320844208391,0.33037608806864915,0.630170703489267
How you doing @ninja,neither,0.05729769761709649,0.3804280942896143,0.5622742080932893
@Ninja new map is bad idk wher they think they're going to go with a open map,neither,0.04740057826426401,0.30409855483283804,0.648500866902898
"ninj daddy,how are you",neither,0.11766797907295216,0.3248075855225824,0.5575244354044655
they lost again last night?,neither,0.030903723857886773,0.359907264869936,0.6091890112721773
!uptime,neither,0.03945320844208391,0.33037608806864915,0.630170703489267
Ninja has been streaming for 3 minutes 38 seconds,neither,0.03605278841535164,0.31242796755837576,0.6515192440262725
is that parashoot frozen? or what...,neither,0.04990297399789683,0.36597870276369826,0.584118323238405
Hello ninja,neither,0.03945320844208391,0.33037608806864915,0.630170703489267
@ninja do the cherry red switches feel better than your old clicky ones? OSsloth,neither,0.05479619470967806,0.3200896185256615,0.6251141867646604
your views dropped Kappa,neither,0.06323160797316178,0.32378131545938094,0.6129870765674573
WALES resttL,neither,0.03945320844208391,0.33037608806864915,0.630170703489267
ninjaHype ninjaHype ninjaHype,neither,0.03945320844208391,0.33037608806864915,0.630170703489267
Wazzup peeps sumUp,neither,0.03945320844208391,0.33037608806864915,0.630170703489267
this is teh game already hmm?,neither,0.04532021625134698,0.30697745394619486,0.6477023298024582
damn... 3 of them loo,offensive_language,0.07047588974739112,0.8949760229240225,0.03454808732858642
Finally found a vest in a bathroom.,neither,0.03945320844208391,0.33037608806864915,0.630170703489267
New map is fantastic im not sure what you're on about lol @SomeBodyLied,neither,0.0583546808479981,0.4493400066879819,0.4923053124640199
It's me snitches StoneLightning,neither,0.030172990634853902,0.37440388082020565,0.5954231285449405
@Avid_Affinity i never played it im just sayign it,neither,0.028910271123392336,0.41832222979844547,0.5527674990781622
@ninja im always lost when i dont get a car..i end up running for the entire game..thoughts?,neither,0.028690772918928402,0.38049068027498445,0.5908185468060871
@Avid_Affinity so is it rip to z1 than?,neither,0.05415699375876732,0.3788469224879655,0.5669960837532673
snipah shotgun man,offensive_language,0.040018442559345856,0.5018538837344726,0.4581276737061815
Ninja suhhh dood,neither,0.03945320844208391,0.33037608806864915,0.630170703489267
yes,neither,0.03945320844208391,0.33037608806864915,0.630170703489267
Why maybe short/long stream for a while?,neither,0.027915398265003905,0.31841326689994787,0.6536713348350481
AR rounds where u bandaged,neither,0.04169328132328035,0.29235620515038,0.6659505135263395
"it's a complete overhaul, it's replacing the current one",neither,0.03629352020596586,0.34143982971528825,0.6222666500787459
:O,neither,0.03945320844208391,0.33037608806864915,0.630170703489267
@Avid_Affinity huh?,neither,0.03945320844208391,0.33037608806864915,0.630170703489267
The new H1Z1 map is replacing the current one,neither,0.04545626797451056,0.2700217678000498,0.6845219642254396
oh yea im glad,neither,0.04367992674805095,0.3165655838723597,0.6397544893795892
its gonna be lit,neither,0.0326376687364139,0.38781534688521785,0.5795469843783682
looks really good,neither,0.038608963915490936,0.33066646247468595,0.6307245736098231
they shld have maps as chosen not replacing,neither,0.03729962416699583,0.3574043511739485,0.6052960246590557
that was so casual,neither,0.03527093288495887,0.42173127823315837,0.5429977888818828
nahh,neither,0.03945320844208391,0.33037608806864915,0.630170703489267
im ***,neither,0.03732396775172632,0.41122202234291466,0.5514540099053589
it looks dope dawg,neither,0.038057793249033245,0.33085603534114366,0.6310861714098229
Sup ninj,neither,0.03945320844208391,0.33037608806864915,0.630170703489267
"@SomeBodyLied, split population DansGame longer search time",neither,0.0386909166045434,0.34331416997487835,0.6179949134205782
"This map is ok, it's terribly unbalanced when it comes to spawns of weapons",neither,0.03958632594952081,0.3562525258207827,0.6041611482296965
@Avid_Affinity the spawns is trash,neither,0.0630753313687804,0.03930996572760162,0.897614702903618
they'll fix it tho,neither,0.034347365093399286,0.339404163219222,0.6262484716873787
but if not you'll see like 40-50 ppl leaving trying to get a better spawn,neither,0.04196023558633005,0.4054740732041311,0.5525656912095389
"Not worried about it lol, i just want the new map",neither,0.030195094546349378,0.3277752439872276,0.642029661466423
Hello,neither,0.03945320844208391,0.33037608806864915,0.630170703489267
Whats up,neither,0.03597034933595279,0.4023906385329718,0.5616390121310755
hi,neither,0.03945320844208391,0.33037608806864915,0.630170703489267
The map isn't even finished yet and people are bitching FailFish,neither,0.07368749095162466,0.2764126988268977,0.6498998102214777
lol,neither,0.020706217963973744,0.4882283491876925,0.4910654328483337
FailFish,neither,0.03945320844208391,0.33037608806864915,0.630170703489267
"Good afternoon @Ninja , everyone in chat too. Hows it going today?",neither,0.03353529097847876,0.39081318376615365,0.5756515252553676
"Everyone wants a new map, they show it off, then complain that there are issues",neither,0.05680678844375591,0.2738737691070717,0.6693194424491725
not bitching in 2016 4Head,neither,0.038274233059830576,0.3347992759066788,0.6269264910334906
gg maybe,neither,0.03945320844208391,0.33037608806864915,0.630170703489267
Rice plz bUrself,neither,0.04431171905403424,0.24791448328155016,0.7077737976644157
danPalm,neither,0.03945320844208391,0.33037608806864915,0.630170703489267
LOL,neither,0.020706217963973744,0.4882283491876925,0.4910654328483337
bUrself,neither,0.03945320844208391,0.33037608806864915,0.630170703489267
OMFG,neither,0.03945320844208391,0.33037608806864915,0.630170703489267
so true,neither,0.03940988895743227,0.40335630922105503,0.5572338018215127
HAHAHAHHAHAHAHAH,neither,0.03945320844208391,0.33037608806864915,0.630170703489267
THE AMOUNT OF car run overs ninja gets LOL,neither,0.033634575963265724,0.35559887790410766,0.6107665461326266
lol,neither,0.020706217963973744,0.4882283491876925,0.4910654328483337
Good morning,neither,0.04970930963283925,0.13564577574880146,0.8146449146183593
ponsHaitch,neither,0.03945320844208391,0.33037608806864915,0.630170703489267
Ninja my homie !!! ninjaHype ninjaHype ninjaHype ninjaHype ninjaHype,neither,0.028545317030751322,0.4150195458870736,0.5564351370821751
"@Ninja, did you know today is our 1 month anniversary? PogChamp",neither,0.05440846822031372,0.3403834868359342,0.605208044943752
Ayyyyo,neither,0.03945320844208391,0.33037608806864915,0.630170703489267
I kinda love this game,neither,0.03549568454991257,0.3001456833413124,0.6643586321087749
Hello,neither,0.03945320844208391,0.33037608806864915,0.630170703489267
Talking about Halo or H1Z1 Kappa,neither,0.0382650210018064,0.35054272985227725,0.6111922491459163
lol that kid was a ***,neither,0.02592240950113359,0.45584052680514964,0.5182370636937168
*** :D,neither,0.03945320844208391,0.33037608806864915,0.630170703489267
lol both tbh,neither,0.030992911303604816,0.39228689970141983,0.5767201889949753
also when's the new map coming out,neither,0.030931081825690848,0.29902972727794247,0.6700391908963668
glad the bait didnt work,neither,0.038730450513542264,0.3172184656229102,0.6440510838635477
Keepo,neither,0.03945320844208391,0.33037608806864915,0.630170703489267
what was that,neither,0.041736715604486524,0.40105550120025046,0.557207783195263
Join the most active Halo community! - http://bit.ly/ForumSignup,neither,0.03720444973289936,0.2632613391487466,0.699534211118354
BAE,neither,0.03426991802692666,0.4183500537239133,0.5473800282491599
wow,neither,0.03945320844208391,0.33037608806864915,0.630170703489267
boom,neither,0.03945320844208391,0.33037608806864915,0.630170703489267
nice,neither,0.03945320844208391,0.33037608806864915,0.630170703489267
nice,neither,0.03945320844208391,0.33037608806864915,0.630170703489267
GRILL,neither,0.03945320844208391,0.33037608806864915,0.630170703489267
ninjaHi chat ninjaHi @Ninja,neither,0.03945320844208391,0.33037608806864915,0.630170703489267
Both Jim Kappa,neither,0.03945320844208391,0.33037608806864915,0.630170703489267
Whats up wry ninjaHi,neither,0.03597034933595279,0.4023906385329718,0.5616390121310755
is that a grill?,neither,0.04405202138229576,0.37557809385780416,0.5803698847599001
wow nice,neither,0.03945320844208391,0.33037608806864915,0.630170703489267
Wow,neither,0.03945320844208391,0.33037608806864915,0.630170703489267
Anyone know what keyboard @Ninja uses?,neither,0.04306633716257266,0.327757090093125,0.6291765727443023
!jess,neither,0.03945320844208391,0.33037608806864915,0.630170703489267
"Tyler met Jess in 2010 when he was playing at a Halo Focus Fire tournament in Lacrosse, Wisconsin. They have been together happily ever since 2013 <3 Her stream is here: http://www.twitch.tv/jessicagoch",neither,0.045652912924087595,0.36956941175479857,0.5847776753211139
@ninja Are we getting 2 new emotes?,neither,0.06275246514857596,0.2737150643121757,0.6635324705392485
!keyboard,neither,0.03945320844208391,0.33037608806864915,0.630170703489267
Ninja is using a Corsair Gaming K70 RGB(Red Switches) http://amzn.com/B014W1YUAS,neither,0.03955733107668801,0.3017519594569999,0.6586907094663121
Wow,neither,0.03945320844208391,0.33037608806864915,0.630170703489267
Is this game on Xbox or just PC and ps4,neither,0.03858167209271141,0.30009915607209586,0.6613191718351928
Hi ninja,neither,0.03945320844208391,0.33037608806864915,0.630170703489267
"@iTz_26 Thanks, probably should have tried that before asking 4Head",neither,0.03878977072271579,0.434111804390094,0.5270984248871902
"@Avid_Affinity, np finally got to sleep in, just finished off all my finals for school ninjaTooth",neither,0.03100985552578383,0.4274828042900677,0.5415073401841484
Pc,neither,0.03945320844208391,0.33037608806864915,0.630170703489267
its gonna be on xbox soon i think,neither,0.03238267508716604,0.37855136088710334,0.5890659640257306
Just pc atm @deathgod_6,neither,0.035603321130608,0.3484240646908279,0.6159726141785641
nm*,neither,0.03945320844208391,0.33037608806864915,0.630170703489267
:( aww it looks good.,neither,0.03742868486932386,0.3310724145610696,0.6314989005696067
damn nice,offensive_language,0.04423160160520992,0.9033872365766833,0.052381161818106724
