text,top_class,hate_speech,offensive_language,neither
PunchTrees PunchTrees,neither,0.03945320844208391,0.33037608806864915,0.630170703489267
k @Avid_Affinity,neither,0.03945320844208391,0.33037608806864915,0.630170703489267
on your user settings are you on windowed or fullscreen tyler?,neither,0.10355477666220562,0.3404202647162276,0.5560249586215669
was he a professional cs:go player?,neither,0.03961859131086288,0.3995185200695433,0.5608628886195939
hey fam invictusHi ninjaHi,neither,0.03945320844208391,0.33037608806864915,0.630170703489267
Oh xD,neither,0.051363287716059566,0.22255663153133606,0.7260800807526044
!User,neither,0.03945320844208391,0.33037608806864915,0.630170703489267
Step1. Delete current user settings Step2. Launch H1Z1 so FRESH new user settings are created from the new patch. Step3 play one game on the default settings. Step4 If you want my settings copy and paste them in the new user settings http://pastebin.com/47yBQ0JL,neither,0.043371540502792155,0.246341465293436,0.7102869942037717
Come Join the Ninjas and support Tyler and his stream by subscribing here! https://secure.twitch.tv/products/ninja/ticket,neither,0.08445523311702725,0.2985902649493576,0.6169545019336152
!br,neither,0.03945320844208391,0.33037608806864915,0.630170703489267
1 win today,neither,0.037532804995936773,0.3004784514491949,0.6619887435548683
that dude wasn't even lagging,neither,0.035594237543773756,0.37691412459172186,0.5874916378645043
rekt,neither,0.03945320844208391,0.33037608806864915,0.630170703489267
ypu are the best,neither,0.08498120668534354,0.22258623080277495,0.6924325625118817
:O,neither,0.03945320844208391,0.33037608806864915,0.630170703489267
ninjaRekt,neither,0.03945320844208391,0.33037608806864915,0.630170703489267
its ok joop,neither,0.030862645477528074,0.3345863444738946,0.6345510100485774
it's only 600 seconds,neither,0.03819981750285587,0.33080718668764636,0.6309929958094976
it'll go by quick,neither,0.04057323586739103,0.3871686534627135,0.5722581106698955
!user,neither,0.03945320844208391,0.33037608806864915,0.630170703489267
Step1. Delete current user settings Step2. Launch H1Z1 so FRESH new user settings are created from the new patch. Step3 play one game on the default settings. Step4 If you want my settings copy and paste them in the new user settings http://pastebin.com/47yBQ0JL,neither,0.043371540502792155,0.246341465293436,0.7102869942037717
2 beers now?,neither,0.03945320844208391,0.33037608806864915,0.630170703489267
damn pew pew pew,offensive_language,0.042479326866149344,0.9516554255713155,0.005865247562535126
!user,neither,0.03945320844208391,0.33037608806864915,0.630170703489267
shotty is back boys!,neither,0.047124792700844305,0.3277374784569429,0.6251377288422127
br sever?,neither,0.03945320844208391,0.33037608806864915,0.630170703489267
Lmao,neither,0.03705015143476208,0.3711622369619404,0.5917876116032975
lol,neither,0.020706217963973744,0.4882283491876925,0.4910654328483337
"""Oh my god it worked"" lmao",neither,0.031387488292504345,0.3794495965712987,0.589162915136197
Only good in PV Kappa,neither,0.03882918295174821,0.33059071904984044,0.6305800979984114
where the beer ?,neither,0.04062957405471276,0.2685004468153235,0.6908699791299638
what happened to in game chat,neither,0.05001374399136406,0.28750338470981945,0.6624828712988164
Join the most active Halo community! - http://bit.ly/ForumSignup,neither,0.03720444973289936,0.2632613391487466,0.699534211118354
i wonder if the shotty registers more when out of 1st than in it,neither,0.020863205818860465,0.3946363046699661,0.5845004895111735
have shotty drink brewsky,neither,0.03894255839264097,0.33904315209812796,0.622014289509231
yup... seems like it,neither,0.04848069574208819,0.34661209401455084,0.6049072102433609
ez,neither,0.03945320844208391,0.33037608806864915,0.630170703489267
!ser options,neither,0.03945320844208391,0.33037608806864915,0.630170703489267
pokemon killed the chat,neither,0.03870261508213142,0.31670151587108847,0.64459586904678
!user options,neither,0.03945320844208391,0.33037608806864915,0.630170703489267
Step1. Delete current user settings Step2. Launch H1Z1 so FRESH new user settings are created from the new patch. Step3 play one game on the default settings. Step4 If you want my settings copy and paste them in the new user settings http://pastebin.com/47yBQ0JL,neither,0.043371540502792155,0.246341465293436,0.7102869942037717
!user,neither,0.03945320844208391,0.33037608806864915,0.630170703489267
!User,neither,0.03945320844208391,0.33037608806864915,0.630170703489267
!user,neither,0.03945320844208391,0.33037608806864915,0.630170703489267
Step1. Delete current user settings Step2. Launch H1Z1 so FRESH new user settings are created from the new patch. Step3 play one game on the default settings. Step4 If you want my settings copy and paste them in the new user settings http://pastebin.com/47yBQ0JL,neither,0.043371540502792155,0.246341465293436,0.7102869942037717
ez,neither,0.03945320844208391,0.33037608806864915,0.630170703489267
best player ever -_-,neither,0.03277229258218824,0.4224403267893316,0.5447873806284802
lets his guard down for 1 sec,neither,0.05103771202449821,0.31915775419306686,0.629804533782435
HE KILLED OP LMFAO,neither,0.051611557399247616,0.3261942743338634,0.622194168266889
SeeNINJA!,neither,0.03945320844208391,0.33037608806864915,0.630170703489267
That wasn't OP FailFish,neither,0.0354457346150144,0.3739892825211757,0.5905649828638099
Hello boys and gals ninjaCreep,neither,0.03877993217613912,0.29684591718791375,0.6643741506359472
Wait they optimized h1z1,neither,0.03945320844208391,0.33037608806864915,0.630170703489267
ya,offensive_language,0.017331157930923866,0.7872544665869478,0.19541437548212848
he's back,neither,0.05051617290504041,0.32657102729093723,0.6229127998040224
if i had a penny for each fake op,neither,0.024577942991095583,0.34558198363545506,0.6298400733734494
ninjas back,neither,0.03945320844208391,0.33037608806864915,0.630170703489267
!user,neither,0.03945320844208391,0.33037608806864915,0.630170703489267
Step1. Delete current user settings Step2. Launch H1Z1 so FRESH new user settings are created from the new patch. Step3 play one game on the default settings. Step4 If you want my settings copy and paste them in the new user settings http://pastebin.com/47yBQ0JL,neither,0.043371540502792155,0.246341465293436,0.7102869942037717
3 One shots,neither,0.03829648505269177,0.3728284427514628,0.5888750721958453
ninja was here,neither,0.0945923516485505,0.2895300066340111,0.6158776417174384
later 6 trillion ms brazilian,neither,0.03945320844208391,0.33037608806864915,0.630170703489267
"PogChamp Check out the Official Ninja Store! Shirt, hoodies, phone cases, & more http://bit.ly/NinjaStorefront PogChamp",neither,0.04666689703248546,0.27306452048610613,0.6802685824814084
shotty op idk what u r talking about lol,neither,0.03627755274554597,0.38437829836012927,0.5793441488943247
@r00sin they did ?,neither,0.03945320844208391,0.33037608806864915,0.630170703489267
7* themplay,neither,0.03945320844208391,0.33037608806864915,0.630170703489267
Black lives matter Kappa,neither,0.05599519129606147,0.316407576633396,0.6275972320705425
swear off shotgun ... get six shotty kills in a row! LOL,neither,0.034554662754366056,0.36770383328450024,0.5977415039611336
@jaydopebaseball01 yea,neither,0.03908133164861177,0.3366878077749653,0.624230860576423
Ok thx man,neither,0.03952842367306079,0.3939642205271479,0.5665073557997913
omggg,neither,0.03945320844208391,0.33037608806864915,0.630170703489267
that hit :O,neither,0.03248725800165675,0.40708955697747,0.5604231850208732
rekt,neither,0.03945320844208391,0.33037608806864915,0.630170703489267
@Ninja get on discord feg,neither,0.03559357910010015,0.3564896061181633,0.6079168147817364
@Ninja FOV at 63 ?lol noob,neither,0.03243947898944077,0.39627012463519823,0.571290396375361
loool,neither,0.03945320844208391,0.33037608806864915,0.630170703489267
fl0mVac fl0mVac fl0mVac fl0mVac,neither,0.03945320844208391,0.33037608806864915,0.630170703489267
"he was like ""i believe i can FLY!!!""",neither,0.05723208997838667,0.34109750323830196,0.6016704067833113
@Ninja Why the new user settings tyler?,neither,0.03321442069906033,0.26811846593125543,0.6986671133696842
PogChamp,neither,0.03945320844208391,0.33037608806864915,0.630170703489267
!user,neither,0.03945320844208391,0.33037608806864915,0.630170703489267
Step1. Delete current user settings Step2. Launch H1Z1 so FRESH new user settings are created from the new patch. Step3 play one game on the default settings. Step4 If you want my settings copy and paste them in the new user settings http://pastebin.com/47yBQ0JL,neither,0.043371540502792155,0.246341465293436,0.7102869942037717
fl0mFlock fl0mFlock fl0mFlock fl0mFlock fl0mFlock fl0mFlock fl0mFlock fl0mFlock,neither,0.03945320844208391,0.33037608806864915,0.630170703489267
pugRekt,neither,0.03945320844208391,0.33037608806864915,0.630170703489267
@decap_h1 is that the real decap lol,offensive_language,0.025023252395688096,0.5675023791026321,0.4074743685016799
!try,neither,0.03945320844208391,0.33037608806864915,0.630170703489267
"""This time we try"" - Ninja everytime",neither,0.038353868015177775,0.3490347641631373,0.612611367821685
2 tap,neither,0.03945320844208391,0.33037608806864915,0.630170703489267
lol,neither,0.020706217963973744,0.4882283491876925,0.4910654328483337
Rip,neither,0.03945320844208391,0.33037608806864915,0.630170703489267
ez,neither,0.03945320844208391,0.33037608806864915,0.630170703489267
Did you read about the new update in the works? Looks sick @ninja,neither,0.04840271498806824,0.29834323390096384,0.6532540511109679
loaded,neither,0.03945320844208391,0.33037608806864915,0.630170703489267
The h1 god,neither,0.03787558888030183,0.3008815747844735,0.6612428363352246
@JayBlaze503 link please,neither,0.03945320844208391,0.33037608806864915,0.630170703489267
inbe4 20+ kill game,hate_speech,0.470229199668314,0.12191010921413363,0.4078606911175524
!user],neither,0.03945320844208391,0.33037608806864915,0.630170703489267
!user,neither,0.03945320844208391,0.33037608806864915,0.630170703489267
Step1. Delete current user settings Step2. Launch H1Z1 so FRESH new user settings are created from the new patch. Step3 play one game on the default settings. Step4 If you want my settings copy and paste them in the new user settings http://pastebin.com/47yBQ0JL,neither,0.043371540502792155,0.246341465293436,0.7102869942037717
goes from h1 pleb to h1 god after using the shotty ninjaAim ninjaCreep,neither,0.041308696807835645,0.35091828261927227,0.6077730205728922
Hello my friends. Happy Saturday!,neither,0.029969319276395734,0.402799464680302,0.5672312160433024
!user,neither,0.03945320844208391,0.33037608806864915,0.630170703489267
Always the H1 god regardless of the weapon lol,neither,0.03167454980341208,0.3834001834194183,0.5849252667771696
!User,neither,0.03945320844208391,0.33037608806864915,0.630170703489267
Hi,neither,0.03945320844208391,0.33037608806864915,0.630170703489267
!res,neither,0.03945320844208391,0.33037608806864915,0.630170703489267
Ninja plays H1Z1 in default 1080p,neither,0.03945320844208391,0.33037608806864915,0.630170703489267
Who said pleb!?,neither,0.040751334814778516,0.45465069436410604,0.5045979708211155
"@8520741963, nice name",neither,0.03945320844208391,0.33037608806864915,0.630170703489267
!br,neither,0.03945320844208391,0.33037608806864915,0.630170703489267
1 win today,neither,0.037532804995936773,0.3004784514491949,0.6619887435548683
Did CLG beat EG?,neither,0.03945320844208391,0.33037608806864915,0.630170703489267
Hi ninja,neither,0.03945320844208391,0.33037608806864915,0.630170703489267
yes,neither,0.03945320844208391,0.33037608806864915,0.630170703489267
Hello mr nos,neither,0.03945320844208391,0.33037608806864915,0.630170703489267
EG got roasted,neither,0.037859398791274444,0.3878066725869843,0.5743339286217413
you got worse jeep :P,neither,0.08720184689593076,0.2673628671685955,0.6454352859354737
"Yes, purp, 3-0, very very quickly",neither,0.03945320844208391,0.33037608806864915,0.630170703489267
i was about to say lol,neither,0.03478102146283929,0.433603184317339,0.5316157942198217
I'm back with Everclear in hand KappaHD,neither,0.029959400633354723,0.3630049298875527,0.6070356694790927
Lol figured,neither,0.030180287398268595,0.39893956378812934,0.570880148813602
@ninja how are the new settings?,neither,0.06937892107227324,0.18709015732232198,0.7435309216054048
everclear wtf,offensive_language,0.042407859720907694,0.5862771718565469,0.37131496842254547
lmao,neither,0.03705015143476208,0.3711622369619404,0.5917876116032975
he likes em more twiz,neither,0.055478175158772514,0.36837772265821933,0.5761441021830082
!user,neither,0.03945320844208391,0.33037608806864915,0.630170703489267
Step1. Delete current user settings Step2. Launch H1Z1 so FRESH new user settings are created from the new patch. Step3 play one game on the default settings. Step4 If you want my settings copy and paste them in the new user settings http://pastebin.com/47yBQ0JL,neither,0.043371540502792155,0.246341465293436,0.7102869942037717
@ninja put some skins dude,neither,0.033302576571374885,0.3408984715607345,0.6257989518678906
"@iKr4zYD, I'm a heavy drinker.",neither,0.03945320844208391,0.33037608806864915,0.630170703489267
lol fair enough,neither,0.03145008971614565,0.388603838209756,0.5799460720740983
i hate when i stream h1 cause i go from having 200 fps to like 100,neither,0.14588981380671928,0.3200288242063096,0.5340813619869711
the narrators were on Huke's dick like flies on honey,offensive_language,0.06263008536986892,0.7366353459360594,0.20073456869407166
"@Valiant91, one could assume",neither,0.03849520479868313,0.36555633548315236,0.5959484597181645
!user,neither,0.03945320844208391,0.33037608806864915,0.630170703489267
"@Zmantheburger, Indeed.",neither,0.03945320844208391,0.33037608806864915,0.630170703489267
i just drink beer all day long. that hard stuff kills me anymore,offensive_language,0.027448549252254744,0.5381289691391115,0.43442248160863395
boo hoo @omg_shadow,neither,0.03945320844208391,0.33037608806864915,0.630170703489267
@omg_shadow no doubnt,neither,0.036918905254960256,0.37338982715841207,0.5896912675866277
hey ninja,neither,0.03945320844208391,0.33037608806864915,0.630170703489267
Kappa,neither,0.03945320844208391,0.33037608806864915,0.630170703489267
lol,neither,0.020706217963973744,0.4882283491876925,0.4910654328483337
Did RG win,neither,0.03945320844208391,0.33037608806864915,0.630170703489267
Beer. DansGame,neither,0.03945320844208391,0.33037608806864915,0.630170703489267
2 quagmire tubes,neither,0.03945320844208391,0.33037608806864915,0.630170703489267
shh avid :),neither,0.03945320844208391,0.33037608806864915,0.630170703489267
"you could hear their erections in their voices when they said ""Huke""",neither,0.04189186220212264,0.3947699391243275,0.56333819867355
nice,neither,0.03945320844208391,0.33037608806864915,0.630170703489267
"I wouldn't call strongside a ""narrator"" -- more like ""saying random things and making things up as he goes along""",neither,0.04103928812441183,0.3495834598276039,0.6093772520479843
anybody know why he moved his fridge?,neither,0.05048007993713798,0.3425283160789517,0.6069916039839104
Join the most active Halo community! - http://bit.ly/ForumSignup,neither,0.03720444973289936,0.2632613391487466,0.699534211118354
I'm old man,neither,0.03973365148685918,0.4377783876491851,0.5224879608639557
I don't care for bitter things. Sweet things are my jam.,neither,0.04070422178365319,0.3353319102823514,0.6239638679339955
My h1 keeps force closing and I've been getting blue screen of death for memory is h1 still having a memory leak does anyone know???,neither,0.022179233770220103,0.4032962288557795,0.5745245373740003
I'm just the opposite lol,neither,0.026603312555796715,0.3923225648988663,0.581074122545337
get in the bathtub bro,neither,0.03745182415383969,0.3198151101704757,0.6427330656756847
gg,neither,0.03945320844208391,0.33037608806864915,0.630170703489267
LOL,neither,0.020706217963973744,0.4882283491876925,0.4910654328483337
turn the water on,neither,0.035124491097592477,0.32716163033258067,0.6377138785698268
stuck,neither,0.03945320844208391,0.33037608806864915,0.630170703489267
Ninj youre on fire,neither,0.04712354704988396,0.3417205920108627,0.6111558609392533
looooooool,neither,0.03945320844208391,0.33037608806864915,0.630170703489267
Lol,neither,0.020706217963973744,0.4882283491876925,0.4910654328483337
stuck,neither,0.03945320844208391,0.33037608806864915,0.630170703489267
Lol,neither,0.020706217963973744,0.4882283491876925,0.4910654328483337
!commands,neither,0.03945320844208391,0.33037608806864915,0.630170703489267
WTFCasetia -> The bot commands for this channel are available at https://beta.nightbot.tv/t/ninja/commands,neither,0.04637165599724777,0.29795772305344853,0.6556706209493037
LOL,neither,0.020706217963973744,0.4882283491876925,0.4910654328483337
we did it!!!! saved,neither,0.03777391659776763,0.33371029588681034,0.6285157875154219
fl0mPanic fl0mPanic fl0mPanic fl0mPanic fl0mPanic fl0mPanic,neither,0.03945320844208391,0.33037608806864915,0.630170703489267
Sometimes you just have to sit on the toilet til its ready you know?,neither,0.05332877367012485,0.40552965155277776,0.5411415747770975
!user,neither,0.03945320844208391,0.33037608806864915,0.630170703489267
Step1. Delete current user settings Step2. Launch H1Z1 so FRESH new user settings are created from the new patch. Step3 play one game on the default settings. Step4 If you want my settings copy and paste them in the new user settings http://pastebin.com/47yBQ0JL,neither,0.043371540502792155,0.246341465293436,0.7102869942037717
guess he really had to use the potty Kappa,neither,0.021829584825121574,0.3902451092119868,0.5879253059628917
!mitch,neither,0.03945320844208391,0.33037608806864915,0.630170703489267
Don't mind iTz_26 he terrorizes LukeBlu to escape the reality that he is old and fantasizes about the day zzthejimzz will let him touch his beard FeelsBadMan,neither,0.051028740761777776,0.3230345053043851,0.6259367539338371
character had a mind of it's own,neither,0.06030299959326676,0.3232048888120216,0.6164921115947117
its*,neither,0.02700859978372578,0.3346563596412867,0.6383350405749875
