text,top_class,hate_speech,offensive_language,neither
@Ninja you killed me :(,neither,0.04662430703228,0.4207078579329096,0.5326678350348103
I work a m-f 9-5 and i watch twitch just about everyday,neither,0.03820735517329673,0.3346124797101894,0.6271801651165139
@WhaleXO same Kappa,neither,0.04039346788432985,0.3389448132743561,0.6206617188413139
Drugs Lord probaly,neither,0.03945320844208391,0.33037608806864915,0.630170703489267
Ninja can win all day. It's easy.,neither,0.04033459735667087,0.3712939583105469,0.5883714443327823
Im a teacher at an norwegian high school. I'm a gamer and a twitcher ;) @ninja,neither,0.03602225669535407,0.3865930649768529,0.5773846783277929
!uptime,neither,0.03945320844208391,0.33037608806864915,0.630170703489267
Ninja has been streaming for 3 hours 39 minutes 24 seconds,neither,0.036368577365734525,0.3140969565154581,0.6495344661188074
"@KingWeba, If you were talking to me Im in Med school currently. I was just asking why people envy someone because they donate a lot of money. I thought it was cool and generous but Just wondering.",neither,0.03607795649634233,0.3574851157438108,0.6064369277598468
I wanna grow up and be like @AC_Royale,neither,0.05039028268627568,0.35428186770476755,0.5953278496089567
"I live in the UK and work during the day. When the streamers I watch come on, it's generally late afternoon/night my time.",neither,0.026665311107586114,0.37084374416027577,0.6024909447321382
watching on my phone from work,neither,0.027460838502854253,0.40904601019118797,0.5634931513059577
hi guys if i buy item crate from the Steam Market i still need crowns to open it ingame ?,neither,0.03174825700561642,0.3466850884344619,0.6215666545599218
i thought kcorj and kingweba were the same person,neither,0.041657042126527835,0.18066444716124316,0.7776785107122292
this game is poreferct,neither,0.0526757169738161,0.26234962808777246,0.6849746549384115
"@LadyWatters, its a serious problem. I blame Ninja completely ninjaTooth",neither,0.03537830637747378,0.3317776337457579,0.6328440598767682
"@OrdainedRabbi, how do you get bits from watching ads?",neither,0.056173240130627966,0.3625729372543939,0.5812538226149782
"@ac_royale ....need a Butler or something, dude?",neither,0.03930121636656469,0.32910332599655584,0.6315954576368795
so what @TriczR,neither,0.0523653789612994,0.4219050735134178,0.5257295475252828
@ninja A beautiful community? You're pretty ugly though.....,neither,0.1599693517277041,0.20422833478919608,0.6358023134830998
@Ninja Twitch is the best and has the best community in the world,neither,0.041275920801512905,0.2764511121377053,0.6822729670607818
@WhaleXO ninjaTooth,neither,0.03945320844208391,0.33037608806864915,0.630170703489267
@AC_Royale are you the UK Pablo Escobar ? :),neither,0.08140329746338486,0.3111418678579354,0.6074548346786797
"@AC_Royale, Are you european? :)",neither,0.1114980837032638,0.3254005988514716,0.5631013174452646
Love that time change :) @AC_Royale,neither,0.030666035809059966,0.41643284622086213,0.552901117970078
wanna see some dubs with crazy ninja and sum snum,neither,0.02057721556928375,0.4139647794780227,0.5654580049526936
yes @maurizlol,neither,0.03945320844208391,0.33037608806864915,0.630170703489267
Ban @rawryno,neither,0.03945320844208391,0.33037608806864915,0.630170703489267
Brexit LUL,neither,0.03945320844208391,0.33037608806864915,0.630170703489267
THATS AUSTRALIAN DAMNIT,neither,0.03945320844208391,0.33037608806864915,0.630170703489267
Hi man!,neither,0.03966508708825639,0.4191481924801724,0.5411867204315711
Plus it's Saturday,neither,0.03797291861716136,0.3308852276190219,0.6311418537638168
LUL,neither,0.03945320844208391,0.33037608806864915,0.630170703489267
@will_from_gs96 4Head,neither,0.03945320844208391,0.33037608806864915,0.630170703489267
hahaha,neither,0.03945320844208391,0.33037608806864915,0.630170703489267
@Leontoner i clicked on the bit button and it said i can watch an ad for 5 bits,neither,0.035788335023336164,0.28068520500951216,0.6835264599671517
You and summit gonna be the last two alive,neither,0.04930771975408812,0.3481532256508843,0.6025390545950275
lol,neither,0.020706217963973744,0.4882283491876925,0.4910654328483337
thats a terrible accent wow,neither,0.03945320844208391,0.33037608806864915,0.630170703489267
So AC is Australian? LUL,neither,0.04492565159804295,0.35918359878087847,0.5958907496210786
AUZZY,neither,0.03945320844208391,0.33037608806864915,0.630170703489267
oh god LOL,neither,0.03545478554202377,0.33745001958899457,0.6270951948689815
australian/british accent for the win,neither,0.03489528325675872,0.30020098341281704,0.6649037333304243
"@Thalcor007, I wouldn't say that much. Twitch chats can be really dumb sometimes LUL",neither,0.03579220883667636,0.3525026197168185,0.6117051714465052
Ninja you are so good at this game man!,neither,0.07763826497318588,0.4076738394646551,0.5146878955621592
Australian,neither,0.03945320844208391,0.33037608806864915,0.630170703489267
stereotypes LUL,neither,0.03945320844208391,0.33037608806864915,0.630170703489267
@AC_Royale you may need to ask ninja to ask pug for your question link about you to install it here,neither,0.12298460309757137,0.3207271014434962,0.5562882954589323
ROFL,neither,0.03945320844208391,0.33037608806864915,0.630170703489267
this accent FailFish,neither,0.03933437660267604,0.33239297450978883,0.6282726488875351
Hahaha,neither,0.03945320844208391,0.33037608806864915,0.630170703489267
"@muricangod, Props to you!!! my wife did that as well what are you going in for",neither,0.06845877293009135,0.4531353955811165,0.4784058314887922
LUL,neither,0.03945320844208391,0.33037608806864915,0.630170703489267
AC using donations for tax write offs. Kappa,neither,0.03461743990615774,0.34802280502909544,0.6173597550647468
UK now Australian,neither,0.03945320844208391,0.33037608806864915,0.630170703489267
@Ninja Hey! Have some of my drink anomBleach,neither,0.0249840697030403,0.41591227297682526,0.5591036573201345
His British accent was better yesterday,neither,0.05811038540809082,0.33356935405558225,0.6083202605363269
@Ninja Ever thought of just being a pro at this?! Kicking ass.,offensive_language,0.0946734136506115,0.8379540464497971,0.06737253989959133
lmaoo,neither,0.03945320844208391,0.33037608806864915,0.630170703489267
hes British not Aussie,neither,0.038141876217509176,0.3353022524861385,0.6265558712963524
giggleWHY,neither,0.03945320844208391,0.33037608806864915,0.630170703489267
"@1hairpiece I don't want to buy something, don't ask",neither,0.04563473709846718,0.32340379011822007,0.6309614727833128
LUL,neither,0.03945320844208391,0.33037608806864915,0.630170703489267
You didn't raise your pinky when you just hypothetically sipped your tea @Ninja,neither,0.07136161981957063,0.4366038745497767,0.4920345056306526
do u watch footy ac??,neither,0.04684006035933144,0.32783541096576224,0.6253245286749063
DIDNT HAVE PINKY UP RUINED,neither,0.03709835818163619,0.3759944300079724,0.5869072118103914
I suck at accents @Ninja ninjaTooth,neither,0.05597601659385924,0.35692185256314046,0.5871021308430003
"ur not, but this gfame is PERFECTO",neither,0.08289998044865002,0.3341514021462514,0.5829486174050985
we know ur not perfect,neither,0.06374851425243785,0.32922690950896544,0.6070245762385967
Your accent is perfect. You can use it all day. It,offensive_language,0.043806473215547426,0.4790641193952911,0.47712940738916154
that was lowkey awful haHAA,neither,0.03651939657306466,0.3626917786501778,0.6007888247767574
wina ll day,neither,0.04029336520345233,0.3054997938641396,0.6542068409324081
Of course. Season ticket holder fam,neither,0.03961273696555338,0.32766847268910204,0.6327187903453445
's easy,neither,0.03945320844208391,0.33037608806864915,0.630170703489267
U FOKKIN WOT M8,neither,0.03945320844208391,0.33037608806864915,0.630170703489267
KappaHD,neither,0.03945320844208391,0.33037608806864915,0.630170703489267
I have so much work feelsbadman,neither,0.03400167932857582,0.4003331641063871,0.5656651565650371
weedWut,neither,0.03945320844208391,0.33037608806864915,0.630170703489267
"@KingWeba, Currently Im going for Anesthesiology. But its only my 2nd year of med school so we will see if I can make it.",neither,0.018987577284655784,0.43027824800063647,0.5507341747147079
"@AC_Royale, cheers for Barcelona",neither,0.03437413967765019,0.30500216449335943,0.6606236958289905
"I think watching Ninja is very fun but I have my priorities because I'm Rick Harrison, and this is my pawn shop. I work here with my old man and my son, Big Hoss. Everything in here has a story and a price. One thing I've learned after 21 years - you never know what is gonna come through that door.",neither,0.03480401203971256,0.45810631463061263,0.5070896733296748
Join the most active Halo community! - http://bit.ly/ForumSignup,neither,0.03720444973289936,0.2632613391487466,0.699534211118354
@ninja please kill my sister she's in your lobby,neither,0.27121892218792965,0.34681704400946206,0.38196403380260824
Hey all Poooound,neither,0.04285346742239823,0.46255625023407465,0.49459028234352725
gotta work on the accent ninj. Sound like you're 1v1ing the Sudds again!,neither,0.06805671209535359,0.378646103922135,0.5532971839825115
"Your accent was good, too bad it was austrailian",neither,0.056902452412097584,0.332560825389588,0.6105367221983145
"@AC_Royale, why do u even need ac in UK , it's always cold and rainy there",neither,0.030474124122169308,0.3311948756830061,0.6383310001948246
ac is a legend,neither,0.047146122025582285,0.32773014232409653,0.6251237356503213
for who?? mu??,neither,0.03356098334705528,0.36054090351941886,0.6058981131335259
"I think watching Ninja is very fun but I have my priorities because I'm Rick Harrison, and this is my pawn shop. I work here with my old man and my son, Big Hoss. Everything in here has a story and a price. One thing I've learned after 21 years - you never know what is gonna come through that door.",neither,0.03480401203971256,0.45810631463061263,0.5070896733296748
"take your time Ninj, gotta make this 3 in a row",neither,0.06103112669409436,0.3642336678979373,0.5747352054079683
t 14,neither,0.03945320844208391,0.33037608806864915,0.630170703489267
"@muricangod, you can you are already committed...",neither,0.12107742905848753,0.3901194106897701,0.4888031602517424
Derik ninjaAdore,neither,0.03945320844208391,0.33037608806864915,0.630170703489267
@AC_Royale do you like football?,neither,0.09008308520713103,0.4204312768052058,0.4894856379876632
"@KingWeba, Thanks man :D Im trying!",neither,0.03611671664724058,0.4077269984349431,0.5561562849178164
I actually work in a pawn shop I am the real Rick Harrison,neither,0.03436451584538098,0.3945219668064193,0.5711135173481996
@Ninja Hey! Have some of my drink anomBleach,neither,0.0249840697030403,0.41591227297682526,0.5591036573201345
!10k,neither,0.03945320844208391,0.33037608806864915,0.630170703489267
@aerogengraphics Do you mean English football or American hand egg?,neither,0.05374255418286315,0.31954643939223826,0.6267110064248986
Kayla ninjaAdore,neither,0.03945320844208391,0.33037608806864915,0.630170703489267
That meme is musty,neither,0.04264880574347886,0.36275955997658194,0.5945916342799392
@ninja how fast should you tap mid - long range ?,neither,0.057061814930131266,0.37951274413689623,0.5634254409329725
lmao,neither,0.03705015143476208,0.3711622369619404,0.5917876116032975
@AC_Royale English football,neither,0.03945320844208391,0.33037608806864915,0.630170703489267
LUL,neither,0.03945320844208391,0.33037608806864915,0.630170703489267
https://clips.twitch.tv/ninja/SmoggyRhinocerosPeteZaroll,neither,0.03945320844208391,0.33037608806864915,0.630170703489267
Lol I didnt think it would still be funny,neither,0.030800285418354494,0.39455588365096955,0.5746438309306758
Of course.,neither,0.03945320844208391,0.33037608806864915,0.630170703489267
"@AC_Royale, real football ofc Kappa",neither,0.03327399039272357,0.438300357472201,0.5284256521350754
@ELGiEM no u,neither,0.036918905254960256,0.37338982715841207,0.5896912675866277
ostrich egg,neither,0.03945320844208391,0.33037608806864915,0.630170703489267
"@AC_Royale, OOOOO PogChamp Got em",neither,0.03818676777307312,0.37589746259203627,0.5859157696348907
so ac is either Australian or EU,neither,0.04532464123744573,0.3611742164931827,0.5935011422693716
is this for the 3-peat?,neither,0.04192517899754569,0.2592196383098508,0.6988551826926036
Never watched H1z1 before so urmmm...what's the aim of the game,neither,0.03612105689343081,0.37638249516799366,0.5874964479385756
@AC_Royale who do you support? :o,offensive_language,0.13369272964936038,0.45561410019302995,0.41069317015760964
Summit ended in 15th :(,neither,0.03945320844208391,0.33037608806864915,0.630170703489267
American Football Kreygasm,neither,0.04367486884264567,0.2587234934154241,0.6976016377419303
THE CHAMPIONS. THE ONE AND ONLY CHELSEA.,neither,0.036580848916401947,0.2943681391835434,0.6690510119000547
@Miniman_CE dont die and then you'll win,neither,0.22302572259203016,0.13945106126806528,0.6375232161399046
"@AC_Royale, dont knock hand-egg. It is fun",neither,0.04423377739130431,0.3287318311911427,0.6270343914175531
@Miniman_CE to kill everyone and win,hate_speech,0.4022622792123212,0.2233044191751348,0.37443330161254396
LUL,neither,0.03945320844208391,0.33037608806864915,0.630170703489267
Supporting Chelshit in 2016 LUL,neither,0.03945320844208391,0.33037608806864915,0.630170703489267
Chelsea danSgame,neither,0.03945320844208391,0.33037608806864915,0.630170703489267
LUL chelsea LUL,neither,0.03945320844208391,0.33037608806864915,0.630170703489267
CHELSEA IN 2016 LUL,neither,0.03945320844208391,0.33037608806864915,0.630170703489267
LUL,neither,0.03945320844208391,0.33037608806864915,0.630170703489267
Detroit Lions?,neither,0.03945320844208391,0.33037608806864915,0.630170703489267
where is the clip of ac donating 10k,neither,0.04562271111799413,0.29592782216203545,0.6584494667199705
"@AC_Royale, tottenham BABY",neither,0.03945320844208391,0.33037608806864915,0.630170703489267
!c,neither,0.03945320844208391,0.33037608806864915,0.630170703489267
Calculated anomLUL,neither,0.03945320844208391,0.33037608806864915,0.630170703489267
Don't hate fam,neither,0.37665322432778525,0.17818704063147872,0.44515973504073597
!ac,neither,0.03945320844208391,0.33037608806864915,0.630170703489267
whoa there,neither,0.039372085799810524,0.2794036225640054,0.6812242916361841
chelsea cant stop laughing,neither,0.03940533242659559,0.4156994215829675,0.544895245990437
!10k,neither,0.03945320844208391,0.33037608806864915,0.630170703489267
L E G E N D https://goo.gl/XqhNfM,neither,0.03945320844208391,0.33037608806864915,0.630170703489267
https://clips.twitch.tv/ninja/SmoggyRhinocerosPeteZaroll,neither,0.03945320844208391,0.33037608806864915,0.630170703489267
Kappa,neither,0.03945320844208391,0.33037608806864915,0.630170703489267
@ninja I miss you so much it hurts sometimes,neither,0.0407136094017225,0.402451583494138,0.5568348071041395
<3,neither,0.03945320844208391,0.33037608806864915,0.630170703489267
London is red guys,neither,0.04673050496364737,0.3282853477611059,0.6249841472752466
yesssssss ktbffh @AC_Royale,neither,0.03945320844208391,0.33037608806864915,0.630170703489267
Kappa,neither,0.03945320844208391,0.33037608806864915,0.630170703489267
Bayern Munich ;),neither,0.03945320844208391,0.33037608806864915,0.630170703489267
My team went to *** after ferguson retired FeelsBadMan,neither,0.035200710003845406,0.3893675338469346,0.57543175614922
Come Join the Ninjas and support Tyler and his stream by subscribing here! https://secure.twitch.tv/products/ninja/ticket,neither,0.08445523311702725,0.2985902649493576,0.6169545019336152
daily golden CiGrip test Kappa,neither,0.03945320844208391,0.33037608806864915,0.630170703489267
"@AC_Royale drogba was my fam, fam",neither,0.030527629113422237,0.39897281718368294,0.5704995537028947
rekt,neither,0.03945320844208391,0.33037608806864915,0.630170703489267
!ac,neither,0.03945320844208391,0.33037608806864915,0.630170703489267
L E G E N D https://goo.gl/XqhNfM,neither,0.03945320844208391,0.33037608806864915,0.630170703489267
pugRekt pugRekt pugRekt pugRekt pugRekt,neither,0.03945320844208391,0.33037608806864915,0.630170703489267
VAC'd,neither,0.03945320844208391,0.33037608806864915,0.630170703489267
ninjaMindBlown,neither,0.03945320844208391,0.33037608806864915,0.630170703489267
ninja10 ninja10 ninja10 ninja10 ninja10,neither,0.03945320844208391,0.33037608806864915,0.630170703489267
please stop hitting every shot... thank you,neither,0.051996317147170956,0.4380355161390804,0.5099681667137484
All these Chelsea LUL people are obviously Arsenal/Tottenham supporters. When was the last time you won the title fam,neither,0.07487004597115453,0.4162872900132107,0.5088426640156349
Jus' sayin,neither,0.038336572156653426,0.34932832002088937,0.6123351078224573
PogChamp hittin shots,neither,0.03945320844208391,0.33037608806864915,0.630170703489267
pre reload,neither,0.03945320844208391,0.33037608806864915,0.630170703489267
Kappa,neither,0.03945320844208391,0.33037608806864915,0.630170703489267
Where are his bullets going??,neither,0.1013088381255846,0.2821677487617521,0.6165234131126633
@AC_Royale you're crAZY for donating 10k,neither,0.05145358289218406,0.41243245826589386,0.536113958841922
sumSuh,neither,0.03945320844208391,0.33037608806864915,0.630170703489267
SHOTUM in duhh ***,neither,0.03945320844208391,0.33037608806864915,0.630170703489267
LUL,neither,0.03945320844208391,0.33037608806864915,0.630170703489267
I am the chum lee I work in a pawn shop,neither,0.03856882470396747,0.3171861708952025,0.6442450044008299
Ninja you are so good at this game man!,neither,0.07763826497318588,0.4076738394646551,0.5146878955621592
I support Clint Dempsey,neither,0.10621948544625662,0.30741210379905365,0.5863684107546897
While running away,neither,0.041003066613727344,0.3040709500883469,0.6549259832979258
Has ninja been shot yet?,neither,0.039517951080314986,0.3292772365330462,0.631204812386639
@OMGitsWho You're crazy for not using your prime sub on ninja,neither,0.05988320023898568,0.4265588951486395,0.5135579046123749
@AC_Royale I'm a Leeds fan FeelsBadMan,neither,0.03945320844208391,0.33037608806864915,0.630170703489267
@kingweba same,neither,0.04148851938089603,0.3488915597363099,0.609619920882794
snake-in-the-grass mode,neither,0.03877820961446422,0.3181034532719804,0.6431183371135553
!useroptions,neither,0.03945320844208391,0.33037608806864915,0.630170703489267
FUEL,neither,0.03945320844208391,0.33037608806864915,0.630170703489267
@AerogenGraphics you're crazy for not having twitch prime,neither,0.04688146519856334,0.39526935411554537,0.5578491806858914
Two words... A MERICA,neither,0.04004938298427703,0.32025745019605956,0.6396931668196634
atpCop,neither,0.03945320844208391,0.33037608806864915,0.630170703489267
im an arsenal fan LUL,neither,0.039062146137917676,0.35016853634178113,0.6107693175203012
SK DK,neither,0.03945320844208391,0.33037608806864915,0.630170703489267
any hockey fan ? Kappa,neither,0.03945320844208391,0.33037608806864915,0.630170703489267
LUL,neither,0.03945320844208391,0.33037608806864915,0.630170703489267
This game is perfect!,neither,0.04851165347796104,0.28015897269518847,0.6713293738268504
Arsenal in 2016 LUL,neither,0.03945320844208391,0.33037608806864915,0.630170703489267
@signori_ Leeds WutFace,neither,0.03945320844208391,0.33037608806864915,0.630170703489267
anomLUL,neither,0.03945320844208391,0.33037608806864915,0.630170703489267
NinjaTroll NinjaTroll,neither,0.03945320844208391,0.33037608806864915,0.630170703489267
ok,neither,0.03935517884257045,0.3320399062092607,0.6286049149481688
LUL,neither,0.03945320844208391,0.33037608806864915,0.630170703489267
LOL,neither,0.020706217963973744,0.4882283491876925,0.4910654328483337
@OMGitsWho Requires effort to link :),neither,0.044480389884362696,0.32741575864627626,0.628103851469361
You can Find more content on ninjas youtube here! Youtube.com/Ninjashyper,neither,0.07838144657627148,0.28011599440591606,0.6415025590178125
DansGame,neither,0.03945320844208391,0.33037608806864915,0.630170703489267
When Chelsea reaches the amount of Arsenal's trophies you can talk again,neither,0.02867713674680412,0.3990978719150827,0.5722249913381132
"@AC_Royale, 04-05 KAppa",neither,0.03945320844208391,0.33037608806864915,0.630170703489267
SeemsGood,neither,0.03945320844208391,0.33037608806864915,0.630170703489267
Pythagore,neither,0.03945320844208391,0.33037608806864915,0.630170703489267
i have followed Arsenal for over 13 years or so,neither,0.033233408768400634,0.34492029186689316,0.6218462993647063
See you in a century,neither,0.05859339241645939,0.38382017128329227,0.5575864363002483
could you imagine witnessing that from the side,neither,0.04310948852170554,0.3944891731111527,0.5624013383671418
"@ninja I have to switch to mobile for an hour or two, so lurk mode engaged. I will be watching though ninjaCreep",neither,0.043312080654629076,0.3200262762474882,0.6366616430978826
Did that guy ever refund the 10k?,neither,0.03592795215643679,0.3529585834322319,0.6111134644113313
bioOp hikoNA Murica?,neither,0.03945320844208391,0.33037608806864915,0.630170703489267
!shotgun,neither,0.03945320844208391,0.33037608806864915,0.630170703489267
"""IT'S WORKING"" - ninja Sept. 22, 2016",neither,0.0385816975549875,0.33067584062637845,0.630742461818634
"@AC_Royale,i just PM'd Rooney",neither,0.03379592431671097,0.3573715497773988,0.6088325259058901
KappaRoss KappaRoss,neither,0.03945320844208391,0.33037608806864915,0.630170703489267
!perfect,neither,0.03945320844208391,0.33037608806864915,0.630170703489267
Ninja is perfect ninjaTooth,neither,0.0479703021069981,0.32744666900082336,0.6245830288921785
It's easy.,neither,0.03730267510763682,0.3311157550963673,0.6315815697959959
"""i can win...... ALL DAY""",neither,0.04291547222051747,0.3976322468530008,0.5594522809264819
"IAMFITZY -> Hail to the King, baby! [stop posting links] [warning]",neither,0.04261560598992219,0.3608819657031697,0.5965024283069081
@AerogenGraphics nope just amazon email and password u scrub,neither,0.03604236068278565,0.3178053183177402,0.6461523209994741
@secs4subs yes I refunded the 10k but I'm still a mod in this chat Ninja didn't mind,neither,0.029319445430364327,0.35798198051149394,0.6126985740581418
!drdisrespect,neither,0.03945320844208391,0.33037608806864915,0.630170703489267
Wayne Rooney LUL,neither,0.03945320844208391,0.33037608806864915,0.630170703489267
sumPotato,neither,0.03945320844208391,0.33037608806864915,0.630170703489267
!DOC,neither,0.03945320844208391,0.33037608806864915,0.630170703489267
https://www.youtube.com/watch?v=FKtVNnZ8nhE,neither,0.04349866177839444,0.3289846711595917,0.6275166670620138
where the *** are the bullets going @Ninja -drdisrespect,neither,0.05693037965479114,0.2697142792753033,0.6733553410699055
@AC_Royale Kappa,neither,0.03945320844208391,0.33037608806864915,0.630170703489267
"@AC_Royale, oh okay",neither,0.04703582915716655,0.25935202142858715,0.6936121494142462
KappaClaus,neither,0.03945320844208391,0.33037608806864915,0.630170703489267
@Secs4Subs he's trolling,neither,0.046366429421143746,0.3279983143640371,0.6256352562148192
Kappa,neither,0.03945320844208391,0.33037608806864915,0.630170703489267
FailFish,neither,0.03945320844208391,0.33037608806864915,0.630170703489267
lul,neither,0.03945320844208391,0.33037608806864915,0.630170703489267
FailFIsh,neither,0.03945320844208391,0.33037608806864915,0.630170703489267
*** u,neither,0.03945320844208391,0.33037608806864915,0.630170703489267
OpieOP,neither,0.03945320844208391,0.33037608806864915,0.630170703489267
Glue Kreygasm,neither,0.03945320844208391,0.33037608806864915,0.630170703489267
FailFish,neither,0.03945320844208391,0.33037608806864915,0.630170703489267
tree,neither,0.03945320844208391,0.33037608806864915,0.630170703489267
"Rooftop Warfare, LEZZZ GOOOO",neither,0.03945320844208391,0.33037608806864915,0.630170703489267
What's that praugalent thing ?,neither,0.04154716744272895,0.38776596200065205,0.5706868705566189
Rooftop Rumble,neither,0.03945320844208391,0.33037608806864915,0.630170703489267
What does it do,neither,0.027553776045747547,0.48116022033954864,0.4912860036147038
"@Jammer0000, it stops bleeding",neither,0.03820872648510078,0.33080412248012564,0.6309871510347737
it makes u stop bleeding after 1 sec Jammer,neither,0.0385053759622878,0.37781484422763606,0.5836797798100762
Dagger_Knife chigger chagger ninjer dagger,neither,0.03945320844208391,0.33037608806864915,0.630170703489267
but doesnt heal at all,neither,0.03736656622129477,0.4209132020372692,0.541720231741436
@ac_royale May I ask what do you do for a living you roll in money every night don't you? Lol you don't have to tell me if you don't want to,offensive_language,0.06293238564980623,0.4848825887860376,0.45218502556415613
Oh nice,neither,0.047157506312557065,0.25827831660427925,0.6945641770831636
ninja10 ninja10 ninja10 ninja10 ninja10,neither,0.03945320844208391,0.33037608806864915,0.630170703489267
RIP,neither,0.03945320844208391,0.33037608806864915,0.630170703489267
rekt,neither,0.03945320844208391,0.33037608806864915,0.630170703489267
*** on poosee,neither,0.02983740057173753,0.3797445071048369,0.5904180923234256
sad,neither,0.03945320844208391,0.33037608806864915,0.630170703489267
!cheer 10 hello man,neither,0.03955721905385786,0.384156952852192,0.5762858280939501
@mrcherryusa I wipe my *** with £50 notes,neither,0.02389875977219729,0.4235292990932229,0.5525719411345797
cochino,neither,0.03945320844208391,0.33037608806864915,0.630170703489267
Must be filthyScrub,neither,0.041866631280162006,0.3098879997726791,0.6482453689471588
why are they peeking like that when hes got a sniper? xD,neither,0.04180104590796983,0.445799664846113,0.512399289245917
lolol why would he challenge someone with a hunting rifle FacePalm,neither,0.02802199884957399,0.3600632449750042,0.6119147561754219
@ac_royale I thought so Kappa,neither,0.042773456779688364,0.2734290932364836,0.683797449983828
@ac_royale lol,neither,0.020706217963973744,0.4882283491876925,0.4910654328483337
@MrCherryUSA His uncle is Pablo Escobar,neither,0.22092390484279745,0.19568213256214922,0.5833939625950534
@jacktime34 not how it works,neither,0.03636812262636049,0.33660767342127496,0.6270242039523645
Debating about English football while being surrounded by Americans LUL,neither,0.0367115577170406,0.3808860708865736,0.5824023713963857
"@AC_Royale, lol",neither,0.020706217963973744,0.4882283491876925,0.4910654328483337
did they get the 1.5k?,neither,0.03812801793745203,0.32330526310528074,0.6385667189572674
ninjaH,neither,0.03945320844208391,0.33037608806864915,0.630170703489267
cheer10 hello man,neither,0.03965108193617412,0.41507551703727336,0.5452734010265525
for the pistol yesterday?,neither,0.03320944548807041,0.2890452446960863,0.6777453098158434
haha @AC_Royale nice,neither,0.03394289335757385,0.42390051582920835,0.5421565908132179
!cheer,neither,0.03945320844208391,0.33037608806864915,0.630170703489267
this is for 3 in a row people,neither,0.0717302325508548,0.2966333914371449,0.6316363760120003
!bitd,neither,0.03945320844208391,0.33037608806864915,0.630170703489267
HE JINXED IT,neither,0.04897122396729067,0.32710240607519375,0.6239263699575155
you have to say pullover and do it.,neither,0.07224171863330539,0.33643961679338,0.5913186645733145
WHYY WOULD HE JINX IT,neither,0.044956139758398385,0.31952642431471606,0.6355174359268855
DONT JINX IT,neither,0.03672813707375185,0.33131336507200804,0.6319584978542401
JINXED,neither,0.03945320844208391,0.33037608806864915,0.630170703489267
@Ninja did you guys get 1.5k for the pistol win yesterday?,neither,0.04294865214271094,0.3321053488911574,0.6249459989661318
!bits,neither,0.03945320844208391,0.33037608806864915,0.630170703489267
Read about Cheering/Bits here--> https://goo.gl/khZqJy,neither,0.07592524689420638,0.3208747371321888,0.6032000159736047
Hes gonna choke now,neither,0.03849279070361044,0.3746266747955365,0.586880534500853
knock on wood people,neither,0.06341034303853527,0.3404944722632757,0.5960951846981889
GYNXED Elegiggle,neither,0.03945320844208391,0.33037608806864915,0.630170703489267
not ur Ds,neither,0.06430261192222805,0.32645911185195103,0.6092382762258208
t 9,neither,0.03945320844208391,0.33037608806864915,0.630170703489267
"Summit just had 2 wins in a row, then a 7th",neither,0.036685912984207744,0.3432137836564102,0.6201003033593822
no he didnt,neither,0.04543438107147764,0.34601175540129586,0.6085538635272264
welp gg,neither,0.03945320844208391,0.33037608806864915,0.630170703489267
he got 50,neither,0.044808716548014924,0.38732262400402123,0.5678686594479638
!br,neither,0.03945320844208391,0.33037608806864915,0.630170703489267
2 B2B BloodTrail,neither,0.03945320844208391,0.33037608806864915,0.630170703489267
I knocked on my wood tatW tatW tatW,neither,0.027039389527081625,0.42206808674163554,0.550892523731283
"He got 15th now nerds,",neither,0.04364768687903838,0.3755878620028995,0.5807644511180622
oh so they both got 50,neither,0.04327253473167335,0.37104695869472337,0.5856805065736034
$50 guy was cool about it though,neither,0.036550934750844984,0.36089604559334687,0.6025530196558081
@ninja PPAP one time for me?,neither,0.026238339126453788,0.3844836734206069,0.5892779874529392
yes,neither,0.03945320844208391,0.33037608806864915,0.630170703489267
SNIOPER,neither,0.03945320844208391,0.33037608806864915,0.630170703489267
!br,neither,0.03945320844208391,0.33037608806864915,0.630170703489267
2 B2B BloodTrail,neither,0.03945320844208391,0.33037608806864915,0.630170703489267
YOU BLEW IT!!! SwiftRage,neither,0.0616437087109466,0.40037704647784056,0.5379792448112128
KappaHD,neither,0.03945320844208391,0.33037608806864915,0.630170703489267
KppaHD,neither,0.03945320844208391,0.33037608806864915,0.630170703489267
studmuffin1988 -> No disassembling required. [stop posting links] [warning],neither,0.038743606454475894,0.39803986140618564,0.5632165321393384
KappaHD,neither,0.03945320844208391,0.33037608806864915,0.630170703489267
MiniK,neither,0.03945320844208391,0.33037608806864915,0.630170703489267
Kppa ? DansGame,neither,0.03945320844208391,0.33037608806864915,0.630170703489267
Kappappappa,neither,0.03945320844208391,0.33037608806864915,0.630170703489267
rekt,neither,0.03945320844208391,0.33037608806864915,0.630170703489267
damn,offensive_language,0.042479326866149344,0.9516554255713155,0.005865247562535126
RIP,neither,0.03945320844208391,0.33037608806864915,0.630170703489267
riperino,neither,0.03945320844208391,0.33037608806864915,0.630170703489267
MiniK MiniK MiniK MiniK MiniK KappaHD KappaHD KappaHD KappaHD KappaHD KappaHD,neither,0.03945320844208391,0.33037608806864915,0.630170703489267
That was skunkyyyyyyyyy,neither,0.030667155429851628,0.4292504569866666,0.5400823875834818
HES MAD,neither,0.03945320844208391,0.33037608806864915,0.630170703489267
gggod,neither,0.03945320844208391,0.33037608806864915,0.630170703489267
damn,offensive_language,0.042479326866149344,0.9516554255713155,0.005865247562535126
still jinxed it xD,neither,0.034849152833510054,0.3622065094286606,0.6029443377378293
nadedHype,neither,0.03945320844208391,0.33037608806864915,0.630170703489267
Sit down do you tv,neither,0.05870136454535645,0.37816193156835687,0.5631367038862868
im hard,offensive_language,0.029562611618227777,0.6232201950310695,0.3472171933507027
Kappa,neither,0.03945320844208391,0.33037608806864915,0.630170703489267
!subscribe,neither,0.03945320844208391,0.33037608806864915,0.630170703489267
PogChamp FRESH LAM Kreygasm,neither,0.03945320844208391,0.33037608806864915,0.630170703489267
I'm rock hard right now Kreygasm,offensive_language,0.03035893746993791,0.5537334002037909,0.4159076623262712
!sub,neither,0.03945320844208391,0.33037608806864915,0.630170703489267
"If you want to have access to all the personal Ninja Emoticons and support him, Subscribe here--> https://goo.gl/SWv9Gl - Ninja also adds his subscribers to Snapchat, and ninja's stream is adFree after subscribing! As a subscriber you also get access to the Discord server! **How To sub** --> https://goo.gl/6zSzPd",neither,0.08119217393217586,0.3451664482236908,0.5736413778441334
!1600,neither,0.03945320844208391,0.33037608806864915,0.630170703489267
Pr0gress the 1600th subscriber Kreygasm,neither,0.03613032604487659,0.2619290779399786,0.7019405960151449
"this is his game to loose, he is stacked with stuff",neither,0.06831766926066142,0.32065242243505104,0.6110299083042875
!2hands,neither,0.03945320844208391,0.33037608806864915,0.630170703489267
"""I use 2 hands, 1 to guide the tip, and the other to cradle the balls"" - Ninja 2015",neither,0.02882840075375995,0.3926444365429246,0.5785271627033155
you bleding,offensive_language,0.21217306638279385,0.6099082758190073,0.17791865779819876
"@OMGitsWho, when you gonna sub to ninja with your prime Kappa",neither,0.05428221394392591,0.4335203478578429,0.5121974381982312
RIP,neither,0.03945320844208391,0.33037608806864915,0.630170703489267
Lol,neither,0.020706217963973744,0.4882283491876925,0.4910654328483337
LOL,neither,0.020706217963973744,0.4882283491876925,0.4910654328483337
WTF GAME,offensive_language,0.04196055347267439,0.6052107268430641,0.35282871968426155
kek,neither,0.03945320844208391,0.33037608806864915,0.630170703489267
lol,neither,0.020706217963973744,0.4882283491876925,0.4910654328483337
LUL,neither,0.03945320844208391,0.33037608806864915,0.630170703489267
Wow,neither,0.03945320844208391,0.33037608806864915,0.630170703489267
GREAT GAME,neither,0.0366797330625349,0.24762404437592572,0.7156962225615394
SEE HE JINXED IT,neither,0.0462823246628576,0.328027241847086,0.6256904334900563
Lol,neither,0.020706217963973744,0.4882283491876925,0.4910654328483337
wtf,offensive_language,0.04410695246022759,0.7898861884776351,0.16600685906213722
