text,top_class,hate_speech,offensive_language,neither
Are they live yet?,neither,0.08070130519364636,0.27389398165065304,0.6454047131557007
kaypikeStars CRITICAL ROLE IS ON IN 23 MIN kaypikeStars,neither,0.04266689029290853,0.33753322266355434,0.6197998870435372
!wallet,neither,0.03945320844208391,0.33037608806864915,0.630170703489267
noticed that one @Danoba ;p;,neither,0.03400796094872235,0.4154062087730995,0.5505858302781783
dat music,neither,0.03945320844208391,0.33037608806864915,0.630170703489267
Dang,neither,0.03945320844208391,0.33037608806864915,0.630170703489267
"@Danoba, for most, yes...",neither,0.03205284256661889,0.29346034407442884,0.6744868133589522
I would like Matt Mercer to have a polymorphin boss NPC that he can't control of what and when and how it changes thru the battle,neither,0.043265435825459636,0.3299868077731756,0.6267477564013648
Do we think this will be a straight up Giant fight in the city of brass or do we think other monsters will enter the fray?,neither,0.04031727282697347,0.3147559541007125,0.6449267730723139
pres f5!,neither,0.03945320844208391,0.33037608806864915,0.630170703489267
23 min,neither,0.03945320844208391,0.33037608806864915,0.630170703489267
lol,neither,0.020706217963973744,0.4882283491876925,0.4910654328483337
"Ooh, new badge!",neither,0.042680476687166236,0.25022439212119635,0.7070951311916372
"@Danoba, what ones are there supposed to be?",neither,0.08109660548399178,0.24630035867548397,0.6726030358405243
That would be fun for a Charity event,neither,0.0325835831423701,0.3370356781116132,0.6303807387460166
that is super fancy,neither,0.04329864093632134,0.36880672912147405,0.5878946299422045
It starts at 7PM Pacific,neither,0.03754569541298614,0.3517883931264646,0.6106659114605494
as alwaus,neither,0.03452293158275801,0.4140557533686924,0.5514213150485496
That reroll would be awesome <3,neither,0.03490430551499995,0.375691734795222,0.5894039596897781
OH MAN,neither,0.0497452509521963,0.354443561064239,0.5958111879835646
gandsSCANLAN gandsSCANLAN gandsSCANLAN,neither,0.03945320844208391,0.33037608806864915,0.630170703489267
Where can I get this song,neither,0.04074334584616465,0.3084790893310764,0.650777564822759
That scared the *** out of me! damn my speakers were on high,offensive_language,0.024665978450018267,0.7379696626279579,0.23736435892202382
so many resubs,neither,0.039413129245513115,0.4120595004619746,0.5485273702925123
First live stream ever!!! woooo,neither,0.03668099446535849,0.33132957957678727,0.6319894259578543
Scanlan multiclasses into Wild Magic Sorc,neither,0.03945320844208391,0.33037608806864915,0.630170703489267
Bidet from Canada,neither,0.04071751644889743,0.3089174816120565,0.6503650019390461
What about geordi,neither,0.04753712308015706,0.3758554328400185,0.5766074440798244
City of Brass.... full of doors,neither,0.05269317420906999,0.325822256714775,0.6214845690761551
:),neither,0.03945320844208391,0.33037608806864915,0.630170703489267
All I hear are mc chris lyrics right now,neither,0.0568911507688592,0.3592311402649451,0.5838777089661956
Bidet,neither,0.03945320844208391,0.33037608806864915,0.630170703489267
who says its a fight hieist plan,neither,0.03461929918495412,0.38999198154726394,0.5753887192677819
"@Lorucity There should be new ones I believe for 3,6,12 and 24 months.",neither,0.04423195025927975,0.2240625365556021,0.731705513185118
Bidet from Texas! <3,neither,0.040937266849991,0.30518774380265185,0.6538749893473571
bidet,neither,0.03945320844208391,0.33037608806864915,0.630170703489267
Cannot wait to see Matt Mercer playing Xenokeir. He killed it end of last episode with the accent and facial expressions of a genasi,neither,0.037835530179088084,0.31962493300266015,0.6425395368182516
bidet,neither,0.03945320844208391,0.33037608806864915,0.630170703489267
"I'd like to see them use diplomacy for once, haha. it'd be interesting to have them just buy the armor off a giant.",neither,0.03444953530010619,0.40027335415566934,0.5652771105442245
how much time until it starts?,neither,0.033995441479171024,0.34899800880663123,0.6170065497141978
I could see him as a caster,neither,0.03695113094804145,0.3728428730444671,0.5902059960074915
I feel so out of the club with my green badge ;_;,neither,0.02298827620438406,0.42722235208105525,0.5497893717145607
cannot waitQ!,neither,0.03945320844208391,0.33037608806864915,0.630170703489267
are we actually all 3 month subscribers or are the badges bugged,neither,0.08017310696599035,0.3020390197000279,0.6177878733339818
!crtimer,neither,0.03945320844208391,0.33037608806864915,0.630170703489267
There is 22 minutes 28 seconds until the next episode of Critical Role. This has been asked 159 times.,neither,0.041915740694322134,0.3106837972059837,0.6474004620996942
geordi is like percy! tinkering!,neither,0.06358320548547249,0.3438351320929648,0.5925816624215627
Bidet from Philly!,neither,0.040769555981420263,0.3080342349327864,0.6511962090857933
Thursday Crit role saves lives!!!,neither,0.03945320844208391,0.33037608806864915,0.630170703489267
bidet,neither,0.03945320844208391,0.33037608806864915,0.630170703489267
It is a difficult decision for me. I honestly would be interested in how the party would adapt to the death of Vex or Vax.,neither,0.037705688343249895,0.31488816584320006,0.6474061458135499
holy hell how many viewers are in this?,offensive_language,0.059610891202682974,0.603390621741337,0.33699848705597996
:),neither,0.03945320844208391,0.33037608806864915,0.630170703489267
has glasses too :-D,neither,0.03961615443736941,0.32761046927349335,0.6327733762891372
Tonights episode is going to be very interesting,neither,0.05053959977694311,0.34924212941756033,0.6002182708054966
bidet,neither,0.03945320844208391,0.33037608806864915,0.630170703489267
Bidet! :D,neither,0.03945320844208391,0.33037608806864915,0.630170703489267
I hope everyone lives forever tbh,neither,0.060444140405281704,0.32371271374090005,0.6158431458538182
Bidet from Portland friends!,neither,0.040508676917069726,0.3124620334949195,0.6470292895880108
Xenokeir HYPE,neither,0.03945320844208391,0.33037608806864915,0.630170703489267
bidet from australia,neither,0.04062582848913359,0.31047366557575606,0.6489005059351104
From the UK so my first ever live stream! So excited,neither,0.031024584791018474,0.41467814244017365,0.554297272768808
"I'm hoping they kill the dragon, save the world, and start a new campaign with new characters",neither,0.1345503537109945,0.17527310759271708,0.6901765386962884
I really like the color change of the G&S logo as a reward for multi month subscribers. :),neither,0.0400174214512792,0.3230299175880867,0.6369526609606341
@bidet,neither,0.03945320844208391,0.33037608806864915,0.630170703489267
"Was about to ask where the heck CR was, then I realized I live in AZ and we don't do daylight savings...",neither,0.04403777012294618,0.30507297520039406,0.6508892546766597
"Local studio time is now 6:39pm PST, since Daylight Savings Time ended last weekend in the US wheniscriticalrole.com gandsMatt",neither,0.05702467734434103,0.3360795148773445,0.6068958077783145
beepbeep! gandsDrink,neither,0.03945320844208391,0.33037608806864915,0.630170703489267
bidet and beep beep from CenCali,neither,0.03993872663407561,0.2110020514151397,0.7490592219507847
Hello everyone! How's everyone doing,neither,0.03157595732029932,0.46407359759257677,0.5043504450871238
Bidet from Colorado!,neither,0.04066490145509902,0.30981049537100724,0.6495246031738937
more bitrate!,neither,0.044084690295906365,0.306805713525994,0.6491095961780997
"oh , good i thought i had missed the episode or something",neither,0.044021803105267585,0.2175448305768958,0.7384333663178365
I love this janglely music,neither,0.03535883441880846,0.3512913545446099,0.6133498110365816
"@Danoba, good to know, thanks",neither,0.04436712497372042,0.3040688473887597,0.6515640276375197
Bidet from Las Vegas,neither,0.040400041164603724,0.3143058657309893,0.6452940931044071
I can talk!!,neither,0.014449253971368353,0.33012188821389177,0.6554288578147399
"@Karraxx Perth here, Beep beep!",neither,0.22097653003277068,0.2221615150675793,0.55686195489965
bidet from adelaide australia,neither,0.04062582848913359,0.31047366557575606,0.6489005059351104
Enjoy Critical Role all....,neither,0.040900963070147144,0.38915126754685725,0.5699477693829956
beep beep in LA,neither,0.03945320844208391,0.33037608806864915,0.630170703489267
@Chishikaru I actually just started watching Critical Role... I got like 72 episodes to go LOL,neither,0.04109765407150795,0.4037230901460761,0.555179255782416
"This is nothing, it'll get to 25K+ viewers soon.",neither,0.04694604082705656,0.3652672396373377,0.5877867195356058
tune!,neither,0.03945320844208391,0.33037608806864915,0.630170703489267
FolkMachina?,neither,0.03945320844208391,0.33037608806864915,0.630170703489267
wait what?,neither,0.04877470361900789,0.3238348708445956,0.6273904255363965
bidet,neither,0.03945320844208391,0.33037608806864915,0.630170703489267
bidet from okc,neither,0.04069404815304118,0.30931579984010865,0.6499901520068502
Bidet from Oklahoma.,neither,0.04066490145509902,0.30981049537100724,0.6495246031738937
icons for months-of-sub?,neither,0.03359001445061998,0.3010960682867807,0.6653139172625993
MY VERY FIRST CRIT ROLE cutLuv cutBoy,neither,0.024196436515890665,0.4117282822140861,0.5640752812700232
"Bidet from Phoenix. And before anyone asks, I didn't vote for him. :)",neither,0.026259118439420578,0.3435378296007464,0.6302030519598331
whadduuuuuuuuuuuuuuuuup,neither,0.03945320844208391,0.33037608806864915,0.630170703489267
"the info they gathered about pikes vestigate was it was gathering dust on a shelf, maybe they can just trick it out of the giant",neither,0.03184750441413403,0.3508104124744784,0.6173420831113875
Troi Druid??,neither,0.03945320844208391,0.33037608806864915,0.630170703489267
Have fun everyone!,neither,0.032162493141391094,0.45411855397213485,0.5137189528864742
Bidet from Illinois,neither,0.04069404815304118,0.30931579984010865,0.6499901520068502
Bidet from Texas,neither,0.040937266849991,0.30518774380265185,0.6538749893473571
Biday and beep beep from Indiana.,neither,0.039696771856685666,0.26058121240825,0.6997220157350644
@Lorucity Np.,neither,0.03945320844208391,0.33037608806864915,0.630170703489267
Guy Faux Machina,neither,0.03897224588460658,0.3385392778812917,0.6224884762341019
congrats CeruleanTsundere,neither,0.03945320844208391,0.33037608806864915,0.630170703489267
"i don't like it, i don't like change!",neither,0.062124434676797895,0.3639877362818895,0.5738878290413125
20 Minutes! I need snacks and booze!,neither,0.03877987806320625,0.30186259932706827,0.6593575226097255
"I might actually miss this episode, just had surgery and can't laugh",neither,0.03242910537639645,0.31799583026207207,0.6495750643615316
"the loyalty badges are kind of broken right now, it's only showing the base badge and the 3 month one",neither,0.046292442016430145,0.294913768104794,0.6587937898787758
"@Lorucity, if you want to see the rest of them (since they aren't really working), you can click on the badge",neither,0.05273145846102789,0.38528426561163637,0.5619842759273357
@CeruleanTsundere Welcome! I hope you enjoy!,neither,0.10979190217914027,0.25253079267250783,0.637677305148352
Sydney Australia on line and ready for the carnage,neither,0.03306178379238388,0.28611325756396644,0.6808249586436496
"Hey y'all. It's Tim from Crit Role HP Stats, be sure to follow here for the latest HP stats of Vox Machina and also check out what I tweeted out regarding these last few days. https://twitter.com/CRHPStats",neither,0.048710243837191074,0.4065830522120823,0.5447067039507266
Bidet from Maryland,neither,0.04066490145509902,0.30981049537100724,0.6495246031738937
"gratz tsundere, gonna be a blast",neither,0.03878375572419049,0.3915006801726759,0.5697155641031336
bidet from ontario,neither,0.04062582848913359,0.31047366557575606,0.6489005059351104
If Vex or Vax died Laura would lose her mind Liam would be ok but man Laura would just fall apart,neither,0.024779761962645305,0.4803780066818428,0.4948422313555119
Releventzero Water Ashari!,neither,0.03945320844208391,0.33037608806864915,0.630170703489267
welcome first time veiwers,neither,0.03052144977337446,0.3553313989130345,0.614147151313591
"finally get to watch CR live - got an RDO today, so happy!",neither,0.048503633511140405,0.36895865890868795,0.5825377075801718
Bidet from Maryland!,neither,0.04066490145509902,0.30981049537100724,0.6495246031738937
Hello everyone! Bidet!,neither,0.03269494828970791,0.4450814005079928,0.5222236512022994
it's fine if i tune in on this episode and skip the other 60 before it right??,neither,0.02550363920662766,0.3777910061375812,0.5967053546557912
Bidet from NC,neither,0.04066490145509902,0.30981049537100724,0.6495246031738937
"In case any one wants in, Star Trek characters in dnd what classes",neither,0.041520760524425195,0.3432497274701542,0.6152295120054206
Bidet from Michigan,neither,0.040769555981420263,0.3080342349327864,0.6511962090857933
She turned into this fishy thing on this evolution episode,neither,0.03842121252217469,0.3881713759450014,0.5734074115328239
Matt Mercer as Xenokeir HYPE <3,neither,0.0375726674077915,0.36229377724160605,0.6001335553506025
Wish I could be subbed again.,neither,0.03829765019104925,0.35913637693749917,0.6025659728714515
"si eres un critter latino, www.twitter.com/crittersArg!",neither,0.03902303018871778,0.39746609372496516,0.5635108760863172
Holy Re-Sub Hype! gandsSubHype,neither,0.054812198913860986,0.3060466557018102,0.6391411453843289
thanks you guize! I've been watching on youtube all week. I'm up to ep 5 now.,neither,0.03102810764494337,0.41292309099555347,0.5560488013595031
RIP Leonard Cohen :(,neither,0.03945320844208391,0.33037608806864915,0.630170703489267
@Gaverage whoo-hoo!,neither,0.03945320844208391,0.33037608806864915,0.630170703489267
Bidet from Virginia!,neither,0.04079557052152802,0.30759270029461827,0.6516117291838538
finally Thursday!,neither,0.03945320844208391,0.33037608806864915,0.630170703489267
bidet from florida,neither,0.0408948396164547,0.30590784468201904,0.6531973157015263
Yes legal ;),neither,0.03945320844208391,0.33037608806864915,0.630170703489267
Bidet from Utah!!!!,neither,0.04066490145509902,0.30981049537100724,0.6495246031738937
Welcome @CeruleanTsundere !!! Once you pop that top you can't stop! ;),offensive_language,0.06618996093945158,0.4904596083728386,0.44335043068770985
i always forget whether this starts at 7 or 730,neither,0.037501470919143146,0.38969443646770563,0.5728040926131511
kjkj,neither,0.03945320844208391,0.33037608806864915,0.630170703489267
Bidet from bc Canada,neither,0.04052303010603489,0.3122184224193425,0.6472585474746226
Bidet from Salt Lake City!,neither,0.04031822098218303,0.3156945677603287,0.6439872112574881
Bidet from El Paso!,neither,0.04080695066346891,0.3073995495860776,0.6517934997504536
bidet from CA,neither,0.04084513770590474,0.30675141581570226,0.6524034464783931
Yeah she did turn into a fish,neither,0.027228523163666713,0.4780069557056306,0.49476452113070274
bidet from pa,neither,0.04069404815304118,0.30931579984010865,0.6499901520068502
bidet from denmark :D,neither,0.04228451509352876,0.2823214250720796,0.6753940598343917
RIP Leonard Cohen.......,neither,0.03945320844208391,0.33037608806864915,0.630170703489267
Bidet from Alabama. silent0Kiska,neither,0.04078317879478948,0.307803020237201,0.6514138009680096
"@legalrick2 74 episodes, not 60 haha",neither,0.03492080126461422,0.3938140506439934,0.5712651480913924
Bidet from Ontario Canada!,neither,0.040354386843928725,0.3150807387011266,0.6445648744549448
Hey guys :DD,neither,0.03929207127355727,0.33311100635304525,0.6275969223733975
something like 7 or 7:30,neither,0.05236008916075531,0.3488256539697467,0.598814256869498
Is there any way to differentiate critical role subscribers and general geek and sundry subscribers?,neither,0.0471811144901938,0.2612955836319351,0.691523301877871
They are going to be salty from Trumps win,neither,0.06942312083721146,0.29895967080319735,0.6316172083595912
Data is a ranger,neither,0.04638975465049957,0.32799029174806915,0.6256199536014313
Bidet from Houston,neither,0.040875471929787875,0.3062365648703896,0.6528879631998226
more bitrate!,neither,0.044084690295906365,0.306805713525994,0.6491095961780997
Before i cant talk because im not a sub. I just wanted to say i love you all!!,offensive_language,0.03231611205495971,0.5000154629389788,0.46766842500606143
its 8 pm DST shifted it from 7pm,neither,0.03436245349760074,0.31800319817719874,0.6476343483252004
love to all critters gandsLessthanthree,offensive_language,0.0510439891578217,0.49889008265708423,0.45006592818509406
can,neither,0.04033449801857472,0.31541830397308185,0.6442471980083434
Bidet from Vancouver!,neither,0.04228451509352876,0.2823214250720796,0.6753940598343917
"Bidet, and beep beep from Logan, UT",neither,0.03960751895258097,0.2826498521922526,0.6777426288551665
Beep Beep from Maryland! <3,neither,0.04066490145509902,0.30981049537100724,0.6495246031738937
Bidet from Mi,neither,0.04081748366884477,0.3072207769958956,0.6519617393352596
"2,500 viewers and this thing hasn't even started yet SMOrc",neither,0.03839308392556158,0.31673785133300797,0.6448690647414305
Bidet from Trump America,neither,0.22366348693464697,0.20530788517629897,0.5710286278890542
SQUEE!! Made it for a live CR!,neither,0.03659603098974741,0.3035824257639674,0.6598215432462853
Well poo somehow my subscription got reset,neither,0.029573699924737764,0.435264307466112,0.5351619926091502
hi loves,neither,0.03945320844208391,0.33037608806864915,0.630170703489267
He is the only one with a pet,neither,0.038357754945891324,0.37603482767002866,0.58560741738408
I cant wait for Matt's book on the world Vox Machina is in. That is gonna be AWESOME!,neither,0.0397878364354278,0.3590049973957559,0.6012071661688162
I like the song...alot,neither,0.049885373115654136,0.33685633359370387,0.6132582932906421
Critters!,neither,0.03945320844208391,0.33037608806864915,0.630170703489267
@legalrick2 I wouldnt! The entire story leads together so well. I wouldnt skip any episodes,neither,0.039012828796739035,0.34233086332705587,0.6186563078762051
hello :D,neither,0.03945320844208391,0.33037608806864915,0.630170703489267
Bidet from St. Louis!,neither,0.040470992782370326,0.313101631608523,0.6464273756091067
"In Atlantis we say, How long until Critical Role?",neither,0.039186836179135626,0.33086209669385236,0.6299510671270121
can't wait until CR starts tonight!,neither,0.03770419654434008,0.3110042082794171,0.6512915951762429
Anyone know it?,neither,0.03748015486496237,0.33105471166938183,0.6314651334656558
gandsCrit,neither,0.03945320844208391,0.33037608806864915,0.630170703489267
Bidet from England,neither,0.04071751644889743,0.3089174816120565,0.6503650019390461
Heber Ut,neither,0.03945320844208391,0.33037608806864915,0.630170703489267
"Yes, if you subscribe the critical role, then you are also subscribed to G&S",neither,0.07090656267946419,0.3879576560087957,0.54113578131174
data could be a ranger... but I'd rather go with a construct,neither,0.031075635041076206,0.3671518520373791,0.6017725129215449
Ayooooooo,neither,0.03945320844208391,0.33037608806864915,0.630170703489267
wait it hasn't started?,neither,0.03813823494468513,0.33082836775330665,0.6310333973020082
Bidet from Michigan,neither,0.040769555981420263,0.3080342349327864,0.6511962090857933
So they are one in the same.,neither,0.06999487084236083,0.35522660677398954,0.5747785223836496
is the steam offline,neither,0.04766640742991612,0.3094440240255625,0.6428895685445215
anybody know what that last song was?,neither,0.04008406769076469,0.37091545587121055,0.5890004764380248
"@deadpirategaming, Bidet",neither,0.03945320844208391,0.33037608806864915,0.630170703489267
"B'day, mate! From Australia",neither,0.04072463243210585,0.3035995753675601,0.6556757922003341
holla,neither,0.03945320844208391,0.33037608806864915,0.630170703489267
Just how much you choose to do with it,neither,0.03916083958599244,0.42365168676178283,0.5371874736522246
@deadpirategaming i think your name just killed my eyes,neither,0.04906251481515683,0.3866411864538859,0.5642962987309573
oh this song is dank,neither,0.05137280098545539,0.29208377171074335,0.6565434273038013
probably gonna be some salt...,neither,0.030836684758417828,0.4070916665510541,0.5620716486905281
Incoming gandsSubHype,neither,0.03945320844208391,0.33037608806864915,0.630170703489267
@Alisaunder 5 Minutes,neither,0.03945320844208391,0.33037608806864915,0.630170703489267
Bidet from Germany,neither,0.04069404815304118,0.30931579984010865,0.6499901520068502
What time is it in England?,neither,0.05061732043345013,0.3429149017131937,0.6064677778533561
First time getting to watch live!,neither,0.04244076949459223,0.40551129297885286,0.5520479375265549
That would his race,neither,0.4660142254222306,0.034005839632421535,0.499979934945348
lol is the 6 months stapler?,neither,0.03802804491470684,0.36130657193620647,0.6006653831490867
HTOWN,neither,0.03945320844208391,0.33037608806864915,0.630170703489267
"golem kind, but an intelligent one",neither,0.03619002359269896,0.36126953894078484,0.6025404374665163
I should say 8pm MST my timezone because I live in wonderful az where we dont do DST,neither,0.04316167878194074,0.3826486182083833,0.574189703009676
20 min... what do i do? :c,neither,0.04669401640426617,0.3261631925036872,0.6271427910920467
doogHi doogWatson,neither,0.03945320844208391,0.33037608806864915,0.630170703489267
🙂,neither,0.03945320844208391,0.33037608806864915,0.630170703489267
Ready to taste the Salt!,neither,0.04456761614792858,0.31268200397992435,0.6427503798721471
Warforged,neither,0.03945320844208391,0.33037608806864915,0.630170703489267
Xenokeir HYPE,neither,0.03945320844208391,0.33037608806864915,0.630170703489267
@GeekandSundry Grins,neither,0.03945320844208391,0.33037608806864915,0.630170703489267
Has it started? Or is it break?,neither,0.04415973270863544,0.3229071207436712,0.6329331465476934
"Local studio time is now 6:42pm PST, since Daylight Savings Time ended last weekend in the US wheniscriticalrole.com gandsMatt",neither,0.05702467734434103,0.3360795148773445,0.6068958077783145
Oh snap we got badges?!,neither,0.04249218859029992,0.3292604750807785,0.6282473363289217
Spice?!?,neither,0.03945320844208391,0.33037608806864915,0.630170703489267
bidet from oklahoma!,neither,0.04066490145509902,0.30981049537100724,0.6495246031738937
gandsCrit gandsCrit gandsCrit gandsCrit gandsCrit,neither,0.03945320844208391,0.33037608806864915,0.630170703489267
My body is ready Kreygasm,neither,0.03405984045513004,0.42505863100050806,0.540881528544362
cast going to be salty today,neither,0.04239083587878596,0.33391461058336586,0.6236945535378482
@Hobbster_ Maybe both? Warforged are a thing,neither,0.0683169572091433,0.28121395744621674,0.65046908534464
It took me like 4 months to catch up on all 70+ episodes. tonight is my first night watching the show Live,neither,0.03769491341343147,0.4031646198152659,0.5591404667713026
19 minutes,neither,0.03945320844208391,0.33037608806864915,0.630170703489267
more bitrate!,neither,0.044084690295906365,0.306805713525994,0.6491095961780997
lol yes they are,neither,0.060181608681409884,0.3428897868074773,0.5969286045111128
Oooh,neither,0.03945320844208391,0.33037608806864915,0.630170703489267
sweet,neither,0.03945320844208391,0.33037608806864915,0.630170703489267
so hyped for tonight gandsSubHype,neither,0.03171320235172953,0.3226096070484306,0.6456771905998399
4 MORE YEARS,neither,0.04226354922536255,0.31584126298358106,0.6418951877910564
20 minutes until it starts,neither,0.03830077261994627,0.3307724635935213,0.6309267637865326
"@GeekandSundry, Uhhh, why does it say I'm a 3-month subscriber?",neither,0.021259143536197237,0.44360361843224877,0.535137238031554
"It has not started yet, DST ended, so we start in 19 minutes.",neither,0.03796328417598042,0.357587107797653,0.6044496080263667
doogHype doogHype doogHype doogHype,neither,0.03945320844208391,0.33037608806864915,0.630170703489267
badges! :D,neither,0.03945320844208391,0.33037608806864915,0.630170703489267
!crtimer,neither,0.03945320844208391,0.33037608806864915,0.630170703489267
i got spice,neither,0.03788125797547795,0.3870089263451547,0.5751098156793674
TRUMP!,neither,0.03945320844208391,0.33037608806864915,0.630170703489267
gandsCrit,neither,0.03945320844208391,0.33037608806864915,0.630170703489267
grab snacks and drinks finish up chores take a bathroom break because we don't know how long this session will run,neither,0.038286673565521276,0.32471250325234746,0.6370008231821312
wait we get special badges for more subs?,neither,0.055306096070199276,0.3004482483015983,0.6442456556282024
!crtimer,neither,0.03945320844208391,0.33037608806864915,0.630170703489267
There is 18 minutes 13 seconds until the next episode of Critical Role. This has been asked 160 times.,neither,0.04205683904455793,0.30965283278293276,0.6482903281725093
@jpcguy89 Twitch is Twitching out.,neither,0.042870000833739146,0.3451983085624688,0.611931690603792
hmmmmm.... datas class... I don' tknow,neither,0.03945320844208391,0.33037608806864915,0.630170703489267
There should be like a cartoon synopsis that runs before to catch everyone up to what happened,neither,0.05361365893232206,0.468356210864937,0.47803013020274104
"Cazriel - Its a good feeling, that first live night",neither,0.024580045817152736,0.3661876670309806,0.6092322871518666
It says everyone is a 3 month sub,neither,0.03928801211211412,0.4107682042044784,0.5499437836834075
gandsSubHype gandsSubHype,neither,0.03945320844208391,0.33037608806864915,0.630170703489267
It says I'm a 3 month sub too!,neither,0.03799600651002038,0.33459290995469826,0.6274110835352813
@legalrick2 I missed all the previous episodes and tuned in last week. It was easy to jump into. But I'm definitely watching all the ones I missed...eventually,neither,0.04009239416745684,0.35606314074331014,0.6038444650892331
@Cazriel Welcome then :),neither,0.03945320844208391,0.33037608806864915,0.630170703489267
kk,neither,0.03945320844208391,0.33037608806864915,0.630170703489267
We are all Twins! Like Vex and Vax!,neither,0.08774259897169429,0.32619802370977713,0.5860593773185288
Bitdet from Ontario Canada,neither,0.040354386843928725,0.3150807387011266,0.6445648744549448
WE're all 3 months subs cause this is a new channel. Please give us a chance I think you'll like us.,neither,0.13444742793878364,0.3311424704510329,0.5344101016101834
We all have the same Birthday!!!!,neither,0.04045074476244628,0.41090247090073145,0.5486467843368223
I watch past episodes while I work on my Dungeon adventures,neither,0.03248107262002814,0.40231383963633305,0.5652050877436386
3 = 12 PogChamp,neither,0.03945320844208391,0.33037608806864915,0.630170703489267
gandsJesstatorship gandsSubHype,neither,0.03945320844208391,0.33037608806864915,0.630170703489267
huh,neither,0.03945320844208391,0.33037608806864915,0.630170703489267
Bidet from WA. st 😊,neither,0.04046104702925519,0.31327043699523416,0.6462685159755107
Do spice and salt go together?,neither,0.04076841136207728,0.3021860439031901,0.6570455447347328
Spice?,neither,0.03945320844208391,0.33037608806864915,0.630170703489267
Lmao,neither,0.03705015143476208,0.3711622369619404,0.5917876116032975
Thordak for president!,neither,0.03134894029697996,0.2899759577181451,0.6786751019848749
Will do GeekandSundry danYes,neither,0.0450026630396543,0.28390237408752217,0.6710949628728236
Spice!,neither,0.03945320844208391,0.33037608806864915,0.630170703489267
we think it's gonna be final throw down tonight?,neither,0.036155603747300036,0.345174811787631,0.618669584465069
Bidet from Florida,neither,0.0408948396164547,0.30590784468201904,0.6531973157015263
Id be happy looking at the fan art. That stuff is great,neither,0.039789091751435246,0.34449265189260037,0.6157182563559644
"the loyalty badges are kind of broken right now, it's only showing the base badge and the 3 month one",neither,0.046292442016430145,0.294913768104794,0.6587937898787758
"FaelanaWolfling - Bees knees, from Eastern Ontario",neither,0.04014522996318336,0.31863067682333707,0.6412240932134796
Bidet from Heber UT,neither,0.04071751644889743,0.3089174816120565,0.6503650019390461
SUGAR. SPICE. And EVERYTHING nice!,neither,0.03882221388331023,0.29911931282835813,0.6620584732883317
"Channel is only 3 months, I just got here before it existed.",neither,0.06253232608446377,0.38546614871409346,0.5520015252014427
"@buff yes, to taste",neither,0.045555542821349694,0.32680052404506765,0.6276439331335827
gandsSubHype gandsSubHype mathsquadHype mathsquadHype doogHype doogHype itmejpHYPE itmejpHYPE,neither,0.03945320844208391,0.33037608806864915,0.630170703489267
Bidet from Australia,neither,0.04062582848913359,0.31047366557575606,0.6489005059351104
Bidet from Ottawa!,neither,0.04228451509352876,0.2823214250720796,0.6753940598343917
Bidet from Arkansas,neither,0.04066490145509902,0.30981049537100724,0.6495246031738937
remind me who does the electronic zelda music,neither,0.026814093146769535,0.4570187964475706,0.5161671104056599
why is everyone saying bedet?,neither,0.02184349720939639,0.4565264463017188,0.5216300564888849
Are they still in the fire plane?,neither,0.059949015310399235,0.2894974582856862,0.6505535264039145
Spice? Hey got some spice,neither,0.033723467735001844,0.3667240055520694,0.5995525267129288
"No, theyre slaves in the Fire Plane remember?",neither,0.038350949699754944,0.3288876187510945,0.6327614315491505
bidet from Toronto,neither,0.04066490145509902,0.30981049537100724,0.6495246031738937
cant wait for next semester when I wont have to choose between CR and sleep :P,neither,0.03365328144219484,0.32882747408963436,0.6375192444681708
I hope Ashley can make it,neither,0.07297161856966444,0.219234725646226,0.7077936557841096
warforged IS a thing,neither,0.05600462551784089,0.3246832967610936,0.6193120777210654
"Bidet from Roosendaal, Netherlands. And.... Do you spice?",neither,0.054212325395840026,0.315319807540757,0.630467867063403
Bidet and Meep Meep From Alabama,neither,0.03968692788310135,0.26288412776704095,0.6974289443498578
gandsSubHype gandsSubHype gandsSubHype gandsSubHype,neither,0.03945320844208391,0.33037608806864915,0.630170703489267
beep beep,neither,0.03945320844208391,0.33037608806864915,0.630170703489267
Ohhh some people were chatting last week about wanting to do a Roll 20. Please send me a friend request so we can see if we can get something rocking,neither,0.0365218957668867,0.39266269814493465,0.5708154060881786
Did I hear spice?,neither,0.03945320844208391,0.33037608806864915,0.630170703489267
oh that 1 year badge is nice :o,neither,0.04730693432080953,0.32151028095925027,0.6311827847199403
Can we make a rule not to talk about politics this episode? I've had enough anger for one year,neither,0.019946739881112223,0.337053869506757,0.6429993906121309
Wait for the Matt Mercer playing Xenokeir. It's gonna be GOOD,neither,0.0324936683163417,0.33313721946979613,0.6343691122138622
gandsSubHype gandsSubHype gandsSubHype,neither,0.03945320844208391,0.33037608806864915,0.630170703489267
Hey all,neither,0.04285346742239823,0.46255625023407465,0.49459028234352725
@jpcguy89 Yep :),neither,0.03945320844208391,0.33037608806864915,0.630170703489267
!ocr,neither,0.03945320844208391,0.33037608806864915,0.630170703489267
"We most likely don't know what the exact song that's playing is, but chances are it's from OverClocked ReMix! ocremix.org",neither,0.05370311096414692,0.31815031989144693,0.6281465691444061
HEYYY @QuesoCommander Shows 1 year :(,neither,0.03945320844208391,0.33037608806864915,0.630170703489267
Bidet from Vancouver <3,neither,0.04228451509352876,0.2823214250720796,0.6753940598343917
I bet Scanlan will find some crazy narcotic in the City of Brass :D,neither,0.030156668020897167,0.32587718608130223,0.6439661458978005
(cough) i'm the guy.....,neither,0.03807469844792937,0.3214970670132787,0.640428234538792
Bidet from the Salt Mines. Ready to harvest!,neither,0.044898606032087555,0.30034424032952994,0.6547571536383825
Yeah but isn't a race not a class,neither,0.20975420014090476,0.12845538254047648,0.6617904173186189
hi,neither,0.03945320844208391,0.33037608806864915,0.630170703489267
"It's shown me different badges twice,it hasn't even broken PROPERLY!!",neither,0.03407580574424542,0.357787396328268,0.6081367979274866
as long as Critical role airs...I'll be a sub..form here till forever,neither,0.05547981302186959,0.3460021182789855,0.5985180686991448
is there going to be an ep today?,neither,0.049866035923097025,0.29538364606182455,0.6547503180150784
bidet and beep beep from texas,neither,0.03971529958697452,0.25632299707120904,0.7039617033418166
Spice It!,neither,0.03766131712739339,0.3309924016600271,0.6313462812125794
"The dice only know what will happen tonight to the poor, lovable fools of VM.",neither,0.04474044209160541,0.28269907591114385,0.6725604819972508
I agree Reyrocksall,neither,0.03945320844208391,0.33037608806864915,0.630170703489267
How can i watch this AND play Tyranny at the same time D:,neither,0.04139624504500559,0.3228351781241773,0.6357685768308171
mathsquadJoy mathsquadMRDR,neither,0.03945320844208391,0.33037608806864915,0.630170703489267
I hope Scanlan inspires with a Leonard Cohen song tonight,neither,0.049130800131074716,0.268643312751439,0.6822258871174863
Almost 2 years,neither,0.03945320844208391,0.33037608806864915,0.630170703489267
But isn't it a race not a class,neither,0.278008416483118,0.061956008265656816,0.6600355752512252
?,neither,0.03945320844208391,0.33037608806864915,0.630170703489267
Hi from Canada!,neither,0.04047678480113211,0.313003325934171,0.6465198892646968
Oh gosh I went to watch Liam's one shot and totally forgot that they are *slaves* right now xD,neither,0.05683284316524752,0.30651209123851825,0.6366550655962342
New Badges?,neither,0.043301118494078285,0.23413499177287803,0.7225638897330438
#Thordaktheburninator,neither,0.03945320844208391,0.33037608806864915,0.630170703489267
Political talk will drop off once the channel goes into subscribers only,neither,0.03301247419940724,0.3083126551236122,0.6586748706769805
i know... class... I have no Idea yet... he is such an allrounder...,neither,0.04905788916555553,0.3366591690994208,0.6142829417350236
I think we can leave the real world alone for a night. Lets all enjoy the adventure.,neither,0.028836862371277444,0.394372450890839,0.5767906867378836
@minor_glitch me too,neither,0.025456656249999262,0.41690574403459846,0.5576375997154023
"@jpcguy89, Me and someone else resubbed during GtG and our badges didn't bork for some reason",neither,0.021346759094362216,0.3238442832457477,0.6548089576598901
"@n3cr0cr0w Grog mistook the phrase ""good day"" for ""bidet"" in one of the previous episodes",neither,0.03376356518104706,0.3012274147077574,0.6650090201111957
"Bidet from Santa Rosa, CA",neither,0.0402373578746117,0.3170670257317085,0.6426956163936798
Thorda/Raishon 2016,neither,0.03945320844208391,0.33037608806864915,0.630170703489267
Schwank,neither,0.03945320844208391,0.33037608806864915,0.630170703489267
This is my first time watching live! I'm finally caught up!,neither,0.031620634959846114,0.4399624617069673,0.5284169033331866
Bidet from RVA!,neither,0.04228451509352876,0.2823214250720796,0.6753940598343917
bidet from MN!,neither,0.040737273169946825,0.30858215849491494,0.6506805683351382
hello all,neither,0.04217753453783664,0.43734383323855475,0.5204786322236087
@catvelcro sure sure rub it in,offensive_language,0.030896707338991605,0.5113205471293999,0.4577827455316086
has it started yet?,neither,0.03835165097085306,0.32355061781166217,0.6380977312174848
GET HIGH AND ROLL SOME DICE!!,neither,0.029467889550289308,0.38274437518992505,0.5877877352597857
"Local studio time is now 6:45pm PST, since Daylight Savings Time ended last weekend in the US wheniscriticalrole.com gandsMatt",neither,0.05702467734434103,0.3360795148773445,0.6068958077783145
how much time left?,neither,0.033921207219494987,0.35387631333807995,0.6122024794424251
bidet from Seattle,neither,0.040754399270683486,0.3082914838698526,0.650954116859464
Bday everyone,neither,0.03269494828970791,0.4450814005079928,0.5222236512022994
Hey folks,neither,0.03945320844208391,0.33037608806864915,0.630170703489267
"Bidet from MA! After this week, I REALLY needed this.",neither,0.03525368445608888,0.4016529699952384,0.5630933455486727
"@QuesoCommander, gandsRage feliciaRage feliciaSoAngry",neither,0.03945320844208391,0.33037608806864915,0.630170703489267
spice?,neither,0.03945320844208391,0.33037608806864915,0.630170703489267
Been a while since I watched the live stream..feels so good,neither,0.04093696116467531,0.3495357571411369,0.6095272816941878
gandsSubHype,neither,0.03945320844208391,0.33037608806864915,0.630170703489267
Bidet from Sydney o/,neither,0.04062582848913359,0.31047366557575606,0.6489005059351104
Bidet from the east coast,neither,0.03957574166208066,0.29812588388908123,0.6622983744488381
SALT! SALT! SALT!,neither,0.03945320844208391,0.33037608806864915,0.630170703489267
Bidet from Australia :),neither,0.04062582848913359,0.31047366557575606,0.6489005059351104
ugh. my twitch prime sub thingy isnt working D:,neither,0.0334001620732965,0.37487820458214716,0.5917216333445565
!crtimer,neither,0.03945320844208391,0.33037608806864915,0.630170703489267
There is 15 minutes 50 seconds until the next episode of Critical Role. This has been asked 161 times.,neither,0.04200446060649291,0.3100344202794192,0.6479611191140879
@Reyrocksall @chisikaru I agree lets not talk about any politics and just relax and enjoy Crit role,neither,0.026139219429347868,0.32617072774777117,0.6476900528228811
Bidet and Beep Beep,neither,0.03763944115734239,0.1918412352459551,0.7705193235967025
Bidet people,neither,0.14951785572896326,0.3104819409446625,0.5400002033263742
gandsSubHype gandsSubHype gandsSubHype gandsSubHype gandsSubHype gandsSubHype gandsSubHype gandsSubHype,neither,0.03945320844208391,0.33037608806864915,0.630170703489267
you spice?,neither,0.06371933836109143,0.39692838513161777,0.5393522765072908
@dolphelecat enjoy the live show,neither,0.061016657388077114,0.23354140088397982,0.7054419417279431
Warforged ranger sounds nice for him,neither,0.03458295752083603,0.30834519250728054,0.6570718499718833
more bitrate!,neither,0.044084690295906365,0.306805713525994,0.6491095961780997
15 minutes GAAAAAAAH,neither,0.03945320844208391,0.33037608806864915,0.630170703489267
bidet from the uk,neither,0.039613273355342184,0.2892653269430044,0.6711213997016535
Beep beep from Colorado Springs,neither,0.040334677536117594,0.315415257091876,0.6442500653720065
hope to see if ashley can spkye in for this one,neither,0.04555295827882169,0.27853235315522595,0.6759146885659524
:D:D:D,neither,0.03945320844208391,0.33037608806864915,0.630170703489267
haaaaaaaaa!!,neither,0.03945320844208391,0.33037608806864915,0.630170703489267
I am thinking about getting a bidet I hear they are wonderful devices. I just dont know which room I want to put a fountain in.,neither,0.04861853926605367,0.36231669372735653,0.5890647670065899
Man where is larkin!,neither,0.05791606840592234,0.3764805164949174,0.5656034150991602
anyone else not able to reuse using twitch prime?,neither,0.040044860246162994,0.37019967349619287,0.5897554662576442
Bidet from Melbourne,neither,0.04228451509352876,0.2823214250720796,0.6753940598343917
