text,top_class,hate_speech,offensive_language,neither
The Joys of being a Dungeon Master! https://medium.com/@Dpcolby/the-joys-of-being-a-dungeon-master-19ed9b03944c?source=linkShare-676dc161d1b3-1478833366,neither,0.03417494065975601,0.34098063658779804,0.624844422752446
bedit @manlumps,neither,0.03945320844208391,0.33037608806864915,0.630170703489267
Bidet from North Texas,neither,0.04051530955006381,0.31234946040321715,0.647135230046719
Chat makes me dizzy!!!!,neither,0.033389405162055054,0.3627006513681034,0.6039099434698415
beep beep from new Jersey here,neither,0.09898664252281093,0.18700540614425323,0.7140079513329358
who is ready to cry tonight!!!!!!!!!??????,neither,0.05176005314180447,0.357426069742671,0.5908138771155245
Bidet from New Mexico,neither,0.04441189881032757,0.21402420332822164,0.7415638978614508
has crit role ever started on time,neither,0.036519257294921115,0.352031596575862,0.611449146129217
Bidet!,neither,0.03945320844208391,0.33037608806864915,0.630170703489267
kek,neither,0.03945320844208391,0.33037608806864915,0.630170703489267
Bidet from Australia,neither,0.04062582848913359,0.31047366557575606,0.6489005059351104
"LET'S KEEP THE POLITICS CHATTER TO A MINIMUM GUYS, PEOPLE ARE HERE TO ENJOY THEMSELVES",neither,0.09600257984301214,0.2888712023118267,0.6151262178451611
huh badge?,neither,0.03945320844208391,0.33037608806864915,0.630170703489267
Hello from Portage IN,neither,0.040801317320165474,0.3074951621237913,0.6517035205560432
"bidet from Jackson,ms",neither,0.04042374769943318,0.3139035039658076,0.6456727483347593
Bidet from New York!,neither,0.044690599332616286,0.20708884905532376,0.7482205516120599
Bidet from CA,neither,0.04084513770590474,0.30675141581570226,0.6524034464783931
"WE ADDED LOYALTY BADGES, BUT THEY'RE KINDA BROKEN RIGHT NOW",neither,0.04605289617883532,0.331785412101288,0.6221616917198767
Scanlan/Grog 2020!,neither,0.03945320844208391,0.33037608806864915,0.630170703489267
Bidet from sweden!,neither,0.04228451509352876,0.2823214250720796,0.6753940598343917
go from msp!,neither,0.04391419212169968,0.3036704718531221,0.6524153360251782
Bidet from Seattle,neither,0.040754399270683486,0.3082914838698526,0.650954116859464
@fireredlily Presumably since the city moves between the planes somewhat often they would have precautions,neither,0.037981691268851744,0.3158499080519655,0.6461684006791828
Feel the Gern,neither,0.037808977645332795,0.29956098256966895,0.6626300397849982
wat lol,neither,0.02901161241734649,0.40875284864300493,0.5622355389396486
:0,neither,0.03945320844208391,0.33037608806864915,0.630170703489267
beep beep Philly!,neither,0.03945320844208391,0.33037608806864915,0.630170703489267
OH=?,neither,0.051363287716059566,0.22255663153133606,0.7260800807526044
...,neither,0.03945320844208391,0.33037608806864915,0.630170703489267
CurseLit TwitchRPG,neither,0.03945320844208391,0.33037608806864915,0.630170703489267
oh?,neither,0.051363287716059566,0.22255663153133606,0.7260800807526044
Bidet!!,neither,0.03945320844208391,0.33037608806864915,0.630170703489267
VOICES,neither,0.03945320844208391,0.33037608806864915,0.630170703489267
!!,neither,0.03945320844208391,0.33037608806864915,0.630170703489267
Beep beep from Arkansas!,neither,0.04066490145509902,0.30981049537100724,0.6495246031738937
?,neither,0.03945320844208391,0.33037608806864915,0.630170703489267
yay oh...,neither,0.045695983327835026,0.2713197213800484,0.6829842952921167
yaaaaaaaaaaa,neither,0.03945320844208391,0.33037608806864915,0.630170703489267
WE CAN,neither,0.03970622078696985,0.3260818082663321,0.6342119709466981
bidet from Louisville,neither,0.04069404815304118,0.30931579984010865,0.6499901520068502
when are they gonna fix the sub badges,neither,0.04555946851776783,0.35354151567948705,0.6008990158027452
*gasp*,neither,0.03945320844208391,0.33037608806864915,0.630170703489267
what?,neither,0.057770773616808734,0.3180719994247239,0.6241572269584672
lol,neither,0.020706217963973744,0.4882283491876925,0.4910654328483337
WHAT,neither,0.057770773616808734,0.3180719994247239,0.6241572269584672
I HEARD THEM,neither,0.06300160226836789,0.31770185172618165,0.6192965460054506
what the :D,neither,0.052193750385548,0.28272826532966666,0.6650779842847853
waaah!,neither,0.03945320844208391,0.33037608806864915,0.630170703489267
any one here like Xenoblade,neither,0.14023589701944705,0.3312512883704315,0.5285128146101215
Wiki,neither,0.03945320844208391,0.33037608806864915,0.630170703489267
gandsSCANLAN 2020! gandsSCANLAN 2020! gandsSCANLAN 2020!,neither,0.03945320844208391,0.33037608806864915,0.630170703489267
@InfamousBiscuit It's a Grog-ism of Good-day... can't remember which episode :P,neither,0.03842972354123538,0.315650836310889,0.6459194401478757
oooooo!,neither,0.03945320844208391,0.33037608806864915,0.630170703489267
I HEARD SOMETHING,neither,0.03945320844208391,0.33037608806864915,0.630170703489267
WHOA!,neither,0.03945320844208391,0.33037608806864915,0.630170703489267
I heard dem,neither,0.03945320844208391,0.33037608806864915,0.630170703489267
hi matt,neither,0.03945320844208391,0.33037608806864915,0.630170703489267
omg,neither,0.03945320844208391,0.33037608806864915,0.630170703489267
Hi,neither,0.03945320844208391,0.33037608806864915,0.630170703489267
:7,neither,0.03945320844208391,0.33037608806864915,0.630170703489267
oh ok then,neither,0.04612882961163239,0.2679042489133653,0.6859669214750023
LOL,neither,0.020706217963973744,0.4882283491876925,0.4910654328483337
BIdet from Trumpland..god help me,neither,0.032446500194305256,0.3543932095794352,0.6131602902262596
YEAP +1,neither,0.03945320844208391,0.33037608806864915,0.630170703489267
lol,neither,0.020706217963973744,0.4882283491876925,0.4910654328483337
WE CAN WUT?,neither,0.03959178692133657,0.32802404961472,0.6323841634639435
gandsSCANLAN gandsSCANLAN gandsSCANLAN gandsSCANLAN gandsSCANLAN,neither,0.03945320844208391,0.33037608806864915,0.630170703489267
ok,neither,0.03935517884257045,0.3320399062092607,0.6286049149481688
onyl when sam is missing @damcj lmao,neither,0.03587877784758281,0.3863864330588235,0.5777347890935938
SO CLOSE.,neither,0.039408851386368314,0.3986148855256441,0.5619762630879874
Bidet from Boston!,neither,0.040769555981420263,0.3080342349327864,0.6511962090857933
Voices!,neither,0.03945320844208391,0.33037608806864915,0.630170703489267
NO POLITICS ONLY AWESOME HERE,neither,0.07737888754746718,0.3099106285446657,0.6127104839078671
???,neither,0.03945320844208391,0.33037608806864915,0.630170703489267
THE VOICES,neither,0.03833268284400528,0.3097437752947421,0.6519235418612527
ahh,neither,0.03945320844208391,0.33037608806864915,0.630170703489267
WAT,neither,0.03945320844208391,0.33037608806864915,0.630170703489267
@Davidguy I love you. Literally love lol,neither,0.039716532163234924,0.4654613102556244,0.4948221575811406
umm,neither,0.03945320844208391,0.33037608806864915,0.630170703489267
Uh,neither,0.03945320844208391,0.33037608806864915,0.630170703489267
AUDIO!,neither,0.03945320844208391,0.33037608806864915,0.630170703489267
lol wat,neither,0.02901161241734649,0.40875284864300493,0.5622355389396486
:O,neither,0.03945320844208391,0.33037608806864915,0.630170703489267
sound?,neither,0.03945320844208391,0.33037608806864915,0.630170703489267
lol,neither,0.020706217963973744,0.4882283491876925,0.4910654328483337
Don't talk about Gorram politics. We're here to crit.,neither,0.07765617549257904,0.3024165859093782,0.6199272385980428
Taliesin?!?,neither,0.03945320844208391,0.33037608806864915,0.630170703489267
Ooooo,neither,0.03945320844208391,0.33037608806864915,0.630170703489267
god?,neither,0.03945320844208391,0.33037608806864915,0.630170703489267
WICKET!,neither,0.03945320844208391,0.33037608806864915,0.630170703489267
we can!,neither,0.03970622078696985,0.3260818082663321,0.6342119709466981
:O!,neither,0.03945320844208391,0.33037608806864915,0.630170703489267
hi,neither,0.03945320844208391,0.33037608806864915,0.630170703489267
lol that random mike,neither,0.028770830721115505,0.42346432483799773,0.5477648444408868
Weegee?,neither,0.03945320844208391,0.33037608806864915,0.630170703489267
Mic was semi HOT,neither,0.039354315544340414,0.33205455863325334,0.6285911258224063
WE CAN,neither,0.03970622078696985,0.3260818082663321,0.6342119709466981
Wikki?,neither,0.03945320844208391,0.33037608806864915,0.630170703489267
?,neither,0.03945320844208391,0.33037608806864915,0.630170703489267
hello?,neither,0.03945320844208391,0.33037608806864915,0.630170703489267
"Woot, sub badges!",neither,0.03945320844208391,0.33037608806864915,0.630170703489267
YAY,neither,0.03945320844208391,0.33037608806864915,0.630170703489267
:O,neither,0.03945320844208391,0.33037608806864915,0.630170703489267
VOICES,neither,0.03945320844208391,0.33037608806864915,0.630170703489267
gandsFail gandsFail gandsFail gandsFail gandsFail gandsFail gandsFail gandsFail gandsFail gandsFail gandsFail gandsFail gandsFail gandsFail gandsFail gandsFail,neither,0.03945320844208391,0.33037608806864915,0.630170703489267
Super happy it's Thursday. Need Critical Role this week more than ever v_v,neither,0.039268517731319806,0.3295763474784657,0.6311551347902145
we can !!!,neither,0.03970622078696985,0.3260818082663321,0.6342119709466981
I HEARD THE GOD,neither,0.038323985529872935,0.3095780841475011,0.652097930322626
lol,neither,0.020706217963973744,0.4882283491876925,0.4910654328483337
VOICES,neither,0.03945320844208391,0.33037608806864915,0.630170703489267
greetings,neither,0.03945320844208391,0.33037608806864915,0.630170703489267
gandsSubHype gandsSubHype gandsSubHype gandsSubHype gandsSubHype,neither,0.03945320844208391,0.33037608806864915,0.630170703489267
Que?,neither,0.03945320844208391,0.33037608806864915,0.630170703489267
:),neither,0.03945320844208391,0.33037608806864915,0.630170703489267
just starting?,neither,0.03326925679857758,0.3600393730657621,0.6066913701356603
gandsSubHype gandsSubHype gandsSubHype gandsSubHype gandsSubHype,neither,0.03945320844208391,0.33037608806864915,0.630170703489267
that.,neither,0.026110925149043836,0.4791292047641166,0.4947598700868395
Bidet from SD.,neither,0.04228451509352876,0.2823214250720796,0.6753940598343917
this is the most Virginia's I've seen in here.,neither,0.049292164691662275,0.27922747019140803,0.6714803651169298
they're teasing us,neither,0.1119348613107805,0.290512573515369,0.5975525651738506
almost time,neither,0.03781171612478011,0.35823649664687146,0.6039517872283484
BEEP BEEP,neither,0.03945320844208391,0.33037608806864915,0.630170703489267
gandsSCANLAN gandsSCANLAN gandsSCANLAN gandsSCANLAN gandsSCANLAN,neither,0.03945320844208391,0.33037608806864915,0.630170703489267
BIDET,neither,0.03945320844208391,0.33037608806864915,0.630170703489267
Wowowow,neither,0.03945320844208391,0.33037608806864915,0.630170703489267
Bidet all,offensive_language,0.046917543854519406,0.6277741405869331,0.3253083155585475
well,neither,0.03945320844208391,0.33037608806864915,0.630170703489267
OSsloth,neither,0.03945320844208391,0.33037608806864915,0.630170703489267
Hello everyone,neither,0.03269494828970791,0.4450814005079928,0.5222236512022994
I heard Pike im tellin you,neither,0.05603828909175527,0.41751017077515484,0.5264515401330899
It's always liam,neither,0.036252846400116244,0.38728961136201917,0.5764575422378646
Ey! @Tzippyvilding High five for being in Stockholm!,neither,0.029582004779730588,0.3872381289082027,0.5831798663120668
Greetings and salutations gandsLessthanthree gandsLessthanthree,neither,0.03763944115734239,0.1918412352459551,0.7705193235967025
"Yes, Matt Mercer is going to roll 2000 dice for time wisdom checks ;-) Actually for a home brew being within an elven city with special magical wall gems that travel between planes probably has some protection on that",neither,0.03595128028526727,0.3717856886559286,0.5922630310588041
ahoy i get to watch live again! I was not able to because i was on satellite internet!,neither,0.0479729319398397,0.3553923045578396,0.5966347635023208
voices dattoMASTER dattoMASTER dattoMASTER dattoMASTER dattoMASTER,neither,0.03945320844208391,0.33037608806864915,0.630170703489267
Bidet from Illinois!,neither,0.04069404815304118,0.30931579984010865,0.6499901520068502
WIKI,neither,0.03945320844208391,0.33037608806864915,0.630170703489267
Live mic for one sec lol,neither,0.03160768808909887,0.36916252872308014,0.5992297831878209
WEKING,neither,0.03945320844208391,0.33037608806864915,0.630170703489267
ALMOST!,neither,0.03945320844208391,0.33037608806864915,0.630170703489267
gandsFail gandsFail,neither,0.03945320844208391,0.33037608806864915,0.630170703489267
Loyalty badges?,neither,0.03945320844208391,0.33037608806864915,0.630170703489267
bidet from florida!,neither,0.0408948396164547,0.30590784468201904,0.6531973157015263
What is a loyalty badge?,neither,0.052337619674925714,0.3241339238832582,0.6235284564418161
Loyalty badges?,neither,0.03945320844208391,0.33037608806864915,0.630170703489267
gandsCrit gandsCrit gandsCrit gandsCrit,neither,0.03945320844208391,0.33037608806864915,0.630170703489267
boiHello boiHello boiHello boiHello,neither,0.03945320844208391,0.33037608806864915,0.630170703489267
WE CAN,neither,0.03970622078696985,0.3260818082663321,0.6342119709466981
HELLO!!!,neither,0.03945320844208391,0.33037608806864915,0.630170703489267
So ready,neither,0.03940999150142386,0.4037259204934871,0.556864088005089
Hot Mic,neither,0.03945320844208391,0.33037608806864915,0.630170703489267
Where are all the Iowa Critters at!/!?!?,neither,0.06755673265805115,0.3278368054292016,0.6046064619127471
We can do IT.,neither,0.03957599503471536,0.32725288895829846,0.6331711160069862
Bidet from Hard Rock country,offensive_language,0.0362129438381543,0.5223781237854518,0.4414089323763939
FOOLED YOU!,neither,0.06251506213094515,0.39389304070454173,0.5435918971645132
BIDET FROM CA,neither,0.04084513770590474,0.30675141581570226,0.6524034464783931
BADGES!!!!!!!,neither,0.03945320844208391,0.33037608806864915,0.630170703489267
where did they go!!!!!,neither,0.04347372653890645,0.29465676744346425,0.6618695060176293
I LIKE XENOBLADE,neither,0.10032665912632961,0.39589500941497124,0.5037783314586992
ALL HAIL WEEGEE,neither,0.04167083427717469,0.4183849112737958,0.5399442544490295
Wicket!,neither,0.03945320844208391,0.33037608806864915,0.630170703489267
so much fail after so much time,neither,0.03340164511719462,0.4090271942613761,0.5575711606214292
luke warm mike?,neither,0.03945320844208391,0.33037608806864915,0.630170703489267
THE VOICES RETURN!!!!!!!!!,neither,0.03861045018973003,0.3149836190296474,0.6464059307806227
asdf,neither,0.03945320844208391,0.33037608806864915,0.630170703489267
gk,neither,0.03945320844208391,0.33037608806864915,0.630170703489267
Hi,neither,0.03945320844208391,0.33037608806864915,0.630170703489267
ghost voices lol,neither,0.03242913891378757,0.3808571148996016,0.5867137461866108
the tease!,neither,0.03833268284400528,0.3097437752947421,0.6519235418612527
gandsMatt gandsCrit,neither,0.03945320844208391,0.33037608806864915,0.630170703489267
Chat speed turbo speed... engage!,neither,0.03945320844208391,0.33037608806864915,0.630170703489267
woot,neither,0.03945320844208391,0.33037608806864915,0.630170703489267
san antonio represent,neither,0.03945320844208391,0.33037608806864915,0.630170703489267
WE CAN WHAT?! WHAT CAN WE?!,neither,0.04956991148398085,0.3199848376686333,0.6304452508473859
broken alpha streem,neither,0.03945320844208391,0.33037608806864915,0.630170703489267
"@jakobman76 That's cool, I grew up in Merrillville and Lakes of the Four Seasons",neither,0.034273882459283214,0.35260771605798236,0.6131184014827346
It's Coming!!,neither,0.03713717176720403,0.33117267928439753,0.6316901489483985
gandsCrit gandsCrit gandsCrit gandsCrit gandsCrit,neither,0.03945320844208391,0.33037608806864915,0.630170703489267
gandsOwl gandsOwl gandsOwl gandsOwl,neither,0.03945320844208391,0.33037608806864915,0.630170703489267
Morning all. how is everyone this lovely FRIDAY,neither,0.04858326807599296,0.36053507841271476,0.5908816535112924
We Ca----- WHAT?@??,neither,0.04598401595732865,0.32871790839868503,0.6252980756439863
what did they say?,neither,0.046893817195503035,0.32510111064164365,0.6280050721628532
Ooooo,neither,0.03945320844208391,0.33037608806864915,0.630170703489267
Bidet from Jersey<3,neither,0.0408364874901429,0.30689823255244486,0.6522652799574122
Random Mike here,neither,0.08861351413570161,0.291333295098549,0.6200531907657495
WHEATON!!!!!,neither,0.03945320844208391,0.33037608806864915,0.630170703489267
"what happening, has it started yet",neither,0.042808621137892335,0.322445036835751,0.6347463420263566
Turbooooooo,neither,0.03945320844208391,0.33037608806864915,0.630170703489267
hot mic!,neither,0.03945320844208391,0.33037608806864915,0.630170703489267
pay no attention to the DM behind the curtain,neither,0.04202523333387524,0.31627593442289564,0.6416988322432291
Bidet and Beep Beep from Ohio,neither,0.039681603862927066,0.26414184792613987,0.6961765482109331
gandsLessthanthree my Bday CriticalRole,neither,0.02484982403832861,0.44861212744889617,0.5265380485127752
Yeah for now can we just remember Chained up in the fire plane?!? CurseLit ScaredyCat,neither,0.02167108452201981,0.4158651557051194,0.5624637597728608
WE CAAAN,neither,0.039025862747262004,0.3376292597931679,0.6233448774595702
"Bidet Canada, Sweden, Germany and all the other lovely folks that I missed because I can't read that fast.",neither,0.03570020594077143,0.3724975816710411,0.5918022123881874
"BIDET FROM AUSTIN, TEXAS!!!",neither,0.04055041785557119,0.31175358083338084,0.6476960013110479
i got so excited..,neither,0.037814587095467145,0.4484145516112339,0.5137708612932989
TURBO POWER!,neither,0.03945320844208391,0.33037608806864915,0.630170703489267
wait new badges?!?!?!,neither,0.04285704562028849,0.24567727363038222,0.7114656807493293
Hello from Scotland!,neither,0.04040683511112239,0.31419055472777996,0.6454026101610977
"plane of Fire Hype, City of Brass Hype. Creepy Fire Djinnasi Hype lol (what was his name again?)",neither,0.045347919886723105,0.35997240424204435,0.5946796758712326
yes we can!!!!!!!!!!!!,neither,0.03962696973750051,0.3274269054045845,0.632946124857915
@fireredlily i dont think so because they should all be mainly elven. but i guess that depends on the genetics.,neither,0.04068038374083078,0.4417104643388242,0.5176091519203452
gandsSCANLAN gandsSCANLAN gandsSCANLAN gandsSCANLAN,neither,0.03945320844208391,0.33037608806864915,0.630170703489267
gandsSCANLAN gandsSCANLAN gandsSCANLAN gandsSCANLAN gandsSCANLAN,neither,0.03945320844208391,0.33037608806864915,0.630170703489267
!commands,neither,0.03945320844208391,0.33037608806864915,0.630170703489267
DTM450 -> The bot commands for this channel are available at https://beta.nightbot.tv/t/geekandsundry/commands,neither,0.04695462833040224,0.29561718809185006,0.6574281835777477
"WE ADDED LOYALTY BADGES, BUT THEY'RE KINDA BROKEN RIGHT NOW",neither,0.04605289617883532,0.331785412101288,0.6221616917198767
gandsSubHype gandsSubHype gandsSubHype gandsSubHype gandsSubHype gandsSubHype gandsSubHype,neither,0.03945320844208391,0.33037608806864915,0.630170703489267
"Well, the elves are immune, so I wasn't sure if there would be precautions, as, they elves didn't need thme.",neither,0.029942078450605935,0.41335680085396265,0.5567011206954314
we,neither,0.039025862747262004,0.3376292597931679,0.6233448774595702
ITS HIIIIGGH NOON!,neither,0.03309144916294284,0.33256418880705063,0.6343443620300065
FALCON PUNCH!!! CurseLit FALCON KICK!!! SHOW ME YOUR MOVES DBstyle,neither,0.07094592466272731,0.2939260982818426,0.6351279770554301
Bidet from SWFL!,neither,0.04228451509352876,0.2823214250720796,0.6753940598343917
bidet from miami,neither,0.04082729608690459,0.3070542346530501,0.6521184692600454
What can we?!,neither,0.04956991148398085,0.3199848376686333,0.6304452508473859
WHAT DOES IT MEAN?!?!?!?!,neither,0.02702671528998264,0.4729840205125399,0.49998926419747747
gandsSubHype gandsSubHype gandsSubHype gandsSubHype,neither,0.03945320844208391,0.33037608806864915,0.630170703489267
gandsCrit gandsCrit gandsCrit gandsCrit,neither,0.03945320844208391,0.33037608806864915,0.630170703489267
@Angelas_Folly I'd go with that.,neither,0.019129998955551838,0.470183779364259,0.5106862216801892
Please no political discussion,neither,0.038771245920258164,0.3419507718443904,0.6192779822353516
gandsAJinSpace gandsAJinSpace gandsAJinSpace gandsAJinSpace,neither,0.03945320844208391,0.33037608806864915,0.630170703489267
ooohhhHHHH,neither,0.03945320844208391,0.33037608806864915,0.630170703489267
here we go! <3,neither,0.13156755280784707,0.2765461283225309,0.5918863188696221
Hyper jump GO,neither,0.04110193476214172,0.3361029951541177,0.6227950700837407
Mods: Chat's so fast. Scrolling up doesn't stop it from moving so I can't read anything. What do?,neither,0.04151987013072471,0.4324726839646949,0.5260074459045804
Bees knees from Illinois!,neither,0.040274986330306364,0.31642837263612594,0.6432966410335677
"And the Lord Matt Mercer said ""WE CAN""",neither,0.038257009778811676,0.2839733112132098,0.6777696790079787
@thorsqueen iowa critter here!,neither,0.0979213125458446,0.2854165492562083,0.6166621381979471
gandsSubHype gandsSubHype gandsSubHype gandsSubHype gandsSubHype gandsSubHype gandsSubHype gandsSubHype gandsSubHype gandsSubHype,neither,0.03945320844208391,0.33037608806864915,0.630170703489267
Bidet from Pittsburgh,neither,0.04066490145509902,0.30981049537100724,0.6495246031738937
Bidet,neither,0.03945320844208391,0.33037608806864915,0.630170703489267
Bidet from St. Petersburg FL!!!,neither,0.040433725582937306,0.31373415324254156,0.6458321211745212
AYOOOOOOOOOOOOOOOOOOO,neither,0.03945320844208391,0.33037608806864915,0.630170703489267
Just finished the last episiode lol,neither,0.027355263226276096,0.38823312328145804,0.5844116134922659
i thought i heard god for a sec. uh,neither,0.03718669239178429,0.23811581316818717,0.7246974944400285
gandsRaid gandsRaid gandsRaid gandsRaid gandsDrink gandsDrink gandsDrink gandsDrink gandsDrink gandsDrink gandsDrink gandsDrink gandsDrink gandsDrink gandsDrink gandsDrink gandsDrink gandsDrink,neither,0.03945320844208391,0.33037608806864915,0.630170703489267
gandsCrit,neither,0.03945320844208391,0.33037608806864915,0.630170703489267
gandsSubHype gandsSubHype gandsSubHype gandsSubHype gandsSubHype,neither,0.03945320844208391,0.33037608806864915,0.630170703489267
hello all,neither,0.04217753453783664,0.43734383323855475,0.5204786322236087
gandsSubHype gandsSubHype gandsSubHype gandsSubHype gandsSubHype gandsSubHype,neither,0.03945320844208391,0.33037608806864915,0.630170703489267
huzzzahhhh!,neither,0.03945320844208391,0.33037608806864915,0.630170703489267
It is time!!!!!! gandsSubHype,neither,0.04957552498532811,0.36090464428914903,0.5895198307255228
omg,neither,0.03945320844208391,0.33037608806864915,0.630170703489267
"ludicrous speed, go!",neither,0.040893462716063485,0.3353768039856035,0.623729733298333
So close!,neither,0.039408851386368314,0.3986148855256441,0.5619762630879874
bidet from Aachen,neither,0.04228451509352876,0.2823214250720796,0.6753940598343917
WEEKEND?!,neither,0.03945320844208391,0.33037608806864915,0.630170703489267
gandsSubHype gandsSubHype gandsSubHype gandsSubHype gandsSubHype gandsSubHype gandsSubHype gandsSubHype gandsSubHype gandsSubHype gandsSubHype gandsSubHype gandsSubHype gandsSubHype gandsSubHype gandsSubHype,neither,0.03945320844208391,0.33037608806864915,0.630170703489267
gandsCrit gandsCrit gandsCrit gandsCrit gandsCrit gandsCrit gandsCrit gandsCrit gandsCrit gandsCrit,neither,0.03945320844208391,0.33037608806864915,0.630170703489267
Bidet From Australia Errrrybody!,neither,0.04062582848913359,0.31047366557575606,0.6489005059351104
#TEAMMERCER tpk :),neither,0.03945320844208391,0.33037608806864915,0.630170703489267
"@albericthedragon, thanks dude, was driving me mad, cant remember it what so ever",neither,0.0354030612950893,0.36993356006017286,0.5946633786447378
YEASSS ITSS COMMINNG,neither,0.03945320844208391,0.33037608806864915,0.630170703489267
ayyy,neither,0.03945320844208391,0.33037608806864915,0.630170703489267
?????????,neither,0.03945320844208391,0.33037608806864915,0.630170703489267
teaser audio,neither,0.03945320844208391,0.33037608806864915,0.630170703489267
The sun is HIIIGH in the sky,neither,0.04504868471159011,0.30043991579134344,0.6545113994970666
hype,neither,0.03945320844208391,0.33037608806864915,0.630170703489267
SHOUTOUT FROM YUROP TO ALL OVER THE WORLD! Australian critter insurgents of Yurop representing!,neither,0.04319557862722483,0.35310201563903804,0.6037024057337371
gandsDrink gandsSCANLAN gandsDrink gandsSCANLAN gandsDrink gandsSCANLAN gandsSCANLAN gandsDrink gandsSCANLAN gandsDrink gandsSCANLAN gandsDrink,neither,0.03945320844208391,0.33037608806864915,0.630170703489267
YOOOOO,neither,0.03945320844208391,0.33037608806864915,0.630170703489267
Welcome!,neither,0.03945320844208391,0.33037608806864915,0.630170703489267
Bidet from Alaska everyone,neither,0.03461311353610859,0.4125251302641893,0.552861756199702
HYPE!!!!!,neither,0.03945320844208391,0.33037608806864915,0.630170703489267
beep bidet,neither,0.03945320844208391,0.33037608806864915,0.630170703489267
gandsSubHype gandsSubHype gandsSubHype gandsSubHype,neither,0.03945320844208391,0.33037608806864915,0.630170703489267
o_o,neither,0.03945320844208391,0.33037608806864915,0.630170703489267
"I HEAR VOICES IN MYW HEAD, THEY TALK TO ME THEY UNDERSTAND!!!!",neither,0.026027693109577945,0.3768215747271051,0.5971507321633169
gandsLessthanthree,neither,0.03945320844208391,0.33037608806864915,0.630170703489267
gandsSCANLAN,neither,0.03945320844208391,0.33037608806864915,0.630170703489267
Bidet from Philly,neither,0.040769555981420263,0.3080342349327864,0.6511962090857933
BEEP BEEP BIDET! BEEP BEEP BIDET!!,neither,0.03945320844208391,0.33037608806864915,0.630170703489267
>initialising hype,neither,0.03945320844208391,0.33037608806864915,0.630170703489267
gandsSubHype gandsSubHype gandsSubHype gandsSubHype gandsSubHype gandsSubHype,neither,0.03945320844208391,0.33037608806864915,0.630170703489267
gandsSubHype gandsSubHype gandsSubHype gandsSubHype,neither,0.03945320844208391,0.33037608806864915,0.630170703489267
gandsCrit gandsCrit gandsCrit gandsCrit gandsCrit gandsCrit gandsCrit gandsCrit gandsCrit gandsCrit gandsCrit gandsCrit,neither,0.03945320844208391,0.33037608806864915,0.630170703489267
gandsSCANLAN gandsSCANLAN gandsSCANLAN gandsSCANLAN gandsSCANLAN gandsSCANLAN gandsSCANLAN gandsSCANLAN gandsSCANLAN gandsSCANLAN gandsSCANLAN gandsSCANLAN,neither,0.03945320844208391,0.33037608806864915,0.630170703489267
gandsCrit,neither,0.03945320844208391,0.33037608806864915,0.630170703489267
Loyalty badges? What are those?,neither,0.09560291028345212,0.23286406182307406,0.6715330278934739
gandsMatt gandsDrink gandsSCANLAN,neither,0.03945320844208391,0.33037608806864915,0.630170703489267
gandsOwl,neither,0.03945320844208391,0.33037608806864915,0.630170703489267
gandsUshnux,neither,0.03945320844208391,0.33037608806864915,0.630170703489267
"Please guys, can we forget about the Politics for a few hours and just Enjoy Critical Role ? Dont let real life politics ruin the fun and excitement we're about to experience!!",neither,0.03239829901241271,0.36455952666503,0.6030421743225574
Trump2016,neither,0.03945320844208391,0.33037608806864915,0.630170703489267
SKYRIM,neither,0.03945320844208391,0.33037608806864915,0.630170703489267
"gandsMatt god has spoken, ""we can"" was his message",neither,0.057762015778618614,0.3272085384546577,0.6150294457667236
Bidet from PITTSBURGH,neither,0.04066490145509902,0.30981049537100724,0.6495246031738937
gandsSubHype gandsSubHype gandsSubHype gandsSubHype gandsSubHype gandsSubHype gandsSubHype gandsSubHype gandsSubHype gandsSubHype gandsSubHype gandsSubHype gandsSubHype gandsSubHype gandsSubHype gandsSubHype gandsSubHype gandsSubHype gandsSubHype gandsSubHype gandsSubHype gandsSubHype gandsSubHype gandsSubHype,neither,0.03945320844208391,0.33037608806864915,0.630170703489267
be pleased from springfield missouri,neither,0.04052771387954926,0.32033857549905803,0.6391337106213928
ITS FUKIN TIME HELL YEAH,offensive_language,0.023932612207936105,0.727489167568015,0.24857822022404893
dicks out for harambe Kappa,neither,0.031095133487103934,0.3187065638390147,0.6501983026738815
"FYI YES WE HAVE NEW LOYALTY BADGES, they are not 100% functional yet tho",neither,0.05028345823802996,0.2726432150785531,0.677073326683417
So?,offensive_language,0.039501631330860744,0.48329170807269783,0.4772066605964413
"@Davidguy, any idea how liong it will take to get them up[dated",neither,0.05173063288202266,0.3478691492779371,0.6004002178400403
"The elven city is one thing, but was Emon's army elven?",neither,0.04140709217864723,0.35006762857690615,0.6085252792444467
bidet all,offensive_language,0.046917543854519406,0.6277741405869331,0.3253083155585475
gandsMatt gandsRage gandsHecThor gandsSubHype gandsSCANLAN gandsSpoopy gandsBrooklynCop gandsMatt,neither,0.03945320844208391,0.33037608806864915,0.630170703489267
Skyrim yes,neither,0.03945320844208391,0.33037608806864915,0.630170703489267
"Poor matt, he might have a 15 person Party tonight or moreeee",neither,0.04058173468012689,0.3207053760717156,0.6387128892481575
Dj meatman <3,neither,0.03945320844208391,0.33037608806864915,0.630170703489267
gandsSubHype gandsSubHype gandsSubHype gandsSubHype,neither,0.03945320844208391,0.33037608806864915,0.630170703489267
So excited!,neither,0.03940839469474773,0.3948270312238364,0.565764574081416
Desert Bus HYPE!,neither,0.03945320844208391,0.33037608806864915,0.630170703489267
gandsDrink,neither,0.03945320844208391,0.33037608806864915,0.630170703489267
"bidet from Backblaze in San Mateo, CA!",neither,0.0404636476556823,0.3132262975776719,0.6463100547666457
BCouch,neither,0.03945320844208391,0.33037608806864915,0.630170703489267
SQUIRREL,neither,0.03945320844208391,0.33037608806864915,0.630170703489267
Bidet from Trumerica,neither,0.04228451509352876,0.2823214250720796,0.6753940598343917
OMG MY FAVORITE SOCIOPATH NPC SHALL RETURN THIS EPISODE!,neither,0.03263929746634132,0.38140863284278265,0.585952069690876
Oooo i just saw that 1 year badge and you better gimme it!!!!,neither,0.04160939348554591,0.37447412489806403,0.5839164816163901
it's fuuuulll sunlight,neither,0.034373745257138544,0.33212314837979673,0.6335031063630647
"Fullscreen time, have fun chatting everyone!",neither,0.0318892039551303,0.45875698469092224,0.5093538113539474
Lets do this,neither,0.040148419443759686,0.3496283523875733,0.610223228168667
oooh do i have one,neither,0.039440010776440465,0.3691714057887458,0.5913885834348138
SKYRIM!,neither,0.03945320844208391,0.33037608806864915,0.630170703489267
Darn,neither,0.03945320844208391,0.33037608806864915,0.630170703489267
"Bidet from Norway, Maine",neither,0.04069404815304118,0.30931579984010865,0.6499901520068502
@m00nshad0w I agree.,neither,0.03945320844208391,0.33037608806864915,0.630170703489267
gandsMATT,neither,0.03945320844208391,0.33037608806864915,0.630170703489267
soon yes!!!!!!!!!!!!!,neither,0.03945320844208391,0.33037608806864915,0.630170703489267
Bidet from PITTSBURGH,neither,0.04066490145509902,0.30981049537100724,0.6495246031738937
gandsSubHype gandsSubHype gandsSubHype gandsSubHype gandsSubHype gandsSubHype gandsSubHype gandsSubHype gandsSubHype gandsSubHype gandsSubHype gandsSubHype gandsSubHype gandsSubHype,neither,0.03945320844208391,0.33037608806864915,0.630170703489267
Badges?!?1,neither,0.03945320844208391,0.33037608806864915,0.630170703489267
what do the colors mean?,neither,0.04557343826611378,0.3099875376820042,0.6444390240518821
gandsNopeNopeNope gandsNopeNopeNope gandsSubHype gandsSubHype gandsSubHype gandsSubHype gandsSubHype gandsSubHype,neither,0.03945320844208391,0.33037608806864915,0.630170703489267
"@TheXenatron, no, he said ""you can certainly try""",neither,0.05896069709779294,0.3766243253385669,0.5644149775636402
"Geek and Sundry 2016:""Make Vox Machina late again""",neither,0.03769530726992011,0.3240875673203461,0.638217125409734
I love the new badges!,neither,0.0391509175049413,0.24143601906911025,0.7194130634259486
The time has come!,neither,0.0355206809835327,0.35998286628077864,0.6044964527356886
Bidet from central Iowa,neither,0.04038434874462851,0.31457220705192124,0.6450434442034502
"@NardFtw dunno, it's all on Twitch's end",neither,0.037117309368466425,0.40900455607701114,0.5538781345545225
Kyne's Peace <3,neither,0.03945320844208391,0.33037608806864915,0.630170703489267
hugs anyone who needs one,neither,0.039228026699409356,0.4140720343398194,0.5466999389607713
Cenokir HYPE!!!!,neither,0.03945320844208391,0.33037608806864915,0.630170703489267
<3 CR!!,neither,0.03945320844208391,0.33037608806864915,0.630170703489267
#yep yep,neither,0.03945320844208391,0.33037608806864915,0.630170703489267
gandsSCANLAN gandsSCANLAN gandsDrink gandsDrink gandsTrinket gandsTrinket gandsMatt gandsMatt gandsAJinSpace gandsAJinSpace gandsSubHype gandsSubHype gandsLessthanthree gandsLessthanthree gandsApplaud,neither,0.03945320844208391,0.33037608806864915,0.630170703489267
#MAGA,neither,0.03945320844208391,0.33037608806864915,0.630170703489267
weep granna ninny bom?,neither,0.03945320844208391,0.33037608806864915,0.630170703489267
Dicks out for America,neither,0.19815973824943245,0.2115190626034289,0.5903211991471387
"BIDET FROM AUSTIN, TEXAS!!!",neither,0.04055041785557119,0.31175358083338084,0.6476960013110479
Woo,neither,0.03945320844208391,0.33037608806864915,0.630170703489267
beep beep.,neither,0.03945320844208391,0.33037608806864915,0.630170703489267
gandsSCANLAN gandsAJinSpace gandsSCANLAN gandsAJinSpace,neither,0.03945320844208391,0.33037608806864915,0.630170703489267
beepbeep,neither,0.03945320844208391,0.33037608806864915,0.630170703489267
gandsAJinSpace gandsAJinSpace gandsAJinSpace,neither,0.03945320844208391,0.33037608806864915,0.630170703489267
gandsRaid gandsRaid gandsRaid gandsRaid gandsRaid gandsRaid,neither,0.03945320844208391,0.33037608806864915,0.630170703489267
gandsSubHype gandsSubHype gandsSubHype gandsSubHype gandsSubHype gandsSubHype gandsSubHype gandsSubHype gandsSubHype gandsSubHype gandsCrit gandsCrit gandsCrit gandsCrit gandsCrit gandsCrit gandsCrit gandsCrit gandsCrit gandsClassic gandsClassic gandsClassic gandsClassic gandsRaid,neither,0.03945320844208391,0.33037608806864915,0.630170703489267
gandsSubHype,neither,0.03945320844208391,0.33037608806864915,0.630170703489267
gandsJesstatorship,neither,0.03945320844208391,0.33037608806864915,0.630170703489267
skyrim music?,neither,0.03945320844208391,0.33037608806864915,0.630170703489267
We're here Critters!!!,neither,0.19885855983925918,0.22006402196641378,0.581077418194327
gandsSubHype gandsSubHype gandsSubHype gandsSubHype gandsSubHype gandsSubHype gandsSubHype gandsSubHype gandsSubHype gandsSubHype gandsSubHype gandsSubHype gandsSubHype,neither,0.03945320844208391,0.33037608806864915,0.630170703489267
IT'S HIGH NOON!,neither,0.03473427805578823,0.4119915720241221,0.5532741499200896
gandsMatt gandsMatt gandsMatt,neither,0.03945320844208391,0.33037608806864915,0.630170703489267
after hours and hours of binge watching i can know finally try and stay awake to watch a episode live,neither,0.04655230604831643,0.28975537021151043,0.663692323740173
TES: Skyrim OST!!!,neither,0.03945320844208391,0.33037608806864915,0.630170703489267
Thanks gaeca,neither,0.035884468650613,0.3004919205142699,0.6636236108351171
gandsCrit,neither,0.03945320844208391,0.33037608806864915,0.630170703489267
"Bidet from Melbourne, Australia",neither,0.04062582848913359,0.31047366557575606,0.6489005059351104
gandsDrink gandsDrink gandsDrink gandsDrink gandsDrink,neither,0.03945320844208391,0.33037608806864915,0.630170703489267
",",neither,0.03945320844208391,0.33037608806864915,0.630170703489267
gandsCrit gandsCrit gandsCrit gandsRaid gandsCrit,neither,0.03945320844208391,0.33037608806864915,0.630170703489267
ayyyyyy,neither,0.03945320844208391,0.33037608806864915,0.630170703489267
"@Davidguy, thanks",neither,0.035884468650613,0.3004919205142699,0.6636236108351171
gandsMatt gandsMatt gandsMatt,neither,0.03945320844208391,0.33037608806864915,0.630170703489267
"Bidet from Columbia, Missouri!",neither,0.04071751644889743,0.3089174816120565,0.6503650019390461
"Bidet, darlings!!",neither,0.03945320844208391,0.33037608806864915,0.630170703489267
gandsSubHype gandsSubHype gandsSubHype gandsSubHype gandsSubHype gandsSubHype gandsSubHype gandsSubHype gandsSubHype gandsSubHype,neither,0.03945320844208391,0.33037608806864915,0.630170703489267
idk how the loyalty badges are supposed to be but they look fine to me,neither,0.05517042786095809,0.3202524014001726,0.6245771707388694
gandsFail gandsHR gandsLessthanthree gandsOverlord gandsMasterStef gandsMatt gandsHecThor gandsTeamNoStream gandsUshnux gandsBeccasaurus gandsSpoopy gandsAJinSpace gandsJesstatorship gandsNopeNopeNope gandsSubHype gandsApplaud gandsBrooklynCop gandsDerp gandsDrink gandsHooman gandsTrinket gandsReally gandsClassic gandsRaid gandsRage gandsCrit gandsSCANLAN gandsMDK gandsOwl,neither,0.03945320844208391,0.33037608806864915,0.630170703489267
gandsAJinSpace gandsAJinSpace gandsAJinSpace gandsAJinSpace,neither,0.03945320844208391,0.33037608806864915,0.630170703489267
WHAT IN OBLIVION IS THAT,neither,0.05892287420320809,0.3886751052524352,0.5524020205443567
!critcountdown,neither,0.03945320844208391,0.33037608806864915,0.630170703489267
@geekandsundry everything ok there?,neither,0.0393176568855837,0.28185999326059974,0.6788223498538166
Loyalty badges putting the FUN in disfunctional. WHoop!,neither,0.038884069208208645,0.3200564317857195,0.641059499006072
@GaeaCa ty,neither,0.03945320844208391,0.33037608806864915,0.630170703489267
"Ah, Skyrim. Been hearing this music a lot lately. I missed Tamriel!",neither,0.039218015708498484,0.33436792256171677,0.6264140617297846
Who else thinks imagines these effriti as the old Japanese ONI MASKS?,neither,0.043310579627315035,0.43282472672448774,0.5238646936481973
Bidet from NJ!,neither,0.04069404815304118,0.30931579984010865,0.6499901520068502
I love Kyne's Peace.,neither,0.03561763946537224,0.3483993359624259,0.6159830245722019
ANOTHER BIDET FROM AUSTIN TEXAS! HI OTHER AUSTONIAN,neither,0.07645735785046934,0.2606837239948252,0.6628589181547054
Bidet from Indiana,neither,0.0408364874901429,0.30689823255244486,0.6522652799574122
beep beep from Illinois,neither,0.04069404815304118,0.30931579984010865,0.6499901520068502
"@alucus17, Actually most of the time they are late because they have not all arrived yet, Sam has a long commute",neither,0.049168374539045746,0.34435912485454717,0.606472500606407
FUS RO DAH!! gandsHecThor gandsSCANLAN,neither,0.03945320844208391,0.33037608806864915,0.630170703489267
Oh look! I can chat now!,neither,0.04680271374829214,0.2765667106471651,0.6766305756045429
IT'S HIIIIIIIIIGH NOON,neither,0.037828236809968684,0.3309349903269868,0.6312367728630445
weeeee,neither,0.03945320844208391,0.33037608806864915,0.630170703489267
"Bidet from Norway, Bergen! :D",neither,0.04228451509352876,0.2823214250720796,0.6753940598343917
gandsSubHype gandsSubHype gandsSubHype,neither,0.03945320844208391,0.33037608806864915,0.630170703489267
IT'S ABOUT MID-DAY!,neither,0.03684261370354432,0.34400227534732264,0.6191551109491329
does everyone else have a loading screen,offensive_language,0.02458627724443768,0.5020277019083905,0.47338602084717185
