text,top_class,hate_speech,offensive_language,neither
"They're reeeeeally having issues tonight, huh?",neither,0.05105435697215848,0.29020537524465284,0.6587402677831886
Erika and Sonja again gandsLessthanthree,neither,0.035330638760755276,0.31709629931909467,0.6475730619201501
digital spasms,neither,0.03945320844208391,0.33037608806864915,0.630170703489267
ahhhhhhhh,neither,0.03945320844208391,0.33037608806864915,0.630170703489267
LUL,neither,0.03945320844208391,0.33037608806864915,0.630170703489267
...,neither,0.03945320844208391,0.33037608806864915,0.630170703489267
welp,neither,0.03945320844208391,0.33037608806864915,0.630170703489267
"Hello, G33kGrrly_Gaming!",neither,0.03945320844208391,0.33037608806864915,0.630170703489267
relax,neither,0.03945320844208391,0.33037608806864915,0.630170703489267
the critrole subreddit is going to have a field day bitching about this,neither,0.04758462050084027,0.35064986967569756,0.6017655098234621
loved that ep of talks machina we learned so much especially about brian's dad,neither,0.03469634029675201,0.38922858552954986,0.5760750741736981
I guess it's super hard to figure this out?,offensive_language,0.032300122873558504,0.5140523052524747,0.4536475718739668
gandsRage,neither,0.03945320844208391,0.33037608806864915,0.630170703489267
but... talks machina...,neither,0.034960729979917796,0.34391206542561653,0.6211272045944658
oh sweet ... all the wrong things playing,neither,0.04454236094270372,0.33140456206505886,0.6240530769922374
gandsFail gandsFail gandsFail gandsFail,neither,0.03945320844208391,0.33037608806864915,0.630170703489267
What is happening,neither,0.05556313111362946,0.3226410524653571,0.6217958164210133
Hahahahahahaha,neither,0.03945320844208391,0.33037608806864915,0.630170703489267
ahhhhhh,neither,0.03945320844208391,0.33037608806864915,0.630170703489267
G&S Production Value Kappa,neither,0.03945320844208391,0.33037608806864915,0.630170703489267
"Come on guys, we know you can do it! we got faith in you!!!",neither,0.05773953773151507,0.4607914513674324,0.4814690109010526
getting closer... maybe....,neither,0.03550461182438865,0.3973940776869439,0.5671013104886675
!wallet,neither,0.03945320844208391,0.33037608806864915,0.630170703489267
Dear lord...Streams melting down,neither,0.03945320844208391,0.33037608806864915,0.630170703489267
SGmouth SGmouth SGmouth SGmouth,neither,0.03945320844208391,0.33037608806864915,0.630170703489267
great show guys... great show,neither,0.05704332961475962,0.20417232190806303,0.7387843484771773
Is this a troll?,neither,0.04959008194734716,0.32877495885699387,0.621634959195659
20 yearz latar,neither,0.03945320844208391,0.33037608806864915,0.630170703489267
Dammit Trump!,neither,0.03945320844208391,0.33037608806864915,0.630170703489267
is anything happening?,neither,0.04766151026259514,0.3275528766759496,0.6247856130614552
this is going great,neither,0.04500074266928095,0.3320847708255088,0.6229144865052102
Great show everybody!Goodnight!,neither,0.05103259260028377,0.24044530400659447,0.7085221033931217
chill out guys they're figuring it out,neither,0.04327699744879812,0.33576505582111077,0.6209579467300911
Umm,neither,0.03945320844208391,0.33037608806864915,0.630170703489267
what is even happening right now,neither,0.04990234701603969,0.35330363599141157,0.5967940169925487
"oh man, the timing on cutting him off in that story was amazing!",neither,0.03779337724761342,0.36147135383743306,0.6007352689149537
"FYI THIS IS AN ALPHA SHOW FROM LDN, NOT RUN BY PIT CREW",neither,0.05359197129528079,0.30152522025991846,0.6448828084448008
Reboot and hit F8,neither,0.038657364136578116,0.29007769606502,0.671264939798402
o.o,neither,0.03945320844208391,0.33037608806864915,0.630170703489267
good thing cineverse starts in 15 mins on hyperrpg. heading over there instead,neither,0.03579184430906325,0.31477602925306647,0.6494321264378703
keep trying,neither,0.03945320844208391,0.33037608806864915,0.630170703489267
TECHNOLOGY WHY MUST YOU BE SO DIFFICUKT,neither,0.04286994152818082,0.42443316351818317,0.532696894953636
Did Alpha die?,neither,0.19201276695911337,0.13618897510698177,0.6717982579339048
g33kSalute Trendane g33kPride,neither,0.03945320844208391,0.33037608806864915,0.630170703489267
is it like this on alpha too?,neither,0.05373266661403688,0.3623470460091621,0.583920287376801
gandsRage gandsRage,neither,0.03945320844208391,0.33037608806864915,0.630170703489267
Firefox?,neither,0.03945320844208391,0.33037608806864915,0.630170703489267
damnit,neither,0.03945320844208391,0.33037608806864915,0.630170703489267
doogRIP doogRIP doogRIP doogRIP doogRIP doogRIP doogRIP,neither,0.03945320844208391,0.33037608806864915,0.630170703489267
ITS NOVEMBER 8th all over again AHHHHHHHHHHHHHHHHHH,neither,0.03269712981411632,0.40996399553095964,0.5573388746549242
glad this is free. cos no one would pay for this lol,neither,0.03377210050480721,0.3688800429325829,0.5973478565626099
Trump did it!,neither,0.037968535489268596,0.3308867351776951,0.6311447293330363
Glorioius Clusterfuck that is Critical Role takes in another casualty,neither,0.07888047046003097,0.30356229831263176,0.6175572312273373
I blame Trump,neither,0.03945320844208391,0.33037608806864915,0.630170703489267
NO,neither,0.036918905254960256,0.37338982715841207,0.5896912675866277
"yall need Jesus, you've got the devil in ya",offensive_language,0.01996082027596938,0.554165176375047,0.4258740033489836
not only did dad not want you but he didn't want anybody watching this show,neither,0.046170561424430365,0.34433893587801045,0.6094905026975591
does delay happen often?,neither,0.026427240838288926,0.45221979946631746,0.5213529596953936
I CANT SEE! IM BLIND! AHH!,neither,0.038760834895540996,0.35667291979334786,0.6045662453111111
gandsFail gandsFail gandsFail,neither,0.03945320844208391,0.33037608806864915,0.630170703489267
!wallet,neither,0.03945320844208391,0.33037608806864915,0.630170703489267
Technology does what technology wants to do.,neither,0.037684312675305504,0.3976419246231783,0.5646737627015163
This was all a ploy to get us to watch game engine,neither,0.08095777280911731,0.33973544861958077,0.5793067785713019
gandsTeamNoStream gandsTeamNoStream gandsTeamNoStream gandsTeamNoStream gandsTeamNoStream gandsTeamNoStream,neither,0.03945320844208391,0.33037608806864915,0.630170703489267
really!,neither,0.03945320844208391,0.33037608806864915,0.630170703489267
This is still better than Batman vs Superman,neither,0.04380093271593223,0.3447254398499001,0.6114736274341677
ummmm you know what you do on Thursdays?....do that,neither,0.06514123084685917,0.4322159840841004,0.5026427850690405
DONT SUPPORT ALPHA!,neither,0.07084014407679881,0.3195806816370257,0.6095791742861755
@GaeaCa THANK YOU. I CAN COMPLAIN NOW,neither,0.05716738835570618,0.3831221737295113,0.5597104379147826
"@GeekandSundry It's okay, take a deep breath and try again. You can do it! Wishing you all over there the best, truly. Let me know if you need a hug at any point. They are free.",neither,0.043192368107531874,0.4224909456084341,0.534316686284034
you can do it tech! <3 <3 <3 <3 <3,neither,0.05803873063772377,0.3762988270241629,0.5656624423381134
oh no. we want the pit crew,neither,0.04218862307413973,0.2878656944098336,0.6699456825160266
*** alpha,neither,0.03945320844208391,0.33037608806864915,0.630170703489267
@GeekandSundry do you guys need a hug?,neither,0.05763527035829215,0.3767271767649501,0.5656375528767578
gandsSCANLAN gandsSCANLAN gandsSCANLAN gandsSCANLAN,neither,0.03945320844208391,0.33037608806864915,0.630170703489267
spinning wheel of anxiety,neither,0.03945320844208391,0.33037608806864915,0.630170703489267
"PS, is alpha is still down? Just curious.",neither,0.04710614908982725,0.35238547833792566,0.6005083725722471
trump,neither,0.03945320844208391,0.33037608806864915,0.630170703489267
Someone make this stream great again plz,neither,0.03684343802418674,0.3349254649120237,0.6282310970637895
"Help G&S make great content! $4.99/month gets you emotes, Minecraft server access, Sub Only Q&As, VODs, and more! Every sub keeps the channel alive! twitch.tv/geekandsundry/subscribe",neither,0.043092924924402844,0.32365565443818894,0.6332514206374082
Back to black?,neither,0.09831359441830433,0.2923696955362885,0.6093167100454072
bring back Snuggle Lord,neither,0.03945320844208391,0.33037608806864915,0.630170703489267
pit crew washing their hands of this whole thing lol,neither,0.03470731573649596,0.364098581508126,0.601194102755378
"man, broadcasting must be hard...",offensive_language,0.03208083728301053,0.6137471867766168,0.3541719759403726
custaFeelsbad custaFeelsbad custaFeelsbad,neither,0.03945320844208391,0.33037608806864915,0.630170703489267
Thanks Obama,neither,0.03680731282504388,0.30821969881886535,0.6549729883560909
the critical role subreddit always finds something to *** about. Why should this be any different :P,neither,0.039974991736018636,0.39635729778959383,0.5636677104743876
"lmao, i love you guys",neither,0.0553221517241842,0.43985729738946766,0.5048205508863483
Talks Machina is basically a door,neither,0.04693760618738548,0.32780186048247184,0.6252605333301429
why are people overreacting?,neither,0.12700706468806916,0.2737144031091272,0.5992785322028036
Kippa,neither,0.03945320844208391,0.33037608806864915,0.630170703489267
no talks blackscreena,neither,0.03831339492610202,0.3497216981110983,0.6119649069627997
funnies damn glitch I've seen in a long long time,offensive_language,0.026336587877818052,0.6071668705284841,0.3664965415936979
So far I'm not the least impressed with Alpha every time I check out the site.,neither,0.029676655574400787,0.3758512171032805,0.5944721273223188
pit crew *** up,neither,0.036882850825789626,0.38229049346387156,0.5808266557103388
*** ALPHA,neither,0.03945320844208391,0.33037608806864915,0.630170703489267
Hello darkness my old friend,neither,0.030542896259675757,0.39798472633747956,0.5714723774028446
kgoth9000 kgoth9000 kgoth9000 kgoth9000 kgothT kgothT kgothT kgothT,neither,0.03945320844208391,0.33037608806864915,0.630170703489267
They need to fire or hire some one to get this site up to speed,neither,0.042815555756960506,0.38224438766804303,0.5749400565749965
"the stream can't handle two critical role shows, its that simple",neither,0.03422039269286851,0.3368231738365433,0.6289564334705882
G&S Production Value Kappa,neither,0.03945320844208391,0.33037608806864915,0.630170703489267
cattAttn cattAttn cattAttn,neither,0.03945320844208391,0.33037608806864915,0.630170703489267
"LDN, The Evil Empire to our Rebel Alliance",neither,0.04445676452786326,0.3130309334327381,0.6425123020393986
o0,neither,0.03945320844208391,0.33037608806864915,0.630170703489267
"and the chat said ""Alpha, I never wanted you, I wanted another girl""",neither,0.06589938321321835,0.3371966867722924,0.5969039300144893
LDN FAIL,neither,0.03945320844208391,0.33037608806864915,0.630170703489267
It's 10:16 in Michigan right now :),neither,0.037631530604728076,0.34512147992164655,0.6172469894736253
WOO LOGO!,neither,0.03945320844208391,0.33037608806864915,0.630170703489267
yay,neither,0.03945320844208391,0.33037608806864915,0.630170703489267
!wallet,neither,0.03945320844208391,0.33037608806864915,0.630170703489267
hello darkness my old friend,neither,0.030542896259675757,0.39798472633747956,0.5714723774028446
badHi Trendane and G33kGrrly_Gaming,neither,0.03763944115734239,0.1918412352459551,0.7705193235967025
oh maaaaan,neither,0.0450478101092574,0.2772031091301225,0.6777490807606199
They must have accidentally downloaded Windows 10,neither,0.0397087168764482,0.32603944311361005,0.6342518400099417
I'm having a great time,neither,0.036018550233683715,0.3237222011462937,0.6402592486200225
two whole weeks of prep and this is the result. ...gold star start for alpha,neither,0.03961217187655576,0.28503832490764436,0.6753495032157999
Annnd ... see you later. This is lame.,neither,0.15817614213106482,0.18742381696603813,0.654400040902897
Roll a nat 20 to fix this ***,neither,0.04424359674589717,0.32866638154487243,0.6270900217092302
I just wants to talk some machina!,neither,0.01690517198758498,0.37202841602386977,0.6110664119885452
Ugh. Thanks Clinton,neither,0.037582744277202,0.3147130619658819,0.647704193756916
Tech problems happen chill guys,neither,0.03936933097866359,0.33179970752562804,0.6288309614957084
It's back,neither,0.03654534214784638,0.3313762366291984,0.6320784212229552
I blame Disney.,neither,0.03945320844208391,0.33037608806864915,0.630170703489267
stripOhno,neither,0.03945320844208391,0.33037608806864915,0.630170703489267
Second times the charm,neither,0.03870611355833855,0.3167665355666874,0.644527350874974
gandsFail,neither,0.03945320844208391,0.33037608806864915,0.630170703489267
"LDN FAIL, Not Pitcrew fail",neither,0.038538340484838264,0.3337995356361727,0.6276621238789889
"not really reflecting well on LDN, G&S or Critical Role at the moment..",neither,0.03569747855205641,0.3472359362856046,0.617066585162339
the pit crew are giggling in the corner eating popcorn,neither,0.05161407056502668,0.2874508897834504,0.660935039651523
gandsSubHype gandsSubHype gandsSubHype gandsSubHype gandsSubHype gandsSubHype gandsSubHype gandsSubHype gandsSubHype gandsSubHype gandsSubHype,neither,0.03945320844208391,0.33037608806864915,0.630170703489267
Poor Brian... xD,neither,0.03945320844208391,0.33037608806864915,0.630170703489267
@HucksMcNasty Pit Crew isn't there. No one on the Twitch team works on Alpha shows,neither,0.03560752971871197,0.33650712729824017,0.6278853429830478
Someone must have rolled a nat 1,neither,0.03975569756354565,0.32524205824374325,0.6350022441927111
This is really making me want to sign up for,neither,0.03773185844037346,0.35967269563709947,0.602595445922527
oh that's right....(waves at internet),neither,0.038952934336813926,0.3576065464572405,0.6034405192059455
"Yay, title card!",neither,0.03945320844208391,0.33037608806864915,0.630170703489267
alpha is the worst,neither,0.04791844904962066,0.29304637481600915,0.6590351761343703
"I think Alpha crashed, and they're streaming it to Twitch through Alpha.",neither,0.04938819630194046,0.2943216527929404,0.6562901509051191
@GeekandSundry You'll get everything into place. You always do.,neither,0.07561401735874583,0.4306939466517102,0.49369203598954403
C'MON GUYS. ARE WE SERIOUS WITH THIS?!,neither,0.04709946124293406,0.32943633164654607,0.6234642071105199
gandsFail gandsFail gandsFail gandsFail gandsFail gandsFail gandsFail gandsFail,neither,0.03945320844208391,0.33037608806864915,0.630170703489267
"the other button, the red one.... push it !!! no just push it ...",neither,0.0337869498039888,0.3481017201744725,0.6181113300215386
Where do I go for Alpha?,neither,0.0375558998482619,0.274927444193293,0.6875166559584451
Grakees! g33kSalute g33kLove,neither,0.03945320844208391,0.33037608806864915,0.630170703489267
Matthew Mercer ‏@matthewmercer 31s31 seconds ago@TalksMachina brought to you by new tech with new issues. We'll be back...shortly...?,neither,0.04878712936397841,0.30418921252507697,0.6470236581109446
"don't support alpha, twitch only",neither,0.0622214160041509,0.32254505743817813,0.615233526557671
anyone know where I can get that shirt?,neither,0.03743305420816033,0.3430752287873855,0.6194917170044542
alpha is still down for me,neither,0.033187723519677866,0.3495457230574365,0.6172665534228857
"Chefchef7, Because they have little else to do with their time.",neither,0.03451175347891213,0.3838161233834096,0.5816721231376784
"You got this G&S, though maybe a podcast would be less glitchY?",neither,0.052097497297324595,0.4136931200559341,0.5342093826467414
Should be back up in about 30 seconds,neither,0.04637630725099133,0.43784887361874,0.5157748191302687
"Hey guys, be polite. Whoever is behind this is obviously trying their best. Technology is a butthead and never goes according to plan, especially on really big important premiere nights like tonight. Be polite.",neither,0.04230946309400383,0.34735890194176605,0.61033163496423
"Well, that is a pretty logo anyway",neither,0.04252714958435646,0.3616064289032508,0.5958664215123928
We need a natural 20!,neither,0.03912468816376231,0.33147175968483916,0.6294035521513985
Geek and Sundry having broadcasting issues?! Unheard of! gandsFail,neither,0.038805069586248235,0.29820102706616275,0.6629939033475891
This has been just a phenomenal experience,neither,0.03589355192495297,0.3471516407581562,0.6169548073168908
great show so far ... alpha rocks,neither,0.048281842521359176,0.288466793791592,0.6632513636870487
"Hello, Grakees!",neither,0.03945320844208391,0.33037608806864915,0.630170703489267
gandsCrit,neither,0.03945320844208391,0.33037608806864915,0.630170703489267
"I must say, although the show was a lot shorted than I expected, I was still quite entertained.",neither,0.04583271077401536,0.28988866950567765,0.664278619720307
LDN?,neither,0.03945320844208391,0.33037608806864915,0.630170703489267
Damn you Alpha!,offensive_language,0.06259533978314133,0.8697130087183123,0.06769165149854646
at least it is the correct logo/show now?,neither,0.05419530033816472,0.28008785247009976,0.6657168471917355
nice wallet design,neither,0.03945320844208391,0.33037608806864915,0.630170703489267
WutFace,neither,0.03945320844208391,0.33037608806864915,0.630170703489267
The Govment didit,neither,0.03613032604487659,0.2619290779399786,0.7019405960151449
"I got to rush and catch up on Critical Role, so this delay is okay by me.",neither,0.039029793159378795,0.43818739328160106,0.5227828135590202
its all in good fun.,neither,0.03385878624060725,0.4177088933002942,0.5484323204590986
Alpha is still down,neither,0.04688530779546783,0.3426256071593406,0.6104890850451916
gandsSubHype gandsSubHype gandsSubHype gandsSubHype gandsSubHype gandsSubHype gandsSubHype gandsSubHype gandsSubHype gandsCrit gandsCrit gandsCrit,neither,0.03945320844208391,0.33037608806864915,0.630170703489267
Still love you <3,offensive_language,0.06284144564466641,0.47460526414932175,0.46255329020601177
25,neither,0.03945320844208391,0.33037608806864915,0.630170703489267
27,neither,0.03945320844208391,0.33037608806864915,0.630170703489267
G&S Production Value Kappa,neither,0.03945320844208391,0.33037608806864915,0.630170703489267
YO GNS! Go *** yourselves!,neither,0.0409485641700407,0.41250805920720784,0.5465433766227515
26,neither,0.03945320844208391,0.33037608806864915,0.630170703489267
@skilgannon3 yep... bound to be the culprit... DAMN YOU WINDOWS 10,offensive_language,0.061888180893908365,0.6983947887713308,0.23971703033476088
Percy do a tinkering check,neither,0.04078940446645074,0.3299165089837956,0.6292940865497537
25,neither,0.03945320844208391,0.33037608806864915,0.630170703489267
24,neither,0.03945320844208391,0.33037608806864915,0.630170703489267
"well, the title screen looks great",neither,0.03744223672906456,0.3001158868005632,0.6624418764703723
@GeekandSundry Thanks for letting us know!,neither,0.06497715421937024,0.2845209212392677,0.6505019245413621
PERFECT START BOYZ!,neither,0.03945320844208391,0.33037608806864915,0.630170703489267
24,neither,0.03945320844208391,0.33037608806864915,0.630170703489267
23,neither,0.03945320844208391,0.33037608806864915,0.630170703489267
"on the bright side, nive graphic",neither,0.03231062726920624,0.358679099006157,0.6090102737246368
I believe in you guys!,neither,0.06220536317341822,0.3963198159818461,0.5414748208447357
Chill the crap out people! It's a new show. Calm down.,neither,0.06874208328454846,0.2194385018209407,0.7118194148945107
23,neither,0.03945320844208391,0.33037608806864915,0.630170703489267
22,neither,0.03945320844208391,0.33037608806864915,0.630170703489267
so who is brian foster...?,neither,0.046795858764082474,0.4211658454589989,0.5320382957769186
22,neither,0.03945320844208391,0.33037608806864915,0.630170703489267
Love to all the crew!,neither,0.04440041558783605,0.4015451291888379,0.554054455223326
21,neither,0.03945320844208391,0.33037608806864915,0.630170703489267
Anyone periscoping it?,neither,0.03718898140892772,0.3311548595728464,0.6316561590182258
20,neither,0.03945320844208391,0.33037608806864915,0.630170703489267
poor Brian... now he too must deal with the woes of live streams,neither,0.03787022041710584,0.3339831719955786,0.6281466075873156
@calebshu hey!!!,neither,0.03945320844208391,0.33037608806864915,0.630170703489267
Matt said there is new tech that is giving them trouble but they are working on it!,neither,0.06660369402592477,0.2644708748280219,0.6689254311460533
20,neither,0.03945320844208391,0.33037608806864915,0.630170703489267
21,neither,0.03945320844208391,0.33037608806864915,0.630170703489267
19,neither,0.03945320844208391,0.33037608806864915,0.630170703489267
19,neither,0.03945320844208391,0.33037608806864915,0.630170703489267
!wallet,neither,0.03945320844208391,0.33037608806864915,0.630170703489267
20,neither,0.03945320844208391,0.33037608806864915,0.630170703489267
18,neither,0.03945320844208391,0.33037608806864915,0.630170703489267
21,neither,0.03945320844208391,0.33037608806864915,0.630170703489267
18,neither,0.03945320844208391,0.33037608806864915,0.630170703489267
19,neither,0.03945320844208391,0.33037608806864915,0.630170703489267
At least Alpha is named properly......... :P,neither,0.04446924103481697,0.3452040759604217,0.6103266830047614
Has geek and sundry tried turning the stream off and then on again like my internet??,neither,0.03472636454751411,0.3506806167628795,0.6145930186896064
Someone rolled a Natural 1 in the studio..,neither,0.038783615166898364,0.3182034643168522,0.6430129205162495
17,neither,0.03945320844208391,0.33037608806864915,0.630170703489267
17,neither,0.03945320844208391,0.33037608806864915,0.630170703489267
"Well, I guess alpha is still in alpha",neither,0.04321635380415634,0.34066527659292317,0.6161183696029204
"To sign up for Alpha, we're supposed to connect via our Twitch account. But there is no button for Twitch on the sign-up screen?",neither,0.04487049519347154,0.24386063756611348,0.711268867240415
"yall need to chill about alpha. if you don't want to use it, just don't",neither,0.01961984094846698,0.48025736029785354,0.5001227987536795
12,neither,0.03945320844208391,0.33037608806864915,0.630170703489267
18,neither,0.03945320844208391,0.33037608806864915,0.630170703489267
16,neither,0.03945320844208391,0.33037608806864915,0.630170703489267
16,neither,0.03945320844208391,0.33037608806864915,0.630170703489267
"Remember, trees are just wood yet to become doors.",neither,0.05561544387014823,0.31307099526365545,0.6313135608661962
15,neither,0.03945320844208391,0.33037608806864915,0.630170703489267
Bidet from Colorado,neither,0.04066490145509902,0.30981049537100724,0.6495246031738937
30,neither,0.03945320844208391,0.33037608806864915,0.630170703489267
1,neither,0.03945320844208391,0.33037608806864915,0.630170703489267
21,neither,0.03945320844208391,0.33037608806864915,0.630170703489267
15,neither,0.03945320844208391,0.33037608806864915,0.630170703489267
17,neither,0.03945320844208391,0.33037608806864915,0.630170703489267
17,neither,0.03945320844208391,0.33037608806864915,0.630170703489267
24,neither,0.03945320844208391,0.33037608806864915,0.630170703489267
wow dropped half the veiws they had in a matter of seconds,neither,0.03884369696019427,0.31931298815810855,0.6418433148816973
11,neither,0.03945320844208391,0.33037608806864915,0.630170703489267
gandsSubHype gandsSubHype gandsSubHype gandsSubHype,neither,0.03945320844208391,0.33037608806864915,0.630170703489267
lots of critters tonight ~ ~ `,neither,0.03662141923751253,0.3066630498498516,0.6567155309126359
?,neither,0.03945320844208391,0.33037608806864915,0.630170703489267
16,neither,0.03945320844208391,0.33037608806864915,0.630170703489267
30 30 30 30 30 30,neither,0.03945320844208391,0.33037608806864915,0.630170703489267
14,neither,0.03945320844208391,0.33037608806864915,0.630170703489267
14,neither,0.03945320844208391,0.33037608806864915,0.630170703489267
10,neither,0.03945320844208391,0.33037608806864915,0.630170703489267
<3<3<3,neither,0.03945320844208391,0.33037608806864915,0.630170703489267
1,neither,0.03945320844208391,0.33037608806864915,0.630170703489267
7,neither,0.03945320844208391,0.33037608806864915,0.630170703489267
13,neither,0.03945320844208391,0.33037608806864915,0.630170703489267
Numbers,neither,0.03945320844208391,0.33037608806864915,0.630170703489267
1,neither,0.03945320844208391,0.33037608806864915,0.630170703489267
15,neither,0.03945320844208391,0.33037608806864915,0.630170703489267
13,neither,0.03945320844208391,0.33037608806864915,0.630170703489267
Glad to see nothing going on over here also. Alpha told me no more live broadcasts tonight then went totally blank.,neither,0.05201428947988886,0.35838418388288484,0.5896015266372263
12,neither,0.03945320844208391,0.33037608806864915,0.630170703489267
"Man I love CR fans, always so patient",neither,0.03638696774623245,0.4509461627352346,0.512666869518533
Sqrt 144,neither,0.03945320844208391,0.33037608806864915,0.630170703489267
15,neither,0.03945320844208391,0.33037608806864915,0.630170703489267
!roll20,neither,0.03945320844208391,0.33037608806864915,0.630170703489267
9,neither,0.03945320844208391,0.33037608806864915,0.630170703489267
14,neither,0.03945320844208391,0.33037608806864915,0.630170703489267
11,neither,0.03945320844208391,0.33037608806864915,0.630170703489267
We still here,neither,0.12049100763505564,0.2947845983889124,0.5847243939760318
30,neither,0.03945320844208391,0.33037608806864915,0.630170703489267
12,neither,0.03945320844208391,0.33037608806864915,0.630170703489267
4,neither,0.03945320844208391,0.33037608806864915,0.630170703489267
3,neither,0.03945320844208391,0.33037608806864915,0.630170703489267
23,neither,0.03945320844208391,0.33037608806864915,0.630170703489267
13,neither,0.03945320844208391,0.33037608806864915,0.630170703489267
10,neither,0.03945320844208391,0.33037608806864915,0.630170703489267
27,neither,0.03945320844208391,0.33037608806864915,0.630170703489267
8,neither,0.03945320844208391,0.33037608806864915,0.630170703489267
10,neither,0.03945320844208391,0.33037608806864915,0.630170703489267
"makes you really want to pay for alpha, doesn't it? hahahahahaha (pls no ban me, I love you)",neither,0.04784087131868252,0.38838108032492413,0.5637780483563933
Hey @GeekandSundry how about admitting that the Pit Crew isn't responsible for this failure instead of letting other people take blame for your mistakes?,neither,0.0530378832078749,0.3234511876675973,0.6235109291245278
!wallet,neither,0.03945320844208391,0.33037608806864915,0.630170703489267
11,neither,0.03945320844208391,0.33037608806864915,0.630170703489267
12,neither,0.03945320844208391,0.33037608806864915,0.630170703489267
"""I wish to start Talks Machina"" ""Okay roll a skill check"" ""natural 1"" ""your show only lasts for 5 seconds before being cancelled""",neither,0.053614544914842216,0.3188565067416001,0.6275289483435577
7,neither,0.03945320844208391,0.33037608806864915,0.630170703489267
10,neither,0.03945320844208391,0.33037608806864915,0.630170703489267
10,neither,0.03945320844208391,0.33037608806864915,0.630170703489267
6,neither,0.03945320844208391,0.33037608806864915,0.630170703489267
lol that escaleted quick,neither,0.025260236901177482,0.45787025986363694,0.5168695032351854
0,neither,0.03945320844208391,0.33037608806864915,0.630170703489267
42,neither,0.03945320844208391,0.33037608806864915,0.630170703489267
9,neither,0.03945320844208391,0.33037608806864915,0.630170703489267
77,neither,0.03945320844208391,0.33037608806864915,0.630170703489267
69,neither,0.03945320844208391,0.33037608806864915,0.630170703489267
someone crit failed in a bed,neither,0.03945320844208391,0.33037608806864915,0.630170703489267
5,neither,0.03945320844208391,0.33037608806864915,0.630170703489267
9,neither,0.03945320844208391,0.33037608806864915,0.630170703489267
yussss,neither,0.03945320844208391,0.33037608806864915,0.630170703489267
45,neither,0.03945320844208391,0.33037608806864915,0.630170703489267
8,neither,0.03945320844208391,0.33037608806864915,0.630170703489267
20,neither,0.03945320844208391,0.33037608806864915,0.630170703489267
"Tech issues happen and remember new platforms, new equipment, things happen. Let us all be kind",neither,0.04899076327798859,0.27663410982170544,0.6743751269003059
15,neither,0.03945320844208391,0.33037608806864915,0.630170703489267
11,neither,0.03945320844208391,0.33037608806864915,0.630170703489267
4,neither,0.03945320844208391,0.33037608806864915,0.630170703489267
8,neither,0.03945320844208391,0.33037608806864915,0.630170703489267
!roll crit,neither,0.03945320844208391,0.33037608806864915,0.630170703489267
7,neither,0.03945320844208391,0.33037608806864915,0.630170703489267
13,neither,0.03945320844208391,0.33037608806864915,0.630170703489267
7,neither,0.03945320844208391,0.33037608806864915,0.630170703489267
3,neither,0.03945320844208391,0.33037608806864915,0.630170703489267
6,neither,0.03945320844208391,0.33037608806864915,0.630170703489267
7,neither,0.03945320844208391,0.33037608806864915,0.630170703489267
wasting everyone's time here,neither,0.07197111599174742,0.40590267200278185,0.5221262120054707
2,neither,0.03945320844208391,0.33037608806864915,0.630170703489267
bananas,neither,0.03945320844208391,0.33037608806864915,0.630170703489267
5,neither,0.03945320844208391,0.33037608806864915,0.630170703489267
6,neither,0.03945320844208391,0.33037608806864915,0.630170703489267
gandsSCANLAN gandsSCANLAN,neither,0.03945320844208391,0.33037608806864915,0.630170703489267
1,neither,0.03945320844208391,0.33037608806864915,0.630170703489267
5,neither,0.03945320844208391,0.33037608806864915,0.630170703489267
!roll20,neither,0.03945320844208391,0.33037608806864915,0.630170703489267
4,neither,0.03945320844208391,0.33037608806864915,0.630170703489267
Sixty-nine,neither,0.03945320844208391,0.33037608806864915,0.630170703489267
0,neither,0.03945320844208391,0.33037608806864915,0.630170703489267
4,neither,0.03945320844208391,0.33037608806864915,0.630170703489267
3,neither,0.03945320844208391,0.33037608806864915,0.630170703489267
why are there numbers,neither,0.0492042164034206,0.2555904011166825,0.6952053824798969
20,neither,0.03945320844208391,0.33037608806864915,0.630170703489267
3,neither,0.03945320844208391,0.33037608806864915,0.630170703489267
1,neither,0.03945320844208391,0.33037608806864915,0.630170703489267
2,neither,0.03945320844208391,0.33037608806864915,0.630170703489267
sbzyStitches sbzySays sbzyBuffalo sbzyHook gandsLessthanthree,neither,0.03945320844208391,0.33037608806864915,0.630170703489267
what are we rolling for?,neither,0.06437041322283017,0.25581755816397456,0.6798120286131952
2,neither,0.03945320844208391,0.33037608806864915,0.630170703489267
YOU LIED,neither,0.06607691270851526,0.4027929387872604,0.5311301485042242
"YOU THOUGHT THIS WAS TALKS MACHINA, BUT IT WAS I DIO!",neither,0.05163563008678695,0.29294724889657486,0.6554171210166381
lol okay,neither,0.028192509180504557,0.41581018280518617,0.5559973080143094
19,neither,0.03945320844208391,0.33037608806864915,0.630170703489267
1,neither,0.03945320844208391,0.33037608806864915,0.630170703489267
1,neither,0.03945320844208391,0.33037608806864915,0.630170703489267
It's funny how on the days I watch things live it messes up,neither,0.03887843651963865,0.3747884409995182,0.5863331224808431
BIDET!!.... Again,neither,0.0358555699129713,0.3914374029960717,0.5727070270909569
12 o clock high,neither,0.036130826444474747,0.4090371435944378,0.5548320299610875
1,neither,0.03945320844208391,0.33037608806864915,0.630170703489267
YAAAAAY,neither,0.03945320844208391,0.33037608806864915,0.630170703489267
2,neither,0.03945320844208391,0.33037608806864915,0.630170703489267
0,neither,0.03945320844208391,0.33037608806864915,0.630170703489267
hut hut hike,neither,0.03945320844208391,0.33037608806864915,0.630170703489267
Any high level clerics with the divine intervention spell wanna use it to get the tech going?,neither,0.017297638259999335,0.4432771363708407,0.5394252253691599
so much internet,neither,0.03477200361333525,0.38740288903287345,0.5778251073537913
apple,neither,0.03945320844208391,0.33037608806864915,0.630170703489267
a son is earned!,neither,0.04831982738974255,0.32732645122839515,0.6243537213818624
Talks Machina The reboot with new host. :p,neither,0.03332674246035399,0.28168563595165397,0.6849876215879921
-1,neither,0.03945320844208391,0.33037608806864915,0.630170703489267
woo!,neither,0.03945320844208391,0.33037608806864915,0.630170703489267
!roll,neither,0.03945320844208391,0.33037608806864915,0.630170703489267
SHOOOOOOOOOW,neither,0.03945320844208391,0.33037608806864915,0.630170703489267
keep calm and spice on,neither,0.03642023181622841,0.30769669287139295,0.6558830753123785
hi again :),neither,0.037150207243185115,0.36946402876814954,0.5933857639886654
Nope not again,neither,0.03589332667576712,0.3717163204917967,0.5923903528324361
Finally,neither,0.03945320844208391,0.33037608806864915,0.630170703489267
did I miss something with these numbers,neither,0.03085575798839844,0.43069025944283096,0.5384539825687706
LUL,neither,0.03945320844208391,0.33037608806864915,0.630170703489267
Whee!,neither,0.03945320844208391,0.33037608806864915,0.630170703489267
welcome back,neither,0.03945320844208391,0.33037608806864915,0.630170703489267
Yay!,neither,0.03945320844208391,0.33037608806864915,0.630170703489267
17,neither,0.03945320844208391,0.33037608806864915,0.630170703489267
Hi,neither,0.03945320844208391,0.33037608806864915,0.630170703489267
:(,neither,0.03945320844208391,0.33037608806864915,0.630170703489267
now tell me about your father....,neither,0.056858999491350655,0.3859784009511974,0.5571625995574518
7,neither,0.03945320844208391,0.33037608806864915,0.630170703489267
HUZZAH! <3,neither,0.03945320844208391,0.33037608806864915,0.630170703489267
deja vu shiiiiit,neither,0.03945320844208391,0.33037608806864915,0.630170703489267
and see are....live...again? maybe,neither,0.0670659287596935,0.27798222214376894,0.6549518490965376
woooo,neither,0.03945320844208391,0.33037608806864915,0.630170703489267
Havent seen a chat this cancerous in weeks.,neither,0.03938214023991044,0.3315823009327608,0.6290355588273286
inb4 crash,neither,0.03945320844208391,0.33037608806864915,0.630170703489267
1,neither,0.03945320844208391,0.33037608806864915,0.630170703489267
-2,neither,0.03945320844208391,0.33037608806864915,0.630170703489267
-2,neither,0.03945320844208391,0.33037608806864915,0.630170703489267
!,neither,0.03945320844208391,0.33037608806864915,0.630170703489267
woo,neither,0.03945320844208391,0.33037608806864915,0.630170703489267
gandsSubHype gandsSubHype,neither,0.03945320844208391,0.33037608806864915,0.630170703489267
!wallet,neither,0.03945320844208391,0.33037608806864915,0.630170703489267
I think you're going need a bigger server,neither,0.07809403573967007,0.3623688235979984,0.5595371406623315
Wow - y'all need to have some patience,neither,0.03817500682658109,0.40675594997382447,0.5550690431995945
wow... scripted,neither,0.03945320844208391,0.33037608806864915,0.630170703489267
finally,neither,0.03945320844208391,0.33037608806864915,0.630170703489267
-3,neither,0.03945320844208391,0.33037608806864915,0.630170703489267
finish the story about your dad lol,neither,0.0523399710179281,0.37656937944016744,0.5710906495419044
Pit Fiend strikes again.,neither,0.037887447107099646,0.3569511442347944,0.605161408658106
yay what?,neither,0.04653781999888937,0.32534352289967006,0.6281186571014407
-4,neither,0.03945320844208391,0.33037608806864915,0.630170703489267
-3,neither,0.03945320844208391,0.33037608806864915,0.630170703489267
not sure about the voice but let's do this,neither,0.020505119184476676,0.4770749358126699,0.5024199450028535
hiiiiii briiiiiannnnn,neither,0.03945320844208391,0.33037608806864915,0.630170703489267
woooo,neither,0.03945320844208391,0.33037608806864915,0.630170703489267
-4,neither,0.03945320844208391,0.33037608806864915,0.630170703489267
Omaha,neither,0.03945320844208391,0.33037608806864915,0.630170703489267
-4,neither,0.03945320844208391,0.33037608806864915,0.630170703489267
G&S are very good at letting the viewers know and that is a great thing about them. Now answering emails of general questions thats a horse of another color lol,neither,0.06823330555765338,0.30495578884541924,0.6268109055969274
!wallet,neither,0.03945320844208391,0.33037608806864915,0.630170703489267
-5,neither,0.03945320844208391,0.33037608806864915,0.630170703489267
TAKE TWO,neither,0.04042599131984854,0.3138654238719762,0.6457085848081752
-5,neither,0.03945320844208391,0.33037608806864915,0.630170703489267
i hope everyone can see this now,neither,0.06838043104476373,0.31822507959331464,0.6133944893619216
-6,neither,0.03945320844208391,0.33037608806864915,0.630170703489267
But what about the dad?,neither,0.03873752499931855,0.3497664204303453,0.6114960545703363
-7,neither,0.03945320844208391,0.33037608806864915,0.630170703489267
wat,neither,0.03945320844208391,0.33037608806864915,0.630170703489267
-6,neither,0.03945320844208391,0.33037608806864915,0.630170703489267
WHAT HAPPENED WITH YOUR DAD?!,neither,0.06072510103953672,0.3556986285349312,0.583576270425532
@Kokobro cancerous?,neither,0.03945320844208391,0.33037608806864915,0.630170703489267
-8,neither,0.03945320844208391,0.33037608806864915,0.630170703489267
swing and a miss,neither,0.0317200692300838,0.2910717469891247,0.6772081837807914
that wasn't funny,neither,0.033501348865143644,0.40324917393695786,0.5632494771978986
RIP,neither,0.03945320844208391,0.33037608806864915,0.630170703489267
I literally just came on for last week's episode of CR. Literally seconds before this came on.,neither,0.03140160989278792,0.36474169680067514,0.603856693306537
I just have audio,neither,0.03426773037835055,0.3617941965833612,0.6039380730382882
-9,neither,0.03945320844208391,0.33037608806864915,0.630170703489267
-7,neither,0.03945320844208391,0.33037608806864915,0.630170703489267
2 broke girls hype!,neither,0.02489578548951851,0.41883973651099077,0.5562644779994909
-10,neither,0.03945320844208391,0.33037608806864915,0.630170703489267
No dad joke,neither,0.038522633612967344,0.34617037152553526,0.6153069948614974
-8,neither,0.03945320844208391,0.33037608806864915,0.630170703489267
-10,neither,0.03945320844208391,0.33037608806864915,0.630170703489267
tell us the rest of the story!,neither,0.07121382887214263,0.297280396311714,0.6315057748161433
what about dad,neither,0.044558812367144617,0.36062749983437314,0.5948136877984822
Hype,neither,0.03945320844208391,0.33037608806864915,0.630170703489267
We believe in you crew!! @GeekandSundry,neither,0.0569762524380726,0.38300418192524094,0.5600195656366864
-11,neither,0.03945320844208391,0.33037608806864915,0.630170703489267
BUT WHO WAS SON,neither,0.03584578076511488,0.4313005438190928,0.5328536754157924
-12,neither,0.03945320844208391,0.33037608806864915,0.630170703489267
what am i rolling? i wanna add a modifier dude,neither,0.04347244346543998,0.3274104254678539,0.629117131066706
loading screen = door = legendary enemy,neither,0.03945320844208391,0.33037608806864915,0.630170703489267
yaaay,neither,0.03945320844208391,0.33037608806864915,0.630170703489267
-14,neither,0.03945320844208391,0.33037608806864915,0.630170703489267
-13,neither,0.03945320844208391,0.33037608806864915,0.630170703489267
I like how the number of viewers has cut in half since I first turned the stream on,neither,0.03833566555891729,0.3259311967898334,0.6357331376512493
