text,top_class,hate_speech,offensive_language,neither
"My Alpha page says Matt, Marisha, Ashley, and Sam are going to be on.",neither,0.04516770733226733,0.35166313849389075,0.603169154173842
:D,neither,0.03945320844208391,0.33037608806864915,0.630170703489267
YES!!!,neither,0.03945320844208391,0.33037608806864915,0.630170703489267
gandsSubHype gandsSubHype,neither,0.03945320844208391,0.33037608806864915,0.630170703489267
yeah,offensive_language,0.013968601452186464,0.5182923869769311,0.4677390115708824
Yessssssssssssss,neither,0.03945320844208391,0.33037608806864915,0.630170703489267
sdsadsa,neither,0.03945320844208391,0.33037608806864915,0.630170703489267
it's starting!!!!,neither,0.037399315187144885,0.3310825161415354,0.6315181686713197
woll,neither,0.03945320844208391,0.33037608806864915,0.630170703489267
it's time!,neither,0.034389982057555904,0.3710596410554468,0.5945503768869974
!wallet,neither,0.03945320844208391,0.33037608806864915,0.630170703489267
alphatronix has 1559 coins,neither,0.03989735448983053,0.32283777050957063,0.6372648750005988
thanks for the info @MeggieMay328,neither,0.03158985731523347,0.2757470100193002,0.6926631326654663
woooo,neither,0.03945320844208391,0.33037608806864915,0.630170703489267
TableHere,neither,0.03945320844208391,0.33037608806864915,0.630170703489267
Good.,neither,0.037820165765928906,0.33093776632913474,0.6312420679049364
Up,offensive_language,0.031680140546704795,0.5091262166492487,0.45919364280404645
something is happening,neither,0.04784769695530499,0.32748883853462374,0.6246634645100714
Alpha is a paywall... :(,neither,0.05026584871334308,0.3266571252592286,0.6230770260274283
woooooooooo,neither,0.03945320844208391,0.33037608806864915,0.630170703489267
Sam's here!,neither,0.10939774771427146,0.27847602778133307,0.6121262245043955
spice?,neither,0.03945320844208391,0.33037608806864915,0.630170703489267
haha,neither,0.03186685585600258,0.45913629025701075,0.5089968538869867
Bidet!,neither,0.03945320844208391,0.33037608806864915,0.630170703489267
woohoo!,neither,0.03945320844208391,0.33037608806864915,0.630170703489267
Here we go...,neither,0.13156755280784707,0.2765461283225309,0.5918863188696221
!wallet,neither,0.03945320844208391,0.33037608806864915,0.630170703489267
jearidia has 2500 coins,neither,0.03978108663330774,0.3248111394696886,0.6354077738970038
YESSSSSSSSS,neither,0.03945320844208391,0.33037608806864915,0.630170703489267
yay,neither,0.03945320844208391,0.33037608806864915,0.630170703489267
woooooooooooooo,neither,0.03945320844208391,0.33037608806864915,0.630170703489267
PogChamp,neither,0.03945320844208391,0.33037608806864915,0.630170703489267
wooooooooo,neither,0.03945320844208391,0.33037608806864915,0.630170703489267
!!! PogChamp,neither,0.03945320844208391,0.33037608806864915,0.630170703489267
!wallet,neither,0.03945320844208391,0.33037608806864915,0.630170703489267
gillgamesh10 has 2003 coins,neither,0.03989735448983053,0.32283777050957063,0.6372648750005988
Bidet From Michigan,neither,0.040769555981420263,0.3080342349327864,0.6511962090857933
spice?spice?spice?,neither,0.03945320844208391,0.33037608806864915,0.630170703489267
Bidet from Quebec Canada<,neither,0.04071751644889743,0.3089174816120565,0.6503650019390461
ahh yeah,neither,0.022346728609887307,0.4503409749825554,0.5273122964075573
gandsSubHype gandsSubHype gandsSubHype gandsSubHype gandsSubHype gandsSubHype gandsSubHype gandsSubHype gandsSubHype gandsSubHype,neither,0.03945320844208391,0.33037608806864915,0.630170703489267
No go back I want to see them die again,neither,0.21081331353682967,0.17581032618403333,0.6133763602791371
YAY,neither,0.03945320844208391,0.33037608806864915,0.630170703489267
"coming up soon will be 'TALKS MACHINA', an alpha show, scheduled to be simulcast HERE as well as on alpha at 7pm PST. ..........current studio time is 7:11 pm PST.... ....... ......(???)",neither,0.060996350833106706,0.34202547670829986,0.5969781724585935
Alright...only 15 minutes late then?,neither,0.03945320844208391,0.33037608806864915,0.630170703489267
yaaaaaaaas,neither,0.03945320844208391,0.33037608806864915,0.630170703489267
u spice,neither,0.03945320844208391,0.33037608806864915,0.630170703489267
THINGS ARE HAPPENING,neither,0.0650848290621886,0.28581273993035955,0.6491024310074519
yay,neither,0.03945320844208391,0.33037608806864915,0.630170703489267
jenga,neither,0.03945320844208391,0.33037608806864915,0.630170703489267
gandsNatTwenty gandsCrit gandsNatTwenty gandsNatTwenty gandsNatTwenty gandsCrit,neither,0.03945320844208391,0.33037608806864915,0.630170703489267
!help,neither,0.03945320844208391,0.33037608806864915,0.630170703489267
Talks Machina!!!!!!!!,neither,0.03945320844208391,0.33037608806864915,0.630170703489267
will always wait for sam,neither,0.033596665226202235,0.33009164925273315,0.6363116855210645
We control the vertical. We control the horizontal.,neither,0.038362926489909646,0.3160288049174682,0.6456082685926222
thankyoo kind folk at Geek&Sundry,neither,0.04582530303796218,0.34748770383451477,0.606686993127523
lets see if it holds this week. *crossed fingers*,neither,0.027329288594238665,0.37321635948315196,0.5994543519226094
gandsMatt gandsSCANLAN gandsTrinketArmor,neither,0.03945320844208391,0.33037608806864915,0.630170703489267
!wallet,neither,0.03945320844208391,0.33037608806864915,0.630170703489267
sniktamas has 172 coins,neither,0.03989735448983053,0.32283777050957063,0.6372648750005988
Scanlon better pull another well-placed Modify Memory out of hiss ads for this :D,neither,0.05773572356003781,0.2768658928368743,0.6653983836030879
"Well, no I just like having a twitch subscription",neither,0.04317856223536613,0.37362239550203896,0.5831990422625949
gandsSubHype gandsSubHype gandsSubHype,neither,0.03945320844208391,0.33037608806864915,0.630170703489267
Hooray,neither,0.03945320844208391,0.33037608806864915,0.630170703489267
Eeeeek! So excited!,neither,0.03940839469474773,0.3948270312238364,0.565764574081416
let's do this,neither,0.0195438059392097,0.382678239993645,0.5977779540671454
Bidet from Montreal Canada,neither,0.040354386843928725,0.3150807387011266,0.6445648744549448
WHEEEEEEEeeeeee!!!,neither,0.03945320844208391,0.33037608806864915,0.630170703489267
Woot!,neither,0.03945320844208391,0.33037608806864915,0.630170703489267
twitter says Ashley's there,neither,0.03865372245516859,0.3926806805991315,0.5686655969457
sub mode?,neither,0.03945320844208391,0.33037608806864915,0.630170703489267
Bidet From Montreal Canada,neither,0.040354386843928725,0.3150807387011266,0.6445648744549448
FINALLY,neither,0.03945320844208391,0.33037608806864915,0.630170703489267
It's happening! Everybody stay calm! ...STAY *** CALM!,neither,0.03872751942435142,0.3306256857987545,0.6306467947768941
who else?!,neither,0.040518486114184266,0.43468329196204275,0.5247982219237731
sweeeeet,neither,0.03945320844208391,0.33037608806864915,0.630170703489267
"It's going to be Marisha, Ashley and Sam as guests, I believe! :>",neither,0.04012563736900064,0.3455084986663155,0.614365863964684
Did anybody else check out Kiki's playlist? I thought it was on point/,neither,0.03617471475441317,0.2894712286927095,0.6743540565528773
beep beep,neither,0.03945320844208391,0.33037608806864915,0.630170703489267
moo,neither,0.03945320844208391,0.33037608806864915,0.630170703489267
gandsSubHype gandsSubHype gandsSubHype,neither,0.03945320844208391,0.33037608806864915,0.630170703489267
@Primarchx Hahaha,neither,0.03945320844208391,0.33037608806864915,0.630170703489267
and probs Matt,neither,0.038728671704293754,0.2940490279117623,0.667222300383944
gandsSCANLAN,neither,0.03945320844208391,0.33037608806864915,0.630170703489267
what are these coins i never knew i had,neither,0.07138621630289482,0.3783557230278765,0.5502580606692287
gandsCrit gandsCrit gandsCrit gandsCrit,neither,0.03945320844208391,0.33037608806864915,0.630170703489267
yay,neither,0.03945320844208391,0.33037608806864915,0.630170703489267
FlipThis tessB tessHUG tessB tessHUG,neither,0.03945320844208391,0.33037608806864915,0.630170703489267
bidet from colorado,neither,0.04066490145509902,0.30981049537100724,0.6495246031738937
g,neither,0.03945320844208391,0.33037608806864915,0.630170703489267
Bidet!,neither,0.03945320844208391,0.33037608806864915,0.630170703489267
bidet,neither,0.03945320844208391,0.33037608806864915,0.630170703489267
"I'm glad they weren't on time, cause I just got here. ;)",neither,0.05902750024873969,0.39791919284106847,0.5430533069101917
geekandsundry is online. RevloBot is now tracking loyalty.,neither,0.05157974116510514,0.3262052173957376,0.6222150414391574
Bidet,neither,0.03945320844208391,0.33037608806864915,0.630170703489267
!wallet,neither,0.03945320844208391,0.33037608806864915,0.630170703489267
kasper987 has 4237 coins,neither,0.03989735448983053,0.32283777050957063,0.6372648750005988
gandsSubHype,neither,0.03945320844208391,0.33037608806864915,0.630170703489267
bidet,neither,0.03945320844208391,0.33037608806864915,0.630170703489267
beepbeep!,neither,0.03945320844208391,0.33037608806864915,0.630170703489267
gandsSCANLAN gandsSCANLAN,neither,0.03945320844208391,0.33037608806864915,0.630170703489267
bidet everyone,offensive_language,0.02988896790634741,0.4927062106388782,0.4774048214547744
Does talks machina go to YouTube the next week like CR???,neither,0.03894745320186316,0.4208001223150606,0.5402524244830763
gandsSubHype gandsSubHype gandsSubHype,neither,0.03945320844208391,0.33037608806864915,0.630170703489267
gandsCrit,neither,0.03945320844208391,0.33037608806864915,0.630170703489267
beep beep all,offensive_language,0.046917543854519406,0.6277741405869331,0.3253083155585475
"i didn't miss anything, good",neither,0.02045327565340916,0.3762274886328477,0.603319235713743
The interview with Sam will take place in a 2 seat outhouse,neither,0.03395215497195843,0.2918761387653453,0.6741717062626964
!wallet,neither,0.03945320844208391,0.33037608806864915,0.630170703489267
angeltop20 has 449 coins,neither,0.03989735448983053,0.32283777050957063,0.6372648750005988
I LOVE ALL THESE PEOPLE!,offensive_language,0.11866368518209597,0.605840376858236,0.2754959379596681
beep beep everyone from New Zealand,neither,0.03753811983355661,0.3308361531342275,0.6316257270322161
Bidet!,neither,0.03945320844208391,0.33037608806864915,0.630170703489267
fkin genga,neither,0.03945320844208391,0.33037608806864915,0.630170703489267
!wallet,neither,0.03945320844208391,0.33037608806864915,0.630170703489267
drgnfly476 has 2855 coins,neither,0.03989735448983053,0.32283777050957063,0.6372648750005988
bidet yall,neither,0.03639464868045676,0.3822878294283694,0.5813175218911739
"Twitch says I am the only viewer, who are you guys?",neither,0.0742164192876385,0.3667720926790419,0.5590114880333196
Beep beep,neither,0.03945320844208391,0.33037608806864915,0.630170703489267
!wallet,neither,0.03945320844208391,0.33037608806864915,0.630170703489267
mrcauchi has 2066 coins,neither,0.03989735448983053,0.32283777050957063,0.6372648750005988
!wallet,neither,0.03945320844208391,0.33037608806864915,0.630170703489267
shan5671 has 1781 coins,neither,0.03989735448983053,0.32283777050957063,0.6372648750005988
where can I ask the questions ?,neither,0.040624241490236045,0.2781539411879122,0.6812218173218518
!wallet,neither,0.03945320844208391,0.33037608806864915,0.630170703489267
jessica_fiumara has 1432 coins,neither,0.03989735448983053,0.32283777050957063,0.6372648750005988
Bidet,neither,0.03945320844208391,0.33037608806864915,0.630170703489267
let's have a chat CoolStoryBob,neither,0.02278470032458343,0.376612640560863,0.6006026591145535
!Wallet,neither,0.03945320844208391,0.33037608806864915,0.630170703489267
bidet everyone! whats up?,offensive_language,0.030731432710599114,0.4865559699246469,0.482712597364754
hey chat,neither,0.03945320844208391,0.33037608806864915,0.630170703489267
alpha on high latency?,neither,0.0330803965239023,0.42956675341884487,0.537352850057253
!wallet,neither,0.03945320844208391,0.33037608806864915,0.630170703489267
hojurific has 671 coins,neither,0.03989735448983053,0.32283777050957063,0.6372648750005988
Bidet Critters!,neither,0.03945320844208391,0.33037608806864915,0.630170703489267
Bidet from Guelph Ontario! :),neither,0.04062582848913359,0.31047366557575606,0.6489005059351104
Bidet from Boston and a Happy early Thanksgiving to all Critters that celebrate it!,neither,0.042197705253696254,0.34319921019033556,0.6146030845559682
!wallet,neither,0.03945320844208391,0.33037608806864915,0.630170703489267
Bidet to all and to all a beep beep!,neither,0.06560962439496025,0.458709534610604,0.4756808409944357
blackwolf2398 has 2258 coins,neither,0.03989735448983053,0.32283777050957063,0.6372648750005988
!wallet,neither,0.03945320844208391,0.33037608806864915,0.630170703489267
Sam was legit clutch last ep,neither,0.039375435728163696,0.3316960939944846,0.6289284702773517
holpow has 1548 coins,neither,0.03978108663330774,0.3248111394696886,0.6354077738970038
gandsOwl,neither,0.03945320844208391,0.33037608806864915,0.630170703489267
sweet,neither,0.03945320844208391,0.33037608806864915,0.630170703489267
<#,neither,0.03945320844208391,0.33037608806864915,0.630170703489267
gandsGandsPoo,neither,0.03945320844208391,0.33037608806864915,0.630170703489267
gandsSubHype gandsSubHype gandsSubHype,neither,0.03945320844208391,0.33037608806864915,0.630170703489267
<3,neither,0.03945320844208391,0.33037608806864915,0.630170703489267
I hear a voice!,neither,0.03945320844208391,0.33037608806864915,0.630170703489267
i heard something,neither,0.03945320844208391,0.33037608806864915,0.630170703489267
!wallet,neither,0.03945320844208391,0.33037608806864915,0.630170703489267
THATS GOOD,neither,0.03843242643580485,0.3307271818091824,0.6308403917550126
laxisepic25 has 2199 coins,neither,0.03989735448983053,0.32283777050957063,0.6372648750005988
The playlists have been great so far. Really great idea and gives a lot of perspective into peope's charcters,neither,0.03652810294632595,0.3075785358054011,0.6558933612482729
All the hype for alpha and they don't even get they benefit of the splash screen,neither,0.03478530078572494,0.3227897839980311,0.642424915216244
Hey cute people tessWAVE tessWAVE tessWAVE tessWAVE,neither,0.08386062792125029,0.2873153529636469,0.6288240191151028
beep beep from oklahoma city!,neither,0.04046999571874058,0.31311855438044855,0.646411449900811
!wallet,neither,0.03945320844208391,0.33037608806864915,0.630170703489267
sniktamas has 172 coins,neither,0.03989735448983053,0.32283777050957063,0.6372648750005988
1 viewer?,neither,0.03945320844208391,0.33037608806864915,0.630170703489267
!wallet,neither,0.03945320844208391,0.33037608806864915,0.630170703489267
azurecatalyst has 593 coins,neither,0.03989735448983053,0.32283777050957063,0.6372648750005988
"Bidet from Pittsburgh, everyone.",neither,0.03461311353610859,0.4125251302641893,0.552861756199702
I heard god,neither,0.03945320844208391,0.33037608806864915,0.630170703489267
TM window popped up on Alpha finally,neither,0.03614293192601544,0.37045424051149883,0.5934028275624857
!wallet,neither,0.03945320844208391,0.33037608806864915,0.630170703489267
tionio4 has 1625 coins,neither,0.03989735448983053,0.32283777050957063,0.6372648750005988
Was that Sam?,neither,0.03450890160450514,0.3853124115061961,0.5801786868892986
sleepy,neither,0.03945320844208391,0.33037608806864915,0.630170703489267
:D,neither,0.03945320844208391,0.33037608806864915,0.630170703489267
!wallet,neither,0.03945320844208391,0.33037608806864915,0.630170703489267
shadowwalkersaviy has 1108 coins,neither,0.03989735448983053,0.32283777050957063,0.6372648750005988
Hi all from AZ,neither,0.0423595657119869,0.3827007745948741,0.574939659693139
"I concur, let's go",neither,0.01806316484133749,0.39391011985298136,0.5880267153056813
Let's go,neither,0.01806316484133749,0.39391011985298136,0.5880267153056813
Heard let,neither,0.020193825747925036,0.37516962989517133,0.6046365443569036
Bidet from Kanas City,neither,0.041017613602777656,0.3038240497195468,0.6551583366776755
Bidet from Anaheim,neither,0.04228451509352876,0.2823214250720796,0.6753940598343917
Bidet from aus,neither,0.04228451509352876,0.2823214250720796,0.6753940598343917
!wallet,neither,0.03945320844208391,0.33037608806864915,0.630170703489267
theeoncomingstorm has 1197 coins,neither,0.03989735448983053,0.32283777050957063,0.6372648750005988
"you should have the TALKS MACKINA 'card' on your screen now , if not refresh",neither,0.05646053100814466,0.41979439640316885,0.5237450725886864
gandsSubHype gandsSubHype gandsSubHype gandsSubHype,neither,0.03945320844208391,0.33037608806864915,0.630170703489267
i think theyre tryna tell us somethin...,neither,0.06639103692375269,0.34483070060428306,0.5887782624719643
anyone else play gears 4 and have to yell hunters mark anytime they shoot someone with Kait?,neither,0.04419326905046264,0.30176902812177,0.6540377028277673
3k viewer HYPE,neither,0.03945320844208391,0.33037608806864915,0.630170703489267
i love my loyalty badge <3,neither,0.0278681168764269,0.4147744697728557,0.5573574133507173
!wallet,neither,0.03945320844208391,0.33037608806864915,0.630170703489267
megalapras24 has 1026 coins,neither,0.03989735448983053,0.32283777050957063,0.6372648750005988
gandsSCANLAN gandsGandsPoo,neither,0.03945320844208391,0.33037608806864915,0.630170703489267
I'm that 1 viewer,neither,0.026110925149043836,0.4791292047641166,0.4947598700868395
Bidet from the CENTER OF THE EARTH,neither,0.038838002847794796,0.2874647254013487,0.6736972717508566
!wallet,neither,0.03945320844208391,0.33037608806864915,0.630170703489267
txag98 has 3872 coins,neither,0.03989735448983053,0.32283777050957063,0.6372648750005988
!wallet,neither,0.03945320844208391,0.33037608806864915,0.630170703489267
alphatronix has 1559 coins,neither,0.03989735448983053,0.32283777050957063,0.6372648750005988
Bidet from Finland,neither,0.04228451509352876,0.2823214250720796,0.6753940598343917
Bidet from Kansas City,neither,0.04050054910234117,0.3125999837227694,0.6468994671748894
Bidet from Iowa,neither,0.04069404815304118,0.30931579984010865,0.6499901520068502
bidet from oregon,neither,0.04071751644889743,0.3089174816120565,0.6503650019390461
gandsFail,neither,0.03945320844208391,0.33037608806864915,0.630170703489267
bidet from Manola,neither,0.04228451509352876,0.2823214250720796,0.6753940598343917
!wallet,neither,0.03945320844208391,0.33037608806864915,0.630170703489267
!wallet,neither,0.03945320844208391,0.33037608806864915,0.630170703489267
critroletroll has 3095 coins,neither,0.03989735448983053,0.32283777050957063,0.6372648750005988
memesquad_ has 2644 coins,neither,0.03989735448983053,0.32283777050957063,0.6372648750005988
tessHYPE tessB tessHUG tessWAVE tessHYPE tessWAVE tessHUG tessB tessHYPE tessWAVE,neither,0.03945320844208391,0.33037608806864915,0.630170703489267
Bidet from Mass USA,neither,0.04042918616695488,0.31381119897869514,0.6457596148543501
!wallet,neither,0.03945320844208391,0.33037608806864915,0.630170703489267
grimdrake has 2222 coins,neither,0.03989735448983053,0.32283777050957063,0.6372648750005988
bidet from ky!,neither,0.04062582848913359,0.31047366557575606,0.6489005059351104
"Did someone say ""let's go""?",neither,0.025034510018537966,0.36841020020446125,0.6065552897770008
Bidet from Seattle!,neither,0.040754399270683486,0.3082914838698526,0.650954116859464
Double viewing... actually got Alpha up,neither,0.036764589072636356,0.39924498655605445,0.5639904243713092
Alks Machina,neither,0.03945320844208391,0.33037608806864915,0.630170703489267
i'm that 1 viewer,neither,0.026110925149043836,0.4791292047641166,0.4947598700868395
bidet from Hawaii,neither,0.04062582848913359,0.31047366557575606,0.6489005059351104
beep beep,neither,0.03945320844208391,0.33037608806864915,0.630170703489267
gandsSCANLAN gandsSCANLAN gandsSCANLAN gandsSCANLAN,neither,0.03945320844208391,0.33037608806864915,0.630170703489267
let's go!,neither,0.01806316484133749,0.39391011985298136,0.5880267153056813
"Fun fact: with an Australian accent ""Vox Machina"" and ""Talks Machina"" don't rhyme.",neither,0.03301762691047516,0.32542421659339293,0.641558156496132
"bidet from Illinois, usa",neither,0.040392180697499655,0.3144392783719297,0.6451685409305706
!coins,neither,0.03945320844208391,0.33037608806864915,0.630170703489267
gandsGandsPoo gandsGandsVaxSigil gandsGrogSigil gandsTrinketArmor,neither,0.03945320844208391,0.33037608806864915,0.630170703489267
@crowley25_17 KCMO here as well!,neither,0.10852140203216705,0.3204210029286432,0.5710575950391898
Let's GO!,neither,0.01806316484133749,0.39391011985298136,0.5880267153056813
We are the 1% viewer,neither,0.09751183035214242,0.2203599499860046,0.682128219661853
bidet from germany,neither,0.04069404815304118,0.30931579984010865,0.6499901520068502
hello babes!,neither,0.03945320844208391,0.33037608806864915,0.630170703489267
Bidet from Alabama USA,neither,0.04042918616695488,0.31381119897869514,0.6457596148543501
bidet from North Carolina!,neither,0.04040057148408362,0.31429686482539193,0.6453025636905245
Bidet from KC as well,neither,0.03854561479181206,0.34578032094444294,0.6156740642637452
Hi from Australia gandsSCANLAN,neither,0.04042618578566652,0.3138621232795296,0.6457116909348039
Does I have a loyalty badge?,neither,0.02773956394141978,0.44230710092708186,0.5299533351314983
Bidet from Kansas,neither,0.04071751644889743,0.3089174816120565,0.6503650019390461
TALKS MACHINA,neither,0.03945320844208391,0.33037608806864915,0.630170703489267
bidet from alberta canada,neither,0.040354386843928725,0.3150807387011266,0.6445648744549448
!wallet,neither,0.03945320844208391,0.33037608806864915,0.630170703489267
m_steine has 191 coins,neither,0.0397943973657196,0.3245852216024159,0.6356203810318646
let's go!,neither,0.01806316484133749,0.39391011985298136,0.5880267153056813
bidet from rouyn-noranda canada QC,neither,0.04071751644889743,0.3089174816120565,0.6503650019390461
gandsSubHype gandsSCANLAN gandsSubHype gandsSCANLAN gandsSubHype gandsSCANLAN gandsSubHype gandsSCANLAN gandsSCANLAN gandsSCANLAN gandsSCANLAN gandsSCANLAN gandsSCANLAN gandsSCANLAN gandsSCANLAN gandsSCANLAN gandsSCANLAN gandsSCANLAN,neither,0.03945320844208391,0.33037608806864915,0.630170703489267
Bidet from Minnesota!,neither,0.04071751644889743,0.3089174816120565,0.6503650019390461
Alpha aka the President Elect of the internet,neither,0.038359063545771475,0.31024571787855537,0.6513952185756732
!wallet,neither,0.03945320844208391,0.33037608806864915,0.630170703489267
catalyst93 has 2276 coins,neither,0.03989735448983053,0.32283777050957063,0.6372648750005988
Bidet,neither,0.03945320844208391,0.33037608806864915,0.630170703489267
Bidet from San Francisco,neither,0.040391840503121675,0.31444505235836057,0.6451631071385178
#loyal,neither,0.032372554154884596,0.4505532703575899,0.5170741754875254
gandsSubHype gandsSubHype gandsSubHype gandsSubHype chooo choo hype train,neither,0.03945320844208391,0.33037608806864915,0.630170703489267
bidet,neither,0.03945320844208391,0.33037608806864915,0.630170703489267
yaàh momma panda!!,neither,0.03945320844208391,0.33037608806864915,0.630170703489267
Bidet from Seattle,neither,0.040754399270683486,0.3082914838698526,0.650954116859464
bidet from houston,neither,0.040875471929787875,0.3062365648703896,0.6528879631998226
Bidet from MA also,neither,0.03325850764682488,0.4355163274449958,0.5312251649081793
I'm still blank screen of death on Alpha. Yay.,neither,0.03722070734932794,0.34751039064090805,0.6152689020097641
!wallet,neither,0.03945320844208391,0.33037608806864915,0.630170703489267
epika1 has 1948 coins,neither,0.03989735448983053,0.32283777050957063,0.6372648750005988
bidet from Wisconsin!,neither,0.04071751644889743,0.3089174816120565,0.6503650019390461
bidet Rainbow of critters of the chat room!,neither,0.038777444891247355,0.31808930218869486,0.6431332529200579
!wallet,neither,0.03945320844208391,0.33037608806864915,0.630170703489267
TM hype!!,neither,0.03945320844208391,0.33037608806864915,0.630170703489267
sebassle has 764 coins,neither,0.03989735448983053,0.32283777050957063,0.6372648750005988
gandsSCANLAN gandsSCANLAN gandsSCANLAN,neither,0.03945320844208391,0.33037608806864915,0.630170703489267
even if it isn't accurate,neither,0.022837497038110048,0.3931628293288859,0.5839996736330041
howdy gang! we started yet?,neither,0.03930961792130537,0.33281319394765846,0.6278771881310362
Bidet from TN!,neither,0.040769555981420263,0.3080342349327864,0.6511962090857933
bidet from Washington,neither,0.04080695066346891,0.3073995495860776,0.6517934997504536
yo anyone else has it saying 48 veiwers?,neither,0.0327766323696555,0.38088911263324615,0.5863342549970982
Bidet from Toronto HeyGuys,neither,0.04066490145509902,0.30981049537100724,0.6495246031738937
Alpha's still down for me.,neither,0.02724517146829676,0.35225799383551404,0.6204968346961891
bidet from mn!,neither,0.040737273169946825,0.30858215849491494,0.6506805683351382
Bidet!,neither,0.03945320844208391,0.33037608806864915,0.630170703489267
thats some bad lag,neither,0.029620376882692315,0.3439622432230032,0.6264173798943046
gandsSubHype gandsMatt gandsSubHype,neither,0.03945320844208391,0.33037608806864915,0.630170703489267
!wallet,neither,0.03945320844208391,0.33037608806864915,0.630170703489267
americaneggtwitch has 1296 coins,neither,0.03989735448983053,0.32283777050957063,0.6372648750005988
Bidet from philly,neither,0.040769555981420263,0.3080342349327864,0.6511962090857933
is the audio spotty for everyone else too? or should I just refresh?,neither,0.039313404396891564,0.3954873433906133,0.565199252212495
bidet from Manila! <3,neither,0.04228451509352876,0.2823214250720796,0.6753940598343917
Bidet and Beep Beep from Iowa!,neither,0.039670422827289976,0.26681207269915463,0.6935175044735555
gandsSubHype gandsSubHype gandsSubHype gandsSubHype gandsSubHype gandsSubHype gandsSubHype gandsSubHype gandsSubHype gandsSubHype gandsSubHype gandsSubHype gandsSubHype gandsSubHype gandsSubHype gandsSubHype gandsSubHype gandsSubHype gandsSubHype gandsSubHype,neither,0.03945320844208391,0.33037608806864915,0.630170703489267
Alpha is working for me.,neither,0.033868917630934435,0.33633308860919003,0.6297979937598756
here from kcmo,neither,0.15857917625628076,0.2249138196096548,0.6165070041340645
The sound is very choppy on ALpha,neither,0.04282035124451859,0.32577034891204326,0.6314092998434381
!wallet,neither,0.03945320844208391,0.33037608806864915,0.630170703489267
"Bidet from charlotte, NC",neither,0.040371808140217125,0.31478505383715205,0.6448431380226308
Hiyas Ken!!,neither,0.03945320844208391,0.33037608806864915,0.630170703489267
laxwall11 has 6730 coins,neither,0.03989735448983053,0.32283777050957063,0.6372648750005988
@mastermaven79 howdy from Ottawa,neither,0.04228451509352876,0.2823214250720796,0.6753940598343917
Bidet from Arizona,neither,0.04078317879478948,0.307803020237201,0.6514138009680096
I am thankful for this chat!! I gandsLessthanthree u all,neither,0.03531723131874207,0.35915163740184974,0.6055311312794082
!wallet,neither,0.03945320844208391,0.33037608806864915,0.630170703489267
maximumkoalas has 2801 coins,neither,0.03989735448983053,0.32283777050957063,0.6372648750005988
The Critters after-party begins!!!!,neither,0.03865622157081883,0.3158379841845939,0.6455057942445872
scanlan the pit fien slayer,neither,0.038648963363463566,0.31570266450177764,0.6456483721347588
Beep beep,neither,0.03945320844208391,0.33037608806864915,0.630170703489267
bidet,neither,0.03945320844208391,0.33037608806864915,0.630170703489267
@Kaiwren84 same. Got alpha up,neither,0.03648779320458583,0.44307270972648677,0.5204394970689273
15 minutes late on top of the 10 minutes of tech difficulties they'll have. Kappa,neither,0.037546570910308004,0.3330434647143951,0.629409964375297
@mayhemtoolkit I...yes they do?,neither,0.0415235496474564,0.3296640027913781,0.6288124475611654
Bidet from Toronto gandsSCANLAN,neither,0.04066490145509902,0.30981049537100724,0.6495246031738937
Sweet a bunch of awesome heartland critters,neither,0.04165478712742619,0.454465501466035,0.5038797114065388
yeah!,offensive_language,0.013968601452186464,0.5182923869769311,0.4677390115708824
bidet,neither,0.03945320844208391,0.33037608806864915,0.630170703489267
Bidet from Minnesota,neither,0.04071751644889743,0.3089174816120565,0.6503650019390461
!bet 10000 quatloos on the newcomer,neither,0.0338389962076893,0.3264153809189273,0.6397456228733833
Bidet from CT,neither,0.04066490145509902,0.30981049537100724,0.6495246031738937
Arizoma,neither,0.03945320844208391,0.33037608806864915,0.630170703489267
"Bidet from Vladivostok, Russia!",neither,0.04066490145509902,0.30981049537100724,0.6495246031738937
Beep beep from Dallas TX!,neither,0.040477971317663786,0.312983187652067,0.6465388410302692
Talks! Talks! Talks! Machina!!!,neither,0.03945320844208391,0.33037608806864915,0.630170703489267
Or very slowly paced I gyess,neither,0.03945320844208391,0.33037608806864915,0.630170703489267
I have no idea anyone else?,neither,0.038227199761647804,0.35118465500334,0.6105881452350121
gandsClassic,neither,0.03945320844208391,0.33037608806864915,0.630170703489267
@GeekandSundry is alpha coming back up soon?,neither,0.043649573919615554,0.3706105072450825,0.585739918835302
Bidet from Tomorrow in Australia.,neither,0.04042282064860098,0.3139192384378399,0.6456579409135591
and mythcarver awakened :),neither,0.03763944115734239,0.1918412352459551,0.7705193235967025
gandsLessthanthree gandsGandsModAlert,neither,0.03945320844208391,0.33037608806864915,0.630170703489267
gandsSubHype gandsSubHype gandsSubHype,neither,0.03945320844208391,0.33037608806864915,0.630170703489267
"oh hai mark, i mean guys",neither,0.044080731954923645,0.28686155066611363,0.6690577173789628
bahahaha,neither,0.03945320844208391,0.33037608806864915,0.630170703489267
Bidet from Michigan,neither,0.040769555981420263,0.3080342349327864,0.6511962090857933
"Bidet from down the street from their studio, but they wont let me in",neither,0.0256036090021985,0.34698721105618785,0.6274091799416136
gandsRage Bidet,neither,0.03945320844208391,0.33037608806864915,0.630170703489267
Bidet from Memphis TN,neither,0.04042374769943318,0.3139035039658076,0.6456727483347593
Bidet from Oregon!,neither,0.04071751644889743,0.3089174816120565,0.6503650019390461
I would be so upset if I was paying alpha for this,neither,0.02440220995955784,0.3745142092286712,0.601083580811771
@bearheart3116 Go CT!,neither,0.040810256146617326,0.3350871100120312,0.6241026338413515
BIEDT!! From Tampa!,neither,0.04069404815304118,0.30931579984010865,0.6499901520068502
Bidet from Brazil!,neither,0.04079557052152802,0.30759270029461827,0.6516117291838538
hellp everyone!,offensive_language,0.02988896790634741,0.4927062106388782,0.4774048214547744
@filigreeshadow same to you from ottawa#canadiancritters,neither,0.09467588169904868,0.3891880619192736,0.5161360563816777
Alpha for me goes to browse and then nothing happens,neither,0.04592256262370533,0.33311337841531086,0.6209640589609837
is there audio? I just have the title screen,neither,0.040529158423488414,0.3095667737692336,0.649904067807278
"BIDET FROM QUEBEC, MES AMOURS!",neither,0.04062582848913359,0.31047366557575606,0.6489005059351104
alpha not working for anybody else?,neither,0.03409495779705954,0.31155756979353194,0.6543474724094085
As long as I can keep watching crit role on twitch I'm happy. I'm sorry but I'm not paying for alpha as well.,neither,0.03174748802816523,0.36844972145309074,0.5998027905187442
ITR: Bidet from Canada,neither,0.04071751644889743,0.3089174816120565,0.6503650019390461
!wallet,neither,0.03945320844208391,0.33037608806864915,0.630170703489267
cuzimhood has 3063 coins,neither,0.03989735448983053,0.32283777050957063,0.6372648750005988
Bidet and Beep Beep from Dallas!,neither,0.03969326554575909,0.26139817438363727,0.6989085600706036
When does it come on again?,offensive_language,0.016565237454227204,0.5254027612284435,0.4580320013173292
Bidet from rabbit country,neither,0.045887649857920286,0.311909443449575,0.6422029066925047
Bidet from Melbourne!,neither,0.04228451509352876,0.2823214250720796,0.6753940598343917
gandsMatt gandsLessthanthree gandsSubHype gandsSCANLAN,neither,0.03945320844208391,0.33037608806864915,0.630170703489267
hello,neither,0.03945320844208391,0.33037608806864915,0.630170703489267
We have a subscriber-only Discord server! Join here: https://t.co/Of0oLClO2v (you'll need to sub and link it to your Twitch) and be a part of the fun!,neither,0.09547053438395335,0.28230926502643855,0.6222202005896081
Bidet from Missouri!,neither,0.04071751644889743,0.3089174816120565,0.6503650019390461
BORIS HYPE!!!,neither,0.03945320844208391,0.33037608806864915,0.630170703489267
Also from Ottawa!!,neither,0.04106389839533116,0.30303847599623085,0.655897625608438
what is everyone thankful for?,neither,0.040012610668609415,0.389568295378327,0.5704190939530636
Bidet from Maryland!,neither,0.04066490145509902,0.30981049537100724,0.6495246031738937
northwest!! woohoo!,neither,0.03945320844208391,0.33037608806864915,0.630170703489267
Alpha just got back up,neither,0.031597676518047665,0.4481796029646488,0.5202227205173036
Beep beep from Buffalo NY,neither,0.04043211762049359,0.3137614445616591,0.6458064378178473
@davidock44 Hi Tommy... I mean David,neither,0.03945320844208391,0.33037608806864915,0.630170703489267
"wow, is chat always this quick?",neither,0.044494019735089714,0.37533163650087764,0.5801743437640325
Bidet From Spokane,neither,0.04228451509352876,0.2823214250720796,0.6753940598343917
rewatching the cows episode to tide me over this week,neither,0.03549527500135084,0.3469229592499235,0.6175817657487256
bidet from tuscaloosa,neither,0.04228451509352876,0.2823214250720796,0.6753940598343917
gandsSCANLAN,neither,0.03945320844208391,0.33037608806864915,0.630170703489267
!coins,neither,0.03945320844208391,0.33037608806864915,0.630170703489267
beep beep,neither,0.03945320844208391,0.33037608806864915,0.630170703489267
It took a while but I got alpha working,neither,0.034955810780521915,0.37350903293730114,0.5915351562821769
"""We are live on the Internet at 7pm"" LIES!",neither,0.05581170694902514,0.3144913981313781,0.6296968949195967
Bidet from the future,neither,0.039630207793852755,0.285389651348581,0.6749801408575662
PJSalt,neither,0.03945320844208391,0.33037608806864915,0.630170703489267
bidet from Melbourne as well!!,neither,0.038096777958772116,0.35339825337192315,0.6085049686693048
"Alpha was down, seems to be back up. Closer browser and sign back in",neither,0.04121457645527291,0.33652767791826776,0.6222577456264593
FeelsBadMan,neither,0.03945320844208391,0.33037608806864915,0.630170703489267
Beep beep from LA!!,neither,0.04094187055022747,0.3051096069949388,0.6539485224548338
I hope the host is not another Chris Hardwick clone tonight,neither,0.12016738004968394,0.17446710851961703,0.7053655114306989
SOUND,neither,0.03945320844208391,0.33037608806864915,0.630170703489267
Boris!!,neither,0.03945320844208391,0.33037608806864915,0.630170703489267
Bidet from Portland OR,neither,0.040570124267008914,0.3114191116016469,0.6480107641313441
Soooo,neither,0.03945320844208391,0.33037608806864915,0.630170703489267
Bidet form Nanimo\,neither,0.03945320844208391,0.33037608806864915,0.630170703489267
Bidet from Scotland,neither,0.04062582848913359,0.31047366557575606,0.6489005059351104
moo,neither,0.03945320844208391,0.33037608806864915,0.630170703489267
omg yes i thought it wasnt on tonight,neither,0.03660965799502321,0.24982032177307748,0.7135700202318994
bidet,neither,0.03945320844208391,0.33037608806864915,0.630170703489267
"@star_graff okay, a VERY ocker Australian Accent",neither,0.03945320844208391,0.33037608806864915,0.630170703489267
Bidet from Wesley Chapel,neither,0.04062582848913359,0.31047366557575606,0.6489005059351104
bidget from Ohio,neither,0.040754399270683486,0.3082914838698526,0.650954116859464
@trep666 salut d'ottawa,neither,0.03945320844208391,0.33037608806864915,0.630170703489267
@lucasblackstone :),neither,0.03945320844208391,0.33037608806864915,0.630170703489267
BORRIS!,neither,0.03945320844208391,0.33037608806864915,0.630170703489267
Boris,neither,0.03945320844208391,0.33037608806864915,0.630170703489267
Where's Boris?,neither,0.04148492060682123,0.2958926302868298,0.6626224491063488
"bidet from syracuse, ny",neither,0.04084513770590474,0.30675141581570226,0.6524034464783931
Ottawa Critters!!!,neither,0.03945320844208391,0.33037608806864915,0.630170703489267
O_o,neither,0.03945320844208391,0.33037608806864915,0.630170703489267
#Boris4Office,neither,0.03945320844208391,0.33037608806864915,0.630170703489267
Bidet from Sutherlin Oregon.,neither,0.04071751644889743,0.3089174816120565,0.6503650019390461
bidet from snowy Montreal,neither,0.04062582848913359,0.31047366557575606,0.6489005059351104
!alpha,neither,0.03945320844208391,0.33037608806864915,0.630170703489267
"Alpha is a brand new streaming service from Legendary Digital (that's Geek & Sundry, Nerdist, and Smart Girls)! Sign up here to get in the know! http://alphainvite.com/ or tweet @jointeamalpha for more.",neither,0.046977435670987486,0.2723519639430237,0.6806706003859888
Hi everyone,neither,0.032490659208996964,0.4485487193596734,0.5189606214313296
Audio is coming in better for me now,neither,0.03470244713609639,0.3350546694212101,0.6302428834426936
Boris!!,neither,0.03945320844208391,0.33037608806864915,0.630170703489267
"@barbaric_orc, Bidet state neighbor. I""m KC KS",neither,0.06515526301170434,0.24738423831746045,0.6874604986708351
im hearing a train,neither,0.03860806274919812,0.3624543757777366,0.5989375614730653
where's larkin?,neither,0.04379278224195774,0.2567221952996476,0.6994850224583946
hi,neither,0.03945320844208391,0.33037608806864915,0.630170703489267
critical role and talks machina,neither,0.03880139991567445,0.29800385307339794,0.6631947470109276
BORIS!!,neither,0.03945320844208391,0.33037608806864915,0.630170703489267
BORRIS WHAT ARE U DOING HERE,neither,0.2025610346491505,0.20775907613531644,0.589679889215533
"So many bidets, haha. I suppose I'll join the fun - Bidet from south Texas.",neither,0.036985217573002944,0.3780241103961954,0.5849906720308018
Bidet from Houston!,neither,0.040875471929787875,0.3062365648703896,0.6528879631998226
wesley chapel?? as in wesley college chapel????,neither,0.038351028251089644,0.3490829623709066,0.6125660093780039
gandsMatt gandsMatt gandsMatt,neither,0.03945320844208391,0.33037608806864915,0.630170703489267
Bidet from Eugene OR,neither,0.040539275964481786,0.3119426878031867,0.6475180362323315
When does it start,offensive_language,0.016657143906209267,0.5095962980709364,0.4737465580228543
#BorisWatch2016,neither,0.03945320844208391,0.33037608806864915,0.630170703489267
is anyone else not able to log into alpha?,neither,0.04805004831829776,0.32916197220471616,0.6227879794769862
Where in the world is Boris,neither,0.047565245122002414,0.2861078967901084,0.666326858087889
"will these four ""free"" eps be on youtube?",neither,0.04637866971369243,0.3871063613857399,0.5665149689005677
NON SUB UNITE,neither,0.03945320844208391,0.33037608806864915,0.630170703489267
Boris the Blade,neither,0.038706463405891206,0.31677303678481866,0.6445204998092902
Boris did it. he ate the Alpha internet lines,neither,0.041145051133763856,0.3199755969424821,0.638879351923754
Boris??,neither,0.03945320844208391,0.33037608806864915,0.630170703489267
bidet from ga,neither,0.040737273169946825,0.30858215849491494,0.6506805683351382
