text,top_class,hate_speech,offensive_language,neither
yay it's on,neither,0.034422253946204455,0.3475241436564032,0.6180536023973923
YAAAAY,neither,0.03945320844208391,0.33037608806864915,0.630170703489267
woohoo!,neither,0.03945320844208391,0.33037608806864915,0.630170703489267
Ehhh!,neither,0.03945320844208391,0.33037608806864915,0.630170703489267
:O,neither,0.03945320844208391,0.33037608806864915,0.630170703489267
Ayeee here we go,neither,0.08902960729945256,0.2982892290195232,0.6126811636810242
lol,neither,0.020706217963973744,0.4882283491876925,0.4910654328483337
yay,neither,0.03945320844208391,0.33037608806864915,0.630170703489267
Bidet,neither,0.03945320844208391,0.33037608806864915,0.630170703489267
Ouch,neither,0.03945320844208391,0.33037608806864915,0.630170703489267
PogChamp,neither,0.03945320844208391,0.33037608806864915,0.630170703489267
gandsSubHype,neither,0.03945320844208391,0.33037608806864915,0.630170703489267
gg ez mid,neither,0.03945320844208391,0.33037608806864915,0.630170703489267
portilloDismissed,neither,0.03945320844208391,0.33037608806864915,0.630170703489267
but do you have spice?,neither,0.053941601570115114,0.40164499997821557,0.5444133984516693
gandsSubHype gandsSubHype gandsSubHype gandsSubHype gandsSubHype gandsSubHype gandsSubHype gandsSubHype gandsSubHype gandsSubHype gandsSubHype gandsSubHype gandsSubHype,neither,0.03945320844208391,0.33037608806864915,0.630170703489267
bidet,neither,0.03945320844208391,0.33037608806864915,0.630170703489267
nice timing,neither,0.03945320844208391,0.33037608806864915,0.630170703489267
bidet,neither,0.03945320844208391,0.33037608806864915,0.630170703489267
BBBBBIDET,neither,0.03945320844208391,0.33037608806864915,0.630170703489267
yay,neither,0.03945320844208391,0.33037608806864915,0.630170703489267
Beep beep,neither,0.03945320844208391,0.33037608806864915,0.630170703489267
what game where they playing it looked fun,neither,0.0433958414497682,0.2702839676494511,0.6863201909007807
Spice?,neither,0.03945320844208391,0.33037608806864915,0.630170703489267
Bidet from MO.,neither,0.040912083971464244,0.30561516297332675,0.653472753055209
Anyone got some spice for the episode?,neither,0.02805874418696908,0.3391109447273067,0.6328303110857242
gandsSubHype gandsSubHype gandsSubHype gandsSubHype gandsSubHype gandsSubHype gandsSubHype gandsSubHype,neither,0.03945320844208391,0.33037608806864915,0.630170703489267
"Beep Beep from Atlanta, GA",neither,0.04042918616695488,0.31381119897869514,0.6457596148543501
"Hit it, Denise! :D",neither,0.03681196396511082,0.33128453316013706,0.631903502874752
talks machina?,neither,0.03945320844208391,0.33037608806864915,0.630170703489267
Spice?,neither,0.03945320844208391,0.33037608806864915,0.630170703489267
Thanks Keyleth,neither,0.035884468650613,0.3004919205142699,0.6636236108351171
bidet bidet!,neither,0.03945320844208391,0.33037608806864915,0.630170703489267
You spicin?,offensive_language,0.21217306638279385,0.6099082758190073,0.17791865779819876
Guys I've eaten pizza already in the last week and I want to order again. Someone help me make better life decisions.,neither,0.02548709583631748,0.35924384904217843,0.6152690551215041
Yay,neither,0.03945320844208391,0.33037608806864915,0.630170703489267
We have a subscriber-only Discord server! Join here: https://t.co/Of0oLClO2v (you'll need to sub and link it to your Twitch) and be a part of the fun!,neither,0.09547053438395335,0.28230926502643855,0.6222202005896081
is Alpha a twitch channel?,neither,0.0453959619466652,0.32833210262988105,0.6262719354234538
The content on G&S will be split between the two services.,neither,0.0381271210854708,0.3006547346627339,0.6612181442517954
SPice?,neither,0.03945320844208391,0.33037608806864915,0.630170703489267
gandsSubHype gandsSubHype gandsSubHype gandsSubHype gandsSubHype,neither,0.03945320844208391,0.33037608806864915,0.630170703489267
!,neither,0.03945320844208391,0.33037608806864915,0.630170703489267
But seriously guys... Spice?,neither,0.03640943348700869,0.340855882569134,0.6227346839438573
So who is excited for the kingkiller tv show?,neither,0.05312869330644727,0.31123098693013945,0.6356403197634134
Yay!,neither,0.03945320844208391,0.33037608806864915,0.630170703489267
"Beep Beep, Bidet from England",neither,0.04071751644889743,0.3089174816120565,0.6503650019390461
Bidet from the UK,neither,0.039613273355342184,0.2892653269430044,0.6711213997016535
gandsSCANLAN gandsSCANLAN gandsSCANLAN gandsSCANLAN gandsSCANLAN gandsSCANLAN gandsSCANLAN gandsSCANLAN,neither,0.03945320844208391,0.33037608806864915,0.630170703489267
Yaay finally :),neither,0.03945320844208391,0.33037608806864915,0.630170703489267
"@John_sparks_jr, I got some pot, but no spice",neither,0.02894222065868374,0.3993149246754887,0.5717428546658275
Bidet from LA. :D,neither,0.04094187055022747,0.3051096069949388,0.6539485224548338
For sure disappointed that Talks is going to be Alpha only soon :/,neither,0.037534212811082844,0.42252132185014546,0.5399444653387717
spice! you cool....,neither,0.058592667633490456,0.38381828278342767,0.5575890495830819
no @AndyJayMarg,neither,0.036918905254960256,0.37338982715841207,0.5896912675866277
OH YOU CAN CALL ME THE SPICE MAN,neither,0.05052133494102828,0.40137659227050837,0.5481020727884632
"If I have to sign up for Alpha, I'm dropping my twitch channel sub.",neither,0.024139810809403743,0.4111099017674099,0.5647502874231863
"oh sweet, was just checking to see what time this streams, got here in time!",neither,0.06896431903945764,0.3374211485423429,0.5936145324181995
bidet from FRANCE !,neither,0.04071751644889743,0.3089174816120565,0.6503650019390461
beep beep,neither,0.03945320844208391,0.33037608806864915,0.630170703489267
Alpha is a separate website,neither,0.04566737393198243,0.3282387516023703,0.6260938744656472
"I think G&S has done a very poor job marketing Project Alpha. Theres not even a link to the website if you do want to go see it. Nor do they tweet the urls, just that they are starting soon.",neither,0.04573771243887313,0.3611706324925737,0.5930916550685531
Bidet from Uk all !!,neither,0.043186298160171145,0.3971116090427238,0.5597020927971051
HeyGuys sup chat,neither,0.03945320844208391,0.33037608806864915,0.630170703489267
Bidet from NJ!,neither,0.04069404815304118,0.30931579984010865,0.6499901520068502
#fangirl initiated,neither,0.03945320844208391,0.33037608806864915,0.630170703489267
Bidet from Netherlands,neither,0.04066490145509902,0.30981049537100724,0.6495246031738937
@Oddities8 I think its called Crewsaders,neither,0.03230092846249506,0.32110304679850526,0.6465960247389997
Scoot Scoot,neither,0.03945320844208391,0.33037608806864915,0.630170703489267
Anyone know what game they where playing it looked fun,neither,0.04294216800196214,0.27680393106653595,0.6802539009315018
You ummm.... spice?,neither,0.05516474804723512,0.37477398405384493,0.57006126789892
hi,neither,0.03945320844208391,0.33037608806864915,0.630170703489267
gandsSCANLAN gandsGandsPoo gandsSCANLAN,neither,0.03945320844208391,0.33037608806864915,0.630170703489267
The duce is alpha anyway? worst seo ever!!!,neither,0.04612739979371709,0.3002626715183336,0.6536099286879492
hello my fellow Critter friend's and family,neither,0.030341383707119127,0.36319793860257177,0.6064606776903091
Be Pleased y'all.,neither,0.04234033022581121,0.42453304406774794,0.5331266257064409
door doot,neither,0.03945320844208391,0.33037608806864915,0.630170703489267
Bidet from the UK,neither,0.039613273355342184,0.2892653269430044,0.6711213997016535
thanks @Aisle5,neither,0.035884468650613,0.3004919205142699,0.6636236108351171
Bidet,neither,0.03945320844208391,0.33037608806864915,0.630170703489267
bidet from tucson az,neither,0.04078317879478948,0.307803020237201,0.6514138009680096
Bidet from NYS,neither,0.04228451509352876,0.2823214250720796,0.6753940598343917
!alpha,neither,0.03945320844208391,0.33037608806864915,0.630170703489267
beep beep,neither,0.03945320844208391,0.33037608806864915,0.630170703489267
Who do you think the next ship will be?,neither,0.055921167310997014,0.3963463956560946,0.5477324370329084
Bidet from Norway FTW!!,neither,0.04062582848913359,0.31047366557575606,0.6489005059351104
"Yup, same. XD",neither,0.04053143140978634,0.3401996936578785,0.6192688749323353
Beep Beep and Bidet from Boston,neither,0.03968440849664494,0.2634782097525502,0.696837381750805
CoolStoryBob CoolStoryBob,neither,0.03945320844208391,0.33037608806864915,0.630170703489267
Guess not,neither,0.036609048414401435,0.3475168111539178,0.6158741404316807
Bidet,neither,0.03945320844208391,0.33037608806864915,0.630170703489267
Welcome to the Ship Q&A,neither,0.04498230380864389,0.31138874341744216,0.643628952773914
I'm so happy I just finished my research paper and I'm rewarding myself with this,neither,0.02406206807495562,0.41894887290265864,0.5569890590223857
bidet all,offensive_language,0.046917543854519406,0.6277741405869331,0.3253083155585475
Bidet from Montreal,neither,0.04062582848913359,0.31047366557575606,0.6489005059351104
Bidet from Australia!,neither,0.04062582848913359,0.31047366557575606,0.6489005059351104
Who's going to be on Talks Machina today,neither,0.04052424461309631,0.4028671585283342,0.5566085968585694
BIDET from Grog's couch,neither,0.04082729608690459,0.3070542346530501,0.6521184692600454
Hi all cute people tessWAVE tessLove tessHYPE,neither,0.08167934655223723,0.37187357320929393,0.5464470802384688
bleep bleep from florida,neither,0.0408948396164547,0.30590784468201904,0.6531973157015263
"on alpha now, seems very laggy and slow",neither,0.03689621358149435,0.31127240615152285,0.6518313802669827
Bidet From Austria,neither,0.04228451509352876,0.2823214250720796,0.6753940598343917
Bidet from Georgia,neither,0.04066490145509902,0.30981049537100724,0.6495246031738937
Bidet from HOUSTON!!!!,neither,0.040875471929787875,0.3062365648703896,0.6528879631998226
How soon will TM move to Alpha?,neither,0.045003203113644495,0.3114091822494829,0.6435876146368726
Bidet from London! Bees knees!,neither,0.040274986330306364,0.31642837263612594,0.6432966410335677
"I have tried to google it a bunch of times, and nothing comes up on the googles",neither,0.03708895023181642,0.4381090784117669,0.5248019713564167
"Dagger Dagger Dagger from Adelaide, Australia",neither,0.039854786848285355,0.3235602544792843,0.6365849586724304
"Help G&S make great content! $4.99/month gets you emotes, Minecraft server access, Sub Only Q&As, VODs, and more! Every sub keeps the channel alive! twitch.tv/geekandsundry/subscribe",neither,0.043092924924402844,0.32365565443818894,0.6332514206374082
!wallet,neither,0.03945320844208391,0.33037608806864915,0.630170703489267
linol_515 has 3008 coins,neither,0.03989735448983053,0.32283777050957063,0.6372648750005988
Bidet from Texas,neither,0.040937266849991,0.30518774380265185,0.6538749893473571
"So talks machina will be a payed content only, right? BibleThump",neither,0.040067840952338785,0.3595615857893026,0.6003705732583587
@Oddities8 Pretty sure it was Crewsabers,neither,0.031497641631493156,0.4823566338047771,0.48614572456372973
is crit role going to alpha as well or just talks machina?,neither,0.04319757473890242,0.3782685246691575,0.5785339005919401
"Beep beep from Mesa, AZ!",neither,0.04078317879478948,0.307803020237201,0.6514138009680096
SEATTLE REPRESENT!!!,neither,0.03945320844208391,0.33037608806864915,0.630170703489267
"Liam, Marisha...",neither,0.03945320844208391,0.33037608806864915,0.630170703489267
Bidet,neither,0.03945320844208391,0.33037608806864915,0.630170703489267
bidet from long island,neither,0.040349090989372026,0.3087357751934448,0.6509151338171831
buffet from Texas,neither,0.04042489113558478,0.3138840968701843,0.6456910119942308
Bidet from Germany!,neither,0.04069404815304118,0.30931579984010865,0.6499901520068502
Talks Machina: The shipping ep,neither,0.03861189642595098,0.3150106516451714,0.6463774519288777
"@Grog_Strongjaw, Bidet!!!",neither,0.03945320844208391,0.33037608806864915,0.630170703489267
@Alisaunder G&S's website needs some redesigning in general. I was trying to find their Twitch program schedule and I couldn't see it anywhere,neither,0.039161001762623236,0.2768432342844725,0.6839957639529042
Bidet all,offensive_language,0.046917543854519406,0.6277741405869331,0.3253083155585475
Bidet from Puerto Rico :D,neither,0.040392180697499655,0.3144392783719297,0.6451685409305706
letsa go!,neither,0.04276165647058889,0.34190019769565555,0.6153381458337556
Bidet from the Ohio State University gandsSCANLAN,neither,0.064689644252752,0.22282710154410337,0.7124832542031446
nice job on the paper!,neither,0.035925123662878936,0.32768044971565125,0.6363944266214697
Will the Alpha only Talks be posted on the GandS website?,neither,0.03904401466979587,0.2811259093560304,0.6798300759741737
Glad they run on the same schedule as Crit Role. I just got here.,neither,0.055661998637539026,0.37200885021803,0.5723291511444311
Saraphys nice one Kappa,neither,0.03862912283825218,0.3606545080904993,0.6007163690712485
Is it on.....or am I just lagging that much,neither,0.03247114539584737,0.3881582070034588,0.5793706476006937
just TM,neither,0.03446215123834754,0.35403638765649625,0.6115014611051561
No Matthew this go 'round.,neither,0.039652530856798054,0.34751267133040153,0.6128347978128004
bidet from western washington,neither,0.040404560457836414,0.3142291615304151,0.6453662780117486
"I believe it's Laura, Taliesin, Marisha, and Liam today",neither,0.03651712914854189,0.27978078859469757,0.6837020822567607
"bidet from alberta, canada <3",neither,0.040354386843928725,0.3150807387011266,0.6445648744549448
"Serula, tessWAVE kffcToto tessWAVE",neither,0.03945320844208391,0.33037608806864915,0.630170703489267
Bidet,neither,0.03945320844208391,0.33037608806864915,0.630170703489267
hi everyone! o/,neither,0.032490659208996964,0.4485487193596734,0.5189606214313296
Just talks machina,neither,0.03340233386386511,0.35936263679378955,0.6072350293423454
beep beep at 3 am in the morning,neither,0.046292876702742916,0.1796447339552222,0.7740623893420349
When does it start?,offensive_language,0.016657143906209267,0.5095962980709364,0.4737465580228543
Yeah Seattle!!!,neither,0.022346728609887307,0.4503409749825554,0.5273122964075573
beep beep,neither,0.03945320844208391,0.33037608806864915,0.630170703489267
Travis Willingham,neither,0.03945320844208391,0.33037608806864915,0.630170703489267
"@Zelda_mario_fan Not next episode, but the one after that will be Alpha only.",neither,0.033685390998774815,0.3716369245440419,0.5946776844571833
Bidet from WV,neither,0.04069404815304118,0.30931579984010865,0.6499901520068502
Bidet and beepbeep,neither,0.03763944115734239,0.1918412352459551,0.7705193235967025
beep beep from Rio de Janeiro,neither,0.04043560174493725,0.3137023098770099,0.6458620883780529
Critical Role will still be on twitch,neither,0.0381799300911911,0.33593327256772837,0.6258867973410804
Did it start yet?!!,neither,0.03786735988892299,0.3309215341061221,0.6312111060049549
Bidet and Beep Beep all from MD,neither,0.04128980812167268,0.3379987388675435,0.6207114530107839
any minute now,neither,0.03945320844208391,0.33037608806864915,0.630170703489267
"@Zelda_mario_fan, I think after next weeks episodes, they said they will do 4 then go to alpha, and this is 3rd :)",neither,0.04868969298346865,0.29887476037997357,0.6524355466365577
BEEP BEEP,neither,0.03945320844208391,0.33037608806864915,0.630170703489267
The lack of instant VODs and the interface from Alpha just makes it a worse use of my cash.,neither,0.01963067488721893,0.31855593893763967,0.6618133861751415
Bidet from UK beep beep my brothers,neither,0.02995753227940921,0.39392819225431924,0.5761142754662715
Bidet and beep beep from Canada,neither,0.039674772959784124,0.26576846215513467,0.6945567648850811
Beep Beep from Vermont,neither,0.04228451509352876,0.2823214250720796,0.6753940598343917
"Bidet from Calgary, AB, Canada!!",neither,0.040394171658393964,0.31440548656955947,0.6452003417720467
"Critical Role is a Geek and Sundry show at it's core, anything that comes from it (like Talks Machina) should continue to be on Geek and Sundry as well. But that's just my opinion.",neither,0.04337093863423563,0.3781451567865782,0.5784839045791862
"@Oddities8 Sorry, Crewsaders",neither,0.03945320844208391,0.33037608806864915,0.630170703489267
Bidet from Germany <3,neither,0.04069404815304118,0.30931579984010865,0.6499901520068502
Seattle!,neither,0.03945320844208391,0.33037608806864915,0.630170703489267
Bitdet!!!,neither,0.03945320844208391,0.33037608806864915,0.630170703489267
"@Grog_Strongjaw, Btw loved your Worth Opponent episode with Laura!!",neither,0.04794177701214102,0.349482116531104,0.602576106456755
No other bidet from france?,neither,0.03967661277717679,0.32658433346326843,0.6337390537595547
"beep beep from england, happy 3am",neither,0.04032020764325289,0.3156608489372011,0.644018943419546
"Bidet from Oxford, OH",neither,0.050416241482135554,0.21698369937451742,0.732600059143347
Is it Thursday yet???,neither,0.04651135664277627,0.32794846724679255,0.6255401761104311
in the second,neither,0.03820875443390387,0.30737279508286525,0.6544184504832309
woohoo seatle!!!,neither,0.03945320844208391,0.33037608806864915,0.630170703489267
"I am glad that the CR cast put their foot down on keeping CR free, though.",neither,0.03633925007841219,0.3459860182553249,0.6176747316662629
Will Travis text Laura about her clothing like she did on the first Battle Royale? LOL,offensive_language,0.028189919048805367,0.5738994055082192,0.3979106754429754
Bidet from FL,neither,0.04066490145509902,0.30981049537100724,0.6495246031738937
Agreed @Gorrregasm But I heart Critical Role so...,neither,0.037093492899769175,0.3686986076453752,0.5942078994548556
Bidet from the UK ^^,neither,0.039613273355342184,0.2892653269430044,0.6711213997016535
so far I am _loving_ this thing!,neither,0.03910935633285495,0.37886472550119477,0.5820259181659502
Bidet from England~,neither,0.04071751644889743,0.3089174816120565,0.6503650019390461
"Bidet everyone, with no CR for Thanksgiving I so need this",neither,0.024861414147915,0.43605684656010274,0.5390817392919823
Bidet and Beep Beep Critters!,neither,0.03763944115734239,0.1918412352459551,0.7705193235967025
VoHiYo VoHiYo VoHiYo,neither,0.03945320844208391,0.33037608806864915,0.630170703489267
bidet from germany,neither,0.04069404815304118,0.30931579984010865,0.6499901520068502
Only 2 left before Alpha only FeelsBadMan,neither,0.03658919115863966,0.3789859358581955,0.5844248729831649
Bidet!!!!,neither,0.03945320844208391,0.33037608806864915,0.630170703489267
Canada <3!!!,neither,0.03945320844208391,0.33037608806864915,0.630170703489267
@2FJg_Ace thank you :D,neither,0.07325166854587051,0.43632638485078484,0.49042194660334476
woooo,neither,0.03945320844208391,0.33037608806864915,0.630170703489267
"@louisleiyu Laura, Liam, Marisha, and Taliesin, and maybe also Matt? i don't remember exactly but if you look on the TM Twitter, they have it listed",neither,0.03225039043072857,0.39628579714682005,0.5714638124224514
1 left**,neither,0.03945320844208391,0.33037608806864915,0.630170703489267
bidet from CA,neither,0.04084513770590474,0.30675141581570226,0.6524034464783931
bidet from Finland (5 am),neither,0.04092242090983727,0.2997063323249504,0.6593712467652123
gandsSubHype gandsSubHype gandsSubHype gandsSubHype gandsSubHype gandsSubHype gandsSubHype gandsSubHype gandsSubHype gandsSubHype gandsSubHype gandsSubHype,neither,0.03945320844208391,0.33037608806864915,0.630170703489267
Bidet from Brazil!,neither,0.04079557052152802,0.30759270029461827,0.6516117291838538
"@HugoNorth A fellow carioca, beep beep to you too",neither,0.07126607966128572,0.3865253298373395,0.5422085905013749
Bidet from Norway at 4am beep beep ya'll,offensive_language,0.023716124277700947,0.6362267396542929,0.3400571360680061
do they usually start late? I'm usually not able to watch on twitch,neither,0.04402221741542135,0.3363046923831382,0.6196730902014406
beep beep from iowa,neither,0.04069404815304118,0.30931579984010865,0.6499901520068502
Bidet from Las Vegas,neither,0.040400041164603724,0.3143058657309893,0.6452940931044071
there's only one left,neither,0.038398902942763664,0.31699005261327434,0.644611044443962
Bidet from Marysville California,neither,0.06971251856910227,0.2972619859879888,0.633025495442909
"Wait, you all didnt get the email bout 6 month free alpha? What you scrubs doing?",neither,0.05731211273763528,0.45392042411651384,0.488767463145851
how many of you DM?,neither,0.05887379471234322,0.3845500395634564,0.5565761657242003
Beep beep from New Hampsire,neither,0.046710622032705686,0.1542697019613409,0.7990196760059534
Bidet from California,neither,0.06971251856910227,0.2972619859879888,0.633025495442909
I feel small because bidet from central US,neither,0.07034841967185484,0.3113610549229408,0.6182905254052045
beep beep from rhode island,neither,0.04039476597904064,0.31439539939713196,0.6452098346238274
"I'm sad af, since I have no way to subscribe for Alpha BibleThump",neither,0.038617485367085536,0.32306798781439183,0.6383145268185227
@bluepenguins yes,neither,0.03945320844208391,0.33037608806864915,0.630170703489267
"Type 1 if I should order pizza, 2 if I should make a better life decision.",neither,0.028739204249696892,0.46735555179567334,0.5039052439546298
beep beep from Tempe,neither,0.04228451509352876,0.2823214250720796,0.6753940598343917
"@blupenguins yup, it's tradition",neither,0.037554805750496786,0.33102903580668525,0.6314161584428181
HI CHAT,neither,0.03945320844208391,0.33037608806864915,0.630170703489267
w,neither,0.03945320844208391,0.33037608806864915,0.630170703489267
@Khanbad Me too,neither,0.025456656249999262,0.41690574403459846,0.5576375997154023
moo,neither,0.03945320844208391,0.33037608806864915,0.630170703489267
Oklahoma here! Yay for Talks Machina!,neither,0.06447719743696484,0.2826245469840288,0.6528982555790064
Well then even more FeelsBadMan,neither,0.04054759000423452,0.3375275216362068,0.6219248883595587
I DM,neither,0.03945320844208391,0.33037608806864915,0.630170703489267
"Remember, first 6 months of Alpha free, for subs :D",neither,0.03138374209499001,0.3123444221527256,0.6562718357522844
1,neither,0.03945320844208391,0.33037608806864915,0.630170703489267
1,neither,0.03945320844208391,0.33037608806864915,0.630170703489267
1,neither,0.03945320844208391,0.33037608806864915,0.630170703489267
@blupenguins yes they do,neither,0.0415235496474564,0.3296640027913781,0.6288124475611654
I DM,neither,0.03945320844208391,0.33037608806864915,0.630170703489267
bidet from Las Vegas!!!,neither,0.040400041164603724,0.3143058657309893,0.6452940931044071
2,neither,0.03945320844208391,0.33037608806864915,0.630170703489267
1,neither,0.03945320844208391,0.33037608806864915,0.630170703489267
bidet from montreal,neither,0.04062582848913359,0.31047366557575606,0.6489005059351104
LETS GET SOME BEEP BEEPS IN HERE,neither,0.07423390919818797,0.32911868347671497,0.5966474073250971
1,neither,0.03945320844208391,0.33037608806864915,0.630170703489267
1,neither,0.03945320844208391,0.33037608806864915,0.630170703489267
Wassup.,neither,0.33529425248498695,0.08556156890646638,0.5791441786085466
1,neither,0.03945320844208391,0.33037608806864915,0.630170703489267
I DM,neither,0.03945320844208391,0.33037608806864915,0.630170703489267
1,neither,0.03945320844208391,0.33037608806864915,0.630170703489267
1,neither,0.03945320844208391,0.33037608806864915,0.630170703489267
1,neither,0.03945320844208391,0.33037608806864915,0.630170703489267
1,neither,0.03945320844208391,0.33037608806864915,0.630170703489267
1,neither,0.03945320844208391,0.33037608806864915,0.630170703489267
2,neither,0.03945320844208391,0.33037608806864915,0.630170703489267
DM,neither,0.03945320844208391,0.33037608806864915,0.630170703489267
@fatalcake23 1,neither,0.03945320844208391,0.33037608806864915,0.630170703489267
"Hard to say about usually, it's only the 3rd one.",offensive_language,0.033930507840923885,0.5093315020917143,0.4567379900673618
1,neither,0.03945320844208391,0.33037608806864915,0.630170703489267
1,neither,0.03945320844208391,0.33037608806864915,0.630170703489267
1,neither,0.03945320844208391,0.33037608806864915,0.630170703489267
I'm learning how to DM,neither,0.04556045438961319,0.32679772668448215,0.6276418189259048
Is there sound right now?,neither,0.04720022466007345,0.30191657111401565,0.650883204225911
3,neither,0.03945320844208391,0.33037608806864915,0.630170703489267
42,neither,0.03945320844208391,0.33037608806864915,0.630170703489267
Is anyone managing to get Alpha to work? All I have is the loading circle.,neither,0.06136436420467261,0.36467055623012334,0.573965079565204
I DM,neither,0.03945320844208391,0.33037608806864915,0.630170703489267
"Subbing to GnS twitch is what supports CR, I don't think subscribing to Alpha helps CR",neither,0.051235011846454535,0.3207005794614557,0.6280644086920898
ðŸ•ðŸ•,neither,0.03945320844208391,0.33037608806864915,0.630170703489267
Bidet from Dallas!,neither,0.04081748366884477,0.3072207769958956,0.6519617393352596
1,neither,0.03945320844208391,0.33037608806864915,0.630170703489267
Beep beep from North Carolina,neither,0.04040057148408362,0.31429686482539193,0.6453025636905245
1,neither,0.03945320844208391,0.33037608806864915,0.630170703489267
3am UK bidet,neither,0.03945320844208391,0.33037608806864915,0.630170703489267
"@KatenGaas, exactly",neither,0.03945320844208391,0.33037608806864915,0.630170703489267
2,neither,0.03945320844208391,0.33037608806864915,0.630170703489267
wait. what's this about subs to alpha only?,neither,0.04715709691864848,0.3450252869361175,0.607817616145234
r4am classic crit role time,neither,0.038368097850690855,0.348793246717569,0.6128386554317402
!wallet,neither,0.03945320844208391,0.33037608806864915,0.630170703489267
flybynite98 has 1570 coins,neither,0.03978108663330774,0.3248111394696886,0.6354077738970038
1,neither,0.03945320844208391,0.33037608806864915,0.630170703489267
1,neither,0.03945320844208391,0.33037608806864915,0.630170703489267
beep beep,neither,0.03945320844208391,0.33037608806864915,0.630170703489267
BEEP BEEP!,neither,0.03945320844208391,0.33037608806864915,0.630170703489267
1,neither,0.03945320844208391,0.33037608806864915,0.630170703489267
ok as long as they're sticking to tradition,neither,0.053522308240311046,0.35368810180728516,0.5927895899524039
!alpha,neither,0.03945320844208391,0.33037608806864915,0.630170703489267
420,neither,0.03945320844208391,0.33037608806864915,0.630170703489267
"Alpha is a brand new streaming service from Legendary Digital (that's Geek & Sundry, Nerdist, and Smart Girls)! Sign up here to get in the know! http://alphainvite.com/ or tweet @jointeamalpha for more.",neither,0.046977435670987486,0.2723519639430237,0.6806706003859888
why has there been twit radio silence about this btw there hasnt really been any annoucement of the stream?,neither,0.033226738487420734,0.30757635096737096,0.6591969105452082
beep beep,neither,0.03945320844208391,0.33037608806864915,0.630170703489267
!bet vegan_takeout,neither,0.03945320844208391,0.33037608806864915,0.630170703489267
Currently a DM,neither,0.03945320844208391,0.33037608806864915,0.630170703489267
beep beep from co,neither,0.04181741232017598,0.2902493781769742,0.6679332095028498
3,neither,0.03945320844208391,0.33037608806864915,0.630170703489267
I DM,neither,0.03945320844208391,0.33037608806864915,0.630170703489267
I'm sure most of G&S's subs are exclusively subbed for CR,neither,0.04436055573761919,0.3634821586985732,0.5921572855638075
Type 42 if you're a DM,neither,0.04773521863190432,0.3910876961909479,0.5611770851771477
!wallet,neither,0.03945320844208391,0.33037608806864915,0.630170703489267
empty_trashcans has 1551 coins,neither,0.03989735448983053,0.32283777050957063,0.6372648750005988
Bidet from San Diego,neither,0.040446282760733435,0.31352102516371877,0.6460326920755478
*sigh* never starts ontime.,neither,0.03448790319776442,0.38119416946733753,0.5843179273348981
beep beep,neither,0.03945320844208391,0.33037608806864915,0.630170703489267
@A123jr Philly!!!,neither,0.03945320844208391,0.33037608806864915,0.630170703489267
hello lovely people,neither,0.06863655135174236,0.3274709571331371,0.6038924915151206
alpha crashes way too easily,neither,0.03934445423778622,0.3340152105690553,0.6266403351931584
DMing a 3 year campaign every Friday,neither,0.03945320844208391,0.33037608806864915,0.630170703489267
DM here.,neither,0.11476279257202522,0.2753458413846094,0.6098913660433655
Man now I want pizxa,neither,0.040083353616070266,0.4220626565029863,0.5378539898809435
Loading circle for me too on Alpha,neither,0.027367892716820587,0.3511259463260517,0.6215061609571277
gandsOwl,neither,0.03945320844208391,0.33037608806864915,0.630170703489267
4,neither,0.03945320844208391,0.33037608806864915,0.630170703489267
42,neither,0.03945320844208391,0.33037608806864915,0.630170703489267
Bidet from Houston,neither,0.040875471929787875,0.3062365648703896,0.6528879631998226
beep beep from NC,neither,0.04066490145509902,0.30981049537100724,0.6495246031738937
bidet from Toronto,neither,0.04066490145509902,0.30981049537100724,0.6495246031738937
1,neither,0.03945320844208391,0.33037608806864915,0.630170703489267
42,neither,0.03945320844208391,0.33037608806864915,0.630170703489267
42,neither,0.03945320844208391,0.33037608806864915,0.630170703489267
@exboygenius that's right,neither,0.030490043889724962,0.4444770456658195,0.5250329104444554
42,neither,0.03945320844208391,0.33037608806864915,0.630170703489267
!wallet,neither,0.03945320844208391,0.33037608806864915,0.630170703489267
ninjasluck has 1119 coins,neither,0.03989735448983053,0.32283777050957063,0.6372648750005988
always pizza,neither,0.037195239980922744,0.40071192735694605,0.5620928326621311
Bidet From QLD Australia,neither,0.04062582848913359,0.31047366557575606,0.6489005059351104
42,neither,0.03945320844208391,0.33037608806864915,0.630170703489267
42,neither,0.03945320844208391,0.33037608806864915,0.630170703489267
42,neither,0.03945320844208391,0.33037608806864915,0.630170703489267
42,neither,0.03945320844208391,0.33037608806864915,0.630170703489267
Anyone know If TM will repost to YouTube even after the four eps?,neither,0.032190629866504866,0.34445794805870045,0.6233514220747947
bidet from PA,neither,0.04069404815304118,0.30931579984010865,0.6499901520068502
!wallet,neither,0.03945320844208391,0.33037608806864915,0.630170703489267
raevyn85 has 2977 coins,neither,0.03989735448983053,0.32283777050957063,0.6372648750005988
f,neither,0.03945320844208391,0.33037608806864915,0.630170703489267
Bidet from MD,neither,0.04062582848913359,0.31047366557575606,0.6489005059351104
!wallet,neither,0.03945320844208391,0.33037608806864915,0.630170703489267
jdawg2369 has 1934 coins,neither,0.03989735448983053,0.32283777050957063,0.6372648750005988
Bidet from Brazil.,neither,0.04079557052152802,0.30759270029461827,0.6516117291838538
42,neither,0.03945320844208391,0.33037608806864915,0.630170703489267
VoteYea,neither,0.03945320844208391,0.33037608806864915,0.630170703489267
42,neither,0.03945320844208391,0.33037608806864915,0.630170703489267
42,neither,0.03945320844208391,0.33037608806864915,0.630170703489267
bless you @GreywindVII @Galadriel2262,neither,0.06637703555667432,0.4035321832267536,0.5300907812165722
bidet from Newfoundland!,neither,0.04228451509352876,0.2823214250720796,0.6753940598343917
It's like when you see a play. Always starts late.,neither,0.04826951027889771,0.466778888802194,0.48495160091890827
42,neither,0.03945320844208391,0.33037608806864915,0.630170703489267
42,neither,0.03945320844208391,0.33037608806864915,0.630170703489267
42,neither,0.03945320844208391,0.33037608806864915,0.630170703489267
Bidet from Australia <3,neither,0.04062582848913359,0.31047366557575606,0.6489005059351104
!wallet,neither,0.03945320844208391,0.33037608806864915,0.630170703489267
mavp21 has 3093 coins,neither,0.03989735448983053,0.32283777050957063,0.6372648750005988
F,neither,0.03945320844208391,0.33037608806864915,0.630170703489267
42,neither,0.03945320844208391,0.33037608806864915,0.630170703489267
42,neither,0.03945320844208391,0.33037608806864915,0.630170703489267
!points,neither,0.03945320844208391,0.33037608806864915,0.630170703489267
42,neither,0.03945320844208391,0.33037608806864915,0.630170703489267
!wallet,neither,0.03945320844208391,0.33037608806864915,0.630170703489267
42,neither,0.03945320844208391,0.33037608806864915,0.630170703489267
foxgod2112 has 2299 coins,neither,0.03989735448983053,0.32283777050957063,0.6372648750005988
Look at that title card thats a nice title card,neither,0.03808271655106107,0.36063750453576293,0.6012797789131761
bidet from New Orleans!,neither,0.04450700662299174,0.21166473641774403,0.7438282569592642
hi all,neither,0.0423466876598404,0.4436528871510691,0.5140004251890904
running on time? HAH never on Geekand Sundry :),neither,0.03136435844457474,0.39817143073771255,0.5704642108177127
Hey Alli showing that PA love,neither,0.034191824481171806,0.37429326372859,0.5915149117902383
Bidet from NoVA,neither,0.04228451509352876,0.2823214250720796,0.6753940598343917
when are they on,neither,0.0534002930940986,0.3582269655171228,0.5883727413887786
is this being shown on twitch or do i need to go to alpha?,neither,0.048861995200804545,0.3498799904805867,0.6012580143186088
!wallet,neither,0.03945320844208391,0.33037608806864915,0.630170703489267
bigtomactn has 2385 coins,neither,0.03989735448983053,0.32283777050957063,0.6372648750005988
I want the store to have more HDYWTDT shirts :(,neither,0.07190137000826312,0.30112449203722524,0.6269741379545116
its time to stay up until 4 am,neither,0.03584655881363233,0.39324476443889167,0.570908676747476
Bidet from Texas!,neither,0.040937266849991,0.30518774380265185,0.6538749893473571
44,neither,0.03945320844208391,0.33037608806864915,0.630170703489267
Bidet from Pullman wa!,neither,0.04071751644889743,0.3089174816120565,0.6503650019390461
bidet from Chicago,neither,0.04078317879478948,0.307803020237201,0.6514138009680096
gandsGandsPoo,neither,0.03945320844208391,0.33037608806864915,0.630170703489267
Pizza ordered. You guys are the best friend that says yes to anything I shouldn't be doing. Thanks. <3,neither,0.06090994492788335,0.32716898205291656,0.6119210730192002
!wallet,neither,0.03945320844208391,0.33037608806864915,0.630170703489267
did it start?,neither,0.037489791617040136,0.3310513971484432,0.6314588112345166
brolynnightfury has 7315 coins,neither,0.03989735448983053,0.32283777050957063,0.6372648750005988
!wallet,neither,0.03945320844208391,0.33037608806864915,0.630170703489267
painkillior has 505 coins,neither,0.03989735448983053,0.32283777050957063,0.6372648750005988
Bidet from Newberg Oregon,neither,0.04071751644889743,0.3089174816120565,0.6503650019390461
!wallet,neither,0.03945320844208391,0.33037608806864915,0.630170703489267
abbymarie91 has 1400 coins,neither,0.03989735448983053,0.32283777050957063,0.6372648750005988
Do the 6 months of alpha come if your sub is a twitch prime?,neither,0.04556132946359333,0.3600639916480226,0.5943746788883841
thanks DEEP THOUGHT,neither,0.04050512081064215,0.21264509661193573,0.7468497825774221
Bidet and beep beep from Ohio.,neither,0.039681603862927066,0.26414184792613987,0.6961765482109331
"Bidet from Perth, Australia",neither,0.04062582848913359,0.31047366557575606,0.6489005059351104
42,neither,0.03945320844208391,0.33037608806864915,0.630170703489267
!wallet,neither,0.03945320844208391,0.33037608806864915,0.630170703489267
lexithevampireslayer has 1353 coins,neither,0.03989735448983053,0.32283777050957063,0.6372648750005988
!wallet,neither,0.03945320844208391,0.33037608806864915,0.630170703489267
"Tonight's episode will stream to Twitch and @JoinTeamAlpha at 7pm PST. If we start late, it's not Keyleth's fault. #thanksKeyleth",neither,0.03102223371059816,0.32811022178277727,0.6408675445066246
secxpizzagaming has 1734 coins,neither,0.03989735448983053,0.32283777050957063,0.6372648750005988
!wallet,neither,0.03945320844208391,0.33037608806864915,0.630170703489267
flintanious has 3328 coins,neither,0.03989735448983053,0.32283777050957063,0.6372648750005988
Bidet from Ms,neither,0.040769555981420263,0.3080342349327864,0.6511962090857933
?,neither,0.03945320844208391,0.33037608806864915,0.630170703489267
KappaRoss raise the roof,neither,0.038610540359263014,0.31498530452332846,0.6464041551174086
!wallet,neither,0.03945320844208391,0.33037608806864915,0.630170703489267
warmachine4485 has 3097 coins,neither,0.03989735448983053,0.32283777050957063,0.6372648750005988
42,neither,0.03945320844208391,0.33037608806864915,0.630170703489267
Bidet from Seattle,neither,0.040754399270683486,0.3082914838698526,0.650954116859464
Bidet from Winnipeg!,neither,0.04228451509352876,0.2823214250720796,0.6753940598343917
Did we break proJect Alpha again?,neither,0.03802782751050061,0.3545685224254213,0.6074036500640781
"42, two games a week",neither,0.03996988381979894,0.3216067584935391,0.6384233576866619
!wallet,neither,0.03945320844208391,0.33037608806864915,0.630170703489267
aphantom2005 has 1233 coins,neither,0.03989735448983053,0.32283777050957063,0.6372648750005988
so i tried to actually sign up for alpha.....and it says my email is in use but it won't let me send a reset email,neither,0.016854613305881602,0.43373334247683026,0.5494120442172882
!wallet,neither,0.03945320844208391,0.33037608806864915,0.630170703489267
starwolfess has 2264 coins,neither,0.03989735448983053,0.32283777050957063,0.6372648750005988
42?,neither,0.03945320844208391,0.33037608806864915,0.630170703489267
Beep beep from Yellowstone,neither,0.04228451509352876,0.2823214250720796,0.6753940598343917
!wallet,neither,0.03945320844208391,0.33037608806864915,0.630170703489267
hibber77 has 1558 coins,neither,0.03989735448983053,0.32283777050957063,0.6372648750005988
im am confused by this points thing,neither,0.039472787618062395,0.3941704310938594,0.5663567812880782
Bidet,neither,0.03945320844208391,0.33037608806864915,0.630170703489267
Wvhall I bet you some enterprising critter will put them on YT if they arnt put up officially,neither,0.03613032392777331,0.41089959782878427,0.5529700782434425
Is there any real point to this being live? It's not like they interact with chat or anything,neither,0.03971960838905989,0.42122706560490275,0.5390533260060374
bidet from Arizona!,neither,0.04078317879478948,0.307803020237201,0.6514138009680096
PogChamp,neither,0.03945320844208391,0.33037608806864915,0.630170703489267
anyone else interested in an origin story of the groups most iconic items?,neither,0.039175968780487146,0.32027560898452667,0.6405484222349862
!wallet,neither,0.03945320844208391,0.33037608806864915,0.630170703489267
msarchet has 3035 coins,neither,0.03989735448983053,0.32283777050957063,0.6372648750005988
woohoo,neither,0.03945320844208391,0.33037608806864915,0.630170703489267
gandsSCANLAN,neither,0.03945320844208391,0.33037608806864915,0.630170703489267
SeemsGood,neither,0.03945320844208391,0.33037608806864915,0.630170703489267
Bidet from San Diego!,neither,0.040446282760733435,0.31352102516371877,0.6460326920755478
!wallet,neither,0.03945320844208391,0.33037608806864915,0.630170703489267
catalyst93 has 2507 coins,neither,0.03989735448983053,0.32283777050957063,0.6372648750005988
yaaaaaaay!,neither,0.03945320844208391,0.33037608806864915,0.630170703489267
!wallet,neither,0.03945320844208391,0.33037608806864915,0.630170703489267
