text,top_class,hate_speech,offensive_language,neither
GROGGGGGGGGGGGGG,neither,0.03945320844208391,0.33037608806864915,0.630170703489267
people will always ask when is CR.. its inevitable,neither,0.05103825044890735,0.38874152238202325,0.5602202271690694
sun rules,neither,0.03945320844208391,0.33037608806864915,0.630170703489267
"come for vax, leave with vex",neither,0.020842076804329018,0.36970905081145067,0.6094488723842204
whos gonna die tonight?,neither,0.15787729860570102,0.17209770221015847,0.6700249991841405
@morac101 someone said private chat?,neither,0.03945320844208391,0.33037608806864915,0.630170703489267
when is CR?,neither,0.03614948891045355,0.3807048872270626,0.5831456238624839
Everybody,neither,0.03945320844208391,0.33037608806864915,0.630170703489267
All I want for Christmas is a Trinket.,neither,0.04269524719987908,0.3608885664511512,0.5964161863489696
"@iscerus, makes sense",neither,0.0394355215786359,0.3302279805512406,0.6303364978701236
@Vorde_ Most recent GM tips... how to deal with player character deaths.. its gnna happen! tin foil hats are on!,neither,0.03942704505554111,0.3753082279205589,0.5852647270239
30 mins,neither,0.03945320844208391,0.33037608806864915,0.630170703489267
@Brastias I know... some that I really want to watch are on during work hours...,neither,0.053263881824631716,0.34006957376860375,0.6066665444067645
in DDO?,neither,0.03945320844208391,0.33037608806864915,0.630170703489267
lets fights thordaks army and die doing it!,neither,0.1246004182542828,0.17253171981397322,0.7028678619317441
30 minutes til CR,neither,0.03945320844208391,0.33037608806864915,0.630170703489267
"@syfi1987, Could be a good idea to catch up before watching the episodes live. Recaps and such might spoil earlier episodes",neither,0.04046742916755984,0.35120248911403484,0.6083300817184054
in a bout a half an hour,neither,0.03565532540518982,0.40151949486033794,0.5628251797344723
1/2 hour,neither,0.03945320844208391,0.33037608806864915,0.630170703489267
thank god that's over,neither,0.03169103753959446,0.3865021773194872,0.5818067851409184
Hell yeah!,offensive_language,0.024014075456083226,0.8806496383571902,0.0953362861867266
@syfi1987 Enjoy catching up. Many of us have had to make the journey to mecca ourselves.,neither,0.07477793292999049,0.34809367406400377,0.5771283930060057
about 30 to 45 mi uses from now,neither,0.04351701094613231,0.3338914815943307,0.6225915074595371
I vote for the green dragon to die heroically saving Kiki,neither,0.125121747069322,0.15288066002874381,0.7219975929019341
www.wheniscriticalrole.com,neither,0.03945320844208391,0.33037608806864915,0.630170703489267
Ah good. The quality programming is back,neither,0.04519076455705297,0.31382840497882464,0.6409808304641224
@fall gandsTrinketArmor,neither,0.03945320844208391,0.33037608806864915,0.630170703489267
minutes*,neither,0.03945320844208391,0.33037608806864915,0.630170703489267
i got the gygax die trinket in DDO,neither,0.3015957968714958,0.09516567791955266,0.6032385252089516
gandsSubHype gandsSubHype gandsSubHype gandsSubHype,neither,0.03945320844208391,0.33037608806864915,0.630170703489267
"@lanfan1994 Personally, I kind of hope for it to happen... I think it would develop this story to such a great extent.",neither,0.05690356745349964,0.23790164199360636,0.705194790552894
gandsGandsPoo,neither,0.03945320844208391,0.33037608806864915,0.630170703489267
@Kinson1 He at least got 'grg',neither,0.04345159192178885,0.41403703113549367,0.5425113769427176
this is the first time i'm actually watching live... i've been watching older eps since August,neither,0.027752411729770114,0.32539056829336543,0.6468570199768644
@jeanpaulguide i was thinking the same,neither,0.03920399937394698,0.3219588989726967,0.6388371016533563
20-sided die,neither,0.172094664717009,0.15045742560027428,0.6774479096827167
@rupenstein I know it makes me sad.,neither,0.030463218838968693,0.3727007536769893,0.5968360274840419
"I know it says ""Up next"" but are we at the break?",neither,0.04902519324036821,0.36122858550287856,0.5897462212567531
"D&D FACT: Before CriticalRole, CR only stood for Challenge Rating :)",neither,0.03407102874236531,0.34897649372206285,0.6169524775355718
gandsNatTwenty gandsNatTwenty gandsNatTwenty gandsNatTwenty gandsNatTwenty,neither,0.03945320844208391,0.33037608806864915,0.630170703489267
I am glad Chat hasn't upped its game from that of a petulant child,neither,0.03355069587339511,0.3200306129170719,0.646418691209533
@Brastias M etoo. :(,neither,0.03945320844208391,0.33037608806864915,0.630170703489267
gandsMasterStef gandsMasterStef,neither,0.03945320844208391,0.33037608806864915,0.630170703489267
fun tunes,neither,0.03945320844208391,0.33037608806864915,0.630170703489267
anyone here play DDO?,neither,0.10159007687015074,0.283158653562301,0.6152512695675482
smoke break till crit role,neither,0.03658468974076096,0.37906233666736144,0.5843529735918777
Never,neither,0.030459082922392345,0.4239770323623975,0.5455638847152102
1pm aest,neither,0.03945320844208391,0.33037608806864915,0.630170703489267
So excited for the stream tonight!!,neither,0.032331854428786166,0.3126193907325917,0.655048754838622
"come for vax, stay for vex",neither,0.026833000390798164,0.302785053971725,0.6703819456374769
gandsSubHype gandsSubHype gandsSubHype gandsSubHype gandsSubHype gandsSubHype gandsSubHype gandsSubHype,neither,0.03945320844208391,0.33037608806864915,0.630170703489267
"@supergimpoman , I have been trying to catch up with the show since I started watching it on deployment. Love DnD glad I found the show.",neither,0.04377717076686625,0.3026752360965223,0.6535475931366116
I got me Mead and popcorn at the ready!,neither,0.03188263780860731,0.36566352384460127,0.6024538383467914
"@CaptianTrips88 Nope, stille about half an hour.",neither,0.038363254948304795,0.34887544341002835,0.6127613016416668
10 PM EST,neither,0.03945320844208391,0.33037608806864915,0.630170703489267
Show starts in about 30mins,neither,0.0545134571763761,0.276824117435603,0.6686624253880209
gandsSubHype gandsSubHype gandsSubHype gandsSubHype gandsSubHype gandsSubHype,neither,0.03945320844208391,0.33037608806864915,0.630170703489267
@Brastias Can still see rebroadcasting though I guess,neither,0.038353831578966734,0.3466740771229252,0.614972091298108
Spent a month catching up on Critical and finally caught up in time for my first live viewing #finallythursday,neither,0.02668964567268033,0.39573905577669133,0.5775712985506283
Wooot Good news I have my group already to start a new campaign on Christmas day.,neither,0.03557751485595043,0.34027231164284477,0.6241501735012047
Come for Vex. Hope for Pike,neither,0.05958599571358888,0.18296669435378976,0.7574473099326214
Martin_ba -> Only those that we deem worthy shall possess the power of the Hyperlink [warning],neither,0.048140585852785724,0.2990817588418225,0.6527776553053918
syfi you a syfy channel fan?,neither,0.05761047256018244,0.38124986369692215,0.5611396637428954
what happened last epi? i forgot...,neither,0.044693570672278506,0.32661416720900643,0.628692262118715
hello,neither,0.03945320844208391,0.33037608806864915,0.630170703489267
no way there is only 59 people in here?,neither,0.12030282961386715,0.2720668765116078,0.607630293874525
"Mobius___, I mean, we broke Galard earlier today... Time will tell if someone can fix him.",neither,0.02844587711661528,0.3460144306934861,0.6255396921898986
"I used to have a Half Orc Barbarian. and when he would rage he always would say "" You know, that's a funny Story"" then RAGE!!",neither,0.04378721292996084,0.3893048162410262,0.5669079708290129
@JonnySnow11 You'll love it mate! It's a great time live!,neither,0.046909661590037545,0.36508691108742586,0.5880034273225366
So excited,neither,0.03940839469474773,0.3948270312238364,0.565764574081416
this VGA stream is so cringe,neither,0.045911664687184585,0.3657953100139537,0.5882930252988616
did it just start?,neither,0.032280300364216544,0.3576880729513608,0.6100316266844227
@JonnySnow11 Welcome.,neither,0.03945320844208391,0.33037608806864915,0.630170703489267
"@JonnySnow11 Wow, i just skipped 50 episodes",neither,0.03627150640382776,0.34519535568881715,0.618533137907355
im here hai guys (^_^)/,neither,0.1078314547667962,0.32125127201107007,0.5709172732221336
aint logged ddo for last 6 months but my vip still ticking,neither,0.027370104446336287,0.42059894190523095,0.5520309536484327
gandsOwl gandsOwl gandsOwl,neither,0.03945320844208391,0.33037608806864915,0.630170703489267
can you here me now,neither,0.1444292615447239,0.37977310820444327,0.47579763025083294
gandsSubHype gandsSubHype gandsSubHype gandsSubHype gandsSubHype gandsSubHype gandsSubHype gandsSubHype gandsSubHype gandsSubHype gandsSubHype,neither,0.03945320844208391,0.33037608806864915,0.630170703489267
Bidet from australia!,neither,0.04062582848913359,0.31047366557575606,0.6489005059351104
thats my boy rygard,neither,0.025259974561593276,0.44474307435338484,0.5299969510850219
Are they running late?,neither,0.06816545655224815,0.2814257476253588,0.6504087958223931
YESSSSSSSSSSSSSSS,neither,0.03945320844208391,0.33037608806864915,0.630170703489267
shick hydro bot for el presidente,neither,0.03515203911344777,0.3088826526362665,0.6559653082502858
I just signed up for alpha im so excited,neither,0.030112013521954195,0.4095637015364687,0.560324284941577
WOOT CRITICAL ROLE !!!,neither,0.03945320844208391,0.33037608806864915,0.630170703489267
half orc barbarians are the best,neither,0.07091390434187095,0.247569035715993,0.681517059942136
first time watching live!! :D,neither,0.03513206370154816,0.3516282956383994,0.6132396406600524
iscerus breaking Galard isn't a feat,neither,0.03945320844208391,0.33037608806864915,0.630170703489267
Nah couldnt skip it need the details lol,neither,0.03306678211162325,0.3534255988297876,0.6135076190585892
"Got my coffe, crochet, and ready for Critical Role!",neither,0.027704174069746106,0.36638338191357295,0.6059124440166809
keep them charges rolling,neither,0.051028062755826976,0.32386675441190044,0.6251051828322726
"@Terrzyl , I will catch up. But time to start live.",neither,0.043874046849055985,0.3748467103236944,0.5812792428272496
I refuse to call it the SciFi channel any more... stupid spelling... SeeFee,neither,0.09569219454988111,0.2364380019284665,0.6678698035216523
The soundtrack is always amazing,neither,0.043918238877691904,0.3606438195976984,0.5954379415246096
Critical Role you the real mvp,neither,0.04410205576609953,0.44496969491210925,0.5109282493217913
Bidet from St Louis,neither,0.040470992782370326,0.313101631608523,0.6464273756091067
eventualy i'll back when they fix monks for real,neither,0.022607231359167874,0.43880253517465434,0.5385902334661778
"Corporate Sins and Critical Role are the 2 best RPG shows, with Vanquished, DFA and Barky's Brigade coming in a close second!",neither,0.0422789336937912,0.28033767404556176,0.677383392260647
"I'm pretty nervous for this episode, hold me D;",neither,0.03025880544351216,0.33739314402080833,0.6323480505356794
lauradryad that's a great way to watch the stream :),neither,0.04403117096018319,0.3270235680177666,0.6289452610220501
arowland same,neither,0.04148851938089603,0.3488915597363099,0.609619920882794
gandsTrinket gandsTrinket gandsTrinket gandsTrinket gandsTrinket gandsTrinket gandsTrinket gandsTrinket gandsTrinket gandsTrinket gandsTrinket gandsTrinket gandsTrinket gandsTrinket gandsTrinket gandsTrinket gandsTrinket gandsTrinket,neither,0.03945320844208391,0.33037608806864915,0.630170703489267
32nd time watching live!!!!!,neither,0.043438080507474226,0.3514268850243831,0.6051350344681428
I tell everyone about Critical role,neither,0.033727953875696826,0.4275485997840094,0.5387234463402938
Hi everyone!!!,neither,0.032490659208996964,0.4485487193596734,0.5189606214313296
gandsSubHype gandsSubHype gandsSubHype gandsSubHype gandsSubHype gandsSubHype gandsSubHype gandsSubHype gandsSubHype gandsSubHype,neither,0.03945320844208391,0.33037608806864915,0.630170703489267
"Mobius___, making him admit Becca is a cheater is though :D",neither,0.05188532361672687,0.3191047035812279,0.6290099728020451
gotcha rygard,neither,0.03945320844208391,0.33037608806864915,0.630170703489267
@valmere is it that bad this year im probably gonna watch it later,neither,0.039052893142923054,0.42375883024124833,0.5371882766158286
"beep beep and bidet from Dixon, MO!",neither,0.039710681526375816,0.2573753227072934,0.7029139957663308
"Altair_Saosin, I know ;P",neither,0.03945320844208391,0.33037608806864915,0.630170703489267
is it time yet,neither,0.0464984732515364,0.35260555564950163,0.600895971098962
Come onnnnnn Grog! <3,neither,0.035897288873966565,0.3907293233501699,0.5733733877758634
My first time watching live also,neither,0.026927582121218843,0.42076129506300763,0.5523111228157734
Bidet from Maryland!,neither,0.04066490145509902,0.30981049537100724,0.6495246031738937
Woot,neither,0.03945320844208391,0.33037608806864915,0.630170703489267
Favorite CR story go ------,neither,0.040448312411614055,0.33382799613606917,0.6257236914523168
any poker players here,neither,0.07663904545645016,0.29941869201384774,0.6239422625297021
I m so sorry to hear that @AllOutHelter,neither,0.042167004810756796,0.4222722294003628,0.5355607657888805
1st time live,neither,0.04325219225619894,0.3505063686102429,0.6062414391335581
beep bepp,neither,0.03945320844208391,0.33037608806864915,0.630170703489267
Bidet from nb canada,neither,0.04071751644889743,0.3089174816120565,0.6503650019390461
"beep beep from Columbus, Ohio!!!",neither,0.040417606421261354,0.3140077374838422,0.6455746560948964
noice,neither,0.03945320844208391,0.33037608806864915,0.630170703489267
or magic players,neither,0.03945320844208391,0.33037608806864915,0.630170703489267
gandsOverlord gandsOverlord gandsOverlord gandsOverlord gandsOverlord gandsOverlord gandsOverlord gandsOverlord gandsOverlord gandsOverlord gandsOverlord gandsOverlord gandsOverlord gandsOverlord gandsOverlord gandsOverlord gandsOverlord gandsGandsBeardedMen,neither,0.03945320844208391,0.33037608806864915,0.630170703489267
!wallet,neither,0.03945320844208391,0.33037608806864915,0.630170703489267
hobbster_ has 16937 coins,neither,0.03989735448983053,0.32283777050957063,0.6372648750005988
"I really want a Gnome barbarian, just so there's this tiny thing of death that could be kicked away like a football",neither,0.040945807484750636,0.3586335317389631,0.6004206607762863
!crtimer,neither,0.03945320844208391,0.33037608806864915,0.630170703489267
Also my first time live. lmao,neither,0.025818698403964824,0.43814093258662534,0.5360403690094098
It's starting in an hour right?,neither,0.037654958343570924,0.3424303400027639,0.6199147016536651
Yo same first time watching live!!!,neither,0.036565138297896725,0.41974271438306104,0.5436921473190423
bidet from australia,neither,0.04062582848913359,0.31047366557575606,0.6489005059351104
Heya all :) looks like we have another 20 minutes or so?,neither,0.0905643136871577,0.3836950617604163,0.525740624552426
Vox Moochina,neither,0.03945320844208391,0.33037608806864915,0.630170703489267
"this feels like a diversionary/scouting assault, not a full engagement",neither,0.05722479471907881,0.33927893261600367,0.6034962726649176
30 more mins,neither,0.041405973779502475,0.32019907814234105,0.6383949480781566
I heard a rumor there was going to be a wet t shirt contest,neither,0.04247102465233153,0.3224587635603398,0.6350702117873286
Welcome first time live watchers!,neither,0.0362227857556099,0.34609872597091934,0.6176784882734707
"I haven't caught up, only on episode 8 BUT I WANT TO WATCH SO MUCH",neither,0.03865553761099703,0.40427036659582744,0.5570740957931756
NJ REPRESENTING!,neither,0.03945320844208391,0.33037608806864915,0.630170703489267
U guys ready for the Thordak fight???,neither,0.03283324234911489,0.28911598635411423,0.6780507712967708
iscerus well he's doomed https://vine.co/v/5D1npBTAiYZ,neither,0.04481792706102342,0.3285309153331912,0.6266511576057854
@RevloBot That would be HILARIOUS!,neither,0.0349629010710001,0.3750956720913566,0.5899414268376433
Finally caught up over the weekend. This is my first live show!,neither,0.038648664430432536,0.36125292630660044,0.6000984092629671
Anyone else watch Reign of Fire in preparation,neither,0.04336110856969921,0.32903198201564726,0.6276069094146536
GUYS I JUST RESERVED A TESLA MODEL 3!!!,neither,0.035520605571108685,0.3500350978425374,0.6144442965863538
i think people should be worried if matt is feeling unforgiving tonight unlike the last fight,neither,0.04991979867164448,0.34840960241321434,0.6016705989151413
ç,neither,0.03945320844208391,0.33037608806864915,0.630170703489267
my favorite encounter was the cursed campfire with the dancing husks,neither,0.024107937200717345,0.39252742082715913,0.5833646419721236
I really want this music on spotify,neither,0.036363175017860495,0.34328524901039775,0.6203515759717418
@Stummpey Congratz,neither,0.03945320844208391,0.33037608806864915,0.630170703489267
!critimer,neither,0.03945320844208391,0.33037608806864915,0.630170703489267
!wallet,neither,0.03945320844208391,0.33037608806864915,0.630170703489267
scanlan vs vedmire yay :),neither,0.03945320844208391,0.33037608806864915,0.630170703489267
mr_malyson has 1556 coins,neither,0.03989735448983053,0.32283777050957063,0.6372648750005988
Yahoooo!!!! Gunna get some smoking revenge for Fort Daxio,neither,0.028848037040799645,0.32421457462913583,0.6469373883300645
bidet from the uk,neither,0.039613273355342184,0.2892653269430044,0.6711213997016535
wait you're hearing music? do i need to reload?,neither,0.08364592300778535,0.33569963100443656,0.580654445987778
Bidet from Wisconsin will fall asleep half way threw,neither,0.04109500674928825,0.3041852472253866,0.6547197460253251
!wallet,neither,0.03945320844208391,0.33037608806864915,0.630170703489267
beatzbear has 1815 coins,neither,0.03989735448983053,0.32283777050957063,0.6372648750005988
My first episode was their first fight with the Briarwoods. Been addicted ever since,neither,0.021741247914452103,0.3937176629917132,0.5845410890938347
Beep from Kentucky.,neither,0.04071751644889743,0.3089174816120565,0.6503650019390461
@Pixiestixs Don't do it D: There's so much to watch firrrst XD,neither,0.047267294866339855,0.3263806986063049,0.6263520065273552
!wallet,neither,0.03945320844208391,0.33037608806864915,0.630170703489267
Bidet all,offensive_language,0.046917543854519406,0.6277741405869331,0.3253083155585475
hanible has 2015 coins,neither,0.03980134842295792,0.3244672440202677,0.6357314075567744
!crittimer,neither,0.03945320844208391,0.33037608806864915,0.630170703489267
I wanna see Grog thow Scanlan at an enemy who then turns into a triceratop mid flight,neither,0.039517628354290936,0.3789226155559209,0.5815597560897882
!wallet,neither,0.03945320844208391,0.33037608806864915,0.630170703489267
tairu0328 has 2892 coins,neither,0.03989735448983053,0.32283777050957063,0.6372648750005988
Bidet from *** hot Aus,neither,0.04115033800975126,0.3015713701501045,0.6572782918401443
Beep Beep from Lebanon OH!,neither,0.050416241482135554,0.21698369937451742,0.732600059143347
!wallet,neither,0.03945320844208391,0.33037608806864915,0.630170703489267
fallenstar1011 has 1170 coins,neither,0.03989735448983053,0.32283777050957063,0.6372648750005988
bidet from Missouri!,neither,0.04071751644889743,0.3089174816120565,0.6503650019390461
Finally catch up to live,neither,0.04799568347850572,0.37528040089362136,0.576723915627873
@johnnygogo382 yes,neither,0.03945320844208391,0.33037608806864915,0.630170703489267
"Also, Bidet from Sydney Australia! :D",neither,0.04024455713963735,0.3169448354156388,0.642810607444724
Fave: The pit fiend battle from last episode. Biting my nails the whole time.,neither,0.03290939333207821,0.35634409779240406,0.6107465088755178
"Started my own group of co-workers and have had 2 sessions, that went great!",neither,0.04048384833981655,0.3615318282576772,0.5979843234025063
Its high moon BrokeBack,neither,0.03221471451681718,0.39734582417325903,0.5704394613099238
@chaoticloony Thanks! :p,neither,0.035884468650613,0.3004919205142699,0.6636236108351171
New Mexico HYPE!!!!!!,neither,0.04284205558368398,0.24606419667097393,0.7110937477453421
soooooooooooo scare😆😆😆😆😆😆😆😆d,neither,0.03945320844208391,0.33037608806864915,0.630170703489267
Bidet From Portland,neither,0.04066490145509902,0.30981049537100724,0.6495246031738937
"@Pixiestixs I recommend waiting to catch up, this will have way to many spoilers from where you're at",neither,0.07445860589948629,0.3433537008837871,0.5821876932167267
hello all!,neither,0.04217753453783664,0.43734383323855475,0.5204786322236087
!wallet,neither,0.03945320844208391,0.33037608806864915,0.630170703489267
kittykatw has 2880 coins,neither,0.03989735448983053,0.32283777050957063,0.6372648750005988
I am afraid of how this evening is going to go.,neither,0.050018057359275815,0.34926852095630373,0.6007134216844204
I wish I was cool,neither,0.03930201197752027,0.33294228666362313,0.6277557013588566
im excited hahah xD,neither,0.03864631457744114,0.36100708831537476,0.6003465971071841
gandsSubHype gandsSubHype gandsSubHype gandsSubHype,neither,0.03945320844208391,0.33037608806864915,0.630170703489267
@Animusvalus Also hi from Kentucky!,neither,0.040359419748140446,0.31499531718182033,0.6446452630700393
bidet from virginia!!,neither,0.04079557052152802,0.30759270029461827,0.6516117291838538
!wallet,neither,0.03945320844208391,0.33037608806864915,0.630170703489267
auralys has 9884 coins,neither,0.03989735448983053,0.32283777050957063,0.6372648750005988
oh there is music,neither,0.05634282300549494,0.22214818085034907,0.721508996144156
gandsSCANLAN,neither,0.03945320844208391,0.33037608806864915,0.630170703489267
Also missouri!,neither,0.03945320844208391,0.33037608806864915,0.630170703489267
SOUTH CAROLINA HYYYYYYPPPPPPEEE!!,neither,0.03945320844208391,0.33037608806864915,0.630170703489267
"For those who can't find a local group to play D&D with, check out Roll20.",neither,0.04568780811528849,0.2723581538648927,0.6819540380198188
they all gonna die tonight,neither,0.20609575397133165,0.19354789187575605,0.6003563541529122
gandsSubHype gandsSubHype gandsSubHype gandsSubHype gandsSubHype gandsSubHype gandsSubHype gandsSubHype,neither,0.03945320844208391,0.33037608806864915,0.630170703489267
whos ready for TPK,neither,0.03348489129567351,0.30057289630363393,0.6659422124006926
Bidet one and All from London!,neither,0.040368194949505685,0.37069356386784785,0.5889382411826466
@Altair_Saosin why afraid?,neither,0.0257284510825025,0.350510600359917,0.6237609485575806
Marathoned watched this back to back to back duing the summer months til i caught uop,neither,0.04605258920896632,0.3184792932963229,0.6354681174947107
mexico wooooo!!!,neither,0.03945320844208391,0.33037608806864915,0.630170703489267
Coins?,neither,0.03945320844208391,0.33037608806864915,0.630170703489267
I hope no TPK tonight.,neither,0.08442828079143158,0.18141549016615618,0.7341562290424123
Bidet from oklahoma,neither,0.04066490145509902,0.30981049537100724,0.6495246031738937
travis choosing dnd over cowboys?,neither,0.037538783390367765,0.33153603577047286,0.6309251808391593
I am digging this music,neither,0.03918535259647565,0.3319182593310211,0.6288963880725031
!wallet,neither,0.03945320844208391,0.33037608806864915,0.630170703489267
bidet from Louisiana!,neither,0.04062582848913359,0.31047366557575606,0.6489005059351104
Very excited for Pikes armour <3,neither,0.03318329498785731,0.29907265352930434,0.6677440514828384
theonlycalamariking has 10225 coins,neither,0.03989735448983053,0.32283777050957063,0.6372648750005988
fit like 3-4 episodes a day,neither,0.0497404609966982,0.3311096033303798,0.6191499356729221
tonight trinket dies,neither,0.03655203417493219,0.30608202826882247,0.6573659375562454
MO represent!,neither,0.03945320844208391,0.33037608806864915,0.630170703489267
how was the last episode of talks machina? I missed it,neither,0.03771829944588828,0.32047473964542744,0.6418069609086842
Wow...2K viewers and the show is still a long way from starting. LOL,neither,0.04625128466539787,0.2824823881439481,0.6712663271906539
"Thank ya. Long time viewer, finally got caught up after a year. Watching live from now on...!",offensive_language,0.029734916553860766,0.5305816438801617,0.4396834395659775
i lost my virginity to this song,neither,0.03411794145062236,0.40615301009393745,0.5597290484554402
Bidet,neither,0.03945320844208391,0.33037608806864915,0.630170703489267
!wallet,neither,0.03945320844208391,0.33037608806864915,0.630170703489267
gandsGandsBeardedMen,neither,0.03945320844208391,0.33037608806864915,0.630170703489267
stormmageddon15 has 1552 coins,neither,0.03989735448983053,0.32283777050957063,0.6372648750005988
came for gandsSCANLAN stay for gandsGandsModAlert gandsMatt,neither,0.02857085510354522,0.276325712890779,0.6951034320056758
Hopefully it's just the army and not thordak,neither,0.032277309741573106,0.30573804979135116,0.6619846404670756
!wallet,neither,0.03945320844208391,0.33037608806864915,0.630170703489267
mandax31 has 3695 coins,neither,0.03989735448983053,0.32283777050957063,0.6372648750005988
From Oklahoma via Washington,neither,0.04369102037243175,0.13097722039716445,0.8253317592304038
yay finally,neither,0.03945320844208391,0.33037608806864915,0.630170703489267
!wallet,neither,0.03945320844208391,0.33037608806864915,0.630170703489267
richcsigs has 1747 coins,neither,0.03989735448983053,0.32283777050957063,0.6372648750005988
@Tairu0328 Ok as well,neither,0.036899758677309796,0.3737147945497263,0.5893854467729639
@WarHistorian Travis knows what's important. lol,neither,0.03716254945121296,0.3694379946919583,0.5933994558568287
!wallet,neither,0.03945320844208391,0.33037608806864915,0.630170703489267
gozirra has 1411 coins,neither,0.03989735448983053,0.32283777050957063,0.6372648750005988
!wallet,neither,0.03945320844208391,0.33037608806864915,0.630170703489267
writofpassage has 1641 coins,neither,0.03989735448983053,0.32283777050957063,0.6372648750005988
!wallet,neither,0.03945320844208391,0.33037608806864915,0.630170703489267
do they only play zeldas lullaby....,neither,0.04129400001790244,0.32974295543511833,0.6289630445469794
wrymthem has 3119 coins,neither,0.03989735448983053,0.32283777050957063,0.6372648750005988
Bidet from Nova Scotia!,neither,0.04228451509352876,0.2823214250720796,0.6753940598343917
@Animusvalus Louisville here!,neither,0.0979213125458446,0.2854165492562083,0.6166621381979471
!wallet,neither,0.03945320844208391,0.33037608806864915,0.630170703489267
xyrith556 has 3133 coins,neither,0.03989735448983053,0.32283777050957063,0.6372648750005988
but does grog?,offensive_language,0.017503738813924065,0.5194008457557123,0.4630954154303636
beep beep from Georgia,neither,0.04066490145509902,0.30981049537100724,0.6495246031738937
Regina Saskatchewan here!,neither,0.09364123505225529,0.28810195686813106,0.6182568080796136
yes i lost my virginity while playing zelda,neither,0.03216562108804704,0.3846860185150116,0.5831483603969414
Fill me in on what has happened in a simple 2-3 sentence.,neither,0.03637230091008243,0.3566563350106247,0.606971364079293
I wonder when the next give away is.,neither,0.03658147193868326,0.34734265506408596,0.6160758729972307
!wallet,neither,0.03945320844208391,0.33037608806864915,0.630170703489267
!wallet,neither,0.03945320844208391,0.33037608806864915,0.630170703489267
bowtiefox has 3912 coins,neither,0.03989735448983053,0.32283777050957063,0.6372648750005988
esopbelac117 has 381 coins,neither,0.03989735448983053,0.32283777050957063,0.6372648750005988
looking forward to this my firrsr livestream,neither,0.03474935168238201,0.3960439053490746,0.5692067429685433
low intelligence,neither,0.03945320844208391,0.33037608806864915,0.630170703489267
Aw yus we hype,neither,0.03929973136270677,0.33298099464893866,0.6277192739883546
this song is really nice,neither,0.04779225741577157,0.33709793518530484,0.6151098073989235
I am so about this nice piano jazz pre-stream music,neither,0.038274623116093545,0.3742481611685962,0.5874772157153102
bidet from nz,neither,0.04228451509352876,0.2823214250720796,0.6753940598343917
@GamerWoman3D They have effectively walked into the final boss room by accidentally glitching through a wall. Not sure how well this is gonna work out.,neither,0.03684740513146644,0.4369612016904978,0.5261913931780358
bidget and beep beep,neither,0.03763944115734239,0.1918412352459551,0.7705193235967025
Nice @gamerwoman3d,neither,0.03945320844208391,0.33037608806864915,0.630170703489267
Who want to see Allura kicking some ass?,offensive_language,0.09608493815136065,0.8984112771139253,0.005503784734714108
!wallet,neither,0.03945320844208391,0.33037608806864915,0.630170703489267
kalmaniii has 1763 coins,neither,0.03989735448983053,0.32283777050957063,0.6372648750005988
!wallet,neither,0.03945320844208391,0.33037608806864915,0.630170703489267
dwsmiley has 3491 coins,neither,0.03989735448983053,0.32283777050957063,0.6372648750005988
Did Matt ever say what the trigger for Mythcarvers awakening was?,neither,0.03823876016358563,0.3017849445226608,0.6599762953137535
!wallet,neither,0.03945320844208391,0.33037608806864915,0.630170703489267
techwolf_lupindo has 443 coins,neither,0.03989735448983053,0.32283777050957063,0.6372648750005988
bidet from Portland OR,neither,0.040570124267008914,0.3114191116016469,0.6480107641313441
gandsMatt gandsMatt lets do this,neither,0.040148419443759686,0.3496283523875733,0.610223228168667
"I hope to get some roll20 time when my schedule clears up. Between real job, DMing, and trying to get some stories written from fan art its been a tight schedule",neither,0.033549471405867184,0.3978962870265902,0.5685542415675428
gandsSubHype gandsSubHype gandsSubHype gandsSubHype,neither,0.03945320844208391,0.33037608806864915,0.630170703489267
Grog always knows what's important. lolol,neither,0.04223492426949526,0.3706525490237601,0.5871125267067446
"Too soon for a Thordak fight, no plans or preparations have been made.",neither,0.0347356849623384,0.3314926250003416,0.63377169003732
Calling out form the land of England over here! 3 am to 6am here i come! haha,neither,0.07805648762765781,0.33954213188595234,0.5824013804863898
BIDET,neither,0.03945320844208391,0.33037608806864915,0.630170703489267
So exciting!,neither,0.03940934168832202,0.38195233036853654,0.5786383279431415
Calming music before chaos,neither,0.03608446073302382,0.3875525284223413,0.5763630108446349
beep beep from straya,neither,0.04228451509352876,0.2823214250720796,0.6753940598343917
gandsSubHype gandsSubHype gandsSubHype gandsSubHype,neither,0.03945320844208391,0.33037608806864915,0.630170703489267
"well, only took me all of November, but I made it from episode one right up to now...............",neither,0.035016519433477264,0.44684584446631737,0.5181376361002052
gandsSubHype gandsSubHype gandsSubHype gandsSubHype gandsSubHype gandsSubHype gandsSubHype gandsSubHype gandsSubHype gandsSubHype gandsSubHype gandsSubHype,neither,0.03945320844208391,0.33037608806864915,0.630170703489267
"Haha. I'm from Irvine, which is just a short way from Richmond. Nice to see someone else from the Bluegrass. :D",neither,0.04345557947969832,0.339707140869826,0.6168372796504756
Howdy from Oregon........,neither,0.04071751644889743,0.3089174816120565,0.6503650019390461
gandsMatt gandsMatt gandsMatt,neither,0.03945320844208391,0.33037608806864915,0.630170703489267
Bidet from Houston,neither,0.040875471929787875,0.3062365648703896,0.6528879631998226
@jadenest character progression. talks about it a bit on talks machina,neither,0.03604369228977946,0.35469868485327294,0.6092576228569476
bidet from Colorado,neither,0.04066490145509902,0.30981049537100724,0.6495246031738937
i hope tonight isnt to stressful dont think i can handle it after this week,neither,0.06100855945431856,0.24373339639682237,0.6952580441488591
They are basically spent right?,neither,0.06185366632970221,0.305524104121558,0.6326222295487397
!wallet,neither,0.03945320844208391,0.33037608806864915,0.630170703489267
woot finall subscribed!,neither,0.03945320844208391,0.33037608806864915,0.630170703489267
integrityimagery has 39 coins,neither,0.039786931594589625,0.3247119352226015,0.6355011331828089
Spice?,neither,0.03945320844208391,0.33037608806864915,0.630170703489267
how do you want to do this chat,neither,0.06497989721411809,0.3628982742146526,0.5721218285712293
!wallet,neither,0.03945320844208391,0.33037608806864915,0.630170703489267
waterdragon123457 has 1701 coins,neither,0.03989735448983053,0.32283777050957063,0.6372648750005988
peeb peeb from wtf is beep beep,offensive_language,0.05982365731631107,0.6620550881024222,0.2781212545812667
what time does dnd start,neither,0.0306115577310699,0.44630566314349335,0.5230827791254369
lark,neither,0.03945320844208391,0.33037608806864915,0.630170703489267
"Death is part of the game. Character death sucks, but a new character just means a new story!",neither,0.041499504855722694,0.2470942372987991,0.7114062578454783
@Animusvalus Indeed! :D,neither,0.03945320844208391,0.33037608806864915,0.630170703489267
!crtimer,neither,0.03945320844208391,0.33037608806864915,0.630170703489267
There is currently 20 minutes 59 seconds until the next episode of Critical Role. www.wheniscriticalrole.com,neither,0.0419854924041471,0.3101183209097132,0.6478961866861397
Bidet from the UK!,neither,0.039613273355342184,0.2892653269430044,0.6711213997016535
PogChamp zelda PogChamp,neither,0.03945320844208391,0.33037608806864915,0.630170703489267
!wallet,neither,0.03945320844208391,0.33037608806864915,0.630170703489267
Yes they are spent,neither,0.06733323363640663,0.282595636331782,0.6500711300318115
qnunr has 2773 coins,neither,0.03989735448983053,0.32283777050957063,0.6372648750005988
!wallet,neither,0.03945320844208391,0.33037608806864915,0.630170703489267
brastias has 3404 coins,neither,0.03989735448983053,0.32283777050957063,0.6372648750005988
bidet from the uk :D,neither,0.039613273355342184,0.2892653269430044,0.6711213997016535
gandsPitCrew gandsPitCrew gandsPitCrew gandsPitCrew gandsPitCrew,neither,0.03945320844208391,0.33037608806864915,0.630170703489267
what special stuff do subscribtions get?,neither,0.08344940871012238,0.3133839662482881,0.6031666250415895
@GMan129MWO I'll have to check it out.,neither,0.039291628938975955,0.3544665969948912,0.6062417740661329
Bidet from Alabama!,neither,0.04078317879478948,0.307803020237201,0.6514138009680096
!wallet,neither,0.03945320844208391,0.33037608806864915,0.630170703489267
whats bidet,neither,0.03945320844208391,0.33037608806864915,0.630170703489267
deljase has 4531 coins,neither,0.03989735448983053,0.32283777050957063,0.6372648750005988
where THE *** is larkin,neither,0.05801350487136781,0.24015946523463783,0.7018270298939943
CritRole!,neither,0.03945320844208391,0.33037608806864915,0.630170703489267
LOL. I've been a subscriber for 16 months and only have a 3-month subscriber badge. Well done G&S.,neither,0.020472680617356822,0.32663344801679933,0.6528938713658438
biday,neither,0.03945320844208391,0.33037608806864915,0.630170703489267
"@Hachendis They hunted a Pit Fiend for the Plate of the Dawnmartyr, nearly died but it worked. Scanlan mindfucked teh guard into thinking they were killing someone plotting against the Sultan, the go back to Ft. Daxio and shit's on fire",offensive_language,0.04960290836626757,0.6781972830644593,0.27219980856927317
larkin watch,neither,0.05163230021258811,0.32618713992918136,0.6221805598582305
Bidet and beep beep from Dallas!,neither,0.03969326554575909,0.26139817438363727,0.6989085600706036
!wallet,neither,0.03945320844208391,0.33037608806864915,0.630170703489267
teachme549 has 2000 coins,neither,0.039786931594589625,0.3247119352226015,0.6355011331828089
'Hey Sun Tree...',neither,0.03945320844208391,0.33037608806864915,0.630170703489267
so what re the coinds for?,neither,0.0645466936534671,0.281774220718907,0.653679085627626
!wallet,neither,0.03945320844208391,0.33037608806864915,0.630170703489267
goopguardian has 29 coins,neither,0.0397943973657196,0.3245852216024159,0.6356203810318646
what episode would this be? this si the first time watching the stream.,neither,0.03641107384949015,0.32350687868961847,0.6400820474608914
"@rondin119 I don't think they are COMPLETELY spent, but I know they just used one of Keyleth's high level spells just to get back from the Fire Plane.",neither,0.044399877553657104,0.3681280599071038,0.5874720625392391
bi day? like bisexual?,neither,0.04884092979258226,0.3310464407774765,0.6201126294299413
Great *** music,neither,0.0370640399210632,0.2982264726944986,0.6647094873844384
Bidet,neither,0.03945320844208391,0.33037608806864915,0.630170703489267
I need my critrole its been to long,neither,0.027477096785833228,0.4179219332682136,0.5546009699459531
Bidet all from MD,neither,0.042694513426253154,0.3885514576687511,0.5687540289049957
bidet,neither,0.03945320844208391,0.33037608806864915,0.630170703489267
bidet is grogs mispronunciation of good day,neither,0.05179803107759089,0.30505738170637775,0.6431445872160314
my girl gandsAJinSpace will be in da house,offensive_language,0.04844894335372033,0.5783006815238845,0.37325037512239523
Yay!,neither,0.03945320844208391,0.33037608806864915,0.630170703489267
bi day every day,neither,0.04027835232319145,0.3059479763123308,0.653773671364478
Bidet,neither,0.03945320844208391,0.33037608806864915,0.630170703489267
Can someone tell me where the *** is Larkin?,neither,0.04061815596043062,0.31342219383618014,0.6459596502033893
!wallet,neither,0.03945320844208391,0.33037608806864915,0.630170703489267
sandrock124l8 has 655 coins,neither,0.03989735448983053,0.32283777050957063,0.6372648750005988
still waiting for vax to find larkin.....,neither,0.043096403143568204,0.21790392719021845,0.7389996696662133
Thordak shouldn't be there. Matt said several times with Raishan that Thordak would never leave his lair.,neither,0.039947268918771664,0.3731670565495945,0.5868856745316339
bidet form Columbus Ohio,neither,0.03945320844208391,0.33037608806864915,0.630170703489267
Bidet,neither,0.03945320844208391,0.33037608806864915,0.630170703489267
"Yeah, didn't the rest at Cenokir's?",neither,0.014760823443702763,0.4720021750512294,0.5132370015050679
Cannot wait for this episode. It's gonna be nuts tamLove,neither,0.033907275821453566,0.34437636319953063,0.6217163609790158
beatin those keys,neither,0.0624749648039547,0.2652218715233177,0.6723031636727276
!wallet,neither,0.03945320844208391,0.33037608806864915,0.630170703489267
naotomor1 has 91 coins,neither,0.03978108663330774,0.3248111394696886,0.6354077738970038
who or what is grog,neither,0.06486094599312793,0.4172894083242514,0.5178496456826207
Makes me feel I'm watching critrole in a flight to Amsterdam,neither,0.03844053321361444,0.35500176997882305,0.6065576968075624
gandsDrink gandsMatt gandsCrit,neither,0.03945320844208391,0.33037608806864915,0.630170703489267
Bidet,neither,0.03945320844208391,0.33037608806864915,0.630170703489267
"Bidet from Lafayette, Louisiana!",neither,0.04062582848913359,0.31047366557575606,0.6489005059351104
larkin!? oh larkin?!,neither,0.051363287716059566,0.22255663153133606,0.7260800807526044
OH!,neither,0.051363287716059566,0.22255663153133606,0.7260800807526044
#TarkinWatch,neither,0.03945320844208391,0.33037608806864915,0.630170703489267
"Bidet from Stockholm, Sweden. :)",neither,0.04228451509352876,0.2823214250720796,0.6753940598343917
