text,top_class,hate_speech,offensive_language,neither
Lets hope bnot,neither,0.09264317562423197,0.19876265971485704,0.7085941646609111
passes @Davidguy a coffee...you're gonna need this,neither,0.08583800016456082,0.24105990583152573,0.6731020940039134
CAPS LOCK IS CRUISE CONTROL FOR COOL,neither,0.04025961158885701,0.3094382108790792,0.6503021775320639
why would they tell mods anything i mean really Kappa,neither,0.03099053317718973,0.3375522161689811,0.6314572506538292
"bidet was grog's interpretation of ""good day"" and so all the geeks are overly using the term",neither,0.0507020192303154,0.35918289266949827,0.5901150881001863
Will Larkin be on tonight?,neither,0.0346831393915248,0.29220285485541847,0.6731140057530568
Why are they forcing this on us. Very awkward for the non fake fun people of Vox Machina,neither,0.07693345074482293,0.29279416929171426,0.6302723799634627
alpha is bad and they should feel bad,neither,0.04853892825063678,0.3229594307826304,0.6285016409667328
"@DoctorJangel, it's from critical role, Grog at one point said ""bidet"" trying to be formal, obviously meaning something like ""g'day""",neither,0.04727966660326648,0.3494148159922377,0.6033055174044957
"im gonna stay to make twitch great again, then im gonna build a wall around alpha!",neither,0.03880012556811352,0.39946787113665255,0.561732003295234
@AngelOfMusicOG The cutoff date was changed to Nov 17,neither,0.04338872227503508,0.31760270756059034,0.6390085701643746
beep beep from Mexico,neither,0.040769555981420263,0.3080342349327864,0.6511962090857933
yo yo gandsSCANLAN,offensive_language,0.04010381111145228,0.5271105317972344,0.4327856570913131
!wallet,neither,0.03945320844208391,0.33037608806864915,0.630170703489267
ravenexx has 2258 coins,neither,0.03989735448983053,0.32283777050957063,0.6372648750005988
@productighoul i hear ya. the winds are suppose to get up to 40-60 tomorrow. :(,neither,0.04702187724530491,0.4671011723321889,0.4858769504225063
spice,neither,0.03945320844208391,0.33037608806864915,0.630170703489267
beep peep,neither,0.03945320844208391,0.33037608806864915,0.630170703489267
!giveaway,neither,0.03945320844208391,0.33037608806864915,0.630170703489267
The results of the last giveaway are at www.revlo.co/geekandsundry/giveaways/105039,neither,0.055174051532157535,0.2916341639678895,0.653191784499953
"THIS WILL BE THE LAST EPISODE OF TALKS MACHINA ON TWITCH BEFORE IT BECOMES EXCLUSIVE TO ALPHA ONLY. UNLESS THEY'VE STATED OTHERWISE, BUT THEY HAVEN'T TOLD US MODS ANYTHING",neither,0.03814059630853542,0.33957237310215416,0.6222870305893106
prob gonna be on alpha for a couple episodes and gonna get back on twitch because there will be no audience,neither,0.03388833190251459,0.33502052122727805,0.6310911468702073
Talks Machina Season Finale Kappa,neither,0.03962016828852705,0.32754234374403146,0.6328374879674414
Wait this starts at 7 right?,neither,0.03769451758152738,0.37256632618447066,0.5897391562340019
"Bidet from Seymour Tennessee, well currently cookeville Tennessee",neither,0.039998525466370186,0.3211206350024841,0.6388808395311458
they cancelld talks for the week,neither,0.03296231383180522,0.2874113279949748,0.6796263581732199
Will TalksMachina be on the website after this week? Or only Alpha?,neither,0.03811332363860075,0.31594305537352574,0.6459436209878735
beep beep,neither,0.03945320844208391,0.33037608806864915,0.630170703489267
@jeffrey_lindsey nothing. because LDN won't let them program against Alpha,neither,0.03546427629060153,0.35940131023222227,0.6051344134771761
Matt just tweeted that they're 'starting real soooooon!',neither,0.039128625729948054,0.4387131213453368,0.5221582529247152
ALPHA = *** Go check out the reddit threads prope,neither,0.03642359601500481,0.3332333574798216,0.6303430465051736
"LOLOLOLOL Wow what a FRICKIN ""safe space"" mentality. k fine w/e",neither,0.042696390188444594,0.3280199447533661,0.6292836650581893
"Hey, people also subbed for concession stand, drama club heroes, and ... oh wait...",neither,0.0507645554371123,0.27381005939123376,0.6754253851716538
"Bidet, got any spice?",neither,0.03809563250463382,0.3792049932999883,0.5826993741953779
Muting butthurt Davidguy,neither,0.03945320844208391,0.33037608806864915,0.630170703489267
@Davidguy Do you know if the rebraodcastr will be on Twitch,neither,0.03399624780939264,0.3960736037040021,0.5699301484866053
"Bidet from Dover, Tennessee",neither,0.04071751644889743,0.3089174816120565,0.6503650019390461
"Authentic_Contiguity, Series Finale*",neither,0.03945320844208391,0.33037608806864915,0.630170703489267
@sparrow015 Home sweet home.,neither,0.03945320844208391,0.33037608806864915,0.630170703489267
itts stuck on the title card for me anyone else,neither,0.02904842739115048,0.3346782128988084,0.6362733597100411
if it was on time every week i would drop the 5$ just for TM but they can't seem to get that right,neither,0.025449854752333634,0.3925319011653699,0.5820182440822965
music PLZ?,neither,0.03945320844208391,0.33037608806864915,0.630170703489267
Alpha?,neither,0.03945320844208391,0.33037608806864915,0.630170703489267
so many subscription costs everywhere already,neither,0.03854746222291629,0.3804008337306686,0.581051704046415
"@LucasBlackstone it's not the money I have issues with, it's the splitting of the community.",neither,0.029468765805143793,0.33269717907671764,0.6378340551181386
gandsGandsVaxSigil gandsGandsVaxSigil gandsGandsVaxSigil,neither,0.03945320844208391,0.33037608806864915,0.630170703489267
the meat man cometh,neither,0.03869115772328134,0.36866941033296635,0.5926394319437523
"@lucasblackstone cause here a sub goes to the channel ,that money goes fully to a company",neither,0.06378821074080787,0.3351175585632546,0.6010942306959376
"wait what, not even TM youtube videos?",neither,0.04147134747228774,0.34150776201190375,0.6170208905158086
talks machina!! best way to wind down after 8 hours of exam review :),neither,0.04293110134405536,0.32392930360707484,0.6331395950488699
@Jaged1235 Hey hey bud!,neither,0.03945320844208391,0.33037608806864915,0.630170703489267
@tblind1 this will be the last,neither,0.04053110878403815,0.28380641502984677,0.6756624761861151
starting on time today?,neither,0.033953734130200926,0.34156126962886857,0.6244849962409305
soon guys,neither,0.039302023019576936,0.3329420992511042,0.627755877729319
"@LucasBlackstone because you vote with your money, and taking money from G&S subs to prop up nerdist contents when a show like CR brought most of the subs... That's shady.",neither,0.05689021089158612,0.3590448316174549,0.5840649574909591
my god is alpha slow AF,neither,0.03568004547435118,0.3960625996778853,0.5682573548477634
is it started yet ?,neither,0.04718005022907051,0.32771847285911865,0.6251014769118108
yeah still on title ard,neither,0.021622553996843836,0.46025804515251917,0.518119400850637
@Morcant85 Our hero Larkin is busy saving the world while the schmucks of VM take some downtime for Talks.,neither,0.03476248041362156,0.30399453431195206,0.6612429852744264
"Help G&S make great content! $4.99/month gets you emotes, Minecraft server access, Sub Only Q&As, VODs, and more! Every sub keeps the channel alive! twitch.tv/geekandsundry/subscribe",neither,0.043092924924402844,0.32365565443818894,0.6332514206374082
@productighoul where the snow plows come out to play~,neither,0.04057193959635695,0.3230495743829443,0.6363784860206988
@kingkpuchino its stuck for me too,neither,0.02225061009285293,0.345575705325563,0.6321736845815841
"says ""Beep beep"" to chat and bows.",neither,0.044272972318469675,0.2944929327989617,0.6612340948825687
Aparently I don't qualify for the free 6 months. feels bad.,neither,0.031571862799789685,0.29504212360912274,0.6733860135910875
"Bidet from Memphis, Tennessee",neither,0.040402255548430084,0.3142682818583747,0.6453294625931952
"Starwarsnerd25, The previous show ran right to the wire. Still catching up.",neither,0.049405447778835924,0.3110141068620352,0.6395804453591288
"@Davidguy Because hte poor mods area always the last to know these things, yet the first ones asked.",neither,0.041012596579687546,0.37765462413966194,0.5813327792806506
"bidet from Harrisburg, PA",neither,0.04069404815304118,0.30931579984010865,0.6499901520068502
gandsLessthanthree gandsMatt gandsLessthanthree gandsMatt gandsLessthanthree,neither,0.03945320844208391,0.33037608806864915,0.630170703489267
Bidet from PA! :),neither,0.04069404815304118,0.30931579984010865,0.6499901520068502
Bidet from Chicago ya'll,offensive_language,0.026498553499045313,0.5623962325879377,0.41110521391301696
"I tried to get on Alpha too... but it just let me apply for Alpha, not sign up... Ugh.",neither,0.02410338278493729,0.3931093087572164,0.5827873084578462
"Talks Machina was delayed due to Game the Game running over, reign your dragons in.",neither,0.05418226611940698,0.2771054746058426,0.6687122592747503
"@Davidguy, do you know if there's a specific reason why it'll be only streamed on alpha? because i think twitch got a far bigger range viewerwise :o",neither,0.030634605096843126,0.38617960752069364,0.5831857873824632
I really hope they talk *** about Alpha like they did last week.,neither,0.05116801187692137,0.2871321862152384,0.6616998019078402
Thank you Lord Mercer for the update :),neither,0.04511484596670309,0.3296514495821776,0.6252337044511193
They are still getting things set up.,neither,0.05268904991439398,0.4089177869215999,0.5383931631640061
is it late... again?,neither,0.044723215468874,0.36337469916587434,0.5919020853652517
gandsMatt,neither,0.03945320844208391,0.33037608806864915,0.630170703489267
I predict an intentional TPK before critrole moves to alpha. You heard it here First Ladies and gentlemen,neither,0.06761558094120822,0.3422462926785309,0.590138126380261
Wonder when the actual Thordak fight will go down. Couple of weeks I'd guess...,neither,0.03405891296712347,0.34121865900625414,0.6247224280266225
"@jpcguy89, Indeed moon2FEELS",neither,0.03945320844208391,0.33037608806864915,0.630170703489267
"""Everyone has to join Alpha... except SmartGirls because Amy Poehler is too high profile...""",neither,0.0416666362748056,0.41940227759659066,0.5389310861286037
bidet from Houston Texas,neither,0.040553695508357114,0.31169795051161153,0.6477483539800314
Link to Reddit re: Alpha?,neither,0.06402273037501224,0.30052759192422646,0.6354496777007613
"Bidet from Davis, California!",neither,0.060427290346484794,0.3061801913200949,0.6333925183334204
ok ty,neither,0.03939779085134877,0.33131666921181135,0.6292855399368399
ya,offensive_language,0.017331157930923866,0.7872544665869478,0.19541437548212848
beep beep from NY,neither,0.04084513770590474,0.30675141581570226,0.6524034464783931
^5 to the Tennesseans!,neither,0.06348207243887267,0.2676115413284709,0.6689063862326565
@lucasblackstone it's more due to the constant bugging out alpha seems to be having. To the point that it's unbearable for a lot of people,neither,0.05229174343514871,0.32014924069524364,0.6275590158696077
Bidet from MD,neither,0.04062582848913359,0.31047366557575606,0.6489005059351104
"@Cade11071994 Thank you, and that really sucks",neither,0.0493517540564036,0.3807341867580308,0.5699140591855656
I BLAME DENISE,neither,0.03945320844208391,0.33037608806864915,0.630170703489267
bidet from Indiana,neither,0.0408364874901429,0.30689823255244486,0.6522652799574122
beep beep from harrisburg pa,neither,0.04069404815304118,0.30931579984010865,0.6499901520068502
It must be nice for the rich kids to say that the cost of Alpha is nothing.... I'm doing good to have an internet connection. :p,neither,0.04172924452490893,0.33251101012307993,0.6257597453520111
"@Vicarious117 if you think me telling you to not be derogatory is a ""Safe space metality"" then that is your issue. I'm still going to purge you if you're outright rude",offensive_language,0.08320831116119973,0.5018306228654545,0.41496106597334587
@sparrow015 I'm building a spow couch,neither,0.03945320844208391,0.33037608806864915,0.630170703489267
@PreRambus because they want 100% of the profit,neither,0.03890886668433152,0.31390725535254843,0.64718387796312
sooo laaaaaaaaaate,neither,0.03945320844208391,0.33037608806864915,0.630170703489267
!rules,neither,0.03945320844208391,0.33037608806864915,0.630170703489267
"1) DON’T BE A DICK! 2) Racism, misogyny, misandry, homophobia, or any other hatred will not be tolerated 3) Rape jokes are not funny...EVER! 4) No spamming or posting of unnecessary links 5) When we dance, you dance 6) Keep it classy!! 7) Respect thy mod",offensive_language,0.05604509079481252,0.5130302277295207,0.4309246814756668
I'm so excited to pay for this on alpha.,neither,0.037050240594035874,0.34798271128015396,0.61496704812581
wassup chat,neither,0.2055947685664873,0.14920899151307965,0.6451962399204331
how hard is it to set this up?,offensive_language,0.0400577403712049,0.56603325503237,0.39390900459642514
"is it just me or is ""bidet"" no longer funny",neither,0.038948501579008386,0.3999903097276813,0.5610611886933102
"My biggest issue with Alpha is that the live stream is buggy. Past broadcasts are fine, but the live stream always freezes for me when I try to AirPlay it to my TV",neither,0.03405921035375002,0.4202929397253258,0.5456478499209243
@PreRambus Cuz Legendary wants your money,neither,0.0664840542725055,0.32287430193452715,0.6106416437929674
DAMN YOU DENISE!! Lol x,offensive_language,0.050200140054123606,0.9415969491079084,0.008202910837967972
"@Jaged1235 Are you on ""The Twitter""?",offensive_language,0.1198198860636405,0.5101381208889322,0.3700419930474274
Hi ninja,neither,0.03945320844208391,0.33037608806864915,0.630170703489267
"They said on twitter ""big announcement tonight"". Maybe no switch to Alpha? Or a new live episode of CR?",neither,0.03413343484854888,0.3695081481454274,0.5963584170060239
@midwest_surfer It is NOT just you,neither,0.07133082064484225,0.4553432633743402,0.4733259159808175
wait... critrole is moving?,neither,0.0490796311739871,0.3270651198657331,0.6238552489602799
"It's a shame, I love the show but I'm not subbing to alpha for one show.",neither,0.049380615181276545,0.2523189317651135,0.6983004530536099
S gandsSubHype,neither,0.03945320844208391,0.33037608806864915,0.630170703489267
@morph091 no way they do it next week without Travis and I believe Ashley,neither,0.03814498985975413,0.3229659501373393,0.6388890600029066
"@Davidguy, Can you watch CR live on alpha?",neither,0.05821640372450738,0.36769580297160387,0.5740877933038887
"i sub to support G&S=== ALPHA: ""Here sub with us too so we can steal business and reap the work you already did.""",neither,0.1041888717903743,0.33633355067110887,0.5594775775385169
Why do i still have a 3 month badge? ive been subber over a year,neither,0.03060013970639493,0.35885945121099555,0.6105404090826094
The start time is really more of a general guideline,neither,0.04627793889680311,0.32250861540307707,0.6312134457001197
like the apple store is almost clsed guys,neither,0.08294099631164008,0.31818258254810833,0.5988764211402515
"It was really stupid for them to have two different URLs, one for beta, and one for when they released.",neither,0.06304312695448594,0.26235237114455806,0.6746045019009559
"Bidet, is always funny.",neither,0.04661561175756657,0.4233802508965849,0.5300041373458486
@productighoul good choice. I'll be making my beer fridge when the winds die down.,neither,0.0762508323062965,0.2782818192252142,0.6454673484684892
And there's no Alpha app so i'm stuck airplaying from my browser,neither,0.031098615529670904,0.35801601656233345,0.6108853679079956
so the last episode is going to be like 10 minutes.....,neither,0.05801086757137566,0.37849432530195914,0.5634948071266651
"@Evion223, The crew was just on a Puzzle Quest Game the Game so it'll be a little bit later than normal",neither,0.033851989049232555,0.3211144404858211,0.6450335704649464
"lol, yeah, they haven't started b/c Denise isn't there yet :D",neither,0.023474198086315127,0.4165264986252679,0.559999303288417
@rjhallett where from Indiana? I'm from Terre Haute,neither,0.043126749878319916,0.26802650271653994,0.6888467474051402
I saw a video last night said critical role will not B going to Alpha,neither,0.04062682404850426,0.28109846014998147,0.6782747158015141
@Warmachine4485 If you have an adblocker on while checking to see if you qualify it can just automatically shock you the 'you dont qualify' message,offensive_language,0.04634635526968003,0.49696885864113755,0.4566847860891824
@land_manatee lol,neither,0.020706217963973744,0.4882283491876925,0.4910654328483337
@themonkeyprincess i agree in the same boat,neither,0.0393759115067592,0.32237484827914537,0.6382492402140953
And with alpha you dont ever get to see the rechat of the vods,neither,0.04353107620694054,0.3373231840469309,0.6191457397461285
Dont blame Denise!! She's perfect! She gets this show together always! Blame Matt. I blame Matt.,neither,0.045188771633544116,0.38568497421110165,0.5691262541553542
BACON - VoteYea OR VoteNay,neither,0.03945320844208391,0.33037608806864915,0.630170703489267
"The cast of Critical Role own the rights to the show, and have said time and again they'll not take it behind a paywall.",neither,0.05553908756061592,0.2683662978835549,0.6760946145558291
I gotta agree. It sucks paying 2 different sites to watch content for 1 show. Please geek and sundry don't let shitty Alpha take talks machina,neither,0.04236555153498039,0.43599390263368115,0.5216405458313383
@AzulDrake CR is dualstreamed to both alpha and twitch,neither,0.048981439048515284,0.299660456442208,0.6513581045092767
DENISE WAS GETTING MAD AT FOSTER SO SHE SABOTAGED THE SHOW,neither,0.04656803961734983,0.4295499667657967,0.5238819936168534
@morph091 sorry this week,neither,0.039335045545910434,0.33238162079729844,0.6282833336567912
Bidet was old more than a month ago,neither,0.040543338635703696,0.3303949357040985,0.6290617256601977
is it on?,neither,0.04716140751131578,0.35461070313804294,0.5982278893506413
https://twitter.com/matthewmercer/status/806336339465515008 Matt's tweet,neither,0.03895144395000096,0.41016745555104095,0.5508811004989579
I am guessing a one shot,neither,0.038530512337573174,0.35817996275233754,0.6032895249100892
Critical Role isn't moving to Alpha,neither,0.04380444221658635,0.3278055739042936,0.6283899838791199
i wonder how many people will actually watch alpha.,neither,0.06637809785622609,0.3100550828648936,0.6235668192788805
alpha gonna be makin g&s a cool extra $50 a month KevinTurtle,neither,0.039101251374033696,0.3619664497200084,0.598932298905958
Critical Role is still free.,neither,0.045244344528637404,0.34015562169333396,0.6146000337780285
@Shadow_284 Gaben bless us on this day and make it so...,neither,0.06606250262102427,0.3277663428281749,0.606171154550801
A stream is earned!,neither,0.04690607540476405,0.3278127053644783,0.6252812192307576
gandsSubHype gandsSubHype gandsSubHype gandsSubHype gandsSubHype gandsSubHype gandsSubHype gandsSubHype gandsSubHype gandsSubHype,neither,0.03945320844208391,0.33037608806864915,0.630170703489267
@Filigreeshadow /r/Geekandsundry has 2 threads... and one in /r/criticalrole.,neither,0.03765278795095626,0.3072953806823822,0.6550518313666615
beep beep,neither,0.03945320844208391,0.33037608806864915,0.630170703489267
oh man,neither,0.0497452509521963,0.354443561064239,0.5958111879835646
VoteYea,neither,0.03945320844208391,0.33037608806864915,0.630170703489267
And then even dumber for them not to redirect the former to the latter.,neither,0.0490642953056822,0.2784029693343278,0.6725327353599899
DENISE IS RAISHAN,neither,0.081172750358939,0.3160268245287109,0.60280042511235
we.live?,neither,0.04675156173251523,0.3319383047908141,0.6213101334766706
gandsSCANLAN,neither,0.03945320844208391,0.33037608806864915,0.630170703489267
GOOD NEWS Everyone! You have now read this message in Farnsworth's voice.,neither,0.04381526619602881,0.43612353353409206,0.5200612002698791
I would hate to be in charge of Alpha's PR dept. Try to put those fires out. I dare you.,neither,0.16474009970837333,0.2639069013409124,0.5713529989507142
So starting from a few weeks will CritRole not be on twitch anymore? only Alpha?,neither,0.038769938154794,0.3440483984483265,0.6171816633968795
VoteYea,neither,0.03945320844208391,0.33037608806864915,0.630170703489267
"Well that's like, your opinion man.",neither,0.08339569434914776,0.44394538713027926,0.472658918520573
"THIS WILL BE THE LAST EPISODE OF TALKS MACHINA ON TWITCH BEFORE IT BECOMES EXCLUSIVE TO ALPHA ONLY. UNLESS THEY'VE STATED OTHERWISE, BUT THEY HAVEN'T TOLD US MODS ANYTHING",neither,0.03814059630853542,0.33957237310215416,0.6222870305893106
VoteYea,neither,0.03945320844208391,0.33037608806864915,0.630170703489267
Vox Machina are going to TPK on purpose and then the show will move to Alpha only,neither,0.07460291345697664,0.22858003718354256,0.6968170493594809
@crowley25_17 I am not. I'm on the reddits by the same username though.,neither,0.03636899115300096,0.3572573468004453,0.6063736620465537
ResidentSleeper,neither,0.03945320844208391,0.33037608806864915,0.630170703489267
Look guys it's simple if you don't like alpha don't get it if you do the get it. Don't worry they will get things sorted out eventually with it and who knows it may end u back on alpha,neither,0.0318827745473754,0.4156050403584204,0.5525121850942042
"@Davidguy, Thank you!",neither,0.07325166854587051,0.43632638485078484,0.49042194660334476
"@Themonkeyprincess, For now",neither,0.028690729876224785,0.2769107983702842,0.694398471753491
Bacon ALWAYS VoteYea,neither,0.03732697213543321,0.39661046463671734,0.5660625632278495
"@sparrow015 Oooh, Beer fridge, I think my couch needs one of those.",neither,0.04436343319083299,0.3523921413423062,0.6032444254668607
A stream is earned,neither,0.04690607540476405,0.3278127053644783,0.6252812192307576
@buttassbooty LMAO,neither,0.03705015143476208,0.3711622369619404,0.5917876116032975
"How long will Alpha last, I wonder...",neither,0.04038808662991458,0.30983809206553414,0.6497738213045512
i say they need more BACON!!,neither,0.04107586046582489,0.3195321827990534,0.6393919567351217
Bidet from S.Oregon,neither,0.04071751644889743,0.3089174816120565,0.6503650019390461
Denise!!!,neither,0.03945320844208391,0.33037608806864915,0.630170703489267
"wouldnt call that rude buddy, was a single word, so yeah ""safe space mentality."" but like i said w/e, im essentially a guest here, i dont make the rules.",neither,0.04558169162289347,0.4110814243063923,0.5433368840707143
Here we go. Enjoy the show everyone. Hit it Denise!,neither,0.08249875192467468,0.31709767488248874,0.6004035731928367
did I miss talks machina already?,neither,0.032382212345605135,0.3490808306139912,0.6185369570404036
Name change for someone to angry baldy,neither,0.0395345649918775,0.3011773316371831,0.6592881033709393
Brian finally angered the producer enough to get fired.,neither,0.04320666597102318,0.32212538316875494,0.634667950860222
VoteYea,neither,0.03945320844208391,0.33037608806864915,0.630170703489267
"@Lpsneaky NW Indiana, Michigan City",neither,0.03945320844208391,0.33037608806864915,0.630170703489267
"@PreRambus, the CR cast said that the only way they could do such a talkshow format was with alpha, so they would prefer to have it free (like cr) and available for everyone but that';s not possible. They fought to keep cr free and thus there is only an ""enhanced"" version or cr on alpha",neither,0.03666673546511553,0.3530970958846448,0.6102361686502397
Are there viewer / subscriber counters on Alpha?,neither,0.06304482060013368,0.2530647569173403,0.683890422482526
@Karraxx Umm...,neither,0.03945320844208391,0.33037608806864915,0.630170703489267
"TALKS MACHINA scheduled to be simulcast at 7 pm Pacific here and on alpha,... it is now 7:17 pm Pacific time",neither,0.06176884605541737,0.3197022991176463,0.6185288548269363
20 minutes late wow,neither,0.03945320844208391,0.33037608806864915,0.630170703489267
YAY,neither,0.03945320844208391,0.33037608806864915,0.630170703489267
Press 1 if you love Denise!,neither,0.0299797231935391,0.46827058973506064,0.5017496870714002
you got this Denise I believe in you,offensive_language,0.09135164156030326,0.5372932404821589,0.37135511795753784
"Bidet from Tucson, Arizona!",neither,0.04078317879478948,0.307803020237201,0.6514138009680096
@ToastyPotato darnit...I did,neither,0.03945320844208391,0.33037608806864915,0.630170703489267
DENISE!!!!,neither,0.03945320844208391,0.33037608806864915,0.630170703489267
Hi Denise!,neither,0.03945320844208391,0.33037608806864915,0.630170703489267
@productighoul build it next to you and you're set!,neither,0.10080826597456156,0.34989168221686506,0.5493000518085733
Kudos to Denise!,neither,0.08141052394132535,0.3085008144527792,0.6100886616058954
Poooound Poooound,neither,0.03945320844208391,0.33037608806864915,0.630170703489267
YAY!,neither,0.03945320844208391,0.33037608806864915,0.630170703489267
Maybe next week we could all just gather in here and chat about the last episode among ourselves.,neither,0.05400317069295526,0.3473612972972655,0.5986355320097791
"Do we know if Denise is an actual person yet, or is she just a mythological being.. like Larkin?",neither,0.0380031896301128,0.4384161445411333,0.5235806658287538
Yay!!!!,neither,0.03945320844208391,0.33037608806864915,0.630170703489267
1,neither,0.03945320844208391,0.33037608806864915,0.630170703489267
1,neither,0.03945320844208391,0.33037608806864915,0.630170703489267
DENISE!,neither,0.03945320844208391,0.33037608806864915,0.630170703489267
DAMMIT DENISE!,neither,0.03945320844208391,0.33037608806864915,0.630170703489267
Yeah!,offensive_language,0.013968601452186464,0.5182923869769311,0.4677390115708824
1,neither,0.03945320844208391,0.33037608806864915,0.630170703489267
DENISE **** HIT IT SwiftRage,neither,0.03681196396511082,0.33128453316013706,0.631903502874752
woop woop!,neither,0.03945320844208391,0.33037608806864915,0.630170703489267
Yay!,neither,0.03945320844208391,0.33037608806864915,0.630170703489267
Yoooo,neither,0.03945320844208391,0.33037608806864915,0.630170703489267
There gonna be any spoilers? Havent watched in a few weeks,neither,0.039010477487986514,0.3350450324209545,0.6259444900910589
YAY!,neither,0.03945320844208391,0.33037608806864915,0.630170703489267
alpha will not take my paypal no matter how many times i enter my info. the site is broke gandsFail gandsFail,neither,0.03117467426744226,0.3992774870497801,0.5695478386827777
Question mark?,neither,0.03945320844208391,0.33037608806864915,0.630170703489267
finally,neither,0.03945320844208391,0.33037608806864915,0.630170703489267
yay Brian!,neither,0.03945320844208391,0.33037608806864915,0.630170703489267
TIME FOR PITCREW,neither,0.027501440403312122,0.315918077696926,0.6565804818997619
yay!!,neither,0.03945320844208391,0.33037608806864915,0.630170703489267
I wax a beta tester for ALPHA and i thing its a great stup,neither,0.031236879630606756,0.2782314029260109,0.6905317174433824
bye chat,neither,0.03945320844208391,0.33037608806864915,0.630170703489267
I tried to find d,neither,0.05531190215631222,0.20548703327008236,0.7392010645736055
#Pitcrew,neither,0.03945320844208391,0.33037608806864915,0.630170703489267
hello Denise!,neither,0.03945320844208391,0.33037608806864915,0.630170703489267
Pit Creeeeeeeeeeeeeeeeww! Pit Crew!,neither,0.03945320844208391,0.33037608806864915,0.630170703489267
whoop whoop,neither,0.03945320844208391,0.33037608806864915,0.630170703489267
gandsCrit gandsCrit gandsCrit gandsCrit gandsCrit,neither,0.03945320844208391,0.33037608806864915,0.630170703489267
gandsLessthanthree,neither,0.03945320844208391,0.33037608806864915,0.630170703489267
they are live,neither,0.09641164677977578,0.25803144961520386,0.6455569036050205
gandsSubHype gandsSubHype,neither,0.03945320844208391,0.33037608806864915,0.630170703489267
woooooooo,neither,0.03945320844208391,0.33037608806864915,0.630170703489267
SPOILERS!!!!,neither,0.03945320844208391,0.33037608806864915,0.630170703489267
Denise is Brian's Mr. Robot.,neither,0.04583567859949098,0.3281808639095022,0.6259834574910069
exciting?,neither,0.03945320844208391,0.33037608806864915,0.630170703489267
It started. refresh if needed,neither,0.025373819911077244,0.37231984566776793,0.6023063344211549
gandsPitCrew gandsPitCrew gandsPitCrew gandsPitCrew gandsPitCrew gandsPitCrew gandsPitCrew gandsPitCrew,neither,0.03945320844208391,0.33037608806864915,0.630170703489267
Pit Crew. gandsPitCrew,neither,0.03945320844208391,0.33037608806864915,0.630170703489267
Critical Role will stay on Twitch.,neither,0.0384670076221011,0.32319866771432376,0.6383343246635751
@sparrow015 Right one winter walker.,neither,0.0379028121853327,0.37313088133829997,0.5889663064763673
gandsNopeNopeNope gandsNopeNopeNope gandsNopeNopeNope gandsNopeNopeNope VoteNay VoteNay VoteNay VoteNay VoteNay riPepperonis riPepperonis riPepperonis riPepperonis BibleThump BibleThump BibleThump BibleThump BibleThump,neither,0.03945320844208391,0.33037608806864915,0.630170703489267
gandsPitCrew gandsPitCrew gandsPitCrew gandsPitCrew gandsPitCrew gandsPitCrew gandsPitCrew gandsPitCrew gandsPitCrew gandsPitCrew gandsPitCrew gandsPitCrew gandsPitCrew gandsPitCrew gandsPitCrew,neither,0.03945320844208391,0.33037608806864915,0.630170703489267
Woop!,neither,0.03945320844208391,0.33037608806864915,0.630170703489267
@jeffrey_lindsey best idea,neither,0.03833465212542559,0.32100944148211025,0.6406559063924642
gandsPitCrew gandsPitCrew gandsPitCrew gandsPitCrew gandsPitCrew gandsPitCrew gandsPitCrew gandsPitCrew,neither,0.03945320844208391,0.33037608806864915,0.630170703489267
and now to open my honeybun,neither,0.03370456969576173,0.3649558405593892,0.6013395897448491
gandsPitCrew gandsPitCrew,neither,0.03945320844208391,0.33037608806864915,0.630170703489267
I thought talks machina was coming =/,neither,0.042418643299002134,0.23681427940242125,0.7207670772985766
YAY!!! Thanks Denise!!!!,neither,0.037140473164393985,0.31100954060766905,0.651849986227937
Pit crew hype!!!!!,neither,0.03945320844208391,0.33037608806864915,0.630170703489267
gandsPitCrew gandsPitCrew gandsPitCrew gandsPitCrew gandsPitCrew gandsPitCrew gandsPitCrew gandsPitCrew,neither,0.03945320844208391,0.33037608806864915,0.630170703489267
Woohoo,neither,0.03945320844208391,0.33037608806864915,0.630170703489267
Pit crew!,neither,0.03945320844208391,0.33037608806864915,0.630170703489267
Yay,neither,0.03945320844208391,0.33037608806864915,0.630170703489267
THEY DON'T ACTUALLY GIVE AWAY FREE ***,neither,0.040746023814382894,0.3084336372214727,0.6508203389641445
LIAMMMMMM,neither,0.03945320844208391,0.33037608806864915,0.630170703489267
nic,neither,0.03945320844208391,0.33037608806864915,0.630170703489267
@BrightwindInk This show is all spoilers!,neither,0.09246115449733867,0.3164265349060966,0.5911123105965648
gandsPitCrew gandsPitCrew gandsPitCrew,neither,0.03945320844208391,0.33037608806864915,0.630170703489267
gandsPitCrew gandsPitCrew gandsPitCrew,neither,0.03945320844208391,0.33037608806864915,0.630170703489267
gandsPitCrew gandsPitCrew gandsPitCrew,neither,0.03945320844208391,0.33037608806864915,0.630170703489267
Yeaaaaaaaaa pit crew,neither,0.03945320844208391,0.33037608806864915,0.630170703489267
gandsPitCrew gandsPitCrew gandsPitCrew gandsPitCrew,neither,0.03945320844208391,0.33037608806864915,0.630170703489267
@davidguy will Talks Machina still be posted on the geek and sundry website?,neither,0.038574291868884725,0.27669907702167135,0.684726631109444
Yay Pit Crew!,neither,0.03945320844208391,0.33037608806864915,0.630170703489267
Pit Crew. gandsPitCrew,neither,0.03945320844208391,0.33037608806864915,0.630170703489267
sup ladies,neither,0.03938492273717383,0.33153507469246213,0.6290800025703641
gandsPitCrew gandsPitCrew gandsPitCrew gandsPitCrew gandsPitCrew gandsPitCrew gandsPitCrew gandsPitCrew gandsPitCrew,neither,0.03945320844208391,0.33037608806864915,0.630170703489267
gandsPitCrew gandsPitCrew gandsPitCrew gandsPitCrew gandsPitCrew gandsPitCrew gandsPitCrew gandsPitCrew gandsPitCrew gandsPitCrew gandsPitCrew gandsPitCrew gandsPitCrew gandsPitCrew gandsPitCrew,neither,0.03945320844208391,0.33037608806864915,0.630170703489267
R E M O V E A L P H A B O Y S,neither,0.03945320844208391,0.33037608806864915,0.630170703489267
gandsPitCrew gandsPitCrew gandsPitCrew gandsPitCrew gandsPitCrew gandsPitCrew,neither,0.03945320844208391,0.33037608806864915,0.630170703489267
gandsPitCrew gandsPitCrew gandsPitCrew gandsPitCrew gandsPitCrew gandsPitCrew gandsPitCrew gandsPitCrew,neither,0.03945320844208391,0.33037608806864915,0.630170703489267
XD gandsPitCrew,neither,0.03945320844208391,0.33037608806864915,0.630170703489267
Weeeee,neither,0.03945320844208391,0.33037608806864915,0.630170703489267
"I guess the new catchphrase for Talks Machina is .. ""Is it Wednesday yet?""",neither,0.046541594309802356,0.2438051646269824,0.7096532410632153
gandsPitCrew gandsPitCrew gandsPitCrew gandsPitCrew gandsPitCrew gandsPitCrew,neither,0.03945320844208391,0.33037608806864915,0.630170703489267
gandsSCANLAN,neither,0.03945320844208391,0.33037608806864915,0.630170703489267
gandsPitCrew gandsPitCrew gandsPitCrew,neither,0.03945320844208391,0.33037608806864915,0.630170703489267
gandsLessthanthree gandsPitCrew,neither,0.03945320844208391,0.33037608806864915,0.630170703489267
gandsPitCrew gandsPitCrew gandsPitCrew gandsPitCrew gandsPitCrew,neither,0.03945320844208391,0.33037608806864915,0.630170703489267
gandsPitCrew gandsPitCrew gandsLessthanthree,neither,0.03945320844208391,0.33037608806864915,0.630170703489267
Pit Crew. gandsPitCrew,neither,0.03945320844208391,0.33037608806864915,0.630170703489267
Oooh pit crew!,neither,0.03945320844208391,0.33037608806864915,0.630170703489267
"Ok, I""m loving the guest reveal sctick",neither,0.03866570170838218,0.31749139469258164,0.6438429035990362
PIT CREW!!!!,neither,0.03945320844208391,0.33037608806864915,0.630170703489267
gandsPitCrew gandsPitCrew gandsPitCrew,neither,0.03945320844208391,0.33037608806864915,0.630170703489267
Yeah!!! Fantastic pit crew!!,neither,0.027084047066677646,0.4139683473695931,0.5589476055637292
gandsPitCrew gandsPitCrew gandsPitCrew gandsPitCrew gandsPitCrew gandsPitCrew gandsPitCrew gandsPitCrew gandsPitCrew gandsPitCrew gandsPitCrew gandsPitCrew gandsPitCrew gandsPitCrew gandsPitCrew,neither,0.03945320844208391,0.33037608806864915,0.630170703489267
gandsPitCrew gandsPitCrew gandsPitCrew gandsPitCrew gandsPitCrew gandsPitCrew,neither,0.03945320844208391,0.33037608806864915,0.630170703489267
#pitcrew,neither,0.03945320844208391,0.33037608806864915,0.630170703489267
Pit Creeeeeeeeeeeeeeeeww! Pit Crew!,neither,0.03945320844208391,0.33037608806864915,0.630170703489267
Hi The Last of Us part 2 star other half! :),neither,0.06404469133006942,0.31482001286929345,0.6211352958006371
gandsPitCrew gandsPitCrew gandsPitCrew gandsPitCrew gandsPitCrew,neither,0.03945320844208391,0.33037608806864915,0.630170703489267
"@BrightwindInk if you havent watched inn a few weeks ans wanna be surprised,, get out now",neither,0.0333431915402517,0.4096385988095727,0.5570182096501756
Denise we will miss you !!,neither,0.05248055009515629,0.3708627580246588,0.5766566918801849
gandsPitCrew gandsPitCrew gandsPitCrew gandsPitCrew gandsPitCrew gandsPitCrew gandsPitCrew gandsPitCrew gandsPitCrew gandsPitCrew gandsPitCrew gandsPitCrew gandsPitCrew gandsPitCrew gandsPitCrew gandsPitCrew gandsPitCrew gandsPitCrew gandsPitCrew gandsPitCrew gandsPitCrew gandsPitCrew gandsPitCrew gandsPitCrew,neither,0.03945320844208391,0.33037608806864915,0.630170703489267
pit crew!,neither,0.03945320844208391,0.33037608806864915,0.630170703489267
Pit Crew. gandsPitCrew,neither,0.03945320844208391,0.33037608806864915,0.630170703489267
Slappin da bass,neither,0.06680705722138908,0.42851752536207316,0.5046754174165379
Not to be anti community but fsck alpha. If it's not on twitch it may as well not exist.,neither,0.028660827680777233,0.376372313025614,0.5949668592936086
show the pitcrew the love,neither,0.05318783342060312,0.20716684972402802,0.7396453168553689
Pit Crew gandsPitCrew,neither,0.03945320844208391,0.33037608806864915,0.630170703489267
yayyyyy,neither,0.03945320844208391,0.33037608806864915,0.630170703489267
"I'm actually caught up this week, so I can watch this with no spoilers thanks goodness",neither,0.03255620880740385,0.4012235650505443,0.5662202261420519
pit crew yay!,neither,0.03945320844208391,0.33037608806864915,0.630170703489267
"@productighoul :D wouldn't recommend couch for friday though, heard the windchill is going to brutal that day.",neither,0.04047955509867805,0.33154900774001766,0.6279714371613043
gandsPitCrew,neither,0.03945320844208391,0.33037608806864915,0.630170703489267
gandsPitCrew gandsPitCrew,neither,0.03945320844208391,0.33037608806864915,0.630170703489267
Cool for the pit crew,neither,0.03383245388056004,0.2931661369974322,0.6730014091220078
hi,neither,0.03945320844208391,0.33037608806864915,0.630170703489267
WOOOOOOOOO,neither,0.03945320844208391,0.33037608806864915,0.630170703489267
Pike is always best.,neither,0.04711470099202297,0.3914374457780298,0.5614478532299471
@deerslayer4390 Most of the early Critical Role episodes were 20-30 mins late...,neither,0.039893553869281013,0.2984285636316809,0.6616778824990381
gandsGandsBeardedMen,neither,0.03945320844208391,0.33037608806864915,0.630170703489267
I tried to find alpha online and I couldn't. pm help?,neither,0.045598462952154674,0.24926042284501462,0.7051411142028308
!pitcrew,neither,0.03945320844208391,0.33037608806864915,0.630170703489267
NO ALPHA OR RIOT SwiftRage,neither,0.03875788134453362,0.3421776035731992,0.6190645150822672
I could play this game better than these jokers. #NightbotBestBot #shade Pit Crew!,neither,0.04365279836798684,0.34791387430559556,0.6084333273264175
gandsPitCrew <3 gandsPitCrew <3 gandsPitCrew <3 gandsPitCrew <3,neither,0.03945320844208391,0.33037608806864915,0.630170703489267
woo Pit Crew!,neither,0.03945320844208391,0.33037608806864915,0.630170703489267
"No offense to the Pit Crew but I am watching for Mercer, et al...",neither,0.03892772415368559,0.26900204920640436,0.6920702266399099
Pit Crew. gandsPitCrew,neither,0.03945320844208391,0.33037608806864915,0.630170703489267
I love bug by carrying scanlan,neither,0.037997322061105926,0.3802460438306263,0.5817566341082677
"Refresh, everyone! It's on!",neither,0.030538343501440923,0.43551550015802076,0.5339461563405384
Pit crewwwwww!,neither,0.03945320844208391,0.33037608806864915,0.630170703489267
@herculesatan_0o I think it is cc only,neither,0.04677963771069468,0.3189680717498596,0.6342522905394458
gandsPitCrew gandsPitCrew gandsPitCrew gandsPitCrew gandsPitCrew gandsPitCrew gandsPitCrew gandsPitCrew,neither,0.03945320844208391,0.33037608806864915,0.630170703489267
gandsPitCrew gandsPitCrew gandsPitCrew gandsPitCrew,neither,0.03945320844208391,0.33037608806864915,0.630170703489267
gandsPitCrew gandsPitCrew gandsPitCrew gandsPitCrew gandsPitCrew gandsPitCrew gandsPitCrew gandsPitCrew,neither,0.03945320844208391,0.33037608806864915,0.630170703489267
whooooooot,neither,0.03945320844208391,0.33037608806864915,0.630170703489267
"It is ""Is it Almost Thursday yet?""",neither,0.05028724396359449,0.326649766451575,0.6230629895848304
PIT CREW,neither,0.03945320844208391,0.33037608806864915,0.630170703489267
YOU'RE GONNA TELL ME THAT DENISE BEING AN ANCIENT GREEN DRAGON IS JUST A COINCIDENCE?! WAKE UP SHEEPLE!,neither,0.04651145816636006,0.43257524106126977,0.5209133007723702
Woot!,neither,0.03945320844208391,0.33037608806864915,0.630170703489267
