text,top_class,hate_speech,offensive_language,neither
@MrGone5 It isn't a G&S thing. It's LDN,neither,0.036344227863178834,0.3314454090539123,0.6322103630829089
"Same, won't use. But maybe bringing up specific reasons why I won't will help Geek and Sundry tweak things",neither,0.020402273032911176,0.3807150404627821,0.5988826865043068
RELOAD,neither,0.03945320844208391,0.33037608806864915,0.630170703489267
ITS A THING! :D,neither,0.030543752688823613,0.33344045845065706,0.6360157888605192
woooohooo,neither,0.03945320844208391,0.33037608806864915,0.630170703489267
yay!!,neither,0.03945320844208391,0.33037608806864915,0.630170703489267
Bidet,neither,0.03945320844208391,0.33037608806864915,0.630170703489267
Woooooo!!! Bidet all!,offensive_language,0.046917543854519406,0.6277741405869331,0.3253083155585475
LIVE,neither,0.04891340716200846,0.3271222919257548,0.6239643009122369
did i miss talks machina,neither,0.03247638395048543,0.33277573793780063,0.6347478781117138
"I do like Escape! + Tabletop, so that's enough for me... :)",neither,0.03393276019363817,0.41403440536647934,0.5520328344398826
"@mrgone5 its legendary's baby, not gns's",neither,0.032642083448509475,0.33700410114821777,0.6303538154032728
Bidet,neither,0.03945320844208391,0.33037608806864915,0.630170703489267
Huh... I wonder if it's just a bit late.,neither,0.02304783528392511,0.3876334274380737,0.5893187372780012
gandsGandsVaxSigil,neither,0.03945320844208391,0.33037608806864915,0.630170703489267
live,neither,0.04891340716200846,0.3271222919257548,0.6239643009122369
that was promising the screen flashed,neither,0.03540201886453953,0.3535267765644662,0.6110712045709942
@sandbagger3 Thanks,neither,0.035884468650613,0.3004919205142699,0.6636236108351171
is wondering why there is t a filler stream,neither,0.041526007121114004,0.3055836522152517,0.6528903406636344
Maybe Thordak got them,neither,0.05806362741955596,0.38265404742221504,0.5592823251582291
oh TM splash screen,neither,0.043279421710978046,0.29355713572186265,0.6631634425671593
we live y'all,neither,0.049269996036998776,0.44163713243900515,0.5090928715239961
MARY's ON THIS TALKS,neither,0.036593176068486305,0.3452433942749152,0.6181634296565985
is the last broadcast on twitch for talks or is there one more next week?,neither,0.04250385816098409,0.3070227121899864,0.6504734296490297
"Wow, so disappointed in all the Alpha hate from a community that's been praised for it's being inclusive nature.",neither,0.0896657469714853,0.3495328644017244,0.5608013886267903
Yay :D,neither,0.03945320844208391,0.33037608806864915,0.630170703489267
!giveaway,neither,0.03945320844208391,0.33037608806864915,0.630170703489267
The results of the last giveaway are at www.revlo.co/geekandsundry/giveaways/105039,neither,0.055174051532157535,0.2916341639678895,0.653191784499953
Bidet!,neither,0.03945320844208391,0.33037608806864915,0.630170703489267
Said they would be late getting started on the twitter,neither,0.03311015577171321,0.4570416125765661,0.5098482316517207
"Game the Game ran late and rhey're swapping sets, chill out guys.",neither,0.04452349993514471,0.25185893552573746,0.7036175645391177
is Alpha free at all?,neither,0.048563049317295874,0.4219278309727459,0.5295091197099583
"@Padapwn, nope, hasn't started yet :)",neither,0.03945320844208391,0.33037608806864915,0.630170703489267
Oh yeah boi,neither,0.02665782550215981,0.39924499806666924,0.574097176431171
I read that the free six month trial is only for people who haved subbed to G&S since the end of September,neither,0.05283842265118985,0.34303494488385533,0.6041266324649549
Bidet from AZ,neither,0.04078317879478948,0.307803020237201,0.6514138009680096
woooo made it home in time for TM,neither,0.032896054108350066,0.32220084514304836,0.6449031007486016
Lol there it is,neither,0.03620954734680586,0.3435768615547767,0.6202135910984176
@Lordofthekings209 You're welcome,neither,0.10626763448287628,0.35096606821718634,0.5427662972999374
Salute! gandsGandsModAlert,neither,0.03945320844208391,0.33037608806864915,0.630170703489267
Bidet from Casa Grande Arizona,neither,0.04042040287069546,0.31396027443879415,0.6456193226905105
"""Free Trial""... just give us your credit card first... you can trust us. Kappa",neither,0.10710825955849668,0.34686068486563104,0.5460310555758722
"Nice job alpha, only took you 12 mins to show the splash screen",neither,0.06105817290739628,0.30024844038856857,0.6386933867040351
"""Gender nonconforming""?",neither,0.03945320844208391,0.33037608806864915,0.630170703489267
Refreshed and the Talks Machina screen is up,neither,0.04257970171471833,0.3215280439183114,0.6358922543669702
"Like they have the slightest chance of giving up on whatever Legendary thinks about making them do... GnS is a part of them, they have to follow what the big bosses say.",neither,0.052401840409077444,0.377021818253593,0.5705763413373295
"@videoadicction i am 100% considerate, i didnt mean to sound harsh. just like to prep to some awseome people is all",neither,0.06936122934804566,0.37917735804616626,0.5514614126057881
#twitchmasterRace,neither,0.03945320844208391,0.33037608806864915,0.630170703489267
A grand Tuesday bidet to everyone!,neither,0.03947514089315318,0.4150312320174698,0.5454936270893771
@uberbaldy It is a G&S thing. They aren't a separate entity since they were bought.,neither,0.04369715877087308,0.3154742910045014,0.6408285502246256
Bidet from Holland Michigan,neither,0.040769555981420263,0.3080342349327864,0.6511962090857933
"They have to swap sets? Wow, this is like watching theater",neither,0.055302995454272856,0.3412659511619322,0.6034310533837949
No sound,neither,0.03817021587683215,0.3521518202447505,0.6096779638784173
huzzah! Bidet TalksMachina Splash screen,neither,0.03945320844208391,0.33037608806864915,0.630170703489267
there we go,neither,0.04083933629015207,0.27628362646603744,0.6828770372438104
So TM hasnt started yet?,neither,0.039414364033552064,0.3687893567853862,0.5917962791810616
@jennz25 Aplha is the opposite of inclusiveness,neither,0.047930170929260954,0.308858157018278,0.6432116720524611
"@LucasBlackstone, I'll see what I can find. I really would rather watch everything on twitch :/",neither,0.04705673439756264,0.2726262980032714,0.680316967599166
"@AngelOfMusicOG For anyone who subscrubed by November 30th, even if you subscribed a year ago",neither,0.03268675144439785,0.4476097707747043,0.5197034777808978
Bidet from AZ,neither,0.04078317879478948,0.307803020237201,0.6514138009680096
Bidet!,neither,0.03945320844208391,0.33037608806864915,0.630170703489267
@jennz25 what there to like about it? worse version twitch/youtube,neither,0.05915837810737247,0.2387306624528815,0.7021109594397461
"Most trials work by getting card information first, to be fair.",neither,0.03710467571179018,0.4020090952873367,0.5608862290008731
"Bidet from Portugal, Europe!",neither,0.04034574383703774,0.31522743308451706,0.6444268230784452
@Dizalddin If you have a G&S sub you can get 6 free months of Alpha sub,neither,0.04360042543576285,0.42089167055975035,0.5355079040044869
Bidet!!!,neither,0.03945320844208391,0.33037608806864915,0.630170703489267
"i understand why they would want something like alpha, but I am not paying $10 a month for their service",neither,0.032755273020559555,0.3324968310219472,0.6347478959574934
"by the way its been a month have you guys heard Ashley sing ""walk through the valley"" yet?",neither,0.042441035815318905,0.3661177363365075,0.5914412278481734
When will they go just to alpha?,neither,0.033947231789803994,0.37245616764265643,0.5935966005675397
beep beep,neither,0.03945320844208391,0.33037608806864915,0.630170703489267
huh rochester michgan,neither,0.03945320844208391,0.33037608806864915,0.630170703489267
"C4_567, Not just yet",neither,0.03160872071816078,0.3671566671519178,0.6012346121299215
wanting the community to be inclusive to alpha when alpha isnt inclusive,neither,0.04024525826189682,0.344345446284711,0.6154092954533922
BEEP BEEP,neither,0.03945320844208391,0.33037608806864915,0.630170703489267
bidet critter peeps!,neither,0.03945320844208391,0.33037608806864915,0.630170703489267
I think Alpha is still in Alpha,neither,0.044130696901707664,0.33237533805823793,0.6234939650400545
Bidet from Houston!,neither,0.040875471929787875,0.3062365648703896,0.6528879631998226
Bidet from Utah,neither,0.04066490145509902,0.30981049537100724,0.6495246031738937
Bidet Critters,neither,0.03945320844208391,0.33037608806864915,0.630170703489267
Finally,neither,0.03945320844208391,0.33037608806864915,0.630170703489267
wait is talk machina only available on alpha?,neither,0.029098796315542578,0.3432857333877656,0.627615470296692
BIDET!,neither,0.03945320844208391,0.33037608806864915,0.630170703489267
"TALKS MACHINA scheduled to be simulcast at 7 pm Pacific here and on alpha,... it is now 7:13 pm Pacific time",neither,0.06176884605541737,0.3197022991176463,0.6185288548269363
Beep Beep everyone,offensive_language,0.02988896790634741,0.4927062106388782,0.4774048214547744
beep beep,neither,0.03945320844208391,0.33037608806864915,0.630170703489267
eyy,neither,0.03945320844208391,0.33037608806864915,0.630170703489267
Beep Beep!!!!,neither,0.03945320844208391,0.33037608806864915,0.630170703489267
nice bandlangug,neither,0.03945320844208391,0.33037608806864915,0.630170703489267
@Warmachine4485 I hear ya. Alpha is still in its formative stage even though it want live. I dread watching it there next week,neither,0.03231197578174567,0.44406409972932787,0.5236239244889265
ResidentSleeper,neither,0.03945320844208391,0.33037608806864915,0.630170703489267
We have a screen!! Bidet everyone,neither,0.03295249598685575,0.44071014394146496,0.5263373600716793
@Nonfic G&S is owned by LDN. Alpha is an LDN intiative that G&S has to participate in but it is not something G&S has any control over,neither,0.04910033253059825,0.36512594248853975,0.5857737249808621
Bidet Houston from Houston!!,neither,0.040240869299375245,0.31700742768938284,0.642751703011242
Bidet from houston!,neither,0.040875471929787875,0.3062365648703896,0.6528879631998226
"Is the show live, or just the start screen with no sound?",neither,0.04398128598377386,0.3036358981438396,0.6523828158723864
bidet,neither,0.03945320844208391,0.33037608806864915,0.630170703489267
Spice?,neither,0.03945320844208391,0.33037608806864915,0.630170703489267
"It doesn't matter, People are still being derogatory and that's not needed.",neither,0.06820423429881038,0.329920959064588,0.6018748066366016
@detectivecain It will be after this one,neither,0.03890161889094438,0.3468369428682629,0.6142614382407927
Will talks machina always stream here too?,neither,0.07301444393614002,0.32841321441735166,0.5985723416465083
ResidentSleeper ResidentSleeper,neither,0.03945320844208391,0.33037608806864915,0.630170703489267
Bidet from snowy finland,neither,0.04228451509352876,0.2823214250720796,0.6753940598343917
bidet from kansas city,neither,0.04050054910234117,0.3125999837227694,0.6468994671748894
Bidet from Central Florida,neither,0.04046104702925519,0.31327043699523416,0.6462685159755107
"bidet from USA, Earth",neither,0.04047309087374694,0.3130660215222798,0.6464608876039734
ferrt,neither,0.03945320844208391,0.33037608806864915,0.630170703489267
@TransientGamers same,neither,0.04148851938089603,0.3488915597363099,0.609619920882794
Beep beep from SW Florida gandsLessthanthree,neither,0.0408948396164547,0.30590784468201904,0.6531973157015263
@AngelOfMusicOG You're eligible if you've been subscribed since before Nov 17,neither,0.03397240836935524,0.42572894762314817,0.5402986440074966
Bidet from Baltimore!,neither,0.04079557052152802,0.30759270029461827,0.6516117291838538
Bidet everyone <3,offensive_language,0.02988896790634741,0.4927062106388782,0.4774048214547744
Do you Spice?,neither,0.06340458516664035,0.38876294420848057,0.5478324706248792
Woah kiritsumitsu you spicin?,neither,0.06251506213094515,0.39389304070454173,0.5435918971645132
"I am trying to watch on alpha, but nothing is there yet :( boo",neither,0.04619413301756329,0.33969514592146305,0.6141107210609735
Bidet from Edmonton,neither,0.04228451509352876,0.2823214250720796,0.6753940598343917
@LucasBlackstone i assume it will pop up on YouTube some time after it airs then? or is it only going to be a paid thing?,neither,0.03750652585967337,0.3663397755471577,0.596153698593169
Start screen no sound,neither,0.03865335897586986,0.34395162095106835,0.6173950200730618
bidet from taiwan,neither,0.04228451509352876,0.2823214250720796,0.6753940598343917
"Bidet from Auburn, MI cloudy and 31 degrees (F)",neither,0.03956518908091955,0.2942386242459016,0.6661961866731788
BIDET,neither,0.03945320844208391,0.33037608806864915,0.630170703489267
"@SpellSlinger91 All good, hard to sense tone throught text :D",offensive_language,0.03511131073740084,0.5521454719525575,0.41274321731004165
moon2SLEEP,neither,0.03945320844208391,0.33037608806864915,0.630170703489267
<3 <3 Talks Machina,neither,0.03945320844208391,0.33037608806864915,0.630170703489267
Bee knees!,neither,0.03945320844208391,0.33037608806864915,0.630170703489267
beep beep Critter Community,neither,0.03945320844208391,0.33037608806864915,0.630170703489267
let's just appreciate how the host dragged Alpha for filth last week,neither,0.02663354224220402,0.33324310234139304,0.640123355416403
**So... I wasn't eligible for the 6 months of free Alpha when I'm subbed to Geek and Sundry on twitch... wtf is this,neither,0.03669014878683981,0.4240446494732284,0.5392652017399318
"This is the last Talks Machina on Twitch. Starting next week, it's on Alpha only",neither,0.03871655409807357,0.3423470003074026,0.6189364455945238
do you spice?,neither,0.06340458516664035,0.38876294420848057,0.5478324706248792
bidet from Scotland!,neither,0.04062582848913359,0.31047366557575606,0.6489005059351104
Bidet from Minnesota,neither,0.04071751644889743,0.3089174816120565,0.6503650019390461
spice?,neither,0.03945320844208391,0.33037608806864915,0.630170703489267
Bidet from CT,neither,0.04066490145509902,0.30981049537100724,0.6495246031738937
"Bidet from Fremont, California.",neither,0.06971251856910227,0.2972619859879888,0.633025495442909
bidet from Alabama,neither,0.04078317879478948,0.307803020237201,0.6514138009680096
I think we are making pop culture,neither,0.0634154549060224,0.25748046435708755,0.67910408073689
spice spice spice?,neither,0.03945320844208391,0.33037608806864915,0.630170703489267
Happy to be here for the series finale of Talks Machina!,neither,0.06811133903687064,0.27621087515165527,0.6556777858114741
Bidet from Milky Way Galaxy,neither,0.04067637601416144,0.3123696366640365,0.6469539873218021
Bidet from Kansas City,neither,0.04050054910234117,0.3125999837227694,0.6468994671748894
Bidet from Iceland,neither,0.04228451509352876,0.2823214250720796,0.6753940598343917
bees knees critters,neither,0.03945320844208391,0.33037608806864915,0.630170703489267
bidet from minnesota!,neither,0.04071751644889743,0.3089174816120565,0.6503650019390461
Bidet from Mexico,neither,0.040769555981420263,0.3080342349327864,0.6511962090857933
im not about to pay for another streaming service so yeah,neither,0.04732969548674145,0.39877204554183154,0.553898258971427
Bidet from Kansas,neither,0.04071751644889743,0.3089174816120565,0.6503650019390461
Beep Beep,neither,0.03945320844208391,0.33037608806864915,0.630170703489267
no @serwyn_ you have to pay another 5 a month for talks machina',neither,0.09454549455024415,0.29206711280069314,0.6133873926490627
voicing opinions is always derogatory,neither,0.046275062408661735,0.3870897562221651,0.5666351813691731
bday,neither,0.03945320844208391,0.33037608806864915,0.630170703489267
bidet from the currently freezing cold edmonton,neither,0.039555261342891605,0.3031337354053523,0.6573110032517561
Bidet,neither,0.03945320844208391,0.33037608806864915,0.630170703489267
beep beep and Bidet,neither,0.03763944115734239,0.1918412352459551,0.7705193235967025
Bidet from Ballarat Australia,neither,0.04062582848913359,0.31047366557575606,0.6489005059351104
bidet from msp,neither,0.04228451509352876,0.2823214250720796,0.6753940598343917
Just the start screen but we're almost there! 😄,neither,0.04485559212123419,0.29024375789491286,0.6649006499838529
moon2CREEP danCreeper,neither,0.03945320844208391,0.33037608806864915,0.630170703489267
"so just curious, where da hell is this alpha thing, been looking for it cant find it lol",offensive_language,0.049986528073325875,0.6003186567872233,0.34969481513945083
@uberbaldy Sure it did. But they sold away that right so now it is their thing. They aren't separate from it.,neither,0.03541297742242021,0.4293484058709495,0.5352386167066303
Bidet,neither,0.03945320844208391,0.33037608806864915,0.630170703489267
spice,neither,0.03945320844208391,0.33037608806864915,0.630170703489267
This will be the last TM I watch. I won't be seeing it when it goes exclusive to alpha.,neither,0.03916957754155617,0.33654740898329816,0.6242830134751457
"@Dizalddin I don't think it will go to Youtube, but maybe G&S VOD",neither,0.04350331592674269,0.31124447220515494,0.6452522118681023
@Jennz25 people can have their own point of view and valid points about why they don't like something. Don't police people's opinions yo.,neither,0.07967417218279423,0.3624291539204455,0.5578966738967602
I'm cool.... spice?,neither,0.03945320844208391,0.33037608806864915,0.630170703489267
"I have finals to study for but I was told via twitter that there's a big announcement tonight, and I must know what it is",neither,0.03421332506503665,0.2443923870575327,0.7213942878774307
"Bidet from Knoxville, TN",neither,0.04037273474496936,0.3147693269362608,0.6448579383187697
Bidet from Richmond California,neither,0.06971251856910227,0.2972619859879888,0.633025495442909
bidet from Fort Worth tx,neither,0.040538671561945475,0.31195294609159274,0.6475083823464618
bidet from PA,neither,0.04069404815304118,0.30931579984010865,0.6499901520068502
i wont support alpha even for the free 6 months,neither,0.052492340009667626,0.3052392600108366,0.6422683999794958
Is Critical Role going over to Alpha as well?,neither,0.04425366909754073,0.36623804875951776,0.5895082821429415
Bidet from La.,neither,0.04094187055022747,0.3051096069949388,0.6539485224548338
Hey from the uk,neither,0.03958730222058713,0.2953547417475007,0.6650579560319122
Bidet from Brissy Australia,neither,0.04062582848913359,0.31047366557575606,0.6489005059351104
alpha is the equivalent of that mobstet,neither,0.04187325733937838,0.34879285233041235,0.6093338903302092
alpha and Omega,neither,0.03849532262610919,0.28064596753809684,0.680858709835794
Did some one say Spice? Kappa,neither,0.032915421292037235,0.3638257181649459,0.6032588605430169
Bidet from North Carolina,neither,0.04040057148408362,0.31429686482539193,0.6453025636905245
bidet from pluto bleep bloop im an alien,neither,0.03998363941283891,0.33981548356196134,0.6202008770251998
"Yeah it was a good run, sad to see it go!",neither,0.02916599657343449,0.4174230533713458,0.5534109500552198
Beep beep and Bidet,neither,0.03763944115734239,0.1918412352459551,0.7705193235967025
last ep boys,neither,0.03945320844208391,0.33037608806864915,0.630170703489267
Bidet from protand OR,neither,0.04147775179570021,0.2960143037206597,0.66250794448364
"Bidet from Winnipeg, Manitoba",neither,0.04228451509352876,0.2823214250720796,0.6753940598343917
moon2SMAG,neither,0.03945320844208391,0.33037608806864915,0.630170703489267
Spice?,neither,0.03945320844208391,0.33037608806864915,0.630170703489267
I'm from Minnesota too!,neither,0.04032213361076293,0.3156281602421811,0.644049706147056
If Alpha ever supports VOD and gets themselves an app might consider paying the $5,neither,0.02984572965936016,0.32664096694036077,0.6435133034002791
"@serwyn_ no, this is supposed to be the last week before it just airs on Alpha",neither,0.03929430269450162,0.3836298398495325,0.577075857455966
Bidet from freezing Calgary,neither,0.04069404815304118,0.30931579984010865,0.6499901520068502
Spice?,neither,0.03945320844208391,0.33037608806864915,0.630170703489267
"If you're using an adblocker, it can cause issues when you're trying to actually check if you qualify for the free trial.",neither,0.04642101134779113,0.4558143546170617,0.49776463403514715
Bidet from Japan,neither,0.04069404815304118,0.30931579984010865,0.6499901520068502
"Bidet from Yucaipa, California! gandsLessthanthree gandsMatt gandsSCANLAN gandsAJinSpace gandsDrink",neither,0.06971251856910227,0.2972619859879888,0.633025495442909
spice?,neither,0.03945320844208391,0.33037608806864915,0.630170703489267
You spice?,neither,0.06371933836109143,0.39692838513161777,0.5393522765072908
"THIS WILL BE THE LAST EPISODE OF TALKS MACHINA ON TWITCH BEFORE IT BECOMES EXCLUSIVE TO ALPHA ONLY. UNLESS THEY'VE STATED OTHERWISE, BUT THEY HAVEN'T TOLD US ANYTHING",neither,0.03814059630853542,0.33957237310215416,0.6222870305893106
i guess this will be my final show of talks with that being said,neither,0.02882425579980808,0.3978881703611249,0.5732875738390669
How is everyone tonight/ this morning?,neither,0.04604670535779982,0.2812375339763041,0.672715760665896
"@tblind1, nope, Critical Role is staying on Twitch :)",neither,0.042375005402361686,0.3369123023094143,0.6207126922882239
Bidet?,neither,0.03945320844208391,0.33037608806864915,0.630170703489267
Bidet from Maryland!,neither,0.04066490145509902,0.30981049537100724,0.6495246031738937
Man series finale already,neither,0.03863462211618013,0.39686220726041344,0.5645031706234065
"Beep beep from Portland, OR!",neither,0.040570124267008914,0.3114191116016469,0.6480107641313441
you spice?,neither,0.06371933836109143,0.39692838513161777,0.5393522765072908
space? what spice?!,neither,0.04449517223008003,0.3267523904885974,0.6287524372813226
do you spice,neither,0.06340458516664035,0.38876294420848057,0.5478324706248792
danAmazing,neither,0.03945320844208391,0.33037608806864915,0.630170703489267
Do you spice?,neither,0.06340458516664035,0.38876294420848057,0.5478324706248792
Bidet from Calgary!,neither,0.04228451509352876,0.2823214250720796,0.6753940598343917
"i am gonna laugh my *** off when this show goes Alpha only and their audience is down to 15 people, 7 of whom can't get the player to work consistently. LDN totally *** the bed with Alpha",neither,0.04371836903519805,0.3817257351945962,0.5745558957702058
Bidet from South Cali ;w;,neither,0.04049698944414676,0.31266040041229604,0.6468426101435572
Bidet from KCMO. I haven't missed anything have I ?,neither,0.03991829202177194,0.3224824059499209,0.6375993020283072
Bidet From Winnipeg too Sparrpw015,neither,0.04094645731399381,0.30503175764332446,0.6540217850426817
@Nonfic I didnt say they were seperate but when someone says G&S needs to stop Alpha then that is a miscomprehension about what role G&S has in Alpha.,neither,0.039467947109364326,0.393883697270471,0.5666483556201648
alpha is the equivalent of that mobster who sold scanlan the spice,neither,0.04087038821927942,0.37089826619954885,0.5882313455811717
"even though the show is going to Alpha, there will still be vods at the G&S website, no?",neither,0.0546836578469668,0.28385844113362196,0.6614579010194112
We have a subscriber-only Discord server! Join here: https://t.co/Of0oLClO2v (you'll need to sub and link it to your Twitch) and be a part of the fun!,neither,0.09547053438395335,0.28230926502643855,0.6222202005896081
spice???,neither,0.03945320844208391,0.33037608806864915,0.630170703489267
I can never get alpha to work on my phone 😒,neither,0.030002143634889008,0.4361132974367962,0.5338845589283148
this is clear proof that carrot on a stick marketing makes people angry,neither,0.05407064326492136,0.3569211823443875,0.5890081743906911
I can't sign up for alpha,neither,0.032181387200094565,0.34242579820966346,0.625392814590242
"catiedid, Yes.",neither,0.03945320844208391,0.33037608806864915,0.630170703489267
nooooooo,neither,0.03945320844208391,0.33037608806864915,0.630170703489267
gandsSCANLAN gandsSCANLAN gandsSCANLAN gandsSCANLAN gandsSCANLAN,neither,0.03945320844208391,0.33037608806864915,0.630170703489267
spicin' it from Indy!,neither,0.03904599550955684,0.31177698814487825,0.6491770163455649
bidet from Utah!,neither,0.04066490145509902,0.30981049537100724,0.6495246031738937
Last episode!,neither,0.03945320844208391,0.33037608806864915,0.630170703489267
"why is people saying ""bidet"" all the time?",neither,0.05040381658470505,0.4216697848871425,0.5279263985281525
Bidet from Boston!,neither,0.040769555981420263,0.3080342349327864,0.6511962090857933
Say goodbye to Talks Machina everyone!,neither,0.039463233463956866,0.4116696052632141,0.5488671612728292
Will talks be on YouTube?,neither,0.038497763582063936,0.32384118027221614,0.6376610561457199
"No, Critical Role will stay free because the players are awesome. :)",neither,0.05319036544124945,0.2889310344252785,0.6578786001334721
bye tm. I will miss you on Tuesdays,neither,0.044344320115500144,0.3623018546175164,0.5933538252669834
"Apparently if you sub to gandsClassic on twitch, you get 6 months of Alpha for free",neither,0.04174920830225458,0.40283199458033264,0.5554187971174127
@crowley25_17 Bidet from KCMO as well!,neither,0.038096777958772116,0.35339825337192315,0.6085049686693048
have they come on yet?,neither,0.03402153221551458,0.3857170384443923,0.5802614293400931
Either pull up a browser without an adblocker or trying turning the adblocker off before you log in to twitch to see if you qualify,neither,0.04652982644390813,0.4472228484553915,0.5062473251007004
Beard check,neither,0.03945320844208391,0.33037608806864915,0.630170703489267
Bidet from Nashville TN :),neither,0.04041510871920598,0.31405013000620496,0.645534761274589
Bidet from the Anti-Alpha bunker gandsRage,neither,0.03957382894016944,0.29858815398353544,0.6618380170762952
"@productighoul whoo! today was a crap day for snow, eh? lol",neither,0.031065873648195283,0.32353039044692505,0.6454037359048796
Because of grog,neither,0.03945320844208391,0.33037608806864915,0.630170703489267
"I'm pretty sure literally NO ONE will watch it on Alpha and everyone will unsub from G&S Twitch if Critical Role moves to there, because over 90% of their Twitch subs are because of Critical Role.",neither,0.03772108013401084,0.3736827979220012,0.588596121943988
@DoctorJangel Old joke from the show.,neither,0.05515176482868512,0.2214915725369404,0.7233566626343746
@Kerteszv if you subbed before like November 17th,neither,0.039112523692625405,0.45103193973594025,0.5098555365714345
!wallet,neither,0.03945320844208391,0.33037608806864915,0.630170703489267
thiggixii has 3468 coins,neither,0.03989735448983053,0.32283777050957063,0.6372648750005988
"THIS WILL BE THE LAST EPISODE OF TALKS MACHINA ON TWITCH BEFORE IT BECOMES EXCLUSIVE TO ALPHA ONLY. UNLESS THEY'VE STATED OTHERWISE, BUT THEY HAVEN'T TOLD US MODS ANYTHING",neither,0.03814059630853542,0.33957237310215416,0.6222870305893106
@Kerteszv Only if you were subbed on 9/28,neither,0.03328125750314571,0.3997750531862284,0.566943689310626
OMG my arms are killing,neither,0.04747811645661616,0.36573727984184373,0.5867846037015402
@Amondinzz Critical Role has stated many times they are not moving to Alpha-only.,neither,0.054999134803869996,0.3043289925849111,0.6406718726112189
@doctorjangel grog said it one time instead of hellow,neither,0.03599481777238114,0.3830797365135425,0.5809254457140764
@NiveusMilitis okay thanks,neither,0.03678379827047317,0.30802279096628465,0.6551934107632421
"@Rocha57, no, talks machina will be Alpha only - vods on the alpha site for alpha members. Will not be on youtube nor will it be on the G&S website.",neither,0.03521393525261294,0.31099422313414665,0.6537918416132406
"Bidet from Edmonton, Canada! It's hecking cold",neither,0.03908395638996898,0.31350053269102174,0.6474155109190093
Can I even use alpha with chromecast?,neither,0.010785773670493614,0.45171319376668856,0.5375010325628178
alpha is so trash I hate that GnS is forced into it by Legendary FeelsBadMan 🔫,neither,0.14450595605571834,0.21373061941779686,0.6417634245264848
Bidet from Attleboro Massachusetts,neither,0.04069404815304118,0.30931579984010865,0.6499901520068502
Bidet from Lancaster PA,neither,0.04034574383703774,0.31522743308451706,0.6444268230784452
!wallet,neither,0.03945320844208391,0.33037608806864915,0.630170703489267
mangafilipina has 3283 coins,neither,0.03989735448983053,0.32283777050957063,0.6372648750005988
Stop with the caps bro,neither,0.02886943005553901,0.4151083878912757,0.5560221820531852
Hello everyone,neither,0.03269494828970791,0.4450814005079928,0.5222236512022994
wouldn't it be crazy if this was the red wedding talks machina episode?,neither,0.02286593021548852,0.4187500770797507,0.5583839927047608
i actually catch TM,neither,0.03945320844208391,0.33037608806864915,0.630170703489267
"@Vicarious117 now now, There is plenty of legitmiate things to say that we dont need that language",neither,0.04289278218800964,0.3496662803085224,0.607440937503468
oh well it was fun while it lasted,neither,0.04091794477444882,0.29647612555467695,0.6626059296708741
Be Pleased,neither,0.04002562477733436,0.33516942876397554,0.6248049464586901
gandsTrinket,neither,0.03945320844208391,0.33037608806864915,0.630170703489267
thanks @davidguy,neither,0.035884468650613,0.3004919205142699,0.6636236108351171
Why do people flip out over 5 dollars a month anyway? It's 1.25 a week. That's less then the average 20 oz soda,neither,0.03883900444206962,0.35494403036289385,0.6062169651950365
So what's going to be on G&S twitch at this time next week?,neither,0.042634621745928025,0.422291645857029,0.5350737323970429
@Davidguy Thank you please keep posting that message so everyone knows :),offensive_language,0.04162613648681954,0.4824367082643184,0.47593715524886204
omg when are they going to start,neither,0.05663065721161373,0.35601299800873853,0.5873563447796477
Lets hope bnot,neither,0.09264317562423197,0.19876265971485704,0.7085941646609111
passes @Davidguy a coffee...you're gonna need this,neither,0.08583800016456082,0.24105990583152573,0.6731020940039134
CAPS LOCK IS CRUISE CONTROL FOR COOL,neither,0.04025961158885701,0.3094382108790792,0.6503021775320639
why would they tell mods anything i mean really Kappa,neither,0.03099053317718973,0.3375522161689811,0.6314572506538292
"bidet was grog's interpretation of ""good day"" and so all the geeks are overly using the term",neither,0.0507020192303154,0.35918289266949827,0.5901150881001863
Will Larkin be on tonight?,neither,0.0346831393915248,0.29220285485541847,0.6731140057530568
Why are they forcing this on us. Very awkward for the non fake fun people of Vox Machina,neither,0.07693345074482293,0.29279416929171426,0.6302723799634627
alpha is bad and they should feel bad,neither,0.04853892825063678,0.3229594307826304,0.6285016409667328
"@DoctorJangel, it's from critical role, Grog at one point said ""bidet"" trying to be formal, obviously meaning something like ""g'day""",neither,0.04727966660326648,0.3494148159922377,0.6033055174044957
"im gonna stay to make twitch great again, then im gonna build a wall around alpha!",neither,0.03880012556811352,0.39946787113665255,0.561732003295234
@AngelOfMusicOG The cutoff date was changed to Nov 17,neither,0.04338872227503508,0.31760270756059034,0.6390085701643746
beep beep from Mexico,neither,0.040769555981420263,0.3080342349327864,0.6511962090857933
yo yo gandsSCANLAN,offensive_language,0.04010381111145228,0.5271105317972344,0.4327856570913131
!wallet,neither,0.03945320844208391,0.33037608806864915,0.630170703489267
ravenexx has 2258 coins,neither,0.03989735448983053,0.32283777050957063,0.6372648750005988
@productighoul i hear ya. the winds are suppose to get up to 40-60 tomorrow. :(,neither,0.04702187724530491,0.4671011723321889,0.4858769504225063
spice,neither,0.03945320844208391,0.33037608806864915,0.630170703489267
beep peep,neither,0.03945320844208391,0.33037608806864915,0.630170703489267
!giveaway,neither,0.03945320844208391,0.33037608806864915,0.630170703489267
The results of the last giveaway are at www.revlo.co/geekandsundry/giveaways/105039,neither,0.055174051532157535,0.2916341639678895,0.653191784499953
"THIS WILL BE THE LAST EPISODE OF TALKS MACHINA ON TWITCH BEFORE IT BECOMES EXCLUSIVE TO ALPHA ONLY. UNLESS THEY'VE STATED OTHERWISE, BUT THEY HAVEN'T TOLD US MODS ANYTHING",neither,0.03814059630853542,0.33957237310215416,0.6222870305893106
prob gonna be on alpha for a couple episodes and gonna get back on twitch because there will be no audience,neither,0.03388833190251459,0.33502052122727805,0.6310911468702073
Talks Machina Season Finale Kappa,neither,0.03962016828852705,0.32754234374403146,0.6328374879674414
Wait this starts at 7 right?,neither,0.03769451758152738,0.37256632618447066,0.5897391562340019
"Bidet from Seymour Tennessee, well currently cookeville Tennessee",neither,0.039998525466370186,0.3211206350024841,0.6388808395311458
they cancelld talks for the week,neither,0.03296231383180522,0.2874113279949748,0.6796263581732199
Will TalksMachina be on the website after this week? Or only Alpha?,neither,0.03811332363860075,0.31594305537352574,0.6459436209878735
beep beep,neither,0.03945320844208391,0.33037608806864915,0.630170703489267
@jeffrey_lindsey nothing. because LDN won't let them program against Alpha,neither,0.03546427629060153,0.35940131023222227,0.6051344134771761
Matt just tweeted that they're 'starting real soooooon!',neither,0.039128625729948054,0.4387131213453368,0.5221582529247152
ALPHA = *** Go check out the reddit threads prope,neither,0.03642359601500481,0.3332333574798216,0.6303430465051736
"LOLOLOLOL Wow what a FRICKIN ""safe space"" mentality. k fine w/e",neither,0.042696390188444594,0.3280199447533661,0.6292836650581893
"Hey, people also subbed for concession stand, drama club heroes, and ... oh wait...",neither,0.0507645554371123,0.27381005939123376,0.6754253851716538
"Bidet, got any spice?",neither,0.03809563250463382,0.3792049932999883,0.5826993741953779
Muting butthurt Davidguy,neither,0.03945320844208391,0.33037608806864915,0.630170703489267
@Davidguy Do you know if the rebraodcastr will be on Twitch,neither,0.03399624780939264,0.3960736037040021,0.5699301484866053
"Bidet from Dover, Tennessee",neither,0.04071751644889743,0.3089174816120565,0.6503650019390461
"Authentic_Contiguity, Series Finale*",neither,0.03945320844208391,0.33037608806864915,0.630170703489267
@sparrow015 Home sweet home.,neither,0.03945320844208391,0.33037608806864915,0.630170703489267
itts stuck on the title card for me anyone else,neither,0.02904842739115048,0.3346782128988084,0.6362733597100411
if it was on time every week i would drop the 5$ just for TM but they can't seem to get that right,neither,0.025449854752333634,0.3925319011653699,0.5820182440822965
music PLZ?,neither,0.03945320844208391,0.33037608806864915,0.630170703489267
Alpha?,neither,0.03945320844208391,0.33037608806864915,0.630170703489267
so many subscription costs everywhere already,neither,0.03854746222291629,0.3804008337306686,0.581051704046415
"@LucasBlackstone it's not the money I have issues with, it's the splitting of the community.",neither,0.029468765805143793,0.33269717907671764,0.6378340551181386
gandsGandsVaxSigil gandsGandsVaxSigil gandsGandsVaxSigil,neither,0.03945320844208391,0.33037608806864915,0.630170703489267
the meat man cometh,neither,0.03869115772328134,0.36866941033296635,0.5926394319437523
"@lucasblackstone cause here a sub goes to the channel ,that money goes fully to a company",neither,0.06378821074080787,0.3351175585632546,0.6010942306959376
"wait what, not even TM youtube videos?",neither,0.04147134747228774,0.34150776201190375,0.6170208905158086
talks machina!! best way to wind down after 8 hours of exam review :),neither,0.04293110134405536,0.32392930360707484,0.6331395950488699
@Jaged1235 Hey hey bud!,neither,0.03945320844208391,0.33037608806864915,0.630170703489267
@tblind1 this will be the last,neither,0.04053110878403815,0.28380641502984677,0.6756624761861151
starting on time today?,neither,0.033953734130200926,0.34156126962886857,0.6244849962409305
soon guys,neither,0.039302023019576936,0.3329420992511042,0.627755877729319
"@LucasBlackstone because you vote with your money, and taking money from G&S subs to prop up nerdist contents when a show like CR brought most of the subs... That's shady.",neither,0.05689021089158612,0.3590448316174549,0.5840649574909591
my god is alpha slow AF,neither,0.03568004547435118,0.3960625996778853,0.5682573548477634
is it started yet ?,neither,0.04718005022907051,0.32771847285911865,0.6251014769118108
yeah still on title ard,neither,0.021622553996843836,0.46025804515251917,0.518119400850637
@Morcant85 Our hero Larkin is busy saving the world while the schmucks of VM take some downtime for Talks.,neither,0.03476248041362156,0.30399453431195206,0.6612429852744264
"Help G&S make great content! $4.99/month gets you emotes, Minecraft server access, Sub Only Q&As, VODs, and more! Every sub keeps the channel alive! twitch.tv/geekandsundry/subscribe",neither,0.043092924924402844,0.32365565443818894,0.6332514206374082
@productighoul where the snow plows come out to play~,neither,0.04057193959635695,0.3230495743829443,0.6363784860206988
@kingkpuchino its stuck for me too,neither,0.02225061009285293,0.345575705325563,0.6321736845815841
"says ""Beep beep"" to chat and bows.",neither,0.044272972318469675,0.2944929327989617,0.6612340948825687
Aparently I don't qualify for the free 6 months. feels bad.,neither,0.031571862799789685,0.29504212360912274,0.6733860135910875
"Bidet from Memphis, Tennessee",neither,0.040402255548430084,0.3142682818583747,0.6453294625931952
"Starwarsnerd25, The previous show ran right to the wire. Still catching up.",neither,0.049405447778835924,0.3110141068620352,0.6395804453591288
"@Davidguy Because hte poor mods area always the last to know these things, yet the first ones asked.",neither,0.041012596579687546,0.37765462413966194,0.5813327792806506
"bidet from Harrisburg, PA",neither,0.04069404815304118,0.30931579984010865,0.6499901520068502
gandsLessthanthree gandsMatt gandsLessthanthree gandsMatt gandsLessthanthree,neither,0.03945320844208391,0.33037608806864915,0.630170703489267
Bidet from PA! :),neither,0.04069404815304118,0.30931579984010865,0.6499901520068502
Bidet from Chicago ya'll,offensive_language,0.026498553499045313,0.5623962325879377,0.41110521391301696
"I tried to get on Alpha too... but it just let me apply for Alpha, not sign up... Ugh.",neither,0.02410338278493729,0.3931093087572164,0.5827873084578462
"Talks Machina was delayed due to Game the Game running over, reign your dragons in.",neither,0.05418226611940698,0.2771054746058426,0.6687122592747503
"@Davidguy, do you know if there's a specific reason why it'll be only streamed on alpha? because i think twitch got a far bigger range viewerwise :o",neither,0.030634605096843126,0.38617960752069364,0.5831857873824632
I really hope they talk *** about Alpha like they did last week.,neither,0.05116801187692137,0.2871321862152384,0.6616998019078402
Thank you Lord Mercer for the update :),neither,0.04511484596670309,0.3296514495821776,0.6252337044511193
They are still getting things set up.,neither,0.05268904991439398,0.4089177869215999,0.5383931631640061
is it late... again?,neither,0.044723215468874,0.36337469916587434,0.5919020853652517
gandsMatt,neither,0.03945320844208391,0.33037608806864915,0.630170703489267
I predict an intentional TPK before critrole moves to alpha. You heard it here First Ladies and gentlemen,neither,0.06761558094120822,0.3422462926785309,0.590138126380261
