text,top_class,hate_speech,offensive_language,neither
here is hoping for another limerick,neither,0.17232973067519558,0.1932142769087629,0.6344559924160414
My eaaars,offensive_language,0.011017215557639733,0.6062201221254095,0.3827626623169507
well at least Scanlan has that brass whistle,neither,0.03662716126710788,0.3695562468297597,0.5938165919031324
"I love that Marisha works with BatInTheSun, i love their Super Power Beat Down",neither,0.027605244009457377,0.3947169416530584,0.5776778143374842
Critter Map: https://www.zeemaps.com/map?group=1585854 gandsCrit,neither,0.03945320844208391,0.33037608806864915,0.630170703489267
How do you want to do this?!,neither,0.0724665425468521,0.3707944698763297,0.5567389875768183
OHGAWDMUSIC,neither,0.03945320844208391,0.33037608806864915,0.630170703489267
not been to bed yet. will probably fall asleep,neither,0.04294354809477638,0.3320257843613978,0.6250306675438259
"@WinchesterAlyx If I remember correctly, Raishan confirmed to Vex that it was Thordak who ripped through their hometown.",neither,0.02967052074713903,0.4197801737427102,0.5505493055101507
Seriously hoping for Mary tonight!! <3,neither,0.033369626113199324,0.2942374321360053,0.6723929417507954
"For anyone who didn't hear, Talks Machina is going to stay on Twitch simulcast! HOORAY AGAIN",neither,0.03169901523214164,0.40550492439325414,0.5627960603746042
hardwick and felicia for that alpha promo,neither,0.031453717762564115,0.30970344643595704,0.6588428358014788
bout time they come back it could be Patrick or Chris hardwick,neither,0.03421989379044728,0.41652340813829797,0.5492566980712547
"I hope its Mary and Will, I love their characters",neither,0.055202963347015,0.216876047480158,0.7279209891728269
"@Vance1982, i think thorak can easly take him down now",neither,0.04013599784519903,0.3187873699594392,0.6410766321953619
"haha watching signal boost, just figured the loud music was part of the show :p",neither,0.04087237566598279,0.3243804277416501,0.634747196592367
took awhile :p,neither,0.03945320844208391,0.33037608806864915,0.630170703489267
"beepbeep from Troy!! First live show, I can't stop grinning",neither,0.049369227737034276,0.31239714186142814,0.6382336304015376
So what Race / Class is everybody playing in their d&d games right now?,neither,0.2304678152655532,0.1245100113490065,0.6450221733854403
"Pit_Crew - on twitch, without any tech problems?",neither,0.03755455212509645,0.33941507442183944,0.623030373453064
dont spoil the show by talking about Alpha.,neither,0.04903332743932459,0.3146507548190323,0.6363159177416431
wow!! that critter map is awesome!,neither,0.04254245543098049,0.36175186947333643,0.5957056750956832
I'm hoping for Pat again,neither,0.033241470692075246,0.33113175957423785,0.635626769733687
@Remiel_Gaming wouldn't surprise me he talked about his epp on his stream on Monday real quick,neither,0.05411742972830242,0.4371306287261113,0.5087519415455863
!ogr,neither,0.03945320844208391,0.33037608806864915,0.630170703489267
feel the power of a nat 20 rolls throdack and beware the percy,neither,0.03820031102774103,0.2940715620731402,0.6677281268991189
grub1 grub2 grub3 grub4,neither,0.03945320844208391,0.33037608806864915,0.630170703489267
God I hope it's not Chris Hardwick. Chris Perkins would be cool though,neither,0.05527863895781983,0.27036069094971055,0.6743606700924696
@Evictor Human DM =D,neither,0.23314668659548984,0.1463231917777053,0.6205301216268048
"@Evictor I'm the DM currently, but I prefer Half-Elf Sorcerer when playing",neither,0.03151258894142326,0.35464549422030195,0.6138419168382748
chillin to music while on track to completing pokedex CoolCat,neither,0.04788171993019745,0.33467148773360095,0.6174467923362016
@evictor I play the DM,neither,0.03836751281416303,0.3104062818248311,0.651226205361006
priDredding,neither,0.03945320844208391,0.33037608806864915,0.630170703489267
dwarven war cleric!! @Evictor,neither,0.03945320844208391,0.33037608806864915,0.630170703489267
What's the thing for the music again?,neither,0.03593091071090462,0.3039576790818713,0.6601114102072241
Come'on Will and Mary!,neither,0.035684272958068204,0.30648283364727086,0.6578328933946609
"@Evictor Half-elf Bard/Warlock, I'm a stage magician!",neither,0.03945320844208391,0.33037608806864915,0.630170703489267
@Evictor Drow Assassin,neither,0.03945320844208391,0.33037608806864915,0.630170703489267
Crit roll is tonight right?,neither,0.04404349617032273,0.3233745786235331,0.6325819252061442
!crtimer,neither,0.03945320844208391,0.33037608806864915,0.630170703489267
Also a DM,neither,0.03945320844208391,0.33037608806864915,0.630170703489267
There is 22 minutes 27 seconds until the next episode of Critical Role. www.wheniscriticalrole.com,neither,0.04210910873724625,0.30921593271354114,0.6486749585492125
Critical Role Rebroadcast yet please??,neither,0.03945320844208391,0.33037608806864915,0.630170703489267
!ocmix,neither,0.03945320844208391,0.33037608806864915,0.630170703489267
@Evictor Level 8 Orc Necromancer,neither,0.03945320844208391,0.33037608806864915,0.630170703489267
guys guys what if its Wil Wheaton :P,neither,0.024385833348174162,0.3772451081192891,0.5983690585325367
gern was fine,neither,0.039267084727714015,0.33353509324569375,0.6271978220265924
I really wanna see the Critical Role/Ac Inc/ Force Grey Crossover,neither,0.03894848718956005,0.32123926501323347,0.6398122477972065
lol a lot of DM's here,neither,0.07326429373487796,0.3473017333788641,0.579433972886258
Also Tiefling Paladin and Human Witch in other games,neither,0.1319041424002694,0.18835944044038683,0.6797364171593436
!ocr,neither,0.03945320844208391,0.33037608806864915,0.630170703489267
"We most likely don't know what the exact song that's playing is, but chances are it's from OverClocked ReMix! ocremix.org",neither,0.05370311096414692,0.31815031989144693,0.6281465691444061
I recently brought back my Hill Dwarf Warlock and I'm planning on doing a Tabaxi Arcane Trickster Rogue for a Con coming up.,neither,0.029546788376542666,0.36292045883787355,0.6075327527855838
@Evictor Half-eleven rouge.,neither,0.03945320844208391,0.33037608806864915,0.630170703489267
"my dream is scanlan when playing the brass whistle, uses the DragonZord summoning from Power Rangers",neither,0.03204640174648192,0.36945547620627417,0.5984981220472438
lol ty again @postdataest,neither,0.030113642209515692,0.4167529738622211,0.5531333839282632
thanks @postdataest,neither,0.035884468650613,0.3004919205142699,0.6636236108351171
also a DM!,neither,0.03945320844208391,0.33037608806864915,0.630170703489267
There is sound?,neither,0.05092229796915451,0.2707711285406599,0.6783065734901856
Vance1982 hope it is like a gate spell. or else time will be a problem,neither,0.07835373329302116,0.26339679556653456,0.6582494711404443
Never played a game of D&D but just recently started DMing :>,neither,0.03212936210560866,0.3479451713193579,0.6199254665750334
@evictor High elf Battlemaster who is currently being tortured bi Illithid and his former ally.,neither,0.05091842597493454,0.39695940508420735,0.5521221689408582
"@Vance1982 if it's wheaton, they're all going to die because he'll critical fail on something super important. TPK",neither,0.1028214058891145,0.28663821743354245,0.610540376677343
How do you want to do this?!,neither,0.0724665425468521,0.3707944698763297,0.5567389875768183
@Evictor Aasimar cleric. But we had a bit of a mishap with Wild magic last week and half the party died lmao,neither,0.03073280533701969,0.3356083476116029,0.6336588470513774
!howlong,neither,0.03945320844208391,0.33037608806864915,0.630170703489267
Also a DM ; ),neither,0.03945320844208391,0.33037608806864915,0.630170703489267
20m to go?,neither,0.060965455381551105,0.3298518015889414,0.6091827430295076
By*,neither,0.042841257694558106,0.4528711557106023,0.5042875865948396
"@kolbedanielson Yes, PLEASE.",neither,0.03945320844208391,0.33037608806864915,0.630170703489267
Refresh if you have no broadcast,neither,0.033675964147424194,0.4306384301516448,0.535685605700931
A necromancer? Oh snap. I almost played a death domain or grave cleric,neither,0.04282969508898371,0.29778520202363273,0.6593851028873836
I'm on the critters map!,neither,0.03532013520523939,0.32728477121372007,0.6373950935810405
itºs on!!!,neither,0.02983740057173753,0.3797445071048369,0.5904180923234256
first livestream of critical role👍👍,neither,0.034352675034148884,0.33213039539567063,0.6335169295701805
Everyone Refresh. Nice music atm :),neither,0.03538070251310338,0.3994971420769886,0.5651221554099078
"Congrats. Lambo, me too! :)",neither,0.0330370288620902,0.3673809740267422,0.5995819971111676
I'm working on making my setting for one of m6 campaigns right now,neither,0.02579968481538784,0.40067605263737294,0.5735242625472391
"This'll be my first time watching live, ever! So Exciting!",neither,0.029787173237284224,0.43278640665980767,0.5374264201029081
yes @lucasblackstone there's sound,neither,0.03937345828534747,0.2815186609927821,0.6791078807218704
Thanks for the countless hours of work you do PIT CREW!!!!,neither,0.04297171896441382,0.3149077198981712,0.642120561137415
moon2FEELS 🎸,neither,0.03945320844208391,0.33037608806864915,0.630170703489267
Yes! First time ever live!,neither,0.035452641896952054,0.3499910880564602,0.6145562700465877
Going to try my hand at DMing solo soon...,neither,0.03429331049194374,0.41321590222591104,0.5524907872821453
i am in a 5e campaign as a wood elf life cleric. its fun :x,neither,0.032747763315351223,0.38627850250628876,0.5809737341783598
not if they have Wil touch Matt's dice :D,neither,0.025852283304820218,0.3792677107070563,0.5948800059881236
if id play a character it be a Tiefling Paladin. For sure,neither,0.02003679945747261,0.4441527643771844,0.535810436165343
I haven't played D&D in months,neither,0.03945320844208391,0.33037608806864915,0.630170703489267
@rae22ar Hmm. Time to refresh I guess,neither,0.043262805151331636,0.3466659922790211,0.6100712025696473
"I mean, first time I can watch it live",neither,0.03923894157319463,0.34326787351111454,0.6174931849156907
@Pit_Crew I wanna rip Throdax crystals off and wear them as jewelry :D,neither,0.0468076023284947,0.32056642186695167,0.6326259758045536
Overwatch Mcree Now?,neither,0.03945320844208391,0.33037608806864915,0.630170703489267
@pit_crew should DM tonight that would be some intresting chaos lol,neither,0.031093892771133346,0.4099960021475961,0.5589101050812707
gandsNatTwenty gandsCrit,neither,0.03945320844208391,0.33037608806864915,0.630170703489267
@Pit_Crew gandsPitCrew gandsPitCrew gandsPitCrew,neither,0.03945320844208391,0.33037608806864915,0.630170703489267
loved your talks machina spot pitcrew,neither,0.06615618413550714,0.3229658283893824,0.6108779874751104
there is a critters map?,neither,0.04829942567375284,0.2826203244006548,0.6690802499255923
Not throwing away my roll?,neither,0.029433555868827708,0.391803026298015,0.5787634178331573
has it started? or is this the begining?,neither,0.045687794731331076,0.3059200615839293,0.6483921436847396
What's the critter map people are talking about?,neither,0.10289496639938783,0.29054329460364775,0.6065617389969644
"I'm creating a new DnD character for a new Pathfinder campaign, and I'm gonna be a gunslinger!",neither,0.038975955436542864,0.22531971461113742,0.7357043299523197
!crtimer,neither,0.03945320844208391,0.33037608806864915,0.630170703489267
There is 21 minutes 6 seconds until the next episode of Critical Role. www.wheniscriticalrole.com,neither,0.04227963177574423,0.30798311198720973,0.6497372562370459
Wild Magic can get .... interesting lol,neither,0.03324721268751717,0.3764062393159615,0.5903465479965213
Hello Critters!,neither,0.03945320844208391,0.33037608806864915,0.630170703489267
Where Magic Mansion Trinket!,neither,0.041218133298327325,0.3004207071713645,0.6583611595303083
"just finished my first final, time to take a break and watch critical role!!",neither,0.0319666040238043,0.37343150909825895,0.5946018868779368
I also play a Pathfinder an ex-slave elf Rogue/Swashbuckler,neither,0.03802431491869461,0.3546281402755033,0.6073475448058021
Critter Map: https://www.zeemaps.com/map?group=1585854 gandsCrit,neither,0.03945320844208391,0.33037608806864915,0.630170703489267
Being a tempest cleric is fun-- All the attacking spells are great :),neither,0.05640359922343945,0.3310921238400311,0.6125042769365295
wooot. made it in time to watch critical role for reasl!,neither,0.04152914784287626,0.31906791484970126,0.6394029373074225
Had to reload the page to get music going,neither,0.048430627129099686,0.34030734301264765,0.6112620298582527
bidet ya'll! 3rd time watching live!,offensive_language,0.030015107192827843,0.5386237625766629,0.43136113023050937
You're just now watching live? Have you been under a rock all this time? Kappa,neither,0.07372395697240347,0.4488430655504856,0.4774329774771109
so what is going on tpnight,neither,0.05197704113761758,0.43288247292155013,0.5151404859408323
"@Vance1982 in which case thordak would trip and break his neck, without the party every touching him.",neither,0.0502100863132755,0.3015287446185905,0.648261169068134
hello from Pennsylvainia!,neither,0.040875471929787875,0.3062365648703896,0.6528879631998226
wooh good luck all you college kids out there hope you do well XD,neither,0.09893384509167306,0.3427535165979782,0.5583126383103488
My guesses are McGlynn and Friedle,neither,0.05924602456652583,0.3280269895781926,0.6127269858552816
tonight,neither,0.03498084806025125,0.2929251180277183,0.6720940339120305
1st time,neither,0.03786854275387963,0.3572720004453685,0.6048594568007518
@squire0412 Thanks.,neither,0.035884468650613,0.3004919205142699,0.6636236108351171
"finally, preshow!",neither,0.03945320844208391,0.33037608806864915,0.630170703489267
Yay subs,neither,0.03945320844208391,0.33037608806864915,0.630170703489267
"the title card and the music are up, refresh if you do not have them",neither,0.05371652610563336,0.3498278764414185,0.5964555974529482
Good Morning from South Africa!,neither,0.0461990227861892,0.20575832014312734,0.7480426570706834
hotel WiFi for the not-so-win tonight. here's hoping it holds out!!,neither,0.04917742383149515,0.31045051417562913,0.6403720619928758
Bidet from the great state of Texas,neither,0.06540892497450303,0.19415366923965946,0.7404374057858376
hello from Hawkes Bay New Zealand,neither,0.043502467042848304,0.23624899699170174,0.72024853596545
Is anyone missing from the show tonight?,neither,0.05736313742072321,0.2245474851353928,0.7180893774438839
Welcome to all 1st time live viewers!,neither,0.04821730622668278,0.39036723658783495,0.5614154571854824
We need the awkward Kash convo with keyleth again lmao,neither,0.029116373789176857,0.37976974314287787,0.5911138830679452
Travis,neither,0.03945320844208391,0.33037608806864915,0.630170703489267
Just got home from work and ready to watch my favorite D&D crew! How you critters doing tonight?,neither,0.04207331048292634,0.3892361040175195,0.568690585499554
bidet from uk guys,neither,0.04046556621362174,0.31319373464240247,0.6463406991439758
"Bidet, fellow Texan.",neither,0.03945320844208391,0.33037608806864915,0.630170703489267
bidet critters,neither,0.03945320844208391,0.33037608806864915,0.630170703489267
Dungeons and Dragons Thursday broadcast?!,neither,0.03883448945651708,0.29977394037348737,0.6613915701699956
Where at Dodge?,neither,0.04065546647975878,0.3219239793679167,0.6374205541523245
Be Please! from Wa.st😊,neither,0.04073601097828985,0.31842019331493276,0.6408437957067774
First time watching live. Been in Australia for months binge watching while writing for grad school!,neither,0.03255349901565483,0.3157101257956485,0.6517363751886966
I think Ashley too,neither,0.03973869075803365,0.32553070811750734,0.634730601124459
@awrnss777 Ashley and Travis,neither,0.038766207164061546,0.2961015447081491,0.6651322481277894
BIDET,neither,0.03945320844208391,0.33037608806864915,0.630170703489267
@BrandiYorkArt Best wishes on wifi,neither,0.036284932376074885,0.3354406683612289,0.6282743992626962
Bidet everyone!,offensive_language,0.02988896790634741,0.4927062106388782,0.4774048214547744
Another person from my area on the critter map but havent seen him on yet,neither,0.04701285431756345,0.3403103711706777,0.6126767745117588
can you post the critter map again? it crashed my browser (phone) please and ty,neither,0.03766068260325154,0.38340955872433974,0.5789297586724087
Sup Critter of the world!!,neither,0.03850516155493028,0.3130088767013238,0.648485961743746
Didn't Texas vote for Trump? not really great Dodge_Ballin,neither,0.025474840918158416,0.32627984606750554,0.6482453130143361
Well hbu @JohnneyTopside :D,neither,0.03945320844208391,0.33037608806864915,0.630170703489267
FFXV madness,neither,0.03945320844208391,0.33037608806864915,0.630170703489267
#Thedraconianknights,neither,0.03945320844208391,0.33037608806864915,0.630170703489267
Bidet from Scotland :D,neither,0.04062582848913359,0.31047366557575606,0.6489005059351104
have i missed anything?,neither,0.038855479447229585,0.3405211090596974,0.620623411493073
NO WAY. Two of my favorites,neither,0.029135218654986715,0.41322036011373153,0.5576444212312819
did i miss the fan art?,neither,0.03300192736373277,0.31847338344250165,0.6485246891937655
Beaumont area,neither,0.03945320844208391,0.33037608806864915,0.630170703489267
New Mexico HYPE!!!!,neither,0.04284205558368398,0.24606419667097393,0.7110937477453421
Lost a job today. Looking forward to Critters cheering me up. Love you guys?,neither,0.04279389625587042,0.40485925344988327,0.5523468502942462
Critter Map: https://www.zeemaps.com/map?group=1585854 gandsCrit,neither,0.03945320844208391,0.33037608806864915,0.630170703489267
"Bro, do you even trinket??",neither,0.06467344613413245,0.4179658062043158,0.5173607476615518
Bidet,neither,0.03945320844208391,0.33037608806864915,0.630170703489267
maybe this episode will be a clear the city up to thordax kinda thing then next will be the big thordax fight,neither,0.033196258437312276,0.3550140041605507,0.611789737402137
one year anniversary of being a sub! yay!,neither,0.03564970286773053,0.3699178307844727,0.5944324663477968
Lol,neither,0.020706217963973744,0.4882283491876925,0.4910654328483337
hello from Montreal Quebec,neither,0.04040683511112239,0.31419055472777996,0.6454026101610977
What up!!!,neither,0.04549209283961305,0.43877665191533993,0.5157312552450469
bidet all,offensive_language,0.046917543854519406,0.6277741405869331,0.3253083155585475
"Bidet from Clarksvillle, Tennessee",neither,0.04071751644889743,0.3089174816120565,0.6503650019390461
Bidet,neither,0.03945320844208391,0.33037608806864915,0.630170703489267
"@puddlesthedragon Hey puddles, nice to see you",neither,0.07107620422975386,0.38028750527280997,0.5486362904974361
Beep Beep.,neither,0.03945320844208391,0.33037608806864915,0.630170703489267
"Pit_Crew - Dude, I Trinket so hard your mom is marrying a bear-skin rug!",offensive_language,0.053575809338630855,0.4879866242261174,0.45843756643525174
aww sorry @tempestpijit,neither,0.03945320844208391,0.33037608806864915,0.630170703489267
First ones here,neither,0.08203490663533165,0.28971676714108513,0.6282483262235832
Where's grog?,neither,0.04379278224195774,0.2567221952996476,0.6994850224583946
99% this ep is a AT DAWN WE PLAN episode,neither,0.043561741180223955,0.3456331897290375,0.6108050690907385
Tonight we all pull our hope and cheer on vox machina with Everything we have!!!! FOR WE ARE CRITTERS!!!,neither,0.054666900248735294,0.2675064585342398,0.677826641217025
gandsSubHype gandsSubHype gandsSubHype,neither,0.03945320844208391,0.33037608806864915,0.630170703489267
Bidet from Ontario,neither,0.04062582848913359,0.31047366557575606,0.6489005059351104
Bidet from Kansas,neither,0.04071751644889743,0.3089174816120565,0.6503650019390461
bidet from india,neither,0.04062582848913359,0.31047366557575606,0.6489005059351104
@pit_crew we know :D,neither,0.03914817603122934,0.3355532841520078,0.6252985398167629
still catching up from episode 33😢,neither,0.03771658371869622,0.36518676644867004,0.5970966498326337
gandsLessthanthree gandsLessthanthree gandsLessthanthree,neither,0.03945320844208391,0.33037608806864915,0.630170703489267
@personacomplex Nice to see you to.,neither,0.09014376400604611,0.3772416577699946,0.5326145782239592
There are Critters less than a mile from me!!! That map was cool!!!,neither,0.04591131531742765,0.32120074401765186,0.6328879406649205
Official Fan Art Gallery for the week: http://geekandsundry.com/critical-role-fan-art-gallery-the-art-of-the-battle/,neither,0.03609865309994627,0.27702345798284717,0.6868778889172066
Joke McCrea thursday yet??,neither,0.03945320844208391,0.33037608806864915,0.630170703489267
"Bidet and beep beep from Moncton, Canada",neither,0.039674772959784124,0.26576846215513467,0.6945567648850811
Bidet from Quebec chat <3,neither,0.04082729608690459,0.3070542346530501,0.6521184692600454
Pit Crew gandsPitCrew,neither,0.03945320844208391,0.33037608806864915,0.630170703489267
I am so excited to see who the guests are,neither,0.07234529583175997,0.36812471915563666,0.5595299850126033
bidet from ontario,neither,0.04062582848913359,0.31047366557575606,0.6489005059351104
@Videoadicction I'm doing alright despite the weather turning bitter on me haha,neither,0.031123307167954063,0.39108803591947866,0.5777886569125673
@GeekandSundry We need the Pit Crew to get in there and help Vox Machina with their own characters against the Cinder King!,neither,0.04703314373861713,0.2821388134443188,0.670828042817064
Bidet from Hawaii ^ - ^,neither,0.04062582848913359,0.31047366557575606,0.6489005059351104
TPK day has finally come!,neither,0.03873577968271028,0.3362292397987276,0.6250349805185622
rooAww I got a new hat chat...do you like it?,neither,0.06954451628219863,0.34625623763381036,0.5841992460839911
WE ARE CRITTERS! Let's fight for our right to party in Emon!!!!,neither,0.04126766701269276,0.3106399249810044,0.6480924080063029
I hope for massive CHAOS!!!!!!,neither,0.06046091869737885,0.2182393271694571,0.721299754133164
"They need to start selling ""Bidet"" Shirts",neither,0.044973488889503026,0.32578336381290834,0.6292431472975887
how long till Critical Role?,neither,0.039280103440459735,0.3289265290715484,0.6317933674879919
Hello from Denver,neither,0.04044253611397438,0.3135846155371888,0.645972848348837
"Emon, here we come!!!",neither,0.11423757551800723,0.31294809861130973,0.572814325870683
evening all first time watching live as well,neither,0.03607361626942766,0.4195929348009643,0.5443334489296081
Bidet from Maine,neither,0.04069404815304118,0.30931579984010865,0.6499901520068502
bidet from Manitoba,neither,0.04228451509352876,0.2823214250720796,0.6753940598343917
hello from Prague ; Czech republic ; 3:40am,neither,0.040875471929787875,0.3062365648703896,0.6528879631998226
TPK is next week,neither,0.04930136508134174,0.34303935504532757,0.6076592798733308
Bidet from Denver as well,neither,0.03853111044664915,0.34602649753518194,0.615442392018169
"@nikolaii61, consider yourself lucky, lots of people would kill to be able to see it all again with fresh eyes SeemsGood",neither,0.19007897566075244,0.3136102369644594,0.4963107873747881
Pit_Crew i hate black text. it harms me when i have a black chat ;-;,neither,0.16984980022448268,0.3748381420578796,0.4553120577176377
Do you trinket.,offensive_language,0.10565712907148682,0.4682446482801005,0.42609822264841263
weather is totally sucking here,neither,0.09006978884884805,0.2946028353435572,0.6153273758075947
"I wish we could get word to sam that we would want that happen, but on the downlow so it revealed until actual fight, DragonZord Summon for bronze with a clever hastag or something",neither,0.028892689430801373,0.38457853353283555,0.5865287770363631
#EmonOrBust,neither,0.03945320844208391,0.33037608806864915,0.630170703489267
Any active in chat giveaways today?,neither,0.038272696709787335,0.31233130742568704,0.6493959958645256
Ontario in chat lol,neither,0.03283210573712798,0.3777230668953239,0.5894448273675481
This is the first time i get to watch live,neither,0.053419421976341266,0.3352314313127079,0.6113491467109509
15-20 minutes left,neither,0.03945320844208391,0.33037608806864915,0.630170703489267
Weather has been a pain i agree @JohnneyTopside VoHiYo,neither,0.03951564703545878,0.32931634218733374,0.6311680107772074
Bidet from Wisconsin!,neither,0.04071751644889743,0.3089174816120565,0.6503650019390461
Do you spice,neither,0.06340458516664035,0.38876294420848057,0.5478324706248792
boo the map wont load on my phone but i bookmarked it ^_^,neither,0.028124122998389216,0.38614948851578884,0.5857263884858218
bidet from Houston TX,neither,0.040501953574932,0.3125761461575217,0.6469219002675464
Bidet from UK,neither,0.04079557052152802,0.30759270029461827,0.6516117291838538
I do not spice!,neither,0.03953315066479648,0.33539748898654836,0.6250693603486551
ready ready ready,neither,0.03945320844208391,0.33037608806864915,0.630170703489267
Beep beep,neither,0.03945320844208391,0.33037608806864915,0.630170703489267
under 20 Fahrenheit all day I think,neither,0.042314178668037425,0.37670804078749615,0.5809777805444665
Bidet from New Zealand rooHappy,neither,0.046710622032705686,0.1542697019613409,0.7990196760059534
!ocr,neither,0.03945320844208391,0.33037608806864915,0.630170703489267
waves,neither,0.03945320844208391,0.33037608806864915,0.630170703489267
Bidet from Wisconsin,neither,0.04071751644889743,0.3089174816120565,0.6503650019390461
bidet from SoCal!,neither,0.04062582848913359,0.31047366557575606,0.6489005059351104
Bidet from scotland,neither,0.04062582848913359,0.31047366557575606,0.6489005059351104
thinking thordak will kill everyone,hate_speech,0.3830988503026165,0.25450920945640804,0.3623919402409756
"If you replace the guy with Vex and the Polar Bear with Trinket, this is perfect: https://www.youtube.com/watch?v=eiE7GNkr9Uo",neither,0.030896685108768435,0.37486230993105807,0.5942410049601734
bidet from the bidet in my bathroom,neither,0.02783593373903489,0.3845521591077701,0.587611907153195
is Grog's the vestiage that hasn't awakon?,neither,0.043095441219218454,0.3569055031994348,0.5999990555813467
Yo,offensive_language,0.04010381111145228,0.5271105317972344,0.4327856570913131
Bidet! Another UK fella here,neither,0.19404346031418285,0.20277723632270525,0.6031793033631119
Be pleased from the TX crew!,neither,0.039877876549961,0.3070536647462453,0.6530684587037936
"@BrolynNightfury, what's this map?",neither,0.04546973393913465,0.3277486979573503,0.6267815681035152
Bidet from IOndiana,neither,0.04228451509352876,0.2823214250720796,0.6753940598343917
bidet!,neither,0.03945320844208391,0.33037608806864915,0.630170703489267
!crtimer,neither,0.03945320844208391,0.33037608806864915,0.630170703489267
There is 17 minutes 46 seconds until the next episode of Critical Role. www.wheniscriticalrole.com,neither,0.04208154473530626,0.3094165107479862,0.6485019445167075
Bidet from Wisconsin,neither,0.04071751644889743,0.3089174816120565,0.6503650019390461
@MeggieMay328 Are you from NY? It is snowing bad here,neither,0.18016932111777434,0.2594144936834912,0.5604161851987346
gandsGandsEars,neither,0.03945320844208391,0.33037608806864915,0.630170703489267
do you even spice?,neither,0.05874038921378413,0.39922925346322274,0.5420303573229932
Hamilton ONT,neither,0.03945320844208391,0.33037608806864915,0.630170703489267
clarksvegas up in here what,neither,0.13762368797740895,0.33384853198069,0.528527780041901
omfg im listening to the music from this while watching the last episode and it sounds friggin awesome,neither,0.040634830404032964,0.30269218473856063,0.6566729848574064
hello eveyone in main chat.,neither,0.03945320844208391,0.33037608806864915,0.630170703489267
!ocr,neither,0.03945320844208391,0.33037608806864915,0.630170703489267
How can Vax Is it Thursday yet??,neither,0.04598157606498254,0.323810104175808,0.6302083197592094
"We most likely don't know what the exact song that's playing is, but chances are it's from OverClocked ReMix! ocremix.org",neither,0.05370311096414692,0.31815031989144693,0.6281465691444061
bidet,neither,0.03945320844208391,0.33037608806864915,0.630170703489267
Bidet from Wisconsin too! :),neither,0.04032213361076293,0.3156281602421811,0.644049706147056
They really need the help of the bronze dragon,neither,0.037935382544362295,0.303478714269224,0.6585859031864136
spice?,neither,0.03945320844208391,0.33037608806864915,0.630170703489267
"Bidet from Europe, let's get this show on the road",neither,0.034292766577110494,0.2903949644020636,0.6753122690208259
shout out to all the queensland and north wales critters,neither,0.04083491813033367,0.3488459958866759,0.6103190859829903
baday,neither,0.03945320844208391,0.33037608806864915,0.630170703489267
spice?,neither,0.03945320844208391,0.33037608806864915,0.630170703489267
where it's currently 23F,neither,0.03993722474280675,0.29340182857132696,0.6666609466858663
Bidet from Arizoma,neither,0.04228451509352876,0.2823214250720796,0.6753940598343917
Hey,neither,0.03945320844208391,0.33037608806864915,0.630170703489267
Half Elf or variant human warlock for my next character. Still undecided,neither,0.08747516689232242,0.28103360730381177,0.6314912258038659
Biday for Victoria Aus!,neither,0.03249517366167782,0.29565414420004343,0.6718506821382788
spice??,neither,0.03945320844208391,0.33037608806864915,0.630170703489267
@narcotix47 Greeting from the other end of the 905!,neither,0.03873324461481387,0.2788678937292251,0.682398861655961
so many Texas critters rooHappy,neither,0.03940875069194858,0.38510186998656887,0.5754893793214826
Bidet from England! Spice?,neither,0.040402255548430084,0.3142682818583747,0.6453294625931952
sp spice?,neither,0.03945320844208391,0.33037608806864915,0.630170703489267
"Vance1982 the bow, plate, and grogs, and whisper",neither,0.037896596337838415,0.26392461769735637,0.6981787859648051
Bidet Indiana,neither,0.03945320844208391,0.33037608806864915,0.630170703489267
Bidet from South Dakota,neither,0.04041079298828133,0.31412337922315653,0.6454658277885622
oh the map loaded. just took a while lol,neither,0.033805457870714845,0.3364898522433052,0.6297046898859799
Elf,neither,0.03945320844208391,0.33037608806864915,0.630170703489267
XD,neither,0.03945320844208391,0.33037608806864915,0.630170703489267
"variant human, all the way",neither,0.2523982655253524,0.18240814574225733,0.5651935887323902
Bidet from NZ,neither,0.04228451509352876,0.2823214250720796,0.6753940598343917
Any giveaways tonight?,neither,0.03593546998268386,0.30091899910283626,0.6631455309144799
You Spice?,neither,0.06371933836109143,0.39692838513161777,0.5393522765072908
"Ya, I hope they remember to call J'mon Sa'Ord",neither,0.05419349193653662,0.4340794102785783,0.511727097784885
Bidet from Chattanooga~,neither,0.04228451509352876,0.2823214250720796,0.6753940598343917
Bidet!,neither,0.03945320844208391,0.33037608806864915,0.630170703489267
Hello! First time I’m able to catch the stream live! <3 SO EXCITED!,neither,0.03999179003914366,0.3554404826739158,0.6045677272869405
So many amazing fanarts I can't even...,neither,0.038736619114463244,0.38629838047568077,0.5749650004098561
Denver's got us beat however (checked the weather),neither,0.05966581844444001,0.34384237900428755,0.5964918025512724
Bidet from Wisconsin,neither,0.04071751644889743,0.3089174816120565,0.6503650019390461
will Geek and Sundry delete their channel at 50 mil viewers?,neither,0.03932969672404953,0.30924713139156446,0.651423171884386
Did someone say Spice?,neither,0.03945320844208391,0.33037608806864915,0.630170703489267
Every Thursday I try a new burrito place and watch Crit Role. Lets hope this episode is not a let down like the burrito,neither,0.05616493045324073,0.23071974023133388,0.7131153293154255
gandsSubHype TPK day gandsSubHype TPK day gandsSubHype TPK day gandsSubHype,neither,0.04062343770405816,0.29560591037067285,0.663770651925269
i have 10$ in my bank account. i literally do nothing with my life anymore so i can have 2 more months of subscription,offensive_language,0.023542551640116424,0.4910655952752064,0.4853918530846771
Not throwing away my dice.,neither,0.030007761973212112,0.38783305597996487,0.5821591820468229
We just had our first snow and its just always the worst! @Videoadicction,neither,0.02577337010810788,0.34751231154003515,0.626714318351857
bidet from Louisiana,neither,0.04062582848913359,0.31047366557575606,0.6489005059351104
Had it started yet!? My phones internet won't load T_T,neither,0.03158289780222834,0.38370938338410243,0.5847077188136693
USEFUL SITE wheniscriticalrole.com,neither,0.03945320844208391,0.33037608806864915,0.630170703489267
Anybody from Central New York getting hit by the Snow Storm?,neither,0.03985150560836948,0.32499933324730856,0.635149161144322
welcome @ComradeYams !,neither,0.03945320844208391,0.33037608806864915,0.630170703489267
i dont have link authority to post the critter map,neither,0.04268558573102466,0.3232806286355252,0.6340337856334503
Bidet from Orlando!,neither,0.04062582848913359,0.31047366557575606,0.6489005059351104
"first time watching live from germany, love to all critters",neither,0.04072972687894121,0.39031659068291585,0.5689536824381429
do you spice,neither,0.06340458516664035,0.38876294420848057,0.5478324706248792
"Bidet for Rome, GA",neither,0.034123440380304834,0.30375264859841156,0.6621239110212837
Bidet from Huntsville!,neither,0.04228451509352876,0.2823214250720796,0.6753940598343917
@C4_567 Hey there! Indianapolis here. In for a long night?! haha,neither,0.050750069240499546,0.30838378762291024,0.6408661431365902
"Vance1982 the armor of the raven queen, and the dagger scanland has has",neither,0.038181715249717085,0.2789017387473738,0.6829165460029092
also BeeBeep from half-froze Texas :D,neither,0.040279150519113946,0.31635769548439463,0.6433631539964915
Oh I spice...;),neither,0.045551730371242716,0.27262385067210176,0.6818244189566555
StrawberryLimes i live right next to you cutie,neither,0.06463887094897544,0.3917423528346204,0.5436187762164041
Welcomes back all long time subs and viewers,neither,0.03890773678613002,0.3605939819683741,0.600498281245496
Bidet from kelowna bc Canada 🇨🇦,neither,0.04052303010603489,0.3122184224193425,0.6472585474746226
Hello Critters...Hello GaeaCa is it Thursday yet ?,neither,0.04345693575625253,0.3289990226519782,0.6275440415917692
<3,neither,0.03945320844208391,0.33037608806864915,0.630170703489267
Spice?,neither,0.03945320844208391,0.33037608806864915,0.630170703489267
is this the last of the year?,neither,0.046360728719084976,0.29596685654867627,0.6576724147322388
@GaeaCa Happy Thursday!,neither,0.03945320844208391,0.33037608806864915,0.630170703489267
this song is pretty nice FeelsGoodMan,neither,0.04735611715554542,0.33679183787157624,0.6158520449728783
Also bidet from Orlando ^^,neither,0.040458140240453855,0.3133197727873071,0.646222086972239
"Alright just over 15 mins , finish up your chores, grab snacks and drinks have a strtch and visit the bathroom, who knows how long this session will run. Bidet , Beep Beep , Ermahgerd Der n Der!",neither,0.04365746255984278,0.33459169532247074,0.6217508421176864
#CrittersUnite,neither,0.03945320844208391,0.33037608806864915,0.630170703489267
When does Trinket-PokeBall MattCree?,offensive_language,0.013426715342916602,0.5416352881618743,0.444937996495209
"Im from Fort Collins, north of Denver, We had negative digits till around 10 this morning",neither,0.04363213109174604,0.2695778466255122,0.6867900222827418
Welcomes all new subs and viewers!,neither,0.042998289747962826,0.2771746474816854,0.6798270627703518
first time on live! so excited! :D,neither,0.033263252952228206,0.4011473071787699,0.5655894398690019
@DrBostorm Big time XD,neither,0.01701545905338079,0.45220776796790585,0.5307767729787134
bidet everyone!,offensive_language,0.02988896790634741,0.4927062106388782,0.4774048214547744
Bidet from Toronto,neither,0.04066490145509902,0.30981049537100724,0.6495246031738937
what song is this?,neither,0.05996683045653229,0.33256274023851656,0.6074704293049512
pisst spice,neither,0.03945320844208391,0.33037608806864915,0.630170703489267
"I just want to say that im on eppisode 33 out of 79, in two weeks I got this!",neither,0.03361846904968507,0.4144057933967889,0.551975737553526
Bidet from the other side. Critical role so good we tuning in from heaven now. Spice?,neither,0.03686400035705638,0.3468200218884929,0.6163159777544508
Happy Thursday!!! :),neither,0.03945320844208391,0.33037608806864915,0.630170703489267
hi @Elbuort indeed it is,neither,0.04584478585785949,0.3281777315057304,0.6259774826364101
They haven't mentioned Jamon sa'ord and he would be a really big help,neither,0.031543149870891206,0.34203526203369633,0.6264215880954125
This is my first time watching live.,neither,0.03149054315349041,0.4253585666815433,0.5431508901649664
We have critters world wide. :D,neither,0.038756122532150473,0.34220745520947554,0.6190364222583739
!ocr,neither,0.03945320844208391,0.33037608806864915,0.630170703489267
Oh wow thats pretty neat :D bad part is all the shoveling of snow ;-; @JohnneyTopside,neither,0.045033212417304486,0.32996136956966116,0.6250054180130343
@Avarlic Welcome,neither,0.03945320844208391,0.33037608806864915,0.630170703489267
thanks you too @MindstabThrull,neither,0.060024603116252996,0.37068860112536894,0.569286795758378
"half-orc/Lycanwolf/Dragonborn, Abomination clas",neither,0.03945320844208391,0.33037608806864915,0.630170703489267
@smatt2385 That's not creepy at all,offensive_language,0.03482330760367059,0.4843641873136035,0.48081250508272594
Where Percy Is it Thursday yet?!,neither,0.045934907126009485,0.3044439873959211,0.6496211054780695
"Ya, Colorado is freezing right now",offensive_language,0.0326172774763547,0.5246221371858589,0.44276058533778645
#EmonOrBust,neither,0.03945320844208391,0.33037608806864915,0.630170703489267
Connecticut has spice,neither,0.03979070159998222,0.3246479483921591,0.6355613500078586
waves at GaeaCa VoHiYo,neither,0.038568654689471384,0.35728445358008215,0.6041468917304463
"Scanlan's woke a few episodes ago, when they went up against the pit fiend",neither,0.03262680872402421,0.3640479527018112,0.6033252385741646
hey @GaeaCa :),neither,0.03945320844208391,0.33037608806864915,0.630170703489267
beep beep,neither,0.03945320844208391,0.33037608806864915,0.630170703489267
Bidet from Connecticut,neither,0.04062582848913359,0.31047366557575606,0.6489005059351104
bidet from England,neither,0.04071751644889743,0.3089174816120565,0.6503650019390461
is there any sound,neither,0.04890854514527051,0.27978786719777204,0.6713035876569573
!ocr,neither,0.03945320844208391,0.33037608806864915,0.630170703489267
"We most likely don't know what the exact song that's playing is, but chances are it's from OverClocked ReMix! ocremix.org",neither,0.05370311096414692,0.31815031989144693,0.6281465691444061
Anyone got any spice?,neither,0.03828641016399349,0.3722875095794155,0.5894260802565912
Left beautiful sunny Melbourne for cold gray suck of midwest winter...,neither,0.04596812830550674,0.31815222217831973,0.6358796495161735
Bidet from Ottawa gandsSCANLAN,neither,0.04228451509352876,0.2823214250720796,0.6753940598343917
i was playing a game with this in the background and i thought the games music bugged out FailFish,neither,0.030387680423110783,0.2403647779888688,0.7292475415880204
thanks,neither,0.035884468650613,0.3004919205142699,0.6636236108351171
