text,top_class,hate_speech,offensive_language,neither
Bidet from Indiana!,neither,0.0408364874901429,0.30689823255244486,0.6522652799574122
Bidet from San Francisco!,neither,0.040391840503121675,0.31444505235836057,0.6451631071385178
bidet,neither,0.03945320844208391,0.33037608806864915,0.630170703489267
Bidet All,offensive_language,0.046917543854519406,0.6277741405869331,0.3253083155585475
wish I didn't have class tomorrow... and I'm the teacher gandsFail,neither,0.027354608888604477,0.327763024989042,0.6448823661223536
PREDICTION: PIKE GETS HDYWTDT ON THORDAK,neither,0.03667804989853004,0.3436982726154152,0.6196236774860548
This must be pikes themesong XD,neither,0.041483557949248406,0.31429686046759453,0.6442195815831571
CurseLit CurseLit BIDET FROM HELL CurseLit CurseLit,offensive_language,0.04282387748247523,0.8742163882703163,0.08295973424720841
Bidet!,neither,0.03945320844208391,0.33037608806864915,0.630170703489267
I Would Like to Rage,neither,0.059469071796770086,0.33594055101469567,0.6045903771885341
"Anyways, g'day from Finland. /hugs to y'all.",neither,0.048769238732371,0.3596678582293942,0.591562903038235
It's like they're playing a really terrible Meshuggah clone,neither,0.06630842754383558,0.3182495445525499,0.6154420279036147
"This is FF7 on OCRemix, right?",neither,0.04571006022172212,0.3783899027114166,0.5759000370668613
this is grog and pike's monster rage music :),neither,0.044970706908286716,0.29861594718881024,0.6564133459029029
"i imagined grog heard ""swing"" by parkway drive when he raged lol",offensive_language,0.02693238962286211,0.5114802949968681,0.46158731538026976
!coins,neither,0.03945320844208391,0.33037608806864915,0.630170703489267
"oh wait, aren't they down several people tonight?",neither,0.06157551666281642,0.2780376564421941,0.6603868268949895
gandsGandsPoo gandsSCANLAN gandsGandsPoo,neither,0.03945320844208391,0.33037608806864915,0.630170703489267
All I can picture is Titan Grog thrashing through enemies,neither,0.048061159918428326,0.38256516496367277,0.5693736751178988
BIDET FROM HELLL!!!!,neither,0.04062582848913359,0.31047366557575606,0.6489005059351104
gandsSubHype gandsSubHype gandsSubHype gandsSubHype gandsSubHype gandsSubHype,neither,0.03945320844208391,0.33037608806864915,0.630170703489267
I have ALL the anxiety right now.,neither,0.03858995160112354,0.4072445408179039,0.5541655075809726
This music is the best choice,neither,0.04513814042046965,0.30847270660326487,0.6463891529762655
!wallet,neither,0.03945320844208391,0.33037608806864915,0.630170703489267
anatema82 has 2097 coins,neither,0.03989735448983053,0.32283777050957063,0.6372648750005988
Digging the muzak,neither,0.038372653207642965,0.3105039192898759,0.6511234275024811
Bidet from Boston!,neither,0.040769555981420263,0.3080342349327864,0.6511962090857933
Great music to put the finishing touches on my own Bag of Holding!,neither,0.046722695879709446,0.32765776471552377,0.6256195394047667
may i kindly...RAGE?,neither,0.040617668381646266,0.31061216389599944,0.6487701677223543
04:01 here. Let's do this!,neither,0.057567110859417625,0.3286485628263694,0.6137843263142131
Bidet from Western Australia,neither,0.040334677536117594,0.315415257091876,0.6442500653720065
!wallet,neither,0.03945320844208391,0.33037608806864915,0.630170703489267
bidet critters,neither,0.03945320844208391,0.33037608806864915,0.630170703489267
tumbllr_lesbian has 1102 coins,neither,0.03989735448983053,0.32283777050957063,0.6372648750005988
Me too @rynnybyn :),neither,0.025456656249999262,0.41690574403459846,0.5576375997154023
THORDAKBOWL GET HYPE,neither,0.038748607996866635,0.3423349964846169,0.6189163955185166
!wallet,neither,0.03945320844208391,0.33037608806864915,0.630170703489267
gandsTrinketArmor gandsGrogSigil gandsTrinketArmor gandsPitCrew gandsGandsPoo gandsGandsVaxSigil gandsTrinket gandsSCANLAN gandsRage gandsDrink gandsSubHype gandsSubHype gandsMatt gandsMatt gandsOverlord gandsOverlord gandsLessthanthree gandsLessthanthree,neither,0.03945320844208391,0.33037608806864915,0.630170703489267
dynoschim has 3219 coins,neither,0.03989735448983053,0.32283777050957063,0.6372648750005988
bidet from MINNEAPOLIS,neither,0.04228451509352876,0.2823214250720796,0.6753940598343917
Welcome new live watchers!!!,neither,0.046394248056635196,0.25555480231168276,0.698050949631682
!wallet,neither,0.03945320844208391,0.33037608806864915,0.630170703489267
#CRITTERCHATMOSHPIT,neither,0.03945320844208391,0.33037608806864915,0.630170703489267
irishdestroyer36 has 3009 coins,neither,0.03989735448983053,0.32283777050957063,0.6372648750005988
@mannyfresh4life Aye from Wetumpka,neither,0.04098207143903533,0.30442729299591004,0.6545906355650547
bidet from Ohio,neither,0.040754399270683486,0.3082914838698526,0.650954116859464
gandsGrogSigil gandsGrogSigil gandsGrogSigil gandsGrogSigil,neither,0.03945320844208391,0.33037608806864915,0.630170703489267
bidet from scotland,neither,0.04062582848913359,0.31047366557575606,0.6489005059351104
"Beep beep from the Gold Coast, Australia!",neither,0.03954891648624569,0.3047120820335715,0.6557390014801829
gandsSubHype gandsSubHype gandsSubHype gandsSubHype,neither,0.03945320844208391,0.33037608806864915,0.630170703489267
bidet from pa,neither,0.04069404815304118,0.30931579984010865,0.6499901520068502
!wallet,neither,0.03945320844208391,0.33037608806864915,0.630170703489267
I've been binging CR for months now. This is my first live episode!!! :D The hype is real.,neither,0.022743865065914227,0.3917534407839863,0.5855026941500995
hucksmcnasty has 6921 coins,neither,0.03989735448983053,0.32283777050957063,0.6372648750005988
Bidet from Moscow,neither,0.04228451509352876,0.2823214250720796,0.6753940598343917
Bidet from KCMO,neither,0.04228451509352876,0.2823214250720796,0.6753940598343917
"At least if there's a TPK, Pike and Grog will survive tonight :3",neither,0.02506708938633183,0.2959473420244224,0.6789855685892459
Greetings from Knoxville.,neither,0.04062582848913359,0.31047366557575606,0.6489005059351104
Bidet and Bee's Knees to all,neither,0.046451798477284444,0.3502055537975898,0.6033426477251257
What night is Talks Machina on?,neither,0.04143149323901413,0.337715189786172,0.6208533169748139
!wallet,neither,0.03945320844208391,0.33037608806864915,0.630170703489267
de_roche has 3297 coins,neither,0.03989735448983053,0.32283777050957063,0.6372648750005988
Bidet from Arizona,neither,0.04078317879478948,0.307803020237201,0.6514138009680096
Bidet from Virginia!,neither,0.04079557052152802,0.30759270029461827,0.6516117291838538
CurseLit panicBasket BIDET panicBasket CurseLit,neither,0.03945320844208391,0.33037608806864915,0.630170703489267
@SpeedDemonStar We're missing a Grog and a Pike tonight,neither,0.05355708847950232,0.2509243496538559,0.6955185618666417
"@ImDrB Sup man, glad to see some others representing",neither,0.03771101638316859,0.3855110239932528,0.5767779596235787
Bidet everyone!,offensive_language,0.02988896790634741,0.4927062106388782,0.4774048214547744
OMG LETS GO AGHAHAHHHHGAHA,neither,0.03987526109083911,0.35026022955251546,0.6098645093566455
#CRITTERCHATMOSHPIT,neither,0.03945320844208391,0.33037608806864915,0.630170703489267
gandsSubHype gandsSubHype gandsSCANLAN,neither,0.03945320844208391,0.33037608806864915,0.630170703489267
We have a subscriber-only Discord server! Join here: https://t.co/Of0oLClO2v (you'll need to sub and link it to your Twitch) and be a part of the fun!,neither,0.09547053438395335,0.28230926502643855,0.6222202005896081
Bidet and beep beep from Sweden,neither,0.03993872663407561,0.2110020514151397,0.7490592219507847
!wallet,neither,0.03945320844208391,0.33037608806864915,0.630170703489267
teetopuns has 1911 coins,neither,0.03989735448983053,0.32283777050957063,0.6372648750005988
Texas greetings,neither,0.03945320844208391,0.33037608806864915,0.630170703489267
Bidet from Georgia,neither,0.04066490145509902,0.30981049537100724,0.6495246031738937
If she aint down to Crit then I aint down to hit,offensive_language,0.03690310128710929,0.5271214030347657,0.43597549567812505
\m/ gandsRage \m/,neither,0.03945320844208391,0.33037608806864915,0.630170703489267
BIDET HOUSTON!,neither,0.03945320844208391,0.33037608806864915,0.630170703489267
I've been preparing for this: I've got 4 arnold palmers (sweet tea + lemonade) ready to go,neither,0.01931551762789012,0.32297969024309037,0.6577047921290196
gandsNopeNopeNope,neither,0.03945320844208391,0.33037608806864915,0.630170703489267
!wallet,neither,0.03945320844208391,0.33037608806864915,0.630170703489267
spacebear321 has 3044 coins,neither,0.03989735448983053,0.32283777050957063,0.6372648750005988
bidet all,offensive_language,0.046917543854519406,0.6277741405869331,0.3253083155585475
twallet,neither,0.03945320844208391,0.33037608806864915,0.630170703489267
This makes me wanna rage hard! :D,offensive_language,0.027302933184918807,0.5331268249609908,0.4395702418540904
"@MichaelGrid, tuesdays",neither,0.03945320844208391,0.33037608806864915,0.630170703489267
hmm will Divine Intervention be off cooldown next week :D,neither,0.04040920738585377,0.32398714642346926,0.635603646190677
!wallet,neither,0.03945320844208391,0.33037608806864915,0.630170703489267
asnelling3 has 1372 coins,neither,0.03989735448983053,0.32283777050957063,0.6372648750005988
itsLit,neither,0.03945320844208391,0.33037608806864915,0.630170703489267
!wallet,neither,0.03945320844208391,0.33037608806864915,0.630170703489267
the critical role facbook group is here all is welcome!! https://m.facebook.com/groups/535000653368381?view=permalink&id=606722786196167&notif_t=group_activity&notif_id=1481251833115290&ref=m_notif,neither,0.0549396487386894,0.3532865477483836,0.5917738035129271
#borriswatch,neither,0.03945320844208391,0.33037608806864915,0.630170703489267
!wallet,neither,0.03945320844208391,0.33037608806864915,0.630170703489267
reallygoodfisherman has 3207 coins,neither,0.03989735448983053,0.32283777050957063,0.6372648750005988
beep beep,neither,0.03945320844208391,0.33037608806864915,0.630170703489267
#CritPit!,neither,0.03945320844208391,0.33037608806864915,0.630170703489267
Bidet from Adelaide,neither,0.04228451509352876,0.2823214250720796,0.6753940598343917
!wallet,neither,0.03945320844208391,0.33037608806864915,0.630170703489267
bardraelyn has 3351 coins,neither,0.03989735448983053,0.32283777050957063,0.6372648750005988
pvtfg has 1333 coins,neither,0.03989735448983053,0.32283777050957063,0.6372648750005988
talksmachina is tuesday nights,neither,0.0474011138413881,0.3276424389458375,0.6249564472127744
Grog would be standing there toe tapping and Pike would be on his shoulder Mashing out,neither,0.04724496748132437,0.30049460612054485,0.6522604263981309
bidet,neither,0.03945320844208391,0.33037608806864915,0.630170703489267
Bidet,neither,0.03945320844208391,0.33037608806864915,0.630170703489267
gandsGandsPoo,neither,0.03945320844208391,0.33037608806864915,0.630170703489267
metal hype,neither,0.03945320844208391,0.33037608806864915,0.630170703489267
B'day from Australia!,neither,0.04100846677835515,0.29758244193890265,0.6614090912827423
"this song is by 'Knights of the Round', btw. they have an amazing FF7 soundtrack. BloodTrail",neither,0.043312403248666635,0.35019822280249713,0.6064893739488363
Bidet from St. Petersburg Florida!!,neither,0.04054450037726239,0.31185401588366884,0.6476014837390688
Bidet from Vermont. First time watching a live episode!!!,neither,0.036839780016915784,0.33257664116350005,0.6305835788195842
NYC Baby! All Praise Vox Mochina!,neither,0.041014141391389175,0.3934992205381588,0.5654866380704522
!wallet,neither,0.03945320844208391,0.33037608806864915,0.630170703489267
oseyja99 has 2635 coins,neither,0.03989735448983053,0.32283777050957063,0.6372648750005988
Holy Moly,neither,0.03945320844208391,0.33037608806864915,0.630170703489267
!wallet,neither,0.03945320844208391,0.33037608806864915,0.630170703489267
BIDET AND RAGEEEEEEEEEEEEEE,neither,0.03763944115734239,0.1918412352459551,0.7705193235967025
cryoreth has 2354 coins,neither,0.03989735448983053,0.32283777050957063,0.6372648750005988
!wallet,neither,0.03945320844208391,0.33037608806864915,0.630170703489267
!wallet,neither,0.03945320844208391,0.33037608806864915,0.630170703489267
@michaelgrid Tuesdays,neither,0.03945320844208391,0.33037608806864915,0.630170703489267
itto_0 has 3264 coins,neither,0.03989735448983053,0.32283777050957063,0.6372648750005988
!wallet,neither,0.03945320844208391,0.33037608806864915,0.630170703489267
snapatiza has 1704 coins,neither,0.03989735448983053,0.32283777050957063,0.6372648750005988
!wallet,neither,0.03945320844208391,0.33037608806864915,0.630170703489267
chimeraintalli has 1910 coins,neither,0.03989735448983053,0.32283777050957063,0.6372648750005988
!wallet,neither,0.03945320844208391,0.33037608806864915,0.630170703489267
sospad has 2501 coins,neither,0.03989735448983053,0.32283777050957063,0.6372648750005988
allenr316 has 3363 coins,neither,0.03989735448983053,0.32283777050957063,0.6372648750005988
!wallet,neither,0.03945320844208391,0.33037608806864915,0.630170703489267
galinet23 has 3178 coins,neither,0.03989735448983053,0.32283777050957063,0.6372648750005988
BIDET gandsGandsVaxSigil,neither,0.03945320844208391,0.33037608806864915,0.630170703489267
I WOULD LIKE TO MOSH!!!!,neither,0.058998131755531,0.3358529145805506,0.6051489536639184
HOLY *** VOLUME BATMAN,neither,0.03945320844208391,0.33037608806864915,0.630170703489267
@bostonvamp bidet from north of Boston,neither,0.04041870295785814,0.31398912639606236,0.6455921706460794
I missed the last hour last week. Where did they end???,neither,0.040004531906520195,0.3017028343325504,0.6582926337609294
!wallet,neither,0.03945320844208391,0.33037608806864915,0.630170703489267
m1dgetgamer94 has 2251 coins,neither,0.03989735448983053,0.32283777050957063,0.6372648750005988
gandsSubHype,neither,0.03945320844208391,0.33037608806864915,0.630170703489267
face has melted,neither,0.03985357393590969,0.3235808407677483,0.636565585296342
Bidet from SoJersey,neither,0.04228451509352876,0.2823214250720796,0.6753940598343917
gandsHecBird gandsHecBird gandsHecBird gandsHecBird gandsHecBird gandsHecBird gandsHecBird gandsHecBird gandsHecBird gandsHecBird gandsHecBird gandsHecBird gandsHecBird,neither,0.03945320844208391,0.33037608806864915,0.630170703489267
!wallet,neither,0.03945320844208391,0.33037608806864915,0.630170703489267
sharkyshocker has 3943 coins,neither,0.03989735448983053,0.32283777050957063,0.6372648750005988
Tuesday is Talks,neither,0.047645024103790776,0.32755854702194515,0.624796428874264
Soooooo...any bets on when TPK happens? ;),neither,0.04420717561055444,0.37689313319107337,0.5788996911983724
soo,neither,0.03945320844208391,0.33037608806864915,0.630170703489267
1wallet,neither,0.03945320844208391,0.33037608806864915,0.630170703489267
hi,neither,0.03945320844208391,0.33037608806864915,0.630170703489267
gandsClassic gandsSCANLAN,neither,0.03945320844208391,0.33037608806864915,0.630170703489267
YEAHHHHH,neither,0.03945320844208391,0.33037608806864915,0.630170703489267
Bidet,neither,0.03945320844208391,0.33037608806864915,0.630170703489267
!wallet,neither,0.03945320844208391,0.33037608806864915,0.630170703489267
same dark fantasy right there,neither,0.03928526544490725,0.31599699543340365,0.6447177391216893
rustytron has 2541 coins,neither,0.03989735448983053,0.32283777050957063,0.6372648750005988
"@Waffleman26, hopefully they procrastinate the battle until they return",neither,0.03884866174099463,0.3194045034561463,0.6417468348028591
!wallet,neither,0.03945320844208391,0.33037608806864915,0.630170703489267
"Bidet from San Antonio, TX",neither,0.04028946704880015,0.31618259705162277,0.6435279358995771
braenstus has 2237 coins,neither,0.03989735448983053,0.32283777050957063,0.6372648750005988
This music is an attack on my entire human being.,neither,0.10588609868997154,0.2993067398127939,0.5948071614972346
that was orgasmic,neither,0.030667155429851628,0.4292504569866666,0.5400823875834818
Speed reading test: Istanbul was which city?,neither,0.039370459375319515,0.33178055568949644,0.6288489849351842
!wallet,neither,0.03945320844208391,0.33037608806864915,0.630170703489267
BIDET!!!! <3,neither,0.03945320844208391,0.33037608806864915,0.630170703489267
keqqler has 2581 coins,neither,0.03989735448983053,0.32283777050957063,0.6372648750005988
!wallet,neither,0.03945320844208391,0.33037608806864915,0.630170703489267
change of pace,neither,0.03945320844208391,0.33037608806864915,0.630170703489267
Nice.,neither,0.03945320844208391,0.33037608806864915,0.630170703489267
!gamble 1000,neither,0.03945320844208391,0.33037608806864915,0.630170703489267
Aussi Aussi Aussi,neither,0.03945320844208391,0.33037608806864915,0.630170703489267
!wallet,neither,0.03945320844208391,0.33037608806864915,0.630170703489267
!wallet,neither,0.03945320844208391,0.33037608806864915,0.630170703489267
Clippers Unite!,neither,0.03945320844208391,0.33037608806864915,0.630170703489267
bidet from CANADAAAAA,neither,0.04228451509352876,0.2823214250720796,0.6753940598343917
!wallet,neither,0.03945320844208391,0.33037608806864915,0.630170703489267
@kerteszv thanks,neither,0.035884468650613,0.3004919205142699,0.6636236108351171
!wallet,neither,0.03945320844208391,0.33037608806864915,0.630170703489267
Bidet from Chile!,neither,0.04069404815304118,0.30931579984010865,0.6499901520068502
gandsDrink gandsDrink gandsDrink,neither,0.03945320844208391,0.33037608806864915,0.630170703489267
New Jersey,neither,0.04387515076808845,0.21895888191130883,0.7371659673206027
!wallet,neither,0.03945320844208391,0.33037608806864915,0.630170703489267
oberon97 has 4811 coins,neither,0.03989735448983053,0.32283777050957063,0.6372648750005988
whats all this coins thing?,neither,0.04083455503488134,0.3912699704153463,0.5678954745497724
that music was hardcore,neither,0.035550699168700475,0.373548700099994,0.5909006007313055
Let's go!!!,neither,0.01806316484133749,0.39391011985298136,0.5880267153056813
!wallet,neither,0.03945320844208391,0.33037608806864915,0.630170703489267
Woohoo!,neither,0.03945320844208391,0.33037608806864915,0.630170703489267
!wallet,neither,0.03945320844208391,0.33037608806864915,0.630170703489267
"that *** was heavy, i love it",neither,0.031532653116075324,0.38816698207436773,0.5803003648095569
!wallet,neither,0.03945320844208391,0.33037608806864915,0.630170703489267
ugh. i hate that bot sometimes -_-,neither,0.16485839666836477,0.28377085234782956,0.5513707509838056
"Bidet from Auburn, MI, wind chill 14 degrees F..",neither,0.04006283078903267,0.3200292058533826,0.6399079633575848
knightofcypwnia has 2973 coins,neither,0.03989735448983053,0.32283777050957063,0.6372648750005988
bidet from Arizona,neither,0.04078317879478948,0.307803020237201,0.6514138009680096
"BIDET FROM AUSTIN, TEXAS",neither,0.04055041785557119,0.31175358083338084,0.6476960013110479
bday,neither,0.03945320844208391,0.33037608806864915,0.630170703489267
!wallet,neither,0.03945320844208391,0.33037608806864915,0.630170703489267
!wallet,neither,0.03945320844208391,0.33037608806864915,0.630170703489267
gandsGandsPoo gandsGandsPoo gandsGandsPoo gandsGandsPoo gandsGandsPoo gandsGandsPoo gandsGandsPoo gandsGandsPoo gandsGandsPoo gandsGandsPoo gandsGandsPoo gandsGandsPoo gandsGandsPoo gandsGandsPoo,neither,0.03945320844208391,0.33037608806864915,0.630170703489267
semprix7 has 3372 coins,neither,0.03989735448983053,0.32283777050957063,0.6372648750005988
oioioi,neither,0.03945320844208391,0.33037608806864915,0.630170703489267
Contrasting music,neither,0.03945320844208391,0.33037608806864915,0.630170703489267
They're late!,neither,0.06515348600088337,0.2923949412967957,0.6424515727023209
!wallet,neither,0.03945320844208391,0.33037608806864915,0.630170703489267
roiskiafilms has 2230 coins,neither,0.03989735448983053,0.32283777050957063,0.6372648750005988
pineapplezest has 3639 coins,neither,0.03989735448983053,0.32283777050957063,0.6372648750005988
wizmiz has 1281 coins,neither,0.03989735448983053,0.32283777050957063,0.6372648750005988
"14,000!!!!!",neither,0.03945320844208391,0.33037608806864915,0.630170703489267
Constantinople!,neither,0.03945320844208391,0.33037608806864915,0.630170703489267
!OCR,neither,0.03945320844208391,0.33037608806864915,0.630170703489267
"We most likely don't know what the exact song that's playing is, but chances are it's from OverClocked ReMix! ocremix.org",neither,0.05370311096414692,0.31815031989144693,0.6281465691444061
Anyone think Matt would let an npc get the kill on Thordak?,neither,0.19253575157049185,0.2548555433593332,0.552608705070175
"Oh good, haven't missed anything.,",neither,0.04329896900057403,0.28796216608972275,0.6687388649097031
great timing for people who just caught up!,neither,0.04571178408640739,0.3805640605266181,0.5737241553869743
gandsRaid gandsGandsPoo gandsRaid gandsGandsPoo,neither,0.03945320844208391,0.33037608806864915,0.630170703489267
Bidet from WNY,neither,0.04228451509352876,0.2823214250720796,0.6753940598343917
!bet a 100,neither,0.03945320844208391,0.33037608806864915,0.630170703489267
first time live watcher!!! subbed!,neither,0.035809960981031994,0.34817805097968235,0.6160119880392856
kerteszv has 10771 coins,neither,0.03989735448983053,0.32283777050957063,0.6372648750005988
!wallet,neither,0.03945320844208391,0.33037608806864915,0.630170703489267
bidet and beep beep from Kansas,neither,0.039674772959784124,0.26576846215513467,0.6945567648850811
oi oi oi,neither,0.03945320844208391,0.33037608806864915,0.630170703489267
!wallet,neither,0.03945320844208391,0.33037608806864915,0.630170703489267
gandsSubHype gandsSubHype gandsSubHype gandsSubHype gandsSubHype gandsSubHype gandsSubHype gandsSubHype gandsSubHype gandsSubHype,neither,0.03945320844208391,0.33037608806864915,0.630170703489267
emddudley has 1747 coins,neither,0.03989735448983053,0.32283777050957063,0.6372648750005988
Constantinople!,neither,0.03945320844208391,0.33037608806864915,0.630170703489267
BloodTrail,neither,0.03945320844208391,0.33037608806864915,0.630170703489267
Bidet from college desperation and self pity,neither,0.03960833762236525,0.28243384067547617,0.6779578217021587
xzbit1200 has 2059 coins,neither,0.03989735448983053,0.32283777050957063,0.6372648750005988
mylaminoki has 3633 coins,neither,0.03989735448983053,0.32283777050957063,0.6372648750005988
!wallet,neither,0.03945320844208391,0.33037608806864915,0.630170703489267
!wallet,neither,0.03945320844208391,0.33037608806864915,0.630170703489267
allhailqxc has 150 coins,neither,0.03979708563871832,0.32453959459379406,0.6356633197674876
lenford95 has 2385 coins,neither,0.03989735448983053,0.32283777050957063,0.6372648750005988
khisanth_05 has 2976 coins,neither,0.03989735448983053,0.32283777050957063,0.6372648750005988
!wallet,neither,0.03945320844208391,0.33037608806864915,0.630170703489267
!oce,neither,0.03945320844208391,0.33037608806864915,0.630170703489267
what are you people doing,neither,0.22724745497615872,0.2932373685512395,0.47951517647260183
getting the bourbon rready this nights ganna be long,neither,0.03594986949625588,0.37176468697288173,0.5922854435308624
derhawk1 has 3532 coins,neither,0.03989735448983053,0.32283777050957063,0.6372648750005988
And now for something completely different,neither,0.03404939478051454,0.27515271470604175,0.6907978905134438
#Soon,neither,0.03945320844208391,0.33037608806864915,0.630170703489267
Iwallet,neither,0.03945320844208391,0.33037608806864915,0.630170703489267
gandsHR gandsHR gandsHR,neither,0.03945320844208391,0.33037608806864915,0.630170703489267
Bidet from Georgia,neither,0.04066490145509902,0.30981049537100724,0.6495246031738937
!wallet,neither,0.03945320844208391,0.33037608806864915,0.630170703489267
golddragon125 has 2876 coins,neither,0.03989735448983053,0.32283777050957063,0.6372648750005988
!coins,neither,0.03945320844208391,0.33037608806864915,0.630170703489267
Bidet from Colorado!,neither,0.04066490145509902,0.30981049537100724,0.6495246031738937
"Bidet, y'all",offensive_language,0.046917543854519406,0.6277741405869331,0.3253083155585475
jessicasong has 1082 coins,neither,0.03989735448983053,0.32283777050957063,0.6372648750005988
AUSTIN TEXAS HYPE!,neither,0.03945320844208391,0.33037608806864915,0.630170703489267
22+ month club hype!!,neither,0.03945320844208391,0.33037608806864915,0.630170703489267
whoa whats going on in HRE tonight? Bidet Everyone! :),neither,0.030775680516637285,0.4127153073594662,0.5565090121238965
Bidet from Stockholm,neither,0.04228451509352876,0.2823214250720796,0.6753940598343917
I am crying iNSIDE,neither,0.0356608490610431,0.15370376957257645,0.8106353813663804
16mjs915 has 2213 coins,neither,0.03989735448983053,0.32283777050957063,0.6372648750005988
!wallet,neither,0.03945320844208391,0.33037608806864915,0.630170703489267
!WALLET,neither,0.03945320844208391,0.33037608806864915,0.630170703489267
Bidet a todos desde Argentina =),neither,0.03945320844208391,0.33037608806864915,0.630170703489267
"What the hell was that metal song? i must know., anyone know?",offensive_language,0.04098030857008929,0.5885644005483828,0.3704552908815279
mom help me WutFace,neither,0.030844962628247943,0.3776223632920708,0.5915326740796811
rjladya has 3707 coins,neither,0.03989735448983053,0.32283777050957063,0.6372648750005988
"Bidet, was going to watch on alpha but nothing but a black screen, so twitch it is",neither,0.052652978899245625,0.397858199953011,0.5494888211477436
!wallet,neither,0.03945320844208391,0.33037608806864915,0.630170703489267
best show on earth,neither,0.05080760620672788,0.2576941470069229,0.6914982467863492
!wallet,neither,0.03945320844208391,0.33037608806864915,0.630170703489267
Ha! People thought this was going to start on time! Noobs!,neither,0.06691407382651614,0.2972849920108293,0.6358009341626544
glyndsuresight has 3019 coins,neither,0.03989735448983053,0.32283777050957063,0.6372648750005988
suffers one point of exhaustion.,neither,0.03866133233542582,0.3594751986961998,0.6018634689683745
BIDET FROM SHANGHAI,neither,0.04228451509352876,0.2823214250720796,0.6753940598343917
!wallet,neither,0.03945320844208391,0.33037608806864915,0.630170703489267
"Help G&S make great content! $4.99/month gets you emotes, Minecraft server access, Sub Only Q&As, VODs, and more! Every sub keeps the channel alive! twitch.tv/geekandsundry/subscribe",neither,0.043092924924402844,0.32365565443818894,0.6332514206374082
!wallet,neither,0.03945320844208391,0.33037608806864915,0.630170703489267
Sounds like Rush,neither,0.05020168122514136,0.3459839308325011,0.6038143879423575
Why is everyone typing !wallet?,neither,0.03158617803559623,0.4180267313057443,0.5503870906586595
\m/ gandsHecThor \m/,neither,0.03945320844208391,0.33037608806864915,0.630170703489267
"Drink when matt says you can certainly try, when a nat 20 is rolled, when vex stealths, when scanlan says something dirty",neither,0.03206284285915501,0.41890406248076684,0.5490330946600782
gandsSubHype gandsTrinket gandsSubHype gandsTrinket,neither,0.03945320844208391,0.33037608806864915,0.630170703489267
Bidet,neither,0.03945320844208391,0.33037608806864915,0.630170703489267
vance1982 has 3506 coins,neither,0.03989735448983053,0.32283777050957063,0.6372648750005988
"Guess, stop with the wallet spamming",neither,0.028412663985550812,0.4209356777867504,0.5506516582276987
gandsGrogSigil gandsGrogSigil gandsGrogSigil gandsGrogSigil gandsGrogSigil gandsGrogSigil gandsGrogSigil gandsGrogSigil gandsGrogSigil gandsGrogSigil gandsGrogSigil gandsGrogSigil,neither,0.03945320844208391,0.33037608806864915,0.630170703489267
gandsHR gandsHR gandsHR gandsHR,neither,0.03945320844208391,0.33037608806864915,0.630170703489267
Bidet from Oklahoma panhandle :D,neither,0.040334677536117594,0.315415257091876,0.6442500653720065
Alpha suck big time ! I can't login !!!,neither,0.038316826149813334,0.4070801825552553,0.5546029912949313
kappa,neither,0.03945320844208391,0.33037608806864915,0.630170703489267
gandsSubHype gandsSubHype gandsSubHype,neither,0.03945320844208391,0.33037608806864915,0.630170703489267
!wallet,neither,0.03945320844208391,0.33037608806864915,0.630170703489267
hi Austin was there two weeks ago and had a great time,neither,0.03762100635787922,0.2752201652205992,0.6871588284215215
!wallet,neither,0.03945320844208391,0.33037608806864915,0.630170703489267
why do i have a stapler by my name?,neither,0.024263987644285123,0.45680405745446195,0.5189319549012529
kapuchu1 has 3127 coins,neither,0.03989735448983053,0.32283777050957063,0.6372648750005988
!wallet,neither,0.03945320844208391,0.33037608806864915,0.630170703489267
!wallet,neither,0.03945320844208391,0.33037608806864915,0.630170703489267
what are coins?,neither,0.07881007817425342,0.27507236261508555,0.6461175592106609
!wallet,neither,0.03945320844208391,0.33037608806864915,0.630170703489267
bidet from pa,neither,0.04069404815304118,0.30931579984010865,0.6499901520068502
!wallet,neither,0.03945320844208391,0.33037608806864915,0.630170703489267
!wallet,neither,0.03945320844208391,0.33037608806864915,0.630170703489267
bidet from NY,neither,0.04084513770590474,0.30675141581570226,0.6524034464783931
I still don't get th coins thing,neither,0.03838954312387299,0.3484292644639649,0.6131811924121622
dougchu21 has 3352 coins,neither,0.03989735448983053,0.32283777050957063,0.6372648750005988
Man of Steel music,neither,0.0395746879809027,0.3905290911449979,0.5698962208740994
And now for an artisanal soundscape...,neither,0.03135720251976177,0.23534030311626106,0.7333024943639772
Wait no grog :( nooooo,neither,0.03859877723318469,0.3448780155714332,0.6165232071953821
!wallet,neither,0.03945320844208391,0.33037608806864915,0.630170703489267
catiedid has 1077 coins,neither,0.03989735448983053,0.32283777050957063,0.6372648750005988
forzahalo3 has 3951 coins,neither,0.03989735448983053,0.32283777050957063,0.6372648750005988
dead_shot_calamitys has 961 coins,neither,0.03989735448983053,0.32283777050957063,0.6372648750005988
"@GeekandSundry, Dustin you're probably busy but I can't thank you enough for adding gandsHecBird as an emote",neither,0.062488130238408164,0.3828700730858038,0.5546417966757881
Let us all get super hype for what is most likely going to be an infiltration and planning episode gandsSubHype,neither,0.05188085326318957,0.3501553234064055,0.597963823330405
PLEASE STOP THE WALLET SPAM,neither,0.038593079439215236,0.37635930769214226,0.5850476128686424
bidet from lake stevens wa,neither,0.04042040287069546,0.31396027443879415,0.6456193226905105
FeelsBadMan,neither,0.03945320844208391,0.33037608806864915,0.630170703489267
Bidet from Cincinnati!,neither,0.04228451509352876,0.2823214250720796,0.6753940598343917
Time for some DERRR N' DERR!,neither,0.020008321805332765,0.3371985270723849,0.6427931511222823
@Xx_Ookami_xX BIDET good sir!,neither,0.03862477639939439,0.3306610238363805,0.6307141997642249
tunage on point pitcrew.,neither,0.03491331784810099,0.3525423861207497,0.6125442960311492
yay,neither,0.03945320844208391,0.33037608806864915,0.630170703489267
But it's okay. :D Bidet from California! Tonight's my friend's first time watching live!,neither,0.035340592826894106,0.37083570642987684,0.593823700743229
Woo!,neither,0.03945320844208391,0.33037608806864915,0.630170703489267
!wallet,neither,0.03945320844208391,0.33037608806864915,0.630170703489267
"currently making a gandsGandsPoo gandsGandsPoo gandsGandsPoo, just so you know",neither,0.05109187222021337,0.43597264660182466,0.512935481177962
woooo it is thursday yet,neither,0.04651135664277627,0.32794846724679255,0.6255401761104311
Yaaaassss I'm not late,neither,0.038230880421968476,0.3349638780986157,0.6268052414794159
Critical ROLL!!!!!,neither,0.03945320844208391,0.33037608806864915,0.630170703489267
itskathleen has 2734 coins,neither,0.03989735448983053,0.32283777050957063,0.6372648750005988
Bidet from NC,neither,0.04066490145509902,0.30981049537100724,0.6495246031738937
SAN ANTONIO Hype gandsSubHype gandsSubHype gandsSubHype,neither,0.03945320844208391,0.33037608806864915,0.630170703489267
tons of fellow Houstonian critters here!,neither,0.07916823848148499,0.2976601166217198,0.6231716448967952
!wallet,neither,0.03945320844208391,0.33037608806864915,0.630170703489267
bidet!,neither,0.03945320844208391,0.33037608806864915,0.630170703489267
mick4state has 3242 coins,neither,0.03989735448983053,0.32283777050957063,0.6372648750005988
bidet from germany dayHeart,neither,0.04069404815304118,0.30931579984010865,0.6499901520068502
Bidet from Hastings UK,neither,0.04079557052152802,0.30759270029461827,0.6516117291838538
laramie wyoming 30 below with the wind chill,neither,0.031777889669284916,0.3436895570158776,0.6245325533148375
1shadown2 has 1948 coins,neither,0.03989735448983053,0.32283777050957063,0.6372648750005988
the_1itte has 3271 coins,neither,0.03989735448983053,0.32283777050957063,0.6372648750005988
nocturnaljin has 3099 coins,neither,0.03989735448983053,0.32283777050957063,0.6372648750005988
roiskiafilms has 2231 coins,neither,0.03989735448983053,0.32283777050957063,0.6372648750005988
minclarion has 2756 coins,neither,0.03989735448983053,0.32283777050957063,0.6372648750005988
cannna has 4475 coins,neither,0.03989735448983053,0.32283777050957063,0.6372648750005988
What is this music?! I like,neither,0.07992788027440285,0.3409051844996754,0.5791669352259219
!wallet,neither,0.03945320844208391,0.33037608806864915,0.630170703489267
"OK seriously, this is basically a Dream Theater song called ""The Count of Tuscany."" (Not complaining)",neither,0.04199977394336435,0.3281773012464978,0.6298229248101379
!wallet,neither,0.03945320844208391,0.33037608806864915,0.630170703489267
bidet from mn,neither,0.040737273169946825,0.30858215849491494,0.6506805683351382
Good morning / night from Slovakia,neither,0.03852748118766374,0.16253429101388514,0.7989382277984511
!wallet,neither,0.03945320844208391,0.33037608806864915,0.630170703489267
Bidet!,neither,0.03945320844208391,0.33037608806864915,0.630170703489267
!wallet,neither,0.03945320844208391,0.33037608806864915,0.630170703489267
working on a dungeon for my game jamming to critical role,neither,0.030478196826467897,0.343389905940333,0.6261318972331992
jessicasong has 1082 coins,neither,0.03989735448983053,0.32283777050957063,0.6372648750005988
bidet from nw ohio,neither,0.04036750444974338,0.31485809869622855,0.644774396854028
jailbirdie has 3101 coins,neither,0.03989735448983053,0.32283777050957063,0.6372648750005988
LETS GOOOOO,neither,0.03864835078748214,0.3440366229783383,0.6173150262341796
happytownonthehill has 2971 coins,neither,0.03989735448983053,0.32283777050957063,0.6372648750005988
gandsPitCrew gandsPitCrew gandsPitCrew You tha best Pit Crew gandsSCANLAN gandsSCANLAN gandsSCANLAN,neither,0.051702737331958494,0.3603484216415875,0.587948841026454
!wallet,neither,0.03945320844208391,0.33037608806864915,0.630170703489267
bidet from socal,neither,0.04062582848913359,0.31047366557575606,0.6489005059351104
Bidet from iceland!,neither,0.04228451509352876,0.2823214250720796,0.6753940598343917
koenmic has 12439 coins,neither,0.03989735448983053,0.32283777050957063,0.6372648750005988
BEEP BEEP,neither,0.03945320844208391,0.33037608806864915,0.630170703489267
Bidet !wallet,neither,0.03945320844208391,0.33037608806864915,0.630170703489267
Bidet from central North Carolina!,neither,0.040239121761279285,0.31703708797158225,0.6427237902671386
"Bidet from Oviedo, Florida",neither,0.040412632663812495,0.31409215512822203,0.6454952122079655
i wonder who the guest are!,neither,0.06278161139231353,0.32994925216784526,0.6072691364398413
!bet 50,neither,0.03945320844208391,0.33037608806864915,0.630170703489267
The Wiz is on,neither,0.04472877158177043,0.32365407655452205,0.6316171518637076
beep beep.,neither,0.03945320844208391,0.33037608806864915,0.630170703489267
orxlayer has 2380 coins,neither,0.03989735448983053,0.32283777050957063,0.6372648750005988
gandsMatt gandsCrit,neither,0.03945320844208391,0.33037608806864915,0.630170703489267
!wallet,neither,0.03945320844208391,0.33037608806864915,0.630170703489267
!wallet,neither,0.03945320844208391,0.33037608806864915,0.630170703489267
Biday to all of you as well,offensive_language,0.07662110719694808,0.5461099204141218,0.3772689723889301
Welcomes all new subs and viewers!,neither,0.042998289747962826,0.2771746474816854,0.6798270627703518
!wallet,neither,0.03945320844208391,0.33037608806864915,0.630170703489267
!wallet,neither,0.03945320844208391,0.33037608806864915,0.630170703489267
the critical role facbook group is here all is welcome!! https://m.facebook.com/groups/535000653368381?view=permalink&id=606722786196167&notif_t=group_activity&notif_id=1481251833115290&ref=m_notif,neither,0.0549396487386894,0.3532865477483836,0.5917738035129271
This music is very laser Floyd.,neither,0.04659785513079758,0.32929129729505174,0.6241108475741507
!wallet,neither,0.03945320844208391,0.33037608806864915,0.630170703489267
chiefreaper has 463 coins,neither,0.03989735448983053,0.32283777050957063,0.6372648750005988
!ocr,neither,0.03945320844208391,0.33037608806864915,0.630170703489267
"We most likely don't know what the exact song that's playing is, but chances are it's from OverClocked ReMix! ocremix.org",neither,0.05370311096414692,0.31815031989144693,0.6281465691444061
!wallet,neither,0.03945320844208391,0.33037608806864915,0.630170703489267
"Beep beep, y'all",offensive_language,0.046917543854519406,0.6277741405869331,0.3253083155585475
!wallet,neither,0.03945320844208391,0.33037608806864915,0.630170703489267
beep beep,neither,0.03945320844208391,0.33037608806864915,0.630170703489267
Whoooo hoooo Thursday,neither,0.03945320844208391,0.33037608806864915,0.630170703489267
!wallet,neither,0.03945320844208391,0.33037608806864915,0.630170703489267
!wallet,neither,0.03945320844208391,0.33037608806864915,0.630170703489267
\m/ gandsHecThor \m/,neither,0.03945320844208391,0.33037608806864915,0.630170703489267
"and now, relax with the sounds of the pit crew after a long day.",neither,0.03197691553292962,0.3021549545768482,0.6658681298902223
brolynnightfury has 9900 coins,neither,0.03989735448983053,0.32283777050957063,0.6372648750005988
!wallet,neither,0.03945320844208391,0.33037608806864915,0.630170703489267
=o,neither,0.03945320844208391,0.33037608806864915,0.630170703489267
*** it der n der,neither,0.038602724505673196,0.33066860849383417,0.6307286670004927
bidet,neither,0.03945320844208391,0.33037608806864915,0.630170703489267
Bidet and beep beep from Queensland Australia.,neither,0.03965776716412151,0.26988353053137865,0.6904587023044999
BIDET FROM OREGON,neither,0.04071751644889743,0.3089174816120565,0.6503650019390461
gandsMatt gandsTrinket gandsSCANLAN gandsAJinSpace gandsSubHype gandsSubHype gandsSubHype,neither,0.03945320844208391,0.33037608806864915,0.630170703489267
!wallet,neither,0.03945320844208391,0.33037608806864915,0.630170703489267
Finally streaming again! Anyone near seattle?,neither,0.03830292915606091,0.3498993295421794,0.6117977413017597
!wallet,neither,0.03945320844208391,0.33037608806864915,0.630170703489267
Bidet,neither,0.03945320844208391,0.33037608806864915,0.630170703489267
bidet from my bathroom.,neither,0.02792724717551905,0.40964124533446117,0.5624315074900197
hey everyone!,neither,0.031959242684595296,0.4575682446653829,0.5104725126500218
Kappa,neither,0.03945320844208391,0.33037608806864915,0.630170703489267
alucitidae has 2263 coins,neither,0.03989735448983053,0.32283777050957063,0.6372648750005988
"Bidet from Tomball, TX",neither,0.04081748366884477,0.3072207769958956,0.6519617393352596
