text,top_class,hate_speech,offensive_language,neither
Blame Denise? It's Denise's hard work and godly powers that will get us through these difficult times!,offensive_language,0.05083325641643229,0.47495112182156457,0.4742156217620031
YASS,neither,0.03945320844208391,0.33037608806864915,0.630170703489267
Yay Pit crew!,neither,0.03945320844208391,0.33037608806864915,0.630170703489267
OH BOY,neither,0.04768565599480007,0.25364348607606696,0.698670857929133
Kreygasm,neither,0.03945320844208391,0.33037608806864915,0.630170703489267
THANK GOD THAT **** IS OVER...,neither,0.03957186211289129,0.381325370173544,0.5791027677135646
"@gammakitten Thanks! It breaks my heart to see them get insulted for things they can't control. They love this show as much as we do, if not more. They're all trying their best to to fix things and negativity from Critters won't help.",neither,0.042360798146943414,0.3464001926620399,0.6112390091910167
I want fanart of chat waiting for Talks to start.,neither,0.039648689897673124,0.30272807448672406,0.657623235615603
I gandsLessthanthree pit crew,neither,0.03945320844208391,0.33037608806864915,0.630170703489267
yayayayayaya,neither,0.03945320844208391,0.33037608806864915,0.630170703489267
We have Logo!,neither,0.03868567664595196,0.3434031057473773,0.6179112176066708
Yayayay,neither,0.03945320844208391,0.33037608806864915,0.630170703489267
#blamethordack #hailpitcrew,neither,0.03945320844208391,0.33037608806864915,0.630170703489267
<3,neither,0.03945320844208391,0.33037608806864915,0.630170703489267
PogChamp SoSnowy,neither,0.03945320844208391,0.33037608806864915,0.630170703489267
Hype,neither,0.03945320844208391,0.33037608806864915,0.630170703489267
"Help G&S make great content! $4.99/month gets you emotes, Minecraft server access, Sub Only Q&As, VODs, and more! Every sub keeps the channel alive! twitch.tv/geekandsundry/subscribe",neither,0.043092924924402844,0.32365565443818894,0.6332514206374082
yus,neither,0.03945320844208391,0.33037608806864915,0.630170703489267
thanks denise,neither,0.035884468650613,0.3004919205142699,0.6636236108351171
Huzzah!,neither,0.03945320844208391,0.33037608806864915,0.630170703489267
YYYYYYAAAAAAAAYYYYYYY,neither,0.03945320844208391,0.33037608806864915,0.630170703489267
Pit crew is awesome - alpha not :(,neither,0.044006856872476935,0.33189234428704495,0.6241007988404781
the broadcast you were watching has ended.,neither,0.05126406662399553,0.3281724003720076,0.6205635330039969
"aww i flippin slipped on an ice sheet to not miss the show and it turns out, i coulda gone to the store and bought some chips instead",neither,0.048030431395919164,0.2691166015429729,0.6828529670611079
hee heheee.. stream tryin so hard!,offensive_language,0.03195571955191283,0.5487745939799527,0.4192696864681344
"yes, sexy brown leather",neither,0.03945320844208391,0.33037608806864915,0.630170703489267
TM Hype!,neither,0.03945320844208391,0.33037608806864915,0.630170703489267
gandsSubHype gandsSubHype gandsSubHype gandsSubHype,neither,0.03945320844208391,0.33037608806864915,0.630170703489267
gandsOwl gandsNatTwenty gandsCrit gandsLessthanthree,neither,0.03945320844208391,0.33037608806864915,0.630170703489267
The Russians have given us back the stream!,neither,0.06095473538901528,0.31162090106218276,0.6274243635488019
ITS HAPPENING,neither,0.03309144916294284,0.33256418880705063,0.6343443620300065
Woot!,neither,0.03945320844208391,0.33037608806864915,0.630170703489267
This is how we dooooo itttttt,neither,0.052620660428684865,0.332234184325759,0.6151451552455561
HEY PIT CREW,neither,0.03945320844208391,0.33037608806864915,0.630170703489267
I'm here for the French horns.,neither,0.06876483535029965,0.26424098942610724,0.666994175223593
OMG The thing did a thing!,neither,0.03871131983871947,0.31686326982473667,0.644425410336544
gandsPitCrew gandsLessthanthree,neither,0.03945320844208391,0.33037608806864915,0.630170703489267
Yay pit crew!!!,neither,0.03945320844208391,0.33037608806864915,0.630170703489267
Go Denise!,neither,0.04276165647058889,0.34190019769565555,0.6153381458337556
IT IS TIME,neither,0.04957552498532811,0.36090464428914903,0.5895198307255228
HELLO IM READY,neither,0.03853443253305678,0.3652398829875576,0.5962256844793855
Mary: https://twitter.com/MaryEMcGlynn/status/808873033972609024,neither,0.03891266275299815,0.417326491283287,0.5437608459637149
Pit Crew!!!,neither,0.03945320844208391,0.33037608806864915,0.630170703489267
gandsPitCrew gandsPitCrew gandsPitCrew gandsPitCrew gandsCrit gandsCrit gandsCrit gandsCrit gandsCrit,neither,0.03945320844208391,0.33037608806864915,0.630170703489267
<3<3<3 #PitCrew,neither,0.03945320844208391,0.33037608806864915,0.630170703489267
<3,neither,0.03945320844208391,0.33037608806864915,0.630170703489267
go Pit Crew!!! you guys are AWESOME,neither,0.07631242330908208,0.3332926893352785,0.5903948873556394
gandsPitCrew gandsPitCrew gandsPitCrew gandsPitCrew gandsPitCrew gandsPitCrew gandsPitCrew gandsPitCrew gandsPitCrew gandsPitCrew gandsPitCrew gandsPitCrew gandsPitCrew gandsPitCrew gandsPitCrew,neither,0.03945320844208391,0.33037608806864915,0.630170703489267
Pit Crew should have a theme/cheer/chant we could use at times like this to encourage awesome,neither,0.03344721043732211,0.4120796140750495,0.5544731754876284
PogChamp,neither,0.03945320844208391,0.33037608806864915,0.630170703489267
Thank you Pit Crew,neither,0.0540591739276713,0.3796837975911355,0.5662570284811931
<3,neither,0.03945320844208391,0.33037608806864915,0.630170703489267
Your the best Pit Crew!!!!! gandsLessthanthree gandsLessthanthree gandsLessthanthree gandsLessthanthree gandsLessthanthree gandsLessthanthree gandsLessthanthree gandsLessthanthree gandsLessthanthree,neither,0.0647451772081365,0.3015921473535329,0.6336626754383307
BloodTrail,neither,0.03945320844208391,0.33037608806864915,0.630170703489267
HIT IT DENISE!,neither,0.03681196396511082,0.33128453316013706,0.631903502874752
gandsPitCrew gandsPitCrew gandsPitCrew gandsPitCrew gandsPitCrew,neither,0.03945320844208391,0.33037608806864915,0.630170703489267
#DeniseMVP,neither,0.03945320844208391,0.33037608806864915,0.630170703489267
gandsLessthanthree gandsLessthanthree gandsLessthanthree gandsLessthanthree,neither,0.03945320844208391,0.33037608806864915,0.630170703489267
WOOT!,neither,0.03945320844208391,0.33037608806864915,0.630170703489267
Good on ya Denise and Pit Crew!,offensive_language,0.02483707296072247,0.5100529325408358,0.46510999449844176
for *** sake denise,neither,0.032764864206104964,0.296993156639892,0.670241979154003
<3 PIT CREW!!,neither,0.03945320844208391,0.33037608806864915,0.630170703489267
Love you pit crew,neither,0.052039410940105495,0.3900669137260665,0.557893675333828
<3 TwitchLit <3 TwitchLit gandsLessthanthree,neither,0.03945320844208391,0.33037608806864915,0.630170703489267
THANKS PIT CREW !!!!!,neither,0.037528256182875766,0.31425678567909415,0.64821495813803
HIT IT DENISE,neither,0.03681196396511082,0.33128453316013706,0.631903502874752
Wil stop spilling ***,offensive_language,0.03955985943432937,0.5175432020074249,0.44289693855824575
go Pit Crew!,neither,0.040604572399550114,0.3343713742416494,0.6250240533588004
Pit Crew <3 <3 <3,neither,0.03945320844208391,0.33037608806864915,0.630170703489267
pit crew? more like awesome crew!!,neither,0.046824459757115425,0.33380217694841935,0.6193733632944652
nice we have talksmachina,neither,0.03850494190574847,0.346470645968716,0.6150244121255355
Refresh,neither,0.03945320844208391,0.33037608806864915,0.630170703489267
Wheee!,neither,0.03945320844208391,0.33037608806864915,0.630170703489267
@owifig agreed,neither,0.03945320844208391,0.33037608806864915,0.630170703489267
Pit Crew Needs to TRAIN Alpha,neither,0.04391455724726798,0.3277419084907904,0.6283435342619416
GO PIT CREW GO! <3,neither,0.04143447882055978,0.3372624129394884,0.6213031082399518
mitchfdb -> Bug off! [stop spamming caps] [warning],neither,0.03940329453068146,0.3828228705930901,0.5777738348762285
ðŸ‘Œ,neither,0.03945320844208391,0.33037608806864915,0.630170703489267
Bidet from Pittsburgh everyone,neither,0.03461311353610859,0.4125251302641893,0.552861756199702
gandsLessthanthree gandsLessthanthree gandsCrit gandsCrit,neither,0.03945320844208391,0.33037608806864915,0.630170703489267
#THeydidit\,neither,0.03945320844208391,0.33037608806864915,0.630170703489267
Woo!,neither,0.03945320844208391,0.33037608806864915,0.630170703489267
aaaaaayyyyyyyyyyyy,neither,0.03945320844208391,0.33037608806864915,0.630170703489267
"alpha sucks, it's a cash grab scheme based on NOTHING special",neither,0.05078510226297052,0.350557849962865,0.5986570477741645
"hi, everyone",neither,0.032490659208996964,0.4485487193596734,0.5189606214313296
gandsPitCrew gandsPitCrew gandsPitCrew gandsPitCrew gandsPitCrew gandsPitCrew gandsPitCrew gandsPitCrew gandsPitCrew gandsPitCrew gandsPitCrew gandsPitCrew gandsPitCrew,neither,0.03945320844208391,0.33037608806864915,0.630170703489267
Pit. Crew.,neither,0.03945320844208391,0.33037608806864915,0.630170703489267
PogChamp IT'S HAPPENING,neither,0.037828236809968684,0.3309349903269868,0.6312367728630445
WOOT,neither,0.03945320844208391,0.33037608806864915,0.630170703489267
luv pit crew,neither,0.03945320844208391,0.33037608806864915,0.630170703489267
3rd times the charm,neither,0.03873351418423295,0.317275310764257,0.6439911750515099
"We got a bad wire guys, eta 20 mins",neither,0.03606069308018201,0.36671955877970897,0.597219748140109
gandsSubHype gandsSubHype gandsSubHype gandsSubHype,neither,0.03945320844208391,0.33037608806864915,0.630170703489267
ok! who rolled a 1??,neither,0.040058784094528566,0.3995878957537061,0.5603533201517653
"If we're waiting for Talks, the playlist should probably be CritRole stuff, yes yes?",neither,0.03826930809651548,0.3486621568186011,0.6130685350848833
gandsPitCrew gandsPitCrew gandsPitCrew gandsPitCrew,neither,0.03945320844208391,0.33037608806864915,0.630170703489267
gandsSubHype gandsSubHype gandsSubHype gandsSubHype gandsSubHype,neither,0.03945320844208391,0.33037608806864915,0.630170703489267
"Boo Alpha, <3 to Pit Crew",neither,0.04428081286177787,0.3275306066942941,0.628188580443928
gandsLessthanthree gandsLessthanthree gandsLessthanthree gandsLessthanthree gandsPitCrew gandsPitCrew gandsPitCrew gandsPitCrew,neither,0.03945320844208391,0.33037608806864915,0.630170703489267
Have they summoned Denise yet?,neither,0.03869851789340743,0.34318515626507257,0.6181163258415201
Alpha is working fine,neither,0.046746720267483055,0.3278675149035151,0.6253857648290019
black screen for anyone else?,neither,0.050301837034496845,0.28776942649627973,0.6619287364692233
Thordak is secretly building a twitch streaming server and powering it with the soul anchor,neither,0.03568201083857354,0.3195543733160046,0.6447636158454219
Thanks other guys for filling in....?,neither,0.03320091923086077,0.29621161848663946,0.6705874622824998
Thanks for the hard work Pit Crew!!,neither,0.027565443620999636,0.4481555593525914,0.524278997026409
Pit Crew rocks!,neither,0.03945320844208391,0.33037608806864915,0.630170703489267
NJ PIT CREW,neither,0.03945320844208391,0.33037608806864915,0.630170703489267
gandsPitCrew gandsPitCrew gandsPitCrew,neither,0.03945320844208391,0.33037608806864915,0.630170703489267
ALL PRAISE DENISE!,neither,0.04188083744528237,0.4262581365805153,0.5318610259742023
gandsPitCrew gandsPitCrew gandsPitCrew gandsPitCrew,neither,0.03945320844208391,0.33037608806864915,0.630170703489267
One thing that would never change from the early days of the channel... Long waits and delays due to tech issues. Good times,neither,0.03786652983463734,0.32539130547821626,0.6367421646871464
Pit Crew gandsLessthanthree gandsLessthanthree gandsLessthanthree,neither,0.03945320844208391,0.33037608806864915,0.630170703489267
TM? more like HM because they CUT me deep... amiright?,neither,0.04194972156506377,0.359312503282267,0.5987377751526691
Logo AND music??,neither,0.038634434216742126,0.2887791704763837,0.6725863953068741
thx pit crew!!,neither,0.03945320844208391,0.33037608806864915,0.630170703489267
woot,neither,0.03945320844208391,0.33037608806864915,0.630170703489267
Uno The Movie,neither,0.040743075174432576,0.27587663501712156,0.6833802898084459
but the most interesting ones are the monsters. oh dear that will never stay,neither,0.049081312648209974,0.2951471756277187,0.6557715117240713
#WeKnow gandsLessthanthree,neither,0.03945320844208391,0.33037608806864915,0.630170703489267
woo I made it!,neither,0.037976528148713294,0.3308839861356039,0.6311394857156828
gandsPitCrew gandsPitCrew gandsPitCrew,neither,0.03945320844208391,0.33037608806864915,0.630170703489267
i'm getting dizzy(er)...,neither,0.03592053141394326,0.3903348367885697,0.5737446317974869
#DeniseourSavior,neither,0.03945320844208391,0.33037608806864915,0.630170703489267
BloodTrail BloodTrail BloodTrail BloodTrail BloodTrail BloodTrail BloodTrail BloodTrail BloodTrail BloodTrail BloodTrail BloodTrail BloodTrail BloodTrail BloodTrail BloodTrail BloodTrail BloodTrail BloodTrail BloodTrail BloodTrail BloodTrail BloodTrail BloodTrail,neither,0.03945320844208391,0.33037608806864915,0.630170703489267
where is Boris,neither,0.050343113247604925,0.29434228935487966,0.6553145973975155
gandsPitCrew gandsPitCrew gandsPitCrew gandsPitCrew,neither,0.03945320844208391,0.33037608806864915,0.630170703489267
PgChamp,neither,0.03945320844208391,0.33037608806864915,0.630170703489267
"great, I'm just in time",neither,0.03074314149531761,0.3489371232586834,0.6203197352459988
what if denise is thordak,neither,0.02700711423300635,0.4169970354193384,0.5559958503476552
gandsPitCrew gandsPitCrew gandsPitCrew,neither,0.03945320844208391,0.33037608806864915,0.630170703489267
Good job pit crew gandsDrink gandsCrit,neither,0.038900425401576504,0.33056621550447907,0.6305333590939445
"@schottzi It's the downside to passionate fanbases, sometimes that passion turns to impatience.",neither,0.043899501553110405,0.34184280854399174,0.6142576899028979
Black screen.....,neither,0.0688425776513419,0.3074453880852506,0.6237120342634075
Deeeeniiiiiise!!! you did it!,neither,0.07166810242296817,0.42882795882198005,0.4995039387550518
PogChamp,neither,0.03945320844208391,0.33037608806864915,0.630170703489267
"Thank you pit crew for discontinuing that show, you rock!",neither,0.06766622062734733,0.3493772146191494,0.5829565647535033
Is the Pit Crew Striking now that 2/3 are leaving?,neither,0.06139592831421243,0.3128768689786389,0.6257272027071485
I can't even get the Alpha website to load,neither,0.04254238944731955,0.3300977083898887,0.6273599021627917
gandsTrinketArmor pastaThat,neither,0.03945320844208391,0.33037608806864915,0.630170703489267
"almost there, just push the button......",neither,0.03527554930845819,0.30143510025464343,0.6632893504368983
#TerksMerkerner,neither,0.03945320844208391,0.33037608806864915,0.630170703489267
<3 <3 <3,neither,0.03945320844208391,0.33037608806864915,0.630170703489267
"Just checked. Wow, Alpha is totally down. Just a blank page",neither,0.038495768731222374,0.3514019220680717,0.610102309200706
my epilepsy is acting u-- a 34gwaac2bw2,neither,0.03259314810085283,0.4517685725240414,0.5156382793751056
u right,neither,0.03719022913728602,0.3744360956046963,0.5883736752580178
"@Lord__Cypher, I have the Talks graphic on screen; you may want to refresh",neither,0.051456813886371765,0.3401499746914724,0.6083932114221559
#GoPitCrew!,neither,0.03945320844208391,0.33037608806864915,0.630170703489267
Good job Pit Crew (specifically Denise),neither,0.03899250714873459,0.3305345443691674,0.6304729484820981
Bidet from LA,neither,0.04094187055022747,0.3051096069949388,0.6539485224548338
beep beep,neither,0.03945320844208391,0.33037608806864915,0.630170703489267
Thanks for the time frame,neither,0.03156064860782982,0.29796678510126834,0.6704725662909019
i can gandsTrinket ly wait,neither,0.03972219569824791,0.3258106723307472,0.634467131971005
"""Technical difficulties. Wil spilled celery water on the mix board. Soon #TalksMachina soon!!""",neither,0.037471894418393846,0.3287866114707748,0.6337414941108312
<3 <3 <3 <3,neither,0.03945320844208391,0.33037608806864915,0.630170703489267
Glory to Pit Crew!!,neither,0.04495236732480504,0.32714496527435594,0.6279026674008389
seizure screen..... easter egg,neither,0.03945320844208391,0.33037608806864915,0.630170703489267
Denise = Thordak,neither,0.03945320844208391,0.33037608806864915,0.630170703489267
#HailDenise,neither,0.03945320844208391,0.33037608806864915,0.630170703489267
yay pit crew!!! :D,neither,0.03945320844208391,0.33037608806864915,0.630170703489267
DENISE IS THORDAK: CONFIRMED,neither,0.04981691255257763,0.32681153499115395,0.6233715524562684
I always start with chat on - then all the rude comments pour in. And I have to turn it off. The Pit crew is awesome - have patience - and if you hate it soooo much - do something else with your time,neither,0.07244011090772537,0.3781254303267059,0.5494344587655687
Who's on the show today?,neither,0.051412225949346003,0.2806776765465652,0.6679100975040887
got em,neither,0.037235888655093,0.41074631341732787,0.5520177979275792
PogChamp PogChamp PogChamp PogChamp PogChamp PogChamp PogChamp just do it!,neither,0.03153826094605212,0.3687093759729045,0.5997523630810434
#TeamTPK,neither,0.03945320844208391,0.33037608806864915,0.630170703489267
#DeniseGate,neither,0.03945320844208391,0.33037608806864915,0.630170703489267
Has it started yet?,neither,0.03835165097085306,0.32355061781166217,0.6380977312174848
TY Denise,neither,0.03945320844208391,0.33037608806864915,0.630170703489267
did it start yet?,neither,0.03786735988892299,0.3309215341061221,0.6312111060049549
"All praise Denise, our guardian and protector",neither,0.04015436333370197,0.35722828430377657,0.6026173523625216
Yay to Pit Crew! You the real MVP's! ðŸ‘,neither,0.04840239389147057,0.42923650764350013,0.5223610984650291
gandsTrinketArmor,neither,0.03945320844208391,0.33037608806864915,0.630170703489267
whats going on?,neither,0.03439360123695853,0.3780338149411443,0.5875725838218971
denise 2020,neither,0.03945320844208391,0.33037608806864915,0.630170703489267
gandsSubHype gandsSubHype gandsSubHype gandsSubHype,neither,0.03945320844208391,0.33037608806864915,0.630170703489267
Go Go Power Rangers,neither,0.04139332613965139,0.33711886797334606,0.6214878058870026
There can't be 13 mil watching right now...,neither,0.03922290130267675,0.31182561236528883,0.6489514863320345
gandsLessthanthree gandsSubHype gandsSubHype,neither,0.03945320844208391,0.33037608806864915,0.630170703489267
we'll just have to have a permanent,neither,0.03980827080994779,0.36091852360074306,0.5992732055893091
beep beep from MA,neither,0.031816597323666866,0.4599893087150652,0.5081940939612679
beep beep bidet,neither,0.03945320844208391,0.33037608806864915,0.630170703489267
thank you pit crew,neither,0.0540591739276713,0.3796837975911355,0.5662570284811931
Did it actually start? Or is it still on a still screen for anyone else?,neither,0.03602225283993288,0.3363140357020048,0.6276637114580624
YAY DENISE!!,neither,0.03945320844208391,0.33037608806864915,0.630170703489267
D E N I S E SwiftRage,neither,0.03945320844208391,0.33037608806864915,0.630170703489267
"@MojoShoujo, you can Trinketly wait? o.O",neither,0.07146197415703198,0.40583738020381754,0.5227006456391504
Hey I heard Denise is thordak,neither,0.05007123182067643,0.32672406293289147,0.623204705246432
I blame myself,neither,0.03945320844208391,0.33037608806864915,0.630170703489267
Who drinks clergy water?! Why would you do that,neither,0.038820077955509256,0.47090444243947566,0.49027547960501505
@alysebell same,neither,0.04148851938089603,0.3488915597363099,0.609619920882794
Is it over?,neither,0.04519961064583579,0.3298241872811734,0.6249762020729909
WORTH THE WAIT,neither,0.03838835372051347,0.31080191865978746,0.650809727619699
3 cheers for the pit crew! Hip Hip,neither,0.035773645666712456,0.3060176257643096,0.6582087285689779
Things are happening!,neither,0.0650848290621886,0.28581273993035955,0.6491024310074519
Great Job Pit Crew gandsLessthanthree gandsLessthanthree gandsLessthanthree gandsLessthanthree gandsLessthanthree gandsLessthanthree gandsSubHype gandsSubHype gandsSubHype gandsSubHype gandsSubHype,neither,0.037879175961599204,0.30953769458027003,0.6525831294581308
mary is here!!!,neither,0.12457514162777943,0.2756277455257119,0.5997971128465087
"@alysebell, do you want to be invited to a private chat room?",neither,0.06304919880552579,0.3538248697182578,0.5831259314762164
@alysebell thank you. I usually just go fullscreen.,neither,0.051613435489377746,0.4154761757992495,0.5329103887113726
good work pit crew :),neither,0.03889033402380749,0.33056968639204,0.6305399795841525
"DENISE, YOU BRILLIANT ***",neither,0.06251506213094515,0.39389304070454173,0.5435918971645132
I'll take this over hyperactive video game blabber any day.,neither,0.04056811241806545,0.2139259800653354,0.7455059075165991
@GuitakuPPH but people in twitch chat and reddit told me that LGN was intentionally sabotaging twitch to get people over to Alpha Kappa,neither,0.05765806122520457,0.3485645205934043,0.5937774181813912
THANK YOU PITCREW AND DENISE!,neither,0.0661386321275064,0.343266437010712,0.5905949308617817
I blame Denise,neither,0.03945320844208391,0.33037608806864915,0.630170703489267
is Alpha not loading for anyone else?,neither,0.03945019464938026,0.3076376404373672,0.6529121649132525
Bidets are so weird. i don't we have them in Norway :P,neither,0.0853675632118706,0.33027291002965875,0.5843595267584706
is it playing on alpha right now?,neither,0.041458219360358775,0.3557817875413469,0.6027599930982943
"@alysebell, You're fnatastic",neither,0.21121477974974437,0.3579950148936462,0.4307902053566094
"If you don't hear music, refresh-or turn up sound!",neither,0.033925011968767085,0.43575770060639185,0.5303172874248411
Denise = Thordak confirmed,neither,0.03945320844208391,0.33037608806864915,0.630170703489267
Bidet represent Pittsburgh,neither,0.03945320844208391,0.33037608806864915,0.630170703489267
@geekandsundry we all trust in you. Keep up the great work pit crew. Have an owl gandsOwl,neither,0.0452178301738942,0.4024807021068428,0.5523014677192629
gandsSubHype gandsSubHype gandsSubHype gandsSubHype,neither,0.03945320844208391,0.33037608806864915,0.630170703489267
3cheers for Pit Crew,neither,0.03369306814140628,0.30160906249950464,0.6646978693590889
Bidet from Germany everyone HeyGuys <3,neither,0.03453719590716363,0.4138136505566087,0.5516491535362276
@Samriegel gandsGandsPoo,neither,0.03945320844208391,0.33037608806864915,0.630170703489267
bidet from Virginia!,neither,0.04079557052152802,0.30759270029461827,0.6516117291838538
gandsGrogSigil,neither,0.03945320844208391,0.33037608806864915,0.630170703489267
#DENISEISTHORDAK,neither,0.03945320844208391,0.33037608806864915,0.630170703489267
gandsSubHype gandsSubHype gandsSubHype gandsSubHype gandsSubHype gandsSubHype gandsSubHype gandsSubHype gandsSubHype gandsSubHype,neither,0.03945320844208391,0.33037608806864915,0.630170703489267
ah there we go now I can see gandsSubHype gandsSubHype,neither,0.040547253040752705,0.2922905429634091,0.6671622039958381
we have a splash and a live icon,neither,0.04167128420537401,0.30808828420612544,0.6502404315885005
"Cheers, @Samriegel !",neither,0.03945320844208391,0.33037608806864915,0.630170703489267
gandsPitCrew gandsLessthanthree,neither,0.03945320844208391,0.33037608806864915,0.630170703489267
"Mary McGlynn, Wil Friedle, Laura Bailey & Taleisin Jaffe on stream today :D",neither,0.03649385949578803,0.3240028464620459,0.6395032940421661
"@louisleiyu mary, will, marisha and talisen",neither,0.040088075546859864,0.2541276016941526,0.7057843227589877
gandsPitCrew,neither,0.03945320844208391,0.33037608806864915,0.630170703489267
Whoever just made the HM joke I applaud you,neither,0.045239042146204174,0.3612345370516979,0.5935264208020979
Don't nobody wanna drink no Alpa's butt water,offensive_language,0.03617416768843223,0.485298105150351,0.47852772716121683
hip hip,neither,0.03945320844208391,0.33037608806864915,0.630170703489267
Thank.you Pit crew...and Denise !!!,neither,0.0522762688226475,0.3370286154766724,0.61069511570068
All I see is Talks Machina logo,neither,0.04856757800502627,0.391480316311806,0.5599521056831678
#isitThursdayyet,neither,0.03945320844208391,0.33037608806864915,0.630170703489267
wait did Hector ever flip the car into the truck?,neither,0.03829565572772249,0.3090376524729993,0.6526666917992782
I bet he bought the celery water at whle foods.,neither,0.041651117039097886,0.33377888380381754,0.6245699991570847
Samriegel this is on you BibleThump,offensive_language,0.100181188399106,0.45881124910145504,0.4410075624994389
huzzah!,neither,0.03945320844208391,0.33037608806864915,0.630170703489267
bidet pgh!,neither,0.03945320844208391,0.33037608806864915,0.630170703489267
#AllHailDenise,neither,0.03945320844208391,0.33037608806864915,0.630170703489267
refresh,neither,0.03945320844208391,0.33037608806864915,0.630170703489267
bask in the beautiful intro music,neither,0.03869151840423646,0.31649519199362275,0.6448132896021408
gandsSubHype gandsSubHype,neither,0.03945320844208391,0.33037608806864915,0.630170703489267
if denise could use her power to request more french horns i would be forever indebted,offensive_language,0.01645395187706478,0.5046975452215265,0.4788485029014088
stream will be up as soon as the pitcrew defeats Thordak,neither,0.035939169453102895,0.3810891297883572,0.5829717007585399
is it over or just starting?,neither,0.03775188267045445,0.35172411454839736,0.610524002781148
#DENISEISTHORDAK,neither,0.03945320844208391,0.33037608806864915,0.630170703489267
that really is a nice logo#,neither,0.04304579305361652,0.36647639388675934,0.5904778130596241
huzzah!!,neither,0.03945320844208391,0.33037608806864915,0.630170703489267
@,neither,0.03945320844208391,0.33037608806864915,0.630170703489267
"Great moves denise, keep it up!",neither,0.034027256974954706,0.3521566822417586,0.6138160607832865
#DEnise,neither,0.03945320844208391,0.33037608806864915,0.630170703489267
butts?,neither,0.03945320844208391,0.33037608806864915,0.630170703489267
@Samriegel What'd you do now,neither,0.0883585362693541,0.3997167234296783,0.5119247403009676
where was travis last week?,neither,0.04090397885697426,0.3057527279188851,0.6533432932241408
Admit it - Brian pulled out the plug,neither,0.03502272228338607,0.3307348747492246,0.6342424029673894
Bidet,neither,0.03945320844208391,0.33037608806864915,0.630170703489267
@articdragone There aren't. The gray 'eye' one is just number of views of the channel in general ... basically. The red one with the person is the 'current watching',neither,0.039621970955746696,0.32692458229553145,0.6334534467487218
gandsCrit gandsCrit,neither,0.03945320844208391,0.33037608806864915,0.630170703489267
huzzah!!!,neither,0.03945320844208391,0.33037608806864915,0.630170703489267
Who is excited for TPKmachina?,neither,0.04137361327261915,0.3614509093268003,0.5971754774005806
@Saltypikkles Pittsburgh Wooooooh!,neither,0.03945320844208391,0.33037608806864915,0.630170703489267
?,neither,0.03945320844208391,0.33037608806864915,0.630170703489267
so i think it wil have laura travis sam and talisin,neither,0.03760301350472131,0.33271961182245424,0.6296773746728244
"Brian tripped, head injury, eta 30mins",neither,0.03828057897313129,0.3502786704758243,0.6114407505510444
What CritRoll means to me....? Something I can always count on to make me smile week after shitty week .... CR is always a happy sigh,offensive_language,0.04578536000840728,0.5659172501544983,0.3882973898370943
gandsSubHype,neither,0.03945320844208391,0.33037608806864915,0.630170703489267
I think Hector did it - I saw part of that last week,neither,0.035919381083387936,0.3554906495465367,0.6085899693700753
#WEKNOW,neither,0.03945320844208391,0.33037608806864915,0.630170703489267
GivePLZ,neither,0.03945320844208391,0.33037608806864915,0.630170703489267
bidet from Pittsburgh,neither,0.04066490145509902,0.30981049537100724,0.6495246031738937
I finally made the connection of where I know Shelby from Force Grey from. She was DENISE in Key and Peele's substitute teacher video,neither,0.04308523498605742,0.27299425650735276,0.6839205085065897
"@cyborgninja98 Still screen, with music.",neither,0.028011841425651208,0.38246752686677116,0.5895206317075776
love this music today!! GJ,neither,0.034515943362672774,0.3218724114322968,0.6436116452050304
gandsCrit gandsCrit gandsCrit,neither,0.03945320844208391,0.33037608806864915,0.630170703489267
"Denice is not thordak, guys",neither,0.05002091833752299,0.33645643008680354,0.6135226515756735
We love you Pit Crew!!,neither,0.051048486898011065,0.38886162371267163,0.5600898893893173
this logo design is a+ tho,neither,0.042248416668098934,0.3364861713597466,0.6212654119721545
we see a talks logo with music,neither,0.030845208265657245,0.3612857872573737,0.607869004476969
have they started yet???,neither,0.03886706509480692,0.34032447038417935,0.6208084645210137
how can there be 13 million followers when there are only 7 million people in tal'dorei,neither,0.059026561616855766,0.29055812364751427,0.6504153147356301
Last week Travis was out of town shooting something for something :P,neither,0.033814283647214095,0.32354192023162104,0.642643796121165
#WEKNOW,neither,0.03945320844208391,0.33037608806864915,0.630170703489267
#Denise Is Larkin,neither,0.081172750358939,0.3160268245287109,0.60280042511235
Here we go Pit Crew here we go <3 <3 Here we go Pit Crew here we go <3 <3,neither,0.10681626769545155,0.28882837313730364,0.6043553591672447
OSsloth OSsloth OSsloth,neither,0.03945320844208391,0.33037608806864915,0.630170703489267
Beep Beep,neither,0.03945320844208391,0.33037608806864915,0.630170703489267
Hurry up Pit Crew! Damn! ooppp sorry auto correct. My b. Bidet!,offensive_language,0.03475619359370508,0.679608451429567,0.28563535497672793
I'm honestly glad Matt has tonight off. That man works too hard. :D,offensive_language,0.030799884705929325,0.496457684786623,0.4727424305074478
!help,neither,0.03945320844208391,0.33037608806864915,0.630170703489267
<3 <3 <3 <3,neither,0.03945320844208391,0.33037608806864915,0.630170703489267
Whos on tonight?,neither,0.03394792596963401,0.32119843853460367,0.6448536354957624
KappaPride,neither,0.03945320844208391,0.33037608806864915,0.630170703489267
bidet everyone,offensive_language,0.02988896790634741,0.4927062106388782,0.4774048214547744
@GeekandSundry Thank you!,neither,0.07325166854587051,0.43632638485078484,0.49042194660334476
i want that logo on my wallet,neither,0.026300421681490296,0.4373149669342857,0.536384611384224
#Denise is Boris,neither,0.04912624121044723,0.3270490885368631,0.6238246702526896
Yeah this logo is pretty much perfect,neither,0.028946610892929082,0.41447047416497756,0.5565829149420933
@meggiemay328 thanks :D,neither,0.035884468650613,0.3004919205142699,0.6636236108351171
#StandWithDenise,neither,0.03945320844208391,0.33037608806864915,0.630170703489267
Is there going to be a new Pit Crew introduction for whoever takes over?,neither,0.043816250404772134,0.2518050463913395,0.7043787032038884
PJSalt,neither,0.03945320844208391,0.33037608806864915,0.630170703489267
#DeniseisLArkin,neither,0.03945320844208391,0.33037608806864915,0.630170703489267
MrDestructoid,neither,0.03945320844208391,0.33037608806864915,0.630170703489267
@Samriegel Spice?,neither,0.03945320844208391,0.33037608806864915,0.630170703489267
Alpha is still down. Not sure when this is starting,neither,0.03704403398652054,0.45739235402028844,0.505563611993191
@xxcol3manxx Nope. Technical difficulties have delayed Talks Machina.,neither,0.0389003417435472,0.3397596788099238,0.621339979446529
bidet from the great city of Pittsburgh,neither,0.03808404378233329,0.28379681409099367,0.6781191421266731
"Denise rules over all, sounds like Thordak to me",neither,0.04600353794017414,0.4426230212153832,0.5113734408444426
@gammaliz are other people seeing it? I'm just worried I'm missing it,neither,0.07522637075487497,0.3109064001664964,0.6138672290786286
@Pseudonut There aren't. That's total views over time for the channel,neither,0.031042457293767218,0.31642763220123543,0.6525299105049973
"This music is excellent, thank you pit crew! #InPitCrewWeTrust",neither,0.05610299687659717,0.3641571040854679,0.579739899037935
!wallet,neither,0.03945320844208391,0.33037608806864915,0.630170703489267
I DON'T KNOW WHY I'M KEEPING CAPS LOCK ON,neither,0.029963820966028745,0.35044296766399274,0.6195932113699785
gandsRage gandsSubHype gandsSubHype gandsSubHype gandsSubHype gandsSubHype gandsSubHype gandsSubHype,neither,0.03945320844208391,0.33037608806864915,0.630170703489267
nachopanda005 has 1514 coins,neither,0.03989735448983053,0.32283777050957063,0.6372648750005988
tpk first 10 min in rhordak fight,neither,0.033272343535602336,0.3325019709372726,0.6342256855271251
Soooon,neither,0.03945320844208391,0.33037608806864915,0.630170703489267
We should make fan art of Denise and we can all guess what she looks like,neither,0.06059113145678857,0.44072943945849474,0.49867942908471663
@kayla516 YES! More French horns!!,neither,0.0409911885235584,0.3223309942247374,0.6366778172517041
#DeniseWatch,neither,0.03945320844208391,0.33037608806864915,0.630170703489267
#blamealpha,neither,0.03945320844208391,0.33037608806864915,0.630170703489267
b'day everyone!,neither,0.03193887077173501,0.4504778397294994,0.5175832894987655
#DeniseIsSpice,neither,0.03945320844208391,0.33037608806864915,0.630170703489267
Spice?,neither,0.03945320844208391,0.33037608806864915,0.630170703489267
neato,neither,0.03945320844208391,0.33037608806864915,0.630170703489267
what happens in chapter two when they arent named vox machina anymore lol?,neither,0.04324524877672477,0.3821476081769243,0.574607143046351
Is Denice real?,offensive_language,0.04041000456888273,0.5570104255617636,0.4025795698693536
I want that logo on my cars dashboard,neither,0.025614582727412898,0.4435853812252537,0.5308000360473335
!wallet,neither,0.03945320844208391,0.33037608806864915,0.630170703489267
peanut butter m&m time,neither,0.03840638736524599,0.348143373727898,0.613450238906856
isiantos has 2003 coins,neither,0.03989735448983053,0.32283777050957063,0.6372648750005988
"Our Pit Crew be poppin', our Pit Crew be cool, they be workin' harder so we can get to view! Go, Pit Crew! <3",neither,0.041871408922696474,0.3481533378505475,0.6099752532267562
#BlameAlpha,neither,0.03945320844208391,0.33037608806864915,0.630170703489267
WHERES LARKIN,neither,0.03945320844208391,0.33037608806864915,0.630170703489267
cheer2,neither,0.03945320844208391,0.33037608806864915,0.630170703489267
#DeniseIsLarkin,neither,0.03945320844208391,0.33037608806864915,0.630170703489267
hooray!,neither,0.03945320844208391,0.33037608806864915,0.630170703489267
Is sam on the show tonight and is that why we are late,neither,0.06139693641130403,0.2469772518289207,0.6916258117597752
gandsGrogSigil gandsGrogSigil gandsGrogSigil gandsGrogSigil,neither,0.03945320844208391,0.33037608806864915,0.630170703489267
"This logo would look great on leather gear! I'm looking at you, G&S!",neither,0.04538147159011159,0.35888560892180776,0.5957329194880807
surely 20 mins delay for alpha is enough??,neither,0.0402800924439772,0.30902810337969844,0.6506918041763244
VoHiYo,neither,0.03945320844208391,0.33037608806864915,0.630170703489267
"Thordak the Cinder King, TCK, TPK. Cincidence?",neither,0.03816659329791565,0.30656109810364396,0.6552723085984403
"@AndyJayMarg Suddenly, Me too. Make it happen @GeekandSundry",neither,0.03222942454324751,0.3665156940996606,0.6012548813570919
"Denise is real, so we're told",offensive_language,0.06043886237221771,0.48004130774690784,0.4595198298808745
#BLAMEALPHA,neither,0.03945320844208391,0.33037608806864915,0.630170703489267
who doesnt love a good logo? we get the time to appreiciate all the minutia of thiese words,neither,0.04013846268215523,0.4178225705326929,0.5420389667851518
#MoreNakedVexFanArt,neither,0.03945320844208391,0.33037608806864915,0.630170703489267
"yeah, we've heard her voice",offensive_language,0.010438398545350806,0.5480381086333962,0.4415234928212531
!wallet,neither,0.03945320844208391,0.33037608806864915,0.630170703489267
how Long?,neither,0.03908934559293424,0.3273291474155956,0.6335815069914702
weelyfactoids has 2894 coins,neither,0.03989735448983053,0.32283777050957063,0.6372648750005988
"Oh nice, I thought I was gonna be late, thanks for waiting for me! ðŸ˜…",neither,0.0312788239413404,0.2521492738584459,0.7165719022002137
Denise is Larkin,neither,0.081172750358939,0.3160268245287109,0.60280042511235
!gamble 2003,neither,0.03945320844208391,0.33037608806864915,0.630170703489267
#blamealpha,neither,0.03945320844208391,0.33037608806864915,0.630170703489267
Has it started?,neither,0.03811731409371998,0.32206737589053,0.63981531001575
!wallet,neither,0.03945320844208391,0.33037608806864915,0.630170703489267
tolang1 has 1474 coins,neither,0.03989735448983053,0.32283777050957063,0.6372648750005988
@ani127 2 guests from last week plus Laura and Talsin,neither,0.03962866456765908,0.27715934802798387,0.683211987404357
we could be finishing that Dance party video at the moment...,neither,0.03951628151463699,0.30673684820624375,0.6537468702791192
cheer1,neither,0.03945320844208391,0.33037608806864915,0.630170703489267
"boris, larkin, dale, thordak, and denise are the evil campaign",neither,0.056254059599433116,0.25756900643973174,0.686176933960835
#WEKNOW,neither,0.03945320844208391,0.33037608806864915,0.630170703489267
#supplebear,neither,0.03945320844208391,0.33037608806864915,0.630170703489267
Larkin sends his regards,neither,0.06254741004167254,0.33215080358192867,0.6053017863763988
odds for Trinket or an NPC to get the final hit?,neither,0.03882857490247271,0.29815910907770676,0.6630123160198206
"I have an aunt denise, and even though she lives in michigan, I can only imagine this denise is the same person",neither,0.043120477182549,0.35228027037139303,0.604599252446058
VoHiYo <---- Denise,neither,0.03945320844208391,0.33037608806864915,0.630170703489267
PJSalt,neither,0.03945320844208391,0.33037608806864915,0.630170703489267
#Sam'sFault,neither,0.03945320844208391,0.33037608806864915,0.630170703489267
!wallet,neither,0.03945320844208391,0.33037608806864915,0.630170703489267
!wallet,neither,0.03945320844208391,0.33037608806864915,0.630170703489267
!wallet,neither,0.03945320844208391,0.33037608806864915,0.630170703489267
"@geekandsundry Thanks for all the hard work, Pit Crew! Hopefully we can keep enjoying your talents in an ""expansion"" in the near future.",neither,0.04162429377203617,0.4204277635309176,0.5379479426970463
like did anyone else get the pun that talks SOUNDS like Vox HAHAHAHA (sarcasm),neither,0.04820457423208256,0.3666788706517643,0.585116555116153
"Really excited for this week! Bidet from Rancho Cucamonga, CA",neither,0.03603150945668623,0.29991443518922123,0.6640540553540925
#KeepMary,neither,0.03945320844208391,0.33037608806864915,0.630170703489267
gandsSubHype gandsSubHype gandsSubHype gandsSubHype gandsSubHype,neither,0.03945320844208391,0.33037608806864915,0.630170703489267
!wallet,neither,0.03945320844208391,0.33037608806864915,0.630170703489267
merchandise this already,neither,0.03747602826133484,0.36393399576505037,0.5985899759736149
"Animated gifs gained sentience, eta 25mins",neither,0.03945320844208391,0.33037608806864915,0.630170703489267
