text,top_class,hate_speech,offensive_language,neither
"Beep beep bidet from SLC, UT",neither,0.04071751644889743,0.3089174816120565,0.6503650019390461
they should play reruns of talks machina in this gap,neither,0.049123102295986515,0.3601806790334419,0.5906962186705716
bidet from Bulgaria,neither,0.04228451509352876,0.2823214250720796,0.6753940598343917
aaand moosic,neither,0.03945320844208391,0.33037608806864915,0.630170703489267
"oh god the nerves, guys.......",neither,0.04301090322930986,0.27448040232771687,0.6825086944429734
FUUUUUUUUUUUCK,neither,0.03945320844208391,0.33037608806864915,0.630170703489267
beep beep@matthewmercenary Mayonaise,neither,0.03945320844208391,0.33037608806864915,0.630170703489267
who's ready for C R I T I C A L R O L E,neither,0.03183573088070912,0.3699757289565737,0.5981885401627172
BIDEEEEEEET,neither,0.03945320844208391,0.33037608806864915,0.630170703489267
YA'LL READY FOR CRITICAL ROLL!?,offensive_language,0.024648180442045003,0.4914505017484879,0.48390131780946716
new character rolls tonight,neither,0.04006763410000248,0.24150347515502374,0.7184288907449738
I think it is fate I just got done watching all of the critical roles up to this one,neither,0.04147219522919622,0.452166615117499,0.5063611896533048
HYPE,neither,0.03945320844208391,0.33037608806864915,0.630170703489267
Y'ALL READY FOR TPK!?,neither,0.03263121245062912,0.3796450396358039,0.587723747913567
Here we go boys!! :D,neither,0.1027770141199493,0.2909222680250213,0.6063007178550294
2,neither,0.03945320844208391,0.33037608806864915,0.630170703489267
i think the real battle will be in that pit of thordak's. something bad has to be down there,neither,0.03596835202790833,0.36842394678978063,0.595607701182311
WE NEED A THORDAK EMOJI,neither,0.03906643435490194,0.33166915036141026,0.6292644152836878
So excited!,neither,0.03940839469474773,0.3948270312238364,0.565764574081416
sweet,neither,0.03945320844208391,0.33037608806864915,0.630170703489267
Going to be so good!,neither,0.04577894286335347,0.42736137233084265,0.5268596848058039
yep,neither,0.03945320844208391,0.33037608806864915,0.630170703489267
is it thordakday yet?!?,neither,0.050052695646254655,0.32673043837326265,0.6232168659804829
hey guys!,neither,0.03929207127355727,0.33311100635304525,0.6275969223733975
CritcalRoll Hyper,neither,0.03945320844208391,0.33037608806864915,0.630170703489267
yes,neither,0.03945320844208391,0.33037608806864915,0.630170703489267
HYPE,neither,0.03945320844208391,0.33037608806864915,0.630170703489267
If TPK should someone else DM and matt play a pc?,neither,0.03337090537793834,0.35959466958692854,0.607034425035133
HYPEEE,neither,0.03945320844208391,0.33037608806864915,0.630170703489267
Y'ALL HYPE FOR NEW CHARACTER ROLLS?!,neither,0.03846939436014786,0.2880051775581089,0.6735254280817432
"@GeekandSundry, Nope.",neither,0.03945320844208391,0.33037608806864915,0.630170703489267
This is going to be nuts.,neither,0.0554186584675611,0.3577709372229977,0.5868104043094412
Bidet!! from SLC,neither,0.04228451509352876,0.2823214250720796,0.6753940598343917
i have faith!,neither,0.03879254390475329,0.34158928946419786,0.619618166631049
TPK HYPE,neither,0.03945320844208391,0.33037608806864915,0.630170703489267
Hype train!,neither,0.03945320844208391,0.33037608806864915,0.630170703489267
i hope everyone dies,neither,0.06737812713388787,0.32146908498216714,0.6111527878839451
PLS NO TPK,neither,0.03841525844964217,0.3479928082740095,0.6135919332763483
"not ready, naw",neither,0.037899804297146455,0.33622557283554433,0.6258746228673091
i swear to god if these assholes forget the flute,neither,0.034740186883269644,0.3991015051171769,0.5661583079995534
Yes!,neither,0.03945320844208391,0.33037608806864915,0.630170703489267
gandsNatTwenty gandsNatTwenty gandsCrit gandsCrit,neither,0.03945320844208391,0.33037608806864915,0.630170703489267
Is it thursday mcree bidet?.,neither,0.04815091762906315,0.32738454704055164,0.6244645353303853
TPK,neither,0.03945320844208391,0.33037608806864915,0.630170703489267
thank the lord,neither,0.038006235429991674,0.31990294105508527,0.6420908235149231
"Lol, music came on and I got a mini-heart attack. hahaha!",neither,0.03174164164964366,0.3749094895642988,0.5933488687860575
@linol_515 The world won't be destroyed right away. Thordak is just the destroyer-elect.,neither,0.040754295135401616,0.320542199885089,0.6387035049795095
"Win or lose, it's gonna be a heck of a night.",neither,0.03290820705258283,0.36686097320135624,0.600230819746061
No tpk,neither,0.036918905254960256,0.37338982715841207,0.5896912675866277
how does this blasted thing work,neither,0.02837061627648625,0.4337798192839372,0.5378495644395765
TPK,neither,0.03945320844208391,0.33037608806864915,0.630170703489267
gandsApplaud gandsApplaud gandsApplaud gandsApplaud gandsApplaud gandsApplaud gandsApplaud gandsApplaud gandsMDK gandsMDK gandsMDK gandsMDK gandsMDK gandsMDK gandsMDK gandsMDK gandsMDK gandsMDK gandsMDK gandsMDK gandsMDK gandsDrink gandsDrink gandsDrink gandsDrink gandsDrink gandsDrink gandsDrink gandsDrink gandsDrink gandsSubHype gandsSubHype gandsSubHype gandsSubHype gandsSubHype gandsSubHype gandsSubHype gandsSubHype gandsClassic gandsClassic gandsClassic gandsClassic gandsClassic,neither,0.03945320844208391,0.33037608806864915,0.630170703489267
Bidet from Virginia,neither,0.04079557052152802,0.30759270029461827,0.6516117291838538
First time watching this live!,neither,0.03520691195594145,0.3523671032724636,0.6124259847715948
I am never ready....,neither,0.034482297117223726,0.37911807631773936,0.5863996265650369
FeelsGoodMan,neither,0.03945320844208391,0.33037608806864915,0.630170703489267
"@GeekandSundry ""My Longest Yeah Boy Ever""",neither,0.019321403480551325,0.4851510746005311,0.4955275219189176
tfw my first live viewing is the Thordak fight gandsNopeNopeNope gandsNopeNopeNope gandsNopeNopeNope,neither,0.03275618577429122,0.3829123646250183,0.5843314496006905
Bidet! from Staunton Virginia!!!,neither,0.04079557052152802,0.30759270029461827,0.6516117291838538
hype,neither,0.03945320844208391,0.33037608806864915,0.630170703489267
NOOOO,neither,0.03945320844208391,0.33037608806864915,0.630170703489267
gandsSubHype gandsSubHype gandsSubHype gandsSubHype gandsSubHype gandsSubHype gandsSubHype gandsSubHype gandsSubHype gandsSubHype,neither,0.03945320844208391,0.33037608806864915,0.630170703489267
gandsDragon,neither,0.03945320844208391,0.33037608806864915,0.630170703489267
YES,neither,0.03945320844208391,0.33037608806864915,0.630170703489267
gandsSubHype gandsSubHype gandsSubHype,neither,0.03945320844208391,0.33037608806864915,0.630170703489267
CAN I GET A #TPK IN CHAT??,neither,0.03916236359087663,0.3353124842382131,0.6255251521709103
GET REKT YOU BIG RED BUTTHOLE,neither,0.03516484728314749,0.4354865429599421,0.5293486097569103
Bidet from CNY,neither,0.04228451509352876,0.2823214250720796,0.6753940598343917
scanlan gonna play that flute so hard,offensive_language,0.030078929267467584,0.5805899045209093,0.3893311662116231
Beep Beep from rainy LA!,neither,0.04094187055022747,0.3051096069949388,0.6539485224548338
@geekandsundry Never!,neither,0.030459082922392345,0.4239770323623975,0.5455638847152102
think they'll even face him this time though?,neither,0.03802015132612643,0.35469880730749587,0.6072810413663777
My breathing is already shallow,neither,0.034904291755229896,0.40919793446280334,0.5558977737819668
gandsNopeNopeNope gandsNopeNopeNope gandsNopeNopeNope gandsNopeNopeNope gandsNopeNopeNope gandsNopeNopeNope gandsNopeNopeNope gandsNopeNopeNope,neither,0.03945320844208391,0.33037608806864915,0.630170703489267
MY BODY IS READY!,neither,0.03405984045513004,0.42505863100050806,0.540881528544362
gandsSubHype gandsSubHype gandsSubHype gandsSubHype,neither,0.03945320844208391,0.33037608806864915,0.630170703489267
Bidet from OH MY GOD EVERYTHING IS ON FIRE AAAAAAHHHHHHHH,neither,0.03809904871900072,0.35542381581808313,0.6064771354629163
oh *** thordak the cinderking,neither,0.047787162185831934,0.2047922699163975,0.7474205678977706
anyone know where the playlist for these zelda songs are?,neither,0.05612085525034051,0.2876816563970112,0.6561974883526484
gandsSubHype gandsSubHype gandsFail,neither,0.03945320844208391,0.33037608806864915,0.630170703489267
gandsSubHype gandsSubHype gandsSubHype,neither,0.03945320844208391,0.33037608806864915,0.630170703489267
#TPK,neither,0.03945320844208391,0.33037608806864915,0.630170703489267
#TPK,neither,0.03945320844208391,0.33037608806864915,0.630170703489267
#TPK,neither,0.03945320844208391,0.33037608806864915,0.630170703489267
#TPK,neither,0.03945320844208391,0.33037608806864915,0.630170703489267
#TPK,neither,0.03945320844208391,0.33037608806864915,0.630170703489267
#TPK!,neither,0.03945320844208391,0.33037608806864915,0.630170703489267
Bidet from Canada,neither,0.04071751644889743,0.3089174816120565,0.6503650019390461
#TPK,neither,0.03945320844208391,0.33037608806864915,0.630170703489267
"@GeekandSundry, NotLikeThis danSad",neither,0.03945320844208391,0.33037608806864915,0.630170703489267
#TPK,neither,0.03945320844208391,0.33037608806864915,0.630170703489267
#TPK,neither,0.03945320844208391,0.33037608806864915,0.630170703489267
TODAY'S THE DAY!!!!,neither,0.03721962775549622,0.2586129431432744,0.7041674291012294
#TPK,neither,0.03945320844208391,0.33037608806864915,0.630170703489267
#TPK,neither,0.03945320844208391,0.33037608806864915,0.630170703489267
gandsSubHype gandsSubHype gandsSubHype gandsSubHype gandsSubHype gandsSubHype gandsSubHype gandsSubHype gandsSubHype,neither,0.03945320844208391,0.33037608806864915,0.630170703489267
#TPK,neither,0.03945320844208391,0.33037608806864915,0.630170703489267
Bidet!,neither,0.03945320844208391,0.33037608806864915,0.630170703489267
#TPK,neither,0.03945320844208391,0.33037608806864915,0.630170703489267
very possible this session is just GETTING to him.,neither,0.042887140431353034,0.3893790659501304,0.5677337936185167
#tpk,neither,0.03945320844208391,0.33037608806864915,0.630170703489267
greetings from Cincinnati,neither,0.04228451509352876,0.2823214250720796,0.6753940598343917
TPK TPK TPK,neither,0.03945320844208391,0.33037608806864915,0.630170703489267
TPK HYPE,neither,0.03945320844208391,0.33037608806864915,0.630170703489267
"@GeekandSundry, can you give us like 5 more minutes?",neither,0.1338082187886908,0.3623179478857262,0.5038738333255829
#TPK,neither,0.03945320844208391,0.33037608806864915,0.630170703489267
IT'S TIME TO P A N I C,neither,0.04716555932295319,0.3600344157528735,0.5928000249241734
#TPK,neither,0.03945320844208391,0.33037608806864915,0.630170703489267
Bidet from TN,neither,0.040769555981420263,0.3080342349327864,0.6511962090857933
Hmm,neither,0.03945320844208391,0.33037608806864915,0.630170703489267
#TPK,neither,0.03945320844208391,0.33037608806864915,0.630170703489267
#TPK,neither,0.03945320844208391,0.33037608806864915,0.630170703489267
#TPK,neither,0.03945320844208391,0.33037608806864915,0.630170703489267
#TPK,neither,0.03945320844208391,0.33037608806864915,0.630170703489267
#TPK,neither,0.03945320844208391,0.33037608806864915,0.630170703489267
#TPK,neither,0.03945320844208391,0.33037608806864915,0.630170703489267
#TPK,neither,0.03945320844208391,0.33037608806864915,0.630170703489267
#TPK,neither,0.03945320844208391,0.33037608806864915,0.630170703489267
F,neither,0.03945320844208391,0.33037608806864915,0.630170703489267
bidet from NC,neither,0.04066490145509902,0.30981049537100724,0.6495246031738937
#TPK,neither,0.03945320844208391,0.33037608806864915,0.630170703489267
#TPK,neither,0.03945320844208391,0.33037608806864915,0.630170703489267
Let's kill a dragon to night,neither,0.2982688297918719,0.23179776596079107,0.469933404247337
#TPK,neither,0.03945320844208391,0.33037608806864915,0.630170703489267
Bidet and Beep Beep from Dallas,neither,0.03969326554575909,0.26139817438363727,0.6989085600706036
nuuuuuuuu TPK,neither,0.03945320844208391,0.33037608806864915,0.630170703489267
#TPK,neither,0.03945320844208391,0.33037608806864915,0.630170703489267
gandsSubHype gandsSubHype gandsSubHype gandsSubHype gandsSubHype gandsSubHype gandsSubHype gandsSubHype gandsSubHype gandsSubHype gandsSubHype gandsSubHype gandsSubHype,neither,0.03945320844208391,0.33037608806864915,0.630170703489267
NO TPK!!!!!,neither,0.036918905254960256,0.37338982715841207,0.5896912675866277
#TPK,neither,0.03945320844208391,0.33037608806864915,0.630170703489267
#TPK,neither,0.03945320844208391,0.33037608806864915,0.630170703489267
"after catching up, i finally picked the best (or worst) time to watch live!",neither,0.046471309393003944,0.34122985169326897,0.6122988389137272
gandsSCANLAN gandsSCANLAN gandsSCANLAN gandsSCANLAN gandsSCANLAN gandsSCANLAN gandsSCANLAN gandsSCANLAN gandsSCANLAN gandsSCANLAN gandsSCANLAN gandsSCANLAN gandsSCANLAN gandsSCANLAN gandsSCANLAN gandsSCANLAN gandsSCANLAN gandsSCANLAN gandsSCANLAN gandsSCANLAN,neither,0.03945320844208391,0.33037608806864915,0.630170703489267
I can't wait for them to blow that flute,neither,0.04675881135406527,0.3263317184846667,0.6269094701612681
#TPK,neither,0.03945320844208391,0.33037608806864915,0.630170703489267
Oh lawdy someone save us,neither,0.09112487121920704,0.27216306004003427,0.6367120687407587
TPC (total party cry),neither,0.03945320844208391,0.33037608806864915,0.630170703489267
#NOTPK,neither,0.03945320844208391,0.33037608806864915,0.630170703489267
gandsMatt gandsMatt gandsMatt gandsMatt gandsMatt,neither,0.03945320844208391,0.33037608806864915,0.630170703489267
ERMAGERD its #TPK time,neither,0.028403263479439233,0.36615975061363926,0.6054369859069215
#TPK gandsMDK #TPK gandsMDK #TPK gandsMDK,neither,0.03945320844208391,0.33037608806864915,0.630170703489267
I'm so ready for a tpk!!!!! #TPK,neither,0.03107187001611436,0.34714806786860036,0.6217800621152852
"Hello everyone, it's 2:36am, I just woke up, UK CRITTERS WHERE YOU AT!?",neither,0.03945690890642709,0.4784512211046823,0.4820918699888907
#TPK,neither,0.03945320844208391,0.33037608806864915,0.630170703489267
#TPK,neither,0.03945320844208391,0.33037608806864915,0.630170703489267
#TPK,neither,0.03945320844208391,0.33037608806864915,0.630170703489267
im new here; whats the hub bub?,neither,0.09152335408689276,0.22236589402199472,0.6861107518911126
#TPK,neither,0.03945320844208391,0.33037608806864915,0.630170703489267
#TPK,neither,0.03945320844208391,0.33037608806864915,0.630170703489267
#tpk,neither,0.03945320844208391,0.33037608806864915,0.630170703489267
>(,neither,0.03945320844208391,0.33037608806864915,0.630170703489267
#THEYCAN'TDIE,neither,0.03945320844208391,0.33037608806864915,0.630170703489267
#NOTPK,neither,0.03945320844208391,0.33037608806864915,0.630170703489267
Bidet from Orlando!,neither,0.04062582848913359,0.31047366557575606,0.6489005059351104
gandsSCANLAN gandsSCANLAN gandsSCANLAN gandsSCANLAN gandsSCANLAN gandsSCANLAN gandsSCANLAN,neither,0.03945320844208391,0.33037608806864915,0.630170703489267
You're not getting a tpk geekandsundry,offensive_language,0.09174073922850208,0.4611243177623208,0.4471349430091771
Go grog,neither,0.04276165647058889,0.34190019769565555,0.6153381458337556
#PIKEPLEASE,neither,0.03945320844208391,0.33037608806864915,0.630170703489267
CoolStoryBob,neither,0.03945320844208391,0.33037608806864915,0.630170703489267
"Whatever happens tonight,",neither,0.059135095610099685,0.30126446295568443,0.6396004414342159
Enter1: Thordak dies and everyone lives2. Thordak dies and at least 1 character is permadead3. Thordak is not slain or gets away this episode,neither,0.04247192957874036,0.34247582165488905,0.6150522487663705
"Thing about Dracolichs is that theyre weaker than Ancient red dragons... And to a group of level 13-15s, an ancient red dragon is nothing. This leads me to believe that matt has simply buffed Thordak immensely. But i guess we'll see.",neither,0.04038172468238881,0.3726296067007328,0.5869886686168783
"much booze shall be drunk, some tears will be shed, and feels will be felt by all!",neither,0.036740416043643295,0.35295088084356985,0.6103087031127868
Thordak's going down! I just know it!!,neither,0.03091407475330965,0.3888607312311642,0.5802251940155261
#TPK,neither,0.03945320844208391,0.33037608806864915,0.630170703489267
TPK = Total Party Kickassery,neither,0.03945320844208391,0.33037608806864915,0.630170703489267
BLOW THE FLUTE,neither,0.03861198592458396,0.3150123244463162,0.6463756896290999
#HEROESNEVERDIE,neither,0.03945320844208391,0.33037608806864915,0.630170703489267
NOTPK,neither,0.03945320844208391,0.33037608806864915,0.630170703489267
JENGA!,neither,0.03945320844208391,0.33037608806864915,0.630170703489267
Scanlan will be the soul survivor,neither,0.04058976123701496,0.2842361309475485,0.6751741078154366
This will be so worth watching live!,neither,0.04524360673027341,0.3527096414494145,0.6020467518203121
bidet from Maryland!,neither,0.04066490145509902,0.30981049537100724,0.6495246031738937
#DragonsArePeopleToo,neither,0.03945320844208391,0.33037608806864915,0.630170703489267
In pike we trust,neither,0.03922372332333375,0.3342710494422747,0.6265052272343916
"Macrocosmus -> Hail to the King, baby! [stop spamming caps] [warning]",neither,0.04280331714933055,0.36263138154644475,0.5945653013042247
@AaronABurton1 the Thordak emoji is gandsNopeNopeNope gandsNopeNopeNope,neither,0.04948263993261329,0.30549932824779386,0.6450180318195928
#TPK,neither,0.03945320844208391,0.33037608806864915,0.630170703489267
Bidet from Iowa!,neither,0.04069404815304118,0.30931579984010865,0.6499901520068502
y'all are some sick @#$%ers.. #NoTPK,neither,0.06236357812508723,0.38519585726135136,0.5524405646135614
Hope everyone brought their antacids and blood pressure pills,neither,0.05509274420262434,0.30050269459147944,0.6444045612058962
Im shaking,neither,0.038429374862891844,0.3692140081549559,0.5923566169821523
#TPK,neither,0.03945320844208391,0.33037608806864915,0.630170703489267
*** A DRAGON NAMED THORDAK,neither,0.03945320844208391,0.33037608806864915,0.630170703489267
cant wait to watch,neither,0.054358990271487856,0.32345770462230444,0.6221833051062077
"They might want to fix the schedule graphic, LOL",neither,0.037756169025860896,0.3499889499337116,0.6122548810404276
o boy,neither,0.03945320844208391,0.33037608806864915,0.630170703489267
#TPK,neither,0.03945320844208391,0.33037608806864915,0.630170703489267
#HEAVYBREATHING O.O,neither,0.03945320844208391,0.33037608806864915,0.630170703489267
SUPERULTRAJENGA,neither,0.03945320844208391,0.33037608806864915,0.630170703489267
This is the first time I get to see my sweet babies live! I am LIVING!,neither,0.036612319354355,0.3871357934606947,0.5762518871849505
Can't wait for the epic Thordak showdown!!!,neither,0.03338729937758577,0.2843790379773191,0.6822336626450952
#DEATHTOTHORDAK,neither,0.03945320844208391,0.33037608806864915,0.630170703489267
TPK gandsMDK gandsTrinket gandsMDK gandsTrinket gandsMDK gandsTrinket gandsMDK gandsTrinket,neither,0.03945320844208391,0.33037608806864915,0.630170703489267
I am not ready for tonight! @GeekandSundry,neither,0.03054596885985539,0.28996068582893386,0.6794933453112108
#TPK,neither,0.03945320844208391,0.33037608806864915,0.630170703489267
It's 3:30 here and i havent even been to bed,neither,0.07512919662573116,0.2871668964510577,0.6377039069232112
beep beep from maryland,neither,0.04066490145509902,0.30981049537100724,0.6495246031738937
I'm so excited !!!!,neither,0.03940839469474773,0.3948270312238364,0.565764574081416
vox machina dying will affect my graades T.T,neither,0.03065033304901329,0.38548161634020195,0.5838680506107847
Hello All,neither,0.04217753453783664,0.43734383323855475,0.5204786322236087
#NOTPK,neither,0.03945320844208391,0.33037608806864915,0.630170703489267
I need Gilmore to Stay alive.. My heart can't handle that loss today,neither,0.03278130374563638,0.3872141667852581,0.5800045294691054
"@bdenery, bidet :)",neither,0.03945320844208391,0.33037608806864915,0.630170703489267
i think the song is on twice,neither,0.043490393506625515,0.32373705039650635,0.6327725560968681
"Fuck, I so hope they make it out in one piece, but somehow I doubt that",offensive_language,0.15627261038416687,0.8176925821612743,0.026034807454558856
gandsMatt gandsMatt gandsMatt gandsMatt,neither,0.03945320844208391,0.33037608806864915,0.630170703489267
Oh crap...I just realized Ashley Johnson was on Growing Pains...that means...oh man...,neither,0.03881765076676039,0.3490210117738715,0.6121613374593681
"Percy dying seemingly for good was too rough for me, no TPK please",neither,0.028295313577671333,0.33073780886595067,0.6409668775563779
hooray for horrible internet which might stop me from watching at any moment!,neither,0.031894782540346236,0.3793388709521009,0.5887663465075528
#NoTPK #InsteadRiseToGodhood,neither,0.03945320844208391,0.33037608806864915,0.630170703489267
Please scanlien blow that flute,neither,0.036213105668320866,0.3655142038150122,0.598272690516667
#BlowTheFlute,neither,0.03945320844208391,0.33037608806864915,0.630170703489267
"next adventure, Vasselheim and the magical box of ashes from the fire plane that allow the city that has never fallen to fall",neither,0.03631844122203702,0.3387165305784408,0.6249650281995222
#GIRDYOURLOINS,neither,0.03945320844208391,0.33037608806864915,0.630170703489267
"stayed up lol, L I F E C H O I C E S",neither,0.028336449358684828,0.45661616697595636,0.5150473836653587
#HEROESNEVERDIE,neither,0.03945320844208391,0.33037608806864915,0.630170703489267
Just casually strolling into battle with their investor Gilmore,neither,0.029945779585861202,0.36714098247405524,0.6029132379400836
where can I find these zelda tracks?,neither,0.05241830366463722,0.2785056121524637,0.6690760841828991
SUPER JENGA!!!,neither,0.03945320844208391,0.33037608806864915,0.630170703489267
tpk?,neither,0.03945320844208391,0.33037608806864915,0.630170703489267
I'M SO ANXIOUS FOR THIS,neither,0.033179434546717915,0.3438507871897474,0.6229697782635347
#FUCKTHEDRAGON,neither,0.03945320844208391,0.33037608806864915,0.630170703489267
Praying to Sarenrae for only gandsCrit gandsCrit gandsCrit gandsCrit,neither,0.039618953346635816,0.29576461541102156,0.6646164312423427
No Mercy Percy.,neither,0.03875797231965237,0.3421760594880079,0.6190659681923398
Odds on a Larkin betrayal?,neither,0.036134218880570945,0.34639192828239246,0.6174738528370366
@cooper_perian oh me too! I literally caught up like tuesday,neither,0.04274851701602713,0.3784441564718832,0.5788073265120898
NOTPK,neither,0.03945320844208391,0.33037608806864915,0.630170703489267
#tpk,neither,0.03945320844208391,0.33037608806864915,0.630170703489267
Have Faith Everyone,neither,0.03301202402114739,0.43969979784374597,0.5272881781351066
dont forget to vote on the strawpoll on who is going to win the link is on reddit and on the live dissussion page,neither,0.047480720187095926,0.346933966712344,0.60558531310056
Mercer's going to be controlling so many NPCs and enemies NotLikeThis,neither,0.0425423613905236,0.3514855396715489,0.6059720989379275
If Thordak rolls breath recharge a coupe times #TPK is inevitable,neither,0.03137704830322134,0.3659182009504157,0.6027047507463629
HYPE,neither,0.03945320844208391,0.33037608806864915,0.630170703489267
found one from dumb luck,neither,0.03964423693849508,0.34303754248094787,0.6173182205805571
"When thordak dies, what's going to happen to the fire plane, what if it tears a new hole in the center of Emon",neither,0.03552763466373491,0.3280861866822952,0.6363861786539698
excited for TPKordak,neither,0.031620652950014184,0.29131992832849596,0.6770594187214899
#nomercymercer,neither,0.03945320844208391,0.33037608806864915,0.630170703489267
🎺 ( 🎺 ),neither,0.03945320844208391,0.33037608806864915,0.630170703489267
#PermaTPK,neither,0.03945320844208391,0.33037608806864915,0.630170703489267
I am not sure if I am jealous of LA people or not https://www.facebook.com/thisisinsider/videos/1582200978753961/,neither,0.02981190637293303,0.4363982171820332,0.5337898764450338
"ok, I have a nervous bladder and I'll brb",neither,0.038569671212080506,0.3108005236079913,0.6506298051799282
knowing Vox Machina they'll get distracted and completely forget about the flute...,neither,0.03744571761594945,0.3192491466067669,0.6433051357772838
#TPK,neither,0.03945320844208391,0.33037608806864915,0.630170703489267
So any wagers on who is most likely to fall?,neither,0.049345992594162245,0.42101794619950106,0.5296360612063368
#blowtheflute,neither,0.03945320844208391,0.33037608806864915,0.630170703489267
tpk or bust family,neither,0.03945320844208391,0.33037608806864915,0.630170703489267
TPKKKKK Kappa,neither,0.03945320844208391,0.33037608806864915,0.630170703489267
#NoTPK,neither,0.03945320844208391,0.33037608806864915,0.630170703489267
#BLOWTHEFLUTE,neither,0.03945320844208391,0.33037608806864915,0.630170703489267
eglassman12 Except reaper,neither,0.03945320844208391,0.33037608806864915,0.630170703489267
you know this is going to be one big long fight or a really quick TPK....,neither,0.04459773160854088,0.4445940345033153,0.5108082338881438
Tonight... We dine in HELL!,offensive_language,0.03831419615421749,0.6366441454433033,0.3250416584024792
quick everyone pray on your dice,neither,0.05248825602215114,0.4113145959722321,0.5361971480056168
HOLY SHIZZ PEOPLE!!!,neither,0.08531742553599798,0.32467807129121923,0.5900045031727829
#PercivalTheMerciful,neither,0.03945320844208391,0.33037608806864915,0.630170703489267
#BLOWTHEFLUTE,neither,0.03945320844208391,0.33037608806864915,0.630170703489267
"Kill the Dragon, kill the draaaagon, kill the draaaaaaaaaagggggoooonn",hate_speech,0.7081675914061724,0.07219358776397015,0.21963882082985747
If they forget the flute I'm going to cry,neither,0.028714010431220065,0.3748082982876213,0.5964776912811586
#WillLarkinsaveus?,neither,0.03945320844208391,0.33037608806864915,0.630170703489267
#TPK,neither,0.03945320844208391,0.33037608806864915,0.630170703489267
im SCARED !!!,neither,0.038256595597773745,0.3757511155271296,0.5859922888750968
im curious about thordak's cavity; empty chest o.o,neither,0.03768287247123889,0.37318667801483946,0.5891304495139218
sol3jojo *curses dices*,neither,0.03945320844208391,0.33037608806864915,0.630170703489267
Life needs things to live!!!!,neither,0.04699740961526177,0.380498884742175,0.5725037056425633
One Last Tiiiiime ...,neither,0.03800191082669748,0.38361438601686193,0.5783837031564406
Wyvern vs Ashari. Winner?,neither,0.03945320844208391,0.33037608806864915,0.630170703489267
HOLY MOLY MADE IT! ahh so exciting,neither,0.038408512123345714,0.36276683021775236,0.5988246576589019
gandsFail gandsFail gandsFail gandsFail gandsFail,neither,0.03945320844208391,0.33037608806864915,0.630170703489267
Im feeling some hate my way. think i'll be going back to twitter for tonight @TheCinderKing,neither,0.0892920939782795,0.414657319518876,0.49605058650284445
#rerollingcharacters,neither,0.03945320844208391,0.33037608806864915,0.630170703489267
You guys should see what's happening on HyperRPG ROFL,neither,0.06420819058375421,0.4016722895131538,0.534119519903092
#BlowTheFlute,neither,0.03945320844208391,0.33037608806864915,0.630170703489267
will pike be on the show tonight?,neither,0.0499250267511018,0.20554440029967405,0.744530572949224
Hello Everyone :D,neither,0.03269494828970791,0.4450814005079928,0.5222236512022994
# Assassinate # Sneak Attack # Poisoned Arrow of Dragonslaying,neither,0.03945320844208391,0.33037608806864915,0.630170703489267
gandsGandsPoo,neither,0.03945320844208391,0.33037608806864915,0.630170703489267
TPK ALL DAY,neither,0.044711544268415136,0.4543906108237455,0.5008978449078394
So who else thinks thordak will explode when he dies?,neither,0.03721588755590577,0.4174098864419004,0.5453742260021938
#IEncourageViolence,neither,0.03945320844208391,0.33037608806864915,0.630170703489267
#Where'sLarkin?,neither,0.04379278224195774,0.2567221952996476,0.6994850224583946
"its the end of the year show right, so dead is expected",neither,0.0479254797264547,0.2994422158077902,0.6526323044657552
hello,neither,0.03945320844208391,0.33037608806864915,0.630170703489267
20 min,neither,0.03945320844208391,0.33037608806864915,0.630170703489267
Guys this is it! It's gonna be a 5hour battle!!!,neither,0.04282476118305574,0.3748579612755129,0.5823172775414315
Two Dragons and whole Vox Machina against a little red lizard. What can even go wrong?,neither,0.04312623163840597,0.2969700384769532,0.6599037298846409
THEY CAN'T DIE,neither,0.3153543106084568,0.07022516683931498,0.6144205225522282
We encourage violence!,neither,0.03931968613673394,0.3326423100558872,0.6280380038073788
oh it was on twice but i had two windows open my bad!,neither,0.029331431449711284,0.3639952053359941,0.6066733632142947
They start in 20ish mins yea?,neither,0.0392648989593921,0.3335721914385174,0.6271629096020905
#SOGLADIDON'THAVEWORKTOMORROW,neither,0.03945320844208391,0.33037608806864915,0.630170703489267
"they are gonna slay the dragon, one PK",neither,0.056814960306352164,0.3432687162527139,0.5999163234409338
BrolynNightfury The stone fused with him or something,neither,0.028779116125119533,0.35149786874785416,0.6197230151270263
"no way they forget about the flute, they would have forgotten about it if the fight started last week but they (and by they I mean Laura) have had an entire week to check Reddit for strategies",neither,0.02961422637297583,0.3560575373133474,0.6143282363136768
gandsSCANLAN CAN I SHAMELESSLY LINK MY SONG ABOUT SCANLAN? gandsSCANLAN,neither,0.02776702535196231,0.4359664280219604,0.5362665466260773
Front Gate vs Army. Winner?,neither,0.03945320844208391,0.33037608806864915,0.630170703489267
#blow the f*ing flute,neither,0.038748854803765845,0.317559795020573,0.6436913501756611
I bought my first dice last night in honor of this epic battle,neither,0.026593527889471738,0.37823421975250293,0.5951722523580253
Rashan will kill everyone,hate_speech,0.48496289754054706,0.2256429732840494,0.2893941291754035
*** the dragon,neither,0.03825742109612947,0.30830648690722096,0.6534360919966495
TPK TPK TPK,neither,0.03945320844208391,0.33037608806864915,0.630170703489267
So...are Kash and Zahra dead?,neither,0.06174873734468502,0.29132951096543985,0.6469217516898751
gandsCrit gandsCrit gandsCrit gandsCrit,neither,0.03945320844208391,0.33037608806864915,0.630170703489267
It's time for our little gnome friend to blow that flute like he means it..,neither,0.04347224107291471,0.3555304773408267,0.6009972815862585
who else is nervous,neither,0.04821457558377793,0.3909695229695942,0.560815901446628
everyone is gonna die,neither,0.22634679502218102,0.24634489286245295,0.5273083121153661
Kill Thordak,hate_speech,0.8049631745027624,0.06081337559969249,0.1342234498975451
wooo,neither,0.03945320844208391,0.33037608806864915,0.630170703489267
Bidet from DC! #FUCKTHORDAK,neither,0.0408364874901429,0.30689823255244486,0.6522652799574122
F*ck the dragon,neither,0.03859183015096771,0.3146353589861259,0.6467728108629064
my apologizes,offensive_language,0.011017215557639733,0.6062201221254095,0.3827626623169507
I reckon hes using the shard to expand his fiery domain more than normally possible,neither,0.05559559697798668,0.35634728590748804,0.5880571171145254
@Trix_phoenix_2k That is the plan,neither,0.043276080952277314,0.3580425575723696,0.5986813614753531
I am happy to find a 5Mbs link to the net. (I drive a truck for a living),neither,0.04092307010722122,0.31958378312187613,0.6394931467709026
"@shinysurskits, what was the flute again?",neither,0.04170168927384698,0.34202415759207694,0.6162741531340761
BIDET!!,neither,0.03945320844208391,0.33037608806864915,0.630170703489267
#TeamThordak gandsRage gandsRage,neither,0.03945320844208391,0.33037608806864915,0.630170703489267
"Have fun everyone, regardless of what happens!",neither,0.05463365633984424,0.4041165804218561,0.5412497632382998
gandsCrit gandsNatTwenty gandsCrit gandsNatTwenty,neither,0.03945320844208391,0.33037608806864915,0.630170703489267
What ever happened to the Rashashaka,neither,0.053045330619359614,0.3038702078893106,0.6430844614913298
#TPK,neither,0.03945320844208391,0.33037608806864915,0.630170703489267
i'd *** the dragon tbh,neither,0.0385314411260167,0.3135030233072233,0.64796553556676
AbiertoPudenda nah they stopping two fire giants that were blocking the way inj,neither,0.037340838538710966,0.32706140909715953,0.6355977523641295
"Agree, Blow the flute NOW Scanlan!",neither,0.038762536117587544,0.31781329210334097,0.6434241717790715
#GreenBeanVsRedHotChilliPepper,neither,0.03945320844208391,0.33037608806864915,0.630170703489267
ETA???,neither,0.03945320844208391,0.33037608806864915,0.630170703489267
Bidet from Nashville tennessee,neither,0.040394171658393964,0.31440548656955947,0.6452003417720467
Someone needs to get a straw poll going on if raishan will betry VM,neither,0.027869192264037317,0.38700771890118135,0.5851230888347814
Hello,neither,0.03945320844208391,0.33037608806864915,0.630170703489267
yaking bets on who the first to die will be,neither,0.1884650934444479,0.16077367572145018,0.6507612308341019
betray,neither,0.03945320844208391,0.33037608806864915,0.630170703489267
its obviously scripted. VM will win over thordak. Raishon will reveal herself and we'll be left with a cliffhanger.,neither,0.030417365028093935,0.30827627362543875,0.6613063613464674
"Good day!, it's 2:40am, I just woke up, UK CRITTERS WHERE YOU AT!?",neither,0.04491454809393102,0.40979740704308354,0.5452880448629854
Bidet would like to rage!,neither,0.059469071796770086,0.33594055101469567,0.6045903771885341
is this about to start?,neither,0.059431147346413415,0.35782919365116383,0.5827396590024227
HAHA,neither,0.03186685585600258,0.45913629025701075,0.5089968538869867
#FUCKTHEDRAGON,neither,0.03945320844208391,0.33037608806864915,0.630170703489267
@GG_Disobey link it to me please,neither,0.03662689858309447,0.36619659198501653,0.5971765094318889
@AbiertoPudenda not yet,neither,0.03736749249345169,0.3382716119106542,0.624360895595894
Bidet from RVA,neither,0.04228451509352876,0.2823214250720796,0.6753940598343917
bidet from the bay area!,neither,0.03957038834801129,0.29942244214977587,0.6610071695022129
adezeq BAD idea,neither,0.03503898098308056,0.3318943433088602,0.6330666757080592
Bidet from Los Angeles everyone,neither,0.034315970656495866,0.4175684204123382,0.548115608931166
"everyone's saying blow the flute like they dont *** know, it's gotta be good timing",neither,0.0343987341523622,0.4060377892914027,0.5595634765562352
Hopefully keyleth dies.... xD,neither,0.03945320844208391,0.33037608806864915,0.630170703489267
Thordak is the Rakshasha confimred,neither,0.06634763790238427,0.27637293114625994,0.6572794309513558
So I think Scanlan should throw the drugs at Thordak and make him high as a kite and that's how the fight ends xD,neither,0.03816077605450467,0.39483396382345176,0.5670052601220436
@Lowthus Currently stuck in the nine hells reforming his body,neither,0.05390235058960105,0.3215772821448021,0.6245203672655969
so tpk partial tpk or just scalan dying tonight?,neither,0.033831785705192345,0.36093882094357277,0.6052293933512348
darkwolfn1 -> Only those that we deem worthy shall possess the power of the Hyperlink [warning],neither,0.048140585852785724,0.2990817588418225,0.6527776553053918
Hi everyone!,neither,0.032490659208996964,0.4485487193596734,0.5189606214313296
"@Dampsquid my bet is that he removed the gem in order to make it into a phylactery, because he's turning himself into a dracolich",neither,0.042210254966468415,0.3778837264056005,0.5799060186279311
Thordaktion tonight!,neither,0.03498084806025125,0.2929251180277183,0.6720940339120305
Anybody else think Thordak has a Phylactery?,neither,0.040370434804214636,0.3148083629332355,0.6448212022625498
Bidet from WA!,neither,0.04071751644889743,0.3089174816120565,0.6503650019390461
Bidet from RI!,neither,0.04069404815304118,0.30931579984010865,0.6499901520068502
I just wanna hear Sam sing Britney Spears covers.,neither,0.03667574777824912,0.34326220159354176,0.6200620506282092
its exactly 6:40pm,neither,0.031801430093102205,0.33300788551977056,0.6351906843871272
BibleThump BibleThump,neither,0.03945320844208391,0.33037608806864915,0.630170703489267
Then have to survive to solve the big mystery of what Thordak has done under emon,neither,0.03806378464901224,0.3595539879714082,0.6023822273795797
"lolol ""bidet would like to rage""",neither,0.05462785395325881,0.3349568497172701,0.610415296329471
perfect music...,neither,0.03945320844208391,0.33037608806864915,0.630170703489267
T-20!!! :D,neither,0.03945320844208391,0.33037608806864915,0.630170703489267
Bidet from daytona!,neither,0.04228451509352876,0.2823214250720796,0.6753940598343917
:),neither,0.03945320844208391,0.33037608806864915,0.630170703489267
bidet from wy,neither,0.04062582848913359,0.31047366557575606,0.6489005059351104
BESt and MOST CRAZIEST BATTLE OF VOX MACHINA aobut to go down,neither,0.04374129714738417,0.29733034886129667,0.6589283539913192
@ironratgage the way matt described it was like it was missing. i hope it is fused but if he removed it to place in his lair then it might be a problem :-/,neither,0.06530605543358456,0.2887122895679797,0.6459816549984357
wtf music i need zelda,offensive_language,0.04155595294410376,0.5295900686137931,0.42885397844210316
this music doe,neither,0.039342091197060565,0.3322620377095964,0.628395871093343
god the music!,neither,0.038303530498092715,0.30918798700433425,0.6525084824975731
Where are these tunes from! I want them!,neither,0.09885465173543238,0.29164124649293377,0.6095041017716338
So Pike FOR SURE won't be there!?!?!??!?!?!?,neither,0.028791903330061305,0.43273719763244733,0.5384708990374913
beebeep from half-froze central Texas!,neither,0.040218519918581774,0.31738675500868396,0.6423947250727343
I hope Gilmore doesn't die,neither,0.33844089627237456,0.04868996944898712,0.6128691342786383
@Marshal_Mortier UK Bidet!,neither,0.03945320844208391,0.33037608806864915,0.630170703489267
bidet from York pA,neither,0.04044480078974629,0.3135461780790066,0.646009021131247
some tpking music,neither,0.027661475170495255,0.35192245581569137,0.6204160690138134
Bidet would like to rage? @Pit_Crew,neither,0.059469071796770086,0.33594055101469567,0.6045903771885341
This music must be played durning the fight,neither,0.03974458857975442,0.30739866015967227,0.6528567512605733
LOOOOOOOOL,neither,0.03945320844208391,0.33037608806864915,0.630170703489267
Bidet from Chicago,neither,0.04078317879478948,0.307803020237201,0.6514138009680096
@JT_Jag Ooo I lke that idea,neither,0.03574076980083195,0.3707246306327843,0.5935345995663838
Perfect Thordack battle music right here.,neither,0.07583560487959293,0.3141441389577551,0.6100202561626519
tpk,neither,0.03945320844208391,0.33037608806864915,0.630170703489267
gandsCrit gandsCrit gandsCrit,neither,0.03945320844208391,0.33037608806864915,0.630170703489267
this music,neither,0.039296582874743954,0.33303443270656646,0.6276689844186896
CR Now yes?.,neither,0.03945320844208391,0.33037608806864915,0.630170703489267
"What do you guys thing will Raishan do? Stab them in the back during the battle, or after?",neither,0.06156894327701773,0.31546563851859377,0.6229654182043884
OG Music,neither,0.03945320844208391,0.33037608806864915,0.630170703489267
i am done,neither,0.03805980093119698,0.349340996936958,0.612599202131845
"@i1darth that would be a truly ridiculous plot twist, I would love it",neither,0.03453879945527643,0.3575186560727661,0.6079425444719576
