text,top_class,hate_speech,offensive_language,neither
here goes,neither,0.12261444959419426,0.2708790791310603,0.6065064712747456
Oh boy....,neither,0.04768565599480007,0.25364348607606696,0.698670857929133
"I just want to know if this will VOD later, as I have to leave in an hour and I will cry huge soppy tears if I cant finish it",neither,0.02672701414875963,0.35997889503837693,0.6132940908128635
isnt talks machina critmas tonight?,neither,0.03703145300290084,0.310096619811187,0.652871927185912
oh my god we're on time,neither,0.0436501996251449,0.3742558896737852,0.5820939107010699
Will there be a Talks Machina? or will it only be a cut of the videos sent?,neither,0.04008135211745594,0.2747128588754998,0.6852057890070443
@Kat__Waterflame im guessing yes since this episode is 3 and half hours long,neither,0.042852482891471456,0.32370674494503526,0.6334407721634933
rip,neither,0.03945320844208391,0.33037608806864915,0.630170703489267
I was watching htat!,neither,0.03926138918350253,0.33363176149514845,0.627106849321349
twitter says they'll be up in 5min,offensive_language,0.03678158012692007,0.5118343809338521,0.45138403893922774
Best part lol,neither,0.029689405941728336,0.3849710849957076,0.585339509062564
gandsSubHype gandsSubHype gandsSubHype gandsSubHype gandsSubHype gandsSubHype gandsSubHype gandsSubHype gandsSubHype gandsSubHype gandsSubHype,neither,0.03945320844208391,0.33037608806864915,0.630170703489267
bidet,neither,0.03945320844208391,0.33037608806864915,0.630170703489267
Oooh yay!!!,neither,0.03945320844208391,0.33037608806864915,0.630170703489267
No way. This can't be on time,neither,0.03500148613873676,0.3841584336565929,0.5808400802046704
INC rage lol,neither,0.03067274384572663,0.3948916229673822,0.5744356331868913
Uh oh,neither,0.04643193976314166,0.26471338503087416,0.6888546752059841
ITS ON TIME!?,neither,0.02605104462616234,0.3826529133339012,0.5912960420399364
noooooooooo. it was just getting to the good part! lol,neither,0.028584225104686233,0.436851548635061,0.5345642262602527
eyyyyyyy,neither,0.03945320844208391,0.33037608806864915,0.630170703489267
That transition man!,offensive_language,0.032072128569779625,0.5437579703920035,0.424169901038217
@BrianWFoster WOOO,neither,0.03945320844208391,0.33037608806864915,0.630170703489267
I guess this will do,neither,0.04237587434896322,0.30839402460353904,0.6492301010474978
on time?!?!?!,neither,0.03183588227459649,0.3959563629735933,0.5722077547518102
"Evening, everyone!",neither,0.033219361956460275,0.4361807319725941,0.5305999060709456
"maybe without put crew? hope not, they're awesome",neither,0.0791353744848962,0.23588406910257226,0.6849805564125314
RIGHT ON TIME,neither,0.03227539357918602,0.40734337409643595,0.5603812323243781
HIPE,neither,0.03945320844208391,0.33037608806864915,0.630170703489267
talking about unique Kappa,neither,0.03819312370394542,0.3517630146339736,0.610043861662081
@BrianWFoster Is it weird seeing you online?,neither,0.06161887534086244,0.3690019576282558,0.5693791670308818
But.... the spice......,neither,0.034592278491317685,0.3226896433735895,0.6427180781350927
WTF ITS OIN TIME,offensive_language,0.033493705241101394,0.6610440542985567,0.3054622404603418
QUICK,neither,0.03945320844208391,0.33037608806864915,0.630170703489267
on time? whoah lol,neither,0.022965261646382976,0.4686778420453855,0.5083568963082316
THE WORLD IS ENING,neither,0.05219351369084817,0.29997304225606847,0.6478334440530835
WOOOOOO,neither,0.03945320844208391,0.33037608806864915,0.630170703489267
NO!,neither,0.036918905254960256,0.37338982715841207,0.5896912675866277
"omg, they are actually starting on time for once",neither,0.04817924937402256,0.2995421339812045,0.6522786166447729
gandsSubHype gandsSubHype gandsSubHype gandsSubHype gandsSubHype gandsSubHype,neither,0.03945320844208391,0.33037608806864915,0.630170703489267
whooooot,neither,0.03945320844208391,0.33037608806864915,0.630170703489267
Right ear NotLikeThis,neither,0.03830291264191924,0.3528117070271776,0.6088853803309031
hi hi hi,neither,0.03945320844208391,0.33037608806864915,0.630170703489267
Bidet,neither,0.03945320844208391,0.33037608806864915,0.630170703489267
pre-recorded,neither,0.03945320844208391,0.33037608806864915,0.630170703489267
Is talks machina live today??,neither,0.05160491140383903,0.3037008771038665,0.6446942114922944
"@BrianWFoster BTW, you're the perfect host. You are always funny.",neither,0.10737158913832362,0.3767965771909338,0.5158318336707426
hahahahaha,neither,0.03945320844208391,0.33037608806864915,0.630170703489267
oh @BrianWFoster Is both on screen and in chat. MAGIC!,neither,0.04599301288154326,0.27588308562519576,0.678123901493261
"it's on time because it's prerecorded, sillies :P",neither,0.03190800876082073,0.3702791928006009,0.5978127984385784
Crazy,offensive_language,0.022064721455469255,0.506901653328703,0.47103362521582787
who is that hansom man,offensive_language,0.04750522827352316,0.5847587168830114,0.3677360548434654
Oooh full cast!,neither,0.05449409083361425,0.32520283890547724,0.6203030702609085
"@BrianWFoster, PogChamp",neither,0.03945320844208391,0.33037608806864915,0.630170703489267
HYPE,neither,0.03945320844208391,0.33037608806864915,0.630170703489267
WHOO,neither,0.03945320844208391,0.33037608806864915,0.630170703489267
PogChamp,neither,0.03945320844208391,0.33037608806864915,0.630170703489267
Its started one time because it was prerecorded,neither,0.03111909552976561,0.3812848901180057,0.5875960143522289
Who are these losers?,neither,0.09035093117702492,0.4477546800610127,0.4618943887619623
I'm curious to know how many shiny rocks Travis gets?,neither,0.043567901726277905,0.3279425519650454,0.6284895463086766
How's Ashley @BrianWFoster?,neither,0.03945320844208391,0.33037608806864915,0.630170703489267
amazing,neither,0.03945320844208391,0.33037608806864915,0.630170703489267
Ads?,neither,0.03945320844208391,0.33037608806864915,0.630170703489267
Yay!!!,neither,0.03945320844208391,0.33037608806864915,0.630170703489267
The spice...must flow...,neither,0.039457192583255536,0.30329766068655645,0.657245146730188
I think he missed one,neither,0.04512381192708744,0.35345617876244106,0.6014200093104715
EVERYONE PogChamp,offensive_language,0.02988896790634741,0.4927062106388782,0.4774048214547744
wow not creepy at all,neither,0.039061129308047976,0.43021211538734067,0.5307267553046114
gandsLessthanthree gandsLessthanthree gandsSubHype gandsSubHype,neither,0.03945320844208391,0.33037608806864915,0.630170703489267
Merry Critmas everyone!!!!!,neither,0.03304046274239423,0.4392171185250389,0.5277424187325669
Full crew!,neither,0.06394171584840347,0.3219533674363537,0.6141049167152427
HIT IT,neither,0.03681196396511082,0.33128453316013706,0.631903502874752
ON TIME,neither,0.03183588227459649,0.3959563629735933,0.5722077547518102
WOOOOOOOO didn't miss it,neither,0.01674755517225332,0.3873216540169592,0.5959307908107875
cheer10,neither,0.03945320844208391,0.33037608806864915,0.630170703489267
Everyone's here!!!!,neither,0.1020410741324033,0.41166047276006196,0.4862984531075348
haha,neither,0.03186685585600258,0.45913629025701075,0.5089968538869867
"that shotgun would do wonders for percys short game, people tend to get in his",neither,0.07268779048921604,0.30979653517881545,0.6175156743319684
Hahahahahaha,neither,0.03945320844208391,0.33037608806864915,0.630170703489267
"Help raise money for Worldbuilders, a charity founded by author Pat Rothfuss to use the collective power of geeks to make the world a better place. Every $10 donated enters you into drawings for amazing prizes such as becoming an NPC on Critical Role, a Geek Chic gaming table, handmade versions of the ring Kerr made for Keylith, and MUCH more! There is 19 hours 2 minutes 7 seconds ago left to donate and help us build a better world, https://crowdspire.org/campaign/team-critters",neither,0.04031117589573668,0.3057359723057721,0.6539528517984912
Yay!,neither,0.03945320844208391,0.33037608806864915,0.630170703489267
love them,neither,0.06234377708176772,0.34003088397560766,0.5976253389426247
Missed one,neither,0.03828567214218987,0.373224163907904,0.5884901639499062
That....that was amazing,neither,0.031257613544813656,0.4217382966346021,0.5470040898205843
come on denise,neither,0.031465329865955356,0.4061586881471455,0.562375981986899
"oh and ""bidet""",neither,0.0472821537881993,0.17189274930043782,0.7808250969113628
YAY!!!,neither,0.03945320844208391,0.33037608806864915,0.630170703489267
Good start,neither,0.038428894256374094,0.33072839668765897,0.6308427090559671
i wish Liam would look at me like that :3,neither,0.038149628482830586,0.4175516125192754,0.5442987589978941
dafu?),neither,0.03945320844208391,0.33037608806864915,0.630170703489267
lmao liam <3,neither,0.038366739388735124,0.3488163033622609,0.6128169572490041
#prerecordedHYPE,neither,0.03945320844208391,0.33037608806864915,0.630170703489267
They're starting on time because it's pre-recorded,neither,0.04683945153656518,0.33385084031223156,0.6193097081512032
way to make it creepy lol,neither,0.0364011328478415,0.3809588358817795,0.5826400312703791
Yaaay!,neither,0.03945320844208391,0.33037608806864915,0.630170703489267
music! Classic Denise!,neither,0.03945320844208391,0.33037608806864915,0.630170703489267
only sound in right earphone...,neither,0.03832628744678711,0.3523567281890251,0.6093169843641879
hi,neither,0.03945320844208391,0.33037608806864915,0.630170703489267
IM SO EXCITE,neither,0.03851719250527894,0.4113593986686945,0.5501234088260265
DAMN IT I MISSED THE BEGINING!,offensive_language,0.04234419033448681,0.8345712529153707,0.12308455675014256
LEEEEEROY JEEENKINS!!! <3,neither,0.03945320844208391,0.33037608806864915,0.630170703489267
who controls the spie controls the talks machina,neither,0.03872483658860543,0.3455898714020618,0.6156852920093329
geekandsundry is online. RevloBot is now tracking loyalty.,neither,0.05157974116510514,0.3262052173957376,0.6222150414391574
beAuties,neither,0.03945320844208391,0.33037608806864915,0.630170703489267
stupid intros FTW!,neither,0.14717671247326014,0.19998672076009258,0.6528365667666474
they're on time? woah,neither,0.052224585335675915,0.33457736822837997,0.6131980464359441
woo were live!!!,neither,0.044099199132615646,0.30865536352564726,0.6472454373417371
merry critmas,neither,0.03945320844208391,0.33037608806864915,0.630170703489267
Role for initiative,neither,0.0342536882500691,0.3044017472398659,0.661344564510065
sadly no ashley :((,neither,0.038465455673613855,0.34714083037889465,0.6143937139474915
@brianwfoster sois VM going to be in chat then?,neither,0.044934412721801514,0.3579289973941521,0.5971365898840464
@slippydude ikr,neither,0.03945320844208391,0.33037608806864915,0.630170703489267
someone woke up chat while I nipped out,neither,0.0339436527693776,0.38612381768584925,0.5799325295447733
Yay!! Bidet from Anaheim!!,neither,0.040769555981420263,0.3080342349327864,0.6511962090857933
bidet from florida,neither,0.0408948396164547,0.30590784468201904,0.6531973157015263
Couldn't get some people worth talking to ay?,neither,0.05778360740461282,0.3428835868665213,0.5993328057288659
hello fellow critters,neither,0.03945320844208391,0.33037608806864915,0.630170703489267
Oh ***,neither,0.051363287716059566,0.22255663153133606,0.7260800807526044
I love the punisher robe!,neither,0.03555699629442515,0.32717354069833376,0.637269463007241
Is the audio focused on the right ear for anyone?,neither,0.03713767322849344,0.3123931962245734,0.6504691305469331
Sweet Punisher robe @brianwfoster,neither,0.03945320844208391,0.33037608806864915,0.630170703489267
"Everyone was talking machina, so she left.",offensive_language,0.03491130868314676,0.5430630152784636,0.42202567603838953
Did they forget to pay the light bill?,neither,0.04381724126239966,0.31507116870386725,0.6411115900337332
THAT SNORT,neither,0.035126807190173845,0.3775266654705279,0.5873465273392982
I actually made it!,neither,0.037595473246007455,0.33101504839014656,0.631389478363846
"@BrianWFoster, HOLY CRAP PUNISHER SMOKING JACKET Kreygasm",neither,0.03945320844208391,0.33037608806864915,0.630170703489267
That ROBE.,neither,0.035126807190173845,0.3775266654705279,0.5873465273392982
MONOLOGUE,neither,0.03945320844208391,0.33037608806864915,0.630170703489267
that robe though,neither,0.03570229679401301,0.37114991522638985,0.5931477879795971
now that's a robe.,neither,0.035472112865310754,0.37369709284219604,0.5908307942924932
Why is there only right audio!!,neither,0.03474663022892706,0.3209449795224566,0.6443083902486163
Who's the first to open a bag of dicks?,neither,0.040520030539837014,0.32648339191273795,0.6329965775474251
hi ashley via @brianwfoster :3,neither,0.04336789719289878,0.1265498538310056,0.8300822489760956
Marisha spilled wine everywhere!!!!,neither,0.03945320844208391,0.33037608806864915,0.630170703489267
Early Merry Christmas everyone!,neither,0.03565899839427183,0.39477373467918603,0.5695672669265422
This is pre-taped,neither,0.046479977347513426,0.32931096358905987,0.6242090590634267
"Yes, @STJaws",neither,0.03945320844208391,0.33037608806864915,0.630170703489267
always professional LUL <3,neither,0.038016880124938514,0.37517427527790154,0.5868088445971599
Is the audio a bit wierd for everyone else,neither,0.036107939039322946,0.3651910373264387,0.5987010236342385
"@STJaws, yes",neither,0.03945320844208391,0.33037608806864915,0.630170703489267
💀 sbzyDIE sbzyDIE sbzyDIE,neither,0.03945320844208391,0.33037608806864915,0.630170703489267
Yay!,neither,0.03945320844208391,0.33037608806864915,0.630170703489267
SLUMBER PARTY!!!!!,neither,0.03945320844208391,0.33037608806864915,0.630170703489267
Oh my god.,neither,0.030266422441093326,0.38268872444249025,0.5870448531164164
There is no left audio,neither,0.04574716328996294,0.30332345700317587,0.6509293797068612
OMG how cute,neither,0.04175271980954807,0.29134737891632884,0.666899901274123
hahahah marisha,neither,0.03945320844208391,0.33037608806864915,0.630170703489267
!worldbuilders,neither,0.03945320844208391,0.33037608806864915,0.630170703489267
stop loading,offensive_language,0.03955985943432937,0.5175432020074249,0.44289693855824575
"Help raise money for Worldbuilders, a charity founded by author Pat Rothfuss to use the collective power of geeks to make the world a better place. Every $10 donated enters you into drawings for amazing prizes such as becoming an NPC on Critical Role, a Geek Chic gaming table, handmade versions of the ring Kerr made for Keylith, and MUCH more! There is 4 hours 56 minutes 55 seconds left to donate and help us build a better world, https://crowdspire.org/campaign/team-critters",neither,0.040300419112696044,0.30594988946104684,0.653749691426257
We have a subscriber-only Discord server! Join here: https://t.co/Of0oLClO2v (you'll need to sub and link it to your Twitch) and be a part of the fun!,neither,0.09547053438395335,0.28230926502643855,0.6222202005896081
Donations are closed :<,neither,0.06305505081671138,0.2887910764739135,0.6481538727093752
"aw, look how much like a slumber party it looks!!",neither,0.04365551821948285,0.3417999925083701,0.6145444892721471
"Ok thanks, thought it was just me",neither,0.029133249489388773,0.28271921921334886,0.6881475312972624
SAM PLS,neither,0.03945320844208391,0.33037608806864915,0.630170703489267
"noooooo, bring back mercer",neither,0.03945320844208391,0.33037608806864915,0.630170703489267
#weknow,neither,0.03945320844208391,0.33037608806864915,0.630170703489267
@austinisawesome13 Here is ok,neither,0.14717681354630152,0.265328413863247,0.5874947725904514
my right ear likes this,neither,0.0320623334341936,0.4794633045169521,0.4884743620488543
hi,neither,0.03945320844208391,0.33037608806864915,0.630170703489267
We had NOTHING planned,neither,0.03694720732614358,0.3729094671479111,0.5901433255259454
Jesus Crit PogChamp,neither,0.03945320844208391,0.33037608806864915,0.630170703489267
schnazzy punisher robe dere,neither,0.03945320844208391,0.33037608806864915,0.630170703489267
"TruthsAdvocate, Just was gonna ask - left channel is low",neither,0.04071501445845126,0.37953723450252785,0.579747751039021
OH SAM,neither,0.0461327075271576,0.2673899063118408,0.6864773861610016
hahaha,neither,0.03945320844208391,0.33037608806864915,0.630170703489267
YAY Critmas! :D,neither,0.03945320844208391,0.33037608806864915,0.630170703489267
sgf,neither,0.03945320844208391,0.33037608806864915,0.630170703489267
HAPPY CRITMAS Y'ALL,neither,0.04308416662935134,0.47118407029674164,0.48573176307390703
I hope mine is in that pile,neither,0.07809824259627161,0.26169492713728115,0.6602068302664473
weird sound,neither,0.03945320844208391,0.33037608806864915,0.630170703489267
amazing,neither,0.03945320844208391,0.33037608806864915,0.630170703489267
How long have we been going?,neither,0.036681072510418085,0.3720231803423742,0.5912957471472077
"""Praise be to Jesus Crits""- Scanlan",neither,0.046841942790373396,0.3301497171316038,0.6230083400780229
audio stronger on right side?,neither,0.032994483256421805,0.3812151197256564,0.5857903970179217
"MERRY CRITMAS, EVERYONE",neither,0.03304046274239423,0.4392171185250389,0.5277424187325669
lol Marisha,neither,0.020706217963973744,0.4882283491876925,0.4910654328483337
Jesus Crits,neither,0.03945320844208391,0.33037608806864915,0.630170703489267
Poor Marisha,neither,0.03945320844208391,0.33037608806864915,0.630170703489267
snow in LA?!,neither,0.03945320844208391,0.33037608806864915,0.630170703489267
I MADE IT JUST IN TIME,neither,0.031060641225712168,0.38162676136525026,0.5873125974090375
This gives me sustenance,neither,0.030201295894870334,0.3828496419150546,0.5869490621900751
PJ critmas party,neither,0.03945320844208391,0.33037608806864915,0.630170703489267
lol theyre already tanked,neither,0.030794903181675007,0.4039833214932009,0.5652217753251241
Can we fix the audio,neither,0.038810288150467206,0.3152320230786105,0.6459576887709224
Having nothing planned is Vox Machina's plan,neither,0.04357450771242541,0.3623639022507273,0.5940615900368472
@baawnie 30 seconds-ish,neither,0.03945320844208391,0.33037608806864915,0.630170703489267
Jesus Crit was killed by Thordak for our sins.,neither,0.035622813361146116,0.33988867472218925,0.6244885119166648
I hav enever been more excited for a Critmas! Everyone looks so cozy and happy!,neither,0.03244890027273408,0.3762122945488966,0.5913388051783692
Ive had 6 ads in a row,neither,0.03945320844208391,0.33037608806864915,0.630170703489267
yup snow in LA,neither,0.03945320844208391,0.33037608806864915,0.630170703489267
they didnt cut it out,neither,0.033669016294968684,0.34800798447786374,0.6183229992271675
audio stronger on right side,neither,0.032994483256421805,0.3812151197256564,0.5857903970179217
i love the snow,neither,0.034920180061522726,0.3267244586590507,0.6383553612794267
its -14 here you nerds,neither,0.09194613654869262,0.33648826913537067,0.5715655943159367
everyone is drunk as heck lol,neither,0.03300030856519581,0.467342406235124,0.49965728519968017
NO,neither,0.036918905254960256,0.37338982715841207,0.5896912675866277
"THERE IS STILL 5 HOURS LEFT TO DONATE TO WORLDBUILDERS. THE CHARITY STARTED BY FRIEND OF CRITICAL ROLE, PATRICK ROTHFUSS, TO SUPPORT HEIFER INTERNATIONAL. GO DONATE AND BRING SOME MORE GOOD INTO THE WORLD!",neither,0.05540690361937373,0.30677862837628367,0.6378144680043427
audio is right heavy for me,neither,0.03410468315583863,0.3485999737911311,0.6172953430530302
CRIT MAS party,neither,0.03945320844208391,0.33037608806864915,0.630170703489267
HAPPY CRITMAS!,neither,0.03945320844208391,0.33037608806864915,0.630170703489267
'HAPPY HOLIDAYS EVERYONE!!!!!!!!,neither,0.033962530978890716,0.42356721414535314,0.5424702548757561
DENISE IS REAL!!! I HEARD HER!!!,offensive_language,0.030450107223280194,0.7075087776479921,0.2620411151287277
what the hell did Marisha do?,offensive_language,0.0495371486093679,0.7525753961417111,0.19788745524892104
Hi Denise! :),neither,0.03945320844208391,0.33037608806864915,0.630170703489267
MOAR FRENCH HORNS,neither,0.03945320844208391,0.33037608806864915,0.630170703489267
DENISE PogChamp,neither,0.03945320844208391,0.33037608806864915,0.630170703489267
Merry Critmas Y'all!,neither,0.04191717268205536,0.42761773883010307,0.5304650884878416
gandsSubHype gandsSubHype gandsSubHype gandsSubHype gandsSubHype gandsSubHype,neither,0.03945320844208391,0.33037608806864915,0.630170703489267
YEAHH!!,neither,0.03945320844208391,0.33037608806864915,0.630170703489267
cheer10 for Denise!,neither,0.023896577328981292,0.2538532852897668,0.7222501373812519
I love Denise. All hail!,neither,0.038163424344019176,0.4245561678076647,0.5372804078483161
@highfarm73 spilled wine,neither,0.03945320844208391,0.33037608806864915,0.630170703489267
DENISE IS LARKIN,neither,0.081172750358939,0.3160268245287109,0.60280042511235
;~;,neither,0.03945320844208391,0.33037608806864915,0.630170703489267
*HONK HONK*,neither,0.03945320844208391,0.33037608806864915,0.630170703489267
Or don't and I leave chat in Emote only for all of the break,neither,0.034821242393411195,0.31388397383688366,0.6512947837697052
gandsSubHype gandsSubHype gandsSubHype,neither,0.03945320844208391,0.33037608806864915,0.630170703489267
denise is not real,offensive_language,0.03782720743765694,0.5289498714157956,0.43322292114654753
!crtimer,neither,0.03945320844208391,0.33037608806864915,0.630170703489267
There is 15 days 23 hours 56 minutes 49 seconds until the return of Critical Role.,neither,0.04226592103570462,0.3051545771645448,0.6525795017997505
My friends Patrick and Jenny got me the Punisher robe for my birthday!,neither,0.02099215584472694,0.4167477565260566,0.5622600876292164
😟😟😟😟😟,neither,0.03945320844208391,0.33037608806864915,0.630170703489267
:D,neither,0.03945320844208391,0.33037608806864915,0.630170703489267
yeah audio low in left ear,neither,0.028008490990645528,0.4071402004173572,0.5648513085919972
is denise in here too? !,neither,0.15576114406110664,0.2656303945699707,0.5786084613689227
"This is pre-recorded, so no changes in audio will happen I imagine",neither,0.043794717099011095,0.3477070173339018,0.6084982655670872
Kraken Rum was spilled - thats hilarious,neither,0.03935260390146881,0.33208360967981637,0.6285637864187149
@GeekandSundry mainly right input for audio? other streams are fine for me?,neither,0.03942847401939986,0.3057310414861715,0.6548404844944287
Punisher socks too jesus christ hahahaha,neither,0.03926489550163367,0.333572250125702,0.6271628543726644
"Is it just me, or is the video quality a bit grainy?",neither,0.04390088366884313,0.2910956510431787,0.6650034652879782
I'm 21 moth old sub <3 <3,neither,0.03945320844208391,0.33037608806864915,0.630170703489267
Wooooo,neither,0.03945320844208391,0.33037608806864915,0.630170703489267
missed the beginning FeelsBadMan,neither,0.03858426332973972,0.3144937157066613,0.6469220209635989
:),neither,0.03945320844208391,0.33037608806864915,0.630170703489267
aww,neither,0.03945320844208391,0.33037608806864915,0.630170703489267
"@highfarm73, spilled her wine just as the the stream started",offensive_language,0.027836025043076116,0.4871346456513429,0.4850293293055809
@BrianWFoster I'm sorry I uh....can't tell if you like the Punisher or not.,neither,0.04074294499597525,0.4186568432309783,0.5406002117730465
The robe needs bullet holes,neither,0.03882509168967859,0.3189698116185923,0.6422050966917291
Awww....,neither,0.03945320844208391,0.33037608806864915,0.630170703489267
they were finally on time and I was not,neither,0.03447589856911249,0.31167602064808514,0.6538480807828024
"<3 they still have matching money, too, @uberbaldy ?",neither,0.03796651676026493,0.3556091258652284,0.6064243573745067
@uberbaldy merry critmas!!,neither,0.03945320844208391,0.33037608806864915,0.630170703489267
"He missed the deadline, just like me! #relateable",neither,0.04071611052023761,0.37686329644407623,0.5824205930356862
#theyknow,neither,0.03945320844208391,0.33037608806864915,0.630170703489267
Is the audio out of sync for anyone else?,neither,0.03656374106858286,0.30732837392462425,0.6561078850067927
Shiraz?,neither,0.03945320844208391,0.33037608806864915,0.630170703489267
Very appropriate cut to Sam there,neither,0.04420373760367729,0.29699828004630985,0.6587979823500129
Anyone remember when Punisher dressed up as Santa Clause?,neither,0.02967906086405189,0.42380099512047614,0.5465199440154719
PREPARE THE TEARS!,neither,0.03863941273680097,0.3155245134477786,0.6458360738154205
Sam Cam,neither,0.03945320844208391,0.33037608806864915,0.630170703489267
I have sam's hat,neither,0.03890668883758322,0.33965195205953724,0.6214413591028796
I love those PJs!!!,neither,0.061557422563261216,0.27065451478550623,0.6677880626512327
cheer5 <3 You All,offensive_language,0.11713568322928106,0.7458927592248179,0.1369715575459011
"Help G&S make great content! $4.99/month gets you emotes, Minecraft server access, Sub Only Q&As, VODs, and more! Every sub keeps the channel alive! twitch.tv/geekandsundry/subscribe",neither,0.043092924924402844,0.32365565443818894,0.6332514206374082
omg theyre all so drunkj,neither,0.041335534012882987,0.45228580579518607,0.5063786601919309
damn alpha making the stream crappy,offensive_language,0.04360668550893733,0.6292079806696094,0.3271853338214532
I have a hat like Sams,neither,0.05354216229338789,0.36352595574230073,0.5829318819643114
"pj drinking, way to be",neither,0.048371389063221484,0.33111379824701404,0.6205148126897646
"I spy with my little eye, a bottle of Kraken",neither,0.0283457524026748,0.421816032899516,0.5498382146978092
SAW THE BOOZE!!! LIFE IS RUINED,neither,0.04193348149128121,0.3595734077947964,0.5984931107139223
lol,neither,0.020706217963973744,0.4882283491876925,0.4910654328483337
Happy holidays friends TwitchRPG TwitchRPG,neither,0.03945320844208391,0.33037608806864915,0.630170703489267
MarIsha Ray: wine speaker.,neither,0.03945320844208391,0.33037608806864915,0.630170703489267
"once you spilled wine, thats a sign that you had too much :D",neither,0.056223160032255456,0.43414827837998443,0.5096285615877602
lol he doesn't get to answer,neither,0.04224043986790309,0.3873507389297693,0.5704088212023277
poor matt looks so tired,neither,0.039415566193388984,0.3666615729543929,0.5939228608522181
You can get it out with cat urine.,neither,0.035228586992118775,0.450822361991472,0.5139490510164091
I forgot Matt was there,neither,0.03927738995081121,0.29319010492747305,0.6675325051217157
is everyone drunk tonight?,neither,0.038485474492481894,0.4053794184967978,0.5561351070107202
"Forward not backward, upward not forward and always twirling twirling twirling",neither,0.03778099643697183,0.33791291957945724,0.624306083983571
omg Travis's robe,neither,0.03945320844208391,0.33037608806864915,0.630170703489267
Now we can talk about boys we like!,neither,0.030119456355739767,0.37325886941713354,0.5966216742271266
I love it,neither,0.030831260484157012,0.3601344986151421,0.609034240900701
so where did you hide the gravity bong before this shoot? Keepo,neither,0.060035680850013325,0.35596757381295724,0.5839967453370296
yep theyre all pretty loaded lol,neither,0.03501844697842472,0.42189119002638037,0.543090362995195
"right ear is happy. Left, not so much.",neither,0.04034498210715517,0.3824110426843537,0.5772439752084911
BOOO,neither,0.03945320844208391,0.33037608806864915,0.630170703489267
T.T,neither,0.03945320844208391,0.33037608806864915,0.630170703489267
Daydrunk?,neither,0.03945320844208391,0.33037608806864915,0.630170703489267
\rip in \pizza David Bowie,neither,0.03945320844208391,0.33037608806864915,0.630170703489267
"Bidet from Boston, Critters!",neither,0.040769555981420263,0.3080342349327864,0.6511962090857933
How much alcohol has been consumed by this point? @BrianWFoster,neither,0.03731135380351288,0.366863697234566,0.5958249489619212
noooooooo come back stream,neither,0.038192659502008106,0.35177089335232026,0.6100364471456716
Dont change it,neither,0.0375716994613507,0.3310232252848513,0.6314050752537981
TwitchRPG,neither,0.03945320844208391,0.33037608806864915,0.630170703489267
@Matt_Abernathy About an hour's worth,neither,0.03821429220463827,0.3514037299318315,0.6103819778635303
don't polish anythin guys,neither,0.039339462854400126,0.3323066475439717,0.6283538896016281
Is this live or was it pre recorded?,neither,0.047813723721151835,0.33013061382463393,0.6220556624542143
@Matt_Abernathy a Holiday's festivity worth!,neither,0.03945320844208391,0.33037608806864915,0.630170703489267
lols,neither,0.03945320844208391,0.33037608806864915,0.630170703489267
on brand af,neither,0.036370707740856434,0.34521713726363257,0.6184121549955109
how long has this been going on?,neither,0.03513473000530975,0.36728647388746144,0.5975787961072289
this is prerecorded,neither,0.06444388513749441,0.32581973129223984,0.6097363835702658
pre recorded,neither,0.03945320844208391,0.33037608806864915,0.630170703489267
pre recorded,neither,0.03945320844208391,0.33037608806864915,0.630170703489267
lol,neither,0.020706217963973744,0.4882283491876925,0.4910654328483337
@BrianWFoster HAHA Y'all are great,neither,0.06320966061451125,0.40478781481004417,0.5320025245754446
This is pre-recorded. Everyone is enjoying Christmas! ... except for that guy that needs to trigger it.,neither,0.03915137981550586,0.39903217992764317,0.561816440256851
Bidet @BrianWFoster,neither,0.03945320844208391,0.33037608806864915,0.630170703489267
I love that they're in festive sleepwear,neither,0.05392243466074813,0.3665063013843121,0.5795712639549397
when did this begin?,neither,0.02966970438918589,0.3812856490254269,0.5890446465853874
Pre rec.,neither,0.03945320844208391,0.33037608806864915,0.630170703489267
how drunk are they?,neither,0.07501807144105012,0.2721872691763124,0.6527946593826375
"wooow, lol",neither,0.020706217963973744,0.4882283491876925,0.4910654328483337
Won't seem to work in the mobile app :( sad for me,neither,0.034557488660938024,0.3241027348268938,0.6413397765121681
David Bowie is the Nomad Soul now,neither,0.046234818388283534,0.31270557810798244,0.6410596035037341
Hmmm...,neither,0.03945320844208391,0.33037608806864915,0.630170703489267
lol,neither,0.020706217963973744,0.4882283491876925,0.4910654328483337
lol,neither,0.020706217963973744,0.4882283491876925,0.4910654328483337
We are all nomad souls,neither,0.07047557988455623,0.3585934984411139,0.5709309216743299
HA,neither,0.03945320844208391,0.33037608806864915,0.630170703489267
"ok, how far into the pre record is this",neither,0.044269959806506796,0.3188513184275692,0.636878721765924
Very drunk and Tired :p,neither,0.038674497302219724,0.291040928382507,0.6702845743152733
"this is the best letter, Brian lol",neither,0.03744030367676858,0.3531047987400274,0.609454897583204
hahahaha,neither,0.03945320844208391,0.33037608806864915,0.630170703489267
5 minutes,neither,0.03945320844208391,0.33037608806864915,0.630170703489267
>_<,neither,0.03945320844208391,0.33037608806864915,0.630170703489267
lol,neither,0.020706217963973744,0.4882283491876925,0.4910654328483337
6 mins,neither,0.03945320844208391,0.33037608806864915,0.630170703489267
Poor Sam,neither,0.03945320844208391,0.33037608806864915,0.630170703489267
hahahaha,neither,0.03945320844208391,0.33037608806864915,0.630170703489267
LUL,neither,0.03945320844208391,0.33037608806864915,0.630170703489267
*snort*,neither,0.03945320844208391,0.33037608806864915,0.630170703489267
#SamTimes,neither,0.03945320844208391,0.33037608806864915,0.630170703489267
lmfao,neither,0.05470637918084239,0.32512982320825545,0.6201637976109021
lmao,neither,0.03705015143476208,0.3711622369619404,0.5917876116032975
BibleThump,neither,0.03945320844208391,0.33037608806864915,0.630170703489267
Rip Sam,neither,0.03945320844208391,0.33037608806864915,0.630170703489267
I love how Talesin wore a skele onesie to critmas,neither,0.043429846360323446,0.34072841768881335,0.6158417359508632
samtimes,neither,0.03945320844208391,0.33037608806864915,0.630170703489267
thanks!,neither,0.035884468650613,0.3004919205142699,0.6636236108351171
Sam troller!,neither,0.03945320844208391,0.33037608806864915,0.630170703489267
lmaooo,neither,0.03391848853660531,0.42431472933255177,0.541766782130843
The sick burns,neither,0.038548312145467736,0.31381980992958874,0.6476318779249436
#asmtimes,neither,0.03945320844208391,0.33037608806864915,0.630170703489267
Hahaha love you Sam,neither,0.0533441465691853,0.39594843263430557,0.5507074207965091
XD,neither,0.03945320844208391,0.33037608806864915,0.630170703489267
#sAMtIMES,neither,0.03945320844208391,0.33037608806864915,0.630170703489267
why is the audio lopsided D:\,neither,0.03513258263880892,0.32785363269628065,0.6370137846649105
does the audio seem more to the right ear?,neither,0.033116977800346885,0.3986701731118871,0.568212849087766
wow a pj party lolol,neither,0.03945320844208391,0.33037608806864915,0.630170703489267
when did this start? is this live?,neither,0.040472985939711076,0.3734269393383025,0.5861000747219864
daww poor Sam xD,neither,0.03945320844208391,0.33037608806864915,0.630170703489267
sam found a little boy to send a note?,neither,0.04399359524282527,0.3311891111411892,0.6248172936159856
Talesin's onesie is the best,neither,0.05135998456280659,0.2889087219359037,0.6597312935012896
LOL,neither,0.020706217963973744,0.4882283491876925,0.4910654328483337
"@BrianWFoster, so, what's the story between you and Sam?",neither,0.05659917490952007,0.35038588426885287,0.5930149408216271
snaps,neither,0.03945320844208391,0.33037608806864915,0.630170703489267
Call Sam a chestnut cuz he roasted.,neither,0.043109252133295674,0.3291186069931551,0.6277721408735493
@BrianWFoster so is this an hour long that you are aware?,neither,0.08038220965121955,0.3885799440625411,0.5310378462862393
LOVE FOR SAM gandsSCANLAN gandsSCANLAN gandsSCANLAN gandsSCANLAN,neither,0.029596154276133865,0.31117655553760454,0.6592272901862616
Sam probably deserves it haha @BrianWFoster,neither,0.03416972178323343,0.40275252519138416,0.5630777530253824
love ya @BrianWFoster. Happy holidays :),offensive_language,0.024980762622181116,0.56248178694844,0.41253745042937895
My gawd.,neither,0.026571165436659324,0.4326150973263976,0.5408137372369431
LAURA LOL,neither,0.020706217963973744,0.4882283491876925,0.4910654328483337
God bless you all,offensive_language,0.06316459760265439,0.4851216334393337,0.4517137689580119
This is already hysterical,neither,0.04608111500565302,0.3462626941248754,0.6076561908694715
Lol Laura,neither,0.020706217963973744,0.4882283491876925,0.4910654328483337
I llike Keyleth's onesie. I think it was from a fan.,neither,0.03946578587317992,0.3032701548819713,0.6572640592448487
"""Laura!"" XD",neither,0.03945320844208391,0.33037608806864915,0.630170703489267
LOL,neither,0.020706217963973744,0.4882283491876925,0.4910654328483337
Talesin is the best peroid,neither,0.05135998456280659,0.2889087219359037,0.6597312935012896
Brian firing shots haha,neither,0.035632183569388694,0.3952288522385691,0.5691389641920422
rofl Laura and Travis,neither,0.03877406619239607,0.29652817042778334,0.6646977633798206
hahaha,neither,0.03945320844208391,0.33037608806864915,0.630170703489267
"@Thorgunta, because it wouldn't be talks machina without some sort of tech error :P",neither,0.03437242695334564,0.3404877824084629,0.6251397906381916
"""Did we really send a courier??""",neither,0.03928126310039058,0.3332944492587683,0.6274242876408411
you know what,neither,0.09964145967673198,0.42042844792748335,0.4799300923957846
"over/under on a spit take happening, any takers",neither,0.036016920723233245,0.33948970583386573,0.6244933734429011
snort!,neither,0.03945320844208391,0.33037608806864915,0.630170703489267
That camera angle was awesome!! So cozy!,neither,0.03640515175458204,0.39654209087651976,0.5670527573688982
this guy is ok,neither,0.04889610994673557,0.3391619709277232,0.6119419191255412
@BrianWFoster is a gift among men,neither,0.04641105643225774,0.3279829650885165,0.6256059784792257
There were bees. The note was a beehive,neither,0.0389139933665054,0.26930328347372956,0.6917827231597651
Lul,neither,0.03945320844208391,0.33037608806864915,0.630170703489267
snerk,neither,0.03945320844208391,0.33037608806864915,0.630170703489267
Matt totally just snort-laughed,neither,0.03647881991052533,0.34420206287012645,0.6193191172193481
Marisha's onesie reminds me of an Appa onesie (from Avatar),neither,0.034662991403663274,0.3429593490787085,0.6223776595176281
ding dang duds,neither,0.03945320844208391,0.33037608806864915,0.630170703489267
rofl,neither,0.03945320844208391,0.33037608806864915,0.630170703489267
no one robs the elderly like vox machina,neither,0.04704644846197976,0.37345763924032677,0.5794959122976936
hahahaha,neither,0.03945320844208391,0.33037608806864915,0.630170703489267
@CheshireMadd omg! I hope it is an Appa onesie!,neither,0.09830707588541578,0.19516525174733032,0.7065276723672539
this is going to drive my brain crazy,offensive_language,0.02806180406958042,0.5349863207677298,0.43695187516268974
such Christmas spirit,neither,0.03968219907473385,0.32648951941465015,0.633828281510616
ye,neither,0.03945320844208391,0.33037608806864915,0.630170703489267
this dude is great,neither,0.046921116682972455,0.29936669421986317,0.6537121890971643
hazaaah lol,neither,0.020706217963973744,0.4882283491876925,0.4910654328483337
Lol... nice little roast there :D,neither,0.03248644180530825,0.3440030793739702,0.6235104788207214
All hail Matt!,neither,0.0410626879002851,0.39535776713413007,0.5635795449655849
Okay then...,neither,0.03945320844208391,0.33037608806864915,0.630170703489267
Brian-ception meta-letter,neither,0.03945320844208391,0.33037608806864915,0.630170703489267
No body terrifies children like Vox Machina too.,neither,0.04889965537713603,0.36422978509092385,0.5868705595319402
best host ever,neither,0.03855634691505308,0.32286588510823133,0.6385777679767156
"@sorcpenz Me too! I didn't see a tail, though",neither,0.022955126403150967,0.40116482449278273,0.5758800491040663
is the video jumpy to any one else?,neither,0.05979639602819949,0.24897936421263553,0.691224239759165
I sooooo want a scarf with that looks like that Gilmore banner. <3,neither,0.033617290194528957,0.4106368320311015,0.5557458777743696
Brian is the best,neither,0.04648623649669739,0.3028706150055626,0.6506431484977401
such enthusiasim,neither,0.03996051322623136,0.32176580192168136,0.6382736848520874
so is #samtimes the new name for Sam's submissions for each week's episodes? XD,neither,0.03815196051966614,0.25767963725808846,0.7041684022222454
is there stereo audio?,neither,0.04578683937635903,0.29486213966678687,0.659351020956854
This is the most festive train wreck I've ever seen,neither,0.026523733794634224,0.3067885634634976,0.6666877027418682
I think Brian is the perfect host <3,neither,0.045409436168835,0.3088496848551983,0.6457408789759667
"is it mute for anyone else on the left side, or are my headphones just messed up?",neither,0.03531058398574392,0.38605340940449606,0.57863600660976
thats my name!,neither,0.025459142312563646,0.4428773873769381,0.5316634703104983
We will never find all the clips of Sam.,neither,0.04113793968703441,0.3126702539681699,0.6461918063447958
my left is low but can hear it,neither,0.03187238602370679,0.40682826282860635,0.5612993511476869
danLUL,neither,0.03945320844208391,0.33037608806864915,0.630170703489267
yes KyleCorbeau,neither,0.03945320844208391,0.33037608806864915,0.630170703489267
