text,top_class,hate_speech,offensive_language,neither
pizs has 2789 coins,neither,0.03989735448983053,0.32283777050957063,0.6372648750005988
rip stream,neither,0.03945320844208391,0.33037608806864915,0.630170703489267
VohiYo,neither,0.03945320844208391,0.33037608806864915,0.630170703489267
🔥🐢👎,neither,0.03945320844208391,0.33037608806864915,0.630170703489267
RETURN!,neither,0.03945320844208391,0.33037608806864915,0.630170703489267
and were back perhaps,neither,0.03900708781635632,0.27149873025345767,0.689494181930186
yay,neither,0.03945320844208391,0.33037608806864915,0.630170703489267
PogChamp,neither,0.03945320844208391,0.33037608806864915,0.630170703489267
!wallet,neither,0.03945320844208391,0.33037608806864915,0.630170703489267
we have apprehended him,neither,0.038216128791558085,0.3513725582586922,0.6104113129497497
doctorwhoots has 70 coins,neither,0.03980134842295792,0.3244672440202677,0.6357314075567744
lol,neither,0.020706217963973744,0.4882283491876925,0.4910654328483337
THE WATCH,neither,0.048714110790828345,0.29801503938199747,0.6532708498271742
PogChamp ????????,neither,0.03945320844208391,0.33037608806864915,0.630170703489267
we back Kreygasm,neither,0.039166053543719236,0.33524985610846453,0.6255840903478163
!wallet,neither,0.03945320844208391,0.33037608806864915,0.630170703489267
SAVED,neither,0.03945320844208391,0.33037608806864915,0.630170703489267
thadeuscrane has 2607 coins,neither,0.03989735448983053,0.32283777050957063,0.6372648750005988
gandsNopeNopeNope gandsNopeNopeNope gandsNopeNopeNope,neither,0.03945320844208391,0.33037608806864915,0.630170703489267
there it goes,neither,0.03745797801461688,0.27450367712496215,0.6880383448604208
something is happening,neither,0.04784769695530499,0.32748883853462374,0.6246634645100714
gandsNatTwenty gandsOwl DxCat GivePLZ,neither,0.03945320844208391,0.33037608806864915,0.630170703489267
tessHYPE tessHYPE tessHYPE,neither,0.03945320844208391,0.33037608806864915,0.630170703489267
WE BACK,neither,0.039166053543719236,0.33524985610846453,0.6255840903478163
Ayyyyyy,neither,0.03945320844208391,0.33037608806864915,0.630170703489267
There we go..,neither,0.04083933629015207,0.27628362646603744,0.6828770372438104
eeeeeey,neither,0.03945320844208391,0.33037608806864915,0.630170703489267
wooooo,neither,0.03945320844208391,0.33037608806864915,0.630170703489267
"instead of spamming that it's down, yall are spamming #weknow...really that bored?",neither,0.046442035831969944,0.3695002620413385,0.5840577021266915
gandsCrit gandsCrit gandsCrit gandsCrit,neither,0.03945320844208391,0.33037608806864915,0.630170703489267
!iwallet,neither,0.03945320844208391,0.33037608806864915,0.630170703489267
WOOOOOOOOOO,neither,0.03945320844208391,0.33037608806864915,0.630170703489267
gandsPitCrew gandsPitCrew gandsPitCrew gandsPitCrew,neither,0.03945320844208391,0.33037608806864915,0.630170703489267
SAVED,neither,0.03945320844208391,0.33037608806864915,0.630170703489267
there ya go thank you! :),offensive_language,0.03801762415830675,0.6333748246631362,0.32860755117855706
gandsPitCrew gandsPitCrew gandsPitCrew,neither,0.03945320844208391,0.33037608806864915,0.630170703489267
aaand we're back,neither,0.0707855877519284,0.2891816921207498,0.6400327201273217
rejoice!,neither,0.03945320844208391,0.33037608806864915,0.630170703489267
Finally,neither,0.03945320844208391,0.33037608806864915,0.630170703489267
lol what is happening..,neither,0.044267396175975776,0.3784778561350955,0.5772547476889287
woot!,neither,0.03945320844208391,0.33037608806864915,0.630170703489267
herrrrrmmmm,neither,0.03945320844208391,0.33037608806864915,0.630170703489267
PIT CREW,neither,0.03945320844208391,0.33037608806864915,0.630170703489267
YAY,neither,0.03945320844208391,0.33037608806864915,0.630170703489267
WE LIVE,neither,0.04675156173251523,0.3319383047908141,0.6213101334766706
#PitCrew,neither,0.03945320844208391,0.33037608806864915,0.630170703489267
LUL,neither,0.03945320844208391,0.33037608806864915,0.630170703489267
Pit Creeeeeeeeeeeeeeeeww! Pit Crew! twitter.com/pit_cru twitch.tv/pit_crew,neither,0.039083130642922924,0.38724255714604583,0.5736743122110314
Fixed,neither,0.03945320844208391,0.33037608806864915,0.630170703489267
its back!,neither,0.029829768354409376,0.333686030403444,0.6364842012421467
Pit Crew. gandsPitCrew,neither,0.03945320844208391,0.33037608806864915,0.630170703489267
WHOO!,neither,0.03945320844208391,0.33037608806864915,0.630170703489267
ahhhh,neither,0.03945320844208391,0.33037608806864915,0.630170703489267
Dammit Denise!,neither,0.03945320844208391,0.33037608806864915,0.630170703489267
Thanks Denise,neither,0.035884468650613,0.3004919205142699,0.6636236108351171
IT'S THE DEATH WATCH!,neither,0.04312634508868229,0.3101142234754479,0.6467594314358698
YEAH!!!,offensive_language,0.013968601452186464,0.5182923869769311,0.4677390115708824
gandsPitCrew gandsPitCrew gandsPitCrew gandsPitCrew gandsPitCrew gandsPitCrew gandsPitCrew gandsPitCrew gandsPitCrew gandsPitCrew,neither,0.03945320844208391,0.33037608806864915,0.630170703489267
still waiting but see yoy guys in January happy new year,neither,0.03898412265683362,0.2885632020681426,0.6724526752750237
HOLY SHIT....,offensive_language,0.04257650662097627,0.9573463282193174,7.716515970639687e-05
"game over man, game over...",neither,0.03396875199822458,0.313436436952253,0.6525948110495224
lol,neither,0.020706217963973744,0.4882283491876925,0.4910654328483337
gandsSubHype gandsSubHype gandsSubHype gandsSubHype gandsSubHype gandsSubHype gandsSubHype,neither,0.03945320844208391,0.33037608806864915,0.630170703489267
SAVED,neither,0.03945320844208391,0.33037608806864915,0.630170703489267
we're getting there,neither,0.056138596801285995,0.33326413136370114,0.6105972718350129
"Can't talk to dead if the dead has no head. A dragon head can be a hostage, specially if Pike talks to him first.",neither,0.020296722225974693,0.3924699264409049,0.5872333513331204
WOO! THANK YOU @GeekandSundry,neither,0.056569537053094594,0.387589590314071,0.5558408726328344
Watch is back,neither,0.0628914757013712,0.32231459318231287,0.6147939311163159
Yay,neither,0.03945320844208391,0.33037608806864915,0.630170703489267
#THEYKNEW,neither,0.03945320844208391,0.33037608806864915,0.630170703489267
Back to the watch,neither,0.05794014615706819,0.2992289312016072,0.6428309226413246
We're back Boiiiis PogChamp,neither,0.0707855877519284,0.2891816921207498,0.6400327201273217
GG Pit Crew,neither,0.03945320844208391,0.33037608806864915,0.630170703489267
gandsCrit gandsCrit gandsCrit,neither,0.03945320844208391,0.33037608806864915,0.630170703489267
Yay!,neither,0.03945320844208391,0.33037608806864915,0.630170703489267
are we live now,neither,0.08487095257023544,0.2723517378626538,0.6427773095671109
thanks @Pit_Crew !,neither,0.035884468650613,0.3004919205142699,0.6636236108351171
here we go again Glenn,neither,0.07754863452070146,0.32959040563513814,0.5928609598441605
FREEDOM,neither,0.03945320844208391,0.33037608806864915,0.630170703489267
@brianwfoster WutFace,neither,0.03945320844208391,0.33037608806864915,0.630170703489267
Critmas is saved!,neither,0.05123134903440858,0.3263250454252152,0.6224436055403763
gandsPitCrew gandsPitCrew gandsPitCrew gandsPitCrew gandsPitCrew gandsPitCrew,neither,0.03945320844208391,0.33037608806864915,0.630170703489267
<3,neither,0.03945320844208391,0.33037608806864915,0.630170703489267
Yay!!!!!,neither,0.03945320844208391,0.33037608806864915,0.630170703489267
gandsSubHype,neither,0.03945320844208391,0.33037608806864915,0.630170703489267
where was I!!!,neither,0.04270084563139754,0.27525520930832437,0.6820439450602782
"Thanks, Pit Crew!",neither,0.037528256182875766,0.31425678567909415,0.64821495813803
"@uberbaldy, you were saying?!",neither,0.04902710706384796,0.3724557583933463,0.5785171345428058
Such good production value,neither,0.03902013957286621,0.3261183510552681,0.6348615093718657
@uberbaldy critmas is live?,neither,0.06612417478258875,0.321202719730918,0.6126731054864932
Watch Hype! PogChamp,neither,0.046339566458030224,0.32800755376886914,0.6256528797731006
$800 USD Watch right there,neither,0.04367541430431159,0.3064316730568492,0.6498929126388392
gandsPitCrew gandsPitCrew gandsPitCrew,neither,0.03945320844208391,0.33037608806864915,0.630170703489267
Did it stop time?,neither,0.036159392553123844,0.45180403388929485,0.5120365735575811
YEAH,offensive_language,0.013968601452186464,0.5182923869769311,0.4677390115708824
what a nice watch. It send us back in time.,neither,0.08074796120375466,0.3339999679350573,0.5852520708611879
Lol... guess the watch has magical time power!,neither,0.03598457865867161,0.3679463405401546,0.5960690808011738
Not alpha PogChamp,neither,0.03784067986855553,0.3364517609015645,0.6257075592298801
PROUD OF YOU GLENN YOU FIXED IT,neither,0.06594147424968547,0.4073466743910178,0.5267118513592968
Pi Crew defeats Glenn's trap,neither,0.03945320844208391,0.33037608806864915,0.630170703489267
gandsApplaud gandsApplaud gandsApplaud gandsApplaud gandsApplaud gandsApplaud gandsApplaud gandsApplaud gandsApplaud gandsApplaud gandsApplaud gandsApplaud,neither,0.03945320844208391,0.33037608806864915,0.630170703489267
PogChamp,neither,0.03945320844208391,0.33037608806864915,0.630170703489267
gandsCrit gandsCrit gandsCrit gandsCrit gandsCrit gandsCrit gandsCrit gandsCrit gandsCrit gandsCrit,neither,0.03945320844208391,0.33037608806864915,0.630170703489267
woot!,neither,0.03945320844208391,0.33037608806864915,0.630170703489267
Yeah,offensive_language,0.013968601452186464,0.5182923869769311,0.4677390115708824
#CritmasLives,neither,0.03945320844208391,0.33037608806864915,0.630170703489267
gandsLessthanthree gandsLessthanthree gandsLessthanthree gandsLessthanthree,neither,0.03945320844208391,0.33037608806864915,0.630170703489267
"woop, thanks crew!",neither,0.03704741878065195,0.31023031517855193,0.6527222660407961
SAVED <3 @Pit_Crew,neither,0.03945320844208391,0.33037608806864915,0.630170703489267
SAVED Well done Denise,neither,0.038672096691549245,0.3436335930144481,0.6176943102940027
2/3 OF PIT CREW LEFT LAST WEEK,neither,0.03945320844208391,0.33037608806864915,0.630170703489267
Watch caused time travel.,neither,0.04273254162044377,0.3436930019224557,0.6135744564571005
"IT""S JUST A BLACK SCREEN FOR ME AHHHHHHHHH",neither,0.036782919998428094,0.34221026169563906,0.621006818305933
Pit Crew Saves Critmas!,neither,0.03945320844208391,0.33037608806864915,0.630170703489267
We're back!,neither,0.0707855877519284,0.2891816921207498,0.6400327201273217
#THEYKNEW,neither,0.03945320844208391,0.33037608806864915,0.630170703489267
link to watch?,neither,0.05439751577033261,0.3234404912461563,0.622161992983511
That looks SUPER Expensive!,neither,0.03600137926633363,0.3678472969873451,0.5961513237463213
Good job guys #gladyouknow,neither,0.038533485238291025,0.33303358036535663,0.6284329343963523
"Thank you, Pit Crew! gandsPitCrew gandsPitCrew",neither,0.0540591739276713,0.3796837975911355,0.5662570284811931
It's back!,neither,0.03654534214784638,0.3313762366291984,0.6320784212229552
not live confirmed but pretty convenient now ^^,neither,0.03919961330577973,0.33948892744935694,0.6213114592448633
Keepo Keepo Keepo,neither,0.03945320844208391,0.33037608806864915,0.630170703489267
which Invicta watch is it?,neither,0.055353828214129173,0.32490713579654257,0.6197390359893281
Dang Critters!,neither,0.03945320844208391,0.33037608806864915,0.630170703489267
What kind of watch is that?,neither,0.05723241904944596,0.36305728034194,0.5797103006086141
gandsApplaud gandsPitCrew gandsApplaud gandsPitCrew gandsApplaud gandsPitCrew gandsApplaud gandsPitCrew gandsApplaud gandsPitCrew gandsApplaud gandsPitCrew gandsApplaud gandsPitCrew,neither,0.03945320844208391,0.33037608806864915,0.630170703489267
hrpgHyperHype hrpgHyperHype hrpgHyperHype,neither,0.03945320844208391,0.33037608806864915,0.630170703489267
It's a Critmas Miracle!,neither,0.03769120445960379,0.3309821220359783,0.6313266735044178
gandsPitCrew gandsPitCrew gandsLessthanthree gandsLessthanthree,neither,0.03945320844208391,0.33037608806864915,0.630170703489267
Glenn apprehended,neither,0.03945320844208391,0.33037608806864915,0.630170703489267
thanks Glen,neither,0.035884468650613,0.3004919205142699,0.6636236108351171
"Awesome work, Denise!",neither,0.03945320844208391,0.33037608806864915,0.630170703489267
"yup, the watch was an magic item: it granted the user a glimpse of things that have already come to pass :P",neither,0.040190002588207624,0.35382244791304734,0.605987549498745
oh mah gahh... the strobing,neither,0.04377487435600748,0.26272641125463436,0.6934987143893582
A BLACK SCREEN,neither,0.0688425776513419,0.3074453880852506,0.6237120342634075
Thanks @Pit_Crew,neither,0.035884468650613,0.3004919205142699,0.6636236108351171
"For the record, I found the watch:http://www.jomashop.com/invicta-mens-watch-1087.html",neither,0.03952866760854967,0.24703746356147765,0.7134338688299726
It's a Critmas miracle! Sarenrae smiled on us!,neither,0.06435177137635993,0.3364575571056738,0.5991906715179662
CRITMAS IS BACK IF YOU DON'T SEE REFRESH.,neither,0.04057373147744032,0.42000892097632286,0.5394173475462368
which invictus,neither,0.03945320844208391,0.33037608806864915,0.630170703489267
Oh there they are!!! doogJunk doogJunk doogJunk doogTrash doogTrash doogTrash doogPaw doogHi doogSherlock,neither,0.08715734245145929,0.16225711448116903,0.7505855430673718
"had the show open in 2 tabs, 16 people talking all at once was bad :D",neither,0.06814201117145205,0.32987061932891204,0.6019873694996359
@GeekandSundry U DA BES PIT CREW,neither,0.06299715923281743,0.41652060977828576,0.5204822309888969
LOL\,neither,0.020706217963973744,0.4882283491876925,0.4910654328483337
Did we miss stuff? :(,neither,0.032663344291914476,0.3352703848961806,0.6320662708119049
Ryan is just sitting there alone.... THANK YOU,neither,0.05327357170058275,0.3480891404742828,0.5986372878251346
conspiracy! TM still playing on Alpha!,neither,0.036678561027847306,0.35175751844747344,0.6115639205246791
"2/3 OF PIT CREW LEFT LAST WEEK, they don't even handle Talks Machina to begin with",neither,0.03607650825109761,0.35602979595289064,0.6078936957960118
"They held their reactions for 4 min., quality acting Kappa",neither,0.03621128564444548,0.31417276041953257,0.649615953936022
YOINK! -Travis Keepo,neither,0.03945320844208391,0.33037608806864915,0.630170703489267
SAVED,neither,0.03945320844208391,0.33037608806864915,0.630170703489267
Denise and Glen in a constant struggle for power of the Stream,neither,0.03484218931810793,0.2790156479536466,0.6861421627282454
what's this whole wallet thing?,neither,0.04425901915936429,0.32827127130091893,0.6274697095397168
"thanks, @kylekasson !",neither,0.035884468650613,0.3004919205142699,0.6636236108351171
"""my teeth collection""",neither,0.02915392054640457,0.4097496574650952,0.5610964219885002
helli,neither,0.03945320844208391,0.33037608806864915,0.630170703489267
of course he has a teeth collection,neither,0.04379235886864269,0.3239229625589854,0.6322846785723719
wow totally normal,neither,0.03945320844208391,0.33037608806864915,0.630170703489267
#theyfuckingknew,neither,0.03945320844208391,0.33037608806864915,0.630170703489267
<3,neither,0.03945320844208391,0.33037608806864915,0.630170703489267
refresh if you don't see critmas it has returned.,neither,0.03355161888242346,0.416136598350838,0.5503117827667384
What? A teeth collection?,neither,0.04454337333920594,0.32671878085365347,0.6287378458071406
anyone else see black screen?,neither,0.05750958683838287,0.3152839517736003,0.6272064613880168
of course he has a teeth collection,neither,0.04379235886864269,0.3239229625589854,0.6322846785723719
teeth collection LOL,neither,0.032449319280434055,0.3806994176546486,0.5868512630649173
goddammit Talis,neither,0.03945320844208391,0.33037608806864915,0.630170703489267
"Thank God, they caught Glenn *** with the stream and destroyed him.",neither,0.03226199240974568,0.32498196414678676,0.6427560434434676
"teeth collection ""really *** face""",neither,0.03945320844208391,0.33037608806864915,0.630170703489267
lol,neither,0.020706217963973744,0.4882283491876925,0.4910654328483337
gandsHR gandsHR gandsHR gandsHR gandsHR gandsHR,neither,0.03945320844208391,0.33037608806864915,0.630170703489267
lol,neither,0.020706217963973744,0.4882283491876925,0.4910654328483337
yay,neither,0.03945320844208391,0.33037608806864915,0.630170703489267
he is my favourite,neither,0.03970011348640111,0.41237713190407904,0.5479227546095197
WutFace,neither,0.03945320844208391,0.33037608806864915,0.630170703489267
@megalapras24 No problem!,neither,0.03816155161732251,0.3522988753405446,0.6095395730421328
Refresh if you see a black screen,neither,0.0499201755831321,0.4038417142514917,0.5462381101653762
LOL,neither,0.020706217963973744,0.4882283491876925,0.4910654328483337
tal lol,neither,0.031120645729857982,0.3912535864736078,0.5776257677965343
None more Goth. I love him. :D,neither,0.03841780643164198,0.335357883986116,0.626224309582242
Can they rewind?,neither,0.039746521469093,0.325397800514303,0.6348556780166041
gandsHR gandsHR gandsHR gandsHR gandsHR gandsHR gandsHR gandsHR,neither,0.03945320844208391,0.33037608806864915,0.630170703489267
powdered teeth,neither,0.03945320844208391,0.33037608806864915,0.630170703489267
Its not back on the xbox360 yet,neither,0.028610945568414297,0.3345820773134234,0.6368069771181624
lmao,neither,0.03705015143476208,0.3711622369619404,0.5917876116032975
i love taliesin,neither,0.03217296676969875,0.3657703709031763,0.602056662327125
she already did,neither,0.039876833049790665,0.4712409503984234,0.48888221655178593
NO,neither,0.036918905254960256,0.37338982715841207,0.5896912675866277
why would I not be surprised to find that Taliesin has a teeth collection,neither,0.03531305601499611,0.30330024582530896,0.661386698159695
HOW IRONIC,neither,0.03945320844208391,0.33037608806864915,0.630170703489267
LOL CUT THE FEED,neither,0.030415499959084796,0.37084245692017465,0.5987420431207406
to late,neither,0.050672113287104505,0.32394611463539263,0.6253817720775029
Someone actually send Talesin teeth,neither,0.03945320844208391,0.33037608806864915,0.630170703489267
"lol, too late",neither,0.029884907746592713,0.404352001660954,0.5657630905924533
so what sort of watch was it`?,neither,0.04810017158973074,0.3670532655953361,0.5848465628149332
too late,neither,0.039095774028857416,0.33644268289058776,0.6244615430805548
NOT AGAIN,neither,0.03439052528572246,0.38949277640131136,0.5761166983129662
"""CUT THE FEED DENISE""",neither,0.0384212828056843,0.31142586081765006,0.6501528563766656
Creepy Taliesin is creepy. Love it,neither,0.04168909138154662,0.3379132862652022,0.6203976223532512
"lol, cut the feed.",neither,0.030415499959084796,0.37084245692017465,0.5987420431207406
lol,neither,0.020706217963973744,0.4882283491876925,0.4910654328483337
lol cut the feed,neither,0.030415499959084796,0.37084245692017465,0.5987420431207406
Taliesin has ofgficially joined the Dark Side,neither,0.03488537252780284,0.3416314220786079,0.6234832053935891
gandsTrinket,neither,0.03945320844208391,0.33037608806864915,0.630170703489267
"Too late, Denise",neither,0.039095774028857416,0.33644268289058776,0.6244615430805548
denise was too good,neither,0.03788715166431712,0.3406364701616443,0.6214763781740386
:D :D :D :D :D :D :D :D,neither,0.03945320844208391,0.33037608806864915,0.630170703489267
"no, don't cut the feed again",neither,0.03629955440642021,0.35657817268111713,0.6071222729124627
LOLOOLOLOLOL,neither,0.03945320844208391,0.33037608806864915,0.630170703489267
cut the feed Denise.... cut it too early !!!!,neither,0.038666318065801085,0.3043487249056448,0.6569849570285541
:O Thats why the stream went down,neither,0.02971574822395031,0.3295005743469313,0.6407836774291183
lol,neither,0.020706217963973744,0.4882283491876925,0.4910654328483337
"""cut the feed Denise"" ha ha ha",neither,0.03897898350786854,0.3217978074227025,0.6392232090694291
"But I mean, who wouldn't want to be inside Travis?",neither,0.03674116467248999,0.22011843763834912,0.743140397689161
I'm my jam jams,neither,0.029520952566963535,0.40660570839125776,0.5638733390417787
"let's be honest, of course Taliesin has a teeth collection",neither,0.029855667683970747,0.34903314033138516,0.621111191984644
"""cut the feed denise"" a little too early",neither,0.039474148274136034,0.30258383572229114,0.6579420160035728
3 out of 3,neither,0.03006969974013852,0.368407252774717,0.6015230474851445
This is why I always yell at Denise guys,neither,0.0333640850249201,0.410081439713089,0.5565544752619909
if only it had waited a little longer to crash!,neither,0.029991087833586533,0.367730738686491,0.6022781734799225
just a black screen still for me,neither,0.03743449575006228,0.35514315811758995,0.6074223461323477
kinda jumped the gun on that cut Keepo,neither,0.0338521035155703,0.3598030052441385,0.6063448912402912
Denise can see through time,neither,0.03842290017476566,0.34786310825535044,0.6137139915698839
#FireDenise,neither,0.03945320844208391,0.33037608806864915,0.630170703489267
he called it >.>,neither,0.04566781638065629,0.3282385994239826,0.626093584195361
"@BrianWFoster Did they cut it too early, my man",neither,0.02978776300412477,0.44345220475089414,0.5267600322449811
Fazer is the best,neither,0.05135998456280659,0.2889087219359037,0.6597312935012896
Creepy Taliesin: Final Form,neither,0.03945320844208391,0.33037608806864915,0.630170703489267
The chocolate that will pillage you,neither,0.05494925547824815,0.38767853262890023,0.5573722118928516
from what ive seen cheapest watch they sell is 200 euros and this one looked more like one of their 700 euro models,neither,0.05144941778243321,0.3308408788413707,0.617709703376196
what's this wallet thing about,neither,0.042917863027368365,0.35351138946304345,0.6035707475095882
*cries* I have no European friends to send me chocolate,neither,0.03768143238838978,0.3673337410249982,0.5949848265866119
I hear chocolate from Finland is easy to Finnish. >_>,neither,0.05483311535583409,0.30825175155270096,0.6369151330914649
Why so much spam when things go wrong?,neither,0.02354638182069448,0.41671542915269466,0.559738189026611
Taliesin is wearing the skeleton outfit from David Pumpkins sketch? @brianwfoster,neither,0.04420511898360106,0.3087858888813035,0.6470089921350953
"@CheshireMadd, he'd probably keep them tbh, I mean, did you see the video where he did the tour of where he lives?",neither,0.06599535273611604,0.26739298547927176,0.6666116617846123
"Finland chocolate, a little depression in every bar.",neither,0.03923280157361585,0.3341169678426421,0.626650230583742
clever!,neither,0.03945320844208391,0.33037608806864915,0.630170703489267
"Oh, very clever!",neither,0.044440377052319194,0.28277119783424703,0.6727884251134336
"there needs to be a list of ""most goth things taliesin has ever done on cr/tm""",neither,0.041174513495367084,0.31871270372287597,0.6401127827817569
Screen is quite dark :(,neither,0.04637919877932122,0.3279939223962133,0.6256268788244657
very clever,neither,0.03945320844208391,0.33037608806864915,0.630170703489267
Tom Hooper close up,neither,0.036561488628114786,0.38926693135075036,0.5741715800211349
Poor grog,neither,0.03945320844208391,0.33037608806864915,0.630170703489267
That was cool!,neither,0.0337458163838524,0.39397952143948695,0.5722746621766607
that is neat,neither,0.0436934699612105,0.3723876712986079,0.5839188587401816
hrpgSub hrpgHyperHype gandsSubHype gandsSubHype gandsSubHype gandsSubHype gandsSubHype,neither,0.03945320844208391,0.33037608806864915,0.630170703489267
HAMILTON <3,neither,0.03945320844208391,0.33037608806864915,0.630170703489267
ah crap when did it come back?,neither,0.02968628138306959,0.3902605935626722,0.5800531250542582
that's hecka clever,neither,0.03476908919624869,0.38150422245866583,0.5837266883450856
"BTW, BECAUSE OF THAT HICCUP EPISODE 65 WILL NOW GET SKIPPED WHEN THE MARATHON CONTINUES. JUST AN FYI.",neither,0.03223160416476764,0.3608579155223833,0.606910480312849
it's just now back on the x360,neither,0.028311978980054366,0.35400871443637566,0.61767930658357
700? Really?,neither,0.03945320844208391,0.33037608806864915,0.630170703489267
"and geography lesson, Finland is not part of scandinavia...",neither,0.04473121136311429,0.29648422524184465,0.6587845633950412
taliesin is slightly disappointed they arent teeth,neither,0.0447323030647416,0.32856036535185246,0.626707331583406
Is Matt left-handed? Doesn't a watch usually go on the non-dominant wrist? (not that I suppose it's a rule . . .),neither,0.04111635333789921,0.35005676173635614,0.6088268849257447
"@SpeedDemonStar There's a video tour of where he lives? And I'd fully expect him to keep them, to be honest",neither,0.06216016775499854,0.22152705068824952,0.7163127815567518
@uberbaldy sdoh,neither,0.03945320844208391,0.33037608806864915,0.630170703489267
"@Chovexani, even if you did, shipping between countries is outrageously expensive",neither,0.039610287996412315,0.4125108023182335,0.5478789096853542
OK,neither,0.03935517884257045,0.3320399062092607,0.6286049149481688
KRAKEN,neither,0.03945320844208391,0.33037608806864915,0.630170703489267
I'm still sad we missed stuff. :(,neither,0.03858496935022076,0.3451123713810342,0.6163026592687452
Yay,neither,0.03945320844208391,0.33037608806864915,0.630170703489267
I SAW THAT MARISHA GOT MY GIFT! YES!,neither,0.026275435024609002,0.4748812788869196,0.4988432860884714
"@SpeedDemonStar Got a link, or a way to find it?",neither,0.0470946301562741,0.28620145423657173,0.6667039156071541
I wear my watch on my dominant hand,neither,0.02315625943085204,0.4862202543022612,0.4906234862668867
@keiawyn no idea.,neither,0.03828698463382248,0.35016994969645254,0.6115430656697249
"Can't talk to dead if the dead has no head. A dragon head can be a hostage, specially if Pike talks to him first.",neither,0.020296722225974693,0.3924699264409049,0.5872333513331204
"@SpeedDemonStar, but but... chocolate..I love it so",neither,0.029752924529787644,0.40594065046109756,0.5643064250091149
"@uberbaldy, thx for the update FutureMan",neither,0.03356427752969041,0.2913919797589339,0.6750437427113758
Heyy,neither,0.03945320844208391,0.33037608806864915,0.630170703489267
"they need to get better internet at this rate >.>""",neither,0.0433103560492104,0.3526880774277397,0.6040015665230498
i'm left handed and i wear my watch on my left wrist,neither,0.028114164299166064,0.4063055193629485,0.5655803163378854
"Themonkeyprincess, we didn't it reastarted at the same place",neither,0.02662137094570233,0.33870911412792837,0.6346695149263694
BibleThump,neither,0.03945320844208391,0.33037608806864915,0.630170703489267
Birb feather.,neither,0.03945320844208391,0.33037608806864915,0.630170703489267
what's the wallet thing about,neither,0.04220423952141899,0.33682701238874163,0.6209687480898393
that's nice,neither,0.03315644393025125,0.3995524354283405,0.5672911206414082
that is so sweet :(,neither,0.04444788751605749,0.43784406752787797,0.5177080449560645
it's literally a black screen for me why is this happening,neither,0.037412283612121955,0.333980807619861,0.628606908768017
"@Themonkeyprincess We didn't miss anything, they picked it up right where it left",neither,0.024755819046332877,0.38536277846951494,0.5898814024841521
that is super sweet,neither,0.04364823522141068,0.37198100454221583,0.5843707602363735
@Gundammac hahaha it totally looks like it!,neither,0.045763136670802444,0.344903346996519,0.6093335163326786
So sweet,neither,0.03940909112290231,0.39994910071364764,0.56064180816345
On ps4 ive just had constant ads 7 in a row,neither,0.035376404009249414,0.3497832506554508,0.6148403453352997
birb feather,neither,0.03945320844208391,0.33037608806864915,0.630170703489267
"thanks Sam riegel for inspiring mty character Two-Score tenpence, he is my christmas gift from you crazy idiots",neither,0.037356855335397406,0.3983513794006065,0.5642917652639962
@vax1ldan did you refresh?,neither,0.05765687886947356,0.38137162985497625,0.5609714912755501
"@Chovexani, you can buy chocolate and other candy from around the world, online ;)",neither,0.04881213667343804,0.3052962360184293,0.6458916273081327
I wish they had the time to read the letters more fully,neither,0.04284774230954796,0.31446971679323515,0.6426825408972169
OOH GOD!,neither,0.03945320844208391,0.33037608806864915,0.630170703489267
"Help raise money for Worldbuilders, a charity founded by author Pat Rothfuss to use the collective power of geeks to make the world a better place. Every $10 donated enters you into drawings for amazing prizes such as becoming an NPC on Critical Role, a Geek Chic gaming table, handmade versions of the ring Kerr made for Keylith, and MUCH more! There is 3 hours 58 minutes 53 seconds left to donate and help us build a better world, https://crowdspire.org/campaign/team-critters",neither,0.04029786057885346,0.3060009800036387,0.653701159417508
confirmed Keyleth is a follow of Tiamat\,neither,0.047647458552853225,0.32755770970327946,0.6247948317438673
LOL Brian,neither,0.030011385417585263,0.4003396692418452,0.5696489453405696
video stuttering?,neither,0.049266163358008055,0.16382463337382713,0.7869092032681648
why do i have no sound?!,neither,0.02755313087780618,0.37232356587655363,0.6001233032456402
lol,neither,0.020706217963973744,0.4882283491876925,0.4910654328483337
It's so very sweet. -_____- Keepo,neither,0.038233176684951097,0.3684911859900121,0.5932756373250367
"THERE IS STILL 5 HOURS LEFT TO DONATE TO WORLDBUILDERS. THE CHARITY STARTED BY FRIEND OF CRITICAL ROLE, PATRICK ROTHFUSS, TO SUPPORT HEIFER INTERNATIONAL. GO DONATE AND BRING SOME MORE GOOD INTO THE WORLD!",neither,0.05540690361937373,0.30677862837628367,0.6378144680043427
Dont let Kima hear you talk like that Keyleth,neither,0.024723224882484504,0.48462612216604056,0.4906506529514748
@BigOhNo No that's just me,offensive_language,0.018504140463205136,0.4943062684791726,0.4871895910576223
Matthew...Miller,neither,0.03945320844208391,0.33037608806864915,0.630170703489267
...evil brother?,neither,0.03945320844208391,0.33037608806864915,0.630170703489267
"@mccainenl, a lot of it might b personal/better off stream",neither,0.03847814890577101,0.33071145575512967,0.6308103953390993
"I""ve looked at shipping of chocolates but I don't know for sure which are the best ><",neither,0.02537079952373685,0.3673036090236746,0.6073255914525885
So meta.,offensive_language,0.039501631330860744,0.48329170807269783,0.4772066605964413
matthew miller is matthew mercer,neither,0.04375769266350476,0.328895578560185,0.6273467287763103
im loving marishas onesie,neither,0.038367660527253926,0.3715486614582397,0.5900836780145063
did everyone know thats Matts real name,offensive_language,0.02914444491601692,0.507964127104271,0.46289142797971206
"Ah, it must have just took my tablet while to load it.",neither,0.0323158776605711,0.3866220837579589,0.58106203858147
incase anyone ddnt know,neither,0.03945320844208391,0.33037608806864915,0.630170703489267
@tiamatzx whats in the booooox!!!,neither,0.03829710746920159,0.3090653736855547,0.6526375188452438
mercer isn;t his real last name,neither,0.055280791341940354,0.45137345009880137,0.4933457585592583
!worldbuilders,neither,0.03945320844208391,0.33037608806864915,0.630170703489267
"Help raise money for Worldbuilders, a charity founded by author Pat Rothfuss to use the collective power of geeks to make the world a better place. Every $10 donated enters you into drawings for amazing prizes such as becoming an NPC on Critical Role, a Geek Chic gaming table, handmade versions of the ring Kerr made for Keylith, and MUCH more! There is 3 hours 58 minutes 10 seconds left to donate and help us build a better world, https://crowdspire.org/campaign/team-critters",neither,0.040295194412341376,0.3060543061658679,0.6536504994217908
Miller is Matt's original last name :-D,neither,0.04492072791441559,0.32849555740571457,0.62658371467987
OMG I perform there thats awesome,neither,0.03939032121194974,0.2980012185392728,0.6626084602487775
what's the wallet thing about,neither,0.04220423952141899,0.33682701238874163,0.6209687480898393
@Randy1083 lol really,neither,0.026256057103556708,0.4331155467422187,0.5406283961542244
did they show the fan video yet?,neither,0.05593340159744085,0.18332871251446503,0.7607378858880942
frenchhh horrrrnnnss,neither,0.03945320844208391,0.33037608806864915,0.630170703489267
@BrianWFoster you're the greatest and I <3 you btw :D Happy holidays TwitchRPG,neither,0.07996692782361824,0.32775064465760634,0.5922824275187755
lol randy,neither,0.03086375243375458,0.3933351323513132,0.5758011152149323
@richard_moore that's awesome!,neither,0.03419525192306799,0.38790559219732307,0.5778991558796089
Thank you Rayorroy <3,neither,0.07325166854587051,0.43632638485078484,0.49042194660334476
Brian clearly needs more critmas practice,neither,0.040811095119170505,0.32326159346543304,0.6359273114153964
Dem horns baby,neither,0.03945320844208391,0.33037608806864915,0.630170703489267
"yeah I know why they don't do it any more (and for legit reasons), but I'm nostalgic about the readings in the first few Critmases is all",neither,0.02226693250871074,0.38821564104665646,0.5895174264446328
You earn 1 coin every minute while watching! Check your coins by typing !wallet and visit www.revlo.co/geekandsundry to see what you can do with them.,neither,0.07744423452440988,0.37269153353543766,0.5498642319401523
@Videoadicction no they didn't. prob last thing?,neither,0.02720624227928285,0.3772155962153526,0.5955781615053645
if the video is lagging lower the qualityn option,neither,0.03387341135906993,0.2843067683744876,0.6818198202664426
@Blaxby It was a Vaxleth fanfiction I sent her,offensive_language,0.027925358321859887,0.5901749667214434,0.38189967495669674
@Auron_Edge I'm terrible haha,neither,0.03477507212200793,0.4097762703832499,0.5554486574947421
Laura is going ham on this chocolate,neither,0.0420956939067739,0.36485018380449835,0.5930541222887278
!wallet,neither,0.03945320844208391,0.33037608806864915,0.630170703489267
Laura's face!! :D,neither,0.03945320844208391,0.33037608806864915,0.630170703489267
LOL Laura finding more chocolate,neither,0.03384201420137301,0.37254746442652587,0.5936105213721011
lmao They *** that chocolate up,neither,0.03166537206210365,0.4485714329361468,0.5197631950017494
gandsGandsPoo,neither,0.03945320844208391,0.33037608806864915,0.630170703489267
kapuchu1 has 4166 coins,neither,0.03989735448983053,0.32283777050957063,0.6372648750005988
Sam and his chocolate expertise,neither,0.06509760442865233,0.29171697771589694,0.6431854178554508
BLUE POOP,neither,0.03945320844208391,0.33037608806864915,0.630170703489267
@sorcpenz TYTY,neither,0.03945320844208391,0.33037608806864915,0.630170703489267
Hahahaha,neither,0.03945320844208391,0.33037608806864915,0.630170703489267
Pewp,neither,0.03945320844208391,0.33037608806864915,0.630170703489267
gandsGandsPoo,neither,0.03945320844208391,0.33037608806864915,0.630170703489267
gandsGandsPoo,neither,0.03945320844208391,0.33037608806864915,0.630170703489267
gandsGandsPoo gandsGandsPoo gandsGandsPoo gandsGandsPoo gandsGandsPoo gandsGandsPoo gandsGandsPoo gandsGandsPoo gandsGandsPoo,neither,0.03945320844208391,0.33037608806864915,0.630170703489267
gandsGandsPoo,neither,0.03945320844208391,0.33037608806864915,0.630170703489267
gandsGandsPoo gandsGandsPoo gandsGandsPoo,neither,0.03945320844208391,0.33037608806864915,0.630170703489267
@Matt_Abernathy laura loves her loot,offensive_language,0.027544220950894743,0.6426626777983728,0.3297931012507324
meep meep,neither,0.03945320844208391,0.33037608806864915,0.630170703489267
gandsGandsPoo gandsGandsPoo gandsGandsPoo gandsGandsPoo gandsGandsPoo gandsGandsPoo gandsGandsPoo gandsGandsPoo gandsGandsPoo,neither,0.03945320844208391,0.33037608806864915,0.630170703489267
gandsGandsPoo gandsGandsPoo gandsGandsPoo,neither,0.03945320844208391,0.33037608806864915,0.630170703489267
!wallet,neither,0.03945320844208391,0.33037608806864915,0.630170703489267
gaamactv has 2946 coins,neither,0.03989735448983053,0.32283777050957063,0.6372648750005988
It's the bed poo.,neither,0.03718277918034248,0.3147520143029679,0.6480652065166896
gandsGandsPoo gandsGandsPoo gandsGandsPoo,neither,0.03945320844208391,0.33037608806864915,0.630170703489267
gandsGandsPoo,neither,0.03945320844208391,0.33037608806864915,0.630170703489267
I mean if Tal says take a shot. you take a shot,neither,0.03611656479522765,0.38587440325250827,0.5780090319522642
It's so cute,neither,0.040275126211000836,0.35386703367945943,0.6058578401095399
gandsGandsPoo,neither,0.03945320844208391,0.33037608806864915,0.630170703489267
We have a subscriber-only Discord server! Join here: https://t.co/Of0oLClO2v (you'll need to sub and link it to your Twitch) and be a part of the fun!,neither,0.09547053438395335,0.28230926502643855,0.6222202005896081
gandsGandsPoo gandsGandsPoo gandsGandsPoo,neither,0.03945320844208391,0.33037608806864915,0.630170703489267
gandsGandsPoo gandsGandsPoo gandsGandsPoo,neither,0.03945320844208391,0.33037608806864915,0.630170703489267
laura and the second row,neither,0.037983359208250606,0.27824514704022796,0.6837714937515216
gandsGandsPoo gandsGandsPoo gandsGandsPoo gandsGandsPoo gandsGandsPoo,neither,0.03945320844208391,0.33037608806864915,0.630170703489267
"Way to make it weird, Sam",neither,0.04417290728277794,0.32806824323255634,0.6277588494846658
gandsGandsPoo gandsGandsPoo gandsGandsPoo gandsGandsPoo,neither,0.03945320844208391,0.33037608806864915,0.630170703489267
gandsGandsPoo,neither,0.03945320844208391,0.33037608806864915,0.630170703489267
So I have been watching this stream for 4166 minutes. Wow,neither,0.034629157026284656,0.3489398609062407,0.6164309820674746
gandsGandsPoo gandsGandsPoo gandsGandsPoo gandsGandsPoo gandsGandsPoo gandsGandsPoo gandsGandsPoo,neither,0.03945320844208391,0.33037608806864915,0.630170703489267
Hey everyone. Producer Eddie here. With my wife's family in Buffalo and watching the stream. Super weird not being on set as this is being streamed out.,neither,0.03482936448923418,0.42537661952000116,0.5397940159907646
gandsGandsPoo gandsGandsPoo gandsGandsPoo gandsGandsPoo,neither,0.03945320844208391,0.33037608806864915,0.630170703489267
gandsGandsPoo,neither,0.03945320844208391,0.33037608806864915,0.630170703489267
gandsGandsPoo gandsGandsPoo gandsGandsPoo gandsGandsPoo gandsGandsPoo,neither,0.03945320844208391,0.33037608806864915,0.630170703489267
Really solid poop,neither,0.03945320844208391,0.33037608806864915,0.630170703489267
gandsGandsPoo gandsGandsPoo gandsGandsPoo gandsGandsPoo,neither,0.03945320844208391,0.33037608806864915,0.630170703489267
gandsGandsPoo gandsGandsPoo gandsGandsPoo gandsGandsPoo gandsGandsPoo gandsGandsPoo gandsGandsPoo,neither,0.03945320844208391,0.33037608806864915,0.630170703489267
So happy that Marisha got my fanfic. And that she loved my previous one.,offensive_language,0.02053781527141603,0.600832355401926,0.378629829326658
#BlueSparklyPoos,neither,0.03945320844208391,0.33037608806864915,0.630170703489267
gandsGandsPoo gandsGandsPoo gandsGandsPoo gandsGandsPoo gandsGandsPoo gandsGandsPoo gandsGandsPoo,neither,0.03945320844208391,0.33037608806864915,0.630170703489267
poo,neither,0.03945320844208391,0.33037608806864915,0.630170703489267
gandsGandsPoo,neither,0.03945320844208391,0.33037608806864915,0.630170703489267
Adorbs poop,neither,0.03945320844208391,0.33037608806864915,0.630170703489267
cute poop,neither,0.04163823098741046,0.2932905530200202,0.6650712159925692
