text,top_class,hate_speech,offensive_language,neither
TM logo!,neither,0.03945320844208391,0.33037608806864915,0.630170703489267
REFRESH,neither,0.03945320844208391,0.33037608806864915,0.630170703489267
gandsSubHype gandsSubHype gandsSubHype gandsSubHype gandsSubHype gandsSubHype,neither,0.03945320844208391,0.33037608806864915,0.630170703489267
EEYYY,neither,0.03945320844208391,0.33037608806864915,0.630170703489267
Denise casts fist at glens face!,neither,0.03860539505954274,0.35617162120418633,0.6052229837362709
23 minutes now,neither,0.03945320844208391,0.33037608806864915,0.630170703489267
YES,neither,0.03945320844208391,0.33037608806864915,0.630170703489267
gandsSubHype gandsSubHype gandsSubHype gandsSubHype gandsSubHype gandsSubHype gandsSubHype gandsSubHype,neither,0.03945320844208391,0.33037608806864915,0.630170703489267
"just kidding, we love you Denise",neither,0.04724690962951646,0.42558128333942297,0.5271718070310605
why hello there,neither,0.02710778599031923,0.29871715508865965,0.6741750589210211
Yay its Brian,neither,0.033945252599587326,0.33227052665351753,0.6337842207468951
we be live :D,neither,0.046879236708407344,0.33745755202127586,0.6156632112703169
danAmazing,neither,0.03945320844208391,0.33037608806864915,0.630170703489267
SCREEN <3,neither,0.03945320844208391,0.33037608806864915,0.630170703489267
ITS LIVE,neither,0.03646146549147045,0.3314050856575407,0.6321334488509888
yay,neither,0.03945320844208391,0.33037608806864915,0.630170703489267
@phugg it's not in his contract,neither,0.0633678632304501,0.33830827864755736,0.5983238581219926
Kreygasm,neither,0.03945320844208391,0.33037608806864915,0.630170703489267
I SAW A THING,neither,0.03945320844208391,0.33037608806864915,0.630170703489267
gandsSubHype gandsSubHype gandsSubHype gandsSubHype gandsSubHype gandsSubHype,neither,0.03945320844208391,0.33037608806864915,0.630170703489267
Gosh,neither,0.03945320844208391,0.33037608806864915,0.630170703489267
a sign!,neither,0.03945320844208391,0.33037608806864915,0.630170703489267
oh snap,neither,0.04610041286253887,0.2676795543969371,0.6862200327405242
YES,neither,0.03945320844208391,0.33037608806864915,0.630170703489267
yay!,neither,0.03945320844208391,0.33037608806864915,0.630170703489267
We have signal,neither,0.03874422386797017,0.34240940659365454,0.6188463695383754
gandsCrit gandsCrit gandsCrit gandsCrit gandsCrit gandsCrit gandsCrit gandsCrit,neither,0.03945320844208391,0.33037608806864915,0.630170703489267
I sees things@,neither,0.03945320844208391,0.33037608806864915,0.630170703489267
@themonkeyprincess...sounds like where I live. Middle of nowhere.,neither,0.053312285720195,0.31656952100235264,0.6301181932774523
Praise Glen!,neither,0.03945320844208391,0.33037608806864915,0.630170703489267
I think,neither,0.04078787600207219,0.3077232963708793,0.6514888276270485
gandsSubHype,neither,0.03945320844208391,0.33037608806864915,0.630170703489267
yay ts a stream!,neither,0.03945320844208391,0.33037608806864915,0.630170703489267
Is it working?,neither,0.04933788004381823,0.32697629623724067,0.6236858237189412
"Elbuort - the episodes available are on the web, remember, there will be NO MORE episodes uploaded to the web #ThanksLDNAlpha :(",neither,0.049364623997745424,0.2793496880484095,0.671285687953845
HYPE,neither,0.03945320844208391,0.33037608806864915,0.630170703489267
live!,neither,0.04891340716200846,0.3271222919257548,0.6239643009122369
IT LIIIIIVES,neither,0.034373745257138544,0.33212314837979673,0.6335031063630647
WOOOO,neither,0.03945320844208391,0.33037608806864915,0.630170703489267
here we go,neither,0.13156755280784707,0.2765461283225309,0.5918863188696221
finallty,neither,0.03945320844208391,0.33037608806864915,0.630170703489267
gandsLessthanthree gandsLessthanthree gandsLessthanthree,neither,0.03945320844208391,0.33037608806864915,0.630170703489267
I SEE A THING! REJOICE!,neither,0.03945320844208391,0.33037608806864915,0.630170703489267
gandsNatTwenty gandsNatTwenty gandsNatTwenty,neither,0.03945320844208391,0.33037608806864915,0.630170703489267
Whats the best way to access the VODs?? I want my money to go to crilRoll and not so much all the other stuff,neither,0.03919394630632584,0.37507767089154537,0.5857283828021287
:O :O :O,neither,0.03945320844208391,0.33037608806864915,0.630170703489267
hurray for flicker,neither,0.023896577328981292,0.2538532852897668,0.7222501373812519
#astreamisearned,neither,0.03945320844208391,0.33037608806864915,0.630170703489267
refresh now,neither,0.03945320844208391,0.33037608806864915,0.630170703489267
i have a title card!,neither,0.03893209999708223,0.33922065836499726,0.6218472416379205
gandsNatTwenty gandsNatTwenty gandsNatTwenty gandsNatTwenty gandsLessthanthree gandsLessthanthree gandsLessthanthree gandsLessthanthree gandsLessthanthree gandsLessthanthree gandsPitCrew gandsPitCrew gandsPitCrew gandsPitCrew gandsPitCrew gandsPitCrew gandsPitCrew,neither,0.03945320844208391,0.33037608806864915,0.630170703489267
gandsSubHype,neither,0.03945320844208391,0.33037608806864915,0.630170703489267
Oh yay!,neither,0.045695983327835026,0.2713197213800484,0.6829842952921167
You don't know what happened. Would you like to examine it more closely?,neither,0.08358711801827982,0.3848162591660335,0.5315966228156866
Thank you @GeekandSundry crew!,neither,0.05897985934550316,0.39503371390534275,0.545986426749154
turn on main screen,neither,0.036701718133869625,0.3435816741480107,0.6197166077181195
Live you bastard live,neither,0.062042170976851906,0.3638093179396259,0.574148511083522
FeelsAmazingMan,neither,0.03945320844208391,0.33037608806864915,0.630170703489267
refresh your fuckkking stream,neither,0.06625418162306627,0.32293847416776733,0.6108073442091664
Kreygasm,neither,0.03945320844208391,0.33037608806864915,0.630170703489267
gandsNatTwenty,neither,0.03945320844208391,0.33037608806864915,0.630170703489267
getting closer gandsCrit gandsCrit gandsCrit gandsCrit gandsCrit gandsCrit gandsCrit,neither,0.034856720979484244,0.4083904761853388,0.5567528028351768
"Yeah, but the logo is not up on Alpha anymore",neither,0.02641179904730789,0.44075393239325233,0.5328342685594397
Flashbacks to watching a wall of paper,neither,0.0442932876976116,0.3275234219410131,0.6281832903613753
great,neither,0.03629809395026052,0.28705760395740076,0.6766443020923386
I had my food ready...:-(,neither,0.027755418091489275,0.4219665763894096,0.5502780055191011
Is there music?,neither,0.05125166930623616,0.2693449058785665,0.6794034248151973
<3,neither,0.03945320844208391,0.33037608806864915,0.630170703489267
gandsPitCrew gandsNatTwenty,neither,0.03945320844208391,0.33037608806864915,0.630170703489267
"LOGO, We have LOGO",neither,0.03901478031568208,0.3378173575799208,0.623167862104397
TILE CARD,neither,0.03945320844208391,0.33037608806864915,0.630170703489267
You guys are one step closer to 2017 me,neither,0.07552290053904492,0.38594678143115874,0.5385303180297963
Who,offensive_language,0.04159901189299763,0.525362713080101,0.4330382750269014
23 minutes,neither,0.03945320844208391,0.33037608806864915,0.630170703489267
YAAY,neither,0.03945320844208391,0.33037608806864915,0.630170703489267
ITS ALIIIIIIVE,neither,0.02700859978372578,0.3346563596412867,0.6383350405749875
gandsSubHype gandsSubHype,neither,0.03945320844208391,0.33037608806864915,0.630170703489267
gandsSubHype gandsSubHype gandsSubHype gandsSubHype,neither,0.03945320844208391,0.33037608806864915,0.630170703489267
logo :D,neither,0.03945320844208391,0.33037608806864915,0.630170703489267
HEY gandsSubHype gandsSubHype gandsSubHype,neither,0.03945320844208391,0.33037608806864915,0.630170703489267
#weknow,neither,0.03945320844208391,0.33037608806864915,0.630170703489267
yes!,neither,0.03945320844208391,0.33037608806864915,0.630170703489267
What no music?,neither,0.04609200492095579,0.3444711756279696,0.6094368194510748
gandsCrit gandsSCANLAN,neither,0.03945320844208391,0.33037608806864915,0.630170703489267
god has shown us a sign,neither,0.07022574689750186,0.31965791530542603,0.6101163377970721
Can we blame GLenn?,neither,0.039558913367804115,0.3285819996113039,0.631859087020892
Pike casts resurrection on Talks Machina.,neither,0.03686380992653511,0.34278455964361165,0.6203516304298532
:P,neither,0.03945320844208391,0.33037608806864915,0.630170703489267
i want that as a wallpaper,neither,0.030970914128531462,0.4400684683479102,0.5289606175235584
save vs flicker. roll d20,neither,0.03945320844208391,0.33037608806864915,0.630170703489267
I see leather-y texture,neither,0.03945320844208391,0.33037608806864915,0.630170703489267
Yayyy,neither,0.03945320844208391,0.33037608806864915,0.630170703489267
"see? we're like addicts. give us literally a glimpse and we are rehooked,",neither,0.14385158372445297,0.24524798317088564,0.6109004331046615
hurry duds,neither,0.03945320844208391,0.33037608806864915,0.630170703489267
YAY,neither,0.03945320844208391,0.33037608806864915,0.630170703489267
dat logooooooooooooo gandsSubHype,neither,0.03945320844208391,0.33037608806864915,0.630170703489267
Whoo!!,neither,0.03945320844208391,0.33037608806864915,0.630170703489267
refresh people,neither,0.07386967574172044,0.3266571378432493,0.5994731864150303
well that sux,neither,0.03254890833684513,0.40639419777241204,0.5610568938907428
thanks pit crew <3,neither,0.037528256182875766,0.31425678567909415,0.64821495813803
"-The weeping goblin begins to cacle and screech, goading you into attacking.-",neither,0.0562886416054592,0.31377485512409076,0.6299365032704499
refresh if you don't have logo :P,neither,0.034280390098821584,0.42045668890522264,0.5452629209959559
I am excite.,neither,0.039246452605914695,0.33044720088162116,0.6303063465124641
@BrianWFoster so......close.....,neither,0.039408851386368314,0.3986148855256441,0.5619762630879874
Talks backround is up,neither,0.046399731584591215,0.39548852250546196,0.5581117459099468
BloodTrail CoolCat,neither,0.03945320844208391,0.33037608806864915,0.630170703489267
I would like to offer my dice as part of the Talks Machina resurrection ritual,neither,0.03944424488494124,0.38484731146221535,0.5757084436528433
Finally,neither,0.03945320844208391,0.33037608806864915,0.630170703489267
i still see offline screen,neither,0.038434557768402634,0.347665248467436,0.6139001937641613
we love you pitcrew!,neither,0.0667431826429772,0.4602730207261189,0.47298379663090395
GOD DAMMIT YOU WILL DIE WHEN YOU HAVE MY PERMISSION< NOW LIVE,neither,0.13762521235584255,0.3270961506948483,0.5352786369493091
yay,neither,0.03945320844208391,0.33037608806864915,0.630170703489267
is there any sound for you guys? they probably already know about it,neither,0.04661634204087608,0.35061375354399504,0.6027699044151289
Good job Denise!,neither,0.03847136223752934,0.3307137900015447,0.6308148477609259
Aaaannd..... Blue Screen of Death,neither,0.03945320844208391,0.33037608806864915,0.630170703489267
tittle card,neither,0.03945320844208391,0.33037608806864915,0.630170703489267
Love that title card.,neither,0.0334312387320829,0.3808936859164265,0.5856750753514905
EVERYONE REFRESH,neither,0.03354967907916047,0.4305743883413756,0.535875932579464
I think it's Denise and Glenn's baby :P,neither,0.03789155218952149,0.28663027218843623,0.6754781756220422
yayah,neither,0.03945320844208391,0.33037608806864915,0.630170703489267
"Oh beautiful title card, it feels last year when I saw you last.",neither,0.043548994911326674,0.3550149577954518,0.6014360472932215
Thank You Pit Crew...and Denise !!!!,neither,0.0522762688226475,0.3370286154766724,0.61069511570068
Pit Crew. gandsPitCrew,neither,0.03945320844208391,0.33037608806864915,0.630170703489267
Yess!!,neither,0.03945320844208391,0.33037608806864915,0.630170703489267
You go pit crew!!! <3,neither,0.05759666453607157,0.3821507389662417,0.5602525964976868
"Dammit Glenn, stop installing malware on the streaming rig!",neither,0.037373275427634085,0.3678467984729926,0.5947799260993734
@BrianWFoster two more steps and we'll kiss you #watchout,neither,0.05313790373469257,0.31673204694116,0.6301300493241475
Bidet from Brazil!,neither,0.04079557052152802,0.30759270029461827,0.6516117291838538
gandsTeamNoStream,neither,0.03945320844208391,0.33037608806864915,0.630170703489267
IM HARD A S A ROCK,offensive_language,0.03024215376457362,0.5780072624856611,0.3917505837497653
score!,neither,0.03945320844208391,0.33037608806864915,0.630170703489267
The withdrawal is almost over!,neither,0.044342920364107544,0.3089574786426919,0.6466996009932006
I offer my half full glass of wine,neither,0.04235157175998024,0.38378744060182046,0.5738609876381993
REFRESH,neither,0.03945320844208391,0.33037608806864915,0.630170703489267
ITS ALL ON GLENN! ITS ALL ON GLENN! etc,neither,0.03283129032004482,0.41379036668896624,0.5533783429909889
pit crewwww!,neither,0.03945320844208391,0.33037608806864915,0.630170703489267
gandsSCANLAN gandsGandsVaxSigil gandsDrink gandsMatt gandsSubHype,neither,0.03945320844208391,0.33037608806864915,0.630170703489267
It's real,offensive_language,0.025184158111108284,0.563344645641257,0.41147119624763473
the titles taste like titlesberries,neither,0.049165819454866776,0.3287152168929632,0.62211896365217
Hello? Where are my parents. I'm lost,neither,0.04914219147296855,0.3381857627762624,0.6126720457507692
it will be on any second. I know because suddenly I need to pee,neither,0.041836564055818266,0.3230025282326594,0.6351609077115223
the TALKS MACHINA preview slide should be op for you all now,neither,0.05426163448204641,0.3994551986603135,0.5462831668576402
Yaaaaaaaaaay!!!!!!!!,neither,0.03945320844208391,0.33037608806864915,0.630170703489267
happy new talks!,neither,0.043377983273611795,0.23212053928741455,0.7245014774389735
If you still have offline screen just click play,neither,0.03070330420224359,0.4438162361819304,0.5254804596158261
no feed yet on my phone,neither,0.026825470081900397,0.4306305956560243,0.5425439342620753
gandsPitCrew gandsPitCrew gandsPitCrew gandsPitCrew gandsLessthanthree gandsLessthanthree gandsLessthanthree gandsLessthanthree,neither,0.03945320844208391,0.33037608806864915,0.630170703489267
says live :D,neither,0.04588898365802098,0.3281625298555381,0.625948486486441
@Pit_Crew We love you <3 and all of your fantastic work,neither,0.08512368071231469,0.40346843721881337,0.511407882068872
I blame Thordak's Dumb Ghost. He's haunting the studio and jacking with the equipment. SOre loser.,neither,0.035209401833616184,0.313433272292832,0.6513573258735519
Oh god I thought I'd missed it! I assume it's not started yet?,neither,0.041868810370865164,0.24047924387039363,0.7176519457587411
wahoo!!!,neither,0.03945320844208391,0.33037608806864915,0.630170703489267
Logo!,neither,0.03945320844208391,0.33037608806864915,0.630170703489267
they only have 1st three on G&S site,neither,0.03690332995817126,0.34752571631020207,0.6155709537316266
Yay title screen!,neither,0.03945320844208391,0.33037608806864915,0.630170703489267
EVERYONE REFRESH,neither,0.03354967907916047,0.4305743883413756,0.535875932579464
It's on the prestream screen!!!,neither,0.03327700732857654,0.3275718230175931,0.6391511696538305
"Finally caught up on Critical Role, first live ep will be on thursday <3",neither,0.03478071500655918,0.36060569864006226,0.6046135863533786
We're getting places Critters,neither,0.052327794879647234,0.3737685710584854,0.5739036340618674
Refresh!,neither,0.03945320844208391,0.33037608806864915,0.630170703489267
@GeekandSundry Guys! Have you tried cutting the power to the entire studio and turning it back on?,neither,0.04678292244544935,0.3236512173036685,0.629565860250882
you have to refresh often otherwise you will mis the show when it stats,neither,0.06313759012105592,0.34449951812758356,0.5923628917513605
Progress,neither,0.03945320844208391,0.33037608806864915,0.630170703489267
gandsNatTwenty gandsCrit gandsNatTwenty gandsCrit gandsNatTwenty gandsCrit,neither,0.03945320844208391,0.33037608806864915,0.630170703489267
Yassss!,neither,0.03945320844208391,0.33037608806864915,0.630170703489267
Ooooo.... a thingy!!!!,neither,0.03945320844208391,0.33037608806864915,0.630170703489267
Behold! The Logo.,neither,0.03833268284400528,0.3097437752947421,0.6519235418612527
REFRESH Y'ALL,neither,0.041581534396601456,0.41502748495485636,0.5433909806485423
"quick guys, make offerings for the Talks Machina resurrection ritual!",neither,0.035254311586905646,0.3041483117241437,0.6605973766889506
Refresh if you can't see the stream.,neither,0.03433587837227438,0.3907562369727983,0.5749078846549271
@Pit_Crew You guys are the best.,neither,0.10619522173597686,0.29211216280405017,0.6016926154599729
huzzah!!!,neither,0.03945320844208391,0.33037608806864915,0.630170703489267
Anyone following the Canadiens game?,neither,0.03805338618215798,0.2750567740696052,0.6868898397482367
we're all like a bunch of dope fiends right now itching for our fix,neither,0.053961683302327194,0.43197701684389195,0.514061299853781
geekandsundry is online. RevloBot is now tracking loyalty.,neither,0.05157974116510514,0.3262052173957376,0.6222150414391574
Shhhh... show time,neither,0.053259737905496214,0.27511851043819985,0.671621751656304
Always look on the bright side Brian ;),neither,0.032886346890681324,0.39573336259500624,0.5713802905143124
I can almost smell the leather,neither,0.03891348788090222,0.3123890221822291,0.6486974899368686
BEHOLD,neither,0.03945320844208391,0.33037608806864915,0.630170703489267
Frankie says REFRESH,neither,0.03945320844208391,0.33037608806864915,0.630170703489267
hit refresh y'all,neither,0.04130503096820004,0.4045847578583514,0.5541102111734485
gandsNatTwenty gandsNatTwenty gandsLessthanthree,neither,0.03945320844208391,0.33037608806864915,0.630170703489267
pheww,neither,0.03945320844208391,0.33037608806864915,0.630170703489267
Booooooi,neither,0.03945320844208391,0.33037608806864915,0.630170703489267
Your welcome everyone,neither,0.0659361242970167,0.4339155747462872,0.5001483009566962
finally,neither,0.03945320844208391,0.33037608806864915,0.630170703489267
yes it live,neither,0.0434499397434213,0.3290014289015973,0.6275486313549815
oh maaaan!,neither,0.051363287716059566,0.22255663153133606,0.7260800807526044
Great job crew,neither,0.03758140747031421,0.30545967314857814,0.6569589193811076
gandsSubHype gandsSubHype gandsSubHype,neither,0.03945320844208391,0.33037608806864915,0.630170703489267
gandsLessthanthree gandsLessthanthree gandsLessthanthree,neither,0.03945320844208391,0.33037608806864915,0.630170703489267
gandsPitCrew gandsSCANLAN,neither,0.03945320844208391,0.33037608806864915,0.630170703489267
hope everyone had great holidays,neither,0.05859454017944364,0.304287007541035,0.6371184522795215
It's Raishan wrecking havoc. disguised as Denise of course...,neither,0.03708156091687595,0.3546077244772418,0.6083107146058824
Thanks.,neither,0.035884468650613,0.3004919205142699,0.6636236108351171
OOO,neither,0.03945320844208391,0.33037608806864915,0.630170703489267
Lol every time...,neither,0.027614053905704213,0.43535512367099755,0.5370308224232982
AHHH,neither,0.03945320844208391,0.33037608806864915,0.630170703489267
YAAAAAAAAYY,neither,0.03945320844208391,0.33037608806864915,0.630170703489267
it lives,neither,0.03736581495009675,0.3310940384092298,0.6315401466406735
aaaaaaaaand spice,neither,0.03945320844208391,0.33037608806864915,0.630170703489267
"Searenrea smiles on us today,",neither,0.07227284678656219,0.314709065686888,0.6130180875265498
gandsLessthanthree gandsLessthanthree gandsLessthanthree gandsLessthanthree,neither,0.03945320844208391,0.33037608806864915,0.630170703489267
woo!,neither,0.03945320844208391,0.33037608806864915,0.630170703489267
YAY,neither,0.03945320844208391,0.33037608806864915,0.630170703489267
HYPE,neither,0.03945320844208391,0.33037608806864915,0.630170703489267
AHH!!,neither,0.03945320844208391,0.33037608806864915,0.630170703489267
yYEYEYEYYEYSS,neither,0.03945320844208391,0.33037608806864915,0.630170703489267
Lols,neither,0.03945320844208391,0.33037608806864915,0.630170703489267
Woooh!,neither,0.03945320844208391,0.33037608806864915,0.630170703489267
yay,neither,0.03945320844208391,0.33037608806864915,0.630170703489267
YAAAAAAAAAAAAAY,neither,0.03945320844208391,0.33037608806864915,0.630170703489267
yay,neither,0.03945320844208391,0.33037608806864915,0.630170703489267
yeaaaaaas,neither,0.03945320844208391,0.33037608806864915,0.630170703489267
HERE WE GO!,neither,0.13156755280784707,0.2765461283225309,0.5918863188696221
yay live,neither,0.04470618016026851,0.3285693502165823,0.6267244696231492
yayyyyyy!!!,neither,0.03945320844208391,0.33037608806864915,0.630170703489267
YAY!,neither,0.03945320844208391,0.33037608806864915,0.630170703489267
yay pitcru,neither,0.03945320844208391,0.33037608806864915,0.630170703489267
HYPE!,neither,0.03945320844208391,0.33037608806864915,0.630170703489267
gandsSubHype gandsSubHype gandsSubHype gandsSubHype gandsSubHype gandsSubHype gandsSubHype gandsSubHype gandsSubHype gandsSubHype gandsSubHype gandsSubHype,neither,0.03945320844208391,0.33037608806864915,0.630170703489267
Yessss!,neither,0.03945320844208391,0.33037608806864915,0.630170703489267
YAAAy,neither,0.03945320844208391,0.33037608806864915,0.630170703489267
It's like the credits only last for 10 minutes but actually 25 minutes,neither,0.0382601589557871,0.3192797364613387,0.6424601045828742
Yes,neither,0.03945320844208391,0.33037608806864915,0.630170703489267
Yay!,neither,0.03945320844208391,0.33037608806864915,0.630170703489267
We live Boys <3,neither,0.04486730644165192,0.3316008230119545,0.6235318705463936
WOOOOHOOOO!,neither,0.03945320844208391,0.33037608806864915,0.630170703489267
"WE""RE ON THE INTERNET",neither,0.05512242211054436,0.29811850698224873,0.646759070907207
hi,neither,0.03945320844208391,0.33037608806864915,0.630170703489267
gandsLessthanthree gandsLessthanthree,neither,0.03945320844208391,0.33037608806864915,0.630170703489267
yay!!,neither,0.03945320844208391,0.33037608806864915,0.630170703489267
lols,neither,0.03945320844208391,0.33037608806864915,0.630170703489267
HIT IT DENISE !!!,neither,0.03681196396511082,0.33128453316013706,0.631903502874752
OH HELL YEAH,offensive_language,0.028276047408607233,0.8202133433553158,0.15151060923607693
Hooray !,neither,0.03945320844208391,0.33037608806864915,0.630170703489267
Yay!,neither,0.03945320844208391,0.33037608806864915,0.630170703489267
oh S**t!!!!,neither,0.051363287716059566,0.22255663153133606,0.7260800807526044
gandsPitCrew gandsPitCrew gandsPitCrew,neither,0.03945320844208391,0.33037608806864915,0.630170703489267
YAAAAAY,neither,0.03945320844208391,0.33037608806864915,0.630170703489267
WOOO!!!!!,neither,0.03945320844208391,0.33037608806864915,0.630170703489267
gandsLessthanthree gandsLessthanthree gandsLessthanthree gandsLessthanthree gandsLessthanthree,neither,0.03945320844208391,0.33037608806864915,0.630170703489267
YAAAAAAAAAAY!,neither,0.03945320844208391,0.33037608806864915,0.630170703489267
YAY! Itès ON!!,neither,0.03582950867507171,0.34791347289591373,0.6162570184290146
HYPE,neither,0.03945320844208391,0.33037608806864915,0.630170703489267
yay,neither,0.03945320844208391,0.33037608806864915,0.630170703489267
gandsSubHype,neither,0.03945320844208391,0.33037608806864915,0.630170703489267
Yayayayayay,neither,0.03945320844208391,0.33037608806864915,0.630170703489267
gandsLessthanthree gandsSubHype gandsLessthanthree gandsSubHype,neither,0.03945320844208391,0.33037608806864915,0.630170703489267
yay,neither,0.03945320844208391,0.33037608806864915,0.630170703489267
HOORAY,neither,0.03945320844208391,0.33037608806864915,0.630170703489267
YAAAAAAY!!!!,neither,0.03945320844208391,0.33037608806864915,0.630170703489267
yaaaaay,neither,0.03945320844208391,0.33037608806864915,0.630170703489267
YAY!,neither,0.03945320844208391,0.33037608806864915,0.630170703489267
YAAAAAAAAAAAS,neither,0.03945320844208391,0.33037608806864915,0.630170703489267
i think I heard Denise,neither,0.040231491704135175,0.3171665899541802,0.6426019183416847
Huzzah!,neither,0.03945320844208391,0.33037608806864915,0.630170703489267
sbzyChicken sbzyManleee gandsNatTwenty gandsNatTwenty gandsNatTwenty,neither,0.03945320844208391,0.33037608806864915,0.630170703489267
yeee,neither,0.03945320844208391,0.33037608806864915,0.630170703489267
Thanks Denise!,neither,0.035884468650613,0.3004919205142699,0.6636236108351171
gandsSubHype gandsSubHype gandsSubHype gandsSubHype,neither,0.03945320844208391,0.33037608806864915,0.630170703489267
gandsNatTwenty gandsNatTwenty gandsNatTwenty,neither,0.03945320844208391,0.33037608806864915,0.630170703489267
gandsTrinket gandsTrinket gandsTrinket gandsTrinket gandsTrinket gandsTrinket gandsTrinket gandsTrinket gandsTrinket gandsTrinket,neither,0.03945320844208391,0.33037608806864915,0.630170703489267
YAAAAAAAAAAAAAAAAAAAY!!!!!!!!!!!!,neither,0.03945320844208391,0.33037608806864915,0.630170703489267
yeahhhhh,neither,0.03945320844208391,0.33037608806864915,0.630170703489267
gandsSubHype gandsSubHype gandsSubHype gandsSubHype gandsSubHype gandsSubHype gandsSubHype,neither,0.03945320844208391,0.33037608806864915,0.630170703489267
gandsSubHype gandsSubHype gandsSubHype gandsSubHype gandsSubHype gandsSubHype gandsSubHype gandsSubHype gandsSubHype gandsSubHype,neither,0.03945320844208391,0.33037608806864915,0.630170703489267
Weii!!!,neither,0.03945320844208391,0.33037608806864915,0.630170703489267
talks machina in 2017 LUL,neither,0.03945320844208391,0.33037608806864915,0.630170703489267
***,neither,0.03945320844208391,0.33037608806864915,0.630170703489267
HI BRIAN !!!!,neither,0.03945320844208391,0.33037608806864915,0.630170703489267
"sarahb97 -> Time to redecorate, in brain matter grey. [stop spamming emotes] [warning]",neither,0.042935476716928336,0.39003928394389936,0.5670252393391724
hoora,neither,0.03945320844208391,0.33037608806864915,0.630170703489267
I literally just got here on time thank God!,neither,0.06295743431480666,0.3857942157903042,0.5512483498948891
Liiiiiiiiiiiiiiiiiiiiiiiiiiiiiiiit,neither,0.03945320844208391,0.33037608806864915,0.630170703489267
gandsSubHype gandsSubHype gandsSubHype gandsSubHype gandsSubHype gandsSubHype gandsSubHype,neither,0.03945320844208391,0.33037608806864915,0.630170703489267
Holy fuck! He is almost sober!,offensive_language,0.1863967541003385,0.8070843682920169,0.00651887760764459
Wooo! Happy New Year!,neither,0.04382906920233135,0.220189007910159,0.7359819228875096
gandsSubHype gandsSubHype gandsSubHype gandsSubHype,neither,0.03945320844208391,0.33037608806864915,0.630170703489267
Grrr thordak,neither,0.03945320844208391,0.33037608806864915,0.630170703489267
WOO,neither,0.03945320844208391,0.33037608806864915,0.630170703489267
the internet u say?,neither,0.038324301717557255,0.3095841096105646,0.6520915886718781
Yes!!! gandsSCANLAN gandsLessthanthree gandsSCANLAN gandsLessthanthree,neither,0.03945320844208391,0.33037608806864915,0.630170703489267
gandsSubHype gandsSubHype,neither,0.03945320844208391,0.33037608806864915,0.630170703489267
Finally!!!! I can see it! :D,neither,0.03807439234633842,0.3253340628143914,0.6365915448392702
"Welp, that's all the time we have for the show, bye folks!",neither,0.04021976073058056,0.32898045682566746,0.6307997824437519
Lol,neither,0.020706217963973744,0.4882283491876925,0.4910654328483337
gandsSubHype gandsSubHype gandsSubHype gandsSubHype gandsSubHype gandsSubHype gandsSubHype gandsSubHype gandsSubHype gandsSubHype gandsSubHype,neither,0.03945320844208391,0.33037608806864915,0.630170703489267
HIT IT DENISE!,neither,0.03681196396511082,0.33128453316013706,0.631903502874752
boys club bois,neither,0.03945320844208391,0.33037608806864915,0.630170703489267
rofl,neither,0.03945320844208391,0.33037608806864915,0.630170703489267
YES!,neither,0.03945320844208391,0.33037608806864915,0.630170703489267
Your not on the xbox360 tho,neither,0.06692366243818325,0.33300838620769635,0.6000679513541203
Oh geeze... Boys night,neither,0.03693508208929605,0.28797881326247204,0.6750861046482318
"-The goblin absorbs your hatred and helas itself, revealing itself to be a nilbog! You are doomed!-",neither,0.08785413131644378,0.2910459570532839,0.6210999116302723
YAY,neither,0.03945320844208391,0.33037608806864915,0.630170703489267
gandsSubHype gandsSubHype gandsSubHype gandsSubHype gandsSubHype,neither,0.03945320844208391,0.33037608806864915,0.630170703489267
Team Littyyyyyyyyyyyyyyyyyyy,neither,0.03945320844208391,0.33037608806864915,0.630170703489267
"they keep running around, they gonna unplug things",neither,0.03864504174219123,0.3676073761630573,0.5937475820947514
Yay Denise!,neither,0.03945320844208391,0.33037608806864915,0.630170703489267
Praise Serenrae!,neither,0.03945320844208391,0.33037608806864915,0.630170703489267
WEEEEEEEEEE,neither,0.03945320844208391,0.33037608806864915,0.630170703489267
it is LIVE now,neither,0.05633780764116626,0.324568700150615,0.6190934922082187
THE FROLICKING!,neither,0.03613032604487659,0.2619290779399786,0.7019405960151449
these intros are always great,neither,0.08449917667795129,0.39149440139330066,0.524006421928748
DENISE IS THE BEST,neither,0.05135998456280659,0.2889087219359037,0.6597312935012896
woohoo~,neither,0.03945320844208391,0.33037608806864915,0.630170703489267
ALL IS FORGIVEN,neither,0.051058637430741606,0.40721895078692816,0.5417224117823304
gandsSubHype gandsSubHype gandsSubHype gandsSubHype gandsSubHype gandsSubHype gandsSubHype gandsSubHype,neither,0.03945320844208391,0.33037608806864915,0.630170703489267
Woo!,neither,0.03945320844208391,0.33037608806864915,0.630170703489267
it was a longtwo weeks guys!!!,neither,0.03762311742911108,0.3353810177382994,0.6269958648325896
woot woot,neither,0.03945320844208391,0.33037608806864915,0.630170703489267
gandsSubHype gandsSubHype gandsSubHype gandsSubHype gandsMatt gandsDrink,neither,0.03945320844208391,0.33037608806864915,0.630170703489267
lol the *** guys i love them so much,neither,0.03566669366356587,0.42160155056090565,0.5427317557755286
DENISE,neither,0.03945320844208391,0.33037608806864915,0.630170703489267
PRAISE DENISE,neither,0.03945320844208391,0.33037608806864915,0.630170703489267
Worth it.,neither,0.037296453491641644,0.331117894995404,0.6315856515129544
SQUEEEEE,neither,0.03945320844208391,0.33037608806864915,0.630170703489267
gandsSubHype gandsSubHype gandsSubHype gandsSubHype gandsSubHype,neither,0.03945320844208391,0.33037608806864915,0.630170703489267
Finally!!!!!!! ALmost half an hour late :/,neither,0.03968541901086815,0.3264348686950875,0.6338797122940444
happy new year!,neither,0.04382906920233135,0.220189007910159,0.7359819228875096
jesus christ these introductions just...keep getting better.,neither,0.038523295952778966,0.45971579385591704,0.5017609101913041
HIT IT,neither,0.03681196396511082,0.33128453316013706,0.631903502874752
Yesaaaaa,neither,0.03945320844208391,0.33037608806864915,0.630170703489267
jesus christ i about jumped out of my chair when he said good evening. I was on another tab,neither,0.042816794367690196,0.38620714104733944,0.5709760645849704
gandsSCANLAN,neither,0.03945320844208391,0.33037608806864915,0.630170703489267
"ArcticHaven -> Shake it, baby! [stop spamming caps] [warning]",neither,0.038407729614308245,0.38373967832472133,0.5778525920609704
Finally,neither,0.03945320844208391,0.33037608806864915,0.630170703489267
yay,neither,0.03945320844208391,0.33037608806864915,0.630170703489267
"""HIT IT DENISE"" I love Denise",neither,0.03317295717898763,0.35149277497967374,0.6153342678413387
itz ya boi !!!,offensive_language,0.023573746490320503,0.623425588800007,0.3530006647096725
WOW Boyz in the House,neither,0.0386709254740753,0.31611193452670633,0.6452171399992184
Are you on the Internet?,neither,0.10269162056493474,0.31897700720039274,0.5783313722346725
finally it starts,neither,0.03794741981988148,0.3308939978246691,0.6311585823554494
Yassssss,neither,0.03945320844208391,0.33037608806864915,0.630170703489267
yay,neither,0.03945320844208391,0.33037608806864915,0.630170703489267
Woot woot,neither,0.03945320844208391,0.33037608806864915,0.630170703489267
good job pit crew thsnkyou,neither,0.038900425401576504,0.33056621550447907,0.6305333590939445
LOOOL,neither,0.03945320844208391,0.33037608806864915,0.630170703489267
I LOVE this intro!!,neither,0.03628345066429029,0.34642748610713625,0.6172890632285736
ANAMATIC!!!!,neither,0.03945320844208391,0.33037608806864915,0.630170703489267
👋🏻👋🏻👋🏻,neither,0.03945320844208391,0.33037608806864915,0.630170703489267
THAT INTRO IS SO GOOD,neither,0.042420604469854246,0.41217446978499855,0.5454049257451473
WOOO DENISE WE LUV YOU!!!,neither,0.06249822150620552,0.39820625757878714,0.5392955209150074
YEYA,neither,0.03945320844208391,0.33037608806864915,0.630170703489267
yay!,neither,0.03945320844208391,0.33037608806864915,0.630170703489267
yaaaay,neither,0.03945320844208391,0.33037608806864915,0.630170703489267
Praise Denise!,neither,0.03945320844208391,0.33037608806864915,0.630170703489267
Woooo,neither,0.03945320844208391,0.33037608806864915,0.630170703489267
no you're next to internet. you must pay the toll,neither,0.10030713702296866,0.3696017206422134,0.5300911423348179
yay :),neither,0.03945320844208391,0.33037608806864915,0.630170703489267
Kappa //,neither,0.03945320844208391,0.33037608806864915,0.630170703489267
I'm BACK!!,neither,0.03945320844208391,0.33037608806864915,0.630170703489267
"it's 4.26 AM here, I'm dead inside",neither,0.06430800322318792,0.16271038303271176,0.7729816137441003
spice it up!,neither,0.0348487007562445,0.3933829599865395,0.571768339257216
They better mention Felicia,neither,0.03945320844208391,0.33037608806864915,0.630170703489267
Canned cheer!,neither,0.03945320844208391,0.33037608806864915,0.630170703489267
@themonkeyprincess...did the switch to chrome fix the problem ?,neither,0.04259789156787688,0.3070625612885226,0.6503395471436004
he is so *** pleased with himself,neither,0.03989129151278689,0.39673229117719494,0.5633764173100181
All Hail the Denise,neither,0.04024638144553675,0.3912242415853916,0.5685293769690717
2107?,neither,0.03945320844208391,0.33037608806864915,0.630170703489267
2107,neither,0.03945320844208391,0.33037608806864915,0.630170703489267
2107!,neither,0.03945320844208391,0.33037608806864915,0.630170703489267
2107?,neither,0.03945320844208391,0.33037608806864915,0.630170703489267
2107,neither,0.03945320844208391,0.33037608806864915,0.630170703489267
danDerp,neither,0.03945320844208391,0.33037608806864915,0.630170703489267
gandsSubHype,neither,0.03945320844208391,0.33037608806864915,0.630170703489267
welcome to 2107 everyone,neither,0.03964049846295063,0.44029467584627385,0.5200648256907754
ummm...2107,neither,0.03945320844208391,0.33037608806864915,0.630170703489267
"2107,",neither,0.03945320844208391,0.33037608806864915,0.630170703489267
ask Travis how he feels about the cowboys loss to the eagles,neither,0.04416468959263693,0.32443367258131306,0.63140163782605
Sound is a bit off,neither,0.04820865736104574,0.32736468769903265,0.6244266549399217
IT IS LIVE!!!!!,neither,0.05968954295342926,0.3234158846808855,0.6168945723656852
2107 lol,neither,0.020706217963973744,0.4882283491876925,0.4910654328483337
eerie music,neither,0.03945320844208391,0.33037608806864915,0.630170703489267
hello,neither,0.03945320844208391,0.33037608806864915,0.630170703489267
Damn I'm late!!!!,offensive_language,0.044506754151827366,0.8854594448973141,0.07003380095085854
music loud,neither,0.03945320844208391,0.33037608806864915,0.630170703489267
music is a tad loud,neither,0.04644440961317835,0.3279714934001677,0.625584096986654
gandsLessthanthree gandsLessthanthree gandsLessthanthree,neither,0.03945320844208391,0.33037608806864915,0.630170703489267
"Thanks, Obama!",neither,0.03680731282504388,0.30821969881886535,0.6549729883560909
"holy crap, the refresh was a time machine",neither,0.038090583121167906,0.3336294023631462,0.6282800145156859
gj pit crew,neither,0.03945320844208391,0.33037608806864915,0.630170703489267
#WEKNOW,neither,0.03945320844208391,0.33037608806864915,0.630170703489267
Happy time travel day!,neither,0.038863700400565505,0.33481949139694667,0.6263168082024878
Hello... McFly,neither,0.03945320844208391,0.33037608806864915,0.630170703489267
#weknow,neither,0.03945320844208391,0.33037608806864915,0.630170703489267
guys... they know,neither,0.039285431028117754,0.3332237086478137,0.6274908603240686
music is loud,neither,0.04927170568390349,0.32699905663408046,0.623729237682016
lol,neither,0.020706217963973744,0.4882283491876925,0.4910654328483337
gandsSpoopy,neither,0.03945320844208391,0.33037608806864915,0.630170703489267
-ish,neither,0.03945320844208391,0.33037608806864915,0.630170703489267
Maybe instead of blaming this Glenn we could blame the real issue causers. #fuckalpha #fucklegendary,neither,0.03502837730467183,0.3875996718053602,0.5773719508899681
the boys are back in town,neither,0.06448406864595943,0.26952391757503225,0.6659920137790084
Talks Sausage Fest Kappa,neither,0.03945320844208391,0.33037608806864915,0.630170703489267
LOL,neither,0.020706217963973744,0.4882283491876925,0.4910654328483337
LMAO,neither,0.03705015143476208,0.3711622369619404,0.5917876116032975
stream from tHE FUTURE Pogchamp,neither,0.039573094167989306,0.29876602548927594,0.6616608803427348
#weknow,neither,0.03945320844208391,0.33037608806864915,0.630170703489267
When did this start?,neither,0.027811045646038854,0.3921104707509081,0.5800784836030531
YAAYYY,neither,0.03945320844208391,0.33037608806864915,0.630170703489267
no intro?,neither,0.03848957175417732,0.3467315175537778,0.6147789106920449
"wow, the set looks so bear",neither,0.03861722327411221,0.3530223387748356,0.6083604379510523
ty pit crew,neither,0.03945320844208391,0.33037608806864915,0.630170703489267
"I want a Kebab meat, chips and garlic sauce wrap. Anyone know a guy?",neither,0.0388870349979878,0.31047602787229006,0.6506369371297221
Thank you PIT CREW!!,neither,0.0540591739276713,0.3796837975911355,0.5662570284811931
gandsPitCrew gandsPitCrew gandsPitCrew gandsPitCrew,neither,0.03945320844208391,0.33037608806864915,0.630170703489267
I wanna meet Laura's parents,neither,0.03945320844208391,0.33037608806864915,0.630170703489267
1 minute ago,neither,0.03945320844208391,0.33037608806864915,0.630170703489267
woooo pit crew,neither,0.03945320844208391,0.33037608806864915,0.630170703489267
Pit Crew. gandsPitCrew,neither,0.03945320844208391,0.33037608806864915,0.630170703489267
LOL,neither,0.020706217963973744,0.4882283491876925,0.4910654328483337
"@ginginatortronicus, less than two minutes ago",neither,0.0395923846473883,0.32801390464368146,0.6323937107089302
No Sam!? gandsScanlan,neither,0.03831935863823471,0.34962047835215815,0.6120601630096072
how long ago did it start?,neither,0.03796907145664259,0.3290842787171881,0.6329466498261692
rip,neither,0.03945320844208391,0.33037608806864915,0.630170703489267
canon,neither,0.03945320844208391,0.33037608806864915,0.630170703489267
omfg,neither,0.03945320844208391,0.33037608806864915,0.630170703489267
thats canon,neither,0.03945320844208391,0.33037608806864915,0.630170703489267
oh gods,neither,0.051363287716059566,0.22255663153133606,0.7260800807526044
Blort.,neither,0.03945320844208391,0.33037608806864915,0.630170703489267
"lol, are they hungover?",neither,0.054805137659576564,0.34018272536029875,0.6050121369801246
Look at all these awesome folks here,neither,0.09848537820917935,0.4487169527752657,0.452797669015555
I feel Marisha may have reservations on these plans,neither,0.0458791283141083,0.39659064119408416,0.5575302304918075
