text,top_class,hate_speech,offensive_language,neither
Beep beep & Bidet from mid michigan! <3,neither,0.04043750414436148,0.31367002119391385,0.6458924746617246
@flammy14 hey fellow St. Louislian!,neither,0.03945320844208391,0.33037608806864915,0.630170703489267
yaas,neither,0.03945320844208391,0.33037608806864915,0.630170703489267
Bidet from California!,neither,0.06971251856910227,0.2972619859879888,0.633025495442909
you will NEVER Forget Thursday,neither,0.05191396541404935,0.3918044081722431,0.5562816264137076
Video just came up,neither,0.03760246047517025,0.3063409148872904,0.6560566246375393
YAYAY!!!!!,neither,0.03945320844208391,0.33037608806864915,0.630170703489267
:o,neither,0.03945320844208391,0.33037608806864915,0.630170703489267
WOO ART!,neither,0.03945320844208391,0.33037608806864915,0.630170703489267
yeeeeaahh,neither,0.03945320844208391,0.33037608806864915,0.630170703489267
REFRESH,neither,0.03945320844208391,0.33037608806864915,0.630170703489267
Bidet from NC ya'll!,offensive_language,0.027089523362704076,0.5500372652418303,0.4228732113954657
OMGGGG,neither,0.03945320844208391,0.33037608806864915,0.630170703489267
THERE IT IS,neither,0.051988479486451335,0.2532541473775745,0.6947573731359742
<3 woooo !!!!,neither,0.03945320844208391,0.33037608806864915,0.630170703489267
there we go,neither,0.04083933629015207,0.27628362646603744,0.6828770372438104
Art LOVE!!!,neither,0.03590019277228542,0.3470259104819143,0.6170738967458003
OH GOD,neither,0.047523175703714664,0.25506489023357065,0.6974119340627147
oh Oh OHHHHH,neither,0.048342199966045184,0.24794056967624156,0.7037172303577133
YAY,neither,0.03945320844208391,0.33037608806864915,0.630170703489267
ah somehtign happened,neither,0.03945320844208391,0.33037608806864915,0.630170703489267
MUZAKZ,neither,0.03945320844208391,0.33037608806864915,0.630170703489267
yes!,neither,0.03945320844208391,0.33037608806864915,0.630170703489267
There it is!,neither,0.051988479486451335,0.2532541473775745,0.6947573731359742
"BIDET FROM AUSTIN, TEXAS!!!",neither,0.04055041785557119,0.31175358083338084,0.6476960013110479
HYPE,neither,0.03945320844208391,0.33037608806864915,0.630170703489267
oooooooooooooooooo,neither,0.03945320844208391,0.33037608806864915,0.630170703489267
YESSSSS,neither,0.03945320844208391,0.33037608806864915,0.630170703489267
YES,neither,0.03945320844208391,0.33037608806864915,0.630170703489267
wooooooo,neither,0.03945320844208391,0.33037608806864915,0.630170703489267
:( Vex Vax art,neither,0.03945320844208391,0.33037608806864915,0.630170703489267
yea right on time,neither,0.03360827318154486,0.3941265619076571,0.5722651649107979
Woot,neither,0.03945320844208391,0.33037608806864915,0.630170703489267
gandsSubHype gandsSubHype gandsSubHype gandsSubHype gandsSubHype gandsSubHype,neither,0.03945320844208391,0.33037608806864915,0.630170703489267
gandsTrinket,neither,0.03945320844208391,0.33037608806864915,0.630170703489267
YISSS!!,neither,0.03945320844208391,0.33037608806864915,0.630170703489267
bidet from ohio,neither,0.040754399270683486,0.3082914838698526,0.650954116859464
Really hope Kiki gets the finishing blow tonight,neither,0.0612016525078499,0.22327102724970543,0.7155273202424447
gandsDrink gandsSCANLAN,neither,0.03945320844208391,0.33037608806864915,0.630170703489267
WutFace,neither,0.03945320844208391,0.33037608806864915,0.630170703489267
Woohoo!,neither,0.03945320844208391,0.33037608806864915,0.630170703489267
sbzyChicken sbzyManleee,neither,0.03945320844208391,0.33037608806864915,0.630170703489267
cool,neither,0.03945320844208391,0.33037608806864915,0.630170703489267
We're in!,neither,0.07632333628851731,0.28334432348334326,0.6403323402281395
RIP Vox Machina,neither,0.03945320844208391,0.33037608806864915,0.630170703489267
bidet,neither,0.03945320844208391,0.33037608806864915,0.630170703489267
when was the last episode?,neither,0.02897533762477904,0.3648909000807559,0.606133762294465
Bidet from Calgary,neither,0.04228451509352876,0.2823214250720796,0.6753940598343917
Here we go baby! lobosGasm,neither,0.10679210830013537,0.28884081175699616,0.6043670799428685
dooo doooo doooo dooooooooooo,neither,0.03945320844208391,0.33037608806864915,0.630170703489267
LETS GOOOOOOOOOOOOOOOOOOOOOOOOOO,neither,0.0381375099945381,0.3527069244228318,0.6091555655826302
gandsSubHype gandsSubHype gandsSubHype gandsSubHype gandsSubHype,neither,0.03945320844208391,0.33037608806864915,0.630170703489267
ITS HAPPENINGGGG,neither,0.02700859978372578,0.3346563596412867,0.6383350405749875
yaaaaaaaz!,neither,0.03945320844208391,0.33037608806864915,0.630170703489267
FYI we go into sub only chat for live CR,neither,0.038875969559142784,0.31587765811796953,0.6452463723228876
woot!,neither,0.03945320844208391,0.33037608806864915,0.630170703489267
Also from AZ,neither,0.040552160913681974,0.31172399658822175,0.6477238424980964
tackles @GaeaCa,neither,0.03945320844208391,0.33037608806864915,0.630170703489267
thank you,neither,0.07325166854587051,0.43632638485078484,0.49042194660334476
AAARRRT!,neither,0.03945320844208391,0.33037608806864915,0.630170703489267
BIDET,neither,0.03945320844208391,0.33037608806864915,0.630170703489267
Spice?,neither,0.03945320844208391,0.33037608806864915,0.630170703489267
HYPE HYPE HYPE,neither,0.03945320844208391,0.33037608806864915,0.630170703489267
HERE WE GOOOOO,neither,0.09154844660801302,0.2919375864367539,0.6165139669552331
IT'S ALMOST TIMEEEEEE,neither,0.03720222243566936,0.3311503053765747,0.6316474721877559
Bidet Vancouver Island BC,neither,0.03945320844208391,0.33037608806864915,0.630170703489267
Bidet and beep beep from Michigan!! sbzyManleee sbzyManleee,neither,0.03968440849664494,0.2634782097525502,0.696837381750805
yo,offensive_language,0.04010381111145228,0.5271105317972344,0.4327856570913131
WOOH,neither,0.03945320844208391,0.33037608806864915,0.630170703489267
MEH,neither,0.03945320844208391,0.33037608806864915,0.630170703489267
Oh my,neither,0.02748693229954249,0.40236076101129065,0.5701523066891669
BIDET AWAY,neither,0.04220964153586371,0.2835922247500701,0.6741981337140662
ooh I love this music so much,neither,0.03358118262535106,0.3843749901955863,0.5820438271790627
live long and prosper Critters :D,neither,0.042688989096293664,0.2911772602936095,0.6661337506100968
BIDET FROM CRITICAL VAPORS! WOOOOOOOO!,neither,0.040754399270683486,0.3082914838698526,0.650954116859464
i've missed you all!,neither,0.02657365897495354,0.44572197245274475,0.5277043685723019
raishandidnothingwrong,neither,0.03945320844208391,0.33037608806864915,0.630170703489267
PogChamp LET'S GO,neither,0.01806316484133749,0.39391011985298136,0.5880267153056813
Yay!,neither,0.03945320844208391,0.33037608806864915,0.630170703489267
We're Back People!!,neither,0.12972271638396443,0.2840890318181359,0.5861882517978997
hey,neither,0.03945320844208391,0.33037608806864915,0.630170703489267
gandsLessthanthree gandsLessthanthree gandsLessthanthree gandsSubHype gandsSubHype gandsSubHype,neither,0.03945320844208391,0.33037608806864915,0.630170703489267
Bidet from SoCal,neither,0.04062582848913359,0.31047366557575606,0.6489005059351104
been waiting for this since last year,neither,0.034201959017109484,0.3113733197874476,0.6544247211954428
ITS THE BATTLE OF OUR TIME,neither,0.032430785239793,0.33504998498028987,0.6325192297799171
AZ CRITTERS,neither,0.03945320844208391,0.33037608806864915,0.630170703489267
arttt <3,neither,0.03945320844208391,0.33037608806864915,0.630170703489267
bvdudghuvwsqaaaacvWS,neither,0.03945320844208391,0.33037608806864915,0.630170703489267
gandsSubHype gandsSubHype gandsSubHype gandsSubHype gandsSubHype gandsSubHype gandsSubHype gandsSubHype gandsSubHype gandsSubHype,neither,0.03945320844208391,0.33037608806864915,0.630170703489267
I'm always blown away by yall's awesome art,neither,0.03900540402009914,0.39708248747773717,0.5639121085021638
Um CR tonight?,neither,0.03717010486455879,0.3112576726498993,0.6515722224855419
hugs @Geekstronaut,neither,0.03945320844208391,0.33037608806864915,0.630170703489267
Will someone fix the title?,neither,0.03985560863586313,0.29648914490330686,0.6636552464608301
2 weeks! It's OVERRR,neither,0.037350499161530534,0.33109930621123246,0.631550194627237
DAMN I AM VERY EMO RIGHT NOW,offensive_language,0.04336786801776343,0.7177734602234056,0.238858671758831
hell yeah!!!!!!!!!!!,offensive_language,0.024014075456083226,0.8806496383571902,0.0953362861867266
HYPE,neither,0.03945320844208391,0.33037608806864915,0.630170703489267
Who else is tense?!,neither,0.047938784007463944,0.3891719438680311,0.562889272124505
o nice,neither,0.03945320844208391,0.33037608806864915,0.630170703489267
bidet from New Zealand,neither,0.046710622032705686,0.1542697019613409,0.7990196760059534
gandsSubHype gandsSubHype gandsSubHype gandsSubHype gandsSubHype gandsSubHype gandsSubHype gandsSubHype gandsSubHype gandsSubHype gandsSubHype gandsSubHype,neither,0.03945320844208391,0.33037608806864915,0.630170703489267
STAY AWAY FROM THAT SPICE!!!,neither,0.03816736650485214,0.33045439307179997,0.631378240423348
Yes almost time for critical role!!!!!,neither,0.0343505048027108,0.3224780588704501,0.6431714363268392
!!!,neither,0.03945320844208391,0.33037608806864915,0.630170703489267
lets go fam,neither,0.0398582217949579,0.34945340049945045,0.6106883777055916
gandsApplaud gandsApplaud gandsApplaud,neither,0.03945320844208391,0.33037608806864915,0.630170703489267
Chat is back just in time for the critical role spam fest !,neither,0.036613494701050964,0.3259755444860991,0.63741096081285
awwww yeaaaah,neither,0.03945320844208391,0.33037608806864915,0.630170703489267
gandsCrit gandsCrit gandsCrit gandsSubHype gandsSubHype gandsSubHype gandsSubHype gandsSubHype gandsSubHype gandsSubHype gandsSubHype gandsSubHype gandsSubHype gandsSubHype,neither,0.03945320844208391,0.33037608806864915,0.630170703489267
HOLY CRAP,neither,0.03945320844208391,0.33037608806864915,0.630170703489267
sweet arts,neither,0.03945320844208391,0.33037608806864915,0.630170703489267
gandsPitCrew,neither,0.03945320844208391,0.33037608806864915,0.630170703489267
is the stream offline?,neither,0.04821859290557782,0.30822268935231695,0.6435587177421052
Welcome new viewers and subs! <3,neither,0.041367628641267,0.23808529125366898,0.7205470801050642
And here we go,neither,0.11988274842159176,0.23034065187642816,0.6497765997019802
It's back!,neither,0.03654534214784638,0.3313762366291984,0.6320784212229552
Love to all of you 😘,offensive_language,0.08887689171374683,0.5829405082635394,0.3281826000227138
Nope. No hype at all. None.,neither,0.03947006495005101,0.4225330100864127,0.5379969249635362
"Let's get this ep of crit role on the way, people whoo",neither,0.04037162173805464,0.35404630965063355,0.6055820686113119
how long?,neither,0.03908934559293424,0.3273291474155956,0.6335815069914702
"@Aikrehn, thx!",neither,0.03945320844208391,0.33037608806864915,0.630170703489267
You should have the CritArt lead in playing now.,neither,0.0678589700977048,0.40313083680452827,0.529010193097767
I know someone talked to me but it went by too fast,neither,0.03573982589257787,0.39776557560955056,0.5664945984978715
tears,neither,0.03945320844208391,0.33037608806864915,0.630170703489267
beep beep,neither,0.03945320844208391,0.33037608806864915,0.630170703489267
"Guys, I think Critical Role might be tonight. Just a hunch.",neither,0.03512474915249822,0.32629204024904845,0.6385832105984534
"BIDET FROM HOUSTON, TX",neither,0.040501953574932,0.3125761461575217,0.6469219002675464
Bidet from Texas,neither,0.040937266849991,0.30518774380265185,0.6538749893473571
That Thordak was AMAZIN,neither,0.03528235240814021,0.37657057876187894,0.5881470688299808
@rynoking420 hallo Homey!,neither,0.03945320844208391,0.33037608806864915,0.630170703489267
"dammit, i was watching a frog fractions 2 walkthrough",neither,0.039357160587301834,0.3320062708292274,0.6286365685834707
HYPE SwiftRage,neither,0.03945320844208391,0.33037608806864915,0.630170703489267
welcome back long time viewers and subs <3,neither,0.03806523714186185,0.3155813483793905,0.6463534144787477
love <3,neither,0.03217296676969875,0.3657703709031763,0.602056662327125
2:55AM 5 mins to goo WOOT WOOO,neither,0.04580039586505376,0.3266612124371513,0.627538391697795
dammit! i'm like 3/4 done with 79 D:,neither,0.03707053844849326,0.3820897491256234,0.5808397124258833
ah the latter.,neither,0.03859517902912012,0.3146980249378333,0.6467067960330466
bidet from Colorado!,neither,0.04066490145509902,0.30981049537100724,0.6495246031738937
I am here for the BBQ,neither,0.07310617781310177,0.2570755259308517,0.6698182962560465
I'M NOT LATE WOO,neither,0.03820250581452214,0.33507168759601796,0.62672580658946
BIDET from an actual bidet user!,neither,0.040604323157840176,0.3108386671722477,0.6485570096699123
HYPEEEEE,neither,0.03945320844208391,0.33037608806864915,0.630170703489267
that's it WutFace,neither,0.02686667497728228,0.4382399667381754,0.5348933582845424
Bidet to all,offensive_language,0.07037653542857761,0.5454179388470466,0.3842055257243759
gandsTrinketArmor,neither,0.03945320844208391,0.33037608806864915,0.630170703489267
Larkin?,neither,0.03945320844208391,0.33037608806864915,0.630170703489267
lol the chat is getting faster the close it gets to start time....,neither,0.037776194005710105,0.39125191266248965,0.5709718933318002
hype!,neither,0.03945320844208391,0.33037608806864915,0.630170703489267
noot noot,neither,0.03945320844208391,0.33037608806864915,0.630170703489267
<3,neither,0.03945320844208391,0.33037608806864915,0.630170703489267
I didn't catch the artist. :(,neither,0.025661615278969464,0.35543618383866915,0.6189022008823615
Whose ready to watch people die!,neither,0.24880352021807636,0.15080180991475334,0.6003946698671703
yayayayayya,neither,0.03945320844208391,0.33037608806864915,0.630170703489267
Anyone seen Larkin?,neither,0.03945320844208391,0.33037608806864915,0.630170703489267
"last time on CRITICAL ROLE, the party got meteored into next year",neither,0.03530985182007317,0.3753240512891055,0.5893660968908212
"BIDET FROM AUSTIN, TEXAS!!!",neither,0.04055041785557119,0.31175358083338084,0.6476960013110479
#BigGreenFight,neither,0.03945320844208391,0.33037608806864915,0.630170703489267
Shalizeh7 has some of my favorite critrole fan art,neither,0.02573953514749659,0.4027323069105883,0.571528157941915
I love this music so muc!,neither,0.03560369875933791,0.40845256388745516,0.555943737353207
@0monkeynutcase0 its starting like right now,neither,0.041968508129235985,0.36852103608212844,0.5895104557886356
gandsTrinket gandsTrinketArmor,neither,0.03945320844208391,0.33037608806864915,0.630170703489267
YESSSSSS,neither,0.03945320844208391,0.33037608806864915,0.630170703489267
REFRESH IF YOU SEE NO ART,neither,0.03404785928903554,0.42440777954761744,0.5415443611633469
@GeekandSundry O hai,neither,0.03945320844208391,0.33037608806864915,0.630170703489267
"beep beep, everyone",offensive_language,0.02988896790634741,0.4927062106388782,0.4774048214547744
I'm so Happy!!!,neither,0.03941299243705349,0.41176695311419675,0.5488200544487498
if you can't see the artwork please refresh your page,neither,0.05440712115622172,0.3840459994576685,0.5615468793861098
bidet from guelph,neither,0.04228451509352876,0.2823214250720796,0.6753940598343917
lol it would be better if I could hear. perils of conventions,neither,0.019727390182206258,0.420311976354093,0.5599606334637007
Man I'm so excited!!!,neither,0.0397019327562184,0.4695945360582648,0.4907035311855167
HYPE,neither,0.03945320844208391,0.33037608806864915,0.630170703489267
"now in 2017, the adventures continue~",neither,0.038428825510986774,0.3115685805773639,0.6500025939116494
BIDET!!!,neither,0.03945320844208391,0.33037608806864915,0.630170703489267
Where is Larkin?!?!?!,neither,0.06245822111259904,0.2612427577458543,0.6762990211415466
But where is larkin?,neither,0.05093399127727155,0.2880529302492283,0.6610130784735001
is stream up? all i see is offline screen,neither,0.052329837020980624,0.42586736114527385,0.5218028018337455
is here,neither,0.23309924666169,0.22544613742661174,0.5414546159116982
Hi all! <3,neither,0.0423466876598404,0.4436528871510691,0.5140004251890904
yeah.... seems like I have been waiting all year for this ;),neither,0.029487550249136782,0.45510941751712736,0.515403032233736
bidet from denver colorado!,neither,0.04036266062233628,0.31494031108870923,0.6446970282889545
gandsFail,neither,0.03945320844208391,0.33037608806864915,0.630170703489267
yay,neither,0.03945320844208391,0.33037608806864915,0.630170703489267
BibleThump Its been so long,neither,0.031894138356516874,0.3901958382644526,0.5779100233790306
PogChamp,neither,0.03945320844208391,0.33037608806864915,0.630170703489267
All of the <3 to the artists. Y'all are awesome.,neither,0.06875153565307303,0.37293794733460134,0.5583105170123256
yey,neither,0.03945320844208391,0.33037608806864915,0.630170703489267
SUUUUUUUUUUUUH DUDES,neither,0.03945320844208391,0.33037608806864915,0.630170703489267
Paging Larkin. Green courtesy phone.,neither,0.04046535026743776,0.3067022083355395,0.6528324413970228
Well that was strange,neither,0.03549303237721081,0.3741975885045181,0.5903093791182712
why is stream not up????????,neither,0.031392463961102214,0.40005602471929896,0.5685515113195988
throdak's lair,neither,0.03945320844208391,0.33037608806864915,0.630170703489267
bidet From pittsburgh,neither,0.04066490145509902,0.30981049537100724,0.6495246031738937
REFRESH IF YOU SEE NO ART,neither,0.03404785928903554,0.42440777954761744,0.5415443611633469
has there been any fanart done of the celestial twins?,neither,0.038416678657567475,0.29919476979504855,0.662388551547384
ALL OF THE HYPE!,neither,0.040326397082653086,0.39685530465950186,0.5628182982578452
no stream??!,neither,0.038465455673613855,0.34714083037889465,0.6143937139474915
"ITS HYPE TIME, KIDS!",neither,0.032674135493019354,0.35126154674446103,0.6160643177625196
HAPPY HALLOWEEN FOLKSSSSSSSS,neither,0.03945320844208391,0.33037608806864915,0.630170703489267
that raven queen,neither,0.03581701020513182,0.3698822481494689,0.5943007416453994
it's thursday!!!!!,neither,0.03752336384949593,0.3310398501182267,0.6314367860322773
#larkinWatch,neither,0.03945320844208391,0.33037608806864915,0.630170703489267
:DDDDDDDDD,neither,0.03945320844208391,0.33037608806864915,0.630170703489267
eats popcorn,neither,0.03945320844208391,0.33037608806864915,0.630170703489267
When does the stream start? It says this is a rebroadcast,neither,0.02604209596337461,0.4452013224535076,0.5287565815831178
I wish I could draw have as good as most of these people,neither,0.06033275074429766,0.4263748960178675,0.5132923532378348
Got my popcorn at the ready,neither,0.027181243543002557,0.4520615638277855,0.5207571926292119
Is there a stream going?? Cant see anything,neither,0.04420359783880582,0.31706880412459965,0.6387275980365945
Lets go°,neither,0.039984317429425154,0.35542799280679366,0.6045876897637812
All your Art is Amazing Critters it makes my eyes water sometimes its so beautiful,neither,0.049297831112396946,0.43032203359336746,0.5203801352942357
BIDET from Washington,neither,0.04080695066346891,0.3073995495860776,0.6517934997504536
"Press ""H"" for HYPE",neither,0.03369306814140628,0.30160906249950464,0.6646978693590889
"Bidet from Austin, TX!",neither,0.0404991143919742,0.31262433450199256,0.6468765511060333
are we ready??!!! lets dance dragons,neither,0.05663545180111494,0.3088765193356108,0.6344880288632744
ARTWORK HYPE,neither,0.03945320844208391,0.33037608806864915,0.630170703489267
bidet,neither,0.03945320844208391,0.33037608806864915,0.630170703489267
moon2SMUG Raishans gonna win,neither,0.03797750958556018,0.3985184374721887,0.563504052942251
I DIDN'T OVERSLEEP!,neither,0.01596643268850402,0.41527411066632225,0.5687594566451736
Stream is going for me,neither,0.032360278307647344,0.36203698445528,0.6056027372370727
*pours beer* *gets hype*,neither,0.03945320844208391,0.33037608806864915,0.630170703489267
it's just about to start right?,neither,0.036839118965420296,0.4002682768085013,0.5628926042260785
god i'm so glad,neither,0.03940860246240864,0.3861770582965394,0.5744143392410519
Finally I have video!,neither,0.045160048531940146,0.23351611807797149,0.7213238333900883
BIdet from paris!,neither,0.04071751644889743,0.3089174816120565,0.6503650019390461
"Finally caught up for the new year; Critical Role's cast and crew always does an amazing job, I can't wait for this!!",neither,0.02844118254212534,0.34335067629137633,0.6282081411664984
Wow. God we have some amazing artists.,neither,0.033017334962787144,0.3491220357865041,0.6178606292507088
Percy and Vex :D,neither,0.03857111107789432,0.2851340175310554,0.6762948713910502
so begins the artwork,neither,0.03834470813113436,0.36036686578158644,0.6012884260872793
oooooophhhh the hype!!!1!!!,neither,0.03823111495552092,0.3078022189530705,0.6539666660914085
SUP @scrubbalotus,neither,0.03945320844208391,0.33037608806864915,0.630170703489267
bidet from toronto,neither,0.04066490145509902,0.30981049537100724,0.6495246031738937
H,neither,0.03945320844208391,0.33037608806864915,0.630170703489267
anyone else having problems with chat?,neither,0.031209789755109896,0.3583027599830361,0.610487450261854
gandsMatt gandsMatt gandsMatt gandsMatt gandsMatt,neither,0.03945320844208391,0.33037608806864915,0.630170703489267
gandsSubHype,neither,0.03945320844208391,0.33037608806864915,0.630170703489267
gandsSubHype gandsSubHype gandsSubHype,neither,0.03945320844208391,0.33037608806864915,0.630170703489267
Yaaaasssssssss,neither,0.03945320844208391,0.33037608806864915,0.630170703489267
#larkingwatch,neither,0.03945320844208391,0.33037608806864915,0.630170703489267
It's finally back!!,neither,0.03762592831152327,0.33100457349658036,0.6313694981918965
That percahlia art was so cute,neither,0.03724651115071494,0.3879873270523743,0.5747661617969106
HEY LOOK ITS ME,neither,0.02678031058412604,0.3782708045005187,0.5949488849153551
My god the chat is going insane,neither,0.03395587217286022,0.40114372479945426,0.5649004030276856
"Stream is up, refresh",neither,0.04372865021562181,0.3713428252995503,0.5849285244848279
AHHHHHH VEX!,neither,0.03945320844208391,0.33037608806864915,0.630170703489267
im actually catching this live for the first time,neither,0.03109381464813079,0.33625946194615186,0.6326467234057173
I love all of this art!,neither,0.03805806870935048,0.42592088401675965,0.5360210472738898
First time on Chat! Yay!,neither,0.030749632983566706,0.3596782700592027,0.6095720969572307
It Finally Popped Up!,neither,0.035529487407524436,0.38330263437874984,0.5811678782137257
hype,neither,0.03945320844208391,0.33037608806864915,0.630170703489267
gandsSubHype gandsSubHype gandsSubHype gandsSubHype gandsSubHype gandsSubHype,neither,0.03945320844208391,0.33037608806864915,0.630170703489267
Bidet from Ohio,neither,0.040754399270683486,0.3082914838698526,0.650954116859464
Beautiful <3,neither,0.03945320844208391,0.33037608806864915,0.630170703489267
DALEE,neither,0.03945320844208391,0.33037608806864915,0.630170703489267
"Just in Time, BAby!",neither,0.032276445651474195,0.38335779105467543,0.5843657632938505
I can't wait gandsLessthanthree gandsLessthanthree gandsLessthanthree,neither,0.03991073413903658,0.3226106829444422,0.6374785829165213
gandsLessthanthree,neither,0.03945320844208391,0.33037608806864915,0.630170703489267
Shhhhhhh It's Starting,neither,0.037399315187144885,0.3310825161415354,0.6315181686713197
Beep beep from GA!,neither,0.040737273169946825,0.30858215849491494,0.6506805683351382
Yassssss,neither,0.03945320844208391,0.33037608806864915,0.630170703489267
First time watching live. Should be fun :),neither,0.04609929318592089,0.383235516568189,0.5706651902458902
HYPE TRAIN BOIS,neither,0.03945320844208391,0.33037608806864915,0.630170703489267
I'm oddly serene. I think Matt will give them at least an opportunity to try and talk their way out of it.,neither,0.03577418321868806,0.30757677167063463,0.6566490451106772
BIDEETTTT,neither,0.03945320844208391,0.33037608806864915,0.630170703489267
They are showing art work right now,neither,0.0580503996664852,0.3092688024362764,0.6326807978972384
finally caught up and watching LIVE tangO tangO,neither,0.04011684167739371,0.33670124910733024,0.6231819092152759
first timer here,neither,0.10458593680701099,0.2733858726626806,0.6220281905303083
gandsGandsPoo gandsGandsPoo gandsGandsPoo gandsGandsPoo,neither,0.03945320844208391,0.33037608806864915,0.630170703489267
bidet from Seattle,neither,0.040754399270683486,0.3082914838698526,0.650954116859464
gandsSubHype gandsSubHype gandsSubHype gandsSubHype,neither,0.03945320844208391,0.33037608806864915,0.630170703489267
who still has halloween candy?,neither,0.039549328657325716,0.395909153312957,0.5645415180297173
bidet from boston!,neither,0.040769555981420263,0.3080342349327864,0.6511962090857933
MHOO,neither,0.03945320844208391,0.33037608806864915,0.630170703489267
"Greetings from the UK! First live show and 2017, and ever for me!",neither,0.03631905011203864,0.2164437927634355,0.747237157124526
huzzah,neither,0.03945320844208391,0.33037608806864915,0.630170703489267
THATS MY ART!!! <3 AAAAAAAAAA,neither,0.02752054597349838,0.42405600983961517,0.5484234441868864
Bidet from West Chicago Burbs,neither,0.04026607070464946,0.3165796940714527,0.6431542352238979
this is going to be so bad lol. shes totally dead by metoer!,neither,0.04087864453706469,0.44979582025924114,0.5093255352036941
Bidet from Portland,neither,0.04066490145509902,0.30981049537100724,0.6495246031738937
anyone's music going in and out?,neither,0.03321922526918059,0.3342453891678558,0.6325353855629637
First night watching it live!,neither,0.0287446918633532,0.3313614203666765,0.6398938877699704
"Hey guys, am 100% logged in and COULD NOT SEE GEEK AND SUNDRY ON FOLLOW LIST",neither,0.0365083687842585,0.30075615841567793,0.6627354728000636
"Ok 2017, NO FUNNY BIDNESS WIT DA KILLIN, ok?",offensive_language,0.059016775328268496,0.5376596277385971,0.4033235969331345
Bidet from Canada!,neither,0.04071751644889743,0.3089174816120565,0.6503650019390461
gandsCrit gandsSubHype gandsCrit gandsSubHype,neither,0.03945320844208391,0.33037608806864915,0.630170703489267
Hello!,neither,0.03945320844208391,0.33037608806864915,0.630170703489267
Woo,neither,0.03945320844208391,0.33037608806864915,0.630170703489267
Bidet from NJ!,neither,0.04069404815304118,0.30931579984010865,0.6499901520068502
o/ Nard =) @NardFtw,neither,0.03945320844208391,0.33037608806864915,0.630170703489267
gandsSubHype gandsSubHype,neither,0.03945320844208391,0.33037608806864915,0.630170703489267
I LOVE FAN ART!!!!!!!!!!!!!!,neither,0.03657805417926527,0.34376144689582794,0.6196604989249067
that took way to long for mine to start working. but I'm here. hi my peeps,neither,0.05188578324857974,0.3620613508494215,0.5860528659019989
gandsGandsBeardedMen,neither,0.03945320844208391,0.33037608806864915,0.630170703489267
"How nice, legendary""s new products.",neither,0.04219418332210873,0.26263668851364064,0.6951691281642506
HI :D,neither,0.03945320844208391,0.33037608806864915,0.630170703489267
Happy new year critters!! Poooound,neither,0.04382906920233135,0.220189007910159,0.7359819228875096
welp time for some pokemon sun while i wait,neither,0.030280150810848415,0.33179921280552754,0.637920636383624
I'm so nervous,neither,0.03940857945358607,0.38636408546123996,0.5742273350851739
gandsSubHype gandsSubHype gandsSubHype gandsSubHype gandsCrit gandsCrit gandsCrit gandsCrit,neither,0.03945320844208391,0.33037608806864915,0.630170703489267
FIRST TIME WATCHING,neither,0.029989397366152245,0.3569857709202996,0.613024831713548
O.o,neither,0.03945320844208391,0.33037608806864915,0.630170703489267
Chat is IMPOSSIBLE. XD,neither,0.04740197402976641,0.32764214308760975,0.6249558828826238
gandsSubHype gandsSubHype I have missed this show so much,neither,0.048896223667224195,0.311405435553725,0.6396983407790509
woot,neither,0.03945320844208391,0.33037608806864915,0.630170703489267
they misspelled thordak!,neither,0.03945320844208391,0.33037608806864915,0.630170703489267
gj Rammaru!,neither,0.03945320844208391,0.33037608806864915,0.630170703489267
''Throdaks'' lair,neither,0.03945320844208391,0.33037608806864915,0.630170703489267
it's not working group for phone?,neither,0.0320730292809385,0.3086611620555611,0.6592658086635003
LIVE,neither,0.04891340716200846,0.3271222919257548,0.6239643009122369
the hype,neither,0.03823111495552092,0.3078022189530705,0.6539666660914085
There is a restaurant near me called Larkin's. I tried to find him. Apparently he wasn't there. The search continues.,neither,0.04673073930244499,0.257975972092402,0.6952932886051529
ew r there adds on this,neither,0.03703299075555934,0.30783026953360204,0.6551367397108386
"Bidet from Auburn, MI, temp 7F, wind chill, -13F",neither,0.04009569816628953,0.31947136068431425,0.6404329411493962
this is gonna be an interesting session,neither,0.04547805250289223,0.3654890490213913,0.5890328984757165
gandsSubHype gandsSubHype gandsSubHype gandsSubHype,neither,0.03945320844208391,0.33037608806864915,0.630170703489267
HAPPY NEW YEAR VM BIDET AND BEEP BEEP TO YOU ALL,neither,0.07829921285659408,0.3019382753068965,0.6197625118365095
Whaaaaats goood ppl,neither,0.03945320844208391,0.33037608806864915,0.630170703489267
perfect on my end,neither,0.02513100143513366,0.43845321262624704,0.5364157859386194
Refresh if you do not see any art,neither,0.03513887993532316,0.40827090809614996,0.556590211968527
REFRESH IF STREAM IS OFFLINE FOR YOU,neither,0.03524434174481271,0.3795335050445907,0.5852221532105966
"Bidet from Buffao, NY",neither,0.04084513770590474,0.30675141581570226,0.6524034464783931
FINALLY!!!,neither,0.03945320844208391,0.33037608806864915,0.630170703489267
az critters what up,neither,0.04258884039445235,0.38797600273241695,0.5694351568731306
"allllll aboard the hype train to TPK by raishan, tickets are free!",neither,0.060138611592205515,0.3161515801246695,0.623709808283125
RIP VM,neither,0.03945320844208391,0.33037608806864915,0.630170703489267
Congrats @Rammaru !,neither,0.03945320844208391,0.33037608806864915,0.630170703489267
Hello from Ohio!,neither,0.04047239611563269,0.3130778133806527,0.6464497905037146
You should have the CritArt lead in playing now.,neither,0.0678589700977048,0.40313083680452827,0.529010193097767
I find it funny TM tweeted right as Twitch fixed the problem,neither,0.03840536780045745,0.310447673751404,0.6511469584481385
Bidet from Victoria BC!,neither,0.04052303010603489,0.3122184224193425,0.6472585474746226
Wow,neither,0.03945320844208391,0.33037608806864915,0.630170703489267
shaking,neither,0.03945320844208391,0.33037608806864915,0.630170703489267
It's my first time to!,neither,0.022508776912224224,0.46076755446428536,0.5167236686234904
"Ah, there you are you beautiful stream you",neither,0.12528027507087278,0.3667536316986493,0.5079660932304779
that cassandra is amazing :O,neither,0.04468338400483953,0.38105317870292815,0.5742634372922323
"lol, my icon shows me as 3 month subscriber... I've been subscribed for over an year",neither,0.013926148959234554,0.41312707434643686,0.5729467766943285
Welcome back!!,neither,0.03945320844208391,0.33037608806864915,0.630170703489267
Just...wow,neither,0.0325606563664,0.36367321759926907,0.6037661260343309
waffleHype waffleHype waffleHype,neither,0.03945320844208391,0.33037608806864915,0.630170703489267
First time seeing live! Hyped!,neither,0.036149166215883155,0.3464683364924819,0.617382497291635
oooh I'm here,neither,0.09364123505225529,0.28810195686813106,0.6182568080796136
@videoaddiction Sup :^),neither,0.03945320844208391,0.33037608806864915,0.630170703489267
I've been trying to catch up to Critical Role's most current episode but I can't help but watch your 80th!!! I'm on episode 15 atm and started 1 week ago!!!,neither,0.03951619191137082,0.3326826153169735,0.6278011927716557
"Fanartists we need ones of the Asamir boys, GO!",neither,0.03937626813475446,0.319923613149764,0.6407001187154815
preshow music hype!!!,neither,0.03945320844208391,0.33037608806864915,0.630170703489267
bide critters!!!,neither,0.03945320844208391,0.33037608806864915,0.630170703489267
hello people PogChamp,neither,0.08342635347872217,0.3250217469284455,0.5915518995928324
when was the last episode?,neither,0.02897533762477904,0.3648909000807559,0.606133762294465
Woooooo,neither,0.03945320844208391,0.33037608806864915,0.630170703489267
????,neither,0.03945320844208391,0.33037608806864915,0.630170703489267
I missed this so much,neither,0.03497619890450403,0.3850970757042274,0.5799267253912687
Shout out to throdak,neither,0.041968335672819684,0.34720595331552967,0.6108257110116507
I always love the art,neither,0.03381286256190619,0.3840103096033519,0.5821768278347419
"stocks down, gaming computer dead... only CRITICAL ROLE can save my day!!!1!!!",neither,0.03408312503979373,0.36282762327294393,0.6030892516872624
"Lurking time while chat goes nuts. Cyas. Have fun tonight, @geekandsundry and everybody :)",neither,0.036754701925644756,0.31222739847259734,0.6510178996017579
AAAAAAAAAAAAAA,neither,0.03945320844208391,0.33037608806864915,0.630170703489267
GEEK AND SUNDRY WAS NOT ON MY FOLLOW LIST DUNNO IF THIS IS ISSUE OR NOT,neither,0.02445651414707701,0.3976980737275154,0.5778454121254076
Yay @Rammaru !,neither,0.03945320844208391,0.33037608806864915,0.630170703489267
Tonight's my first night watching live :))),neither,0.021678525056761908,0.3804518968027327,0.5978695781405053
gandsSubHype gandsSubHype,neither,0.03945320844208391,0.33037608806864915,0.630170703489267
CRIT ROLE IS BACK!!!!!!!,neither,0.04931279477098135,0.3269849242128695,0.6237022810161491
Impossibruuuu,neither,0.03945320844208391,0.33037608806864915,0.630170703489267
lol,neither,0.020706217963973744,0.4882283491876925,0.4910654328483337
"Someone should do a Critical Role & Unlimited Blade Works crossover picture. ""I am the bone of my sword. DAGGER DAGGER DAGGER!""",neither,0.03911385013392267,0.36112244251349007,0.5997637073525872
FYI we go into sub only chat for live CR,neither,0.038875969559142784,0.31587765811796953,0.6452463723228876
chat is crazy,neither,0.035151943848811276,0.4416267027312755,0.5232213534199132
Welcome all new streamers!,neither,0.04729553427280963,0.3008625154559738,0.6518419502712166
Bidet,neither,0.03945320844208391,0.33037608806864915,0.630170703489267
hello all,neither,0.04217753453783664,0.43734383323855475,0.5204786322236087
im ready for some Nerdy *** voice actors,neither,0.0300396502104967,0.33990586527542727,0.6300544845140761
beep beep and bidet from Canada,neither,0.039674772959784124,0.26576846215513467,0.6945567648850811
0 viewers?,neither,0.03945320844208391,0.33037608806864915,0.630170703489267
I love this art,neither,0.03598820174612746,0.34797144744511266,0.61604035080876
And ofc when everyone is gonna die,neither,0.16202881651716294,0.2726432691977785,0.5653279142850586
beep beep from nc,neither,0.04066490145509902,0.30981049537100724,0.6495246031738937
bidet,neither,0.03945320844208391,0.33037608806864915,0.630170703489267
Beep beep,neither,0.03945320844208391,0.33037608806864915,0.630170703489267
Hello all,neither,0.04217753453783664,0.43734383323855475,0.5204786322236087
hype,neither,0.03945320844208391,0.33037608806864915,0.630170703489267
gandsSubHype gandsSubHype gandsSubHype gandsSubHype gandsSubHype,neither,0.03945320844208391,0.33037608806864915,0.630170703489267
UK critter here stripHey,neither,0.10451085942188715,0.28138818202638227,0.6141009585517305
Bidet from Wisconsin,neither,0.04071751644889743,0.3089174816120565,0.6503650019390461
mayonnaise a lot of people tonight,neither,0.06106270920269481,0.30861095368054087,0.6303263371167643
lol,neither,0.020706217963973744,0.4882283491876925,0.4910654328483337
I have to say the fan art is one of my favorite parts of watching I cant help but look at it all :),neither,0.03784728454969111,0.43117986569444366,0.5309728497558652
bidet from texas!,neither,0.040937266849991,0.30518774380265185,0.6538749893473571
up next...sam reagal advertisment,neither,0.03563028014114203,0.40528928224485367,0.5590804376140044
"Throdak, huh",neither,0.03945320844208391,0.33037608806864915,0.630170703489267
Everyone relax they will all die eventually be patient,neither,0.11030998251183084,0.2950744693231827,0.5946155481649865
bidet from FLORIDA,neither,0.0408948396164547,0.30590784468201904,0.6531973157015263
just caught up. my first live show!,neither,0.032118514199578986,0.40578475553435933,0.5620967302660617
"Bidet and welcome back, everyone! Happy new year!",neither,0.036937913652690085,0.31381544549721213,0.6492466408500979
YES!!!!!,neither,0.03945320844208391,0.33037608806864915,0.630170703489267
they are offline??,neither,0.11748381152333764,0.22608295668333075,0.6564332317933317
gandsSCANLAN gandsSCANLAN gandsSCANLAN gandsSCANLAN gandsSCANLAN gandsSCANLAN gandsSCANLAN,neither,0.03945320844208391,0.33037608806864915,0.630170703489267
This is no *** the biggest TPK risk the gang has been in,neither,0.04297531500868534,0.316891516613952,0.6401331683773627
bidet everybdoy,neither,0.03945320844208391,0.33037608806864915,0.630170703489267
SET MAGIC LEVELS TO HYPE!!!,neither,0.04450390171622935,0.32740224207493585,0.6280938562088348
gandsSubHype,neither,0.03945320844208391,0.33037608806864915,0.630170703489267
hotMan caught up right before break and finally get to watch it live hotMan,neither,0.043398463137008285,0.38929792459602003,0.5673036122669718
FIrst Time Finally See it Live,neither,0.034521846787216794,0.3492349634268422,0.6162431897859411
REFRESH IF YOU SEE NO ART,neither,0.03404785928903554,0.42440777954761744,0.5415443611633469
hi guys,neither,0.03930687933907141,0.3328596748352989,0.6278334458256297
lets kill the final dragon or all die,hate_speech,0.4750549625034237,0.11853104733292545,0.40641399016365076
hello everyone!!!,neither,0.03269494828970791,0.4450814005079928,0.5222236512022994
"@scrubbalotus, you played enter the echoside yet?",neither,0.053078861255786015,0.3547895178309796,0.5921316209132345
I LOVE YOU ALLLLLLLLLLL,offensive_language,0.079837142191777,0.5038574454704381,0.4163054123377849
"Poor Gilmore, I had no idea he was a lower level than VM.",neither,0.04195623945830048,0.34458026529176494,0.6134634952499346
Bidet from Canada!,neither,0.04071751644889743,0.3089174816120565,0.6503650019390461
gandsMatt gandsMatt gandsMatt,neither,0.03945320844208391,0.33037608806864915,0.630170703489267
woot wooooooooooooooooooooooooooot,neither,0.03945320844208391,0.33037608806864915,0.630170703489267
I AM SOOO READY,neither,0.03924978939516098,0.3304460532067889,0.6303041573980501
moon2SMUG place your bets for Raishan here,neither,0.17775285715123584,0.17180488084570655,0.6504422620030577
Whats good lads,neither,0.03887446142992429,0.3305751457049238,0.6305503928651519
"@capturethemarbles online, refresh",neither,0.03945320844208391,0.33037608806864915,0.630170703489267
Bidet from kcmo,neither,0.04228451509352876,0.2823214250720796,0.6753940598343917
Seriously I would pay epic amounts of money for a compilation of all the featured Critical Role art.,neither,0.03637974247854736,0.33600818443284264,0.62761207308861
Bidet from Cali!,neither,0.04079557052152802,0.30759270029461827,0.6516117291838538
Whats up guys?,neither,0.03641682201669345,0.3917751126048098,0.5718080653784968
bidet!,neither,0.03945320844208391,0.33037608806864915,0.630170703489267
bidet from Michigan,neither,0.040769555981420263,0.3080342349327864,0.6511962090857933
