text,top_class,hate_speech,offensive_language,neither
hi everyone first time on G\S .,neither,0.025591164371801273,0.45122137145563923,0.5231874641725595
Guess not,neither,0.036609048414401435,0.3475168111539178,0.6158741404316807
Yay live,neither,0.04470618016026851,0.3285693502165823,0.6267244696231492
there we go \o/,neither,0.04083933629015207,0.27628362646603744,0.6828770372438104
Good ol' Eric...,neither,0.03882028246447611,0.33059378033555054,0.6305859371999734
Looking Spiffy Eric :D,neither,0.03945320844208391,0.33037608806864915,0.630170703489267
lol,neither,0.020706217963973744,0.4882283491876925,0.4910654328483337
Lol,neither,0.020706217963973744,0.4882283491876925,0.4910654328483337
Wait what? XD,neither,0.04877470361900789,0.3238348708445956,0.6273904255363965
Amy gandsSubHype gandsSubHype gandsSubHype,neither,0.03945320844208391,0.33037608806864915,0.630170703489267
"Damn countered instantly, no dice Eric! :Å",offensive_language,0.0433259490371566,0.6782210645402463,0.2784529864225971
@afrodreadbeard Hello!,neither,0.03945320844208391,0.33037608806864915,0.630170703489267
haha darin,neither,0.03186685585600258,0.45913629025701075,0.5089968538869867
Anyone know when a Critical Role replay is on?,neither,0.0357600886646777,0.3683588908113874,0.595881020523935
"@Rogue_13 True but if you think the most memorable ones in history all I can think is Ian, Jamie and Adric.",neither,0.038850896363239074,0.37892726972492513,0.5822218339118358
Well that's it for this week,neither,0.028373974018037554,0.3450178083459729,0.6266082176359895
"Ohh, it's a pizza-eating RPG. Gotcha.",neither,0.03841606065144313,0.3307328107528874,0.6308511285956696
Hi Eric,neither,0.03945320844208391,0.33037608806864915,0.630170703489267
@Panaxjr No this is Eric's show,neither,0.0649711092915889,0.2662151411800862,0.6688137495283248
Hey Eric!,neither,0.03945320844208391,0.33037608806864915,0.630170703489267
YES!!!!,neither,0.03945320844208391,0.33037608806864915,0.630170703489267
What no fez?,neither,0.04430881856354397,0.34096075172642343,0.6147304297100326
30s in de paul already killing me,neither,0.03398899857340587,0.36749591208715504,0.5985150893394391
hi everyone,neither,0.032490659208996964,0.4485487193596734,0.5189606214313296
gotta love the Dr Who theme music :),neither,0.03585098384968738,0.39386408624902663,0.570284929901286
hi SSJ4GogetaDBGT,neither,0.03945320844208391,0.33037608806864915,0.630170703489267
"""Erics TARDIS BASED Dr-Who RPG""",neither,0.040074609644477024,0.3948344164599079,0.565090973895615
gandsSubHype gandsSubHype gandsSubHype lirikCLAP lirikCLAP,neither,0.03945320844208391,0.33037608806864915,0.630170703489267
TBD,neither,0.03945320844208391,0.33037608806864915,0.630170703489267
"Hey Eric,Amy,Mr DePaul,new friends",neither,0.04194068719210774,0.26904799390747114,0.6890113189004211
there were 2 rebroadcasts of CR #80 since the end of the live show so far next during weekend replay,neither,0.046931547445054275,0.27829730698279076,0.6747711455721549
each week - dressed as a different Doctor.,neither,0.038058100647923095,0.3540547082767687,0.6078871910753081
Eric's TBD RPG: Showy McShowface (courtesy of Erika),neither,0.03945320844208391,0.33037608806864915,0.630170703489267
magic of friendship,neither,0.03945320844208391,0.33037608806864915,0.630170703489267
I have the Peter Capaldi coat. It's a great coat. :D,neither,0.036841046061699224,0.31245988551937315,0.6506990684189276
"hey mike, Duncan amy and Darin gandsLessthanthree",neither,0.03876864872709888,0.29623419793322636,0.6649971533396748
i just remembered this was on today... im so happy i did! looks rad and its just the beginning,neither,0.02862016926030175,0.36021564708778736,0.6111641836519108
this is not live?,neither,0.05696219743585026,0.3326356737600402,0.6104021288041096
You guys have to sing the Doctor Who theme tune!,neither,0.05311549348327107,0.39173769293464544,0.5551468135820835
we know her from her coins.,offensive_language,0.026851452898543928,0.6728754330368278,0.3002731140646282
@Psilio This is live.,neither,0.06264826366348325,0.3248039992423424,0.6125477370941744
Is it live? o.o Thought it said it was live...,neither,0.050706367379492384,0.262740860004219,0.6865527726162886
"Going off chat, only listening tonight. Take care y'all <3",neither,0.03735693639223107,0.37615841787731275,0.5864846457304561
Duncan has quite a London/Cockney accent.,neither,0.03974914150786927,0.32535333161851343,0.6348975268736174
They don't have chat.,neither,0.03884770661505278,0.3406530343072135,0.6204992590777338
"there were 2 rebroadcasts of CR #80 since the end of the live show so far, next during the weekend rebroadcast of the entire week's shows",neither,0.045323004605742935,0.2723167159459366,0.6823602794483206
@Lyra33Vega Yes we are live,neither,0.08020314876984677,0.27708883898294767,0.6427080122472055
ty @Danoba :),neither,0.03945320844208391,0.33037608806864915,0.630170703489267
pfft,neither,0.03945320844208391,0.33037608806864915,0.630170703489267
the queen a true woman f the peeps,neither,0.03663416551784116,0.3339167971597736,0.6294490373223852
It's a right howdy doody Mary Poppins,neither,0.03746247666823051,0.3465112357789117,0.6160262875528579
Amy gandsSubHype gandsSubHype gandsSubHype,neither,0.03945320844208391,0.33037608806864915,0.630170703489267
"Oh okay, thanks @WomsTV !",neither,0.04259985735407944,0.2558951159667174,0.7015050266792032
Np @Psilio,neither,0.03945320844208391,0.33037608806864915,0.630170703489267
Amy unofficially lives on Eric's show.,neither,0.04820620009876767,0.2832239406048201,0.6685698592964122
!amy,neither,0.03945320844208391,0.33037608806864915,0.630170703489267
"Amy Dallen is a comic enthusiast, a Geek & Sundry host, and a wonderfully thoughtful and charming fan-centric person! She plays 'Curie' in the Future Girl webseries! Find her at twitter.com/enthusiamy and check out Future Girl here, http://bit.ly/1U6LQdy",neither,0.0424926697379998,0.3822091474911776,0.5752981827708227
reinhardt reinhardt reinhardt,neither,0.03945320844208391,0.33037608806864915,0.630170703489267
Hi GeekandSundry & Hoomans! gandsHooman,neither,0.03945320844208391,0.33037608806864915,0.630170703489267
hi finnlayshards :),neither,0.03945320844208391,0.33037608806864915,0.630170703489267
Hey @finnlayshards,neither,0.03945320844208391,0.33037608806864915,0.630170703489267
Darin gandsSubHype gandsLessthanthree gandsSubHype gandsLessthanthree gandsSubHype gandsApplaud lirikCLAP lirikCHAMP,neither,0.03945320844208391,0.33037608806864915,0.630170703489267
"How good is Amy's ""Exterminate!""?",neither,0.047189017844622365,0.32771538848491494,0.6250955936704626
hrpgHeyo @finnlayshards,neither,0.03945320844208391,0.33037608806864915,0.630170703489267
I gandsLessthanthree Darin,neither,0.03945320844208391,0.33037608806864915,0.630170703489267
sub HYPE <3 <3,neither,0.03945320844208391,0.33037608806864915,0.630170703489267
hi PolythenePamster Danoba postdataest,neither,0.03945320844208391,0.33037608806864915,0.630170703489267
Darrrrin /clap/,neither,0.03945320844208391,0.33037608806864915,0.630170703489267
Darin gandsSubHype,neither,0.03945320844208391,0.33037608806864915,0.630170703489267
"""There are worlds out there where the sky is burning, the sea's asleep, and the rivers dream. People made of smoke, and cities made of song. Somewhere there's danger, somewhere there’s injustice, and somewhere else the tea's getting cold. Come on, Ace — we’ve got work to do!"" - The last words spoken on the original run of Doctor Who",neither,0.04075170516995889,0.29833264209187293,0.6609156527381682
lol darin,neither,0.020706217963973744,0.4882283491876925,0.4910654328483337
I missed Darin <3,neither,0.03945320844208391,0.33037608806864915,0.630170703489267
Do they have a CR replay today?,neither,0.03901997046436868,0.32023106654897054,0.6407489629866607
"@RuzgofDI She's enthusiastic, but utterly lacking in malice.",neither,0.03786699483642849,0.40480062774893855,0.5573323774146329
Darin! So great to see you again on G&S :D,neither,0.05591100776283179,0.43456849244869594,0.5095204997884721
Darin's awesome. :),neither,0.03945320844208391,0.33037608806864915,0.630170703489267
@Lowe505 No two more over the weekend,neither,0.03717657223817844,0.31048258411718777,0.6523408436446338
Hey Amy! Hey Darin! Hey Eric! Hey Michael! Hey Duncan! :D,neither,0.03945320844208391,0.33037608806864915,0.630170703489267
"cheer100 Here, have some bits to kick off your new show.",neither,0.1537804794795913,0.1713060186146788,0.6749135019057299
<3 starpilotsix,neither,0.03945320844208391,0.33037608806864915,0.630170703489267
@polythenepamster he's better than chocolate,neither,0.04483360134654288,0.3366102349756638,0.6185561636777933
!whodat,neither,0.03945320844208391,0.33037608806864915,0.630170703489267
"GM Eric Campbell (twitter.com/8BitEric ) and Darin De Paul (twitter.com/DarinDePaul ), Amy Dallen (twitter.com/enthusiamy ), Michael Holmes (twitter.com/michael_rholmes ), and Duncan",neither,0.03817232699257671,0.42885132068273824,0.532976352324685
But stick around is you can/want,neither,0.06351692277661547,0.3763616391260975,0.560121438097287
i have the Dr Who music stuck in my brain now. as my brain isn't crowded enough already... full of jibberish,neither,0.034508066827505963,0.4407781999671127,0.5247137332053814
Distracted Toddler!,neither,0.03945320844208391,0.33037608806864915,0.630170703489267
"Critternation3000, almost :D only almost",neither,0.03945320844208391,0.33037608806864915,0.630170703489267
Time's? Obito_13,neither,0.036668274527354654,0.377643684699956,0.5856880407726893
"Too bad the RPG didn't come in a boxed set, then you could call the show ""Mad Man With a Boxed Set""",neither,0.03639157109461175,0.374281413622796,0.5893270152825923
Tennant! :),neither,0.03945320844208391,0.33037608806864915,0.630170703489267
Darin is actually a Time Lord too. Little known fact. :P,neither,0.04381050573912088,0.3487204237615933,0.6074690704992859
Capaldi's great,neither,0.03629809395026052,0.28705760395740076,0.6766443020923386
Malcolm Tucker! (anyone get the reference),neither,0.038388383147075704,0.3246724724145128,0.6369391444384115
So excited to see this. I'm trying to get a friend into TTRPGs but he doesn't dig D&D but loves Doctor Who.,neither,0.04523962008942676,0.39483631737466407,0.5599240625359092
I really enjoy Eric went all out today,neither,0.03611434464312023,0.37602836673907947,0.5878572886178004
"@Lowe505 Rebroadcasts don't have set times, you'll just have to tune in and look at the schedule to see what is playing in order",neither,0.058180412775928114,0.34411776827965446,0.5977018189444174
Baker!,neither,0.03945320844208391,0.33037608806864915,0.630170703489267
Thanks,neither,0.035884468650613,0.3004919205142699,0.6636236108351171
Need more 2nd Doctor Love,neither,0.03838910394222795,0.3320840564229678,0.6295268396348042
i didn't even know there was a game,neither,0.02497427855684811,0.3095808751487259,0.665444846294426
They are so cool!,neither,0.07824582791825438,0.3276927776612823,0.5940613944204634
"No die, just coin toss",neither,0.1758694531466683,0.16329827923009468,0.660832267623237
"o3o"" I'm gonna have no idea what is going on here. *doesn't watch Doctor Who*",neither,0.07815686915664936,0.4057847185560552,0.5160584122872954
Seek! Locate! Destroy!,neither,0.03945320844208391,0.33037608806864915,0.630170703489267
Who made this game?,neither,0.03900037098567836,0.3554270524959677,0.6055725765183539
I have K9 in my room.,neither,0.025238949854268188,0.4505258701891496,0.5242351799565822
@psilio I'm pretty sure that there's a game for everything,neither,0.027772032249491013,0.38327368544550117,0.5889542823050078
!wtfisthis,neither,0.03945320844208391,0.33037608806864915,0.630170703489267
This is Eric's TBD RPG! Take a ride in the TARDIS with Eric and the gang as they play the DoctorWho RPG by Cubicle 7!,neither,0.03540093847336375,0.34168037362306586,0.6229186879035704
Cubicle 7 made the game!,neither,0.03764016735710624,0.2538471881841085,0.7085126444587851
"Come to think of it, Daleks say the same thing twice ""Seek, Locate""",neither,0.042546923523115884,0.3349639817596278,0.6224890947172563
Yup!,neither,0.03945320844208391,0.33037608806864915,0.630170703489267
I started with Baker too!,neither,0.02846819922907285,0.3722852098374917,0.5992465909334354
thanks,neither,0.035884468650613,0.3004919205142699,0.6636236108351171
"probably, @Critternation3000 :)",neither,0.037248874780404465,0.3677893831597844,0.5949617420598112
"If Darin want to tell stories, everything has to STOP and LISTEN! :P",neither,0.03418352639923289,0.37589172062311355,0.5899247529776536
"I started with Baker, it was before it came back on TV but it was reruns.",neither,0.026679234795493372,0.401347433787883,0.5719733314166237
rebroadcast playlist is not set until s9omeone makes after the end of show tonight 30+ hors os the weeks show into the 60+ hours before the channel goes live Monday CR times will be estimated once the playlist begins @Lowe505,neither,0.04827391834987822,0.2731727880224986,0.6785532936276232
And he was better than Moffat!,neither,0.04453112436376841,0.29208002707172387,0.6633888485645077
sub HYPE <3 <3,neither,0.03945320844208391,0.33037608806864915,0.630170703489267
@womstv agreed,neither,0.03945320844208391,0.33037608806864915,0.630170703489267
Ooooohhhh.,neither,0.03945320844208391,0.33037608806864915,0.630170703489267
heeheeehee,neither,0.03945320844208391,0.33037608806864915,0.630170703489267
Skills,neither,0.03945320844208391,0.33037608806864915,0.630170703489267
"I think I first saw Baker when I was a little kid but didn't understand it then in the 90s we had a SF channel that started playing the really early episodes and I caught some early Troughton and he became my first ""real"" Doctor.",neither,0.021534023738433685,0.3905385983788718,0.5879273778826946
"a who, now?",neither,0.040833363170663266,0.4615888815475862,0.4975777552817507
pun count 1,neither,0.03945320844208391,0.33037608806864915,0.630170703489267
sorry...,neither,0.03945320844208391,0.33037608806864915,0.630170703489267
Torchwood was good,neither,0.037975473254186445,0.33481650793596,0.6272080188098536
Torchwood S3 is the best.,neither,0.04569881681565188,0.30545020675068457,0.6488509764336636
heh if the name of my parrot wasn't a hint that i was a fan,neither,0.02295262777769992,0.4170074160380778,0.5600399561842222
I also have the Captain Jack coat. Also a very great coat. :D,neither,0.037971056585208274,0.3157332200337131,0.6462957233810785
I liked Torchwood the last season not so much,neither,0.034588966445406766,0.35505417057153743,0.6103568629830558
I didn't realise Dr Who was so popular in the USA,neither,0.029267663963387064,0.4222340159427336,0.5484983200938792
Um... Baker?,neither,0.03945320844208391,0.33037608806864915,0.630170703489267
I love John Barrowman,neither,0.035603556506922776,0.3484679872408236,0.6159284562522537
Captain Jack was awesome,neither,0.03935185215563835,0.3320963687684596,0.6285517790759022
*raises fist* BARROWMAN!,neither,0.03945320844208391,0.33037608806864915,0.630170703489267
never seen Torchwood. thanks for the tip,neither,0.02963295693560717,0.3164293470178756,0.6539376960465173
Eeeeew,neither,0.03945320844208391,0.33037608806864915,0.630170703489267
Looks like a visit from Captain Jack Harkness,neither,0.04841764596352908,0.32861371371516085,0.62296864032131
"@Lyra33Vega One of the actors who played the Doctor. Actually, there were two, Tom Baker and Colin Baker, but most people mean Tom.",neither,0.047056343819746965,0.3119482146602748,0.6409954415199781
"@Marshal_Mortier He really was. After Tennant left, I was not a fan of what I refer to as the ""Moffat"" era",neither,0.04701078214151808,0.3397997148688076,0.6131895029896743
"have to drop, everyone enjoy and have fun!",neither,0.044878010282947994,0.38340600400111435,0.5717159857159376
Take care @KnighthoodX :),neither,0.03945320844208391,0.33037608806864915,0.630170703489267
I are pissed! :P,neither,0.08059564750813865,0.2651347840844372,0.6542695684074242
"@starpilotsix Oh! Tom played the one with the scarf, yeah? Which one did Colin play?",neither,0.025872156393826454,0.39987377325153023,0.5742540703546434
sorry again...,neither,0.03691503259731841,0.3734555562654253,0.5896294111372562
bye bye,neither,0.03945320844208391,0.33037608806864915,0.630170703489267
@KnighthoodX Later,neither,0.03945320844208391,0.33037608806864915,0.630170703489267
"As you awake, you realise you have been eaten",offensive_language,0.08346411871459447,0.491735134493134,0.4248007467922716
@Lyra33Vega Yes. Colin played the one with the wild rainbow coat.,neither,0.031171712673411855,0.3522318987341452,0.6165963885924429
!timer,neither,0.03945320844208391,0.33037608806864915,0.630170703489267
There is 3 days 14 minutes 50 seconds ago until the next the channel returns from break. Have a happy and safe holidays everyone!,neither,0.03900738041906047,0.3287887612727803,0.6322038583081593
Fireball everything!,neither,0.03945320844208391,0.33037608806864915,0.630170703489267
"!whodat <<,how appropriate",neither,0.03945320844208391,0.33037608806864915,0.630170703489267
"GM Eric Campbell (twitter.com/8BitEric ) and Darin De Paul (twitter.com/DarinDePaul ), Amy Dallen (twitter.com/enthusiamy ), Michael Holmes (twitter.com/michael_rholmes ), and Duncan",neither,0.03817232699257671,0.42885132068273824,0.532976352324685
"@Ricky_Galletti Couldn't agree more, wasn't a big fan of Smith much as the Dr either, I love Capaldi but I think the often bad writing lets him and the show down",neither,0.031359084673215326,0.31358059577656244,0.6550603195502221
@lyra33vega blond curls with Ace,neither,0.03149730157037301,0.35724106653025217,0.6112616318993748
Colin Baker had a serious case of injustice with the BBC and Michael Grade.,neither,0.03284622829410196,0.3204567819627133,0.6466969897431847
We have a subscriber-only Discord server! Join here: https://t.co/Of0oLClO2v (you'll need to sub and link it to your Twitch) and be a part of the fun!,neither,0.09547053438395335,0.28230926502643855,0.6222202005896081
!whodat,neither,0.03945320844208391,0.33037608806864915,0.630170703489267
"Ohh, thanks @starpilotsix and @Mousegsm !!",neither,0.03676154273789559,0.2737469287769839,0.6894915284851204
so good to see Darin DePaul back!!! missed him!,neither,0.04476550217012932,0.37007088162480467,0.5851636162050662
me too Falibrand he really is awesome!,neither,0.044399186675042474,0.36825169277402414,0.5873491205509334
i think the whodat command cut of Duncan's name and twitter handle,neither,0.03770447250692349,0.3671708310040427,0.595124696489034
"Help G&S make great content! $4.99/month gets you emotes, Minecraft server access, Sub Only Q&As, VODs, and more! Every sub keeps the channel alive! twitch.tv/geekandsundry/subscribe",neither,0.043092924924402844,0.32365565443818894,0.6332514206374082
"Agree, he needs to be celebrated and supported more lol",neither,0.04253191817274732,0.3310362312742222,0.6264318505530304
cut off*,neither,0.03945320844208391,0.33037608806864915,0.630170703489267
so cliche wtf,offensive_language,0.043515246080232606,0.7943100532692837,0.16217470065048362
o.o amnesia spoooky,neither,0.03945320844208391,0.33037608806864915,0.630170703489267
"Kamotetop, no he's just not on social media",neither,0.03542991735683912,0.37680516124412633,0.5877649213990345
lol the left guy :P,neither,0.029261063563032274,0.3831661702362192,0.5875727662007486
o.o Darin is space potato?,neither,0.047645024103790776,0.32755854702194515,0.624796428874264
Does someone play as the Dr then?,neither,0.026654612455072026,0.44361761741886396,0.529727770126064
oh a potato,neither,0.04616347283623516,0.2671141167429414,0.6867224104208235
I see. Thank you @PolythenePamster,neither,0.0656350274106802,0.4148672660539683,0.5194977065353515
