text,top_class,hate_speech,offensive_language,neither
@critternation3000 oh nooo. Too much going on for all that hahaha :-) plus cineverse goes way late. I watch that on wed mornings.,neither,0.033275393884993405,0.3883335622656036,0.578391043849403
"Help G&S make great content! $4.99/month gets you emotes, Minecraft server access, Sub Only Q&As, VODs, and more! Every sub keeps the channel alive! twitch.tv/geekandsundry/subscribe",neither,0.043092924924402844,0.32365565443818894,0.6332514206374082
your not called @swiftfingers for nothing,neither,0.05946581424564791,0.3401130688887095,0.6004211168656425
:O drop cam??,neither,0.04968934272322975,0.32685541210525804,0.6234552451715121
@swiftfingers say whhhhhhaaaaaaat?,neither,0.03945320844208391,0.33037608806864915,0.630170703489267
you only need a D6 to play it,neither,0.07016046607801679,0.38215187270436185,0.5476876612176214
Whats on later,neither,0.036422009654774865,0.3449629873776514,0.6186150029675738
wheniscriticalrole.com/talksmachina TALKS MACHINA,neither,0.03945320844208391,0.33037608806864915,0.630170703489267
so everyone will be able to play,neither,0.04091229306564661,0.4352570247537965,0.523830682180557
Channel offline. No longer tracking points,neither,0.03888375554544231,0.3400411898782916,0.621075054576266
is that denise,neither,0.05154613418987003,0.42924314326430335,0.5192107225458266
"but I think there's about 10 players so that's gonna be harsh, even for a oneshot",neither,0.030261582847180158,0.39218173944179674,0.577556677711023
@onetearfalls I was wondering the same thing lol,neither,0.032305090065578024,0.37378940483426887,0.5939055051001532
@swiftfingers ohh that is a lot. But it will be fun nonetheless :-),neither,0.039981242960765044,0.35353359865518347,0.6064851583840515
Oh man IS that the famed Denise?,neither,0.051721680212129535,0.3762524362408491,0.5720258835470213
lI was just wondering the same thing too :),neither,0.03588872569106359,0.343635119158677,0.6204761551502593
"@swiftfingers that's a large group, good luck with that",neither,0.02658471538940674,0.4152472055833459,0.5581680790272474
Looks like Laura,neither,0.06065657410387526,0.35900090655837114,0.5803425193377536
it's Laura,neither,0.034373745257138544,0.33212314837979673,0.6335031063630647
Not in the jacket - there was someone else who walked off camera,neither,0.03824862558477567,0.3355557966892197,0.6261955777260048
"Finding people to play as an outsider in China is so hard, our group is only mostly 3 players big at most 5 if everyone could show up, including the DM",offensive_language,0.03854146347515039,0.5089310592773802,0.4525274772474695
morning all,neither,0.061967905254982546,0.21215969689978753,0.7258723978452299
@zathyr ohh must have missed her,offensive_language,0.032119653482932595,0.5088516074844285,0.459028739032639
"@swiftfingers I've played ina group like that before you have to get someone to act as your ""herding dog"" to get the chaos down",neither,0.05234360280125654,0.41465630811116555,0.5330000890875778
"DsnyPixChck, yeah, I'm not gonna make them roll stats or anything, I really want to streamline the story, so if they roll high enough, I'm good with it, if they critical it, then I'll make it awesome, if they critical fail, then it's gonna be fun",neither,0.021087749481700037,0.46202599215670137,0.5168862583615986
Chinese people love rpg's but I hardly ever see anyone interested in DnD,neither,0.050086080574655446,0.34226072330713536,0.6076531961182093
gandsSubHype gandsSubHype,neither,0.03945320844208391,0.33037608806864915,0.630170703489267
"no, this is patrick",neither,0.0477702786964481,0.34487707772510146,0.6073526435784505
geekandsundry is online. RevloBot is now tracking loyalty.,neither,0.05157974116510514,0.3262052173957376,0.6222150414391574
there's max,neither,0.03937607490075162,0.2849507453636636,0.6756731797355848
glad I found CR. Haven't done D&D or such since college 30 years ago,neither,0.0391930227628655,0.334792118075499,0.6260148591616355
Am I the only one wondering what they're staring at into the distance? haha,neither,0.04752110985646209,0.3646056371044022,0.5878732530391357
@KyHawkeye Welcome back then there sir,neither,0.03938434387090316,0.29323702912725663,0.6673786270018401
@swiftfingers you could premake the stats. I've had a DM do that before for a one shot.,neither,0.024827510470511818,0.39277607858505387,0.5823964109444344
"@MarkusIronhorn, I'm not going to specifically railroad them, but I built the narrative around angels and demons, I guess most of them saw the movie, so they'll follow the plot",neither,0.048781287254104744,0.31022772537989696,0.6409909873659982
@TehBunnieh the rest of the set?,neither,0.03775636539392983,0.2985120349389895,0.6637315996670807
"and they get to have a chance at destroying the vatican, as demons so...",neither,0.03991353307230842,0.3668082659743104,0.5932782009533814
hopefully its not gonna be 20 minutes late today,neither,0.03342526904866469,0.3526248630832594,0.6139498678680759
"back in the day, our group did D&D, V&V, Star Trek (Klingon), and Gamma World",neither,0.038816420658858646,0.29239429147257157,0.6687892878685697
@swiftfingers well when you put it that way XD,neither,0.037603412119433986,0.4776080913107345,0.4847884965698316
Tonight we answer the age old question - ARE WE ON THE INTERNET?!,neither,0.04810290325689151,0.2853635659019081,0.6665335308412004
"I might be in a small minority but I still don't care much for dnd, I just love the acting and storytelling inCR",neither,0.028900664158418885,0.31936090870389505,0.651738427137686
the hair!!!!!!!!!!!,neither,0.03793482152290453,0.3020491449720566,0.6600160335050389
"@MarkusIronhorn ""mmm that dragon should be turned a little more to the left I feel"" - ""really though? I think perhaps a tilt of 2 degrees might work better* That kinda thing?",neither,0.04402550930812387,0.3644154973824165,0.5915589933094595
"@DsnyPixChck, oh, I could, but I don't want the stats to go in the way of storytelling, and since it's a system that is unknown to all of them, I'm just going to eyeball it",neither,0.053963056068544304,0.3395092842430435,0.6065276596884122
@Critternation3000 Blasphemy!,neither,0.03945320844208391,0.33037608806864915,0.630170703489267
"if they make a smart decision, even if the roll is low, I'll allow it",neither,0.023416450944414278,0.38609819535968776,0.5904853536958979
@critternation3000 DnD isn't for everyone :-) i too love the story of CR,neither,0.030674623639361208,0.37475659348781315,0.5945687828728257
does blackmagic sponsor them with all the gear? if so that's really REALLY cool,offensive_language,0.021912195414627085,0.5138180562821327,0.46426974830324
"good plan, swiftfingers",neither,0.03862477639939439,0.3306610238363805,0.6307141997642249
@Critternation3000 hey nothing to be ashamed about it's not everyone's cup of tea.,neither,0.0356934292002581,0.4341100434350877,0.5301965273646543
group hug!,neither,0.03945320844208391,0.33037608806864915,0.630170703489267
"I missed last weeks... stupid sleep... but thankfully this time I have abookI can't put down... except I just put it down... only to track my reading progress though... and it so happened I went ""oh Talks machina in 30 mins""",neither,0.054260262986749304,0.32279866327419093,0.6229410737390598
"if they totally screw it up, then I'll have fun",neither,0.025116726265616788,0.4088586330675567,0.5660246406668267
@swiftfingers makes perfect since :-),neither,0.03943791626353967,0.3302480333343198,0.6303140504021406
cool sause,neither,0.03945320844208391,0.33037608806864915,0.630170703489267
That may or may not have been Denise who just waved to the camera and gave a thumbs up.,neither,0.03665337218110949,0.3730998347173412,0.5902467931015493
MOHAWK PERCY!,neither,0.03945320844208391,0.33037608806864915,0.630170703489267
oh neat we can watch the setup!,neither,0.046605968926867664,0.2815127752629325,0.6718812558101999
"I won't make Rock Fall on them, but I'll find an interesting way to make them pay for it :p",neither,0.05178737254780627,0.26922516620665105,0.6789874612455425
How long does talks machina usually last?,neither,0.028578976446852193,0.42854270600401423,0.5428783175491335
I see Tallisen,neither,0.03945320844208391,0.33037608806864915,0.630170703489267
1 hour,neither,0.03945320844208391,0.33037608806864915,0.630170703489267
rocks fall everybody dies is my favorite rpg meme,neither,0.036571627541490355,0.38031488114825035,0.5831134913102592
"I kinda feel like Im spying on marisha and talesin right now in a creepy way, gonna get some coffee instead",neither,0.04153161898546628,0.2993431222043469,0.6591252588101868
@asariel3 I feel like a fly on the wall haha,neither,0.040815364741013715,0.39821043618668306,0.5609741990723033
"learned that from a friend DM of mine, he always used to postpone critical fails, like ""your fireball fizzled"" then they get to meet the king, and he goes ""remember that fireball that fizzled? it goes off now, when you shake the hand of the king""",neither,0.05299349700788942,0.3750579110295493,0.5719485919625614
behind the scenes cams are fun,neither,0.05952421314051969,0.27962155289222135,0.660854233967259
Big Audience is Watching you!!!!,neither,0.042563512129230735,0.4335022148157657,0.5239342730550035
So.. has everyone seen the new G&S staff announcement?,neither,0.037005008486988414,0.3596687001197249,0.6033262913932866
So conflicted between watching all of Critical Role on Thursday or switching over to the Switch announcement X(,neither,0.03995755825649631,0.39054706021165414,0.5694953815318495
@Asariel3 I'm gettign drinks and spying on them multitaskingstalker,neither,0.04745869430601274,0.30166469064658963,0.6508766150473977
@me finally subbed for one minute in a row!,neither,0.030779191659205993,0.3547397944095559,0.6144810139312382
@DsnyPixChck >buzz buzz<,neither,0.03945320844208391,0.33037608806864915,0.630170703489267
"Oooo, Mohawk Taliesin",neither,0.03945320844208391,0.33037608806864915,0.630170703489267
"@fantasyfreakvi wait, it's the SAME TIME!?!?!???",neither,0.036474401335664514,0.3430250693160188,0.6205005293483168
What new staff announcement?,neither,0.04960651941098013,0.23185949683823304,0.7185339837507868
"yay, finally made it for an episode",neither,0.034333723253842055,0.3049142518042638,0.660752024941894
is this a rebroadcast?,neither,0.06444388513749441,0.32581973129223984,0.6097363835702658
"@fantasyfreakvi, as long as you can stay up, you can just watch the vod immediately after the switch announcement is done",neither,0.05613242161815999,0.43069070781955576,0.5131768705622842
"KoolKidKilla, it's live",neither,0.04484927957380506,0.32852013176635725,0.6266305886598378
Switch thing will be posted all over the internet the moment it is over.,neither,0.041634854296403505,0.3161491104082242,0.6422160352953723
@swiftfingers are you live?,neither,0.17163201679850826,0.3129944596103454,0.5153735235911464
I'm a live,neither,0.04891340716200846,0.3271222919257548,0.6239643009122369
oh! the behind the scenes cam is back!,neither,0.047372871305214156,0.2738299279398615,0.6787972007549243
"What colour do you think percy's vest is, im going for purple and yellow haha, my gut says it'll be mostly green though",neither,0.02305301501096448,0.1716856303418378,0.8052613546471976
he's Batman,neither,0.045841453576720426,0.3281788776300179,0.6259796687932617
@nanders Imma ded,neither,0.03945320844208391,0.33037608806864915,0.630170703489267
switch thing?,neither,0.03945320844208391,0.33037608806864915,0.630170703489267
So is it worth getting the Alpha for talks? I just subbed to G&S,neither,0.03734533181582851,0.37690807281175653,0.5857465953724149
Last of the Tallisen,neither,0.03799912959041977,0.30330985881124356,0.6586910115983367
@mattykusa https://twitter.com/geekandsundry/status/818888654575669248,neither,0.038839322835287696,0.43150949317999215,0.5296511839847202
"@DsnyPixChck yeah, Crit Role starts at 10 here and the Switch announcement starts at 11",neither,0.04502954590278779,0.36343134067523764,0.5915391134219746
Denise confirmed?,neither,0.03945320844208391,0.33037608806864915,0.630170703489267
"@Dragonchrome, I'm not saying I'm batman, I'm just saying no one ever saw me and him in the same place at the same time.",neither,0.026515198653954707,0.3531862064393216,0.6202985949067237
"@nikephouros I think so, but I enjoy the other shows on Alpha. Most people on here do not. It's a personal preference.",neither,0.07118028496581258,0.34043343201100407,0.5883862830231834
@nikephouros well it's the same show if that's why you're subbing,neither,0.043474794165100826,0.3650621487133831,0.591463057121516
;) right you are Sir,neither,0.10361206128347564,0.3488235334952156,0.5475644052213088
@swiftfingers nobody ever sees batman tho,neither,0.0316016429184123,0.4407909407943107,0.527607416287277
"Alpha is a paid service, yes?",neither,0.04562548823190422,0.32825315801532123,0.6261213537527746
<.<,neither,0.03945320844208391,0.33037608806864915,0.630170703489267
when do they upload talks machina to G&S site? or is that a thing of the past?,neither,0.03940314028100532,0.3687157630619019,0.5918810966570928
I tried signing up and nothing happened.,neither,0.03497585462391471,0.369956090054685,0.5950680553214003
I've never heard of it except for here,neither,0.03433239877669714,0.30286182106350473,0.6628057801597982
@fantasyfreakvi dang it. Looks like I'll be switching back and forth between the two.,neither,0.04507269728317978,0.29635402688722023,0.6585732758296
Loving the studio cam.,neither,0.03874405140145426,0.3174707459295168,0.6437852026690288
yeah alpha is like 5 a month just like twitch,neither,0.04154216291190934,0.4369623165225289,0.5214955205655616
"Thanks, @skell_jg !",neither,0.035884468650613,0.3004919205142699,0.6636236108351171
"ah, I see",neither,0.03945320844208391,0.33037608806864915,0.630170703489267
Alpha have a free month so you can just test it and see if it is wort it.,neither,0.03447816146193084,0.40313240450973686,0.5623894340283323
Hello everyone!,neither,0.03269494828970791,0.4450814005079928,0.5222236512022994
@swiftfingers Thats because he has the bat wing and you fly commericially,neither,0.05308834797696633,0.3128855020926732,0.6340261499303605
"im a bit confused, can we se Talks Machina on twitch aswell or do we have to pay for alpha?",neither,0.03809585712955902,0.33925472046626326,0.6226494224041779
wheniscriticalrole.com/talksmachina TALKS MACHINA,neither,0.03945320844208391,0.33037608806864915,0.630170703489267
grrr...Crashrim strikes again,neither,0.03799252068333047,0.35516777142597483,0.6068397078906946
bidet all,offensive_language,0.046917543854519406,0.6277741405869331,0.3253083155585475
"Ok, I'll try it out",neither,0.03344262995349823,0.34950259605189177,0.6170547739946101
"FluffyMoonBase, yeah, that's a hell of a jet",offensive_language,0.02577554573741129,0.7558854817411208,0.21833897252146797
