text,top_class,hate_speech,offensive_language,neither
"@Gahoclericle no just the schedule screen, nothing started for 17 minutes",neither,0.031185714798511198,0.3495268547006293,0.6192874305008595
is there no critical role tonight,neither,0.04289523416389503,0.2913612403918325,0.6657435254442725
Welcome,neither,0.03945320844208391,0.33037608806864915,0.630170703489267
gandsMatt,neither,0.03945320844208391,0.33037608806864915,0.630170703489267
cohhFA,neither,0.03945320844208391,0.33037608806864915,0.630170703489267
everybody dies,neither,0.03945320844208391,0.33037608806864915,0.630170703489267
All hail the golden snitch. Redeemer of wicked and patron of Nat 20's,neither,0.039297162950667514,0.33425738737016747,0.6264454496791649
"good to hear that it's offline, was wondering if it was on my end",neither,0.020924386686874796,0.4498541311088601,0.5292214822042651
@zranachan You are gonna be lost in the sauce,neither,0.0837139796148337,0.36042375565351936,0.5558622647316469
!critcountdown wheniscriticalrole.com #81 gandsMatt @HiryuuNoShi,neither,0.03945320844208391,0.33037608806864915,0.630170703489267
"The new episode of Critical Role starts in 15 Minutes, 46 Seconds",neither,0.0407907117450182,0.2782587054012244,0.6809505828537575
!repect,neither,0.03945320844208391,0.33037608806864915,0.630170703489267
@zranachan Save yourself from the spoileracoalypse.,neither,0.039595528610953154,0.2934060373806254,0.6669984340084214
bidet from Georgia it was freezing yesterday and mid 70s today,neither,0.03796516134826971,0.28878072631726204,0.6732541123344682
yeah video is screwed for me stuck on loading,neither,0.025158151719327372,0.3611044226051874,0.6137374256754852
"Am I the only one who is happy Travis referred to the dragons as ""Falkor"" on multiple occasions?",neither,0.04264659757297743,0.37713561674315893,0.5802177856838636
we are on super spoilers atm,neither,0.05793502825540163,0.3049845511612586,0.6370804205833397
Yeah tpk,offensive_language,0.013968601452186464,0.5182923869769311,0.4677390115708824
IS there music?,neither,0.05125166930623616,0.2693449058785665,0.6794034248151973
@HiryuuNoShi Got about 15 minutes!,neither,0.03661586507151046,0.40180125070217615,0.5615828842263135
Bidet from the UK,neither,0.039613273355342184,0.2892653269430044,0.6711213997016535
!rules,neither,0.03945320844208391,0.33037608806864915,0.630170703489267
"1) DON’T BE A DICK! 2) Racism, misogyny, misandry, homophobia, or any other hatred will not be tolerated 3) Rape jokes are not funny...EVER! 4) No spamming or posting of unnecessary links 5) When we dance, you dance 6) Keep it classy!! 7) Respect thy mod",offensive_language,0.05604509079481252,0.5130302277295207,0.4309246814756668
!critmusic,neither,0.03945320844208391,0.33037608806864915,0.630170703489267
The Critical Role theme song is written by Jason Charles Miller (bit.ly/CRsong ). The fan art music is Twin Elms from the Pillars of Eternity Soundtrack (youtu.be/WYMLvmilS24 ),neither,0.04451672980050135,0.3243004653192533,0.6311828048802453
:DDDDDDDDD,neither,0.03945320844208391,0.33037608806864915,0.630170703489267
My first time getting to watch live Yay!,neither,0.03295494844044451,0.4499936306943329,0.5170514208652225
first time watching live tonight,neither,0.03345545968770233,0.32837799393617645,0.6381665463761214
"@Flightdevil I mean, I would agree with you, and they will likely do the right thing with most of the money, but there really isn't a city here anymore... Lol",neither,0.044175276597585744,0.337655420945876,0.6181693024565381
"@WarmInsides, just catch up and come back, i just caught up, only took 18 months with like a 5 month break inbetween",neither,0.03050871163162397,0.4210545755134866,0.5484367128548895
@IcemanJLH82 it hasn't started yet so it might be,neither,0.03767455488833176,0.36789208905345894,0.5944333560582092
"Hey all, let's keep the rules and player choice critiques to a minimum tonight and just enjoy the show, please! =)",neither,0.03418702245201565,0.33190366000211496,0.6339093175458694
!mercer,neither,0.03945320844208391,0.33037608806864915,0.630170703489267
"Words from our DM to the Critters: ""Part of playing the game is messing up. Forgetting rules, misinterpreting elements, etc. We're far from paragon players. It's all just part of the fun!"" - Matt Mercer",neither,0.04689742583606043,0.3225910220792228,0.6305115520847168
Bidet from north Alabama!!!,neither,0.040454134749990676,0.3133877564139642,0.6461581088360451
What's with the special guest?,neither,0.059465399807467796,0.3286743323092635,0.6118602678832686
mandela effect didnt all the characters die last episode?,neither,0.10545014114442094,0.2403639343863125,0.6541859244692665
Does any one else have no audio? or is it just me,neither,0.0261058119327994,0.47531923915030877,0.4985749489168918
"well, I guess you guys are right, maybe I'll watch the intro and get going with the episodes i'm still missing xD",neither,0.05101218646093892,0.34681000431248843,0.6021778092265727
@HiryuuNoShi show starts around 10 PM EST. You still got another 15 minutes or so to wait provided they're on time of course :P,neither,0.09795974071888314,0.3267645080216706,0.5752757512594463
is there a sound issure?,neither,0.05092229796915451,0.2707711285406599,0.6783065734901856
gandsGandsVaxSigil gandsGandsVaxSigil gandsGandsVaxSigil gandsGandsVaxSigil gandsGandsVaxSigil gandsGandsVaxSigil gandsGandsVaxSigil gandsGandsVaxSigil gandsGandsVaxSigil,neither,0.03945320844208391,0.33037608806864915,0.630170703489267
"bidet from Washington,the snowy state!",neither,0.072705785196816,0.1976311891487525,0.7296630256544315
Have they started?!?!? Just tuned in...,neither,0.035153229104310756,0.3562271859488454,0.6086195849468439
is anyone else having issues with the underworld ads? they play at full volume and are un-mutable for me,neither,0.04839606664424791,0.3126159607137747,0.6389879726419775
i have no audio as well,neither,0.03653101587802434,0.3799733221956213,0.5834956619263543
@sammyhitsuji And the savior of guns,neither,0.0380839947766127,0.282328414818391,0.6795875904049963
Yay Nightbot.,neither,0.03945320844208391,0.33037608806864915,0.630170703489267
We have a subscriber-only Discord server! Join here: https://t.co/Of0oLClO2v (you'll need to sub and link it to your Twitch) and be a part of the fun!,neither,0.09547053438395335,0.28230926502643855,0.6222202005896081
No audio here,neither,0.08779328380752578,0.3049436221841135,0.6072630940083606
"Eh, Spoilers only bother me if I'm not expecting them. If it's my own fault then so be it.",neither,0.02610476902396679,0.46265502224834776,0.5112402087276855
No audio yet but hopefully soon so we can validate the :Levels and such,neither,0.03635317023921371,0.33249968679131536,0.631147142969471
everyone died las time,neither,0.03381139900566657,0.426132318153987,0.5400562828403463
Took me the better part of two months to catch up but now I'm here.,neither,0.05897121807429055,0.3504537150664503,0.5905750668592591
"facedesking at work in 6 hours, woot",neither,0.038804150496150165,0.3501457492331053,0.6110501002707446
First time watching live~,neither,0.03513206370154816,0.3516282956383994,0.6132396406600524
no audio here either,neither,0.08003800156679543,0.30862488238334207,0.6113371160498624
Any sound?,neither,0.03945320844208391,0.33037608806864915,0.630170703489267
#WEKNOW,neither,0.03945320844208391,0.33037608806864915,0.630170703489267
no audio either,neither,0.038653970136769994,0.34394124795559033,0.6174047819076397
Welcome Eggtog!,neither,0.03945320844208391,0.33037608806864915,0.630170703489267
"@Vorde_ The structures aren't there, yeah. But the people are still there. So, it'd be a good idea to leave the gold and make sure the city has enough to get back on its feet and only take the stuff that looks really old and incredibly legendary",neither,0.04191153536459163,0.34623767610713607,0.6118507885282722
@jakobman76 I've got no nothing on mobile it's not even showing as being live,neither,0.02043845156255019,0.42505123265204264,0.554510315785407
lol,neither,0.020706217963973744,0.4882283491876925,0.4910654328483337
I also have no audio,neither,0.03821939603018636,0.3513171046923571,0.6104634992774566
No audio,neither,0.03852177801590115,0.3461848932406789,0.6152933287434199
#weknow,neither,0.03945320844208391,0.33037608806864915,0.630170703489267
#WEKNOW,neither,0.03945320844208391,0.33037608806864915,0.630170703489267
No stream :(,neither,0.038465455673613855,0.34714083037889465,0.6143937139474915
no video/audio here,neither,0.08932095404853463,0.2266972550787266,0.6839817908727389
#TheyKNow,neither,0.03945320844208391,0.33037608806864915,0.630170703489267
no twin elms,neither,0.03841525844964217,0.3479928082740095,0.6135919332763483
maybe we're all deaf,neither,0.05850407925756037,0.3712939486268477,0.5702019721155918
#weknown,neither,0.03945320844208391,0.33037608806864915,0.630170703489267
"guys relax, they know",neither,0.03933502673351369,0.3323819400927675,0.6282830331737188
I don't think they have any audio on yet folks,neither,0.03750742025388308,0.3396891844325572,0.6228033953135597
Crank it to 11,neither,0.04450646661663313,0.32703712491279247,0.6284564084705745
hi,neither,0.03945320844208391,0.33037608806864915,0.630170703489267
bidet from (redacted),neither,0.04228451509352876,0.2823214250720796,0.6753940598343917
"@TheJorDagIsol They might not, this is all a new crew (same as last week's ""fun"" episode)",neither,0.04605990341863132,0.344642594759734,0.6092975018216348
;),neither,0.03945320844208391,0.33037608806864915,0.630170703489267
no audio or video,neither,0.04373622022192017,0.2576822003947948,0.6985815793832851
and the pitcrew said #weknow,neither,0.037938805775426944,0.2763973969007475,0.6856637973238255
:),neither,0.03945320844208391,0.33037608806864915,0.630170703489267
#KNOWAUDIO,neither,0.03945320844208391,0.33037608806864915,0.630170703489267
gandsTeamNoStream,neither,0.03945320844208391,0.33037608806864915,0.630170703489267
@Eggtog Yeah it took me like 3 months to catch up. I just watched it live for the first time last week.,neither,0.025270280575338085,0.43162355202591446,0.5431061673987475
Yep no audio at the moment,neither,0.037601129547628856,0.3462642120173867,0.6161346584349844
Skyrim refrance!,neither,0.03945320844208391,0.33037608806864915,0.630170703489267
I'm m early as ***,neither,0.03867346455558245,0.343610376791964,0.6177161586524536
where is the audio?,neither,0.04890881469647319,0.2795733213583069,0.6715178639452198
that'll do you,offensive_language,0.06323622390179653,0.47953286142406665,0.4572309146741369
AHH!! I'm so EXCITE!,neither,0.03941377270593328,0.36991412549041025,0.5906721018036565
I wouldn't worry about audio. they're either fixing it or don't have the playlist up. relax,neither,0.04369417896017024,0.35063615458319713,0.6056696664566326
SOUND,neither,0.03945320844208391,0.33037608806864915,0.630170703489267
"TeddyAlexandres, can confirm, not deaf. Cat meowing.",neither,0.038672515685407596,0.330571005615776,0.6307564786988163
Audio is good now,neither,0.04678774780566212,0.3278534036517929,0.6253588485425451
doogHype,neither,0.03945320844208391,0.33037608806864915,0.630170703489267
I don't have audio or video,neither,0.0438322914993067,0.25605162009149063,0.7001160884092027
audio now,neither,0.03945320844208391,0.33037608806864915,0.630170703489267
#wefixedit,neither,0.03945320844208391,0.33037608806864915,0.630170703489267
"Help G&S make great content! $4.99/month gets you emotes, Minecraft server access, Sub Only Q&As, VODs, and more! Every sub keeps the channel alive! twitch.tv/geekandsundry/subscribe",neither,0.043092924924402844,0.32365565443818894,0.6332514206374082
refresh if you can't see or hear,neither,0.03481872016614525,0.41163497743313643,0.5535463024007183
Alo,neither,0.03945320844208391,0.33037608806864915,0.630170703489267
"there we go, all fixed",neither,0.04205394388109019,0.3615571426960454,0.5963889134228645
@wyrmfyre92 REFRESH,neither,0.03945320844208391,0.33037608806864915,0.630170703489267
Beep Beep from Ohio!!!,neither,0.040754399270683486,0.3082914838698526,0.650954116859464
gandsGandsEars,neither,0.03945320844208391,0.33037608806864915,0.630170703489267
SOUND,neither,0.03945320844208391,0.33037608806864915,0.630170703489267
I'm so ready.,neither,0.03940999150142386,0.4037259204934871,0.556864088005089
yay audio!,neither,0.03945320844208391,0.33037608806864915,0.630170703489267
gandsGandsPoo gandsGandsPoo gandsGandsPoo gandsGandsPoo gandsGandsPoo gandsGandsPoo,neither,0.03945320844208391,0.33037608806864915,0.630170703489267
finally able to watch live,neither,0.05525777739417501,0.3235703710524136,0.6211718515534115
"Hey guys, did you know there is no video or audio?",neither,0.06061481383663233,0.2750251196416417,0.664360066521726
why is my subscriber badge not for the right amount of months?,neither,0.025061370787856026,0.37580669353756124,0.5991319356745827
YAY SOUND!!!,neither,0.03945320844208391,0.33037608806864915,0.630170703489267
thanks pit crew!,neither,0.037528256182875766,0.31425678567909415,0.64821495813803
That works,neither,0.03422672189597161,0.38755389974202165,0.5782193783620068
dat audio tho,neither,0.03569608133076006,0.3387758684160407,0.6255280502531992
waves,neither,0.03945320844208391,0.33037608806864915,0.630170703489267
WutFae,neither,0.03945320844208391,0.33037608806864915,0.630170703489267
Alpha stream is also Down.,neither,0.045692754691724305,0.32823002199524504,0.6260772233130306
*** love this show....you guys are the best,neither,0.10775791435987274,0.24078536062642403,0.6514567250137032
hello,neither,0.03945320844208391,0.33037608806864915,0.630170703489267
"Beep pleased, oooooh sound, yay!",neither,0.03945320844208391,0.33037608806864915,0.630170703489267
Anyone from Oklahoma?,neither,0.04047529495712325,0.3130286124751845,0.6464960925676922
So Raishan kills percy's sister and wipes out Whitestone,neither,0.03556631210897623,0.3443375986905573,0.6200960892004664
gandsGandsPoo,neither,0.03945320844208391,0.33037608806864915,0.630170703489267
"It's Vox Machina time, well soon",neither,0.036609261133861114,0.35287044367397136,0.6105202951921676
"Hey all, let's keep the rules and player choice critiques to a minimum tonight and just enjoy the show, please! =)",neither,0.03418702245201565,0.33190366000211496,0.6339093175458694
"Hey all, let's keep the rules and player choice critiques to a minimum tonight and just enjoy the show, please! =)",neither,0.03418702245201565,0.33190366000211496,0.6339093175458694
I have audio,neither,0.038859812706122966,0.3404475623473723,0.6206926249465048
"TeddyAlexandres, can confirm, not deaf. Cat meowing.",neither,0.038672515685407596,0.330571005615776,0.6307564786988163
It lives!,neither,0.03736581495009675,0.3310940384092298,0.6315401466406735
</3,neither,0.03945320844208391,0.33037608806864915,0.630170703489267
EYO FRIENDS,neither,0.03945320844208391,0.33037608806864915,0.630170703489267
!mercer,neither,0.03945320844208391,0.33037608806864915,0.630170703489267
;ets go fan art,neither,0.040657569954826084,0.33455574199444715,0.6247866880507267
"Words from our DM to the Critters: ""Part of playing the game is messing up. Forgetting rules, misinterpreting elements, etc. We're far from paragon players. It's all just part of the fun!"" - Matt Mercer",neither,0.04689742583606043,0.3225910220792228,0.6305115520847168
@DataFrogman Bidet from Ohio,neither,0.040754399270683486,0.3082914838698526,0.650954116859464
#pitcrew,neither,0.03945320844208391,0.33037608806864915,0.630170703489267
Pit Creeeeeeeeeeeeeeeeww! Pit Crew! twitter.com/pit_cru twitch.tv/pit_crew,neither,0.039083130642922924,0.38724255714604583,0.5736743122110314
my first live episode woooo!,neither,0.026315823858252933,0.4152873257335465,0.5583968504082004
First time watching live! Just caught up binge watching!,neither,0.032377684295479846,0.3908462491890858,0.5767760665154344
yay! Stream working!,neither,0.03945320844208391,0.33037608806864915,0.630170703489267
Thank you Tech Crew!,neither,0.053307153642172415,0.3772846116938399,0.5694082346639877
@Dolnor What else is new? Alpha is horrific,neither,0.059894205063212407,0.2602049823594592,0.6799008125773285
@rsslyder you're the best,neither,0.1093787374154703,0.3070743705698074,0.5835468920147223
Yay!,neither,0.03945320844208391,0.33037608806864915,0.630170703489267
"Alpha seems so buggy..I want to see that escape show with varney a lot tho, so might try it anywho",neither,0.03874839025574629,0.37973412790523686,0.5815174818390167
there were go!,neither,0.04130532639125126,0.25068311942639854,0.7080115541823502
Quick question before they turn off non-sub' chat...anyone have any suggestions on bringing magical boys into a campaign?,neither,0.03663880132534728,0.36473981960616536,0.5986213790684873
refresh,neither,0.03945320844208391,0.33037608806864915,0.630170703489267
hey @luap82517 :p,neither,0.03945320844208391,0.33037608806864915,0.630170703489267
i hope the pitcrew is on Larkin watch,neither,0.11516906448162992,0.18353695115098956,0.7012939843673806
im excited!!!!,neither,0.03831323557177047,0.373607799890799,0.5880789645374305
yay i can watch a live episode again!!!!,neither,0.04589265575989073,0.3472701614834806,0.6068371827566286
I now have video AND audio!,neither,0.042753912034831316,0.22278091234156397,0.7344651756236046
Cant wait for this episode,neither,0.03394119964388324,0.3046502500080094,0.6614085503481074
gandsSCANLAN gandsSCANLAN gandsSCANLAN gandsSCANLAN gandsSCANLAN,neither,0.03945320844208391,0.33037608806864915,0.630170703489267
watching magicians until CR starts~,neither,0.03945320844208391,0.33037608806864915,0.630170703489267
Rothfuss hype!,neither,0.03945320844208391,0.33037608806864915,0.630170703489267
HYPED,neither,0.03945320844208391,0.33037608806864915,0.630170703489267
LUL,neither,0.03945320844208391,0.33037608806864915,0.630170703489267
beep beep from nc,neither,0.04066490145509902,0.30981049537100724,0.6495246031738937
anyone from australia,neither,0.04045147822826935,0.31343284452054443,0.6461156772511861
A,neither,0.03945320844208391,0.33037608806864915,0.630170703489267
"""Brother Why""",neither,0.02502571980067093,0.3517368346894177,0.6232374455099113
"Yo, what's alpha and how do i use it?",neither,0.018055891124115035,0.42567247946389114,0.5562716294119939
Title!,neither,0.03945320844208391,0.33037608806864915,0.630170703489267
why is my subscriber badge not for the right amount of months?,neither,0.025061370787856026,0.37580669353756124,0.5991319356745827
G33kGrrly_Gaming did you say... Cats? doogWatson doogSherlock,neither,0.06378502029917743,0.19985996133737524,0.7363550183634473
"Beep beep from Ketchikan, Alaska!",neither,0.04066490145509902,0.30981049537100724,0.6495246031738937
hell yes Rothfuss hype,offensive_language,0.041511649996671084,0.7416479024825552,0.21684044752077375
my first time as well,neither,0.02027627107557208,0.47320873422475257,0.5065149946996752
"wait, ROTHFUSS?!",neither,0.03945320844208391,0.33037608806864915,0.630170703489267
Magical boys? *concern*,neither,0.03945320844208391,0.33037608806864915,0.630170703489267
*grinning like a fool*,neither,0.057143037824847656,0.35482833735751523,0.5880286248176371
YEA! @Belovedfinch,neither,0.03908133164861177,0.3366878077749653,0.624230860576423
MIami,neither,0.03945320844208391,0.33037608806864915,0.630170703489267
"Oh right, Keyleth should have lost her legs.",offensive_language,0.04431809986250757,0.5477003981070966,0.4079815020303958
I got my GF addicted to this...now she puts me on task trying to find 5e games here in NJ,neither,0.0544125301077514,0.3936341974017655,0.5519532724904831
Rothfuss what!?,neither,0.057770773616808734,0.3180719994247239,0.6241572269584672
Perth here,neither,0.22097653003277068,0.2221615150675793,0.55686195489965
Scanlan with his Dimensional Door at the end of the last episode though.... Grog sized balls brother!!!!!!,neither,0.0461612763127452,0.4172265773687072,0.5366121463185476
:D,neither,0.03945320844208391,0.33037608806864915,0.630170703489267
Cant wait!,neither,0.03945320844208391,0.33037608806864915,0.630170703489267
Australia,neither,0.03945320844208391,0.33037608806864915,0.630170703489267
still no audio or video here,neither,0.08144254011927397,0.24873003618873538,0.6698274236919907
#WheresLarkin,neither,0.03945320844208391,0.33037608806864915,0.630170703489267
Scanlan should of blown that horn alot sooner and no More Raishan,neither,0.043825531491377155,0.3519781122957447,0.6041963562128781
"Bidet from Austin, TX!",neither,0.0404991143919742,0.31262433450199256,0.6468765511060333
@Leigh574 hey Twin :),neither,0.03945320844208391,0.33037608806864915,0.630170703489267
"Bidet from Chongqing, China",neither,0.04079557052152802,0.30759270029461827,0.6516117291838538
I just got here omg what'd i miss??,neither,0.07179661751119835,0.35674665773186226,0.5714567247569393
Finch: I lived in Sydney for 5 yrs. Does that count?,neither,0.02591692013833627,0.41555013598938195,0.5585329438722818
Bees Knees from Canada~,neither,0.04028172181973645,0.31631405380227084,0.6434042243779927
Can I get a nice #thanksKeyleth from everyone who loves this girl as much as I do?,offensive_language,0.02964963347744152,0.4886319983585962,0.4817183681639622
Bidet from Minnesota,neither,0.04071751644889743,0.3089174816120565,0.6503650019390461
Woo! Sydney here,neither,0.07676543985183615,0.29933010087399275,0.6239044592741712
@sirspasticpants99 Alpha demands HIGH Internet connection...since they stream Very High Quality...too high for my internet...so I am here.,neither,0.04056097528971699,0.4335244031648785,0.5259146215454045
"Honey, where is my armor? We have a flying booger messing up the crops again!",neither,0.034433828987141146,0.4029389036614097,0.5626272673514491
@wyrmfyre92 F5,neither,0.03945320844208391,0.33037608806864915,0.630170703489267
Bidet from Minnesota!,neither,0.04071751644889743,0.3089174816120565,0.6503650019390461
"@edwardwcross Oh, poor you. ;)",neither,0.07483790750628795,0.3256766168468278,0.5994854756468841
"@Flightdevil, was about to suggest an archetype then remembered this is 5e and not pf, im of no help lol BibleThump",neither,0.039622657481783057,0.37717675906607345,0.5832005834521435
Bidet from Austin!,neither,0.04086843745212,0.30635595831493706,0.6527756042329429
I'm excited... but I'm only catching the first hour tonight #Switch,neither,0.031212679587756878,0.3141014541663948,0.6546858662458483
Minnesota woohoo,neither,0.03945320844208391,0.33037608806864915,0.630170703489267
bidet from Manchester UK!,neither,0.04040057148408362,0.31429686482539193,0.6453025636905245
"missed nuffin, just started fanart",neither,0.035749688851326136,0.3477132233134318,0.6165370878352421
Bidet from Queensland Australia!<3,neither,0.04062582848913359,0.31047366557575606,0.6489005059351104
bidet,neither,0.03945320844208391,0.33037608806864915,0.630170703489267
Beep Beep from down unda,neither,0.04134288094285669,0.29830341407829186,0.6603537049788515
Welcome China!!!,neither,0.03945320844208391,0.33037608806864915,0.630170703489267
#kikilove,neither,0.03945320844208391,0.33037608806864915,0.630170703489267
Bidet!,neither,0.03945320844208391,0.33037608806864915,0.630170703489267
remember when vax lost his foot to lava,neither,0.053615930844264456,0.3646274282597111,0.5817566408960244
patrick rothfuss is gonna announce his new book hopefully,neither,0.06403452764957174,0.30242731119334043,0.6335381611570878
what edition deos critical role play,neither,0.043247530466318414,0.3276287648528274,0.6291237046808541
Bidet from Portland Snow capped peaks and delightful lymrics about the futility of humanity.,neither,0.03829688866969879,0.3054723845142886,0.6562307268160128
anyone having trouble viewing the feed?,neither,0.038830719077187485,0.3190736474893296,0.6420956334334829
Bidet from Rio ^^,neither,0.04066490145509902,0.30981049537100724,0.6495246031738937
LUL I guess @dervish3,neither,0.03897256984069505,0.3361511774241255,0.6248762527351795
"Bidet from Bristol, England",neither,0.04071751644889743,0.3089174816120565,0.6503650019390461
Bidet!,neither,0.03945320844208391,0.33037608806864915,0.630170703489267
cant wait to see what happens go go crit role,neither,0.06712073238722349,0.32431521796295526,0.6085640496498212
YO WASSUP BIDET MY DUDES,neither,0.15929748940454838,0.3035410826947151,0.5371614279007366
5e,neither,0.03945320844208391,0.33037608806864915,0.630170703489267
Bidet from sunny Calgary!,neither,0.04062582848913359,0.31047366557575606,0.6489005059351104
"@Flightdevil I mean, if we're being fair, they are the only reason the city is alive is due to them. We're talking like a 1 million platinum reward in my opinion lol",neither,0.061547041969179386,0.3629078478425279,0.5755451101882927
Bidet from New Orleans!,neither,0.04450700662299174,0.21166473641774403,0.7438282569592642
#ThanksKeyleth,neither,0.03945320844208391,0.33037608806864915,0.630170703489267
Bidet from Michigan!,neither,0.040769555981420263,0.3080342349327864,0.6511962090857933
danYay adventure!,neither,0.03945320844208391,0.33037608806864915,0.630170703489267
ANybody else not getting video?,neither,0.039390285273098506,0.31575259477769535,0.6448571199492062
Bidet in 45 degrees (Sydney),neither,0.03945320844208391,0.33037608806864915,0.630170703489267
@strayfuh 5e with some carryover from pathfinder,neither,0.016447912473927972,0.38339158372351645,0.6001605038025556
Video! Yay,neither,0.04560974719352429,0.22588355817090294,0.7285066946355727
!criticalrole,neither,0.03945320844208391,0.33037608806864915,0.630170703489267
Bidet from Texas,neither,0.040937266849991,0.30518774380265185,0.6538749893473571
cant wait,neither,0.03945320844208391,0.33037608806864915,0.630170703489267
Good lord @starpilotsix are you always on the chat?,neither,0.07125152862522768,0.3725641486729438,0.5561843227018285
Bidet from SLC,neither,0.04228451509352876,0.2823214250720796,0.6753940598343917
are they live? I only have the play option and its not working? tried refreashing too,neither,0.04951789468118725,0.2820297958785196,0.6684523094402931
@Strayfuh 5th Edition,neither,0.03945320844208391,0.33037608806864915,0.630170703489267
Double down for austin bidets,neither,0.03382534582888513,0.30226770239405937,0.6639069517770555
for those having trouble seeing just back out and come back in,neither,0.04141522440930401,0.28441640394880185,0.6741683716418941
Bidet from California,neither,0.06971251856910227,0.2972619859879888,0.633025495442909
"""what do we say to the god of death?"" ""Take me!""",neither,0.04294532439719545,0.3437941226118184,0.6132605529909861
\Bidet and Beep beep!,neither,0.03763944115734239,0.1918412352459551,0.7705193235967025
!edtion @Strayfuh,neither,0.03945320844208391,0.33037608806864915,0.630170703489267
Eyyyyy @Lacerad - Fargo here. Glad I'm not the only popsicle in the group! :D,neither,0.06612409377507315,0.2871853261562906,0.6466905800686363
Bidet from Ohio,neither,0.040754399270683486,0.3082914838698526,0.650954116859464
Bidet from Jersey,neither,0.0408364874901429,0.30689823255244486,0.6522652799574122
I'd stay there if I could!,neither,0.021156906046940527,0.3429852703352223,0.6358578236178372
@ClayPlusPlus Hey Im from New Orleans too! :D,neither,0.04259696070788833,0.2688251092339076,0.688577930058204
be pleased from holland,neither,0.04120417896879982,0.31414125076670996,0.6446545702644904
"@gameipedia Lol. xD Yeah, I really wanted to talk to my DM about magical bows and stuff for campaigns since other players get cool swords and stuff and I'm left out as a ranger.",neither,0.021509240811900577,0.3925400855437842,0.5859506736443151
Bidet from (frozen) Montana!,neither,0.04044317782059623,0.3135737241010953,0.6459830980783086
"got my GGG shirt in the mail yesterday, finally",neither,0.030010963485327745,0.41054010910594857,0.5594489274087238
bidet from southeast michigan!,neither,0.040769555981420263,0.3080342349327864,0.6511962090857933
75%!,neither,0.03945320844208391,0.33037608806864915,0.630170703489267
Bidet form WA,neither,0.03945320844208391,0.33037608806864915,0.630170703489267
"Bidet from Jacksonville, Florida",neither,0.0408948396164547,0.30590784468201904,0.6531973157015263
Bidet,neither,0.03945320844208391,0.33037608806864915,0.630170703489267
all these people buckling down in aussie heat,offensive_language,0.09395006378918688,0.5018189127858323,0.4042310234249809
@infussle yea Bristol club haha,neither,0.0347865191241403,0.4095819848827687,0.5556314959930909
BIG rizpect for ze pit crew from Paris!,neither,0.026952091574855123,0.3389645987589274,0.6340833096662175
fifth time refreshing still nothing,neither,0.03551106893355345,0.3972844836927053,0.5672044473737413
beep beep everybody,neither,0.03945320844208391,0.33037608806864915,0.630170703489267
Oh this comic!,neither,0.04939556150520872,0.24024567700663657,0.7103587614881547
Bidet from Germany,neither,0.04069404815304118,0.30931579984010865,0.6499901520068502
Bidet from San Francisco,neither,0.040391840503121675,0.31444505235836057,0.6451631071385178
Bidet from Alabama. And congrats to Clemson!,neither,0.045766118663193626,0.2753184178335351,0.6789154635032713
"@Squirrelgnome No, not always. But a lot.",neither,0.03175867938689241,0.4234393562376554,0.5448019643754521
"first live episode, pretty pumped",neither,0.03715377990187892,0.3311669669853068,0.6316792531128143
"aw, they put those in the wrong order",neither,0.05748453742467535,0.2630604867962916,0.679454975779033
I can't watch Alpha for Critical Roll but it works fine for their other shows.,neither,0.03389368184584216,0.30284531459429587,0.6632610035598621
@G33kGrrly_Gaming did you say... Cats? doogWatson doogSherlock,neither,0.06378502029917743,0.19985996133737524,0.7363550183634473
!edition @Strayfuh,neither,0.03945320844208391,0.33037608806864915,0.630170703489267
"whoops, put those panels out of order",neither,0.05438752954641743,0.28626161692714597,0.6593508535264366
"For D&D enthusiasts who are curious, the Critical Role Team is playing a modified version of Dungeons and Dragons 5th Edition converted from Pathfinder.",neither,0.050189168847164,0.2902573354412162,0.6595534957116197
Bizet from Alabama~,neither,0.04078317879478948,0.307803020237201,0.6514138009680096
is the screen black for anyone else>?,neither,0.05728440586790277,0.2749351153036257,0.6677804788284715
@kadethebard Bidet from Ohio,neither,0.040754399270683486,0.3082914838698526,0.650954116859464
how is the gang gonna elude certain death this week? so ready!,neither,0.04304669306759244,0.3769727580603984,0.5799805488720091
have i missed anything yet???,neither,0.03893984915421126,0.33908913494482906,0.6219710159009597
bi·detbəˈdā/nounnoun: bidet; plural noun: bidetsa low oval basin used for washing one's genital and anal area.,neither,0.03580695271494546,0.311772776705271,0.6524202705797836
Bidet from Utah!,neither,0.04066490145509902,0.30981049537100724,0.6495246031738937
Comic in the wrong order. >_<,neither,0.038450815401486066,0.31198424346090614,0.6495649411376078
@kastley5 F5,neither,0.03945320844208391,0.33037608806864915,0.630170703489267
that comic was cool,neither,0.0337458163838524,0.39397952143948695,0.5722746621766607
Bidet from Brazil,neither,0.04079557052152802,0.30759270029461827,0.6516117291838538
All I have is a play button I think I forgot to reinstall something,neither,0.052758744992353966,0.3775187010087146,0.5697225539989315
bidet from yorkshire!,neither,0.04228451509352876,0.2823214250720796,0.6753940598343917
bidet!,neither,0.03945320844208391,0.33037608806864915,0.630170703489267
bidet,neither,0.03945320844208391,0.33037608806864915,0.630170703489267
Bidet from S Ontario gandsLessthanthree,neither,0.04062582848913359,0.31047366557575606,0.6489005059351104
so it's normal to not be able to hit the play button on my screen right now?,neither,0.03580245430019281,0.40825541794041903,0.5559421277593881
bidet!,neither,0.03945320844208391,0.33037608806864915,0.630170703489267
Bidet from Missouri!,neither,0.04071751644889743,0.3089174816120565,0.6503650019390461
froze to death in a volcano! LUL,neither,0.043733616755219425,0.32784655702519194,0.6284198262195886
wait what? i have to sub to watch live??,neither,0.06663439209159422,0.32368528003752683,0.609680327870879
This is the first time hearing this live ;w;,neither,0.04122250673239225,0.3342202377370815,0.6245572555305264
i watch playback on Alpha and live on Twitch - not sure if its just my computer but streams better live,neither,0.023047515211190292,0.4493669109744237,0.527585573814386
Greetings from Canada!,neither,0.04071751644889743,0.3089174816120565,0.6503650019390461
bidet from Brazil!,neither,0.04079557052152802,0.30759270029461827,0.6516117291838538
I keep having to press play. Probably because I punched my computer because twitch hates me.,neither,0.03286887230178542,0.39533842381551965,0.5717927038826948
"yo yo... Oxford, UK represent",neither,0.03973524107837941,0.4447924144089862,0.5154723445126345
Anyone hosting a non-sub chat?,neither,0.03945320844208391,0.33037608806864915,0.630170703489267
yes radiantreina,neither,0.03945320844208391,0.33037608806864915,0.630170703489267
bidet!,neither,0.03945320844208391,0.33037608806864915,0.630170703489267
10 MINUTES!!!!,neither,0.03945320844208391,0.33037608806864915,0.630170703489267
"lol didnt think of that, off all the places to get frozen, in a volcano",neither,0.036483726971571276,0.4128944435456824,0.5506218294827463
Bidet from NC!,neither,0.04066490145509902,0.30981049537100724,0.6495246031738937
Bidet all! Good night for a Kerr package!,neither,0.028688982159045865,0.3604487337460055,0.6108622840949487
Bidet from Texas,neither,0.040937266849991,0.30518774380265185,0.6538749893473571
"bidet from Erie, PA",neither,0.04069404815304118,0.30931579984010865,0.6499901520068502
Whats up everyone i just spent the last month catching up now i can finally watch live YAYAYAYAY,neither,0.03580794170924451,0.4295364638073533,0.5346555944834022
Ice Storm in Oklahoma. Office is closed tomorrow. I can stay up late and watch Crit Role live for a change.,neither,0.04290816567395069,0.31641577555598094,0.6406760587700683
Why don't they show the behind the scenes guys getting ready for crit role any more???,neither,0.03483688885567336,0.3005264696841643,0.6646366414601623
VIDEO IS FINE FOLKS. REFRESH YOUR BROWSER.,neither,0.0778182430107639,0.2517291164100926,0.6704526405791436
"I'm constantly blown away by how creative this community is, man am I glad to be a part of it",neither,0.04768506624225477,0.3720534207518417,0.5802615130059035
bidet from Greater Manchester!,neither,0.04066490145509902,0.30981049537100724,0.6495246031738937
bidet from Marshall Texas,neither,0.040446819126485664,0.3135119216371003,0.6460412592364141
bidet,neither,0.03945320844208391,0.33037608806864915,0.630170703489267
Death to Raishan !,neither,0.05054516479396605,0.3240155839715476,0.6254392512344864
"if you dont see fan art or hear playlist, and refresh does nothing, try shutting down completely and reenetering.",neither,0.029221519608990172,0.4111444351787543,0.5596340452122553
Beep beep only around 20c in Perth :),neither,0.03945320844208391,0.33037608806864915,0.630170703489267
Bidet from NY!,neither,0.04084513770590474,0.30675141581570226,0.6524034464783931
tried to dig out my car. so... cold...,neither,0.032035503698041666,0.4371990386513775,0.5307654576505808
Bidet from Minnesota!,neither,0.04071751644889743,0.3089174816120565,0.6503650019390461
bidet from bidet,neither,0.04228451509352876,0.2823214250720796,0.6753940598343917
"rizanhameed, no you don't. you only have to sub to CHAT while watching",neither,0.0770512255566233,0.4066664288061036,0.5162823456372733
hopefully Zarya and Kash are alright,neither,0.06411089263615827,0.2482803374164243,0.6876087699474175
Mod! If I sub will I be able to view episodes before Monday?,neither,0.03102253115071561,0.3845758403951195,0.5844016284541649
"Bidet from Tulsa, Oklahoma",neither,0.04066490145509902,0.30981049537100724,0.6495246031738937
sup from Australia,neither,0.04038525337528278,0.3145568531088204,0.6450578935158968
"rizanhameed no, don't worry. knly chat is sub only",neither,0.04492688873132493,0.3389872496472656,0.6160858616214095
WOW this art real this week is really amazing great job to everyone who sumbitted,neither,0.038605007403084514,0.46223020341355164,0.49916478918336377
bidet from columbus,neither,0.040737273169946825,0.30858215849491494,0.6506805683351382
When does it start?,offensive_language,0.016657143906209267,0.5095962980709364,0.4737465580228543
Bidet and beep beep everyone!,neither,0.029752341624462542,0.4278807541485688,0.5423669042269688
ahmg the mouse percy is toooo cute,neither,0.045499350497423,0.2967639582927327,0.6577366912098443
BIDET,neither,0.03945320844208391,0.33037608806864915,0.630170703489267
beep beep,neither,0.03945320844208391,0.33037608806864915,0.630170703489267
PERCY MOUSE!,neither,0.03945320844208391,0.33037608806864915,0.630170703489267
"@gameipedia, 18 months to catch up!! wow, that's a lot xD I've been watching for a mont more or less and still wayyy back",neither,0.02454528654089535,0.3353567074264254,0.6400980060326792
Bidet from Chicago!,neither,0.04078317879478948,0.307803020237201,0.6514138009680096
its nearly time for the 3am critical role XD,neither,0.03133392199587996,0.3157476997762167,0.6529183782279034
you can do it pit crew!,neither,0.054922669114580054,0.3689711540173578,0.5761061768680621
bidet from Texas,neither,0.040937266849991,0.30518774380265185,0.6538749893473571
Hi my name is Entwin,neither,0.03409345573862743,0.42445182347825783,0.5414547207831146
Y'all ready?,neither,0.04266383671900264,0.4554783810201113,0.5018577822608861
LUL pike,neither,0.03945320844208391,0.33037608806864915,0.630170703489267
beep beep,neither,0.03945320844208391,0.33037608806864915,0.630170703489267
"Bidet from Rio, Brazil",neither,0.04040057148408362,0.31429686482539193,0.6453025636905245
Mobile is working fine.,neither,0.04635322621148028,0.32800285555328146,0.6256439182352382
Oh okay. They were offline for me! That's much better.,neither,0.027709008408850933,0.31532465640228957,0.6569663351888596
bidet from Kansas City,neither,0.04050054910234117,0.3125999837227694,0.6468994671748894
"WarSawNova, yes.",neither,0.03945320844208391,0.33037608806864915,0.630170703489267
bidet from New Jersey,neither,0.04458029923653559,0.209841401288464,0.7455782994750004
it's only five bucks and = tons of entertainment,neither,0.038080643014395406,0.30591076398145733,0.6560085930041473
Bidet from Pensacola,neither,0.04228451509352876,0.2823214250720796,0.6753940598343917
wait so is one of theit characters dead that was created before the current group,neither,0.03827238640173049,0.41550634855216423,0.5462212650461052
"Lol, so ready for CR TONIGHT LESS GO",neither,0.029271269743733022,0.3612529988838645,0.6094757313724025
mouse percy,neither,0.03945320844208391,0.33037608806864915,0.630170703489267
bidey from kentucky,neither,0.04071751644889743,0.3089174816120565,0.6503650019390461
@Blinka_28 Bidet amigo,neither,0.03945320844208391,0.33037608806864915,0.630170703489267
It's 3am here in Aberdeen (Scotland) and I have work in the morning :-(,neither,0.06584968300181901,0.21027088577766567,0.7238794312205152
Kansas City!!,neither,0.03945320844208391,0.33037608806864915,0.630170703489267
Bidet from Ottawa!,neither,0.04228451509352876,0.2823214250720796,0.6753940598343917
