text,top_class,hate_speech,offensive_language,neither
THANK you all for the advice.,neither,0.04818330572574935,0.40208648843366873,0.5497302058405819
<3 That's what DM's are for.,neither,0.0628727777891325,0.28876284019824766,0.6483643820126199
swiftfingers : no worries :D,neither,0.03848957175417732,0.3467315175537778,0.6147789106920449
i think im gonna go without armor with a shield,neither,0.030713502160342694,0.41899253321389285,0.5502939646257646
"@corksy123 2 days from now, in 30 minutes or check out wheniscriticalrole . com",neither,0.03725997195536053,0.3294635349886006,0.6332764930560387
Masterjj1162 : it depends what weapon you will get,neither,0.056836273300183086,0.351096902345384,0.5920668243544329
"If you're still seeing the schedule you might want to refresh, the wait screen is up.",neither,0.06051926104836245,0.40627655948106245,0.5332041794705752
And if you have more question ask people you play with and/or your DM,neither,0.07749068942450514,0.3856719957059728,0.536837314869522
Evening chat.:D,neither,0.03945320844208391,0.33037608806864915,0.630170703489267
me think they are gonna need to redesign the set because of all the cool critmas stuff,neither,0.05348372300012876,0.3696737879734015,0.5768424890264697
"Bern is majorly Swiss german, so I'd go on Roll20 if I were you",neither,0.03936714141590833,0.45950548603559266,0.5011273725484989
@MC_Thanks thank you :),neither,0.07325166854587051,0.43632638485078484,0.49042194660334476
wheniscriticalrole.com,neither,0.03945320844208391,0.33037608806864915,0.630170703489267
"Masterjj1162 : if your group finds a cool two-handed weapon, you should really drop the shield and go for it, a barbarian can really use a lot of advantages with strength-based weapon",neither,0.03267005005804219,0.38096859979316783,0.58636135014879
first lol,neither,0.019293400983715816,0.4273106465362499,0.5533959524800343
"true, the dm was gonna let us pick basic starting weapons. im just worried with all the spell casters. im the only melee. and i MUST tank everything",neither,0.037622781915478555,0.3640260983728587,0.5983511197116627
selfie},neither,0.03945320844208391,0.33037608806864915,0.630170703489267
"HELP IS ON THE WAY, Denise! Some guy named...Glenn?",neither,0.035988158302091414,0.34170478982389013,0.6223070518740184
Channel offline. No longer tracking points,neither,0.03888375554544231,0.3400411898782916,0.621075054576266
"and you can always ask here, 95% of the time there's someone who plays or DMs - though response can be a little slow off-hours",neither,0.0631050118915053,0.3471828596698492,0.5897121284386454
I mean just look at Grog,neither,0.03486737533501532,0.38710624999521603,0.5780263746697687
I haven't played D&D since the 80s but watching Critical Role has made me want to play again,neither,0.03623330984281409,0.3536724459574079,0.6100942441997781
"Question, has anyone ever played as an amnesic character in D&D?",neither,0.03859852259675769,0.34488233741614754,0.6165191399870947
Up to you really. Don't try to min max everything and just have fun.,neither,0.051656618955129914,0.37565023752948123,0.5726931435153889
"Masterjj1162 : if it is normal equipment, go with one-handed weapon and shield",neither,0.026485665387696217,0.37672457292658684,0.5967897616857171
MC I have and it was a great time,neither,0.03499151365370022,0.30411231857775817,0.6608961677685417
I love the plea for help lol,neither,0.02650362602900568,0.34656775584101884,0.6269286181299755
"If travis would ever get his AC to 20 he would enter altered beast mode, but the character is just an endless well of HP",neither,0.043051156387790696,0.35098803269589846,0.6059608109163108
I just got Fantasy Grounds and am really wanting to play,neither,0.0390395115658353,0.3436180996503988,0.6173423887837659
geekandsundry is online. RevloBot is now tracking loyalty.,neither,0.05157974116510514,0.3262052173957376,0.6222150414391574
"agreed.. ive always tanked in mmos, so i figured id be confy trying it first.. but tis weird that im the only melee.. lol",neither,0.027305692945965014,0.44335150814286595,0.529342798911169
This feels like ghost vision. We're all just ghost haunting the G&S set. gandsSpoopy,neither,0.05155931597738885,0.3628974321767689,0.5855432518458423
"in dungeons and dragons home games, you don't have to play the ""meta""",neither,0.05486728112289839,0.3212463580742092,0.6238863608028924
which one do you think is denise,neither,0.07355973363800765,0.40576193854528414,0.5206783278167081
that's true you can never really go wrong with sword and board,neither,0.03607249316626802,0.40442565625583654,0.5595018505778955
Dont spook me Bacon,neither,0.03290674028009047,0.36560601556057754,0.601487244159332
right?!,neither,0.03719022913728602,0.3744360956046963,0.5883736752580178
the not above the screen on the left,neither,0.03465349050632114,0.3091705605216053,0.6561759489720735
"I like that sign. ""Brian will not let me leave... Please send help""",neither,0.02901878865259394,0.39626849702251543,0.5747127143248907
all of my yay,offensive_language,0.028595408974853995,0.5170112443320876,0.4543933466930584
Can ghosts spook ghosts?,neither,0.03982683559553934,0.32403466018534105,0.6361385042191197
hqniltkd -> Only those that we deem worthy shall possess the power of the Hyperlink [warning],neither,0.048140585852785724,0.2990817588418225,0.6527776553053918
note&,neither,0.03945320844208391,0.33037608806864915,0.630170703489267
"Masterjj1162 : I am currently playing Eagle Totem Barbarian that started out exactly like that.. but like two sessions into the group (I was joining a party mid-adventure, as one of their previous players dropped and they were looking for new faces) they handed me off a really cool greatsword nobody else was using becaus they were all squishy dex-based guys or ranged attackers.",neither,0.034558873570365495,0.40176320105981855,0.563677925369816
dat *** doe,neither,0.03945320844208391,0.33037608806864915,0.630170703489267
"but when I think barbarian I think Conan, Arnie version",neither,0.03211283083616039,0.3554726662940621,0.6124145028697775
"Well, remember that tanking in D&D isn't like other game, specifically MMO's. Any smart enemy will go after the others.",neither,0.04291748973447363,0.3190523328289915,0.6380301774365349
Sweet! My post in /r/lfg got a bunch of replies!,offensive_language,0.03192574340132417,0.5190338035505864,0.4490404530480895
I know have a few more potential DMs.,neither,0.04044871884882183,0.32984005043760783,0.6297112307135704
now*,neither,0.03945320844208391,0.33037608806864915,0.630170703489267
Masterjj1162 : So I changed the shield and battleaxe for that.,neither,0.028480346823166528,0.3327311826566231,0.6387884705202104
"Haha, I just noticed that sign. I wish there were more 'times' like this, get to see behind the magic",neither,0.04150096626956887,0.3632103708623303,0.5952886628681008
SUP DUDES! Bidet and all the Beeps from Canada doogHi doogCool,neither,0.04002620314780159,0.3226154108429767,0.6373583860092217
nice,neither,0.03945320844208391,0.33037608806864915,0.630170703489267
#FREEDENISE,neither,0.03945320844208391,0.33037608806864915,0.630170703489267
feliciaToronto,neither,0.03945320844208391,0.33037608806864915,0.630170703489267
#SaveDenise,neither,0.03945320844208391,0.33037608806864915,0.630170703489267
Who will be on the show tonight?,neither,0.049832562692869536,0.26661754964673456,0.6835498876603958
"Masterjj1162 - mid-term consideration - look into using polearm and sentinel feat (extended reach and opportunity attacks freeze the opponent) if you are the only melee, will help you control things",neither,0.04867039315603359,0.33727973730395133,0.6140498695400151
was that Denise?,neither,0.030667155429851628,0.4292504569866666,0.5400823875834818
"""Brian will not let me leave. Please send help!""",neither,0.02524198931049035,0.3650646229355673,0.6096933877539423
#FREEDENISE,neither,0.03945320844208391,0.33037608806864915,0.630170703489267
NOOO WE HAVE SEEN DENISE,neither,0.0387750929705322,0.34188547736123875,0.6193394296682291
#SaveDenise,neither,0.03945320844208391,0.33037608806864915,0.630170703489267
gandsGandSDenise gandsGandSDenise gandsGandSDenise,neither,0.03945320844208391,0.33037608806864915,0.630170703489267
Whoa. Special Effects HYPE,neither,0.06921444705692828,0.31279607171506235,0.6179894812280093
#FreeDenise,neither,0.03945320844208391,0.33037608806864915,0.630170703489267
gandsGandSKiki,neither,0.03945320844208391,0.33037608806864915,0.630170703489267
gandsGnSBigsby,neither,0.03945320844208391,0.33037608806864915,0.630170703489267
Masterjj1162 : another way is the Mobile feat - will allow you to move around the battlefield a lot more,neither,0.08889959119825017,0.2725432031550958,0.6385572056466541
#freedenise,neither,0.03945320844208391,0.33037608806864915,0.630170703489267
"true, but i figured since i was the only melee i would always be in the middle of everything. and my only goals is to not die. lol but i also no i would kill everything alot faster with 2hander. just dont know how squishy id be with a 2hander early",neither,0.1149944838061469,0.29812353953609444,0.5868819766577588
#freeDenise,neither,0.03945320844208391,0.33037608806864915,0.630170703489267
#DeniseLivesMatter,neither,0.03945320844208391,0.33037608806864915,0.630170703489267
"@Masterjj1162, Do you enjoy gaming the game or just playing?",neither,0.04644661692969897,0.3317072071186196,0.6218461759516813
i seen that too but bear totem seems hard to pass up,offensive_language,0.03123826019135277,0.5383138927743996,0.43044784703424754
as a bard you are naturally not squishy,neither,0.07394000025754312,0.3607813915040831,0.5652786082383737
when did this start??,neither,0.027811045646038854,0.3921104707509081,0.5800784836030531
Bear totem is amazing.,neither,0.04819585529762103,0.3273690909156907,0.6244350537866883
barb,neither,0.03945320844208391,0.33037608806864915,0.630170703489267
"What if Denise is stuck inside a printer, that's where we're getting all these signs from!?",neither,0.038827002284078774,0.2904225970808135,0.6707504006351078
gandsAJinSpace,neither,0.03945320844208391,0.33037608806864915,0.630170703489267
zdene you missed aspot.... #iknow,neither,0.05557183961162296,0.3758598878669526,0.5685682725214244
gaming the game,neither,0.03800096793703197,0.27258396664435436,0.6894150654186136
The Talks Machina heart beat.,neither,0.03857968852023141,0.3144080468435356,0.647012264636233
LOL someone needs help.,neither,0.03170986810432865,0.3865298300087544,0.5817603018869169
"oh man, every time Brian says ""Denise!"" all I can think of is Starkid's ""Airport for Birds"" skits with Denise Donovan",neither,0.01910538692665648,0.20667477158059355,0.77421984149275
Was that matt wiping the table?,neither,0.036039073335782226,0.34973895916631276,0.614221967497905
bear totem makes you literally a tank,neither,0.05324890611198594,0.3695387519785691,0.5772123419094448
Bear Totem is best Totem,neither,0.048201698129567185,0.3182754543425292,0.6335228475279036
"@MC_Thanks, never tried that, but my next character is going to be a puppeteer bard who mostly speaks through his puppet which is chaotic evil, while he's lawfull good",neither,0.04974411735048279,0.4425850370214598,0.5076708456280574
Denise's brother is Denephew,neither,0.05282228103668591,0.3257778509564865,0.6213998680068277
PogChamp,neither,0.03945320844208391,0.33037608806864915,0.630170703489267
Yay I see liam,neither,0.03945320844208391,0.33037608806864915,0.630170703489267
I have a Bear Totem Dwarf Barbarian Multiclassed with 1 level of fighter,neither,0.03269277118412377,0.35709509831840924,0.6102121304974669
gandsSubHype,neither,0.03945320844208391,0.33037608806864915,0.630170703489267
Is that Liam or Travis on the couch?,neither,0.03938603298975677,0.35398604605719347,0.6066279209530497
"Alright, then listen to the people talking about feats and such. Sentinel is fantastic. Shield Master would be great if using a shield and sticking to one.",neither,0.04579505935758648,0.34799353322689874,0.6062114074155149
liam lol,neither,0.031120645729857982,0.3912535864736078,0.5776257677965343
level 6 total,neither,0.03945320844208391,0.33037608806864915,0.630170703489267
swift...dude,neither,0.03945320844208391,0.33037608806864915,0.630170703489267
I also have a dwarf war cleric,neither,0.03901112475829799,0.33787940192897337,0.6231094733127286
Just saw the message :D :D,neither,0.03384174189609977,0.33547426460913393,0.6306839934947663
and a Dwarf Beastmaster Ranger,neither,0.038762504882024776,0.2959001987515814,0.6653372963663937
"Ah, can tell now.",neither,0.039772059481189344,0.32496435380012734,0.6352635867186832
"and if any of you guys like that idea, feel free to use it",neither,0.02019833115728335,0.4699583997840607,0.509843269058656
"@swiftfingers that sounds great, those the puppet get it's own sheet?",neither,0.0653702570234218,0.28798367171247574,0.6466460712641026
"I always feel a bit like a show off as a Wizard. My Fireball just decimates enemies and my party mates have trouble dealing damage to one guy. But when I run out of higher level slots, which is really quick, it's ""firebolt"", ""....uhhh...firebolt"", ""*sigh* firebolt""",neither,0.033829354429353226,0.42172151362913174,0.544449131941515
like the character from batman...the ganster puppet guy,neither,0.04527509874887076,0.3122880833218794,0.6424368179292498
Is that a Liam?! gandsGandsVaxSigil gandsLessthanthree,neither,0.0436934699612105,0.3723876712986079,0.5839188587401816
laura's in her french girl pose,offensive_language,0.027217457245603597,0.5600807291690176,0.41270181358537866
"@ExtremelyVile, That's Liam and standing behind the couch is Travis LUL",neither,0.04058185766080993,0.3213859394374634,0.6380322029017266
Shield Master is one of the best feats IMO.,neither,0.04360988470176958,0.33413712627995856,0.6222529890182719
"Tonights Guests: Sam, Liam, Laura, and guest from CritRoleStats",neither,0.03958440539038711,0.28887143521515085,0.6715441593944622
Oh my god! Laura is seducing Brian!,neither,0.03964423900295431,0.363584157930064,0.5967716030669816
lol Laura just loungin,neither,0.018816262566788276,0.48452760283280155,0.49665613460041014
Great lineup!,neither,0.037507137138927386,0.30443356479121075,0.658059298069862
Scandalous,neither,0.03945320844208391,0.33037608806864915,0.630170703489267
Once again everyone!! THANk you for the info.. im gonan grab some food before the show starts! :),neither,0.03811718645182506,0.40554488821949025,0.5563379253286846
Stop touching his ass!!!,offensive_language,0.1557042136403039,0.8424001109334871,0.0018956754262090187
<3,neither,0.03945320844208391,0.33037608806864915,0.630170703489267
laura wants to be painted like one of Brian's French hunters,neither,0.04984680976402826,0.3587360877969069,0.5914171024390649
wolf is good if you hav a tank in group want to be scond tank nd give bonus to stroike to party mebers,neither,0.048787582600110395,0.3662433980933142,0.5849690193065754
Bidet all from AZ,neither,0.043150563600555976,0.39649058521260827,0.5603588511868358
A lot of butts have been on the couch Laura,neither,0.03608055938604588,0.338993107793986,0.6249263328199681
Beep beep,neither,0.03945320844208391,0.33037608806864915,0.630170703489267
shhh arse touching is unavoidable Kappa,neither,0.0443947577387649,0.32867646266780015,0.626928779593435
"brian, let him go, now",neither,0.026321014323858288,0.3662330573245299,0.6074459283516118
"""What is dragon fire?"" - me behind my shield with a successful save",neither,0.02855401701865791,0.42567131241345846,0.5457746705678836
that**,neither,0.026110925149043836,0.4791292047641166,0.4947598700868395
What's uuuuuuuuuup my Twitch chat people! Welcome welcome,neither,0.04994083192601457,0.37646058035591096,0.5735985877180745
lots of buts have been on lots of couches so what,neither,0.04027423781475517,0.3711387591171519,0.588587003068093
Think they will be on time?,neither,0.03755937376345295,0.3349806497286316,0.6274599765079155
im calling for help,neither,0.03239069108452899,0.33212511882209234,0.6354841900933786
this is far too enjoyable to watch for some reason lol,neither,0.036006728794602545,0.35675254199907247,0.607240729206325
"Sam is guest, so no",neither,0.045637765726056725,0.37891407256465415,0.575448161709289
Hey Brian!,neither,0.03945320844208391,0.33037608806864915,0.630170703489267
hey @BrianWFoster,neither,0.03945320844208391,0.33037608806864915,0.630170703489267
"@MC_Thanks, if the DM allows it yes, otherwise I'll work it into the main character sheet, but seriously, I can't think of any DM who wouldn't have a blast and allow it",neither,0.029890951886110368,0.3473495202819574,0.6227595278319322
All hail the Brian,neither,0.040050304215958586,0.3771397657053097,0.5828099300787317
@Spectre_sore Love that feat...Now if only my DM would stop using AE and start using single target spells :D,neither,0.022360433915460987,0.4707738023798544,0.5068657637046846
Hey Brian - how was your first D&D game?,neither,0.054537381063073195,0.2931191112582555,0.6523435076786713
Hey Brian,neither,0.03945320844208391,0.33037608806864915,0.630170703489267
Hey Brian,neither,0.03945320844208391,0.33037608806864915,0.630170703489267
Morning all :),neither,0.061967905254982546,0.21215969689978753,0.7258723978452299
"@tko552 Not 'far', just right. I've always enjoyed these types of things, shows the effort that goes into it, from everyone.",neither,0.024114305092473847,0.43872809160203424,0.537157603305492
ayo Brian,neither,0.03945320844208391,0.33037608806864915,0.630170703489267
nathanFeels,neither,0.03945320844208391,0.33037608806864915,0.630170703489267
Think we're starting AT 7 tonight.,neither,0.05246415081404315,0.2998969231481761,0.6476389260377807
Hey Brian #freeDenise,neither,0.03945320844208391,0.33037608806864915,0.630170703489267
Brian Wayne Foster hosts Critical Role After Show.,neither,0.047974962600275686,0.2863078116601487,0.6657172257395756
"cohhHi So who's on tonight? Sam, Laura.. anyone else?",neither,0.035274064222091187,0.40394107730361384,0.560784858474295
Any ideas on what to add from the set since Critmas?,neither,0.04580641824542083,0.31124342248029724,0.6429501592742819
@brianwfoster that's ambitious.,neither,0.035126807190173845,0.3775266654705279,0.5873465273392982
@MC_Thanks Touche sir,neither,0.03945320844208391,0.33037608806864915,0.630170703489267
Brain Foster will kidnap to stay as our host,neither,0.042801986699468705,0.33401053684513066,0.6231874764554007
"is anyone else having stuttering problems, or is it just me?",neither,0.04037045124361673,0.37032844873297516,0.5893011000234083
I took the eagle totem because I wanted to try something different :) And my barbarian is really good in the hit-and-run tactic,neither,0.03839578095111572,0.31493071271072803,0.6466735063381563
BrianWFoster - even with Sam as a guest? has the freeway suddenly emptied?,neither,0.03125354045437185,0.3668490587327009,0.6018974008129272
good day @BrianWFoster,neither,0.039184892391848775,0.3050917618113163,0.6557233457968349
Bidet and Beep beeP,neither,0.03763944115734239,0.1918412352459551,0.7705193235967025
Is that the back of Denise?,neither,0.0443483230881249,0.3644821397625472,0.591169537149328
wkxuxjneee -> Only those that we deem worthy shall possess the power of the Hyperlink [warning],neither,0.048140585852785724,0.2990817588418225,0.6527776553053918
ye,neither,0.03945320844208391,0.33037608806864915,0.630170703489267
@TirieHoneyblue That's the only problem. :/,neither,0.033594393832526874,0.3628955389183927,0.6035100672490805
#freedenise,neither,0.03945320844208391,0.33037608806864915,0.630170703489267
"Bear barbarian is what you take if you want to soak a lot of damage and Wolf is what you take if you have a party with a lot of other melee characters, especially rogues",neither,0.05258128703905917,0.4263495880647871,0.5210691248961536
Hi @postdataest,neither,0.03945320844208391,0.33037608806864915,0.630170703489267
you are almost a monk with eagle totem yeah that makes sense,neither,0.039253377196510196,0.46224753370770727,0.49849908909578244
Note the piece of paper on the left hand side,neither,0.033434628429642115,0.3419180232531742,0.6246473483171837
Brian will not let me leave..,neither,0.022015066796154156,0.3749761530164921,0.6030087801873536
that can benefit a lot from the advantage,neither,0.03644658219343208,0.3328947961340618,0.6306586216725061
bigby's hand out of a puppet would be awesome,neither,0.0361418166991469,0.3411567309432993,0.6227014523575538
#freeall,neither,0.03945320844208391,0.33037608806864915,0.630170703489267
gandsGandSDenise,neither,0.03945320844208391,0.33037608806864915,0.630170703489267
#SaveDenise,neither,0.03945320844208391,0.33037608806864915,0.630170703489267
Liam O Brien Looks like a homeless person. But like an EMO Homeless person... :D :D,neither,0.04698528627780313,0.345669310846075,0.607345402876122
