text,top_class,hate_speech,offensive_language,neither
mash ur face into the phone dewvoltage88,neither,0.05790471544051674,0.3108990427272272,0.6311962418322562
is critical role tonight?,neither,0.04383260453268435,0.30912267521297954,0.647044720254336
gandsSCANLAN passed out on suude,neither,0.031053882945635106,0.3675564856580052,0.6013896313963597
k,neither,0.03945320844208391,0.33037608806864915,0.630170703489267
First time going to watch this live,neither,0.04477681212377092,0.36938447559936294,0.5858387122768662
it depends did her character die on Blindspot,neither,0.11507330246533297,0.34405403828042647,0.5408726592542406
Der n der in 30min,neither,0.03945320844208391,0.33037608806864915,0.630170703489267
wheniscriticalrole.com episode #82,neither,0.03945320844208391,0.33037608806864915,0.630170703489267
keep it friendley people,neither,0.08835340112615472,0.3248414151253108,0.5868051837485344
GAHJ,neither,0.03945320844208391,0.33037608806864915,0.630170703489267
"!clock Critical Role is, as it has always been, at 7 pm Pacific time",neither,0.039677903259427466,0.4011839614222565,0.5591381353183161
It is currently 6:32 PM at the Geek & Sundry studio in California.,neither,0.0521166184383263,0.3295454606199628,0.6183379209417109
don't remember it ever being offline,neither,0.03278846448752626,0.36146751711324315,0.6057440183992305
@dewvoltage88 when she is done filming blindspot :),offensive_language,0.03612249940218794,0.5216017521442671,0.44227574845354484
*hypeeeeeeeeeeee*,neither,0.03945320844208391,0.33037608806864915,0.630170703489267
"holy *** batman, music just gave me a heart attack",neither,0.032263881055327764,0.36776778530032644,0.5999683336443459
@PipersTwin @EIUPaladin356 o/,neither,0.03945320844208391,0.33037608806864915,0.630170703489267
artwork :),neither,0.03945320844208391,0.33037608806864915,0.630170703489267
*** warn us before you do that,neither,0.08682360108902595,0.44870414375897427,0.4644722551519997
just mash your forehead into your fone,neither,0.08824749390318957,0.3315725452336456,0.5801799608631649
Bidet from Maryland!,neither,0.04066490145509902,0.30981049537100724,0.6495246031738937
"Hi, @Dragonchrome",neither,0.03945320844208391,0.33037608806864915,0.630170703489267
phone,neither,0.03945320844208391,0.33037608806864915,0.630170703489267
"@Sev_Bentley Not necessarily. If pike gets taken out first, they die. You also have to take into account how powerful they are. Realistically speaking, a group such as VM wouldn't really fall that easily.",neither,0.07829082623192041,0.31011460122807194,0.6115945725400076
Woo,neither,0.03945320844208391,0.33037608806864915,0.630170703489267
oh boy im excited for tonight,neither,0.03563410856083868,0.27478579793317776,0.6895800935059836
Its Lil Bits! Do you have a tiny mouth... no? has someone made that joke? lol,neither,0.03704412160206079,0.4294725261867076,0.5334833522112314
Scanlan the great bard of awesome is high as *** tonight!,neither,0.037478698934211525,0.36886476853744715,0.5936565325283413
@Kenpachi_31 Remeber they only got the Vestiges they knew about. Their are others out there if they so indeed want to look for them,neither,0.042847563751982155,0.3475107057121585,0.6096417305358592
"OH, that's right",neither,0.03969491098785812,0.3465162193355661,0.6137888696765759
EYO FRIENDOS,neither,0.03945320844208391,0.33037608806864915,0.630170703489267
!!!,neither,0.03945320844208391,0.33037608806864915,0.630170703489267
"@Sev_Bentley If they DO die, it's either due to bad luck or lack of preparation.",neither,0.08761423354297689,0.23941833875565677,0.6729674277013663
bidet!,neither,0.03945320844208391,0.33037608806864915,0.630170703489267
Hi @JC_Wijma,neither,0.03945320844208391,0.33037608806864915,0.630170703489267
"so if we're down a sam, does that mean it's up to laura to bring the comedy to the ad read?",neither,0.03381933760308338,0.4488025335997196,0.5173781287971971
"Wait, so, we'll actually get to see Patrick in a fight for once?",neither,0.03890837818364824,0.34245205168604154,0.6186395701303101
although I find the lack of Asamir twin artwork disappointing,neither,0.04176894178625161,0.25405345893014314,0.7041775992836053
Bidet from Texas. Super excited to watch Critical Role before spending the next three days playing D&D m'self.,neither,0.04282203470576482,0.34679229463930117,0.610385670654934
@Sev_Bentley And the absence of their only source of ressurection.,neither,0.03811813808890013,0.28368746765238506,0.6781943942587149
hi everyone :),neither,0.032490659208996964,0.4485487193596734,0.5189606214313296
Bidet from Wisconsin,neither,0.04071751644889743,0.3089174816120565,0.6503650019390461
Scanlan isn't here tonight,neither,0.09408252452569,0.26213163154355584,0.6437858439307542
1 MONTH UNTIL 2 YEARS!,neither,0.03945320844208391,0.33037608806864915,0.630170703489267
"I never see Pike saving the day. She doesn't do much preventative spells, only reactive. I love Ashley, but as a cleric she's just ok.",neither,0.030838711578291784,0.46325248415117415,0.505908804270534
!uptime,neither,0.03945320844208391,0.33037608806864915,0.630170703489267
"Bidet and Beep Beep from Sydney, Australia!",neither,0.03960105917937375,0.28436446709729124,0.676034473723335
Bidet! :D,neither,0.03945320844208391,0.33037608806864915,0.630170703489267
@IamEquos DAMN! I'm only at 13 months! Grays!,offensive_language,0.04394802807591897,0.7712033388204802,0.18484863310360083
wisconsin represent,neither,0.03945320844208391,0.33037608806864915,0.630170703489267
Love this show ❤,neither,0.05833385288354363,0.23792695023094135,0.703739196885515
"@Dragonchrome, Found my DM for my character after all",neither,0.02213839805002142,0.47446373158615684,0.5033978703638218
"Bidet from Tomball, TX",neither,0.04081748366884477,0.3072207769958956,0.6519617393352596
My D&D isn't until saturday,neither,0.028784923949738486,0.4129362935132142,0.5582787825370474
refresh browers for art if you havent,neither,0.030973765140341305,0.37657364026569695,0.5924525945939617
"@Vance1982 They're not Assimar. They're just celestial children, right?",neither,0.05875816442269834,0.32167720822571066,0.619564627351591
Bidet from Ohio,neither,0.040754399270683486,0.3082914838698526,0.650954116859464
Its like when you PVP on WOW. First rule is take out the healers. DP the hell out of tank and everything else falls,offensive_language,0.03660182094356279,0.547630864383459,0.4157673146729782
more like scanlan's CC/reduction from cutting words that saves them.,neither,0.05333305207184127,0.34270172138365945,0.6039652265444991
Bidet from Jersey,neither,0.0408364874901429,0.30689823255244486,0.6522652799574122
"Bidet from Killeen, TX",neither,0.04081748366884477,0.3072207769958956,0.6519617393352596
Bidet from Japan,neither,0.04069404815304118,0.30931579984010865,0.6499901520068502
@savemexenu1 Mine isn't until next Tuesday :'(,neither,0.03886886844961341,0.3402938627467321,0.6208372688036544
I wonder if Mercer is going to further level up Kerrek. A level 7 paladin fighting along side lvl 16 characters is easily within one-shot territory.,neither,0.03598143025587704,0.4001521559437284,0.5638664138003945
Alluras gunna Kick some *** I bet,neither,0.032081357800077974,0.34315801664088047,0.6247606255590415
"@JC_Wijma so glad, I hope you enjoy hte game, that's excellent news :)",neither,0.07277371251323875,0.3083736533856357,0.6188526341011255
@FapMastaJ every monthi s appreciated man. i wish i could pre pay for anothe year to be honest,neither,0.03963204264847385,0.34580348996892935,0.6145644673825968
bidet from North Carolina,neither,0.04040057148408362,0.31429686482539193,0.6453025636905245
RIP,neither,0.03945320844208391,0.33037608806864915,0.630170703489267
"Bidet from Nashville, TN",neither,0.04041510871920598,0.31405013000620496,0.645534761274589
bidet from minnesota!,neither,0.04071751644889743,0.3089174816120565,0.6503650019390461
ive only seen this how like 6 times now and ive instantly fallen in love with it,neither,0.03605310271079016,0.34250454616308734,0.6214423511261224
"Flight, Matt has said their assimir",neither,0.039780189896091375,0.3248263594405478,0.6353934506633608
@Flightdevil against the fight against the pit find he called them assimars,neither,0.05483232955883434,0.22505357701300244,0.7201140934281632
#TheLastAfairTheNecromancersLair @Geekandsundry,neither,0.03945320844208391,0.33037608806864915,0.630170703489267
I play pf have a session tomorrow and either another group or a grups group later lol,neither,0.05272249381142907,0.3073016408034729,0.6399758653850981
beep beep from Macomb IL,neither,0.04066490145509902,0.30981049537100724,0.6495246031738937
:D,neither,0.03945320844208391,0.33037608806864915,0.630170703489267
can't wait to see allora in action omgerrd,neither,0.04637532642216772,0.32198249226783904,0.6316421813099932
I think the children are Murphy Zombie Babies. Yeah to much ZNation today lol,neither,0.03618031324431187,0.37144128391506875,0.5923784028406194
Is it Thursday yet?,neither,0.04651135664277627,0.32794846724679255,0.6255401761104311
REFRESH,neither,0.03945320844208391,0.33037608806864915,0.630170703489267
"Anyone running a game looking for an experienced (in 3.5 ed) player, PM me please :)",neither,0.02969027034717725,0.36281544155148643,0.6074942881013362
It hasn't started yet right?,neither,0.037440823484005306,0.34668950297081347,0.6158696735451812
"!clock Critical Role is, as it has always been, at 7 pm Pacific time",neither,0.039677903259427466,0.4011839614222565,0.5591381353183161
It is currently 6:35 PM at the Geek & Sundry studio in California.,neither,0.052375096518378066,0.32951951266350976,0.6181053908181122
@IamEquos I agree! But who knows if after their contract they will stay with Geek and Sundry or bounce to another stream more reliable to their schedules,neither,0.045437104677870495,0.33438125489477366,0.6201816404273558
wait no sam tonight? wanted to see more of scandlans downward spiral,neither,0.04245236436179166,0.316132841559262,0.6414147940789463
Beep beep,neither,0.03945320844208391,0.33037608806864915,0.630170703489267
bidet,neither,0.03945320844208391,0.33037608806864915,0.630170703489267
Bidet from Virginia!,neither,0.04079557052152802,0.30759270029461827,0.6516117291838538
"I DM'd last week, first time ever. was so fun/stressful/waymorefunthanithought xD",neither,0.03417134171725035,0.37371046064006036,0.5921181976426894
I went back and watched the episode that had their introduction and he did say assimir,neither,0.03897270630108448,0.2974505762420857,0.6635767174568299
"@Dragonchrome, The crew is a little bit inexperienced, but they are getting the feel for the roleplay drama I bring.",neither,0.04731075055829318,0.31047681797775,0.6422124314639567
Refresh if you don't see artwork,neither,0.03377205899107372,0.4326387654816197,0.5335891755273064
!wallet,neither,0.03945320844208391,0.33037608806864915,0.630170703489267
tyranosaurus_crassus has 610 coins,neither,0.03989735448983053,0.32283777050957063,0.6372648750005988
Bidet from Australia!,neither,0.04062582848913359,0.31047366557575606,0.6489005059351104
Bidet?,neither,0.03945320844208391,0.33037608806864915,0.630170703489267
bidet everyone :),offensive_language,0.02988896790634741,0.4927062106388782,0.4774048214547744
Bidet from Bulgaria!,neither,0.04228451509352876,0.2823214250720796,0.6753940598343917
"@Flightdevil that's a good point. I think pike is a bit cheating though. Don't get me wrong, I love her, but Ashley is gone a lot and I doubt they'll kill pike is ashley isnt there, so to me it just seems like they're off-handed playing a cleric to heal/rez themselves",neither,0.10373304622341306,0.3901594584409966,0.5061074953355904
Any video up yet?,neither,0.042787901956190186,0.28434842221842216,0.6728636758253876
nice all the Ker art,neither,0.039977406062977915,0.3717822933996251,0.588240300537397
"Bidet from Lebanon, KY",neither,0.04062582848913359,0.31047366557575606,0.6489005059351104
bidet,neither,0.03945320844208391,0.33037608806864915,0.630170703489267
"bidet from Jamestown, NY!",neither,0.04084513770590474,0.30675141581570226,0.6524034464783931
@brandmorri right? the emo/scathing scanlan,neither,0.03748734588586757,0.3327917290573006,0.629720925056832
"Congrats, Kenpachi!",neither,0.03945320844208391,0.33037608806864915,0.630170703489267
!wallet,neither,0.03945320844208391,0.33037608806864915,0.630170703489267
sirbeast1269 has 12879 coins,neither,0.03989735448983053,0.32283777050957063,0.6372648750005988
Bidet from mi,neither,0.04081748366884477,0.3072207769958956,0.6519617393352596
"25 ish minutes finish up tasks, grab drinks and snacks we are almost there",neither,0.04884539416151451,0.2928397893309616,0.658314816507524
they're showing fan art right now,neither,0.05179253512487172,0.32284282422776756,0.6253646406473607
Bidet from SC,neither,0.040737273169946825,0.30858215849491494,0.6506805683351382
they could just side quest it tonite,neither,0.0317407378518651,0.3727209925424811,0.5955382696056539
my first live show! took three weeks to catch up,neither,0.04068415336259243,0.37100104923476174,0.5883147974026458
"@KlouseWhitestrike, Yep Refresh",neither,0.03945320844208391,0.33037608806864915,0.630170703489267
WHOA!,neither,0.03945320844208391,0.33037608806864915,0.630170703489267
Isn't bidet what is used to clean butts in toilets?,neither,0.05660264764152962,0.32170146409999073,0.6216958882584795
"Bidet from Slovenia, at 3:35am.",neither,0.03974041614917595,0.33676626996213377,0.6234933138886903
gandsOwl,neither,0.03945320844208391,0.33037608806864915,0.630170703489267
Beep beep from the Pacific Northwest.,neither,0.039779025773403386,0.2539611253407979,0.7062598488857987
@FapMastaJ critical role will always be with G&S the members are all to involved in multiple things with them to make that split,neither,0.04855985951857278,0.39321360651553916,0.558226533965888
How long does the Discord/Twitch sync take?,neither,0.0277560978365623,0.41956268872609825,0.5526812134373393
"Bidet from Toronto, Canada!",neither,0.040371808140217125,0.31478505383715205,0.6448431380226308
beep beep bidet from Connecticut!,neither,0.04062582848913359,0.31047366557575606,0.6489005059351104
@PiniWashcloth yes,neither,0.03945320844208391,0.33037608806864915,0.630170703489267
Mr. Rothfuss able to make it tonight??,neither,0.04133480617255227,0.3088247518227461,0.6498404420047016
Bidet from LA,neither,0.04094187055022747,0.3051096069949388,0.6539485224548338
I just started watching Critical role and I'm on like Ep. 6. Will watching the stream screw up anything?,neither,0.039043421737975065,0.33843666332080957,0.6225199149412154
Hail and greetings from scotland,neither,0.03960389393496499,0.28360980238074307,0.6767863036842919
=(,neither,0.03945320844208391,0.33037608806864915,0.630170703489267
beep beep from Brazil :D,neither,0.04079557052152802,0.30759270029461827,0.6516117291838538
"@mattvgc, Yes",neither,0.03945320844208391,0.33037608806864915,0.630170703489267
Minneapolis MN,neither,0.03945320844208391,0.33037608806864915,0.630170703489267
Evening all.,neither,0.041793358651534496,0.4229818652092969,0.5352247761391685
"@dervish3 thanks, did it twice in last 10 days and second time was WAY easier, but omg my encounters were overtuned lol",neither,0.027000302567391377,0.37329314373026834,0.5997065537023403
Thanks refresh Wizard!,neither,0.037726744038710874,0.31591889742942747,0.6463543585318616
That sounds excellent @JC_Wijma good luck in the campaign,neither,0.035950073260418026,0.3471561999970087,0.6168937267425731
Pls explain why everyone says bidet ;;,neither,0.027240178603848347,0.4190632472789325,0.5536965741172191
WOOO! Why did i not see this earlier that they are doing fan art! Stupid browser,neither,0.09036772369468966,0.26861817019440715,0.6410141061109033
@RPGnME he'll be on skype apparently,neither,0.04176001776563723,0.3432674950441988,0.6149724871901641
@photonfielder u saw 81 episodes in three weeks??,neither,0.03945320844208391,0.33037608806864915,0.630170703489267
Bidet!,neither,0.03945320844208391,0.33037608806864915,0.630170703489267
@PiniWashcloth Saying bidet is a Critical Role in joke,neither,0.0385532414898254,0.3306856279720577,0.6307611305381169
also wtf why isnt my subsriber badge updated!,offensive_language,0.0271939522106812,0.5410563933547596,0.43174965443455915
@mattvgc yes,neither,0.03945320844208391,0.33037608806864915,0.630170703489267
"Bidet, from Barrie, Canada",neither,0.04071751644889743,0.3089174816120565,0.6503650019390461
"@PiniWashcloth yup, Grog (in game) mistook ""g'day"" to Bidet...no one has corrected him :D",neither,0.04335344299602425,0.31471384451878337,0.6419327124851923
Hello everyone,neither,0.03269494828970791,0.4450814005079928,0.5222236512022994
has the game started?,neither,0.038313822255816726,0.26131170302999346,0.7003744747141897
what taking so long,neither,0.045433608680571134,0.3747291590152064,0.5798372323042225
"Greetings from KC MO, US.",neither,0.07452885585309554,0.30908787407252153,0.616383270074383
cheer1,neither,0.03945320844208391,0.33037608806864915,0.630170703489267
wheniscriticalrole.com episode #82,neither,0.03945320844208391,0.33037608806864915,0.630170703489267
@mattvgc YES,neither,0.03945320844208391,0.33037608806864915,0.630170703489267
"mattvgc, I advice you to go catch up. Watching now will spoil so damned much",neither,0.050619737471233,0.40709204387507764,0.5422882186536894
"@mattvgc, im doing the same, i just watch it because to me it saves time",neither,0.03580264313760918,0.3929167928896907,0.5712805639727002
Anyone here from Oklahoma! Okie Critter Pride!,neither,0.07395641953140068,0.2889151635488408,0.6371284169197584
"!clock Critical Role is, as it has always been, at 7 pm Pacific time",neither,0.039677903259427466,0.4011839614222565,0.5591381353183161
It is currently 6:36 PM at the Geek & Sundry studio in California.,neither,0.05188962470415607,0.32956799778566287,0.618542377510181
First time getting to watch live! So excited!!!,neither,0.04179039361570697,0.4264874196417447,0.5317221867425482
"mattvgc, you are going to be so behind and you won't know what's up.",neither,0.11585023474688817,0.4339357581091283,0.4502140071439834
Hello from CT as well before it starts and I can't talk anymore ;_;,neither,0.02623566610447972,0.35424726263543577,0.6195170712600845
"Bidet from buffalo,ny!",neither,0.04043211762049359,0.3137614445616591,0.6458064378178473
"Bidet from Windsor, Canada",neither,0.040354386843928725,0.3150807387011266,0.6445648744549448
It's my first live show too!! Finally caught up to real time!,neither,0.034111178164594004,0.4700923189234912,0.4957965029119149
"Bidet , beep beep and be pleased",neither,0.03899712124970328,0.2872173990448747,0.673785479705422
@PiniWashcloth Once that was what grog said as it was actually suppose to be Good day*,neither,0.04223255257263754,0.3693898450338228,0.5883776023935395
Critical roll on my birthday soo good,neither,0.029281105978316048,0.40097076325811226,0.5697481307635718
Ooooh haha,neither,0.03186685585600258,0.45913629025701075,0.5089968538869867
bows to @KlouseWhitestrike,neither,0.04787723655251085,0.3254909599510183,0.6266318034964709
the art is so good,neither,0.04638895397712337,0.3569985818838787,0.5966124641389979
Bidet from Sweden!,neither,0.04228451509352876,0.2823214250720796,0.6753940598343917
Bidet then!,neither,0.03945320844208391,0.33037608806864915,0.630170703489267
\o/,neither,0.03945320844208391,0.33037608806864915,0.630170703489267
I wonder if Mercer is going to run Scanlan or if he'll get someone else to play the character. It almost seems unfair to have someone else try and fill Sam's shoes,neither,0.034506261318392795,0.35849360478011144,0.6070001339014958
@MountainSaint Happy Birthday!,neither,0.03945320844208391,0.33037608806864915,0.630170703489267
@mattvgc you will RUIN the show/lore and have zero context for 99% of the ep. don't do it man,neither,0.050310989119358336,0.28142028389513013,0.6682687269855114
Crap has the show started!,neither,0.05258466558819859,0.24254514144828876,0.7048701929635127
@MountainSaint Happy Birthday!,neither,0.03945320844208391,0.33037608806864915,0.630170703489267
!respect,neither,0.03945320844208391,0.33037608806864915,0.630170703489267
"If you would like to share opinions on our hosts, guests or fellow viewers, please do so in a respectful manner. Don't make them feel uncomfortable.",neither,0.04843323757214918,0.39559142321184637,0.5559753392160044
"@jholt2, it's ridiculous",neither,0.03772653554390317,0.33096997005595963,0.6313034944001372
???,neither,0.03945320844208391,0.33037608806864915,0.630170703489267
beware the new heisenburg,neither,0.04220265404204447,0.21941626149894145,0.7383810844590142
@PiniWashcloth so people just say Bidet instead as grog says that instead of good day,neither,0.04785818952656691,0.40479701630998777,0.5473447941634453
@PiniWashcloth it was from one of the live theater episodes. grog said bidet instead of..i think it was good day,neither,0.039914951468493415,0.3186490822120355,0.6414359663194711
"Bidet from Toronto, Canada!",neither,0.040371808140217125,0.31478505383715205,0.6448431380226308
ROFLMAO,neither,0.03945320844208391,0.33037608806864915,0.630170703489267
!uptime,neither,0.03945320844208391,0.33037608806864915,0.630170703489267
oh my god that naked Scanlan,neither,0.029145325854951408,0.41007225221510724,0.5607824219299413
refresh your stream if you havent!,neither,0.05453359293241835,0.39975206611269365,0.5457143409548881
bidet mofos! :),neither,0.03945320844208391,0.33037608806864915,0.630170703489267
Kenpachi: I have a group that is expert at going away from my plotted storyline in the first 15 minutes of play. I'm getting more practice at improv! And it gets easier with practice.,neither,0.027827637054471797,0.4067596300648651,0.5654127328806631
Was that a naked Scanlan with,neither,0.023239877483366894,0.4259757163508851,0.550784406165748
Bidet from NZ!,neither,0.04228451509352876,0.2823214250720796,0.6753940598343917
Scanlan will probably just come up with excuse not to go with them,neither,0.030343280746809496,0.4457614196210693,0.5238952996321212
his guitar,neither,0.07307897236766132,0.33203252770518943,0.5948884999271492
"Just subbed again, it's good to be back MrDestructoid",neither,0.03797181631526388,0.3726896995540638,0.5893384841306724
no shortholt tonight? :(,neither,0.034371884048130595,0.31976286954468675,0.6458652464071827
cheer100,neither,0.03945320844208391,0.33037608806864915,0.630170703489267
biday from indiana,neither,0.0408364874901429,0.30689823255244486,0.6522652799574122
Bidet from Toronto!,neither,0.04066490145509902,0.30981049537100724,0.6495246031738937
i think you mean jarett,neither,0.07114343453945733,0.39640546298111756,0.5324511024794251
Nighthold raid and Critical Role = one hell of a night <3,offensive_language,0.034460762923100886,0.5783095151204214,0.38722972195647776
it's pronouned boh-dae.,neither,0.034373745257138544,0.33212314837979673,0.6335031063630647
whats the name of the dragon they are going for tonight?,neither,0.04654598948663581,0.2703335309908895,0.6831204795224746
"!clock Critical Role is, as it has always been, at 7 pm Pacific time",neither,0.039677903259427466,0.4011839614222565,0.5591381353183161
It is currently 6:38 PM at the Geek & Sundry studio in California.,neither,0.051991185132496114,0.32955794337183575,0.6184508714956681
"nope, no scanlan tonight",neither,0.03567995566740991,0.32145325904696526,0.6428667852856248
Hey Critters make sure you Join the Facebook group. Its a great :D,neither,0.028592968614984768,0.44133791973671144,0.530069111648304
Glad I figured out how to get the chat to work this time :P,neither,0.04322364659109995,0.34450718401439145,0.6122691693945085
@MantadeAhsoka Nice i just hit the 13 month club tonight!,neither,0.03404472151751178,0.3186442911102491,0.6473109873722391
Bidet from Cal,neither,0.04066490145509902,0.30981049537100724,0.6495246031738937
when does it start?,offensive_language,0.016657143906209267,0.5095962980709364,0.4737465580228543
@realck3 raishon,neither,0.03945320844208391,0.33037608806864915,0.630170703489267
bidet from germany,neither,0.04069404815304118,0.30931579984010865,0.6499901520068502
I am doing Nighthold after Critical Role,neither,0.039303181142055894,0.330427689336721,0.630269129521223
Palindrome Sub Count PogChamp,neither,0.03945320844208391,0.33037608806864915,0.630170703489267
is rothfuse on tonight,neither,0.04326422058407071,0.3150765050960217,0.6416592743199077
WOOHOOOO its thursday,neither,0.032172426933007474,0.33288028269424347,0.634947290372749
and it was hilarious....and a bidet is something...that washes...your...*ahem*,neither,0.06789189496430234,0.2897505965356419,0.6423575085000558
@FapMastaJ Nice well done :D,neither,0.038579272224528664,0.34520906647234223,0.6162116613031291
Pretyy,neither,0.03945320844208391,0.33037608806864915,0.630170703489267
Flightdevil -> Only those that we deem worthy shall possess the power of the Hyperlink [warning],neither,0.048140585852785724,0.2990817588418225,0.6527776553053918
Can't wait to sub :(,neither,0.047268799827156205,0.32096293747450877,0.631768262698335
thank you @Germanreuter,neither,0.07325166854587051,0.43632638485078484,0.49042194660334476
#TheLastAfairTheNecromancersLair,neither,0.03945320844208391,0.33037608806864915,0.630170703489267
ETA till show time?,neither,0.05687281916500364,0.26270007974589643,0.6804271010891
Sorry night bot!,neither,0.0326230604409768,0.33016284201890733,0.6372140975401159
"Someone correct me if I am wrong, Liam O'brien plays both Vax , an agile winged fighter equipped with 1 weapon in each hand, also voices illidan from WoW, an agile winged fighter with 1 weapon in each hand, Vax'ildan Illidan , coincidence?? ^^",neither,0.027935772314644218,0.3665355927620424,0.6055286349233134
and there is a 19 month lol,neither,0.03822268044334228,0.30361181695024775,0.65816550260641
!time,neither,0.036668274527354654,0.377643684699956,0.5856880407726893
that vex face,neither,0.032679346870247435,0.4049235998465656,0.562397053283187
!followage,neither,0.03945320844208391,0.33037608806864915,0.630170703489267
Greetings all! Grande Prairie AB Canada here.,neither,0.0674808658266371,0.3498456941463435,0.5826734400270194
I'm about to play some FFXIV tonight after this!,neither,0.033420217488896925,0.345197511638656,0.6213822708724471
what's that soundtrack from«6,neither,0.04197361794361138,0.3509949104740947,0.6070314715822939
Everyone ready for the raishan hunt?,neither,0.029465596478351154,0.3808908457183956,0.5896435578032532
@realck3 no problem fam,neither,0.03850467445768389,0.34647518526035576,0.6150201402819604
"So they must discuss what their next move is before the show, because they never explicitly said they were going after Raishan next, and yet look at the title for the episode",neither,0.0427117469902274,0.32626705524881355,0.6310211977609591
"!clock Critical Role is, as it has always been, at 7 pm Pacific time",neither,0.039677903259427466,0.4011839614222565,0.5591381353183161
Bidet from Wisconsin it will be starting soon gandsSubHype gandsSubHype gandsSubHype,neither,0.04059361615742428,0.3012571909413208,0.6581491929012548
It is currently 6:38 PM at the Geek & Sundry studio in California.,neither,0.051991185132496114,0.32955794337183575,0.6184508714956681
beep beep to all the critters,neither,0.06091065302363807,0.45464106845891183,0.48444827851745004
Bidet from Toronto Canada,neither,0.040371808140217125,0.31478505383715205,0.6448431380226308
I want to see a good vex holding her breath,offensive_language,0.03628943494321523,0.5004884181301802,0.4632221469266047
Vax'illidan :D,neither,0.03945320844208391,0.33037608806864915,0.630170703489267
Bidet from Columbus,neither,0.040737273169946825,0.30858215849491494,0.6506805683351382
!critmusic,neither,0.03945320844208391,0.33037608806864915,0.630170703489267
The Critical Role theme song is written by Jason Charles Miller (bit.ly/CRsong ). The fan art music is Twin Elms from the Pillars of Eternity Soundtrack (youtu.be/WYMLvmilS24 ),neither,0.04451672980050135,0.3243004653192533,0.6311828048802453
Bidet from Ottawa!,neither,0.04228451509352876,0.2823214250720796,0.6753940598343917
!time,neither,0.036668274527354654,0.377643684699956,0.5856880407726893
that first pick of keyleth was great,neither,0.03132827657517914,0.27643901108757435,0.6922327123372465
"20 minutes to go, art is playing if you haven't refreshed recently",neither,0.0450946399128703,0.3911966908561327,0.563708669230997
lets see some fan art people Hoo Hoo Hoo,neither,0.044946655041050936,0.3401360820608845,0.6149172628980646
"Can someone who has hyperlinking privileges post the ""wheniscriticalrole"" link?",neither,0.039645024746925654,0.3539652429331607,0.6063897323199137
is it just starting?,neither,0.041307575112954964,0.35397024194877996,0.604722182938265
Bidet from Vancouver Canada,neither,0.04071751644889743,0.3089174816120565,0.6503650019390461
@brisingr133 around 20 minutes or so.,neither,0.03941260273940166,0.37233616129921665,0.5882512359613816
I wanna se the new Tellafaffy in use!,neither,0.016669913239717397,0.32315144299276494,0.6601786437675177
@Sundog225 me too lol,neither,0.019023704345317676,0.4837350641623833,0.4972412314922991
@Braedon23 you are........just enough prepared! Good connection!,neither,0.06765705748431863,0.3451065295413549,0.5872364129743265
There are numerous people who need it.,neither,0.09334438098965252,0.3018168034485559,0.6048388155617915
hype,neither,0.03945320844208391,0.33037608806864915,0.630170703489267
biday from best buy,neither,0.03961919906834686,0.29837081155815454,0.6620099893734986
"aww, Vexival...",neither,0.03945320844208391,0.33037608806864915,0.630170703489267
"@Braedon23, never noticed the name thing but yes, and probably on purpose?",neither,0.03174348511018123,0.3477914686594259,0.6204650462303929
"@mattvgc yes, probably. Enjoy the ride catching-up. It's a bit like reading the end of a book before the beginning. Don't ruin the story for yourself.",neither,0.035981894719856154,0.3510682474104452,0.6129498578696987
is G&S the most subbed channel on twitch?,neither,0.04200779439062968,0.32677053485475327,0.631221670754617
"Raishan will be one ded dragon tonight, I have faith in Vox Machina",neither,0.03768673430739902,0.3273182529255619,0.6349950127670392
wheniscriticalrole.com,neither,0.03945320844208391,0.33037608806864915,0.630170703489267
wheniscriticalrole.com episode #82,neither,0.03945320844208391,0.33037608806864915,0.630170703489267
"For those asking, the official start time is in 21 minutes, which means it could be as many as 30.",neither,0.04690807639814892,0.31746916487253446,0.6356227587293166
@Jacklasi tyvm!,neither,0.03945320844208391,0.33037608806864915,0.630170703489267
Bidet from Vancouver,neither,0.04228451509352876,0.2823214250720796,0.6753940598343917
Bidet from Boston.,neither,0.040769555981420263,0.3080342349327864,0.6511962090857933
"#when in doubt, always refresh the page",neither,0.030899163595175687,0.39055068086077604,0.5785501555440482
I saw a pic of Laura and Ashley together...hopefully that means pike is back,neither,0.03909797411107253,0.36435443063453765,0.5965475952543899
Nice GreenBitchyBitch!,neither,0.03945320844208391,0.33037608806864915,0.630170703489267
critical role in 29 mins,neither,0.03945320844208391,0.33037608806864915,0.630170703489267
TWENTY MINUTES LEFT,neither,0.03945320844208391,0.33037608806864915,0.630170703489267
biday from oregon,neither,0.04071751644889743,0.3089174816120565,0.6503650019390461
Who here started on red box?,neither,0.07553490678439378,0.3623079376286085,0.5621571555869979
song name?,neither,0.038830105554549986,0.3409517702390533,0.6202181242063967
I wonder if Kiki will bring Blight tonight,neither,0.022957338425378802,0.3368573701748197,0.6401852913998015
My first CR Stream in a year! XD,neither,0.0269064007913535,0.3947825629014014,0.578311036307245
Bidet FROM THE UK at 2:30 in the morning lol,neither,0.037887844349144426,0.24464693738805132,0.7174652182628042
@bob_says_hello Actually van or just outside?,neither,0.035474708175890185,0.3490503518212952,0.6154749400028147
"Bidet from Plano, TX!",neither,0.040473471510038425,0.31305956113103167,0.64646696735893
Bidet from New Hampshire,neither,0.04402155579737495,0.2236345274837781,0.7323439167188469
It is Thursday yet:D,neither,0.04651135664277627,0.32794846724679255,0.6255401761104311
"@Doomcrow, I had just gotten my mind off of that fact. Thanks. :(",neither,0.025899459272625356,0.4140120185580862,0.5600885221692883
"finally caught up, this will be my first time watching live!",neither,0.028851550640202492,0.4265274316991435,0.544621017660654
#tallafaffyhype,neither,0.03945320844208391,0.33037608806864915,0.630170703489267
bidet from houston,neither,0.040875471929787875,0.3062365648703896,0.6528879631998226
20 minutes people hustle,neither,0.06423247492252449,0.32810336732306916,0.6076641577544063
stream laggy as ***,neither,0.03715583940101206,0.3693684363510657,0.5934757242479224
that *** up image of Scanlan,neither,0.03241592538139948,0.4352266491814217,0.5323574254371789
bidet from nc love u crew,neither,0.03787430031511357,0.32632511017988003,0.6358005895050065
@Doomcrow they prob will delay it with Rothfuss being lv 7 paladin and Sam not actually being there,neither,0.028125577733449734,0.3253246127854882,0.6465498094810621
Bidet from Australia,neither,0.04062582848913359,0.31047366557575606,0.6489005059351104
Hype,neither,0.03945320844208391,0.33037608806864915,0.630170703489267
@Totalhobo close enough,neither,0.03945320844208391,0.33037608806864915,0.630170703489267
Needs moar Playing Cards tonight!,neither,0.037527018336699226,0.314246420114579,0.6482265615487218
Happy Birthday Taliesin Jaffe!!!!,neither,0.03945320844208391,0.33037608806864915,0.630170703489267
Bidet from Columbus Ohio,neither,0.040417606421261354,0.3140077374838422,0.6455746560948964
Grog and the card is so good!,neither,0.0455109609966731,0.3135150273627991,0.6409740116405278
Bidet from Tallahassee,neither,0.04228451509352876,0.2823214250720796,0.6753940598343917
bidet from Warrensburg mo,neither,0.040912083971464244,0.30561516297332675,0.653472753055209
"bidet from Waco, Texas! go BU!",neither,0.041073684650167655,0.3203746201577141,0.6385516951921182
@eggtog redbox? What do u mean crit role on redbox?,neither,0.043248795705005984,0.33923835322623647,0.6175128510687575
"Bidet from Rockport, Texas",neither,0.040937266849991,0.30518774380265185,0.6538749893473571
"bidet from Australia, 12:39pm",neither,0.0404342149583848,0.3137258472640295,0.6458399377775856
Pizza and potato spikes just arrived. once wife gets home evening will be perfect,neither,0.03760547681226049,0.3098114864061009,0.6525830367816385
My first time live as well 8D,neither,0.024698389040531354,0.45589820752015253,0.5194034034393161
"the deck of many things.... please grog, do your job",neither,0.06201245958021564,0.3114855758441024,0.626501964575682
@bob_says_hello Near abby?,neither,0.03945320844208391,0.33037608806864915,0.630170703489267
That Grog with the Deck of Many Things :D :D :D,neither,0.026931105957867314,0.3826854288525402,0.5903834651895924
bidet from New Hampshire,neither,0.04402155579737495,0.2236345274837781,0.7323439167188469
"I bought a red box when new, Eggtog. Played under a different system, though.",neither,0.035586042818043485,0.3058405583396769,0.6585733988422797
@vorpalhare I think there was one on Twitter but the tub was huge,neither,0.03402911728913955,0.39617006398017174,0.5698008187306888
@Sillyleaf make sure to close the chat once it starts,neither,0.038080113120679604,0.4079059183408139,0.5540139685385065
anyone have any clue where i can find this track?,neither,0.04334729897056944,0.2507618759237545,0.7058908251056761
how many cards will Grog pull from the Deck of Many Things tonight?,neither,0.038757330124383,0.2865331309589901,0.6747095389166269
me too silllyeaf!,neither,0.025456656249999262,0.41690574403459846,0.5576375997154023
"I hope Blight doesn't show, poison damage against a green dragon?",neither,0.07257633068198456,0.19486631470419563,0.7325573546138198
I love this music so much,neither,0.03213905681577587,0.3991231426589563,0.5687378005252679
bide!,neither,0.03945320844208391,0.33037608806864915,0.630170703489267
just caught up and subscribed.. pumped!,neither,0.032770028485945624,0.35643552084824154,0.6107944506658128
I want more deck of many things!,neither,0.041228856316178494,0.318792411142396,0.6399787325414255
so many birthdays today including javale mcgee and luc longley,neither,0.03770237680498677,0.31575309500233306,0.6465445281926803
"Bidet from Fayetteville, Arkansas",neither,0.04066490145509902,0.30981049537100724,0.6495246031738937
"Gz Sily, it might not be full of epic moments all the time, but last weeks ""down time"" ep was one of my fav in 2 years running",neither,0.037776803589627254,0.4160339007344996,0.5461892956758732
Me too Sillyleaf,neither,0.025456656249999262,0.41690574403459846,0.5576375997154023
@Totalhobo closer,neither,0.03945320844208391,0.33037608806864915,0.630170703489267
"lol, that deck is my favorite toy as a DM..",neither,0.028395748954166165,0.46345877960171267,0.5081454714441213
Oh woow..that looks so adorable.,neither,0.04051001519581566,0.3663688890560709,0.5931210957481133
Bidet,neither,0.03945320844208391,0.33037608806864915,0.630170703489267
me too jpcguy89 . its so soothing,neither,0.02328584301554293,0.45281233359055395,0.523901823393903
Vax cutting off Keyleth's hair.,neither,0.03945320844208391,0.33037608806864915,0.630170703489267
What's up my people,offensive_language,0.06622538287320043,0.5218009423788709,0.41197367474792884
"Bidet from Jacksonville, FL",neither,0.04066490145509902,0.30981049537100724,0.6495246031738937
what's that soundtrack from?,neither,0.04197361794361138,0.3509949104740947,0.6070314715822939
I was surprised as hell when Matt gave it up.,offensive_language,0.0306475523422229,0.6871683976604608,0.28218404999731633
I hope they Hero's Feat before bamfing to the island,neither,0.06519763761977164,0.2819101781302673,0.652892184249961
Play 13 Card Pickup!,neither,0.03945320844208391,0.33037608806864915,0.630170703489267
"@WatchesTV, No, you don't.",offensive_language,0.08008652385683417,0.4750057968086313,0.4449076793345345
oh boy,neither,0.04768565599480007,0.25364348607606696,0.698670857929133
Is it bad i just want to watch this everyday for the rest of my life! Naa who am i kidding ^_^,neither,0.032882386065704414,0.41616051597973297,0.5509570979545625
"Oh yeah, they still have the deck of many things...",neither,0.02915689281984277,0.38136140401884383,0.5894817031613133
^,neither,0.03945320844208391,0.33037608806864915,0.630170703489267
"Bidet from Crystal River, FL",neither,0.040250138380037756,0.31685010720016715,0.6428997544197952
!discord,neither,0.03945320844208391,0.33037608806864915,0.630170703489267
:P,neither,0.03945320844208391,0.33037608806864915,0.630170703489267
Bidet from RVA!,neither,0.04228451509352876,0.2823214250720796,0.6753940598343917
We have a subscriber-only Discord server! Join here: https://t.co/Of0oLClO2v (you'll need to sub and link it to your Twitch) and be a part of the fun!,neither,0.09547053438395335,0.28230926502643855,0.6222202005896081
@crazybag pillars of eternity,neither,0.03945320844208391,0.33037608806864915,0.630170703489267
#soundtrack,neither,0.03945320844208391,0.33037608806864915,0.630170703489267
