text,top_class,hate_speech,offensive_language,neither
refresh if you don't see the BTS cam,neither,0.03406259637550906,0.3952610250919346,0.5706763785325564
we ARE live now,neither,0.08487095257023544,0.2723517378626538,0.6427773095671109
"Ok, there's no audio on this BTS cam either so don't panic",neither,0.03717396322381148,0.3478311168676703,0.6149949199085182
"@GeekandSundry, I have a question. What games do you recommend I get for GBA? I'm thinking of getting Golden Sun and DKC 1.",neither,0.04394069469866757,0.35736142564986983,0.5986978796514625
bidet!,neither,0.03945320844208391,0.33037608806864915,0.630170703489267
"Ah, Talks Machina. It what you would call a ""Medium Show"".",neither,0.07347302702761475,0.2940688327209463,0.632458140251439
poor denise,neither,0.03945320844208391,0.33037608806864915,0.630170703489267
This sis the section of the broadcast where The #Pitcrew make sure everything isn't going to break.,neither,0.03839758020331912,0.3713869567470179,0.5902154630496631
I'm panicking a little,neither,0.03913165087055051,0.33583375925596015,0.6250345898734893
Yesss,neither,0.03945320844208391,0.33037608806864915,0.630170703489267
panicBasket panicBasket panicBasket panicBasket,neither,0.03945320844208391,0.33037608806864915,0.630170703489267
"@GeekandSundry, we dont need audio, we can just do voice dubs and create the convo in our heads",neither,0.036993463868610785,0.3125112255747106,0.6504953105566785
Don't take any guff from them Denise!,neither,0.057825736953896485,0.30064922644805786,0.6415250365980457
#weknow,neither,0.03945320844208391,0.33037608806864915,0.630170703489267
hi,neither,0.03945320844208391,0.33037608806864915,0.630170703489267
<.<,neither,0.03945320844208391,0.33037608806864915,0.630170703489267
can't get Alpha to work again tonight 😡😡,neither,0.04078119844817238,0.33694545275482696,0.6222733487970006
"Haha, nice new sign.",neither,0.03894475351399929,0.3142743941539763,0.6467808523320245
Hello world,neither,0.03945320844208391,0.33037608806864915,0.630170703489267
Where's tali,neither,0.04379278224195774,0.2567221952996476,0.6994850224583946
Good evening,neither,0.03869882722860525,0.3306355543605695,0.6306656184108252
"the pit crew left MarkusIronhorn, and the ladder club don't run TM, this is the alpha peeps",neither,0.04159453652400373,0.2891112811445418,0.6692941823314544
I can't quite read the sign,neither,0.03892420463561727,0.31275821391875147,0.6483175814456312
whos on tonight?,neither,0.03394792596963401,0.32119843853460367,0.6448536354957624
"i wonder if we can get a ""Mean Tweets"" segment for vox machina on talks machina.. i bet some of that would be hilarious... people take it too seriously",neither,0.030639642398487495,0.3755247853159042,0.5938355722856082
Anyone know if they are finally going to rescue Larkin this Thursday?,neither,0.042774356315446044,0.3529973873152632,0.6042282563692908
#FreeDenise,neither,0.03945320844208391,0.33037608806864915,0.630170703489267
Larkin = Denise!,neither,0.03945320844208391,0.33037608806864915,0.630170703489267
Can't see the bottom,neither,0.03874519367079031,0.3065135337262034,0.6547412726030064
WHERES LARKIN,neither,0.03945320844208391,0.33037608806864915,0.630170703489267
tales in for sure,neither,0.029181249731188238,0.423857788364563,0.5469609619042487
Go follow us on instagram .....??,neither,0.07419967953704643,0.3648979963702704,0.5609023240926833
Denise Revealed... Go follow us ...,neither,0.09879476697267144,0.3236238258493731,0.5775814071779556
instagram for denise,neither,0.029187607672229346,0.3266008127309399,0.6442115795968308
"Yes, they're going to ""rescue"" him.",neither,0.059248457528376854,0.3277542436283041,0.612997298843319
"I hope mercer is on tonight, I have to congratulate home on his death trap",neither,0.08688491358354251,0.26367226303674635,0.6494428233797112
"@amyrey, it says jointeamalpha",neither,0.03705275132076009,0.33120171534708004,0.6317455333321599
geekandsundry is online. RevloBot is now tracking loyalty.,neither,0.05157974116510514,0.3262052173957376,0.6222150414391574
gandsGandSDenise gandsGandSDenise gandsGandSDenise,neither,0.03945320844208391,0.33037608806864915,0.630170703489267
"it says, ""DENISE REVEALED? Go follow us on instagram! @geekandsundry""",neither,0.06648415022470035,0.36171724236700503,0.5717986074082947
"Tonight, M&M&T&T",neither,0.03498084806025125,0.2929251180277183,0.6720940339120305
gandsGandSDenise gandsGandSDenise gandsGandSDenise gandsSubHype,neither,0.03945320844208391,0.33037608806864915,0.630170703489267
what is alpha,neither,0.05726133846407094,0.3218639361468735,0.6208747253890556
"@Rogue_13 my mistake, They still don't want everything to break. so I was half right",neither,0.034530348019021,0.43194171657290875,0.5335279354080703
"(Matt Marisha, Taliesin, Travis)",neither,0.03945320844208391,0.33037608806864915,0.630170703489267
!alpha,neither,0.03945320844208391,0.33037608806864915,0.630170703489267
true :),neither,0.03945320844208391,0.33037608806864915,0.630170703489267
Question am I supposed to be hearing anything? It's quiet for me,neither,0.03418081116252313,0.3354436744592982,0.6303755143781787
!alpha,neither,0.03945320844208391,0.33037608806864915,0.630170703489267
havent watch one of these yet,neither,0.05220320351258408,0.42361219427018176,0.5241846022172342
"I'm still waiting for a streamer to say "" And find me on Tinder!"" Kappa",neither,0.03484887669605079,0.271730020920163,0.6934211023837862
alpha is this wonderful kick *** new service from Geek and Sundry and Nerdist,neither,0.04549123596825707,0.229871892122921,0.724636871908822
!wallet,neither,0.03945320844208391,0.33037608806864915,0.630170703489267
What's with the double posting?,neither,0.0325416059597439,0.3467093819660046,0.6207490120742515
sandbagger3 has 7843 coins,neither,0.03989735448983053,0.32283777050957063,0.6372648750005988
"it's a BTS cam, no audio",neither,0.037577390278545175,0.34265153449993657,0.6197710752215183
#GrogPercy2020,neither,0.03945320844208391,0.33037608806864915,0.630170703489267
LOL https://www.instagram.com/p/BPqxKpPhXqG/,neither,0.03252679069405689,0.3912100685309178,0.5762631407750253
is there any other decent D&D show on youtube other than Critical Role?,neither,0.04977233728083243,0.2777080460272068,0.6725196166919607
No there's no sound yet,neither,0.03794087891858635,0.31719848394515254,0.6448606371362611
its going to be weird seeing Travis without Laura Kappa,neither,0.0386839051058673,0.3481064712343987,0.613209623659734
Denise's pic,neither,0.033490114614577474,0.43158535275621435,0.5349245326292082
"um,...... no",neither,0.03835412258411806,0.34903044346384865,0.6126154339520333
forgive me for my ignorance but what do they talk about?,neither,0.017523094068752274,0.41198303687740867,0.5704938690538391
Okay thanks just making sure it wasn't my headphones,neither,0.025197252315522875,0.4589630334004326,0.5158397142840445
"ootem - yes, many (YT/Twitch)",neither,0.03945320844208391,0.33037608806864915,0.630170703489267
@ootem have u tried SavingShowThrow?,neither,0.038625623792057535,0.3444223594034256,0.616952016804517
"@AlmstHvn, Denise's true form?",neither,0.03945320844208391,0.33037608806864915,0.630170703489267
Just try not to compare them to CR,neither,0.05550802947833648,0.3372413085013039,0.6072506620203595
talk to me softly Kreygasm gandsSCANLAN,neither,0.013695549482030344,0.40161796154184537,0.5846864889761243
@nytenerd stuff that happened in Critical Role and stuff in general,neither,0.03711448174546936,0.33078195933438903,0.6321035589201415
Thanks thanks lol,neither,0.029635345148323784,0.34562153828840736,0.6247431165632688
Hello,neither,0.03945320844208391,0.33037608806864915,0.630170703489267
almost time~,neither,0.03781171612478011,0.35823649664687146,0.6039517872283484
ok thanks!,neither,0.036679458346100965,0.30877397624175834,0.6545465654121406
"Why did I get a message saying you going live? HUH IT ISN'T TIME, WHY YOU LIE?",neither,0.03655783637980911,0.4363495732962937,0.5270925903238972
That fade intro tho,neither,0.03323675775458359,0.371827595048419,0.5949356471969974
"@nytenerd they talk about all kinds of things, and answer questions from the fans",neither,0.02845857636836965,0.34416498184715016,0.6273764417844803
Denise's true form: https://www.instagram.com/p/BPqxKpPhXqG/,neither,0.03848079708871472,0.34688044652673006,0.6146387563845552
sweet fade in and out...and in.....and out,neither,0.03257204738367386,0.27525167826244235,0.6921762743538838
"@Geekandsundry, pls halp. why do i have the 3 month badge when ive been a sub for 19 months :(",neither,0.02783097731158234,0.34407037904827076,0.6280986436401469
"@Shantup, it didn't say WHEN :P",neither,0.014539817985811688,0.4421535492608339,0.5433066327533543
"@Pizs Twitch issue, contact them",neither,0.049984979406594174,0.3244274147938731,0.6255876057995327
ahh stakler cam is back,neither,0.04661988403920933,0.32791113969857005,0.6254689762622205
"Pizs, it's a Twitch bug",neither,0.03823264709109052,0.33079589508683194,0.6309714578220776
hey when it start,neither,0.027027528384808798,0.3885063879331107,0.5844660836820804
"stalker even, gah",neither,0.03869615406648447,0.343225276577052,0.6180785693564637
@Call_me_tiny and you shake it all about?,neither,0.05589554505686759,0.45513601094774153,0.4889684439953908
"The email says ""Just went live""",neither,0.03849228560226393,0.33298897019337415,0.6285187442043619
!wallet,neither,0.03945320844208391,0.33037608806864915,0.630170703489267
bwaffle315 has 4558 coins,neither,0.03989735448983053,0.32283777050957063,0.6372648750005988
@Pizs Sub badges are still broken for some channels.,neither,0.04256116201891587,0.3027499661027989,0.6546888718782853
new Brian??,neither,0.043767234745524616,0.22183623207649522,0.7343965331779801
Grog should enter the Royal Rumble this Sunday. I bet he could throw out The Undertaker and Goldberg at the same time.,neither,0.04313396307235782,0.3343243329690299,0.6225417039586123
:(,neither,0.03945320844208391,0.33037608806864915,0.630170703489267
ty fam,neither,0.03945320844208391,0.33037608806864915,0.630170703489267
best camshow on the internet,neither,0.03441623228759405,0.31964320922361744,0.6459405584887886
Because the stream is live even if the show has not started yet,neither,0.0403432142160247,0.3041655531809369,0.6554912326030384
just curious but does everybody else have a black screen?,neither,0.03486817042803849,0.43232370337828463,0.5328081261936769
"I don'y care I was here anyways, I missed it last time because I left after game engine and completely lost track of time.",neither,0.0533952973790428,0.29806267327588076,0.6485420293450764
nope,neither,0.03945320844208391,0.33037608806864915,0.630170703489267
Does it actually start in half an hour?,neither,0.02822863588728104,0.42557083977619015,0.5462005243365289
*don't,neither,0.03945320844208391,0.33037608806864915,0.630170703489267
No,neither,0.036918905254960256,0.37338982715841207,0.5896912675866277
"@nytenerd, Refresh and it should be fine.",neither,0.04812457715343936,0.326431867047062,0.6254435557994985
@ootem arnt they both like 50?,neither,0.04831566352790317,0.343427683765278,0.6082566527068188
wheniscriticalrole.com/talksmachina TALKS MACHINA simulcast,neither,0.03945320844208391,0.33037608806864915,0.630170703489267
Hi person in Brian's seat!,neither,0.03945320844208391,0.33037608806864915,0.630170703489267
"omg, have I managed to make it in time before it's started?!",neither,0.03790080037532717,0.3970832643671665,0.5650159352575063
"Shantup - G&S ALWAYS goes live before the shows start ... usually 30 minutes or so, to give time for the notification to get people here",neither,0.07503598988077849,0.36062386432135046,0.5643401457978711
!clock,neither,0.03945320844208391,0.33037608806864915,0.630170703489267
It is currently 6:41 PM at the Geek & Sundry studio in California.,neither,0.0534460154289174,0.3294088346371876,0.617145149933895
if you have a black screen or just see the card refresh the stream,neither,0.04183390347252639,0.3753843349811269,0.5827817615463468
"<If you still have the schedule showing and no set displayed in grayscale, refresh your page>",neither,0.048005052115025794,0.36938014601411584,0.5826148018708583
"@Emmaswanson20, Starts in 19 minutes.",neither,0.03945320844208391,0.33037608806864915,0.630170703489267
DENISE REVEALED :o,neither,0.03945320844208391,0.33037608806864915,0.630170703489267
"Bidet, everyone. Bidet!!",offensive_language,0.02988896790634741,0.4927062106388782,0.4774048214547744
Thank you,neither,0.07325166854587051,0.43632638485078484,0.49042194660334476
"mostly revealed, lol",neither,0.029937617491451282,0.4009530660730923,0.5691093164354565
SHE WAS REVEALED!!! My mind is blown,neither,0.03630172205004924,0.48165948442311357,0.4820387935268372
From the inside,neither,0.03738272926666078,0.10758494479078316,0.855032325942556
"There is a feed, refresh if you have black screen.",neither,0.05385089154277462,0.3618389966020075,0.5843101118552179
bidet and beep beep to all,neither,0.059531984186261905,0.38227787446566575,0.5581901413480722
That is her face.. her head is a sign that Amy likes to read (Amy really does love her signs),offensive_language,0.029590543365025687,0.6598246516614571,0.31058480497351726
"@ootem, LOL I'm pretty sure he can just enlarge, flip the ring and put it back",neither,0.030831087040909737,0.4120583925549765,0.5571105204041138
Who was Brian's seat warmer tonight?,neither,0.03727636401457216,0.36273828350668663,0.5999853524787413
but she's still not freeeee,offensive_language,0.03360678997838598,0.5019565429308509,0.46443666709076314
"@Shantup It's true, I've met her in person.",neither,0.015984806994907726,0.4807345063002918,0.5032806867048004
it wasn't GLENN was it,neither,0.036958257030034074,0.33295531003860446,0.6300864329313615
it was larkin!,neither,0.03593062006447523,0.3363165027571517,0.627752877178373
Why does alpha suck so bad?,offensive_language,0.02931798044487723,0.491991786742166,0.4786902328129567
"Hey so I'm pretty new, what's the difference between gold crit role symbols and green ones?",neither,0.04405379150446042,0.25822739531711236,0.6977188131784271
Is that Laura in the corner?,neither,0.04302825611364453,0.3564786368482369,0.6004931070381185
gandsGandSDenise gandsGandSDenise gandsGandSDenise gandsGandSDenise gandsGandSDenise,neither,0.03945320844208391,0.33037608806864915,0.630170703489267
wow there's a lot of people on set... i thought Geek & Sundry was like a webcam type gig where people play in someone's garage... this seems like a semi-legit business,neither,0.07353336723100692,0.27989240495134454,0.6465742278176485
Because its in its alpha stage,neither,0.03120415791091198,0.3332133148115015,0.6355825272775865
hi trinket,neither,0.03945320844208391,0.33037608806864915,0.630170703489267
maybe?,neither,0.03945320844208391,0.33037608806864915,0.630170703489267
hfjhosrm -> Only those that we deem worthy shall possess the power of the Hyperlink [warning],neither,0.048140585852785724,0.2990817588418225,0.6527776553053918
"Damn you, GLENN!",offensive_language,0.06162649222512926,0.8502996407174599,0.08807386705741076
So who all is on the show tonight??,neither,0.06010554860011343,0.4014487714938698,0.5384456799060167
@bumblebeady It's how many months of subscription,neither,0.03794035285418242,0.330896428478233,0.6311632186675846
dang it Larkin,neither,0.034373745257138544,0.33212314837979673,0.6335031063630647
Greetings.,neither,0.03945320844208391,0.33037608806864915,0.630170703489267
"Has the show not started yet, or are we on break or somethign",neither,0.0637230245691535,0.24941279609899414,0.6868641793318524
@bumblebeady length of subscription,neither,0.03945320844208391,0.33037608806864915,0.630170703489267
@bumblebeady how long you've been a subscriber,neither,0.02522448843773429,0.3569732829149155,0.6178022286473502
"bumblebeady, just how long a person has subbed...click the badge to see the tiers. It is broken though so it doesn't update well.",neither,0.04152133180077233,0.3379544288853401,0.6205242393138876
I know how to code,neither,0.04724816183695397,0.3258433285798051,0.626908509583241
"I see, thank you all!",offensive_language,0.06806957766293377,0.5303371398330207,0.4015932825040455
"matt, travis, laura, marisha",neither,0.03945320844208391,0.33037608806864915,0.630170703489267
"@Ujmplnqaty797, Brian and Larkin",neither,0.03845605498945456,0.27826085962284464,0.6832830853877009
i know how to eat cheese,neither,0.04683395984835106,0.3260763213123996,0.6270897188392494
tailis instead of luara,neither,0.03945320844208391,0.33037608806864915,0.630170703489267
@ootem here's a behind-the-scenes video https://www.reddit.com/r/criticalrole/comments/5jzcnb/no_spoilers_pit_crew_timelapse_of_ep78_and/,neither,0.06592413052685742,0.25027577578386045,0.6838000936892821
Thanks mods,neither,0.035884468650613,0.3004919205142699,0.6636236108351171
laura does seem like a parka person,neither,0.0334021810480206,0.47328154859748567,0.49331627035449377
"well, same questions are repeating, so I guess it's time to minimize chat, see you all tomorrow #TeamNoStream",neither,0.06975132676510037,0.4176893590914663,0.5125593141434335
Hello all!,neither,0.04217753453783664,0.43734383323855475,0.5204786322236087
*Doesnt,neither,0.03945320844208391,0.33037608806864915,0.630170703489267
hello everyone!,neither,0.03269494828970791,0.4450814005079928,0.5222236512022994
"Rogue_13, kffcToto kffcToto kffcToto gandsTeamNoStream",neither,0.03945320844208391,0.33037608806864915,0.630170703489267
Matt!!!!!,neither,0.03945320844208391,0.33037608806864915,0.630170703489267
Hey,neither,0.03945320844208391,0.33037608806864915,0.630170703489267
When they starting,neither,0.027707886136214725,0.39136737061271243,0.5809247432510729
@rogue_13 laters,neither,0.03945320844208391,0.33037608806864915,0.630170703489267
finger of doom from mercer,neither,0.040851997449267895,0.306634988068326,0.6525130144824062
i miss anything?,neither,0.030700291696427434,0.33338661750775167,0.6359130907958209
matt's here,neither,0.10180729571362719,0.2830261766997025,0.6151665275866702
"Matt-senpai, take me my body is ready Kreygasm",neither,0.030312407311613294,0.4252571555385322,0.5444304371498544
"I see what you did there, Matt",neither,0.061132031677286904,0.32511808151881794,0.6137498868038952
We have a subscriber-only Discord server! Join here: https://t.co/Of0oLClO2v (you'll need to sub and link it to your Twitch) and be a part of the fun!,neither,0.09547053438395335,0.28230926502643855,0.6222202005896081
"@bumblebeady green is less than 3 months, gold is 3+ months, stapler is 6+ months",neither,0.05025660775289349,0.31921792018175354,0.6305254720653529
Fuck.... i hate improper grammar... AHHHH,offensive_language,0.4818559669272047,0.5152573715065549,0.002886661566240216
starts at 10?,neither,0.03858263276848875,0.3568611059204849,0.6045562613110262
wheniscriticalrole.com/talksmachina TALKS MACHINA simulcast,neither,0.03945320844208391,0.33037608806864915,0.630170703489267
matt just shot a spell at us! a critter just died somewhere,neither,0.052748095948946465,0.36650804421934396,0.5807438598317096
