text,top_class,hate_speech,offensive_language,neither
bidet from magalia california!,neither,0.06971251856910227,0.2972619859879888,0.633025495442909
Yes!!!!!!,neither,0.03945320844208391,0.33037608806864915,0.630170703489267
Gonna have to Windows+G this show once it starts. Going on a date.,neither,0.047889721139164086,0.3425330043723045,0.6095772744885315
wooo art!,neither,0.03945320844208391,0.33037608806864915,0.630170703489267
They probably have 2 people skyping in tonight so the logistics of getting all that set up is probably keeping them from starting the preshow. And as I speak it starts.,neither,0.05088255295298678,0.42009423025127884,0.5290232167957344
PogChamp,neither,0.03945320844208391,0.33037608806864915,0.630170703489267
"gotta run to the bidet before we start, lol, brb",neither,0.03370907200723513,0.4187906644317651,0.5475002635609998
"Bidet from Rochester, NY",neither,0.04084513770590474,0.30675141581570226,0.6524034464783931
@duglyuckling Thanks! LOL,neither,0.025686929906610204,0.3825841739419974,0.5917288961513923
Fanart :D,neither,0.03945320844208391,0.33037608806864915,0.630170703489267
they're usually 30 minutes late or so,neither,0.05211998228014943,0.341763427317196,0.6061165904026546
!wallet,neither,0.03945320844208391,0.33037608806864915,0.630170703489267
"REFRESH!, it's on!",neither,0.03493935459237593,0.3456775951428696,0.6193830502647545
did I see a Texans fan?,neither,0.03945320844208391,0.33037608806864915,0.630170703489267
kaaidin_77 has 2205 coins,neither,0.03989735448983053,0.32283777050957063,0.6372648750005988
Hey everybody!,neither,0.03945320844208391,0.33037608806864915,0.630170703489267
Bidet @Stromclaw from CoSprings!,neither,0.04228451509352876,0.2823214250720796,0.6753940598343917
"bidet from Portland as well, looking forward to this fight!",neither,0.04310044259448499,0.3397433231753849,0.61715623423013
!wallet,neither,0.03945320844208391,0.33037608806864915,0.630170703489267
ranezero has 1402 coins,neither,0.03989735448983053,0.32283777050957063,0.6372648750005988
whooo,neither,0.03945320844208391,0.33037608806864915,0.630170703489267
!wallet,neither,0.03945320844208391,0.33037608806864915,0.630170703489267
"""3"" Month Sub LUL",neither,0.03945320844208391,0.33037608806864915,0.630170703489267
Some of the art this week is stunning,neither,0.03787649338846874,0.32795684550643506,0.6341666611050961
koulaid87 has 1587 coins,neither,0.03989735448983053,0.32283777050957063,0.6372648750005988
!wallet,neither,0.03945320844208391,0.33037608806864915,0.630170703489267
prismalin has 2545 coins,neither,0.03989735448983053,0.32283777050957063,0.6372648750005988
Bidet from Sydney Australia!,neither,0.04031924518627951,0.315677184343852,0.6440035704698686
"yo what's happening sith cr, tjey should be broadcasting about now",neither,0.049958687466628834,0.4147201320835492,0.5353211804498221
PogChamp,neither,0.03945320844208391,0.33037608806864915,0.630170703489267
cant wait to see it all,neither,0.04720124442176051,0.404272499304747,0.5485262562734926
If you haven't refreshed in a while art is rolling,neither,0.04035086899018188,0.4034584446896077,0.5561906863202104
its here,neither,0.11304804868039274,0.2693716569310093,0.617580294388598
ooo! Imma lovely pink today!,neither,0.03841282420330759,0.3145209341772781,0.6470662416194143
REFRESH NOW if your video isn't working,neither,0.04692174770382088,0.29757549112114556,0.6555027611750336
YEEEEES,neither,0.03945320844208391,0.33037608806864915,0.630170703489267
wish I could Art,neither,0.03945320844208391,0.33037608806864915,0.630170703489267
you guys think raishan notcied them ?,neither,0.09626494227034242,0.37343222951946775,0.5303028282101898
!,neither,0.03945320844208391,0.33037608806864915,0.630170703489267
art work if you can't see refresh browser,neither,0.03515874249224043,0.40472672763965906,0.5601145298681005
!wallet,neither,0.03945320844208391,0.33037608806864915,0.630170703489267
smokinitup420 has 2754 coins,neither,0.03989735448983053,0.32283777050957063,0.6372648750005988
what are these coin things i keep seeing?,neither,0.08810194922080386,0.3466410543134789,0.5652569964657173
Hey Critters:),neither,0.03945320844208391,0.33037608806864915,0.630170703489267
my fist time watching critical role live. this is the right place right?,neither,0.038654819961256845,0.3672696946183842,0.594075485420359
Scanlan the chronic.,neither,0.03843498882663835,0.31168514531390124,0.6498798658594604
"WE HERE BOYS, REFRESH",neither,0.08047690817035527,0.2988797113938861,0.6206433804357586
South Korea (Friday 11 45 AM) Still getting used to adding a day to get the correct time.,neither,0.042161002152410254,0.3656957549133925,0.5921432429341971
^5 Missouri Critters!,neither,0.03945320844208391,0.33037608806864915,0.630170703489267
JaMBof -> Holy cow! [stop spamming emotes] [warning],neither,0.03940177527638996,0.38897765666487705,0.571620568058733
wombatt_dota2 -> Blow it out your knees! [stop spamming caps] [warning],neither,0.05315887447423915,0.3858802475992868,0.560960877926474
bidet,neither,0.03945320844208391,0.33037608806864915,0.630170703489267
IT'S LIVE,neither,0.04484927957380506,0.32852013176635725,0.6266305886598378
Yaaasssss IM early,neither,0.04045404751103885,0.34134231388191977,0.6182036386070414
!Wallet,neither,0.03945320844208391,0.33037608806864915,0.630170703489267
gandsSCANLAN gandsSCANLAN gandsSCANLAN,neither,0.03945320844208391,0.33037608806864915,0.630170703489267
Critters!!!,neither,0.03945320844208391,0.33037608806864915,0.630170703489267
yes!,neither,0.03945320844208391,0.33037608806864915,0.630170703489267
yay!!!!,neither,0.03945320844208391,0.33037608806864915,0.630170703489267
"is it me, I show them offline",neither,0.0864987305441294,0.2653175093224132,0.6481837601334575
Bidet from East Texas,neither,0.04055978256544535,0.3115946372668712,0.6478455801676836
"I think Raishan is actually there, Vex used sense dragons and Matt said she was there",neither,0.04399705684690397,0.2989774155754017,0.6570255275776944
How do we get our icon updated? Mine s for 3 months and I am at 23.,neither,0.035860247332486495,0.31245855776108294,0.6516811949064305
megs chat taking on gavins nose problem lol,neither,0.03159050512380608,0.382789113001627,0.5856203818745669
HYPE,neither,0.03945320844208391,0.33037608806864915,0.630170703489267
hi,neither,0.03945320844208391,0.33037608806864915,0.630170703489267
Bidet @Thermovore!,neither,0.03945320844208391,0.33037608806864915,0.630170703489267
We have Critical Role art running... start your engines.,neither,0.05778611350485641,0.3326362890225688,0.6095775974725748
oh ok thank you so much for responding I got worried I missed some good Raishan whuppage lol.,neither,0.03368254355625141,0.40697367548929536,0.5593437809544531
Yo,offensive_language,0.04010381111145228,0.5271105317972344,0.4327856570913131
Bidet opshlds my wife works in CoSprings,neither,0.027829670506743207,0.4213083071226408,0.550862022370616
Yes @christaylor____,neither,0.03945320844208391,0.33037608806864915,0.630170703489267
hype!,neither,0.03945320844208391,0.33037608806864915,0.630170703489267
Beep beep.,neither,0.03945320844208391,0.33037608806864915,0.630170703489267
opps wrong chat,neither,0.03945320844208391,0.33037608806864915,0.630170703489267
Ohhhh shiiittt I'm not done with episode 82,neither,0.03099485032726457,0.3663331522399094,0.602671997432826
is the stream down for anyone else?,neither,0.03994202273716753,0.29406734393927414,0.6659906333235583
Bidet and beep beep from iowa everyone!,neither,0.03416603904772179,0.37510338428909296,0.5907305766631852
Yesss so excited,neither,0.0394116481024277,0.37457095463686413,0.5860173972607082
THUMBS UP LETS GO,neither,0.03655798851285601,0.4232815274470548,0.5401604840400891
when does start,offensive_language,0.01672353805492118,0.5153604439772241,0.46791601796785465
bidet from phx,neither,0.04228451509352876,0.2823214250720796,0.6753940598343917
ohhh yeah!!!!!!! gandsSubHype gandsCrit gandsSCANLAN,offensive_language,0.013968601452186464,0.5182923869769311,0.4677390115708824
does anyone know when they will be doing a panel at Anime Milwaukee?,neither,0.0274850097393669,0.4292715331154877,0.5432434571451454
beep beep from western MA!,neither,0.034183873238019254,0.4198104583506768,0.5460056684113038
Bidet from Portland,neither,0.04066490145509902,0.30981049537100724,0.6495246031738937
KAPOW,neither,0.03945320844208391,0.33037608806864915,0.630170703489267
"refesh, its up",neither,0.02540825348022648,0.4347329232452923,0.5398588232744811
IM ACTUALLY EARLY FOR ONCE!,neither,0.03439088133256323,0.3083026004139833,0.6573065182534534
@christaylor____ you sure are!,offensive_language,0.11643748969457443,0.5388266476738436,0.34473586263158196
i got it,neither,0.033384131469087024,0.4408120912412251,0.525803777289688
pics just came on,neither,0.03168636595440647,0.3687217161404573,0.5995919179051363
"@geekandsundry I know you know, but is the feed delayed?",neither,0.059351684115701575,0.36242181991366956,0.5782264959706287
As far I know Matt has never lied to a player about their spells,neither,0.03562807615044245,0.4349892494617605,0.5293826743877972
M,neither,0.03945320844208391,0.33037608806864915,0.630170703489267
art now,neither,0.03945320844208391,0.33037608806864915,0.630170703489267
Bidet from Phoenix AZ!! May the dice be with them!,neither,0.0410081055658518,0.3142790171282549,0.6447128773058932
Refresh if it isn't starting for you yet.,neither,0.030189758779301815,0.37668737491867066,0.5931228663020274
Bidet from NoVA,neither,0.04228451509352876,0.2823214250720796,0.6753940598343917
pops into chat,neither,0.03945320844208391,0.33037608806864915,0.630170703489267
i wonder if it's gonna be on time,neither,0.019611731690545094,0.4615723872597279,0.5188158810497271
First live stream! So stoked!,neither,0.03708095049118888,0.36482000047252106,0.5980990490362902
Bidet and beep beep from Las Vegas!~ <3,neither,0.03961593375736491,0.2804430359193121,0.6799410303233231
man a name before the episode has even started tpk imminent.,neither,0.035685420783602255,0.41438822709690337,0.5499263521194944
Just refreshed all good now,neither,0.03450458387219602,0.47115021049745065,0.4943452056303534
i really love that they do this fanart feature,neither,0.03465025614359227,0.3803217728052021,0.5850279710512056
Bidet from Colorado,neither,0.04066490145509902,0.30981049537100724,0.6495246031738937
Is that subscribers count the number of twitch subs they have?,neither,0.0409212808284277,0.35004931736796663,0.6090294018036055
Hello fello critters and bidet from NY,neither,0.039637092949418994,0.2750202200628516,0.6853426869877294
so good <3,neither,0.03814044697628118,0.4245687317089837,0.5372908213147352
Bidet from Uka love and hugs,neither,0.03662657402399987,0.28242556965895543,0.6809478563170448
stream has started!,neither,0.03983504551774984,0.3238953163792393,0.636269638103011
Beep beep bidet from CT! Hi Thursday frieends!,neither,0.04029287920655621,0.3161246838294802,0.6435824369639637
What episode # are we on now?,neither,0.06942509497083751,0.2963285889465583,0.6342463160826042
Bidet & a beep beep to all from Utah,neither,0.05049148023848535,0.38390043953521963,0.565608080226295
@DEATHlikescats they just started the art roll for me,neither,0.026602692235331342,0.34138482499190226,0.6320124827727663
bidet from kc,neither,0.04066490145509902,0.30981049537100724,0.6495246031738937
watching in the car for the next half hour as a drive to my sister's to watch it with her.,offensive_language,0.024323644926781615,0.5153682532890991,0.4603081017841193
is the everyne here today,neither,0.14103879613326709,0.2225725783683585,0.6363886254983744
welcomes back all long time viewers and subs! <3,neither,0.03890773678613002,0.3605939819683741,0.600498281245496
yay,neither,0.03945320844208391,0.33037608806864915,0.630170703489267
I gotta be up in 7 hours to catch a flight.... screw it,neither,0.04005829701216258,0.385099460691089,0.5748422422967484
bidet from lawrence ks,neither,0.04069404815304118,0.30931579984010865,0.6499901520068502
Bidet from Oklahoma,neither,0.04066490145509902,0.30981049537100724,0.6495246031738937
Bidet from Chandler AZ,neither,0.04078317879478948,0.307803020237201,0.6514138009680096
gandsTrinketArmor,neither,0.03945320844208391,0.33037608806864915,0.630170703489267
"bidet from Scottsdale, AZ",neither,0.04078317879478948,0.307803020237201,0.6514138009680096
cheer1 The artwork by you guys is so great.,neither,0.06544105105860197,0.42467464096146573,0.5098843079799323
Deadpool for VoxMachina tonight? Who's gonna die?,neither,0.17038944372472997,0.1750817593435676,0.6545287969317025
time to get pumped my dudes,neither,0.033294204710327104,0.4204977688528984,0.5462080264367745
@ploop12 yes,neither,0.03945320844208391,0.33037608806864915,0.630170703489267
Good evening from Northwest Florida~!,neither,0.039816742822265674,0.3145130174808309,0.6456702396969035
just me then lol,neither,0.01734697536857754,0.4866869634165051,0.4959660612149173
"ya, seeing all the fanart is so nice",offensive_language,0.03311247817694923,0.6469920910674369,0.31989543075561383
Bidet you crazy critter bastards ^^,offensive_language,0.0449532591864319,0.531009629589576,0.42403711122399207
"love Critical Role, but my hourly indentured servitude forces a sleep spell upon me when it streams.",neither,0.024923689833715332,0.4169562929527961,0.5581200172134886
Bidet everyone,offensive_language,0.02988896790634741,0.4927062106388782,0.4774048214547744
The part of Rishan will be played by Larkin on this weeks episode of Critical Role,neither,0.038956264185711145,0.3425426863157522,0.6185010494985366
Spice?,neither,0.03945320844208391,0.33037608806864915,0.630170703489267
welcomes all new viewers and subs! <3,neither,0.042998289747962826,0.2771746474816854,0.6798270627703518
yay,neither,0.03945320844208391,0.33037608806864915,0.630170703489267
Bidet from Texas,neither,0.040937266849991,0.30518774380265185,0.6538749893473571
Bidet from Texas!,neither,0.040937266849991,0.30518774380265185,0.6538749893473571
beep beep,neither,0.03945320844208391,0.33037608806864915,0.630170703489267
"Beepbeep from the Gold Coast, Australia!",neither,0.03954891648624569,0.3047120820335715,0.6557390014801829
oh hai,neither,0.051363287716059566,0.22255663153133606,0.7260800807526044
I'm conflicted as to whether or not to watch old Critical Role to catch up or new critical role for the fresh aspect of ot,neither,0.0449191507205308,0.30897114998348724,0.646109699295982
Greetings and Salutations from Logan UT,neither,0.03960751895258097,0.2826498521922526,0.6777426288551665
That Trinket art was awesome,neither,0.035742385866929134,0.37139378571842163,0.5928638284146494
Hi @GaeaCa,neither,0.03945320844208391,0.33037608806864915,0.630170703489267
who's gonna get killt tonight,neither,0.03478347874098945,0.4366138745348395,0.528602646724171
"Bidet from Newfoundland, Canada!",neither,0.04071751644889743,0.3089174816120565,0.6503650019390461
@fandomisrandom I spice.,neither,0.03945320844208391,0.33037608806864915,0.630170703489267
Just destroying my mouth with some very wasabi wasabi peas gandsDrink,neither,0.020300165630459176,0.4308362820313361,0.5488635523382047
Where is LARKIN>,neither,0.06245822111259904,0.2612427577458543,0.6762990211415466
Seriously... Can they just put the art videos up on the Website?? or YouTube?? or Both???,neither,0.03384808266894739,0.3539198920117618,0.6122320253192908
gandsMatt,neither,0.03945320844208391,0.33037608806864915,0.630170703489267
it's time,neither,0.034389982057555904,0.3710596410554468,0.5945503768869974
reminds chat that we go sub only for live CR,neither,0.036688406622155265,0.3391059781468067,0.624205615231038
Bidet from England!,neither,0.04071751644889743,0.3089174816120565,0.6503650019390461
gandsSCANLAN gandsSCANLAN gandsSCANLAN gandsSCANLAN gandsSCANLAN,neither,0.03945320844208391,0.33037608806864915,0.630170703489267
Bidet from Ny Baby Represent,neither,0.04036401480065929,0.314917327148444,0.6447186580508968
Beep beep from Boston.,neither,0.040769555981420263,0.3080342349327864,0.6511962090857933
Bidet Friends!! Enjoy the show!,neither,0.054738248850600434,0.23441229492764618,0.7108494562217534
Bidet from Brisbane all you Beautiful bastards,offensive_language,0.06475193323542537,0.47141032865107224,0.4638377381135024
LET'S Do THIS!\[T]/,neither,0.0195438059392097,0.382678239993645,0.5977779540671454
Bidet from England,neither,0.04071751644889743,0.3089174816120565,0.6503650019390461
hello!,neither,0.03945320844208391,0.33037608806864915,0.630170703489267
like have the video AND the gallery,neither,0.050516755681662445,0.213757562185208,0.7357256821331296
Larkin died,neither,0.03945320844208391,0.33037608806864915,0.630170703489267
hi @Dragonchrome,neither,0.03945320844208391,0.33037608806864915,0.630170703489267
Bidet from Norway,neither,0.04228451509352876,0.2823214250720796,0.6753940598343917
what time does it start?,neither,0.027355932632173525,0.47460409276526677,0.4980399746025596
"bidet from albuquerque, new mexico, usa",neither,0.043403653232390677,0.23863087685669315,0.7179654699109163
Bidet from wa.st😍,neither,0.04046104702925519,0.31327043699523416,0.6462685159755107
"Larkin? Good, they need some dwarf blood in this show.",neither,0.04238359324001919,0.2852125149793497,0.672403891780631
so excited,neither,0.03940839469474773,0.3948270312238364,0.565764574081416
"The fanart is on point, as always.",neither,0.03952345263103394,0.41535466513971675,0.5451218822292494
OMG Yes,neither,0.03945320844208391,0.33037608806864915,0.630170703489267
gandsLessthanthree gandsLessthanthree gandsLessthanthree gandsGandsVaxSigil,neither,0.03945320844208391,0.33037608806864915,0.630170703489267
Beep Beep from NZ!,neither,0.04228451509352876,0.2823214250720796,0.6753940598343917
Is Patrick Rothfuss joining?,neither,0.047019245081505436,0.3277737811231832,0.6252069737953113
any pic yet?,neither,0.035648671727743414,0.3949490051606251,0.5694023231116314
ZOMG,neither,0.03945320844208391,0.33037608806864915,0.630170703489267
gandsClassic gandsClassic gandsClassic gandsClassic gandsClassic gandsClassic,neither,0.03945320844208391,0.33037608806864915,0.630170703489267
One viewer my *** lol,offensive_language,0.014813117265392004,0.5924662539802255,0.39272062875438246
#LarkinWatch2017 lives on!,neither,0.035356622536097344,0.3502924667588826,0.61435091070502
bidet fro michigan,neither,0.03945320844208391,0.33037608806864915,0.630170703489267
I think Larkin is hiding out in Patricks next book,neither,0.041786400388323756,0.34455822816189396,0.6136553714497822
Thats a good tub sceen,neither,0.038808176929948965,0.33059794398398096,0.63059387908607
Art is on point tonight,neither,0.04135591813501579,0.319837906672189,0.6388061751927954
bidet from dallas,neither,0.04081748366884477,0.3072207769958956,0.6519617393352596
bidet from florida '3',neither,0.0408948396164547,0.30590784468201904,0.6531973157015263
Bidet from Toronto!,neither,0.04066490145509902,0.30981049537100724,0.6495246031738937
Bidet from Southern California! :),neither,0.05973421983411923,0.3068804373496683,0.6333853428162125
Any (other) Danes staying up all Thursday night to watch CR,neither,0.04110299976586068,0.4030505282765211,0.555846471957618
awawww yea,neither,0.03908133164861177,0.3366878077749653,0.624230860576423
hi everyone!!,neither,0.032490659208996964,0.4485487193596734,0.5189606214313296
Kreygasm BATHTUB SCENE Kreygasm,neither,0.03945320844208391,0.33037608806864915,0.630170703489267
I don't know what everyone is worried about. Raishan probably just has an ice cream party ready for them.,neither,0.04288918168120937,0.3893464082086596,0.5677644101101311
@Genku @GeekandSundry YES!! post these art slides on the website or something please!!!,neither,0.04184057790852045,0.36638367209852746,0.5917757499929521
Bidet from Nebraska,neither,0.04062582848913359,0.31047366557575606,0.6489005059351104
I hope Travis dies so he can finally make an awesome new werewolf character,neither,0.06246602692780215,0.2435949123269873,0.6939390607452106
Bidet from russia,neither,0.04066490145509902,0.30981049537100724,0.6495246031738937
Rothfuss IS playing!,neither,0.05451406670164796,0.32519596828845504,0.6202899650098971
Kiki is gonna get some fancy green dragon armor tonight I think,neither,0.03713017528053651,0.33504746434710386,0.6278223603723597
Aussi aussi aussi,neither,0.03945320844208391,0.33037608806864915,0.630170703489267
what the hell is bidet,offensive_language,0.065577977739481,0.8099317968609269,0.12449022539959226
?,neither,0.03945320844208391,0.33037608806864915,0.630170703489267
sup ladies?,neither,0.03938492273717383,0.33153507469246213,0.6290800025703641
:D,neither,0.03945320844208391,0.33037608806864915,0.630170703489267
hey. how long till start time?,neither,0.03829146754999499,0.34527627227921576,0.6164322601707893
"Hey GaeaCa, I hope you'll enjoy the show",neither,0.12088127086231988,0.18452757367062247,0.6945911554670576
Bidet form Ohio!,neither,0.03945320844208391,0.33037608806864915,0.630170703489267
Man all this beautiful fanart,offensive_language,0.042116859241243323,0.5162950776635127,0.441588063095244
i am betting raishon they see is another freakin illusion. no way she waited calmly for them to come get her.,neither,0.06808801615358635,0.444879013956396,0.48703296989001765
Lets wish them all goodluck with this wonderful chant! TPK TPK TPK,neither,0.040201949876366584,0.4084867125742724,0.5513113375493609
Beep beep from central Arkansas!,neither,0.040371808140217125,0.31478505383715205,0.6448431380226308
No sound??,neither,0.03817021587683215,0.3521518202447505,0.6096779638784173
Beep Beep from Alaska!,neither,0.04066490145509902,0.30981049537100724,0.6495246031738937
bidet from Indianapolis indiana,neither,0.04039476597904064,0.31439539939713196,0.6452098346238274
oh lord i hope lvl 7 kerrek doesnt die,neither,0.18535073488992018,0.10724990706658206,0.7073993580434977
that bathtub scene had me dying,neither,0.02993452734968122,0.40150687628274784,0.5685585963675709
bidet from lloydminster,neither,0.04228451509352876,0.2823214250720796,0.6753940598343917
T-MINUS 10 MINUTES TO LAUNCH,neither,0.04529224635281923,0.3269506567946962,0.6277570968524847
mathsquadJoy mathsquadJoy,neither,0.03945320844208391,0.33037608806864915,0.630170703489267
oi oi oi,neither,0.03945320844208391,0.33037608806864915,0.630170703489267
oi oi oi,neither,0.03945320844208391,0.33037608806864915,0.630170703489267
"Friday more FOR HONOR on both Geek&Sundry and Nerdist Twitch with the Nerdist hosts from 9am to 12pm PST. Saturday we're back with Brian Wayne Foster of Talks Machina, Nerdcore artist Logic and Amy Vorpahl. Sunday we're up with Erika Ishii, OMGItsFirefox and Ify. Both weekends are 12 to 3pm. ForHonorGame.com/War to sign up for the beta, learn more, etc",neither,0.04306562060110382,0.3003296627111448,0.6566047166877514
Bidet from Boise Idaho,neither,0.04066490145509902,0.30981049537100724,0.6495246031738937
"@Hobbster_, always :)",neither,0.03557448528484342,0.4519132619047061,0.5125122528104504
I love getting here while the bidets are rolling in and just seeing the wall of Texans that show up.,neither,0.07265824614689796,0.31175757325227726,0.6155841806008246
hallo from wisconsin!,neither,0.04071751644889743,0.3089174816120565,0.6503650019390461
beep beep from hotlanta,neither,0.04228451509352876,0.2823214250720796,0.6753940598343917
hypeeeeeed,neither,0.03945320844208391,0.33037608806864915,0.630170703489267
Hi,neither,0.03945320844208391,0.33037608806864915,0.630170703489267
OI OI OI,neither,0.03945320844208391,0.33037608806864915,0.630170703489267
tangMage tangBall tangBall,neither,0.03945320844208391,0.33037608806864915,0.630170703489267
time to kill a green dragon!!,neither,0.3757438515662007,0.18523582858934629,0.43902031984445306
Bidet from Bmore,neither,0.04228451509352876,0.2823214250720796,0.6753940598343917
!sub to chat during CR,neither,0.04424152223636372,0.3275532409882384,0.628205236775398
"They need a full-on dwarf to join the party, just to belittle Grog's beard.",neither,0.05373308558137425,0.33152831884203643,0.6147385955765894
Help support the #GnSLive twitch channel! $4.99/month gets you exclusive sub-only benefits and helps keep the channel alive! Thanks! twitch.tv/geekandsundry/subscribe or for MOBILE https://secure.twitch.tv/products/geekandsundry/ticket/new,neither,0.047564760200365624,0.28780811278399754,0.6646271270156369
bidet from Norcross Georgia,neither,0.04066490145509902,0.30981049537100724,0.6495246031738937
deadpool pick for me is Raishan,neither,0.03668226239099161,0.23989875823169915,0.7234189793773091
this is critical role right,neither,0.0454540813893178,0.34514884994096534,0.6093970686697168
Hello from Seattle!!,neither,0.04047239611563269,0.3130778133806527,0.6464497905037146
England,neither,0.03945320844208391,0.33037608806864915,0.630170703489267
"We may have a full cast, Ashly itweeted back on the 8th for Blind spot",neither,0.043717983096289145,0.302913518686042,0.6533684982176688
Bidet from Seattle!,neither,0.040754399270683486,0.3082914838698526,0.650954116859464
oh yaH I can type now,neither,0.044626335609448585,0.2791601295683917,0.6762135348221597
beep beep from SoFlo!,neither,0.04228451509352876,0.2823214250720796,0.6753940598343917
Yay first live one!!!,neither,0.035764357266276796,0.361228924689555,0.6030067180441683
yes,neither,0.03945320844208391,0.33037608806864915,0.630170703489267
!wallet,neither,0.03945320844208391,0.33037608806864915,0.630170703489267
cinderellas1shoo82 has 6071 coins,neither,0.03989735448983053,0.32283777050957063,0.6372648750005988
"Bidet from Ottawa, Canada",neither,0.04071751644889743,0.3089174816120565,0.6503650019390461
"if thats actually the dragon, it could be an illusion",neither,0.02532542080485743,0.3581066250999909,0.6165679540951517
bidet from Vermont!,neither,0.04228451509352876,0.2823214250720796,0.6753940598343917
Bidet from Wisconsin!,neither,0.04071751644889743,0.3089174816120565,0.6503650019390461
Bidet from Israel via Colombia,neither,0.05764490262500619,0.13191694456447184,0.8104381528105219
bidet,neither,0.03945320844208391,0.33037608806864915,0.630170703489267
!wallet,neither,0.03945320844208391,0.33037608806864915,0.630170703489267
mervny has 3276 coins,neither,0.03989735448983053,0.32283777050957063,0.6372648750005988
!wallet,neither,0.03945320844208391,0.33037608806864915,0.630170703489267
Bidet from Seattle,neither,0.040754399270683486,0.3082914838698526,0.650954116859464
mrordr has 539 coins,neither,0.03989735448983053,0.32283777050957063,0.6372648750005988
@christaylor____ bidet is a greeting - episodes in the Fey Wild,neither,0.04626518391311822,0.31263491931646054,0.6410998967704212
Bidet from Mars. Bee's Knees.,neither,0.040255769743409,0.31675452826706985,0.6429897019895212
Woo!,neither,0.03945320844208391,0.33037608806864915,0.630170703489267
Bidet from Denmark ;),neither,0.04228451509352876,0.2823214250720796,0.6753940598343917
we are 10 mins out from ep 83,neither,0.05214559622398456,0.30204420157165035,0.6458102022043652
bidet from howe Oklahoma,neither,0.04066490145509902,0.30981049537100724,0.6495246031738937
that would be so awesome if ashley could be here,neither,0.045951440414158086,0.4026569445413525,0.5513916150444894
Hialeah in the Hizzy!,neither,0.037091980359884744,0.28472846616514075,0.6781795534749746
hey guys I'm late to the party... is Sam back?,neither,0.04990609698235537,0.3150792079945979,0.6350146950230467
so who is ready to fight a dracolich,neither,0.05798344380275993,0.4426048429983118,0.49941171319892835
Bidet from Northern Minnesota!!!,neither,0.040354386843928725,0.3150807387011266,0.6445648744549448
wow first time i made it on time xD,neither,0.029334497149827287,0.3744075843693479,0.5962579184808249
Bidet from Chicago everyone. ^.^,neither,0.034315970656495866,0.4175684204123382,0.548115608931166
I ENCOURAGE VIOLENCE!!,neither,0.03945320844208391,0.33037608806864915,0.630170703489267
Raishan. Raishan. Raishan,neither,0.03945320844208391,0.33037608806864915,0.630170703489267
Bidet from STL,neither,0.04228451509352876,0.2823214250720796,0.6753940598343917
Beep beep from central pa,neither,0.04038434874462851,0.31457220705192124,0.6450434442034502
Beep beep from uk.,neither,0.04079557052152802,0.30759270029461827,0.6516117291838538
I am prepared o.o,neither,0.03923542281563193,0.3304509945322771,0.630313582652091
free the plebs chat,neither,0.03845553232265754,0.31207332386108994,0.6494711438162525
I was thinking illusion too,neither,0.03895745116074014,0.3387903829564576,0.6222521658828023
Bidet from Texas,neither,0.040937266849991,0.30518774380265185,0.6538749893473571
Bidet from AZ gandsNatTwenty,neither,0.04078317879478948,0.307803020237201,0.6514138009680096
Beep beep,neither,0.03945320844208391,0.33037608806864915,0.630170703489267
"Bidet from Sydney, Australia!",neither,0.04031924518627951,0.315677184343852,0.6440035704698686
Did you see that Mets game?,neither,0.04923182682710722,0.36898222876443937,0.5817859444084534
!matt,neither,0.03945320844208391,0.33037608806864915,0.630170703489267
Fan art opening scroll is up!,neither,0.04300562084869647,0.3646101922462522,0.5923841869050513
bidet from DK,neither,0.04228451509352876,0.2823214250720796,0.6753940598343917
bidet from Australia,neither,0.04062582848913359,0.31047366557575606,0.6489005059351104
bidet from minnesota with love <3,neither,0.02720374142571635,0.3634581920849379,0.6093380664893456
"@brandmorri bidet from heavener, Oklahoma",neither,0.04066490145509902,0.30981049537100724,0.6495246031738937
Beep Beep from denmark!!,neither,0.04228451509352876,0.2823214250720796,0.6753940598343917
"man, the one with scanlan getting high out of rejection from pike is harsh.",offensive_language,0.028766959346731093,0.49825370110666994,0.47297933954659893
yay for fan art!,neither,0.03452883527290003,0.30577346780390435,0.6596976969231956
"I love the fanart, but makes me sad that I can't draw a straight line",neither,0.0283976963550177,0.3844759847951722,0.58712631884981
"I think it'd be interesting if Raishan really just wanted to talk a bit. No charm spells or anything, no stall tactic...just ""About time you showed up..."" and somehow convinced them not to fight (yet). Unlikely maybe, but...",neither,0.031122301149481855,0.4143279146854862,0.554549784165032
Bidet from Germany,neither,0.04069404815304118,0.30931579984010865,0.6499901520068502
whos proud of me for binging cr for a month and im finally caught up,neither,0.02896725123358691,0.33971583800093685,0.6313169107654762
"Lian, not an illusion. Vex did sense dragons and confirmed she's really there",neither,0.038930654055582194,0.32618291629911134,0.6348864296453066
Her sitting in the chair is totally not a trap!,neither,0.03628317119769431,0.46097017014994274,0.502746658652363
Bidet from CA USA,neither,0.04045297854945365,0.31340738015452063,0.6461396412960257
ahhhh come on now do you really think raishan is dieing tonight? no chance. she gonna Bamford again.,neither,0.04713772611684083,0.44454692817284064,0.5083153457103187
"bidet from Greenfield, In",neither,0.041809934750563944,0.290376292048192,0.667813773201244
bidet from Guam.....Oh Larkin? Come on out and play...,neither,0.03585935097638739,0.28062060661604954,0.6835200424075631
bidet from Kansas City,neither,0.04050054910234117,0.3125999837227694,0.6468994671748894
test,neither,0.03945320844208391,0.33037608806864915,0.630170703489267
"\o from Melbourne, Aus :)",neither,0.04228451509352876,0.2823214250720796,0.6753940598343917
First live episode yay!,neither,0.036850588635674524,0.33127124836477273,0.6318781629995528
'b'day,neither,0.04062343770405816,0.29560591037067285,0.663770651925269
Bidet from my bathroom in La.,neither,0.030059484408149838,0.39316150732808774,0.5767790082637624
"if anyone is having trouble with a blank screen, refresh the page before it all kicks off",neither,0.027419819980401557,0.4237786481151925,0.5488015319044061
Bidet from Adelaide,neither,0.04228451509352876,0.2823214250720796,0.6753940598343917
Why does it still say Offline? Shouldnt the wait sceen be up by now?,neither,0.022109388801122242,0.4879164190512831,0.4899741921475946
can someone tell me the stream title? i have no way of seeing the full title on mobile,neither,0.04090042337431968,0.34460763657605287,0.6144919400496275
So proud princess!,neither,0.03941074355340737,0.3770070102218174,0.5835822462247754
bidet from England,neither,0.04071751644889743,0.3089174816120565,0.6503650019390461
It's my first live Critical Role! Finally caught up!,neither,0.028522929472605426,0.4183635064079205,0.5531135641194741
Sup,neither,0.03945320844208391,0.33037608806864915,0.630170703489267
bidet from Greece,neither,0.04062582848913359,0.31047366557575606,0.6489005059351104
"First LIVE episode for me, as I finally got caught up! w00t!",neither,0.026198974459984217,0.41767190856077274,0.556129116979243
Bidet,neither,0.03945320844208391,0.33037608806864915,0.630170703489267
Bidet from Finland! :),neither,0.04228451509352876,0.2823214250720796,0.6753940598343917
are the Talks Macnina episodes still going to be posted to Geek & Sundry ?,neither,0.06390321224775014,0.29280123723207696,0.6432955505201728
time to put the coffee on,neither,0.05154119565339156,0.17448503440954338,0.773973769937065
@kawaiiprincesss proud!,neither,0.03945320844208391,0.33037608806864915,0.630170703489267
#Larkinwatch,neither,0.03945320844208391,0.33037608806864915,0.630170703489267
bidet fromPerth!,neither,0.03945320844208391,0.33037608806864915,0.630170703489267
Why is fan art always so on point,neither,0.032622728123460155,0.426271793305917,0.5411054785706227
#teamrishan Let's do this!,neither,0.0195438059392097,0.382678239993645,0.5977779540671454
b'day,neither,0.04062343770405816,0.29560591037067285,0.663770651925269
Bidet from L.A.,neither,0.04228451509352876,0.2823214250720796,0.6753940598343917
( ͡° ͜ʖ ͡°),neither,0.03945320844208391,0.33037608806864915,0.630170703489267
Who's ready for some Raishan showdown?!,neither,0.02443438044414584,0.38229055926389316,0.5932750602919611
bidet from minnesota!!!!,neither,0.04071751644889743,0.3089174816120565,0.6503650019390461
bidet from Texas!,neither,0.040937266849991,0.30518774380265185,0.6538749893473571
bidet,neither,0.03945320844208391,0.33037608806864915,0.630170703489267
"no, gannet",neither,0.036918905254960256,0.37338982715841207,0.5896912675866277
@kawaiiprincesss congrats did the same myself,neither,0.03937502047853947,0.32228058696092493,0.6383443925605357
hello everybody!,neither,0.03945320844208391,0.33037608806864915,0.630170703489267
bidet,neither,0.03945320844208391,0.33037608806864915,0.630170703489267
my first live show,neither,0.037360909416709435,0.3433138228150225,0.619325267768268
bidet from CO,neither,0.04181741232017598,0.2902493781769742,0.6679332095028498
refresh if not live for you,neither,0.03137505194445125,0.3900155140880586,0.5786094339674902
Bidet,neither,0.03945320844208391,0.33037608806864915,0.630170703489267
Bidet from Mars! Who else is an alien??,neither,0.04685491368440024,0.35749446615222064,0.5956506201633792
"Con season, hope we have full party tonight",neither,0.07899886115490953,0.2373168770536935,0.683684261791397
"ew, perth",neither,0.03945320844208391,0.33037608806864915,0.630170703489267
Beep Beep from VA USA,neither,0.04037932620557306,0.31465745264747463,0.6449632211469523
I just got here. Is my Sticks Machina picture in the art roll?,neither,0.0559339296355926,0.3907445714216031,0.5533214989428042
SeemsGood,neither,0.03945320844208391,0.33037608806864915,0.630170703489267
@aethac0 Welcome to the dark side!,neither,0.03954684492498494,0.34626990179741396,0.6141832532776011
so happy I could finally subscribe :'),neither,0.03941034011534057,0.3782385474599921,0.5823511124246674
bidet from the UK,neither,0.039613273355342184,0.2892653269430044,0.6711213997016535
!clock,neither,0.03945320844208391,0.33037608806864915,0.630170703489267
It is currently 6:51 PM at the Geek & Sundry studio in California.,neither,0.0534460154289174,0.3294088346371876,0.617145149933895
Bidet from MN,neither,0.040737273169946825,0.30858215849491494,0.6506805683351382
hello,neither,0.03945320844208391,0.33037608806864915,0.630170703489267
Bidet from Spokane,neither,0.04228451509352876,0.2823214250720796,0.6753940598343917
so much awesome artwori (bidet from seattle),neither,0.03698908458551339,0.35466924255058485,0.6083416728639018
this artwork always brings a tear to my eye,neither,0.03939104128645851,0.4283328766382453,0.5322760820752961
first live show. finally all caught up,neither,0.04827437332912906,0.3715537895069809,0.5801718371638901
the shimmering silver skinned being is Tiberius with aileen ulti,neither,0.03165465628522775,0.36712689108239216,0.60121845263238
bidet from iowa,neither,0.04069404815304118,0.30931579984010865,0.6499901520068502
start pls,neither,0.03945320844208391,0.33037608806864915,0.630170703489267
!title,neither,0.03945320844208391,0.33037608806864915,0.630170703489267
Unless Raishaan replaced Vex... Raishaan disguised as Vex!!!,neither,0.03755647640948065,0.36256858073807957,0.5998749428524397
Galadriel2262 -> Current Stream Title: Critical Role Ep83 : The Deceivers Sanctum #GNSLive #CritRole #VoxMachina #DungeonsAndDragons,neither,0.038898201153146045,0.3203162755555781,0.6407855232912758
Bidet!,neither,0.03945320844208391,0.33037608806864915,0.630170703489267
"reminds chat to please be respectful of each other and the cast during the show, thanks",neither,0.04750994959916461,0.254765613211623,0.6977244371892125
"Bidet from England, there are literally dozens of us",neither,0.10400004461107182,0.2396413269134697,0.6563586284754586
Spice?,neither,0.03945320844208391,0.33037608806864915,0.630170703489267
Bidet from Baton Rouge,neither,0.040334677536117594,0.315415257091876,0.6442500653720065
bidet from reseda,neither,0.04228451509352876,0.2823214250720796,0.6753940598343917
Bidet and beep beep from Macomb IL!!!,neither,0.039665017157423446,0.26811748049299106,0.6922175023495856
"if you are only seeing black screen try refreshing, if you are on a console or mobile try switching to a pc",neither,0.06885018684160533,0.3791721109241277,0.5519777022342669
Bidet all!,offensive_language,0.046917543854519406,0.6277741405869331,0.3253083155585475
More meteors incoming!,neither,0.044084690295906365,0.306805713525994,0.6491095961780997
nice gif!,neither,0.03945320844208391,0.33037608806864915,0.630170703489267
Bidet from MN,neither,0.040737273169946825,0.30858215849491494,0.6506805683351382
are we ready to kill a dragon guys,neither,0.4006645999611613,0.16504166971133205,0.4342937303275065
Bidet from Canada,neither,0.04071751644889743,0.3089174816120565,0.6503650019390461
"@opshlds tried to whisper ya, my wife works down in CoSprings. Nice to hear from ya, friend.",offensive_language,0.026458833986097188,0.5984746701496163,0.3750664958642866
Bidet from South Dakota!,neither,0.04041079298828133,0.31412337922315653,0.6454658277885622
Bidet!!,neither,0.03945320844208391,0.33037608806864915,0.630170703489267
thanks gaeaca,neither,0.035884468650613,0.3004919205142699,0.6636236108351171
hypuuuuu,neither,0.03945320844208391,0.33037608806864915,0.630170703489267
JENGA!!!,neither,0.03945320844208391,0.33037608806864915,0.630170703489267
gandsSubHype gandsSubHype gandsSubHype,neither,0.03945320844208391,0.33037608806864915,0.630170703489267
