text,top_class,hate_speech,offensive_language,neither
gandsDrink,neither,0.03945320844208391,0.33037608806864915,0.630170703489267
BIDET NE Ohio here,neither,0.0813388525113248,0.2961737858439427,0.6224873616447324
Bidet from Vermont!!,neither,0.04228451509352876,0.2823214250720796,0.6753940598343917
I just hope grog does not discover the cards missing in the middle of the fight. That could get very interesting very quickly,neither,0.03918332086793046,0.35186773216425704,0.6089489469678125
Nobody attuned the Dragonslayer longsword...,offensive_language,0.028190136092643488,0.5081127255750228,0.4636971383323336
@Zeik101 im in Milford CT!,neither,0.038521843769751526,0.36571609883144246,0.5957620573988062
gandsSubHype gandsSubHype gandsSubHype gandsSubHype gandsSubHype gandsSubHype gandsSubHype,neither,0.03945320844208391,0.33037608806864915,0.630170703489267
"Bidet from Beaumont, Tx",neither,0.04081748366884477,0.3072207769958956,0.6519617393352596
Spice? Who spice? Heard of spice !!!???,neither,0.0396978828275227,0.35766302229349667,0.6026390948789808
Bidet from Oregon!,neither,0.04071751644889743,0.3089174816120565,0.6503650019390461
LET THE SHOWDOWN BEGIN!!!!,neither,0.02270944396052457,0.3472552641240977,0.6300352919153778
1 more to go!!!,neither,0.05826133153657605,0.313485343129964,0.62825332533346
bidet from PA,neither,0.04069404815304118,0.30931579984010865,0.6499901520068502
gandsSCANLAN spice? gandsSCANLAN,neither,0.03945320844208391,0.33037608806864915,0.630170703489267
Bidetfrom nyc,neither,0.03945320844208391,0.33037608806864915,0.630170703489267
Who's excited to see Kima finally hit something?,neither,0.04544040751339405,0.3793112391732733,0.5752483533133327
bidet from Cincinnati,neither,0.04228451509352876,0.2823214250720796,0.6753940598343917
DrakoLich? Is tibs coming back as a BAD GUY?!,neither,0.04107118084645641,0.36869562287094315,0.5902331962826004
gandsTrinket,neither,0.03945320844208391,0.33037608806864915,0.630170703489267
bidet odh82,neither,0.03945320844208391,0.33037608806864915,0.630170703489267
Beep beep from portland OR USA,neither,0.04033479104420418,0.31541333056341414,0.6442518783923817
"wifi connected, charger plugged in. let's do this gandsSCANLAN",neither,0.027970459369070638,0.3570708287875719,0.6149587118433576
"HP Stats: Kerrick 94, Vax 120, Vex 126, Pike 115, Grog 235, Scanlan 151, Percy 140, Keyleth 116",neither,0.03945320844208391,0.33037608806864915,0.630170703489267
more than ready to see what happens next,neither,0.07207416903020451,0.32473240905565187,0.6031934219141435
do we have the Scan-man today?,neither,0.03760370157233484,0.3648641099244833,0.5975321885031819
LET'S GET IT,neither,0.01620600571974137,0.39767167536199827,0.5861223189182604
"Guys, it's not a dracolich, you can't just snap your fingers and make a dracolich.",neither,0.06870695765634233,0.34263071301803333,0.5886623293256243
"Geez. There are so many of us, we stout hearts from Washington should stage a coup!",neither,0.09025607654230637,0.3094962188204878,0.6002477046372057
..... spice?,neither,0.03945320844208391,0.33037608806864915,0.630170703489267
Bidet from Seattle,neither,0.040754399270683486,0.3082914838698526,0.650954116859464
Bidet gandsSCANLAN,neither,0.03945320844208391,0.33037608806864915,0.630170703489267
bidet from NJ,neither,0.04069404815304118,0.30931579984010865,0.6499901520068502
gandsSCANLAN gandsSCANLAN gandsSCANLAN gandsSCANLAN,neither,0.03945320844208391,0.33037608806864915,0.630170703489267
Bidet from logan UT,neither,0.040354386843928725,0.3150807387011266,0.6445648744549448
Bidet from Norway,neither,0.04228451509352876,0.2823214250720796,0.6753940598343917
Bidet from Knoxville,neither,0.04062582848913359,0.31047366557575606,0.6489005059351104
DOGE,neither,0.03945320844208391,0.33037608806864915,0.630170703489267
can I get a scry poo from all Pittsburghers?,neither,0.042245002290317045,0.3901666862955529,0.5675883114141302
my god cr funko would be what I spend all my money on forever,neither,0.028110379906440497,0.4824408580674773,0.48944876202608223
Lets all just unite and WRITE #TEAMGROG on the chat please.. Let Travis know we appreciate GROG... !!!!,neither,0.02811508279919281,0.37432695958753837,0.5975579576132688
how much you wanna bet the flameskulls are gonna show up again at juuust the wrong moment,neither,0.06955677074797545,0.3580947227499506,0.572348506502074
Bidet from Utah!,neither,0.04066490145509902,0.30981049537100724,0.6495246031738937
Im here,neither,0.1434662745688758,0.31005087564986566,0.5464828497812586
WOW that keyleth,neither,0.03331973661388551,0.3977170722870928,0.5689631910990217
Anyone got some spice?,neither,0.030795410914926293,0.3873445845119896,0.581860004573084
I'm excited. This is my first live stream after catching up,neither,0.033011714808928255,0.41751240187319305,0.5494758833178787
"Bidet from Detroit, Michigan",neither,0.0404528956806494,0.31340878665439903,0.6461383176649516
woo! live CR gandsDrink,neither,0.043135442555864316,0.32910959890585617,0.6277549585382796
Spice? spice? You have spice?,neither,0.04600306642740004,0.35436714697610106,0.599629786596499
Im so ready for this week and for stuff to happen and for happenings to be had,neither,0.035941590960512707,0.28747349277305706,0.6765849162664301
"Beep Beep from Canberra, Australia!",neither,0.04062582848913359,0.31047366557575606,0.6489005059351104
Anyone got that link for the Sub-only Discord again?,neither,0.030595652793613686,0.3770791046274059,0.5923252425789803
gandsSCANLAN gandsSCANLAN gandsSCANLAN gandsSCANLAN gandsSCANLAN gandsSCANLAN gandsSCANLAN gandsSCANLAN gandsSCANLAN gandsSCANLAN gandsSCANLAN gandsSCANLAN,neither,0.03945320844208391,0.33037608806864915,0.630170703489267
the show will start shortluy,neither,0.05947402885715088,0.1931386508761825,0.7473873202666667
this music is quite fitting while I play diablo,neither,0.045121404637533,0.3295336950495936,0.6253449003128734
gandsGandsVaxSigil gandsGandsVaxSigil gandsGandsVaxSigil gandsNatTwenty gandsNatTwenty gandsNatTwenty,neither,0.03945320844208391,0.33037608806864915,0.630170703489267
Bidet is Grog's interpretation on good day,neither,0.046629137710372234,0.32506544081126426,0.6283054214783635
gandsSubHype gandsSubHype,neither,0.03945320844208391,0.33037608806864915,0.630170703489267
Where the *** is Larkin!!!!,neither,0.05801350487136781,0.24015946523463783,0.7018270298939943
"Bidet from Tulsa, OK!",neither,0.04104157946423444,0.3034172865047108,0.6555411340310547
THAT SUB COUNT WutFace,neither,0.03548246318037994,0.37358245954555347,0.5909350772740666
I'm seeing a lot of NC on here....anyone from Raleigh?,neither,0.06807122778165052,0.30122677461051806,0.6307019976078314
how do I get a subscriber badge?,neither,0.040361115395621455,0.33890782346273934,0.6207310611416392
Crossing fingers for a Pike to be here!,neither,0.07855066357754113,0.27450042251879037,0.6469489139036685
bidet from Chicago!,neither,0.04078317879478948,0.307803020237201,0.6514138009680096
Spice? gandsSCANLAN,neither,0.03945320844208391,0.33037608806864915,0.630170703489267
bidet!,neither,0.03945320844208391,0.33037608806864915,0.630170703489267
need. scan.lan.,neither,0.039247292248776065,0.3286517723766846,0.6321009353745394
"Greetings and salutations, I am from Dra- Belgium actually",neither,0.039452772913266765,0.26261029825286075,0.6979369288338726
The Trinket art is wonderful today,neither,0.044343548735368166,0.2968129354593061,0.6588435158053256
Can someone please tell me the context of Bidet,neither,0.03326805947432918,0.3445404372976244,0.6221915032280464
Bidet from Winnipeg!,neither,0.04228451509352876,0.2823214250720796,0.6753940598343917
bidet from ny,neither,0.04084513770590474,0.30675141581570226,0.6524034464783931
i finally caught up! FIRST TIME STREAMING :) :),neither,0.03187314663588366,0.38397926303895247,0.5841475903251638
yeah Thursday!!!,neither,0.021730383893080105,0.45522832473522357,0.5230412913716963
"I'm not sure whats up with the bidet thing, but bidet from Washington",neither,0.02484715056955603,0.4656993384562576,0.5094535109741865
A lot of guys from Norway here! :D,neither,0.09429260318103058,0.2723240806009064,0.6333833162180631
gandsSCANLAN gandsSCANLAN gandsSCANLAN gandsSCANLAN gandsSCANLAN,neither,0.03945320844208391,0.33037608806864915,0.630170703489267
"invites all Critters who are thinking of attending GenCon to join us in planning events, housing and travel arrangements at CrittersatGenCon.freeforums.net",neither,0.07509735834544531,0.35556843728334714,0.5693342043712074
First time watching live! so stoked!,neither,0.03611493854376771,0.38119282815973116,0.582692233296501
Bidet from Western PA!,neither,0.04036266062233628,0.31494031108870923,0.6446970282889545
Critical Role pops would be a dream come true.,neither,0.03834778287625733,0.346010443599238,0.6156417735245048
@Rovvis More Tennessee peeps!!!! :D,neither,0.04109963241196887,0.32177208046432687,0.6371282871237042
Any critters in LA keen on hanging out with a guy that just moved to town some day? :D PM me if you're keen on watching CritRole together next week!,neither,0.027209713613001552,0.4432770650138065,0.5295132213731921
Bidet from Ohio!,neither,0.040754399270683486,0.3082914838698526,0.650954116859464
missed sam last week!,neither,0.03945320844208391,0.33037608806864915,0.630170703489267
PogChamp,neither,0.03945320844208391,0.33037608806864915,0.630170703489267
here's to hoping that meteor storm that raishan did was just a scroll and not a spell slot,neither,0.05389626032438474,0.34505997360502894,0.6010437660705864
@hollymay Welcome to the present!,neither,0.04522510730978394,0.3106402228789771,0.6441346698112388
USEFUL SITE - wheniscriticalrole.com,neither,0.03945320844208391,0.33037608806864915,0.630170703489267
hello everybody!,neither,0.03945320844208391,0.33037608806864915,0.630170703489267
<3,neither,0.03945320844208391,0.33037608806864915,0.630170703489267
Good evening/night from Switzerland :),neither,0.03407375459567508,0.31680609030411355,0.6491201551002115
Life needs thing to live.,neither,0.04723571834252502,0.38184939681536023,0.5709148848421146
Bidet,neither,0.03945320844208391,0.33037608806864915,0.630170703489267
Bidet from KCMO,neither,0.04228451509352876,0.2823214250720796,0.6753940598343917
Furzeday,neither,0.03945320844208391,0.33037608806864915,0.630170703489267
ashley is probably skyping in,neither,0.04632085634627861,0.34729698714045326,0.6063821565132681
is Patrick playing again this week?,neither,0.044336661668569595,0.3547761099195974,0.6008872284118331
hiya!,neither,0.03945320844208391,0.33037608806864915,0.630170703489267
One more time!,neither,0.039155781182777905,0.38997658458470863,0.5708676342325135
I demand a Scanlan ripping his vestige emote,neither,0.06293952161954904,0.3321545080168125,0.6049059703636386
woo,neither,0.03945320844208391,0.33037608806864915,0.630170703489267
"@Mythicsful ""Bidet"" is what Grog started telling everyone when he was instructed to politely say ""Good day""",neither,0.04399440322444467,0.40541156507509013,0.5505940317004653
oh what a tease,neither,0.05182323692147608,0.2723780123973186,0.6757987506812053
@hollymay Congrats! Welcome,neither,0.03945320844208391,0.33037608806864915,0.630170703489267
gandsCrit gandsCrit gandsCrit gandsCrit,neither,0.03945320844208391,0.33037608806864915,0.630170703489267
first time live!!!!! exciting!!!!!,neither,0.035809960981031994,0.34817805097968235,0.6160119880392856
This is my first episode being caught up gandsSubHype gandsSubHype,neither,0.025766498225162353,0.4611470922212413,0.5130864095535963
"As it turns out, Trinket was secretly Raishan the whole time!",neither,0.032852298697986365,0.36904056262562157,0.5981071386763921
@crowley25_17 COMO here!,neither,0.09364123505225529,0.28810195686813106,0.6182568080796136
Bidet from Cleveland Ohio!,neither,0.040441658194854284,0.3135995161158431,0.6459588256893026
enjoyin me fuckin TimTams and im not even in 'Stalia,offensive_language,0.05976317590090809,0.929829603593961,0.010407220505130935
Scanlan CiGrip,neither,0.03945320844208391,0.33037608806864915,0.630170703489267
bidet,neither,0.03945320844208391,0.33037608806864915,0.630170703489267
hype!,neither,0.03945320844208391,0.33037608806864915,0.630170703489267
Bidet fron NJ,neither,0.03945320844208391,0.33037608806864915,0.630170703489267
Bidet from Nishitokyo,neither,0.04228451509352876,0.2823214250720796,0.6753940598343917
bidet! damn i have to miss a whole hour and a half xD getting a massage,offensive_language,0.03908707125851079,0.6501838635325929,0.3107290652088962
what's this about a new Scanlon?,neither,0.050736229052165537,0.2391123432421751,0.7101514277056593
BIDET IS GROGS WORD FOR GOODAY,neither,0.04186385179703295,0.2857741113180705,0.6723620368848965
"Bidet from Portland, OR USA",neither,0.04033479104420418,0.31541333056341414,0.6442518783923817
"@mech45 Bidet from Youngstown, Oh",neither,0.050416241482135554,0.21698369937451742,0.732600059143347
Bidet from Louisiana!,neither,0.04062582848913359,0.31047366557575606,0.6489005059351104
gandsGandSDenise gandsGandSDenise,neither,0.03945320844208391,0.33037608806864915,0.630170703489267
super pumped!,neither,0.03945320844208391,0.33037608806864915,0.630170703489267
@vallitastab yes,neither,0.03945320844208391,0.33037608806864915,0.630170703489267
I wish for a sweepstakes for a Critter guest spot in the game,neither,0.031243740559853198,0.25902680658616073,0.709729452853986
I now have a stapler woot!!!!,neither,0.03903011196317792,0.3375571395095049,0.6234127485273171
it's thursday my dudes,neither,0.027176770590922265,0.417999444957747,0.5548237844513306
Is it just the art for anyone else?,neither,0.03518848013473913,0.3100108440441399,0.6548006758211209
portilloGarbage,neither,0.03945320844208391,0.33037608806864915,0.630170703489267
gandsGandsPoo,neither,0.03945320844208391,0.33037608806864915,0.630170703489267
So going to Gen Con,neither,0.043408686570788536,0.3863989907944784,0.5701923226347332
CRITTERS!! Follow the adventures of Heroes 4 Hire on Obsidian Portal: https://thegaeleanchronicles.obsidianportal.com/,neither,0.03704279448339863,0.3284669082448747,0.6344902972717267
@DUSTIN IF UR READING THIS CHAT. SPICE.,neither,0.03888943947245792,0.3665896628397998,0.5945208976877423
bidet from Georgia,neither,0.04066490145509902,0.30981049537100724,0.6495246031738937
O hello have nice day,neither,0.03942202484214942,0.3246853069154854,0.6358926682423651
hello everyone it's been a while ^^,neither,0.03270395573557211,0.4263163937321451,0.5409796505322827
HEY EVERYBODY! Its Derr NNN Derr!,neither,0.03432616643694066,0.3321395129178182,0.6335343206452411
bidet from a,neither,0.04228451509352876,0.2823214250720796,0.6753940598343917
hype,neither,0.03945320844208391,0.33037608806864915,0.630170703489267
Bidet from,neither,0.04228451509352876,0.2823214250720796,0.6753940598343917
<.<,neither,0.03945320844208391,0.33037608806864915,0.630170703489267
BUHDAY,neither,0.03945320844208391,0.33037608806864915,0.630170703489267
Bidet from holland!,neither,0.04228451509352876,0.2823214250720796,0.6753940598343917
TPK by SUDE,neither,0.042841257694558106,0.4528711557106023,0.5042875865948396
gandsSubHype gandsSubHype gandsSubHype gandsSubHype,neither,0.03945320844208391,0.33037608806864915,0.630170703489267
Bidet from NC!,neither,0.04066490145509902,0.30981049537100724,0.6495246031738937
Buffering Nooooooo,neither,0.03945320844208391,0.33037608806864915,0.630170703489267
do you spice?,neither,0.06340458516664035,0.38876294420848057,0.5478324706248792
Bidet from Chicago!,neither,0.04078317879478948,0.307803020237201,0.6514138009680096
I heard Patrick is secretly Larkin,neither,0.04605123880832793,0.3281067228690399,0.6258420383226322
beep beep all,offensive_language,0.046917543854519406,0.6277741405869331,0.3253083155585475
has there been any update with the dice set? I know they've been saying those are set to return soon...,neither,0.03819605295047563,0.26852893634655217,0.6932750107029721
guys when is it starting 😳,neither,0.03480062555424667,0.3808474255573172,0.5843519488884361
bidet fellow geeks and D&D'ers!,neither,0.03847354642549547,0.27932863474708153,0.682197818827423
"@Mythicsful , while in the elf city, Grog mistook Good Day or something like that, for Bidet, pronounced Bid-day, which is the toilet that shoots water up your butt",neither,0.051452967612465525,0.3609077226929474,0.5876393096945871
gandsSubHype gandsSubHype gandsSubHype gandsSubHype,neither,0.03945320844208391,0.33037608806864915,0.630170703489267
gandsSubHype gandsSubHype gandsSubHype,neither,0.03945320844208391,0.33037608806864915,0.630170703489267
any delays?,neither,0.03945320844208391,0.33037608806864915,0.630170703489267
gandsSubHype gandsSubHype gandsSubHype gandsSubHype,neither,0.03945320844208391,0.33037608806864915,0.630170703489267
Hey who's going to the Milwaukee convention to me some of these guys 👌👌,neither,0.040749344761861095,0.46875719251814274,0.4904934627199961
lol do they always start a bit late? or is it just me?,neither,0.029963609508000297,0.444112750463031,0.5259236400289687
purple dot,neither,0.03945320844208391,0.33037608806864915,0.630170703489267
Bidet from Colorado,neither,0.04066490145509902,0.30981049537100724,0.6495246031738937
Bidet from atlanta!,neither,0.04078317879478948,0.307803020237201,0.6514138009680096
Bidet from Indiana!,neither,0.0408364874901429,0.30689823255244486,0.6522652799574122
Bidet from North Carolina!,neither,0.04040057148408362,0.31429686482539193,0.6453025636905245
Bidet,neither,0.03945320844208391,0.33037608806864915,0.630170703489267
bidet from Germany,neither,0.04069404815304118,0.30931579984010865,0.6499901520068502
gandsSubHype gandsSubHype gandsSubHype gandsSubHype gandsSubHype gandsSubHype gandsSubHype gandsSubHype,neither,0.03945320844208391,0.33037608806864915,0.630170703489267
Beep Beep,neither,0.03945320844208391,0.33037608806864915,0.630170703489267
OH MU GURD DERR EN DERR,neither,0.04389508593666439,0.28781394755653694,0.6682909665067986
I r excite for this episode gandsCrit,neither,0.0342367326843578,0.30602049035255047,0.6597427769630918
it wouldn't be CR if it started on time,neither,0.02392286262391654,0.39441522579151067,0.5816619115845727
Bidet from Cambridge,neither,0.04062582848913359,0.31047366557575606,0.6489005059351104
beep beep,neither,0.03945320844208391,0.33037608806864915,0.630170703489267
hello,neither,0.03945320844208391,0.33037608806864915,0.630170703489267
Spice????,neither,0.03945320844208391,0.33037608806864915,0.630170703489267
i spice,neither,0.03945320844208391,0.33037608806864915,0.630170703489267
<---38th year or DMing,neither,0.03945320844208391,0.33037608806864915,0.630170703489267
gandsSubHype gandsSubHype gandsSubHype gandsSubHype,neither,0.03945320844208391,0.33037608806864915,0.630170703489267
"IT""' HAPPENING PogChamp",neither,0.037828236809968684,0.3309349903269868,0.6312367728630445
gandsSCANLAN gandsDrink gandsMatt,neither,0.03945320844208391,0.33037608806864915,0.630170703489267
"*** it, Derr 'n Derr!",neither,0.034373745257138544,0.33212314837979673,0.6335031063630647
OMG@!! Never got to watch live before!!! Woo!!! NO work!!!,neither,0.04357313072390129,0.42661808674747775,0.5298087825286208
RIP EARS,neither,0.03945320844208391,0.33037608806864915,0.630170703489267
w00t,neither,0.03945320844208391,0.33037608806864915,0.630170703489267
HEY BRIAN IF YOU READ THIS WERE MEETING AT APPLEBEES AT 8,neither,0.035272596559552324,0.40353840742604624,0.5611889960144013
YAY,neither,0.03945320844208391,0.33037608806864915,0.630170703489267
gandsMatt !,neither,0.03945320844208391,0.33037608806864915,0.630170703489267
happy thursday,neither,0.03945320844208391,0.33037608806864915,0.630170703489267
gandsSubHype gandsSubHype gandsSubHype,neither,0.03945320844208391,0.33037608806864915,0.630170703489267
"Blindspot is on break till the 8th, does that mean we get Ashley back for a bit?",neither,0.02870353050758357,0.4079035585377337,0.5633929109546827
holy,neither,0.03945320844208391,0.33037608806864915,0.630170703489267
gandsMatt gandsSubHype gandsSubHype gandsLessthanthree gandsLessthanthree gandsLessthanthree,neither,0.03945320844208391,0.33037608806864915,0.630170703489267
gandsSubHype gandsSubHype gandsSubHype gandsSubHype gandsSubHype gandsSubHype gandsSubHype gandsSubHype gandsSubHype,neither,0.03945320844208391,0.33037608806864915,0.630170703489267
gandsMatt gandsMatt gandsMatt,neither,0.03945320844208391,0.33037608806864915,0.630170703489267
mic,neither,0.03945320844208391,0.33037608806864915,0.630170703489267
WutFace,neither,0.03945320844208391,0.33037608806864915,0.630170703489267
"@ryanyb, I dont know who Dustin si Butf i Hear ya Cheers",offensive_language,0.02983716836274846,0.5476257783013286,0.42253705333592284
BOOM,neither,0.03945320844208391,0.33037608806864915,0.630170703489267
"daaaaaaamn, 18,000 people watching from around the world right now!",neither,0.057732011078840254,0.318128035882417,0.6241399530387428
WutFace,neither,0.03945320844208391,0.33037608806864915,0.630170703489267
WutFace,neither,0.03945320844208391,0.33037608806864915,0.630170703489267
AUDIO,neither,0.03945320844208391,0.33037608806864915,0.630170703489267
gandsSubHype gandsSubHype gandsSubHype gandsSubHype gandsSubHype,neither,0.03945320844208391,0.33037608806864915,0.630170703489267
WutFace,neither,0.03945320844208391,0.33037608806864915,0.630170703489267
Bidet from NJ!,neither,0.04069404815304118,0.30931579984010865,0.6499901520068502
OH GAWD,neither,0.04535734983354261,0.27438591475104485,0.6802567354154126
AHHH,neither,0.03945320844208391,0.33037608806864915,0.630170703489267
WutFace,neither,0.03945320844208391,0.33037608806864915,0.630170703489267
Patrick hype,neither,0.03945320844208391,0.33037608806864915,0.630170703489267
gandsGandsEars gandsGandsEars gandsGandsEars gandsGandsEars gandsGandsEars,neither,0.03945320844208391,0.33037608806864915,0.630170703489267
AHHHH EARS,neither,0.03945320844208391,0.33037608806864915,0.630170703489267
YESS,neither,0.03945320844208391,0.33037608806864915,0.630170703489267
Metalzdragon I'm from western pa too!!,neither,0.040106671016389976,0.31928512278125293,0.6406082062023571
Ah that audio,neither,0.035810472473120004,0.3699544635095618,0.5942350640173183
:),neither,0.03945320844208391,0.33037608806864915,0.630170703489267
ouch,neither,0.03945320844208391,0.33037608806864915,0.630170703489267
oh god that mic,neither,0.04058532601106681,0.3224832997672563,0.636931374221677
Bidet from down under!!!! 🙌🙌🙌🙌,neither,0.04076143500190697,0.30817206914919465,0.6510664958488983
ears ?,neither,0.03945320844208391,0.33037608806864915,0.630170703489267
yikes!,neither,0.03945320844208391,0.33037608806864915,0.630170703489267
oh zgod21,neither,0.051363287716059566,0.22255663153133606,0.7260800807526044
Woah mics!!!,neither,0.03945320844208391,0.33037608806864915,0.630170703489267
gandsSubHype gandsSubHype gandsSubHype gandsSubHype gandsSubHype gandsSubHype gandsSubHype gandsSubHype gandsSubHype gandsSubHype gandsSubHype gandsSubHype gandsSubHype,neither,0.03945320844208391,0.33037608806864915,0.630170703489267
TOO LOUD,neither,0.039103977694476884,0.33630344527516426,0.624592577030359
!!!!!!!!!!!!!!!1,neither,0.03945320844208391,0.33037608806864915,0.630170703489267
YES,neither,0.03945320844208391,0.33037608806864915,0.630170703489267
WutFace,neither,0.03945320844208391,0.33037608806864915,0.630170703489267
YAY,neither,0.03945320844208391,0.33037608806864915,0.630170703489267
!ears,neither,0.03945320844208391,0.33037608806864915,0.630170703489267
MY EARS,neither,0.02549807631544042,0.4425136705936049,0.5319882530909548
AHAHAAHAHAHAHAHAHA,neither,0.03945320844208391,0.33037608806864915,0.630170703489267
Hello All,neither,0.04217753453783664,0.43734383323855475,0.5204786322236087
Feedbacl,neither,0.03945320844208391,0.33037608806864915,0.630170703489267
WutFace,neither,0.03945320844208391,0.33037608806864915,0.630170703489267
anyone here also subbed to Lost initiative?,neither,0.07301619611898037,0.3036813798202088,0.6233024240608107
oh my ears,neither,0.03174964479874508,0.373040462859375,0.5952098923418799
WutFace,neither,0.03945320844208391,0.33037608806864915,0.630170703489267
ROTHFUSS!!!!!,neither,0.03945320844208391,0.33037608806864915,0.630170703489267
wow that mic sounds bad,neither,0.03353780742633934,0.36683106975000596,0.5996311228236546
Hello future self,neither,0.03945320844208391,0.33037608806864915,0.630170703489267
HELLO,neither,0.03945320844208391,0.33037608806864915,0.630170703489267
Ah,neither,0.03945320844208391,0.33037608806864915,0.630170703489267
WutFace,neither,0.03945320844208391,0.33037608806864915,0.630170703489267
Oh no,neither,0.04751210705993949,0.26629718932274826,0.6861907036173122
RIP,neither,0.03945320844208391,0.33037608806864915,0.630170703489267
gandsGandsEars,neither,0.03945320844208391,0.33037608806864915,0.630170703489267
MrDestructoid MrDestructoid,neither,0.03945320844208391,0.33037608806864915,0.630170703489267
moon2HYPERSMUG moon2HYPERSMUG moon2HYPERSMUG moon2HYPERSMUG moon2HYPERSMUG moon2HYPERSMUG moon2HYPERSMUG,neither,0.03945320844208391,0.33037608806864915,0.630170703489267
WutFace,neither,0.03945320844208391,0.33037608806864915,0.630170703489267
WutFace,neither,0.03945320844208391,0.33037608806864915,0.630170703489267
WHOOOO,neither,0.03945320844208391,0.33037608806864915,0.630170703489267
gandsMatt gandsMatt gandsMatt gandsMatt gandsMatt gandsMatt,neither,0.03945320844208391,0.33037608806864915,0.630170703489267
Rip,neither,0.03945320844208391,0.33037608806864915,0.630170703489267
MrDestructoid MrDestructoid MrDestructoid,neither,0.03945320844208391,0.33037608806864915,0.630170703489267
lol ears,neither,0.029937617491451282,0.4009530660730923,0.5691093164354565
OOF,neither,0.03945320844208391,0.33037608806864915,0.630170703489267
weird sound #weknow,neither,0.03945320844208391,0.33037608806864915,0.630170703489267
M gandsSubHype gandsSubHype gandsSubHype gandsSubHype gandsSubHype gandsSubHype gandsSubHype gandsSubHype gandsSubHype gandsSubHype,neither,0.03945320844208391,0.33037608806864915,0.630170703489267
what is the twitter handle for stats,neither,0.04332228079956359,0.3734661305241099,0.5832115886763267
gandsGandsEars gandsGandsEars gandsGandsEars gandsGandsEars gandsGandsEars gandsGandsEars,neither,0.03945320844208391,0.33037608806864915,0.630170703489267
MY GOD,neither,0.02182153289546196,0.47835500997776687,0.4998234571267711
I wonder what tricks the Diseased Deceiver has in store tonight...,neither,0.05753284801289122,0.2951666236481907,0.647300528338918
yeeeeeeeesssssssssss,neither,0.03945320844208391,0.33037608806864915,0.630170703489267
RIP EARS,neither,0.03945320844208391,0.33037608806864915,0.630170703489267
sound,neither,0.03945320844208391,0.33037608806864915,0.630170703489267
RIP ears,neither,0.03945320844208391,0.33037608806864915,0.630170703489267
EARS,neither,0.03945320844208391,0.33037608806864915,0.630170703489267
Woo!,neither,0.03945320844208391,0.33037608806864915,0.630170703489267
ow,neither,0.03945320844208391,0.33037608806864915,0.630170703489267
new mic!!!!,neither,0.043767234745524616,0.22183623207649522,0.7343965331779801
RIP EARS,neither,0.03945320844208391,0.33037608806864915,0.630170703489267
!ears,neither,0.03945320844208391,0.33037608806864915,0.630170703489267
So much gandsSubHype gandsSubHype gandsSubHype gandsSubHype gandsSubHype gandsSubHype gandsMDK gandsMDK gandsMDK gandsMDK,neither,0.03263919147166354,0.4173937179957508,0.5499670905325856
its good now,neither,0.030388613781574793,0.333493817834848,0.6361175683835771
bidet from Milwaukee,neither,0.04066490145509902,0.30981049537100724,0.6495246031738937
THAT MAP,neither,0.0349751205147877,0.3792120518198444,0.5858128276653679
Audio,neither,0.03945320844208391,0.33037608806864915,0.630170703489267
gandsGandsEars gandsGandsEars gandsGandsEars gandsGandsEars,neither,0.03945320844208391,0.33037608806864915,0.630170703489267
!ears,neither,0.03945320844208391,0.33037608806864915,0.630170703489267
ahhhhhhh,neither,0.03945320844208391,0.33037608806864915,0.630170703489267
gandsHR gandsHR gandsHR gandsHR gandsHR,neither,0.03945320844208391,0.33037608806864915,0.630170703489267
DAT MAP DOE,neither,0.03945320844208391,0.33037608806864915,0.630170703489267
better,neither,0.03945320844208391,0.33037608806864915,0.630170703489267
better,neither,0.03945320844208391,0.33037608806864915,0.630170703489267
do you have suude?,neither,0.08218235272790121,0.45004917764943775,0.46776846962266094
Hey there robot Matt,neither,0.03938935054216026,0.29727290132909084,0.6633377481287489
WHOA TURN THAT GAIN DOWN,neither,0.036350021454875966,0.3640076855985265,0.5996422929465975
dat peeking though :P,neither,0.03945320844208391,0.33037608806864915,0.630170703489267
#weknow,neither,0.03945320844208391,0.33037608806864915,0.630170703489267
"ouch, that audio",neither,0.03622862888609952,0.3653433101790168,0.5984280609348839
gandsGandsEars gandsGandsEars gandsGandsEars gandsGandsEars gandsGandsEars,neither,0.03945320844208391,0.33037608806864915,0.630170703489267
wooo [ooooooooooo,neither,0.03945320844208391,0.33037608806864915,0.630170703489267
ouch.... the levels!,neither,0.03863206383261136,0.31538736018995056,0.6459805759774381
THEY KNOW,neither,0.03945320844208391,0.33037608806864915,0.630170703489267
VOX,neither,0.03945320844208391,0.33037608806864915,0.630170703489267
i'm so tired,neither,0.039409854653143256,0.40323008181050174,0.557360063536355
ON TIME,neither,0.03183588227459649,0.3959563629735933,0.5722077547518102
WutFace,neither,0.03945320844208391,0.33037608806864915,0.630170703489267
WutFace,neither,0.03945320844208391,0.33037608806864915,0.630170703489267
gandsGandsEars gandsGandsEars gandsGandsEars,neither,0.03945320844208391,0.33037608806864915,0.630170703489267
yess rothfuss is back,neither,0.04897984767815588,0.3270994399855818,0.6239207123362623
#WEKNOW,neither,0.03945320844208391,0.33037608806864915,0.630170703489267
wryyyyyyyyyyyyyyyyyyyyyyyyyy,neither,0.03945320844208391,0.33037608806864915,0.630170703489267
LOL,neither,0.020706217963973744,0.4882283491876925,0.4910654328483337
Thank you,neither,0.07325166854587051,0.43632638485078484,0.49042194660334476
Holy mother of god!,neither,0.03945320844208391,0.33037608806864915,0.630170703489267
eeeeaaaarrrrsss,neither,0.03945320844208391,0.33037608806864915,0.630170703489267
"Oh Gods, that was awful",neither,0.040516256316348045,0.3242386210457032,0.6352451226379486
Hola Amigos!,neither,0.03945320844208391,0.33037608806864915,0.630170703489267
lawls,neither,0.03945320844208391,0.33037608806864915,0.630170703489267
DWARVEN FORGE MAP! DWARVEN FORGE MAP!,neither,0.03945320844208391,0.33037608806864915,0.630170703489267
:),neither,0.03945320844208391,0.33037608806864915,0.630170703489267
gandsSubHype,neither,0.03945320844208391,0.33037608806864915,0.630170703489267
Audio........,neither,0.03945320844208391,0.33037608806864915,0.630170703489267
#weknow,neither,0.03945320844208391,0.33037608806864915,0.630170703489267
hype,neither,0.03945320844208391,0.33037608806864915,0.630170703489267
Holy mic,neither,0.03945320844208391,0.33037608806864915,0.630170703489267
what is that battle mat!,neither,0.04752197616801447,0.3588577537592251,0.5936202700727605
bidet critters,neither,0.03945320844208391,0.33037608806864915,0.630170703489267
That is a giant mic,neither,0.043145798879806484,0.3674015350851483,0.5894526660350452
WutFace,neither,0.03945320844208391,0.33037608806864915,0.630170703489267
gandsGandsEars gandsGandsEars,neither,0.03945320844208391,0.33037608806864915,0.630170703489267
"Aaah, sound's better",neither,0.03945320844208391,0.33037608806864915,0.630170703489267
Ya'll don't know how bad I want Keyleth to get the finishing blow of Raishan,offensive_language,0.03033287434881516,0.4878967628153982,0.4817703628357867
geez channel dance,neither,0.03945320844208391,0.33037608806864915,0.630170703489267
yes!!!,neither,0.03945320844208391,0.33037608806864915,0.630170703489267
Bidet from Boston!,neither,0.040769555981420263,0.3080342349327864,0.6511962090857933
YAY!,neither,0.03945320844208391,0.33037608806864915,0.630170703489267
OH MY GOD,neither,0.030266422441093326,0.38268872444249025,0.5870448531164164
gandsLessthanthree gandsLessthanthree gandsLessthanthree gandsLessthanthree gandsLessthanthree,neither,0.03945320844208391,0.33037608806864915,0.630170703489267
The audio issues begin early Kreygasm,neither,0.0398447062004602,0.3012360543311511,0.6589192394683888
Hola My Fellow Critters :D,neither,0.02585273357927581,0.43921537444690584,0.5349318919738183
It's Thursday!!!,neither,0.03752336384949593,0.3310398501182267,0.6314367860322773
gandsGandsEars gandsGandsEars gandsGandsEars gandsGandsEars,neither,0.03945320844208391,0.33037608806864915,0.630170703489267
woot,neither,0.03945320844208391,0.33037608806864915,0.630170703489267
thats a blue mic for you NotLikeThis,neither,0.04694019328095639,0.3389439874639401,0.6141158192551036
should sort itself out,neither,0.04568002519917037,0.37694883299923443,0.5773711418015951
Thanks blue mics,neither,0.03687355583946686,0.3087744092931494,0.6543520348673838
#weknow,neither,0.03945320844208391,0.33037608806864915,0.630170703489267
WutFace,neither,0.03945320844208391,0.33037608806864915,0.630170703489267
ayyyyyyy,neither,0.03945320844208391,0.33037608806864915,0.630170703489267
gandsMatt,neither,0.03945320844208391,0.33037608806864915,0.630170703489267
#weknow,neither,0.03945320844208391,0.33037608806864915,0.630170703489267
Look at dat map!,neither,0.040397028088966266,0.3527348804179257,0.606868091493108
gandsSubHype gandsSubHype gandsSubHype gandsSubHype gandsSubHype,neither,0.03945320844208391,0.33037608806864915,0.630170703489267
WOOOOOO,neither,0.03945320844208391,0.33037608806864915,0.630170703489267
"thanks, sound people!",neither,0.07200525735415932,0.3058115194769032,0.6221832231689375
THEY KNEW!,neither,0.03945320844208391,0.33037608806864915,0.630170703489267
gandsMatt gandsMatt gandsMatt gandsMatt gandsMatt gandsMatt gandsMatt,neither,0.03945320844208391,0.33037608806864915,0.630170703489267
gandsSubHype gandsSubHype gandsSubHype gandsSubHype,neither,0.03945320844208391,0.33037608806864915,0.630170703489267
damn that's a BIG MIC,offensive_language,0.026084819850353224,0.838959663403204,0.13495551674644263
That's not the normal mic,neither,0.03417570346305947,0.3574580952209991,0.6083662013159413
good day every one,neither,0.03822464304467313,0.35172472674970373,0.6100506302056232
puzzle quest?,neither,0.03945320844208391,0.33037608806864915,0.630170703489267
Oooh the set for the figurines,neither,0.033292556070809845,0.2815541975635432,0.685153246365647
BIDET FROM HOUSTON!!!!,neither,0.040875471929787875,0.3062365648703896,0.6528879631998226
WOOT!,neither,0.03945320844208391,0.33037608806864915,0.630170703489267
sounded all old time radioey for a second there,neither,0.034836902502094765,0.3379866728895294,0.6271764246083759
and mic fixed. nice dodge pit crew *thumbs up*,neither,0.03741329881260619,0.33565442180302035,0.6269322793843733
Nice Mic!,neither,0.03945320844208391,0.33037608806864915,0.630170703489267
magic is even cooler,neither,0.045899629134102934,0.3419548308977016,0.6121455399681954
wow you guys are behind,neither,0.09296619366599371,0.3290070924205763,0.57802671391343
#WeKnow,neither,0.03945320844208391,0.33037608806864915,0.630170703489267
sound quality DansGame,neither,0.03945320844208391,0.33037608806864915,0.630170703489267
Bidet to you all on this lovely Thursday,neither,0.06124904178543586,0.45667934279440414,0.48207161542016
new mic fail,neither,0.042816260955363276,0.24672961614761954,0.7104541228970173
HELLO EVERYONE AND WELCOME TO THE DOOM OF MORTALS,neither,0.03843412731909869,0.36953561629153303,0.5920302563893685
yeeeeewwwwwww,neither,0.03945320844208391,0.33037608806864915,0.630170703489267
WHERE'S LARKIN?!?,neither,0.04379278224195774,0.2567221952996476,0.6994850224583946
yay the stream,neither,0.03863200757537734,0.31538631001498285,0.6459816824096398
"The peaking, #theyknew",neither,0.03613032604487659,0.2619290779399786,0.7019405960151449
gandsCrit gandsCrit gandsCrit gandsCrit gandsCrit gandsCrit gandsCrit gandsCrit gandsCrit,neither,0.03945320844208391,0.33037608806864915,0.630170703489267
"Ah, Pit Crew. We love you. <3 #weknow",neither,0.047695717309986126,0.3724796253650024,0.5798246573250115
gandsCrit gandsCrit gandsCrit,neither,0.03945320844208391,0.33037608806864915,0.630170703489267
gandsSubHype gandsSubHype gandsSubHype,neither,0.03945320844208391,0.33037608806864915,0.630170703489267
I'm tuning in from England :D it's 3:00 in the morning XD,neither,0.04398450706742096,0.20746642995540732,0.7485490629771717
old timey radio mat,neither,0.03945320844208391,0.33037608806864915,0.630170703489267
that sounds like a full house :O,neither,0.0684967575607749,0.3783853915961157,0.5531178508431094
This sound PogChamp,neither,0.03930207011012276,0.3329413000016449,0.6277566298882322
Mawidge.,neither,0.03945320844208391,0.33037608806864915,0.630170703489267
Bidet,neither,0.03945320844208391,0.33037608806864915,0.630170703489267
gandsSubHype gandsGandsEars gandsSubHype gandsGandsEars gandsSubHype gandsGandsEars gandsSubHype gandsGandsEars,neither,0.03945320844208391,0.33037608806864915,0.630170703489267
Marvel~,neither,0.03945320844208391,0.33037608806864915,0.630170703489267
Wewts!!,neither,0.03945320844208391,0.33037608806864915,0.630170703489267
gandsSubHype gandsSubHype gandsSubHype,neither,0.03945320844208391,0.33037608806864915,0.630170703489267
"invites all Critters who are thinking of attending GenCon to join us in planning events, housing and travel arrangements at CrittersatGenCon.freeforums.net",neither,0.07509735834544531,0.35556843728334714,0.5693342043712074
refresh if audio is bad,neither,0.028498227656412498,0.3708105409717178,0.6006912313718697
"@Mythicsful - one wonderful episode Grog misheard the party saying ""good day"" and instead came out with bidet :)",neither,0.02588327156833959,0.3394772097217046,0.6346395187099558
Hi friends,neither,0.03945320844208391,0.33037608806864915,0.630170703489267
Bidet from Singapore and Happy Lunar New Year for all who celebrates!!,neither,0.038828219999796215,0.27828047776589754,0.6828913022343063
MrDestructoid MrDestructoid MrDestructoid MrDestructoid,neither,0.03945320844208391,0.33037608806864915,0.630170703489267
Marvel puzzle quest? Seriously?,neither,0.03945320844208391,0.33037608806864915,0.630170703489267
rip,neither,0.03945320844208391,0.33037608806864915,0.630170703489267
gandsSubHype gandsSubHype gandsSubHype gandsSubHype gandsSubHype gandsSubHype,neither,0.03945320844208391,0.33037608806864915,0.630170703489267
Bidet from SD!,neither,0.04228451509352876,0.2823214250720796,0.6753940598343917
welp I guess Rothfus is a permanent part of the cast now. we kidnapped him.,neither,0.04262033282118516,0.3259685660450586,0.6314111011337563
WOOT!,neither,0.03945320844208391,0.33037608806864915,0.630170703489267
I think taliesin did a good job with sam last week but in the end ... no one could ever play scanlan like sam,neither,0.03562342034933147,0.3689931475311802,0.5953834321194884
gandsGnSLadders gandsGnSLadders gandsGnSLadders gandsGnSLadders gandsGnSLadders gandsGnSLadders,neither,0.03945320844208391,0.33037608806864915,0.630170703489267
bidet,neither,0.03945320844208391,0.33037608806864915,0.630170703489267
yey! <3,neither,0.03945320844208391,0.33037608806864915,0.630170703489267
