text,top_class,hate_speech,offensive_language,neither
eyoo,neither,0.03945320844208391,0.33037608806864915,0.630170703489267
beep beep from poughkeepsie,neither,0.04228451509352876,0.2823214250720796,0.6753940598343917
bidet from australia,neither,0.04062582848913359,0.31047366557575606,0.6489005059351104
Active yo,neither,0.03963661905393089,0.4165653046673816,0.5437980762786875
Channel offline. No longer tracking points,neither,0.03888375554544231,0.3400411898782916,0.621075054576266
sup all,neither,0.042007796308410617,0.4310059871578024,0.526986216533787
active,neither,0.03945320844208391,0.33037608806864915,0.630170703489267
hello!,neither,0.03945320844208391,0.33037608806864915,0.630170703489267
33000 giveaway,neither,0.03945320844208391,0.33037608806864915,0.630170703489267
Looking forward to this talks!,neither,0.04531331565349917,0.32828551204511747,0.6264011723013835
"about a half hour to showtime people, get hYPED",neither,0.06127876608964671,0.348540466076497,0.5901807678338561
oh yeah if your not caught up definitely want to avoid tonights talks,neither,0.03498103763118031,0.42797530492847863,0.537043657440341
"In celebration of breaking 33k Subs we're giving away a swag box curated by 10 of our twitch hosts tonight at 6:50. Be active in chat at that time to be part of the action. This is at 6:50 not 7:30 which was mistakenly reported before. Swag Box, Be in chat 6:30. Thanks for 33k subs. We love ya!",neither,0.03592542549218158,0.4247503675219481,0.5393242069858702
I am now in theater mode yay,neither,0.03932132939190468,0.3304214473213991,0.6302572232866962
bidet from Indiana,neither,0.0408364874901429,0.30689823255244486,0.6522652799574122
active and what not,neither,0.043026735086709775,0.2886236246788639,0.6683496402344264
Oh! @gaerfindel1 NY represent! lol,neither,0.036789296433435446,0.33479854108002516,0.6284121624865394
"talks machina, who is there ashley? laura? sam ?",neither,0.04582289597084314,0.3420259928601422,0.6121511111690147
Dia Dhaoibh ar maidin from Ireland,neither,0.04066490145509902,0.30981049537100724,0.6495246031738937
33000 wow,neither,0.03945320844208391,0.33037608806864915,0.630170703489267
It was all Denise's fault,neither,0.039755822388405936,0.4224682002163644,0.5377759773952296
Any fans from AZ?,neither,0.04043621828256116,0.3136918456244973,0.6458719360929417
🙂,neither,0.03945320844208391,0.33037608806864915,0.630170703489267
active in Virginia,neither,0.03945320844208391,0.33037608806864915,0.630170703489267
I dunno how my GF is gonna feel when she catches up,offensive_language,0.028512780830088087,0.548734364733697,0.42275285443621485
FeelsGoodMan,neither,0.03945320844208391,0.33037608806864915,0.630170703489267
bidet from texas!,neither,0.040937266849991,0.30518774380265185,0.6538749893473571
Woo woo giveaway,neither,0.03945320844208391,0.33037608806864915,0.630170703489267
Bidet Ohio,neither,0.03945320844208391,0.33037608806864915,0.630170703489267
So interested to hear Ashley's input on how her character was played for her,offensive_language,0.028487357255995768,0.5699390826105273,0.40157356013347695
#FindDenise,neither,0.03945320844208391,0.33037608806864915,0.630170703489267
NY resptesent!,neither,0.03945320844208391,0.33037608806864915,0.630170703489267
@coldbloodwtf ashley is but the rest is unknown,neither,0.04797321638122244,0.32174892962973467,0.6302778539890429
"Ashley is supposed to be here, that's all I know",neither,0.09361685385143062,0.3816416948070827,0.5247414513414866
something about the mother of god @beibhin ?,neither,0.0370958518320861,0.3408184857958627,0.6220856623720512
greetings from the uk,neither,0.039613273355342184,0.2892653269430044,0.6711213997016535
"bidet from Erie, PA",neither,0.04069404815304118,0.30931579984010865,0.6499901520068502
We were doing an upgrade of D.E.N.I.S.E ;-),neither,0.03985024403701268,0.3099734123817105,0.650176343581277
Bidet from Minnesota!,neither,0.04071751644889743,0.3089174816120565,0.6503650019390461
in 25 minutes yeah?,neither,0.024646090573505683,0.4324088400570216,0.5429450693694727
#FREEDENISE,neither,0.03945320844208391,0.33037608806864915,0.630170703489267
Do you think that Trinket maybe needs an upgrade to cyborg/mechanical trinket to occassionally move his paws and blink and rawr and move head to scare people?,neither,0.07996270602733453,0.311695702000193,0.6083415919724725
"In celebration of breaking 33k Subs we're giving away a swag box curated by 10 of our twitch hosts tonight at 6:50. Be active in chat at that time to be part of the action. This is at 6:50 not 7:30 which was mistakenly reported before. Swag Box, Be in chat 6:30. Thanks for 33k subs. We love ya!",neither,0.03592542549218158,0.4247503675219481,0.5393242069858702
OH NOES! #FreeDenise,neither,0.051363287716059566,0.22255663153133606,0.7260800807526044
Bidet from South Dakota,neither,0.04041079298828133,0.31412337922315653,0.6454658277885622
sorry going to spam that a bit,neither,0.040104695023265274,0.3834087884177933,0.5764865165589415
"didn't catch last week's TM, so im excited to be able to watch this weeks! ^^",neither,0.03987675367947143,0.39000970331168755,0.570113543008841
what timme does talks machina start?,neither,0.03002195662389968,0.45035268061622247,0.5196253627598778
#SeeingIsBelieving!,neither,0.03945320844208391,0.33037608806864915,0.630170703489267
TALKS MACHINA simulcast wheniscriticalrole.com/talksmachina,neither,0.03945320844208391,0.33037608806864915,0.630170703489267
"No @Chovexani , good morning to you all in Ireland!",neither,0.07620821686021122,0.3233504130341649,0.600441370105624
I saw a tweet from Sam about Laura feeling horrible.,neither,0.03907466076251538,0.33680103012164647,0.6241243091158383
Hello from Canada - first time on chat!! Can,neither,0.03296386758883677,0.3391673853192509,0.6278687470919123
say 7pm PST,neither,0.03945320844208391,0.33037608806864915,0.630170703489267
Oh no Denise is arobot,neither,0.06320346885688129,0.26730274602567067,0.6694937851174481
Scanlan's death? #itwasglenn,neither,0.03945320844208391,0.33037608806864915,0.630170703489267
I can't believe Denise killed Sam,neither,0.03971147822451286,0.32599257583040864,0.6342959459450787
So excited to see Ashley again😊,neither,0.043118534788971985,0.38762936978495804,0.56925209542607
lol,neither,0.020706217963973744,0.4882283491876925,0.4910654328483337
dont upgrade denise she is wonderful the way she is,neither,0.052484929640079524,0.42966289575369443,0.517852174606226
denise is skynet!!,neither,0.081172750358939,0.3160268245287109,0.60280042511235
"ah heck I really thought I""d remembered right @beibhin",neither,0.04134238271854281,0.2647438792921577,0.6939137379892995
Who lied about catching up on crit role in a month?,neither,0.03526661749264882,0.4343427987388753,0.5303905837684758
Aaaaaaaaaah so exciting,neither,0.03940934168832202,0.38195233036853654,0.5786383279431415
hello @lorianneemma ! welcome :D,neither,0.03945320844208391,0.33037608806864915,0.630170703489267
Empty set. Oh no. Denise finally did it. She finally killed off the cast that made fun of her.,neither,0.03481795012699764,0.4606163735855616,0.5045656762874406
gandsCrit gandsLessthanthree,neither,0.03945320844208391,0.33037608806864915,0.630170703489267
I submitted art this week,neither,0.03937764783606967,0.33165854875017853,0.6289638034137517
"That's not spammy, @GeekandSundry .. people are coming in all of the time. No worries.",neither,0.07743508082907484,0.3879782434357477,0.5345866757351776
Welcome @lorianneemma,neither,0.03945320844208391,0.33037608806864915,0.630170703489267
#FreeDenise,neither,0.03945320844208391,0.33037608806864915,0.630170703489267
oh god not skynet,neither,0.04465300996636144,0.26924388472245353,0.6861031053111851
geekandsundry is online. RevloBot is now tracking loyalty.,neither,0.05157974116510514,0.3262052173957376,0.6222150414391574
denise 2 right,neither,0.03719022913728602,0.3744360956046963,0.5883736752580178
@irlcrit I certainly didnt lie,neither,0.03945320844208391,0.33037608806864915,0.630170703489267
"guests are meant to be laura, marisha, taliesin, and ashley",neither,0.07030890135971496,0.25516834548807543,0.6745227531522096
"I have to agree, Denise is certainly multiple beings or entities to be that great. Denise doesn't need freeing. Denise has Brian under Denise's control.",neither,0.04700897316540547,0.3343713941303293,0.6186196327042651
ooo,neither,0.03945320844208391,0.33037608806864915,0.630170703489267
you can watch all of crit role in a month if it is ALL you do besides sleep and eat,offensive_language,0.055750368560507024,0.4803562334468927,0.4638933979926002
dennis,neither,0.03945320844208391,0.33037608806864915,0.630170703489267
Subs and Sub badges are borked on twitches side,neither,0.04828892587016631,0.30717473764602843,0.6445363364838053
The stick figure art on Sam's tweet page. So sad too,neither,0.03714330907271439,0.35589095457570435,0.6069657363515814
yay Ashley!!,neither,0.03945320844208391,0.33037608806864915,0.630170703489267
roll that clip Denise,neither,0.03567532480460475,0.3714481440564147,0.5928765311389806
@StrawberryLimes Looking forward to seeing it!,neither,0.044131683487687014,0.3272784715185582,0.6285898449937547
Ooh Ashley confirmed as a guest?,neither,0.038173906156288316,0.3520891865715175,0.6097369072721942
"the buttons are broken, it's a known issue",neither,0.05422134178385889,0.2886965235988437,0.6570821346172975
eyyyyy,neither,0.03945320844208391,0.33037608806864915,0.630170703489267
denise is the best part of Talks Machina Kappa,neither,0.04394078628364606,0.3116055629480587,0.6444536507682954
yup,neither,0.03945320844208391,0.33037608806864915,0.630170703489267
i need a reality break. so happy talksmachina exists,neither,0.03924226179080309,0.369138013314774,0.5916197248944229
"eeyup, pike's in town",neither,0.03945320844208391,0.33037608806864915,0.630170703489267
Hi guys!,neither,0.03930687933907141,0.3328596748352989,0.6278334458256297
"And I have been off sick, hence the binge",neither,0.03706728614175845,0.2886346393397083,0.6742980745185333
"In celebration of breaking 33k Subs we're giving away a swag box curated by 10 of our twitch hosts tonight at 6:50. Be active in chat at that time to be part of the action. This is at 6:50 not 7:30 which was mistakenly reported before. Swag Box, Be in chat 6:30. Thanks for 33k subs. We love ya!",neither,0.03592542549218158,0.4247503675219481,0.5393242069858702
Keyleth was the MVP of the game last week,neither,0.03769625238333807,0.277586474443597,0.6847172731730649
#FreeDenise,neither,0.03945320844208391,0.33037608806864915,0.630170703489267
Hello from South Korea!,neither,0.040533361440199187,0.3120430727159408,0.6474235658438601
@opshlds Thanks!,neither,0.035884468650613,0.3004919205142699,0.6636236108351171
"That's okay, I have my sloth.",neither,0.02635025956408815,0.44860895997133576,0.525040780464576
Cannot wait!,neither,0.03945320844208391,0.33037608806864915,0.630170703489267
They need to get some armor on trinket for sure,neither,0.02713297706686781,0.42977035781330536,0.5430966651198268
Sub Hype,neither,0.03945320844208391,0.33037608806864915,0.630170703489267
omg the Denise paper this week,neither,0.038522465248900045,0.3164561038862763,0.6450214308648237
Go Denise go!,neither,0.04276165647058889,0.34190019769565555,0.6153381458337556
@revlobot I for one welcome our loyalty-tracking robot overlords.,neither,0.03567494892235205,0.3302801504790237,0.6340449005986242
Hello all!,neither,0.04217753453783664,0.43734383323855475,0.5204786322236087
SWAG BAG!,neither,0.040191442380926534,0.31784633148943553,0.6419622261296379
on february first skynet went online codename : D.E.N.I.S.E.,neither,0.031938410319687395,0.34286564016420124,0.6251959495161113
@enzypenzy Sweetness! 20 months of pure awesomeness!,neither,0.03945320844208391,0.33037608806864915,0.630170703489267
When are we gonna get Denise as a guest?,neither,0.045343513285756816,0.40892146622358966,0.5457350204906536
No doubt Lois,neither,0.03868512450698091,0.3434124769866838,0.6179023985063352
Bidet everyone,offensive_language,0.02988896790634741,0.4927062106388782,0.4774048214547744
how do you up bullette armour,offensive_language,0.06814207005479668,0.5179657198211082,0.4138922101240951
#FreeDenise !,neither,0.03945320844208391,0.33037608806864915,0.630170703489267
aww yiss,neither,0.03945320844208391,0.33037608806864915,0.630170703489267
Woota woot,neither,0.03945320844208391,0.33037608806864915,0.630170703489267
"it'll be nice to see Ashley, its been ages lol",neither,0.03375520206866269,0.3701446394731834,0.596100158458154
@gaerfindel1 lol,neither,0.020706217963973744,0.4882283491876925,0.4910654328483337
Trinket looks especially sad right now,neither,0.03861316181003996,0.34677001217869474,0.6146168260112653
Ugh I can't wait to get caught up!,neither,0.042516158236438735,0.37563189039718764,0.5818519513663737
Beep Beep :p,neither,0.03945320844208391,0.33037608806864915,0.630170703489267
"Wait, swagbag?!",neither,0.03945320844208391,0.33037608806864915,0.630170703489267
super feels this week,neither,0.03936571634347619,0.33186105731820437,0.6287732263383196
"I feel a little silly, I didnt realize I could use my prime membership to sub on twitch until today",neither,0.02056593777225465,0.4196519905209295,0.5597820717068159
#FreeDenise,neither,0.03945320844208391,0.33037608806864915,0.630170703489267
"Hello there, folks",neither,0.03937888531371348,0.28808968698077514,0.6725314277055113
violins,neither,0.03945320844208391,0.33037608806864915,0.630170703489267
Ooo a swag bag? Cool!,neither,0.039948552865990646,0.32196880044901927,0.63808264668499
@opshlds went by so fast haha,neither,0.03650010682758389,0.4802773643646757,0.48322252880774025
#FreeDenise,neither,0.03945320844208391,0.33037608806864915,0.630170703489267
they should get ashley burch,neither,0.05208783457466116,0.3787316408785393,0.5691805245467996
#FreeDenise,neither,0.03945320844208391,0.33037608806864915,0.630170703489267
So DENISE is a terminator. Well at least it's nice to get that confirmed.,neither,0.044850955461458585,0.409154340202728,0.5459947043358133
onto the trinket on the set I mean,neither,0.03575818835204861,0.3152086035365008,0.6490332081114505
active xD,neither,0.03945320844208391,0.33037608806864915,0.630170703489267
"@Hydroplainbagel, Well, better late than never. welcome",neither,0.03585097433594018,0.3694744401708735,0.5946745854931863
I am both excited and nervous for the conversation tonight,neither,0.033595820692961714,0.2698408685574631,0.6965633107495752
They go live at 10 right?,neither,0.04329957618779987,0.3742995251114032,0.582400898700797
@just_another_user With tarrasque armour of course!,neither,0.02570066158199166,0.380162904375931,0.5941364340420774
gandsGandSDenise gandsGandSDenise gandsGandSDenise,neither,0.03945320844208391,0.33037608806864915,0.630170703489267
omg woow give awy,neither,0.03945320844208391,0.33037608806864915,0.630170703489267
10est,neither,0.03945320844208391,0.33037608806864915,0.630170703489267
@enzypenzy I knowsss... SOOO FAST,neither,0.03945320844208391,0.33037608806864915,0.630170703489267
Denise needs to be a special NPC.,neither,0.09719611395817573,0.3036270148562768,0.5991768711855474
Swag what?,neither,0.04387580530772202,0.37871479430329125,0.5774094003889866
wave denise,neither,0.03945320844208391,0.33037608806864915,0.630170703489267
"yup on at 10 est, 7 pst",neither,0.035772738603447374,0.36901652408539487,0.5952107373111577
i wonder if Sam is gonna come on and give some hints about what needs to be met to help bring Scanlan back or not,neither,0.03346149537872006,0.396522480843775,0.570016023777505
Excited for Tuesday. The second best night of the week!,neither,0.03003339917575225,0.2897724549104584,0.6801941459137893
"Aw, look at em.",neither,0.04048156693920917,0.3547190190903052,0.6047994139704856
lol,neither,0.020706217963973744,0.4882283491876925,0.4910654328483337
We just rolled characters for our first ever significant other DnD session last week. I'm crossing my fingers all goes well,neither,0.029112493847089006,0.3870576698335543,0.5838298363193567
#FreeDenise,neither,0.03945320844208391,0.33037608806864915,0.630170703489267
I for one welcome my new Denise overlord,neither,0.025256691871156693,0.32438609507441324,0.6503572130544301
anybody know how many hours cr is up to in total?,neither,0.04701098735674387,0.3580898153987041,0.594899197244552
So excited I had coffee to stay awake,neither,0.052889612906180355,0.2351723310756337,0.7119380560181859
"@Hydroplainbagel it's still a new thing, only a few months old",neither,0.0404609078946982,0.27266085924975597,0.6868782328555458
@buddy257 YES!,neither,0.03945320844208391,0.33037608806864915,0.630170703489267
A Denise NPC would be awesome!,neither,0.0392070186943606,0.32831452681705076,0.6324784544885887
@gaerfindel1 that's pretty hard hide to harvest :P,offensive_language,0.03378525680947385,0.5532052703028564,0.41300947288766976
Swagy,neither,0.03945320844208391,0.33037608806864915,0.630170703489267
who is on tonight?,neither,0.04263739210545923,0.3923205286799001,0.5650420792146407
"In celebration of breaking 33k Subs we're giving away a swag box curated by 10 of our twitch hosts tonight at 6:50. Be active in chat at that time to be part of the action. This is at 6:50 not 7:30 which was mistakenly reported before. Swag Box, Be in chat 6:30. Thanks for 33k subs. We love ya!",neither,0.03592542549218158,0.4247503675219481,0.5393242069858702
is Denise an official Pit Crew recruit? Pit Crew!,neither,0.04337670636492159,0.326510329787323,0.6301129638477554
#SeeingIsBelieving #FreeDenise,neither,0.03945320844208391,0.33037608806864915,0.630170703489267
@edwardwcross congrats on the new game!,neither,0.03848462587590868,0.20512525050349534,0.756390123620596
Oh no he's in ~host throne~,neither,0.049525432024606596,0.2937153049352399,0.6567592630401534
regetting coffee because I probably won't need it,neither,0.04537174876307949,0.2008364210758086,0.753791830161112
HYPE,neither,0.03945320844208391,0.33037608806864915,0.630170703489267
Swag ^_^,neither,0.03582199326093101,0.39200728640927457,0.5721707203297943
"@Silencbank Thank you, sadly I was more of a mobile watcher. with my phone not holding a charge i have to watch on my pc",neither,0.032680001696485036,0.4660883234915782,0.5012316748119368
"taliesin, marisha, laura, and ashley",neither,0.03852460340978638,0.282397176840787,0.6790782197494266
roughly 330 hours to watch not including all the bonus ***,neither,0.04667569051986431,0.36082769231841516,0.5924966171617204
oh we have a Kiki on set,neither,0.04103581739769062,0.3037351672359232,0.6552290153663861
#free denise,neither,0.03945320844208391,0.33037608806864915,0.630170703489267
I really dont want to code tonight :/,neither,0.042991350156311406,0.30416553024026927,0.6528431196034192
"jeez i fell asleep, yeesh",neither,0.0358219256163339,0.39200843451462597,0.5721696398690401
hello,neither,0.03945320844208391,0.33037608806864915,0.630170703489267
"i am still trying to save up for a mic so i can play dnd online, since no groups/gamestores around here",neither,0.05487200207233456,0.3513549384892813,0.5937730594383842
Denise NPC !!!!!!,neither,0.03945320844208391,0.33037608806864915,0.630170703489267
Lumber there are a number of ways for them to help with the DC Pike has guidance Keyleth has enhance ability and...Kaylie might even be able to inspire,neither,0.05254078699085356,0.27014260105956556,0.6773166119495809
ooo swag,neither,0.03714084284591316,0.36962296702898406,0.5932361901251029
gandsRage,neither,0.03945320844208391,0.33037608806864915,0.630170703489267
thanks,neither,0.035884468650613,0.3004919205142699,0.6636236108351171
Is that Ashley?,neither,0.04395971942669166,0.37476239098666525,0.5812778895866431
"One of the coziest sets ever, btw",neither,0.03802259329356099,0.34244865841880795,0.619528748287631
wait what time is it now?,neither,0.05224893746154571,0.3444133587173089,0.6033377038211454
bidet everyone,offensive_language,0.02988896790634741,0.4927062106388782,0.4774048214547744
#FreeDenise,neither,0.03945320844208391,0.33037608806864915,0.630170703489267
I am avoiding doing college history work,neither,0.039319070247337135,0.3304222243448103,0.6302587054078526
@AlphaAtlas You still here guy?,neither,0.15391179070112826,0.35570402710156757,0.49038418219730423
Just finished watching all of ep 83. Holy Sarrenrae!,neither,0.03761138298539844,0.3865460529801112,0.5758425640344903
8:37 hete,neither,0.03945320844208391,0.33037608806864915,0.630170703489267
Bidet,neither,0.03945320844208391,0.33037608806864915,0.630170703489267
anyone has the sound?,neither,0.03891911432157631,0.3057502862862205,0.6553305993922033
don't forget to watch the critmas unwrapping episode at Matt's place :),neither,0.04930750019645342,0.29551677553430233,0.6551757242692442
here,neither,0.22097653003277068,0.2221615150675793,0.55686195489965
Marisha spotted!,neither,0.03945320844208391,0.33037608806864915,0.630170703489267
It is around 6:40 there,neither,0.04625898395702865,0.28444193220606206,0.6692990838369092
Denise confirmed for next arcs antagonist,neither,0.032795594203842704,0.31325931974441296,0.6539450860517444
"@beibhin, aye, hanging in there :)",neither,0.03937925274427119,0.28847008821271325,0.6721506590430156
Bidet to all,offensive_language,0.07037653542857761,0.5454179388470466,0.3842055257243759
I'm tired and sick but I wanna watch the show >< I Missed last week,neither,0.04927121072745958,0.2514731124120293,0.6992556768605112
hello talisan,neither,0.03945320844208391,0.33037608806864915,0.630170703489267
Taie!!!,neither,0.03945320844208391,0.33037608806864915,0.630170703489267
lolol,neither,0.03945320844208391,0.33037608806864915,0.630170703489267
ep 83 was not fooling around,neither,0.03835448114670486,0.33571843132535867,0.6259270875279366
It was a great episode,neither,0.03598332520543128,0.30698441249201835,0.6570322623025503
bidet everyone,offensive_language,0.02988896790634741,0.4927062106388782,0.4774048214547744
:D,neither,0.03945320844208391,0.33037608806864915,0.630170703489267
@gaerfindel1 Yes! It's been one heck of an emotional rollercoaster,neither,0.0378424333868708,0.3532849596220226,0.6088726069911066
Bidet from TEXAS,neither,0.040937266849991,0.30518774380265185,0.6538749893473571
A Jaffe is summoned!,neither,0.081172750358939,0.3160268245287109,0.60280042511235
"If Talks Machina was a person, it couldn't stay standing without Denise (De-knees).",neither,0.028617685689815108,0.3622900696547494,0.6090922446554354
#FreeDenise,neither,0.03945320844208391,0.33037608806864915,0.630170703489267
taliesin looking stylish as ever,neither,0.0375901965299397,0.3619962622913877,0.6004135411786726
Hello everyone,neither,0.03269494828970791,0.4450814005079928,0.5222236512022994
great episode,neither,0.037315186336621224,0.3017634124565394,0.6609214012068394
@Silencbank Bidet!,neither,0.03945320844208391,0.33037608806864915,0.630170703489267
Heaven's to betsy this is gonna be good,neither,0.053524359086453685,0.3748631527699684,0.5716124881435779
lol glad to see it's not just stage concerts where the game is hurry up and wait,neither,0.03653535670566684,0.3260538334067288,0.6374108098876043
Yay Machina!,neither,0.03945320844208391,0.33037608806864915,0.630170703489267
Too bad Rothfuss isnt around. That would be great,neither,0.03247694552611019,0.3452003360844682,0.6223227183894215
So far watching on my laptop is way better than mobile,neither,0.034803366986590985,0.41843647407353296,0.5467601589398761
@TheAAMoy Bidet!,neither,0.03945320844208391,0.33037608806864915,0.630170703489267
hello,neither,0.03945320844208391,0.33037608806864915,0.630170703489267
Finally caught up! First live show for me. :D What time does this party start? :,neither,0.029691166507121863,0.40837061406485353,0.5619382194280246
heavens even,neither,0.03845673388650829,0.34728886186812674,0.614254404245365
@starpilotsix i am dead,neither,0.03917446982049609,0.3304719590623406,0.6303535711171633
that man and his scarves,neither,0.07385035802847324,0.4206341056545681,0.5055155363169586
@edwardwcross yes but there are also the special ones that'll help more than the others or maybe give hints at to what might increase it depending on how Sam wants it to play out,neither,0.060516734578210336,0.31284415737735166,0.6266391080444379
Here's some music for the peoples,neither,0.05780693449232287,0.27572613498826604,0.6664669305194111
11 mins,neither,0.03945320844208391,0.33037608806864915,0.630170703489267
"In celebration of breaking 33k Subs we're giving away a swag box curated by 10 of our twitch hosts tonight at 6:50. Be active in chat at that time to be part of the action. This is at 6:50 not 7:30 which was mistakenly reported before. Swag Box, Be in chat 6:30. Thanks for 33k subs. We love ya!",neither,0.03592542549218158,0.4247503675219481,0.5393242069858702
"@misternoahingram Yes, mobile is a PITA",neither,0.047696856829659746,0.32754071937069795,0.6247624237996422
"@Baravis, In 21 minutes.",neither,0.03945320844208391,0.33037608806864915,0.630170703489267
7pm pst,neither,0.03945320844208391,0.33037608806864915,0.630170703489267
@Baravis Same!,neither,0.04148851938089603,0.3488915597363099,0.609619920882794
I hope Ashley is there Thursday. We need the real Pike.,neither,0.06341080443793716,0.2886498674853076,0.6479393280767552
Talisen!,neither,0.03945320844208391,0.33037608806864915,0.630170703489267
"I have to agree, need Rothfus on one of these as a guest on Talks",neither,0.04249663333162729,0.4362517742348645,0.5212515924335083
Tunage!,neither,0.03945320844208391,0.33037608806864915,0.630170703489267
Mooooosic,neither,0.03945320844208391,0.33037608806864915,0.630170703489267
woooo,neither,0.03945320844208391,0.33037608806864915,0.630170703489267
@Baravis 20 mins,neither,0.03945320844208391,0.33037608806864915,0.630170703489267
Bidet from Big Bear California!,neither,0.03855336888576401,0.36652023007392714,0.5949264010403087
Bidet mates,neither,0.03945320844208391,0.33037608806864915,0.630170703489267
Greetings. This is one we've been waiting for!,neither,0.020380263468746964,0.32397820745125405,0.655641529079999
"I once knew a tiny gnome bard. He lived as he died, quite hard. Back away from the light, come back to your Pike and smoke till that pipe is charred.",neither,0.05186267480559221,0.4372908812736954,0.5108464439207124
Love me some swag,neither,0.020112013051819522,0.4440434000322125,0.535844586915968
Yeah thats what Im worried about...how sam wants to play things out and what mercer lets them do,neither,0.04102552221414544,0.3998874442890469,0.5590870334968076
Muzak!,neither,0.03945320844208391,0.33037608806864915,0.630170703489267
neat!,neither,0.03945320844208391,0.33037608806864915,0.630170703489267
Work in at least an hour of TM and then sleep. Maaaybe.,neither,0.03864194829003643,0.31639824630498065,0.6449598054049829
Bidet from Michigan y'all,neither,0.04311124204026964,0.3958070657996109,0.5610816921601195
bidet from nashville,neither,0.04071751644889743,0.3089174816120565,0.6503650019390461
#Swag~,neither,0.03582199326093101,0.39200728640927457,0.5721707203297943
That is a nice scarf on Taleisin,neither,0.0401793415747998,0.37956423310182646,0.5802564253233737
bidet from WI,neither,0.040737273169946825,0.30858215849491494,0.6506805683351382
@appleju84 Bidey!,neither,0.03945320844208391,0.33037608806864915,0.630170703489267
i am excite for this episode of TM. can't wait,neither,0.03570092524054934,0.3098628678829708,0.65443620687648
bidet from NC,neither,0.04066490145509902,0.30981049537100724,0.6495246031738937
@trunor Bidet!,neither,0.03945320844208391,0.33037608806864915,0.630170703489267
anyone noticing the headphones on trinkets,neither,0.0358427056748806,0.32762525414240895,0.6365320401827105
i am still so stressed from the last episode,neither,0.038704157935886295,0.34823539938404235,0.6130604426800714
"Bidet from Newfoundland, Canada",neither,0.04071751644889743,0.3089174816120565,0.6503650019390461
Taleisin is always so stylish.,neither,0.045825600664610354,0.4309713578869109,0.5232030414484787
hi all,neither,0.0423466876598404,0.4436528871510691,0.5140004251890904
good poem lol,neither,0.03099454430726466,0.3880593069234949,0.5809461487692406
"@Ssgoku22 bless, good job friend",neither,0.03886152953738872,0.3305795935757665,0.6305588768868448
what countds as 6:30 im scurd,neither,0.04214700793829378,0.40013862225781505,0.5577143698038912
gandsGandSDenise gandsGandSDenise gandsGandSDenise gandsSCANLAN,neither,0.03945320844208391,0.33037608806864915,0.630170703489267
(And I see the bit calling Denise names on the left! ;),neither,0.035768478177045274,0.2894394834241194,0.6747920383988353
Ok can we all come together and thank RNJesus for That Marihsa Ray of Enfeeblement,neither,0.032097815991713005,0.37479497232208764,0.5931072116861994
@Ssgoku22 tht was great,neither,0.03728564367816689,0.3052321924249837,0.6574821638968494
yay swag,neither,0.037071894460937095,0.3707932010629738,0.5921349044760892
No matter if he's on TM or screaming at For Honor.,neither,0.026169743026398826,0.3724791454106938,0.6013511115629073
music ^_^/,neither,0.03945320844208391,0.33037608806864915,0.630170703489267
@wreeen thanks!,neither,0.035884468650613,0.3004919205142699,0.6636236108351171
hiii,neither,0.03945320844208391,0.33037608806864915,0.630170703489267
TRINKET HAS HEADPHONES LOL,neither,0.03181162788225733,0.38162826517085124,0.5865601069468914
II need to know who is denise,neither,0.05460828911057511,0.38061134246762296,0.5647803684218019
for sure last episode was stressful,neither,0.030993358921558554,0.4075431896929396,0.5614634513855018
crassPawspurr crassPawspurr crassPawspurr crassPawspurr crassPawspurr crassPawspurr crassPawspurr crassPawspurr crassPawspurr crassPawspurr crassPawspurr crassPawspurr crassPawspurr crassPawspurr crassPawspurr,neither,0.03945320844208391,0.33037608806864915,0.630170703489267
Look at all you folk on a normal time schedule. Colour me jealous,neither,0.04882134367341688,0.46947072651970795,0.48170792980687527
@Everyone Bidet folks!,neither,0.03261593053818681,0.44642253797120446,0.5209615314906086
"feeblemind, not enfeeblement",neither,0.03554889144452836,0.3454295093440936,0.619021599211378
>_ >,neither,0.03945320844208391,0.33037608806864915,0.630170703489267
cant wait for talks,neither,0.03376703555861086,0.3019773394071586,0.6642556250342306
gotta remember to be active in chat,neither,0.04356273441400581,0.35297761517859405,0.6034596504074
@Ssgoku22 that was a pretty good one,neither,0.03329793662128758,0.41656886279276995,0.5501332005859426
I think denise just waved,neither,0.035367636008122434,0.3429017566083311,0.6217306073835465
sick tunez trinket best trinket,neither,0.03823927064017921,0.32021072920459964,0.6415500001552212
Laura!!!!,neither,0.03945320844208391,0.33037608806864915,0.630170703489267
"hi, all",neither,0.0423466876598404,0.4436528871510691,0.5140004251890904
o/ hi chat,neither,0.03945320844208391,0.33037608806864915,0.630170703489267
"In celebration of breaking 33k Subs we're giving away a swag box curated by 10 of our twitch hosts tonight at 6:50. Be active in chat at that time to be part of the action. This is at 6:50 not 7:30 which was mistakenly reported before. Swag Box, Be in chat 6:30. Thanks for 33k subs. We love ya!",neither,0.03592542549218158,0.4247503675219481,0.5393242069858702
who is the guy on the couch?,neither,0.0421981836970435,0.3731062651225559,0.5846955511804006
@MarkusIronhorn agreed!!!,neither,0.03945320844208391,0.33037608806864915,0.630170703489267
wave back,neither,0.03945320844208391,0.33037608806864915,0.630170703489267
#FreeDenise,neither,0.03945320844208391,0.33037608806864915,0.630170703489267
At least they made the smoking issue more realistic to D&D by having it get some magical bonuses..plus and minus,neither,0.037520591168727524,0.33968922587787725,0.6227901829533952
Denise is waving! HI DENISE!,neither,0.04756834012997341,0.3275849221569308,0.6248467377130958
re:trinket headphonrs...now that you mention it... 😎,neither,0.0753458913242435,0.3946480406452229,0.5300060680305336
"@StrawberryLimes I never noticed that, that's hilarious. DJ trinket in the house",neither,0.031656085063545995,0.39868669057017314,0.5696572243662807
is that denise!?,neither,0.05154613418987003,0.42924314326430335,0.5192107225458266
I am still voting for a mechanical moving stuffed trinket,neither,0.03447945816981541,0.3193998046806055,0.6461207371495791
Just saw the sign near the camera,neither,0.03497688342071007,0.3223837804599145,0.6426393361193755
Brian foster,neither,0.03945320844208391,0.33037608806864915,0.630170703489267
super excited about talks tonight,neither,0.036180036022920255,0.33338826763576007,0.6304316963413198
#SeeingIsBelieving,neither,0.03945320844208391,0.33037608806864915,0.630170703489267
🙂,neither,0.03945320844208391,0.33037608806864915,0.630170703489267
Or Bryan?,neither,0.03945320844208391,0.33037608806864915,0.630170703489267
magical drugs,neither,0.03945320844208391,0.33037608806864915,0.630170703489267
ey ey ey ey ey ey,neither,0.03945320844208391,0.33037608806864915,0.630170703489267
GAH,neither,0.03945320844208391,0.33037608806864915,0.630170703489267
ashley!!!,neither,0.03945320844208391,0.33037608806864915,0.630170703489267
iPads aren't the best for chatting sadly but I can at least watch from Starbucks.,neither,0.03595345975726306,0.3022913167598776,0.6617552234828593
:D,neither,0.03945320844208391,0.33037608806864915,0.630170703489267
EXCITEMENT,neither,0.03945320844208391,0.33037608806864915,0.630170703489267
woop woop,neither,0.03945320844208391,0.33037608806864915,0.630170703489267
Maybe Denise is Brian Foster in Pretty Frocks....,neither,0.04540255652431213,0.3283298344522299,0.6262676090234579
@efermiumeral if they do it they gotta keep it a surprise for laura,neither,0.022397896078432965,0.36690413045227005,0.6106979734692969
waves at GeekandSundry's crew,neither,0.03874525987022824,0.3519322798786093,0.6093224602511625
I wonder how long it took to make the Anagram for Denise,neither,0.0376151467993478,0.29021213987566163,0.6721727133249905
robot trinket? we need to make that,neither,0.041370888324299346,0.3645399381654108,0.5940891735102899
DENISE IS AN AI!??!,neither,0.048875197167151316,0.32144165283572645,0.6296831499971223
i am excited about the giveaway,neither,0.03657708082414012,0.34240047874950713,0.6210224404263527
"""whew, i thought he'd never leave!""-Vex",neither,0.0446191149776409,0.2636696125038097,0.6917112725185495
lol denise acronym is awesome,neither,0.03884342298920167,0.3758353538280217,0.5853212231827767
"Oh, has Crispin Glover Foster appeared yet?",neither,0.04339170105077515,0.29043556822492017,0.6661727307243047
DENISE !!!!!! DESTROY BRIAN,neither,0.03945320844208391,0.33037608806864915,0.630170703489267
why is this music so familiar..,neither,0.03507589735463245,0.3847180163263805,0.5802060863189871
this is going to be some intense discussion,neither,0.04234856011003989,0.3599130016697649,0.5977384382201953
LoL i wish I had Tal's style,neither,0.033545651241971806,0.3722494262278542,0.5942049225301741
What?? Where?,neither,0.05417672161878376,0.2650869798025265,0.6807362985786898
Is Mercer on tonight?,neither,0.04326422058407071,0.3150765050960217,0.6416592743199077
"I like DENISE, she's so cool and non-blood thirsty.",neither,0.04800245627043693,0.4101063013571561,0.5418912423724072
hey do you guys know if they post Talks Machina anywhere???,neither,0.03618440018716923,0.40027783113997706,0.5635377686728538
@trunor I bet he has some wonderbear tunes to play,neither,0.041956826552527464,0.331662848063699,0.6263803253837735
@beibhin why what time are you on? it's 9:41 now here in canada,neither,0.11140555846741113,0.33019208755952356,0.5584023539730654
I don't believe that's Denise. #falseflag,neither,0.03392052124108758,0.39097882433298353,0.5751006544259288
yep..that is D.E.N.I.S.E...you didn't know?,neither,0.0407349019161047,0.4635786330285595,0.49568646505533576
lmao Denise,neither,0.03705015143476208,0.3711622369619404,0.5917876116032975
when is the drawing,neither,0.03518585872555146,0.36389471111004873,0.6009194301643999
Denise is THE AI,neither,0.047981327668986,0.3087450538031115,0.6432736185279025
it shows a subscriber badge for me but it ran out last month lul hacked,neither,0.02856633014645324,0.34731961733782696,0.6241140525157197
"Aw, a swag box and I'm not feeling overly active today T-T",neither,0.03634107927267707,0.3201705614397878,0.6434883592875351
Taliesin seems to be having trouble with his beverage.,neither,0.05478257812543894,0.3636358909471814,0.5815815309273797
!glitter opshlds,neither,0.03945320844208391,0.33037608806864915,0.630170703489267
casts Glitter on opshlds. It goes EVERYWHERE!,neither,0.03608603650059504,0.34165466125191235,0.6222593022474926
drawing at 650,neither,0.03876821246428742,0.35123609545343015,0.6099956920822824
@sadrawrface 9 minutes give or take,neither,0.03945320844208391,0.33037608806864915,0.630170703489267
"tonight's guests are laura, marisha, taliesin, and ashley",neither,0.06089584092167162,0.23268889879926036,0.7064152602790681
Denise is Syknet,neither,0.081172750358939,0.3160268245287109,0.60280042511235
@chovexani I think it's donkey kong country?,neither,0.042928453762882526,0.3227257922170058,0.6343457540201117
@Lumber_jax Currently pushing 02:42 am,neither,0.039329235289661306,0.3304187281206309,0.6302520365897079
Denise execute order 66.......,neither,0.03945320844208391,0.33037608806864915,0.630170703489267
WOO,neither,0.03945320844208391,0.33037608806864915,0.630170703489267
gandsGandsVaxSigil gandsGandsVaxSigil,neither,0.03945320844208391,0.33037608806864915,0.630170703489267
Just happy to be able to tune in.,neither,0.046370985139933284,0.3432331426300484,0.6103958722300182
Holy crap!,neither,0.03945320844208391,0.33037608806864915,0.630170703489267
"@Baravis, I must know it from G&S then XD",neither,0.040051117463835266,0.2918986455641579,0.6680502369720069
girls night... and taliesin,neither,0.015247389985958041,0.3925642626265999,0.592188347387442
"In celebration of breaking 33k Subs we're giving away a swag box curated by 10 of our twitch hosts tonight at 6:50. Be active in chat at that time to be part of the action. This is at 6:50 not 7:30 which was mistakenly reported before. Swag Box, Be in chat 6:30. Thanks for 33k subs. We love ya!",neither,0.03592542549218158,0.4247503675219481,0.5393242069858702
but it means chat is gonna be super busy,neither,0.040952863112920034,0.37112874646846944,0.5879183904186106
bidet from RI,neither,0.04069404815304118,0.30931579984010865,0.6499901520068502
free Trinket,neither,0.03945320844208391,0.33037608806864915,0.630170703489267
is Florida Man,neither,0.05043355506039499,0.40681072406178836,0.5427557208778165
rip headphones,neither,0.03945320844208391,0.33037608806864915,0.630170703489267
@opshlds ty,neither,0.03945320844208391,0.33037608806864915,0.630170703489267
"@StrawberryLimes Vex giveths, and Vex takeths away",neither,0.040325794374781336,0.22414726720503472,0.735526938420184
"awww, let trinket listen!",neither,0.025384319718396404,0.36065359154510485,0.6139620887364986
@beibhin dude ouch that's just nasty,neither,0.032600905198845564,0.3832031227141871,0.5841959720869674
@misternoahingram What's the Glitter bomb for? lol,neither,0.031773178141281846,0.33316495619969366,0.6350618656590244
no not the jedi,neither,0.03644562341527648,0.3331619076726084,0.6303924689121151
