text,top_class,hate_speech,offensive_language,neither
Bidet from sunny *** CA,neither,0.04039749100449293,0.314349148603457,0.6452533603920501
I think sams new character should be a Gnome Bard ðŸ™‚,neither,0.058437704007054364,0.267753290926985,0.6738090050659606
Beep beep from England <3,neither,0.04071751644889743,0.3089174816120565,0.6503650019390461
it flickered!,neither,0.034373745257138544,0.33212314837979673,0.6335031063630647
#bringbackObbytheRat,neither,0.03945320844208391,0.33037608806864915,0.630170703489267
Art !!,neither,0.03945320844208391,0.33037608806864915,0.630170703489267
yasssss,neither,0.03945320844208391,0.33037608806864915,0.630170703489267
"@prgrmng, yup",neither,0.03945320844208391,0.33037608806864915,0.630170703489267
showing now!,neither,0.03945320844208391,0.33037608806864915,0.630170703489267
bidet from Oregon,neither,0.04071751644889743,0.3089174816120565,0.6503650019390461
sams coming late,neither,0.03945320844208391,0.33037608806864915,0.630170703489267
ah!,neither,0.03945320844208391,0.33037608806864915,0.630170703489267
I just finished Ep 83 like 30mins ago :D,neither,0.04300320542918015,0.35530727981479,0.6016895147560298
gandsFail,neither,0.03945320844208391,0.33037608806864915,0.630170703489267
Bidet,neither,0.03945320844208391,0.33037608806864915,0.630170703489267
no stream,neither,0.038465455673613855,0.34714083037889465,0.6143937139474915
up up up !,offensive_language,0.031680140546704795,0.5091262166492487,0.45919364280404645
LIVE,neither,0.04891340716200846,0.3271222919257548,0.6239643009122369
Is scanlan at least skyping?,neither,0.050335908776390034,0.36024407846814344,0.5894200127554665
better save scanlan...,neither,0.03945320844208391,0.33037608806864915,0.630170703489267
yay video,neither,0.04560974719352429,0.22588355817090294,0.7285066946355727
tx â¤â¤,neither,0.03945320844208391,0.33037608806864915,0.630170703489267
Bidet from South Dakota to all you critters out there!,neither,0.057192165384600126,0.3850637874532758,0.5577440471621241
Hello,neither,0.03945320844208391,0.33037608806864915,0.630170703489267
Bidet From San Antonio Texas gandsDrink gandsDrink,neither,0.04031505647017286,0.3157482777878597,0.6439366657419674
stream down for everyone?,neither,0.02946498236654936,0.39548752454410097,0.5750474930893497
artwork :D,neither,0.03945320844208391,0.33037608806864915,0.630170703489267
So excited!!!,neither,0.03940839469474773,0.3948270312238364,0.565764574081416
4 minutes,neither,0.03945320844208391,0.33037608806864915,0.630170703489267
it's on,neither,0.029359548185187243,0.36677741506693295,0.6038630367478798
Bidet from Portland,neither,0.04066490145509902,0.30981049537100724,0.6495246031738937
How much longer,neither,0.034992843024945944,0.3319102122683466,0.6330969447067075
Any of the Texas people going to a-con in June?,neither,0.06125759361084888,0.3329437815180248,0.6057986248711265
Huzzah! Refresh everyone!,neither,0.03354967907916047,0.4305743883413756,0.535875932579464
No crit role tonight?,neither,0.035904420131612734,0.3218383163945959,0.6422572634737913
gandsSubHype gandsSubHype gandsSubHype gandsSubHype gandsSubHype,neither,0.03945320844208391,0.33037608806864915,0.630170703489267
LETS GO!,neither,0.039984317429425154,0.35542799280679366,0.6045876897637812
PogChamp hype <3,neither,0.03945320844208391,0.33037608806864915,0.630170703489267
wohoo!,neither,0.03945320844208391,0.33037608806864915,0.630170703489267
its on,neither,0.024643178838944246,0.35995612139696637,0.6154006997640895
yes!!,neither,0.03945320844208391,0.33037608806864915,0.630170703489267
oh holy ***,neither,0.04636863936135996,0.2652784876187013,0.6883528730199387
HYPERUUU,neither,0.03945320844208391,0.33037608806864915,0.630170703489267
Are they offline for everybody else too?,neither,0.056577973713005957,0.2615914966226874,0.6818305296643067
Probably alpha's fault. :p,neither,0.038410822322910085,0.34806810092202134,0.6135210767550687
Bidet from SC!,neither,0.040737273169946825,0.30858215849491494,0.6506805683351382
WOOOOO,neither,0.03945320844208391,0.33037608806864915,0.630170703489267
"@anonymoose15 Yes, unless that find a wish spell along the way",neither,0.039163515157598375,0.2863847438058604,0.6744517410365414
RIP,neither,0.03945320844208391,0.33037608806864915,0.630170703489267
Bidet!,neither,0.03945320844208391,0.33037608806864915,0.630170703489267
almost time,neither,0.03781171612478011,0.35823649664687146,0.6039517872283484
THERE we go!,neither,0.04083933629015207,0.27628362646603744,0.6828770372438104
BIDET IS A GENITAL WASHING DEVICE,neither,0.046789717454010935,0.32785272619940625,0.6253575563465829
Dat fan art BibleThump,neither,0.03945320844208391,0.33037608806864915,0.630170703489267
<3 Scanlan BibleThump,neither,0.03945320844208391,0.33037608806864915,0.630170703489267
"@Kronkality, yes soon",neither,0.03945320844208391,0.33037608806864915,0.630170703489267
OK... there we go,neither,0.04048278320770781,0.2884159776990977,0.6711012390931945
official no sam? Because I thought it wasnt 100%?,neither,0.040105182851368396,0.2740796482914416,0.6858151688571901
L I V E B O Y S,neither,0.03945320844208391,0.33037608806864915,0.630170703489267
:'( fix him,neither,0.03928697709675111,0.333197467828188,0.627515555075061
gaaaah,neither,0.03945320844208391,0.33037608806864915,0.630170703489267
is sam gonna be here?,neither,0.10665896489461742,0.3356022366765473,0.5577387984288353
Stream is running. Just refresh,neither,0.041669224614713236,0.34412867841173994,0.6142020969735468
gandsSubHype gandsSubHype gandsSubHype,neither,0.03945320844208391,0.33037608806864915,0.630170703489267
*screams*,neither,0.03945320844208391,0.33037608806864915,0.630170703489267
"Saskatchewan,",neither,0.03945320844208391,0.33037608806864915,0.630170703489267
fan art up,neither,0.03676639129956834,0.384805925231397,0.5784276834690346
online!,neither,0.03945320844208391,0.33037608806864915,0.630170703489267
"Oh maaan, Here it goes",neither,0.08504238049079832,0.25551285782325056,0.659444761685951
yeee,neither,0.03945320844208391,0.33037608806864915,0.630170703489267
GivePLZ TakeNRG,neither,0.03945320844208391,0.33037608806864915,0.630170703489267
Bidet to ALL!~,offensive_language,0.07037653542857761,0.5454179388470466,0.3842055257243759
Refresh your feed!!!!,neither,0.06895945858080144,0.3221825850803693,0.6088579563388291
YUSS,neither,0.03945320844208391,0.33037608806864915,0.630170703489267
Ahhhhhh,neither,0.03945320844208391,0.33037608806864915,0.630170703489267
BEEP BEEP from Texas ^_^,neither,0.040937266849991,0.30518774380265185,0.6538749893473571
still a few minutes before CR,neither,0.03601858010155881,0.3886706946730496,0.5753107252253914
chann3el went don about 10 minutes ago xc,neither,0.0381439539171554,0.3525975542387181,0.6092584918441264
4 minutes bois,neither,0.03945320844208391,0.33037608806864915,0.630170703489267
Its on tonight right???,neither,0.026481947259360976,0.3433733815974623,0.6301446711431766
woot,neither,0.03945320844208391,0.33037608806864915,0.630170703489267
):,neither,0.03945320844208391,0.33037608806864915,0.630170703489267
bidet from MS!,neither,0.040769555981420263,0.3080342349327864,0.6511962090857933
gandsSubHype gandsSubHype gandsSubHype gandsSubHype,neither,0.03945320844208391,0.33037608806864915,0.630170703489267
its on refresh,neither,0.03085858976609457,0.34623873440895303,0.6229026758249525
gandsSCANLAN,neither,0.03945320844208391,0.33037608806864915,0.630170703489267
it is up,neither,0.04738699140855922,0.4365031410540322,0.5161098675374087
refresh guys,neither,0.039333895611238866,0.33240113818976524,0.628264966198996
Ahhhhhh I'm so WORRIED!,neither,0.03940905653019334,0.39976984420407297,0.5608210992657338
YES CR WILL BE ON SOON,neither,0.038635942632211547,0.3248107838378428,0.6365532735299457
real nice art,neither,0.03244806018658468,0.45396453383274477,0.5135874059806705
refresh folks,neither,0.03945320844208391,0.33037608806864915,0.630170703489267
Can't wait!!,neither,0.03991073413903658,0.3226106829444422,0.6374785829165213
f5 yall,neither,0.03639464868045676,0.3822878294283694,0.5813175218911739
YES CR WILL BE ON SOON,neither,0.038635942632211547,0.3248107838378428,0.6365532735299457
Everyone refresh!,neither,0.03354967907916047,0.4305743883413756,0.535875932579464
YES CR WILL BE ON SOON,neither,0.038635942632211547,0.3248107838378428,0.6365532735299457
#FIX HIM,neither,0.03928697709675111,0.333197467828188,0.627515555075061
its live now,neither,0.036832985673898394,0.331277302830522,0.6318897114955797
WHY IS IT DOWN?,neither,0.03102523862721093,0.3502907930006854,0.6186839683721037
YES CR WILL BE ON SOON,neither,0.038635942632211547,0.3248107838378428,0.6365532735299457
sooooo not ready D:,neither,0.03807052592150244,0.33557394032013194,0.6263555337583656
ITS UP!,neither,0.02540825348022648,0.4347329232452923,0.5398588232744811
YES CR WILL BE ON SOON,neither,0.038635942632211547,0.3248107838378428,0.6365532735299457
RELOAD FOR FANART,neither,0.023896577328981292,0.2538532852897668,0.7222501373812519
just refrehsed!,neither,0.02667013123193722,0.39600456006212814,0.5773253087059346
its on,neither,0.024643178838944246,0.35995612139696637,0.6154006997640895
YES CR WILL BE ON SOON,neither,0.038635942632211547,0.3248107838378428,0.6365532735299457
PogChamp,neither,0.03945320844208391,0.33037608806864915,0.630170703489267
refresh,neither,0.03945320844208391,0.33037608806864915,0.630170703489267
lirikHYPE lirikHYPE lirikHYPE lirikHYPE,neither,0.03945320844208391,0.33037608806864915,0.630170703489267
let the bard go weve not had a permadeath in a while now,neither,0.02740106817229466,0.34822871050144577,0.6243702213262595
gandsSCANLAN gandsLessthanthree,neither,0.03945320844208391,0.33037608806864915,0.630170703489267
i hope he's ok...,neither,0.10677795892341599,0.18479902306516632,0.7084230180114177
yaaaaaaaaaassssssssssssssss,neither,0.03945320844208391,0.33037608806864915,0.630170703489267
dead scanlan art incoming,neither,0.03945320844208391,0.33037608806864915,0.630170703489267
WE LIVE,neither,0.04675156173251523,0.3319383047908141,0.6213101334766706
oh my god the FIX HIM picture,neither,0.03316576992719861,0.34743118962055985,0.6194030404522416
"bidet from Vic, Aus",neither,0.04069404815304118,0.30931579984010865,0.6499901520068502
MUDDFUUDA I AINT READY,neither,0.041297170632994054,0.4404866728705354,0.5182161564964706
yay! I was scared for a minute there,neither,0.03481611963485527,0.2783835756856518,0.6868003046794929
FIX HIM,neither,0.03928697709675111,0.333197467828188,0.627515555075061
gandsSCANLAN gandsCrit,neither,0.03945320844208391,0.33037608806864915,0.630170703489267
Bidet from Califonia!,neither,0.04228451509352876,0.2823214250720796,0.6753940598343917
hellp,neither,0.03945320844208391,0.33037608806864915,0.630170703489267
SOMEONE FIX THIS!!!,neither,0.03934701219110838,0.332178515597834,0.6284744722110577
The anticipation is a killer,neither,0.04933026227645602,0.3058224322977188,0.6448473054258251
"Pals, I love this community. I love table top games. Life is good. gandsLessthanthree",neither,0.03806723803054221,0.37635925924109276,0.5855735027283651
Refresh if you are not seeing it,neither,0.05080313280549949,0.38404642955133306,0.5651504376431674
refresh for art,neither,0.03423199466188209,0.30429362477271343,0.6614743805654044
bidet from Calgary!,neither,0.04228451509352876,0.2823214250720796,0.6753940598343917
"Cue Bagpipes, ""Amazing Grace starts playing""",neither,0.03945320844208391,0.33037608806864915,0.630170703489267
"Bidet from Midland, tx",neither,0.04081748366884477,0.3072207769958956,0.6519617393352596
Stream is live. Unlike Scanlan gandsSCANLAN,neither,0.05086918034700318,0.32644961184427723,0.6226812078087195
"if you see offline, reload the stream, fan art at the moment",neither,0.033863933622161585,0.3875119945431728,0.5786240718346656
So much heart wrenching/warming fanart this week!,neither,0.03631120732960167,0.3677273724773384,0.5959614201930599
hello,neither,0.03945320844208391,0.33037608806864915,0.630170703489267
hmm,neither,0.03945320844208391,0.33037608806864915,0.630170703489267
yay arts,neither,0.03945320844208391,0.33037608806864915,0.630170703489267
IM SO READY FOR THIS,neither,0.03147282314999588,0.3817531406776,0.5867740361724042
#modspam ;),neither,0.03945320844208391,0.33037608806864915,0.630170703489267
Woot Texas Represent!,neither,0.03945320844208391,0.33037608806864915,0.630170703489267
gandsTeamNoStream gandsTeamNoStream gandsTeamNoStream gandsTeamNoStream gandsTeamNoStream,neither,0.03945320844208391,0.33037608806864915,0.630170703489267
PogChamp,neither,0.03945320844208391,0.33037608806864915,0.630170703489267
"Bidet from Phoeniz, AZ. Really need CritRole after this day I've had...",neither,0.023301397595921806,0.29276796285067846,0.6839306395533997
bidet from NJ,neither,0.04069404815304118,0.30931579984010865,0.6499901520068502
I legit cried when grog started yelling fix him,neither,0.033240821868455145,0.36189694323545724,0.6048622348960875
Kerreck epic,neither,0.03945320844208391,0.33037608806864915,0.630170703489267
CLICK REFRESH PPL,neither,0.03945320844208391,0.33037608806864915,0.630170703489267
FIX HIM,neither,0.03928697709675111,0.333197467828188,0.627515555075061
wish I could speed read,neither,0.03945320844208391,0.33037608806864915,0.630170703489267
"still offline, i refreshed twice",neither,0.03829594408867558,0.3500178843652817,0.6116861715460428
"Still waiting, like everybody.",neither,0.050477603598807,0.36454950461279717,0.5849728917883958
"eeps, sound mixup",neither,0.03945320844208391,0.33037608806864915,0.630170703489267
"Bidet from Athens, Ga",neither,0.040737273169946825,0.30858215849491494,0.6506805683351382
"@GaeaCa, will it be going live soon? Kappa <3",neither,0.041881951821469754,0.33530923093735593,0.6228088172411742
we live now?,neither,0.045627614044221186,0.331742017252864,0.6226303687029148
REFRESH FOR ART,neither,0.03423199466188209,0.30429362477271343,0.6614743805654044
#BARDSLIVESMATTER,neither,0.03945320844208391,0.33037608806864915,0.630170703489267
#FIXHIM,neither,0.03945320844208391,0.33037608806864915,0.630170703489267
aaaaaaaaaaaa,neither,0.03945320844208391,0.33037608806864915,0.630170703489267
the title terrifies me,neither,0.029801546624910108,0.358406585935017,0.611791867440073
SAVE THE GNOME!!!,neither,0.03810134983019104,0.30529969883378927,0.6565989513360196
Bidet from Nevada,neither,0.04066490145509902,0.30981049537100724,0.6495246031738937
"Come back, Scanlan! You promised Kaylee",neither,0.05454235670051595,0.40763814708951457,0.5378194962099694
"FINALLY the stream starts working for me here, but Alpha is down entirely",neither,0.05308786657259259,0.3124023265537574,0.6345098068736501
FIX HIM!,neither,0.03928697709675111,0.333197467828188,0.627515555075061
BibleThump IM NOT READY FOR THIS,neither,0.030572836405892964,0.33957989307325775,0.6298472705208492
Critical Role fan-run discord available for anyone if you would like to join us - https://discord.gg/0gXmsdbMcm8yEnbs,neither,0.0589788611282275,0.36310148712354595,0.5779196517482266
refresh its live!,neither,0.03754293201318581,0.33103311972942384,0.6314239482573903
refresh worked for me,neither,0.028894968916771492,0.3375675355028762,0.6335374955803522
here we go!,neither,0.13156755280784707,0.2765461283225309,0.5918863188696221
there restarted app and its up,neither,0.030480548087153152,0.29942464813085207,0.6700948037819948
"Kaylie (Scanlan's daughter) is going to need love in her life someday. sbzyZen Sam can find her that partner by rerolling a sexy new boytoy to seduce her with. That won't be weird, right? sbzyOmg sbzyNom sbzySuure",offensive_language,0.030062037484941205,0.602272310822528,0.3676656516925308
YEEEEAAAHHHH,neither,0.03945320844208391,0.33037608806864915,0.630170703489267
bidet from victoria australia,neither,0.040354386843928725,0.3150807387011266,0.6445648744549448
3 minutes,neither,0.03945320844208391,0.33037608806864915,0.630170703489267
Is the stream not up yet?,neither,0.0419023336496426,0.3634324035730762,0.594665262777281
FIX HIM!!!,neither,0.03928697709675111,0.333197467828188,0.627515555075061
thank you crew!,neither,0.05897985934550316,0.39503371390534275,0.545986426749154
"Says they're live, but...?",neither,0.06153265499141052,0.3077588358480474,0.630708509160542
good luck scanlan i hope you live!!!,neither,0.11515265048921823,0.25258130602718915,0.6322660434835926
NO PRE GAME STREAM... this is all just to build suspense :/,neither,0.04586309445061395,0.3654372962882544,0.5886996092611315
its not on on mobile D:,neither,0.02895223136708155,0.3601018814640905,0.6109458871688279
"@SpeedDemonStar, it is now with art, refresh",neither,0.03489698527181281,0.3585275043951094,0.6065755103330779
bidet from lousiville!,neither,0.04062582848913359,0.31047366557575606,0.6489005059351104
hrpgChaseTheRabbit,neither,0.03945320844208391,0.33037608806864915,0.630170703489267
alpha is having a brain-fart again...,neither,0.043656019857238014,0.3501793570940412,0.6061646230487209
All Bards Matter!,neither,0.042504861654039626,0.44955006967184535,0.507945068674115
"@SpeedDemonStar, it is now with art, refresh",neither,0.03489698527181281,0.3585275043951094,0.6065755103330779
May RNGesus be with us tonight,neither,0.05986872985798662,0.3180307367677321,0.6221005333742813
"woot, live now!",neither,0.04384783861170154,0.3288645732349033,0.6272875881533951
FIX HIM,neither,0.03928697709675111,0.333197467828188,0.627515555075061
#FIXHIM,neither,0.03945320844208391,0.33037608806864915,0.630170703489267
"Live, refresh for art",neither,0.03793273518582332,0.30535518660573185,0.6567120782084448
Bidet from santa cruz,neither,0.04040912852695437,0.3141516294757728,0.6454392419972729
Bidet from L.A.,neither,0.04228451509352876,0.2823214250720796,0.6753940598343917
"just keep refreshing all, I had to do it 3 times",neither,0.0426751154598963,0.4147177668580023,0.5426071176821013
bidet from dfw,neither,0.04228451509352876,0.2823214250720796,0.6753940598343917
#FIXHIM,neither,0.03945320844208391,0.33037608806864915,0.630170703489267
gandsSCANLAN gandsSCANLAN gandsSCANLAN gandsSCANLAN gandsSCANLAN gandsSCANLAN gandsSCANLAN gandsSCANLAN,neither,0.03945320844208391,0.33037608806864915,0.630170703489267
REFRESH FOR ART,neither,0.03423199466188209,0.30429362477271343,0.6614743805654044
bring on the feels,neither,0.03543853747999265,0.3273604571814585,0.637201005338549
Woo! Let the awesome commence!,neither,0.027821977594669717,0.3413578791616778,0.6308201432436524
*dread*,neither,0.03945320844208391,0.33037608806864915,0.630170703489267
Aaahhh there is still no stream!!!,neither,0.04543999824618251,0.3150320316859482,0.6395279700678693
"Just wait until I get started, Slippydude ;-)",neither,0.03469285087712004,0.359001834985053,0.6063053141378268
#always refresh,neither,0.037574099108081654,0.3889261064215407,0.5734997944703777
Woo,neither,0.03945320844208391,0.33037608806864915,0.630170703489267
"bidet from Scranton, PA",neither,0.04069404815304118,0.30931579984010865,0.6499901520068502
REFRESH FOR ART,neither,0.03423199466188209,0.30429362477271343,0.6614743805654044
Bidet from South Carolina!!,neither,0.04043176250036363,0.31376747187705417,0.6458007656225822
I'm too drunk to keep up with chat.,neither,0.03253125875492976,0.4065750931137403,0.5608936481313298
Alpha is down and dead.. why the hell do I pay for this,offensive_language,0.032524118847748806,0.5317073842826436,0.4357684968696075
SCANLAN COME BACK,neither,0.036802781673112656,0.3753607474007651,0.5878364709261223
#Pray4Scanlan,neither,0.03945320844208391,0.33037608806864915,0.630170703489267
here waiting on Alpha to get online,neither,0.07704652823451241,0.3150267396763295,0.6079267320891582
"best rez fail scenario, Sam plays kaylee, and starts to seduce a gnome who turns out to be a half brother",neither,0.04312424014033374,0.34228930559958515,0.6145864542600811
BIDET FROM PHOENIX!!!!! :),neither,0.04066490145509902,0.30981049537100724,0.6495246031738937
bidet from Indiana!,neither,0.0408364874901429,0.30689823255244486,0.6522652799574122
BIdet from NZ,neither,0.04228451509352876,0.2823214250720796,0.6753940598343917
still not showing on the app,neither,0.03452748118976958,0.34490144832883013,0.6205710704814001
"Hi everybody! sbzyHoi Whose ready for Sam to roll a new character and seduce Scanlan's daughter? sbzyOmg sbzyNom sbzySwole If Sam isn't Scanlan anymore, sleeping with Kaylie won't be weird right? sbzySuure",neither,0.029785335436799433,0.3120621742127092,0.6581524903504913
#FIX HIM,neither,0.03928697709675111,0.333197467828188,0.627515555075061
damn antibiotics. i need a freakin drink to get through this or to have a proper wake and I can't. gah!,offensive_language,0.04881618323213109,0.5460792627844043,0.4051045539834646
Bidet from NoVA,neither,0.04228451509352876,0.2823214250720796,0.6753940598343917
Nevada I'm originally from there,neither,0.04017724480619405,0.2830456435186316,0.6767771116751743
I'm here,neither,0.22097653003277068,0.2221615150675793,0.55686195489965
Lok'tar,neither,0.03945320844208391,0.33037608806864915,0.630170703489267
#FIXHIM,neither,0.03945320844208391,0.33037608806864915,0.630170703489267
bidet from Critical Vapors in Vancouver Washington!,neither,0.040419823882947695,0.3139701013719113,0.645610074745141
Thx crew and mods for tonight enjoy the love all,neither,0.032001019397486855,0.31088377549354396,0.6571152051089693
g33kSalute g33kHugs,neither,0.03945320844208391,0.33037608806864915,0.630170703489267
REFRESH FOR ART,neither,0.03423199466188209,0.30429362477271343,0.6614743805654044
Hello Hoomans gandsLessthanthree gandsHooman,neither,0.03945320844208391,0.33037608806864915,0.630170703489267
svgHYPE svgHYPE svgHYPE svgHYPE svgHYPE,neither,0.03945320844208391,0.33037608806864915,0.630170703489267
Fan arrrrt,neither,0.03945320844208391,0.33037608806864915,0.630170703489267
omg @JunBerry,neither,0.03945320844208391,0.33037608806864915,0.630170703489267
Bidet from St. Kitts and Nevis! <3,neither,0.03970751448156556,0.25810042716446263,0.7021920583539719
This week has been the longest in my life jc,neither,0.02835425356026398,0.4221199802799003,0.5495257661598357
hello all,neither,0.04217753453783664,0.43734383323855475,0.5204786322236087
Working on my Keyleth embroidery tonight!,neither,0.02284336107554429,0.4088909627241778,0.568265676200278
"@GaeaCa, I know ;)",neither,0.03945320844208391,0.33037608806864915,0.630170703489267
(refresh stream),neither,0.03945320844208391,0.33037608806864915,0.630170703489267
nonsubs get ready for 5 hours of sub mode,neither,0.03492035997428144,0.3153882188929861,0.6496914211327325
HELLO EVERYONE,neither,0.03269494828970791,0.4450814005079928,0.5222236512022994
OH *** BABY,neither,0.04753725104348948,0.25494159976262926,0.6975211491938813
RIP ALPHA,neither,0.03945320844208391,0.33037608806864915,0.630170703489267
Bidet bitches!!!,offensive_language,1.8102608101511593e-05,0.9999818973918986,1.9545890535218035e-21
Bidet,neither,0.03945320844208391,0.33037608806864915,0.630170703489267
pretty art !!!,neither,0.03945320844208391,0.33037608806864915,0.630170703489267
New adventure hype PogChamp,neither,0.04262922176432492,0.2515401437535959,0.7058306344820792
Let's get a wall of gandsSCANLAN gandsSCANLAN gandsSCANLAN going,neither,0.023413205195166736,0.3971875089641501,0.5793992858406832
bidet from Canada,neither,0.04071751644889743,0.3089174816120565,0.6503650019390461
Aah so sudden,neither,0.03940827504796058,0.3907476739789251,0.5698440509731143
"bidet from buffalo, NY",neither,0.04043211762049359,0.3137614445616591,0.6458064378178473
Bidet from Connecticutttt,neither,0.04228451509352876,0.2823214250720796,0.6753940598343917
REFRESH SCANLAN!!!,neither,0.03945320844208391,0.33037608806864915,0.630170703489267
Got my SOCKS MACHINA in the mail today!,neither,0.028048247026302073,0.4004785521048317,0.5714732008688662
"Oh, thanks editors.",neither,0.0434491640266289,0.2380673145074624,0.7184835214659085
Bidet!!,neither,0.03945320844208391,0.33037608806864915,0.630170703489267
@G33kGrrly_Gaming Nice loyalty badge.,neither,0.03945320844208391,0.33037608806864915,0.630170703489267
"@SpeedDemonStar, sorry :)",neither,0.03945320844208391,0.33037608806864915,0.630170703489267
bidet from LA,neither,0.04094187055022747,0.3051096069949388,0.6539485224548338
gandsSCANLAN gandsSCANLAN gandsSCANLAN gandsSCANLAN gandsSCANLAN gandsSCANLAN gandsSCANLAN gandsSCANLAN gandsSCANLAN gandsSCANLAN,neither,0.03945320844208391,0.33037608806864915,0.630170703489267
#savescanlan,neither,0.03945320844208391,0.33037608806864915,0.630170703489267
9months whoop,neither,0.03945320844208391,0.33037608806864915,0.630170703489267
What did I miss??,neither,0.03686804772469507,0.32860615125000875,0.6345258010252961
art now thanks,neither,0.03727550755647612,0.31214030122188663,0.6505841912216372
hi,neither,0.03945320844208391,0.33037608806864915,0.630170703489267
I AM SO REFRESHED! LOOK ART!,neither,0.04105813105783272,0.3764174129101309,0.5825244560320364
@arthurrex12 refresh...it should come back,neither,0.04740693144406276,0.3888264557044668,0.5637666128514704
guys scanlan is fine he is *** angels by now probably took a pass at the raven queen,neither,0.04988676703257171,0.36345823162615637,0.586655001341272
FIX HIM,neither,0.03928697709675111,0.333197467828188,0.627515555075061
Bidet from ANTARCTICA,neither,0.04228451509352876,0.2823214250720796,0.6753940598343917
that door tho,neither,0.03029742321885142,0.392912304696659,0.5767902720844895
FIX HIM,neither,0.03928697709675111,0.333197467828188,0.627515555075061
Bidet! from Indiana!,neither,0.0408364874901429,0.30689823255244486,0.6522652799574122
hold onto your butts,neither,0.0643244513512558,0.32347677869722263,0.6121987699515216
"Bidet from (unfortunately) North Carolina! SAVE THE GNOME, SAVE THE WORLD!!!!! gandsSCANLAN gandsSCANLAN gandsSCANLAN gandsSCANLAN gandsSCANLAN gandsSCANLAN gandsSCANLAN",neither,0.03906310888042025,0.30435493262431806,0.6565819584952618
"bidet and beep beep from North Bend, Oregon!!",neither,0.03959060121559207,0.28717968882077827,0.6732297099636297
I was so scared there wasn't Critical role tonight,neither,0.03748215262821464,0.3169404722603482,0.6455773751114372
Bidet Critworld,neither,0.03945320844208391,0.33037608806864915,0.630170703489267
Ladytwinkletoes refresh,neither,0.03945320844208391,0.33037608806864915,0.630170703489267
Bidet from WY,neither,0.04062582848913359,0.31047366557575606,0.6489005059351104
"its live, refresh if it isnt for you",neither,0.029010680809296634,0.37729660396746545,0.5936927152232379
FIX HIM,neither,0.03928697709675111,0.333197467828188,0.627515555075061
I've never been this tense over a show before,neither,0.024036837368073296,0.34374011338503385,0.6322230492468928
b edit from West Chester PA,neither,0.04025845309813426,0.3167089847343843,0.6430325621674814
the episode hasnt even started yet and this is too much...,neither,0.039983377037903944,0.3051589572119499,0.654857665750146
galacticHYPE !!!!!,neither,0.03945320844208391,0.33037608806864915,0.630170703489267
Bidet from Kansas!,neither,0.04071751644889743,0.3089174816120565,0.6503650019390461
there it is,neither,0.051988479486451335,0.2532541473775745,0.6947573731359742
bidet from florida,neither,0.0408948396164547,0.30590784468201904,0.6531973157015263
Bidet and Beep Beep from OHIO!! gandsSCANLAN gandsSCANLAN gandsSCANLAN,neither,0.039681603862927066,0.26414184792613987,0.6961765482109331
gandsSCANLAN gandsSCANLAN gandsSCANLAN,neither,0.03945320844208391,0.33037608806864915,0.630170703489267
Bidet Critters! #FIXHIM,neither,0.03945320844208391,0.33037608806864915,0.630170703489267
ooh fan art.,neither,0.03945320844208391,0.33037608806864915,0.630170703489267
2 mins ish left last chance,neither,0.03945320844208391,0.33037608806864915,0.630170703489267
#pantsoffforScanlan gandsSCANLAN gandsSCANLAN gandsSCANLAN,neither,0.03945320844208391,0.33037608806864915,0.630170703489267
"Danoba, it is kind of swanky, innit?",neither,0.04856777591232122,0.32724117036165146,0.6241910537260275
"Kaylie (Scanlan's daughter) is going to need love in her life someday. sbzyZen Sam can find her that partner by rerolling a sexy new boytoy to seduce her with. That won't be weird, right? sbzyOmg sbzyNom sbzySuure",offensive_language,0.030062037484941205,0.602272310822528,0.3676656516925308
bidet from pa,neither,0.04069404815304118,0.30931579984010865,0.6499901520068502
Bidet from poland,neither,0.04228451509352876,0.2823214250720796,0.6753940598343917
GIF THAT,neither,0.03486124774340957,0.38047850944979694,0.5846602428067935
"Oh hey look, its live!",neither,0.04419073086555097,0.28210397884491895,0.6737052902895301
gandsGandsPoo gandsGandsPoo gandsGandsPoo gandsGandsPoo gandsGandsPoo gandsGandsPoo gandsGandsPoo,neither,0.03945320844208391,0.33037608806864915,0.630170703489267
is there no more CritRole tonight?,neither,0.04725590389606929,0.26634146134695946,0.6864026347569713
beep beep and bidet from Lordaeron!!,neither,0.03993872663407561,0.2110020514151397,0.7490592219507847
FIX HIM,neither,0.03928697709675111,0.333197467828188,0.627515555075061
if scanlan dies grog can satisfy his daughter #BadMentalImage,neither,0.040153039092479116,0.3690789449823971,0.5907680159251238
My guess is that if they were to use True Ressurection then Matt would do something like lower the DC by 5 or something. Otherwise there would be almost no point in using it.,neither,0.022344425452725778,0.44325536345359884,0.5344002110936754
REFRESH FOR FAN ART,neither,0.034771637128892204,0.3069844656162302,0.6582438972548776
BibleThump,neither,0.03945320844208391,0.33037608806864915,0.630170703489267
Bidet,neither,0.03945320844208391,0.33037608806864915,0.630170703489267
"bidet, from RVA",neither,0.04228451509352876,0.2823214250720796,0.6753940598343917
"Crit Role starts in a few minutes, not until after 10 EST.",neither,0.03863623950366952,0.3334302684831694,0.627933492013161
#BardsNeverDie,neither,0.03945320844208391,0.33037608806864915,0.630170703489267
yo,offensive_language,0.04010381111145228,0.5271105317972344,0.4327856570913131
FIX HIM!,neither,0.03928697709675111,0.333197467828188,0.627515555075061
I love how Ashley Johnson references critical role in blindspot,neither,0.037616542340887855,0.33884208398495164,0.6235413736741604
Thank God it's Thursday.........,neither,0.03769107719874306,0.33760463988444095,0.6247042829168159
gandsDrink FIX gandsSCANLAN,neither,0.03945320844208391,0.33037608806864915,0.630170703489267
Oh thank goodness it's Thursday. bidet from uk,neither,0.042335492443788335,0.2898552984541334,0.6678092091020783
gandsSCANLAN gandsSCANLAN gandsSCANLAN gandsSCANLAN gandsSCANLAN gandsSCANLAN,neither,0.03945320844208391,0.33037608806864915,0.630170703489267
"@GaeaCa, no prob (my trolling worked lol)",neither,0.026232071581946566,0.43978150941884714,0.5339864189992062
No,neither,0.036918905254960256,0.37338982715841207,0.5896912675866277
the whole episode is them trying to get past a door to reach Scanlan's body,neither,0.06176976969240502,0.3144320242099124,0.6237982060976826
Bidet from Charlotte NC!,neither,0.040371808140217125,0.31478505383715205,0.6448431380226308
yay just subscribed!!!!,neither,0.03385382169014356,0.35707996827140936,0.6090662100384471
NO,neither,0.036918905254960256,0.37338982715841207,0.5896912675866277
If you Refresh if it says offline.,neither,0.02132355563635943,0.45984925750707245,0.518827186856568
YOO,neither,0.03945320844208391,0.33037608806864915,0.630170703489267
"Be Pleased, One and All!",neither,0.03975402753774053,0.39642073684299706,0.5638252356192623
@G33kGrrly_Gaming Real swanky indeed.,neither,0.03158668182198637,0.4706441866437403,0.49776913153427327
FIX HIM,neither,0.03928697709675111,0.333197467828188,0.627515555075061
r.i.p. scanlan,neither,0.03945320844208391,0.33037608806864915,0.630170703489267
i am hopeful for the bard,neither,0.03285867548009295,0.2878943017570516,0.6792470227628554
"@SpeedDemonStar, :P",neither,0.03945320844208391,0.33037608806864915,0.630170703489267
2 minutes,neither,0.03945320844208391,0.33037608806864915,0.630170703489267
Bidet from the bathroom!,neither,0.03961014996742805,0.2899881180949127,0.6704017319376592
"Bidet, from Pennsylvania",neither,0.04069404815304118,0.30931579984010865,0.6499901520068502
buTT!!!,neither,0.04895097686417551,0.40990917803974275,0.5411398450960817
"justcallmedylon, oh hey! Bidet from Portland, Oregon!",neither,0.04415918482031713,0.2795341827064673,0.6763066324732154
FIX HIM!,neither,0.03928697709675111,0.333197467828188,0.627515555075061
bidet from Greece,neither,0.04062582848913359,0.31047366557575606,0.6489005059351104
"NO, NO",neither,0.036918905254960256,0.37338982715841207,0.5896912675866277
gandsSCANLAN gandsSCANLAN gandsSCANLAN gandsSCANLAN gandsSCANLAN gandsSCANLAN gandsSCANLAN gandsSCANLAN,neither,0.03945320844208391,0.33037608806864915,0.630170703489267
2 minutes,neither,0.03945320844208391,0.33037608806864915,0.630170703489267
I have alcohol close by. BibleThump,neither,0.04006721635035459,0.38303909822065346,0.576893685428992
His name was scanlan shorthalt.,neither,0.08213037706404068,0.3345057450463195,0.5833638778896396
i hope they do the same when percy died the first time. where he'll come based on what was said in the ressurection ritual,neither,0.04749521198012907,0.2942704423019706,0.6582343457179002
Bidet from Wisconsin,neither,0.04071751644889743,0.3089174816120565,0.6503650019390461
gandsSCANLAN gandsSCANLAN gandsSCANLAN gandsSCANLAN gandsSCANLAN gandsSCANLAN gandsSCANLAN gandsSCANLAN gandsSCANLAN gandsSCANLAN,neither,0.03945320844208391,0.33037608806864915,0.630170703489267
Any critter meetups st Portland Wizzard World?,neither,0.03945320844208391,0.33037608806864915,0.630170703489267
Bidet from Illinois,neither,0.04069404815304118,0.30931579984010865,0.6499901520068502
bidet from Anniston Alabama,neither,0.04078317879478948,0.307803020237201,0.6514138009680096
Oh thank goodness,neither,0.04406121296508846,0.2891677181657149,0.6667710688691967
Bidet,neither,0.03945320844208391,0.33037608806864915,0.630170703489267
finally,neither,0.03945320844208391,0.33037608806864915,0.630170703489267
gandsNatTwenty gandsNatTwenty gandsNatTwenty gandsNatTwenty gandsNatTwenty,neither,0.03945320844208391,0.33037608806864915,0.630170703489267
bidet from Texas,neither,0.040937266849991,0.30518774380265185,0.6538749893473571
lol 5 dollars a month so alpha can not work,neither,0.033266360723750325,0.4020319632576706,0.5647016760185791
#FIXHIM,neither,0.03945320844208391,0.33037608806864915,0.630170703489267
Fix HIM,neither,0.03928697709675111,0.333197467828188,0.627515555075061
oh gods... fix him,neither,0.0449006452913382,0.2796294698195655,0.6754698848890964
"I mean, technically Scanlan isn't the one who needs your luck...Pike is! Good luck Pike!",neither,0.05844357565155004,0.36547751034725323,0.5760789140011968
gandsSCANLAN gandsSCANLAN gandsSCANLAN gandsSCANLAN,neither,0.03945320844208391,0.33037608806864915,0.630170703489267
gandsSCANLAN gandsSCANLAN,neither,0.03945320844208391,0.33037608806864915,0.630170703489267
Fix Him,neither,0.03928697709675111,0.333197467828188,0.627515555075061
The butt flap!!,neither,0.04579605810261618,0.36750949372678965,0.5866944481705941
texas here,neither,0.11413007609617151,0.2757115459036424,0.610158378000186
bidet from netherlands btw,neither,0.04041758291270955,0.31400813648531894,0.6455742806019715
"Bidet from Biloxi, MS",neither,0.040769555981420263,0.3080342349327864,0.6511962090857933
Yes,neither,0.03945320844208391,0.33037608806864915,0.630170703489267
"Ok, again, Bidet from Lancaster, PA. Had to refresh to get prestream art show",neither,0.05435179886813261,0.2985753368555165,0.6470728642763508
Here we go gandsSCANLAN gandsSCANLAN gandsSCANLAN gandsSCANLAN gandsSCANLAN gandsSCANLAN gandsCrit gandsCrit gandsCrit gandsCrit,neither,0.13156755280784707,0.2765461283225309,0.5918863188696221
Evening everyone from Fort Worth tx,neither,0.03568101009350736,0.39440013869720153,0.5699188512092911
bidet from Lawrence KS,neither,0.04069404815304118,0.30931579984010865,0.6499901520068502
Bidet from FL,neither,0.04066490145509902,0.30981049537100724,0.6495246031738937
toilet,neither,0.03945320844208391,0.33037608806864915,0.630170703489267
Bidet. Let's hope Miracle Max can fix Scanlan up.,neither,0.0454675319327583,0.30591869218655554,0.6486137758806861
Bidet,neither,0.03945320844208391,0.33037608806864915,0.630170703489267
don't think of it as scanlan dieng think of him reincarnating in a new hero,neither,0.0402003275277507,0.28214676476114353,0.6776529077111058
3 months of watching back-log. Just finished ep83 this afternoon! First time watching Live!,neither,0.035181723505050624,0.3514711202560985,0.6133471562388509
Bidet from Australia!,neither,0.04062582848913359,0.31047366557575606,0.6489005059351104
lindsBeer lindsBeer,neither,0.03945320844208391,0.33037608806864915,0.630170703489267
Morning from the UK,neither,0.04705955606034625,0.16287965855453254,0.7900607853851213
I hope Ashley is there.,neither,0.08955361153041148,0.1813032052540831,0.7291431832155053
Bidet all.,offensive_language,0.046917543854519406,0.6277741405869331,0.3253083155585475
Fix him!,neither,0.03928697709675111,0.333197467828188,0.627515555075061
Bidet from New Jersey,neither,0.04458029923653559,0.209841401288464,0.7455782994750004
Bidet from Michigan y'all,neither,0.04311124204026964,0.3958070657996109,0.5610816921601195
SCANLAN!!!,neither,0.03945320844208391,0.33037608806864915,0.630170703489267
Bidet from Charlotte NC as well!,neither,0.03871122207926509,0.3429695330757851,0.6183192448449499
Bidet from Canada!,neither,0.04071751644889743,0.3089174816120565,0.6503650019390461
have i missed anything?,neither,0.038855479447229585,0.3405211090596974,0.620623411493073
i'm drinking already,neither,0.038151748886896694,0.3524652532589585,0.6093829978541448
"@GaeaCa, <3 you",offensive_language,0.21217306638279385,0.6099082758190073,0.17791865779819876
no fix,neither,0.03838080009002885,0.3485776565658,0.6130415433441712
bidet from OR,neither,0.04147775179570021,0.2960143037206597,0.66250794448364
hugs anyone who needs one,neither,0.039228026699409356,0.4140720343398194,0.5466999389607713
bidet from phoenix,neither,0.04066490145509902,0.30981049537100724,0.6495246031738937
Alpha is *** LUL,neither,0.04662910633492473,0.32790796772817965,0.6254629259368957
beep beep bidet,neither,0.03945320844208391,0.33037608806864915,0.630170703489267
oh man. how did i ever forget Percy's buttflap pjs!,neither,0.04289557236630837,0.33799424845365933,0.6191101791800324
Bidet from Denver!,neither,0.04069404815304118,0.30931579984010865,0.6499901520068502
Wooo1,neither,0.03945320844208391,0.33037608806864915,0.630170703489267
press F to FIXHIM!!!,neither,0.049148314807762446,0.3247843029563336,0.6260673822359039
alright who gas their tissue boxxes nearby.,neither,0.03990725959319567,0.37884541643440406,0.5812473239724003
Bidet from Hawaii gandsLessthanthree,neither,0.04062582848913359,0.31047366557575606,0.6489005059351104
"@SpeedDemonStar, <3",neither,0.03945320844208391,0.33037608806864915,0.630170703489267
Bidet all,offensive_language,0.046917543854519406,0.6277741405869331,0.3253083155585475
new character,neither,0.04379742455737696,0.22103248281023463,0.7351700926323884
bidet fellow critters,neither,0.03945320844208391,0.33037608806864915,0.630170703489267
<3,neither,0.03945320844208391,0.33037608806864915,0.630170703489267
