text,top_class,hate_speech,offensive_language,neither
"bidet critter peeps, first time in a while watching live Talks Machina :) /",neither,0.03659377272018121,0.34424402551662797,0.6191622017631907
"I think I'll hold off on buying another one, then xD",neither,0.06997319251222336,0.30251135321832506,0.6275154542694515
lol,neither,0.020706217963973744,0.4882283491876925,0.4910654328483337
Seems right Chovexani xD,neither,0.03823949309672596,0.3540459682681389,0.6077145386351352
"""Every day I grow more powerful""",neither,0.04317042820554193,0.304177297560266,0.652652274234192
wot,neither,0.03945320844208391,0.33037608806864915,0.630170703489267
playing fable 3 while i wait,neither,0.03945320844208391,0.33037608806864915,0.630170703489267
:3 @AlexBelethe,neither,0.03945320844208391,0.33037608806864915,0.630170703489267
I Would Like To RAGE !!!!,neither,0.059469071796770086,0.33594055101469567,0.6045903771885341
Oh no!,neither,0.04751210705993949,0.26629718932274826,0.6861907036173122
show yourself denise O>O,neither,0.062095960703273424,0.22639529076980183,0.7115087485269248
Hi denise!,neither,0.03945320844208391,0.33037608806864915,0.630170703489267
"Help G&S make great content! $4.99/month gets you emotes, Minecraft server access, Sub Only Q&As, VODs, and more! Every sub keeps the channel alive! twitch.tv/geekandsundry/subscribe",neither,0.043092924924402844,0.32365565443818894,0.6332514206374082
when does this air?,offensive_language,0.018971930016303856,0.4968879181677894,0.4841401518159068
TALKS MACHINA SIMULCAST wheniscriticalrole.com/talksmachina,neither,0.03945320844208391,0.33037608806864915,0.630170703489267
Every day WHO grows more powerful?! Is that you Denise?!,neither,0.05696616593978855,0.4218138759789973,0.5212199580812144
lol love the mesage,neither,0.021982232097336237,0.418191808524518,0.5598259593781458
!clock,neither,0.03945320844208391,0.33037608806864915,0.630170703489267
It is currently 6:34 PM at the Geek & Sundry studio in California.,neither,0.051991185132496114,0.32955794337183575,0.6184508714956681
thank you!,neither,0.07325166854587051,0.43632638485078484,0.49042194660334476
DENISE must be stopped >L,neither,0.04103090839865764,0.3168401245828668,0.6421289670184755
bidet.,neither,0.03945320844208391,0.33037608806864915,0.630170703489267
woot resubed!,neither,0.03945320844208391,0.33037608806864915,0.630170703489267
first time catching talks machina live but wanted to catch back up to critroll first,neither,0.036567121068294295,0.3726211882562639,0.5908116906754419
but still green icon...,neither,0.03675801816960667,0.3291342507617108,0.6341077310686826
Welcome @Purpledragon_jon !,neither,0.03945320844208391,0.33037608806864915,0.630170703489267
no one here? wtf?,offensive_language,0.10792367953163243,0.6108121244972509,0.2812641959711167
Heeeey ppl!,neither,0.03945320844208391,0.33037608806864915,0.630170703489267
@DEATHlikescats The icons have been borked for a while.,neither,0.031153429366235004,0.2975993014071676,0.6712472692265974
best chair stream on twitch,neither,0.03697264475095856,0.3342852382047393,0.628742117044302
thank you and bidet,neither,0.0661386321275064,0.343266437010712,0.5905949308617817
not time yet,neither,0.03622261857159857,0.36287892578799436,0.6008984556404072
just us potatoes,neither,0.07620497467785178,0.34500996577957244,0.5787850595425758
@DEATHlikescats should be the bronze icon at 3 months :),neither,0.048546403224364196,0.3696677817831921,0.5817858149924438
"dear mods, can we please get those lovely Donkey Kong Country remix songs to play while we wait, like you had a couple weeks ago?",neither,0.0676716238131397,0.3257108313003692,0.606617544886491
gandsGandSDenise Denise is reaching the breaking point!,neither,0.04534492410749006,0.3148060180602257,0.6398490578322842
bidet,neither,0.03945320844208391,0.33037608806864915,0.630170703489267
WAS THAT DENISE?!,neither,0.030667155429851628,0.4292504569866666,0.5400823875834818
Did we just see her face?,offensive_language,0.026668427733962188,0.5731266058757118,0.40020496639032604
gandsGandSDenise gandsGandSDenise,neither,0.03945320844208391,0.33037608806864915,0.630170703489267
nom nom nom,neither,0.03945320844208391,0.33037608806864915,0.630170703489267
That's not Denise. She knows not to appear on stream.,neither,0.03811609048725955,0.42757696930986877,0.5343069402028716
ooh yes some music would be nice!,neither,0.033034693981441425,0.3397946666063666,0.6271706394121919
Is she truly real?,offensive_language,0.04155494407627797,0.5625791077275719,0.39586594819615006
gandsGandSDenise,neither,0.03945320844208391,0.33037608806864915,0.630170703489267
Anyone else cry tears of joy after the last episode?,neither,0.03892483874214028,0.32080551538511165,0.640269645872748
This is a literal picture of Denise's head gandsGandSDenise,neither,0.04660269335875775,0.3601686876424145,0.5932286189988278
"@BrianWFoster If you're not careful, Denise will break containment",neither,0.048519046806128,0.37862828119273906,0.5728526720011329
Bidet All going to be great for everyone,neither,0.032680657548534074,0.4474782200433627,0.5198411224081033
"Who is it then, BrianWFoster ? Can you prove that it isn't Denise?",neither,0.05390383651824187,0.44981541060395175,0.4962807528778064
"yes, for sure",neither,0.026735703320976075,0.4466336091563518,0.5266306875226721
That's Amondine. She does our cameras!,offensive_language,0.025954944769312555,0.5321036861833689,0.4419413690473186
"@BrianWFoster, you tyrant",offensive_language,0.21217306638279385,0.6099082758190073,0.17791865779819876
what do you mean after,neither,0.07323038333211053,0.38168402144973784,0.5450855952181516
yeah I was crying during,neither,0.024196175166024618,0.4369198766047928,0.5388839482291825
Brian shouldn't you be doing... something?,neither,0.05402649151389982,0.3743765778281823,0.5715969306579177
@brianwfoster hey brain,neither,0.03945320844208391,0.33037608806864915,0.630170703489267
"Watch Mondays Robot Teammate Episode for more of Amondine, a farewell in fact",neither,0.03983086908568082,0.3093010801944341,0.6508680507198851
amondine is a cool name,neither,0.05072489881295018,0.32649923687995475,0.622775864307095
Every day you grow more powerful? DO YOU THO?,neither,0.06863355083454958,0.38488944020320653,0.5464770089622438
Thank you Denise our mighty overlord,neither,0.05399139264013569,0.3794681421281265,0.5665404652317377
who are the guests this week?,neither,0.07397647338066947,0.3311731695082391,0.5948503571110914
Well during.... before.... after.... hell pretty much leading up to it I was a mess,offensive_language,0.037398238351647684,0.6210168750763368,0.34158488657201547
"@BrianWFoster ""That's Amondine. She does our cameras!"" Yeah, sure.... You can't write that sentence without the letters DENISE. I'm onto you.",offensive_language,0.03184487140385906,0.5795086027519221,0.3886465258442188
brian is doing something hes looking pretty,neither,0.04528574502337078,0.3283700112838654,0.6263442436927638
Hey everyone whos are the guests today?,neither,0.051212542229741816,0.34942544205789833,0.5993620157123599
Hi Amondine then :D,neither,0.03945320844208391,0.33037608806864915,0.630170703489267
"@Arborhawk matt, liam, travis, sam",neither,0.03945320844208391,0.33037608806864915,0.630170703489267
the boys are back in town,neither,0.06448406864595943,0.26952391757503225,0.6659920137790084
Hi Amondine! Good camera work!,neither,0.03886576911277521,0.33057813539138275,0.6305560954958419
Nice! Thanks,neither,0.03675346094209043,0.30776875008420385,0.6554777889737058
Oh no Denise is the new overlord?,neither,0.06083730636158726,0.15944282947373747,0.7797198641646752
new?,neither,0.04660400397451208,0.1401930676750457,0.8132029283504423
I just yell at people and drink booze,neither,0.05350626590955395,0.331621030044166,0.6148727040462801
It's always been Denise,neither,0.03442088577109101,0.42014705677364095,0.545432057455268
Sausage Party,neither,0.03945320844208391,0.33037608806864915,0.630170703489267
how dare you,neither,0.06465733614858642,0.39927395277789374,0.5360687110735198
@BrianWFoster Sounds like a management role.,neither,0.04810649468744108,0.3431398109139212,0.6087536943986378
MATT!!!,neither,0.03945320844208391,0.33037608806864915,0.630170703489267
Hi waving hand :D,neither,0.03945320844208391,0.33037608806864915,0.630170703489267
BrianWFoster - and dance in front of their windows,neither,0.03882303049290887,0.2991629346630774,0.6620140348440138
What does the sign say?,neither,0.029292475017209368,0.43689775224724126,0.5338097727355495
@brianwfoster don't we all,neither,0.042755974101260856,0.47658951728414134,0.48065450861459785
Darth Mercer has arrived,neither,0.03979112331420979,0.32464079080113084,0.6355680858846594
@BrianWFoster and berate Glenn,neither,0.03857111107789432,0.2851340175310554,0.6762948713910502
best job ever,neither,0.03838916320974256,0.3214659102841205,0.640144926506137
Thank you :),neither,0.07325166854587051,0.43632638485078484,0.49042194660334476
The sign says: Every Day I Grow More Powerful,neither,0.041828315329347644,0.29827975376162374,0.6598919309090286
Is that from Denise??,neither,0.049612290253540706,0.3696714639548608,0.5807162457915985
"""Eery day I grow more powerful."" Even laundry days?",neither,0.04150964928515895,0.3209435626675786,0.6375467880472625
@brianwfoster you have Sully right?,offensive_language,0.07003460139198514,0.4756553909672358,0.4543100076407791
"""Every day I grow more powerful""",neither,0.04317042820554193,0.304177297560266,0.652652274234192
any Denise sightings?,neither,0.03945320844208391,0.33037608806864915,0.630170703489267
#savedenise,neither,0.03945320844208391,0.33037608806864915,0.630170703489267
Booze? I thought it was water.,neither,0.040794095733166356,0.24901824104112696,0.7101876632257067
Matt's beautiful hair silhouette,neither,0.03945320844208391,0.33037608806864915,0.630170703489267
We wanna see Denise,neither,0.039227350892117506,0.33420948013281415,0.6265631689750683
"@BrianWFoster What if I told you, Glenn is your twin?",neither,0.0694664199131949,0.3958278299073003,0.5347057501795048
@brianwfoster are u worried that you made @denisebrr too powerful? ?,neither,0.07333317833786096,0.36687859783284293,0.5597882238292962
Is that Denise behind the chairs on the right?,neither,0.037738994589186274,0.3694074687214157,0.5928535366893981
Vodka is water in russian ;3,neither,0.046051533363148864,0.32810662155813,0.6258418450787211
who's it today?,neither,0.03569562473542073,0.3909413258637519,0.5733630494008274
every day I grow more powerful is an anagram,neither,0.049842696031576504,0.299650106617742,0.6505071973506814
@BrianWFoster is your D&D game a weekly game?,neither,0.08269041554428602,0.23837300648198878,0.6789365779737252
I imagine a line on the floor that Denise is not allowed to cross,neither,0.042657740407811715,0.35299161508653015,0.604350644505658
"Um, is there no sound or is it just me? o_o",neither,0.03981158237355495,0.35021413223844744,0.6099742853879976
@sandbagger3 no its Amandine,neither,0.027940763124904927,0.3597873177327292,0.6122719191423658
Denise is right there in plain sight....She trained in the most secret of ninja academies after all.,neither,0.04385467713297997,0.38302035519833616,0.5731249676686838
same,neither,0.04148851938089603,0.3488915597363099,0.609619920882794
no sounds,neither,0.038228578188551604,0.35116125950137517,0.6106101623100733
"if Denise is artificial she will comply with one of 2 laws - she will either be obsolete in 5 year, or double in power in 1 ...",neither,0.031200341027629457,0.44625307897904665,0.5225465799933238
Thank you,neither,0.07325166854587051,0.43632638485078484,0.49042194660334476
no sound for me,neither,0.02401300301727229,0.35929458981399426,0.6166924071687335
gandsFail gandsSubHype gandsGandsPoo,neither,0.03945320844208391,0.33037608806864915,0.630170703489267
"@BrianWFoster, the moment SNL was talking about Glen in the Spicer sketch, I immediately thought of you and if you approved of that or not",neither,0.03999613433208532,0.3487112224497069,0.6112926432182078
@praise_the_goddess hasn't started yet. Audio will come then. :),neither,0.039334156789689705,0.33239670530983306,0.6282691379004771
@praise_the_goddess You had a stroke. Just you. :p,offensive_language,0.07333747888155304,0.46500762438912757,0.4616548967293194
"there is no sound. Although, some of those lovely Donkey Kong Country remixes from a couple of weeks ago would be totally clutch... please",neither,0.04969638705404942,0.28940206031046156,0.660901552635489
Music?,neither,0.03945320844208391,0.33037608806864915,0.630170703489267
who have we seen that isn't Brian or matt? for guests?,neither,0.03287508272276172,0.38391584161689013,0.5832090756603481
gandsGandSDenise gandsGandSDenise gandsGandSDenise,neither,0.03945320844208391,0.33037608806864915,0.630170703489267
rowanthorn thanks :D,neither,0.035884468650613,0.3004919205142699,0.6636236108351171
"@BrianWFoster, Just means that someone on SNL likes #Critical Role :-p",neither,0.035482575467251774,0.4028835520817954,0.5616338724509529
Denise rises,neither,0.03945320844208391,0.33037608806864915,0.630170703489267
"pre show , no sound unless they hot mike it for a few moments, then it returns to silence. It's like a silent movie",neither,0.04832496782621451,0.28239436811460045,0.669280664059185
Matt's glorious locks are also a guest,neither,0.059855120717975,0.29363928702786835,0.6465055922541567
How long have they been setting up / streaming?,neither,0.036923430947266495,0.3741602448858591,0.5889163241668743
"on my planet, Glenn means hope",neither,0.05072407385071786,0.31779846866982236,0.6314774574794597
sweet,neither,0.03945320844208391,0.33037608806864915,0.630170703489267
also my mother's name is Denise,neither,0.03478246476756023,0.4120637939931179,0.5531537412393219
Is it nice on your planet?,neither,0.07856325735781565,0.3316070347406064,0.5898297079015781
those moves,neither,0.07186689619406073,0.24454044770309835,0.6835926561028409
welcome @Gayforcoldplay,neither,0.03945320844208391,0.33037608806864915,0.630170703489267
lol the dancing queen,neither,0.03144215586835501,0.3658725231906974,0.6026853209409476
hi denise!,neither,0.03945320844208391,0.33037608806864915,0.630170703489267
Hoping the sound comes on when it's showtime,neither,0.029900126759504334,0.36113608111448725,0.6089637921260084
"Nope, it blew up, and I'm allergic to shards of it",neither,0.039369155784091205,0.3348099631219017,0.6258208810940072
DE-NICE,neither,0.03945320844208391,0.33037608806864915,0.630170703489267
aww,neither,0.03945320844208391,0.33037608806864915,0.630170703489267
The sound will come on at show time,neither,0.046866759107270686,0.3015832567793678,0.6515499841133614
Look at brian getting all prepared. His carefree attitude is an act!,neither,0.05870071756828615,0.43991218649079306,0.5013870959409209
its really gotta suck to be alergic to your home planet,neither,0.093443292719953,0.3478001981249119,0.5587565091551351
I personally welcome our new overlord and master: Denise.,neither,0.04134374052566204,0.23930641136884853,0.7193498481054894
lol,neither,0.020706217963973744,0.4882283491876925,0.4910654328483337
lol,neither,0.020706217963973744,0.4882283491876925,0.4910654328483337
You earn 1 coin every minute while watching! Check your coins by typing !wallet and visit www.revlo.co/geekandsundry to see what you can do with them.,neither,0.07744423452440988,0.37269153353543766,0.5498642319401523
As do I @Purpledragon_jon,neither,0.038266090613006,0.39230525800415494,0.569428651382839
Don't even get me started Glenn,neither,0.032425235391393435,0.3818871719483139,0.5856875926602926
D.E.N.I.S.E*,neither,0.03945320844208391,0.33037608806864915,0.630170703489267
"time for a drink, who wants to join me?",neither,0.03315516103601767,0.39410701132622555,0.5727378276377567
We have a subscriber-only Discord server! Join here: https://t.co/Of0oLClO2v (you'll need to sub and link it to your Twitch) and be a part of the fun!,neither,0.09547053438395335,0.28230926502643855,0.6222202005896081
!wallet,neither,0.03945320844208391,0.33037608806864915,0.630170703489267
tigerradley has 1756 coins,neither,0.03989735448983053,0.32283777050957063,0.6372648750005988
Brain Fester,neither,0.03945320844208391,0.33037608806864915,0.630170703489267
!wallet,neither,0.03945320844208391,0.33037608806864915,0.630170703489267
garmdia has 251 coins,neither,0.03978108663330774,0.3248111394696886,0.6354077738970038
What is this,neither,0.07282678549990032,0.31792604547631814,0.6092471690237815
there's this bald dude who keeps shoving it in my face all the time,neither,0.03186108150255128,0.4350818981111508,0.533057020386298
what are you drinking @hungryhalfling,neither,0.1313392789487119,0.3163343201758047,0.5523264008754833
"Beep beep all, hope this will be a great Talks Machina tonight.",neither,0.06625304094171583,0.23563473840092353,0.6981122206573607
we know whos gonna be on tonight?,neither,0.034281885733178634,0.36461044543626425,0.6011076688305571
cant yet @hungryhalfling gotta go pick up youngest spawn in abit,neither,0.04045955329673624,0.33692322165319755,0.6226172250500663
Jack and Coke,neither,0.03866183201216611,0.2903294519260732,0.6710087160617606
!wallet,neither,0.03945320844208391,0.33037608806864915,0.630170703489267
!wallet,neither,0.03945320844208391,0.33037608806864915,0.630170703489267
!wallet,neither,0.03945320844208391,0.33037608806864915,0.630170703489267
soulclaimer42 has 4685 coins,neither,0.03989735448983053,0.32283777050957063,0.6372648750005988
superboydrew has 18256 coins,neither,0.03989735448983053,0.32283777050957063,0.6372648750005988
darkorgin has 1973 coins,neither,0.03989735448983053,0.32283777050957063,0.6372648750005988
!wallet,neither,0.03945320844208391,0.33037608806864915,0.630170703489267
fenrir1901 has 4460 coins,neither,0.03989735448983053,0.32283777050957063,0.6372648750005988
Braaaains,neither,0.03945320844208391,0.33037608806864915,0.630170703489267
"Glenn is the enemy of all mankind // The thought of Glenn blows my mind // Glenn has caused unrest, within the younger generation // Induction, then destruction. Who wants to die? // Glenn (good god y'all) What is he good for?",neither,0.06609728235671795,0.29942158645716477,0.6344811311861173
!wallet,neither,0.03945320844208391,0.33037608806864915,0.630170703489267
hqueso has 1191 coins,neither,0.03989735448983053,0.32283777050957063,0.6372648750005988
Gonna be good to hear my boy Sam again,neither,0.03297429086796389,0.4511542190045059,0.5158714901275303
Missed him last week,neither,0.039323215445166565,0.3325824084810246,0.6280943760738088
