text,top_class,hate_speech,offensive_language,neither
They are going to milwaukee next week?,neither,0.06422791280802927,0.3225131707878401,0.6132589164041307
dont forget they gave armo they still need to pick up in vaslehiim,neither,0.04404586615898004,0.3207227444702853,0.6352313893707348
Beddae,neither,0.03945320844208391,0.33037608806864915,0.630170703489267
"Bidet from Portland, Oregon",neither,0.040371808140217125,0.31478505383715205,0.6448431380226308
oh god that scanlan art,neither,0.04058532601106681,0.3224832997672563,0.636931374221677
@humar_31 beep beep,neither,0.03945320844208391,0.33037608806864915,0.630170703489267
!wallet,neither,0.03945320844208391,0.33037608806864915,0.630170703489267
humar_31 has 2977 coins,neither,0.03989735448983053,0.32283777050957063,0.6372648750005988
beep beep from Colorado,neither,0.04066490145509902,0.30981049537100724,0.6495246031738937
has it started?,neither,0.03811731409371998,0.32206737589053,0.63981531001575
Bidet from Indiana,neither,0.0408364874901429,0.30689823255244486,0.6522652799574122
can grog even one vs one him!? x),neither,0.03732186849708604,0.3950429570179014,0.5676351744850126
"why do they pull the stream down between shows, it seems like they don't want to maintain viewers",neither,0.04078964791101313,0.3334452836397529,0.625765068449234
It's Thursday......is it 7:00 yet????,neither,0.043275942002596386,0.32906127470343816,0.6276627832939654
!wallet,neither,0.03945320844208391,0.33037608806864915,0.630170703489267
tc_notsolis has 7971 coins,neither,0.03989735448983053,0.32283777050957063,0.6372648750005988
in a real fight grog would loose just due to quivering palm but groon is a teacher not a murderer,neither,0.03759984679027172,0.40355954608183153,0.5588406071278967
sound?,neither,0.03945320844208391,0.33037608806864915,0.630170703489267
I encourage Victor!,neither,0.03945320844208391,0.33037608806864915,0.630170703489267
did grog permanently lose his titanstone knuckles from scanlans revival ritual?,neither,0.05751807174551698,0.3197650028734226,0.6227169253810605
Does anyone have an invite to the Non-Sub Discord for Critical Role? there was one a LONG time ago and I don't have a link to it..,neither,0.033587892205353596,0.35783136233740376,0.6085807454572427
@garewal its possible,neither,0.032215963642229374,0.33286530842354006,0.6349187279342305
so excited!!!!,neither,0.03940839469474773,0.3948270312238364,0.565764574081416
ITS TODAY ITS TODAY,neither,0.028721755728129256,0.29994395050544354,0.6713342937664273
@sterries pm me if you want details.,neither,0.029273732571711363,0.4446304646920693,0.5260958027362195
"Bidet from Portland, OR OpieOP /",neither,0.040570124267008914,0.3114191116016469,0.6480107641313441
@jpcguy89 Thank you I'll definitely have to look into that,neither,0.05655893251494929,0.41246879357650257,0.5309722739085482
Sweet,neither,0.03945320844208391,0.33037608806864915,0.630170703489267
"is there no sound, or just me?",neither,0.0340722447301303,0.35872882396546474,0.607198931304405
"NonDripHelmet, to break it for vods",neither,0.03781146039160981,0.2872954019081022,0.674893137700288
!wallet,neither,0.03945320844208391,0.33037608806864915,0.630170703489267
Am I the only one without sound?,neither,0.03764845132380432,0.3442179292873824,0.6181336193888134
shoguncawwilliamcaw has 5141 coins,neither,0.03989735448983053,0.32283777050957063,0.6372648750005988
On my way to my campus,offensive_language,0.07599759041826165,0.4656081218745274,0.45839428770721097
maybe pike will keep healing grog,neither,0.041227827175891504,0.3002561767700958,0.6585159960540127
!wallet,neither,0.03945320844208391,0.33037608806864915,0.630170703489267
hirumasummata has 82 coins,neither,0.03989735448983053,0.32283777050957063,0.6372648750005988
I have finally subscribed!,neither,0.0386881397135674,0.343361301061849,0.6179505592245836
no he retrieved them,neither,0.07878948543933355,0.3344479716092733,0.5867625429513932
I don't have sound,neither,0.03871594326375563,0.3428894022536709,0.6183946544825735
!wallet,neither,0.03945320844208391,0.33037608806864915,0.630170703489267
moleking82uk has 6093 coins,neither,0.03989735448983053,0.32283777050957063,0.6372648750005988
PogChamp,neither,0.03945320844208391,0.33037608806864915,0.630170703489267
no music,neither,0.038127286129867946,0.3528804500884448,0.6089922637816872
!storysofar,neither,0.03945320844208391,0.33037608806864915,0.630170703489267
No he didn't lose his stuff,neither,0.04808105222160376,0.38154483205649503,0.5703741157219013
no sound here either,neither,0.0911984945367422,0.30335630507135164,0.6054452003919061
It's Thursday yet!,neither,0.037885131949556984,0.3309154214795216,0.6311994465709215
!wallet,neither,0.03945320844208391,0.33037608806864915,0.630170703489267
ujmplnqaty797 has 2054 coins,neither,0.03989735448983053,0.32283777050957063,0.6372648750005988
sound?,neither,0.03945320844208391,0.33037608806864915,0.630170703489267
!wallet,neither,0.03945320844208391,0.33037608806864915,0.630170703489267
trombownage has 863 coins,neither,0.03989735448983053,0.32283777050957063,0.6372648750005988
non sub link please,neither,0.03945320844208391,0.33037608806864915,0.630170703489267
"Bidet from the Netherlands, it's only 3:38 in the morning but ah well",neither,0.04053100729244997,0.2246471097565306,0.7348218829510195
#weknow,neither,0.03945320844208391,0.33037608806864915,0.630170703489267
I guess that makes sense,neither,0.03518364944319541,0.37722695553297836,0.5875893950238262
#weknow,neither,0.03945320844208391,0.33037608806864915,0.630170703489267
My fist time watching this live,neither,0.03217334628007201,0.4170507310062198,0.5507759227137081
am i late?,neither,0.03919336354151632,0.3304654606452988,0.6303411758131848
!wallet,neither,0.03945320844208391,0.33037608806864915,0.630170703489267
azazel0189 has 8640 coins,neither,0.03989735448983053,0.32283777050957063,0.6372648750005988
ARE we going to see Victor again???,neither,0.06417403637361542,0.3392761680961637,0.5965497955302209
!wallet,neither,0.03945320844208391,0.33037608806864915,0.630170703489267
jordubs has 831 coins,neither,0.03989735448983053,0.32283777050957063,0.6372648750005988
A little early for Critical Role isn't it?,neither,0.034982585178476695,0.29492244490914155,0.6700949699123817
I've been waiting days to hear this music... what a tease!,neither,0.029389832001559545,0.31793756866055434,0.6526725993378861
"Bidet from Bordeaux, France :D",neither,0.04071751644889743,0.3089174816120565,0.6503650019390461
"Bidet and beep beep from North Bend, Oregon!!",neither,0.03959060121559207,0.28717968882077827,0.6732297099636297
some of the art is so amazing,neither,0.03754586069937149,0.364010038432129,0.5984441008684995
MATT MARISHA LAURA & TRAVIS WILL BE IN MILWAUKEE NEXT WEEK.,neither,0.04014524255133133,0.32572930552357104,0.6341254519250977
I can't stay long though,neither,0.03950118300817203,0.32328859072542604,0.6372102262664019
it's Friday here :(,neither,0.10511559986130586,0.27980319213745836,0.6150812080012358
"Hello and bidet from Tillamook, OR",neither,0.039676848069814516,0.26527276947522,0.6950503824549654
Sound,neither,0.03945320844208391,0.33037608806864915,0.630170703489267
!wallet,neither,0.03945320844208391,0.33037608806864915,0.630170703489267
pennycandee has 4100 coins,neither,0.03989735448983053,0.32283777050957063,0.6372648750005988
"We have no music, just so you guys are aware",neither,0.06804550768301322,0.4045925481842947,0.527361944132692
!wallet,neither,0.03945320844208391,0.33037608806864915,0.630170703489267
karmajuice has 3103 coins,neither,0.03989735448983053,0.32283777050957063,0.6372648750005988
"Its Thur...wait, no, here its Friday!",neither,0.05423154768800933,0.3194668993401026,0.6263015529718882
What do I do with coins,neither,0.03605236769524624,0.35826765861358156,0.6056799736911721
beep beep!!,neither,0.03945320844208391,0.33037608806864915,0.630170703489267
broOMG,neither,0.03945320844208391,0.33037608806864915,0.630170703489267
!wallet,neither,0.03945320844208391,0.33037608806864915,0.630170703489267
noamkaye has 5437 coins,neither,0.03989735448983053,0.32283777050957063,0.6372648750005988
bidet loves,neither,0.03945320844208391,0.33037608806864915,0.630170703489267
YEAAAH TAKAYUUKI!!!,neither,0.03945320844208391,0.33037608806864915,0.630170703489267
I want to see Victor again so badly,neither,0.04298372554820286,0.38000968363018167,0.5770065908216154
Yay,neither,0.03945320844208391,0.33037608806864915,0.630170703489267
Audio running.,neither,0.03945320844208391,0.33037608806864915,0.630170703489267
Yeah firzenick!,offensive_language,0.013968601452186464,0.5182923869769311,0.4677390115708824
this is going to be my first time watching on strem,neither,0.03040039318075489,0.4534431654224978,0.5161564413967474
I Think he has to attune,neither,0.06075776817335718,0.2993751462562415,0.6398670855704013
@vestrille No,neither,0.036918905254960256,0.37338982715841207,0.5896912675866277
"23 mins to go, finish up tasks, grab snacks and drinks, rgab a comfy chair and get ready for more EarthBreaker Groon Vs Grog Strongjaw action action action",neither,0.03883602312585645,0.31030803854561156,0.6508559383285321
!wallet,neither,0.03945320844208391,0.33037608806864915,0.630170703489267
istreamyoustream has 2709 coins,neither,0.03989735448983053,0.32283777050957063,0.6372648750005988
"@Geekandsundry, hey bigsexy, how bout some music for the mood ;D",neither,0.0262511770599051,0.36797122786027325,0.6057775950798215
!wallet,neither,0.03945320844208391,0.33037608806864915,0.630170703489267
addielikes has 1652 coins,neither,0.03989735448983053,0.32283777050957063,0.6372648750005988
"NonDripHelmet, if you look at the vods you will see the label every show so you can easily find them in the vods",neither,0.08155884249755468,0.33234816614117946,0.5860929913612659
@LupusDream YAY!,neither,0.03945320844208391,0.33037608806864915,0.630170703489267
Sound pls,neither,0.03945320844208391,0.33037608806864915,0.630170703489267
!wallet,neither,0.03945320844208391,0.33037608806864915,0.630170703489267
lclc98 has 4165 coins,neither,0.03989735448983053,0.32283777050957063,0.6372648750005988
refreshey the pagey,neither,0.03613032604487659,0.2619290779399786,0.7019405960151449
This will be my first live,neither,0.026795507331938674,0.40485149303588897,0.5683529996321723
anyone else loading a bowl or taking a dab?,neither,0.03945320844208391,0.33037608806864915,0.630170703489267
#GROGBOWL,neither,0.03945320844208391,0.33037608806864915,0.630170703489267
i am MISTERFISTER here to crush grog,neither,0.1059052737710846,0.28313885771077096,0.6109558685181444
Wait coins?,neither,0.03945320844208391,0.33037608806864915,0.630170703489267
"nah i think its going to be more like grog and a few friends or perhaps all party. Cuz technically grog is meant to have learned to lesson of his friends importance , but not sure",neither,0.05822767372575005,0.40740818435836,0.5343641419158898
q~q I had to unsubscribe.,neither,0.05521421149133411,0.3215005512478121,0.6232852372608538
Me too @Benja_Man,neither,0.025456656249999262,0.41690574403459846,0.5576375997154023
sound?,neither,0.03945320844208391,0.33037608806864915,0.630170703489267
!wallet,neither,0.03945320844208391,0.33037608806864915,0.630170703489267
hanselmaniac has 24 coins,neither,0.03982749616279286,0.3240234486351056,0.6361490552021015
Let's do it bois,neither,0.024930180753748213,0.36176809539003296,0.6133017238562188
Good evening from Northwest Florida~!,neither,0.039816742822265674,0.3145130174808309,0.6456702396969035
!wallet,neither,0.03945320844208391,0.33037608806864915,0.630170703489267
Bidet from Philly!,neither,0.040769555981420263,0.3080342349327864,0.6511962090857933
newtynewts has 1150 coins,neither,0.03989735448983053,0.32283777050957063,0.6372648750005988
"I just forgot that I subbed, maybe I should be active in chat?",neither,0.041264830315199785,0.392611395216209,0.5661237744685911
beep beep,neither,0.03945320844208391,0.33037608806864915,0.630170703489267
"The staff already knows when something's off, just be patient :)",neither,0.030057259355809097,0.37611358351227636,0.5938291571319145
@Noble387 eyo,neither,0.03945320844208391,0.33037608806864915,0.630170703489267
FIRST TIME ON STREAM😝😝😝,neither,0.029487417990361014,0.3644244495972607,0.6060881324123784
!coins,neither,0.03945320844208391,0.33037608806864915,0.630170703489267
!wallet,neither,0.03945320844208391,0.33037608806864915,0.630170703489267
rainbowpox has 3996 coins,neither,0.03989735448983053,0.32283777050957063,0.6372648750005988
!wallet,neither,0.03945320844208391,0.33037608806864915,0.630170703489267
!wallet,neither,0.03945320844208391,0.33037608806864915,0.630170703489267
justcallmedylon has 4422 coins,neither,0.03989735448983053,0.32283777050957063,0.6372648750005988
the_bw_trekkie has 2582 coins,neither,0.03989735448983053,0.32283777050957063,0.6372648750005988
!wallet,neither,0.03945320844208391,0.33037608806864915,0.630170703489267
immortalduck891 has 485 coins,neither,0.03989735448983053,0.32283777050957063,0.6372648750005988
Anyone not hearing audio?,neither,0.03840106000592541,0.33431854294167096,0.6272803970524036
My first live episode can't wait,neither,0.02808589200778719,0.39979806373873783,0.572116044253475
No audio?,neither,0.03852177801590115,0.3461848932406789,0.6152933287434199
"@trombownage excellent handle, beepbeep low brass!",neither,0.03945320844208391,0.33037608806864915,0.630170703489267
@Noble387 Dabbing and eating a peanut buster parfait from DQ,neither,0.03959366747377188,0.28634910996559565,0.6740572225606325
!wallet,neither,0.03945320844208391,0.33037608806864915,0.630170703489267
kejzarn has 3455 coins,neither,0.03989735448983053,0.32283777050957063,0.6372648750005988
"@geekgoggles, <3",neither,0.03945320844208391,0.33037608806864915,0.630170703489267
bedit from Oklahoma...do you spice?,neither,0.056008139571434835,0.3534863915391787,0.5905054688893864
"Bidet from Brisbane, AUS",neither,0.04228451509352876,0.2823214250720796,0.6753940598343917
bidet guys,neither,0.03922184957078739,0.3343028519130907,0.6264752985161218
!wallet,neither,0.03945320844208391,0.33037608806864915,0.630170703489267
hazard07077 has 11124 coins,neither,0.03989735448983053,0.32283777050957063,0.6372648750005988
!wallet,neither,0.03945320844208391,0.33037608806864915,0.630170703489267
!wallet,neither,0.03945320844208391,0.33037608806864915,0.630170703489267
Is there no music?,neither,0.048898560522484126,0.29196934086622667,0.6591320986112892
!wtfisthis,neither,0.03945320844208391,0.33037608806864915,0.630170703489267
"The Bearded Men is a theatrical improv group, who will weave epic tales of heart-warming proportions. Sharpen your swords, grab your high heels, and get ready for one hell of an adventure. | Catch us LIVE in L.A. every Saturday night @ImproStudioThtr | beardedmenimprov.com",neither,0.06924786002766761,0.46288387541599774,0.4678682645563347
bidet from woodburn oregon,neither,0.04071751644889743,0.3089174816120565,0.6503650019390461
What do we even do with these coins...,neither,0.04165048686448085,0.42563711857304276,0.5327123945624764
Grog and Pike,neither,0.03763944115734239,0.1918412352459551,0.7705193235967025
i love this channel,neither,0.03611863588972112,0.34728830655627907,0.6165930575539998
!wallet,neither,0.03945320844208391,0.33037608806864915,0.630170703489267
Hurray!,neither,0.03945320844208391,0.33037608806864915,0.630170703489267
!wallet,neither,0.03945320844208391,0.33037608806864915,0.630170703489267
Wow- I actually get to watch a live feed for once! first time for everything.,neither,0.03638045821173203,0.31096596586697356,0.6526535759212942
#GROGBOWL,neither,0.03945320844208391,0.33037608806864915,0.630170703489267
literally the only word that means itself and it polar opposite,neither,0.03565047307426969,0.32243922219129517,0.6419103047344352
I SAW MY ART OH MY GOD,neither,0.02586903204131201,0.4302857930703219,0.543845174888366
no audio yet,neither,0.03865246110423839,0.34396686017591294,0.6173806787198488
Woot! First Full Stream!,neither,0.04676332414483664,0.3278618040687124,0.625374871786451
sound?,neither,0.03945320844208391,0.33037608806864915,0.630170703489267
when is it starting,neither,0.03415357631870541,0.3871798432491981,0.5786665804320965
!wallet,neither,0.03945320844208391,0.33037608806864915,0.630170703489267
Hmm... no sound.,neither,0.03858784598956782,0.345063547303884,0.6163486067065481
Sound,neither,0.03945320844208391,0.33037608806864915,0.630170703489267
How long has the episode been on??,neither,0.03619296706204633,0.3252757362034225,0.6385312967345311
!wallet,neither,0.03945320844208391,0.33037608806864915,0.630170703489267
I am not @Genku,neither,0.03680228328994992,0.33929688302634137,0.6239008336837086
EMON's Back Baby!!!!!!,neither,0.03945320844208391,0.33037608806864915,0.630170703489267
"its been too many months, finally able to watch the live stream!!!",neither,0.044246774746332436,0.32382169423898916,0.6319315310146784
@Mosbaked that sound amazing af,neither,0.035813254989773856,0.36992372754746555,0.5942630174627606
"If this is anything like the Kern battle, we're in for the full on powerhouse Grog piledriver",neither,0.05423004860550554,0.3222397605343015,0.623530190860193
Bidet from Austin.,neither,0.04086843745212,0.30635595831493706,0.6527756042329429
I'm not hearing audio either,neither,0.03839175652567147,0.3343537666845244,0.6272544767898041
the only ones with groon are grog and pike,neither,0.04865514094066972,0.26345695378617034,0.6878879052731599
!wallet,neither,0.03945320844208391,0.33037608806864915,0.630170703489267
Vex looks fat in that image LUL,neither,0.10606473929095252,0.26943573557864864,0.6244995251303987
"hi, everybody. Bidet",neither,0.03945320844208391,0.33037608806864915,0.630170703489267
!wallet,neither,0.03945320844208391,0.33037608806864915,0.630170703489267
Oh Hai Bad_Chilii,neither,0.051363287716059566,0.22255663153133606,0.7260800807526044
!wallet,neither,0.03945320844208391,0.33037608806864915,0.630170703489267
Spice!,neither,0.03945320844208391,0.33037608806864915,0.630170703489267
first time on stream,neither,0.029487417990361014,0.3644244495972607,0.6060881324123784
@bluetwin20 Welcome!,neither,0.03945320844208391,0.33037608806864915,0.630170703489267
what are the coins for,neither,0.06356840150939445,0.24103349178533823,0.6953981067052672
Is it silent for everyone at this moment?,neither,0.0343818150210016,0.39949171638498604,0.5661264685940124
Can somebody please tell me the story so far,neither,0.03341816334953693,0.37671540164241135,0.5898664350080516
@dagmarmot beep beep! thank you! Low brass is love,neither,0.05737508537933595,0.38233378753967023,0.5602911270809939
The fanart is beautiful though,neither,0.04824403167125698,0.30816689771033495,0.643589070618408
and so it starts chat moving so fast I can't keep up lol,neither,0.03216945126871504,0.4213906753328014,0.5464398733984834
"The sound, it is a lie!",neither,0.045758102256436714,0.3101174257707457,0.6441244719728175
#weknow,neither,0.03945320844208391,0.33037608806864915,0.630170703489267
!wallet,neither,0.03945320844208391,0.33037608806864915,0.630170703489267
Revlo is muted and will no longer respond to wallet commands.,neither,0.05063793630932762,0.2892975616880264,0.6600645020026459
I need to do fan art for these guys,neither,0.046806526644933295,0.3500921798659653,0.6031012934891015
#fixedhim,neither,0.03945320844208391,0.33037608806864915,0.630170703489267
aw gummon sound hello?,neither,0.03945320844208391,0.33037608806864915,0.630170703489267
Is it just me or is there no sound?,neither,0.03990181218868893,0.35358103236741784,0.6065171554438932
perhaps will get the titian stone knuckles upgraded and multi class into monk gandsSCANLAN gandsSCANLAN gandsDrink gandsDrink gandsDrink,neither,0.03899748430638432,0.290618501769632,0.6703840139239837
bidet from Gatesville Tx,neither,0.04081748366884477,0.3072207769958956,0.6519617393352596
oh hey @MetaIGoD666,neither,0.04724942694866229,0.25746865428102644,0.6952819187703113
no its everyone,neither,0.02516358581982743,0.4701600782842367,0.5046763358959359
Hello.,neither,0.03945320844208391,0.33037608806864915,0.630170703489267
"First time on stream, when do epsodes start or have started",neither,0.02697331886399783,0.3921926874924934,0.5808339936435087
#fixedhim,neither,0.03945320844208391,0.33037608806864915,0.630170703489267
Bidet,neither,0.03945320844208391,0.33037608806864915,0.630170703489267
"@burg3rz12 gotta watch it, it'd take too long",neither,0.039639452983601525,0.3569356487219772,0.6034248982944213
Hoping I can stay up for this... EST gandsDrink,neither,0.031849667688077635,0.3443436480803272,0.6238066842315951
PathfinderLPD5 I don't have sound either,neither,0.03886093227439374,0.3404285603519769,0.6207105073736293
Bidet from Tokayo Japan,neither,0.04069404815304118,0.30931579984010865,0.6499901520068502
"yup, I got no sound",neither,0.037355796598089124,0.3896518788875516,0.5729923245143592
"watch the last episode, everyone is with grog",neither,0.03458470809150894,0.42423274293173036,0.5411825489767608
is the music bit a #weknow situation?,neither,0.04452458516288448,0.31679490794647647,0.638680506890639
I was about to ask... sound?,neither,0.04480422545231395,0.3573314236444222,0.5978643509032637
WutFace,neither,0.03945320844208391,0.33037608806864915,0.630170703489267
no sound here either,neither,0.0911984945367422,0.30335630507135164,0.6054452003919061
sound?,neither,0.03945320844208391,0.33037608806864915,0.630170703489267
xxDudeSweat -> Suck it down! [stop spamming caps] [warning],neither,0.053898599643951745,0.39527897631676023,0.5508224240392879
fan art is epic,neither,0.04626408926972522,0.3280335138349792,0.6257023968952955
is sound muted for everyone? or is my pc freaking out?,neither,0.03127374647367362,0.4288856541767287,0.5398405993495977
cheer1,neither,0.03945320844208391,0.33037608806864915,0.630170703489267
no sound,neither,0.03817021587683215,0.3521518202447505,0.6096779638784173
is it just me or is there to volume?,neither,0.04604944026395398,0.3370506841168606,0.6168998756191855
is there supposed to be no sound,neither,0.05397285242769791,0.300709453085845,0.6453176944864571
bidet,neither,0.03945320844208391,0.33037608806864915,0.630170703489267
gandsRaid gandsRaid gandsNatTwenty gandsNatTwenty,neither,0.03945320844208391,0.33037608806864915,0.630170703489267
The art is always SO good,neither,0.04367396357722599,0.40704437458806103,0.549281661834713
Loving the art work here,neither,0.07693190696895995,0.28547099291372147,0.6375971001173186
"@nerdwithabrush7 it's my first stream too, wohooo! I was trying to catch up for this day!",neither,0.025966781355823216,0.3917803763706431,0.5822528422735336
No sound,neither,0.03817021587683215,0.3521518202447505,0.6096779638784173
no sound for me either,neither,0.026272003946714244,0.3537940524622262,0.6199339435910595
Ausi ausi ausi,neither,0.03945320844208391,0.33037608806864915,0.630170703489267
@cbeaird52 7PM PST. About 20 minutes from now.,neither,0.03905088900932513,0.33720449881261716,0.6237446121780577
"Bidet from Nashville, TN! Beep Beep!",neither,0.04041510871920598,0.31405013000620496,0.645534761274589
i dont see grog dual classing,neither,0.03945320844208391,0.33037608806864915,0.630170703489267
Ok cool,neither,0.03938398024040809,0.33155107132229716,0.6290649484372947
#weknow,neither,0.03945320844208391,0.33037608806864915,0.630170703489267
this art is awesome,neither,0.0473354502487341,0.3291670422151242,0.6234975075361417
anyone else not getting noise,neither,0.035089634485938444,0.39120320070954706,0.5737071648045144
@cbeaird in about 20min,neither,0.03588444964454025,0.3909472385812532,0.5731683117742065
here comes the chat rush.,neither,0.07359897475252394,0.28868893418657054,0.6377120910609054
No sound,neither,0.03817021587683215,0.3521518202447505,0.6096779638784173
#WeKnow,neither,0.03945320844208391,0.33037608806864915,0.630170703489267
Sound isn't present but #theyknow,neither,0.03650271918810239,0.3391230963977595,0.6243741844141381
howdy all,offensive_language,0.046917543854519406,0.6277741405869331,0.3253083155585475
great art work,neither,0.037577972528426984,0.3054122992902648,0.6570097281813081
Oi Oi oi,neither,0.03945320844208391,0.33037608806864915,0.630170703489267
Scanlan cas t a silence spell internet radius,neither,0.03945320844208391,0.33037608806864915,0.630170703489267
#fixedburtreynolds,neither,0.03945320844208391,0.33037608806864915,0.630170703489267
cheer1 cheer1 Starting in 20 minutes,neither,0.03945320844208391,0.33037608806864915,0.630170703489267
Is the level cap 20 still? or can they multi-class around that?,neither,0.040737265955068484,0.3490157545707399,0.6102469794741916
If grog smokes that stuff will he get sorcery points?,neither,0.029631745562957196,0.3774870348302821,0.5928812196067608
no sound for me eather,neither,0.02401300301727229,0.35929458981399426,0.6166924071687335
gandsSCANLAN gandsSCANLAN gandsSCANLAN,neither,0.03945320844208391,0.33037608806864915,0.630170703489267
k,neither,0.03945320844208391,0.33037608806864915,0.630170703489267
BIDET LADS,neither,0.03945320844208391,0.33037608806864915,0.630170703489267
gandsNatTwenty minutes left!,neither,0.03945320844208391,0.33037608806864915,0.630170703489267
@grevari im right there with you,neither,0.03958940661753202,0.446689414530069,0.513721178852399
#weknow,neither,0.03945320844208391,0.33037608806864915,0.630170703489267
cool art,neither,0.03945320844208391,0.33037608806864915,0.630170703489267
bidet!,neither,0.03945320844208391,0.33037608806864915,0.630170703489267
I LOVE the art.,neither,0.035061522170994064,0.3268220444054327,0.6381164334235732
First time LIVE!,neither,0.03431649502744929,0.3558392226370607,0.6098442823354902
one upside of quiet nightshifts in the UK I get to watch live :D,neither,0.04897634459500133,0.34016378908624517,0.6108598663187536
@cbeaird52 around 7 oclock but theyre normally a few minutes late,neither,0.03737374566760112,0.33648590932862615,0.6261403450037728
"ok, so not just me with no sound...refreshed 3 times thinking the internet wombats had gone on strike",neither,0.025378658471409517,0.41448707282011643,0.5601342687084739
gandsDrink gandsDrink gandsDrink,neither,0.03945320844208391,0.33037608806864915,0.630170703489267
"Okay cool, no worries then. I just wanted to be sure it wasn't my end. XD",neither,0.029950201922931838,0.4705442418579845,0.49950555621908377
Isn't grog already multiclass with Fighter?,neither,0.028974676368071616,0.3795728271194841,0.5914524965124444
Bidet all,offensive_language,0.046917543854519406,0.6277741405869331,0.3253083155585475
Nashville? I'm in Fairview,neither,0.03945320844208391,0.33037608806864915,0.630170703489267
"insurafoodie, Grog already has a level in Fighter as well as 15 in Barbarian, so he's already dual-class",neither,0.039091915711958476,0.3930055131848201,0.5679025711032213
cheer1,neither,0.03945320844208391,0.33037608806864915,0.630170703489267
Bidet from Gothenburg Sweden! #weknow,neither,0.04062582848913359,0.31047366557575606,0.6489005059351104
heart the art!,neither,0.03850002605963481,0.3129122117784921,0.6485877621618732
am i late,neither,0.03919336354151632,0.3304654606452988,0.6303411758131848
Zen stream intro,neither,0.03945320844208391,0.33037608806864915,0.630170703489267
Earthbreaker!!!!,neither,0.03945320844208391,0.33037608806864915,0.630170703489267
"mmmm, so tasty all this fan art.",neither,0.040529204619442386,0.40847387101866467,0.550996924361893
"It's okay, they have 20 minutes to fix it. #weknow",neither,0.04126600365813757,0.3340993942259861,0.6246346021158763
"That pic of Groon, though",neither,0.03147899981114373,0.44110386934969464,0.5274171308391616
"@Mosbaked From everything we know, the 20 cap is still very much in effect",neither,0.04102284864397854,0.3198320022348682,0.6391451491211533
Is there no music?,neither,0.048898560522484126,0.29196934086622667,0.6591320986112892
gandsNatTwenty gandsNatTwenty gandsNatTwenty gandsNatTwenty gandsNatTwenty gandsNatTwenty,neither,0.03945320844208391,0.33037608806864915,0.630170703489267
bidet,neither,0.03945320844208391,0.33037608806864915,0.630170703489267
is there no music?,neither,0.048898560522484126,0.29196934086622667,0.6591320986112892
sound !,neither,0.03945320844208391,0.33037608806864915,0.630170703489267
Sistine Chapel Scanlan = Greatest Fan Art Ever,neither,0.03945320844208391,0.33037608806864915,0.630170703489267
sorry if its been asked.. is the sound off,neither,0.02605957688514801,0.36299808319576093,0.610942339919091
oh man! i came to the channel to catch up on #talksmachina without even realising what the time was! this is the best day ever,neither,0.05069183475490021,0.3434485490572722,0.6058596161878275
I'd say that they get the players to 20th level and then Matt TPK's them in Temple of Elemental Evil or is that too evil? :P,neither,0.04669445808304989,0.3402536023381681,0.6130519395787821
I do believe Sir Matt will brush us all up but in the short term they have come and started to face Groon. The Monk Grog had faced some time ago,neither,0.04808816855774488,0.3659963499845376,0.5859154814577175
no sound but I am sure #TheyKnow,neither,0.03030999116914705,0.47777166866014537,0.4919183401707076
*** YEAH LETS DO THIS EARTHBREAKER GROON DBZ FIGHT,neither,0.024665106851348362,0.4460825429579982,0.5292523501906535
bidet from Australia!,neither,0.04062582848913359,0.31047366557575606,0.6489005059351104
I don't want to give out to much in chat,neither,0.04319739632667648,0.3355492554413281,0.6212533482319954
"Bidet from Austin, Texas!",neither,0.04055041785557119,0.31175358083338084,0.6476960013110479
Why is every message showing twice?,neither,0.03580538196947054,0.3405646825616812,0.6236299354688483
ok that answered that,neither,0.032461165312196144,0.40765674416408665,0.5598820905237171
hello everyone!,neither,0.03269494828970791,0.4450814005079928,0.5222236512022994
Bidet from deep south Texas!,neither,0.04039713789899946,0.3143551417252132,0.6452477203757875
"Seven on the west coast right? Sorry, Im central lol",neither,0.03203232747671489,0.3886369545247659,0.5793307179985192
wea the sound at yo?,neither,0.037952105223697866,0.39810674337976437,0.5639411513965379
beep beep gandsGandsBeardedMen,neither,0.03945320844208391,0.33037608806864915,0.630170703489267
"All the people who are first time live, please say BDAY!",neither,0.08133624103600687,0.3941481032123752,0.524515655751618
is it just me or is there no music?,neither,0.03990891693280781,0.3538320079079092,0.6062590751592831
#theyknow,neither,0.03945320844208391,0.33037608806864915,0.630170703489267
Where's the music,neither,0.04070698123853548,0.26430827703911025,0.6949847417223542
anyone else have sound,neither,0.038928902494646006,0.3392749283261566,0.6217961691791976
no he took a feat but he hasn't dual classed,neither,0.04395311327511694,0.34446583290116284,0.6115810538237202
second time I finally get to watch this live :),neither,0.05220623209775326,0.34728023054094054,0.6005135373613062
Rip clarota,neither,0.03945320844208391,0.33037608806864915,0.630170703489267
that's just you dragonspeaker42,offensive_language,0.05492380886991592,0.5916299917195378,0.35344619941054634
Earthbreaker Groon!!!!!!!!,neither,0.03945320844208391,0.33037608806864915,0.630170703489267
This is gonna be my first live stream 8>,neither,0.032922661127514734,0.4388308111666003,0.528246527705885
"so before chat gets too wild, can someone define what ""active in the chat is"" during the break for the giveaway?",neither,0.039516074073031156,0.3392599299906726,0.6212239959362962
Finally caught up to all the episodes! This is my first time live,neither,0.03628962616466757,0.4612876342087544,0.5024227396265779
The art always impresses me so much. Crazy amounts of talent.,neither,0.027383488065363996,0.4473091291644643,0.5253073827701716
Bday!!!!,neither,0.03945320844208391,0.33037608806864915,0.630170703489267
no sound here,neither,0.1079709176694658,0.29575142062646587,0.5962776617040684
did it start ?,neither,0.037489791617040136,0.3310513971484432,0.6314588112345166
Bday,neither,0.03945320844208391,0.33037608806864915,0.630170703489267
"I did not mean, to blow your mind.",neither,0.07399756022446091,0.3227084564979959,0.6032939832775432
@GrayKnight121 Thank you,neither,0.07325166854587051,0.43632638485078484,0.49042194660334476
BDAY everyone! Im so excited to be caught up,offensive_language,0.03729338273338915,0.4889393205227419,0.473767296743869
Maybe it's our moment of silence before Scanlan returns to us? Bidet y'all!,neither,0.06346999761608178,0.4033281790699614,0.5332018233139569
BDAY,neither,0.03945320844208391,0.33037608806864915,0.630170703489267
I'm so ready for this fight gandsDrink gandsDrink gandsDrink,neither,0.03273944034287192,0.34490526108837594,0.6223552985687522
There are no plans to release John Wick 2 in Australia! :( just needed a sympathetic audience to tell my suffering to,neither,0.04974769354612055,0.3386445828224436,0.6116077236314359
hiiiii,neither,0.03945320844208391,0.33037608806864915,0.630170703489267
Bidet*,neither,0.03945320844208391,0.33037608806864915,0.630170703489267
but where's larkin,neither,0.036652383327010596,0.2881509299808496,0.6751966866921398
sound == #weknow,neither,0.03945320844208391,0.33037608806864915,0.630170703489267
no sound or is it me,neither,0.03670006994397877,0.3870301907333085,0.5762697393227127
#GROGBOWL,neither,0.03945320844208391,0.33037608806864915,0.630170703489267
bidet from los angeles,neither,0.04078317879478948,0.307803020237201,0.6514138009680096
"Bidet from McKinney, Texas Howdy <3",neither,0.040937266849991,0.30518774380265185,0.6538749893473571
Boris!,neither,0.03945320844208391,0.33037608806864915,0.630170703489267
BDAY,neither,0.03945320844208391,0.33037608806864915,0.630170703489267
Bidet from Virginia,neither,0.04079557052152802,0.30759270029461827,0.6516117291838538
#weknow,neither,0.03945320844208391,0.33037608806864915,0.630170703489267
is thre no music currently or is it me?,neither,0.04395447093731096,0.36998991331533443,0.5860556157473545
Bidet,neither,0.03945320844208391,0.33037608806864915,0.630170703489267
bday,neither,0.03945320844208391,0.33037608806864915,0.630170703489267
just me or not sound?,neither,0.025971628360165297,0.4034292804630641,0.5705990911767707
gandsSCANLAN,neither,0.03945320844208391,0.33037608806864915,0.630170703489267
gandsGandsBeardedMen,neither,0.03945320844208391,0.33037608806864915,0.630170703489267
were all my gandsHecBird gandsHecBird gandsHecBird gandsHecBird gandsHecBird at?,offensive_language,0.02614496494939679,0.5579877112334637,0.41586732381713953
#theyknow,neither,0.03945320844208391,0.33037608806864915,0.630170703489267
Alannamalfoy just talk in general,neither,0.018709930078044775,0.3597856692204659,0.6215044007014892
Give them a minute to get *** up and going people...,neither,0.08424488290587476,0.3526837149266797,0.5630714021674456
no sound?,neither,0.03817021587683215,0.3521518202447505,0.6096779638784173
@RogueNebula welcome to the show,neither,0.06859252491246151,0.21738667393270159,0.7140208011548369
"So, place your bets... Earthbreaker or Grog... which will get knocked down first?",neither,0.05716571710527733,0.31062626784375585,0.6322080150509668
BIDET from Tennessee,neither,0.04071751644889743,0.3089174816120565,0.6503650019390461
So what's the deal with Cheers?,neither,0.03299750230011586,0.3829975335907496,0.5840049641091346
yo what up,offensive_language,0.044616915828757514,0.5411059847233419,0.41427709944790064
biday from Ohio,neither,0.040754399270683486,0.3082914838698526,0.650954116859464
Beep beep & bidet all,offensive_language,0.046917543854519406,0.6277741405869331,0.3253083155585475
is it me or is there no sound?,neither,0.044589160309315645,0.3355229155299814,0.6198879241607028
#Fixit,neither,0.03945320844208391,0.33037608806864915,0.630170703489267
@m1ster_stanl3y no sound,neither,0.03817021587683215,0.3521518202447505,0.6096779638784173
Bidet from Hong Kong!,neither,0.040334677536117594,0.315415257091876,0.6442500653720065
meep meep,neither,0.03945320844208391,0.33037608806864915,0.630170703489267
Bidet from Atlanta,neither,0.04078317879478948,0.307803020237201,0.6514138009680096
gandsMatt gandsSCANLAN gandsDrink gandsTrinketArmor <3 gandsCrit,neither,0.03945320844208391,0.33037608806864915,0.630170703489267
"Bidet, I must put some booze in my flagon for this one!",neither,0.022848335029360407,0.3908824562880693,0.5862692086825705
same no music,neither,0.03948561370858553,0.35937596393096843,0.6011384223604461
no sound and music on,neither,0.03486272524287459,0.3170636685222411,0.6480736062348842
gandsSCANLAN gandsSCANLAN gandsSCANLAN gandsSCANLAN gandsSCANLAN,neither,0.03945320844208391,0.33037608806864915,0.630170703489267
Beep beep from Michigan,neither,0.040769555981420263,0.3080342349327864,0.6511962090857933
Awesome @Hauntzone There is nothing like sitting and watching the stream,neither,0.048876275593600416,0.30332040007381317,0.6478033243325865
been having computer issues,neither,0.0391807461896508,0.3350004835622556,0.6258187702480936
Beep Beep,neither,0.03945320844208391,0.33037608806864915,0.630170703489267
no music atm everyone calm down,neither,0.03468746412572106,0.411263206718889,0.5540493291553898
@tsensnogard time to sail the seven seas,neither,0.04452915211140342,0.3296851150284009,0.6257857328601957
#whoneedssound,neither,0.03945320844208391,0.33037608806864915,0.630170703489267
greeting from green bay wisco!,neither,0.04157153321422922,0.28725778581029854,0.6711706809754723
i hope grog is going ham today in the crucible,neither,0.06852619609277846,0.24177623689823194,0.6896975670089895
#givegrogthedeck,neither,0.03945320844208391,0.33037608806864915,0.630170703489267
miss mary and will so much. #bringback KashZar,neither,0.030772826775396972,0.31406649583818674,0.6551606773864164
gandsTeamNoStream,neither,0.03945320844208391,0.33037608806864915,0.630170703489267
"I guess I should do this right....BIDET FROM MILTON, FLORIDA.",neither,0.05141454402772503,0.36901724259784097,0.5795682133744341
Awesome and hello everyone I'm so excited > <,neither,0.034271086872282516,0.40905850915686376,0.5566704039708538
Bidetttt,neither,0.03945320844208391,0.33037608806864915,0.630170703489267
cheer20 Hype for the Stream! It's Thursday!,neither,0.03345574707276263,0.2973352883050491,0.6692089646221884
there is no music but i am sure the powers that be are working on it,neither,0.045832006849457575,0.3979171005620363,0.5562508925885061
"No sound her, either, but they'll get it.",offensive_language,0.027571993096112583,0.5395186359373259,0.4329093709665616
gandsDrink gandsDrink,neither,0.03945320844208391,0.33037608806864915,0.630170703489267
no sound,neither,0.03817021587683215,0.3521518202447505,0.6096779638784173
sound???,neither,0.03945320844208391,0.33037608806864915,0.630170703489267
Beep beep from Brisbane Australia,neither,0.04062582848913359,0.31047366557575606,0.6489005059351104
Bidet from Indiana,neither,0.0408364874901429,0.30689823255244486,0.6522652799574122
gandsMatt gandsMatt,neither,0.03945320844208391,0.33037608806864915,0.630170703489267
bidet from Washington,neither,0.04080695066346891,0.3073995495860776,0.6517934997504536
"cheer1 Starting in 20 minutes (Do not removes this message, this is for others to see).",neither,0.043576576099597246,0.31485267066942674,0.641570753230976
