text,top_class,hate_speech,offensive_language,neither
Thanks styxdrink,neither,0.035884468650613,0.3004919205142699,0.6636236108351171
"About to,TrainerJodie",neither,0.052764206393963065,0.3834675067445832,0.5637682868614537
Mark i've finally fallen to CR! 21 eps in now,neither,0.028287073325391678,0.3171623279364921,0.6545505987381162
repaeat - ALL the boys,neither,0.0405786760989789,0.4142598504743696,0.5451614734266514
SUB HYPE <3 <3,neither,0.03945320844208391,0.33037608806864915,0.630170703489267
live,neither,0.04891340716200846,0.3271222919257548,0.6239643009122369
is something happening?,neither,0.04784769695530499,0.32748883853462374,0.6246634645100714
Sub gandsSubHype gandsLessthanthree,neither,0.03945320844208391,0.33037608806864915,0.630170703489267
It's goooooood @Ravs_,neither,0.034373745257138544,0.33212314837979673,0.6335031063630647
@Soap_lady7 Both... I mean just look at last episode... can you really handle that two days a week?,neither,0.04392874985341113,0.3980576838170857,0.5580135663295033
holy *** it's mark hulmes,neither,0.03804019565696944,0.33086208796000266,0.6310977163830279
Cant get enough!,neither,0.038819946655441376,0.3411241932695404,0.6200558600750182
I live in the east coast so Im just in the right spot to never catch CR or HR streams,neither,0.03863239367065457,0.3815840077189385,0.5797835986104068
!wallet,neither,0.03945320844208391,0.33037608806864915,0.630170703489267
gaamactv has 3655 coins,neither,0.03989735448983053,0.32283777050957063,0.6372648750005988
game sounds already going,neither,0.03634704583526821,0.3338287213415747,0.629824232823157
2nd favourite DM! huge respect Mark! :),neither,0.03945320844208391,0.33037608806864915,0.630170703489267
Hello all!,neither,0.04217753453783664,0.43734383323855475,0.5204786322236087
Are they still streaming For HOnor?,neither,0.05162765252810544,0.2843027614407117,0.6640695860311828
@Bolwic My heart couldn't take it,neither,0.027179963515903186,0.4179732789695526,0.5548467575145443
"@Ravs_ I'm so jealous, so much amazing story to come!",neither,0.03983320862039529,0.4120621251437397,0.5481046662358651
heya,neither,0.03945320844208391,0.33037608806864915,0.630170703489267
Hello everybody,neither,0.03945320844208391,0.33037608806864915,0.630170703489267
A boys hang out of CR,neither,0.035888714398274,0.3439547622933054,0.6201565233084206
hello crazycat87,neither,0.03945320844208391,0.33037608806864915,0.630170703489267
Thanks Doobini! :D,neither,0.035884468650613,0.3004919205142699,0.6636236108351171
@ravs_ watch out for this chat then. Pretty sure spoilers will be posted,neither,0.034739257457215296,0.371540440028398,0.5937203025143868
yes gamerphan,neither,0.03945320844208391,0.33037608806864915,0.630170703489267
@IBeDavey I think esam and taliesin will be playing too,neither,0.04071489739900974,0.261209594832733,0.6980755077682573
"Is that Sam ""Heart Breaker"" Riegel?",neither,0.04248053060259887,0.3611628001475755,0.5963566692498257
bidet,neither,0.03945320844208391,0.33037608806864915,0.630170703489267
@Soap_lady7 lol,neither,0.020706217963973744,0.4882283491876925,0.4910654328483337
@SherlockHulmes you guys have a new office yet?,neither,0.0582130793994457,0.2966039727581282,0.6451829478424261
is this live?,neither,0.06264826366348325,0.3248039992423424,0.6125477370941744
Finally subscribed. Does this mean I can chat now?,neither,0.02859406032649507,0.4301479632150135,0.5412579764584915
live,neither,0.04891340716200846,0.3271222919257548,0.6239643009122369
Nah,neither,0.03945320844208391,0.33037608806864915,0.630170703489267
"so, I have to wonder who we hear dying atm",neither,0.0438516482200404,0.41045674345015015,0.5456916083298092
yes sudakushi might need a hard refresh,offensive_language,0.0320320132034189,0.5057506927905631,0.462217294006018
Sam is everywhere,neither,0.048241718298722105,0.3273533165265365,0.6244049651747414
Gonna be a while to we move offices I think,neither,0.04562437035692501,0.36927232338322663,0.5851033062598484
I wonder if Ashley will be back for the summer,neither,0.024317101047623985,0.32135694304208473,0.6543259559102914
Woo,neither,0.03945320844208391,0.33037608806864915,0.630170703489267
resub <3 <3,neither,0.03945320844208391,0.33037608806864915,0.630170703489267
Bidet all,offensive_language,0.046917543854519406,0.6277741405869331,0.3253083155585475
GAH... dang it. I was about to drift to sleep at 4am Singapore time. and then this notification came up. oh well...,neither,0.04410656870915019,0.34331920725615483,0.6125742240346951
@PolythenePamster thanks! Went to go see John Wick & was worried I'd missed it,neither,0.04166299304834099,0.3208951243248292,0.6374418826268298
I am only 27 episodes in CR. currently waiting for the SO to get work done to watch more. Waiting is murder!,neither,0.04780259089992227,0.32821583937323046,0.6239815697268472
Bidet,neither,0.03945320844208391,0.33037608806864915,0.630170703489267
"There we go, title card up had to refresh",neither,0.042521111785059275,0.33682735240936673,0.6206515358055741
Bidet,neither,0.03945320844208391,0.33037608806864915,0.630170703489267
"@SherlockHulmes well good luck, moving sucks",neither,0.038942984856834235,0.3305515773562265,0.6305054377869395
"@SeanWelland, My heart was crushed on Thursday but by the end I was laughing so hard. Sam is the best",offensive_language,0.029475884786263156,0.5094278073735122,0.46109630784022454
"gamerphan, you're just in time! :)",neither,0.09153724946471586,0.4153456908297264,0.4931170597055579
"Hey guys, watching 2 for honor streams at the same time ftw",neither,0.035012949389093044,0.33325257169221484,0.631734478918692
yeah here we go,neither,0.062421490852807765,0.42614955993143905,0.5114289492157533
geekandsundry is online. RevloBot is now tracking loyalty.,neither,0.05157974116510514,0.3262052173957376,0.6222150414391574
I can hear people dying,neither,0.07168264194694136,0.322348384020782,0.6059689740322767
Sam can really turn on the drama,neither,0.03670253715516115,0.3243506585133556,0.6389468043314832
"big fan of your game mark, doing the community a service with such an awesome fanbase",neither,0.03586683757445744,0.34340449896661235,0.6207286634589302
"gamerphan, was it good?",neither,0.035783398712733866,0.3351322438494399,0.6290843574378262
Beep beep and bidet from Tampa,neither,0.039670422827289976,0.26681207269915463,0.6935175044735555
They know they get more views if they put CR in the thitle ;p,neither,0.029022799931032964,0.3520760560060734,0.6189011440628935
"For those of you that have seen Episode 85, No spoilers. For those who havent? Maybe Close Chat just in case!",neither,0.05659810121979064,0.32165849231149446,0.6217434064687148
"@lord_of_stories you could chat most of the time as it was, but now you can use the emotes too (see the smiley face in the chat typing box) .. also you can watch Video on Demand",neither,0.038837721972834166,0.3825939413515209,0.5785683366756449
"@annasaurus13 beware, some chatters spoil things.",neither,0.03295929821409475,0.34152723892505643,0.6255134628608487
I'm so stoked for this,neither,0.0330149118127936,0.3442431967660369,0.6227418914211694
Are we supposed/going to be able to see their POVs?,neither,0.07033171398891101,0.3148944047199584,0.6147738812911306
I can actuall watch something live for once #europa,neither,0.0429706354501132,0.29679939432922875,0.6602299702206581
"title, damn",offensive_language,0.044777173037318825,0.8550544003793611,0.10016842658332002
"Looks like we got Marisha, Matt, Sam and Talleson?",neither,0.045795621842114366,0.3474077571042752,0.6067966210536104
I think thats marisha too,neither,0.03981990996276305,0.32415220624801583,0.6360278837892211
Bidet from LA!,neither,0.04094187055022747,0.3051096069949388,0.6539485224548338
resub <3 <3,neither,0.03945320844208391,0.33037608806864915,0.630170703489267
hiya!,neither,0.03945320844208391,0.33037608806864915,0.630170703489267
gandsSubHype gandsLessthanthree Resub,neither,0.03945320844208391,0.33037608806864915,0.630170703489267
@Lizlp Same!,neither,0.04148851938089603,0.3488915597363099,0.609619920882794
Bidet to everyone :),neither,0.040340749259930184,0.47800030162361157,0.4816589491164583
Wonder if Ryan is running this strem?,neither,0.0296682354180267,0.3752094974792316,0.5951222671027417
Bidet from pittsburgh,neither,0.04066490145509902,0.30981049537100724,0.6495246031738937
Yeah according to twitter,offensive_language,0.028121155222335832,0.5306125517413355,0.44126629303632864
!wallet,neither,0.03945320844208391,0.33037608806864915,0.630170703489267
stabigail has 4538 coins,neither,0.03989735448983053,0.32283777050957063,0.6372648750005988
BIDET,neither,0.03945320844208391,0.33037608806864915,0.630170703489267
Be pleased from Singapore!,neither,0.04120417896879982,0.31414125076670996,0.6446545702644904
"@PolythenePamster I enjoyed it a lot. If you liked the first one, this one is everything you'd expect",neither,0.041611769625265374,0.4436313582427953,0.5147568721319392
hi everyone,neither,0.032490659208996964,0.4485487193596734,0.5189606214313296
Ooooh it's a trabis,neither,0.034373745257138544,0.33212314837979673,0.6335031063630647
Bidet from the Philippines,neither,0.039779025773403386,0.2539611253407979,0.7062598488857987
Sam is on the set before the show starts? PogChamp,neither,0.0496051312539092,0.30767626388639024,0.6427186048597006
Sam/Matt/Marisha/Sam,neither,0.03945320844208391,0.33037608806864915,0.630170703489267
did it start yet all I hear is fighting I back ground and ppl working in screen,neither,0.04323865295650406,0.3426521602922379,0.614109186751258
bidet from nova scotia,neither,0.04228451509352876,0.2823214250720796,0.6753940598343917
Omg I have coins,neither,0.03893110808135358,0.3392374937636062,0.6218313981550402
!wallet,neither,0.03945320844208391,0.33037608806864915,0.630170703489267
abbymarie91 has 2816 coins,neither,0.03989735448983053,0.32283777050957063,0.6372648750005988
I find it fascinating when they are playing and just talking,neither,0.046780783606077445,0.2375523868195744,0.715666829574348
"ah, if anyone still has no video or audio, it's time to refresh your browser",neither,0.04650625808201848,0.32706409815055176,0.6264296437674298
@Lizlp Same here! Bidet from the UK~,neither,0.08828265859959684,0.2672983792235889,0.6444189621768142
come see me on the fields of glory,neither,0.030782182320322177,0.3752479176855293,0.5939698999941485
I'm sure Sam will be late,neither,0.0358828264763447,0.4327712395812996,0.5313459339423556
hey @abbymarie91,neither,0.03945320844208391,0.33037608806864915,0.630170703489267
"gamerphan, that sounds awesome! Thank you!",neither,0.04966392878722125,0.42018739534444455,0.5301486758683344
wouldn't be right otherwise,neither,0.03896126582882048,0.3521120517994886,0.6089266823716909
!wallet,neither,0.03945320844208391,0.33037608806864915,0.630170703489267
trfessler has 4901 coins,neither,0.03989735448983053,0.32283777050957063,0.6372648750005988
!wallet,neither,0.03945320844208391,0.33037608806864915,0.630170703489267
highlifebe has 8773 coins,neither,0.03989735448983053,0.32283777050957063,0.6372648750005988
"Hey all, my ability to go to AMKE to meet Matt Marisha Laura and Travis has become...much more difficult :(",neither,0.04260016543725536,0.3716977625118168,0.585702072050928
Who was on the nerdiest stream this morning?,neither,0.04374100697297482,0.2621934506844272,0.694065542342598
SUB HYPE <3 <3,neither,0.03945320844208391,0.33037608806864915,0.630170703489267
Sam's here!,neither,0.10939774771427146,0.27847602778133307,0.6121262245043955
I see a Travis,neither,0.03945320844208391,0.33037608806864915,0.630170703489267
!wallet,neither,0.03945320844208391,0.33037608806864915,0.630170703489267
alexwhiz has 48 coins,neither,0.03980134842295792,0.3244672440202677,0.6357314075567744
It already sounds like vicious murder.,neither,0.045159202706994236,0.3557549667378016,0.5990858305552043
It is fun to hear them not be their Critical Role characters,neither,0.05616465173573854,0.326793982027658,0.6170413662366036
!wallet,neither,0.03945320844208391,0.33037608806864915,0.630170703489267
elegost82 has 4360 coins,neither,0.03989735448983053,0.32283777050957063,0.6372648750005988
Bees knees.,neither,0.03945320844208391,0.33037608806864915,0.630170703489267
Those sounds from the stream ARE NOT HELPFUL when you play a game of Diablo 3! :-D,neither,0.07363492747241948,0.26989378853003027,0.6564712839975503
"Neat, just what I need to day",neither,0.04630175714092562,0.32781934577480315,0.6258788970842712
"@sneaky_alex No, he's actually just there late from yesterday's For Honor stream he was supposed to be on",neither,0.0411808937528813,0.308629671221726,0.6501894350253927
hey @zenora1911,neither,0.03945320844208391,0.33037608806864915,0.630170703489267
!wallet,neither,0.03945320844208391,0.33037608806864915,0.630170703489267
archonnocturnal has 3641 coins,neither,0.03989735448983053,0.32283777050957063,0.6372648750005988
!help,neither,0.03945320844208391,0.33037608806864915,0.630170703489267
resub train <3 <3,neither,0.03945320844208391,0.33037608806864915,0.630170703489267
!wallet,neither,0.03945320844208391,0.33037608806864915,0.630170703489267
eifok has 5432 coins,neither,0.03989735448983053,0.32283777050957063,0.6372648750005988
Wow i get to watch something CR related live!,neither,0.051028651820412586,0.33099011125000904,0.6179812369295783
"@GeekandSundry, which sam?",neither,0.03945320844208391,0.33037608806864915,0.630170703489267
1 minute,neither,0.03945320844208391,0.33037608806864915,0.630170703489267
hows it going @abbymarie91,neither,0.036252743844520874,0.36045866674656285,0.6032885894089163
@virescentwallflower Sweden here!,neither,0.22097653003277068,0.2221615150675793,0.55686195489965
Going to be in the states at the end of Feb. Hoping I can swing by to see another CritRole live.,neither,0.07086224854056367,0.31880324834567414,0.6103345031137623
really looking forward to this <3,neither,0.046052991134331964,0.32802233041245155,0.6259246784532165
gandsSCANLAN,neither,0.03945320844208391,0.33037608806864915,0.630170703489267
!wallet,neither,0.03945320844208391,0.33037608806864915,0.630170703489267
exaequoetbono1 has 878 coins,neither,0.03989735448983053,0.32283777050957063,0.6372648750005988
woohoo!,neither,0.03945320844208391,0.33037608806864915,0.630170703489267
"I have coins yay, what do i do with them?",neither,0.045229199846841345,0.3536029279099458,0.6011678722432129
#VIKINGS,neither,0.03945320844208391,0.33037608806864915,0.630170703489267
!info Elegost82,neither,0.03945320844208391,0.33037608806864915,0.630170703489267
You earn 1 coins for every 1 minute you watch while geekandsundry is live. Check your coins by typing !wallet and visit www.revlo.co/geekandsundry to see what you can do with them.,neither,0.08528954791648977,0.3649232046814371,0.5497872474020731
Sweden here too,neither,0.1491473976780243,0.26311000062164347,0.5877426017003322
this is one of the worst open beta i have ever played considering the game launch 3 days from now.,neither,0.04250727152035431,0.2947750255000455,0.6627177029796002
@SherlockHulmes,neither,0.03945320844208391,0.33037608806864915,0.630170703489267
@SherlockHulmes so jelly,neither,0.039408962504520015,0.38382265604540616,0.5767683814500738
!info,neither,0.03945320844208391,0.33037608806864915,0.630170703489267
!wallet,neither,0.03945320844208391,0.33037608806864915,0.630170703489267
Sweden represent!,neither,0.03945320844208391,0.33037608806864915,0.630170703489267
osyrus002 has 384 coins,neither,0.03989735448983053,0.32283777050957063,0.6372648750005988
When do they start?,neither,0.02877585390854126,0.392525139775121,0.5786990063163377
!wallet,neither,0.03945320844208391,0.33037608806864915,0.630170703489267
55tactics has 3485 coins,neither,0.03989735448983053,0.32283777050957063,0.6372648750005988
#nodachi4lyfe,neither,0.03945320844208391,0.33037608806864915,0.630170703489267
!wallet,neither,0.03945320844208391,0.33037608806864915,0.630170703489267
erindizmo has 3486 coins,neither,0.03989735448983053,0.32283777050957063,0.6372648750005988
"I never get to watch CR live, really glad I'm gonna get to see this",neither,0.050126744158002064,0.38542490044138716,0.5644483554006107
!wallet,neither,0.03945320844208391,0.33037608806864915,0.630170703489267
>: D,neither,0.03945320844208391,0.33037608806864915,0.630170703489267
tweek75 has 1091 coins,neither,0.03989735448983053,0.32283777050957063,0.6372648750005988
"sams here before it time to start, its not him, obviously Larkin.",neither,0.062051452377638,0.367337887305384,0.570610660316978
vikings won the pro torney,neither,0.03871075848735319,0.3168528411966853,0.6444364003159615
when does this start?,offensive_language,0.01748179241481341,0.5096090940808604,0.47290911350432624
!wallet,neither,0.03945320844208391,0.33037608806864915,0.630170703489267
wallet!,neither,0.03945320844208391,0.33037608806864915,0.630170703489267
annasaurus13 has 0 coins,neither,0.03989735448983053,0.32283777050957063,0.6372648750005988
!wallet,neither,0.03945320844208391,0.33037608806864915,0.630170703489267
revenant606 has 1242 coins,neither,0.03989735448983053,0.32283777050957063,0.6372648750005988
gandsLessthanthree,neither,0.03945320844208391,0.33037608806864915,0.630170703489267
@angrycookye I have yet to play it but heard t has been super laggy.,neither,0.04022805733180245,0.34066118245515525,0.6191107602130423
We're starting in a few minutes!,neither,0.0544291543725118,0.30853984447035904,0.6370310011571291
!waller,neither,0.03945320844208391,0.33037608806864915,0.630170703489267
!wallet,neither,0.03945320844208391,0.33037608806864915,0.630170703489267
perfectmatch98 has 8638 coins,neither,0.03989735448983053,0.32283777050957063,0.6372648750005988
wish I had a ps4 to play this game,neither,0.04413161022750564,0.2952542569657149,0.6606141328067795
"Ah, there we go...had to refresh",neither,0.04543948411086145,0.2991944630518871,0.6553660528372515
!wallet,neither,0.03945320844208391,0.33037608806864915,0.630170703489267
!wallet,neither,0.03945320844208391,0.33037608806864915,0.630170703489267
lesemblant has 390 coins,neither,0.03989735448983053,0.32283777050957063,0.6372648750005988
athenasko has 3132 coins,neither,0.03989735448983053,0.32283777050957063,0.6372648750005988
"just a few seconds until we go live, waiting on one piece of gear to wake up ::pokes gear::",neither,0.03968538773015939,0.382441864771442,0.5778727474983987
whatever happened to Larkin,neither,0.047185005987465944,0.3258788034873848,0.6269361905251492
!wallet,neither,0.03945320844208391,0.33037608806864915,0.630170703489267
knowitall82 has 5369 coins,neither,0.03989735448983053,0.32283777050957063,0.6372648750005988
!wallet,neither,0.03945320844208391,0.33037608806864915,0.630170703489267
Sam! PogChamp,neither,0.03945320844208391,0.33037608806864915,0.630170703489267
meggiemay328 has 7654 coins,neither,0.03989735448983053,0.32283777050957063,0.6372648750005988
so many loose ends,neither,0.03941430858571607,0.36889241037704695,0.591693281037237
hey @danoba,neither,0.03945320844208391,0.33037608806864915,0.630170703489267
Hi guys,neither,0.03930687933907141,0.3328596748352989,0.6278334458256297
!wallet,neither,0.03945320844208391,0.33037608806864915,0.630170703489267
mogilner has 7879 coins,neither,0.03989735448983053,0.32283777050957063,0.6372648750005988
woah its ma boi @SherlockHulmes hows it going friend!,neither,0.030542147203906026,0.41520862718724527,0.5542492256088486
'!wallet,neither,0.03945320844208391,0.33037608806864915,0.630170703489267
!wallet,neither,0.03945320844208391,0.33037608806864915,0.630170703489267
firechild460 has 5104 coins,neither,0.03989735448983053,0.32283777050957063,0.6372648750005988
!wallet,neither,0.03945320844208391,0.33037608806864915,0.630170703489267
sutiban has 124883 coins,neither,0.03989735448983053,0.32283777050957063,0.6372648750005988
"I'm a Samurai of mind, but Viking in heart.",neither,0.03586015061965751,0.341099623920614,0.6230402254597285
Ello all,offensive_language,0.046917543854519406,0.6277741405869331,0.3253083155585475
Hey @zenora1911,neither,0.03945320844208391,0.33037608806864915,0.630170703489267
!wallet,neither,0.03945320844208391,0.33037608806864915,0.630170703489267
sudakushi has 862 coins,neither,0.03989735448983053,0.32283777050957063,0.6372648750005988
!info,neither,0.03945320844208391,0.33037608806864915,0.630170703489267
You earn 1 coins for every 1 minute you watch while geekandsundry is live. Check your coins by typing !wallet and visit www.revlo.co/geekandsundry to see what you can do with them.,neither,0.08528954791648977,0.3649232046814371,0.5497872474020731
!wallet,neither,0.03945320844208391,0.33037608806864915,0.630170703489267
buffaloval has 9362 coins,neither,0.03989735448983053,0.32283777050957063,0.6372648750005988
hahaha hey clayt8,neither,0.03945320844208391,0.33037608806864915,0.630170703489267
!spoilers even the smallest are not welcome :),neither,0.056775358427680514,0.2969581735923126,0.6462664679800069
Spoilers suck. Please don't post them in chat for those who haven't experienced this yet. Spoilers will be mercilessly smited.,neither,0.07732520287282776,0.2928998020957186,0.6297749950314536
hello The_Fezgig,neither,0.03945320844208391,0.33037608806864915,0.630170703489267
!wallet,neither,0.03945320844208391,0.33037608806864915,0.630170703489267
jupiters_rooster has 8387 coins,neither,0.03989735448983053,0.32283777050957063,0.6372648750005988
woow,neither,0.03945320844208391,0.33037608806864915,0.630170703489267
hi ^^,neither,0.03945320844208391,0.33037608806864915,0.630170703489267
!wallet,neither,0.03945320844208391,0.33037608806864915,0.630170703489267
go_jg has 9210 coins,neither,0.03989735448983053,0.32283777050957063,0.6372648750005988
@angrycookye I don't know...it was running better for me last night than DA:I multiplayer was months after the game launched,neither,0.03849644652255841,0.364519978157263,0.5969835753201785
Ello everyone,offensive_language,0.02988896790634741,0.4927062106388782,0.4774048214547744
So for someone's who's new in the chat.. What's the wallet thing?,neither,0.04014146835461345,0.29539717284794387,0.6644613587974427
hi SecretiveElf,neither,0.03945320844208391,0.33037608806864915,0.630170703489267
!wallet,neither,0.03945320844208391,0.33037608806864915,0.630170703489267
amboadine has 2948 coins,neither,0.03989735448983053,0.32283777050957063,0.6372648750005988
@zenora1911 Hello Zen!,neither,0.03945320844208391,0.33037608806864915,0.630170703489267
Hi,neither,0.03945320844208391,0.33037608806864915,0.630170703489267
!info,neither,0.03945320844208391,0.33037608806864915,0.630170703489267
!wallet,neither,0.03945320844208391,0.33037608806864915,0.630170703489267
memesquad_ has 6857 coins,neither,0.03989735448983053,0.32283777050957063,0.6372648750005988
You earn 1 coins for every 1 minute you watch while geekandsundry is live. Check your coins by typing !wallet and visit www.revlo.co/geekandsundry to see what you can do with them.,neither,0.08528954791648977,0.3649232046814371,0.5497872474020731
!wallet,neither,0.03945320844208391,0.33037608806864915,0.630170703489267
gildedfool has 4095 coins,neither,0.03989735448983053,0.32283777050957063,0.6372648750005988
!wallet,neither,0.03945320844208391,0.33037608806864915,0.630170703489267
d20_singlemalt has 7877 coins,neither,0.03989735448983053,0.32283777050957063,0.6372648750005988
Yay I win coins,neither,0.03945320844208391,0.33037608806864915,0.630170703489267
heya!,neither,0.03945320844208391,0.33037608806864915,0.630170703489267
!wallet,neither,0.03945320844208391,0.33037608806864915,0.630170703489267
lizlp has 3101 coins,neither,0.03989735448983053,0.32283777050957063,0.6372648750005988
!wallet,neither,0.03945320844208391,0.33037608806864915,0.630170703489267
pospeselr has 6777 coins,neither,0.03989735448983053,0.32283777050957063,0.6372648750005988
!wallet,neither,0.03945320844208391,0.33037608806864915,0.630170703489267
ratpackdnd has 2 coins,neither,0.03989735448983053,0.32283777050957063,0.6372648750005988
!wallet,neither,0.03945320844208391,0.33037608806864915,0.630170703489267
captainmunden has 43600 coins,neither,0.03989735448983053,0.32283777050957063,0.6372648750005988
hello all!,neither,0.04217753453783664,0.43734383323855475,0.5204786322236087
!wallet,neither,0.03945320844208391,0.33037608806864915,0.630170703489267
oberon5745 has 518 coins,neither,0.03989735448983053,0.32283777050957063,0.6372648750005988
!wallet,neither,0.03945320844208391,0.33037608806864915,0.630170703489267
BIDET,neither,0.03945320844208391,0.33037608806864915,0.630170703489267
kayla516 has 4288 coins,neither,0.03989735448983053,0.32283777050957063,0.6372648750005988
!wallet,neither,0.03945320844208391,0.33037608806864915,0.630170703489267
copashi224 has 1681 coins,neither,0.03989735448983053,0.32283777050957063,0.6372648750005988
WHAT FACTION?!?!,neither,0.04568673754512718,0.3259267583143808,0.628386504140492
hello raxoru,neither,0.03945320844208391,0.33037608806864915,0.630170703489267
!wallet,neither,0.03945320844208391,0.33037608806864915,0.630170703489267
oblivious_carrot has 804 coins,neither,0.03989735448983053,0.32283777050957063,0.6372648750005988
Ubi really have just dumped money into promoting this on Twitch haven't they,neither,0.03513642067563205,0.35516506049174523,0.6096985188326226
!wallet,neither,0.03945320844208391,0.33037608806864915,0.630170703489267
rainy1217 has 3954 coins,neither,0.03989735448983053,0.32283777050957063,0.6372648750005988
!wallet,neither,0.03945320844208391,0.33037608806864915,0.630170703489267
!wallet,neither,0.03945320844208391,0.33037608806864915,0.630170703489267
knightsteeds has 5525 coins,neither,0.03989735448983053,0.32283777050957063,0.6372648750005988
I kinda love this game,neither,0.03549568454991257,0.3001456833413124,0.6643586321087749
troubled_lady199 has 8 coins,neither,0.03989735448983053,0.32283777050957063,0.6372648750005988
!wallet,neither,0.03945320844208391,0.33037608806864915,0.630170703489267
laxman08 has 3767 coins,neither,0.03989735448983053,0.32283777050957063,0.6372648750005988
When are they starting ?,neither,0.053692332413134834,0.3350526610140729,0.6112550065727922
!wallet,neither,0.03945320844208391,0.33037608806864915,0.630170703489267
raxoru has 1704 coins,neither,0.03989735448983053,0.32283777050957063,0.6372648750005988
"... Hello, and welcome to Critical Ro-sorry, wrong show",neither,0.05234385069123024,0.25884154641498996,0.6888146028937797
!wallet,neither,0.03945320844208391,0.33037608806864915,0.630170703489267
gandsDrink,neither,0.03945320844208391,0.33037608806864915,0.630170703489267
memesquad_ has 6857 coins,neither,0.03989735448983053,0.32283777050957063,0.6372648750005988
!wallet,neither,0.03945320844208391,0.33037608806864915,0.630170703489267
trainerjodie has 19402 coins,neither,0.03989735448983053,0.32283777050957063,0.6372648750005988
!wallet,neither,0.03945320844208391,0.33037608806864915,0.630170703489267
queen_mog has 3748 coins,neither,0.03989735448983053,0.32283777050957063,0.6372648750005988
"Yesterday I just got kicked offf every session, even tho I forwarded the ports. Not sure why they thought p2p was a brilliant idea",neither,0.027604384066908044,0.39427339655083166,0.5781222193822602
!wallet,neither,0.03945320844208391,0.33037608806864915,0.630170703489267
they rep one for each faction,neither,0.034592065910552035,0.33044097606734396,0.6349669580221039
thumper7999 has 1067 coins,neither,0.03989735448983053,0.32283777050957063,0.6372648750005988
"I know nothing about this game, I hope they have a quick For Newbs explanation :D",neither,0.05201031621973785,0.2645786552985414,0.6834110284817206
jebus this chat goes fast,neither,0.03936732261408404,0.33183379471395685,0.6287988826719592
I wonder if Liam is going to do another one-shot,neither,0.06170447948372665,0.3529087238081336,0.5853867967081399
SUB HYPE <3 <3,neither,0.03945320844208391,0.33037608806864915,0.630170703489267
so anyone else think Travis is gonna go viking?,neither,0.045803802085108244,0.39270325014808394,0.5614929477668078
!wallet,neither,0.03945320844208391,0.33037608806864915,0.630170703489267
um do we watch them play or is it just this?,neither,0.05782436839638589,0.3392538440954003,0.6029217875082138
Hello Mark!,neither,0.03945320844208391,0.33037608806864915,0.630170703489267
@Stabigail People fight. For honor.,neither,0.06036465316563117,0.2985840164430849,0.641051330391284
Travis is viking,neither,0.04912624121044723,0.3270490885368631,0.6238246702526896
!walley,neither,0.03945320844208391,0.33037608806864915,0.630170703489267
fun fact katana can't cut through chain mail. VoHiYo,neither,0.03963508350724973,0.32728919355668845,0.6330757229360617
"@retro1123 If they're repping different factions, they couldn't be on the same team",neither,0.035066404985874766,0.35207002878220234,0.6128635662319228
We're starting in a few seconds!,neither,0.0542892237062647,0.30872228221731657,0.6369884940764188
!wallet,neither,0.03945320844208391,0.33037608806864915,0.630170703489267
@Stabigail Step one: kill all the things. There is no Step 2.,neither,0.21997026978149234,0.2773700907019489,0.5026596395165588
GO KNIGHTS,neither,0.04076545527285137,0.334931166163354,0.6243033785637945
All the countless hours I've watched critical role vod aren't counted by revlo :-(,neither,0.02777416020209111,0.36624716049751815,0.6059786793003907
travis was on yesterday,neither,0.03682716162424089,0.34427798123826636,0.6188948571374927
!uptime,neither,0.03945320844208391,0.33037608806864915,0.630170703489267
travis voiced the raider,neither,0.038821506506003585,0.31890364098974233,0.6422748525042542
be patient peeps. theyre almost set up it looks like,neither,0.043235783596790436,0.3736311408167547,0.5831330755864549
travis voiced one of the vikings,neither,0.03829821542209878,0.34008718454322495,0.6216146000346763
Revlo us muted for the time being and will no longer respond to wallet commands.,neither,0.05642397751377118,0.29669113483766796,0.6468848876485609
!wallet,neither,0.03945320844208391,0.33037608806864915,0.630170703489267
Cheers guys :D,neither,0.0393257792009554,0.33253889485441845,0.6281353259446261
!wallet,neither,0.03945320844208391,0.33037608806864915,0.630170703489267
!wallet,neither,0.03945320844208391,0.33037608806864915,0.630170703489267
!wallet,neither,0.03945320844208391,0.33037608806864915,0.630170703489267
!wallet,neither,0.03945320844208391,0.33037608806864915,0.630170703489267
"Hello again and welcome to Critical Gaming, the show where a bunch of nerdy *** voice actors get together to attempt to look good while playing a game none of us have had time to get good at....",neither,0.06633292936856203,0.32534222723904294,0.608324843392395
i would be fine just watching this for the steam if they took the banner off and turned on the mics,neither,0.024461933115674222,0.3189869675040346,0.6565510993802912
"@gamerphan yes you can, GassyMexican did with his friends last night. all of them were different factions",neither,0.06497677238072998,0.41747420609621516,0.5175490215230549
!wallet,neither,0.03945320844208391,0.33037608806864915,0.630170703489267
when are they playing?,neither,0.055327297745328116,0.33542010990039056,0.6092525923542814
#breakguardstunpushoveredgeofcliff #nohonor,neither,0.03945320844208391,0.33037608806864915,0.630170703489267
I wonder if Liam is going peacekeeper lol,neither,0.024234400161959442,0.4349288220640492,0.5408367777739913
"guys theyre just setting up, everyones in place so it wont be long",neither,0.03630040487212419,0.3733630650684197,0.5903365300594561
gandsSubHype gandsSubHype gandsSubHype gandsSubHype gandsSubHype gandsSubHype,neither,0.03945320844208391,0.33037608806864915,0.630170703489267
huzzah,neither,0.03945320844208391,0.33037608806864915,0.630170703489267
yeahhhh,neither,0.03945320844208391,0.33037608806864915,0.630170703489267
Huzzah!,neither,0.03945320844208391,0.33037608806864915,0.630170703489267
haha there you go,neither,0.05616164893120976,0.4316893167296965,0.5121490343390938
wahooo!!,neither,0.03945320844208391,0.33037608806864915,0.630170703489267
Hey,neither,0.03945320844208391,0.33037608806864915,0.630170703489267
@retro1123 @gatrax they're playing characters from different factions yes,neither,0.05366427815754024,0.2957464639858589,0.6505892578566009
gandsDrink gandsDrink gandsDrink gandsDrink gandsDrink gandsDrink gandsDrink gandsDrink gandsDrink gandsDrink,neither,0.03945320844208391,0.33037608806864915,0.630170703489267
"I'd love to see a comedy one-shot ""Welcome to Critical Whoa! where nerdy *** voice actors play and the points don't matter""",neither,0.043347883270354166,0.3090988631498343,0.6475532535798115
yaaaaa,neither,0.03945320844208391,0.33037608806864915,0.630170703489267
gandsSubHype gandsSubHype gandsSubHype gandsSubHype,neither,0.03945320844208391,0.33037608806864915,0.630170703489267
Wooh!,neither,0.03945320844208391,0.33037608806864915,0.630170703489267
hrpgHeyo hrpgHeyo hrpgHeyo,neither,0.03945320844208391,0.33037608806864915,0.630170703489267
"""good morning"" feels bad when you live it britan",neither,0.04988938407642571,0.29250775265432233,0.657602863269252
nevermind lol,neither,0.030390423329749658,0.3972060592599654,0.5724035174102851
yay,neither,0.03945320844208391,0.33037608806864915,0.630170703489267
hrpgHeyo hrpgHeyo hrpgHeyo hrpgHeyo hrpgHeyo,neither,0.03945320844208391,0.33037608806864915,0.630170703489267
Casual Sam,neither,0.03945320844208391,0.33037608806864915,0.630170703489267
EYYYYY,neither,0.03945320844208391,0.33037608806864915,0.630170703489267
valentines release,neither,0.03945320844208391,0.33037608806864915,0.630170703489267
too many mind,neither,0.03914014677399331,0.3356895616019948,0.6251702916240118
FOR HONOR!,neither,0.03215927892586973,0.29398794818614704,0.6738527728879832
wooooooo,neither,0.03945320844208391,0.33037608806864915,0.630170703489267
"Wow, impressive set.",neither,0.03945320844208391,0.33037608806864915,0.630170703489267
I'm also playing For Honor (Beta) #Knights!,neither,0.035651007680341906,0.3113738980759005,0.6529750942437575
man I miss the days when noon counted as morning,neither,0.032314384373910245,0.3251833360517292,0.6425022795743606
Is Matt wearing Marisha's clothes?,neither,0.04455174308580492,0.22510022424726378,0.7303480326669314
Marisha is just *** ready for this. XD,neither,0.03553990730755452,0.31962339715053745,0.6448366955419079
#gatrax but that's not the same thing,neither,0.030394190432158418,0.38355757347691377,0.5860482360909278
What you drinking ?? it looks like milk water,neither,0.06792732777472174,0.3781915156423752,0.5538811565829032
\ tangRage /,neither,0.03945320844208391,0.33037608806864915,0.630170703489267
#damnyouterry,neither,0.03945320844208391,0.33037608806864915,0.630170703489267
"just saw the headline say ""critical role"" and thought.. stop everything! i have to watch!!!",neither,0.04446984303469914,0.2944663143197728,0.6610638426455281
come on Marisha show them what us girls can do,neither,0.09154690529726933,0.3510903108006243,0.5573627839021064
I'd love to get on the open beta,neither,0.03873377280774901,0.3430933172576049,0.6181729099346461
Is this how Marishatt sit at home playing games together?,neither,0.044682163710532116,0.34716655162668253,0.6081512846627855
@gamerphan they were all different factions too. if you're friends you can be any faction and any character,neither,0.054994460892375564,0.4012119304942336,0.5437936086133909
"hi Matt, Marisha, Sam Taliesin and Travis :D",neither,0.03888681549901224,0.3025384257491367,0.658574758751851
gandsDrink gandsSCANLAN,neither,0.03945320844208391,0.33037608806864915,0.630170703489267
hey Taliesin gandsGnSBigsby gandsGandSKiki gandsGrogSigil gandsMatt,neither,0.03945320844208391,0.33037608806864915,0.630170703489267
Kick their asses Mercer!,neither,0.03945320844208391,0.33037608806864915,0.630170703489267
Duels plz BibleThump,neither,0.03945320844208391,0.33037608806864915,0.630170703489267
Marisha has got a serious gamer pose going.,neither,0.037686797226971026,0.37695109790745995,0.5853621048655689
haha marisha looks like parappa the rappa : ),neither,0.0456546759354329,0.4151435033903425,0.5392018206742246
what are the coins for,neither,0.06356840150939445,0.24103349178533823,0.6953981067052672
Hey everyone :-),neither,0.031959242684595296,0.4575682446653829,0.5104725126500218
good morning from 4am Singapore!,neither,0.04970167945248425,0.13853493529988845,0.8117633852476273
marisha looks so good i can't handle it,neither,0.03769455021774543,0.37095015865022896,0.5913552911320256
trebuchet memes?,neither,0.03945320844208391,0.33037608806864915,0.630170703489267
woohoo!,neither,0.03945320844208391,0.33037608806864915,0.630170703489267
Catapult was superpowers,neither,0.0393133255125878,0.3327502664475535,0.6279364080398587
BIDET!,neither,0.03945320844208391,0.33037608806864915,0.630170703489267
wooooooo,neither,0.03945320844208391,0.33037608806864915,0.630170703489267
HeyGuys,neither,0.03945320844208391,0.33037608806864915,0.630170703489267
HEY!,neither,0.03945320844208391,0.33037608806864915,0.630170703489267
hi Guys!!!,neither,0.03930687933907141,0.3328596748352989,0.6278334458256297
PogChamp Sam Riegel subs unite PogChamp,neither,0.03945320844208391,0.33037608806864915,0.630170703489267
wooooo,neither,0.03945320844208391,0.33037608806864915,0.630170703489267
hiii,neither,0.03945320844208391,0.33037608806864915,0.630170703489267
!wallet,neither,0.03945320844208391,0.33037608806864915,0.630170703489267
Bees knees!,neither,0.03945320844208391,0.33037608806864915,0.630170703489267
beepbeep,neither,0.03945320844208391,0.33037608806864915,0.630170703489267
BIDET!,neither,0.03945320844208391,0.33037608806864915,0.630170703489267
love matts hair,neither,0.035023351694869836,0.35131278149809764,0.6136638668070324
heeyyy,neither,0.03945320844208391,0.33037608806864915,0.630170703489267
Raaaddd,neither,0.03945320844208391,0.33037608806864915,0.630170703489267
#damnitterry,neither,0.03945320844208391,0.33037608806864915,0.630170703489267
"Hey, guys!",neither,0.03929207127355727,0.33311100635304525,0.6275969223733975
Hi guys!!!,neither,0.03930687933907141,0.3328596748352989,0.6278334458256297
straight and to the point!,neither,0.0457539843079883,0.26391703527354404,0.6903289804184676
SAMMMMMMM,neither,0.03945320844208391,0.33037608806864915,0.630170703489267
hi - Sam's not late for once O.O,neither,0.03390180526303579,0.31088482825347274,0.6552133664834915
holy hell i can make comments today!,offensive_language,0.03979243202216399,0.6263537737839577,0.3338537941938782
"Good luck, Sam!",neither,0.03881151517783205,0.3305967958074566,0.6305916890147113
No Liam? I was hoping for an impromptu All Work No Play,neither,0.035961117356144254,0.3628017598189881,0.6012371228248677
I don't know if I'm going to be able to make it out to see you Matt Marisha and Travis :( I've got my ticket but things got a lot more difficult today.,neither,0.025417528205599848,0.4148152733515609,0.5597671984428393
HI GUYS,neither,0.03930687933907141,0.3328596748352989,0.6278334458256297
Hello!!,neither,0.03945320844208391,0.33037608806864915,0.630170703489267
its terry darington,neither,0.02700859978372578,0.3346563596412867,0.6383350405749875
Ah Travis is back! Many nipple tassles!,neither,0.045248871962161485,0.32838269362045175,0.6263684344173869
Liam HAS BEEN REMOVED FROM THE SHOW?????,neither,0.05219619656254423,0.2388228272865966,0.7089809761508591
