text,top_class,hate_speech,offensive_language,neither
Netherlands represent,neither,0.03945320844208391,0.33037608806864915,0.630170703489267
Terry Daringtin,neither,0.03945320844208391,0.33037608806864915,0.630170703489267
"Who has money on who decks Tary first? Vex, Kiki, or Vax?",neither,0.03369678107718925,0.4316366305798606,0.5346665883429501
"invites all Critters who are thinking of attending GenCon to join us in planning events, housing and travel arrangements at http://CrittersatGenCon.freeforums.net",neither,0.07115736089110868,0.29865411490760374,0.6301885242012876
Tary must not darry at the dairy by the dell ...,neither,0.03782478132030936,0.35006512285361563,0.612110095826075
bidet from the east coast,neither,0.03957574166208066,0.29812588388908123,0.6622983744488381
AHHHH it's live!!,neither,0.042454907287989174,0.3293436661908331,0.6282014265211776
Bidet from Toronto :D,neither,0.04066490145509902,0.30981049537100724,0.6495246031738937
current time PST please?,neither,0.03823176126091819,0.35110723445615727,0.6106610042829246
aaawwwwwwwww yeah,offensive_language,0.013968601452186464,0.5182923869769311,0.4677390115708824
ART,neither,0.03945320844208391,0.33037608806864915,0.630170703489267
bidet from michigan!,neither,0.040769555981420263,0.3080342349327864,0.6511962090857933
"""Taryon X Kaylie"" is now a possibility within the CR-multiverse - Support or Oppose? sbzyLuv sbzyOmg sbzyMistake",neither,0.06092630091760398,0.31395617265711556,0.6251175264252804
bidet from ont canadia,neither,0.040737273169946825,0.30858215849491494,0.6506805683351382
LIVE,neither,0.04891340716200846,0.3271222919257548,0.6239643009122369
yes! music!,neither,0.03945320844208391,0.33037608806864915,0.630170703489267
is it bad that i have an alarm to tell me to get off of battlefield 1 and watch CR,neither,0.044187015789477126,0.35406312827277114,0.6017498559377518
"Hold me, I'm scared",neither,0.03140509472882908,0.3743115401964135,0.5942833650747574
Vax,neither,0.03945320844208391,0.33037608806864915,0.630170703489267
I hope Tarrion hits on that elf girl,neither,0.05315795938622626,0.3314566708320474,0.6153853697817264
gandsRaid gandsRaid gandsRaid gandsRaid gandsRaid gandsRaid gandsRaid gandsRaid gandsRaid gandsRaid gandsRaid gandsRaid gandsRaid gandsRaid,neither,0.03945320844208391,0.33037608806864915,0.630170703489267
We llive!!!!,neither,0.03928250105640122,0.33327343791445996,0.6274440610291387
Live PogChamp,neither,0.04891340716200846,0.3271222919257548,0.6239643009122369
Why do people want Sam's new character to hook up with his old characters daughter?,neither,0.05765617210067967,0.33418319019104764,0.6081606377082728
Bidet from Texas!!,neither,0.040937266849991,0.30518774380265185,0.6538749893473571
First night live,neither,0.027953641940179467,0.3310333734477275,0.6410129846120931
wheres the stream at?,neither,0.038023345630541404,0.33668759333460624,0.6252890610348523
Hello critters!,neither,0.03945320844208391,0.33037608806864915,0.630170703489267
kind of want this to be the way it goes,neither,0.043617178967957936,0.3152883625606414,0.6410944584714007
HERE COMES THE TARRY ART,neither,0.08603921466598106,0.2771518508309522,0.6368089345030669
I want terry to be a gun archanist and just act superior to percy constantly.,neither,0.043399270695280726,0.3286626020727545,0.6279381272319648
PUH PPY,neither,0.03945320844208391,0.33037608806864915,0.630170703489267
Wooo,neither,0.03945320844208391,0.33037608806864915,0.630170703489267
I've been hyperventilating for a week straight waiting for tonight,neither,0.01785825062088813,0.2788179441894792,0.7033238051896327
Live!!!!,neither,0.04891340716200846,0.3271222919257548,0.6239643009122369
Yay fanart,neither,0.03945320844208391,0.33037608806864915,0.630170703489267
bidet from Michigan.,neither,0.040769555981420263,0.3080342349327864,0.6511962090857933
Refresh if it still says offline.,neither,0.02340390158534381,0.3900163645224778,0.5865797338921784
Bidet from PHOENIX!!!!,neither,0.04066490145509902,0.30981049537100724,0.6495246031738937
\o/,neither,0.03945320844208391,0.33037608806864915,0.630170703489267
Artificer's Infuse Magic can be fun... infuse a mundane vial of ink with the Blink spell... call it Disappearing Reappearing Ink.. . :P,neither,0.033604288159591336,0.33954718987926413,0.6268485219611446
gandsSubHype Here We GO!,neither,0.13156755280784707,0.2765461283225309,0.5918863188696221
im seeing a lot of far fetched theories on terry,neither,0.03621038013682944,0.37134629122338536,0.5924433286397852
after a crap week so need my CR fix tonight!!,neither,0.030879905128282793,0.39059563944861986,0.5785244554230974
10 till 7pm pst,neither,0.03945320844208391,0.33037608806864915,0.630170703489267
gandsNatTwenty gandsNatTwenty gandsNatTwenty gandsNatTwenty,neither,0.03945320844208391,0.33037608806864915,0.630170703489267
LIVE,neither,0.04891340716200846,0.3271222919257548,0.6239643009122369
I almost pooed in my pants rewatching Naruto when Garra started talking,neither,0.024171461518306656,0.4351116341266102,0.5407169043550832
TARRY DERRINGTON!,neither,0.03945320844208391,0.33037608806864915,0.630170703489267
gandsCrit,neither,0.03945320844208391,0.33037608806864915,0.630170703489267
"err, did they start super early//I miss anything?",neither,0.03583463435782033,0.3151144404167216,0.6490509252254579
Hello everyone!,neither,0.03269494828970791,0.4450814005079928,0.5222236512022994
gandsGandsPoo,neither,0.03945320844208391,0.33037608806864915,0.630170703489267
Gods did I miss talks machina this week,neither,0.033414347817276285,0.33383713497822626,0.6327485172044974
Bidet from toronto!,neither,0.04066490145509902,0.30981049537100724,0.6495246031738937
GO TERRY!!!!!!!!!!,neither,0.04276165647058889,0.34190019769565555,0.6153381458337556
@Lbj43569 Nah. Alarms are good. I've got one for reminding me about CR too. XD,neither,0.02615985887594001,0.3603757368647888,0.6134644042592712
One more time-http://media.wizards.com/2016/dnd/downloads/1_UA_Artificer_20170109.pdf,neither,0.037583142124524294,0.2927601500654495,0.6696567078100262
tenison is Vex going to kill Terry dumb dumb,neither,0.3823317167011797,0.20719643421747486,0.4104718490813453
"yay my crit roll dice just arived, in time for the show",neither,0.032136670541665295,0.33183519430708147,0.6360281351512532
a cycling out of each character,neither,0.0352334501224301,0.346559073278319,0.6182074765992509
Bidet from Chicago,neither,0.04078317879478948,0.307803020237201,0.6514138009680096
"fanart 10 mins to go, if you cannot see the fanart please refresh",neither,0.039536606052549154,0.38260798718847694,0.5778554067589738
LIVE FROM NEW YORK ITS SATURDAY NIGHT!11!,neither,0.0357912902321391,0.25656319030530095,0.7076455194625598
whoooooooo!!,neither,0.03945320844208391,0.33037608806864915,0.630170703489267
"guys, we must summon denise!",neither,0.040271718194153074,0.31648384143580305,0.6432444403700438
@dndragoon ga slapen jij xD,neither,0.03945320844208391,0.33037608806864915,0.630170703489267
Michigan!!!,neither,0.03945320844208391,0.33037608806864915,0.630170703489267
Terry Darrington checking in from michigan!!,neither,0.040399081234639304,0.31432215824770293,0.6452787605176578
"steam is live, reload if it is not up fo you",neither,0.04535360018245871,0.441624096472991,0.5130223033445503
Lets do this!,neither,0.040148419443759686,0.3496283523875733,0.610223228168667
@Crappledumpkins Primarily because it would gross out the opposers. We enjoy being trangressive.,neither,0.03095382180805232,0.3491612425519051,0.6198849356400427
OMG starting!!!,neither,0.03945320844208391,0.33037608806864915,0.630170703489267
omg,neither,0.03945320844208391,0.33037608806864915,0.630170703489267
"Critical Role starts exactly between ""It hasn't started yet"" and ""It alredy started"".",neither,0.03775787146593704,0.31194514408285146,0.6502969844512115
Cant wait to see where the story gors next,neither,0.045052995610353176,0.2989480892286287,0.655998915161018
"Bidet from Suquamish, WA",neither,0.04071751644889743,0.3089174816120565,0.6503650019390461
Bidet from WI,neither,0.040737273169946825,0.30858215849491494,0.6506805683351382
good evening everyone!! Who's ready?!?,neither,0.03434970866935843,0.46441509610036436,0.5012351952302772
gandsCrit gandsCrit gandsCrit,neither,0.03945320844208391,0.33037608806864915,0.630170703489267
Bidet from NorCal.,neither,0.04228451509352876,0.2823214250720796,0.6753940598343917
cycling in withnew characters,neither,0.03945320844208391,0.33037608806864915,0.630170703489267
Keyleth decks the new guy first. #myguess,neither,0.03507189118911669,0.24971915361239475,0.7152089551984885
So.......this is my first time watching a live episode,neither,0.03274822826288717,0.4430902735946603,0.5241614981424525
Bidet from Buffalo,neither,0.04069404815304118,0.30931579984010865,0.6499901520068502
Man the art is so good,neither,0.045927200576787196,0.41793737257901636,0.5361354268441965
bidet from nashville tn!!,neither,0.04041510871920598,0.31405013000620496,0.645534761274589
Bidet from Maine :),neither,0.04069404815304118,0.30931579984010865,0.6499901520068502
"and of course, before it goes sub only, Hello everyone and Hope we all enjoy the show!",neither,0.05768294027056639,0.30494865082880807,0.6373684089006256
Can't wait!!,neither,0.03991073413903658,0.3226106829444422,0.6374785829165213
Bidet from Tennessee,neither,0.04071751644889743,0.3089174816120565,0.6503650019390461
Sub Hype! gandsMatt gandsMatt gandsMatt,neither,0.03945320844208391,0.33037608806864915,0.630170703489267
Art started up everybody!,neither,0.03704234666767181,0.3788689979688956,0.5840886553634325
tell me little elf girl XD,neither,0.02839740801345734,0.41779950803906296,0.5538030839474798
"Broadcasting on alpha ,,,not here?",neither,0.08302865786933052,0.30944053106506114,0.6075308110656084
bidet,neither,0.03945320844208391,0.33037608806864915,0.630170703489267
"Excited, sick but excited",neither,0.0371332738109915,0.3372092296606628,0.6256574965283457
"""little elf girl"" he might be dead to start with...",neither,0.034896570609993245,0.39792247708455164,0.5671809523054552
@tiredswedishcritter same here!! welcome to the stream ^^,neither,0.08741207768385602,0.2871457938977076,0.6254421284184363
dang i missed mother ship lol,neither,0.03317489286806719,0.3750815282536599,0.5917435788782729
Bidet! First time watching live for mew too.,neither,0.030540288933272278,0.3256314275183844,0.6438282835483433
"O hi critters, FINALLY got caught up and made it to a stream!",neither,0.03946164774049728,0.363954719215351,0.5965836330441517
THIS IS GOING TO BE FUN FUN FUN,neither,0.04727240069698904,0.3452624123281071,0.6074651869749039
Nice love the fan art1,neither,0.03541106835567025,0.3270685216189652,0.6375204100253646
Hello!,neither,0.03945320844208391,0.33037608806864915,0.630170703489267
the love for the art is real,neither,0.03047145488704324,0.3871519420042782,0.5823766031086786
bidet from florida,neither,0.0408948396164547,0.30590784468201904,0.6531973157015263
this episode tho...,neither,0.03483542782493571,0.3424153238078943,0.6227492483671698
Bidet from pa,neither,0.04069404815304118,0.30931579984010865,0.6499901520068502
@tiredswedishcritter Welcome then!,neither,0.03945320844208391,0.33037608806864915,0.630170703489267
bidet from Madison WI,neither,0.040402255548430084,0.3142682818583747,0.6453294625931952
"Bidet from Orlando, Florida and soon to be Chattanooga TN",neither,0.0443267865158069,0.2913641914478015,0.6643090220363915
gandsLessthanthree,neither,0.03945320844208391,0.33037608806864915,0.630170703489267
!*,neither,0.03945320844208391,0.33037608806864915,0.630170703489267
It's Thursday Yet!,neither,0.037885131949556984,0.3309154214795216,0.6311994465709215
hhmmm 10 more min,neither,0.041401646550551875,0.32022123746408576,0.6383771159853624
"""Taryon X Kaylie"" is now a possibility within the CR-multiverse - Support or Oppose? sbzyLuv sbzyOmg sbzyMistake",neither,0.06092630091760398,0.31395617265711556,0.6251175264252804
"Bidet from Sydney, Aus!",neither,0.04062582848913359,0.31047366557575606,0.6489005059351104
REfresh,neither,0.03945320844208391,0.33037608806864915,0.630170703489267
Bidet from SoCal,neither,0.04062582848913359,0.31047366557575606,0.6489005059351104
bidet from wisconsin,neither,0.04071751644889743,0.3089174816120565,0.6503650019390461
Bidet from the corpse of Sam Riegel Kappa,neither,0.03954296052369995,0.3062057934554153,0.6542512460208848
gandsLessthanthree gandsSubHype gandsDrink gandsClassic gandsNatTwenty,neither,0.03945320844208391,0.33037608806864915,0.630170703489267
Bidet from Nebraska,neither,0.04062582848913359,0.31047366557575606,0.6489005059351104
Any advice on how to make my viewing faster??for some reason twitch is so slow for me,neither,0.02699747301242392,0.3867517699545049,0.5862507570330711
hope this is a funny episode. ive had a bad week and could use a laugh.,neither,0.03422291005657869,0.30932419429686403,0.6564528956465574
"Grand Rapids, MI represented!!",neither,0.03945320844208391,0.33037608806864915,0.630170703489267
@Godzilla969 yeah! TN represent!!!,neither,0.025537677930986845,0.4255936174648079,0.5488687046042052
bidet from Manchester,neither,0.04066490145509902,0.30981049537100724,0.6495246031738937
This is going to be amazing....,neither,0.055167712516122666,0.35742298152560786,0.5874093059582696
Terry Darington Hype!,neither,0.03945320844208391,0.33037608806864915,0.630170703489267
The artists are so amazing.,neither,0.06214322926551644,0.31316311175611367,0.6246936589783699
Early Squad,neither,0.04121862331303719,0.30041239034290146,0.6583689863440614
wont be TERRYBLE,neither,0.0401283659338278,0.33602976998098405,0.6238418640851883
Vex going kill Terry and loot weapon,neither,0.34832582376601656,0.1829290236872517,0.46874515254673177
I wonder if the intro will be different?,neither,0.026625507585473576,0.34373161683787806,0.6296428755766484
i am trying to d a Trinket fan art,neither,0.04511896145390176,0.3270058111291439,0.6278752274169542
I'm so excited to see how Terry and the crew will bond in the coming episodes. XD,neither,0.04237600052092823,0.2987983120939631,0.6588256873851086
bidet from exeter UK,neither,0.04079557052152802,0.30759270029461827,0.6516117291838538
gandsGandsPoo gandsGandsPoo gandsGandsPoo gandsGandsPoo,neither,0.03945320844208391,0.33037608806864915,0.630170703489267
Will this be ep 86?,neither,0.040875898840553655,0.31549417390203116,0.6436299272574153
gandsSubHype gandsSubHype gandsSubHype,neither,0.03945320844208391,0.33037608806864915,0.630170703489267
"Bidet from Plano, TX!",neither,0.040473471510038425,0.31305956113103167,0.64646696735893
@Benbastion WOO WI! gonna go to AMKE??,neither,0.044978208915258,0.3687985468775371,0.586223244207205
Bidet from MA,neither,0.031816597323666866,0.4599893087150652,0.5081940939612679
"grats on first time seeing it live, mine was almost a year go!",neither,0.03520120697514119,0.35401326493693636,0.6107855280879224
This will be my first time getting to watch live! I wasn't scheduled for work today!,neither,0.031501680930861066,0.38335343413535455,0.5851448849337845
Shame there was no talks this week...,neither,0.038607919168250474,0.31085653592347556,0.650535544908274
First time watching live as well!,neither,0.0341598801296137,0.37752069506357383,0.5883194248068124
Tn woop woop,neither,0.03945320844208391,0.33037608806864915,0.630170703489267
my body is ready,neither,0.03405984045513004,0.42505863100050806,0.540881528544362
why is this not listed on my online channels list?,neither,0.026851094766129166,0.40967824431117394,0.5634706609226968
where's my terry art gandsHecBird gandsHecBird,neither,0.028804499837517965,0.3933036185563566,0.5778918816061255
Is It Thursday Yet???,neither,0.04651135664277627,0.32794846724679255,0.6255401761104311
This episode is going to be hilarious and is going to kill me I can tell already,neither,0.20776085356963891,0.2818805117667476,0.5103586346636133
*** raid tonight. Can't even watch. =(,neither,0.0411103978555548,0.31935007984239483,0.6395395223020504
hello from washington usa,neither,0.04029748016683218,0.3160465935260476,0.6436559263071202
woot,neither,0.03945320844208391,0.33037608806864915,0.630170703489267
H Y P E,neither,0.03945320844208391,0.33037608806864915,0.630170703489267
beep beep from VT,neither,0.04228451509352876,0.2823214250720796,0.6753940598343917
bidet to scanlan Kappa,neither,0.04754392689132449,0.32567743738237265,0.6267786357263028
if you are having trouble viewing on your console or phone try switching to a pc,neither,0.06879436330191749,0.36033688974123984,0.5708687469568428
@tiredswedishcritter It's my first time too!,neither,0.019071759849107247,0.45877124705723243,0.5221569930936603
yay now it finally went live for me,neither,0.031922460663515326,0.3357912453615653,0.6322862939749193
Who in here is an artist>\,neither,0.10236707942774133,0.34237199407269486,0.5552609264995638
Bidet Critters!,neither,0.03945320844208391,0.33037608806864915,0.630170703489267
@BuffaloVal hey are you from the buffalo in NY? if so welcome fellow buffalo critter!,neither,0.046987696414290056,0.36136045671028005,0.5916518468754299
yay art!,neither,0.03945320844208391,0.33037608806864915,0.630170703489267
bidet!,neither,0.03945320844208391,0.33037608806864915,0.630170703489267
"Bidet from the ""Taryon X Kaylie"" alternate universe, where it's not weird. sbzyOmg",neither,0.03889065628363108,0.2888092684758766,0.6723000752404922
gandsSCANLAN gandsSCANLAN gandsSCANLAN gandsSCANLAN gandsSCANLAN,neither,0.03945320844208391,0.33037608806864915,0.630170703489267
so many new comers ! (including me hehe),neither,0.036457070250717497,0.3247118965652072,0.6388310331840753
whats the name of the song?,neither,0.03755759153894116,0.30872611050740295,0.6537162979536559
You there! Little elf girl!,neither,0.046277946585886846,0.39059185116818135,0.5631302022459318
Needs more Live Stream!,neither,0.04520996638359069,0.32046764776344056,0.6343223858529687
Apparently weve all been spelling Taryon wrong,neither,0.04039433850798179,0.38255918553733115,0.5770464759546869
welcome roz!,neither,0.03945320844208391,0.33037608806864915,0.630170703489267
omg the percy meme,neither,0.03875868047577005,0.31774187257034686,0.6434994469538832
Hello!,neither,0.03945320844208391,0.33037608806864915,0.630170703489267
"You there, little elf girl",neither,0.046277946585886846,0.39059185116818135,0.5631302022459318
Bidet from a sleepy suburb just south of fort worth tx,neither,0.037042949100647427,0.3325506449739693,0.6304064059253832
bidet from Oregon,neither,0.04071751644889743,0.3089174816120565,0.6503650019390461
I can't wait.,neither,0.03991073413903658,0.3226106829444422,0.6374785829165213
Aww ... no more gandsGandsPoo :(,neither,0.04058406114566467,0.3352625248505303,0.624153414003805
oh,neither,0.051363287716059566,0.22255663153133606,0.7260800807526044
Bidey From Seattle Washington,neither,0.04044618987106782,0.31352260174376695,0.6460312083851653
Howdy from TEXAS PogChamp,neither,0.040937266849991,0.30518774380265185,0.6538749893473571
so excited for terry,neither,0.03181580832259494,0.34544536915846974,0.6227388225189353
!critmusic,neither,0.03945320844208391,0.33037608806864915,0.630170703489267
WHO HATES TARY?!?!?!,neither,0.04034469411648206,0.4194255729923377,0.5402297328911804
Twitch is doing maintenance,neither,0.0457130651844333,0.3282230362854525,0.6260638985301141
The Critical Role theme song is written by Jason Charles Miller (bit.ly/CRsong ). The fan art music is Twin Elms from the Pillars of Eternity Soundtrack (youtu.be/WYMLvmilS24 ),neither,0.04451672980050135,0.3243004653192533,0.6311828048802453
first time watching live as well,neither,0.0341598801296137,0.37752069506357383,0.5883194248068124
Bidet from Toronto,neither,0.04066490145509902,0.30981049537100724,0.6495246031738937
bidet from Florida,neither,0.0408948396164547,0.30590784468201904,0.6531973157015263
lol Percy Meme: They can't kill you if you're already dead inside. *tapps side of head*,neither,0.14228396641891866,0.23472617585244576,0.6229898577286356
that was so cute,neither,0.03639989442672907,0.4113743120690858,0.552225793504185
Bidet from PA,neither,0.04069404815304118,0.30931579984010865,0.6499901520068502
Bidet,neither,0.03945320844208391,0.33037608806864915,0.630170703489267
o/ all,offensive_language,0.046917543854519406,0.6277741405869331,0.3253083155585475
I love seeing these nerds live.<3,neither,0.04861799518047868,0.40317154426557983,0.5482104605539415
HYPE!,neither,0.03945320844208391,0.33037608806864915,0.630170703489267
Beep Beep from Calgary,neither,0.04228451509352876,0.2823214250720796,0.6753940598343917
When this goes live and I can't type in chat anymore I will be snacking on the popcorn I have left over from watching John Wick 2,neither,0.03462673041862002,0.3185866173069792,0.6467866522744007
click the red dot,neither,0.03857134038669707,0.31560596590380857,0.6458226937094943
bidet from North Texas <3,neither,0.04051530955006381,0.31234946040321715,0.647135230046719
XD that friendship one,neither,0.03446741258347863,0.40813884458526645,0.5573937428312549
WOOOOOOO,neither,0.03945320844208391,0.33037608806864915,0.630170703489267
Calling it now. Gurn Blanston is Vecna.,neither,0.048493560648667326,0.32726669639400763,0.6242397429573251
I love Tary,neither,0.03217296676969875,0.3657703709031763,0.602056662327125
"invites all Critters who are thinking of attending GenCon to join us in planning events, housing and travel arrangements at http://CrittersatGenCon.freeforums.net",neither,0.07115736089110868,0.29865411490760374,0.6301885242012876
hello from québec!,neither,0.040875471929787875,0.3062365648703896,0.6528879631998226
ART!!!!!!!!!!!,neither,0.03945320844208391,0.33037608806864915,0.630170703489267
wot,neither,0.03945320844208391,0.33037608806864915,0.630170703489267
Hi everyone!,neither,0.032490659208996964,0.4485487193596734,0.5189606214313296
bidet from colorado,neither,0.04066490145509902,0.30981049537100724,0.6495246031738937
Bidet!,neither,0.03945320844208391,0.33037608806864915,0.630170703489267
i miss the scan man,neither,0.02914347848410758,0.3975783128425595,0.5732782086733329
can I post a link to a website that has all kinds of different art work on metal. From what i can see artist can join them and keep the rights to the work at all times.,neither,0.04873152311221053,0.3566687930235625,0.594599683864227
bidet from my dorm,neither,0.020529691213657556,0.4753081716283477,0.5041621371579947
OMG A TARYON PIC,neither,0.03504168616514037,0.40525113426408593,0.5597071795707736
first time watching live too! just got into crit role few days ago im at episode 11 but *** it. might aswell watch live :),neither,0.03633771667637616,0.3959306737724755,0.5677316095511484
yessss,neither,0.03945320844208391,0.33037608806864915,0.630170703489267
Bidet from LA,neither,0.04094187055022747,0.3051096069949388,0.6539485224548338
bidet from Winnipeg!,neither,0.04228451509352876,0.2823214250720796,0.6753940598343917
Bidet,neither,0.03945320844208391,0.33037608806864915,0.630170703489267
nuce art,neither,0.03945320844208391,0.33037608806864915,0.630170703489267
Bidet from New Zealand,neither,0.046710622032705686,0.1542697019613409,0.7990196760059534
#BurryTarry Kappa,neither,0.03945320844208391,0.33037608806864915,0.630170703489267
Bidet from Austin,neither,0.04086843745212,0.30635595831493706,0.6527756042329429
Bidet!,neither,0.03945320844208391,0.33037608806864915,0.630170703489267
I think everyone hates Tary,neither,0.03372164576420243,0.4276556648989285,0.5386226893368691
"Well last week was amazing for a first live watch, so this week's probably going to be even more amazing.",neither,0.039526903877956855,0.35912924319952105,0.6013438529225221
lol hes handsome,neither,0.032106920998739484,0.38338579631540687,0.5845072826858537
@Arkandy i will not be,neither,0.04042753122160584,0.30337973472426905,0.6561927340541253
The family is Teriying the family apart,neither,0.04382048997028694,0.306174212629494,0.6500052974002191
"If you don't see art and hear music, try refreshing the stream. worked for me.",neither,0.028324955194690766,0.35556056641025313,0.6161144783950561
Bidet all,offensive_language,0.046917543854519406,0.6277741405869331,0.3253083155585475
Here's one of the unofficial art images of Terry: http://geekandsundry.com/critical-role-fan-art-gallery-a-work-of-art-and-music/?gallery=297814#gallery,neither,0.046881417872021505,0.28595581922911417,0.6671627628988643
Bidet from the bidetest bidet in the bideting world,neither,0.038632979985895446,0.2700189559886625,0.6913480640254421
Dis gon be good yo,offensive_language,0.016918107058786103,0.5694263740723999,0.41365551886881397
Bidet from Austin TX,neither,0.0404991143919742,0.31262433450199256,0.6468765511060333
bidet from texas,neither,0.040937266849991,0.30518774380265185,0.6538749893473571
Yo,offensive_language,0.04010381111145228,0.5271105317972344,0.4327856570913131
4 months,neither,0.03945320844208391,0.33037608806864915,0.630170703489267
bidet from saudi arabia khobar,neither,0.04042040287069546,0.31396027443879415,0.6456193226905105
Such good art!!,neither,0.039025116580364984,0.3261676314274844,0.6348072519921506
Thaaaaaats better,neither,0.03945320844208391,0.33037608806864915,0.630170703489267
first time live since the attack of the croma conclave,neither,0.03489158082303697,0.32154147707910513,0.6435669420978579
This music sounds like it's from The Hobbit?,neither,0.04652426856214633,0.31665562630567806,0.6368201051321757
Bidet from Vancouver,neither,0.04228451509352876,0.2823214250720796,0.6753940598343917
i am so emotions right now,neither,0.038306920438467354,0.39057548238567585,0.5711175971758568
Brimkade -> Suck it down! [stop spamming caps] [warning],neither,0.053898599643951745,0.39527897631676023,0.5508224240392879
OMG TARY ART,neither,0.03945320844208391,0.33037608806864915,0.630170703489267
I still can't believe Sam made friggin Gilderoy Lockhart in D&D.,neither,0.03900487739330744,0.3379854360171863,0.6230096865895063
bidet from Victoria BC Canada. Welcome to those first time live critters!,neither,0.05603400623044003,0.28665863986081025,0.6573073539087497
thank God! I was so worried! bidet from Central oregon!,neither,0.03977620270303832,0.3538976970755408,0.6063261002214209
Bidet from Amarillo TX,neither,0.04081748366884477,0.3072207769958956,0.6519617393352596
pops into chat,neither,0.03945320844208391,0.33037608806864915,0.630170703489267
normally would watch but if i do i will be up fr 24 hours+,neither,0.02960953583634633,0.382478961382702,0.5879115027809517
Bidet from Seattle,neither,0.040754399270683486,0.3082914838698526,0.650954116859464
Bidet from Salt Lake City,neither,0.04031822098218303,0.3156945677603287,0.6439872112574881
"Bidet from Fort Smith, Arkansas. :D",neither,0.040422852677522055,0.31391869482346035,0.6456584524990175
bidet,neither,0.03945320844208391,0.33037608806864915,0.630170703489267
bidet,neither,0.03945320844208391,0.33037608806864915,0.630170703489267
someone from Lübeck here ?,neither,0.11949244052390431,0.2508978167116556,0.62960974276444
whats the bidet thing about?,neither,0.03686741662059346,0.3419218008569168,0.6212107825224898
Bidet from PA everyone,neither,0.03453719590716363,0.4138136505566087,0.5516491535362276
i cant believe how made they got about Sam changing Characters,neither,0.03773536405397569,0.3736266116180706,0.5886380243279538
gandsSCANLAN,neither,0.03945320844208391,0.33037608806864915,0.630170703489267
beep beep,neither,0.03945320844208391,0.33037608806864915,0.630170703489267
i like that tarry art,neither,0.047539538811101775,0.40324520360480115,0.5492152575840972
does anyone know where to find the sheet music for the song they play during the fan art?,neither,0.033803781138380166,0.3060259330988805,0.6601702857627393
Oooo nice Terry,neither,0.03945320844208391,0.33037608806864915,0.630170703489267
Texas!,neither,0.03945320844208391,0.33037608806864915,0.630170703489267
what time does this madness begin again?,neither,0.030801298230354737,0.44832408203802365,0.5208746197316216
So If i'm just Jumping in now and have almost finished ep.14(gilmore) is this a bad place to start?,neither,0.033301828629574225,0.34594253715428236,0.6207556342161433
bidet from italy,neither,0.04066490145509902,0.30981049537100724,0.6495246031738937
"I, for one, am excited for Taryon Darrington's inevitable betrayal",neither,0.028599660782607294,0.30733714547473046,0.6640631937426621
bidet from springfield il :),neither,0.040334677536117594,0.315415257091876,0.6442500653720065
"""Tarry On: The Daring Trials and Tribulations of Teryion Derrington""",neither,0.03205623765528628,0.25798029415304946,0.7099634681916643
Long live Scanlan 2.0!!Now more douchier and more flamboyant!!,neither,0.04453357014939614,0.2872901215258433,0.6681763083247606
Already missing Scanlan lol,neither,0.0301626202654744,0.40986835328954724,0.5599690264449785
Did you know Laura and Travis are in RWBY?,neither,0.08288363199833483,0.28725928380621035,0.6298570841954548
the taryong art is incredible,neither,0.046277940436053225,0.3126052552418643,0.6411168043220825
bidet from Maryland. New sucker watching with me,neither,0.029839734520212487,0.30697373593110666,0.6631865295486808
liqui-metal sword!,neither,0.03945320844208391,0.33037608806864915,0.630170703489267
Bidet,neither,0.03945320844208391,0.33037608806864915,0.630170703489267
i love terry's design omg,neither,0.03675422573645004,0.3429199983832867,0.6203257758802632
Welcomes back all long time viewers and subs! <3,neither,0.03890773678613002,0.3605939819683741,0.600498281245496
:-),neither,0.03945320844208391,0.33037608806864915,0.630170703489267
"""Taryon X Kaylie"" is now a possibility within the CR-multiverse - Support or Oppose? sbzyLuv sbzyOmg sbzyMistake",neither,0.06092630091760398,0.31395617265711556,0.6251175264252804
what is bidet?,neither,0.08191733112755817,0.31109320414220176,0.6069894647302402
I freaking love the artwork,neither,0.03528715836971165,0.32698032091238927,0.6377325207178992
Nice title of the stream. The adventures of Taryon,neither,0.038193504090871924,0.3070794972285042,0.654726998680624
Allura and Kima :3,neither,0.03763944115734239,0.1918412352459551,0.7705193235967025
bidet critters,neither,0.03945320844208391,0.33037608806864915,0.630170703489267
Bidet to everyone!! :),neither,0.040340749259930184,0.47800030162361157,0.4816589491164583
there we go,neither,0.04083933629015207,0.27628362646603744,0.6828770372438104
is it due to begin in 8 minutes?,neither,0.05017085695069794,0.3254349882637195,0.6243941547855825
Hello Everyone gandsLessthanthree,neither,0.03269494828970791,0.4450814005079928,0.5222236512022994
watching from anime Milwaukee,neither,0.040287282048782735,0.3162196822043139,0.6434930357469034
CRITTERS!! Follow the adventures of Heroes 4 Hire on Obsidian Portal: https://thegaeleanchronicles.obsidianportal.com/,neither,0.03704279448339863,0.3284669082448747,0.6344902972717267
Bidet from Cali,neither,0.04079557052152802,0.30759270029461827,0.6516117291838538
hugs @GaeaCa,neither,0.03945320844208391,0.33037608806864915,0.630170703489267
Hey @GaeaCa How's it going? :),neither,0.03581843781231709,0.36462834052374654,0.5995532216639363
bidet from south cetral saskatchewan,neither,0.04088864702710942,0.3060129490845789,0.6530984038883118
"Bidet from Sydney, australia!",neither,0.04031924518627951,0.315677184343852,0.6440035704698686
@Arkandy it is my first time hearing about it,neither,0.02651298526885458,0.43766472604787154,0.5358222886832738
Bidet from Minnesota,neither,0.04071751644889743,0.3089174816120565,0.6503650019390461
hi,neither,0.03945320844208391,0.33037608806864915,0.630170703489267
poor grog,neither,0.03945320844208391,0.33037608806864915,0.630170703489267
Still upset that the guy with the really good voice is no longer a bard.,neither,0.031929997022477674,0.3796066341813877,0.5884633687961346
bidet from Burbank,neither,0.04228451509352876,0.2823214250720796,0.6753940598343917
bidet from philly,neither,0.040769555981420263,0.3080342349327864,0.6511962090857933
Anyone else think Darrington is going to make a dildo sword at some point?,neither,0.0413801162720494,0.35969632550506503,0.5989235582228856
Hey @gaeaca,neither,0.03945320844208391,0.33037608806864915,0.630170703489267
"Talks just sent out the ""Places"" call tweet",neither,0.032946917812143976,0.3448763494206321,0.622176732767224
Welcomes all new viewers and subs! <3,neither,0.042998289747962826,0.2771746474816854,0.6798270627703518
bidet,neither,0.03945320844208391,0.33037608806864915,0.630170703489267
ITS TIME!!!,neither,0.028403263479439233,0.36615975061363926,0.6054369859069215
who wants to bet that Taryon pisses off the dragonborn they're delivering the hand do?,neither,0.05154415284594734,0.35163424233321966,0.596821604820833
Another fan art of TERRY: http://geekandsundry.com/critical-role-fan-art-gallery-a-work-of-art-and-music/?gallery=297829#gallery,neither,0.04797746203424151,0.27131887454230036,0.680703663423458
where in RWBY,neither,0.043221863474757885,0.26641217675828105,0.690365959766961
@JunBerry No! Bad! Bad shipping!,neither,0.03109869662712023,0.3499678657243775,0.6189334376485023
Is there a give a way tonight,neither,0.045372724879908455,0.26637201653518155,0.6882552585849101
music is Pillars of Eternity,neither,0.05284694610782139,0.32576936750749125,0.6213836863846873
I think Tayron is scanlans father,neither,0.050557032375125606,0.31590943778099595,0.6335335298438785
bidet from Texas!!,neither,0.040937266849991,0.30518774380265185,0.6538749893473571
BIDET,neither,0.03945320844208391,0.33037608806864915,0.630170703489267
bidet,neither,0.03945320844208391,0.33037608806864915,0.630170703489267
bidet from Cali,neither,0.04079557052152802,0.30759270029461827,0.6516117291838538
Hold me chat im so excited,neither,0.03293379608716041,0.4231381383372238,0.5439280655756157
taryon taryon taryon,neither,0.03945320844208391,0.33037608806864915,0.630170703489267
hugs @Luap82517,neither,0.03945320844208391,0.33037608806864915,0.630170703489267
i love grog,neither,0.03217296676969875,0.3657703709031763,0.602056662327125
gandsLessthanthree gandsLessthanthree gandsLessthanthree,neither,0.03945320844208391,0.33037608806864915,0.630170703489267
UK BIDET,neither,0.03945320844208391,0.33037608806864915,0.630170703489267
So I rolled a d20 on how this episode would go. It was a Nat 1 O.O,neither,0.03689467681776734,0.3692566213386506,0.593848701843582
"Fan art is awesome, as always",neither,0.04241877183561021,0.39537161036167184,0.562209617802718
hi @coranassa going ok,neither,0.03763102561922103,0.36130328609085155,0.6010656882899275
hi @gaeaca <3,neither,0.03945320844208391,0.33037608806864915,0.630170703489267
Lol @cheshirecat45,neither,0.020706217963973744,0.4882283491876925,0.4910654328483337
Bidet from small town of Latrobe!,neither,0.04055256288152238,0.3117171741449175,0.6477302629735602
what is today's date?,neither,0.055239235991236195,0.29684011497758783,0.6479206490311759
Bidet from Olympia Washington,neither,0.04080695066346891,0.3073995495860776,0.6517934997504536
omg i am so excited,neither,0.03921608438930889,0.37593176392882977,0.5848521516818614
"bidet is how grog understood ""good day"" as a greeting somewhere, now it's how he tries to be polite",neither,0.04883957687083396,0.3385167084719776,0.6126437146571885
Let's do this!,neither,0.0195438059392097,0.382678239993645,0.5977779540671454
Bidet from Washington state. awww yeah,neither,0.04509676097450815,0.32886108517669554,0.6260421538487964
oy this chat is always so high speed heh,neither,0.04061008732338001,0.43198001974226086,0.5274098929343591
I'll hold you!,neither,0.06502752476070794,0.40019518167457113,0.5347772935647209
hi @rae22ar and @Leigh574,neither,0.038358606956405694,0.2721397086643902,0.6895016843792041
Bidet everyone from Texas <3,neither,0.03397014056332003,0.42343805963815495,0.542591799798525
Love FanArt!,neither,0.03217296676969875,0.3657703709031763,0.602056662327125
BIDET,neither,0.03945320844208391,0.33037608806864915,0.630170703489267
@leigh574 heyy,neither,0.03945320844208391,0.33037608806864915,0.630170703489267
gandsSCANLAN farewell I introduce terry,neither,0.03945320844208391,0.33037608806864915,0.630170703489267
Bidet from the Holt and the Sun Village =),neither,0.03839235453732613,0.261661232688863,0.699946412773811
working on d&d story while watch critical role first time live 🙂,neither,0.038309429686009484,0.3491870525638821,0.6125035177501084
Bidet from Florida!,neither,0.0408948396164547,0.30590784468201904,0.6531973157015263
Bidet from Katsucon,neither,0.04228451509352876,0.2823214250720796,0.6753940598343917
Hello everybody,neither,0.03945320844208391,0.33037608806864915,0.630170703489267
"Bidet from Prestonsbug, KY!",neither,0.04062582848913359,0.31047366557575606,0.6489005059351104
Fuckin' gandsSCANLAN breaking my heart last week...,offensive_language,0.05781683752318008,0.9078442413266713,0.03433892115014853
Is taryon on the wiki yet? I havent checked?,neither,0.04205466184792456,0.3267110894695661,0.6312342486825093
Critter artists are so talented! Love seeing the art every week!,neither,0.05087641480964161,0.3275610164810683,0.6215625687092902
@luap82517 hey twinnie <3,neither,0.03945320844208391,0.33037608806864915,0.630170703489267
@JunBerry I think Sam would do that just to have a duel between Terry and Scanlan,neither,0.03806818519244854,0.33870794047472436,0.623223874332827
Let's RAGE!,neither,0.023358265737137156,0.36602079466529924,0.6106209395975636
hey everyone!,neither,0.031959242684595296,0.4575682446653829,0.5104725126500218
i cant keep up with chat 0-,neither,0.02749324018989368,0.4135589066509934,0.5589478531591129
!bits,neither,0.03945320844208391,0.33037608806864915,0.630170703489267
Bidet from Florida!,neither,0.0408948396164547,0.30590784468201904,0.6531973157015263
Cheering with bits is the best way to support our hosts directly. Money made from cheering will be divided up amongst the hosts as tips! bit.ly/How_To_Cheer,neither,0.04837063195622468,0.3403796202476678,0.6112497477961075
Keep calm and Taryon!,neither,0.03856667964045803,0.2848755038467419,0.6765578165128001
So excited for this,neither,0.03212783406476069,0.34639812932111586,0.6214740366141234
hi,neither,0.03945320844208391,0.33037608806864915,0.630170703489267
Bidet from Sweden at 03.52!,neither,0.039755271544440876,0.33709410524946704,0.6231506232060922
So many mixed feelings tonight but I trust Sam <3,neither,0.035324127923904276,0.3494718450435294,0.6152040270325664
<3,neither,0.03945320844208391,0.33037608806864915,0.630170703489267
"""Taryon X Kaylie"" is now a possibility within the CR-multiverse (it's already happening, you can't stop it) - Support or Oppose? sbzyLuv sbzyOmg sbzyMistake",neither,0.06353419142190764,0.37714620269661037,0.5593196058814819
@abbymarie91 hey :),neither,0.03945320844208391,0.33037608806864915,0.630170703489267
L A R K I N B O I Z !!!,neither,0.03945320844208391,0.33037608806864915,0.630170703489267
from Louisiana,neither,0.04062582848913359,0.31047366557575606,0.6489005059351104
Bidet from a Texan in Washington,neither,0.0407425063535243,0.3084933377120844,0.6507641559343913
Bidet from Houston,neither,0.040875471929787875,0.3062365648703896,0.6528879631998226
bidet,neither,0.03945320844208391,0.33037608806864915,0.630170703489267
TGITh!,neither,0.03945320844208391,0.33037608806864915,0.630170703489267
