text,top_class,hate_speech,offensive_language,neither
"You mean Larkin, not Tigger, right?",neither,0.05986521056302171,0.43382749600767884,0.5063072934292995
YAY!!!!!,neither,0.03945320844208391,0.33037608806864915,0.630170703489267
Hello brian.,neither,0.03945320844208391,0.33037608806864915,0.630170703489267
Bidet,neither,0.03945320844208391,0.33037608806864915,0.630170703489267
We have a subscriber-only Discord server! Join here: https://t.co/Of0oLClO2v (you'll need to sub and link it to your Twitch) and be a part of the fun!,neither,0.09547053438395335,0.28230926502643855,0.6222202005896081
the BTS camera just started,neither,0.03402030410418004,0.33528678739240736,0.6306929085034128
HE WHO SEES MY FACE WILL BE CURSED FOR A THOUSAND YEARS,neither,0.03319049182151601,0.3845214782753506,0.5822880299031334
yeah whatever happened to larkin?,neither,0.02850680533625973,0.43274214884569695,0.5387510458180433
"Oh what, that message...I've seen D.E.N.I.S.E.'s face! Am I cursed?",neither,0.026986635876513225,0.3105538290996344,0.6624595350238524
"Thanks for the warning, Denise",neither,0.0316707448744821,0.27629665303484047,0.6920326020906774
That is some face you were born with.,neither,0.036945148319159446,0.4340917668835229,0.5289630847973177
"No, larkins still out ther Fightin the good fight.",neither,0.03351070225817481,0.3540112881155041,0.6124780096263212
Ha I'm already cursed what's another,neither,0.08309046447771326,0.2821173906941075,0.6347921448281793
Rouge_13 It was a awesome fight. So many healing potions and so many 1 rolls from both sides. :),neither,0.03867240932670419,0.3465678997064419,0.6147596909668538
Who are the guests tonight?,neither,0.0716508724285496,0.29606432262804516,0.6322848049434052
talks machina starts in 30 min right,neither,0.03877136095177152,0.34368679148866627,0.6175418475595623
"That is true. Larkin, the hero we need and deserve!",neither,0.048074660334065905,0.3168823657199597,0.6350429739459743
he's the REAL hero,neither,0.03608855211905863,0.4365137510289427,0.5273976968519986
larkin BibleThump 7,neither,0.03945320844208391,0.33037608806864915,0.630170703489267
!whenistm simulcast wheniscriticalrole.com/talksmachina,neither,0.03945320844208391,0.33037608806864915,0.630170703489267
"Talks Machina is on at 7 PM PST, it is currently 6:31 PM PST. There is 28 minutes 59 seconds until the next episode of Talks Machina. This has been asked 16 times.",neither,0.044626939721974866,0.325233832361027,0.6301392279169982
"everyone, apparently",neither,0.03253361755369257,0.4478196041378429,0.5196467783084644
"Help G&S make great content! $4.99/month gets you emotes, Minecraft server access, Sub Only Q&As, VODs, and more! Every sub keeps the channel alive! twitch.tv/geekandsundry/subscribe",neither,0.043092924924402844,0.32365565443818894,0.6332514206374082
Quality audio,neither,0.03945320844208391,0.33037608806864915,0.630170703489267
#FreeDenise,neither,0.03945320844208391,0.33037608806864915,0.630170703489267
Hey ladies and gentlemen,neither,0.03846193452083682,0.2839950356730578,0.6775430298061054
I still say that Kaylie nerfed Scanlans mind.,neither,0.03393725609081075,0.3969784151670822,0.569084328742107
Talks Darrington?,neither,0.03945320844208391,0.33037608806864915,0.630170703489267
I HEAR everyone @Demeir,neither,0.03217134913244959,0.45396824469157715,0.5138604061759733
It;s still the best momment when liam realized that.,neither,0.027767927546733073,0.3873479024528646,0.5848841700004023
"Larkin, would have been the Raven's Queen Champion but she would have felt dumping Vax, especially after he had invested all that Emo time with her.",offensive_language,0.02962312874456954,0.5217249973064192,0.4486518739490114
"nice papper "" he who sees my face will be cursed fo a thousand years""",neither,0.03693754749249792,0.40076312924845625,0.5622993232590459
you didn't remember to reflect it in your shield @Danoba ?,neither,0.08376810460210254,0.42535948928311795,0.4908724061147795
gandsGandSDenise gandsGandSDenise gandsGandSDenise,neither,0.03945320844208391,0.33037608806864915,0.630170703489267
HE WHO SEES MY FACE WILL BE CURSED FOR A THOUSAND YEARS,neither,0.03319049182151601,0.3845214782753506,0.5822880299031334
"anything over 60 years is redundant, so 1000 - meh! :P",neither,0.041976903618168936,0.3549379427105158,0.6030851536713152
How long till it starts?,neither,0.037972968197446,0.3290877157537198,0.6329393160488341
whenistm simulcast wheniscriticalrole.com/talksmachina,neither,0.03945320844208391,0.33037608806864915,0.630170703489267
Awesome.,neither,0.03945320844208391,0.33037608806864915,0.630170703489267
less then 30,neither,0.03945320844208391,0.33037608806864915,0.630170703489267
"@postdataest It was too late, I was memorized.",neither,0.03757460303222503,0.3391928252682738,0.6232325716995012
Whoo,neither,0.03945320844208391,0.33037608806864915,0.630170703489267
Yeahhh,neither,0.03945320844208391,0.33037608806864915,0.630170703489267
mesmerized even,neither,0.03724325705110317,0.3678847306871324,0.5948720122617644
geekandsundry is online. RevloBot is now tracking loyalty.,neither,0.05157974116510514,0.3262052173957376,0.6222150414391574
!whenistm simulcast wheniscriticalrole.com/talksmachina,neither,0.03945320844208391,0.33037608806864915,0.630170703489267
"Talks Machina is on at 7 PM PST, it is currently 6:32 PM PST. There is 27 minutes 23 seconds until the next episode of Talks Machina. This has been asked 17 times.",neither,0.04471106538799232,0.32515763669409664,0.630131297917911
Ty,neither,0.03945320844208391,0.33037608806864915,0.630170703489267
:D,neither,0.03945320844208391,0.33037608806864915,0.630170703489267
O/,neither,0.03945320844208391,0.33037608806864915,0.630170703489267
so hype B),neither,0.03940828253961077,0.39264520971988554,0.5679465077405037
!wheniscr,neither,0.03945320844208391,0.33037608806864915,0.630170703489267
!whenistm simulcast wheniscriticalrole.com/talksmachina,neither,0.03945320844208391,0.33037608806864915,0.630170703489267
"Talks Machina is on at 7 PM PST, it is currently 6:33 PM PST. There is 26 minutes 50 seconds until the next episode of Talks Machina. This has been asked 18 times.",neither,0.044726442517376584,0.3251437318171811,0.6301298256654423
whee,neither,0.03945320844208391,0.33037608806864915,0.630170703489267
Wooooooooo!,neither,0.03945320844208391,0.33037608806864915,0.630170703489267
whens blindspot on,neither,0.036134218880570945,0.34639192828239246,0.6174738528370366
I bet that Revlo Bot is tracking us better than NSA. Woo Revlo!,neither,0.06057854758466699,0.35107662178634574,0.5883448306289872
very excited!,neither,0.03945320844208391,0.33037608806864915,0.630170703489267
Wednesdays,neither,0.03945320844208391,0.33037608806864915,0.630170703489267
wheniscriticalrole.com @Monsterbard,neither,0.03945320844208391,0.33037608806864915,0.630170703489267
I wounder what happend to the first bear that they got. The big one that was sitting down,neither,0.026835405128793184,0.4279315548264449,0.5452330400447618
... Is anyone else getting a malware warning from the freaking api?,neither,0.04164969705825858,0.35049788795462505,0.6078524149871163
wow kfielding congrats! almost 2 years!,neither,0.03945320844208391,0.33037608806864915,0.630170703489267
"New trinket ate it,",neither,0.0420125188199706,0.2144884545785797,0.7434990266014497
6.33pm.... gheese its 2.33am in england,neither,0.032910910199131956,0.33262628443542813,0.6344628053654399
its 8:33 here in St. Louis Mo US,neither,0.09052503562244135,0.3031669785314183,0.6063079858461404
it is in the corner on various shows and sets I thought?,neither,0.04291900248601671,0.23571192871703486,0.7213690687969483
I'm still watching Erika's roach bbs,neither,0.03879254319093153,0.34158930157961587,0.6196181552294526
"Jess stole him because she needed a bed when she was sent to ""Seattle""",neither,0.03847197525542686,0.44203206170514353,0.5194959630394296
i had armor made for it and then is most likely in Laura and Travis's house,neither,0.038728278006367085,0.27281677383677744,0.6884549481568554
hi everyone,neither,0.032490659208996964,0.4485487193596734,0.5189606214313296
*it*,neither,0.034373745257138544,0.33212314837979673,0.6335031063630647
hey,neither,0.03945320844208391,0.33037608806864915,0.630170703489267
@kitmarcus i am,neither,0.03902346103501681,0.3305238979082658,0.6304526410567174
how many cats can you fit in a hooverbag?,neither,0.057374638727300586,0.22636353465559397,0.7162618266171054
"I was going to say, likely in their house",neither,0.043381916301444855,0.35142396203304804,0.605194121665507
haha,neither,0.03186685585600258,0.45913629025701075,0.5089968538869867
"What's the sign about? ""he who sees my face will be cursed for a thousand years""",neither,0.03505559555043736,0.3812284976822133,0.5837159067673493
@StickDeath1 That's my theory on where it went too.,neither,0.02601290141698765,0.4230930133121655,0.5508940852708469
good day @1icequeen,neither,0.039184892391848775,0.3050917618113163,0.6557233457968349
"Scttydsntknw85, oh good, so I'm not the only one going WTF?",offensive_language,0.04141204749123679,0.5721427134031009,0.3864452391056624
"None, cats only go in there if you don't want them to be there.",neither,0.0521731614861239,0.23005829403253245,0.7177685444813435
You can't will them into anything.,neither,0.08416988599254967,0.33965502539907844,0.5761750886083719
"good Denise sign, as always",neither,0.03500412727706996,0.420648748233506,0.544347124489424
im a she not a he so i won't get cursed right,neither,0.04160969481019694,0.4766754281941977,0.48171487699560533
@postdataest tessWAVE,neither,0.03945320844208391,0.33037608806864915,0.630170703489267
"I'm willing to take the risk, Denise!",neither,0.04436157701111767,0.31333165579322875,0.6423067671956536
@NeophyteUno It's a spoooooooooky studio! hahaha,neither,0.03797363630420398,0.33088498077353795,0.6311413829222582
Bidet from Beaumont Tx,neither,0.04081748366884477,0.3072207769958956,0.6519617393352596
Bidet everyone,offensive_language,0.02988896790634741,0.4927062106388782,0.4774048214547744
An Empty Couch Dun Dun Dun Dun....,neither,0.039550720856285526,0.3287210479125258,0.6317282312311887
anyone using Avast and getting the VBS:Malware threat?,neither,0.03347578513569421,0.382618942191546,0.5839052726727597
I named my cat trinket bear and now i get really confused when ever the lil buddy shows up on stream since i think imagine it as my cat instead... We need more trinket.,neither,0.025751333976081377,0.41802610435055565,0.5562225616733628
what time,neither,0.047870414617888955,0.35904887146102776,0.5930807139210833
!whenistm simulcast wheniscriticalrole.com/talksmachina,neither,0.03945320844208391,0.33037608806864915,0.630170703489267
"Talks Machina is on at 7 PM PST, it is currently 6:36 PM PST. There is 23 minutes 56 seconds until the next episode of Talks Machina. This has been asked 19 times.",neither,0.04461755515842472,0.3252423453775426,0.6301400994640327
bidet from OS Ontario,neither,0.04031924518627951,0.315677184343852,0.6440035704698686
"It starts precisely between ""It hasn't started yet."" and ""It already started.""",neither,0.03663266322762698,0.32032373820665017,0.6430435985657228
"Im need of coffe.. but I got no milk. I am in need of candy, but im all out. Im in need of breakfast..but got no chees or butter.. this is working out well",neither,0.033810225053564,0.44399218949125685,0.5221975854551791
crassPawspurr,neither,0.03945320844208391,0.33037608806864915,0.630170703489267
TM in 30 mins?,neither,0.03945320844208391,0.33037608806864915,0.630170703489267
Bidet,neither,0.03945320844208391,0.33037608806864915,0.630170703489267
!whenistm simulcast wheniscriticalrole.com/talksmachina,neither,0.03945320844208391,0.33037608806864915,0.630170703489267
"Talks Machina is on at 7 PM PST, it is currently 6:36 PM PST. There is 23 minutes 35 seconds until the next episode of Talks Machina. This has been asked 20 times.",neither,0.04471916618612861,0.32515031061610605,0.6301305231977654
wise words of wisdom @Jakobman76!,neither,0.03945320844208391,0.33037608806864915,0.630170703489267
Oh time to make some ice tea.,neither,0.04067819309597498,0.3137182946001124,0.6456035123039126
Ah! Is that the curse person?@?,neither,0.0419763977064484,0.34950658937168577,0.6085170129218659
What up guys!,neither,0.043215862271254034,0.40545783280931624,0.5513263049194296
ducks are cursed right?,neither,0.05857145839616317,0.3087466823598231,0.6326818592440137
I almost forgot it was time for Talks! Phew.,neither,0.032811881317754456,0.3237923518800596,0.643395766802186
yes,neither,0.03945320844208391,0.33037608806864915,0.630170703489267
Can we get a hashtag trending to make Critical Role Funko Pops,neither,0.04303030883113099,0.33203859446731715,0.6249310967015519
ducks are allways cursed,neither,0.06105627823780694,0.29179663949155915,0.6471470822706339
bidet,neither,0.03945320844208391,0.33037608806864915,0.630170703489267
Those fan made ones were so goood.,neither,0.05659951960703276,0.2957329132782666,0.6476675671147006
Ducks are not cursed but you get cursed for picking one up.,neither,0.04966998502851215,0.3638571045872634,0.5864729103842244
this is 2spoopy,neither,0.06444388513749441,0.32581973129223984,0.6097363835702658
#WillSponsorVisaWithMarriage?,neither,0.03945320844208391,0.33037608806864915,0.630170703489267
Hey hey,neither,0.03945320844208391,0.33037608806864915,0.630170703489267
cr funko pops is how I finally go down the rabbit hole of collecting those things,neither,0.05702651336014232,0.28485249671173213,0.6581209899281254
"I want some of thos Action Figures, they are so goodd.d.addaw",neither,0.049989038327871715,0.3379536112511856,0.6120573504209426
"and if you weigh the same as a duck you're made of wood, and therefore a witch",neither,0.05143808002618373,0.3602608516406262,0.58830106833319
Burn Burn Burn,neither,0.04811058060817789,0.1834378884691025,0.7684515309227197
Ducks are evil.. they just stand there..looking at you...planing evil things..,neither,0.05760585189742398,0.32938188720313294,0.613012260899443
"@efermiumeral Thank you! lol, Iced tea sounds super yum right now. Making some for myself. :D",neither,0.034137373743708815,0.3812910493510914,0.5845715769051998
because witches are made of wood,neither,0.05841308944895158,0.29588926460254716,0.6456976459485012
"Ergo ducks are witches, ergo ducks are cursed",neither,0.06499198091442905,0.28594741198825463,0.6490606070973163
"And if you float like a duck you're a witch, according to Monty Python.",neither,0.07086800399872711,0.38540475563646404,0.5437272403648089
was it howards fault that ducks are cursed? i feel he had a part in it,neither,0.05156636967332255,0.3290180366152706,0.6194155937114068
I want a Viktor Funko Pops,neither,0.039759493861389765,0.3251776251617808,0.6350628809768295
Geese and swan are worse,neither,0.08946533845587153,0.08454633166955637,0.8259883298745722
lol,neither,0.020706217963973744,0.4882283491876925,0.4910654328483337
Geese are the devil,neither,0.07505813262216735,0.2502071512020649,0.6747347161757679
Bucks cursing started with Donald...,neither,0.030710363423745862,0.36016412346953336,0.6091255131067209
Chai Iced Tea FTW,neither,0.03945320844208391,0.33037608806864915,0.630170703489267
Nop gees and swans are awesome.. you can use em for hats,neither,0.031009059638475805,0.3448178143391446,0.6241731260223795
Soo.... we're all cursed now? Kappa,neither,0.05247210046608852,0.35931413062971,0.5882137689042015
Ducks that is...,neither,0.04384559497543054,0.3737484569973207,0.5824059480272488
my fiend patron is a duck,neither,0.0350486782284664,0.40730217091017923,0.5576491508613545
"I need a Trinket Bear Funko, and i don't even like funkos that much.",neither,0.039287920038683956,0.35770181311345667,0.6030102668478593
We need some Greater Restoration.,neither,0.02736836353965645,0.3533272502802407,0.6193043861801029
Geese are the L.A. girls of the duck family.,neither,0.04177296903707221,0.3410355051767634,0.6171915257861644
I'm still laughing at Matt's comment that Tary is the new Sombra. Hopefully that's all they talk about; whether Tary should never be played competitively or not and so forth...,neither,0.03346906712080071,0.41732941096264653,0.5492015219165528
Geese area walking poo monsters.,neither,0.03945320844208391,0.33037608806864915,0.630170703489267
gandsGandSDenise gandsGandSDenise gandsGandSDenise gandsGandSDenise gandsGandSDenise,neither,0.03945320844208391,0.33037608806864915,0.630170703489267
evil rating is duck little evil. goose middle evil. swan big evil.,neither,0.035945348485536675,0.35174088162221884,0.6123137698922445
"@zaltoe With a little modification, you can turn a Doc Brown (Back to the Future) funko into a good Victor.",neither,0.043508221895878905,0.36578705653940374,0.5907047215647174
Can someone tell me what this icon next to my name is supposed to be?,neither,0.042645181775209935,0.4037425694975347,0.5536122487272555
My people!,offensive_language,0.070347973300153,0.49396611841713434,0.43568590828271264
so gees are like scanlen,neither,0.15948749691227157,0.3502607006447267,0.49025180244300176
gandsGandSDenise gandsSubHype gandsGandSDenise gandsSubHype,neither,0.03945320844208391,0.33037608806864915,0.630170703489267
ALERT looks like some scammers are whispering folks saying they won a contest with a phishing link... don't click it... NOT OK... If you win something on this stream you'll get contacted from our account directly.,neither,0.04084342501460819,0.3955411727507792,0.5636154022346125
Mr. Foster!,neither,0.03945320844208391,0.33037608806864915,0.630170703489267
Technically shouldn't Denise also have a sock puppet Emoji?,neither,0.03915106382622308,0.3355042707344195,0.6253446654393573
@DiplomaCfailyr when did he say that tary=sombra?,neither,0.02926513748011284,0.4322491127259637,0.5384857497939233
rooDuck,neither,0.03945320844208391,0.33037608806864915,0.630170703489267
*waves*,neither,0.03945320844208391,0.33037608806864915,0.630170703489267
@brianwfoster yu sexy beast,neither,0.03945320844208391,0.33037608806864915,0.630170703489267
i need a giant trinket plushie,neither,0.03922200330232074,0.3284400059949073,0.6323379907027721
it is a sloth upside down @rjhallett,neither,0.0446157470586947,0.3286004543070779,0.6267837986342275
Hey @BrianWFoster,neither,0.03945320844208391,0.33037608806864915,0.630170703489267
lol hello @BrianWFoster,neither,0.029494930075611017,0.4046586088410035,0.5658464610833854
Bidet Brian,neither,0.03945320844208391,0.33037608806864915,0.630170703489267
"@BrianWFoster I propose marriage to offer visa, for great victory!",neither,0.03842471358573763,0.2952842535853245,0.6662910328289379
They could do a Pike and Scanlan 2 pack,neither,0.04009155133438896,0.28961288925824147,0.6702955594073695
Trinket bear is too cute man.,neither,0.049795959708609464,0.3628921297267244,0.5873119105646663
"@postdataest ahh, thank you.",neither,0.057780898325302935,0.39134854824816984,0.5508705534265272
So its about 20 min left now,neither,0.03354075935080637,0.3880099013722892,0.5784493392769043
"@Dasbif Last episode, I can't remember when but it was near the fight scene",neither,0.030481931241573338,0.35465741820170354,0.6148606505567231
Denise is SCP-096 confirmed,neither,0.04981691255257763,0.32681153499115395,0.6233715524562684
You know that optical illusion where one way it looks like a duck and the other way it looks like a rabbit? The alternate-reality Monty Python white rabbit is definitely a demon duck,offensive_language,0.163712520685968,0.4258798463087381,0.410407633005294
AHH A FACE! WAS I CURSED?!,neither,0.039356373121649746,0.33201963617646496,0.6286239907018852
alpha? you're a beta if you pay for that garbage,neither,0.048516975124590564,0.4114625651067227,0.5400204597686867
i really need to watch me some howard the duck... after talks,neither,0.03582652284794819,0.3489720599476092,0.6152014172044425
"Hey, any updates on this being a longer episode?",neither,0.03367008394332988,0.36299886240146306,0.603331053655207
"@BrianWFoster question for you and you alone, would you go on crit roll?",neither,0.07090381470171604,0.3833086042993731,0.5457875809989108
