text,top_class,hate_speech,offensive_language,neither
@5horbust Hell Yeah!!!!,offensive_language,0.024014075456083226,0.8806496383571902,0.0953362861867266
TableHere FlipThis,neither,0.03945320844208391,0.33037608806864915,0.630170703489267
TheIlluminati TwitchRPG TheIlluminati,neither,0.03945320844208391,0.33037608806864915,0.630170703489267
@zaltoe that sounds awesome!!,neither,0.035373284636212046,0.3747921102284513,0.5898346051353366
Re Sub gandsSubHype,neither,0.06563155843012512,0.2918032579473116,0.6425651836225633
continues grumbling as he goes to his corner,neither,0.0695629693900547,0.3515725202385662,0.5788645103713791
@chaoticloony it's about time!!!,neither,0.032978957118482734,0.4052844322024842,0.5617366106790331
we live!,neither,0.04675156173251523,0.3319383047908141,0.6213101334766706
"Hi Amy, Matt, and Taliesin!",neither,0.0388100252782571,0.29846695177565247,0.6627230229460904
Hooray!,neither,0.03945320844208391,0.33037608806864915,0.630170703489267
hi,neither,0.03945320844208391,0.33037608806864915,0.630170703489267
hey!!!,neither,0.03945320844208391,0.33037608806864915,0.630170703489267
QUICKSAVE RAID!,neither,0.03945320844208391,0.33037608806864915,0.630170703489267
gandsSubHype gandsSubHype gandsSubHype,neither,0.03945320844208391,0.33037608806864915,0.630170703489267
Hi!!!!! :-),neither,0.03945320844208391,0.33037608806864915,0.630170703489267
gandsSubHype gandsSubHype gandsSubHype gandsSubHype,neither,0.03945320844208391,0.33037608806864915,0.630170703489267
"Hey Amy, Taliesin, and Matt",neither,0.038789218567152464,0.2973477522895746,0.6638630291432729
Super proud wife of Matt Key here!,neither,0.06848039435864549,0.30530965342157934,0.6262099522197752
g'evening,neither,0.03945320844208391,0.33037608806864915,0.630170703489267
YAY,neither,0.03945320844208391,0.33037608806864915,0.630170703489267
"Oh, good morning. I didn't see you there.",neither,0.04912490113678354,0.19781956068200843,0.753055538181208
Good morning!,neither,0.04970930963283925,0.13564577574880146,0.8146449146183593
YAY,neither,0.03945320844208391,0.33037608806864915,0.630170703489267
hey!!!!!,neither,0.03945320844208391,0.33037608806864915,0.630170703489267
Sup!,neither,0.03945320844208391,0.33037608806864915,0.630170703489267
Oh hi ExecutiveGoth,neither,0.04645180976672622,0.26453612080258093,0.689012069430693
gandsNatTwenty gandsNatTwenty gandsNatTwenty,neither,0.03945320844208391,0.33037608806864915,0.630170703489267
HOORAY!!,neither,0.03945320844208391,0.33037608806864915,0.630170703489267
WOOT,neither,0.03945320844208391,0.33037608806864915,0.630170703489267
AMY,neither,0.03945320844208391,0.33037608806864915,0.630170703489267
Yaaaay,neither,0.03945320844208391,0.33037608806864915,0.630170703489267
QUICKSAVE RAID!,neither,0.03945320844208391,0.33037608806864915,0.630170703489267
Yay,neither,0.03945320844208391,0.33037608806864915,0.630170703489267
congrats,neither,0.03945320844208391,0.33037608806864915,0.630170703489267
yaaayyy,neither,0.03945320844208391,0.33037608806864915,0.630170703489267
kermit flail!,neither,0.03945320844208391,0.33037608806864915,0.630170703489267
hello,neither,0.03945320844208391,0.33037608806864915,0.630170703489267
Hazzah,neither,0.03945320844208391,0.33037608806864915,0.630170703489267
gandsApplaud gandsApplaud gandsApplaud gandsApplaud gandsApplaud gandsApplaud gandsApplaud gandsApplaud gandsApplaud gandsApplaud,neither,0.03945320844208391,0.33037608806864915,0.630170703489267
Heyyoo!!,neither,0.03945320844208391,0.33037608806864915,0.630170703489267
"haha, way to steal Brain's intro",neither,0.041002830650795734,0.37910004082398935,0.5798971285252149
Heeeey!,neither,0.03945320844208391,0.33037608806864915,0.630170703489267
Yay comics!,neither,0.03945320844208391,0.33037608806864915,0.630170703489267
gandsSubHype gandsSubHype gandsSubHype gandsLessthanthree,neither,0.03945320844208391,0.33037608806864915,0.630170703489267
Eyyyyyyy,neither,0.03945320844208391,0.33037608806864915,0.630170703489267
hello everyone,neither,0.03269494828970791,0.4450814005079928,0.5222236512022994
Hey how's it going?,neither,0.03581843781231709,0.36462834052374654,0.5995532216639363
gandsSubHype gandsSubHype gandsSubHype gandsSubHype gandsSubHype gandsSubHype,neither,0.03945320844208391,0.33037608806864915,0.630170703489267
YAYA,neither,0.03945320844208391,0.33037608806864915,0.630170703489267
gandsSubHype gandsSubHype gandsSubHype gandsSubHype,neither,0.03945320844208391,0.33037608806864915,0.630170703489267
Whoo hooo!!!!! Havoc??? Best new comic I've read this year!!!!!!,neither,0.026036204591489077,0.2617968249786767,0.7121669704298342
Wednesday Club HYPE!,neither,0.03945320844208391,0.33037608806864915,0.630170703489267
gandsSubHype gandsSubHype gandsSubHype gandsSubHype gandsSubHype gandsSubHype gandsSubHype gandsSubHype gandsSubHype gandsSubHype gandsSubHype gandsSubHype gandsSubHype gandsSubHype gandsSubHype gandsSubHype gandsSubHype gandsSubHype,neither,0.03945320844208391,0.33037608806864915,0.630170703489267
"Holy Mackeral, Matthew is HUGE",neither,0.046051687490031516,0.3281065685468275,0.6258417439631411
gandsSubHype gandsSubHype gandsSubHype gandsSubHype gandsApplaud gandsApplaud,neither,0.03945320844208391,0.33037608806864915,0.630170703489267
Yaaaay!,neither,0.03945320844208391,0.33037608806864915,0.630170703489267
yay it's our nerds!,neither,0.03825548778349161,0.3307880391253415,0.6309564730911669
gandsSubHype gandsSubHype gandsSubHype,neither,0.03945320844208391,0.33037608806864915,0.630170703489267
Woo!,neither,0.03945320844208391,0.33037608806864915,0.630170703489267
"Kinda fell behind a few months ago, but it's always cool to hear Comic book talk! hrpgHyperHype hrpgHyperHype hrpgHyperHype hrpgHyperHype",neither,0.028443087343481173,0.3949706822281913,0.5765862304283275
Hey new show!,neither,0.06349806654049478,0.14385534205283668,0.7926465914066686
Taliesin hype,neither,0.03945320844208391,0.33037608806864915,0.630170703489267
hi amy and Taliesin,neither,0.03868284165753408,0.29150793163893735,0.6698092267035286
Yay!!!! <3,neither,0.03945320844208391,0.33037608806864915,0.630170703489267
gandsLessthanthree,neither,0.03945320844208391,0.33037608806864915,0.630170703489267
"Hi Taliesin, Amy, and Matt!",neither,0.0388100252782571,0.29846695177565247,0.6627230229460904
"Hi Tallesin, Amy and Matt",neither,0.0388100252782571,0.29846695177565247,0.6627230229460904
Huzzah!,neither,0.03945320844208391,0.33037608806864915,0.630170703489267
gandsSubHype gandsSubHype gandsSubHype gandsSubHype gandsSubHype gandsSubHype gandsSubHype gandsSubHype gandsSubHype gandsSubHype gandsSubHype gandsSubHype gandsSubHype gandsSubHype gandsSubHype gandsSubHype,neither,0.03945320844208391,0.33037608806864915,0.630170703489267
Woohoo!,neither,0.03945320844208391,0.33037608806864915,0.630170703489267
I literally job to the store for comic books.,neither,0.059671117317164235,0.287589201109969,0.6527396815728668
â¤,neither,0.03945320844208391,0.33037608806864915,0.630170703489267
gandsSubHype gandsSubHype gandsSubHype gandsSubHype,neither,0.03945320844208391,0.33037608806864915,0.630170703489267
Yay comics!,neither,0.03945320844208391,0.33037608806864915,0.630170703489267
Hey Amy! Hey Mat! Hey Taliesin! :D,neither,0.03945320844208391,0.33037608806864915,0.630170703489267
"Correction, ""jog"" to the store.",neither,0.06585990321198483,0.30795425346074684,0.6261858433272683
gandsSubHype gandsSubHype gandsSubHype gandsSubHype,neither,0.03945320844208391,0.33037608806864915,0.630170703489267
:D,neither,0.03945320844208391,0.33037608806864915,0.630170703489267
"Hello Amy, hello Matt, hello Taliesin. Happy comic book day!",neither,0.039661540972771886,0.3242427328698524,0.6360957261573758
"Luckily it is only 9PM here, unlike Critical Role thet is at 4AM xDHI GUYS THO",neither,0.0662220889921645,0.3261485688510278,0.6076293421568076
Love the overwatch jacket,neither,0.035028937849030266,0.3267994398547809,0.6381716222961887
I've got my stack,neither,0.013372843385613458,0.42476008122105485,0.5618670753933317
Welcome to @geekandsundry Twitch Matt,neither,0.04470118106783767,0.3272889406545308,0.6280098782776314
Re Sub gandsSubHype,neither,0.06563155843012512,0.2918032579473116,0.6425651836225633
The Pull List and Drama Club Hero super got me into going weekly.,neither,0.03295211826357037,0.36055299151858383,0.6064948902178458
Matt Key is so hot,neither,0.04633995180348391,0.3661760662146421,0.5874839819818739
is it a jacket or a shirt?,neither,0.045702285359216645,0.3282267439616599,0.6260709706791234
Re Sub gandsSubHype,neither,0.06563155843012512,0.2918032579473116,0.6425651836225633
Does Taliesin have an Overwatch patch?,neither,0.02660435002761247,0.45177045028031704,0.5216251996920704
gandsLessthanthree gandsLessthanthree gandsLessthanthree gandsLessthanthree gandsLessthanthree gandsLessthanthree gandsLessthanthree gandsLessthanthree,neither,0.03945320844208391,0.33037608806864915,0.630170703489267
"Totally with you on the intimidating factor. I want to start reading (again), but I'm having trouble getting started",neither,0.037000890982128616,0.4205412045675978,0.5424579044502735
Not anything against anyone but YEY for my two most favourite people on G&S,neither,0.03889034517169462,0.3576854072884844,0.603424247539821
LOL,neither,0.020706217963973744,0.4882283491876925,0.4910654328483337
@brittanywalloch congrats on your recent nuptials!,neither,0.06493253248364154,0.3351878723105103,0.5998795952058481
!question,neither,0.03945320844208391,0.33037608806864915,0.630170703489267
Nope,neither,0.03945320844208391,0.33037608806864915,0.630170703489267
The Pull List and Drama Club Heroes super got me into going weekly.,neither,0.033110504845731574,0.35976690706796494,0.6071225880863036
it's a whole Overwatch jacket and i'm mad jealous,neither,0.03764814892763951,0.2980953031395954,0.6642565479327651
LOL,neither,0.020706217963973744,0.4882283491876925,0.4910654328483337
<3,neither,0.03945320844208391,0.33037608806864915,0.630170703489267
COOL with that,neither,0.020735466086321097,0.4417699814452369,0.537494552468442
Elaborate plot gandsSubHype,neither,0.03945320844208391,0.33037608806864915,0.630170703489267
!questions,neither,0.03945320844208391,0.33037608806864915,0.630170703489267
"To make it easier to read questions in chat, please preface your questions with the word question in all caps. For example, QUESTION: How are you today?",neither,0.06209713493468228,0.3342013724685751,0.6037014925967426
norwego - just jump in,neither,0.03356702714969651,0.35852759746603524,0.6079053753842683
self care hype!,neither,0.03945320844208391,0.33037608806864915,0.630170703489267
Wooo!!!,neither,0.03945320844208391,0.33037608806864915,0.630170703489267
I still only read Calvin & Hobbes,neither,0.03869149591121442,0.3433043376288012,0.6180041664599845
haha!,neither,0.03186685585600258,0.45913629025701075,0.5089968538869867
wow this got deep fast,neither,0.038194226344219394,0.3739123197468861,0.5878934539088945
awesome!!,neither,0.03945320844208391,0.33037608806864915,0.630170703489267
I bet Matt Key has a hot wife,neither,0.03974050364767471,0.3254999386490337,0.6347595577032916
I WAS SO CLOSE,neither,0.03923880544637005,0.39403425405381387,0.5667269404998161
LUL,neither,0.03945320844208391,0.33037608806864915,0.630170703489267
Yay !!,neither,0.03945320844208391,0.33037608806864915,0.630170703489267
lol you are adorbs talisen,neither,0.07961765575976767,0.39264770366519547,0.5277346405750368
lol,neither,0.020706217963973744,0.4882283491876925,0.4910654328483337
QUESTION: What comic should somebody who has never read a comic before start reading?,neither,0.045486065578627576,0.45024834615774634,0.5042655882636262
No question for you @GeekandSundry,neither,0.0486545692255165,0.35985129464887716,0.5914941361256062
Hey @brittanywalloch,neither,0.03945320844208391,0.33037608806864915,0.630170703489267
Expanded comic book group.,neither,0.03945320844208391,0.33037608806864915,0.630170703489267
We don't have a real comicbook store here,neither,0.11418546774544457,0.39918774766512183,0.48662678458943354
D'aawwww,neither,0.03945320844208391,0.33037608806864915,0.630170703489267
A comic around,neither,0.03945320844208391,0.33037608806864915,0.630170703489267
"bamboozaling self care, I love it.",neither,0.03475689582569549,0.34590002112780055,0.6193430830465039
Taliesin's hair is so Perdy today (and that kept autocorrecting to Percy),neither,0.04536594206126266,0.3407286253051451,0.6139054326335922
!questions,neither,0.03945320844208391,0.33037608806864915,0.630170703489267
"To make it easier to read questions in chat, please preface your questions with the word question in all caps. For example, QUESTION: How are you today?",neither,0.06209713493468228,0.3342013724685751,0.6037014925967426
I comic around,neither,0.03945320844208391,0.33037608806864915,0.630170703489267
GeekandSundry one day you'll learn all that Danoba knows,offensive_language,0.05122924594124331,0.4959204347073263,0.45285031935143033
QUICKSAVE RAID!,neither,0.03945320844208391,0.33037608806864915,0.630170703489267
Re Sub gandsSubHype,neither,0.06563155843012512,0.2918032579473116,0.6425651836225633
Yay! This sounds exactly like what I need!,neither,0.052461129530976605,0.33919491923972417,0.6083439512292992
"Is that the famous Krit Roll player, Talespin Heffe? OSsloth",neither,0.03712102051527232,0.42479611680783713,0.5380828626768904
my first was laugh in the 79,neither,0.025432965756927443,0.38741970895474376,0.5871473252883289
@Tacotownindustries HA! ... never.,neither,0.03396237161976483,0.38671249327874196,0.5793251351014932
Yay Taliesen!,neither,0.03945320844208391,0.33037608806864915,0.630170703489267
only 40 dollars? Kappa,neither,0.03945320844208391,0.33037608806864915,0.630170703489267
WOOT AMY DALLEN,neither,0.03945320844208391,0.33037608806864915,0.630170703489267
<3,neither,0.03945320844208391,0.33037608806864915,0.630170703489267
@thatnerd yeah,offensive_language,0.013968601452186464,0.5182923869769311,0.4677390115708824
Thanks to The Pull List and Drama Club Hero super got me into going weekly.,neither,0.035377328606461755,0.3478406303514874,0.6167820410420509
QUICKSAVE RAID!,neither,0.03945320844208391,0.33037608806864915,0.630170703489267
WEDNESDAY CLUB - I'm so in. <3 Thanks dudes.,neither,0.03762359880956791,0.34915389522405116,0.613222505966381
!wallet,neither,0.03945320844208391,0.33037608806864915,0.630170703489267
critternation3000 has 36452 coins,neither,0.03989735448983053,0.32283777050957063,0.6372648750005988
"This club is meant for me, this is awesome <3",neither,0.04018455299992547,0.3349758877463798,0.6248395592536946
QUICKSAVE,neither,0.03945320844208391,0.33037608806864915,0.630170703489267
Amy talking comics!!!! ðŸŽ‰ðŸŽ‰ðŸŽ‰,neither,0.03945320844208391,0.33037608806864915,0.630170703489267
no tailspin jefe ?,neither,0.03852177801590115,0.3461848932406789,0.6152933287434199
"Amy ""The Doctor"" Dallen!",neither,0.03862348701351305,0.31522721105087215,0.6461493019356147
"Oh Brittany.... you know what you deserve as a friend of the channel, an honorary sword",neither,0.06825501975173982,0.3522771334033498,0.5794678468449103
AMY HYPE,neither,0.03945320844208391,0.33037608806864915,0.630170703489267
QUESTION: How hyped are you for the America Chavez solo title?,neither,0.15621766884449087,0.23983898938994225,0.6039433417655667
QUICKSAVE,neither,0.03945320844208391,0.33037608806864915,0.630170703489267
QUESTION: Are there any comic series that revolve more about the medieval fantasy genre you would recommend for a beginning comic reader?,neither,0.05206937257171728,0.31052875274637365,0.6374018746819091
QUICKSAVE,neither,0.03945320844208391,0.33037608806864915,0.630170703489267
Sub gandsSubHype,neither,0.03945320844208391,0.33037608806864915,0.630170703489267
"QUESTION: I loved wicked and the divine, Monstress, Saga, can you rec any more?",neither,0.04794802393333959,0.31320609693868834,0.638845879127972
Donuts and comics time. I am happy.,neither,0.03796967429659489,0.3156996354425669,0.6463306902608382
Finally The Pull is back,neither,0.047055544882201365,0.31081858001403534,0.6421258751037633
QUICKSAVE RAID!,neither,0.03945320844208391,0.33037608806864915,0.630170703489267
Hero!,neither,0.03945320844208391,0.33037608806864915,0.630170703489267
Re Sub gandsSubHype,neither,0.06563155843012512,0.2918032579473116,0.6425651836225633
19 months! Woot!,neither,0.03945320844208391,0.33037608806864915,0.630170703489267
Slowsave?,neither,0.03945320844208391,0.33037608806864915,0.630170703489267
I love swords!,neither,0.03217296676969875,0.3657703709031763,0.602056662327125
hey @tempuslibris â™¡,neither,0.03945320844208391,0.33037608806864915,0.630170703489267
sub gandsSubHype yay!,neither,0.03945320844208391,0.33037608806864915,0.630170703489267
well this show is definitely on my [The] Pull list...,neither,0.04319732362185308,0.33406228173553754,0.6227403946426096
gandsSubHype gandsSubHype gandsSubHype,neither,0.03945320844208391,0.33037608806864915,0.630170703489267
Amy and the pull led me into ~100 a week habit,neither,0.033929717084539,0.31986769172277874,0.6462025911926823
now on phone. ok,neither,0.03612942913336587,0.347134994012126,0.6167355768545082
HOORAY!,neither,0.03945320844208391,0.33037608806864915,0.630170703489267
"tempuslibris, Fables!",neither,0.03945320844208391,0.33037608806864915,0.630170703489267
Hi @thelonehalfelfranger twin,neither,0.03945320844208391,0.33037608806864915,0.630170703489267
Hey @ErikaIshii,neither,0.03945320844208391,0.33037608806864915,0.630170703489267
amy sold me my first comic...that was a great day,neither,0.021513894484827868,0.41354236374192166,0.5649437417732505
@erikaishii hi,neither,0.03945320844208391,0.33037608806864915,0.630170703489267
QUESTION: What should someone read who used to buy every Marvel comic released but stopped 20 years ago and is thinking of dipping back in?,neither,0.05162952036201239,0.3521952111113911,0.5961752685265965
"@CthulhuZuzu, Pathfinder comic series is one I collect, Rat Queens is good, to name a few I have.",neither,0.051316512292680694,0.3468324247016654,0.6018510630056539
HI Erika!!!! <3 ^_^,neither,0.03945320844208391,0.33037608806864915,0.630170703489267
Hi @ErikaIshii,neither,0.03945320844208391,0.33037608806864915,0.630170703489267
tinytatoPotato TINY POTATO RAID tinytatoPotato,neither,0.03945320844208391,0.33037608806864915,0.630170703489267
QUICKSAVES wheeeeeee,neither,0.03945320844208391,0.33037608806864915,0.630170703489267
So excited to see this show!,neither,0.06454207395932161,0.29478209900100655,0.6406758270396717
cause why not,neither,0.021407618039380228,0.40384465463835306,0.5747477273222668
What is the person into. There is probably a comic for it somewhere,neither,0.048181631401576545,0.28005034179594473,0.6717680268024787
@erikaishii hiiii,neither,0.03945320844208391,0.33037608806864915,0.630170703489267
QUICKSAVE!,neither,0.03945320844208391,0.33037608806864915,0.630170703489267
"Hi, Erika! :)",neither,0.03945320844208391,0.33037608806864915,0.630170703489267
@quaraxkad1 read that and fairest! Loooove it so much,neither,0.029382407487727857,0.37939759561933106,0.591219996892941
!whodat,neither,0.03945320844208391,0.33037608806864915,0.630170703489267
Michelle Pfeiffer's catwoman got me into comic books.. so much so there's footage of 7yo me toasting catwoman at a tea party somewhere....,neither,0.029243117600633344,0.4303258176037726,0.540431064795594
"Amy Dallen (twitter.com/enthusiamy ), Taliesin Jaffe (twitter.com/executivegoth ), and Matt Key (twitter.com/TheMattKey )",neither,0.03832046621880042,0.4407703471967239,0.5209091865844757
amy looks like she in a dream,neither,0.04995970043254546,0.41748842012642734,0.5325518794410272
That is a pretty cool shirt.,neither,0.043257453761057156,0.36842910394963596,0.5883134422893068
tinytatoPotato TINY POTATO RAID tinytatoPotato,neither,0.03945320844208391,0.33037608806864915,0.630170703489267
hello twitch chat!,neither,0.03945320844208391,0.33037608806864915,0.630170703489267
tempuslibris how about Y The Last Man?,neither,0.03646701654083342,0.41523911614459236,0.5482938673145743
Re Sub gandsSubHype,neither,0.06563155843012512,0.2918032579473116,0.6425651836225633
tinytatoPotato tinytatoBallpit tinytatoPotato tinytatoBallpit,neither,0.03945320844208391,0.33037608806864915,0.630170703489267
"If no one's mentioned it already, Happy Birthday Edward Gorey!",neither,0.026157880705040937,0.404173044663554,0.5696690746314051
waves hello to Erika,neither,0.045784860914535895,0.3266700425427857,0.6275450965426784
tinytatoPotato tinytatoHeart tinytatoPotato,neither,0.03945320844208391,0.33037608806864915,0.630170703489267
how about we mix it up,neither,0.03393531154595735,0.41100358321290437,0.5550611052411383
ERIKAAA,neither,0.03945320844208391,0.33037608806864915,0.630170703489267
"I kind of prefer 1940s Captain America (because punching Nazis), but the more modern Iron Man (more hi-tech).",neither,0.08826241352361382,0.30322039216174534,0.6085171943146409
Amy through The Pull List and Drama Club Heroes got me into going weekly to my local comic book store. So thanks.,neither,0.04000531564106278,0.39102506862112374,0.5689696157378135
tinytatoHeart tinytatoPotato tinytatoHeart,neither,0.03945320844208391,0.33037608806864915,0.630170703489267
Hello Erika and tiny potatoes!,neither,0.038799153066197065,0.29788301943311074,0.6633178275006921
"We have a Box Lunch in KC, K. Nifty place.",neither,0.041172841304848974,0.30118943050337593,0.6576377281917751
tinytatoPotato tinytatoSave TINY QUICKSAVE RAID tinytatoSave tinytatoPotato,neither,0.03945320844208391,0.33037608806864915,0.630170703489267
Hey Erika!,neither,0.03945320844208391,0.33037608806864915,0.630170703489267
"cheer100 My only super power is making small amounts of magic bits appear on shows I like, so here's some to start off your new show!",neither,0.08816436538379904,0.30255399021287976,0.6092816444033212
How long is this show scheduled for? An hour? Hour in a half?,neither,0.047848866654911365,0.2707609058303393,0.6813902275147494
Hello @ErikaIshii!,neither,0.03945320844208391,0.33037608806864915,0.630170703489267
Whip it out,neither,0.0327218070554042,0.35111102557820095,0.6161671673663948
Show us your comics!,neither,0.15998274362342463,0.23713067325470513,0.6028865831218703
@quaraxkad1 yup read the whole thing. I'm the librarian who purchases comics for a whole county/state,neither,0.048185166019420494,0.2828819486606884,0.6689328853198911
From this distance Iron Man looks StaLayton era,neither,0.040201852393115356,0.36093611685683435,0.5988620307500502
hahaha,neither,0.03945320844208391,0.33037608806864915,0.630170703489267
@ginquisitor But the IM wall plug was so goood,neither,0.035942769588560707,0.3784235014036668,0.5856337290077723
Thanks for showing Potato support!,neither,0.055155111647617924,0.289334499785679,0.655510388566703
@DsnyPixChck 2 hours,neither,0.03945320844208391,0.33037608806864915,0.630170703489267
"Love that Hammer, need Hammer emoji!",neither,0.035767055079883675,0.35922493155719915,0.6050080133629171
:D,neither,0.03945320844208391,0.33037608806864915,0.630170703489267
@geekandsundry thanks :-),neither,0.035884468650613,0.3004919205142699,0.6636236108351171
of cool dorito ranch flavor,neither,0.03945320844208391,0.33037608806864915,0.630170703489267
that hammer is what should have smashed that paperclip creature Microsoft Windows used to use.,neither,0.031213830282178775,0.4326606687488442,0.536125500968977
mine too!!! i thought i wasnt cool enough because of that!,neither,0.03888940323296573,0.29300412579051494,0.6681064709765194
"tempuslibris ok, Alias? The Pulse? Powers?",neither,0.03869800803936039,0.318028901983053,0.6432730899775866
"QUESTION: As a person who is not into comics, what is a good entry point? After learning to read with the Archie, Calvin and Hobbes, and Snoopy comics, I have been out of the game for more than 30 years..",neither,0.03861659046551454,0.321157684093887,0.6402257254405984
"Yup, I think we found the emote for the show.",neither,0.04439439154561009,0.22293594719051704,0.7326696612638729
Ugh that guy,neither,0.03447375705417072,0.3879768021454947,0.5775494408003345
"I can so empathize, Matt. T_T",neither,0.03975041299480749,0.37863301092231044,0.5816165760828821
Chic Tracts?,neither,0.03945320844208391,0.33037608806864915,0.630170703489267
"cheer100 I thought I was alone with this power...so many years hiding, i need not hide anymore!",neither,0.03404704878699022,0.3235054635226479,0.6424474876903619
Seduction of the Innocent,neither,0.03836399057323231,0.31033935932218293,0.6512966501045848
Yeah,offensive_language,0.013968601452186464,0.5182923869769311,0.4677390115708824
"Yeah... Comics and D&D are so evil, guys",neither,0.039986851900101046,0.38398606914138195,0.576027078958517
"Yea we can skip that crap TALK COMICS,",neither,0.026341594001842737,0.36135049920071405,0.6123079067974432
Comics: Warping America's Youth in All the Best Ways,neither,0.1365302762914942,0.28592162907303015,0.5775480946354756
i love comic and nerdery history,neither,0.03520859889425549,0.2985342592324893,0.6662571418732552
YIPEE FOR DEGENERATE COMIC BOOKS,neither,0.03411139801948909,0.3036926428821201,0.6621959590983908
Speak to the hammer! :D,neither,0.04505363727375765,0.3111681752108793,0.6437781875153631
quaraxkad1 I've read alias and pulse but not powers!,neither,0.021265398179389668,0.30091645328701444,0.677818148533596
I like being seduced!,neither,0.05040088015820722,0.42142805045891923,0.5281710693828736
first Rock and role now comics WHERE WILL IT END,neither,0.0355233198559398,0.27331964787787905,0.6911570322661813
Is that why Taliesin is so... interesting?,neither,0.0381026092360093,0.4224797168192426,0.539417673944748
gandsHR gandsHR gandsHR,neither,0.03945320844208391,0.33037608806864915,0.630170703489267
We have a subscriber-only Discord server! Join here: https://t.co/Of0oLClO2v (you'll need to sub and link it to your Twitch) and be a part of the fun!,neither,0.09547053438395335,0.28230926502643855,0.6222202005896081
Seduction of the Innocent seems like bad Twilight Fan Fic,neither,0.04391034852747029,0.3301746245461472,0.6259150269263825
I feel like polygon made a yt video on that,neither,0.04680503920358699,0.3126090773942276,0.6405858834021854
"""Seduction of the Innocent""",neither,0.03836399057323231,0.31033935932218293,0.6512966501045848
Amy smiling at a comics-nerding Matt Key is my new favorite shot,neither,0.038500894934976604,0.33872603190897993,0.6227730731560435
Hey guysh,neither,0.03945320844208391,0.33037608806864915,0.630170703489267
STICKERS!,neither,0.03945320844208391,0.33037608806864915,0.630170703489267
Remember that anyone that plays D&D worships Satan!,neither,0.03391999699203176,0.39098469378909884,0.5750953092188693
@TommyHobo So 50 Shades of Grey?,neither,0.03941613548638685,0.3657161289410768,0.5948677355725365
Sub gandsSubHype,neither,0.03945320844208391,0.33037608806864915,0.630170703489267
"tempuslibris sounds like you don't need any recommendations, you're doin' just fine!",neither,0.09483395486667019,0.4082392484144313,0.4969267967188985
"I had no idea that's what the COMICS CODE came from, that's crazy!",neither,0.03167141515513604,0.4212234019962035,0.5471051828486604
"Great show, will be on my regenerate show list",neither,0.048408308898525536,0.2589811390236246,0.6926105520778498
"Comics, D&D, metal and rap. All were considered bad for kids.",neither,0.03457883262864416,0.31455962200545984,0.6508615453658959
Amy smiling is the best thing!,neither,0.04413479616631469,0.3108975977647735,0.6449676060689117
devil superman? helmet of hate? what lame censorship let that kind of filth thru?,neither,0.13171575007767256,0.22354862015191665,0.6447356297704108
"Help G&S make great content! $4.99/month gets you emotes, Minecraft server access, Sub Only Q&As, VODs, and more! Every sub keeps the channel alive! twitch.tv/geekandsundry/subscribe",neither,0.043092924924402844,0.32365565443818894,0.6332514206374082
Wonder if my favorite Lobo made the cut. ðŸ˜Ž,neither,0.01817764520439279,0.43015383887583314,0.5516685159197741
Droppin that crazy knowledge !!! Yeah Amy!!!!,neither,0.022157686008393716,0.47940286854513375,0.49843944544647256
"Can they all do the comic book guy voice? Just to see if they measure up, and get it out of the way?",neither,0.027075131312391212,0.4024317409036108,0.5704931277839981
"@jrobie_1970 No, that's really bad Twilight Fan Fic. Seduction of The Inocent just seems very shirtless focussed",neither,0.030376044973494897,0.3743396899798958,0.5952842650466093
Re Sub gandsSubHype,neither,0.06563155843012512,0.2918032579473116,0.6425651836225633
comics are evil. also rock and roll. also games. also books. also tv. also life,neither,0.044823347137757194,0.32247582993214835,0.6327008229300944
@geekandsundry can use revlo for this show?,neither,0.014618145684171163,0.3184346681751987,0.6669471861406301
"tempuslibris how about Sword, Girls, Alex + Ada, all three by the same Luna brothers",neither,0.03092172153260298,0.461034309427177,0.50804396904022
Jimmy Olsen is a wrestler and not Supermans friend...,neither,0.04311760949275889,0.3058717018535484,0.6510106886536927
well i've already learned something today,neither,0.020854670280015728,0.3139701630243871,0.6651751666955973
who is the other dude?,neither,0.049056609737748905,0.3824509483166153,0.5684924419456359
That was the trump helmet,neither,0.034473102742787975,0.35914926992459695,0.6063776273326151
lol,neither,0.020706217963973744,0.4882283491876925,0.4910654328483337
itmejp10,neither,0.03945320844208391,0.33037608806864915,0.630170703489267
sucks gotta work. good luck Taliesin,neither,0.037449708760757275,0.35554039003089444,0.6070099012083483
"""Suggested for mature readers"" was the first nail in the coffin",neither,0.030458398458317198,0.29521844714305245,0.6743231543986303
:D,neither,0.03945320844208391,0.33037608806864915,0.630170703489267
I love NIghtcrawler,neither,0.03217296676969875,0.3657703709031763,0.602056662327125
"In terms of the big two...Marvel dropped the comics code first, then a few years later DC finally drop it which I believe they were the very last company to drop the code thus killing it completetly",neither,0.03720354316708393,0.319513839672064,0.6432826171608521
LOOK AT AMY she loves this story,neither,0.04117024322493506,0.41407652477167606,0.5447532320033889
No revlo donations today @Critternation3000 not until we get our feet o nth eground,neither,0.036689421157993396,0.33539576926476455,0.627914809577242
Nightcrawler is my favorite. <3,neither,0.032611318641918983,0.4514347285139468,0.5159539528441343
You would have thought Banshee was more likely to be a Catholic Comic gateway drug,neither,0.056131664617752944,0.2934315004791406,0.6504368349031066
That's such a cool origin!,neither,0.036272395641141555,0.36354599815979677,0.6001816061990618
