text,top_class,hate_speech,offensive_language,neither
Yay! art time,neither,0.038394814503521627,0.34833979539412296,0.6132653901023555
I don't think the mansion is very going to come back unless Scanlan does. They try to RP as much as they can. From a story standpoint I wouldn't see characters specing into eachother's wheelhouse so to speak.,neither,0.039385307095802916,0.4171815420101617,0.5434331508940353
woo video!,neither,0.04521696620330073,0.23255007665169716,0.7222329571450022
Bidet from Perth Australia @ 11am,neither,0.04031924518627951,0.315677184343852,0.6440035704698686
@vance1982 more levels than they have left,neither,0.040199383420584454,0.33646240501958685,0.6233382115598286
WOOOOOOOOO,neither,0.03945320844208391,0.33037608806864915,0.630170703489267
art woo,neither,0.03945320844208391,0.33037608806864915,0.630170703489267
SOOOON!,neither,0.03945320844208391,0.33037608806864915,0.630170703489267
Bidet from Canada!,neither,0.04071751644889743,0.3089174816120565,0.6503650019390461
And so it begins PogChamp,neither,0.03702075117330028,0.3334064572415291,0.6295727915851705
Woot Woot!,neither,0.03945320844208391,0.33037608806864915,0.630170703489267
Bidet fellow critters,neither,0.03945320844208391,0.33037608806864915,0.630170703489267
"Bidet from BA, Argentina",neither,0.040334677536117594,0.315415257091876,0.6442500653720065
bidet from California,neither,0.06971251856910227,0.2972619859879888,0.633025495442909
\o/,neither,0.03945320844208391,0.33037608806864915,0.630170703489267
BIDET,neither,0.03945320844208391,0.33037608806864915,0.630170703489267
!wheniscr wheniscriticalrole.com >>> Thursdays 7pm Pacific time tonight >>> CR #87 @Sketchy_Glenn,neither,0.03737990413231617,0.3281348424006749,0.6344852534670089
"Critical Role is on at 7 PM PST, it is currently 6:49 PM PST. There is 10 minutes 25 seconds until the next episode of Critical Role. This has been asked 63 times.",neither,0.04415185405542781,0.3256681338927527,0.6301800120518195
It's happening!,neither,0.037828236809968684,0.3309349903269868,0.6312367728630445
Yah fan art!,neither,0.03945320844208391,0.33037608806864915,0.630170703489267
:0,neither,0.03945320844208391,0.33037608806864915,0.630170703489267
Woot,neither,0.03945320844208391,0.33037608806864915,0.630170703489267
beep beep Fl,neither,0.03945320844208391,0.33037608806864915,0.630170703489267
Bidet from Abilene Texas,neither,0.040937266849991,0.30518774380265185,0.6538749893473571
Woooo,neither,0.03945320844208391,0.33037608806864915,0.630170703489267
it begins,neither,0.037828236809968684,0.3309349903269868,0.6312367728630445
Hyyyyype,neither,0.03945320844208391,0.33037608806864915,0.630170703489267
gandsSubHype gandsSubHype gandsSubHype gandsSubHype,neither,0.03945320844208391,0.33037608806864915,0.630170703489267
wooooaaahhhh,neither,0.03945320844208391,0.33037608806864915,0.630170703489267
"Chapter title ""Tary goes to Hell...s""",offensive_language,0.04819476846146193,0.7118417596858931,0.23996347185264483
@vance1982 no thats a fairly high level spell. no one is really suited for that class either.,neither,0.03506525052653775,0.40501179657169323,0.5599229529017691
Hype,neither,0.03945320844208391,0.33037608806864915,0.630170703489267
"Jumpstart my heart, jeebus",neither,0.02323080328995969,0.46424929128473386,0.5125199054253063
"hej, hello critters",neither,0.03945320844208391,0.33037608806864915,0.630170703489267
I jumped....,neither,0.03945320844208391,0.33037608806864915,0.630170703489267
NAIS,neither,0.03945320844208391,0.33037608806864915,0.630170703489267
@kavajua SW richmond area,neither,0.03945320844208391,0.33037608806864915,0.630170703489267
"Bidet, beep beep, and spice?",neither,0.03849532262610919,0.28064596753809684,0.680858709835794
YAAAAAAAAAAAAAs,neither,0.03945320844208391,0.33037608806864915,0.630170703489267
Anyone get fanart stream yet??,neither,0.038994846975101874,0.33815567839144045,0.6228494746334576
"ooh, more sea adventure!!!",neither,0.04080759425709844,0.32327971336276956,0.635912692380132
ghiyju,neither,0.03945320844208391,0.33037608806864915,0.630170703489267
its alive,neither,0.031903049979589954,0.33297293378096626,0.6351240162394438
who is that?,offensive_language,0.04890640013261156,0.5245279313106093,0.4265656685567792
HYPE!,neither,0.03945320844208391,0.33037608806864915,0.630170703489267
REFRESH YOUR BROWSERS,neither,0.0780690733417637,0.3196259537601841,0.6023049728980522
Bidet from Orlando,neither,0.04062582848913359,0.31047366557575606,0.6489005059351104
pictures and music!,neither,0.03854089757316607,0.2833621088223317,0.6780969936045023
gandsSubHype gandsSubHype gandsSubHype gandsSubHype gandsSubHype gandsSubHype,neither,0.03945320844208391,0.33037608806864915,0.630170703489267
First time ever watching live =) who needs sleep before a full day of classes XD,neither,0.04507051923083384,0.40107931577471484,0.5538501649944515
CR Hype!,neither,0.03945320844208391,0.33037608806864915,0.630170703489267
gandsSCANLAN,neither,0.03945320844208391,0.33037608806864915,0.630170703489267
Bidet from Louisiana,neither,0.04062582848913359,0.31047366557575606,0.6489005059351104
Woot Woot,neither,0.03945320844208391,0.33037608806864915,0.630170703489267
!critmusic,neither,0.03945320844208391,0.33037608806864915,0.630170703489267
The Critical Role theme song is written by Jason Charles Miller (bit.ly/CRsong ). The fan art music is Twin Elms from the Pillars of Eternity Soundtrack (youtu.be/WYMLvmilS24 ),neither,0.04451672980050135,0.3243004653192533,0.6311828048802453
bidet from bmore,neither,0.04228451509352876,0.2823214250720796,0.6753940598343917
Awwwwwww yis!,neither,0.03945320844208391,0.33037608806864915,0.630170703489267
<3 ART u people ROCK!! :),neither,0.07011644225590695,0.32724733381675103,0.6026362239273421
Bidet from HOUSTON TEXAS,neither,0.040553695508357114,0.31169795051161153,0.6477483539800314
bidet from Las Vegas Nevada danScience,neither,0.04022564522455151,0.3172658199708108,0.6425085348046378
art and tears erry time all the time,neither,0.03779919343522213,0.3599951062783188,0.602205700286459
@Megalithm1111 Congrats! Welcome,neither,0.03945320844208391,0.33037608806864915,0.630170703489267
This Week's OFFICIAL ART GALLERY: http://geekandsundry.com/critical-role-fan-art-gallery-new-inspiration-for-a-new-season/,neither,0.038437249958024104,0.22695326815651984,0.734609481885456
yay! art stream has started.,neither,0.03972981193437497,0.3256814049268784,0.6345887831387466
do you spice?,neither,0.06340458516664035,0.38876294420848057,0.5478324706248792
I honor the one week spoiler free initiative. But after that its a viewers problem. Thats the dangers of being a binge watcher,neither,0.0307010217168957,0.36564259032371715,0.6036563879593871
nw Houston as well,neither,0.03780267371628353,0.3583899699178642,0.6038073563658524
bidet,neither,0.03945320844208391,0.33037608806864915,0.630170703489267
yes my first stream thank god I'm off work for a change,neither,0.025329764102294285,0.3685472902479612,0.6061229456497446
Woop Woop,neither,0.03945320844208391,0.33037608806864915,0.630170703489267
"Florida Man says, ""Bidet!""",neither,0.03960327535448781,0.4002576420590665,0.5601390825864457
Bidet from Virginia Beach,neither,0.040454134749990676,0.3133877564139642,0.6461581088360451
"Evening chat, bidet from Fort Smith, Arkansas. :D",neither,0.04016438856970791,0.31830550527063667,0.6415301061596554
SebiStr99 i realized i could play videos thru my car/phone with bluetooth and a whole new world opened up,neither,0.028607718540036475,0.35111764830945674,0.6202746331505069
who's afraid terrys gonna steal all of percy's ideas.... he'll sell them to shady people and that means you.......... percy your thist for intelligent conversation is gonna backfire,neither,0.07925323480955539,0.4010926033032082,0.5196541618872365
Welcome to first time viewers!,neither,0.03752542307304384,0.3453074028632669,0.6171671740636894
AWWWW YEEEEAAA TEXAS IN THE HOUSE,neither,0.03868375467564472,0.3163507565103023,0.6449654888140529
bidet from AZ yall,neither,0.03902145832527897,0.33770401432884517,0.6232745273458757
Bidet LA,neither,0.03945320844208391,0.33037608806864915,0.630170703489267
Ale!,neither,0.03945320844208391,0.33037608806864915,0.630170703489267
Bidet fro Wisconsin,neither,0.03945320844208391,0.33037608806864915,0.630170703489267
Bidet and beep beep....,neither,0.03763944115734239,0.1918412352459551,0.7705193235967025
FIRST TIME LIVE!,neither,0.03431649502744929,0.3558392226370607,0.6098442823354902
have fun everyone! BloodTrail,neither,0.032162493141391094,0.45411855397213485,0.5137189528864742
SW Houston here,neither,0.10987629083702158,0.27819406858141443,0.611929640581564
OKAY! PLACE YOUR BETS! How many weeks until Taryon meets Kaylie and things get weird? sbzyLuv sbzyOmg sbzyMistake,neither,0.057081115113218006,0.2775241525246962,0.6653947323620859
<3 Critter Fan Art,neither,0.03945320844208391,0.33037608806864915,0.630170703489267
lolol,neither,0.03945320844208391,0.33037608806864915,0.630170703489267
bidet from Critical Vapors!,neither,0.040754399270683486,0.3082914838698526,0.650954116859464
!wallet,neither,0.03945320844208391,0.33037608806864915,0.630170703489267
archer1359 has 4065 coins,neither,0.03989735448983053,0.32283777050957063,0.6372648750005988
clarotaa!!,neither,0.03945320844208391,0.33037608806864915,0.630170703489267
beep beep from Galveston TX,neither,0.04081748366884477,0.3072207769958956,0.6519617393352596
Bidet from MN,neither,0.040737273169946825,0.30858215849491494,0.6506805683351382
THURSDAY IS HERE,neither,0.12385009320600726,0.2760033239982363,0.6001465827957565
"Hey everyone, I just want you all to know that I love you all!",offensive_language,0.059592143485225374,0.6570892867031218,0.28331856981165277
gandsSubHype gandsSubHype gandsSubHype gandsSubHype gandsSubHype,neither,0.03945320844208391,0.33037608806864915,0.630170703489267
#TEAMTARY,neither,0.03945320844208391,0.33037608806864915,0.630170703489267
beep beep from salem oregon,neither,0.04071751644889743,0.3089174816120565,0.6503650019390461
"Bidet, fellow Critters!",neither,0.03945320844208391,0.33037608806864915,0.630170703489267
bidet from Texas,neither,0.040937266849991,0.30518774380265185,0.6538749893473571
aww,neither,0.03945320844208391,0.33037608806864915,0.630170703489267
holy ***,neither,0.03945320844208391,0.33037608806864915,0.630170703489267
"ATX, here.",neither,0.22097653003277068,0.2221615150675793,0.55686195489965
"Yay, Fan art!",neither,0.03945320844208391,0.33037608806864915,0.630170703489267
I love this show!!!,neither,0.05833385288354363,0.23792695023094135,0.703739196885515
!wallet,neither,0.03945320844208391,0.33037608806864915,0.630170703489267
noellalee has 2185 coins,neither,0.03989735448983053,0.32283777050957063,0.6372648750005988
gandsSubHype gandsSubHype gandsSubHype gandsSubHype,neither,0.03945320844208391,0.33037608806864915,0.630170703489267
\,neither,0.03945320844208391,0.33037608806864915,0.630170703489267
Guess Denise's Saying for tonight,neither,0.0243389738284788,0.2914976729762569,0.6841633531952642
Bidet from Baton Rouge,neither,0.040334677536117594,0.315415257091876,0.6442500653720065
Did anyone's feed freeze up and get the spinning wheel of death?,neither,0.036828443731362015,0.33123037781801196,0.6319411784506259
"bidet from florida, where its always too muggy",neither,0.03484937978207375,0.3414089949208036,0.6237416252971226
gandsCrit gandsNatTwenty gandsCrit gandsNatTwenty gandsCrit,neither,0.03945320844208391,0.33037608806864915,0.630170703489267
Beep-beep from Georgia!,neither,0.04066490145509902,0.30981049537100724,0.6495246031738937
beep beep gandsOwl,neither,0.03945320844208391,0.33037608806864915,0.630170703489267
PORTLAAAAAND,neither,0.03945320844208391,0.33037608806864915,0.630170703489267
Bidet?,neither,0.03945320844208391,0.33037608806864915,0.630170703489267
Hey chat! Nice to get to be a part of this. I rarely get to make it on time!,neither,0.046987721733633414,0.35418457609730036,0.5988277021690662
Bidet from SoCal all :),neither,0.042694513426253154,0.3885514576687511,0.5687540289049957
Not even a test pattern on Alpha,neither,0.03584919020320195,0.3550401398919062,0.6091106699048918
mobile chat is faster than my pc,neither,0.036192607085525824,0.3868079216953249,0.5769994712191492
!wallet,neither,0.03945320844208391,0.33037608806864915,0.630170703489267
bardraelyn has 7521 coins,neither,0.03989735448983053,0.32283777050957063,0.6372648750005988
Bidet ladies and gents!!,neither,0.03824461173919081,0.27188752967208496,0.6898678585887242
TX is showing Up Cuh!,neither,0.04371483833240585,0.3712149862122316,0.5850701754553626
lol,neither,0.020706217963973744,0.4882283491876925,0.4910654328483337
So what can I do with bits?,neither,0.03269348355876638,0.4306970740806886,0.5366094423605451
H Y P E,neither,0.03945320844208391,0.33037608806864915,0.630170703489267
Bidet,neither,0.03945320844208391,0.33037608806864915,0.630170703489267
Bidet from Taiwan,neither,0.04228451509352876,0.2823214250720796,0.6753940598343917
hi,neither,0.03945320844208391,0.33037608806864915,0.630170703489267
"ok, time to get out the diet water and watch the fun",neither,0.04169795957945061,0.3108054904244341,0.6474965499961154
!clock,neither,0.03945320844208391,0.33037608806864915,0.630170703489267
It is currently 6:50 PM at the Geek & Sundry studio in California.,neither,0.052549267492962806,0.329501858400024,0.6179488741070132
Bidet!,neither,0.03945320844208391,0.33037608806864915,0.630170703489267
"PLACE YOUR BETS! How many weeks until Taryon meets Kaylie and things get weird? sbzyLuv sbzyOmg sbzyMistake I got 1 for 2 weeks, 3 for at least 1 month. Another for 3 months!",neither,0.05871485401563633,0.2593398709684316,0.681945275015932
0,neither,0.03945320844208391,0.33037608806864915,0.630170703489267
"Bidet, gents",neither,0.03945320844208391,0.33037608806864915,0.630170703489267
gandsLessthanthree gandsMatt,neither,0.03945320844208391,0.33037608806864915,0.630170703489267
@sneakyimps Bidet!,neither,0.03945320844208391,0.33037608806864915,0.630170703489267
bidet from VA,neither,0.04066490145509902,0.30981049537100724,0.6495246031738937
hello!,neither,0.03945320844208391,0.33037608806864915,0.630170703489267
!wallet,neither,0.03945320844208391,0.33037608806864915,0.630170703489267
Taryart,neither,0.03945320844208391,0.33037608806864915,0.630170703489267
addielikes has 1895 coins,neither,0.03989735448983053,0.32283777050957063,0.6372648750005988
Bidet from Louisiana,neither,0.04062582848913359,0.31047366557575606,0.6489005059351104
whoaa,neither,0.03945320844208391,0.33037608806864915,0.630170703489267
gandsNatTwenty,neither,0.03945320844208391,0.33037608806864915,0.630170703489267
Bidet everyone,offensive_language,0.02988896790634741,0.4927062106388782,0.4774048214547744
danLove Subs and ReSubs cirLove,neither,0.03852460340978638,0.282397176840787,0.6790782197494266
Can't wait to see Tarry in a fight,neither,0.04709205735241116,0.32116358240196063,0.6317443602456281
"Hallo, Critters <3",neither,0.03945320844208391,0.33037608806864915,0.630170703489267
anyone from philly out there? HYPE,neither,0.03681350501275692,0.29656708034677903,0.666619414640464
Beep Beep from Attleboro MA,neither,0.031816597323666866,0.4599893087150652,0.5081940939612679
TwitchRPG,neither,0.03945320844208391,0.33037608806864915,0.630170703489267
bidet from jersey,neither,0.0408364874901429,0.30689823255244486,0.6522652799574122
Give me a Kraken,neither,0.026785394678102665,0.4026951720026604,0.5705194333192369
is the stream offline for anyone else?,neither,0.04000011225104357,0.29212652630299646,0.6678733614459599
thursday best day,neither,0.039023586500796154,0.3068667752747248,0.654109638224479
heyyo,neither,0.03945320844208391,0.33037608806864915,0.630170703489267
First time I've had off work to watch LIVE! <3,neither,0.02583944935676559,0.32740614629882125,0.6467544043444132
Bidet from Hong Kong! :D gonna have to multitask and work while the stream happens x),neither,0.05388852321612145,0.3139210419257343,0.6321904348581442
hi <3,neither,0.03945320844208391,0.33037608806864915,0.630170703489267
Bidet from Florida :),neither,0.0408948396164547,0.30590784468201904,0.6531973157015263
UK BOISSSSSSSSSSSSSS 3AM WOOOOO,neither,0.03945320844208391,0.33037608806864915,0.630170703489267
bidet,neither,0.03945320844208391,0.33037608806864915,0.630170703489267
SO EXCITED FOR TONIGHT,neither,0.030933360112281538,0.3223542421246248,0.6467123977630935
Be Pleased,neither,0.04002562477733436,0.33516942876397554,0.6248049464586901
beep beep,neither,0.03945320844208391,0.33037608806864915,0.630170703489267
what music is playing now (to the art)?,neither,0.05742735525801305,0.3078076576163909,0.634764987125596
!critmusic,neither,0.03945320844208391,0.33037608806864915,0.630170703489267
The Critical Role theme song is written by Jason Charles Miller (bit.ly/CRsong ). The fan art music is Twin Elms from the Pillars of Eternity Soundtrack (youtu.be/WYMLvmilS24 ),neither,0.04451672980050135,0.3243004653192533,0.6311828048802453
"my third time tuning in from denmark, its very late damn",offensive_language,0.03129816345725144,0.7235821567487649,0.24511967979398375
I considered getting a Critical Role tattoo when I go on spring break!!,neither,0.03132701073276063,0.40213251144058276,0.5665404778266567
Bidet from Maine,neither,0.04069404815304118,0.30931579984010865,0.6499901520068502
Welcome everyone get gandsSubHype gandsSubHype gandsSubHype,neither,0.032464341890891056,0.4489953929306578,0.5185402651784511
"Browsing tumblr has taught me that everyone is gay for the Captain. I'm definitely included under ""everyone"".",neither,0.08002702053003971,0.3763041888986274,0.543668790571333
"Bidet from SLO, CA :D",neither,0.04039749100449293,0.314349148603457,0.6452533603920501
Bidet from St Louis MO!,neither,0.040325751892290734,0.3155667485616919,0.6441074995460174
those dragons were lit!,neither,0.060142375112223666,0.25446646499634673,0.6853911598914296
PogChamp,neither,0.03945320844208391,0.33037608806864915,0.630170703489267
what is this show about?,neither,0.08490096773244404,0.2584570856574165,0.6566419466101395
i can't wait!,neither,0.03991073413903658,0.3226106829444422,0.6374785829165213
"10 minute warning, grab drinks and snacks, visit the restroom, check out the neat fanart and prepare yourselves for this weeks episode of Critical Role, where anything could happen, and probably will",neither,0.035646596228712614,0.2700498547870305,0.694303548984257
beep beep from FLORIDA,neither,0.0408948396164547,0.30590784468201904,0.6531973157015263
bidet from kcmo!,neither,0.04228451509352876,0.2823214250720796,0.6753940598343917
Bidet from Florida,neither,0.0408948396164547,0.30590784468201904,0.6531973157015263
@HelixTheAlmighty Tarry On my wayward scanlan!,neither,0.02547473336518356,0.4354507142426699,0.5390745523921465
I love how many people are essentially drawing Tary's construct as K2S0,neither,0.08759079082372352,0.3268654380526145,0.5855437711236618
bidet from Springfield il :),neither,0.040334677536117594,0.315415257091876,0.6442500653720065
"Bidet and Beep Beep from Nashville, TN",neither,0.039618715792848265,0.27971990106412287,0.6806613831430289
Why does Tary remind me a little of Dorian from DA:I?? >_>,offensive_language,0.03262109251399755,0.5155247555963722,0.45185415188963024
Bidet from my living room,neither,0.028937395519573347,0.4017156123150703,0.5693469921653564
Bidet from New Hampshire!,neither,0.04402155579737495,0.2236345274837781,0.7323439167188469
be pleased,neither,0.04002562477733436,0.33516942876397554,0.6248049464586901
Beep beep from CT,neither,0.04066490145509902,0.30981049537100724,0.6495246031738937
Bidet everyone.,offensive_language,0.02988896790634741,0.4927062106388782,0.4774048214547744
lolol,neither,0.03945320844208391,0.33037608806864915,0.630170703489267
just now found out you can resub with twitch prime. today is a good day,neither,0.03875018681588395,0.3741911486580224,0.5870586645260936
Bidet from KY!,neither,0.04062582848913359,0.31047366557575606,0.6489005059351104
it thurday :D,neither,0.034373745257138544,0.33212314837979673,0.6335031063630647
@hobodaklown yea my stream is currently offline,neither,0.03545335220153312,0.399964332420401,0.5645823153780659
Bidet from Arizona!!,neither,0.04078317879478948,0.307803020237201,0.6514138009680096
#CrittersLove #CantWait #AndIThoughtTheLast10MinutesAtWorkWereTheLongest #CritRoleEnFrancais?,neither,0.03945320844208391,0.33037608806864915,0.630170703489267
Greetings from Calgary,neither,0.04228451509352876,0.2823214250720796,0.6753940598343917
5k hype,neither,0.03945320844208391,0.33037608806864915,0.630170703489267
gandsTrinket,neither,0.03945320844208391,0.33037608806864915,0.630170703489267
Bidet from North Florida,neither,0.04049937143341105,0.3126199718379845,0.6468806567286045
yo ho from minnesota,offensive_language,0.026203292232082464,0.6622390045119738,0.3115577032559439
"Bidet from Niagara Falls, Canada~",neither,0.04042040287069546,0.31396027443879415,0.6456193226905105
i just saw his class on his sheet last ep and i was like... yes go on.,neither,0.06782703102498427,0.34645433444318663,0.5857186345318292
Bidet from Florida,neither,0.0408948396164547,0.30590784468201904,0.6531973157015263
Bidet and Beep Beep from Birmingham AL,neither,0.04470229338677418,0.1629405313406513,0.7923571752725744
Bidet from my living room.,neither,0.028937395519573347,0.4017156123150703,0.5693469921653564
gandsSubHype gandsSubHype gandsSubHype gandsSubHype gandsSubHype gandsSubHype gandsSubHype gandsSubHype,neither,0.03945320844208391,0.33037608806864915,0.630170703489267
Bidet from Montreal,neither,0.04062582848913359,0.31047366557575606,0.6489005059351104
Bidet from denver!,neither,0.04069404815304118,0.30931579984010865,0.6499901520068502
shout out to my bros,neither,0.030108233040108272,0.4244840821504583,0.5454076848094335
beep beep from VA,neither,0.04066490145509902,0.30981049537100724,0.6495246031738937
What class is Tarion?,neither,0.0624544675123083,0.319521358455279,0.6180241740324127
whoooo,neither,0.03945320844208391,0.33037608806864915,0.630170703489267
Bidet from Toronto!,neither,0.04066490145509902,0.30981049537100724,0.6495246031738937
omg thersday,neither,0.03945320844208391,0.33037608806864915,0.630170703489267
bidet from cali,neither,0.04079557052152802,0.30759270029461827,0.6516117291838538
hello from calgary,neither,0.040875471929787875,0.3062365648703896,0.6528879631998226
@DJMarshmallo thanks for confirming man,neither,0.02939402513053285,0.34527096257404655,0.6253350122954205
@localarsonist me too!,neither,0.025456656249999262,0.41690574403459846,0.5576375997154023
Bidet from Boston,neither,0.040769555981420263,0.3080342349327864,0.6511962090857933
Bidet from Dallas!,neither,0.04081748366884477,0.3072207769958956,0.6519617393352596
is it live yet?,neither,0.05424467405613396,0.32528862477240933,0.6204667011714567
bidet chat (time for full screen).,neither,0.04799980119346641,0.31682632164155433,0.6351738771649792
omg bring back mary and will pllleeeeaaaass,neither,0.039900074862516594,0.2761204344238504,0.683979490713633
Bidet from Connecticut,neither,0.04062582848913359,0.31047366557575606,0.6489005059351104
Bidet and beep beep from Baltimore....,neither,0.039689218340961965,0.26234570384284134,0.6979650778161967
gandsSubHype gandsSubHype gandsSubHype gandsSpoopy gandsSpoopy gandsSpoopy gandsSpoopy,neither,0.03945320844208391,0.33037608806864915,0.630170703489267
"Bidet from Weedfarm, NorCal",neither,0.04228451509352876,0.2823214250720796,0.6753940598343917
the Crit Art lead in has started @Hobodaklown,neither,0.03904710677846555,0.31189067272736676,0.6490622204941677
#BouldersParchmentShears,neither,0.03945320844208391,0.33037608806864915,0.630170703489267
Bidet from Denmark,neither,0.04228451509352876,0.2823214250720796,0.6753940598343917
wooooo,neither,0.03945320844208391,0.33037608806864915,0.630170703489267
Beep Beep from Calgary,neither,0.04228451509352876,0.2823214250720796,0.6753940598343917
@slongtime An artificer or something?,neither,0.03989879362982975,0.32281334454792776,0.6372878618222424
cant wait,neither,0.03945320844208391,0.33037608806864915,0.630170703489267
"Bidet from Poughkeepsie, New York!",neither,0.044690599332616286,0.20708884905532376,0.7482205516120599
@slongtime artificer,neither,0.03945320844208391,0.33037608806864915,0.630170703489267
Happy Thursday!!,neither,0.03945320844208391,0.33037608806864915,0.630170703489267
Representing from the UAZ Campus!,neither,0.15253735635212987,0.2555559993243818,0.5919066443234885
Bidet from Ottawa,neither,0.04228451509352876,0.2823214250720796,0.6753940598343917
Boulder Paper Shears!,neither,0.03945320844208391,0.33037608806864915,0.630170703489267
@slongtime articifer,neither,0.03945320844208391,0.33037608806864915,0.630170703489267
"taryon i an artificier, i think",neither,0.04097324662190881,0.3045770731734845,0.6544496802046067
anybody know weekday the sub icon tiers are?,neither,0.057230861189852204,0.28455510801251016,0.6582140307976376
"@slongtime Artificer, I think.",neither,0.04078787600207219,0.3077232963708793,0.6514888276270485
Bidet from London,neither,0.04069404815304118,0.30931579984010865,0.6499901520068502
bidet from edmonton AB,neither,0.04071751644889743,0.3089174816120565,0.6503650019390461
Hello my another North Florida person~!,neither,0.05895967536507873,0.3401148184029469,0.6009255062319744
bidet from mlguk,neither,0.04228451509352876,0.2823214250720796,0.6753940598343917
aww I LOVE THE aRTS <3,neither,0.035180071544209886,0.3269048242603321,0.6379151041954579
bidet from Minnesota,neither,0.04071751644889743,0.3089174816120565,0.6503650019390461
JESUS THAT SCARED ME,neither,0.028415949517481606,0.4137466934890884,0.55783735699343
Bidet from Pennsylvania,neither,0.04069404815304118,0.30931579984010865,0.6499901520068502
Tiberius. :(,neither,0.03945320844208391,0.33037608806864915,0.630170703489267
BEEP BEEP,neither,0.03945320844208391,0.33037608806864915,0.630170703489267
My first time watching live! So excited!!!,neither,0.02765834007764432,0.45060003305197177,0.521741626870384
MUTHA TRUCKING THURSDAY,neither,0.03945320844208391,0.33037608806864915,0.630170703489267
Got a question; is there any option to talk that doesn't involve money,neither,0.033015642710289755,0.3554355466640505,0.6115488106256597
Bidet from NJ,neither,0.04069404815304118,0.30931579984010865,0.6499901520068502
gandsSCANLAN gandsSCANLAN gandsSCANLAN gandsGandsPoo gandsGandsPoo,neither,0.03945320844208391,0.33037608806864915,0.630170703489267
Beep Beep from New Jersey,neither,0.04458029923653559,0.209841401288464,0.7455782994750004
beedoop from ABQ,neither,0.04228451509352876,0.2823214250720796,0.6753940598343917
beep beep fr,neither,0.03945320844208391,0.33037608806864915,0.630170703489267
Bidet from Sao Paulo,neither,0.04228451509352876,0.2823214250720796,0.6753940598343917
This will be my last time watching Critical Role when it comes out :(,neither,0.02516868204388743,0.42039529201248105,0.5544360259436316
Thank you guys :),neither,0.06265379922890613,0.40956682813393597,0.5277793726371579
Bidet from Alaska. We have gotten around 7 inches of snow in the last 24 hours are and are expected to get at least that much more in the next.,neither,0.05700270242382501,0.2939872009795537,0.6490100965966212
Bidet fellow critters,neither,0.03945320844208391,0.33037608806864915,0.630170703489267
BIDETTT,neither,0.03945320844208391,0.33037608806864915,0.630170703489267
"Huntsville, Alabama is here!!!",neither,0.1203834350483128,0.2778105749555978,0.6018059899960894
bidet from Phx,neither,0.04228451509352876,0.2823214250720796,0.6753940598343917
bidet you lovely people,neither,0.11640071038542463,0.3798975510528235,0.5037017385617519
bidet from bidet Kappa,neither,0.04062582848913359,0.31047366557575606,0.6489005059351104
What's Bidget?,neither,0.057770773616808734,0.3180719994247239,0.6241572269584672
Bidet all from Ohio,neither,0.0430674498175339,0.3950456321742387,0.5618869180082274
#IITY,neither,0.03945320844208391,0.33037608806864915,0.630170703489267
For some reason the geekandsundry channel isn't popping up on the XBOX twitch app. Anyone know why?,neither,0.025652901679860972,0.34353437487713945,0.6308127234429997
Anyone else exicitied about Larkin's return?,neither,0.03802593477064411,0.3546006471604435,0.6073734180689124
omg such comics much emotion,neither,0.036820662925960784,0.3283846927295007,0.6347946443445385
when you refresh and the loading circle actually goes away,neither,0.04145903352930381,0.33621408714142437,0.6223268793292718
bidet from Houston,neither,0.040875471929787875,0.3062365648703896,0.6528879631998226
nice art,neither,0.03945320844208391,0.33037608806864915,0.630170703489267
Bidet from Wheaton IL!,neither,0.04066490145509902,0.30981049537100724,0.6495246031738937
Bidet from MO!,neither,0.040912083971464244,0.30561516297332675,0.653472753055209
i am cleansed,neither,0.03902346103501681,0.3305238979082658,0.6304526410567174
Colorado !,neither,0.03945320844208391,0.33037608806864915,0.630170703489267
6k Hype,neither,0.03945320844208391,0.33037608806864915,0.630170703489267
Whoo!! First time watching live!!,neither,0.036133946722867745,0.3465448113834555,0.6173212418936768
"Bidet from Edmonton, Critters! :D",neither,0.04228451509352876,0.2823214250720796,0.6753940598343917
the tary fan art is hilarious,neither,0.04549006000141478,0.31445947078207803,0.6400504692165071
MrDestructoid bidet,neither,0.03945320844208391,0.33037608806864915,0.630170703489267
Bidet,neither,0.03945320844208391,0.33037608806864915,0.630170703489267
Bidet!,neither,0.03945320844208391,0.33037608806864915,0.630170703489267
8 minutes,neither,0.03945320844208391,0.33037608806864915,0.630170703489267
Time to see what seafaring hijinks this band can come up with,neither,0.034852068488140035,0.429360409921924,0.535787521589936
Hi @addielikes! North FL FTW,neither,0.03945320844208391,0.33037608806864915,0.630170703489267
"Because this becomes sub only, and the discord is sub only",neither,0.04278146022115992,0.2994397538301087,0.6577787859487314
@guymiso Sorry to hear that man,neither,0.04225371497896068,0.4382045122244746,0.5195417727965647
bidet from LA gandsSCANLAN,neither,0.04094187055022747,0.3051096069949388,0.6539485224548338
anyone else watching the Rangers and Maple Leaves game?,neither,0.03819802943291399,0.2751272134837181,0.686674757083368
Taryon could be part of the setup for an elaborate april fools gag...,neither,0.03610571164281179,0.304712666424369,0.6591816219328193
gandsSpoopy,neither,0.03945320844208391,0.33037608806864915,0.630170703489267
anything happen in the last 2 episodes?,neither,0.03873681983446433,0.3173366341827341,0.6439265459828015
sorry you're in Ohio Kappa,neither,0.06980561372211302,0.342044848537062,0.5881495377408249
bidet from north carolinnaaa,neither,0.04079557052152802,0.30759270029461827,0.6516117291838538
Colorado here as well,neither,0.07969007871788132,0.32618972828443815,0.5941201929976807
!start,neither,0.03945320844208391,0.33037608806864915,0.630170703489267
bidet from WA,neither,0.04071751644889743,0.3089174816120565,0.6503650019390461
dude thats so cool too,neither,0.03914503270569028,0.3799712943358581,0.5808836729584517
Where's Larkin?,neither,0.04379278224195774,0.2567221952996476,0.6994850224583946
Bidet from Hawaii! Be pleased,neither,0.040723071547400645,0.3185391020804167,0.6407378263721828
Bidet from San Diego,neither,0.040446282760733435,0.31352102516371877,0.6460326920755478
bidet from Sao Paulo,neither,0.04228451509352876,0.2823214250720796,0.6753940598343917
Bees knees!,neither,0.03945320844208391,0.33037608806864915,0.630170703489267
Grog needs a hammer of thunderbolts,neither,0.03945320844208391,0.33037608806864915,0.630170703489267
"wow, that's committed",neither,0.0355030518998783,0.3733544597415218,0.5911424883585998
Bidet from atl!,neither,0.04078317879478948,0.307803020237201,0.6514138009680096
I am so torn right now between watching this and watching the end of the Leafs game...,neither,0.03739863150277398,0.3068175374109413,0.6557838310862847
"if you cannot see the fan-art currently playing, please refresh the page",neither,0.03537524484506,0.36296398165071236,0.6016607735042276
gandsTrinketArmor gandsGandsPoo,neither,0.03945320844208391,0.33037608806864915,0.630170703489267
WOOT WOOT~!,neither,0.03945320844208391,0.33037608806864915,0.630170703489267
lol sam,neither,0.029540262777559372,0.4042772064154116,0.5661825308070291
butt,neither,0.04895097686417551,0.40990917803974275,0.5411398450960817
Question: Is SHIPCEPTION a thing? SamXMatt via TaryonXKaylie? sbzyLuv sbzyOmg sbzyMistake,neither,0.05264961328599592,0.10835875262544387,0.8389916340885601
Bidet from Detroit!,neither,0.04080695066346891,0.3073995495860776,0.6517934997504536
Bidet from Phx AZ,neither,0.04078317879478948,0.307803020237201,0.6514138009680096
"greetings from Ypsi, MI",neither,0.04081748366884477,0.3072207769958956,0.6519617393352596
beep beep from saudi araiba,neither,0.04078317879478948,0.307803020237201,0.6514138009680096
lets get hyped up chat!!,neither,0.03640968587762668,0.3879131599908481,0.5756771541315252
bidet from missouri,neither,0.04071751644889743,0.3089174816120565,0.6503650019390461
this fan art is glorious,neither,0.04770928508290468,0.3291032909984515,0.6231874239186438
"Also, I love the Fastball Special variant with Grog and Vax",neither,0.05055428893114837,0.309237964217281,0.6402077468515707
Bidet from minnesota,neither,0.04071751644889743,0.3089174816120565,0.6503650019390461
@grimcall Bidet from Ohio too!,neither,0.04034286842851424,0.31527623627137896,0.6443808953001068
Bidet from PDX!,neither,0.04228451509352876,0.2823214250720796,0.6753940598343917
Bidet from Colorado as well,neither,0.03854561479181206,0.34578032094444294,0.6156740642637452
Scan butt,neither,0.04895097686417551,0.40990917803974275,0.5411398450960817
It's finally Thursday. Thank God.,neither,0.03793002296643252,0.3366098933183898,0.6254600837151777
Taryon is Hotis!,neither,0.081172750358939,0.3160268245287109,0.60280042511235
YES! made it on time!,neither,0.03364163184627212,0.3677870790021148,0.5985712891516131
Bidet from South Carolina,neither,0.04043176250036363,0.31376747187705417,0.6458007656225822
To Whom do we have to do unspeakable things to get a little shoutout during the show? :P,neither,0.061544140682940535,0.28647734733067765,0.6519785119863818
hello from Australia!!!,neither,0.04040683511112239,0.31419055472777996,0.6454026101610977
I could totally see a goofy version of Tarry,neither,0.03945320844208391,0.33037608806864915,0.630170703489267
give tarry sude,neither,0.03945320844208391,0.33037608806864915,0.630170703489267
bidet from Maine!,neither,0.04069404815304118,0.30931579984010865,0.6499901520068502
Bidet from Oregon,neither,0.04071751644889743,0.3089174816120565,0.6503650019390461
Bidet from Philly!,neither,0.040769555981420263,0.3080342349327864,0.6511962090857933
boi,neither,0.03945320844208391,0.33037608806864915,0.630170703489267
BEEP BEEP FROM MICHIGAN!,neither,0.040769555981420263,0.3080342349327864,0.6511962090857933
"goodluck: ye, but you'l lsee pretty quickly whe nthey start!",neither,0.047082413211478734,0.3665885614623445,0.5863290253261767
BIDET FROM TN,neither,0.040769555981420263,0.3080342349327864,0.6511962090857933
Bidet from Florida.,neither,0.0408948396164547,0.30590784468201904,0.6531973157015263
here we go,neither,0.13156755280784707,0.2765461283225309,0.5918863188696221
@xenaroseblood me too. Been binge watching YouTube list trying to catch up,neither,0.03634876138780748,0.39481139226928635,0.5688398463429062
This Week's OFFICIAL ART GALLERY: http://geekandsundry.com/critical-role-fan-art-gallery-new-inspiration-for-a-new-season/,neither,0.038437249958024104,0.22695326815651984,0.734609481885456
gandsHR gandsHR,neither,0.03945320844208391,0.33037608806864915,0.630170703489267
"so angry, nowhere in my city sells Dungeons & Dragons stuff gandsFail",neither,0.032832317037604,0.40496897525008485,0.5621987077123112
third bidet from ohio?,neither,0.04043666386062345,0.3136842830019141,0.6458790531374625
gandsOwl gandsOwl gandsOwl,neither,0.03945320844208391,0.33037608806864915,0.630170703489267
Bidet from Roca,neither,0.04228451509352876,0.2823214250720796,0.6753940598343917
@kooper91 Bidet from Ohio also!,neither,0.04053572452720298,0.31200296496232083,0.6474613105104763
Bidet from Louisiana,neither,0.04062582848913359,0.31047366557575606,0.6489005059351104
@deanwsnow Grog mispronounces 'Good day' as Bidet,neither,0.03642519451238779,0.3587319393317379,0.6048428661558743
eww boogers :P,neither,0.03945320844208391,0.33037608806864915,0.630170703489267
"It didn't used to be sub only, weird!",neither,0.031549517960126734,0.364631401250467,0.6038190807894063
Bidet,neither,0.03945320844208391,0.33037608806864915,0.630170703489267
don't do drugs!,neither,0.041311768908131645,0.3297368438989653,0.628951387192903
tgt,neither,0.03945320844208391,0.33037608806864915,0.630170703489267
@Andrusgreen dont see much of us around this part of the web,neither,0.058483193689942384,0.31806911196216037,0.6234476943478973
Bidet from Minnesota,neither,0.04071751644889743,0.3089174816120565,0.6503650019390461
Bidet from Louisiana! gandsDrink,neither,0.04062582848913359,0.31047366557575606,0.6489005059351104
hoioiooi,neither,0.03945320844208391,0.33037608806864915,0.630170703489267
lets go eat some fish,neither,0.033273232975463356,0.34318350798430397,0.6235432590402327
"Question: If SHIPCEPTION is not a thing, can we make it a thing? SamXMatt via TaryonXKaylie? sbzyLuv sbzyOmg sbzyMistake",neither,0.0333947573632507,0.20040893433843082,0.7661963082983184
Bidet from wa.st! ;),neither,0.04046104702925519,0.31327043699523416,0.6462685159755107
Who else loves Tary?,neither,0.040189764724165786,0.4054747883263761,0.5543354469494582
Bidet from the UK,neither,0.039613273355342184,0.2892653269430044,0.6711213997016535
Beep beep,neither,0.03945320844208391,0.33037608806864915,0.630170703489267
anybody from USA use a bidet? i have one,neither,0.016978790505142505,0.4221092873629365,0.5609119221319211
bidet from Philadelphia,neither,0.04066490145509902,0.30981049537100724,0.6495246031738937
Bidet Kera from philly too...no way i'm staying awake for the whole episode,neither,0.03556549089192464,0.3051264556403093,0.659308053467766
Lots of Oregon critters! Nice to see!,neither,0.044756365482878896,0.3272572826093191,0.627986351907802
"Dont do drugs, kids!",neither,0.04091285959271336,0.3298740471047647,0.629213093302522
Beep beep,neither,0.03945320844208391,0.33037608806864915,0.630170703489267
tgit,neither,0.03945320844208391,0.33037608806864915,0.630170703489267
Don't do spice Kappa,neither,0.040630177083871025,0.3299712745821323,0.6293985483339966
pirates life for me,neither,0.024936372284803953,0.3943704396528565,0.5806931880623396
"Bidet from College Station, TX!",neither,0.04032017338852271,0.31566143032936994,0.6440183962821073
!discord,neither,0.03945320844208391,0.33037608806864915,0.630170703489267
Biday from MN!!,neither,0.040737273169946825,0.30858215849491494,0.6506805683351382
beep beep from WVU,neither,0.04062582848913359,0.31047366557575606,0.6489005059351104
"bidet from Cedar Falls, Iowa",neither,0.04040974714285343,0.31414112994950705,0.6454491229076396
Bidet from florida :(,neither,0.0408948396164547,0.30590784468201904,0.6531973157015263
