text,top_class,hate_speech,offensive_language,neither
"yay, StalkerCam is up!",neither,0.045858879907794914,0.39069305440889635,0.5634480656833087
"(((If they don't want people asking when such and such a show is, every 5 minutes, then they need to make chat load with at least the past 30 minutes of comments, otherwise you can load in seconds after the question is answered, and not see it, so you ask again)))",neither,0.05027681497798203,0.3602102074436227,0.5895129775783953
"@DeniseBRR If you'd like, I can introduce you to my friend Frieda Neece. Just let me know. If you need an introduction.",offensive_language,0.027156512805773553,0.6050050582313764,0.36783842896285013
wtf is THAT denise???,offensive_language,0.05167297723415337,0.7371925537360801,0.21113446902976662
"hello all, first time live for Talks Machina",neither,0.032702003675167436,0.3721724854615742,0.5951255108632584
omega symbol,neither,0.03945320844208391,0.33037608806864915,0.630170703489267
is that some kind of psycho rabbit logo?,neither,0.03627501584199696,0.3640085149248134,0.5997164692331897
#FreeDenise,neither,0.03945320844208391,0.33037608806864915,0.630170703489267
Looks like a sigil of some sort,neither,0.040454759545149245,0.3598390043743805,0.5997062360804702
geekandsundry is online. RevloBot is now tracking loyalty.,neither,0.05157974116510514,0.3262052173957376,0.6222150414391574
Meta symbol,neither,0.03945320844208391,0.33037608806864915,0.630170703489267
how long to start?,neither,0.047600163879868526,0.32318022384810646,0.629219612272025
somebody hit the camera lol,neither,0.03154642452759829,0.3653735710068706,0.6030800044655311
"someone help, I have no idea what that is",neither,0.04627390683908246,0.37755307595820453,0.576173017202713
!whenistm TALKS MACHINA simulcast wheniscriticalrole.com/talksmachina,neither,0.03945320844208391,0.33037608806864915,0.630170703489267
"Talks Machina is on at 7 PM PST, it is currently 6:41 PM PST. There is 18 minutes 26 seconds until the next episode of Talks Machina. This has been asked 35 times.",neither,0.044901970286686264,0.3249855048249607,0.6301125248883531
earth quake WutFace,neither,0.03945320844208391,0.33037608806864915,0.630170703489267
@vintaren That's fair if the offline screen wasn't the schedule holding all the answers.,neither,0.02735577273496633,0.3902877377775369,0.5823564894874969
ITS THE META! Project Freelancer yo!,neither,0.03229139329395695,0.38797673354497686,0.5797318731610661
denise rules,neither,0.03945320844208391,0.33037608806864915,0.630170703489267
That DENISE Art,neither,0.0344593389074749,0.38495653232369687,0.5805841287688283
RvB taught me what that is. It is META,neither,0.04729288292501182,0.39755839278347394,0.5551487242915141
Hello,neither,0.03945320844208391,0.33037608806864915,0.630170703489267
"@QuesoCommander buts its not always, usually another show is running.",neither,0.09190656707872413,0.25998416565918153,0.6481092672620944
deus vult,neither,0.03945320844208391,0.33037608806864915,0.630170703489267
the logo doesnt match META,neither,0.03871431290102215,0.3169188681904839,0.6443668189084939
That's pretty cool how they used all letters of Denise to make that,neither,0.039419366931326374,0.42659102286172323,0.5339896102069502
super base audio or something?,neither,0.03945320844208391,0.33037608806864915,0.630170703489267
More Machina! :D,neither,0.044084690295906365,0.306805713525994,0.6491095961780997
oh for the love of ***,neither,0.03333816910654862,0.22980275342843973,0.7368590774650116
when is talks machina,neither,0.035631696818318445,0.38862422546009456,0.5757440777215871
"Bidet from College Station, TX",neither,0.04032017338852271,0.31566143032936994,0.6440183962821073
!whenistm TALKS MACHINA simulcast wheniscriticalrole.com/talksmachina,neither,0.03945320844208391,0.33037608806864915,0.630170703489267
"Talks Machina is on at 7 PM PST, it is currently 6:43 PM PST. There is 16 minutes 48 seconds until the next episode of Talks Machina. This has been asked 36 times.",neither,0.04465894612912762,0.3252048181613331,0.6301362357095392
#FreeSatan,neither,0.03945320844208391,0.33037608806864915,0.630170703489267
Bidet from Denver co,neither,0.040644782651300455,0.31015196397736267,0.6492032533713368
Oooohh... ominous...,neither,0.03945320844208391,0.33037608806864915,0.630170703489267
Bidet from Oklahoma!!,neither,0.04066490145509902,0.30981049537100724,0.6495246031738937
What sort of demonic sigil-,neither,0.04587853368402135,0.32579486103812016,0.6283266052778586
Music is really muffled,neither,0.051425254706582726,0.326258352372893,0.6223163929205242
Who is on tonight?,neither,0.04263739210545923,0.3923205286799001,0.5650420792146407
Bidet From KY,neither,0.04062582848913359,0.31047366557575606,0.6489005059351104
why is nightbot so sassy?,neither,0.03451237514784627,0.39187384051681173,0.573613784335342
bidet from buffalo ny,neither,0.04043211762049359,0.3137614445616591,0.6458064378178473
DENISE THE ANCIENT DEMON,neither,0.03863707841191885,0.3154809545033296,0.6458819670847515
It is the sigil of Bapho... Denise I mean. lol,neither,0.03565918726926298,0.37526774996029727,0.5890730627704398
Beep beep,neither,0.03945320844208391,0.33037608806864915,0.630170703489267
"Denise, if you got that made into a sticker or patch I would totally buy it",neither,0.032192864392532224,0.4344608176972639,0.5333463179102039
!walet,neither,0.03945320844208391,0.33037608806864915,0.630170703489267
"So, does that mean that Denise is in the chat tonight or?",neither,0.02762604593630764,0.4636627217728876,0.5087112322908047
bidet from washington state,neither,0.07569869260918143,0.20816383471815325,0.7161374726726654
just saying,neither,0.021978355045127983,0.36905464402116195,0.60896700093371
"GnS store, get ont hat",neither,0.06137853041521599,0.32983222469380685,0.6087892448909772
Bidet from Edmonton AB Canada!,neither,0.040394171658393964,0.31440548656955947,0.6452003417720467
bidet from houston,neither,0.040875471929787875,0.3062365648703896,0.6528879631998226
Bidet from seattle,neither,0.040754399270683486,0.3082914838698526,0.650954116859464
@ndoty87 lol,neither,0.020706217963973744,0.4882283491876925,0.4910654328483337
gandsGandsPoo gandsSCANLAN,neither,0.03945320844208391,0.33037608806864915,0.630170703489267
Bidet!,neither,0.03945320844208391,0.33037608806864915,0.630170703489267
brian how many times have you wanted to smack will friedle,neither,0.057048424524064445,0.34816400424021343,0.5947875712357222
"stop sleeping, theres no sleeping on StalkerCam",neither,0.03709542336937801,0.39428776050253284,0.5686168161280891
"Beep Beep from Baltimore, MD",neither,0.04038150078596344,0.3146205443430473,0.6449979548709892
"bidet from Jamestown, NY",neither,0.04084513770590474,0.30675141581570226,0.6524034464783931
Bidet!,neither,0.03945320844208391,0.33037608806864915,0.630170703489267
They just threw up a Tornado warning a county away from me it better not ruin my Talks tonight ... gandsRage,neither,0.027051776806239474,0.3920422059866282,0.5809060172071323
"Bidet from San Antonio, TX.",neither,0.04028946704880015,0.31618259705162277,0.6435279358995771
Bidet from Atlanta.,neither,0.04078317879478948,0.307803020237201,0.6514138009680096
We have a subscriber-only Discord server! Join here: https://t.co/Of0oLClO2v (you'll need to sub and link it to your Twitch) and be a part of the fun!,neither,0.09547053438395335,0.28230926502643855,0.6222202005896081
"darn those toranados, so rude",neither,0.061155660586229295,0.3062905520161475,0.6325537873976231
Bidet from Seattle WA,neither,0.04040912852695437,0.3141516294757728,0.6454392419972729
I can't find the E in that image,neither,0.039153619921034166,0.2608418555421553,0.7000045245368106
Bidet from Bethlehem pa,neither,0.04069404815304118,0.30931579984010865,0.6499901520068502
RIP @dm_chazz lol,neither,0.02958781151373683,0.4038776379912608,0.5665345504950025
bidet from brians basment,neither,0.04228451509352876,0.2823214250720796,0.6753940598343917
its int he middle andy,neither,0.038530329241658674,0.33069350854485713,0.6307761622134841
bidet from philly!,neither,0.040769555981420263,0.3080342349327864,0.6511962090857933
"Bidet from Marshall, Tx!!!!",neither,0.040408207780639874,0.31416725694368625,0.6454245352756738
Soon ...... soon .........,neither,0.03945320844208391,0.33037608806864915,0.630170703489267
"Is there away to scroll back in chat to read posts, WITHOUT it automatically going back to the bottom everytime someone posts something new?",neither,0.050545319229412494,0.2738991820522545,0.675555498718333
Bidet from China,neither,0.04079557052152802,0.30759270029461827,0.6516117291838538
BIDET!,neither,0.03945320844208391,0.33037608806864915,0.630170703489267
Beep Beep from Chile,neither,0.04069404815304118,0.30931579984010865,0.6499901520068502
"Bidet from Belgrade, Serbia",neither,0.04066490145509902,0.30981049537100724,0.6495246031738937
Bidet from South Korea!,neither,0.04088864702710942,0.3060129490845789,0.6530984038883118
wake that guy upppp,neither,0.035809997924076,0.3723065297569811,0.5918834723189429
Bidet from Quakertown PA,neither,0.04069404815304118,0.30931579984010865,0.6499901520068502
yay!,neither,0.03945320844208391,0.33037608806864915,0.630170703489267
"Help G&S make great content! $4.99/month gets you emotes, Minecraft server access, Sub Only Q&As, VODs, and more! Every sub keeps the channel alive! twitch.tv/geekandsundry/subscribe",neither,0.043092924924402844,0.32365565443818894,0.6332514206374082
Bidet from Trenton Ontario,neither,0.04031924518627951,0.315677184343852,0.6440035704698686
Bidet from Mexico City.,neither,0.04052962443717398,0.3121064994100792,0.6473638761527468
Bidet from northeast Ohio,neither,0.04036750444974338,0.31485809869622855,0.644774396854028
<3 the Denise art.,neither,0.03827813141413388,0.3087027896769399,0.6530190789089262
Bidet from Oregon as well,neither,0.03851967633240254,0.3462205642946072,0.6152597593729903
what is that symbol?,neither,0.06192082320891666,0.3949353930334496,0.5431437837576337
beep beep,neither,0.03945320844208391,0.33037608806864915,0.630170703489267
dont touch deniiiise,neither,0.03945320844208391,0.33037608806864915,0.630170703489267
Queseque s'up!?,offensive_language,0.031680140546704795,0.5091262166492487,0.45919364280404645
"Bidet from Quebradillas, Puerto Rico!",neither,0.040392180697499655,0.3144392783719297,0.6451685409305706
pretty sure the symbol says free denise,neither,0.033400556341222715,0.43793986189535355,0.5286595817634238
Bidet from Bidet gandsOwl,neither,0.04228451509352876,0.2823214250720796,0.6753940598343917
bidet from guelph ontario canada,neither,0.040354386843928725,0.3150807387011266,0.6445648744549448
Bidet from Ottawa,neither,0.04228451509352876,0.2823214250720796,0.6753940598343917
it is a DIY summon a demon sigil,neither,0.04505949002798602,0.3284478307518373,0.6264926792201766
smitHi critters,neither,0.03945320844208391,0.33037608806864915,0.630170703489267
"I am serious, I want that as a sticker or patch",neither,0.035676925309173185,0.37726548663631104,0.5870575880545158
i think it keeps Denise's power sealed away,neither,0.03986926134700319,0.30173676905050373,0.658393969602493
Bidet from Washington state,neither,0.07569869260918143,0.20816383471815325,0.7161374726726654
whoah Denise's paper is cool,neither,0.049348781158640664,0.32697254684397603,0.6236786719973834
is there gonna be Talks merch? There should beeeeeeeee,neither,0.05299691005126707,0.3255862462133222,0.6214168437354107
"Urgh, I needed this... watching Twitter with Drumpf talking is like trying to read this chat during Critical Role giveaways!",neither,0.04499361201929235,0.41131669269218396,0.5436896952885238
Beep beep gandsOwl,neither,0.03945320844208391,0.33037608806864915,0.630170703489267
@denisebrr what does it mean??,neither,0.02702671528998264,0.4729840205125399,0.49998926419747747
beep beep,neither,0.03945320844208391,0.33037608806864915,0.630170703489267
"Hey, Okies, whisper me!",neither,0.03355516091147291,0.3619221337525401,0.604522705335987
gandsSubHype gandsPitCrew gandsGandSDenise,neither,0.03945320844208391,0.33037608806864915,0.630170703489267
Bidet from Toronto!,neither,0.04066490145509902,0.30981049537100724,0.6495246031738937
Yes there will be Talks Merch,neither,0.04074318728840369,0.28252313232374193,0.6767336803878543
@Critternation3000 Hmmmm...,neither,0.03945320844208391,0.33037608806864915,0.630170703489267
gandsGandsPoo,neither,0.03945320844208391,0.33037608806864915,0.630170703489267
"bb soon, need moar drinky drink",neither,0.03933035765381132,0.32934735138414784,0.6313222909620408
Whose on tonight?,neither,0.03385401049499351,0.3210806786997369,0.6450653108052696
Arborhawk Bethlehem here,neither,0.22097653003277068,0.2221615150675793,0.55686195489965
"lol for some reason me being on reddit so much I was looking at the sign that is a letter mash that says, ""send nudes"" so lewd",neither,0.023175698509847714,0.45114345049120114,0.5256808509989512
Thanks Brian!!!!,neither,0.0371079912792355,0.3107375414832504,0.6521544672375141
Bidet from Queensland Australia,neither,0.04062582848913359,0.31047366557575606,0.6489005059351104
Bidet all!!!,offensive_language,0.046917543854519406,0.6277741405869331,0.3253083155585475
-waves- hello @BrianWFoster,neither,0.03945320844208391,0.33037608806864915,0.630170703489267
What about that Denise sticker?,neither,0.039140317165344725,0.3944739131236327,0.5663857697110225
That's some North Korean style clapping you have in your congress,neither,0.056152264784265805,0.3884832636815577,0.5553644715341765
Bidet from Winnipeg Manitoba,neither,0.04228451509352876,0.2823214250720796,0.6753940598343917
"Liam, Marisha, Taliesin and Kit Buss are on tonight my people!",neither,0.05835434669379233,0.3221707672866403,0.6194748860195674
Why do Rogues like leather armor? Because it's made of hide!,neither,0.03791704349317945,0.3486517920674595,0.613431164439361
beep beep,neither,0.03945320844208391,0.33037608806864915,0.630170703489267
Oh derp I got it,neither,0.043574413884496725,0.32505376634375377,0.6313718197717495
"Hey, @DeniseBRR missed you in the CR chat :(",neither,0.05025271253683305,0.3499824140447866,0.5997648734183805
@brianwfoster hey Brian how's yr dnd going?,neither,0.03835350693986478,0.3490408925535303,0.612605600506605
"not sure if symbols comments are sarcasm, but if not...it's the letters of her name in an odd arrangement",offensive_language,0.022025945395449928,0.5227168971105216,0.4552571574940284
Kit buss is in town?,neither,0.04563781017317103,0.32824891993468946,0.6261132698921393
@gemdragyn I saw. gandsSCANLAN,neither,0.03945320844208391,0.33037608806864915,0.630170703489267
@BrianWFoster is Kit there create a better looking host?,neither,0.044592942611589845,0.3010159802451226,0.6543910771432876
Ya kit buss,offensive_language,0.02756027460994073,0.5383859093785257,0.43405381601153353
"ok, brb for reals now",neither,0.034845023086662825,0.30816252265758876,0.6569924542557484
gandsGandSDenise,neither,0.03945320844208391,0.33037608806864915,0.630170703489267
Zoid5 that is one of the best D&D dad jokes of all time,neither,0.040369437544712915,0.425737603429175,0.5338929590261121
We should be able to vote for what color Taliesin dyes his hair next,neither,0.07094407759246693,0.3370518758676172,0.5920040465399158
...Denise has gone META? wooo,neither,0.039938315495669514,0.3221425553407764,0.6379191291635541
@critternation3000 Really well! Next game Sunday. I can't wait.,neither,0.03854758690901368,0.303700166917761,0.6577522461732254
Anyone know what today's Denise note means?,neither,0.042558408481570775,0.3095471305277782,0.647894460990651
Cool,neither,0.03945320844208391,0.33037608806864915,0.630170703489267
"Alright Denise, what does it mean?",neither,0.02908778574098673,0.449157565048094,0.5217546492109192
lol just had a weird moment the drums i thaught i was hearing my own heart beat lol,neither,0.03233712874003518,0.43715356624833945,0.5305093050116253
wtf is going on with the sound,offensive_language,0.032647390227980154,0.5921050851660594,0.37524752460596056
What up Critters?,neither,0.04549209283961305,0.43877665191533993,0.5157312552450469
is all the AI fragments put together,neither,0.04722231284289287,0.37278467736384546,0.5799930097932617
i like the sound :P,neither,0.05552163472829332,0.3274847682259215,0.6169935970457852
intense music lol,neither,0.031903877194225196,0.38498968714603443,0.5831064356597404
when do they start,neither,0.02877585390854126,0.392525139775121,0.5786990063163377
!whenistm TALKS MACHINA simulcast wheniscriticalrole.com/talksmachina,neither,0.03945320844208391,0.33037608806864915,0.630170703489267
"Talks Machina is on at 7 PM PST, it is currently 6:49 PM PST. There is 10 minutes 54 seconds until the next episode of Talks Machina. This has been asked 37 times.",neither,0.04483816528125385,0.32504291587110723,0.6301189188476389
"@BrianWFoster, did they get a new host yet?",neither,0.04208075645758064,0.2621833992989867,0.6957358442434327
@jaypetaljp It's the letters DENISE,neither,0.03692923227291463,0.3129986834479432,0.6500720842791422
"Oh good I thought the neighbors were being loud, those drums are there",neither,0.07551354437693986,0.14650464037887098,0.7779818152441891
@MCPepperpockets i worked in ottawa last summer,neither,0.03945320844208391,0.33037608806864915,0.630170703489267
so excited,neither,0.03940839469474773,0.3948270312238364,0.565764574081416
"@Zumbig, oh, so it's not just on my end",neither,0.025016999858639775,0.45027450975309413,0.5247084903882661
this music is like fuckin ritual music,offensive_language,0.09780509960042393,0.8242061932271229,0.07798870717245324
@BrianWFoster kappa,neither,0.03945320844208391,0.33037608806864915,0.630170703489267
bidet and beep beep from the UK,neither,0.03883052284840478,0.24930660204459335,0.7118628751070019
Bidet!,neither,0.03945320844208391,0.33037608806864915,0.630170703489267
Sup homies :),neither,0.03945320844208391,0.33037608806864915,0.630170703489267
#MistressDenise!,neither,0.03945320844208391,0.33037608806864915,0.630170703489267
maybe Denise is going to make a sacrifice,neither,0.0561209695803858,0.3532678860210018,0.5906111443986124
grog's mating music,neither,0.03945320844208391,0.33037608806864915,0.630170703489267
its like white noise,hate_speech,0.5928740675607411,0.37583781518921094,0.03128811725004796
Bidet from MN,neither,0.040737273169946825,0.30858215849491494,0.6506805683351382
@EwSireAwe my condolences for your boredom lol,neither,0.03548709882251099,0.47763910322796754,0.4868737979495214
"Its like the META's symbol and music from Rooster Teeths ""Red Vs Blue"" series... I think its homaging that?",neither,0.035736322886630686,0.3176404120832467,0.6466232650301227
#FreeDenise,neither,0.03945320844208391,0.33037608806864915,0.630170703489267
"what do you men ""like"" ritual music",neither,0.07266623055881827,0.37802393856828187,0.5493098308728999
"SpeedDemonStar, if only it was crisp music.",neither,0.0241424733924555,0.37818480423610457,0.59767272237144
Ritual music? They're finally sacrificing Brian? Kappa,neither,0.048762765382825896,0.3149355199590898,0.6363017146580844
it could mean she needs a hug cause she's cold,neither,0.03913238016343258,0.47007796419628706,0.4907896556402804
what is the music?,neither,0.05984539494882937,0.2984265229684287,0.6417280820827418
maybe denise IS the sacrifice,neither,0.05158656640203444,0.30117523689354764,0.647238196704418
gandsGandSDenise gandsSCANLAN,neither,0.03945320844208391,0.33037608806864915,0.630170703489267
"but yeah, with this music, who are they sacrificing tonight?",neither,0.0295420598738305,0.431097464768816,0.5393604753573535
all hail denise! #freedenise !,neither,0.04167083427717469,0.4183849112737958,0.5399442544490295
Noooo,neither,0.03945320844208391,0.33037608806864915,0.630170703489267
illuminati confirmed,neither,0.03945320844208391,0.33037608806864915,0.630170703489267
what on earth is this music and the symbol?,neither,0.048111989401658076,0.28809357667755137,0.6637944339207906
Is there anyone in here from #Constitutioncheck ? Speak up!,neither,0.08846475718353794,0.28525306718574495,0.6262821756307171
hi,neither,0.03945320844208391,0.33037608806864915,0.630170703489267
It's so stormy outside... I might lose power :/,neither,0.038443751607170215,0.36162650788861617,0.5999297405042135
"@MCPepperpockets, you get me bro. i was in stittsville without a car. :(",neither,0.04519774911617112,0.42206411166170976,0.5327381392221191
this music is hitting the spot right now.,neither,0.0441722649612948,0.33109794202268195,0.6247297930160233
Who was that?,offensive_language,0.03362639930533797,0.5209673050980553,0.44540629559660666
"nice, now we have sound!",neither,0.03875936206738461,0.34215247184203923,0.6190881660905762
some sick music rn,neither,0.03189554617777695,0.34350745845326003,0.624596995368963
so is this like TALKING DEAD for Critical Role?,neither,0.04786168091723011,0.3484538058592477,0.6036845132235222
#Perrie,neither,0.03945320844208391,0.33037608806864915,0.630170703489267
they're sacrificing all of our souls,neither,0.053910802172558774,0.3600202092962368,0.5860689885312046
IT'S HER NAME SPELLED CRYTICLY!,offensive_language,0.02970642900483096,0.5433738089965365,0.4269197619986325
This sounds like a Vascular Ultrasound.,neither,0.05583049744227517,0.3557619783498346,0.5884075242078903
Hello all first time live do they start on time most nights?,neither,0.03631177162585565,0.4026457688022453,0.561042459571899
yes @farsath,neither,0.03945320844208391,0.33037608806864915,0.630170703489267
"let me bring u the _lady_ shortener is temporarily disabled. If the problem persists, the server might be experiencing some issues",neither,0.021284653220812,0.3720655585902377,0.6066497881889503
i am so tired.....4 am,neither,0.039060777903521714,0.3715447999090472,0.5893944221874311
the symbol looks like the letters D E N I S E,neither,0.04742379966871393,0.3138757169409842,0.6387004833903018
yep @Farsath,neither,0.03945320844208391,0.33037608806864915,0.630170703489267
BREAK THE SEAL! FREE DENISE!,neither,0.03867142225239921,0.3161211857716838,0.645207391975917
"@SpeedDemonStar Yeah, I'm sorry!",neither,0.01941868005939913,0.47381362395853877,0.5067676959820621
ScaredyCat gandsApplaud,neither,0.03945320844208391,0.33037608806864915,0.630170703489267
the is the music signifying denise is ready to revolt,neither,0.057327080558915174,0.2992297376749228,0.643443181766162
Talison with some characters multiclassing have you thought of doing it with Percy and if so what class?,neither,0.024148633399146566,0.38236345652389153,0.5934879100769619
Denis is Illuminati confirmed !,neither,0.046488290033299406,0.32795640091152495,0.6255553090551756
"@EwSireAwe oh man thats very close to were I live, that bus once every whenever it feels like it",neither,0.05014492054024455,0.3520190851748476,0.5978359942849079
"@I_Am_Percys_Bad_News, yeah, I could agree with you there",neither,0.025970261698874984,0.4650304765608509,0.508999261740274
Every time I see someone in plaid I think it's Ashley... when will our cleric return from war?,neither,0.034543645366826685,0.33961036845542447,0.6258459861777489
that's what I see,neither,0.04176652089986146,0.39301757508156665,0.565215904018572
keep eyes out for a wild kit buss,neither,0.033847305609788374,0.30181404694126907,0.6643386474489426
:( ok ok ok,neither,0.03935517884257045,0.3320399062092607,0.6286049149481688
Hypeee,neither,0.03945320844208391,0.33037608806864915,0.630170703489267
"I see it now, I thought that n was a z",neither,0.037086687333755974,0.26819272497454333,0.6947205876917005
Ahhh...I see it now...DENISE,neither,0.03797637416510692,0.33088403909762715,0.631139586737266
"@DeniseBRR, did you end up watching the episode later then or?",neither,0.04771059109534712,0.38865418720327405,0.5636352217013789
00,neither,0.03945320844208391,0.33037608806864915,0.630170703489267
who are todays guests,neither,0.07115999592693055,0.35035865398858845,0.578481350084481
Kit Buss is skyping in I believe,neither,0.045771068844429115,0.3282030861669872,0.6260258449885837
"Liam, Marisha, Taliesin and Kit Buss are on tonight",neither,0.049956160179538765,0.2725308089165485,0.6775130309039128
Will @BrianWFoster finally know if he is on the internet? Find out this and more on tonights episode of Talks Machina!,neither,0.033135169887272914,0.28318067454052387,0.6836841555722031
@sarm1111 isnt percy a warlock also?,neither,0.03945320844208391,0.33037608806864915,0.630170703489267
chat,neither,0.03945320844208391,0.33037608806864915,0.630170703489267
"omg, the symbol is ""DENISE"" that is amazing",neither,0.05074942708493723,0.34840421849553455,0.6008463544195283
Ashley is with us allways...just in our....blindspots,neither,0.0604827291850935,0.3715742713377908,0.5679429994771158
is this live!?,neither,0.06264826366348325,0.3248039992423424,0.6125477370941744
"@MCPepperpockets, the 92? that bus is not nice :(",neither,0.040649695439905716,0.3517202162631419,0.6076300882969524
