text,top_class,hate_speech,offensive_language,neither
what are these coins for??!!,neither,0.07707779481734081,0.307101810736721,0.6158203944459382
!wallet,neither,0.03945320844208391,0.33037608806864915,0.630170703489267
bidet from Berrien Springs Michigan!,neither,0.04037273474496936,0.3147693269362608,0.6448579383187697
cmshaffer07 has 5532 coins,neither,0.03989735448983053,0.32283777050957063,0.6372648750005988
!wallet of hey baby later tonight,neither,0.03740373325582891,0.31321404671977754,0.6493822200243936
dealtfate has 41381 coins,neither,0.03989735448983053,0.32283777050957063,0.6372648750005988
!bet 3297,neither,0.03945320844208391,0.33037608806864915,0.630170703489267
Dank coins,neither,0.03945320844208391,0.33037608806864915,0.630170703489267
"ok, thanks",neither,0.036679458346100965,0.30877397624175834,0.6545465654121406
!wallet,neither,0.03945320844208391,0.33037608806864915,0.630170703489267
glytchi has 3735 coins,neither,0.03989735448983053,0.32283777050957063,0.6372648750005988
Can we stop the revlo bot for a while,neither,0.03377726708195361,0.34813465386140485,0.6180880790566416
bidet from minnesota,neither,0.04071751644889743,0.3089174816120565,0.6503650019390461
oh!,neither,0.051363287716059566,0.22255663153133606,0.7260800807526044
!wallet,neither,0.03945320844208391,0.33037608806864915,0.630170703489267
darkangelkota has 14834 coins,neither,0.03989735448983053,0.32283777050957063,0.6372648750005988
NOW,neither,0.03945320844208391,0.33037608806864915,0.630170703489267
!wallet,neither,0.03945320844208391,0.33037608806864915,0.630170703489267
"@chaoticloony I thought I was the only critter, I'm so happy I'm not :D",neither,0.04027759674350958,0.2638710338863851,0.6958513693701054
theslayerstake has 13204 coins,neither,0.03989735448983053,0.32283777050957063,0.6372648750005988
!wallet,neither,0.03945320844208391,0.33037608806864915,0.630170703489267
h3ndu has 606 coins,neither,0.03989735448983053,0.32283777050957063,0.6372648750005988
!wallet,neither,0.03945320844208391,0.33037608806864915,0.630170703489267
BIDET! A call out to all the AZ people!!!! :),neither,0.07215996878562611,0.3878021145642191,0.5400379166501548
cyborggold has 294 coins,neither,0.03989735448983053,0.32283777050957063,0.6372648750005988
!wallet,neither,0.03945320844208391,0.33037608806864915,0.630170703489267
philosophicalwaffle has 4652 coins,neither,0.03989735448983053,0.32283777050957063,0.6372648750005988
CRITICAL ROLE!!,neither,0.03945320844208391,0.33037608806864915,0.630170703489267
bidet,neither,0.03945320844208391,0.33037608806864915,0.630170703489267
bidet from Fort Hood,neither,0.1621248701466802,0.30666130610279435,0.5312138237505255
ITS COMING BOIS!,neither,0.03377199328842783,0.3323301184755354,0.6338978882360367
BIDEN,neither,0.03945320844208391,0.33037608806864915,0.630170703489267
!wallet,neither,0.03945320844208391,0.33037608806864915,0.630170703489267
wizardwonder98 has 1744 coins,neither,0.03989735448983053,0.32283777050957063,0.6372648750005988
"I really need a ""WWGD"" braclet ""what would Grog do?"" and a second wone that says i would like to RAGE!",neither,0.05075940138397533,0.3273070138961172,0.6219335847199075
ART PLEASE,neither,0.03945320844208391,0.33037608806864915,0.630170703489267
!wallet,neither,0.03945320844208391,0.33037608806864915,0.630170703489267
CRITICAL ROLE,neither,0.03945320844208391,0.33037608806864915,0.630170703489267
daniel02carroll has 1321 coins,neither,0.03989735448983053,0.32283777050957063,0.6372648750005988
I approve of this visual schedule,neither,0.03936948609480222,0.3317970747999346,0.6288334391052632
!wallete,neither,0.03945320844208391,0.33037608806864915,0.630170703489267
"invites all Critters who are thinking of attending GenCon to join us in planning events, housing and travel arrangements at http://CrittersatGenCon.freeforums.net",neither,0.07115736089110868,0.29865411490760374,0.6301885242012876
!wallet,neither,0.03945320844208391,0.33037608806864915,0.630170703489267
foolofworld has 1823 coins,neither,0.03989735448983053,0.32283777050957063,0.6372648750005988
@darkangelkota @jarion_7 same mane,neither,0.04063178409928011,0.3411121371312489,0.618256078769471
!wallet,neither,0.03945320844208391,0.33037608806864915,0.630170703489267
empress_panda has 1966 coins,neither,0.03989735448983053,0.32283777050957063,0.6372648750005988
!info,neither,0.03945320844208391,0.33037608806864915,0.630170703489267
You earn 1 coins for every 1 minute you watch while geekandsundry is live. Check your coins by typing !wallet and visit www.revlo.co/geekandsundry to see what you can do with them.,neither,0.08528954791648977,0.3649232046814371,0.5497872474020731
waves,neither,0.03945320844208391,0.33037608806864915,0.630170703489267
is it offline for anyone else?,neither,0.03940393400194081,0.29695173563787436,0.6636443303601849
ready to fight the Kracken and NOT kill it,neither,0.3723054633874097,0.14496639174780956,0.48272814486478083
bidet,neither,0.03945320844208391,0.33037608806864915,0.630170703489267
"Tonights battle might just be ""Kraken"" me up!",neither,0.027455934025965276,0.438350986586475,0.5341930793875598
no art this week?,neither,0.03851648196340138,0.3462747810731957,0.615208736963403
burb,neither,0.03945320844208391,0.33037608806864915,0.630170703489267
!wheniscr #88 wheniscriticalrole.com @Krobslive,neither,0.03945320844208391,0.33037608806864915,0.630170703489267
!wallet,neither,0.03945320844208391,0.33037608806864915,0.630170703489267
bidet from calgary,neither,0.04228451509352876,0.2823214250720796,0.6753940598343917
SCREW ALL YOUR COINS lol :P,neither,0.05754024224118241,0.4343284042262282,0.5081313535325895
nyahmacphee has 9567 coins,neither,0.03989735448983053,0.32283777050957063,0.6372648750005988
i need me some arrrtttt,neither,0.01896711850461756,0.41137042633679155,0.569662455158591
whats a bidet,neither,0.03945320844208391,0.33037608806864915,0.630170703489267
@criticalfangirl yus,neither,0.03945320844208391,0.33037608806864915,0.630170703489267
kgothWAIFU kgothWAIFU,neither,0.03945320844208391,0.33037608806864915,0.630170703489267
bidet,neither,0.03945320844208391,0.33037608806864915,0.630170703489267
offline for me,neither,0.01617243925086924,0.3583234659224788,0.6255040948266518
@criticalfangirl yes,neither,0.03945320844208391,0.33037608806864915,0.630170703489267
how much longer,neither,0.034992843024945944,0.3319102122683466,0.6330969447067075
:(,neither,0.03945320844208391,0.33037608806864915,0.630170703489267
!wallet,neither,0.03945320844208391,0.33037608806864915,0.630170703489267
bidet from Michigan,neither,0.040769555981420263,0.3080342349327864,0.6511962090857933
bearodice1 has 8713 coins,neither,0.03989735448983053,0.32283777050957063,0.6372648750005988
!wallet,neither,0.03945320844208391,0.33037608806864915,0.630170703489267
"""i clap him on the shoulder, and make sure he's not a demon, I was totally with Vex on that",neither,0.028028061103571783,0.42258593137502926,0.549386007521399
j3573r_us has 105 coins,neither,0.039786931594589625,0.3247119352226015,0.6355011331828089
Still Offline...,neither,0.03727668703704674,0.36731733658035887,0.5954059763825943
Sup,neither,0.03945320844208391,0.33037608806864915,0.630170703489267
!wallet,neither,0.03945320844208391,0.33037608806864915,0.630170703489267
Bidet from RVA!,neither,0.04228451509352876,0.2823214250720796,0.6753940598343917
kanarfin has 3675 coins,neither,0.03989735448983053,0.32283777050957063,0.6372648750005988
Yeet,neither,0.03945320844208391,0.33037608806864915,0.630170703489267
"It's online, refresh!!!",neither,0.0381673319464107,0.33081835996015263,0.6310143080934367
Im anxious for them,neither,0.044882396439703376,0.32432791343447537,0.6307896901258212
so excited!!! 1st time watching live after binge watching the entire series for the last 40 days,neither,0.037222032610326215,0.32950555674910287,0.633272410640571
Kraken hype!,neither,0.03945320844208391,0.33037608806864915,0.630170703489267
"bidet, in a theatre getting ready to watch Logan, so no tpk, okay matt?",neither,0.043172735939089976,0.3969075327022883,0.5599197313586218
!wallet,neither,0.03945320844208391,0.33037608806864915,0.630170703489267
bidet from alberta/NY,neither,0.04039749100449293,0.314349148603457,0.6452533603920501
!clock,neither,0.03945320844208391,0.33037608806864915,0.630170703489267
gordonhsmith has 7058 coins,neither,0.03989735448983053,0.32283777050957063,0.6372648750005988
!wallet,neither,0.03945320844208391,0.33037608806864915,0.630170703489267
8 minutes!!!,neither,0.03945320844208391,0.33037608806864915,0.630170703489267
petriquiche has 5892 coins,neither,0.03989735448983053,0.32283777050957063,0.6372648750005988
ayyyy,neither,0.03945320844208391,0.33037608806864915,0.630170703489267
!wallet,neither,0.03945320844208391,0.33037608806864915,0.630170703489267
o_o,neither,0.03945320844208391,0.33037608806864915,0.630170703489267
knightleynz has 6496 coins,neither,0.03989735448983053,0.32283777050957063,0.6372648750005988
@Angelrain13 i am Rio Rancho,neither,0.03929505625881589,0.3304304838566387,0.6302744598845454
Yay,neither,0.03945320844208391,0.33037608806864915,0.630170703489267
Everyone's worried abt Raishan and Hotis but what abt Larkin..................,neither,0.03647875670409329,0.37145169137981804,0.5920695519160888
!wallet,neither,0.03945320844208391,0.33037608806864915,0.630170703489267
graedon13 has 1563 coins,neither,0.03989735448983053,0.32283777050957063,0.6372648750005988
Bidet!!,neither,0.03945320844208391,0.33037608806864915,0.630170703489267
bidet from pittsburgh,neither,0.04066490145509902,0.30981049537100724,0.6495246031738937
refresh page,neither,0.03945320844208391,0.33037608806864915,0.630170703489267
bidet from nc,neither,0.04066490145509902,0.30981049537100724,0.6495246031738937
bidet from valpo,neither,0.04228451509352876,0.2823214250720796,0.6753940598343917
7 more minutes,neither,0.041952334564527835,0.31741498302940435,0.640632682406068
refresh,neither,0.03945320844208391,0.33037608806864915,0.630170703489267
just refresh,neither,0.03446215123834754,0.35403638765649625,0.6115014611051561
!wallet,neither,0.03945320844208391,0.33037608806864915,0.630170703489267
!wallet,neither,0.03945320844208391,0.33037608806864915,0.630170703489267
kolbedanielson has 4645 coins,neither,0.03989735448983053,0.32283777050957063,0.6372648750005988
"Yes, it's offline",neither,0.0370017830158987,0.3312192456843042,0.6317789712997971
!wallet,neither,0.03945320844208391,0.33037608806864915,0.630170703489267
royal_lunar_guard has 6551 coins,neither,0.03989735448983053,0.32283777050957063,0.6372648750005988
divinebitter has 4201 coins,neither,0.03989735448983053,0.32283777050957063,0.6372648750005988
!wallet,neither,0.03945320844208391,0.33037608806864915,0.630170703489267
refresh,neither,0.03945320844208391,0.33037608806864915,0.630170703489267
tibbyd has 2662 coins,neither,0.03989735448983053,0.32283777050957063,0.6372648750005988
that's Phil McKracken to you,neither,0.06591491413065434,0.43747095189111135,0.49661413397823445
Refresh!,neither,0.03945320844208391,0.33037608806864915,0.630170703489267
sub only chat :( bye guys,neither,0.03936299693853344,0.33190721271716406,0.6287297903443024
did anybody who subscribes with Prime have their subscription reset on the first?,neither,0.025718746018226213,0.40457347142047984,0.5697077825612941
refresh it is on for me,neither,0.030285317411149322,0.34917736288788126,0.6205373197009695
!wallet,neither,0.03945320844208391,0.33037608806864915,0.630170703489267
chaoticgoodenfp has 1727 coins,neither,0.03989735448983053,0.32283777050957063,0.6372648750005988
@Sotik1st Thanks for your service!,neither,0.0598926122718042,0.27640628903643816,0.6637010986917576
Refresh,neither,0.03945320844208391,0.33037608806864915,0.630170703489267
7058 coins??? WTF? lol,offensive_language,0.034226727605810026,0.6224223803883352,0.3433508920058548
omg did it just start????,neither,0.033442946760307124,0.35297672228231397,0.613580330957379
Bidet from KCMO,neither,0.04228451509352876,0.2823214250720796,0.6753940598343917
hello?,neither,0.03945320844208391,0.33037608806864915,0.630170703489267
First live stream.So psyched.,neither,0.03653428162896494,0.37332057023969584,0.5901451481313392
KILL KRAKEN,hate_speech,0.8049631745027624,0.06081337559969249,0.1342234498975451
Bidet from Florida!,neither,0.0408948396164547,0.30590784468201904,0.6531973157015263
Bidet from Phoenix!,neither,0.04066490145509902,0.30981049537100724,0.6495246031738937
Bidet from Seattle,neither,0.040754399270683486,0.3082914838698526,0.650954116859464
here on time for the first time :D,neither,0.05364245572717781,0.3098728402380217,0.6364847040348005
offline,neither,0.03945320844208391,0.33037608806864915,0.630170703489267
Bidet from deez pistachios,neither,0.04084513770590474,0.30675141581570226,0.6524034464783931
!wallet,neither,0.03945320844208391,0.33037608806864915,0.630170703489267
drussop has 5632 coins,neither,0.03989735448983053,0.32283777050957063,0.6372648750005988
!wallet,neither,0.03945320844208391,0.33037608806864915,0.630170703489267
rivenmaskar has 1651 coins,neither,0.03989735448983053,0.32283777050957063,0.6372648750005988
bidet from the U.K its 3am almost,neither,0.034177671852767155,0.3017788557734914,0.6640434723737416
hows it going?,neither,0.036252743844520874,0.36045866674656285,0.6032885894089163
@wheniscr #88,neither,0.03945320844208391,0.33037608806864915,0.630170703489267
"Twitch died recently, hope it does not happen again tonight... 325 viewers wtf???",neither,0.0427038752127953,0.4504614901173869,0.5068346346698179
whatup peeps,neither,0.03945320844208391,0.33037608806864915,0.630170703489267
!wallet,neither,0.03945320844208391,0.33037608806864915,0.630170703489267
jitterscratch has 5423 coins,neither,0.03989735448983053,0.32283777050957063,0.6372648750005988
just made it,neither,0.030598463871816552,0.3647224530537287,0.6046790830744548
!wallet,neither,0.03945320844208391,0.33037608806864915,0.630170703489267
nabuc_ has 10152 coins,neither,0.03989735448983053,0.32283777050957063,0.6372648750005988
!wallet,neither,0.03945320844208391,0.33037608806864915,0.630170703489267
613thsmudge has 10915 coins,neither,0.03989735448983053,0.32283777050957063,0.6372648750005988
Bidet from Oakland.,neither,0.04069404815304118,0.30931579984010865,0.6499901520068502
1 coin Per Minute watching geek and sundry,neither,0.03887274936363286,0.3017993189770504,0.6593279316593168
did it seriously just start oh my god,neither,0.029628981378033086,0.3781203938478219,0.592250624774145
:0,neither,0.03945320844208391,0.33037608806864915,0.630170703489267
@Freeski911 It's super messed up version of the Marquesian greeting 'be pleased' I think,neither,0.03695028716733027,0.34905473930057257,0.6139949735320971
lies!,neither,0.03945320844208391,0.33037608806864915,0.630170703489267
"How old is this particular Kraken in Kracken years, because if its senior citizen age... this whole mission might be a non-starter.",neither,0.032176472698807856,0.35578625842122297,0.6120372688799691
!wallet,neither,0.03945320844208391,0.33037608806864915,0.630170703489267
uowcomic has 2685 coins,neither,0.03989735448983053,0.32283777050957063,0.6372648750005988
woo! art!,neither,0.03945320844208391,0.33037608806864915,0.630170703489267
!wallet,neither,0.03945320844208391,0.33037608806864915,0.630170703489267
clumsyjuggler has 70964 coins,neither,0.03989735448983053,0.32283777050957063,0.6372648750005988
where are they?,neither,0.09391373686194404,0.20755365757034644,0.6985326055677096
timing much !,neither,0.03535603300771303,0.3317852945789775,0.6328586724133095
you guys lied to me,neither,0.055566533584494024,0.4231944870145757,0.5212389794009302
Bidet from Victoria BC!,neither,0.04052303010603489,0.3122184224193425,0.6472585474746226
bidet from KC,neither,0.04066490145509902,0.30981049537100724,0.6495246031738937
everyone ready for the kraken fight,neither,0.02836284279266303,0.38754350742781873,0.5840936497795182
!wallet,neither,0.03945320844208391,0.33037608806864915,0.630170703489267
macekill has 875 coins,neither,0.03989735448983053,0.32283777050957063,0.6372648750005988
Bidet,neither,0.03945320844208391,0.33037608806864915,0.630170703489267
beep bepp,neither,0.03945320844208391,0.33037608806864915,0.630170703489267
!wallet,neither,0.03945320844208391,0.33037608806864915,0.630170703489267
ayit_88 has 4288 coins,neither,0.03989735448983053,0.32283777050957063,0.6372648750005988
Beep Beep chat,neither,0.03945320844208391,0.33037608806864915,0.630170703489267
"bidet, bidet",neither,0.03945320844208391,0.33037608806864915,0.630170703489267
j3573r.us has 174201 coins,neither,0.08051939409266852,0.3161149526865926,0.6033656532207389
"Bidet from College Station, TX!",neither,0.04032017338852271,0.31566143032936994,0.6440183962821073
I HAD TO REFRESH,neither,0.046651748900320734,0.3261790680434872,0.6271691830561921
Ahoy hoy,neither,0.03945320844208391,0.33037608806864915,0.630170703489267
Love cr,neither,0.036234544398670354,0.3454103886020359,0.6183550669992937
!wallet,neither,0.03945320844208391,0.33037608806864915,0.630170703489267
it's playing the fan art video,neither,0.04176576139714722,0.24195801471415682,0.7162762238886958
jslaw06 has 3850 coins,neither,0.03989735448983053,0.32283777050957063,0.6372648750005988
bidet,neither,0.03945320844208391,0.33037608806864915,0.630170703489267
its,neither,0.02700859978372578,0.3346563596412867,0.6383350405749875
spend coins to get a shoutout on a show i don't watch lol,neither,0.04938660017724905,0.32685780655210295,0.623755593270648
@cmshaffer07 Prime doesn't automatically resub as of yet. you have to manually,neither,0.052085566982493524,0.38284247218086664,0.5650719608366398
Woooooooooo crit woll,neither,0.03945320844208391,0.33037608806864915,0.630170703489267
hi,neither,0.03945320844208391,0.33037608806864915,0.630170703489267
!wallet,neither,0.03945320844208391,0.33037608806864915,0.630170703489267
its up! yay!!!!,neither,0.030381606560499534,0.39164918403657334,0.5779692094029272
angrylilith1926 has 907 coins,neither,0.03989735448983053,0.32283777050957063,0.6372648750005988
wheniscriticalrole.com,neither,0.03945320844208391,0.33037608806864915,0.630170703489267
"Bidet from BC, Canada!",neither,0.04052303010603489,0.3122184224193425,0.6472585474746226
Bidet from Newfoundland,neither,0.04228451509352876,0.2823214250720796,0.6753940598343917
What's this wallet thing?,neither,0.04492360258693511,0.32798406897423726,0.6270923284388277
beep beep,neither,0.03945320844208391,0.33037608806864915,0.630170703489267
aaah! thought i was on time dammit!,neither,0.038647570420576455,0.2699413831233521,0.6914110464560715
!wallet,neither,0.03945320844208391,0.33037608806864915,0.630170703489267
macktruk353 has 147 coins,neither,0.03978108663330774,0.3248111394696886,0.6354077738970038
beep beep,neither,0.03945320844208391,0.33037608806864915,0.630170703489267
SHOW ME THE MONE... I MEAN ART gandsTrinket,neither,0.04450829506345525,0.2791812971088281,0.6763104078277167
we're on,neither,0.06734333114039553,0.3079375621219045,0.6247191067377
!wallet,neither,0.03945320844208391,0.33037608806864915,0.630170703489267
knotadoc1313 has 7326 coins,neither,0.03989735448983053,0.32283777050957063,0.6372648750005988
!wallet,neither,0.03945320844208391,0.33037608806864915,0.630170703489267
zenako2 has 10034 coins,neither,0.03989735448983053,0.32283777050957063,0.6372648750005988
"For any non-subs who want a good group of people to hang out and chat with during Critical Role, (when the main chat goes into SUB ONLY mode) Send me a whisper! We have a private chat room set up. It's also a lot easier to follow.",neither,0.036494314029388464,0.3716835388665862,0.5918221471040253
Evening Everyone rushWave,neither,0.033219361956460275,0.4361807319725941,0.5305999060709456
Bidet from Philadelphia,neither,0.04066490145509902,0.30981049537100724,0.6495246031738937
critical Roll ftw,neither,0.03945320844208391,0.33037608806864915,0.630170703489267
"Hey, what's everyones favorite number??",neither,0.045003811701929436,0.32639863311437933,0.6285975551836912
bidet from north Texas,neither,0.04051530955006381,0.31234946040321715,0.647135230046719
this is the pillars of eternity soundtrack right?,neither,0.045431677623011354,0.3313053752461733,0.6232629471308154
I think Matt is trying to hold off on Hotis until Pike gets back from blindspot,neither,0.04828987780378108,0.3175035275054559,0.634206594690763
Beep beep and bidet from england,neither,0.039674772959784124,0.26576846215513467,0.6945567648850811
First time evaaaaaaaaar so excited!!!,neither,0.031045904656226676,0.40136977034330623,0.5675843250004672
hi,neither,0.03945320844208391,0.33037608806864915,0.630170703489267
yo,offensive_language,0.04010381111145228,0.5271105317972344,0.4327856570913131
bidet,neither,0.03945320844208391,0.33037608806864915,0.630170703489267
"Slow is a great spell to use against a Kraken, once you get rid of his legendary resistances!",neither,0.04363659047227678,0.3832820663740232,0.5730813431537001
!wallet,neither,0.03945320844208391,0.33037608806864915,0.630170703489267
bubblepopperstar has 5781 coins,neither,0.03989735448983053,0.32283777050957063,0.6372648750005988
"Beep beep Portland , Oregon",neither,0.03945320844208391,0.33037608806864915,0.630170703489267
Is there an official Discord server for G&S? @GeekandSundry,neither,0.04139092035791599,0.25591002445394795,0.702699055188136
bidet,neither,0.03945320844208391,0.33037608806864915,0.630170703489267
"Bidet from Chattanooga, TN",neither,0.040769555981420263,0.3080342349327864,0.6511962090857933
I AM SO FREAKING gandsSubHype gandsSubHype gandsSubHype gandsSubHype gandsSubHype gandsSubHype gandsSubHype gandsSubHype gandsSubHype gandsSubHype gandsSubHype gandsSubHype gandsSubHype gandsSubHype gandsSubHype gandsSubHype,neither,0.0392013030671355,0.37922885128499145,0.5815698456478731
So Close To Time.,neither,0.04619651995970931,0.4040080782685999,0.5497954017716907
!wallet,neither,0.03945320844208391,0.33037608806864915,0.630170703489267
gandsCrit gandsCrit gandsCrit,neither,0.03945320844208391,0.33037608806864915,0.630170703489267
midroxy has 346 coins,neither,0.03989735448983053,0.32283777050957063,0.6372648750005988
bidet from another world,neither,0.1146531799737688,0.21365218872118566,0.6716946313050457
Bidet from Floridaaaa,neither,0.04228451509352876,0.2823214250720796,0.6753940598343917
I Love It,neither,0.030831260484157012,0.3601344986151421,0.609034240900701
dont kill the kraken,hate_speech,0.6211125429583064,0.09721841692709386,0.2816690401145997
!wallet,neither,0.03945320844208391,0.33037608806864915,0.630170703489267
kyryal has 4945 coins,neither,0.03989735448983053,0.32283777050957063,0.6372648750005988
bidet from minnesota,neither,0.04071751644889743,0.3089174816120565,0.6503650019390461
"@Geekandsundry, Whats a bidet",neither,0.03945320844208391,0.33037608806864915,0.630170703489267
@youknowme786 annoying,neither,0.03945320844208391,0.33037608806864915,0.630170703489267
Bidet from NoVA.,neither,0.04228451509352876,0.2823214250720796,0.6753940598343917
bidet everyone,offensive_language,0.02988896790634741,0.4927062106388782,0.4774048214547744
Greetings and Salutations from Austria gandsSCANLAN,neither,0.03993872663407561,0.2110020514151397,0.7490592219507847
BEEP BEEP,neither,0.03945320844208391,0.33037608806864915,0.630170703489267
bidet,neither,0.03945320844208391,0.33037608806864915,0.630170703489267
bidet from israel via nicaragua!,neither,0.06355723934901349,0.09145660757507423,0.8449861530759123
Critical Role FeelsGoodMan,neither,0.03945320844208391,0.33037608806864915,0.630170703489267
Florida here,neither,0.11119989642447768,0.2774170650278139,0.6113830385477085
gandsSubHype gandsSubHype gandsSubHype gandsSubHype gandsSubHype gandsSubHype,neither,0.03945320844208391,0.33037608806864915,0.630170703489267
Bidet from Toronto!,neither,0.04066490145509902,0.30981049537100724,0.6495246031738937
test,neither,0.03945320844208391,0.33037608806864915,0.630170703489267
Crit Art!,neither,0.03945320844208391,0.33037608806864915,0.630170703489267
eyyo,neither,0.03945320844208391,0.33037608806864915,0.630170703489267
beep beep,neither,0.03945320844208391,0.33037608806864915,0.630170703489267
gandsSubHype,neither,0.03945320844208391,0.33037608806864915,0.630170703489267
"Welcome, Mito1944!",neither,0.03945320844208391,0.33037608806864915,0.630170703489267
Hello Critters,neither,0.03945320844208391,0.33037608806864915,0.630170703489267
bidet,neither,0.03945320844208391,0.33037608806864915,0.630170703489267
!discord,neither,0.03945320844208391,0.33037608806864915,0.630170703489267
bidet,neither,0.03945320844208391,0.33037608806864915,0.630170703489267
We have a subscriber-only Discord server! Join here: https://t.co/Of0oLClO2v (you'll need to sub and link it to your Twitch) and be a part of the fun!,neither,0.09547053438395335,0.28230926502643855,0.6222202005896081
You earn 1 coin every minute while watching! Check your coins by typing !wallet and visit www.revlo.co/geekandsundry to see what you can do with them.,neither,0.07744423452440988,0.37269153353543766,0.5498642319401523
bibi for montreal canada,neither,0.03437413967765019,0.30500216449335943,0.6606236958289905
these freaking artists are amazing!!!!!!,neither,0.0693257538636192,0.3471846144951952,0.5834896316411855
Bidet from St Louis MO!,neither,0.040325751892290734,0.3155667485616919,0.6441074995460174
Bidet from Arizona.,neither,0.04078317879478948,0.307803020237201,0.6514138009680096
Hi fellow FL critter @wyface,neither,0.03945320844208391,0.33037608806864915,0.630170703489267
TwitchRPG,neither,0.03945320844208391,0.33037608806864915,0.630170703489267
Bidet from UK,neither,0.04079557052152802,0.30759270029461827,0.6516117291838538
I'm only up to episode 6...did I miss much?,neither,0.03352136959552189,0.37376324590103754,0.5927153845034405
Beep beep,neither,0.03945320844208391,0.33037608806864915,0.630170703489267
@chaoticloony omg! I live in Rio Rathole! Just hanging out in town tonight.,neither,0.035078446719049076,0.3377263425450993,0.6271952107358516
channels live now,neither,0.04384783861170154,0.3288645732349033,0.6272875881533951
Bidet!,neither,0.03945320844208391,0.33037608806864915,0.630170703489267
Bidet from Toronto!,neither,0.04066490145509902,0.30981049537100724,0.6495246031738937
UK Here !,neither,0.10451085942188715,0.28138818202638227,0.6141009585517305
bidet from chico ca!,neither,0.04084513770590474,0.30675141581570226,0.6524034464783931
How much longer?,neither,0.034992843024945944,0.3319102122683466,0.6330969447067075
Bidet from Kansas City!,neither,0.04050054910234117,0.3125999837227694,0.6468994671748894
Wow this art is amazzing,neither,0.04795753756023513,0.329060673007093,0.6229817894326718
Beep beep and Bidet,neither,0.03763944115734239,0.1918412352459551,0.7705193235967025
5month anniversary bois,neither,0.03945320844208391,0.33037608806864915,0.630170703489267
I wish I could art X<,neither,0.03945320844208391,0.33037608806864915,0.630170703489267
is there no video yet?,neither,0.0534255334006505,0.20382531371810475,0.7427491528812448
gandsSubHype gandsSubHype gandsSubHype gandsSubHype gandsSubHype,neither,0.03945320844208391,0.33037608806864915,0.630170703489267
beep beep from Independence MO,neither,0.040912083971464244,0.30561516297332675,0.653472753055209
Hello from Chattanooga,neither,0.040875471929787875,0.3062365648703896,0.6528879631998226
@NH_Brew greeting and salutations! :),neither,0.03763944115734239,0.1918412352459551,0.7705193235967025
Bidet from Cincinnati Ohio,neither,0.040754399270683486,0.3082914838698526,0.650954116859464
"hi to all critters from Lubbock, TX",neither,0.04924181030991273,0.3780174684767117,0.5727407212133756
!wallet,neither,0.03945320844208391,0.33037608806864915,0.630170703489267
And we up,neither,0.0329473423030851,0.35213110903593475,0.6149215486609801
obertuswow has 2899 coins,neither,0.03989735448983053,0.32283777050957063,0.6372648750005988
bidet from VA,neither,0.04066490145509902,0.30981049537100724,0.6495246031738937
going to sub only now!,neither,0.04446026543680588,0.3540766529833957,0.6014630815797986
"I'm a new viewer. I started last week, and am currently watching episode 16 on YouTube. Just want d I say WOW I've got a ways to go. Great job to cast and crew!",neither,0.03151466071370441,0.279498006356513,0.6889873329297826
Beep Beep,neither,0.03945320844208391,0.33037608806864915,0.630170703489267
woo fan art!!!,neither,0.03945320844208391,0.33037608806864915,0.630170703489267
and slow mode,neither,0.038690431082718434,0.2919314996445061,0.6693780692727755
refresh if you cannot see the fan art,neither,0.03483810185198779,0.3850211097283277,0.5801407884196845
!wallet,neither,0.03945320844208391,0.33037608806864915,0.630170703489267
bone_kanashiy has 1524 coins,neither,0.03989735448983053,0.32283777050957063,0.6372648750005988
Scanlan Did NOTHING wrong.,neither,0.03643946029935729,0.3815272593066213,0.5820332803940215
!wallet,neither,0.03945320844208391,0.33037608806864915,0.630170703489267
guinness12691 has 7816 coins,neither,0.03989735448983053,0.32283777050957063,0.6372648750005988
Bidet from Ne,neither,0.040737273169946825,0.30858215849491494,0.6506805683351382
!wallet,neither,0.03945320844208391,0.33037608806864915,0.630170703489267
voidopolis has 5195 coins,neither,0.03989735448983053,0.32283777050957063,0.6372648750005988
Bidet from Ottawa Canada,neither,0.04071751644889743,0.3089174816120565,0.6503650019390461
!wallet,neither,0.03945320844208391,0.33037608806864915,0.630170703489267
luxfauste has 13934 coins,neither,0.03989735448983053,0.32283777050957063,0.6372648750005988
#freedenise,neither,0.03945320844208391,0.33037608806864915,0.630170703489267
gandsLessthanthree fan art,neither,0.03945320844208391,0.33037608806864915,0.630170703489267
AWWWWWWW,neither,0.03945320844208391,0.33037608806864915,0.630170703489267
Fairy Vox Machina?,neither,0.05121366846965589,0.1104166603072217,0.8383696712231224
bidet from coshocton,neither,0.04228451509352876,0.2823214250720796,0.6753940598343917
video for me,neither,0.027996908700959236,0.2115241163377174,0.7604789749613234
bidet,neither,0.03945320844208391,0.33037608806864915,0.630170703489267
What happening,neither,0.04568673754512718,0.3259267583143808,0.628386504140492
"@hAcKx013, I had to refresh a few times to get it to work",neither,0.052280185146576626,0.3283906431619421,0.6193291716914813
bidet from uk,neither,0.04079557052152802,0.30759270029461827,0.6516117291838538
YEEESSS!!!!!!,neither,0.03945320844208391,0.33037608806864915,0.630170703489267
"@Freeski911 It's a way of saying Hello, introduced by grog back when they visited Marquette(?)",neither,0.028042896701562202,0.3969263796167606,0.5750307236816772
#FREEDENISE,neither,0.03945320844208391,0.33037608806864915,0.630170703489267
!wallet,neither,0.03945320844208391,0.33037608806864915,0.630170703489267
I want juice sigh,neither,0.039769787751198445,0.32500291098681583,0.6352273012619858
matooska has 5461 coins,neither,0.03989735448983053,0.32283777050957063,0.6372648750005988
Kansas City MO!,neither,0.03945320844208391,0.33037608806864915,0.630170703489267
LOL,neither,0.020706217963973744,0.4882283491876925,0.4910654328483337
bidet from the OK,neither,0.0395817642342062,0.28176558341017327,0.6786526523556206
gandsSCANLAN gandsSCANLAN gandsSCANLAN gandsSCANLAN gandsSCANLAN gandsSCANLAN gandsSCANLAN gandsSCANLAN gandsSCANLAN gandsSCANLAN,neither,0.03945320844208391,0.33037608806864915,0.630170703489267
Ok speeing everything up here. Slow mode and subs only mode are coming on in just a moment.,neither,0.06207537707693912,0.31448443929309366,0.6234401836299672
Bidet from Georgia,neither,0.04066490145509902,0.30981049537100724,0.6495246031738937
1 yr sub for me! bidet everyone!,neither,0.02529647388716128,0.4188543888161215,0.5558491372967173
!wallet,neither,0.03945320844208391,0.33037608806864915,0.630170703489267
kolanv has 5304 coins,neither,0.03989735448983053,0.32283777050957063,0.6372648750005988
bidet from IL,neither,0.04066490145509902,0.30981049537100724,0.6495246031738937
K PogChamp R PogChamp A PogChamp K PogChamp E PogChamp N,neither,0.03945320844208391,0.33037608806864915,0.630170703489267
ARE YE FUCKIN READY KIDS,offensive_language,0.11996624095576795,0.8398147528068288,0.04021900623740326
TRINKET,neither,0.03945320844208391,0.33037608806864915,0.630170703489267
Bidet from PA,neither,0.04069404815304118,0.30931579984010865,0.6499901520068502
Bidet from the Netherlands,neither,0.0395975487247086,0.2929303761973238,0.6674720750779677
bidet from Mexico City,neither,0.04052962443717398,0.3121064994100792,0.6473638761527468
wheres my duck?,neither,0.028994381563701047,0.41112422989330505,0.559881388542994
!wallet,neither,0.03945320844208391,0.33037608806864915,0.630170703489267
von_rose has 7296 coins,neither,0.03989735448983053,0.32283777050957063,0.6372648750005988
"bidet from winnipeg, canada!",neither,0.04071751644889743,0.3089174816120565,0.6503650019390461
Hello fellow critters! :D,neither,0.03945320844208391,0.33037608806864915,0.630170703489267
HEY DEVON,neither,0.03945320844208391,0.33037608806864915,0.630170703489267
"Bidet from space, SPACE SPAAAAACEEEEE",neither,0.040160483760572886,0.3183717800723978,0.6414677361670293
CAPTAIN,neither,0.03945320844208391,0.33037608806864915,0.630170703489267
krakeeeee,neither,0.03945320844208391,0.33037608806864915,0.630170703489267
No music yet?,neither,0.03844139664675534,0.3475491748537403,0.6140094284995044
gandsGnSBigsby gandsNatTwenty gandsGnSBigsby,neither,0.03945320844208391,0.33037608806864915,0.630170703489267
Please let my art be featured!,neither,0.01849588564369965,0.44422815833904383,0.5372759560172565
AYE AYE CAPTAIN!!!!!!!,neither,0.03945320844208391,0.33037608806864915,0.630170703489267
Bidet from Ohio! <3,neither,0.040754399270683486,0.3082914838698526,0.650954116859464
BIDET,neither,0.03945320844208391,0.33037608806864915,0.630170703489267
Bidet from L.A.!,neither,0.04228451509352876,0.2823214250720796,0.6753940598343917
Beep Beep from Las Vegas in the Excalibur hotel! XD,neither,0.03954490370732287,0.30571715022598583,0.6547379460666914
Who is ready to kill a kraken!!!,hate_speech,0.5645087804604223,0.1850865531477224,0.2504046663918554
bidet all,offensive_language,0.046917543854519406,0.6277741405869331,0.3253083155585475
greetings critters,neither,0.03945320844208391,0.33037608806864915,0.630170703489267
"Bidet from Winnipeg, Manitoba!",neither,0.04228451509352876,0.2823214250720796,0.6753940598343917
I CANT HEAAAAAAR YOUUUUUUU,neither,0.03945320844208391,0.33037608806864915,0.630170703489267
They're gonna take a good krak at this.,neither,0.05513170032638513,0.37596292543285265,0.5689053742407624
#TeamTaryon,neither,0.03945320844208391,0.33037608806864915,0.630170703489267
Wtf is this 'Critical Role' nonsense?? Where the *** is Bryont Wing Faster??? #FREEDENISE,neither,0.05064070818884289,0.42169361434879243,0.5276656774623646
"bidet from buffalo, NY!",neither,0.04043211762049359,0.3137614445616591,0.6458064378178473
Ehh lmao gandsTrinket,neither,0.038286200742828215,0.35018325437241776,0.6115305448847541
I have music.,neither,0.03861185042839364,0.3446561293304165,0.6167320202411899
bidet from indiana,neither,0.0408364874901429,0.30689823255244486,0.6522652799574122
bidet from phx az and my birthday...lets do this!,neither,0.031150928814776657,0.3613391595058608,0.6075099116793626
!critmusic,neither,0.03945320844208391,0.33037608806864915,0.630170703489267
The Critical Role theme song is written by Jason Charles Miller (bit.ly/CRsong ). The fan art music is Twin Elms from the Pillars of Eternity Soundtrack (youtu.be/WYMLvmilS24 ),neither,0.04451672980050135,0.3243004653192533,0.6311828048802453
BIDET from La,neither,0.04094187055022747,0.3051096069949388,0.6539485224548338
BFost on? he usually stops by,neither,0.04246922670018207,0.3798821771738233,0.5776485961259946
BIDET FROM IOWA,neither,0.04069404815304118,0.30931579984010865,0.6499901520068502
well met!,neither,0.03945320844208391,0.33037608806864915,0.630170703489267
No video and No audio = PANIC!!!!,neither,0.041400771108958595,0.2571575131489343,0.7014417157421071
Ohhh that Doty art was awesome!,neither,0.035742385866929134,0.37139378571842163,0.5928638284146494
bidet from Critical Vapors in Vancouver Washington!,neither,0.040419823882947695,0.3139701013719113,0.645610074745141
"If you're not hearing music and seeing art right now, refresh the page",neither,0.042203830506497154,0.3485250626798347,0.609271106813668
@Saint_savage slap yerself,neither,0.03945320844208391,0.33037608806864915,0.630170703489267
These works of are are really well made,neither,0.10413266642441374,0.3049855462317819,0.5908817873438044
bidet from MN,neither,0.040737273169946825,0.30858215849491494,0.6506805683351382
beep beep from Michigan!,neither,0.040769555981420263,0.3080342349327864,0.6511962090857933
bidet from WI :>,neither,0.040737273169946825,0.30858215849491494,0.6506805683351382
"BIDET!!! From Tampa, FL!",neither,0.04036266062233628,0.31494031108870923,0.6446970282889545
Bidet and happy Thursday!!!,neither,0.03857257220599953,0.28521915274727694,0.6762082750467234
"Bidet from Buffalo, NY!",neither,0.04043211762049359,0.3137614445616591,0.6458064378178473
bidet,neither,0.03945320844208391,0.33037608806864915,0.630170703489267
Bidet to you all! Who is up for another round of Daring Tales with Terry?,neither,0.08675583935449294,0.45074852600852144,0.4624956346369856
first time getting to watch live yus! finally,neither,0.04202192936723555,0.3965810792771343,0.5613969913556303
I know they're not supposed to... but they're probably going to end up killing the kraken,neither,0.062275250025311486,0.3466743906003658,0.5910503593743226
fan art <3 <3 <3 <3 <3 <3 <3,neither,0.03945320844208391,0.33037608806864915,0.630170703489267
RELEASE THE KRACKEB!,neither,0.03833268284400528,0.3097437752947421,0.6519235418612527
Bidet from NY!,neither,0.04084513770590474,0.30675141581570226,0.6524034464783931
Twin elms music is so nostalgic of all the eps I've watched Kreygasm,neither,0.02631514615759598,0.381599177313748,0.5920856765286561
bidet from San diego!,neither,0.040446282760733435,0.31352102516371877,0.6460326920755478
"Guys, if you aren't seeing & hearing the fanart video right now, refresh until it works",neither,0.03727367833380819,0.33559182168597523,0.6271344999802165
bidet,neither,0.03945320844208391,0.33037608806864915,0.630170703489267
!wallet,neither,0.03945320844208391,0.33037608806864915,0.630170703489267
kolanv has 5305 coins,neither,0.03989735448983053,0.32283777050957063,0.6372648750005988
first time i get to watch live!!!,neither,0.046622049676137,0.3531436821218858,0.6002342682019772
"Bidet from Savannah, Georgia",neither,0.04066490145509902,0.30981049537100724,0.6495246031738937
If we were to make a song What would Matt Mercer do? It would have to be a rock ballad sung by Sam and Liam in KISS costumes.,neither,0.03772719666923912,0.34566320109771365,0.6166096022330473
"Monster Manual has the Kracken at an AC18, think Matt will kick that up?",neither,0.03630822244450887,0.36167242721502746,0.6020193503404636
You should have Crit Art lead in video and music,neither,0.06799821606589587,0.294262527899001,0.6377392560351032
Bidet from PA,neither,0.04069404815304118,0.30931579984010865,0.6499901520068502
This is gonna be great,neither,0.045733426641395014,0.35623684760454616,0.5980297257540589
