text,top_class,hate_speech,offensive_language,neither
Bidet from Washington State,neither,0.07569869260918143,0.20816383471815325,0.7161374726726654
woohoo!!!!!,neither,0.03945320844208391,0.33037608806864915,0.630170703489267
Bidet from PA,neither,0.04069404815304118,0.30931579984010865,0.6499901520068502
WOOOO!,neither,0.03945320844208391,0.33037608806864915,0.630170703489267
"first time watching live. currently on episode 27 (i've got a lot of time to spare), but i've read some about stuff that happens, so i'm looking forward to peer into the future",neither,0.024489109290649565,0.38260646523157077,0.5929044254777796
We started on time!?,neither,0.03466907687436862,0.37237991799857006,0.5929510051270612
SOUND!,neither,0.03945320844208391,0.33037608806864915,0.630170703489267
"bidet from ann arbor, mi!!!!!",neither,0.040442547282471694,0.31358442597864195,0.6459730267388865
PERFECT,neither,0.03945320844208391,0.33037608806864915,0.630170703489267
beep beep and bidet from Arlington Texas,neither,0.039620523136589245,0.27925180455484944,0.6811276723085613
Bidet from Wichita,neither,0.04228451509352876,0.2823214250720796,0.6753940598343917
ON TIME PogChamp,neither,0.03183588227459649,0.3959563629735933,0.5722077547518102
"noooo, the art!",neither,0.03860615802387076,0.3149033766931783,0.646490465282951
on tume start wooy,neither,0.034541325479451504,0.35444528979706713,0.6110133847234814
Wooo!,neither,0.03945320844208391,0.33037608806864915,0.630170703489267
gandsLessthanthree gandsLessthanthree,neither,0.03945320844208391,0.33037608806864915,0.630170703489267
Omg there's audio!,neither,0.03938165888318956,0.29082813787116757,0.6697902032456429
oh woooot,neither,0.051363287716059566,0.22255663153133606,0.7260800807526044
Yay!!,neither,0.03945320844208391,0.33037608806864915,0.630170703489267
SOUND.... is working,neither,0.0494120509484833,0.32695078546197476,0.6236371635895418
gandsLessthanthree gandsLessthanthree gandsLessthanthree gandsLessthanthree,neither,0.03945320844208391,0.33037608806864915,0.630170703489267
Woo!,neither,0.03945320844208391,0.33037608806864915,0.630170703489267
gandsSubHype gandsSubHype gandsSubHype gandsSubHype gandsSubHype gandsSubHype gandsSubHype gandsSubHype,neither,0.03945320844208391,0.33037608806864915,0.630170703489267
Bidet from los angeles,neither,0.04078317879478948,0.307803020237201,0.6514138009680096
AHHH i'm really here liiiiive!,neither,0.09251170635959897,0.2888204151437162,0.6186678784966848
wooo!!,neither,0.03945320844208391,0.33037608806864915,0.630170703489267
YES!!!!!,neither,0.03945320844208391,0.33037608806864915,0.630170703489267
heyo,neither,0.03945320844208391,0.33037608806864915,0.630170703489267
i bet they are still setting up,neither,0.05788787568164532,0.34893217626255985,0.5931799480557948
HYPE,neither,0.03945320844208391,0.33037608806864915,0.630170703489267
thursday =D,neither,0.03945320844208391,0.33037608806864915,0.630170703489267
have to have something mess it up,neither,0.04047133492038196,0.38962812641108824,0.5699005386685299
bidet,neither,0.03945320844208391,0.33037608806864915,0.630170703489267
And so it begins,neither,0.03702075117330028,0.3334064572415291,0.6295727915851705
ON TIME PogChamp,neither,0.03183588227459649,0.3959563629735933,0.5722077547518102
"What's the thing with ""bidet""? (asks the newb)",neither,0.03177989163928938,0.3321637804157552,0.6360563279449554
Whoa...Starting in time,neither,0.03837525322630046,0.3486718013194315,0.612952945454268
wow actually on time tonight,neither,0.033502565657371114,0.3397594545690819,0.626737979773547
This is Critical Role episode #88,neither,0.04472200746597931,0.3295977619011441,0.6256802306328766
Woot,neither,0.03945320844208391,0.33037608806864915,0.630170703489267
Beep Beep and Bidet from the corner of Squalor and Bedlam,neither,0.038405339808414096,0.225307897717106,0.7362867624744799
bidet from Seattle,neither,0.040754399270683486,0.3082914838698526,0.650954116859464
WE CAN HEAR HIM!!!,neither,0.039433252439583136,0.33071479351210364,0.6298519540483132
skiving off work in Victoria Australia,neither,0.03945320844208391,0.33037608806864915,0.630170703489267
Heyooooo,neither,0.03945320844208391,0.33037608806864915,0.630170703489267
TURN UP THURSDAY! BIDET FROM BROOKLYN!,neither,0.03816087529656403,0.35903241665879565,0.6028067080446404
Bidet from Minnesota,neither,0.04071751644889743,0.3089174816120565,0.6503650019390461
Woot! first live game!!,neither,0.03623629264649198,0.29574739915570813,0.6680163081977998
eyooooo,neither,0.03945320844208391,0.33037608806864915,0.630170703489267
On tiome!,neither,0.02983740057173753,0.3797445071048369,0.5904180923234256
"Starting on time, its a miricle",neither,0.029315896648042492,0.36840167151737363,0.602282431834584
Bidet from Vancouver,neither,0.04228451509352876,0.2823214250720796,0.6753940598343917
woooo!!!,neither,0.03945320844208391,0.33037608806864915,0.630170703489267
THE AUDIO WORKED RIGHT AWAY Kreygasm,neither,0.039094114022187404,0.3135460515156943,0.6473598344621184
ayy this is the first time im watching live in ages,neither,0.04028593293529633,0.35222657108414734,0.6074874959805562
feliciaCreep,neither,0.03945320844208391,0.33037608806864915,0.630170703489267
it begins!,neither,0.037828236809968684,0.3309349903269868,0.6312367728630445
RIGHT ON TIME,neither,0.03227539357918602,0.40734337409643595,0.5603812323243781
holy cow the audio is working from the very start! :P,neither,0.04362106674849386,0.3000064897179118,0.6563724435335944
woo,neither,0.03945320844208391,0.33037608806864915,0.630170703489267
First time live from Italy yeeee.,neither,0.03674759467316846,0.3326558844831979,0.6305965208436337
Bidet from NY!,neither,0.04084513770590474,0.30675141581570226,0.6524034464783931
they're on time!!!!,neither,0.06005120732231778,0.336128882566208,0.6038199101114743
wow!!! on time!,neither,0.03421716043179149,0.37479079811139016,0.5909920414568184
First Live Episode!!,neither,0.03623662413047561,0.3314824189118229,0.6322809569577015
BIDET,neither,0.03945320844208391,0.33037608806864915,0.630170703489267
waht up!,offensive_language,0.031680140546704795,0.5091262166492487,0.45919364280404645
on time so rare,neither,0.03512377020182186,0.414621118089834,0.5502551117083442
Bidet from Oklahoma.,neither,0.04066490145509902,0.30981049537100724,0.6495246031738937
First time live... Just got caught up. :),neither,0.029389074619940368,0.449701366983546,0.5209095583965135
HELLO,neither,0.03945320844208391,0.33037608806864915,0.630170703489267
anyone else not seeing anything?,neither,0.03831262454708834,0.3346536276611293,0.6270337477917822
Woo beep beep,neither,0.03945320844208391,0.33037608806864915,0.630170703489267
Bidet from Toronto feliciaToronto love all you Critters! gandsLessthanthree,neither,0.05734288882685764,0.4609859776256085,0.4816711335475338
HOLY *** ON TIME!,neither,0.03459706882575621,0.37146647991739506,0.5939364512568488
Did....did they start on time?,neither,0.036147264315221875,0.3580612383333534,0.6057914973514247
Critters! I almost forgot about this tonight!!! I feel so ashamed!,neither,0.0361871689092363,0.3639047333611746,0.5999080977295891
bee day,neither,0.040051636899806876,0.3126984015931088,0.6472499615070844
Bidet from Boston!,neither,0.040769555981420263,0.3080342349327864,0.6511962090857933
"BIDET! From USA, Illinois, CHICAGO!",neither,0.04024913722672002,0.31686709938477087,0.642883763388509
Bidet everyone,offensive_language,0.02988896790634741,0.4927062106388782,0.4774048214547744
I GOT THE KRAKEN RUM READY,neither,0.037374638189095165,0.35750508756488364,0.6051202742460213
gandsSCANLAN gandsSCANLAN gandsSCANLAN gandsSCANLAN,neither,0.03945320844208391,0.33037608806864915,0.630170703489267
"ITS ON TIME, HOLY ***",neither,0.0292525997882857,0.36866720339262116,0.6020801968190932
*airhorn*,neither,0.03945320844208391,0.33037608806864915,0.630170703489267
Bidet from your local Kraken Watch Tower,neither,0.07339122137329102,0.30610309746197967,0.6205056811647293
ya,offensive_language,0.017331157930923866,0.7872544665869478,0.19541437548212848
gandsFail gandsFail gandsFail gandsFail gandsFail gandsFail gandsCrit gandsCrit gandsCrit gandsCrit gandsCrit gandsCrit gandsCrit gandsCrit gandsClassic gandsClassic gandsClassic gandsClassic gandsClassic gandsClassic gandsClassic gandsClassic gandsNatTwenty gandsNatTwenty gandsNatTwenty gandsNatTwenty gandsNatTwenty gandsNatTwenty gandsNatTwenty gandsNatTwenty,neither,0.03945320844208391,0.33037608806864915,0.630170703489267
lootcrate!!!,neither,0.03945320844208391,0.33037608806864915,0.630170703489267
Unboxing :D,neither,0.03945320844208391,0.33037608806864915,0.630170703489267
Bidet from Germany! lrrSIGNAL lrrHORN lrrAWESOME,neither,0.04069404815304118,0.30931579984010865,0.6499901520068502
"Bidet from Urbana, IL",neither,0.04066490145509902,0.30981049537100724,0.6495246031738937
"First time in forever, i'm watching live!!!",neither,0.03584796176816496,0.3479859626052375,0.6161660756265976
Woo!,neither,0.03945320844208391,0.33037608806864915,0.630170703489267
What???? Sound worked!!!! I don't understand what just happened.,neither,0.043528861489801056,0.33933807024002555,0.6171330682701736
Bidet from Norwayyy! gandsSCANLAN,neither,0.04228451509352876,0.2823214250720796,0.6753940598343917
konnichiwa,neither,0.03945320844208391,0.33037608806864915,0.630170703489267
"starting on time, so unlike them",neither,0.047370300840174746,0.3911985740523551,0.5614311251074701
WOOT! My first time watching live :),neither,0.028237301886223694,0.4101576991098265,0.5616049990039498
Bidet from Texas,neither,0.040937266849991,0.30518774380265185,0.6538749893473571
gandsSubHype gandsSubHype gandsSubHype gandsSubHype gandsSubHype gandsSubHype gandsSubHype,neither,0.03945320844208391,0.33037608806864915,0.630170703489267
what what,neither,0.057770773616808734,0.3180719994247239,0.6241572269584672
Woah they started on time,neither,0.03598113118620687,0.3594853511809072,0.604533517632886
the most on time episode ever lol,neither,0.029180116859811932,0.3906048162785883,0.5802150668615996
Woop Wopp!!!,neither,0.03945320844208391,0.33037608806864915,0.630170703489267
Bidet from Ohio!,neither,0.040754399270683486,0.3082914838698526,0.650954116859464
woooo here we goooooo,neither,0.15579607761817918,0.2572279575342963,0.5869759648475245
YAAAAAAAY,neither,0.03945320844208391,0.33037608806864915,0.630170703489267
"Ah, there we are. all set with the sub",neither,0.04711264241919711,0.3313793602769174,0.6215079973038855
"""waves"" a;;",neither,0.03945320844208391,0.33037608806864915,0.630170703489267
Release the Kraken!,neither,0.03833268284400528,0.3097437752947421,0.6519235418612527
"Yay, made it on time",neither,0.03437725525710633,0.36284872760956505,0.6027740171333286
yay,neither,0.03945320844208391,0.33037608806864915,0.630170703489267
Bidet from my Vegas layover.,neither,0.027372166186626364,0.4140909202454668,0.5585369135679069
Crates of Loots,neither,0.03945320844208391,0.33037608806864915,0.630170703489267
Starting on time WutFace,neither,0.034639660713790814,0.3710947280421955,0.5942656112440137
booyah lootcrate,neither,0.03945320844208391,0.33037608806864915,0.630170703489267
bidet,neither,0.03945320844208391,0.33037608806864915,0.630170703489267
first time here live,neither,0.0855684911182344,0.3106070297792098,0.6038244791025558
BIDET from florida!,neither,0.0408948396164547,0.30590784468201904,0.6531973157015263
bidet!!,neither,0.03945320844208391,0.33037608806864915,0.630170703489267
!wallet,neither,0.03945320844208391,0.33037608806864915,0.630170703489267
I get here late ONE TIME,neither,0.08546241244084254,0.35043628164173135,0.564101305917426
!heyguys,neither,0.03945320844208391,0.33037608806864915,0.630170703489267
nice I rarely get to watch live,neither,0.054157084516574895,0.33097339191947056,0.6148695235639545
stick your loot in your cooter!,neither,0.14275546886856516,0.30098024235951365,0.5562642887719211
BIDET FROM CANADA,neither,0.04071751644889743,0.3089174816120565,0.6503650019390461
Bidet from France,neither,0.04071751644889743,0.3089174816120565,0.6503650019390461
Bidet from Wellington New Zealand o/,neither,0.046710622032705686,0.1542697019613409,0.7990196760059534
Bidet!,neither,0.03945320844208391,0.33037608806864915,0.630170703489267
"Yes, I have this crate",neither,0.03851979477466722,0.34621855402026586,0.6152616512050669
What the hell They're on time?,offensive_language,0.06379824738550083,0.7164937998953644,0.21970795271913465
OH yeah Crit Role,neither,0.02702196318440489,0.3970351025789344,0.5759429342366607
bidet from lovely Delaware!,neither,0.040769555981420263,0.3080342349327864,0.6511962090857933
Bidet from Mars. :D,neither,0.04066490145509902,0.30981049537100724,0.6495246031738937
Welcomes back all long time viewers and subs,neither,0.03890773678613002,0.3605939819683741,0.600498281245496
the loot crate is pretty cool,neither,0.04879812802192314,0.3069618232704719,0.644240048707605
Bidget fron Bidget,neither,0.03945320844208391,0.33037608806864915,0.630170703489267
Bidet from Auckland NZ my dudes,neither,0.02637651622736671,0.4222471790540565,0.5513763047185768
Oiche mhaith!,neither,0.03945320844208391,0.33037608806864915,0.630170703489267
Kraken time boysssssssssss,neither,0.036668274527354654,0.377643684699956,0.5856880407726893
Wait did they actually start on time?,neither,0.03607573826454515,0.35867399383121296,0.605250267904242
Hallo Critters :],neither,0.03945320844208391,0.33037608806864915,0.630170703489267
Bidet from Osaka,neither,0.04228451509352876,0.2823214250720796,0.6753940598343917
Bidet from Denmark :) 4 AM all the way!,neither,0.04164692059516388,0.3744609312806128,0.5838921481242233
@GaeaCa *Hugs*,neither,0.03945320844208391,0.33037608806864915,0.630170703489267
id put my dice in it,neither,0.0287505273826949,0.40534205426475495,0.5659074183525501
bidet from Vermont,neither,0.04228451509352876,0.2823214250720796,0.6753940598343917
I skipped this lootcrate,neither,0.03934556506409844,0.33220307711989316,0.6284513578160085
"Bidet from Utah. Wow, they are super on time",neither,0.05482294209243725,0.3081578084045568,0.6370192495030059
bidet from pa,neither,0.04069404815304118,0.30931579984010865,0.6499901520068502
Bidet from Austria - 4 AM here - full motivation.,neither,0.1093609333975708,0.2740327306696819,0.6166063359327473
SO READY FOR MY FIRST EPISODE,neither,0.021131805389084077,0.4143853766860402,0.5644828179248758
Holy crap. They're on time....,neither,0.050756057945374355,0.3342123743378425,0.615031567716783
"It's Always Sunny in Tal'Dorei: ""The gang kills a Kraken""",neither,0.03698000132015443,0.354074306833277,0.6089456918465685
Welcomes all new viewers and subs,neither,0.042998289747962826,0.2771746474816854,0.6798270627703518
gandsOverlord,neither,0.03945320844208391,0.33037608806864915,0.630170703489267
You can put your suude in there,neither,0.12502525405974504,0.3072925084239752,0.5676822375162797
hugs @melontherocks,neither,0.03945320844208391,0.33037608806864915,0.630170703489267
here we go!!!,neither,0.13156755280784707,0.2765461283225309,0.5918863188696221
no they started with about a minute and half late.,neither,0.029556685650498005,0.35719823282930835,0.6132450815201936
gandsSCANLAN,neither,0.03945320844208391,0.33037608806864915,0.630170703489267
oh no that titel,neither,0.03991214815718678,0.3406988685915034,0.6193889832513098
WyrmwoodGetting it of the way early!,neither,0.038507897456967,0.2821334465782299,0.679358655964803
BENNY AND BAD COP,neither,0.03575642930094178,0.29514421440106303,0.6690993562979952
So will Mark Hulmes guest as the Kraken tonight? ::strokes beard in contemplation::,neither,0.036720610027179156,0.33884882058656396,0.624430569386257
whoo,neither,0.03945320844208391,0.33037608806864915,0.630170703489267
did Sam do his thing already??,neither,0.06219103314723768,0.34670909072270195,0.5910998761300604
"If you need an un-throttled open-to-non-subscribers chatroom, we have a Critical Role discord! Join us! :D https://discord.gg/0gXmsdbMcm8yEnbs",neither,0.056772746895766966,0.3788341853619142,0.5643930677423188
this feels like Christmas where you have to show your parents everything you get xD,neither,0.14201748096236316,0.3290876726354767,0.5288948464021601
"Help G&S make great content! $4.99/month gets you emotes, Minecraft server access, Sub Only Q&As, VODs, and more! Every sub keeps the channel alive! twitch.tv/geekandsundry/subscribe",neither,0.043092924924402844,0.32365565443818894,0.6332514206374082
HEY!! Wassup Critters!,neither,0.24327701561406878,0.12770909902667235,0.629013885359259
liams neesons!?,neither,0.03945320844208391,0.33037608806864915,0.630170703489267
dang kids,neither,0.03945320844208391,0.33037608806864915,0.630170703489267
I love how excited they all get unboxing these!,offensive_language,0.04726034786306582,0.5217694540353273,0.43097019810160697
Hello everyone!,neither,0.03269494828970791,0.4450814005079928,0.5222236512022994
bidet from Michigan,neither,0.040769555981420263,0.3080342349327864,0.6511962090857933
Did they start on time SeemsGood,neither,0.03508458218999332,0.36722282109943855,0.5976925967105681
"this is insanity they are on time, holy shit.",offensive_language,0.0755960884289289,0.9137035206723068,0.010700390898764357
Bidet from Wisconsin,neither,0.04071751644889743,0.3089174816120565,0.6503650019390461
hello all,neither,0.04217753453783664,0.43734383323855475,0.5204786322236087
@honeybadgerswetdream i see u,neither,0.03945320844208391,0.33037608806864915,0.630170703489267
bidet!!!,neither,0.03945320844208391,0.33037608806864915,0.630170703489267
I'm wearing that shirt right now guys,neither,0.03524081068142723,0.3838532189839291,0.5809059703346438
At which point is a person considered a cyborg?,neither,0.045080432924295595,0.34687885395201257,0.6080407131236918
Reminds everyone we are in sub only mode for live CR,neither,0.046894377182232105,0.34753020823912684,0.6055754145786411
voltron,neither,0.03945320844208391,0.33037608806864915,0.630170703489267
Another first time live viewer would like to know what bidet means!,neither,0.10044540763688899,0.2871557807030793,0.6123988116600317
Loot Crate just unlocked the little kid in Critical Role,neither,0.03497245495286355,0.3426006708763048,0.6224268741708318
I love these guys! Like kidss in a candy store!,neither,0.08496729259984082,0.4115881049790103,0.5034446024211489
i like pie,neither,0.054900632149337054,0.35206259004225904,0.5930367778084039
beep beep from my own dnd game in utah,neither,0.04636157686526531,0.34144925176280766,0.6121891713719272
yea thats Voltron,neither,0.03918020546802886,0.3350096610193507,0.6258101335126204
bidet from OR,neither,0.04147775179570021,0.2960143037206597,0.66250794448364
"On time!! Woot! Bidet, beep beep, spicin, etc.!",neither,0.03607050292143789,0.3587188666646229,0.6052106304139392
Large Kappa,neither,0.03945320844208391,0.33037608806864915,0.630170703489267
hello from Australia!,neither,0.04040683511112239,0.31419055472777996,0.6454026101610977
"Bidet from Austin, TX",neither,0.0404991143919742,0.31262433450199256,0.6468765511060333
switch comes out today mother fuckers. I'm takin this show on the go as soon as 11 o clock rolls around,neither,0.03984085460997862,0.32584427064613597,0.6343148747438854
"Bidet from North Bend, Oregon!!",neither,0.040262143355647234,0.31664635143358455,0.6430915052107683
"Wow, critical role starting on time, there's a rarity",neither,0.03675101334109014,0.3236371389422396,0.6396118477166702
Solve the riddle for extra loot,neither,0.033583382686172863,0.2915183580691633,0.6748982592446637
Bidet!!!,neither,0.03945320844208391,0.33037608806864915,0.630170703489267
what? cr starting on time for once?,neither,0.03580933082372569,0.3294036709975287,0.6347869981787455
lets go already,neither,0.0386362714614265,0.37107397206511333,0.5902897564734602
means good day,neither,0.03926533549258831,0.3123487210953728,0.6483859434120388
"bidet from Chesapeake, VA",neither,0.04066490145509902,0.30981049537100724,0.6495246031738937
gandsTrinket gandsTrinket gandsTrinket gandsTrinket,neither,0.03945320844208391,0.33037608806864915,0.630170703489267
Bidet is just the Critters adopting Grog's accidental hilarity.,neither,0.04111949240080867,0.3320590211522731,0.6268214864469182
bidet all from Minnesota,neither,0.04296071041436591,0.39318877072093156,0.5638505188647025
bidet and beep beep,neither,0.03763944115734239,0.1918412352459551,0.7705193235967025
CALGARRYYYYY,neither,0.03945320844208391,0.33037608806864915,0.630170703489267
the key thing on loot crate is awesome,neither,0.04295538869275863,0.3256102044159519,0.6314344068912895
"FYI ""BIdet"" was something Grog said at one point instead of ""Good day""",neither,0.03823962659229146,0.3579996616450624,0.603760711762646
Hello from Toronto,neither,0.04042754080715299,0.31383912502858,0.6457333341642669
beep beep!,neither,0.03945320844208391,0.33037608806864915,0.630170703489267
"@thesoutherngarrison grog mis said ""be please"" and instead has said bidet and beep beep etc",neither,0.038991201108152164,0.28184510685023745,0.6791636920416104
Be pleased! From Washington state!,neither,0.06638096804782799,0.23742707569151714,0.6961919562606549
bidet beep beep everyone,offensive_language,0.02988896790634741,0.4927062106388782,0.4774048214547744
"Bidet from Manchester, CT",neither,0.04035096305996787,0.3151388492503063,0.6445101876897258
it's thursday PogChamp,neither,0.03752336384949593,0.3310398501182267,0.6314367860322773
"bidet from folsom, CA",neither,0.04084513770590474,0.30675141581570226,0.6524034464783931
harsh,neither,0.03945320844208391,0.33037608806864915,0.630170703489267
:D,neither,0.03945320844208391,0.33037608806864915,0.630170703489267
Hi everybody!,neither,0.03945320844208391,0.33037608806864915,0.630170703489267
So excited to finally be caught up!,neither,0.043068218570087705,0.413828538718581,0.5431032427113314
bidet folks...Van BC here...,neither,0.0805413324879418,0.29671750373028427,0.6227411637817739
bidet from tal'dorei.,neither,0.04062582848913359,0.31047366557575606,0.6489005059351104
Bidet from Kentucky.,neither,0.04071751644889743,0.3089174816120565,0.6503650019390461
woot finally a subscriber. first time ever,neither,0.03311753228218448,0.3475583294204436,0.6193241382973718
Bidet and much love from Virginia!,neither,0.033296500080478436,0.2880231676085131,0.6786803323110084
What? mine dind't come with a book... :(,neither,0.03222882326127525,0.38511062093045023,0.5826605558082746
Bidet from Northern Virginia,neither,0.04038150078596344,0.3146205443430473,0.6449979548709892
Bidet from Philly!,neither,0.040769555981420263,0.3080342349327864,0.6511962090857933
Bidet from Texas!,neither,0.040937266849991,0.30518774380265185,0.6538749893473571
rip tarry,neither,0.03945320844208391,0.33037608806864915,0.630170703489267
Bidet From Cuyahoga Falls Ohio,neither,0.04043666386062345,0.3136842830019141,0.6458790531374625
took me way too long to realize Amazon Prime gave me a twitch sub,neither,0.03397768952716648,0.3831107577276735,0.5829115527451599
"@Jamesdude08, welcome",neither,0.03945320844208391,0.33037608806864915,0.630170703489267
WOW Thanks whoever said it had started i had to refresh NotLikeThis,neither,0.04101632669536015,0.31790338124184747,0.6410802920627925
gandsSubHype gandsApplaud gandsSubHype,neither,0.03945320844208391,0.33037608806864915,0.630170703489267
Bidet from Wisconsin!,neither,0.04071751644889743,0.3089174816120565,0.6503650019390461
hello to all the Criters,neither,0.049693838877307724,0.3938840238960331,0.5564221372266591
"Bidet from Pittsburg, CA",neither,0.04084513770590474,0.30675141581570226,0.6524034464783931
Sam's characters are the best tho,neither,0.05320841716795061,0.283802644074811,0.6629889387572384
"Oi, made it ! :)",neither,0.037976528148713294,0.3308839861356039,0.6311394857156828
Bidet from Brisbane!,neither,0.04228451509352876,0.2823214250720796,0.6753940598343917
Bidet from NJ!,neither,0.04069404815304118,0.30931579984010865,0.6499901520068502
Mark! Hi Mark!,neither,0.03945320844208391,0.33037608806864915,0.630170703489267
bidet from Utah,neither,0.04066490145509902,0.30981049537100724,0.6495246031738937
!prime,neither,0.03945320844208391,0.33037608806864915,0.630170703489267
Meep Meep from Central NY,neither,0.040443545309525104,0.31356748685490254,0.6459889678355725
bidet from Texas as well!,neither,0.03842262681243967,0.34786774792744135,0.613709625260119
Bidet from Texas Critters! <3 <3 <3,neither,0.040937266849991,0.30518774380265185,0.6538749893473571
bidet from arkansas!,neither,0.04066490145509902,0.30981049537100724,0.6495246031738937
"it's ok everyone, I'm here.",neither,0.07888132512568391,0.40040568343673927,0.5207129914375768
Heyoo from Michigan,neither,0.040769555981420263,0.3080342349327864,0.6511962090857933
foxxHeart gandsLessthanthree tinytatoHeart <3 Sam,neither,0.03945320844208391,0.33037608806864915,0.630170703489267
lootakratah,neither,0.03945320844208391,0.33037608806864915,0.630170703489267
yay it's started,neither,0.03797074064785392,0.3308859767225388,0.6311432826296073
Bidet from NY,neither,0.04084513770590474,0.30675141581570226,0.6524034464783931
"Bidet from Scanlan's Magical Mansion.. no, seriously. They're sanitary. Bidets are great.",neither,0.06476813216627449,0.2706214568556978,0.6646104109780278
LOL,neither,0.020706217963973744,0.4882283491876925,0.4910654328483337
so excited!,neither,0.03940839469474773,0.3948270312238364,0.565764574081416
"oh god, lol",neither,0.03545478554202377,0.33745001958899457,0.6270951948689815
wtf,offensive_language,0.04410695246022759,0.7898861884776351,0.16600685906213722
LUL,neither,0.03945320844208391,0.33037608806864915,0.630170703489267
LOOOOL,neither,0.03945320844208391,0.33037608806864915,0.630170703489267
woo! finally caught up!,neither,0.03728781745510271,0.3736559839186416,0.5890561986262557
Sam <3,neither,0.03945320844208391,0.33037608806864915,0.630170703489267
lmao,neither,0.03705015143476208,0.3711622369619404,0.5917876116032975
oh god,neither,0.047523175703714664,0.25506489023357065,0.6974119340627147
Bidet from Vegas!,neither,0.040853311764050625,0.30661268071637476,0.6525340075195746
Sam is a treasure,neither,0.04774793294534756,0.3275231519523869,0.6247289151022656
lol,neither,0.020706217963973744,0.4882283491876925,0.4910654328483337
gandsSCANLAN gandsSCANLAN gandsSCANLAN gandsSCANLAN gandsSCANLAN gandsSCANLAN,neither,0.03945320844208391,0.33037608806864915,0.630170703489267
"work has kept me from you wonderful people for too long, Bidet from kauai gandsLessthanthree",neither,0.05781345979422856,0.33415146942533425,0.6080350707804371
korban dallas?,neither,0.03945320844208391,0.33037608806864915,0.630170703489267
so many bidets,neither,0.039413129245513115,0.4120595004619746,0.5485273702925123
Sam wtf Sam plz stahp,neither,0.040865126792322896,0.4600679501869086,0.49906692302076855
jesus,neither,0.03945320844208391,0.33037608806864915,0.630170703489267
I hate him so much right now,neither,0.23924599959267392,0.2983743576357637,0.46237964277156246
rooPs,neither,0.03945320844208391,0.33037608806864915,0.630170703489267
LMAO,neither,0.03705015143476208,0.3711622369619404,0.5917876116032975
gandsSCANLAN gandsSCANLAN gandsSCANLAN gandsSCANLAN,neither,0.03945320844208391,0.33037608806864915,0.630170703489267
haha,neither,0.03186685585600258,0.45913629025701075,0.5089968538869867
Portland Standing By gandsNatTwenty,neither,0.04055289686622123,0.3723298286750458,0.587117274458733
Bidet from New York,neither,0.044690599332616286,0.20708884905532376,0.7482205516120599
gandsSCANLAN gandsSCANLAN gandsSCANLAN,neither,0.03945320844208391,0.33037608806864915,0.630170703489267
"Bidet from Lawton, Oklahoma",neither,0.04066490145509902,0.30981049537100724,0.6495246031738937
https://clips.twitch.tv/GentleNastyAniseTBCheesePull/edit,neither,0.03945320844208391,0.33037608806864915,0.630170703489267
Bidet from South Arkansas,neither,0.04043176250036363,0.31376747187705417,0.6458007656225822
spot on swedish,neither,0.03549429877598179,0.3495976140875863,0.6149080871364319
wat? xD,neither,0.03945320844208391,0.33037608806864915,0.630170703489267
hmmm,neither,0.03945320844208391,0.33037608806864915,0.630170703489267
nice one,neither,0.038104981566877257,0.3798387499096277,0.582056268523495
!sub to chat during CR,neither,0.04424152223636372,0.3275532409882384,0.628205236775398
Help support the #GnSLive twitch channel! $4.99/month gets you exclusive sub-only benefits and helps keep the channel alive! Thanks! twitch.tv/geekandsundry/subscribe or for MOBILE https://secure.twitch.tv/products/geekandsundry/ticket/new,neither,0.047564760200365624,0.28780811278399754,0.6646271270156369
All the bidets!!,offensive_language,0.041785587507551285,0.49387059749283524,0.46434381499961347
lol,neither,0.020706217963973744,0.4882283491876925,0.4910654328483337
gandsHR,neither,0.03945320844208391,0.33037608806864915,0.630170703489267
My stepdad says i can build a robot!,neither,0.03212353009430324,0.3833482475266537,0.5845282223790429
Useful site wheniscriticalrole.com,neither,0.03945320844208391,0.33037608806864915,0.630170703489267
Lootcrate rulez!,neither,0.03945320844208391,0.33037608806864915,0.630170703489267
Nothing better to do on Switchmas Eve than hangout with the Critters. gandsTrinket gandsTrinket,neither,0.03249086801762979,0.3835861472049695,0.5839229847774008
Ootlay AteCray!,neither,0.03945320844208391,0.33037608806864915,0.630170703489267
@YajYar88 if you had an xl shirt they couldnt add the book due to weight issues,neither,0.03907306060218073,0.36755754629020915,0.5933693931076102
lmfao,neither,0.05470637918084239,0.32512982320825545,0.6201637976109021
Bidet from Milton Ontario dudes! gandsLessthanthree,neither,0.04044500107008904,0.3135427787989002,0.6460122201310108
gandsHR gandsHR gandsHR gandsHR,neither,0.03945320844208391,0.33037608806864915,0.630170703489267
Bidet from Ohio!,neither,0.040754399270683486,0.3082914838698526,0.650954116859464
can we get any Klingons do verify the authenticity of that pronunciation?,neither,0.03651695564254541,0.3551471396730005,0.6083359046844541
Swedish was accurate,neither,0.039304618887261764,0.3328980406018178,0.6277973405109205
Lol gandsHR gandsHR gandsHR gandsHR,neither,0.020706217963973744,0.4882283491876925,0.4910654328483337
LOOTCRATE!!!!!!!!!!!,neither,0.03945320844208391,0.33037608806864915,0.630170703489267
bidet from Kent (Ohio),neither,0.040754399270683486,0.3082914838698526,0.650954116859464
i speak spanish.. can confirm,neither,0.041891560853749066,0.2889908840499865,0.6691175550962644
yo i got my stapler <<<<,offensive_language,0.027678034674598933,0.5315232203859087,0.4407987449394924
where's critical role.... :(,neither,0.04117121686141261,0.30121700154795056,0.6576117815906368
gandsHR,neither,0.03945320844208391,0.33037608806864915,0.630170703489267
amsay ickday is igbay I knew it!,neither,0.04933788004381823,0.32697629623724067,0.6236858237189412
Got me some Kraken dark rum ready to go!,neither,0.03237371874748648,0.4031544060240871,0.5644718752284263
"Aww, no Portuguese?",neither,0.03841525844964217,0.3479928082740095,0.6135919332763483
"Watch the only ""complaint"" be about the Klingon",neither,0.042462062707768956,0.32699616679878923,0.6305417704934417
Bidet from Oregon,neither,0.04071751644889743,0.3089174816120565,0.6503650019390461
Good evening,neither,0.03869882722860525,0.3306355543605695,0.6306656184108252
bidet from Cincinnati,neither,0.04228451509352876,0.2823214250720796,0.6753940598343917
PogChamp,neither,0.03945320844208391,0.33037608806864915,0.630170703489267
ooohhh nerdist,neither,0.03945320844208391,0.33037608806864915,0.630170703489267
active?,neither,0.03945320844208391,0.33037608806864915,0.630170703489267
it is on now @Prantagonist,neither,0.045273871170351206,0.3491986806445145,0.6055274481851344
hiiiii,neither,0.03945320844208391,0.33037608806864915,0.630170703489267
Wait...they're running late? Uneard of!,neither,0.05581178646273942,0.3046485494947579,0.6395396640425026
noce,neither,0.03945320844208391,0.33037608806864915,0.630170703489267
"@Prantagonist, refresh its on",neither,0.03085858976609457,0.34623873440895303,0.6229026758249525
whaaaat!,neither,0.03945320844208391,0.33037608806864915,0.630170703489267
gandsSubHype gandsSubHype gandsSubHype gandsSubHype gandsSubHype gandsSubHype gandsSubHype gandsSubHype gandsSubHype gandsSubHype gandsSubHype gandsSubHype,neither,0.03945320844208391,0.33037608806864915,0.630170703489267
gandsGandsBeardedMen,neither,0.03945320844208391,0.33037608806864915,0.630170703489267
oh my immersion,neither,0.02748693229954249,0.40236076101129065,0.5701523066891669
a,neither,0.03945320844208391,0.33037608806864915,0.630170703489267
Bidet from California,neither,0.06971251856910227,0.2972619859879888,0.633025495442909
Matt what kind of nerd are you,neither,0.08255488111423594,0.3241022160394878,0.5933429028462764
Actually watching live on my way home from ECCC,neither,0.03226484342357316,0.394230799947919,0.5735043566285078
GASP!!!,neither,0.03945320844208391,0.33037608806864915,0.630170703489267
only good for people in the US :'(,neither,0.12150341622975021,0.26865019810506074,0.6098463856651889
oh my,neither,0.02748693229954249,0.40236076101129065,0.5701523066891669
I the8bitHeart LootCreat,neither,0.03945320844208391,0.33037608806864915,0.630170703489267
only for americans :( gandsFail gandsFail gandsFail gandsFail gandsFail gandsFail,neither,0.032611925113372756,0.2962336857044644,0.6711543891821627
This is crazy. I've caught up before and caught up again after being 4 weeks behind but this is my first live watching of critical role! #AmIACritterYet lol,neither,0.019727857923794223,0.47100352174083066,0.5092686203353751
"Of course the one night I'm a few minutes late, they start on time. Blah.",neither,0.032106933598307116,0.3575995775702793,0.6102934888314135
Bidet from Iowa,neither,0.04069404815304118,0.30931579984010865,0.6499901520068502
CRITTERS!! Follow the adventures of Heroes 4 Hire on Obsidian Portal: https://thegaeleanchronicles.obsidianportal.com/,neither,0.03704279448339863,0.3284669082448747,0.6344902972717267
"I think a woman at my work recognized my CR hoodie, but I had my earbuds in when she said 'hi'.....Hopefully I run into her again after not knowing what she was talking about....whoops.",offensive_language,0.022390395961493077,0.6038998726745402,0.37370973136396674
LORA I JUST ROLLED 3 gandsNatTwenty in a row,neither,0.035472621840983605,0.34906052426288847,0.615466853896128
gandsFail gandsFail gandsFail,neither,0.03945320844208391,0.33037608806864915,0.630170703489267
I have seen all Critical role episodes and this is my first time watching it live. Whooo!! I live in Finland so its 5AM here at the moment.,neither,0.04792434527264627,0.3947741937870357,0.5573014609403181
Hey @SherlockHulmes has you infiltration succeeded?,neither,0.055786577376091065,0.3683825010334069,0.5758309215905021
Bi Day,neither,0.04003785217972025,0.3131078070149969,0.6468543408052828
does Matt's mic sound muffled>,neither,0.028381153585543165,0.43317750610223066,0.5384413403122261
I finally actually caught up to current,neither,0.04243917711285293,0.36816074190741666,0.5894000809797304
critters best,neither,0.03765011267139979,0.31527719622551265,0.6470726911030876
Yay giveaways!,neither,0.03945320844208391,0.33037608806864915,0.630170703489267
FIGHT!,neither,0.03945320844208391,0.33037608806864915,0.630170703489267
first time live after binge watching all the episodes,neither,0.03674066469027288,0.38363689668457607,0.5796224386251511
such an opportunity for 'skattekist',neither,0.034095426869466636,0.29198644015898584,0.6739181329715476
Bidet from Washington,neither,0.04080695066346891,0.3073995495860776,0.6517934997504536
@jnieves1898 welcome critter ^_^,neither,0.03945320844208391,0.33037608806864915,0.630170703489267
I have yet to meet a critter int he wild,neither,0.04809566176358978,0.332524799153776,0.6193795390826342
gandsOwl Virginia Beach here. Way over here. On the wrong coast. gandsOwl,neither,0.09123946426858418,0.28582603153780206,0.6229345041936138
active Kappa,neither,0.03945320844208391,0.33037608806864915,0.630170703489267
#LastLeg,neither,0.03945320844208391,0.33037608806864915,0.630170703489267
"-zxfrs-4832602088@hous.craigslist.org., ?,",neither,0.03945320844208391,0.33037608806864915,0.630170703489267
active,neither,0.03945320844208391,0.33037608806864915,0.630170703489267
love liam's shirt tonight!,neither,0.034991941345221246,0.32243245532390824,0.6425756033308705
JENGA!!!,neither,0.03945320844208391,0.33037608806864915,0.630170703489267
Buffalo NY checking in,neither,0.03945320844208391,0.33037608806864915,0.630170703489267
"Take THAT, @Nerdist!",neither,0.03222532700135581,0.4100459283867111,0.557728744611933
Welcome @Arcticia,neither,0.03945320844208391,0.33037608806864915,0.630170703489267
"DAMN lots of FL critters, we need to have our own chat!",offensive_language,0.06442253384919154,0.6094220314341567,0.32615543471665176
"Bidet from South Dakota, so glad I just walked in the door on time for tonight!",neither,0.030782426032475448,0.33592946609748514,0.6332881078700394
Wed club is the best,neither,0.04765001571964347,0.29923934732600016,0.6531106369543564
I think her phone is by the shoes,offensive_language,0.03806621526764916,0.550616573090236,0.4113172116421149
Signal Boost with Stef Woodburn!,neither,0.030517114849465125,0.36089028975838944,0.6085925953921455
Bidet from Minneapolis!,neither,0.04228451509352876,0.2823214250720796,0.6753940598343917
Beep beep,neither,0.03945320844208391,0.33037608806864915,0.630170703489267
hello,neither,0.03945320844208391,0.33037608806864915,0.630170703489267
Saga?,neither,0.03945320844208391,0.33037608806864915,0.630170703489267
Bidet from NY,neither,0.04084513770590474,0.30675141581570226,0.6524034464783931
woot! hello critters from NJ! Where my NJ critters at?!,neither,0.03460784054150278,0.360651909070651,0.6047402503878463
yeah 4am in the morning! greetings from germany!,neither,0.030873222483518564,0.28211935878666033,0.6870074187298212
bidet from raleigh NC,neither,0.04066490145509902,0.30981049537100724,0.6495246031738937
The Wednesday Show is tons of fun.,neither,0.05697739531292873,0.26073043769733356,0.6822921669897376
greetings critters!,neither,0.03945320844208391,0.33037608806864915,0.630170703489267
woo florida critters,neither,0.03945320844208391,0.33037608806864915,0.630170703489267
bidet and Beep Beep from Florida,neither,0.03970751448156556,0.25810042716446263,0.7021920583539719
Is it Tuesday yet?,neither,0.04622963414751951,0.32804536453146615,0.6257250013210144
l,neither,0.03945320844208391,0.33037608806864915,0.630170703489267
Welcomes back all long time viewers and subs,neither,0.03890773678613002,0.3605939819683741,0.600498281245496
Bidet from Philly!,neither,0.040769555981420263,0.3080342349327864,0.6511962090857933
coal city Illinois in for duty,neither,0.03544448262283477,0.31034258621070865,0.6542129311664565
What's this Bidet business?,neither,0.04712033692280789,0.3270407015937954,0.6258389614833968
stef <3,neither,0.03945320844208391,0.33037608806864915,0.630170703489267
Bidet from miami,neither,0.04082729608690459,0.3070542346530501,0.6521184692600454
"Chat of Epilepsy confirmed btw.... anyway, HAIL TO ALL ARTISTS, @Sam: upgraded like u upgraded your character? CR -> GL & HF ALL!! :) #topviewedchannel #slowchat #FREEDENISE #BUITKRAT :P",neither,0.058599119525531256,0.38395494409459663,0.5574459363798723
