text,top_class,hate_speech,offensive_language,neither
I was shocked that Keyleth just bailed on Vax. I thought for sure she was gonna go save him. Grog is the man.,neither,0.03319569987139025,0.45706992152294196,0.5097343786056677
#FreeDenise,neither,0.03945320844208391,0.33037608806864915,0.630170703489267
Refresh your browser now,neither,0.0740430483348199,0.32075805928741624,0.6051988923777639
Stalker Cam!,neither,0.03945320844208391,0.33037608806864915,0.630170703489267
The pre-show backstage camera is running,neither,0.05857257199343572,0.25544583032096946,0.6859815976855947
Keyleth don't feel as deeply for Vax,neither,0.03267419628933734,0.3339991102602297,0.633326693450433
"I knew it, denise, I KNEW IT",neither,0.037256246933524945,0.33113172387443623,0.6316120291920387
Vas is more like her practice boy,offensive_language,0.04912546060278111,0.5419952167775522,0.40887932261966664
!826la,neither,0.03945320844208391,0.33037608806864915,0.630170703489267
Support 826LA on behalf of Geek & Sundry! https://twitch.streamlabs.com/geekandsundry,neither,0.05364573468689681,0.3323604297529493,0.6139938355601539
good message from gandsGandSDenise gandsGandSDenise gandsGandSDenise gandsGandSDenise gandsGandSDenise gandsGandSDenise gandsGandSDenise gandsGandSDenise gandsGandSDenise,neither,0.039937702174112154,0.3091165132044594,0.6509457846214286
#FreeBrian,neither,0.03945320844208391,0.33037608806864915,0.630170703489267
Hi all,neither,0.0423466876598404,0.4436528871510691,0.5140004251890904
*giggle. Yay Denise!,neither,0.03945320844208391,0.33037608806864915,0.630170703489267
"Oh, hey! I've never made it to a live TalksMachina before",neither,0.025322592243158252,0.35422885906475904,0.6204485486920827
bidet from WA,neither,0.04071751644889743,0.3089174816120565,0.6503650019390461
@DeniseBRR knew it!,neither,0.037256246933524945,0.33113172387443623,0.6316120291920387
Evening all!,neither,0.041793358651534496,0.4229818652092969,0.5352247761391685
Denise!! Stalker Cam please,neither,0.03945320844208391,0.33037608806864915,0.630170703489267
#RELEASEBRIAN!,neither,0.03945320844208391,0.33037608806864915,0.630170703489267
"Help G&S make great content! $4.99/month gets you emotes, Minecraft server access, Sub Only Q&As, VODs, and more! Every sub keeps the channel alive! twitch.tv/geekandsundry/subscribe",neither,0.043092924924402844,0.32365565443818894,0.6332514206374082
Bidet from MA,neither,0.031816597323666866,0.4599893087150652,0.5081940939612679
Beep Beep from NYC,neither,0.04081748366884477,0.3072207769958956,0.6519617393352596
bidet from seattle,neither,0.040754399270683486,0.3082914838698526,0.650954116859464
<insert monty python joke here>,neither,0.08322431107578714,0.2948990303890972,0.6218766585351156
#freebrian,neither,0.03945320844208391,0.33037608806864915,0.630170703489267
So Brian is the puppet now eh? xD,neither,0.04436987966095577,0.3476910059690065,0.6079391143700377
biday,neither,0.03945320844208391,0.33037608806864915,0.630170703489267
Anyone going to PAX East,neither,0.04450198394071347,0.3542580894285542,0.6012399266307323
"Bidet from San Antonio, Texas.",neither,0.04031505647017286,0.3157482777878597,0.6439366657419674
"Bidet from Jackson, MS, USA",neither,0.04025716074063509,0.31673091941392967,0.6430119198454354
geekandsundry is online. RevloBot is now tracking loyalty.,neither,0.05157974116510514,0.3262052173957376,0.6222150414391574
@denisebrr lol this note,neither,0.030286233003313984,0.39913194972365057,0.5705818172730354
She feels deeply for him. She just knew that he would have wanted her to swim to safety. She had very few hit points felt and she couldn't risk being a weight on the rest of the party if she also got knocked out.,offensive_language,0.02936026657388216,0.536937441219443,0.4337022922066747
steal the hand sanitizer,neither,0.03844938761001187,0.31195727359383935,0.6495933387961489
beep beep from washington,neither,0.04080695066346891,0.3073995495860776,0.6517934997504536
bidet from bremerton,neither,0.04228451509352876,0.2823214250720796,0.6753940598343917
or is it just a trick from Brian to gain our pity?,neither,0.045109707668205046,0.32861910914151193,0.626271183190283
"The in-joke is over my head... why do people use ""bidet"" all of a sudden? Best guess is to make fun of Aussies...",neither,0.028469781149684473,0.4610386316800327,0.5104915871702829
"Bidet from Olathe, Ks.",neither,0.04228451509352876,0.2823214250720796,0.6753940598343917
don't believe Brian's lies,neither,0.03945320844208391,0.33037608806864915,0.630170703489267
"First Talks Machina for me, woo!",neither,0.02481617680424043,0.33875182800147685,0.6364319951942827
LODESTONE!,neither,0.03945320844208391,0.33037608806864915,0.630170703489267
Who is on this week,neither,0.04641613762051184,0.4272984989902929,0.5262853633891953
"also my first live Talks, excited",neither,0.028891391518999415,0.3964628497056377,0.5746457587753628
beepbeep,neither,0.03945320844208391,0.33037608806864915,0.630170703489267
"I NEED TIME, GID TIME",neither,0.03677366816724147,0.3711006922538976,0.5921256395788609
"bidet from buffalo, NY",neither,0.04043211762049359,0.3137614445616591,0.6458064378178473
bidet from orlando,neither,0.04062582848913359,0.31047366557575606,0.6489005059351104
"She could change into an earth elemental, and heal herself with spells while wild shaped, Teph",neither,0.03383662295836917,0.36698049669887334,0.5991828803427575
@SandSeaSentinel it's a grog quote,neither,0.03741779666497315,0.33107615951383096,0.6315060438211959
This is also my first time to see it live.,neither,0.03584080955363668,0.41308542761203565,0.5510737628343277
"@SandSeaSentinel ""bidet"" is something that happened when Grog misheard ""good day""",neither,0.03342146361801474,0.39464191668513177,0.5719366196968535
"@SandSeaSentinel It's a joke Grog made where he misconsrued a greeting somewhere and said ""Bidet"" instead of Good Day",neither,0.04250170850359247,0.27319803322465924,0.6843002582717482
bidet good people of the xhat,neither,0.08898071685460955,0.2994303967449327,0.6115888864004577
lirikN lirikN,neither,0.03945320844208391,0.33037608806864915,0.630170703489267
Bidet from Seattle,neither,0.040754399270683486,0.3082914838698526,0.650954116859464
Sup homies PeoplesChamp,neither,0.03945320844208391,0.33037608806864915,0.630170703489267
bidet from OS Ontario,neither,0.04031924518627951,0.315677184343852,0.6440035704698686
Test,neither,0.03945320844208391,0.33037608806864915,0.630170703489267
bidet all,offensive_language,0.046917543854519406,0.6277741405869331,0.3253083155585475
when will this start?,neither,0.028797175174253273,0.3646969499629071,0.6065058748628397
Bidet,neither,0.03945320844208391,0.33037608806864915,0.630170703489267
Bidet from wisconsin,neither,0.04071751644889743,0.3089174816120565,0.6503650019390461
It's the beloved @ArseQueef !,neither,0.03324079787543189,0.28729122359747633,0.6794679785270917
Beep beep,neither,0.03945320844208391,0.33037608806864915,0.630170703489267
"bidet from Rochester, NY!",neither,0.04084513770590474,0.30675141581570226,0.6524034464783931
Sign my monitor!,neither,0.024786277878258333,0.4492148523904266,0.525998869731315
Thanks for the clarification... I think I missed that one.,neither,0.029264920424965733,0.33431534719350636,0.6364197323815279
ALERT looks like some scammers are whispering folks saying they won a contest with a phishing link... don't click it... NOT OK... If you win something on this stream you'll get contacted from our account directly.,neither,0.04084342501460819,0.3955411727507792,0.5636154022346125
Bidet from Shawnee KS!,neither,0.04228451509352876,0.2823214250720796,0.6753940598343917
@TheFullMetal88m About 20 mintues,neither,0.037108729641730356,0.37016801191275067,0.592723258445519
"bidet from NYC, everyone",neither,0.03423507558593334,0.41894142087909514,0.5468235035349716
who is on the show this week?,neither,0.06293494120907389,0.3098797264128774,0.6271853323780486
bidet!,neither,0.03945320844208391,0.33037608806864915,0.630170703489267
oohohohoooo *** arsequeef!,neither,0.03945320844208391,0.33037608806864915,0.630170703489267
thanks lucas,neither,0.037328737276664754,0.31258604004565615,0.6500852226776791
woo fellow NY!,neither,0.03945320844208391,0.33037608806864915,0.630170703489267
"beep beep from martensville, saskatchewan where winter has come again",neither,0.03935626437364,0.33202148191400005,0.62862225371236
evening all,neither,0.041793358651534496,0.4229818652092969,0.5352247761391685
@Xiroxis Bidet from NYC to you too,neither,0.07105834725183754,0.3624442817679682,0.5664973709801944
texas here,neither,0.11413007609617151,0.2757115459036424,0.610158378000186
Bidet from Portland Pregon,neither,0.04066490145509902,0.30981049537100724,0.6495246031738937
TableHere FlipThis,neither,0.03945320844208391,0.33037608806864915,0.630170703489267
NYC in the Bidet woooo,neither,0.03831934648633288,0.30948966389428223,0.6521909896193848
"@Darkelven00 haha, ;)",neither,0.03186685585600258,0.45913629025701075,0.5089968538869867
"They were all very tired toward the end. Realistically speaking, even in Earth elemental form, had she been swallowed, she wouldn't have been able to do over 50 damage in one turn to get out. Grog fortunately had it covered.",neither,0.041077971441596334,0.421474952452782,0.5374470761056217
Bidet From Arizona,neither,0.04078317879478948,0.307803020237201,0.6514138009680096
poconos PA,neither,0.03945320844208391,0.33037608806864915,0.630170703489267
I like Denis' sign this week :),neither,0.05139056846836036,0.34948279228621765,0.599126639245422
when does this start again?,offensive_language,0.018841497359934376,0.5088486948885764,0.4723098077514891
¡hi!,neither,0.03945320844208391,0.33037608806864915,0.630170703489267
!clock TALKS MACHINA simulcast 7 pm Pacific >>> wheniscriticalrole.com/talksmachina,neither,0.03945320844208391,0.33037608806864915,0.630170703489267
It is currently 6:41 PM at the Geek & Sundry studio in California.,neither,0.0534460154289174,0.3294088346371876,0.617145149933895
how much damage did they do to the kraken?,neither,0.0418643390427758,0.3143168765704102,0.643818784386814
TwitchRPG,neither,0.03945320844208391,0.33037608806864915,0.630170703489267
@Darkelven00 ::waves from my windowless editing bay::,neither,0.030984851478141062,0.3862961690793447,0.5827189794425143
"I'm so close to the studio, yet so far away",neither,0.044197513029051186,0.36047065234874337,0.5953318346222055
@TheLoneOrphan HeyGuys,neither,0.03945320844208391,0.33037608806864915,0.630170703489267
bidet from Florida,neither,0.0408948396164547,0.30590784468201904,0.6531973157015263
nothing,neither,0.03449314208061148,0.4145613589645244,0.550945498954864
"Bidet from College Station, TX!",neither,0.04032017338852271,0.31566143032936994,0.6440183962821073
bidet from Crossett Arkansas,neither,0.04066490145509902,0.30981049537100724,0.6495246031738937
classic denise salLUL,neither,0.03945320844208391,0.33037608806864915,0.630170703489267
Tennessee and its my first live Talks,neither,0.025342765562781346,0.3641581314179946,0.610499103019224
hi,neither,0.03945320844208391,0.33037608806864915,0.630170703489267
bidet from san diego!,neither,0.040446282760733435,0.31352102516371877,0.6460326920755478
"Bidet From Katy/Houston, TX!",neither,0.04030002865569751,0.3160033390189769,0.6436966323253256
Bidet from Canada,neither,0.04071751644889743,0.3089174816120565,0.6503650019390461
"@ArseQueef Are you buying the sign, or is Brian full of lies?",neither,0.09668420814186303,0.30686204778726706,0.59645374407087
"Where in TN, Shogun?",neither,0.041621898082794484,0.29356776503683785,0.6648103368803677
"they did almost no damage to the #kraken, they focused on tenticles that kept grabbing them to eat them",neither,0.05568087911856859,0.3433157582792472,0.6010033626021842
they did minimal damage duty frog got its attention,neither,0.03536378271291801,0.35699521003967893,0.6076410072474031
#WeKnow,neither,0.03945320844208391,0.33037608806864915,0.630170703489267
it is quarter to nine pm here in martensville,neither,0.08500383754725048,0.2983666544695335,0.6166295079832161
grog,neither,0.03945320844208391,0.33037608806864915,0.630170703489267
bidet from British Columbia!,neither,0.04080695066346891,0.3073995495860776,0.6517934997504536
I wonder if Liam is going to let Vax retire,neither,0.025121886601924485,0.40023202851969086,0.5746460848783846
bidet from Dallas Texas,neither,0.040526092357498496,0.3121664480201657,0.6473074596223359
"Tentacles, not Tenticles*",neither,0.03554889144452836,0.3454295093440936,0.619021599211378
"Evening chat, and bidet from Fort Smith, Arkansas. Hope everyone is well.:D",neither,0.060164283302839856,0.2913274459824429,0.6485082707147172
Hello all,neither,0.04217753453783664,0.43734383323855475,0.5204786322236087
Lenoir City,neither,0.03945320844208391,0.33037608806864915,0.630170703489267
you make it sound like elongated Testicles?,neither,0.059247549398470246,0.37726758285887546,0.5634848677426542
"Bidet from Tallahassee, FL lol",neither,0.03246566740127987,0.36968668525904663,0.5978476473396734
And no I don't want vex to retire,neither,0.04452963109431609,0.29850936706886927,0.6569610018368146
when does talking critical start?,neither,0.0218607731270901,0.4713003968889649,0.5068388299839449
K-Town here,neither,0.11621608356273258,0.2745092140964011,0.6092747023408662
Bidet lovely people!,neither,0.0792775150304058,0.3257534606099189,0.5949690243596755
!clock TALKS MACHINA simulcast 7 pm Pacific >>> wheniscriticalrole.com/talksmachina,neither,0.03945320844208391,0.33037608806864915,0.630170703489267
It is currently 6:42 PM at the Geek & Sundry studio in California.,neither,0.051991185132496114,0.32955794337183575,0.6184508714956681
"@cardamonelaw hey, fellow Arkansan!",neither,0.03945320844208391,0.33037608806864915,0.630170703489267
"bidet from Erie, PA",neither,0.04069404815304118,0.30931579984010865,0.6499901520068502
Bidet from Cleveland OH,neither,0.046455772932187056,0.25584610016936143,0.6976981268984516
Probably not but it would be cool to see the aftermath of him not returning,neither,0.037307435842779735,0.3429024278790979,0.6197901362781224
"At this point, I -really- want to see some characters retire, if and when it makes plausible sense. New characters would be awesome, and legacies must be made!",neither,0.028739430324078573,0.3115943719701285,0.6596661977057928
"@Darkelven00 I wouldn't put it past Denise to have orchestrated this whole thing, she is much smarter than all of us",neither,0.06909664247642645,0.423844685410148,0.5070586721134256
Bidet,neither,0.03945320844208391,0.33037608806864915,0.630170703489267
Don't *** it Gil!,neither,0.03604580918936691,0.33154804892000433,0.6324061418906288
I need vex and vox,neither,0.03780795347630221,0.24950305638650566,0.7126889901371922
Bidet from the ATL!,neither,0.03961178605923053,0.2896091899656305,0.670779023975139
haha that sign on the left,neither,0.0297091964738538,0.42494081606659584,0.5453499874595503
Bidet everyone,offensive_language,0.02988896790634741,0.4927062106388782,0.4774048214547744
I don,neither,0.03945320844208391,0.33037608806864915,0.630170703489267
is there no sound?,neither,0.04867934888897202,0.29272015473678714,0.6586004963742408
"WERE ALL GOOD GUYS, GROG DIDNT DIE",neither,0.16979163743693668,0.1875167920294534,0.6426915705336098
Bidget from New York,neither,0.044690599332616286,0.20708884905532376,0.7482205516120599
liam will probably decide during resurection if the team ever gets to that ceremony. It will be a Ravn Queen thing.,neither,0.03141035570863781,0.3553033609220753,0.6132862833692868
wonder who is pulling the strings?,neither,0.045261970627114165,0.3630535748401843,0.5916844545327016
"I want to know why we havent had a Lord Have Mercer in weeks. Denise, get ont hat please, my benevolent overlord?",neither,0.03030700860889401,0.3891962450525646,0.5804967463385414
this is the behind the scenes cam no sound yet,neither,0.042641081723220196,0.3186506622601968,0.638708256016583
ad,neither,0.03945320844208391,0.33037608806864915,0.630170703489267
No sound here either,neither,0.0911984945367422,0.30335630507135164,0.6054452003919061
Denise is always pulling the strings.,neither,0.0436612454460974,0.3590497748005758,0.5972889797533268
grog pissed off the kraken,neither,0.03834448115685941,0.3099683774746285,0.6516871413685121
"This is StalkerCam, StalkerCam has no sound",neither,0.04842243399245367,0.3372817353473371,0.6142958306602093
"It feels like Liam may be itching to follow Sam into doing a new character, but I don't feel like Vax is done yet, too many loose ends.",neither,0.05433630521371911,0.3067943255875757,0.6388693691987052
I've been so behind on episodes NotLikeThis,neither,0.01980007103053543,0.36274767191401736,0.6174522570554472
"@QuestionTheAnswer Well, that is part of why I am glad the whole story is in the final stages. Seeing new characters will be great with these guys",neither,0.037403494508848674,0.3206287073221583,0.6419677981689931
May Denise really shouldn't be freed?,neither,0.04096744819163364,0.31396405889306955,0.6450684929152968
"@nytenerd denise pulls the strings, she always has",neither,0.038643906017352965,0.4153902113867783,0.5459658825958689
"Hi Denise, puppetmaster. Wave or give the peace sign. :)",neither,0.0388244878945956,0.3189586685005347,0.6422168436048699
"Denise, make Brian ask my question",neither,0.030031785591304545,0.4022721576544354,0.56769605675426
i love seeing all of the fellow NY critters out there tonight!,neither,0.03331353103362992,0.33794121942397737,0.6287452495423926
@tephrin They change it every week,neither,0.03800216554736545,0.33087516825858904,0.6311226661940454
Denise is a shadow being that controls the darkness,neither,0.03799388291822348,0.36289191295113576,0.5991142041306408
"@asariel3 if any ep deserves a LHM, it's the last one lol he was so frustrated",neither,0.026190158179457697,0.4259905137922212,0.5478193280283212
"This episode brought to you by Calimari. Come for squid, stay in the Kraken.",neither,0.048116340337193204,0.36999008517136006,0.5818935744914467
Denise is my spirit animal,neither,0.034875889139763326,0.41039121619989083,0.5547328946603459
Houston TX,neither,0.03945320844208391,0.33037608806864915,0.630170703489267
agreed @threepod,neither,0.03945320844208391,0.33037608806864915,0.630170703489267
!clock,neither,0.03945320844208391,0.33037608806864915,0.630170703489267
It is currently 6:44 PM at the Geek & Sundry studio in California.,neither,0.051991185132496114,0.32955794337183575,0.6184508714956681
!clock TALKS MACHINA simulcast 7 pm Pacific >>> wheniscriticalrole.com/talksmachina,neither,0.03945320844208391,0.33037608806864915,0.630170703489267
Bidet from Canada!,neither,0.04071751644889743,0.3089174816120565,0.6503650019390461
gands2YearHype,neither,0.03945320844208391,0.33037608806864915,0.630170703489267
"We're celebrating two years of GnS Live on Twitch all this week! Then starting on Friday, March 10th at 7pm PST with Gather Your Party + Robot Teammate, we'll be streaming for 25-hours straight to celebrate AND raise money for a great charity, 826LA! We’ve got all kinds of surprises including exclusive giveaways, and more. Celebrate our community and our charity all week! 2 YEARS! -There is 3 days 14 minutes 53 seconds until the start of the 25 hours!",neither,0.03891635229960726,0.3253863688585069,0.6356972788418859
NY critters eyyy :D,neither,0.03945320844208391,0.33037608806864915,0.630170703489267
@Shecantdraw eyyyyy,neither,0.03945320844208391,0.33037608806864915,0.630170703489267
Oh wow,neither,0.04699983224225219,0.25967008852857676,0.6933300792291711
I would like to know when Mary and Will are coming back because I miss them,neither,0.06558841044033947,0.2900590846977744,0.6443525048618861
Sound doesn't come up until Talks Machina actually starts. This is like a behind the scene type thing.,neither,0.04599801124207746,0.3687395194576547,0.5852624693002678
2 years,neither,0.03945320844208391,0.33037608806864915,0.630170703489267
gands2YearHype gands2YearHype gands2YearHype,neither,0.03945320844208391,0.33037608806864915,0.630170703489267
eyyyyyy!,neither,0.03945320844208391,0.33037608806864915,0.630170703489267
*waves back*,neither,0.03945320844208391,0.33037608806864915,0.630170703489267
"idk, i feel like it is definitely coming to a close... it seems almost over to me.",neither,0.049643938887322006,0.35675444531480166,0.5936016157978763
@Shecantdraw Eyyy right back atcha fellow NY critter!,neither,0.03877976565486025,0.34352293830642505,0.6176972960387148
I like how he gave that object a binkie,neither,0.055129393648937805,0.3969359695506601,0.547934636800402
!subscribed,neither,0.03945320844208391,0.33037608806864915,0.630170703489267
HeyGuys,neither,0.03945320844208391,0.33037608806864915,0.630170703489267
I JUST SAW DENISE'S HAND OMG,neither,0.03502196183446318,0.35126755908064167,0.6137104790848952
"Thank you Denise, have a great show.",neither,0.07377769541742209,0.2805795568435522,0.6456427477390257
Any VAX hey,neither,0.03945320844208391,0.33037608806864915,0.630170703489267
I am from NY,neither,0.040425935692244556,0.31011867289137574,0.6494553914163798
"if Vax goes, then Vex will go dark which will in turn make Percy go darker & Keyleth will already feel guilty and question everything depending on if she actually completed her aramente",neither,0.02604141500959363,0.4408302446678987,0.5331283403225078
more archaic hand signals! WHAT DO THEY MEAN???,neither,0.04843783737805198,0.3165097435891975,0.6350524190327507
Hi Denise. Happy Tuesday to ya.,offensive_language,0.0315333137259559,0.5389185187702455,0.42954816750379865
gandsSubHype,neither,0.03945320844208391,0.33037608806864915,0.630170703489267
this is my first time ever watching Talks!,neither,0.02955098953889816,0.4151252109661131,0.5553237994949888
Awesome! @postdataest,neither,0.03945320844208391,0.33037608806864915,0.630170703489267
I love the Denise messages :D,neither,0.03522969192619734,0.3269397222613407,0.637830585812462
Bidet Mis Amigos!!,neither,0.03945320844208391,0.33037608806864915,0.630170703489267
"@Darkelven00, @XiroxisTheBeard <3",neither,0.03945320844208391,0.33037608806864915,0.630170703489267
you are now blessed and cursed for 100 years @The_bw_trekkie,neither,0.06246932302787404,0.2777940890916141,0.6597365878805118
we love you Denise have a good show,neither,0.07741561520760383,0.3228778656703323,0.5997065191220639
We have a subscriber-only Discord server! Join here: https://t.co/Of0oLClO2v (you'll need to sub and link it to your Twitch) and be a part of the fun!,neither,0.09547053438395335,0.28230926502643855,0.6222202005896081
Bidet,neither,0.03945320844208391,0.33037608806864915,0.630170703489267
tackle hugs @geekstronaut,neither,0.03945320844208391,0.33037608806864915,0.630170703489267
Bidet!,neither,0.03945320844208391,0.33037608806864915,0.630170703489267
"wait, I just realized..is Denise..Cthulu???",neither,0.04260514103836727,0.34963018074659136,0.6077646782150414
@Shecantdraw ::waves::,neither,0.03945320844208391,0.33037608806864915,0.630170703489267
#Blessed #NotBlessed,neither,0.03945320844208391,0.33037608806864915,0.630170703489267
"Bidet from Minnesota, all you great critters.",neither,0.05671116824247602,0.4012375783644499,0.542051253393074
Denise is the besttt,neither,0.06634763790238427,0.27637293114625994,0.6572794309513558
that,neither,0.026110925149043836,0.4791292047641166,0.4947598700868395
can we invent a religion around Denise like we did Jerry in the Penny Arcade streams?,neither,0.043579533339085236,0.3299621910990212,0.6264582755618936
Bidet from aus,neither,0.04228451509352876,0.2823214250720796,0.6753940598343917
#FreeDenise,neither,0.03945320844208391,0.33037608806864915,0.630170703489267
@threepod she really is,offensive_language,0.05850876120051612,0.4810821596454099,0.460409079154074
brian is a puppet,neither,0.04680936299740092,0.3278459691961762,0.6253446678064228
I think we already have @The_bw_trekkie,neither,0.03796163353233256,0.35569200698745007,0.6063463594802174
"Help G&S make great content! $4.99/month gets you emotes, Minecraft server access, Sub Only Q&As, VODs, and more! Every sub keeps the channel alive! twitch.tv/geekandsundry/subscribe",neither,0.043092924924402844,0.32365565443818894,0.6332514206374082
That Denise sign tho,neither,0.030733208817332252,0.38972611391514717,0.5795406772675206
Bidet from Philly!,neither,0.040769555981420263,0.3080342349327864,0.6511962090857933
please dont bite my head off but who is this Denise?,neither,0.032860123224646084,0.46631306131083544,0.5008268154645186
Save Denise,neither,0.03945320844208391,0.33037608806864915,0.630170703489267
"is that a bottle of ""lotion"" or hand sanitizer in the bottom left?",neither,0.041245909317422336,0.34433104267345155,0.6144230480091262
Don't forget guys that Gil Ramirez is tonight's special guest!,neither,0.06287758146439515,0.32840832353817,0.6087140949974348
hey guys go to https://www.facebook.com/groups/535000653368381/ for the chance to win some cool stuff in our next give away!,neither,0.031965896772553265,0.32956891039861225,0.6384651928288344
FREE BRIAN,neither,0.03945320844208391,0.33037608806864915,0.630170703489267
Denise saves and takes NO damage,neither,0.038223399869095766,0.31025084968384536,0.651525750447059
#FreeBrian,neither,0.03945320844208391,0.33037608806864915,0.630170703489267
We should start a potion to free her,offensive_language,0.04828623310789187,0.6139826027861075,0.33773116410600057
Bidet from Minnesota,neither,0.04071751644889743,0.3089174816120565,0.6503650019390461
Denisism?,neither,0.03945320844208391,0.33037608806864915,0.630170703489267
