text,top_class,hate_speech,offensive_language,neither
Bidet from Alabama,neither,0.04078317879478948,0.307803020237201,0.6514138009680096
Is the channel not live yet?,neither,0.048862392408038115,0.31672229075675457,0.6344153168352074
Theres a discord?!?!,neither,0.03945320844208391,0.33037608806864915,0.630170703489267
bidet from cagary ab!,neither,0.04071751644889743,0.3089174816120565,0.6503650019390461
yes his death DC is 10,neither,0.06975201442015341,0.328781081131155,0.6014669044486914
Lootcrate!!!!!!,neither,0.03945320844208391,0.33037608806864915,0.630170703489267
yayyy,neither,0.03945320844208391,0.33037608806864915,0.630170703489267
CMon i need my dose,neither,0.030143655844764115,0.39885037211514085,0.571005972040095
Bidet from Orlando!,neither,0.04062582848913359,0.31047366557575606,0.6489005059351104
Does anyone have video playing?,neither,0.03032962233576697,0.38145842904114907,0.588211948623084
Bidet from Kansas City,neither,0.04050054910234117,0.3125999837227694,0.6468994671748894
!wallet,neither,0.03945320844208391,0.33037608806864915,0.630170703489267
YAASSSS,neither,0.03945320844208391,0.33037608806864915,0.630170703489267
tyranosaurus_crassus has 3591 coins,neither,0.03989735448983053,0.32283777050957063,0.6372648750005988
I can't wait for the channel to go live!!!!,neither,0.04380587507160363,0.28949749517976386,0.6666966297486325
is the channel offline atm? or am i just drunk?,neither,0.04072678752061692,0.3318343483063166,0.6274388641730665
Bidet from Minnesota!,neither,0.04071751644889743,0.3089174816120565,0.6503650019390461
9 minutes left!,neither,0.03945320844208391,0.33037608806864915,0.630170703489267
oh lol literally just went live,neither,0.03643336908972677,0.35268862382995536,0.6108780070803179
oooh :D,neither,0.03945320844208391,0.33037608806864915,0.630170703489267
Bidet from PA,neither,0.04069404815304118,0.30931579984010865,0.6499901520068502
bidet from alabama,neither,0.04078317879478948,0.307803020237201,0.6514138009680096
All dat fan art!,neither,0.04117349375331732,0.3995865489506444,0.5592399572960384
Bidet from Portland Oregon,neither,0.040371808140217125,0.31478505383715205,0.6448431380226308
live!,neither,0.04891340716200846,0.3271222919257548,0.6239643009122369
Fan Art Lives,neither,0.03945320844208391,0.33037608806864915,0.630170703489267
ayyyy,neither,0.03945320844208391,0.33037608806864915,0.630170703489267
HYPE!,neither,0.03945320844208391,0.33037608806864915,0.630170703489267
I am from KCMO.,neither,0.04092242090983727,0.2997063323249504,0.6593712467652123
"Bidet from Winnipeg, Manitoba!",neither,0.04228451509352876,0.2823214250720796,0.6753940598343917
WE ARE LIVE,neither,0.09345453297057991,0.26409048349293845,0.6424549835364816
and so it begins,neither,0.03702075117330028,0.3334064572415291,0.6295727915851705
Beep Beep from Seattle!,neither,0.040754399270683486,0.3082914838698526,0.650954116859464
"Bidet to all from Long Island, New York!",neither,0.05089820030063918,0.2912198824404826,0.6578819172588782
gandsSubHype gandsSubHype gandsSubHype gandsSubHype,neither,0.03945320844208391,0.33037608806864915,0.630170703489267
!discord @TheAsthmaticPigeon,neither,0.03945320844208391,0.33037608806864915,0.630170703489267
We have a subscriber-only Discord server! Join here: https://t.co/Of0oLClO2v (you'll need to sub and link it to your Twitch) and be a part of the fun!,neither,0.09547053438395335,0.28230926502643855,0.6222202005896081
!wallet,neither,0.03945320844208391,0.33037608806864915,0.630170703489267
baal4710 has 4804 coins,neither,0.03989735448983053,0.32283777050957063,0.6372648750005988
just refresh,neither,0.03446215123834754,0.35403638765649625,0.6115014611051561
here we go,neither,0.13156755280784707,0.2765461283225309,0.5918863188696221
yes it starts 7 pac time,neither,0.03737185269100548,0.34674733892275444,0.61588080838624
fanart started refresh!!!!!!!!,neither,0.03945320844208391,0.33037608806864915,0.630170703489267
helllooo from CT,neither,0.04066490145509902,0.30981049537100724,0.6495246031738937
that startled me... cripes,neither,0.028324138354121082,0.4144938208298535,0.5571820408160253
bidet from the uk gandsSubHype gandsSubHype gandsSubHype,neither,0.039613273355342184,0.2892653269430044,0.6711213997016535
"Bidet from Newfoundland, Canada",neither,0.04071751644889743,0.3089174816120565,0.6503650019390461
@blackwolf7981 the question is were ytou MO or KS ? lol bidet either way,neither,0.03861285760612811,0.34060178034963645,0.6207853620442354
"Bidet from Edmonton, Alberta",neither,0.04062582848913359,0.31047366557575606,0.6489005059351104
WOULD LIKE TO WISH GNS A HAPPY 2ND ANNIVERSARY!! gands2YearHype gandsLessthanthree gandsSubHype,neither,0.05249143690124701,0.3344602372287474,0.6130483258700056
bidet from tampa,neither,0.04069404815304118,0.30931579984010865,0.6499901520068502
"10 minute warning, visit the restroom, grab snacks and drinks. It's almost time to pick up where we left off last week. What will happen? Grab a seat and settle in, it",neither,0.042850662915075985,0.2745416729296292,0.6826076641552948
Yes yes yes !,neither,0.03945320844208391,0.33037608806864915,0.630170703489267
!discord,neither,0.03945320844208391,0.33037608806864915,0.630170703489267
okay who else has chewed all their fingernails down while waiting to learn the fate of our beloved rogue/paladin,neither,0.043661178998130906,0.3835784184769207,0.5727604025249484
Oh crap,neither,0.045908644929896054,0.2694026408968615,0.6846887141732424
Vax just rolled to high that we think hes dead,neither,0.035750659521966516,0.4223407364488974,0.541908604029136
TGIFT,neither,0.03945320844208391,0.33037608806864915,0.630170703489267
So excited for today! Hoping Twitch won't be stupid for me today,neither,0.058644728900316634,0.26116260448046014,0.6801926666192233
Bidet Critters,neither,0.03945320844208391,0.33037608806864915,0.630170703489267
Moved out to Colorado.,neither,0.04107303172506283,0.3413823532482862,0.6175446150266509
Bidet from Oregon!,neither,0.04071751644889743,0.3089174816120565,0.6503650019390461
"its live, FanArt away",neither,0.03864252902368105,0.30273126841029124,0.6586262025660278
oh man that kraken art was rad,neither,0.040326256549819854,0.37402073441917744,0.5856530090310026
bidit form kansas city,neither,0.03945320844208391,0.33037608806864915,0.630170703489267
Beep beep from England <3,neither,0.04071751644889743,0.3089174816120565,0.6503650019390461
On Time!!!,neither,0.03183588227459649,0.3959563629735933,0.5722077547518102
Yea or Na for new character!!!!,neither,0.0371345190908747,0.24117093820839666,0.7216945427007286
bidet,neither,0.03945320844208391,0.33037608806864915,0.630170703489267
We're going to see if vax'ildan is vax'ildead,neither,0.048117873848423476,0.3834750999246156,0.5684070262269608
So many Canadians in the chat tonight!,neither,0.03611287782660047,0.3338236919483072,0.6300634302250924
bidet!,neither,0.03945320844208391,0.33037608806864915,0.630170703489267
Who thinks Vax is dead for good?,neither,0.04034656050753789,0.3558695018388874,0.6037839376535747
Greetings from Latvia!,neither,0.04228451509352876,0.2823214250720796,0.6753940598343917
Awwwww snap,neither,0.03945320844208391,0.33037608806864915,0.630170703489267
gandsSCANLAN,neither,0.03945320844208391,0.33037608806864915,0.630170703489267
I R Babboon,neither,0.03945320844208391,0.33037608806864915,0.630170703489267
"Bidet from Oregon, too!",neither,0.04032213361076293,0.3156281602421811,0.644049706147056
Bidet from Phoenix AZ!,neither,0.04039617012658628,0.31437156734874944,0.6452322625246643
Fan Art is LIVE,neither,0.05205152429276789,0.32604294954423474,0.6219055261629973
!826la,neither,0.03945320844208391,0.33037608806864915,0.630170703489267
he is dead????,neither,0.06263216198195753,0.3224037830614061,0.6149640549566364
Support 826LA on behalf of Geek & Sundry! https://twitch.streamlabs.com/geekandsundry,neither,0.05364573468689681,0.3323604297529493,0.6139938355601539
bidet from 7m from the studio,neither,0.04053026844286226,0.2814858574900922,0.6779838740670454
Bidet from Kansas!,neither,0.04071751644889743,0.3089174816120565,0.6503650019390461
Kansas!,neither,0.03945320844208391,0.33037608806864915,0.630170703489267
@GaeaCa are we going to have ashley tonight?,neither,0.062445444952493254,0.3032193512605574,0.6343352037869493
BIDET!!!!,neither,0.03945320844208391,0.33037608806864915,0.630170703489267
"bidet from gothenburg, sweden!",neither,0.04228451509352876,0.2823214250720796,0.6753940598343917
Oh god I'd forgotten about that,neither,0.03883329124076679,0.35455503887201917,0.606611669887214
"It blows my mind to think about all the humans out there who are watching and participating in this thing I love. Like all of the people watching have lives, and people they love and we all live in different countries and it just super blows my mind.",neither,0.053319494179303394,0.39811085791044654,0.5485696479102501
Bidet from Viscan,neither,0.04228451509352876,0.2823214250720796,0.6753940598343917
hola.,neither,0.03945320844208391,0.33037608806864915,0.630170703489267
time to see if vax comes back,neither,0.026160354379466448,0.40050879522109567,0.5733308503994379
#Table Top,neither,0.03945320844208391,0.33037608806864915,0.630170703489267
Bidet World!,neither,0.03945320844208391,0.33037608806864915,0.630170703489267
still offline,neither,0.03727668703704674,0.36731733658035887,0.5954059763825943
bidet from Michigan,neither,0.040769555981420263,0.3080342349327864,0.6511962090857933
yay,neither,0.03945320844208391,0.33037608806864915,0.630170703489267
"@Giobane, I don't know",neither,0.03945320844208391,0.33037608806864915,0.630170703489267
odds on liam not being at the table at start?,neither,0.03304698240469031,0.37475365833355345,0.5921993592617563
Bidet!!,neither,0.03945320844208391,0.33037608806864915,0.630170703489267
"Bidet from Australia, skipping a lecture for this!",neither,0.036033567679158496,0.2999330005721825,0.664033431748659
only a few more weeks till Blindspot stops filming and then we get Pike back gandsAJinSpace gandsAJinSpace,neither,0.03966608954896377,0.3062002858196223,0.654133624631414
bidet from San Diego!,neither,0.040446282760733435,0.31352102516371877,0.6460326920755478
Brooklyn here,neither,0.10451085942188715,0.28138818202638227,0.6141009585517305
"I love Vax, but if he dies, I'm good wit it",offensive_language,0.025357795317848184,0.5553561491323621,0.4192860555497898
SCOTLAND!!!!!,neither,0.03945320844208391,0.33037608806864915,0.630170703489267
refresh,neither,0.03945320844208391,0.33037608806864915,0.630170703489267
Woo sub,neither,0.03945320844208391,0.33037608806864915,0.630170703489267
no way Vax is dead for good. This is his first death,neither,0.05747633018851696,0.31921327572331964,0.6233103940881636
refresh,neither,0.03945320844208391,0.33037608806864915,0.630170703489267
"Bidet from Moncton, Canada",neither,0.04071751644889743,0.3089174816120565,0.6503650019390461
How many dicks can I fit in my ass?,offensive_language,0.07863297690700174,0.9081608996743599,0.013206123418638289
"there's a non sub chat room, if you non subs what to jump in and talk to each other",neither,0.03525558057889843,0.3333743372194114,0.6313700822016902
I wouldn't be surprised if he decided to stay dead btw,neither,0.03433310187514894,0.3637423817153058,0.6019245164095453
bidet guys! let's get this revival going,neither,0.02192658108546301,0.4076480571227551,0.5704253617917819
"@KivPlaysGames He's got a crazy easy roll, especially if he gets any support, so not likely he will die unless a 1 is rolled.",neither,0.09679425552553729,0.3322635079034917,0.5709422365709711
its up,neither,0.02540825348022648,0.4347329232452923,0.5398588232744811
"Bidet from Cedar City, Utah!",neither,0.04046999571874058,0.31311855438044855,0.646411449900811
Bidet from Manchester,neither,0.04066490145509902,0.30981049537100724,0.6495246031738937
bidet from England,neither,0.04071751644889743,0.3089174816120565,0.6503650019390461
its no more offline for me just refresh,neither,0.023403494465262787,0.3585920761666162,0.618004429368121
Bidet from Kent,neither,0.04228451509352876,0.2823214250720796,0.6753940598343917
how is everybody doing,neither,0.04956495391330425,0.3268981951209153,0.6235368509657805
Bidet from Michigan,neither,0.040769555981420263,0.3080342349327864,0.6511962090857933
Is there suppose to be sound?,neither,0.055740274493262014,0.28585621729829236,0.6584035082084457
"Hot, Greasy, smell like chicken, and ready to watch some critrole. Bidet from N.C.",neither,0.04977274535736146,0.30432855076487175,0.6458987038777668
They not offline they running pics,neither,0.03823168282190661,0.33496083025205786,0.6268074869260354
Beep Beep!,neither,0.03945320844208391,0.33037608806864915,0.630170703489267
RIP VAX gandsAJinSpace,neither,0.03945320844208391,0.33037608806864915,0.630170703489267
How do you subscribe?,neither,0.0824649383281045,0.4279081808958506,0.489626880776045
ayyye Michigan,neither,0.03945320844208391,0.33037608806864915,0.630170703489267
Bidet from Iowa,neither,0.04069404815304118,0.30931579984010865,0.6499901520068502
Bidet from Wisconsin,neither,0.04071751644889743,0.3089174816120565,0.6503650019390461
GR MI represented!!,neither,0.03945320844208391,0.33037608806864915,0.630170703489267
Goal $1500 during this session for !826la or #critter pride,neither,0.03539308065326346,0.3113957662025099,0.6532111531442266
hi,neither,0.03945320844208391,0.33037608806864915,0.630170703489267
wish I could draw like that,neither,0.04543506035710618,0.38562337711139294,0.568941562531501
The stream is bread!,neither,0.04674359520271046,0.3051343975725523,0.6481220072247373
im seeing alot of people form the KC metro here! thats cool,neither,0.07873602146726634,0.3167787172109663,0.6044852613217674
waves,neither,0.03945320844208391,0.33037608806864915,0.630170703489267
Bidet all!,offensive_language,0.046917543854519406,0.6277741405869331,0.3253083155585475
"Bidet, I have only just finished watching last week's episode",neither,0.03599379871474436,0.3510207368406743,0.6129854644445814
Bidet from GA,neither,0.040737273169946825,0.30858215849491494,0.6506805683351382
WOOOO! IT'S STARTING!!!!,neither,0.037399315187144885,0.3310825161415354,0.6315181686713197
"Reading the message from Matt on reddit, and just, he's the best",neither,0.03664179381108508,0.290938624183202,0.672419582005713
"Streams up, whiskeys in, calzones delivered, its Thursday lads",neither,0.03421590316989183,0.3634600336715565,0.6023240631585517
I would be really interested to see where Keyleth would head if Vax stays dead after her final task. also very interested in what Liam might produce,neither,0.03286802280472156,0.41785329974817287,0.5492786774471056
holy dang fam,neither,0.03945320844208391,0.33037608806864915,0.630170703489267
"according to what was said on TalksMachina, the only one who hasn't been DEAD dead is Keyleth. (didn't see who asked if Vax had died before",neither,0.0296368254963708,0.458566165569564,0.5117970089340651
Bidet from Maine!,neither,0.04069404815304118,0.30931579984010865,0.6499901520068502
Bidet from California,neither,0.06971251856910227,0.2972619859879888,0.633025495442909
Maybe Ashley is in the box.,neither,0.04538675170190135,0.3147059828262904,0.6399072654718082
bidet from MN,neither,0.040737273169946825,0.30858215849491494,0.6506805683351382
THIS WEEK'S OFFICIAL FAN ART GALLERY: http://geekandsundry.com/critical-role-fan-art-gallery-the-turning-tides/,neither,0.037907789614651966,0.2869737954859849,0.6751184148993632
I MISS SCANLAN SO MUCH,neither,0.026984892595365618,0.3947035878016585,0.5783115196029758
"Vax is dead, Fact ... will he come back? up to the dice, and Liam",neither,0.049120955697127246,0.3227193027521448,0.628159741550728
Checking in from San Diego,neither,0.04025497190389725,0.3167680696857793,0.6429769584103234
Hello!,neither,0.03945320844208391,0.33037608806864915,0.630170703489267
There is a discord for Geek and Sundry,neither,0.04072600329032224,0.23417007250368646,0.7251039242059912
beep beep from boston,neither,0.040769555981420263,0.3080342349327864,0.6511962090857933
"Bidet from Midland, MI",neither,0.04081748366884477,0.3072207769958956,0.6519617393352596
bidet !,neither,0.03945320844208391,0.33037608806864915,0.630170703489267
anyone going 2 paxeast tomorrow,neither,0.03767374260045936,0.36057826743679955,0.601747989962741
@Serinthian Depends on how many you take out of your mouth,neither,0.07103221941225292,0.3836320837540221,0.5453356968337251
Eyy,neither,0.03945320844208391,0.33037608806864915,0.630170703489267
Vax is really hotis. He is in on it with the kraken,neither,0.04284798867170351,0.35897268590640563,0.5981793254218909
Bidet from NJ,neither,0.04069404815304118,0.30931579984010865,0.6499901520068502
now sush everyone i want to listen,neither,0.03976576046583059,0.42524847553704426,0.5349857639971252
Bidet from St. Louis!!!,neither,0.040470992782370326,0.313101631608523,0.6464273756091067
xD,neither,0.03945320844208391,0.33037608806864915,0.630170703489267
FeelsAmazingMan,neither,0.03945320844208391,0.33037608806864915,0.630170703489267
Here's to the Critical Role community and GeekandSundry BloodTrail,neither,0.07799743247700323,0.2611582245970591,0.6608443429259377
Bidet from Virginia,neither,0.04079557052152802,0.30759270029461827,0.6516117291838538
"Blindspot is pretty good, i just started watching it",neither,0.04017178383416236,0.34746452421906665,0.6123636919467711
"more than Vax dying, I'm interested in how Keyleth handles the trauma",neither,0.03977557578763774,0.31805709422676565,0.6421673299855964
Bidet!,neither,0.03945320844208391,0.33037608806864915,0.630170703489267
UK Critters represent,neither,0.03945320844208391,0.33037608806864915,0.630170703489267
"It would be poetic and perfect for him to be dead, but this is a game and he's gonna be back",neither,0.042902389407525394,0.2810883621351102,0.6760092484573644
Beep beep,neither,0.03945320844208391,0.33037608806864915,0.630170703489267
Bidet from Singapore!,neither,0.04228451509352876,0.2823214250720796,0.6753940598343917
That raven queen is mysterious though; it might be harder to pull him away,neither,0.045734905602114496,0.3405689204226065,0.613696173975279
Bidet from MO!,neither,0.040912083971464244,0.30561516297332675,0.653472753055209
Bidet from DeKalb,neither,0.04062582848913359,0.31047366557575606,0.6489005059351104
bidet all,offensive_language,0.046917543854519406,0.6277741405869331,0.3253083155585475
Bidet from Canada,neither,0.04071751644889743,0.3089174816120565,0.6503650019390461
"Hey first show live, Im stoked!",neither,0.0473220724955397,0.29790183581473645,0.6547760916897238
First live show! I'm so excited. I hope Vax pulls through. Idk if I could handle the loss of Scanlan and Vax back to back,neither,0.051298153389370084,0.25964262238336944,0.6890592242272604
Crit art!!,neither,0.03945320844208391,0.33037608806864915,0.630170703489267
this song FeelsAmazingMan,neither,0.03854389284817469,0.34580954682188375,0.6156465603299416
lets stay positive this run,neither,0.03872289628237065,0.34277139138184126,0.618505712335788
Bidet from Winnipeg!,neither,0.04228451509352876,0.2823214250720796,0.6753940598343917
Bidet fromTexas,neither,0.03945320844208391,0.33037608806864915,0.630170703489267
"Bidet from Portland, OR! Also, WHO ELSE IS EXCITED FOR TONIGHT?!",neither,0.03938416709627055,0.32143713942517466,0.6391786934785547
bleedPurple bleedPurple OhMyDog,neither,0.03945320844208391,0.33037608806864915,0.630170703489267
Bidet from ME!,neither,0.02714513780008315,0.3752517439437372,0.5976031182561796
!826la EVERYONE DONATE WHAT U CAN FOR GOOD VIBES TO SAVE VAX,neither,0.038632442015833164,0.3697021927265977,0.5916653652575692
Bidet!,neither,0.03945320844208391,0.33037608806864915,0.630170703489267
Bidet from Sao Paulo,neither,0.04228451509352876,0.2823214250720796,0.6753940598343917
Support 826LA on behalf of Geek & Sundry! https://twitch.streamlabs.com/geekandsundry,neither,0.05364573468689681,0.3323604297529493,0.6139938355601539
Bidet from Montreal!,neither,0.04062582848913359,0.31047366557575606,0.6489005059351104
pike on tonight please!!!,neither,0.03286514123825187,0.3199453679071534,0.6471894908545947
bidet,neither,0.03945320844208391,0.33037608806864915,0.630170703489267
Bidet from Minnesota! gandsLessthanthree gandsLessthanthree gandsLessthanthree gandsSubHype gandsSubHype gandsSubHype,neither,0.04071751644889743,0.3089174816120565,0.6503650019390461
Bidet from Oxford!,neither,0.04228451509352876,0.2823214250720796,0.6753940598343917
FROM MATT - https://www.reddit.com/r/criticalrole/comments/5xda79/no_spoilers_welcome_and_let_us_all_discuss/,neither,0.040138418597475974,0.31874628347563927,0.6411152979268848
bidet from kcmo,neither,0.04228451509352876,0.2823214250720796,0.6753940598343917
@soju bidet from san diego as well!,neither,0.03866562476197499,0.3437434385497136,0.6175909366883116
Are we ready,neither,0.07908673698512764,0.27009607785299217,0.6508171851618801
Bidet from cali\,neither,0.04079557052152802,0.30759270029461827,0.6516117291838538
that kiki art O_O,neither,0.0344593389074749,0.38495653232369687,0.5805841287688283
didn't finish last episode in time. What did I miss? Did Vax die or something?,neither,0.07942368581532204,0.25342692812782813,0.6671493860568499
"Bidet from Oklahoma, Critters",neither,0.04066490145509902,0.30981049537100724,0.6495246031738937
bidet,neither,0.03945320844208391,0.33037608806864915,0.630170703489267
"vax wont get ressed, sorry guys",neither,0.038818707579062486,0.34114522362942173,0.6200360687915157
Bidet from Vancouver Canada,neither,0.04071751644889743,0.3089174816120565,0.6503650019390461
I AM!,neither,0.03902346103501681,0.3305238979082658,0.6304526410567174
bidet from Critical Vapors in Vancouver Washington!,neither,0.040419823882947695,0.3139701013719113,0.645610074745141
Bidet,neither,0.03945320844208391,0.33037608806864915,0.630170703489267
beep beep,neither,0.03945320844208391,0.33037608806864915,0.630170703489267
alpha isnt working on my end :(,neither,0.029465793382560865,0.40219862971596637,0.5683355769014727
Beep beep!,neither,0.03945320844208391,0.33037608806864915,0.630170703489267
bidet,neither,0.03945320844208391,0.33037608806864915,0.630170703489267
Welcomes back all long time viewers and subs! <3,neither,0.03890773678613002,0.3605939819683741,0.600498281245496
"Bidet from Medford, Oregon",neither,0.04071751644889743,0.3089174816120565,0.6503650019390461
bidet from the other side!,neither,0.03327491114233562,0.33419674581016506,0.6325283430474993
g'evening from denmark,neither,0.04071751644889743,0.3089174816120565,0.6503650019390461
Bidet from Pennsylvania,neither,0.04069404815304118,0.30931579984010865,0.6499901520068502
"Bidet from Nashville, TN Critters!",neither,0.04041510871920598,0.31405013000620496,0.645534761274589
"Whatever happens tonight, I support Liam and Matt.",neither,0.07273398144161602,0.28266677234869325,0.6445992462096908
And since my own Pathfinder character is unconscious in a back alley somewhere for at least another week... I REALLY hope everyone ends up okay,neither,0.07384633782031451,0.3263765453629281,0.5997771168167574
bidet and meep meep to all,neither,0.059531984186261905,0.38227787446566575,0.5581901413480722
Critter art makes me so happy!! So many talented people! gandsSubHype,neither,0.05077919872578482,0.4126815668242803,0.5365392344499349
Okie critter represent!,neither,0.03945320844208391,0.33037608806864915,0.630170703489267
Alpha never works,neither,0.03577592989694228,0.36777094334158345,0.5964531267614743
ioy from south holland illinois,neither,0.04044695603955711,0.31350959786496335,0.6460434460954796
I would be really interested to see how the crew would react to Vax not being broguht back,neither,0.042040160295512906,0.3312597919232052,0.626700047781282
@Silverslugger3 rep brother! KC is the place to be,neither,0.05249545529469768,0.2801910838680185,0.6673134608372839
Hello fellow montreal buddy!,neither,0.03945320844208391,0.33037608806864915,0.630170703489267
Welcomes all new viewers and subs! <3,neither,0.042998289747962826,0.2771746474816854,0.6798270627703518
"The Dalles, OR",neither,0.03755219308089742,0.2943885172874747,0.668059289631628
bidet everyone,offensive_language,0.02988896790634741,0.4927062106388782,0.4774048214547744
"@apolloplaysgame Yes, Vax died but Keyleth managed to planeshift out with him and Vex",neither,0.028136843353043197,0.349129394558717,0.6227337620882397
"@MierDv I'm 4""8 I can probably fit roughly and I mean ROUGHLY 5 in my mouth. My *** is gaping.",neither,0.028746147657348623,0.4169634703281407,0.5542903820145108
is ther supposed to be no sound?,neither,0.055464688479031216,0.3409517071539864,0.6035836043669823
gandsTrinket gandsTrinket gandsTrinket gandsTrinket,neither,0.03945320844208391,0.33037608806864915,0.630170703489267
bidet from PA,neither,0.04069404815304118,0.30931579984010865,0.6499901520068502
No,neither,0.036918905254960256,0.37338982715841207,0.5896912675866277
First time live watcher! The anxiety is too real for this,neither,0.03141958079142236,0.39660883068812797,0.5719715885204497
Can I get the subscribers only discord link again,neither,0.03681947083425941,0.3476169987510056,0.6155635304147351
I hope he comes back and decides that Gilmore really is his true love ;),neither,0.09260193530732021,0.2603690019498078,0.6470290627428721
bidet from Houston,neither,0.040875471929787875,0.3062365648703896,0.6528879631998226
bidet from keele,neither,0.04228451509352876,0.2823214250720796,0.6753940598343917
Beep beep from Canada,neither,0.04071751644889743,0.3089174816120565,0.6503650019390461
Bidet from South Florida,neither,0.04054179852467158,0.3118998733734083,0.6475583281019202
Bidet from KCMO,neither,0.04228451509352876,0.2823214250720796,0.6753940598343917
Reminds chat we go into sub only for live CR,neither,0.03886495113197387,0.3155765160425994,0.6455585328254267
i have sound,neither,0.038638666327036664,0.3442009935465256,0.6171603401264376
Bidet,neither,0.03945320844208391,0.33037608806864915,0.630170703489267
can't wait for this episode!!,neither,0.03375626238296443,0.29817383306059303,0.6680699045564427
Storming here... might miss some of the episode... :(,neither,0.055515377472932906,0.30146502895868216,0.6430195935683849
channel is offline,neither,0.05026584871334308,0.3266571252592286,0.6230770260274283
i have sound,neither,0.038638666327036664,0.3442009935465256,0.6171603401264376
Okie Critters Represent!!,neither,0.03945320844208391,0.33037608806864915,0.630170703489267
"@desnathou There's definitely sound, try refreshing.",neither,0.03938093509580044,0.29014114354919374,0.6704779213550058
So scared for Vax. He really is the leader of this group. BibleThump,neither,0.04342459711834661,0.32570666531393305,0.6308687375677203
Bidet from Chicago,neither,0.04078317879478948,0.307803020237201,0.6514138009680096
Bidet from KCMO,neither,0.04228451509352876,0.2823214250720796,0.6753940598343917
hey @Impossiblegirl11 :),neither,0.03945320844208391,0.33037608806864915,0.630170703489267
"there is both video and sound right now, just refresh your page",neither,0.062275993702421595,0.2430033988094068,0.6947206074881717
Bidet from Ontario,neither,0.04062582848913359,0.31047366557575606,0.6489005059351104
Evening from Spokane Washington USA,neither,0.04026040410442931,0.3166758710658366,0.6430637248297341
Beep Beep!,neither,0.03945320844208391,0.33037608806864915,0.630170703489267
@desnathou There's sound.,neither,0.03936837301610671,0.2705887860544613,0.6900428409294321
what would Fatty Arbuckle do in this situaion,neither,0.04507527963236906,0.3230601039436305,0.6318646164240005
Beep Beep from Buffalo NY BTW. Good ol 716 right here.,neither,0.06595545902469856,0.3073678628404189,0.6266766781348826
"Beep Beep and Bidet from Nashville, TN",neither,0.039618715792848265,0.27971990106412287,0.6806613831430289
Bidet from Illinois,neither,0.04069404815304118,0.30931579984010865,0.6499901520068502
There is music,neither,0.05125166930623616,0.2693449058785665,0.6794034248151973
BOOM! just finished last episode lol,neither,0.030988166540455123,0.38471884020198954,0.5842929932575555
my first tme watching live!,neither,0.025290553505278836,0.42313682699418564,0.5515726195005356
refresh your browswer if you have no sound,neither,0.05623072265244393,0.43286720981934806,0.5109020675282081
hai friends!,neither,0.03945320844208391,0.33037608806864915,0.630170703489267
bidet for Ohio,neither,0.03230642378606592,0.2947176413993014,0.6729759348146326
hello everyone,neither,0.03269494828970791,0.4450814005079928,0.5222236512022994
Vax may have to accept another deal with the Raven Queen to come back,neither,0.06312091667979906,0.3034950945996974,0.6333839887205035
Bidet ffomy,neither,0.03945320844208391,0.33037608806864915,0.630170703489267
"there is sound but mine keeps dumping on me, may be time for a reboot... >_> #WEKNOW",neither,0.03354078187166489,0.3228970054450259,0.6435622126833092
This game is going to be a big story moment for Vax,neither,0.030958485640054226,0.3443543061558857,0.62468720820406
!discord,neither,0.03945320844208391,0.33037608806864915,0.630170703489267
i miss scanland,neither,0.02789410451089843,0.33435179396025927,0.6377541015288424
hello from Lubbock Texas,neither,0.040553695508357114,0.31169795051161153,0.6477483539800314
We have a subscriber-only Discord server! Join here: https://t.co/Of0oLClO2v (you'll need to sub and link it to your Twitch) and be a part of the fun!,neither,0.09547053438395335,0.28230926502643855,0.6222202005896081
Bidet from Minnesota,neither,0.04071751644889743,0.3089174816120565,0.6503650019390461
Hey Im in Spokane too!,neither,0.0380572486770518,0.37649003086220845,0.5854527204607399
<3,neither,0.03945320844208391,0.33037608806864915,0.630170703489267
18 month sub,neither,0.03945320844208391,0.33037608806864915,0.630170703489267
Good luck VAX,neither,0.038607236521895655,0.330667056604554,0.6307257068735503
Rip vax,neither,0.03945320844208391,0.33037608806864915,0.630170703489267
no Vax isn't hell no he isnt,offensive_language,0.04418137362218157,0.667565559644841,0.2882530667329775
Hard to believe we are in year 3 of this show,neither,0.07109406968142473,0.43644873497910713,0.49245719533946813
"Channel is live, try refreshing.",neither,0.05235455198478704,0.325938724425432,0.621706723589781
bidet. can't wait to see what's in the big wooden box,neither,0.034435410065386404,0.3545053008974028,0.6110592890372107
"@desnathou There is sound, check your settings",neither,0.08701758280483872,0.27271654519181227,0.6402658720033491
Does anyone know where Matt gets his minis from?,neither,0.04530097566030143,0.39628451642764734,0.5584145079120512
We're in for a rough one today critters,neither,0.04612275696791314,0.29281868250048043,0.6610585605316065
Hello everyone!,neither,0.03269494828970791,0.4450814005079928,0.5222236512022994
ty!,neither,0.03945320844208391,0.33037608806864915,0.630170703489267
waaa.. where is the unboxing video on IG,neither,0.04848434502508052,0.23069115968494977,0.7208244952899697
bidet from Manitoba,neither,0.04228451509352876,0.2823214250720796,0.6753940598343917
"Bidet from Sacramento, CA",neither,0.04039749100449293,0.314349148603457,0.6452533603920501
"oh critters, i just want to say i love you all, i really do <3 <3 <3",neither,0.06590555990097849,0.4299994544077694,0.5040949856912521
Bidet from Alabama,neither,0.04078317879478948,0.307803020237201,0.6514138009680096
@speeddemonstar hey i found ya!,offensive_language,0.02457036562834527,0.6010256802640769,0.3744039541075778
bidet,neither,0.03945320844208391,0.33037608806864915,0.630170703489267
Pray for Vax!,neither,0.03188694897153883,0.2926383816066981,0.6754746694217632
Bidet from Scotland,neither,0.04062582848913359,0.31047366557575606,0.6489005059351104
My first stream after catching up to all the episodes!,neither,0.030376492623316365,0.45353255122685276,0.5160909561498309
CRIT ROLE TIME BOYS,neither,0.038284733308419444,0.35020816056403326,0.6115071061275473
Bidet from Europe,neither,0.04069404815304118,0.30931579984010865,0.6499901520068502
WOO!,neither,0.03945320844208391,0.33037608806864915,0.630170703489267
lots of kcmo in the house!! :),neither,0.038537329083020926,0.3136136207475037,0.6478490501694754
Bidet from Munich ;),neither,0.04228451509352876,0.2823214250720796,0.6753940598343917
Thank you,neither,0.07325166854587051,0.43632638485078484,0.49042194660334476
"with this many people we could set up a game, were all local in KC XD",neither,0.045394576986841545,0.3854104573224351,0.5691949656907233
Bidet from Lithuania!,neither,0.04228451509352876,0.2823214250720796,0.6753940598343917
bidet and beep beep from sw ohio,neither,0.039681603862927066,0.26414184792613987,0.6961765482109331
weeeee,neither,0.03945320844208391,0.33037608806864915,0.630170703489267
"I watched every old episode of CR because I cant watch the livestream, Now that Im finally caught up. I took the night off work and Im able to watch!",neither,0.03869427944976404,0.35736146496224575,0.6039442555879901
when does the kraken fight start?,neither,0.018965393842464904,0.47724701243241097,0.5037875937251242
Greetings and Salutations from BC Canada!!!!1,neither,0.03963869363818007,0.27461699319284744,0.6857443131689726
hugs anyone who needs one,neither,0.039228026699409356,0.4140720343398194,0.5466999389607713
"@Nathyn20, hi",neither,0.03945320844208391,0.33037608806864915,0.630170703489267
So happy to be here and see peoples !,neither,0.08711761346960689,0.29903979259771535,0.6138425939326778
gandsGandsVaxSigil,neither,0.03945320844208391,0.33037608806864915,0.630170703489267
Bidet from Minnestoa,neither,0.04228451509352876,0.2823214250720796,0.6753940598343917
...within a month they'll all be paladins of the Raven Queen...,neither,0.04016769427112578,0.3655717088143742,0.5942605969145
whats in the box???,neither,0.03854795638761667,0.31381313345237344,0.64763891016001
Bidet from Oklahoma! :),neither,0.04066490145509902,0.30981049537100724,0.6495246031738937
"Beep Beep from Sydney, Australia!",neither,0.04031924518627951,0.315677184343852,0.6440035704698686
bidet from ontario,neither,0.04062582848913359,0.31047366557575606,0.6489005059351104
"after many months i have finally cought up, now i can finaly watch live!",neither,0.044314748900440314,0.3662881886851843,0.5893970624143753
i'm not ready for this at all tonight,neither,0.030609321386021345,0.3678540936539348,0.6015365849600439
Bidet from Virginia!,neither,0.04079557052152802,0.30759270029461827,0.6516117291838538
"Hi everyone, Tim from Crit Role HP Stats here asking you this tonight: As a reminder, no matter how Vax's resurrection goes this's their #DnD and please respect the choices being made and decided.",neither,0.04955757782226672,0.3462052247237141,0.604237197454019
congratulations IC_clown,neither,0.03945320844208391,0.33037608806864915,0.630170703489267
bidet from texas before they mute us! :D,neither,0.066225784073228,0.3609372106513944,0.5728370052753776
Bidet from Minnesota,neither,0.04071751644889743,0.3089174816120565,0.6503650019390461
bidet from Calgary~,neither,0.04228451509352876,0.2823214250720796,0.6753940598343917
BIDET FROM USA. >_>;,neither,0.040737273169946825,0.30858215849491494,0.6506805683351382
Bidet!,neither,0.03945320844208391,0.33037608806864915,0.630170703489267
Kraken fight was last week,neither,0.03932457143168074,0.33255939385103617,0.6281160347172832
Bidet from Texas! <3,neither,0.040937266849991,0.30518774380265185,0.6538749893473571
#weknow,neither,0.03945320844208391,0.33037608806864915,0.630170703489267
MEEP DEEP from EU.... we need ALL of this awesome social (and general gaming) phenomenon to be MUCH MORE PERSISTENT THROUGHOUT DAILY LIFE!! gl hf all ;),neither,0.04142213274059549,0.39509224771490614,0.5634856195444985
"its almost 03:00, if i fall asleep them someone wake me up",neither,0.026839575385834695,0.41251848604715596,0.5606419385670093
guessing Pike will do another Holy spirit show up,neither,0.08524091623682795,0.24768015494849951,0.6670789288146726
Bidet from Ohio,neither,0.040754399270683486,0.3082914838698526,0.650954116859464
nat 20s for Vax!,neither,0.034419532190562624,0.30522846741096477,0.6603520003984725
Bidet from Texas!!,neither,0.040937266849991,0.30518774380265185,0.6538749893473571
this is my first time watching it live ....,neither,0.03064820422160163,0.4231534953424674,0.5461983004359309
I was kind of hoping for a TPK to see how they all would be as new characters,neither,0.041088043210089666,0.3150435114669131,0.6438684453229973
bidet from Toronto!,neither,0.04066490145509902,0.30981049537100724,0.6495246031738937
greetings from australia,neither,0.04062582848913359,0.31047366557575606,0.6489005059351104
Yay I can finally say 1 month sub,neither,0.0396501375994601,0.3270336863238285,0.6333161760767114
bidet from the UK,neither,0.039613273355342184,0.2892653269430044,0.6711213997016535
Bidet from Adelaide,neither,0.04228451509352876,0.2823214250720796,0.6753940598343917
Bidet from Toronto!,neither,0.04066490145509902,0.30981049537100724,0.6495246031738937
#letvaxlive,neither,0.03945320844208391,0.33037608806864915,0.630170703489267
"Curious if they will have someone at the water Ashari who can Rez, or if Pike will make an appearance.",neither,0.02341788118715499,0.3956880301417587,0.5808940886710863
WOOOOOO Critical Role is starting!!!!!!,neither,0.046107136999870284,0.3280874969177232,0.6258053660824066
"All the love going out to Matt and Liam tonight, whatever happens!",neither,0.04784842986904772,0.34752599116552674,0.6046255789654256
"Bidet from Jamestown, NY",neither,0.04084513770590474,0.30675141581570226,0.6524034464783931
bidet!!,neither,0.03945320844208391,0.33037608806864915,0.630170703489267
"Finally caught up, just so I can watch vax die :'(",neither,0.14593023911121109,0.24644450141441485,0.6076252594743741
bidet from salt lake city!,neither,0.04031822098218303,0.3156945677603287,0.6439872112574881
wait did I miss an episode?,neither,0.03388863436949713,0.3277290705860756,0.6383822950444275
bidet from the road!,neither,0.03962111800299795,0.2874610269872443,0.6729178550097578
bidet from nashville tn,neither,0.04041510871920598,0.31405013000620496,0.645534761274589
bidet from the desert of AZ,neither,0.03956564134093451,0.3005794157249549,0.6598549429341105
I really hope Ashly is here tonight with true resurrection otherwise statistically this is very unlikely to work (there are way to many deaths in this show already),neither,0.11527693065912957,0.20705202564272834,0.6776710436981421
"bidet from Jersey City,Houston",neither,0.04037341131525466,0.31475784377281146,0.6448687449119338
I fear the outcome of tonight's events,neither,0.036685856241767914,0.3002230868084113,0.6630910569498208
bidet from Austin!,neither,0.04086843745212,0.30635595831493706,0.6527756042329429
"Yay, finally a critter!",neither,0.03945320844208391,0.33037608806864915,0.630170703489267
Bidet from Denmark where it is almost 4 AM,neither,0.04927421584356788,0.27760727444609884,0.6731185097103334
"I'm finally watching live, this is amazing!!",neither,0.05037430239196388,0.3278923502432577,0.6217333473647786
well vax hasnt done much for the raven queen to earn his rest,neither,0.049639202945706576,0.3106648772131337,0.6396959198411597
Bidet from Alabam,neither,0.04228451509352876,0.2823214250720796,0.6753940598343917
biet from montreal,neither,0.04062582848913359,0.31047366557575606,0.6489005059351104
