text,top_class,hate_speech,offensive_language,neither
gandsApplaud gandsApplaud gandsApplaud gandsApplaud gandsApplaud,neither,0.03945320844208391,0.33037608806864915,0.630170703489267
Reminder G&S shows starts next week 1 hr earlier than normal due DST,neither,0.038867795254841,0.3403120776628353,0.6208201270823238
waves,neither,0.03945320844208391,0.33037608806864915,0.630170703489267
This episode of Critical Role is brought to you by Kraken Black Rum,neither,0.07646202254419844,0.37146668360457935,0.5520712938512221
Brian's in this? Aww mann :(,neither,0.03938005364195984,0.33161771594556927,0.6290022304124708
"Hi, Darin!!",neither,0.03945320844208391,0.33037608806864915,0.630170703489267
"@Fractaleye, @ShandraVdeG Ah thanks guys! was worried for a bit there ;)",neither,0.034029897503049134,0.2750697416847729,0.690900360812178
gandsLessthanthree gandsLessthanthree gandsLessthanthree,neither,0.03945320844208391,0.33037608806864915,0.630170703489267
YAAAAY Hello!,neither,0.03945320844208391,0.33037608806864915,0.630170703489267
YAAAAAS!,neither,0.03945320844208391,0.33037608806864915,0.630170703489267
Yay!,neither,0.03945320844208391,0.33037608806864915,0.630170703489267
hi,neither,0.03945320844208391,0.33037608806864915,0.630170703489267
Brian's a player too?!,neither,0.03390033737963529,0.424622801837078,0.5414768607832867
Hi Matt and gang <3,neither,0.038774169983749524,0.2965337976481909,0.6646920323680596
@LegacyofPie they end the stream at that time because they started at 7:00 PST yesterday,neither,0.03556223481377991,0.37860073482267015,0.58583703036355
Guys...Darin's playing with them! *delighted squeals*,neither,0.03976194108771892,0.3671537691067107,0.5930842898055704
Hahaha xD,neither,0.03945320844208391,0.33037608806864915,0.630170703489267
SWEET!,neither,0.03945320844208391,0.33037608806864915,0.630170703489267
Hey everyone at the table!,neither,0.03282536411524773,0.4261617196143085,0.5410129162704437
Hello!,neither,0.03945320844208391,0.33037608806864915,0.630170703489267
Dammit Erik,neither,0.03945320844208391,0.33037608806864915,0.630170703489267
<3 Talesin,neither,0.03945320844208391,0.33037608806864915,0.630170703489267
"""Critical Role""",neither,0.03945320844208391,0.33037608806864915,0.630170703489267
hi everyone!,neither,0.032490659208996964,0.4485487193596734,0.5189606214313296
hi guys!,neither,0.03930687933907141,0.3328596748352989,0.6278334458256297
wow this setup is taking a while,neither,0.04575318160337794,0.3294310282486837,0.6248157901479383
:D,neither,0.03945320844208391,0.33037608806864915,0.630170703489267
gandsCrit gandsCrit gandsCrit gandsCrit gandsCrit,neither,0.03945320844208391,0.33037608806864915,0.630170703489267
WE love you @GeekandSundry :D :D :D,neither,0.0667431826429772,0.4602730207261189,0.47298379663090395
WOOOOOOOOOO,neither,0.03945320844208391,0.33037608806864915,0.630170703489267
Hi!,neither,0.03945320844208391,0.33037608806864915,0.630170703489267
hi matt,neither,0.03945320844208391,0.33037608806864915,0.630170703489267
YAAAAAAYS,neither,0.03945320844208391,0.33037608806864915,0.630170703489267
"""One more time Eric I swear!"" LUL",neither,0.03931285359707303,0.36007898172676667,0.6006081646761603
ejiptHi,neither,0.03945320844208391,0.33037608806864915,0.630170703489267
<3 <3 <3,neither,0.03945320844208391,0.33037608806864915,0.630170703489267
gandsLessthanthree gandsApplaud gandsApplaud gandsApplaud gandsLessthanthree,neither,0.03945320844208391,0.33037608806864915,0.630170703489267
TBTacoLeft TBCheesePull TBTacoRight,neither,0.03945320844208391,0.33037608806864915,0.630170703489267
Yay!,neither,0.03945320844208391,0.33037608806864915,0.630170703489267
hi,neither,0.03945320844208391,0.33037608806864915,0.630170703489267
gandsApplaud gandsApplaud gandsApplaud,neither,0.03945320844208391,0.33037608806864915,0.630170703489267
wooo,neither,0.03945320844208391,0.33037608806864915,0.630170703489267
gandsApplaud gandsApplaud gandsApplaud gandsApplaud gandsApplaud gandsApplaud,neither,0.03945320844208391,0.33037608806864915,0.630170703489267
"Oh, It's ""The Host""",neither,0.042228889319420704,0.26157439348409883,0.6961967171964805
Wooooo~~~~,neither,0.03945320844208391,0.33037608806864915,0.630170703489267
omg DARIN,neither,0.03945320844208391,0.33037608806864915,0.630170703489267
Hey everyone,neither,0.031959242684595296,0.4575682446653829,0.5104725126500218
i got here just in time :D,neither,0.08903794154656769,0.38685058048780624,0.5241114779656261
woo hoo,neither,0.03945320844208391,0.33037608806864915,0.630170703489267
BRIAN!!,neither,0.03945320844208391,0.33037608806864915,0.630170703489267
WOHOOO,neither,0.03945320844208391,0.33037608806864915,0.630170703489267
brian wayne fester,neither,0.03945320844208391,0.33037608806864915,0.630170703489267
gandsLessthanthree gandsLessthanthree,neither,0.03945320844208391,0.33037608806864915,0.630170703489267
gandsSubHype gandsSubHype gandsSubHype gands2YearHype gands2YearHype gands2YearHype,neither,0.03945320844208391,0.33037608806864915,0.630170703489267
gandsLessthanthree gandsLessthanthree gandsLessthanthree gandsLessthanthree,neither,0.03945320844208391,0.33037608806864915,0.630170703489267
of course we hit our goal,neither,0.03932703164461996,0.33251763761681347,0.6281553307385666
@evilharb I'm my own Owlbear but I love Tabletop gandsOwl,neither,0.04308139210845123,0.4546123988728487,0.5023062090187
who let Brian out of his Tuesday evening cage?!?!,neither,0.03921267202057512,0.4012233021160729,0.559564025863352
i wish there were an 826 in the twin cities T_T,neither,0.03925259356297211,0.2736822639281893,0.6870651425088385
Hi!!,neither,0.03945320844208391,0.33037608806864915,0.630170703489267
woooo,neither,0.03945320844208391,0.33037608806864915,0.630170703489267
haiiiiii,neither,0.03945320844208391,0.33037608806864915,0.630170703489267
gands2YearHype gandsLessthanthree gands2YearHype gandsLessthanthree gands2YearHype gandsLessthanthree gands2YearHype gandsLessthanthree,neither,0.03945320844208391,0.33037608806864915,0.630170703489267
scared the *** out of me lol,neither,0.020935008423505916,0.42800936677439033,0.5510556248021038
CONGRATS ON 10K,neither,0.036870128882928795,0.34275353480965604,0.6203763363074153
hello,neither,0.03945320844208391,0.33037608806864915,0.630170703489267
10k!,neither,0.03945320844208391,0.33037608806864915,0.630170703489267
BRIAN!!!,neither,0.03945320844208391,0.33037608806864915,0.630170703489267
Hooray!!,neither,0.03945320844208391,0.33037608806864915,0.630170703489267
Heeey! !0K HYPE!!!,neither,0.03945320844208391,0.33037608806864915,0.630170703489267
hrpgHeyo hrpgHeyo hrpgHeyo hrpgHeyo hrpgHeyo,neither,0.03945320844208391,0.33037608806864915,0.630170703489267
yay darrin stayed!,neither,0.03945320844208391,0.33037608806864915,0.630170703489267
wooo!,neither,0.03945320844208391,0.33037608806864915,0.630170703489267
Brian is going to play too??? Awesome!,neither,0.05003385780126033,0.34980709747822436,0.6001590447205154
"Damn, that was loud.",offensive_language,0.040873238088018335,0.855236883470377,0.10388987844160473
yay been awake 39hrs now can't wait for this critters rule,neither,0.035443011201528124,0.312257839328208,0.6522991494702639
brian is allowed out in the daytime?,neither,0.041070260557967815,0.32860190744806556,0.6303278319939666
yayay!,neither,0.03945320844208391,0.33037608806864915,0.630170703489267
Tali,neither,0.03945320844208391,0.33037608806864915,0.630170703489267
#TeamBlack,neither,0.03945320844208391,0.33037608806864915,0.630170703489267
gandsSubHype gandsSubHype gandsSubHype,neither,0.03945320844208391,0.33037608806864915,0.630170703489267
10k 10k 10k,neither,0.03945320844208391,0.33037608806864915,0.630170703489267
@826la <3,neither,0.03945320844208391,0.33037608806864915,0.630170703489267
gands2YearHype gands2YearHype,neither,0.03945320844208391,0.33037608806864915,0.630170703489267
gandsSubHype,neither,0.03945320844208391,0.33037608806864915,0.630170703489267
Woo Darin!,neither,0.03945320844208391,0.33037608806864915,0.630170703489267
Hey Guys!,neither,0.03929207127355727,0.33311100635304525,0.6275969223733975
i didn't even know they hit the goal AMAZING!!,neither,0.027665938110506105,0.36160962306367783,0.610724438825816
gandsMatt gandsMatt,neither,0.03945320844208391,0.33037608806864915,0.630170703489267
gandsSubHype gandsSubHype gandsSubHype gandsSubHype gandsSubHype gandsSubHype gandsSubHype gandsSubHype gandsSubHype gandsSubHype,neither,0.03945320844208391,0.33037608806864915,0.630170703489267
<3,neither,0.03945320844208391,0.33037608806864915,0.630170703489267
What's Glenn doing at the table?,neither,0.042271803728068484,0.33304304054422046,0.6246851557277111
And we've surpassed the goal! Woohoo!,neither,0.0213388373315937,0.2793978744395532,0.6992632882288532
!826la,neither,0.03945320844208391,0.33037608806864915,0.630170703489267
Support 826LA on behalf of Geek & Sundry! https://twitch.streamlabs.com/geekandsundry - and visit 826la.org to learn more about the great things they do!,neither,0.05274513784839097,0.3033692697017532,0.6438855924498559
woot,neither,0.03945320844208391,0.33037608806864915,0.630170703489267
to quote Carl Sagan,neither,0.04634948867464804,0.3263498520431259,0.6273006592822261
"""Hi everyone!"" :D <3",neither,0.032490659208996964,0.4485487193596734,0.5189606214313296
"@alannamalfoy, Thanks! was worried someone was leaving GandS!",neither,0.03763956518370153,0.3196717855969309,0.6426886492193676
WHOO!!!!!!!,neither,0.03945320844208391,0.33037608806864915,0.630170703489267
Yay!!,neither,0.03945320844208391,0.33037608806864915,0.630170703489267
!wallet,neither,0.03945320844208391,0.33037608806864915,0.630170703489267
Yeah epic.,neither,0.022346728609887307,0.4503409749825554,0.5273122964075573
wooo 10 k! best k!,neither,0.03820042455184439,0.3198854370621453,0.6419141383860103
Darin!!!,neither,0.03945320844208391,0.33037608806864915,0.630170703489267
Woooooooo,neither,0.03945320844208391,0.33037608806864915,0.630170703489267
woo,neither,0.03945320844208391,0.33037608806864915,0.630170703489267
Brian Fester PogChamp,neither,0.03945320844208391,0.33037608806864915,0.630170703489267
Bryan looks terrible,neither,0.03945320844208391,0.33037608806864915,0.630170703489267
Can someone fix Brian's hair please? Anyone?,neither,0.039642481385827634,0.32716363225029704,0.6331938863638754
gandsSubHype gandsSubHype gandsSubHype gandsSubHype,neither,0.03945320844208391,0.33037608806864915,0.630170703489267
BlessRNG,neither,0.03945320844208391,0.33037608806864915,0.630170703489267
SOUND!!!!!!,neither,0.03945320844208391,0.33037608806864915,0.630170703489267
No sleep til 10k,neither,0.0387511231511851,0.34229230775180286,0.6189565690970121
no Ashley?,neither,0.038465455673613855,0.34714083037889465,0.6143937139474915
"!826la new GOAL $15,000",neither,0.04252467406357916,0.2542182965385192,0.7032570293979016
gands2YearHype gands2YearHype gands2YearHype gandsLessthanthree gandsLessthanthree gandsLessthanthree,neither,0.03945320844208391,0.33037608806864915,0.630170703489267
10K gandsSubHype gandsLessthanthree gandsSubHype gandsLessthanthree gandsSubHype gandsLessthanthree gandsSubHype gandsLessthanthree,neither,0.03945320844208391,0.33037608806864915,0.630170703489267
LOL That's the ONLY opening Brian knows :D :P,neither,0.03039390960567371,0.38963760327878705,0.5799684871155392
"Brian, yer hair is trying to escape",neither,0.04973617859404315,0.32575518745233806,0.6245086339536189
gandsLessthanthree gandsLessthanthree gandsLessthanthree,neither,0.03945320844208391,0.33037608806864915,0.630170703489267
no sound,neither,0.03817021587683215,0.3521518202447505,0.6096779638784173
no ashley,neither,0.038465455673613855,0.34714083037889465,0.6143937139474915
Pulling a winner for 1 PM!,neither,0.03479685608662253,0.30711027432422094,0.6580928695891566
did brian just wake up?,neither,0.033228964339987975,0.39637140608303906,0.570399629576973
lets hit 20K before the end of this :D,neither,0.03558359138310429,0.37482663942309297,0.5895897691938028
!,neither,0.03945320844208391,0.33037608806864915,0.630170703489267
gands2YearHype gandsLessthanthree gandsHooman gandsClassic Woot!,neither,0.03945320844208391,0.33037608806864915,0.630170703489267
"hi Brian, Taliesin and Marisha gands2YearHype gands2YearHype gands2YearHype",neither,0.03864608827943103,0.2894405071766158,0.6719134045439531
"!826la Call out to all the Critters and Critical Role Fans!!! Let's BREAK the 15K mark!!!! Go! Go! Go! It is, after all, their favorite charity!! Do it for the future Critters!!",neither,0.03478886435372527,0.35313192184336367,0.612079213802911
gands2YearHype !,neither,0.03945320844208391,0.33037608806864915,0.630170703489267
!wallet,neither,0.03945320844208391,0.33037608806864915,0.630170703489267
i'm so happy i can pause live....dum work stuffs to get done!,neither,0.04587800133893451,0.3650787304323248,0.5890432682287406
"<3 Marisha's shirt, SO her.",offensive_language,0.028599766697492857,0.6767562202064293,0.29464401309607785
HYPE!,neither,0.03945320844208391,0.33037608806864915,0.630170703489267
"Darin looks dapper as hell, as always.",offensive_language,0.03778335703419343,0.737798696844987,0.22441794612081964
yes,neither,0.03945320844208391,0.33037608806864915,0.630170703489267
I have sound here on our QC machine!!!,neither,0.07191078248571527,0.31802821999504405,0.6100609975192406
shower hype!,neither,0.03945320844208391,0.33037608806864915,0.630170703489267
"Brian W Foster, Marisha Ray, Matt Mercer, Tailisen Jaffe and the illustrious Darin DePaul",neither,0.03838040090473945,0.2937478739700574,0.6678717251252032
I was expecting Brian to contest trying to host the start of the show :D,neither,0.054597733209480706,0.2695248470655421,0.6758774197249772
Isnt that rienhardt's voice actor,neither,0.03630720700911636,0.36447859524623993,0.5992141977446438
@Theonden try refreshing,neither,0.03945320844208391,0.33037608806864915,0.630170703489267
Showers are great,neither,0.06328292892400209,0.2604894048604902,0.6762276662155078
love them so much,neither,0.04736125958735303,0.4008973022293207,0.5517414381833263
So excited! :),neither,0.03940839469474773,0.3948270312238364,0.565764574081416
Marishower!,neither,0.03945320844208391,0.33037608806864915,0.630170703489267
hype!,neither,0.03945320844208391,0.33037608806864915,0.630170703489267
Sleeves *are* bullshit! Preach Marisha!,neither,0.08861784786077732,0.448089254744826,0.46329289739439666
his hair is possessed spirit of sarcasm,neither,0.06948214228378843,0.32881113329816536,0.6017067244180463
"lol. $20K goal now. Love the Critter Community. Also, Brian Foster is amazing. Looking forward to this",neither,0.040240916423369466,0.35109204198994215,0.6086670415866884
oh man Brian and Darin with them...face melts from awesome,neither,0.04318728049116036,0.31843292809241985,0.6383797914164199
is anyone else not getting audio?,neither,0.04104740006589144,0.3849924418401118,0.5739601580939968
"Hi Brian, Marisha, Matt, Taleisin, and Darin!",neither,0.03878955481889416,0.29736589618563236,0.6638445489954736
i am always the keeper too :P,neither,0.03661067697963567,0.36948836952142294,0.5939009534989415
@PapishHawke Yup,neither,0.03945320844208391,0.33037608806864915,0.630170703489267
Matt is immune to domination..,neither,0.05335416185998214,0.3241819091741406,0.6224639289658773
"Haha, I love Marisha's shirt! :D",neither,0.0318406795407248,0.4236191884666539,0.5445401319926212
CATCHPHRASE,neither,0.03945320844208391,0.33037608806864915,0.630170703489267
@PapishHawke Yep!,neither,0.03945320844208391,0.33037608806864915,0.630170703489267
the winner is @asparreaver!,neither,0.04857426747449921,0.3074463626051908,0.64397936992031
lol,neither,0.020706217963973744,0.4882283491876925,0.4910654328483337
Grats AsparReaver,neither,0.03945320844208391,0.33037608806864915,0.630170703489267
I can't wait for this to start :D,neither,0.03982202688488618,0.2915446835418538,0.66863328957326
Apple is the keeper tonight,neither,0.043245475316383376,0.297360889533746,0.6593936351498705
Matt is def a keeper,neither,0.04593283108314161,0.32814744871538903,0.6259197202014692
Oh he doesn't get an adjective,neither,0.05176147502769904,0.2773138080442928,0.6709247169280084
Yay Darin!,neither,0.03945320844208391,0.33037608806864915,0.630170703489267
DARIN!!!!! <3 <3 <3,neither,0.03945320844208391,0.33037608806864915,0.630170703489267
yay,neither,0.03945320844208391,0.33037608806864915,0.630170703489267
Kappa //,neither,0.03945320844208391,0.33037608806864915,0.630170703489267
grats!!,neither,0.03945320844208391,0.33037608806864915,0.630170703489267
WOOOOOOO!!!,neither,0.03945320844208391,0.33037608806864915,0.630170703489267
congrats,neither,0.03945320844208391,0.33037608806864915,0.630170703489267
hello,neither,0.03945320844208391,0.33037608806864915,0.630170703489267
Congrats @asparreaver,neither,0.03945320844208391,0.33037608806864915,0.630170703489267
JUST taliesen jaffe,neither,0.02667013123193722,0.39600456006212814,0.5773253087059346
Congrats!,neither,0.03945320844208391,0.33037608806864915,0.630170703489267
Grats,neither,0.03945320844208391,0.33037608806864915,0.630170703489267
grats,neither,0.03945320844208391,0.33037608806864915,0.630170703489267
congratulations!,neither,0.03945320844208391,0.33037608806864915,0.630170703489267
gandsApplaud gandsApplaud gandsApplaud gandsApplaud gandsApplaud,neither,0.03945320844208391,0.33037608806864915,0.630170703489267
bwahahahaha,neither,0.03945320844208391,0.33037608806864915,0.630170703489267
Tailspin Jeffe!,neither,0.03945320844208391,0.33037608806864915,0.630170703489267
!whodat,neither,0.03945320844208391,0.33037608806864915,0.630170703489267
"Matthew Mercer ( twitter.com/matthewmercer ), Taliesin Jaffe ( twitter.com/executivegoth ), Marisha Ray ( twitter.com/Marisha_Ray ), with Brian W. Foster ( twitter.com/BrianWFoster ), and Darin De Paul ( twitter.com/DarinDePaul )",neither,0.035842352786428826,0.4590984977253856,0.5050591494881855
@asparreaver Congrats!,neither,0.03945320844208391,0.33037608806864915,0.630170703489267
Congrats AsparReaver,neither,0.03945320844208391,0.33037608806864915,0.630170703489267
resub <3 <3,neither,0.03945320844208391,0.33037608806864915,0.630170703489267
yay Darin!,neither,0.03945320844208391,0.33037608806864915,0.630170703489267
grats,neither,0.03945320844208391,0.33037608806864915,0.630170703489267
yay darin!,neither,0.03945320844208391,0.33037608806864915,0.630170703489267
!wtfisthis,neither,0.03945320844208391,0.33037608806864915,0.630170703489267
"Join us as a part of #CriticalRole, along with Brian Foster host of Talks Machina, and Voice actor Darin De Paul, play Mansions of Madness!",neither,0.04523641340667232,0.3399507673890557,0.6148128192042719
Congrats!,neither,0.03945320844208391,0.33037608806864915,0.630170703489267
Yay,neither,0.03945320844208391,0.33037608806864915,0.630170703489267
@geekandsundry QVC? O.o,neither,0.03945320844208391,0.33037608806864915,0.630170703489267
Darin De Paul make him a guest on CR proper he's great,neither,0.03952782885731304,0.3238597806897397,0.6366123904529473
yay Taliesin we love you xxxx <3 <3 <3 <3 <3 <3,neither,0.054178824038730915,0.4037883865437183,0.5420327894175508
hahahahaha,neither,0.03945320844208391,0.33037608806864915,0.630170703489267
!826la Original goal met but that is no reason to stop,neither,0.04339613148677903,0.4185980181381868,0.5380058503750341
Support 826LA on behalf of Geek & Sundry! https://twitch.streamlabs.com/geekandsundry - and visit 826la.org to learn more about the great things they do!,neither,0.05274513784839097,0.3033692697017532,0.6438855924498559
CONGRATULATIONS ON MAKING THE GOAL!!!!,neither,0.036921239537828214,0.3172067406743043,0.6458720197878675
hahahaha darin,neither,0.03945320844208391,0.33037608806864915,0.630170703489267
"So, true",neither,0.03940988895743227,0.40335630922105503,0.5572338018215127
Hahaha!!,neither,0.03945320844208391,0.33037608806864915,0.630170703489267
Hahaha,neither,0.03945320844208391,0.33037608806864915,0.630170703489267
!wallet,neither,0.03945320844208391,0.33037608806864915,0.630170703489267
So excited for this right now!,neither,0.03249749926074881,0.361286556414821,0.6062159443244302
!wallet,neither,0.03945320844208391,0.33037608806864915,0.630170703489267
"""visual podcast"" :D",neither,0.03945320844208391,0.33037608806864915,0.630170703489267
hahahahaha,neither,0.03945320844208391,0.33037608806864915,0.630170703489267
BAhahahaha,neither,0.03945320844208391,0.33037608806864915,0.630170703489267
Grats!,neither,0.03945320844208391,0.33037608806864915,0.630170703489267
Haha,neither,0.03186685585600258,0.45913629025701075,0.5089968538869867
apple is always the keeper of all,neither,0.04517613440523086,0.41807333014116377,0.5367505354536055
!826la,neither,0.03945320844208391,0.33037608806864915,0.630170703489267
yep! And a ROADIE!,neither,0.038417409140660864,0.2758696473484317,0.6857129435109074
I love Brian's sense of humour.,neither,0.036720398057560215,0.34308134848298244,0.6201982534594572
Support 826LA on behalf of Geek & Sundry! https://twitch.streamlabs.com/geekandsundry - and visit 826la.org to learn more about the great things they do!,neither,0.05274513784839097,0.3033692697017532,0.6438855924498559
lol!,neither,0.020706217963973744,0.4882283491876925,0.4910654328483337
Overdressed vs Underdressed? xD,neither,0.03945320844208391,0.33037608806864915,0.630170703489267
LOL,neither,0.020706217963973744,0.4882283491876925,0.4910654328483337
"am i the only one when i see talisen jaffe, i cant help but crave jaffe cakes",neither,0.030708012346873724,0.37407393929964605,0.5952180483534801
LOL,neither,0.020706217963973744,0.4882283491876925,0.4910654328483337
pfffft lol,neither,0.020706217963973744,0.4882283491876925,0.4910654328483337
they surpassed the 10k already? wow,neither,0.03780687701918134,0.3317697356961044,0.6304233872847143
lol,neither,0.020706217963973744,0.4882283491876925,0.4910654328483337
lol,neither,0.020706217963973744,0.4882283491876925,0.4910654328483337
I really hope brian isnt just go ing to be cracking jokes the entire time,neither,0.057265139869789615,0.2855229257752175,0.6572119343549929
!wallet,neither,0.03945320844208391,0.33037608806864915,0.630170703489267
yay,neither,0.03945320844208391,0.33037608806864915,0.630170703489267
i think everyone can agree Matt is definitely a keeper. well done marisha! (I'll show myself out),neither,0.0451388062303694,0.35324272682950403,0.6016184669401266
Taliesin looks like he hasn't had enough coffee yet to be deemed to be officially awake.,neither,0.06293257897493554,0.252421857824793,0.6846455632002714
aw was hoping for Laura and Travis too!,neither,0.03473574061137875,0.28883593528910084,0.6764283240995205
The no-adjective Taliesin Jaffe,neither,0.035464264915163725,0.3268965111922988,0.6376392238925376
XDDDDD,neither,0.03945320844208391,0.33037608806864915,0.630170703489267
Oh Brian :D,neither,0.045811638806079476,0.27027630719149476,0.6839120540024257
Is this why my Uber Eats hasn't arrived yet?,neither,0.03014725428745901,0.3897019334951861,0.580150812217355
love Darin and Brian......this is going to be fun,neither,0.04758855083792701,0.3293205574849291,0.6230908916771439
mansions of madness in the style of The Office,neither,0.03825442710994512,0.30824914479485704,0.6534964280951977
Bike Messengers and the Lawyer. Band name?,neither,0.038297059665714644,0.2906177228238284,0.6710852175104569
This is the b<eginning of a beautiful sitcom,neither,0.045847509407910735,0.31481445997498375,0.6393380306171055
So we have McCree and Reinheart going into the mansion of madness?,neither,0.03669804916697156,0.3477486246768953,0.6155533261561331
lol that was awesome Brian,neither,0.029569343669603298,0.4167529466369926,0.5536777096934042
I'd watch the sitcom,neither,0.04433082179104749,0.31176772882004217,0.6439014493889103
Lovecraft mangoKrey,neither,0.03945320844208391,0.33037608806864915,0.630170703489267
"@GeekandSundry donation overlay update time to $15,000. Keep the preasure on",neither,0.04054668461895463,0.3398087647061186,0.6196445506749269
I HAVE WANTED TO SEE THIS FOR SO LONG,neither,0.038547447806064734,0.34584669790313516,0.6156058542908001
Go tali,neither,0.04276165647058889,0.34190019769565555,0.6153381458337556
@holycorsair I was too.,neither,0.0387205678815839,0.34281091041983436,0.6184685216985818
At least Becca isn't there to cheat!,neither,0.04467495043974265,0.3099769708607693,0.645348078699488
oh hai TabletopOwlbear :D,neither,0.051363287716059566,0.22255663153133606,0.7260800807526044
Huzzah for Cthulhu!,neither,0.03296554473014691,0.29799019813725613,0.669044257132597
We'll take more donations of course. With various incentives.,neither,0.03248281011983044,0.3522983057075288,0.6152188841726408
taliesin! bless our dice!,neither,0.03945320844208391,0.33037608806864915,0.630170703489267
the guys who made it are super cool!,neither,0.05865653449653464,0.33233039561111377,0.6090130698923515
Woot!,neither,0.03945320844208391,0.33037608806864915,0.630170703489267
kinda wished they were playing betrayal at house on the hill,neither,0.036923488517122856,0.3300688607418761,0.633007650741001
"Arkham Horror is one of my fave board games, so I am in.",neither,0.03592725475826703,0.42650028823530817,0.5375724570064249
i'm so tempted to buy thisssss,neither,0.04635207943511869,0.37219718887106,0.5814507316938213
so like Call of Cthulu in a mansion?,neither,0.050597271855382236,0.39438746615561454,0.5550152619890033
have these ese's started yet?,neither,0.04961532175480888,0.4294979940840731,0.520886684161118
Hai @neandersen !!,neither,0.03945320844208391,0.33037608806864915,0.630170703489267
woot woot!,neither,0.03945320844208391,0.33037608806864915,0.630170703489267
Hey @PSoire,neither,0.03945320844208391,0.33037608806864915,0.630170703489267
"@VashNL Do not invoke her name, lest she appear!",offensive_language,0.03381029543633351,0.5607997145762175,0.4053899899874492
"i'm wearing a cthulu necklace right now! (actually, it's just an octous, but we'll pretend)",neither,0.03289480718538474,0.36241449979912316,0.604690693015492
"Taliesin being so modest, he looks just fine.",neither,0.03511711671102075,0.4178410229886088,0.5470418603003704
Darin <3 Velik best surprise guest,neither,0.03867743806864406,0.323879886838454,0.637442675092902
I'm so looking forward to this.,neither,0.0462450004054188,0.3738339998906084,0.5799209997039728
i bet Brian's gonna lose it first.. or Mari,neither,0.03238666158650993,0.36914527753891285,0.5984680608745774
Marisha gandsLessthanthree gandsLessthanthree gandsLessthanthree,neither,0.03945320844208391,0.33037608806864915,0.630170703489267
"DLC for TT games, sigh",neither,0.03497153166278394,0.30798180102947004,0.657046667307746
Loving this :-),neither,0.039326137841564766,0.33253280778730016,0.628141054371135
Darin De Paul <3,neither,0.03945320844208391,0.33037608806864915,0.630170703489267
Hey Luap82517 :),neither,0.03945320844208391,0.33037608806864915,0.630170703489267
Is that a Lego mask from the movie The Mask?!,neither,0.04218035382742792,0.30526806529654776,0.6525515808760244
ye s@threepod,neither,0.03945320844208391,0.33037608806864915,0.630170703489267
So sayeth Tailspin Jaffa Cake.,neither,0.03940844610587104,0.3954402333076647,0.5651513205864642
"I've played 3 missions on it, it's AWESOME",neither,0.0211240824057298,0.3260592743006202,0.6528166432936501
lol danaclay it sounds awesome,neither,0.030631190845229497,0.3861851599738218,0.5831836491809487
"I want to play this game, but it's so expensive!",neither,0.04012172704224895,0.3340585496080377,0.6258197233497134
what time is it over there?,neither,0.04837537864838941,0.2998320059884813,0.6517926153631292
They will at least all live since Becca isn't there,neither,0.044716407435605426,0.3475892782441756,0.6076943143202189
Miskatonic U Murder Mystery RPG ?,neither,0.03945320844208391,0.33037608806864915,0.630170703489267
I was just at lovecrafts grave last week in Providence,neither,0.03502182444198036,0.3692210914305456,0.5957570841274741
gands2YearHype,neither,0.03945320844208391,0.33037608806864915,0.630170703489267
Marisha thinks Matt is a keeper; we agree :D,neither,0.04495954924855188,0.3302640270090701,0.6247764237423781
!who,offensive_language,0.04159901189299763,0.525362713080101,0.4330382750269014
"@GeekandSundry, Does my recent donation count?",offensive_language,0.02053560083462501,0.5014215138348798,0.4780428853304952
"Lecksien donated $100 ""Always happy to help 826!""",neither,0.04298336294007135,0.3684549705118133,0.5885616665481154
ive never seen this one before i wonder what its like,neither,0.039135155917359006,0.43337262578904334,0.5274922182935978
@tabletopowlbear gandsOwl gandsOwl,neither,0.03945320844208391,0.33037608806864915,0.630170703489267
"Y U NO ASHCAN PETE, TALIESIN?! :)",neither,0.038465455673613855,0.34714083037889465,0.6143937139474915
pambot :D,neither,0.03945320844208391,0.33037608806864915,0.630170703489267
All the Subs gandsSubHype gandsLessthanthree Resub !!,neither,0.040268850094874374,0.39281163065459906,0.5669195192505265
LEWD,neither,0.03945320844208391,0.33037608806864915,0.630170703489267
oooooh noo,neither,0.03945320844208391,0.33037608806864915,0.630170703489267
likewise first time watching this one,neither,0.03024395224561649,0.38843252000910305,0.5813235277452805
Cool Digi63!,neither,0.03945320844208391,0.33037608806864915,0.630170703489267
omg brians hair,neither,0.03945320844208391,0.33037608806864915,0.630170703489267
Is that Reinhardt?,neither,0.05154613418987003,0.42924314326430335,0.5192107225458266
never have I ever subbed a mini,neither,0.035933223174139904,0.3689318852542951,0.595134891571565
sub it with the Keyleth mini,neither,0.02769544602248471,0.3501037091385794,0.622200844838936
It's all about Bob Jenkins!!!,neither,0.03790419072256342,0.44435483866556436,0.5177409706118723
LUL,neither,0.03945320844208391,0.33037608806864915,0.630170703489267
hi everyone,neither,0.032490659208996964,0.4485487193596734,0.5189606214313296
there's a fetishist for that,neither,0.02589412773163235,0.2926331504595401,0.6814727218088276
"I just checked, and that game costs 100€.... i guess its going on my wishlist... dang thats expensive",neither,0.024760803044727588,0.38669625469445895,0.5885429422608135
!wtfisthis,neither,0.03945320844208391,0.33037608806864915,0.630170703489267
"Join us as a part of #CriticalRole, along with Brian Foster host of Talks Machina, and Voice actor Darin De Paul, play Mansions of Madness!",neither,0.04523641340667232,0.3399507673890557,0.6148128192042719
@holycorsair yup,neither,0.03945320844208391,0.33037608806864915,0.630170703489267
Yes that's Reinhart,neither,0.03297852183450943,0.40155400598600677,0.5654674721794839
hi adleraltenor86,neither,0.03945320844208391,0.33037608806864915,0.630170703489267
gandsHR,neither,0.03945320844208391,0.33037608806864915,0.630170703489267
Ohhhh,neither,0.03945320844208391,0.33037608806864915,0.630170703489267
gandsSubHype gandsSubHype gandsSubHype,neither,0.03945320844208391,0.33037608806864915,0.630170703489267
"""Sub a mini""= a gnome in bondage.",neither,0.03945320844208391,0.33037608806864915,0.630170703489267
!2years,neither,0.03945320844208391,0.33037608806864915,0.630170703489267
For more info and the schedule for the two year anniversary of GnS Live on Twitch! Use this link: bit.ly/gns2yearsanv,neither,0.02298718717605664,0.3170096244794854,0.660003188344458
LET'S DO 20K FOR 2YEARS gands2YearHype gands2YearHype gands2YearHype gands2YearHype gands2YearHype gands2YearHype gands2YearHype,neither,0.02171132057230687,0.3310087775033668,0.6472799019243263
GET BEHIND HIS BARRIER,neither,0.07652781956889781,0.34333875696759547,0.5801334234635067
gandsSubHype gandsSubHype gandsSubHype,neither,0.03945320844208391,0.33037608806864915,0.630170703489267
NEW GOAL: $15K!,neither,0.04267205550974612,0.25044069723435963,0.7068872472558942
That's pretty awesome,neither,0.035123783787114234,0.377560240067698,0.5873159761451877
Have you heard about the new Smartphone Drinking Game Dare&Drink? Me and my lads had so much fun yesterday :D,neither,0.03457043062187509,0.35552700493555717,0.6099025644425676
gandsSubHype gandsSubHype gandsSubHype,neither,0.03945320844208391,0.33037608806864915,0.630170703489267
gandsSubHype gandsSubHype,neither,0.03945320844208391,0.33037608806864915,0.630170703489267
@Leigh574 Thanks!!,neither,0.035884468650613,0.3004919205142699,0.6636236108351171
lol,neither,0.020706217963973744,0.4882283491876925,0.4910654328483337
"Hahahhaha ""Fair"" Arkhangelsk game!",neither,0.03886012418069587,0.2945867297093188,0.6665531461099853
"Brian needs to be full time CR cast, he's funny asf .... love that guy!",neither,0.05013536442686607,0.37448825126513174,0.5753763843080023
Have they played this on TableTop?,neither,0.03550348169300674,0.3583542656414082,0.606142252665585
lol,neither,0.020706217963973744,0.4882283491876925,0.4910654328483337
lol,neither,0.020706217963973744,0.4882283491876925,0.4910654328483337
NEW GOAL $15K <3,neither,0.04267205550974612,0.25044069723435963,0.7068872472558942
I was just playing Overwatch and my brain refuses to function rn,neither,0.03279230606218801,0.3681701218220728,0.5990375721157392
@TheLoneOrphan Ashcan Keyth?,neither,0.03945320844208391,0.33037608806864915,0.630170703489267
hahahah didn't see that coming,neither,0.024892337678724858,0.40149611508559485,0.5736115472356803
gandsSubHype,neither,0.03945320844208391,0.33037608806864915,0.630170703489267
enrico pucci?,neither,0.03945320844208391,0.33037608806864915,0.630170703489267
Did not expect that...,neither,0.03379545671819027,0.3825956328004468,0.583608910481363
"My sister was subbed by a mini, once. It turns out she was carving her initials in it at the time. Yeah, I don't know why any of that happened.",offensive_language,0.01977996767489582,0.5695302877330062,0.41068974459209806
I'm shocked,neither,0.03945320844208391,0.33037608806864915,0.630170703489267
gandsMatt,neither,0.03945320844208391,0.33037608806864915,0.630170703489267
Lol. Hisvoice is so good.,neither,0.03744178478720739,0.4799635195883629,0.4825946956244298
yeh Brian's hair looks like it moving fast even when hes standing still,neither,0.03716963045898953,0.3833434569770986,0.5794869125639119
:-),neither,0.03945320844208391,0.33037608806864915,0.630170703489267
"hahah, oh Preston.",neither,0.04546305824073122,0.2734269899288309,0.6811099518304378
NEW DONATION GOAL 15K AND SAX WILL DO SOMETHING AWESOME!!,neither,0.04306092483523429,0.22989077840499975,0.7270482967597659
"so is it similar to ""betrayal at the house on the hill""?",neither,0.04450773071540426,0.35869783325667554,0.5967944360279203
Darin should read everything,neither,0.05475022758151519,0.3748068170393579,0.5704429553791268
Hahaha!,neither,0.03945320844208391,0.33037608806864915,0.630170703489267
"Yo, this guy should do voice acting",neither,0.051603405762332286,0.4371550555964138,0.5112415386412539
AND HIS WIFE,neither,0.08033289766328507,0.2743585295662392,0.6453085727704758
Need to see his pic!,neither,0.07514415264649457,0.38814221165186685,0.5367136357016385
LUL,neither,0.03945320844208391,0.33037608806864915,0.630170703489267
"@prydenpaine no, it's a bit too long for it",neither,0.031137100531947227,0.3196374458035226,0.6492254536645301
i love his voice,neither,0.07050175354934311,0.3496701253512223,0.5798281210994346
I love Darin,neither,0.03217296676969875,0.3657703709031763,0.602056662327125
Darrin is making my weekend,neither,0.034800271996225846,0.41260520598608785,0.5525945220176863
haha,neither,0.03186685585600258,0.45913629025701075,0.5089968538869867
Is that a jojo referendum?,neither,0.04253085482587492,0.3616416467368228,0.5958274984373023
"Well, if you give your child the first name ""Father"", what else do they b<ecome but a priest?",neither,0.0480842855742516,0.3829633805951568,0.5689523338305916
I LOVE DARIN SO MUCH! LOL <3,neither,0.02315385257688011,0.48215218974091983,0.49469395768220015
I want Darin to read my voicemail message.,neither,0.03391540004169051,0.4073181475133792,0.5587664524449303
Darin <3 <3 <#,neither,0.03945320844208391,0.33037608806864915,0.630170703489267
sea urchin?,neither,0.03945320844208391,0.33037608806864915,0.630170703489267
The new and improved GOAL is $15K,neither,0.047927706295596284,0.21392912904535102,0.7381431646590527
I could listen to Darin read the bible and I'd be happy,neither,0.04337089532370203,0.2899631305505314,0.6666659741257664
oh ya,offensive_language,0.02498326989824203,0.6541070264576702,0.3209097036440878
I want Darin to do my voicemail,neither,0.032763765350295446,0.45111773083885,0.5161185038108544
alas poor yorrick,neither,0.03945320844208391,0.33037608806864915,0.630170703489267
Mr. Howell the 3'rd,neither,0.038560618375906186,0.3140506655435299,0.647388716080564
har har har @ArseQueef,neither,0.03945320844208391,0.33037608806864915,0.630170703489267
"@ArseQueef, He voiced Reinhardt in overwatch",neither,0.04536998585971523,0.32834103699733225,0.6262889771429525
Brian should be Rita,neither,0.050764357671425085,0.3659549712721505,0.5832806710564244
I need Darin to narrate my life,offensive_language,0.027715449160916224,0.5047140206667063,0.46757053017237754
I'd listen to Darin do an audio book of the dictionary,neither,0.044246985918725945,0.3138303582358331,0.641922655845441
Can he narrate my life,offensive_language,0.02696111010693471,0.504574816314371,0.46846407357869435
Wednesday Adams?,neither,0.03945320844208391,0.33037608806864915,0.630170703489267
he's announcing pageant contestants,neither,0.045841453576720426,0.3281788776300179,0.6259796687932617
such a good voice,neither,0.03897605438778381,0.32568148694931304,0.6353424586629033
15K and........ wait for it..........,neither,0.03243177837123752,0.27067873699070194,0.6968894846380604
what else does Darin do?,neither,0.030155981369535335,0.46343226942434407,0.5064117492061206
"The rest of the show will be Darin reading the phonebook, and you will LOVE it.",neither,0.05640065751242625,0.2308837017709946,0.7127156407165792
the parasite cologist?,neither,0.03843498882663835,0.31168514531390124,0.6498798658594604
I am praying Travis plays Wendy or Agatha.,neither,0.03933170339339346,0.330417879226581,0.6302504173800255
Subs gandsSubHype gandsLessthanthree Resubs,neither,0.03945320844208391,0.33037608806864915,0.630170703489267
Matt is so adorably OCD,neither,0.046361260122311676,0.3662800712315541,0.5873586686461341
I love Darrin so much already,neither,0.030679168669758228,0.42242836731017225,0.5468924640200695
Darin De Paul should do it in his Emperor Valkorion voice,neither,0.07254330705179249,0.36023230489623825,0.5672243880519693
I can hear Valkorion :D :D,neither,0.039887949167755433,0.32299740337112,0.6371146474611248
I love thisss,neither,0.03217296676969875,0.3657703709031763,0.602056662327125
lets hit that 15K before Mansions of Madness is over,neither,0.03692419551440369,0.4026612979002448,0.5604145065853515
The Butler did it,neither,0.03713087548768493,0.31439323003766273,0.6484758944746524
Mt Baldie,neither,0.03945320844208391,0.33037608806864915,0.630170703489267
Parasite-cologist!,neither,0.03945320844208391,0.33037608806864915,0.630170703489267
I'm so glad Darin is joining them today! Love the voices!,neither,0.05058741685025133,0.3346241689531558,0.6147884141965929
