text,top_class,hate_speech,offensive_language,neither
Bidet from Houston TX,neither,0.040501953574932,0.3125761461575217,0.6469219002675464
here come da critters! Bidet,offensive_language,0.21296831079243506,0.43335590539856617,0.3536757838089989
here we go,neither,0.13156755280784707,0.2765461283225309,0.5918863188696221
<.<,neither,0.03945320844208391,0.33037608806864915,0.630170703489267
@Boiglio about 24 minutes,neither,0.03774994092718215,0.3592849829705275,0.6029650761022903
test,neither,0.03945320844208391,0.33037608806864915,0.630170703489267
Biday from Winnipeg.,neither,0.04228451509352876,0.2823214250720796,0.6753940598343917
!discord,neither,0.03945320844208391,0.33037608806864915,0.630170703489267
We have a subscriber-only Discord server! Join here: https://discord.gg/geekandsundry (you'll need to sub and link it to your Twitch) and be a part of the fun!,neither,0.09599275848176793,0.2819530604707182,0.6220541810475139
"@Arborhawk how much did you all get? Looked like it was worse to the north, but wasn't sure how the east-west aspect affected things. (My area in MD only got about an inch of snow and half-inch of sleet)",neither,0.04165112801242016,0.4077599002392372,0.5505889717483426
Bidet from Indiana,neither,0.0408364874901429,0.30689823255244486,0.6522652799574122
beep beep all,offensive_language,0.046917543854519406,0.6277741405869331,0.3253083155585475
Bidet from South Dakota,neither,0.04041079298828133,0.31412337922315653,0.6454658277885622
Denise is that you being creepy again? <----,neither,0.051448781226585624,0.46706772946119385,0.4814834893122206
bidet from Philly!,neither,0.040769555981420263,0.3080342349327864,0.6511962090857933
beep beep from western MA,neither,0.034183873238019254,0.4198104583506768,0.5460056684113038
bidet again had to refresh,neither,0.04384191520703662,0.35544617163230996,0.6007119131606534
But I like Denise,neither,0.059107789418246064,0.39889399516999574,0.5419982154117582
im having issues linking twitch and discord :(. help?,neither,0.03826140856294089,0.32433581874678524,0.6374027726902739
She can be creepy all she likes,offensive_language,0.050359985536329324,0.628484436465996,0.32115557799767447
"@CaptainMunden only got about 7 inches, 2 ft was what they were calling for",neither,0.037170215759930736,0.34091272343837875,0.6219170608016904
Oh no ood,neither,0.04751210705993949,0.26629718932274826,0.6861907036173122
Bidet from MD,neither,0.04062582848913359,0.31047366557575606,0.6489005059351104
loam?,neither,0.03945320844208391,0.33037608806864915,0.630170703489267
geekandsundry is online. RevloBot is now tracking loyalty.,neither,0.05157974116510514,0.3262052173957376,0.6222150414391574
rooDerp,neither,0.03945320844208391,0.33037608806864915,0.630170703489267
Bidget from New York,neither,0.044690599332616286,0.20708884905532376,0.7482205516120599
!wallet,neither,0.03945320844208391,0.33037608806864915,0.630170703489267
zenora1911 has 14444 coins,neither,0.03989735448983053,0.32283777050957063,0.6372648750005988
t,neither,0.03945320844208391,0.33037608806864915,0.630170703489267
revlobot ftw,neither,0.03945320844208391,0.33037608806864915,0.630170703489267
I like you too @LupusDream,offensive_language,0.12756428945733228,0.48847033843636967,0.3839653721062981
Denise what is Loam????,neither,0.08191733112755817,0.31109320414220176,0.6069894647302402
bidet from SC why is it winter,neither,0.035180899643500706,0.32666953606797533,0.6381495642885241
gandsSubHype gandsSubHype,neither,0.03945320844208391,0.33037608806864915,0.630170703489267
We gat way to much snow then called for XD,neither,0.03675811032748601,0.31065323112199233,0.6525886585505217
hi,neither,0.03945320844208391,0.33037608806864915,0.630170703489267
Loam is a mound of earth/soil,neither,0.05108939027182072,0.32637387155327374,0.6225367381749055
rho are the guests tonight?,neither,0.07825223404193668,0.21353163001706063,0.7082161359410026
who*,offensive_language,0.04159901189299763,0.525362713080101,0.4330382750269014
whatever happened to the legend of Zelda remixes that used to play,neither,0.043900907143795714,0.33951563536453294,0.6165834574916714
1st time chatting and watching talks live,neither,0.04148087279899737,0.3127161205464899,0.6458030066545127
NY snowed in lol fun times,neither,0.03261502322803113,0.37940752392909954,0.5879774528428694
how long until talks machina starts?,neither,0.03926903805191458,0.32883386893249095,0.6318970930155944
40 minutes,neither,0.03945320844208391,0.33037608806864915,0.630170703489267
Liam Travis and Laura tonight,neither,0.03702492610829291,0.2856138039621924,0.6773612699295146
starts on the hour,neither,0.035806873551730865,0.3276013822695498,0.6365917441787192
errr 20,neither,0.03945320844208391,0.33037608806864915,0.630170703489267
Bidet from Australia!,neither,0.04062582848913359,0.31047366557575606,0.6489005059351104
talks starts at 7,neither,0.03865526862331219,0.3546604971465431,0.6066842342301446
i wanna know if i got time to get myself a burrito,neither,0.028121261047554406,0.4219294520793637,0.5499492868730819
Thx @DeniseBRR,neither,0.03945320844208391,0.33037608806864915,0.630170703489267
MATHS,neither,0.03945320844208391,0.33037608806864915,0.630170703489267
cool ty,neither,0.03945320844208391,0.33037608806864915,0.630170703489267
aussie aussie aussie! :P,neither,0.03945320844208391,0.33037608806864915,0.630170703489267
I actually get to stay up and watch the whole show!! Thank you snow for canceling work,neither,0.059638059788734814,0.2903128157499698,0.6500491244612954
gandsGandsVaxSigil,neither,0.03945320844208391,0.33037608806864915,0.630170703489267
gd snow,neither,0.03945320844208391,0.33037608806864915,0.630170703489267
oh Hai !,neither,0.051363287716059566,0.22255663153133606,0.7260800807526044
"@Arborhawk That's a good decrease! We were supposed to get up to 10 inches at one point, but as things formed they kept decreasing ours. The sleet made things ugly on the roads a bit, but still .. nothing compared to other places like y'all",neither,0.06447212248584497,0.364577920937806,0.570949956576349
LOL,neither,0.020706217963973744,0.4882283491876925,0.4910654328483337
yeeee travis,neither,0.03945320844208391,0.33037608806864915,0.630170703489267
GIL! <3,neither,0.03945320844208391,0.33037608806864915,0.630170703489267
oh travis,neither,0.0450478101092574,0.2772031091301225,0.6777490807606199
T-Money!,neither,0.03945320844208391,0.33037608806864915,0.630170703489267
Same,neither,0.04148851938089603,0.3488915597363099,0.609619920882794
Travis perfecting the 90s wrestling moves,neither,0.0388755399222357,0.3198995061595326,0.6412249539182318
Travis and his invisible friends,neither,0.05813767245155774,0.30074522325347525,0.641117104294967
travis,neither,0.03945320844208391,0.33037608806864915,0.630170703489267
Hello Hoomans gandsLessthanthree,neither,0.03945320844208391,0.33037608806864915,0.630170703489267
<3 <3 <3,neither,0.03945320844208391,0.33037608806864915,0.630170703489267
Travis is magnificent.,neither,0.04912624121044723,0.3270490885368631,0.6238246702526896
Liammmm,neither,0.03945320844208391,0.33037608806864915,0.630170703489267
"hey guys, first time actually watching the stream, although I've watched the first 15 episodes of Critical Role(trying desperately to catch up haha) what is Talks Machina about?",neither,0.028613778633487987,0.36772560497970835,0.6036606163868037
liam work it,neither,0.03802284044495509,0.3308680572132481,0.6311091023417967
Liam just wants 5 minutes,neither,0.035748800319348094,0.3477175324117518,0.6165336672689001
gosh oh gee,neither,0.04369364209007989,0.28968734613464187,0.6666190117752782
I was pretty sure Liam was about to start dancing....,neither,0.03849716397959451,0.42873819368592475,0.5327646423344808
it's a talk show about the last week's episode of Critical Role,neither,0.03325331554660604,0.29481234150031554,0.6719343429530784
pretty awesome :),neither,0.03945320844208391,0.33037608806864915,0.630170703489267
that wasn't dancing to you?,neither,0.06079311755607031,0.4195710856963709,0.5196357967475588
That counts as a dance.,neither,0.03415635132736428,0.3993721628084368,0.5664714858641988
"@Leigh574, I am not a human, I am a robot. I know this, because I can never enter Captchas correctly.",neither,0.09056997984110875,0.26920579492658736,0.6402242252323039
liam what,neither,0.04568673754512718,0.3259267583143808,0.628386504140492
took me 3 months to catch up lol,neither,0.02976972446795995,0.45238091783298323,0.5178493576990568
bidet from PA,neither,0.04069404815304118,0.30931579984010865,0.6499901520068502
i dont think we need sound to understand this context,neither,0.0442266864314932,0.323237287257258,0.6325360263112488
whos on tonight?,neither,0.03394792596963401,0.32119843853460367,0.6448536354957624
They TALK about Vox Machina and Critical Role....,neither,0.02426259980734164,0.3241473735040738,0.6515900266885845
@KnightsWhoNi They talk about the previous episode,neither,0.02095203185440161,0.3471606106193026,0.6318873575262958
you go Liam love,neither,0.05450858448005127,0.39944311467822924,0.5460483008417194
bidet from Canada,neither,0.04071751644889743,0.3089174816120565,0.6503650019390461
okay cool so it's just all the usual people on Critical role talking about it?,neither,0.04644550593352968,0.41550313696211455,0.5380513571043558
gandsGandSDenise gandsGandSDenise gandsGandSDenise gandsGandSDenise,neither,0.03945320844208391,0.33037608806864915,0.630170703489267
Liam is for sure,neither,0.03537448093149381,0.41931661592353786,0.5453089031449683
bidet from Saint Paul MN,neither,0.04025197721883635,0.316818897306768,0.6429291254743956
@KnightsWhoNi it's like Talking Dead. spoilery and talks about latest episdoe and answer fan questions,neither,0.042451080720359004,0.3085767132746182,0.6489722060050229
Bidet from Arizona!,neither,0.04078317879478948,0.307803020237201,0.6514138009680096
"@knightswhoni about the prior episode, these are usually full of spoilers if you're now caught up",neither,0.08722015091622204,0.43497044632972925,0.4778094027540487
"@KnightsWhoNi Yep! Plus the host, Brain Fester",neither,0.03889452441509011,0.3202486908431461,0.6408567847417638
"Was waiting for someone to dump a bucket of water on Liam a la ""Flashdance""! LOL",neither,0.03370190147041006,0.3483856733619854,0.6179124251676045
BIDET,neither,0.03945320844208391,0.33037608806864915,0.630170703489267
Bidet also from Arizona!,neither,0.040552160913681974,0.31172399658822175,0.6477238424980964
HAND!,neither,0.03945320844208391,0.33037608806864915,0.630170703489267
DENISE IS CALLING FOR HELP!,neither,0.04111518810407312,0.29512124805813267,0.6637635638377941
Bidet from Hungary,neither,0.04228451509352876,0.2823214250720796,0.6753940598343917
man i hope my scalloped potatoes are done in time,neither,0.07939035619513554,0.34431876998853894,0.5762908738163256
#waterDenise,neither,0.03945320844208391,0.33037608806864915,0.630170703489267
LMAO,neither,0.03705015143476208,0.3711622369619404,0.5917876116032975
DENISE!,neither,0.03945320844208391,0.33037608806864915,0.630170703489267
"Oh yeah, I forgot this was hosted by Brain Which Festers.",neither,0.030752496046968593,0.4136158753977028,0.5556316285553285
I have 70 episodes to go til I am caught up and don't want to miss the current episodes while I'm catching up so I'm fine with spoilerinos,neither,0.0346148997164369,0.3794580461464011,0.585927054137162
did anything interesting even happen last episode. i cant remember after the 25 hr live stream lol,neither,0.03692444156785914,0.3535924908550484,0.6094830675770926
DENIS !!,neither,0.03945320844208391,0.33037608806864915,0.630170703489267
"pssshhhh, what loam, Denise?",neither,0.057770773616808734,0.3180719994247239,0.6241572269584672
hi liam,neither,0.03945320844208391,0.33037608806864915,0.630170703489267
Beepbeep from MO!,neither,0.040912083971464244,0.30561516297332675,0.653472753055209
yeah Denise we see you,offensive_language,0.033040136691261004,0.5429477027417605,0.4240121605669785
Denise save her xxx,offensive_language,0.029707165279592402,0.5754072726553009,0.39488556206510667
Emerge from the what?,neither,0.050411472585127425,0.26294472620841725,0.6866438012064553
"yea, Brian takes questions I think from Alpha then asks available cast and guests (like last week it was Gill)",neither,0.04324038244342749,0.3105309837753729,0.6462286337811995
I NEED MORE COFFEE,neither,0.05247766478723528,0.13501488410132817,0.8125074511114364
FREE DENISE!!!,neither,0.03945320844208391,0.33037608806864915,0.630170703489267
I love those goddamn notes xD,neither,0.057511698552836645,0.280070431185047,0.6624178702621164
A distress signal! #FreeDenise,neither,0.03945320844208391,0.33037608806864915,0.630170703489267
Coffee sounds good,neither,0.04868641861755476,0.15961454186908816,0.7916990395133571
Cool light Denise,neither,0.03945320844208391,0.33037608806864915,0.630170703489267
who is that,offensive_language,0.04890640013261156,0.5245279313106093,0.4265656685567792
"loamlÅmnouna fertile soil of clay and sand containing humus.GEOLOGYa soil with roughly equal proportions of sand, silt, and clay.a paste of clay and water with sand, chopped straw, etc., used in making bricks and plastering walls.",neither,0.033540377208902544,0.30699007332455597,0.6594695494665415
ohhh there doing a power rangers marathon today soooooo COOL Ahhhh,neither,0.03867588468813521,0.2972553413940583,0.6640687739178065
i emerge from the g,neither,0.039779025773403386,0.2539611253407979,0.7062598488857987
mmhhh 2:45 am moar coffee pls,neither,0.045859600640513955,0.21916167492095992,0.7349787244385261
Liam smile,neither,0.03945320844208391,0.33037608806864915,0.630170703489267
"Denise is going to take over the show, that's what the sign means",neither,0.05864134581820861,0.2968293935322086,0.6445292606495828
rooDerp,neither,0.03945320844208391,0.33037608806864915,0.630170703489267
I would like to subscribe to more geology facts.,neither,0.07109050389073289,0.32045029034128475,0.6084592057679824
I just realized that episode 90 is on thursday. Almost to 100!,neither,0.04090952488312132,0.3710398484104316,0.588050626706447
bidet from ABQ,neither,0.04228451509352876,0.2823214250720796,0.6753940598343917
"questions are taken from twitter and reddit. if you have alpha, the alpha submission chatrrom is where questions come from for the TalksMachina After Dark that comes on right after this.",neither,0.04149280247410995,0.36253048348893807,0.595976714036952
@ChocoBunny3 :O,neither,0.03945320844208391,0.33037608806864915,0.630170703489267
"Liam, we see you lurkin' on our chat! Lurkin' Watch!",neither,0.04792254675135303,0.35813988903280464,0.5939375642158422
Wow...just came here from watching a few minutes of Power Rangers....almost can not belive I watch that when I was a kid. LOL,neither,0.04464942749139704,0.3852753978489163,0.5700751746596867
oohhh what if they give out something awesome at 100?,neither,0.02626038204869235,0.39803130161092104,0.5757083163403867
"Denise flash light once for all clear, twice for distress!",neither,0.03261677702637183,0.3317261644959253,0.6356570584777028
@Techwolf_Lupindo It's beautifully awful. I love every minute of it.,neither,0.035760135250049424,0.33979151641141014,0.6244483483385405
rooLurk,neither,0.03945320844208391,0.33037608806864915,0.630170703489267
"""We'll mail Sam Reigel straight to your doorstep""",neither,0.06491059145816773,0.3235033132701828,0.6115860952716495
like a copy of matts campagine setting awesome?,neither,0.04784125510067415,0.34277348558985843,0.6093852593094675
Liam looks bored lol,neither,0.03322819738267273,0.37467276187401427,0.5920990407433131
don't forget Mercer has his 2hr silk robe Q&A to do also,neither,0.05926516696967739,0.3250674756582187,0.615667357372104
"Hey Sax, My name is Peter Fadden, FireFistShanks@gmail.com , Shirt size M, ADDRESS 20 Hy Vue Drive, Newburgh N.Y. 12550*",neither,0.03420721953329881,0.42001401984372794,0.5457787606229733
"Liam like ""everyone else is late bah""",neither,0.04847517576674916,0.4167079834276824,0.5348168408055683
I'm just hoping 100 is ridiculous!,neither,0.04177005034030304,0.3447300383206043,0.6134999113390928
gandsMatt gandsJesstatorship gandsMasterStef gandsDrink gandsSCANLAN gandsCrit gandsGandsVaxSigil gandsTrinketArmor,neither,0.03945320844208391,0.33037608806864915,0.630170703489267
I think I have the pattern for that shawl.....,neither,0.030279596305376417,0.32818657010980434,0.6415338335848193
Hi liam.,neither,0.03945320844208391,0.33037608806864915,0.630170703489267
I see you.,offensive_language,0.09082037091224987,0.45847253898735657,0.4507070901003935
0_0,neither,0.03945320844208391,0.33037608806864915,0.630170703489267
So who is on today,neither,0.04439311448410943,0.4527716073590634,0.5028352781568272
"Does this mean we get our wish for ""Behind Talks Machina--Featuring Gil and Brian""?",neither,0.028286960129718496,0.3734002870347901,0.5983127528354913
#NeverForget the silk robe,neither,0.0388092672526737,0.3186776433000405,0.6425130894472859
We have a subscriber-only Discord server! Join here: https://discord.gg/geekandsundry (you'll need to sub and link it to your Twitch) and be a part of the fun!,neither,0.09599275848176793,0.2819530604707182,0.6220541810475139
"Hi, Everyone <3 <3 <3 <3",neither,0.032490659208996964,0.4485487193596734,0.5189606214313296
"Damn, that music sync when Liam got up XD",offensive_language,0.03128122330460327,0.8058382989723339,0.1628804777230628
100 eps = Sam being delivered to your house,neither,0.06276426686015121,0.3412691884605546,0.5959665446792942
Is the release date of Matt's campaign guide already public? Also price?,neither,0.04233058476709869,0.32977013966048047,0.627899275572421
*Malks Tachina,neither,0.03945320844208391,0.33037608806864915,0.630170703489267
And thank you Denise for the awesome music,neither,0.04459377654625287,0.29440137780771736,0.6610048456460298
hey @dr_feelgood1979,neither,0.03945320844208391,0.33037608806864915,0.630170703489267
"Travis, liam and Laura",neither,0.038785046710499864,0.2971224848814248,0.6640924684080753
Beep Beep Everyone,offensive_language,0.02988896790634741,0.4927062106388782,0.4774048214547744
Nice thank you,neither,0.06226995356112627,0.40496881513526733,0.5327612313036064
bidet,neither,0.03945320844208391,0.33037608806864915,0.630170703489267
@NiveusMilitis I liked the Gold Monkey(?) villian.,neither,0.04313481113010874,0.12787175054309324,0.828993438326798
The guide I think gets released at GenCon and I will be there to get one.,neither,0.042678482091799086,0.2877869195831973,0.6695345983250037
gandsSubHype,neither,0.03945320844208391,0.33037608806864915,0.630170703489267
i peench yo head,offensive_language,0.037000700557001796,0.4875517224499855,0.4754475769930126
