text,top_class,hate_speech,offensive_language,neither
dr orpheus. lol,neither,0.029805912114948485,0.40205111358152873,0.5681429743035228
@Rogue_13 I missed the FB live :( What did they talk about?,neither,0.03065188165869552,0.3389885728476278,0.6303595454936767
G'morning/evening,neither,0.048103957144204915,0.1835503059385874,0.7683457369172078
"Help G&S make great content! $4.99/month gets you emotes, Minecraft server access, Sub Only Q&As, VODs, and more! Every sub keeps the channel alive! twitch.tv/geekandsundry/subscribe",neither,0.043092924924402844,0.32365565443818894,0.6332514206374082
"ANSWER: Fine,thank you",neither,0.056125568932482287,0.3862028599419511,0.5576715711255665
Traffic was def the issue for us on Vast last week. Hard to start without the GM,neither,0.04647509032895488,0.4149065789892731,0.538618330681772
Wooo!,neither,0.03945320844208391,0.33037608806864915,0.630170703489267
gandsSubHype gandsSubHype gandsSubHype,neither,0.03945320844208391,0.33037608806864915,0.630170703489267
"osmoosis - no idea, don't do facebook",neither,0.02556359275762527,0.38408270839201913,0.5903536988503555
@farlichu constantine vs. dr strange is an awesome comparison. constantine is too guilt-ridden for me but i like conparing the Catholic magic to other cultures,neither,0.04545253769350135,0.3327109813711301,0.6218364809353687
helloo,neither,0.03945320844208391,0.33037608806864915,0.630170703489267
im better!,neither,0.038000755089935646,0.38544076379762915,0.5765584811124352
sound?,neither,0.03945320844208391,0.33037608806864915,0.630170703489267
hi hi,neither,0.03945320844208391,0.33037608806864915,0.630170703489267
hey Alan!,neither,0.03945320844208391,0.33037608806864915,0.630170703489267
Thanks for the update @JJ_Dane,neither,0.031493813482582046,0.2750949005051108,0.6934112860123072
hi amy n matt,neither,0.03945320844208391,0.33037608806864915,0.630170703489267
Hey Amy & Matt! I see a guest now. :D,neither,0.03945320844208391,0.33037608806864915,0.630170703489267
Rogue_13 good advice,neither,0.03862477639939439,0.3306610238363805,0.6307141997642249
@Rogue_13 I think you're better off for it. Thanks for the reply :),neither,0.05016790199220307,0.2673364116308446,0.6824956863769525
hey alqn,neither,0.03945320844208391,0.33037608806864915,0.630170703489267
Hi,neither,0.03945320844208391,0.33037608806864915,0.630170703489267
"See, I told you.",neither,0.0690271158710531,0.40998865275091834,0.5209842313780285
alan,neither,0.03945320844208391,0.33037608806864915,0.630170703489267
hope they talk about Extrano lmao,neither,0.045576768325737566,0.2588819501857113,0.6955412814885511
!whodat,neither,0.03945320844208391,0.33037608806864915,0.630170703489267
"Amy Dallen ( twitter.com/enthusiamy ), and Matt Key ( twitter.com/TheMattKey ), with guest Alan Sizzler Kistler ( twitter.com/SizzlerKistler )",neither,0.03442248243115835,0.447646374262043,0.5179311433067988
Hey Amy! Hey Matt! Hey Alan! :D,neither,0.03945320844208391,0.33037608806864915,0.630170703489267
No Taliesin this week?,neither,0.03812314650403619,0.3529507103423722,0.6089261431535916
"Hi Matt, Amy and Alan",neither,0.0388100252782571,0.29846695177565247,0.6627230229460904
Hiiiiii Alan gandsLessthanthree gandsLessthanthree,neither,0.03945320844208391,0.33037608806864915,0.630170703489267
ok things are good now,neither,0.06598159391380447,0.2841096623623029,0.6499087437238927
Your chalkboard artist is phenominal,neither,0.10096754975701643,0.31193559822635814,0.5870968520166254
@Tacotownindustries he's recording,neither,0.057568607992634975,0.3241453714706532,0.6182860205367118
@Tacotownindustries voice acting stuff,neither,0.03945320844208391,0.33037608806864915,0.630170703489267
doing VO work i think,neither,0.040124462850501516,0.3189831489233931,0.6408923882261054
Welcome Alan!,neither,0.03945320844208391,0.33037608806864915,0.630170703489267
gandsSubHype gandsLessthanthree Resub,neither,0.03945320844208391,0.33037608806864915,0.630170703489267
"Hello all! As someone who loves the idea of Doctor Strange but hasn't read any of the comics, I'm very excited about this episode!",neither,0.03676749250101326,0.39632225408117616,0.5669102534178107
ahhh,neither,0.03945320844208391,0.33037608806864915,0.630170703489267
the sizzler sounds like a steak restaurant,neither,0.047356861680154634,0.3290467076381279,0.6235964306817174
I liked Constantine better before they decided to turn him into a high level magic user tbh,neither,0.03886375650792625,0.39884882908178965,0.5622874144102842
Apples & Comics,neither,0.03945320844208391,0.33037608806864915,0.630170703489267
branding,neither,0.03945320844208391,0.33037608806864915,0.630170703489267
"PipersTwin, it is",neither,0.059603583318096655,0.32344545014120724,0.616950966540696
I own a bunch of Dr. Strange comics but I'm about two years behind on my reading at this point...,neither,0.040705645863820535,0.45553322475381713,0.5037611293823623
Amy's creating her own comic sereies,offensive_language,0.04956361622788731,0.4961874987058987,0.45424888506621397
Sizzlor,neither,0.03945320844208391,0.33037608806864915,0.630170703489267
"i want to watch Doctor Strange, I just dread hearing Mads Mikkelsens english :D",neither,0.04369975463554573,0.3367409327576765,0.6195593126067777
DCH gandsLessthanthree gandsLessthanthree gandsLessthanthree gandsLessthanthree,neither,0.03945320844208391,0.33037608806864915,0.630170703489267
!questions,neither,0.03945320844208391,0.33037608806864915,0.630170703489267
"To make it easier to read questions in chat, please preface your questions with the word question in all caps. For example, QUESTION: How are you today?",neither,0.06209713493468228,0.3342013724685751,0.6037014925967426
"With the Weird Sink, and Weiner",neither,0.030015139705543783,0.3162698491785638,0.6537150111158924
I have no context for Doctor Strange (I think) because I live under a rock...,neither,0.037939345094879624,0.3205198459195762,0.6415408089855441
okie dokie!,neither,0.03945320844208391,0.33037608806864915,0.630170703489267
The DCH of Spiderman is legit one of the funniest things I've ever seen.,neither,0.028174658809681955,0.3189139368420147,0.6529114043483032
I liked the Doctor Strange movie.,neither,0.04040883683353646,0.29024290422434457,0.669348258942119
DCH was the best thing EVER!,neither,0.03747820796665403,0.3075608805943329,0.6549609114390131
I did Max Lord as Harley Quinn in Drama Club Heroes. And I remember Matt doing that voice. XD,neither,0.03659264132797511,0.3454919526272889,0.617915406044736
#DramaClubHeroesNeverForget,neither,0.03945320844208391,0.33037608806864915,0.630170703489267
HAHA Zapp...,neither,0.03186685585600258,0.45913629025701075,0.5089968538869867
the spiderman dch was my fav. it was hot hot hot,neither,0.032586587762273814,0.36615204964082976,0.6012613625968964
I read the comic during the '80s,neither,0.03809654098070115,0.3052064645793334,0.6566969944399654
@hploopylu when I get my mug I never will,neither,0.021640591444862942,0.460125984800362,0.5182334237547751
i thought he said wizard club,neither,0.04706372296376283,0.24503163845781128,0.7079046385784258
QUESTION: Favorite Dr Strange team up?,neither,0.03765147957485056,0.36604984754025005,0.5962986728848994
#DramaClubHeros,neither,0.03945320844208391,0.33037608806864915,0.630170703489267
"Matt, I've come to bargain.",neither,0.024430465166229032,0.3333799190638427,0.6421896157699284
Know hardly nothing about Dr. Strange. Looking forward to a lesson gandsLessthanthree,neither,0.04062853537724789,0.36615830944522626,0.5932131551775258
"My first experience with him was with the series he shared with Cloak and Dagger. I was more into Cloak and Dagger at the time, though.",neither,0.023504609944114924,0.372822906176875,0.6036724838790102
manse sounds weird,neither,0.03945320844208391,0.33037608806864915,0.630170703489267
Traci 13?,neither,0.03945320844208391,0.33037608806864915,0.630170703489267
QUESTION: Favorite Dr. Strange fight?,neither,0.03945320844208391,0.33037608806864915,0.630170703489267
I would be up for Drama Club Heroes returning monthly. I understood from Lucas that the set up was very complicated.,neither,0.032889307180071214,0.3635100979375057,0.603600594882423
starpilotsix Loved Cloak & Dagger,neither,0.03945320844208391,0.33037608806864915,0.630170703489267
we might be the only ones,neither,0.038832188687989336,0.32022449892657984,0.6409433123854309
i think Oded Fehr would of been a batter Doctor Strange,neither,0.03916379513759557,0.32453016699036774,0.6363060378720368
Zantana is my favorite!,neither,0.032611318641918983,0.4514347285139468,0.5159539528441343
!wallet,neither,0.03945320844208391,0.33037608806864915,0.630170703489267
bluelinnet has 42297 coins,neither,0.03989735448983053,0.32283777050957063,0.6372648750005988
QUESTION: What first drew you to Doctor Strange/What got you reading Doctor Strange?,neither,0.056414794402950504,0.382183296160522,0.5614019094365273
QUESTION: Best magical cross over?,neither,0.03662233350699071,0.32620691753648173,0.6371707489565275
Magic always has consequences,neither,0.03834425856132649,0.36971474155678263,0.5919409998818909
"thats what i love about dr strange is that they delve into thr magic universe, not just use magic as a toop to get out of issues",neither,0.025696014709356032,0.4238461002680572,0.5504578850225867
@JodyHouser I remember your 'Harley Lord' voice. It was so good...and really creepy but still very fun!,neither,0.04918113218427641,0.3418282565983715,0.608990611217352
I like Cloak and Dagger. There are TENS of us!,neither,0.1279178924110237,0.22478289633407794,0.6472992112548983
QUESTION: Must reads of the marvel magic universe?,neither,0.039453520086795285,0.31192153870681805,0.6486249412063867
Amateur comment is funny. XD,neither,0.04552219348485259,0.3430577166533135,0.6114200898618338
@Ricky_Galletti Harleen Lordzel!,neither,0.03945320844208391,0.33037608806864915,0.630170703489267
isnt someone missing here,neither,0.07981215560389396,0.2972170401993851,0.6229708041967209
osmoosis Yay! So many,neither,0.039409774434872764,0.38019096368161287,0.5803992618835143
Whats the theme today?,neither,0.03757541491530214,0.2988449894806171,0.6635795956040809
QUESTION: Who is stranger Dr. Strange or Extrano?,neither,0.04519292547967021,0.37089444769154484,0.583912626828785
https://clips.twitch.tv/GoldenTemperedMonkeyHassanChop,neither,0.03945320844208391,0.33037608806864915,0.630170703489267
What's his PHD?,neither,0.1309109671299513,0.3165240568232983,0.5525649760467504
@PortaWasTaken Taliesin is off doing VO work,neither,0.04962181974293227,0.3268786363544893,0.6234995439025783
"hey, it's that Matt Key guy",neither,0.0351075158485734,0.36887262150047495,0.5960198626509517
Doctor Stephen Strange Kreygasm One of the few Stephens that spells his name right! xD,neither,0.04892859439190934,0.37487164346806146,0.5761997621400292
how did Mordo become a Baron? was he ever just Mr Mordo,neither,0.03972817723912119,0.3472121793356209,0.6130596434252579
"What, you don;t like Stefen Strang?",offensive_language,0.14199715507656743,0.44723805844792386,0.41076478647550874
!questions,neither,0.03945320844208391,0.33037608806864915,0.630170703489267
"To make it easier to read questions in chat, please preface your questions with the word question in all caps. For example, QUESTION: How are you today?",neither,0.06209713493468228,0.3342013724685751,0.6037014925967426
Question: Favorite Dr Strange villain?,neither,0.03945320844208391,0.33037608806864915,0.630170703489267
QUESTION: what do you think are the differences in ancient magic as opposed to science so advanced that it has become magic as writing tools?,neither,0.054853940622412646,0.3685386893772878,0.5766073700002995
Did he ever fight Mephisto?,neither,0.04574616579898337,0.32821165146626013,0.6260421827347564
I wanna become famous just so that when I inevitably become a recluse it becomes interesting.,neither,0.030261228894320903,0.40591853421917945,0.5638202368864997
haha g,neither,0.03186685585600258,0.45913629025701075,0.5089968538869867
google image search: creeper,neither,0.03945320844208391,0.33037608806864915,0.630170703489267
keep chasing that dream :D @starpilotsix,neither,0.03587402681100971,0.36925260812176386,0.5948733650672263
The Creeper is pretty cool. Check him out.,neither,0.04132944891786276,0.3303088045451453,0.628361746536992
Question: would you recommend the current Doctor Strange book?,neither,0.04707790333276802,0.341787962837829,0.6111341338294031
The current Doctor Strange book is one of the best on the shelf. Run - don't walk - to your LCBS to grab a copy.,neither,0.058755392611786215,0.3170444069110612,0.6242002004771525
But that's just my personal opinion. ;),neither,0.02253280757059554,0.4592143151121928,0.5182528773172116
Shh he's right there behind you Matt,neither,0.058341169063461214,0.3437278900435777,0.5979309408929611
He's the people',neither,0.1243507293199216,0.28576865633370124,0.5898806143463773
Anything that Jason Aaron wrote is a pretty safe bet.,neither,0.04163770041495936,0.35297741478324113,0.6053848848017995
"@starpilotsix like the disappearance of Simmons, everyone wondering where he is",neither,0.05346445888089961,0.37796696287927106,0.5685685782398293
An American Sherlock :P,neither,0.04494905406754045,0.23709724479050734,0.7179537011419522
