text,top_class,hate_speech,offensive_language,neither
"@desnathou, dang das late",neither,0.03945320844208391,0.33037608806864915,0.630170703489267
We have a subscriber-only Discord server! Join here: https://discord.gg/geekandsundry (you'll need to sub and link it to your Twitch) and be a part of the fun!,neither,0.09599275848176793,0.2819530604707182,0.6220541810475139
@Dinfanti WOOT BC!,neither,0.03945320844208391,0.33037608806864915,0.630170703489267
7 pacific,neither,0.03945320844208391,0.33037608806864915,0.630170703489267
artwork is live,neither,0.06612417478258875,0.321202719730918,0.6126731054864932
"Evening chat, bidet from Fort Smith, Arkansas. :D",neither,0.04016438856970791,0.31830550527063667,0.6415301061596554
10PM est,neither,0.03945320844208391,0.33037608806864915,0.630170703489267
"@drunkenstuntmonkey, It's not even the 17th in the US yet....",neither,0.06227202099858378,0.3173251935486182,0.6204027854527979
"Bidet! from Iowa City, IA",neither,0.040487066413706585,0.3128288201359117,0.6466841134503818
PogChamp,neither,0.03945320844208391,0.33037608806864915,0.630170703489267
!wheniscr #90,neither,0.03945320844208391,0.33037608806864915,0.630170703489267
Yes!!!!,neither,0.03945320844208391,0.33037608806864915,0.630170703489267
"Critical Role is on at 7 PM PDT, it is currently 6:45 PM PDT. There is 14 minutes 37 seconds until the next episode of Critical Role. This has been asked 139 times.",neither,0.04423781557422628,0.32558904309869785,0.6301731413270758
bidet from woodburn oregon!,neither,0.04071751644889743,0.3089174816120565,0.6503650019390461
Bidet from San Francisco.,neither,0.040391840503121675,0.31444505235836057,0.6451631071385178
"Wish I understood Gaelic, lol",neither,0.03139464406497517,0.3890482568718203,0.5795570990632044
PogChamp,neither,0.03945320844208391,0.33037608806864915,0.630170703489267
Stream is up.,neither,0.045475273565137704,0.38726277146109006,0.5672619549737722
!wheniscr#90,neither,0.03945320844208391,0.33037608806864915,0.630170703489267
Its live! Refresh if you can't see.,neither,0.0333579532307246,0.4119548094898714,0.5546872372794038
"@Thamgule, Raining where you are, Awful on the island rn",neither,0.06690458026201906,0.3047557804250248,0.6283396393129561
bidet from Ohio!,neither,0.040754399270683486,0.3082914838698526,0.650954116859464
Woots!,neither,0.03945320844208391,0.33037608806864915,0.630170703489267
gandsTrinket gandsTrinket gandsTrinket gandsTrinket,neither,0.03945320844208391,0.33037608806864915,0.630170703489267
wtf does bidet mean? lol,offensive_language,0.022860017224048058,0.7043267771017697,0.27281320567418227
I wish I could draw,neither,0.03945320844208391,0.33037608806864915,0.630170703489267
WOOOOOOOOOOOOOOOOOOOOOOO,neither,0.03945320844208391,0.33037608806864915,0.630170703489267
!clock,neither,0.03945320844208391,0.33037608806864915,0.630170703489267
It is currently 6:45 PM at the Geek & Sundry studio in California.,neither,0.052256995368747255,0.32953140600233183,0.6182115986289209
wooooooo,neither,0.03945320844208391,0.33037608806864915,0.630170703489267
okay picture done with... 15 minutes to go.... dang was trying to drag this out but went faster by reflex,neither,0.036754212703029934,0.3857770731814683,0.5774687141155018
"Bidet from Lehigh Valley, PA!",neither,0.04020183844177576,0.31766988320526734,0.6421282783529569
Bidet from Hell(aka Florida),offensive_language,0.04222123783157959,0.696385165222163,0.2613935969462573
"Bidet from Bloomington, IN",neither,0.040617981582016544,0.31060684806832817,0.6487751703496555
"hello from southern indiana, can someone tell me how i ended up here",neither,0.05589195981686748,0.3489452226265827,0.5951628175565499
YESSSSSSSSSSSSSSSSSS,neither,0.03945320844208391,0.33037608806864915,0.630170703489267
Am I the only one who thinks that Mercer will never allow a player to die? He goes out of his way to make sure they can always be rezzed... I think that's why Sam Riegel forced his character to leave the game. Kind to to stick it to Mercer. =/,neither,0.09358843546582679,0.3873316122942863,0.519079952239887
it lives!,neither,0.03736581495009675,0.3310940384092298,0.6315401466406735
@shadowwalkersaviy there's a Duolingo course to get to started,neither,0.052359408422234126,0.29190998271143587,0.6557306088663301
for the potatto,neither,0.025530574474639644,0.23858405014631345,0.7358853753790469
"wooo crit role, bring it on",neither,0.03512373904993506,0.34502409990437766,0.6198521610456873
Bidet from Indiana,neither,0.0408364874901429,0.30689823255244486,0.6522652799574122
!wheniscr #90,neither,0.03945320844208391,0.33037608806864915,0.630170703489267
"@KitMarcus, I just hope it's as good as the original",neither,0.05441938564635929,0.2988417629204174,0.6467388514332232
"Help G&S make great content! $4.99/month gets you emotes, Minecraft server access, Sub Only Q&As, VODs, and more! Every sub keeps the channel alive! twitch.tv/geekandsundry/subscribe",neither,0.043092924924402844,0.32365565443818894,0.6332514206374082
Bidet from Ottawa,neither,0.04228451509352876,0.2823214250720796,0.6753940598343917
@TheOrangeYak It's a greeting that was said by Grog.,neither,0.03406123456956236,0.447782693538875,0.5181560718915628
bidet from buffalo,neither,0.04069404815304118,0.30931579984010865,0.6499901520068502
Bidet from canada!,neither,0.04071751644889743,0.3089174816120565,0.6503650019390461
At the tone the Nightbot time will be,neither,0.03780099542387282,0.32186435226565235,0.6403346523104747
Bidet from minnesota!,neither,0.04071751644889743,0.3089174816120565,0.6503650019390461
"Bidet from Chandler, AZ",neither,0.04078317879478948,0.307803020237201,0.6514138009680096
I miss mendo my family has a nice place with lots of land we are doing the same here in MA now its a lot of fun,neither,0.04529115849825826,0.37501336438394434,0.5796954771177975
Bidet folks from the UK.,neither,0.039577808558358706,0.2976275732435894,0.662794618198052
When is the next Critical Role? I just want to add to the counter XD,neither,0.04108147586539808,0.35032264897357795,0.608595875161024
Beep beep,neither,0.03945320844208391,0.33037608806864915,0.630170703489267
its a toilet that sprays water on your bum ;),neither,0.04736851751893132,0.3629138123065729,0.5897176701744958
umm,neither,0.03945320844208391,0.33037608806864915,0.630170703489267
Iron City eh?,neither,0.03945320844208391,0.33037608806864915,0.630170703489267
"Bidet from Warsaw, Indiana",neither,0.0404146812672737,0.31405738498105645,0.64552793375167
"@Selra yeah, but we have our own Netflix (with only half the shows the US gets) so its not like it is using US dates and times.",neither,0.0638327895052086,0.4096000269888403,0.5265671835059511
@codex6799 It's freezing in hell currently. :P,offensive_language,0.039870000327248495,0.6718103726557519,0.28831962701699954
Bidet from the UK,neither,0.039613273355342184,0.2892653269430044,0.6711213997016535
WOOOOOP,neither,0.03945320844208391,0.33037608806864915,0.630170703489267
afaik players can choose to not revive,neither,0.04354600303109086,0.32768074362921595,0.6287732533396931
hey all,neither,0.04285346742239823,0.46255625023407465,0.49459028234352725
Beep beep and Bidet all you beautiful people,neither,0.1237352852576374,0.41991189649205163,0.45635281825031104
start with the cow episode,neither,0.029849319724382452,0.34743108780358906,0.6227195924720283
"bidet from Austin, TX!",neither,0.0404991143919742,0.31262433450199256,0.6468765511060333
YAY,neither,0.03945320844208391,0.33037608806864915,0.630170703489267
"@TheOrangeYak at one point during the show Grog tried saying ""Good Day"" and it came out as ""Bidet"".... a Bidet is a Europeon ""fountain"" that cleans your butt...",neither,0.05318336190543523,0.3435979101003032,0.6032187279942615
Bidet from Ohio,neither,0.040754399270683486,0.3082914838698526,0.650954116859464
@Kronkality Not true... He's even mentioned they are getting up in high numbers for players being Rezzed,neither,0.04063452953843358,0.4196484454608097,0.5397170250007567
beep beep,neither,0.03945320844208391,0.33037608806864915,0.630170703489267
he was texting percy to see if his worked i think>,neither,0.04852043845044619,0.36013618692426796,0.5913433746252859
Dude if anything Mercer has bent the rules to making dying a real fear,neither,0.029078212537901212,0.403298054426674,0.5676237330354248
?,neither,0.03945320844208391,0.33037608806864915,0.630170703489267
bidet everyone :),offensive_language,0.02988896790634741,0.4927062106388782,0.4774048214547744
"@IRidgar, ah I see. I'm still on episode like 26 or something haha",neither,0.04049539894080547,0.4040287158388673,0.5554758852203272
"bidet, from South Carolina",neither,0.04043176250036363,0.31376747187705417,0.6458007656225822
is iron fist coming out @ midnight?,neither,0.04163842921285485,0.34004233830696645,0.6183192324801787
refresh if you don not have the Crit Art and the music,neither,0.03244453220435454,0.3544087904792983,0.6131466773163472
cheer168 PUPPIES,neither,0.03945320844208391,0.33037608806864915,0.630170703489267
not sure what show u been watching?,neither,0.05095323211426403,0.39386084563138407,0.5551859222543519
"I love seeing all the beautiful fan art, omg",neither,0.0378663547824328,0.3754755089980158,0.5866581362195514
Ok,neither,0.03935517884257045,0.3320399062092607,0.6286049149481688
oh my god i can type fast but not read this fast,neither,0.0329950383087217,0.35850522869857093,0.6084997329927073
Beep beep,neither,0.03945320844208391,0.33037608806864915,0.630170703489267
"@drunkenstuntmonkey, I think they probably just used the US release date by mistake",neither,0.05704451337799296,0.36305314462668875,0.5799023419953183
Mercer is amazing DM,neither,0.04845390666803088,0.3272803352163057,0.6242657581156635
what is the iron city?,neither,0.052284210944481935,0.308741988591179,0.6389738004643389
well. talisen. u know what i mean aha,neither,0.04457202497275457,0.32669881123832323,0.6287291637889223
bidet from california!,neither,0.06971251856910227,0.2972619859879888,0.633025495442909
waves,neither,0.03945320844208391,0.33037608806864915,0.630170703489267
well thisll be my first stream of crit role,neither,0.026912127880040874,0.3996333216842754,0.5734545504356837
Come on critters get the word out we need Critical Role Funko Pops,neither,0.033262182025943485,0.36102896653272193,0.6057088514413346
bidet from Iowa,neither,0.04069404815304118,0.30931579984010865,0.6499901520068502
@TacticalPajamas SAME,neither,0.04148851938089603,0.3488915597363099,0.609619920882794
Bidet from Kendallville Indiana,neither,0.0408364874901429,0.30689823255244486,0.6522652799574122
Bidet,neither,0.03945320844208391,0.33037608806864915,0.630170703489267
HeyGuys,neither,0.03945320844208391,0.33037608806864915,0.630170703489267
heh timezone change nearly threw me. Nearly forgot its an hour ealier now,neither,0.03361026609147797,0.34653271167711275,0.6198570222314091
bidet from england :D,neither,0.04071751644889743,0.3089174816120565,0.6503650019390461
bidet & beep beep,neither,0.03945320844208391,0.33037608806864915,0.630170703489267
*** yeah,offensive_language,0.013968601452186464,0.5182923869769311,0.4677390115708824
im pretty sure it is westrun right?,offensive_language,0.038161475422887274,0.49599930873510417,0.46583921584200855
bidet,neither,0.03945320844208391,0.33037608806864915,0.630170703489267
"I think we have all of Indiana covered here, I'm from NWI",neither,0.07507989958956947,0.3417146960329739,0.5832054043774567
mercer is one of the best. inspired me to be a better DM,neither,0.04235293822489539,0.3603064302421266,0.5973406315329779
"bidet from Florence, SC everyone :D",neither,0.03551624341823142,0.3971966591833911,0.5672870973983775
Mortal Kombat fans say it with me! IT HAS BEGUN!,neither,0.027367236745058636,0.37425135365809753,0.5983814095968438
They should be starting soon,neither,0.052763732330473684,0.37218129424095836,0.5750549734285679
"bidet from Erie, PA",neither,0.04069404815304118,0.30931579984010865,0.6499901520068502
BloodTrail BloodTrail BloodTrail,neither,0.03945320844208391,0.33037608806864915,0.630170703489267
BIDET!,neither,0.03945320844208391,0.33037608806864915,0.630170703489267
"@Wrextasy, I just don't think he'll ever kill them. Ever.",neither,0.31814896761928396,0.2174017638263558,0.4644492685543602
bidet from canada,neither,0.04071751644889743,0.3089174816120565,0.6503650019390461
gandsSCANLAN,neither,0.03945320844208391,0.33037608806864915,0.630170703489267
"I love all of you, Critters!",offensive_language,0.07192470199488624,0.6169817338869633,0.31109356411815053
is it Thursday yet?,neither,0.04651135664277627,0.32794846724679255,0.6255401761104311
Anyone else think J'mon could be possessed?,neither,0.04014025581323588,0.32676389192932354,0.6330958522574406
wow that picture of the Raven queen is beautiful,neither,0.04137056586964453,0.345234325429222,0.6133951087011335
I would pay a lot for an over-sized Trinket Pop.,neither,0.03394972538625816,0.28725948138273694,0.678790793231005
"@zaltoe, I hate pops but I might have to buy those if they existed",neither,0.13866942918450006,0.264085757595309,0.597244813220191
Thursday is just right for gaming,neither,0.03614076821127881,0.3354419669858499,0.6284172648028713
THE EYES!,neither,0.0407823418615831,0.25332241888635454,0.7058952392520624
"I think Matt only wants people to have fun. No one wants a charater in the grp to die, but everyone wants to try something new. Risk VS Reward?",neither,0.10000626165834306,0.268599603226644,0.6313941351150131
Bidet from canada!!!,neither,0.04071751644889743,0.3089174816120565,0.6503650019390461
ciritcal role on next?,neither,0.035556375789485076,0.3593689372729766,0.6050746869375382
The fan art blinked O.o,neither,0.038741360761211194,0.3174208538152741,0.6438377854235148
"AtomizerV1, it should be. I mean, this group has been amazing so far. We came in after they'd already gotten a good baseline for their characters and we had to learn them on our own. with a new group? We get to grow from the start WITH them.",neither,0.05287854711127714,0.3195487884463631,0.6275726644423598
West Lafayette Indiana here,neither,0.0861444411850678,0.29295312262274137,0.6209024361921909
Bidet from the CSRA.,neither,0.039779025773403386,0.2539611253407979,0.7062598488857987
Bidet from DC,neither,0.0408364874901429,0.30689823255244486,0.6522652799574122
rage!,neither,0.03945320844208391,0.33037608806864915,0.630170703489267
THRUSDAY! Yay! Lets get LIT Critters! :D,neither,0.03835704748175199,0.3489808003176263,0.6126621522006218
"God, the art though. I've been reading some really good fics too. This fandom is so talented",neither,0.024872382855990898,0.3461928294982447,0.6289347876457645
Rage,neither,0.03945320844208391,0.33037608806864915,0.630170703489267
"@Selra maybe :( was really hoping to watch a few episodes before DM'ing tonight, I'm running a Kung Fu campaign, and could have used the energy boost.",neither,0.04063771072964732,0.32722845635533937,0.6321338329150132
Beep beep from MN,neither,0.040737273169946825,0.30858215849491494,0.6506805683351382
bidet from fort stewart,neither,0.04066490145509902,0.30981049537100724,0.6495246031738937
"@Kronkality each time someone get's rezzed, the chance of them coming back is less and less, and he will. He actively was trying to kill grog as the kraken.",neither,0.17214557629815302,0.22987087852301444,0.5979835451788327
"Bidet from Winnipeg, Canada",neither,0.04071751644889743,0.3089174816120565,0.6503650019390461
hello @damoosem uk as well,neither,0.03768320946707296,0.36041759000381374,0.6018992005291134
@thetarv28 right there with you.,neither,0.040951839707067374,0.41670000751998376,0.5423481527729488
Can we get more viewers then power rangers lets go,neither,0.040546045676243814,0.3390551025324791,0.620398851791277
!discord,neither,0.03945320844208391,0.33037608806864915,0.630170703489267
We have a subscriber-only Discord server! Join here: https://discord.gg/geekandsundry (you'll need to sub and link it to your Twitch) and be a part of the fun!,neither,0.09599275848176793,0.2819530604707182,0.6220541810475139
It's quarter to two in the UK and I am debating baking cookies.,neither,0.04144116117082192,0.29342060831282407,0.6651382305163539
bidet and beep beep from the UK,neither,0.03883052284840478,0.24930660204459335,0.7118628751070019
bidet from chicago,neither,0.04078317879478948,0.307803020237201,0.6514138009680096
yes,neither,0.03945320844208391,0.33037608806864915,0.630170703489267
beep beep everyone!,offensive_language,0.02988896790634741,0.4927062106388782,0.4774048214547744
woo 1st time watching live,neither,0.04198878029163633,0.34409331204702626,0.6139179076613375
is it time!?,neither,0.04957552498532811,0.36090464428914903,0.5895198307255228
Folks if you're seeing the wrong description that's a cashing issue on twitches side. Dumping the catche may help.,neither,0.03771383389187127,0.38034854255846223,0.5819376235496664
wheniscriticalrole.com DAYLIGHT SAVING TIME began last Sunday in most of the US,neither,0.05632963838759937,0.32889243257232614,0.6147779290400744
FIRST TIME LIVE! I just caught up this week!,neither,0.030918455999205986,0.4051541502693812,0.5639273937314129
Bidet and Beep Beep from Chicago,neither,0.03968692788310135,0.26288412776704095,0.6974289443498578
Anyone else think that Tary is secretly evil?,neither,0.042535853301653215,0.3516433722573503,0.6058207744409965
Bidet from Arkansas,neither,0.04066490145509902,0.30981049537100724,0.6495246031738937
i feel inadequate.. read me,neither,0.030520033283771793,0.3795590525319396,0.5899209141842885
for DND,neither,0.03296554473014691,0.29799019813725613,0.669044257132597
wheres the iron city,neither,0.038734833197194014,0.3172997813305447,0.6439653854722612
@Anthonen Bake those cookies.,neither,0.06384838401844684,0.2620281008471881,0.674123515134365
Whats the Iron city? Westrunn?,neither,0.038698702713142505,0.31662878773941694,0.6446725095474407
Critical Role!!!!,neither,0.03945320844208391,0.33037608806864915,0.630170703489267
bidet from chicago The Grand Poobar of Pizza,neither,0.039553926979335075,0.30346458359945583,0.656981489421209
"Tary evil, yeah",neither,0.02151744091056605,0.4569241218527731,0.5215584372366608
@TacticalPajamas Sure :),offensive_language,0.030544123004943555,0.5442266193377375,0.42522925765731895
champion of sarenrae gandsCrit gandsCrit gandsCrit gandsSCANLAN,neither,0.03945320844208391,0.33037608806864915,0.630170703489267
"Pike and Keyleth are so pretty. I die every time, ugh.",neither,0.20215606500814812,0.14703965732790095,0.6508042776639509
Bidet from Toronto!,neither,0.04066490145509902,0.30981049537100724,0.6495246031738937
@xanthusvalconion nice welcome my friend,neither,0.028671917691693513,0.41391743970830974,0.5574106425999968
Bidet from Houston!,neither,0.040875471929787875,0.3062365648703896,0.6528879631998226
"Wait, why is Critical Role running an hour early? UK Critter here. Did the timezones change?",neither,0.05694419060488182,0.29531172743199,0.6477440819631282
Hi,neither,0.03945320844208391,0.33037608806864915,0.630170703489267
"Hello from Ontario, critters!",neither,0.04040683511112239,0.31419055472777996,0.6454026101610977
trying to finish last week before tonight starts,neither,0.03937119912407604,0.35445438303162174,0.6061744178443023
i trust tary. i feel i sohuldn.t but i do,neither,0.03709861480433216,0.3415663505709412,0.6213350346247267
lol @Wrextasy,neither,0.020706217963973744,0.4882283491876925,0.4910654328483337
@xanthusvalconion CONGRATS,neither,0.03945320844208391,0.33037608806864915,0.630170703489267
"Bidet from Chattanooga, TN!",neither,0.040769555981420263,0.3080342349327864,0.6511962090857933
Bidet from Chicago! :D,neither,0.04078317879478948,0.307803020237201,0.6514138009680096
THIS FAN ART IS SO AMAZING!!!!,neither,0.045970443698950654,0.36609875303107897,0.5879308032699703
weird...twitch is telling me it's my 1 year anniversay...and I've only been here a few montrhs...,neither,0.03375123642425357,0.3492696829213796,0.6169790806543669
only 10 more epsidoes till they hit 100,neither,0.04095468673359196,0.3225193673377591,0.6365259459286491
Bidet from South Texas,neither,0.04055978256544535,0.3115946372668712,0.6478455801676836
VA Critters <3 <3,neither,0.03945320844208391,0.33037608806864915,0.630170703489267
Might wake the family who are awake at human times.,neither,0.15057937738498,0.2359682886378888,0.6134523339771313
"@postdataest Yeah, DST doesn't start here until April, so everything is wonky right now!",neither,0.05446684828022655,0.4139924801074096,0.531540671612364
thats better now im getting art,neither,0.035408300345891146,0.4128919569062973,0.5516997427478115
beep beep from indiana,neither,0.0408364874901429,0.30689823255244486,0.6522652799574122
guys I'm still on episode 29.... I wanna be caught up....,neither,0.035494836359290946,0.38828322453683445,0.5762219391038746
Bidet from England~,neither,0.04071751644889743,0.3089174816120565,0.6503650019390461
CHAT did someone fall last episode?,neither,0.03945320844208391,0.33037608806864915,0.630170703489267
@profpen I believe that was a whisper last week,neither,0.03630743157094424,0.36506024309493124,0.5986323253341246
Beep Beep from SWOntario.,neither,0.04228451509352876,0.2823214250720796,0.6753940598343917
Hello from KC,neither,0.04042754080715299,0.31383912502858,0.6457333341642669
@GrifofHearts Daylight savings,neither,0.03945320844208391,0.33037608806864915,0.630170703489267
Who else has been playing Tides of Numerina? Patrick Rothfuss wrote a character for it. Rhin is awesome,neither,0.0395583601297726,0.34451297203111664,0.6159286678391107
@xanthusvalconion Congrats and Bidet :D,neither,0.038448419023825814,0.277791940581765,0.6837596403944092
yes timezone change,neither,0.03945320844208391,0.33037608806864915,0.630170703489267
"GrifofHearts, Daylight Savings Time started in the USA last Sunday",neither,0.03831605882909932,0.33208289712870226,0.6296010440421985
Yay live!!! All the excites are happening,neither,0.06015205821448431,0.33220882642308514,0.6076391153624305
@GrifofHearts Daylight Savings Time,neither,0.03852830490298589,0.346074114933033,0.615397580163981
Woo Ontario!! feliciaToronto feliciaToronto feliciaToronto,neither,0.03945320844208391,0.33037608806864915,0.630170703489267
Bidet from Rome ga,neither,0.040402255548430084,0.3142682818583747,0.6453294625931952
"@GrifofHearts, Daylight savings time",neither,0.03852830490298589,0.346074114933033,0.615397580163981
"@GrifofHearts, daylight saving time",neither,0.038444559981945306,0.34749548479991965,0.6140599552181351
omg that pike,neither,0.0332560015254347,0.3984332467342911,0.568310751740274
Does anyone else see Doty as Robo from ChronoTrigger?,neither,0.026946569409237054,0.4525888516572485,0.5204645789335144
umm so you guys know what a bidet is right,neither,0.06841425977864025,0.4233580378472499,0.5082277023741097
daylight saving time,neither,0.038444559981945306,0.34749548479991965,0.6140599552181351
Critroll best fan art of any show,neither,0.05071029883185506,0.26373903005779753,0.6855506711103473
Love this art,neither,0.03598820174612746,0.34797144744511266,0.61604035080876
Hello from Maryland,neither,0.04042754080715299,0.31383912502858,0.6457333341642669
"@GrifofHearts, yup, our daylight saving was earlier this week",neither,0.03932587090502191,0.3325373383970815,0.6281367906978967
"12 mins out, make srure you visit teh restroom, grab drinks and snacks and a comfy spot, what will happen this week?",neither,0.046126221017797106,0.3077612563422647,0.6461125226399381
woot,neither,0.03945320844208391,0.33037608806864915,0.630170703489267
Did I miss the game?,neither,0.03053549423060342,0.2702060895533664,0.6992584162160302
Right on time! I drove 2 1/2 hours to get home and only just made it,neither,0.035682114425433044,0.35402511248315977,0.6102927730914072
My sister stole my account ot watch tonight xD and she ois still watchign old and new,neither,0.029887480044181822,0.3636300491641975,0.6064824707916207
what the hell u all talk about a bidet? i am from germany and google translated it and all that it gave me was this: bidet : a low oval basin used for washing one's genital and anal area.,offensive_language,0.027604055675240685,0.49642300204987583,0.4759729422748835
I wish that Critical Role was an Anime Series. I would watch that in a heartbeat.,neither,0.03785276276301162,0.3693661965140229,0.5927810407229654
Is the US the only ones that have Daylight Savings?,neither,0.0640460020184297,0.3351808199093419,0.6007731780722283
@hawkkwah242 Very yes.,neither,0.03945320844208391,0.33037608806864915,0.630170703489267
Critrole is live for those that haven't refreshed yet,neither,0.06388007726594068,0.27578877466727875,0.6603311480667806
"@Wrextasy, I don't know... He seemed to skip damage rolls he should have been doing... FOr example, the second time Grog was swallowed, he never took the acid damage he should have taken, which would have knocked him out inside of it, along with Vax",neither,0.040172376155341805,0.2930956122566178,0.6667320115880404
Beep beep from Sweden gandsGandsPoo,neither,0.04228451509352876,0.2823214250720796,0.6753940598343917
shout out from KY,neither,0.036568540880517544,0.3291549953296025,0.63427646378988
bidet from Oklahhoma o/,neither,0.04228451509352876,0.2823214250720796,0.6753940598343917
2nd time I have been able to watch it live!,neither,0.04928169742033268,0.34888166875929566,0.6018366338203716
Hello from Las Vegas,neither,0.040272880734006096,0.31646411010051007,0.6432630091654838
Hi from Colorado!,neither,0.040448203274868214,0.31348842902670915,0.6460633676984228
"Keeping my dice zipped away this time - I rolled a natural 20 and a DOUBLE natural 20 whilst watching last night, so I've had to put those polysets in the case to recharge. It's RPG Night in South Shields tonight (Friday), so I don't want to wear out the good rolls...",neither,0.03187684002010889,0.3259823250647112,0.6421408349151799
"@jedi_monkey Nope, just starting",neither,0.034732481433971826,0.35269553524226516,0.612571983323763
its 6:48 pm in californa,neither,0.03409965399002133,0.33221742093517853,0.6336829250748002
woo! first LIVE critical role for me! excited!,neither,0.030173801688128728,0.33563019770589775,0.6341960006059736
@jedi_monkey They haven't started yet.,neither,0.03945320844208391,0.33037608806864915,0.630170703489267
bidet from MN,neither,0.040737273169946825,0.30858215849491494,0.6506805683351382
"TacticalPajamas, it's a joke. Grog heard ""Good day"" as ""Bidet"" and it stuck.",neither,0.035404209891474636,0.3163972011294523,0.6481985889790731
Bidet from Ohio,neither,0.040754399270683486,0.3082914838698526,0.650954116859464
gandsLessthanthree gandsNatTwenty,neither,0.03945320844208391,0.33037608806864915,0.630170703489267
"@geekandsundry still having twitch problems i see, normally the video would be up.",neither,0.03990131609979589,0.30290565620848203,0.6571930276917222
Oh thank God. :),neither,0.04513107133688742,0.2800008464300207,0.6748680822330919
darn Hungarian gnomes,neither,0.03945320844208391,0.33037608806864915,0.630170703489267
man i just got done burning BBI on dragon's dogma cant wait for the stream,neither,0.030634224156826356,0.38811660616629173,0.581249169676882
bidet,neither,0.03945320844208391,0.33037608806864915,0.630170703489267
DAYLIGHT SAVING TIME began for most of the US last Sunday,neither,0.052909959993846845,0.3129416942626785,0.6341483457434748
Great night spouse is home from hospital and soon our favorite show Critical role will be on! gandsCrit gandsNatTwenty gandsCrit,neither,0.04431541315320786,0.25351786146833694,0.7021667253784553
"@Cal_Stonehoof, the UK one is in a few weeks, I think?",neither,0.044671344647352014,0.3328475814279425,0.6224810739247054
do you spice?,neither,0.06340458516664035,0.38876294420848057,0.5478324706248792
Australia has daylight savings too,neither,0.03954746782834151,0.32877626028646206,0.6316762718851964
@cal_stonehoof no,neither,0.036918905254960256,0.37338982715841207,0.5896912675866277
first live for me too,neither,0.02387447011566327,0.3455185150426038,0.630607014841733
evening all,neither,0.041793358651534496,0.4229818652092969,0.5352247761391685
Doty as ROBO from Chrono Trigger! YES! Im with you!,neither,0.03968434712702843,0.4476528896111887,0.512662763261783
!wallet,neither,0.03945320844208391,0.33037608806864915,0.630170703489267
burritotaquito01 has 1768 coins,neither,0.03989735448983053,0.32283777050957063,0.6372648750005988
Bidet from Sydney Australia!,neither,0.04031924518627951,0.315677184343852,0.6440035704698686
bidet from az yall,neither,0.03902145832527897,0.33770401432884517,0.6232745273458757
bidet from Milwaukee WI,neither,0.04037932620557306,0.31465745264747463,0.6449632211469523
Who's playing today?,neither,0.038101069214632265,0.37923171704552977,0.582667213739838
He pulls his punches,neither,0.07907231046219337,0.3286798711262718,0.5922478184115347
Finally!,neither,0.03945320844208391,0.33037608806864915,0.630170703489267
"@Kronkality Has to move to the stomach first, takes a 6 secon period to.",neither,0.04712223787293619,0.30963155617304866,0.643246205954015
"other places have daylight savings time in the world, but they dont change at the same time the US does",neither,0.04152600514490948,0.40300015093074404,0.5554738439243465
"@diermmen, sweet! Skol Vikes",neither,0.03945320844208391,0.33037608806864915,0.630170703489267
@grimcall Bidet,neither,0.03945320844208391,0.33037608806864915,0.630170703489267
Can Crit Roll get more viewers than Power Rangers? Kappa,neither,0.04008601234317443,0.3315774339163556,0.6283365537404699
Man geek snd sundry always gets my prime sub almost went to hyper this time but foreververse and crit roll get me every time,neither,0.030543448573503607,0.4355059876944149,0.5339505637320815
Hi,neither,0.03945320844208391,0.33037608806864915,0.630170703489267
If we could have Critical Role Funko Pops characters who would you want the most?,neither,0.035325262329130774,0.4123236719165271,0.552351065754342
!wheniscr #90,neither,0.03945320844208391,0.33037608806864915,0.630170703489267
"Critical Role is on at 7 PM PDT, it is currently 6:49 PM PDT. There is 10 minutes 30 seconds until the next episode of Critical Role. This has been asked 140 times.",neither,0.04415750620738082,0.325662926531381,0.630179567261238
@cal_stonehoof Euro,neither,0.03945320844208391,0.33037608806864915,0.630170703489267
!wallet,neither,0.03945320844208391,0.33037608806864915,0.630170703489267
bigohno has 5344 coins,neither,0.03989735448983053,0.32283777050957063,0.6372648750005988
bidet from colorado,neither,0.04066490145509902,0.30981049537100724,0.6495246031738937
This show makes me so happy,neither,0.04587401190523763,0.3402614894512382,0.6138644986435242
Ah... good. Refresh for the great artwork segment. The artists are amazing as usual.,neither,0.043987517327642535,0.2864628515676346,0.6695496311047228
Bidet from Georgia,neither,0.04066490145509902,0.30981049537100724,0.6495246031738937
"try refreshing, the art is playing rn",neither,0.04521338949529635,0.31512145506317507,0.6396651554415287
LOL antler dragon,neither,0.029869404313338878,0.4015213065569965,0.5686092891296647
Bidet from Bmore,neither,0.04228451509352876,0.2823214250720796,0.6753940598343917
Im so excited!,neither,0.03835248773688177,0.42672104618676693,0.5349264660763514
"@Kronkality So, a turn essentially.",neither,0.03941169583590683,0.40875358050654265,0.5518347236575505
goodday=bidet? i suppose we all need to start our day fresh and clean clean clean,neither,0.04254692472774849,0.33343556955194753,0.6240175057203041
anyone gunna be missing this week?,neither,0.0397344010558643,0.33461304951458487,0.6256525494295508
"Holy crap is it really episode 90 tonight? Wow, time flies",neither,0.04064836723942378,0.3270168297793112,0.632334802981265
uau Blugbladderbeast!,neither,0.03945320844208391,0.33037608806864915,0.630170703489267
Bidet from TX!!!!,neither,0.04081748366884477,0.3072207769958956,0.6519617393352596
"@SSJKarma the fanart video is going atm, might need to refresh",neither,0.051472329284662714,0.2730274982961426,0.6755001724191946
Such fantastic artwork. All you artists should be very proud of your work. Thank you for sharing.,neither,0.08660564806458797,0.427894580722064,0.4854997712133481
Good. As long as we're not the only ones that has to deal with that insanity.. lol,neither,0.033190105536905164,0.42373627526784713,0.5430736191952477
"starting late again, been a while since they had major problems.",neither,0.03815898332999541,0.3523424658791812,0.6094985507908233
how come noone painted the epic grog painting?,neither,0.0380192431625182,0.3365269282974758,0.625453828540006
Bidet from Calgary!,neither,0.04228451509352876,0.2823214250720796,0.6753940598343917
*yay,neither,0.03945320844208391,0.33037608806864915,0.630170703489267
Beautiful art,neither,0.03945320844208391,0.33037608806864915,0.630170703489267
bidet from racine wi,neither,0.040737273169946825,0.30858215849491494,0.6506805683351382
Bidet from Ohio,neither,0.040754399270683486,0.3082914838698526,0.650954116859464
@cal_stonehoof europe does it at the end of march,neither,0.02785389403155935,0.4262622922204873,0.5458838137479534
Bidet from PA,neither,0.04069404815304118,0.30931579984010865,0.6499901520068502
"@KitMarcus, I hear ya man. I'm naturally a pessimist when my life ain't doin' so well. But you make a good point. I just hope marisha drinks more lol :P",offensive_language,0.024309036310772345,0.6832911543734741,0.2923998093157536
i wish i could be creative,neither,0.039864209665091986,0.33381775939553676,0.6263180309393713
That music is incedible.,neither,0.04557806011799038,0.3884994763660505,0.5659224635159591
Bidet,neither,0.03945320844208391,0.33037608806864915,0.630170703489267
"Reporting in from Decatur, GA",neither,0.04034116009392578,0.3153052311677432,0.6443536087383309
Bidet and beep beep from Germany,neither,0.039670422827289976,0.26681207269915463,0.6935175044735555
bidet from BRAZIL,neither,0.04079557052152802,0.30759270029461827,0.6516117291838538
Bidet from Maryland.,neither,0.04066490145509902,0.30981049537100724,0.6495246031738937
Kansas checking in,neither,0.03945320844208391,0.33037608806864915,0.630170703489267
Iron City?,neither,0.03945320844208391,0.33037608806864915,0.630170703489267
"Critting in from Duluth, MN!",neither,0.04068185590796184,0.3095227340583291,0.649795410033709
Bidet from St Louis Missouri,neither,0.040278014386681806,0.31637697861683733,0.6433450069964808
It's just a black screen?,neither,0.054712735761002045,0.33604455696402546,0.6092427072749724
Bidet from Australia,neither,0.04062582848913359,0.31047366557575606,0.6489005059351104
"bidet from Ypsilanti, Michigan",neither,0.040769555981420263,0.3080342349327864,0.6511962090857933
bidet from south carolina,neither,0.04043176250036363,0.31376747187705417,0.6458007656225822
it doesnt start for another 10 minutes thou?,neither,0.061658820299207766,0.262999761448554,0.6753414182522381
Bidet from Australia!,neither,0.04062582848913359,0.31047366557575606,0.6489005059351104
is this the pre show art?,neither,0.060126345709406795,0.25142547213969985,0.6884481821508933
Bidet from Maryland!,neither,0.04066490145509902,0.30981049537100724,0.6495246031738937
What's up you sexy critters!,offensive_language,0.07027800501665625,0.475158319834529,0.4545636751488148
bidet chat,neither,0.03945320844208391,0.33037608806864915,0.630170703489267
bidet from Perth Australia!,neither,0.04062582848913359,0.31047366557575606,0.6489005059351104
Bidet from Springfield IL :),neither,0.040334677536117594,0.315415257091876,0.6442500653720065
First episode as a subscriber!! WOOP,neither,0.0300591673495563,0.3702727356472269,0.5996680970032168
The art is so on point tonight!,neither,0.04031695203945052,0.3424497608966543,0.6172332870638952
Bidet from Philly!,neither,0.040769555981420263,0.3080342349327864,0.6511962090857933
Bidet from Texas <3,neither,0.040937266849991,0.30518774380265185,0.6538749893473571
Game needs to be changed,neither,0.045753484013656066,0.28942040547285464,0.6648261105134893
Bidet from New Zealand,neither,0.046710622032705686,0.1542697019613409,0.7990196760059534
Washington!!,neither,0.03945320844208391,0.33037608806864915,0.630170703489267
"@SSJKarma Daylight Savings Time, they still have 10 minutes :)",neither,0.03787446450125997,0.3571714929377951,0.604954042560945
"@Wrextasy, I'll have to watch that bit again, but me and two DM friends were talking about it. Grog should have died along with Vax, I'm pretty sure",neither,0.0326728885080672,0.4537722626125376,0.5135548488793952
eyyy,neither,0.03945320844208391,0.33037608806864915,0.630170703489267
bidet from maryland sett,neither,0.040334677536117594,0.315415257091876,0.6442500653720065
10 mins guys,neither,0.03933362322531141,0.3324057612898248,0.6282606154848638
Bidet!,neither,0.03945320844208391,0.33037608806864915,0.630170703489267
I love all the kiki-dragon pictures <3,neither,0.03727580509918771,0.39362638443881737,0.5690978104619949
Omaha's in the house.,neither,0.03803978903713722,0.3041033750396491,0.6578568359232138
@GreyHam462 Yes,neither,0.03945320844208391,0.33037608806864915,0.630170703489267
"i hear no music and see no fan art, are you all tripping or am i missing something",neither,0.061357372372333956,0.35843035370648896,0.5802122739211771
"I have a feeling Percy and Taryon will be stunned at the library in Wildmount, they are book readers afterall",neither,0.05265333285121795,0.2785434276364316,0.6688032395123505
Bidet from the Netherlands!,neither,0.0395975487247086,0.2929303761973238,0.6674720750779677
"bidet from buffalo,NY!!!!",neither,0.04043211762049359,0.3137614445616591,0.6458064378178473
Thank god they do this every week... I need my fix,neither,0.031933418042926265,0.3938988485888925,0.5741677333681813
@GreyHam462 Yep. This week's art.,neither,0.03937081421121585,0.3317745331982877,0.6288546525904964
Bidet from Florida!,neither,0.0408948396164547,0.30590784468201904,0.6531973157015263
"Fort Worth TX, checking in.",neither,0.03945320844208391,0.33037608806864915,0.630170703489267
BIdet from Kansas!,neither,0.04071751644889743,0.3089174816120565,0.6503650019390461
"Iron City, that was a beer in Pittsburgh, right?",neither,0.03626609465427809,0.3707201673713942,0.5930137379743278
bidet also from illadelphia,neither,0.04106389839533116,0.30303847599623085,0.655897625608438
bidet from TN!!!!!!,neither,0.040769555981420263,0.3080342349327864,0.6511962090857933
bidet from Calgary :D,neither,0.04228451509352876,0.2823214250720796,0.6753940598343917
@oiabeast THE St Louis? Home of the cute guys?,neither,0.039390716099875635,0.2866720995437513,0.6739371843563731
Bidet from Iowa,neither,0.04069404815304118,0.30931579984010865,0.6499901520068502
funny we dont need to refresh on the other channels but here we do all the time.,neither,0.0596397372253087,0.35881376297914563,0.5815464997955457
10 minutes hype,neither,0.03945320844208391,0.33037608806864915,0.630170703489267
nice mermaid vex art,neither,0.03945320844208391,0.33037608806864915,0.630170703489267
bidet from nc,neither,0.04066490145509902,0.30981049537100724,0.6495246031738937
"@Pandoir, they did, they just can't show it live gandsHR",neither,0.05122680438787424,0.27753375325883456,0.6712394423532911
This Scanlan fan art is killing me *cries*,neither,0.03923999150479158,0.3566592172017569,0.6041007912934515
Cheer,neither,0.03945320844208391,0.33037608806864915,0.630170703489267
