text,top_class,hate_speech,offensive_language,neither
gands2YearHype gands2YearHype gands2YearHype,neither,0.03945320844208391,0.33037608806864915,0.630170703489267
YAY!,neither,0.03945320844208391,0.33037608806864915,0.630170703489267
Bring of the talks! :),neither,0.038475452342433845,0.3124492063579953,0.6490753412995708
gandsSCANLAN gandsSCANLAN gandsSCANLAN gandsSCANLAN,neither,0.03945320844208391,0.33037608806864915,0.630170703489267
"Hey Denise, Push a button! I dare ya!",offensive_language,0.028568251039012258,0.5185067004679872,0.45292504849300064
YAY,neither,0.03945320844208391,0.33037608806864915,0.630170703489267
lit,neither,0.03945320844208391,0.33037608806864915,0.630170703489267
Is this the talk show about critical role?,neither,0.03787318093345584,0.2854988289782515,0.6766279900882927
yes,neither,0.03945320844208391,0.33037608806864915,0.630170703489267
Denise can push all the buttons,neither,0.04032979815361531,0.3736217297096047,0.5860484721367799
yessir,neither,0.03945320844208391,0.33037608806864915,0.630170703489267
gandsNatTwenty gandsNatTwenty gandsNatTwenty,neither,0.03945320844208391,0.33037608806864915,0.630170703489267
gandsTrinket gandsTrinket gandsTrinket,neither,0.03945320844208391,0.33037608806864915,0.630170703489267
Woohoo! Excited!! masHype masHey masLove,neither,0.03945320844208391,0.33037608806864915,0.630170703489267
who's scheduled to be on this episode?,neither,0.04323291756311645,0.39656660240010194,0.5602004800367816
#brianfostersmellslikecabbage,neither,0.03945320844208391,0.33037608806864915,0.630170703489267
geekandsundry is online. RevloBot is now tracking loyalty.,neither,0.05157974116510514,0.3262052173957376,0.6222150414391574
Sam is going to be on this episode,neither,0.04843237759675277,0.363239325010218,0.5883282973930292
hrpgHeyo :D,neither,0.03945320844208391,0.33037608806864915,0.630170703489267
Fear the limerick.,neither,0.0381955476471936,0.307118819326112,0.6546856330266944
Party! gandsGandSKiki,neither,0.03945320844208391,0.33037608806864915,0.630170703489267
noooo im gonna be late to the start of talks,neither,0.04221808383683641,0.37278799457825706,0.5849939215849065
"Wow, no Denise sign?",neither,0.03853588103995292,0.3459455281165606,0.6155185908434865
Can you change the gravitational constant of the universe denise?,neither,0.049864946913671604,0.3331880613588147,0.6169469917275137
its there,neither,0.029885954822222744,0.26471782553080103,0.7053962196469763
meow,neither,0.03945320844208391,0.33037608806864915,0.630170703489267
@yerawizardsarry It's there. just very dark,neither,0.03388259068992762,0.31003618446310016,0.6560812248469723
it says I can change anything at the push of a button,neither,0.03755019293416747,0.3325505337962159,0.6298992732696167
starts in about 30 minutes right?,neither,0.03743353010742294,0.36653765149242223,0.5960288184001549
What have they done to Denise!?!,neither,0.0546153393246804,0.3469873233099006,0.598397337365419
ya,offensive_language,0.017331157930923866,0.7872544665869478,0.19541437548212848
beep beep from Ottawa,neither,0.04228451509352876,0.2823214250720796,0.6753940598343917
"I see it, my brightness was down",neither,0.02450106343526449,0.4420353238346524,0.5334636127300832
Thnx @thepantydropper,neither,0.03945320844208391,0.33037608806864915,0.630170703489267
bidet from Baltimore y'all,neither,0.043186298160171145,0.3971116090427238,0.5597020927971051
np,neither,0.03945320844208391,0.33037608806864915,0.630170703489267
"Help G&S make great content! $4.99/month gets you emotes, Minecraft server access, Sub Only Q&As, VODs, and more! Every sub keeps the channel alive! twitch.tv/geekandsundry/subscribe",neither,0.043092924924402844,0.32365565443818894,0.6332514206374082
#brianfostersmellslikecabbage,neither,0.03945320844208391,0.33037608806864915,0.630170703489267
gandsSubHype,neither,0.03945320844208391,0.33037608806864915,0.630170703489267
Omg omg omg #girlscream,neither,0.03945320844208391,0.33037608806864915,0.630170703489267
bidet from harrison ar,neither,0.04062582848913359,0.31047366557575606,0.6489005059351104
We have a mysterious disappearance or murder to investigate crew. To the Critrole Machine!,neither,0.04680291585501068,0.3226424546299487,0.6305546295150405
<.<,neither,0.03945320844208391,0.33037608806864915,0.630170703489267
"Hi Chat , Hi Mods",neither,0.03945320844208391,0.33037608806864915,0.630170703489267
"Travelling for work, my only priority today was to get to a hotel with good enough wifi to watch this show live :)",neither,0.04416268514711774,0.32561413062123423,0.630223184231648
set up always seems to take forever lol,neither,0.034910300750626344,0.44799514484979563,0.517094554399578
Hi Mom,neither,0.03945320844208391,0.33037608806864915,0.630170703489267
about how long until it starts?,neither,0.03669200488716145,0.35252248900531896,0.6107855061075195
Bidet from Palm Coast,neither,0.040391260989805194,0.3144548882117505,0.6451538507984442
Hi @GilRamirez1,neither,0.03945320844208391,0.33037608806864915,0.630170703489267
oh Hai !,neither,0.051363287716059566,0.22255663153133606,0.7260800807526044
good evening everyone! my first live TM!,neither,0.026770224606385867,0.44991588821045236,0.5233138871831617
"Bidet, from C-bus Ohio!",neither,0.04047239611563269,0.3130778133806527,0.6464497905037146
@denisebrr no sign today?,neither,0.03693586392175469,0.32123912948358324,0.6418250065946621
bidet friends,neither,0.03945320844208391,0.33037608806864915,0.630170703489267
24 min,neither,0.03945320844208391,0.33037608806864915,0.630170703489267
"about 24 mins til go time, more or less",neither,0.03960327197367624,0.3577115793987061,0.6026851486276177
@TheFullMetal88m Welcome to the show :),neither,0.06859252491246151,0.21738667393270159,0.7140208011548369
thx,neither,0.03945320844208391,0.33037608806864915,0.630170703489267
"bidet from Erie, PA",neither,0.04069404815304118,0.30931579984010865,0.6499901520068502
"Bidet from BC, Canada friends",neither,0.04041081314931694,0.314123037037766,0.6454661498129171
thank you @bob_says_hello,neither,0.07325166854587051,0.43632638485078484,0.49042194660334476
no there's a sign it's just not lit up for viewing,neither,0.029281386339579336,0.34100312265135735,0.6297154910090634
queue music...,neither,0.03945320844208391,0.33037608806864915,0.630170703489267
nice music,neither,0.03945320844208391,0.33037608806864915,0.630170703489267
Sound!,neither,0.03945320844208391,0.33037608806864915,0.630170703489267
ooooo we have sound,neither,0.038838857884002466,0.34080322036648486,0.6203579217495125
"Bidget from Houston, TX",neither,0.040501953574932,0.3125761461575217,0.6469219002675464
"Bidet form Melbourne, Australia",neither,0.03945320844208391,0.33037608806864915,0.630170703489267
lit,neither,0.03945320844208391,0.33037608806864915,0.630170703489267
Hope you guys enjoy your epic *** title card music.,neither,0.10606324267884266,0.2769381698047182,0.6169985875164391
yay for stalkercam,neither,0.0322289169994526,0.29433324177559567,0.6734378412249518
what does it say?????????,neither,0.02650630323234694,0.4789343503312148,0.49455934643643834
"Bidet from Culpeper, Virginia",neither,0.04079557052152802,0.30759270029461827,0.6516117291838538
I love Melbourne,neither,0.03217296676969875,0.3657703709031763,0.602056662327125
Bidet Brisbane Australia,neither,0.03945320844208391,0.33037608806864915,0.630170703489267
I can change anything at the push of a button,neither,0.0384139781279972,0.33239570140430585,0.629190320467697
"""I can change anything at the push of a button""",neither,0.0384139781279972,0.33239570140430585,0.629190320467697
dont *** us gil,neither,0.1164568989836651,0.3135615428490963,0.5699815581672385
@DeniseBRR Hi Denise :),neither,0.03945320844208391,0.33037608806864915,0.630170703489267
Thanks for pushing that button Denise,neither,0.03086786860910093,0.3274346171981174,0.6416975141927818
Bidet from Hungary,neither,0.04228451509352876,0.2823214250720796,0.6753940598343917
rajjFire,neither,0.03945320844208391,0.33037608806864915,0.630170703489267
Brisbane is pretty good too.. need to get back there,neither,0.05195247694880169,0.29745699234057904,0.6505905307106193
Prove it!,neither,0.03769120445960379,0.3309821220359783,0.6313266735044178
dig this music. Anyone know what it is?,neither,0.04932276575456006,0.3265820677748896,0.6240951664705503
"whoa whoa whoa, that flashlight was activated by a button",neither,0.03819135218597971,0.3685468574994776,0.5932617903145428
Brisbane >>Every other Aussie City,neither,0.03945320844208391,0.33037608806864915,0.630170703489267
Thanks Denise!,neither,0.035884468650613,0.3004919205142699,0.6636236108351171
@DeniseBRR We love you Denise!!!!!! you rock,offensive_language,0.08300467314624706,0.47861142192898504,0.4383839049247679
Hello @ArseQueef my love.,neither,0.023814903033322808,0.44963964697306635,0.5265454499936109
gandsGandsPoo,neither,0.03945320844208391,0.33037608806864915,0.630170703489267
@edwardwcross not yet......,neither,0.03736749249345169,0.3382716119106542,0.624360895595894
"@Dinfanti, <waves> Hello fellow British Columbian! :D",neither,0.03945320844208391,0.33037608806864915,0.630170703489267
gandsOverlord gandsOverlord gandsOverlord,neither,0.03945320844208391,0.33037608806864915,0.630170703489267
Denise! Get me a coffee!,neither,0.04046610908602643,0.17364982843686444,0.7858840624771091
Hi Denise!,neither,0.03945320844208391,0.33037608806864915,0.630170703489267
Hi denise!,neither,0.03945320844208391,0.33037608806864915,0.630170703489267
Is Denise a real person,offensive_language,0.03977059780065886,0.488188275167998,0.47204112703134304
"I disagree. If gil is ever in Virginia, anything can happen friendo",neither,0.03190475049375344,0.3611749401814232,0.6069203093248234
hahah,neither,0.03945320844208391,0.33037608806864915,0.630170703489267
*waves back*,neither,0.03945320844208391,0.33037608806864915,0.630170703489267
"Push the button, you won't!",neither,0.05321211319251181,0.35501306965387924,0.5917748171536089
"You dont order Denise, she orders YOU",offensive_language,0.07585068944859365,0.5107435639194425,0.4134057466319638
Denise!,neither,0.03945320844208391,0.33037608806864915,0.630170703489267
"bidet from Winnipeg, Manitoba Canada",neither,0.04071751644889743,0.3089174816120565,0.6503650019390461
message revealed gandsGandSDenise gandsGandSDenise gandsGandSDenise gandsGandSDenise,neither,0.03945320844208391,0.33037608806864915,0.630170703489267
when will it start,neither,0.02745205628400021,0.36334686761260804,0.6092010761033918
"@elsilrac28, Ofcourse she is.",neither,0.050395664645912,0.42085632182410637,0.5287480135299816
"Bidet from Kamloops, BC",neither,0.041095261662497835,0.30250615950080734,0.6563985788366947
Push ALL the buttons!!!! muhahahaha,neither,0.040089320495715924,0.3799782736052858,0.5799324058989983
#WHIVSIV?,neither,0.03945320844208391,0.33037608806864915,0.630170703489267
"@DeniseBRR to keep you hidden, you should do a one off with them but in costume and make up like your character",offensive_language,0.10564492728855507,0.4575375121702392,0.43681756054120574
Lol awesome,neither,0.02958781151373683,0.4038776379912608,0.5665345504950025
"20 mins til go time, ore or less",neither,0.03945423429060034,0.345051302152718,0.6154944635566817
"@DeniseBRR Still out here doing my best to free you, one day we will defeat the evil that is Brian <3",neither,0.06531161688489363,0.3966188118078174,0.538069571307289
I smell Cabbage,neither,0.03945320844208391,0.33037608806864915,0.630170703489267
@Dahlberg23 We were privileged to have a Denise puppet interview at one point,neither,0.04205487568100762,0.3545864170552751,0.6033587072637173
#BrianSmellsLikeCabbage,neither,0.03945320844208391,0.33037608806864915,0.630170703489267
gandsGandSDenise gandsGandSDenise gandsGandSDenise,neither,0.03945320844208391,0.33037608806864915,0.630170703489267
"So if they did another PvP 1 shot, who would win?",neither,0.051881854282400906,0.3994824770209068,0.5486356686966923
Who's on?,offensive_language,0.034765026517517554,0.5108731450415548,0.45436182844092765
can we get better lighting on denise's pre-show signs each week please? Kappa,neither,0.044873070175417695,0.30258116614763436,0.6525457636769479
Centripetal force was measured using a centripetal force apparatus that used a weight and spring to show a constant level of force being applied while the apparatus was spinning,neither,0.04124420365655548,0.33178364408850736,0.6269721522549372
@SnoreyBear yeah that was pretty cool,neither,0.021268832748178933,0.473330025774879,0.5054011414769422
gassyNRD,neither,0.03945320844208391,0.33037608806864915,0.630170703489267
@ArseQueef only that D.E.N.I.S.E is the evil computer that manipulates brian strings !,neither,0.038772393075549465,0.36868264104481807,0.5925449658796325
i miss will and mary,neither,0.0330675142475481,0.268013840465876,0.6989186452865759
#BrianSmellsLikeCabbage,neither,0.03945320844208391,0.33037608806864915,0.630170703489267
gassyHeart,neither,0.03945320844208391,0.33037608806864915,0.630170703489267
was that her that just looked back at us?,offensive_language,0.045838069490994955,0.5822907578136051,0.3718711726954001
gandsGrogSigil,neither,0.03945320844208391,0.33037608806864915,0.630170703489267
takeing a pic of biran,neither,0.03402406497974045,0.4225228215599881,0.5434531134602715
Anyone know what the music is?,neither,0.05358284839651009,0.30686775138443373,0.6395494002190562
alpha isn't letting me sign in... anyone else have this problem?,neither,0.034781598367511976,0.35932561212526093,0.605892789507227
@SSJKarma Or is she the good computer that keeps an evil Brian in check?,neither,0.041557387116039776,0.38711169469956125,0.571330918184399
@SSJKarma I have no idea what you're talking about MrDestructoid ;),neither,0.08041779736816751,0.3854606777975397,0.5341215248342928
ahh the social media prep time of TalksMachina,neither,0.038097051472756105,0.33245585616362516,0.6294470923636187
gandsSubHype gandsSubHype,neither,0.03945320844208391,0.33037608806864915,0.630170703489267
from a video game I believe,neither,0.044680178498855055,0.17913122053675018,0.7761886009643948
no sign this week?,neither,0.03847869674737616,0.34691609480069957,0.6146052084519243
gotta get dat mark right,neither,0.03660621093016393,0.3807876757338022,0.5826061133360338
what is alpha?,neither,0.05726133846407094,0.3218639361468735,0.6208747253890556
maybe two steps from hell,offensive_language,0.042522636799228845,0.6569964918425673,0.3004808713582038
which game?,neither,0.03859078608692969,0.2754813043471932,0.685927909565877
I love watching the behind the scenes set up,neither,0.034530111449666875,0.3513899126277152,0.614079975922618
"There's a sign, just no light on it.",neither,0.03146913268553717,0.33578465207642433,0.6327462152380385
@snoreybear nope. shes the one printing those evil messages that they pin to the left.,neither,0.05205760169708555,0.3115105410742714,0.6364318572286431
"I love that arsequeef is basically just ""fart""",neither,0.03604073860372355,0.39345779698304273,0.5705014644132337
@uselessrogue or is there,neither,0.053723183264443176,0.2590489043537362,0.6872279123818206
Look at Denise's sign .. it says she can change anything at a push of a button,neither,0.039635565154218025,0.4028805931635623,0.5574838416822198
"there is a sign, it is revealed only by torchlight",neither,0.05480135519878953,0.325664689823206,0.6195339549780046
So let Denise push her buttons!,offensive_language,0.021464260220606123,0.5777881056781653,0.4007476341012286
"So, does Brian still smell like cabbage? o.O",offensive_language,0.033710960019647844,0.4953630669557673,0.4709259730245847
Music is original probably made by jason miller.,neither,0.04431433071171528,0.3688383710670331,0.5868472982212516
Alpha is LDS pay for premium content service,neither,0.04020145934884928,0.3106262486977417,0.6491722919534091
yes,neither,0.03945320844208391,0.33037608806864915,0.630170703489267
twitch has been telling me it's my 6 month anniversary for like a month and a half,neither,0.03114448079776954,0.36099547953942335,0.6078600396628071
gandsSCANLAN,neither,0.03945320844208391,0.33037608806864915,0.630170703489267
"MUSIC: It might be an indie composer, I know that they have a few artists that said they could use their music.",neither,0.02212298931143686,0.41235592417450523,0.5655210865140579
ty,neither,0.03945320844208391,0.33037608806864915,0.630170703489267
I would if i could...i get like 2 seconds of video every 30 because of buffering,neither,0.03543079938015754,0.3176992353611008,0.6468699652587416
#cabagebrian,neither,0.03945320844208391,0.33037608806864915,0.630170703489267
"""I can change anything at the pus of a button"" gandsGandSDenise gandsGandSDenise , also truegandsGandSDenise gandsGandSDenise",neither,0.03853628561598424,0.3321416940730488,0.629322020310967
"Best bet is, Jason Charles miller is the one doing the music here. i know he made CR musics and certain other shows.",neither,0.06576933853662006,0.2923583346465734,0.6418723268168066
*push,neither,0.03945320844208391,0.33037608806864915,0.630170703489267
*pus of a button eeeewww,neither,0.03945320844208391,0.33037608806864915,0.630170703489267
"@UselessRogue, lower video quality",neither,0.04423275298541565,0.24925474355102448,0.7065125034635599
rooHappy DENISE!,neither,0.03945320844208391,0.33037608806864915,0.630170703489267
TALKS MACHINA!!!!!!!!!!!!!!!!,neither,0.03945320844208391,0.33037608806864915,0.630170703489267
LOL @Abadok23 I read that as Cabbage Brain,neither,0.02770421207130005,0.4478964435726649,0.5243993443560351
beep beep,neither,0.03945320844208391,0.33037608806864915,0.630170703489267
BIDET from Portland Oregon!,neither,0.040371808140217125,0.31478505383715205,0.6448431380226308
gandsDerp gandsDerp gandsBeccasaurus,neither,0.03945320844208391,0.33037608806864915,0.630170703489267
get better internet,neither,0.038818384904427454,0.3411507002600921,0.6200309148354806
does anyone know where to get this music to use in our own games if we choose?,neither,0.021987947460122656,0.45652421829254397,0.5214878342473334
"hey flash light dude, can you pass your light onto the message again ?!!",neither,0.061776070165264804,0.35290374417808795,0.5853201856566473
