text,top_class,hate_speech,offensive_language,neither
Hey everyone! Finally time for the best show on Twitch right now gandsLessthanthree gandsLessthanthree gandsLessthanthree,neither,0.03640149887825298,0.34808362044502134,0.6155148806767258
"Halfway through the week, so things are looking up! And it's Wednesday!",neither,0.04932678080732999,0.3254621017455827,0.6252111174470872
"@sorcpenz I think it ended awhile ago, but you may be able to get a PDF of the comic?",neither,0.050483720198895306,0.33764827028569006,0.6118680095154146
"Help G&S make great content! $4.99/month gets you emotes, Minecraft server access, Sub Only Q&As, VODs, and more! Every sub keeps the channel alive! twitch.tv/geekandsundry/subscribe",neither,0.043092924924402844,0.32365565443818894,0.6332514206374082
Happy Wednesday,neither,0.03945320844208391,0.33037608806864915,0.630170703489267
"@japenrose cool, looking into it now",neither,0.037975262417196974,0.3308844214787132,0.6311403161040897
Snazzy intro is snazzy,neither,0.0495192247997867,0.32691392345999004,0.6235668517402233
Amazing intro,neither,0.03945320844208391,0.33037608806864915,0.630170703489267
gandsSubHype gandsSubHype gandsSubHype gandsSubHype,neither,0.03945320844208391,0.33037608806864915,0.630170703489267
Swamp Thing,neither,0.03945320844208391,0.33037608806864915,0.630170703489267
Yaaaay lol,neither,0.020706217963973744,0.4882283491876925,0.4910654328483337
XD,neither,0.03945320844208391,0.33037608806864915,0.630170703489267
amazing chords,neither,0.03945320844208391,0.33037608806864915,0.630170703489267
Bidet friends,neither,0.03945320844208391,0.33037608806864915,0.630170703489267
Nice background!!,neither,0.03945320844208391,0.33037608806864915,0.630170703489267
Wednesday Club has began refresh if you don't see it,neither,0.03530976935197224,0.3871727350227174,0.5775174956253104
Sycronizhed opening nice,neither,0.03945320844208391,0.33037608806864915,0.630170703489267
meow meow,neither,0.03945320844208391,0.33037608806864915,0.630170703489267
matt ruins everything!,neither,0.03945320844208391,0.33037608806864915,0.630170703489267
hey guys,neither,0.03929207127355727,0.33311100635304525,0.6275969223733975
OMG that chalk art,neither,0.036378524477305635,0.3636942806401114,0.5999271948825831
:(,neither,0.03945320844208391,0.33037608806864915,0.630170703489267
hello everyone from austria,neither,0.03410348934323388,0.421174782830433,0.544721727826333
"Oh I need to get that for my dad, he would love the Swamp Thing",neither,0.032860485956020445,0.35508401968753783,0.6120554943564418
"Hey Amy, hey Taliesin, hey Matt",neither,0.03945320844208391,0.33037608806864915,0.630170703489267
"!commands edit !whodat Amy Dallen (twitter.com/enthusiamy ), Taliesin Jaffe (twitter.com/executivegoth ), and Matt Key (twitter.com/TheMattKey ) with chalk art by Ken Nguyen (twitter.com/minhwind ).",neither,0.035769060983035526,0.46205767727048924,0.5021732617464754
"danoba -> The command ""!whodat"" has been edited successfully.",neither,0.038833348848055345,0.31701785589488446,0.6441487952570603
"!commands edit !wtfisthis Welcome to The Wednesday Club where Amy, Taliesin, and Matt talk about comics old and new.",neither,0.033900044272371956,0.24759288632586818,0.7185070694017599
"danoba -> The command ""!wtfisthis"" has been edited successfully.",neither,0.038833348848055345,0.31701785589488446,0.6441487952570603
junji ito,neither,0.03945320844208391,0.33037608806864915,0.630170703489267
not comedy comics?,neither,0.038319950518211146,0.33462584716538263,0.6270542023164062
"oh, japanese horror manga is amazing!!!",neither,0.04845012794689043,0.29598124878482956,0.65556862326828
yo @danoba,offensive_language,0.04010381111145228,0.5271105317972344,0.4327856570913131
Hey @Zenora1911,neither,0.03945320844208391,0.33037608806864915,0.630170703489267
If you're new to comics AND new to horror would Swamp Thing be a good starter?,neither,0.05469710216843903,0.2511093460847148,0.694193551746846
"Poop, a few minutes late.",neither,0.03945320844208391,0.33037608806864915,0.630170703489267
!questions,neither,0.03945320844208391,0.33037608806864915,0.630170703489267
"To make it easier to read questions in chat, please preface your questions with the word question in all caps. For example, QUESTION: How are you today?",neither,0.06209713493468228,0.3342013724685751,0.6037014925967426
super hero / sci fi / horror,neither,0.03945320844208391,0.33037608806864915,0.630170703489267
"Amy Dallen ( twitter.com/enthusiamy ), Taliesin Jaffe ( twitter.com/executivegoth ), and Matt Key ( twitter.com/TheMattKey ),",neither,0.03832046621880042,0.4407703471967239,0.5209091865844757
@JodyHouser Poop is always on time :P,neither,0.04121549704737074,0.41303636357845985,0.5457481393741693
"Thanks for including Ken Nguyen in that whodat, now I can follow him on twitter!",neither,0.030463468761993476,0.39614910228721806,0.5733874289507886
"Thx for the Ken Nguyen add, shall google and otherwise explore",neither,0.035773443853770896,0.28962181856259295,0.6746047375836363
CRYPT KEEPER!,neither,0.03945320844208391,0.33037608806864915,0.630170703489267
@sorcpenz I've definitely stumbled across some horror manga!,neither,0.02087410011660234,0.32574876021345545,0.6533771396699422
Poop comes when it well. And this conversation is already in the toilet. :p,neither,0.03535092651426112,0.3363444074522826,0.6283046660334562
"It killed them, basically",neither,0.05285396020613609,0.3225249664380669,0.624621073355797
pushing the envelope can be creepy,neither,0.0392667922372943,0.3145740860476906,0.6461591217150152
Crypt Keeper was great,neither,0.03741806579253581,0.3068107869579886,0.6557711472494757
QUESTION: What would you recommend for Japanese horror comics?,neither,0.04691203013895491,0.330078059585305,0.6230099102757402
"@sorcpenz My dad LOVES Creature from the Black Lagoon, so I think Swamp Thing would be great for him",neither,0.03788306257465754,0.3355998876454168,0.6265170497799256
gandsSubHype gandsSubHype gandsSubHype gandsSubHype gandsSubHype gandsSubHype,neither,0.03945320844208391,0.33037608806864915,0.630170703489267
"The comic code was specifically designed to kill horror comics, they made rules specifically to kill certain titles by banning those words in the title.",neither,0.25815435836294415,0.21723326150184236,0.5246123801352135
Attack on Titan I'd classify as horror and it's the biggest title in manga right now.,neither,0.0348539645961127,0.33587403689845047,0.6292719985054367
Hey Guys,neither,0.03929207127355727,0.33311100635304525,0.6275969223733975
@jodyhouser hey jody,neither,0.03945320844208391,0.33037608806864915,0.630170703489267
@JodyHouser love attack on titan,neither,0.03274946339690026,0.36329056326647746,0.6039599733366223
yay degenerates!,neither,0.03945320844208391,0.33037608806864915,0.630170703489267
101deadpool1017 -> Come get some! [stop spamming symbols] [warning],neither,0.030110984573074855,0.44696905317960467,0.5229199622473206
@japenrose what japanese horror would you recommend? I love psychological stuff,neither,0.04949017841331246,0.35786311891571737,0.5926467026709702
Taliesin gandsLessthanthree gandsLessthanthree,neither,0.03945320844208391,0.33037608806864915,0.630170703489267
"Relating to both the code and Bernie Wrightson, I remember him telling a story of them trying to come down on Swamp Thing because he was 'undraped'",neither,0.05162840585831011,0.3171575983475364,0.6312139957941535
Is the comic code still in effect to some extent? Or are there any lingering effects of it?,neither,0.05761020538977513,0.27756640178022773,0.6648233928299971
hi amy Taliesin and matt,neither,0.0388100252782571,0.29846695177565247,0.6627230229460904
And like most regulated organizations over-reached and affected non-horror comics too.,neither,0.04219457590729129,0.296610637422885,0.6611947866698237
Wednesday Club Assemble !,neither,0.03945320844208391,0.33037608806864915,0.630170703489267
"For really good horror manga, look up Junji Ito.",neither,0.033980758253773696,0.3432152327495971,0.6228040089966292
@sorcpenz I agree with Jodie Houser than Attack on Titan is good; I don't know if would be fully classified as horror but Death Note gets a bit creepy (plus it has a live action movie coming out),neither,0.02872670570354135,0.374762047126604,0.5965112471698546
"@zoidburg11 I think it's officially dead, replaced by in-house standard and rating policies that each company decides on their on own.",neither,0.0440289642121479,0.35200366017445084,0.6039673756134011
GDT <3,neither,0.03945320844208391,0.33037608806864915,0.630170703489267
I'd recommend The Laughing Target by Rumiko Takahashi.,neither,0.03958293664659149,0.35209709353317326,0.6083199698202353
lol,neither,0.020706217963973744,0.4882283491876925,0.4910654328483337
dig it,neither,0.03766131712739339,0.3309924016600271,0.6313462812125794
@starpilotsix hmm interesting,neither,0.03945320844208391,0.33037608806864915,0.630170703489267
Junji Ito is one of the best I've ever seen at instilling dread in like ANY medium.,neither,0.030609385070627156,0.3459933610388386,0.6233972538905341
robert rodriquez,neither,0.03945320844208391,0.33037608806864915,0.630170703489267
This Del Toro guy sounds cool. Does he draw Batman?,neither,0.033278686557603444,0.41050474450134056,0.5562165689410561
@JodyHouser Oh yeah! I've had weird dreams inspired by his work,neither,0.028623026604351218,0.3846245119020066,0.5867524614936421
Robert Rodriguez,neither,0.03945320844208391,0.33037608806864915,0.630170703489267
love this show,neither,0.05833385288354363,0.23792695023094135,0.703739196885515
That's del toro right?,neither,0.034507217095819935,0.3927980754646642,0.5726947074395159
It's robert rodriguez,neither,0.0381779762588592,0.3308146988930002,0.6310073248481405
Hey all!!!!,neither,0.04285346742239823,0.46255625023407465,0.49459028234352725
robert rodriguez,neither,0.03945320844208391,0.33037608806864915,0.630170703489267
Robert Rodriguez,neither,0.03945320844208391,0.33037608806864915,0.630170703489267
"great recs guys, thx!",neither,0.037578241355173375,0.30857409024060045,0.6538476684042263
@JodyHouser What if I *like* my sanity and don't want Ito my brain *ever* again?,neither,0.022725681478429984,0.463101773908581,0.5141725446129891
PACRIM <3,neither,0.03945320844208391,0.33037608806864915,0.630170703489267
"@AnthonyHarrisArt Some things must be sacrificed at the altar of Awesome Comics, sanity among them",neither,0.0410151608383459,0.3312289297953524,0.6277559093663018
"@zoidburg11 No, it's dead for good (DC comics was the last to get rid of it after every other publisher banished it from their books. It died after that) and no, there are no lingering affects of it in comics these days (thank the gods)",neither,0.04278097822555497,0.3150542715196967,0.6421647502547483
"Uzumaki, Gyo and The story of the mysterious tunnel are all great Junji Ito works",neither,0.05317714621408753,0.2788581580486428,0.6679646957372698
@AnthonyHarrisArt Horror doesn't really affect me anymore so I can't help you there.,neither,0.043605663824870584,0.3797819636103244,0.576612372564805
@DeLevely That is a fair assessment,neither,0.04452585847376645,0.3797042187697494,0.5757699227564841
@AnthonyHarrisArt now you've convinced me I need to read Ito! XD,neither,0.02795843811349187,0.3736907714574491,0.598350790429059
lol,neither,0.020706217963973744,0.4882283491876925,0.4910654328483337
lmao,neither,0.03705015143476208,0.3711622369619404,0.5917876116032975
na na na swamp thing,neither,0.03945320844208391,0.33037608806864915,0.630170703489267
lol,neither,0.020706217963973744,0.4882283491876925,0.4910654328483337
"@JodyHouser Movies don't bug me, horror comics, I think because art brain, will mess me right up",neither,0.03213972157128905,0.38329999824623506,0.5845602801824759
hahaha great story matt,neither,0.037881632930197015,0.30957111853208236,0.6525472485377205
*writer fist bump* !!!,neither,0.03945320844208391,0.33037608806864915,0.630170703489267
#sonofabitch,neither,0.03945320844208391,0.33037608806864915,0.630170703489267
pretty good impression,neither,0.03880285413502129,0.33059977473723656,0.6305973711277421
omgggg,neither,0.03945320844208391,0.33037608806864915,0.630170703489267
"HaHa!! Thought it was Tuesday, what a nice surprise!!",neither,0.04142342906090387,0.3109250589307306,0.6476515120083656
I made it! I thought this started at 2:30 for some reason,neither,0.030341023228589052,0.26651139358660364,0.7031475831848073
AHHHH you lucky sunuva *** Matthew!!,neither,0.05188860666798498,0.3659178444935149,0.5821935488385002
Del Toro sounds AWESOME,neither,0.03945320844208391,0.33037608806864915,0.630170703489267
and he died,neither,0.04592710180595048,0.2755894926067722,0.6784834055872775
That is SOO cool,neither,0.043631289351071544,0.371828418897771,0.5845402917511575
This is the most adorable story.,neither,0.04583683421939695,0.3148377477200572,0.6393254180605458
How are you still breathing?! Holy cow!!,neither,0.07239337206150122,0.3393846162907599,0.5882220116477389
"@sorcpenz Ito is, no lie, a great. You should absolutely look up the work, I am just a baby when it comes to horror comics *grin*",neither,0.047988719254686785,0.4044768429424593,0.5475344378028539
I NEED MORE PAC RIM,neither,0.041251135030382496,0.31838298364644996,0.6403658813231675
Matt Key your life is AMAZING,neither,0.06721504571005994,0.36537613400523894,0.5674088202847011
My friends and I snuck sushi into Pacific Rim.,neither,0.03090983642471764,0.3609673846532904,0.608122778921992
I love that movie so much.,neither,0.030841578914837027,0.3998966230301222,0.5692617980550408
Pacific rim is such a fun movie,neither,0.051319119346059164,0.28241457586858754,0.6662663047853533
