text,top_class,hate_speech,offensive_language,neither
I estimate 3 gandsFail will happen tonight,neither,0.03798766204893066,0.2802701496343023,0.6817421883167671
y'all ready for Dis?,neither,0.03391637494463892,0.3698127322275519,0.5962708928278092
"Bidet is also from Grog, because he thought Keyleth was saying bidet instead of good day :P",neither,0.04508196434614749,0.240985572732987,0.7139324629208653
Bidet from Ontario Canada,neither,0.040354386843928725,0.3150807387011266,0.6445648744549448
!discord,neither,0.03945320844208391,0.33037608806864915,0.630170703489267
We have a subscriber-only Discord server! Join here: https://discord.gg/geekandsundry (you'll need to sub and link it to your Twitch) and be a part of the fun!,neither,0.09599275848176793,0.2819530604707182,0.6220541810475139
!wallet,neither,0.03945320844208391,0.33037608806864915,0.630170703489267
atomizerv1 has 1033 coins,neither,0.03989735448983053,0.32283777050957063,0.6372648750005988
"@JustPeiPei Unless his family were all rogues going back generations, why would their name reflect his chosen profession?",neither,0.05574313989515943,0.3731748341329557,0.571082025971885
!wallet,neither,0.03945320844208391,0.33037608806864915,0.630170703489267
geckym has 4438 coins,neither,0.03989735448983053,0.32283777050957063,0.6372648750005988
"Biset from Houston, Texas",neither,0.040553695508357114,0.31169795051161153,0.6477483539800314
!wallet,neither,0.03945320844208391,0.33037608806864915,0.630170703489267
impossiblegirl11 has 37316 coins,neither,0.03989735448983053,0.32283777050957063,0.6372648750005988
yayyy,neither,0.03945320844208391,0.33037608806864915,0.630170703489267
Now?,neither,0.03945320844208391,0.33037608806864915,0.630170703489267
waves,neither,0.03945320844208391,0.33037608806864915,0.630170703489267
PogChamp we live peeps,neither,0.04402651402060932,0.33143645766683705,0.6245370283125535
Art is up!,neither,0.045991427074099804,0.39187272382964855,0.5621358490962516
oh no the laxative has kicked in,neither,0.04311404221309298,0.27344881954904526,0.6834371382378618
@theamericanfangirl inside joke from a past episode,neither,0.035831917557454865,0.17227584060972045,0.7918922418328247
Mothership was on earlier. It ended already,neither,0.035139192085385254,0.35803315644343575,0.606827651471179
bidet from Florida,neither,0.0408948396164547,0.30590784468201904,0.6531973157015263
!wallet,neither,0.03945320844208391,0.33037608806864915,0.630170703489267
mangle81 has 38410 coins,neither,0.03989735448983053,0.32283777050957063,0.6372648750005988
"would be funny if ""Vox Machina Goes To Hell"" was like Bill & Ted's Bogus Journey",offensive_language,0.037292105555649206,0.6075085223386545,0.3551993721056963
@TheSlayersTake realy mist that one,neither,0.029980413290024384,0.47974963278230326,0.4902699539276724
Bidet,neither,0.03945320844208391,0.33037608806864915,0.630170703489267
Vandalia! lol hi neighbor,neither,0.03210989333269632,0.3833623774207964,0.5845277292465073
Bidet from Oklahoma!,neither,0.04066490145509902,0.30981049537100724,0.6495246031738937
13 minutes away in all time zones,neither,0.040853456152721235,0.3769557038765935,0.5821908399706853
Bidet from Alabama!,neither,0.04078317879478948,0.307803020237201,0.6514138009680096
Bidet from Illinois,neither,0.04069404815304118,0.30931579984010865,0.6499901520068502
ayyyy,neither,0.03945320844208391,0.33037608806864915,0.630170703489267
Quick Question for the cat ... would you be *** psyched if Vox Machina had to fight Tiamat in Baator?,neither,0.03437629090673316,0.35871754841088044,0.6069061606823863
REFRESH YOUR BROWSER NOW REFRESH REFRESH,neither,0.05033061762572178,0.3273622716168422,0.622307110757436
!wallet,neither,0.03945320844208391,0.33037608806864915,0.630170703489267
Art PogChamp,neither,0.03945320844208391,0.33037608806864915,0.630170703489267
tenzin_gyatso has 1834 coins,neither,0.03989735448983053,0.32283777050957063,0.6372648750005988
Who's stream is laggy?,neither,0.04971854177815337,0.40065178000254403,0.5496296782193026
Beep Beep from Chicago,neither,0.04078317879478948,0.307803020237201,0.6514138009680096
ROLL TIDE!,neither,0.03945320844208391,0.33037608806864915,0.630170703489267
Gill will F**K all the rolls,neither,0.04122767003052178,0.3526877149253247,0.6060846150441535
"Bidet from Utah, all!",neither,0.042808078011918105,0.39053103227606023,0.5666608897120217
Bidet from Virginia guys! Hotis here we come!,neither,0.07762835187897618,0.3094984719505238,0.6128731761704999
Is critical role on yet??,neither,0.04351125414495338,0.3392985082160606,0.6171902376389861
beep beep bidet from Cencali,neither,0.04228451509352876,0.2823214250720796,0.6753940598343917
bidet is grog saying 'good day',neither,0.037795217733317045,0.31291799041089424,0.6492867918557886
IT'S THURSDAY,neither,0.03752336384949593,0.3310398501182267,0.6314367860322773
Oooo that was a good Doty,neither,0.03189561751333552,0.40456246498461734,0.5635419175020473
@CrimsonWolf1990 ah thanks,neither,0.036849678133627814,0.3085744604586018,0.6545758614077704
gandsTrinket gandsTrinket gandsTrinket gandsTrinket,neither,0.03945320844208391,0.33037608806864915,0.630170703489267
!wallet,neither,0.03945320844208391,0.33037608806864915,0.630170703489267
brawler16 has 195 coins,neither,0.03989735448983053,0.32283777050957063,0.6372648750005988
Bidet from Ohio,neither,0.040754399270683486,0.3082914838698526,0.650954116859464
Stream is now showing art .. REFRESH YOUR BROWSER IF YOU DON'T SEE IT YET,neither,0.055422678170911996,0.38257639454202275,0.5620009272870653
!wallet,neither,0.03945320844208391,0.33037608806864915,0.630170703489267
"wait what? 20 min until game, but i want to go to the store and get snacks",neither,0.06351774613176761,0.2776027319181965,0.658879521950036
uncalmedbush has 4569 coins,neither,0.03989735448983053,0.32283777050957063,0.6372648750005988
Bidet from England! (GMT ;D),neither,0.04071751644889743,0.3089174816120565,0.6503650019390461
!wallet,neither,0.03945320844208391,0.33037608806864915,0.630170703489267
wraithe11307 has 16870 coins,neither,0.03989735448983053,0.32283777050957063,0.6372648750005988
Bidet from Florida,neither,0.0408948396164547,0.30590784468201904,0.6531973157015263
twooooo minutes!!,neither,0.03945320844208391,0.33037608806864915,0.630170703489267
Refresh for your daily dose of fan art!,neither,0.05160407996008518,0.3071496237277389,0.6412462963121759
@nemothecaptn not mine. chat going crazy,neither,0.028595994497012077,0.4430125094100231,0.5283914960929648
Beep beep from Kenosha. ' 3',neither,0.04066490145509902,0.30981049537100724,0.6495246031738937
Dis gonna be good,neither,0.03799596178488517,0.3939727485606555,0.5680312896544593
THANKS CAPTAIN,neither,0.03704741878065195,0.31023031517855193,0.6527222660407961
@Kreepn bidet,neither,0.03945320844208391,0.33037608806864915,0.630170703489267
Bidet from Germany,neither,0.04069404815304118,0.30931579984010865,0.6499901520068502
<3,neither,0.03945320844208391,0.33037608806864915,0.630170703489267
b'day all,neither,0.044711544268415136,0.4543906108237455,0.5008978449078394
mothman doty,neither,0.03945320844208391,0.33037608806864915,0.630170703489267
"@GeekandSundry, Indeed, it was!",neither,0.03766299055026313,0.3333434378739184,0.6289935715758185
Bidet from Detroit!,neither,0.04080695066346891,0.3073995495860776,0.6517934997504536
Bidet to everyone!,neither,0.040340749259930184,0.47800030162361157,0.4816589491164583
"@Toonimator, Well he does not know his family since hes an orphan (urchin background) so basicly i am only looking for a simple ""firstname"" :-) but thanks a lot ^.^",neither,0.038010855834345124,0.3942896539909197,0.5676994901747352
MUSIC!!!!,neither,0.03945320844208391,0.33037608806864915,0.630170703489267
Yay fan art,neither,0.03945320844208391,0.33037608806864915,0.630170703489267
ITS LIVE,neither,0.03646146549147045,0.3314050856575407,0.6321334488509888
Bidet form Oklahoma. #BoomerSooner,neither,0.03945320844208391,0.33037608806864915,0.630170703489267
@Kreepn Hi Ohio,neither,0.03945320844208391,0.33037608806864915,0.630170703489267
Texas bidet],neither,0.03945320844208391,0.33037608806864915,0.630170703489267
AUSSIE! AUSSIE! AUSSIE!,neither,0.03945320844208391,0.33037608806864915,0.630170703489267
Bidet from Connecticut,neither,0.04062582848913359,0.31047366557575606,0.6489005059351104
*** alpha is broke,neither,0.04846894275216672,0.32727516361748266,0.6242558936303506
thanks captain,neither,0.03704741878065195,0.31023031517855193,0.6527222660407961
CR gandsSubHype IT IS THURSDAY!,neither,0.045347032364090455,0.3283489317570239,0.6263040358788855
Bidet from Arizona,neither,0.04078317879478948,0.307803020237201,0.6514138009680096
Bidet from New York,neither,0.044690599332616286,0.20708884905532376,0.7482205516120599
Also ohio,neither,0.03945320844208391,0.33037608806864915,0.630170703489267
"It's sorted itself, more or less",neither,0.03980707190523142,0.32210953465671294,0.6380833934380556
moon2SMUG,neither,0.03945320844208391,0.33037608806864915,0.630170703489267
!wallet,neither,0.03945320844208391,0.33037608806864915,0.630170703489267
dang those arms,neither,0.07221022524009668,0.2438326042780585,0.6839571704818447
mathomless has 2502 coins,neither,0.03989735448983053,0.32283777050957063,0.6372648750005988
"@theamericanfangirl grog saying ""Good day"" he also says ""beep beep""instead of ""be pleased""",neither,0.03731730131689786,0.3240443601808242,0.6386383385022779
!wallet,neither,0.03945320844208391,0.33037608806864915,0.630170703489267
ranezero has 4625 coins,neither,0.03989735448983053,0.32283777050957063,0.6372648750005988
"@GeekandSundry, I'm not his keeper, but I think he'd appreciate it",neither,0.05871342880139287,0.33557512074142887,0.6057114504571783
@Aldjeron what else is new?,neither,0.06464846599338175,0.21300970396158594,0.7223418300450323
Bidet from auburn alabama,neither,0.04037735807595538,0.31469085694349574,0.6449317849805489
bidet from Cleveland ohio,neither,0.040441658194854284,0.3135995161158431,0.6459588256893026
hello everyone,neither,0.03269494828970791,0.4450814005079928,0.5222236512022994
Tulsa OK 'ere,neither,0.03935517884257045,0.3320399062092607,0.6286049149481688
the art is awsome as always,neither,0.04254989702901557,0.3980356364929968,0.5594144664779876
"Bidet! From Scranton, PA!",neither,0.04069404815304118,0.30931579984010865,0.6499901520068502
hellooooo,neither,0.03945320844208391,0.33037608806864915,0.630170703489267
Awww yiss....here we go!,neither,0.08902960729945256,0.2982892290195232,0.6126811636810242
is it better to watch here or projectalpha?,neither,0.13500179946761526,0.27421300331831533,0.5907851972140694
Fanart!,neither,0.03945320844208391,0.33037608806864915,0.630170703489267
!bet 4625,neither,0.03945320844208391,0.33037608806864915,0.630170703489267
FOR THE SHITS!!!,neither,0.03157584221330667,0.2782543717782456,0.6901697860084478
gandsNatTwenty gandsLessthanthree,neither,0.03945320844208391,0.33037608806864915,0.630170703489267
@electronsWheeee Bidet and awesome name,neither,0.03856256372654991,0.2846349790781239,0.6768024571953263
Bidet from Virginia,neither,0.04079557052152802,0.30759270029461827,0.6516117291838538
there people here whit legit talant,neither,0.11030917827313892,0.2639041275059694,0.6257866942208917
"Bidet from Vic, AUS",neither,0.04069404815304118,0.30931579984010865,0.6499901520068502
Bidet from NC!,neither,0.04066490145509902,0.30981049537100724,0.6495246031738937
Just looking at this artwork is amazing,neither,0.041472872903682186,0.37350266954571953,0.5850244575505982
lol am pink,neither,0.030412939496879007,0.3955784859280287,0.5740085745750924
guess this is what I'm getting for streaming CR on university networks at 3 am :P,neither,0.03836266311154971,0.36940037963379835,0.592236957254652
Bidet from the UK,neither,0.039613273355342184,0.2892653269430044,0.6711213997016535
Bidet from Maryland.,neither,0.04066490145509902,0.30981049537100724,0.6495246031738937
Dispater or Bust tonight,neither,0.036594391548850295,0.30643672346468886,0.6569688849864609
"bidet from Pittsburgh, PA",neither,0.04036266062233628,0.31494031108870923,0.6446970282889545
great name!!,neither,0.03697491134692881,0.2969582793547792,0.666066809298292
Bidet from Colorado,neither,0.04066490145509902,0.30981049537100724,0.6495246031738937
bidet fom vancouver canada!,neither,0.03945320844208391,0.33037608806864915,0.630170703489267
!wallet,neither,0.03945320844208391,0.33037608806864915,0.630170703489267
nevereternity0 has 3421 coins,neither,0.03989735448983053,0.32283777050957063,0.6372648750005988
what are we betting on?,neither,0.06939928632443307,0.2963531734207064,0.6342475402548604
@Shadowsoflife thanks :),neither,0.035884468650613,0.3004919205142699,0.6636236108351171
!discord,neither,0.03945320844208391,0.33037608806864915,0.630170703489267
when does critical role start,neither,0.02310908907152434,0.46050048231472435,0.5163904286137513
We have a subscriber-only Discord server! Join here: https://discord.gg/geekandsundry (you'll need to sub and link it to your Twitch) and be a part of the fun!,neither,0.09599275848176793,0.2819530604707182,0.6220541810475139
gandsSubHype gandsSubHype gandsSubHype,neither,0.03945320844208391,0.33037608806864915,0.630170703489267
ahhh finally live,neither,0.043674235327208266,0.3289242833651238,0.6274014813076679
gandsTrinketArmor gandsTrinketArmor gandsTrinketArmor gandsTrinketArmor gandsTrinketArmor gandsTrinketArmor gandsTrinketArmor,neither,0.03945320844208391,0.33037608806864915,0.630170703489267
hi,neither,0.03945320844208391,0.33037608806864915,0.630170703489267
beep beep,neither,0.03945320844208391,0.33037608806864915,0.630170703489267
Bidet from West Chester PA!,neither,0.04043495871604492,0.3137132237554846,0.6458518175284705
"@LordZeik Alpha has nice graphic overlays,",neither,0.0397754650732852,0.3249065520143736,0.6353179829123412
bidet from Florida,neither,0.0408948396164547,0.30590784468201904,0.6531973157015263
@electronsWheeee Welcome,neither,0.03945320844208391,0.33037608806864915,0.630170703489267
"Bidet from San Antonio, Tx",neither,0.04028946704880015,0.31618259705162277,0.6435279358995771
Bidet from Texas,neither,0.040937266849991,0.30518774380265185,0.6538749893473571
Bidet from Boston!,neither,0.040769555981420263,0.3080342349327864,0.6511962090857933
Bidet from Wales,neither,0.04228451509352876,0.2823214250720796,0.6753940598343917
@complainthat I'm inspired to write a crit role parody of ridin dirty,neither,0.04363729322301305,0.3279023372719915,0.6284603695049955
hi all,neither,0.0423466876598404,0.4436528871510691,0.5140004251890904
Bidet from Cedar Rapids Iowa,neither,0.04069404815304118,0.30931579984010865,0.6499901520068502
I'm surprised no one calls them 'The S.H.I.T.S' anymore,neither,0.048250092192198404,0.3471277187107656,0.604622189097036
"Bidet from AUSTRALIA, Victoria, Gippsland",neither,0.040354386843928725,0.3150807387011266,0.6445648744549448
CRITICAL ROLE!!!!!!!!!!!!!!!!,neither,0.03945320844208391,0.33037608806864915,0.630170703489267
Bidet from Seattle!,neither,0.040754399270683486,0.3082914838698526,0.650954116859464
bidet and beep beep from Critical Vapors in Vancouver Washington!,neither,0.03961958683140347,0.279494139847973,0.6808862733206235
bidet from California,neither,0.06971251856910227,0.2972619859879888,0.633025495442909
hullo,neither,0.03945320844208391,0.33037608806864915,0.630170703489267
"Bidet from Urbana, IL",neither,0.04066490145509902,0.30981049537100724,0.6495246031738937
yay fan art!,neither,0.03945320844208391,0.33037608806864915,0.630170703489267
"Bidet from Wilmington,De!",neither,0.040900798001632634,0.3058067153354034,0.653292486662964
Bidet from Glasgow,neither,0.04228451509352876,0.2823214250720796,0.6753940598343917
B'day from PA!,neither,0.04108094248272711,0.29604336356682126,0.6628756939504516
Bidet & Beep Beep,neither,0.03945320844208391,0.33037608806864915,0.630170703489267
This music always makes me really calm,neither,0.032257557124689584,0.40599972325146205,0.5617427196238484
Bidet from Spain!,neither,0.04228451509352876,0.2823214250720796,0.6753940598343917
gandsCrit,neither,0.03945320844208391,0.33037608806864915,0.630170703489267
!wallet,neither,0.03945320844208391,0.33037608806864915,0.630170703489267
unspeakable16 has 3875 coins,neither,0.03989735448983053,0.32283777050957063,0.6372648750005988
Hi,neither,0.03945320844208391,0.33037608806864915,0.630170703489267
Beep beep from Ohio,neither,0.040754399270683486,0.3082914838698526,0.650954116859464
mammalFGM mammalFGM mammalFGM,neither,0.03945320844208391,0.33037608806864915,0.630170703489267
Bidet from Texas,neither,0.040937266849991,0.30518774380265185,0.6538749893473571
"@JustPeiPei Ah, see, knowing he's an orphan helps. Could have a surname that he got on the street. Sandrat or something. :D",neither,0.040031874838513976,0.37424186153063316,0.5857262636308528
Bidet from San Antonio. Texas,neither,0.04031505647017286,0.3157482777878597,0.6439366657419674
bidey from san diego!,neither,0.040446282760733435,0.31352102516371877,0.6460326920755478
!wallet,neither,0.03945320844208391,0.33037608806864915,0.630170703489267
griff_0 has 9062 coins,neither,0.03989735448983053,0.32283777050957063,0.6372648750005988
bidet from Michigan!!!,neither,0.040769555981420263,0.3080342349327864,0.6511962090857933
!wallet,neither,0.03945320844208391,0.33037608806864915,0.630170703489267
neondeflector has 1447 coins,neither,0.03989735448983053,0.32283777050957063,0.6372648750005988
VM just sounds pro,neither,0.03482347652089092,0.3522457929565155,0.6129307305225936
also who thinks that Dotty should SOOOOOOO be turned into a ballista?,neither,0.04553782376576638,0.4334869269442514,0.5209752492899823
B'day from Geneva,neither,0.04218618119843657,0.2724239819934948,0.6853898368080686
the art is always so freaking good,neither,0.042809475492586256,0.392457152873217,0.5647333716341968
Beep beep and bidet from Wisconsin!,neither,0.039674772959784124,0.26576846215513467,0.6945567648850811
@LordZeik though I only know this because they use Alpha clips on Talks rather than twitch vlips,neither,0.022123257932824637,0.3906061292474689,0.5872706128197065
Bidet from Cardiff!,neither,0.04228451509352876,0.2823214250720796,0.6753940598343917
itmejpCRIT,neither,0.03945320844208391,0.33037608806864915,0.630170703489267
Hello all from ohio,neither,0.042247760000241295,0.3807432508131731,0.5770089891865856
Bidet from Norcal!,neither,0.04228451509352876,0.2823214250720796,0.6753940598343917
Bidet!,neither,0.03945320844208391,0.33037608806864915,0.630170703489267
Someday I'll see more than 1 other person from Connecticut in here! some day,neither,0.05788738571846819,0.29871132431471,0.643401289966822
Bidet from Orange NSW Australia,neither,0.04039749100449293,0.314349148603457,0.6452533603920501
ohio is out in force tonight!,neither,0.03975448555955342,0.3231955221343471,0.6370499923060994
hello from Lubbock Texas,neither,0.040553695508357114,0.31169795051161153,0.6477483539800314
@bea5tman Bidet,neither,0.03945320844208391,0.33037608806864915,0.630170703489267
Beep beep from Utah,neither,0.04066490145509902,0.30981049537100724,0.6495246031738937
good day @jacobthefunk3,neither,0.039184892391848775,0.3050917618113163,0.6557233457968349
Morning y'all!,neither,0.061967905254982546,0.21215969689978753,0.7258723978452299
Bidet from Pa,neither,0.04069404815304118,0.30931579984010865,0.6499901520068502
howdy howdy,neither,0.03945320844208391,0.33037608806864915,0.630170703489267
!wallet,neither,0.03945320844208391,0.33037608806864915,0.630170703489267
justjohnforever has 25287 coins,neither,0.03989735448983053,0.32283777050957063,0.6372648750005988
this song makes my ears bleed,neither,0.030629958729263638,0.40074351305642286,0.5686265282143135
Hello everybody!!!,neither,0.03945320844208391,0.33037608806864915,0.630170703489267
a merryful bidet and beep beep from Germany,neither,0.039670422827289976,0.26681207269915463,0.6935175044735555
Bidet from Finland!,neither,0.04228451509352876,0.2823214250720796,0.6753940598343917
#larkinwatch2017,neither,0.03945320844208391,0.33037608806864915,0.630170703489267
!wallet,neither,0.03945320844208391,0.33037608806864915,0.630170703489267
"oh and bidet from Portland, OR!",neither,0.044206120234512786,0.23296793542924904,0.7228259443362381
@FaelanaWolfling its amazing isnt it,neither,0.03278771970790668,0.33266865529433476,0.6345436249977586
Bidet!,neither,0.03945320844208391,0.33037608806864915,0.630170703489267
"Bidet from Austin, TX!",neither,0.0404991143919742,0.31262433450199256,0.6468765511060333
yeah OH!,neither,0.022533380315967178,0.4254575626619046,0.5520090570221282
bidet from the south west of england,neither,0.03955173872488676,0.3040083990523397,0.6564398622227736
Bidet from Louisiana,neither,0.04062582848913359,0.31047366557575606,0.6489005059351104
Bidet from Portland Oregon .. beep beep,neither,0.040371808140217125,0.31478505383715205,0.6448431380226308
Bidet from Ontario!,neither,0.04062582848913359,0.31047366557575606,0.6489005059351104
Bidet!,neither,0.03945320844208391,0.33037608806864915,0.630170703489267
!wallet,neither,0.03945320844208391,0.33037608806864915,0.630170703489267
First time watching it live!,neither,0.03400270473358875,0.35133374098582254,0.6146635542805886
blackwolf2398 has 18135 coins,neither,0.03989735448983053,0.32283777050957063,0.6372648750005988
!wallet,neither,0.03945320844208391,0.33037608806864915,0.630170703489267
New ark starting tonight do we think?,neither,0.04170558878858533,0.22844954026959632,0.7298448709418183
stumpinicity has 6095 coins,neither,0.03989735448983053,0.32283777050957063,0.6372648750005988
Morning @BigSpawnie,neither,0.05283876784042269,0.1031882115525248,0.8439730206070525
Hello~!,neither,0.03945320844208391,0.33037608806864915,0.630170703489267
@xantol67 Also Bidet from Utah. :),neither,0.04048244718769107,0.3129072204566142,0.6466103323556948
First time here.,neither,0.08737365243278539,0.3091648451225356,0.603461502444679
Bidet from WA!,neither,0.04071751644889743,0.3089174816120565,0.6503650019390461
@Slayerking81 Bidet,neither,0.03945320844208391,0.33037608806864915,0.630170703489267
We totally need to see a new intro with Terry in it!,neither,0.036809894731437684,0.2911416878697466,0.6720484173988158
bidet,neither,0.03945320844208391,0.33037608806864915,0.630170703489267
!Wallet,neither,0.03945320844208391,0.33037608806864915,0.630170703489267
critterolic has 8323 coins,neither,0.03989735448983053,0.32283777050957063,0.6372648750005988
bidet from portland!,neither,0.04066490145509902,0.30981049537100724,0.6495246031738937
Bidet from canada! :P,neither,0.04071751644889743,0.3089174816120565,0.6503650019390461
so think ashley will be here tonight,neither,0.07544966990060328,0.2918211289592437,0.632729201140153
Bidet all,offensive_language,0.046917543854519406,0.6277741405869331,0.3253083155585475
Bidet from Texas. Beep beep,neither,0.040937266849991,0.30518774380265185,0.6538749893473571
please nobody die.,neither,0.19782856914908029,0.25395285775150533,0.5482185730994144
Bidet critters!!,neither,0.03945320844208391,0.33037608806864915,0.630170703489267
!wallet,neither,0.03945320844208391,0.33037608806864915,0.630170703489267
kingjynxx has 9 coins,neither,0.03989735448983053,0.32283777050957063,0.6372648750005988
Love tonight's title,neither,0.03396281183764842,0.3209838452985136,0.645053342863838
Beep beep from Michigan,neither,0.040769555981420263,0.3080342349327864,0.6511962090857933
BIDET FROM NY,neither,0.04084513770590474,0.30675141581570226,0.6524034464783931
Bidet from Ottawa! Beep Beep!,neither,0.04228451509352876,0.2823214250720796,0.6753940598343917
Agree @blackabbey,neither,0.03945320844208391,0.33037608806864915,0.630170703489267
@JustPeiPei @Toonimator Dunerat perhaps?,neither,0.03945320844208391,0.33037608806864915,0.630170703489267
so many talented artists!,neither,0.03941481970846651,0.3679598027807477,0.5926253775107858
pops into chat,neither,0.03945320844208391,0.33037608806864915,0.630170703489267
Bidet from Pa too,neither,0.04030877438845492,0.3158549011095399,0.6438363245020051
"Bidet from Lawton, Oklahoma",neither,0.04066490145509902,0.30981049537100724,0.6495246031738937
xd,neither,0.03945320844208391,0.33037608806864915,0.630170703489267
Bidetttttt,neither,0.03945320844208391,0.33037608806864915,0.630170703489267
!wallet,neither,0.03945320844208391,0.33037608806864915,0.630170703489267
worldsfoxiestgrandpa has 2527 coins,neither,0.03989735448983053,0.32283777050957063,0.6372648750005988
bidet from Central oregon,neither,0.040394171658393964,0.31440548656955947,0.6452003417720467
!revlo,neither,0.03945320844208391,0.33037608806864915,0.630170703489267
bidet from Wellington New Zealand,neither,0.046710622032705686,0.1542697019613409,0.7990196760059534
Bidet from Upstate New York,neither,0.0434230435812576,0.23816394028302149,0.7184130161357208
"@Toonimator, Yeah i was thinking about something like ""A'lin Fashar"" .. could mean ""Sandworm""",neither,0.03241973394011759,0.43450446412736166,0.5330758019325208
@GeekandSundry Is there no way to disable wallet and such?,neither,0.051357031089155056,0.26851142011541135,0.6801315487954337
gandsSubHype gandsSubHype gandsSubHype gandsSubHype gandsSubHype gandsSubHype gandsSubHype,neither,0.03945320844208391,0.33037608806864915,0.630170703489267
Bidet and beep beep from Indiana,neither,0.039696771856685666,0.26058121240825,0.6997220157350644
teacher Vex Kreygasm,neither,0.03945320844208391,0.33037608806864915,0.630170703489267
bidet from Michigan,neither,0.040769555981420263,0.3080342349327864,0.6511962090857933
Bidet from New Mexico!,neither,0.04441189881032757,0.21402420332822164,0.7415638978614508
hi @GaeaCa,neither,0.03945320844208391,0.33037608806864915,0.630170703489267
Love the Vex teaching Abyssal. :),neither,0.03522969192619734,0.3269397222613407,0.637830585812462
bidet from DFW,neither,0.04228451509352876,0.2823214250720796,0.6753940598343917
"Dunerat sounds better, yeah",neither,0.02243221401272667,0.4496656513633638,0.5279021346239097
someone fill me in on what happened last week plz,neither,0.03612342727745861,0.36093692075969386,0.6029396519628475
I cant draw a frigin circle!,neither,0.03945320844208391,0.33037608806864915,0.630170703489267
!wallet,neither,0.03945320844208391,0.33037608806864915,0.630170703489267
zananerunda has 3511 coins,neither,0.03989735448983053,0.32283777050957063,0.6372648750005988
!wallet,neither,0.03945320844208391,0.33037608806864915,0.630170703489267
awkwardsaurus has 3240 coins,neither,0.03989735448983053,0.32283777050957063,0.6372648750005988
Bidet from Alberta! gandsCrit,neither,0.04062582848913359,0.31047366557575606,0.6489005059351104
hi @electronsWheeee,neither,0.03945320844208391,0.33037608806864915,0.630170703489267
Hello!,neither,0.03945320844208391,0.33037608806864915,0.630170703489267
!title,neither,0.03945320844208391,0.33037608806864915,0.630170703489267
TheGreaterFool -> Current Stream Title: Critical Role Ep 91: Vox Machina goes to hell. #GNSLive #VoxMachina,offensive_language,0.04336717947783018,0.5213413289248872,0.43529149159728264
Bidet from Texas!,neither,0.040937266849991,0.30518774380265185,0.6538749893473571
HeyGuys,neither,0.03945320844208391,0.33037608806864915,0.630170703489267
!wallet,neither,0.03945320844208391,0.33037608806864915,0.630170703489267
jmansell has 14265 coins,neither,0.03989735448983053,0.32283777050957063,0.6372648750005988
Bidet to all from Vasselheim,neither,0.06243841983008616,0.4378595677035738,0.4997020124663401
yes! finally made it to a live stream!,neither,0.04691865218224039,0.3265906116614916,0.6264907361562679
im sorry but can someone explain bidet to me?,neither,0.03510806741313399,0.3904089832293354,0.5744829493575306
Bidet from Ohio,neither,0.040754399270683486,0.3082914838698526,0.650954116859464
Bidet from Nebraska!,neither,0.04062582848913359,0.31047366557575606,0.6489005059351104
moon2SMUG,neither,0.03945320844208391,0.33037608806864915,0.630170703489267
gandsSubHype gandsSubHype gandsSubHype gandsSubHype,neither,0.03945320844208391,0.33037608806864915,0.630170703489267
BIDET FROM PA!!!,neither,0.04069404815304118,0.30931579984010865,0.6499901520068502
"bidet from Ypislanti, Michigan",neither,0.040769555981420263,0.3080342349327864,0.6511962090857933
gandsSubHype gandsSubHype gandsSubHype,neither,0.03945320844208391,0.33037608806864915,0.630170703489267
Bidet mods and fellow critters!,neither,0.03847354642549547,0.27932863474708153,0.682197818827423
Just caught up! First live stream! =D,neither,0.03187982137813555,0.3881811573281531,0.5799390212937114
=Farts as loudly as can for 3 minutes straight.=,neither,0.03383686386033223,0.3495100799567738,0.616653056182894
Bidet from Oklahoma!,neither,0.04066490145509902,0.30981049537100724,0.6495246031738937
Bidet from the Andromeda galaxy!,neither,0.03960389069642851,0.29144428978213127,0.6689518195214403
Beep Beep from Bulgaria :),neither,0.04228451509352876,0.2823214250720796,0.6753940598343917
Michigan checking in. Bidet,neither,0.03945320844208391,0.33037608806864915,0.630170703489267
"kinda funny that GandS keeps adding titles about VM going to hell, when thats not happening until ashley's back",offensive_language,0.03438669735896499,0.5637598482028467,0.4018534544381883
"Bidet from Iowa. I've needed this all weeks. Between work sucking and Sourcefed being cancelled, the week has been shit.",offensive_language,0.03652456605323677,0.8551237999235117,0.10835163402325143
gandsSubHype gandsSubHype gandsSubHype gandsSubHype gandsSubHype gandsSubHype,neither,0.03945320844208391,0.33037608806864915,0.630170703489267
!wallet,neither,0.03945320844208391,0.33037608806864915,0.630170703489267
th3madhat has 3143 coins,neither,0.03989735448983053,0.32283777050957063,0.6372648750005988
bidet from Fort Worth! gandsLessthanthree,neither,0.04097097592422819,0.30461561283917343,0.6544134112365985
Welcomes back all long time viewers and subs! <3,neither,0.03890773678613002,0.3605939819683741,0.600498281245496
"Beep Beep and Bidet from Nashville, TN",neither,0.039618715792848265,0.27971990106412287,0.6806613831430289
hello,neither,0.03945320844208391,0.33037608806864915,0.630170703489267
Bidet from Iowa!,neither,0.04069404815304118,0.30931579984010865,0.6499901520068502
bidet from Chattanooga,neither,0.04228451509352876,0.2823214250720796,0.6753940598343917
Bidet from Illinois,neither,0.04069404815304118,0.30931579984010865,0.6499901520068502
Beep beep and bidet from San Francisco!,neither,0.03961442055833876,0.2808376962075625,0.6795478832340988
@BigFluffCentral welcome to the critter matrix,neither,0.04828521949961754,0.3017179234363179,0.6499968570640645
@kooper91 Bidet,neither,0.03945320844208391,0.33037608806864915,0.630170703489267
Hello everyone,neither,0.03269494828970791,0.4450814005079928,0.5222236512022994
bidet from SoCal,neither,0.04062582848913359,0.31047366557575606,0.6489005059351104
"Bidet from Ontario, Canada!",neither,0.040354386843928725,0.3150807387011266,0.6445648744549448
"Bidet from Vancouver, WA",neither,0.04071751644889743,0.3089174816120565,0.6503650019390461
BEEP BEEP! Happy Thursday Critters,neither,0.03945320844208391,0.33037608806864915,0.630170703489267
"Bidet From Alberta, Canada",neither,0.040354386843928725,0.3150807387011266,0.6445648744549448
Bidet from San Antonio aderSub,neither,0.040446282760733435,0.31352102516371877,0.6460326920755478
@japanne HELLO and welcome,neither,0.038622036130741805,0.2880724547727782,0.67330550909648
Greetings & Salutations from Cle. Ohio,neither,0.040441658194854284,0.3135995161158431,0.6459588256893026
Bidet from FL,neither,0.04066490145509902,0.30981049537100724,0.6495246031738937
Bidet from Oklahoma,neither,0.04066490145509902,0.30981049537100724,0.6495246031738937
gandsTrinket gandsTrinket gandsTrinket gandsTrinket,neither,0.03945320844208391,0.33037608806864915,0.630170703489267
aw man so close to 100 holy sh*t haha,neither,0.04069233002014549,0.43749528284564215,0.5218123871342123
Welcomes all new viewers and subs! <3,neither,0.042998289747962826,0.2771746474816854,0.6798270627703518
what i miss?,neither,0.036306666459524344,0.32819641805645544,0.6354969154840202
Bidet from Winnipeg!,neither,0.04228451509352876,0.2823214250720796,0.6753940598343917
"Catching it on time this week, lol",neither,0.02866052554848324,0.40854316845069444,0.5627963060008223
Gotta go to work though. Sad beeps,neither,0.045111921149878095,0.3573703624466648,0.5975177164034571
Bidet from Phoenix Arizona!,neither,0.04039617012658628,0.31437156734874944,0.6452322625246643
Bidet from Maine,neither,0.04069404815304118,0.30931579984010865,0.6499901520068502
bidet from Minnesota!!,neither,0.04071751644889743,0.3089174816120565,0.6503650019390461
Just came out from under sedation for this show.,neither,0.03854602903106603,0.2598045524584561,0.7016494185104779
Bidet from Tampa Fl!,neither,0.04036266062233628,0.31494031108870923,0.6446970282889545
bidet from Bama,neither,0.04069404815304118,0.30931579984010865,0.6499901520068502
Beep Beep from Charlotte North Carolina,neither,0.040239121761279285,0.31703708797158225,0.6427237902671386
*throws a doughnut at @GaeaCa,neither,0.03845555255516996,0.36070842219644317,0.600836025248387
bidet from Växjö Sweden,neither,0.04228451509352876,0.2823214250720796,0.6753940598343917
"Bidet from Chattanooga, Tennessee!",neither,0.04071751644889743,0.3089174816120565,0.6503650019390461
what happened last week???,neither,0.04486495064511131,0.32649501279538123,0.6286400365595074
bidet from Utah,neither,0.04066490145509902,0.30981049537100724,0.6495246031738937
Reminds chat that we go into sub only mode for live CR,neither,0.0369937431277866,0.3380383736699173,0.6249678832022961
BIDET!,neither,0.03945320844208391,0.33037608806864915,0.630170703489267
Bidet from new York,neither,0.044690599332616286,0.20708884905532376,0.7482205516120599
Watching the video that the fans sent in of what CR meant to them. Is so sad and so well put together ;-;,neither,0.05623116586957638,0.30360828167221765,0.6401605524582059
first time live!!,neither,0.03431649502744929,0.3558392226370607,0.6098442823354902
"@keithadamsvo Grog's pronunciation of the common Syngorn greeting ""good day""",neither,0.03837358669100245,0.2986819642436268,0.6629444490653708
@keithadamsvo B'DAY or bidet is what Grog thinks people say to one another as a means of greeting,neither,0.131369052028985,0.29599679841868176,0.5726341495523333
@Thegman324 a fellow Kiwi! good to see,neither,0.046019973301173946,0.3263571457375644,0.6276228809612615
gandsLessthanthree gandsNatTwenty,neither,0.03945320844208391,0.33037608806864915,0.630170703489267
bidet from MO :),neither,0.040912083971464244,0.30561516297332675,0.653472753055209
bidet,neither,0.03945320844208391,0.33037608806864915,0.630170703489267
"Bidet from Coventry, England!!!, Its 2am......",neither,0.03517556116252068,0.3169766209878898,0.6478478178495896
also bidet everyone moon2HEY,neither,0.03213880350813092,0.4545206288735761,0.5133405676182929
"wew, caught up with everything",neither,0.025839893262328807,0.4272684611244593,0.546891645613212
Bidet and Beep Beep from Chicago,neither,0.03968692788310135,0.26288412776704095,0.6974289443498578
A Phoenician! Me too! Bidet,neither,0.025456656249999262,0.41690574403459846,0.5576375997154023
Bidet from New Jersey,neither,0.04458029923653559,0.209841401288464,0.7455782994750004
Bidet from Indiana,neither,0.0408364874901429,0.30689823255244486,0.6522652799574122
yay,neither,0.03945320844208391,0.33037608806864915,0.630170703489267
just started or have i missed alot?,neither,0.035404170443001474,0.3546649395560205,0.6099308900009781
levi from bama,neither,0.04069404815304118,0.30931579984010865,0.6499901520068502
death to machina vox!!,neither,0.05054516479396605,0.3240155839715476,0.6254392512344864
Bidet from Regina,neither,0.04062582848913359,0.31047366557575606,0.6489005059351104
Bidet from Fairview TN! BEEP BEEP!,neither,0.040769555981420263,0.3080342349327864,0.6511962090857933
!invite,neither,0.03945320844208391,0.33037608806864915,0.630170703489267
lest episode had me crying from laughter,neither,0.03479247278413479,0.34595160005446296,0.6192559271614022
bidet from Australia!!,neither,0.04062582848913359,0.31047366557575606,0.6489005059351104
"@keithadamsvo In a previous episode, Grog said 'Bidet' instead of 'Be pleased', and it's become an inside joke since",neither,0.03499671714628397,0.19847769879728905,0.7665255840564269
bidet from NW Ohio!,neither,0.04036750444974338,0.31485809869622855,0.644774396854028
"@eraa12, Yeah that sounds nice as well, i just need to fashion it into ""Sandspeech"" since we are using different regional languages/dialects (we all sound like russians when we try to speak it irl tho :/) to have some diversity.",neither,0.036274796233179855,0.45115622081466705,0.512568982952153
"Bidet rom Los Angeles, 15min from the studio in he valley",neither,0.04338087737222313,0.3048422985590821,0.6517768240686947
"Bidet from Fort Worth, TX!",neither,0.040538671561945475,0.31195294609159274,0.6475083823464618
Bidet everyone,offensive_language,0.02988896790634741,0.4927062106388782,0.4774048214547744
You earn 1 coin every minute while watching! Check your coins by typing !wallet and visit www.revlo.co/geekandsundry to see what you can do with them.,neither,0.07744423452440988,0.37269153353543766,0.5498642319401523
Bidet from MN!,neither,0.040737273169946825,0.30858215849491494,0.6506805683351382
"Bidet from Sydney, Australia!",neither,0.04031924518627951,0.315677184343852,0.6440035704698686
Biidet!,neither,0.03945320844208391,0.33037608806864915,0.630170703489267
"Chinese food, Craft Beer, and Critical Role. Tonight is a good night. ^_^",neither,0.036902475395446964,0.2940500360404418,0.6690474885641112
bidet and good night from germany,neither,0.032297958700533085,0.27768289909794414,0.6900191422015227
bidet from UK,neither,0.04079557052152802,0.30759270029461827,0.6516117291838538
@Krit33 just started,neither,0.032803472495977,0.36242220823605287,0.6047743192679701
bemons to @gaeaca whyyyyyyyyyyy tho,neither,0.044289142258964874,0.34015710357245393,0.615553754168581
"bidet from Des Moines, Iowa. & ANXIOUSLY awaitng a pizza to be delivered",neither,0.044925817458343,0.3183936261570923,0.6366805563845647
"So excited to watch Critical Role live for the first time, I was introduced to it back in November and just finished watching all the past episodes on Monday!",neither,0.03824445503100493,0.3495020090882061,0.6122535358807889
Bidet from this chair I'm sitting in.,neither,0.04029875358465748,0.31602498030219656,0.643676266113146
Bidet from the U.k,neither,0.039779025773403386,0.2539611253407979,0.7062598488857987
Bidet from BC!,neither,0.041095261662497835,0.30250615950080734,0.6563985788366947
Bidet from the hills of Eastern Kentucky,neither,0.039542508084850346,0.3063197494530265,0.6541377424621232
This should be fun fun fun!,neither,0.04687686421857782,0.3549332751658656,0.5981898606155567
give me my Jet and Psycho from Southern California,neither,0.03734271408805666,0.3662695110527487,0.5963877748591947
Bidet from MN,neither,0.040737273169946825,0.30858215849491494,0.6506805683351382
!wallet,neither,0.03945320844208391,0.33037608806864915,0.630170703489267
bidet from Oregon!,neither,0.04071751644889743,0.3089174816120565,0.6503650019390461
Go Cougs!!!!!!,neither,0.04276165647058889,0.34190019769565555,0.6153381458337556
