text,top_class,hate_speech,offensive_language,neither
Montgomery isn't as bad as Demopolis,neither,0.0326611395310412,0.39649960520217203,0.5708392552667868
gandsDrink gandsMatt gandsSCANLAN,neither,0.03945320844208391,0.33037608806864915,0.630170703489267
Bidet from Madrid! at 3 am!,neither,0.039577420262198175,0.33968227849980676,0.6207403012379952
It's Thursday Yet,neither,0.037885131949556984,0.3309154214795216,0.6311994465709215
gets out a handbasket to take us to hell,offensive_language,0.0943760506171306,0.6765424431305528,0.2290815062523167
yay,neither,0.03945320844208391,0.33037608806864915,0.630170703489267
PogChamp,neither,0.03945320844208391,0.33037608806864915,0.630170703489267
wooohooo,neither,0.03945320844208391,0.33037608806864915,0.630170703489267
Bidet from Washington,neither,0.04080695066346891,0.3073995495860776,0.6517934997504536
Bidet from somewhat nva!,neither,0.04062582848913359,0.31047366557575606,0.6489005059351104
QUIET,neither,0.03945320844208391,0.33037608806864915,0.630170703489267
woot woot!!!!!,neither,0.03945320844208391,0.33037608806864915,0.630170703489267
woooo,neither,0.03945320844208391,0.33037608806864915,0.630170703489267
"Bidet from Opp, Alabama",neither,0.04040974714285343,0.31414112994950705,0.6454491229076396
w00h00!!!!!!!,neither,0.03945320844208391,0.33037608806864915,0.630170703489267
gandsCrit,neither,0.03945320844208391,0.33037608806864915,0.630170703489267
Remember to challenge the devil to a rock off!,neither,0.04885799883915909,0.31294589122007954,0.6381961099407614
Woo!,neither,0.03945320844208391,0.33037608806864915,0.630170703489267
NOOOOOOOOOOO,neither,0.03945320844208391,0.33037608806864915,0.630170703489267
WooooOOoooOoo,neither,0.03945320844208391,0.33037608806864915,0.630170703489267
bidet and beep beep from michigan,neither,0.03968440849664494,0.2634782097525502,0.696837381750805
I have the BEST timing!,neither,0.03735434654057635,0.3170238437785315,0.6456218096808921
awe what perfect timing,neither,0.043688583411882,0.3273175280303452,0.6289938885577727
WOOOOOOOOOOOOO!!!!!!,neither,0.03945320844208391,0.33037608806864915,0.630170703489267
perfect timing,neither,0.03945320844208391,0.33037608806864915,0.630170703489267
bidet from NY!,neither,0.04084513770590474,0.30675141581570226,0.6524034464783931
gandsSubHype gandsSubHype gandsSubHype,neither,0.03945320844208391,0.33037608806864915,0.630170703489267
gandsLessthanthree,neither,0.03945320844208391,0.33037608806864915,0.630170703489267
low sound?,neither,0.03945320844208391,0.33037608806864915,0.630170703489267
Matt is quiet,neither,0.04750803317477744,0.32760566448423445,0.6248863023409881
yayayayayayyaya,neither,0.03945320844208391,0.33037608806864915,0.630170703489267
Woot!,neither,0.03945320844208391,0.33037608806864915,0.630170703489267
NO SAM,neither,0.03831935863823471,0.34962047835215815,0.6120601630096072
nooooooooo,neither,0.03945320844208391,0.33037608806864915,0.630170703489267
Bidet!,neither,0.03945320844208391,0.33037608806864915,0.630170703489267
:(,neither,0.03945320844208391,0.33037608806864915,0.630170703489267
:(,neither,0.03945320844208391,0.33037608806864915,0.630170703489267
Bidet from Atlanta!,neither,0.04078317879478948,0.307803020237201,0.6514138009680096
gandsSubHype,neither,0.03945320844208391,0.33037608806864915,0.630170703489267
BIDET,neither,0.03945320844208391,0.33037608806864915,0.630170703489267
Sweet timing!,neither,0.03945320844208391,0.33037608806864915,0.630170703489267
"yay, watching liive for the first time :)",neither,0.027806415798471887,0.3112046215189472,0.6609889626825809
no taryon?!?,neither,0.036918905254960256,0.37338982715841207,0.5896912675866277
mic check on Matt?!,neither,0.03708222105876407,0.34171436120870585,0.62120341773253
arrived just in time,neither,0.033870002225249767,0.3711013876305838,0.5950286101441665
NO,neither,0.036918905254960256,0.37338982715841207,0.5896912675866277
nooooo,neither,0.03945320844208391,0.33037608806864915,0.630170703489267
bidet fellow critters!!!,neither,0.03945320844208391,0.33037608806864915,0.630170703489267
sunovabitch,neither,0.03945320844208391,0.33037608806864915,0.630170703489267
NOOOOOOOOOOOO,neither,0.03945320844208391,0.33037608806864915,0.630170703489267
nooooooooooo,neither,0.03945320844208391,0.33037608806864915,0.630170703489267
NO SAM???????,neither,0.03831935863823471,0.34962047835215815,0.6120601630096072
No sam? SAD,neither,0.0385527408243812,0.34565937357428156,0.6157878856013372
Bidet from Atlanta!,neither,0.04078317879478948,0.307803020237201,0.6514138009680096
mic,neither,0.03945320844208391,0.33037608806864915,0.630170703489267
"@JT_Jag I dunno, I have serious <3 for the amazing percy moments, and also scanlan, though now that percy's got more solid with himself ....",neither,0.03106373894618725,0.34384442424338546,0.6250918368104272
Bidet from Wisconsin,neither,0.04071751644889743,0.3089174816120565,0.6503650019390461
gandsLessthanthree gandsLessthanthree,neither,0.03945320844208391,0.33037608806864915,0.630170703489267
YASSS! I got here just in time!!!,neither,0.07279495466799404,0.3747247487345414,0.5524802965974644
suoer dark,neither,0.03945320844208391,0.33037608806864915,0.630170703489267
"Sam has a life, psssha, not permitted :P",neither,0.03506322532359998,0.38875903583693955,0.5761777388394606
Yay!,neither,0.03945320844208391,0.33037608806864915,0.630170703489267
no sam? JERK,neither,0.038649120582927514,0.3440235575406242,0.6173273218764482
NOOOOOOOOO,neither,0.03945320844208391,0.33037608806864915,0.630170703489267
Sam missing in action BibleThump,neither,0.03945320844208391,0.33037608806864915,0.630170703489267
The wave of resubs,neither,0.038326128567495676,0.30961892046909517,0.6520549509634092
YAY!!!!!!,neither,0.03945320844208391,0.33037608806864915,0.630170703489267
Volume!,neither,0.03945320844208391,0.33037608806864915,0.630170703489267
gandsMatt gandsSubHype,neither,0.03945320844208391,0.33037608806864915,0.630170703489267
"BibleThump. No Sa, this is hell!",offensive_language,0.04904976710522554,0.7249035499047604,0.22604668299001413
no Tery,neither,0.036918905254960256,0.37338982715841207,0.5896912675866277
T_T NO SAM??,neither,0.03831935863823471,0.34962047835215815,0.6120601630096072
No gandsSCANLAN,neither,0.036918905254960256,0.37338982715841207,0.5896912675866277
gandsDrink gandsDrink gandsDrink gandsDrink gandsDrink gandsSubHype gandsSubHype gandsSubHype gandsSubHype,neither,0.03945320844208391,0.33037608806864915,0.630170703489267
Everyone ignoring Taryon T__T,neither,0.03309193625140713,0.43834347874193613,0.5285645850066567
Bidet y'all!,offensive_language,0.046917543854519406,0.6277741405869331,0.3253083155585475
gandsSCANLAN gandsSCANLAN gandsSCANLAN gandsSCANLAN gandsSCANLAN gandsSCANLAN gandsSCANLAN gandsSCANLAN,neither,0.03945320844208391,0.33037608806864915,0.630170703489267
Bidet Critters!,neither,0.03945320844208391,0.33037608806864915,0.630170703489267
I see a hanging mic,neither,0.03945320844208391,0.33037608806864915,0.630170703489267
bidet from good ol Minnesota,neither,0.039825640938890336,0.31411830151677855,0.6460560575443313
Bidet from Indiana,neither,0.0408364874901429,0.30689823255244486,0.6522652799574122
Bidet!,neither,0.03945320844208391,0.33037608806864915,0.630170703489267
NOOOOOOOOOOOOOOOOOOOOOOO NOT SAM!!!,neither,0.037669622845166034,0.3371076585598575,0.6252227185949765
LOL TRAVIS,neither,0.031120645729857982,0.3912535864736078,0.5776257677965343
mics are kinda soft,neither,0.06937763008830863,0.27974119604151865,0.6508811738701729
Sound????,neither,0.03945320844208391,0.33037608806864915,0.630170703489267
#triggereed,neither,0.03945320844208391,0.33037608806864915,0.630170703489267
LOL,neither,0.020706217963973744,0.4882283491876925,0.4910654328483337
Matt is kind of quiet,neither,0.04618900381521254,0.3280593391658749,0.6257516570189126
Sam is getting a head start going to Hell,offensive_language,0.04798887954500098,0.6811378910350526,0.2708732294199464
Sam is Fake News,neither,0.04719486817820197,0.32771337628692637,0.6250917555348716
"This week, Vox Machina goes to hell, probably not in a handbasket though",offensive_language,0.04417239768600477,0.656191396081322,0.29963620623267323
Poor Sam.,neither,0.03945320844208391,0.33037608806864915,0.630170703489267
shade,neither,0.03945320844208391,0.33037608806864915,0.630170703489267
MATT GONNA OFF TARYON :O,neither,0.03835359218288981,0.38105625040865315,0.5805901574084571
Audio is a bit funky FYI,neither,0.04480430488171795,0.32853560062530757,0.6266600944929744
SAM REGAL HAS CRIPPLING IBS,neither,0.03981345972447318,0.3242616836255755,0.6359248566499514
looking forward to a doatee versus trinket fight tonight,neither,0.04274498375071154,0.3077654867850828,0.6494895294642057
gandsSCANLAN gandsSCANLAN gandsSCANLAN gandsSCANLAN gandsSCANLAN,neither,0.03945320844208391,0.33037608806864915,0.630170703489267
Volume is so low :(,neither,0.047007246931762454,0.36941444367364323,0.5835783093945942
SAM later?,neither,0.03945320844208391,0.33037608806864915,0.630170703489267
NO Sam!!,neither,0.03831935863823471,0.34962047835215815,0.6120601630096072
Is it just me or is the lighting darker than usual,neither,0.039415043832472116,0.3569605322882576,0.6036244238792703
Sam is not here BECAUSE TARYON IS SECRETLY HOTIS AND HE HAS TO PREPARE FOR VOX MACHINA'S ARRIVAL IN THE CITY OF DIS!,neither,0.07570482350844929,0.2627949571687034,0.6615002193228474
Bidet from Minnesota,neither,0.04071751644889743,0.3089174816120565,0.6503650019390461
"18+ K, wow",neither,0.03945320844208391,0.33037608806864915,0.630170703489267
Bidet from Pittsburgh!,neither,0.04066490145509902,0.30981049537100724,0.6495246031738937
Matt's mic,neither,0.03945320844208391,0.33037608806864915,0.630170703489267
Back home again....,neither,0.037209250536521195,0.36846190998951955,0.5943288394739593
tpFree tpFree tpFree,neither,0.03945320844208391,0.33037608806864915,0.630170703489267
FIRST TIME WATCHING LIVE!!!,neither,0.03513206370154816,0.3516282956383994,0.6132396406600524
RIP,neither,0.03945320844208391,0.33037608806864915,0.630170703489267
BIDET!,neither,0.03945320844208391,0.33037608806864915,0.630170703489267
MATT mic levels!!!,neither,0.03945320844208391,0.33037608806864915,0.630170703489267
Is it a little dark or is it just me?,neither,0.03903214237428971,0.38003176441090136,0.5809360932148088
Is Matt quiet for anyone else?,neither,0.040436348154258,0.30603096175250033,0.6535326900932417
BibleThump,neither,0.03945320844208391,0.33037608806864915,0.630170703489267
+,neither,0.03945320844208391,0.33037608806864915,0.630170703489267
AMPEnergyCherry AMPEnergyCherry AMPEnergyCherry AMPEnergyCherry,neither,0.03945320844208391,0.33037608806864915,0.630170703489267
"@ethan7494 Oh really? Well Bidet from Hendersonville (Specifically Mills River), NC. Imagine Border-Line Asheville in the sticks combined with mountainous Seatlle.",neither,0.038279019688386054,0.2801821777765614,0.6815388025350525
mics low,neither,0.03945320844208391,0.33037608806864915,0.630170703489267
is Sam not going tonight,neither,0.04148201539779307,0.3371371648837925,0.6213808197184145
So Sam can't make it?,neither,0.038178750812496415,0.37546414398282363,0.5863571052046798
Savage.,neither,0.03945320844208391,0.33037608806864915,0.630170703489267
Bidet from Oregon..,neither,0.04071751644889743,0.3089174816120565,0.6503650019390461
Bidet from the UK,neither,0.039613273355342184,0.2892653269430044,0.6711213997016535
gandsMatt gandsMatt gandsMatt gandsMatt gandsMatt gandsMatt gandsMatt gandsMatt gandsMatt gandsMatt gandsMatt gandsMatt gandsMatt,neither,0.03945320844208391,0.33037608806864915,0.630170703489267
#FixMercersMIC,neither,0.03945320844208391,0.33037608806864915,0.630170703489267
well if Sam's not here it's not worth watching! jkjk,neither,0.04589499658409003,0.35163383620002037,0.6024711672158896
wheres sam?,neither,0.03945320844208391,0.33037608806864915,0.630170703489267
"@GryphonArgent the ""FIX HIM"" moment actually made me tear up, and I am a cold-hearted fiend that never cries",neither,0.0305704022403299,0.38438414326146536,0.5850454544982048
Is Matt's mic quiet for anyeone else?,neither,0.04038006866663412,0.3070846765255484,0.6525352548078175
YAAAAAY!,neither,0.03945320844208391,0.33037608806864915,0.630170703489267
"yeah, it's probably that crippling IBS",neither,0.022053912103934134,0.4673843573859322,0.5105617305101336
I find your lack of Sam disturbing!,neither,0.06576462483676397,0.25715366887088853,0.6770817062923474
Is it just me or is Matts mic off a bit?,neither,0.04042139281812315,0.3724048535481106,0.5871737536337663
#weknow,neither,0.03945320844208391,0.33037608806864915,0.630170703489267
BibleThump,neither,0.03945320844208391,0.33037608806864915,0.630170703489267
Matt's mic is too low,neither,0.04572672750996159,0.3315986695122556,0.6226746029777828
Bidet for Ohio,neither,0.03230642378606592,0.2947176413993014,0.6729759348146326
woot,neither,0.03945320844208391,0.33037608806864915,0.630170703489267
anyone see the strongjaw grog in mass effect andromeda?,neither,0.03874468032032749,0.3174824067326002,0.6437729129470723
@GeekandSundry I think Matt's mic is way down.,neither,0.04637625824294771,0.3218332885852476,0.6317904531718047
Bidet from Pittsburgh!,neither,0.04066490145509902,0.30981049537100724,0.6495246031738937
gandsSCANLAN BibleThump,neither,0.03945320844208391,0.33037608806864915,0.630170703489267
super quiet mode,neither,0.03945320844208391,0.33037608806864915,0.630170703489267
gands2YearHype gands2YearHype gands2YearHype,neither,0.03945320844208391,0.33037608806864915,0.630170703489267
How long has it been live,neither,0.042197908246392586,0.32626226007109377,0.6315398316825137
Sam is missing?,neither,0.04807958157746341,0.3274090827798544,0.6245113356426822
LOOT CRA...... PUZZLE QUEST!!,neither,0.03945320844208391,0.33037608806864915,0.630170703489267
Bidet Everyone!,offensive_language,0.02988896790634741,0.4927062106388782,0.4774048214547744
No Sam = Nothing Major Tonight.,neither,0.034769301204737695,0.35754064440965366,0.6076900543856086
golly,neither,0.03945320844208391,0.33037608806864915,0.630170703489267
bidet from Pittsburgh,neither,0.04066490145509902,0.30981049537100724,0.6495246031738937
"Oh, here comes the lag",neither,0.08432007850772649,0.24463991677536107,0.6710400047169125
does it just look so dark to me?,offensive_language,0.023906929238000904,0.5124013881695982,0.4636916825924009
@tephrin dark. not just you,neither,0.05167122328218587,0.4295162968438978,0.5188124798739163
Hype,neither,0.03945320844208391,0.33037608806864915,0.630170703489267
lol,neither,0.020706217963973744,0.4882283491876925,0.4910654328483337
gosh golly,neither,0.03945320844208391,0.33037608806864915,0.630170703489267
They can't go to hell without Pike.. :/,offensive_language,0.05077736431128188,0.7470745093991958,0.2021481262895223
nuuuuuuu,neither,0.03945320844208391,0.33037608806864915,0.630170703489267
??? I don't hear anything wrong with the mics.,neither,0.028472555149735974,0.35022040467450727,0.6213070401757569
!wallet,neither,0.03945320844208391,0.33037608806864915,0.630170703489267
LUL,neither,0.03945320844208391,0.33037608806864915,0.630170703489267
lol,neither,0.020706217963973744,0.4882283491876925,0.4910654328483337
"either raise mic volumes or lower pre/post music volume, they are 10-12 dB difference between the 2 levels",neither,0.04807958632868674,0.30622911661140456,0.6456912970599087
we still love you,neither,0.05813132291245476,0.45386647280487474,0.4880022042826703
Cameras seem dark?,neither,0.03945320844208391,0.33037608806864915,0.630170703489267
omg talie,neither,0.03945320844208391,0.33037608806864915,0.630170703489267
"jut got here, what i mis",neither,0.09351172241623676,0.3306428325974764,0.5758454449862869
dollars well spent ;),neither,0.03945320844208391,0.33037608806864915,0.630170703489267
lmao,neither,0.03705015143476208,0.3711622369619404,0.5917876116032975
OH GOD WITHOUT SAM EVERYTHING IS FALLING APART,neither,0.04826626733635413,0.2966303413781228,0.6551033912855231
why is it so dark?,neither,0.032692521538401825,0.397941926385576,0.5693655520760221
"Just got here, no sam tonight?",neither,0.067787589918178,0.3464104753891256,0.5858019346926964
Sam is the best salesman,neither,0.04680959517049139,0.30184061754917524,0.6513497872803334
BibleThump BibleThump,neither,0.03945320844208391,0.33037608806864915,0.630170703489267
xD,neither,0.03945320844208391,0.33037608806864915,0.630170703489267
LOL,neither,0.020706217963973744,0.4882283491876925,0.4910654328483337
gandsSCANLAN gandsSCANLAN gandsSCANLAN gandsSCANLAN,neither,0.03945320844208391,0.33037608806864915,0.630170703489267
I remember how broken the spell combo's were in the very first puzzle quest. Ah good times,neither,0.03500393496229597,0.30592035454111843,0.6590757104965855
Bidet from Portland!,neither,0.04066490145509902,0.30981049537100724,0.6495246031738937
lights....?,neither,0.03945320844208391,0.33037608806864915,0.630170703489267
cameras are dark to show we are in hell :P,offensive_language,0.11546771428940932,0.5013539327989366,0.38317835291165414
hello everyone!,neither,0.03269494828970791,0.4450814005079928,0.5222236512022994
"Wow, Taliesin won't touch that harmonica. And this is the man who'll lick anything.",neither,0.04094932072743885,0.39799531043951847,0.5610553688330427
oops,neither,0.03945320844208391,0.33037608806864915,0.630170703489267
why is it so dark?,neither,0.032692521538401825,0.397941926385576,0.5693655520760221
Is it jut on my side or is it really dark?,neither,0.03321859022773028,0.42946509443621805,0.5373163153360516
their tearing eachother apart!!!,neither,0.03945320844208391,0.33037608806864915,0.630170703489267
"First live stream in months, glad i could make it",neither,0.0364796388007566,0.33139883502312917,0.6321215261761143
Bidet from Kentucky!,neither,0.04071751644889743,0.3089174816120565,0.6503650019390461
Ay suckers,neither,0.03945320844208391,0.33037608806864915,0.630170703489267
gandsSCANLAN gandsSCANLAN gandsSCANLAN gandsSCANLAN,neither,0.03945320844208391,0.33037608806864915,0.630170703489267
Is the stream dark or am I just slipping into the afterlife?,neither,0.04009661697498514,0.3217936777467932,0.6381097052782216
"Only caught up to the beginning of episode 17, but I just subscribed because this community is awesome :)",neither,0.04055302469113983,0.3614493902413947,0.5979975850674656
Not as easy as it looks ladies and gentlemen,neither,0.03416363125672187,0.3551687062823135,0.6106676624609647
"Poor, poor Taleisin",neither,0.03945320844208391,0.33037608806864915,0.630170703489267
Bidet from SWFL!,neither,0.04228451509352876,0.2823214250720796,0.6753940598343917
YOU'RE TARYONING THIS FAMILY APART SAM,neither,0.07317205880357619,0.34450574294971115,0.5823221982467126
He loves Teenage Assholes!,neither,0.04383825434148696,0.3288678697049226,0.6272938759535904
lol,neither,0.020706217963973744,0.4882283491876925,0.4910654328483337
well matts fairly irreplaceable,neither,0.03945320844208391,0.33037608806864915,0.630170703489267
bidet from Houston,neither,0.040875471929787875,0.3062365648703896,0.6528879631998226
Is it just me or are the lights in the studio dim?,neither,0.05057483231675541,0.3163052798324929,0.6331198878507517
whats with the lighting?,neither,0.02934674147098153,0.3484373366178811,0.6222159219111374
Almost missed the start play Breath of the wild,neither,0.03830879437969176,0.3092884297394579,0.6524027758808504
So dark!,neither,0.03940856086086842,0.39654628729572067,0.564045151843411
And all the lag begins,neither,0.03919764538798478,0.3367292966279933,0.6240730579840219
Magic PQ is AWESOME,neither,0.047947823140779514,0.3274544005480925,0.624597776311128
"Yes the lighting is dark, I am sure they are working on it",neither,0.05138690247321304,0.383400128210238,0.565212969316549
"they're in hell, it's dark",offensive_language,0.05880636986774373,0.7120267208475516,0.22916690928470465
@GaeaCa then who skimped on the red lighting?! :P,neither,0.03652065903462989,0.38011888342476285,0.5833604575406073
super dark...,neither,0.03945320844208391,0.33037608806864915,0.630170703489267
sad I wont be able to watch tonight D:<,neither,0.046902367488078175,0.3116363167579805,0.6414613157539414
why is it so dark tonight?,neither,0.031146681167264652,0.3616654013205101,0.6071879175122251
lighting a little dark?,neither,0.03918557760347242,0.33491848186071743,0.6258959405358102
"Bidet from Mass, and oh boy this will be fun.",neither,0.04473889013468317,0.2344994690640834,0.7207616408012333
O geeze Brian get out while you can!,neither,0.047358042827518876,0.3822772856353762,0.5703646715371049
Doctor Who: Legacy is better!,neither,0.046818885101391504,0.3818014013713504,0.5713797135272581
"@ZephixLeer, good point :)",neither,0.0384949807179819,0.3307056665230775,0.6307993527589406
I hope Sam is just running late.,neither,0.07354875809621951,0.25010723790336115,0.6763440040004194
is Sam somewhere else?,neither,0.046971772657162084,0.32779010906679157,0.6252381182760464
No Sam?,neither,0.03831935863823471,0.34962047835215815,0.6120601630096072
Dernasuuuuur!,neither,0.03945320844208391,0.33037608806864915,0.630170703489267
Bidet from the loo!,neither,0.039779025773403386,0.2539611253407979,0.7062598488857987
No sam tonight?,neither,0.035764442303788044,0.3215953162163111,0.6426402414799008
I have The Hood,neither,0.14605429519513877,0.32042658404846636,0.5335191207563948
bye chat :D,neither,0.03945320844208391,0.33037608806864915,0.630170703489267
boom mikes from laura table on the shot,neither,0.037646078946879005,0.3164661003647441,0.6458878206883769
Lighting is a bit dark tonight,neither,0.04323724472557708,0.3114774562729627,0.6452852990014601
bidevening!,neither,0.03945320844208391,0.33037608806864915,0.630170703489267
Sam just late or not on tonight?,neither,0.030871474770294338,0.34321720582671966,0.625911319402986
gandsTrinketArmor,neither,0.03945320844208391,0.33037608806864915,0.630170703489267
Hello all! This is my first live stream! I'm excited for what's going to happen!,neither,0.037547196217547305,0.4081054592237361,0.5543473445587166
:(,neither,0.03945320844208391,0.33037608806864915,0.630170703489267
First time watching live! :D Bidet from TN,neither,0.036889622321106055,0.3325338443616604,0.6305765333172334
"Why is it so Dark? Well, they are going to hell...",offensive_language,0.05964000799192086,0.6721450612064046,0.2682149308016744
Welcomes back all long time viewers and subs! <3,neither,0.03890773678613002,0.3605939819683741,0.600498281245496
RUTHELESS,neither,0.03945320844208391,0.33037608806864915,0.630170703489267
#weknow,neither,0.03945320844208391,0.33037608806864915,0.630170703489267
SLAPSTICK,neither,0.03945320844208391,0.33037608806864915,0.630170703489267
Crippling IBS,neither,0.03945320844208391,0.33037608806864915,0.630170703489267
rude,neither,0.03945320844208391,0.33037608806864915,0.630170703489267
"This is my first live stream, joined twitch just for this show, spent a month binge watching to catch up for tonights stream!",neither,0.03631966278220057,0.3359090856374102,0.6277712515803893
BibleThump,neither,0.03945320844208391,0.33037608806864915,0.630170703489267
Haha :D,neither,0.03186685585600258,0.45913629025701075,0.5089968538869867
AAAAAAND Percy dies,neither,0.03945320844208391,0.33037608806864915,0.630170703489267
Does the screen seem dark to anyone else?,neither,0.032695761968155095,0.4075450820171778,0.5597591560146671
savage,neither,0.03945320844208391,0.33037608806864915,0.630170703489267
no sam/!/!,neither,0.03831935863823471,0.34962047835215815,0.6120601630096072
I'm marveling at his ability to put out an ad.,neither,0.06002316360982924,0.3552081917427527,0.584768644647418
Sam out or late?,neither,0.03523046734181498,0.34657100902636795,0.618198523631817
bidet from Califonia,neither,0.04228451509352876,0.2823214250720796,0.6753940598343917
Welcomes all new viewers and subs! <3,neither,0.042998289747962826,0.2771746474816854,0.6798270627703518
first time live so excited,neither,0.03547746198222038,0.39140614999500717,0.5731163880227724
ttuu,neither,0.03945320844208391,0.33037608806864915,0.630170703489267
BibleThump,neither,0.03945320844208391,0.33037608806864915,0.630170703489267
Stuff!,neither,0.03945320844208391,0.33037608806864915,0.630170703489267
why is it so dark,neither,0.032692521538401825,0.397941926385576,0.5693655520760221
ya,offensive_language,0.017331157930923866,0.7872544665869478,0.19541437548212848
"yo ccp_manifest, when will we see an new eden role play game? Like, with paper and dice? because reasons.",neither,0.03529011909686755,0.31475618477156053,0.649953696131572
sorry ill watch the recap i want to play mass effect love you guys,neither,0.05351881978551407,0.3476461926075989,0.598834987606887
Bidet from the Carolinas,neither,0.039779025773403386,0.2539611253407979,0.7062598488857987
Bidet from Memphis,neither,0.040737273169946825,0.30858215849491494,0.6506805683351382
Sam was unavailable today,neither,0.03770689451935015,0.30768473350286757,0.6546083719777822
oh hi friends!,neither,0.04528167011708143,0.2750734244254242,0.6796449054574945
channel your inner sam,neither,0.06350806708936711,0.32370429718464055,0.6127876357259922
good god! all those dice!,neither,0.06516870841947078,0.3276638602500922,0.607167431330437
"oh good, the darkness doesn't just hit me",neither,0.03294543616946263,0.32603807297744375,0.6410164908530936
theres dice,neither,0.03945320844208391,0.33037608806864915,0.630170703489267
when does matts campaign book come out?,neither,0.020434546708630513,0.48383254806694015,0.4957329052244294
indeed,neither,0.03945320844208391,0.33037608806864915,0.630170703489267
D'awww.,neither,0.03945320844208391,0.33037608806864915,0.630170703489267
Dis City is Pike's City!!!,neither,0.04582013153658897,0.3281862112573541,0.6259936572060568
That was *** COLD from Taleisin,neither,0.03580344666722758,0.36286702427229234,0.6013295290604801
that ibs poor sam,neither,0.0363378550063879,0.3641414850403394,0.5995206599532726
"Yeah, really low lighting",neither,0.02597104763849598,0.42231034946792234,0.5517186028935818
WONDERCON,neither,0.03945320844208391,0.33037608806864915,0.630170703489267
No sam no life... at least Travis is here,neither,0.06869126743945704,0.3734588093183204,0.5578499232422227
Kappa /,neither,0.03945320844208391,0.33037608806864915,0.630170703489267
HOLY DICE WOMAN,neither,0.03749600347410915,0.3635949642731192,0.5989090322527717
I am SO glad to be back with the Crit role Crew!,neither,0.0350559846101075,0.375801202666381,0.5891428127235113
Howdy From Oklahoma,neither,0.04066490145509902,0.30981049537100724,0.6495246031738937
Stuff is in the store,neither,0.08023319533946868,0.3004775249004953,0.6192892797600361
"@brennanonmyshoulder42, it only took you a month?! it took me like 4 to catch up form ep 1",neither,0.04941596949688525,0.41197051632796267,0.5386135141751521
That dice collection thouh,neither,0.03610647154096015,0.3666887312075105,0.5972047972515293
It's so Dark in the studio,neither,0.0372427557361618,0.3559926362473299,0.6067646080165082
I am going....,neither,0.036632352114205555,0.3734447321456933,0.5899229157401013
whis I could go,neither,0.0414835169268054,0.33743348650062577,0.6210829965725687
I'll be there!!!!,neither,0.03997413476452681,0.270540446422994,0.6894854188124793
rolling all the dice and getting 1's :P :P :P,neither,0.03586784576023342,0.3931297493867133,0.5710024048530533
But is there stuff in the store?,neither,0.06924191109385067,0.278081084391538,0.6526770045146113
cirLewd cirGasm,neither,0.03945320844208391,0.33037608806864915,0.630170703489267
gah I need to buy my Wondercon pass already,neither,0.03417993811740893,0.40312690176941113,0.5626931601131799
NOOOO SAM :(,neither,0.03945320844208391,0.33037608806864915,0.630170703489267
see you guys in 3 minutes Kappa /,neither,0.052517016890618475,0.3695899790607818,0.5778930040485997
jumps in last second,neither,0.03945320844208391,0.33037608806864915,0.630170703489267
@JT_Jag ....yeah..... that..... I was hungover the next day because crying makes me hungover. Dammit grog. BUT Percy has insights (less in recent memory) that are just staggering,neither,0.03227883418623652,0.3966416524260935,0.57107951338767
WunderKhan!,neither,0.03945320844208391,0.33037608806864915,0.630170703489267
Was that a Kit Buss impression?,neither,0.036658932371894826,0.3611349103970886,0.6022061572310166
I am now curious about Marvel Puzzle Quest also Tohru Honda?,neither,0.038452811980740166,0.34557033192004594,0.6159768560992139
WHISPER ME IF YOU PLAY MPQ. WE HAVE MULTIPULE CRITTER GROUPS,neither,0.029910728454908334,0.43940669020011547,0.5306825813449763
isn't Lauras's side cam color weird ?,neither,0.036514473242543755,0.35741544627101485,0.6060700804864414
April Fools,neither,0.03945320844208391,0.33037608806864915,0.630170703489267
STORE LINK - https://shop.geekandsundry.com/collections/critical-role,neither,0.05236138077603944,0.325936375690982,0.6217022435329786
Oh wow its on time!!! BIDET ALL,neither,0.03603841213017904,0.3891655267766239,0.5747960610931971
Is Sam late?,neither,0.048486833192373756,0.3272690102747185,0.6242441565329077
Sam was unavailable today,neither,0.03770689451935015,0.30768473350286757,0.6546083719777822
SAM BibleThump,neither,0.03945320844208391,0.33037608806864915,0.630170703489267
I'll be there!,neither,0.03997413476452681,0.270540446422994,0.6894854188124793
I'm so excited we are so close to 100,neither,0.06566920198963444,0.36290432518625726,0.5714264728241083
hey @tcarlini,neither,0.03945320844208391,0.33037608806864915,0.630170703489267
Twitch is crushing the colors quite a bit today. We're adjusting.,neither,0.052367708711494466,0.2943100168529408,0.6533222744355648
wondercon is a april fools joke,neither,0.04587235662422098,0.3281682486549046,0.6259593947208745
I'll be at DIsney! You guys gonna hit the park after!?? I want to see youuu,neither,0.05102533628881436,0.38558675023884276,0.563387913472343
that should be a fun panel,neither,0.04694003100237941,0.40590619712078047,0.54715377187684
"So, any one mentioned what going to happen on the 100th episode?",neither,0.04292927920598511,0.3893661677626558,0.5677045530313592
Tickets are sold out for Saturday btw,neither,0.04714302047408475,0.2899864102918987,0.6628705692340165
Does anyone know if any of them are going to be at C2E2?,neither,0.040372641005123076,0.4613585239885318,0.49826883500634517
I wish!!,neither,0.03945320844208391,0.33037608806864915,0.630170703489267
#NoSamNoLife,neither,0.03945320844208391,0.33037608806864915,0.630170703489267
Come to PAX West :(,neither,0.04563555852602091,0.3579460247914301,0.5964184166825489
yey come to the uk! :),neither,0.044173018489222414,0.33801391709098616,0.6178130644197913
hi friends from oklahoma!,neither,0.04035598577998292,0.31505360058339615,0.644590413636621
rip sam,neither,0.03945320844208391,0.33037608806864915,0.630170703489267
Hurray Praise The Sun!,neither,0.038588457704863265,0.3145722385870658,0.646839303708071
Bidet from Toronto,neither,0.04066490145509902,0.30981049537100724,0.6495246031738937
sam has crippling IBS,neither,0.03981345972447318,0.3242616836255755,0.6359248566499514
no Sam= -10k viewers,neither,0.038843032210021,0.34073237115982774,0.6204245966301514
"bidet from college, unfortunately",neither,0.04045968010778123,0.31329363722002807,0.6462466826721908
salt lake comicCon please!,neither,0.03945320844208391,0.33037608806864915,0.630170703489267
money on liam,neither,0.03657571395243017,0.34420302248387746,0.6192212635636922
"Skip WonderCon, bring it to Staples center in true Los Angeles to really fill a big arena",neither,0.036224992272734624,0.3561591776304612,0.6076158300968042
Please come to collosalcan in Ohio June 1-4th!!!!,neither,0.042727450495308295,0.34567038809204204,0.6116021614126497
"@GeekandSundry, good luck!",neither,0.038607236521895655,0.330667056604554,0.6307257068735503
AT&T is balls internet never pay for their crap service,neither,0.040696476080482796,0.4364677238728354,0.5228358000466817
yay,neither,0.03945320844208391,0.33037608806864915,0.630170703489267
why so dark tonight?,neither,0.025816980919083674,0.3657049528284189,0.6084780662524975
hahahahaha,neither,0.03945320844208391,0.33037608806864915,0.630170703489267
NOT AN APRIL FOOLS JOKE PLEASE COME,neither,0.03773855335831595,0.3480761102116047,0.6141853364300794
i have a black screen :(,neither,0.06492055887383885,0.32023733880357225,0.614842102322589
420 praise it,neither,0.03817604166694074,0.3308153642878729,0.6310085940451864
Was Sam arrested by the guards of Vasselheim?,neither,0.0394816856540965,0.3514456815700354,0.6090726327758681
Dutch comiccon this weekend. Not sure if I'm going...,neither,0.021950495089034114,0.48561252519042886,0.49243697972053707
"Yes the lighting is dark, I am sure they are working on it",neither,0.05138690247321304,0.383400128210238,0.565212969316549
Bidet from Sweden,neither,0.04228451509352876,0.2823214250720796,0.6753940598343917
gandsDrink gandsDrink gandsDrink gandsDrink gandsDrink,neither,0.03945320844208391,0.33037608806864915,0.630170703489267
Sam is unavailable due to either family or prior planned events.,neither,0.0482462473545319,0.3264100866260614,0.6253436660194067
Sam bailed ship before this whole thing falls apart,neither,0.03739527886754759,0.3653045237167446,0.5973001974157077
i got $100 on taliesin,neither,0.03387942066162863,0.41309487824076313,0.5530257010976082
I think Laura needs more dice!,neither,0.04171286331110109,0.31281746264574023,0.6454696740431587
"Damn you, crippling IBS FeelsBadMan",offensive_language,0.061980949326281,0.8577075137633489,0.08031153691037017
will they be at indy gen con this year,neither,0.04008479946487626,0.3337786589589716,0.6261365415761523
I bet on Taliesin,neither,0.03477084313815875,0.3532695894309291,0.6119595674309121
gandsDrink gandsDrink gandsDrink,neither,0.03945320844208391,0.33037608806864915,0.630170703489267
No Sam today?,neither,0.03695238289156909,0.3212935001909064,0.6417541169175244
Money on Taliesin,neither,0.034143380772367074,0.35649619099203717,0.6093604282355959
wish i could go,neither,0.04098454623641282,0.33569402012655797,0.6233214336370292
"I feel bad for whoever's running Taryon, what with his giant notebook with appendices.",neither,0.03473503166566114,0.35836157681054776,0.6069033915237911
weeeee,neither,0.03945320844208391,0.33037608806864915,0.630170703489267
lol @BrianWFoster,neither,0.020706217963973744,0.4882283491876925,0.4910654328483337
Is Sam 100% not here for the whole session?,neither,0.06844297278593518,0.2773706406840682,0.6541863865299966
"I give the edge to Liam, personally.",neither,0.04328185987065012,0.3168157824021262,0.6399023577272237
money on travis,neither,0.03657571395243017,0.34420302248387746,0.6192212635636922
bidet from indiana,neither,0.0408364874901429,0.30689823255244486,0.6522652799574122
i'll be there,neither,0.03997413476452681,0.270540446422994,0.6894854188124793
Laura has so many dice!,neither,0.03982531450864689,0.36829219544120434,0.5918824900501488
The players look a little out of contrast or a bit subdued.,neither,0.03687159506305871,0.33344105131691204,0.6296873536200293
im glad im not the only one that feels like its dark tonight,neither,0.03474574948808553,0.39742959958468466,0.5678246509272298
I'll relieve Liam's pent up anger ;^),neither,0.03765532499519087,0.3659701605328201,0.596374514471989
i need fan art of this,neither,0.039198157766855854,0.3304590874916825,0.6303427547414616
the winner fights travis,neither,0.038791691555295896,0.3183528317960318,0.6428554766486723
Is this like an April Fools joke? Being then?,neither,0.04873898540095089,0.35505091521291254,0.5962100993861366
"bidet from Baltimore, MD",neither,0.04038150078596344,0.3146205443430473,0.6449979548709892
so dark and desaturated,neither,0.03818846357722464,0.333685619692574,0.6281259167302014
"Yes the lighting is dark, I am sure they are working on it",neither,0.05138690247321304,0.383400128210238,0.565212969316549
@GeekandSundry yeah there's a lot of bandwidth artifacts even at source level,neither,0.02696941377277238,0.4047701072930113,0.5682604789342163
I hear dicwe,neither,0.03945320844208391,0.33037608806864915,0.630170703489267
Bidet from Massachusetts,neither,0.04069404815304118,0.30931579984010865,0.6499901520068502
wow twitch is messing it up thats unheard of Kappa,neither,0.04158983787359262,0.36031944951043393,0.5980907126159734
the world is dark without sam,neither,0.04533793211521436,0.3148227529773386,0.639839314907447
ahh the pre rolling of dice,neither,0.038849817431899955,0.31942580253534036,0.6417243800327597
"yay, wednesday club!",neither,0.03945320844208391,0.33037608806864915,0.630170703489267
Hey everyone from NC,neither,0.03507980142772653,0.40460421878509006,0.5603159797871834
BIDET from Silver Spring Maryland,neither,0.040248576122487584,0.3168766227879608,0.6428748010895516
ironic dc for marvel sponsor,neither,0.03559619308315289,0.3111001512667176,0.6533036556501296
puts out snacks and pop for chat,neither,0.03283402706327566,0.27781464621006235,0.6893513267266621
"wednesday club was so good, and im not even a comic book nerd",neither,0.036639099511402526,0.36450006173135635,0.598860838757241
Wednesday Club is the best,neither,0.045162465445137426,0.30726797111101956,0.6475695634438431
Hmm i'm kinda excited for that too,neither,0.03191379003306013,0.34224599305033393,0.6258402169166059
sound and lighting is bad,neither,0.042530942739672215,0.29396698251336134,0.6635020747469664
Elseworlds too?,neither,0.038798963802794226,0.34148032703984427,0.6197207091573615
come to houston tx plox,neither,0.04415909233446182,0.351860903544656,0.6039800041208823
Waste those 20s Laura,neither,0.061548084870361376,0.26741287160040766,0.6710390435292308
Screen seems a lil dark?,neither,0.03945320844208391,0.33037608806864915,0.630170703489267
HEYA,neither,0.03945320844208391,0.33037608806864915,0.630170703489267
Shut up about the lights yo. God,neither,0.04697534516235723,0.425766803665546,0.5272578511720968
!sub to chat during CR,neither,0.04424152223636372,0.3275532409882384,0.628205236775398
Help support the #GnSLive twitch channel! $4.99/month gets you exclusive sub-only benefits and helps keep the channel alive! Thanks! twitch.tv/geekandsundry/subscribe or for MOBILE https://secure.twitch.tv/products/geekandsundry/ticket/new,neither,0.047564760200365624,0.28780811278399754,0.6646271270156369
"joel, get on skype",neither,0.03668858115447837,0.3489142045334068,0.6143972143121148
got too nerdy too quickly lol,neither,0.03291827335229195,0.40628330180446487,0.560798424843243
Screen is dark and Matt is quiet,neither,0.05050967715877749,0.29910634612616455,0.6503839767150579
Beepbeep everyone!,offensive_language,0.02988896790634741,0.4927062106388782,0.4774048214547744
yay made it for the live version,neither,0.03643184910807336,0.2961978451204831,0.6673703057714435
Is that 2nd camera lighting off or is it me?,neither,0.04077854895812999,0.37859399379878905,0.5806274572430811
The screen isnt very dank,neither,0.03881813396138588,0.31884138268819273,0.6423404833504214
"Yes the lighting is dark, I am sure they are working on it",neither,0.05138690247321304,0.383400128210238,0.565212969316549
Both side tables are very dark - Matt's sound is quiet compared to the rest,neither,0.055800228567961074,0.31498011012458765,0.6292196613074512
