text,top_class,hate_speech,offensive_language,neither
Did it just go offline?,neither,0.03302502731163699,0.36634664209478723,0.6006283305935757
evidently the Seal isn't the only thing broken tonight.. cohhLUL,neither,0.036742925072119716,0.29654579862218183,0.6667112763056985
GivePLZ gandsClassic TakeNRG,neither,0.03945320844208391,0.33037608806864915,0.630170703489267
There they go,neither,0.04112102663292296,0.27029471795799376,0.6885842554090834
Good thing there's still 15 minutes before the show starts......,neither,0.04450099190408366,0.2960426088199382,0.6594563992759782
Don't cut us off!,neither,0.09059743628977836,0.3201453485598982,0.5892572151503235
"ok, I am glad you mentioned it, I thought my internet was shitting the bed again",neither,0.03970873664898181,0.3558319630891914,0.6044593002618267
Fix the seal XD,neither,0.03865224350935766,0.3157638259668468,0.6455839305237956
This is all Seal's fault! DAMN HIM AND THE ROSE THAT KISSED HIS GRAVE,offensive_language,0.05936944524650463,0.6095030129567295,0.33112754179676596
#Denise broke the system???,neither,0.03843064382111308,0.311602974789134,0.6499663813897529
Don't the chairs in the back look like giant googly eyes?,neither,0.04802738540504096,0.2971270297080873,0.6548455848868717
We have a subscriber-only Discord server! Join here: https://discord.gg/geekandsundry (you'll need to sub and link it to your Twitch) and be a part of the fun!,neither,0.09599275848176793,0.2819530604707182,0.6220541810475139
Definitely should be.,neither,0.0578039000926289,0.3876799985461082,0.5545161013612628
Imagine they cut off on Brian,neither,0.03720031401946744,0.34113755955841923,0.6216621264221134
"about 15 minutes before episode starts, visit teh restroom, grab a drink and a snack pull up a comfy chair and get ready for hte many answers",neither,0.03370173550713204,0.34456050747885186,0.6217377570140161
"the title reads ""alks Machina..."" lol @GeekandSundry",neither,0.031988603377521664,0.3632693207446584,0.6047420758778199
much easier to read the sign now,neither,0.04053728660164518,0.3159113055491706,0.6435514078491843
Does anyone else feel like the big cartoon eyes behind the couch are watching us?,neither,0.054516406533800084,0.38270772608321707,0.5627758673829829
^,neither,0.03945320844208391,0.33037608806864915,0.630170703489267
@Tekosai oh my god they do!,neither,0.03300902201550978,0.373168286923813,0.5938226910606772
REFERESH!,neither,0.03945320844208391,0.33037608806864915,0.630170703489267
"""are we live?"" Yes *cuts off feed*",neither,0.06321878390796348,0.2961600453041004,0.640621170787936
There is no Denise only Zuel,neither,0.05018450640475539,0.2876725701156514,0.6621429234795932
ahoy fellow critters,neither,0.03945320844208391,0.33037608806864915,0.630170703489267
"Lol ""Alks"" Machina",neither,0.020706217963973744,0.4882283491876925,0.4910654328483337
it also says episode 18,neither,0.03828699404295878,0.3307772026779722,0.630935803279069
REFRESH!!,neither,0.03945320844208391,0.33037608806864915,0.630170703489267
"Time to go to HyperRPG, Legendary can't cut the mustard.",neither,0.04889949933950123,0.3262743852203151,0.6248261154401837
are we really 18 eps into this alrady,neither,0.06480019715190966,0.2897910623241298,0.6454087405239606
@DeniseBRR Hi Denise :) <3,neither,0.03945320844208391,0.33037608806864915,0.630170703489267
irishjedi_on_twitch -> Suck it down! [stop spamming caps] [warning],neither,0.053898599643951745,0.39527897631676023,0.5508224240392879
hmm.. so maybe tonight.. it's Walks Machina? and we're just gonna watch them wander around the studio all night,neither,0.047025345243225256,0.35832592723504664,0.594648727521728
Hi guys!,neither,0.03930687933907141,0.3328596748352989,0.6278334458256297
Denise get away from the camera Kappa,neither,0.04021084610748561,0.2924320419010205,0.6673571119914937
plz make the couch monster stop staring at us,neither,0.06009478699476199,0.3758294698700749,0.564075743135163
"If you're cutting out, make sure to refresh.",offensive_language,0.04306035189200968,0.48273270819873715,0.4742069399092533
Seal has been kissedby a rose!,neither,0.03951975513696482,0.32924661698348573,0.6312336278795494
Hi Eric!,neither,0.03945320844208391,0.33037608806864915,0.630170703489267
Hi Denise!,neither,0.03945320844208391,0.33037608806864915,0.630170703489267
"still ""alks Machina..."" lol",neither,0.025012204616991024,0.4582481435312589,0.5167396518517502
"@DeniseBRR, hey there!!!",neither,0.039367870622775906,0.26767823129172763,0.6929538980854965
gandsRyanHype gandsSaxHype gandsGandSDenise gandsPitCrew,neither,0.03945320844208391,0.33037608806864915,0.630170703489267
"Evening folks, :)",neither,0.03945320844208391,0.33037608806864915,0.630170703489267
seal has being broken... ming,neither,0.03582651733884728,0.3473843734649051,0.6167891091962477
Who was that givong a thumbs up on camera?,offensive_language,0.03099587286754929,0.5082931884096004,0.46071093872285046
gandsSubHype gandsSubHype gandsSubHype,neither,0.03945320844208391,0.33037608806864915,0.630170703489267
@DeniseBRR hi!,neither,0.03945320844208391,0.33037608806864915,0.630170703489267
Hi Denise! @DeniseBRR,neither,0.03945320844208391,0.33037608806864915,0.630170703489267
any d20 commands??,neither,0.03945320844208391,0.33037608806864915,0.630170703489267
crassPawspurr,neither,0.03945320844208391,0.33037608806864915,0.630170703489267
hey @DeniseBRR gandsMatt,neither,0.03945320844208391,0.33037608806864915,0.630170703489267
LOL,neither,0.020706217963973744,0.4882283491876925,0.4910654328483337
@ArseQueef The Raven Queef has graced us with is flatulent feathers!,neither,0.06234937150619813,0.33417803098824983,0.6034725975055519
is this show uploaded anywhere afterwards?,neither,0.05697842194740106,0.27544926545592846,0.6675723125966704
welcome to tonight's episode of alks Machina,neither,0.04289893571203841,0.30694204663284796,0.6501590176551136
what a lovely dance,neither,0.044922497275619526,0.32645505332930735,0.6286224493950732
Which seal?,neither,0.03945320844208391,0.33037608806864915,0.630170703489267
"Help G&S make great content! $4.99/month gets you emotes, Minecraft server access, Sub Only Q&As, VODs, and more! Every sub keeps the channel alive! twitch.tv/geekandsundry/subscribe",neither,0.043092924924402844,0.32365565443818894,0.6332514206374082
gands2YearHype gands2YearHype,neither,0.03945320844208391,0.33037608806864915,0.630170703489267
DeniseBRR so.... do we get to see your shining vissage on screen today?,neither,0.06239598922964092,0.3518507940470118,0.5857532167233473
Hey @arsequeef gandsSCANLAN,neither,0.03945320844208391,0.33037608806864915,0.630170703489267
Bidet Stage crew!,neither,0.03945320844208391,0.33037608806864915,0.630170703489267
feliciaCreep cohhDerp,neither,0.03945320844208391,0.33037608806864915,0.630170703489267
help!,neither,0.03945320844208391,0.33037608806864915,0.630170703489267
The 7th Seal,neither,0.03865586299930556,0.3158313005099953,0.6455128364906992
refresh your screens,neither,0.0780690733417637,0.3196259537601841,0.6023049728980522
!help,neither,0.03945320844208391,0.33037608806864915,0.630170703489267
<.<,neither,0.03945320844208391,0.33037608806864915,0.630170703489267
Sup boys 8),neither,0.03945320844208391,0.33037608806864915,0.630170703489267
bidet from Nova Scotia,neither,0.04228451509352876,0.2823214250720796,0.6753940598343917
What they don't tell you is that it's just the seal to a Snapple bottle. :D,neither,0.058249273933887416,0.38509209831092595,0.5566586277551867
Sup Gil!,neither,0.03945320844208391,0.33037608806864915,0.630170703489267
I hope it wasn't the Easter Seal that was broken,neither,0.0554377686019337,0.27613888219298477,0.6684233492050816
got my coffee and a big vat o' cookies. all set,neither,0.025683490802214177,0.37477446539788833,0.5995420437998975
oh hai !,neither,0.051363287716059566,0.22255663153133606,0.7260800807526044
"Alks Machina: not to be confused with Elks Machina, the talk show for sentient deer",neither,0.026582085763258285,0.27714602748770106,0.6962718867490407
GIL!!!,neither,0.03945320844208391,0.33037608806864915,0.630170703489267
@Evion223 with what do you need help?,neither,0.04999098277148524,0.4187435239054385,0.5312654933230763
dragonheart4132 DAMN bidet from Toronto-ish,offensive_language,0.04550527704632391,0.7179665411491488,0.23652818180452723
Seal the singer has been broken,neither,0.0388895715475746,0.31825250515543013,0.6428579232969954
hrpgHeyo @GilRamirez1,neither,0.03945320844208391,0.33037608806864915,0.630170703489267
@Themonkeyprincess The seal probably has something to do with flatulence. Just sayin....,neither,0.032731604449794366,0.3641756517850584,0.6030927437651472
!runtime,neither,0.03945320844208391,0.33037608806864915,0.630170703489267
XD,neither,0.03945320844208391,0.33037608806864915,0.630170703489267
AHHHH,neither,0.03945320844208391,0.33037608806864915,0.630170703489267
This sounds like Zelda in a way,neither,0.048447384045873225,0.34572089112595683,0.60583172482817
I like it,neither,0.06953449037813421,0.37815048807863416,0.5523150215432316
hi,neither,0.03945320844208391,0.33037608806864915,0.630170703489267
"remember if the seal is broken, you can't return the item to get a refund",neither,0.04222302803848264,0.3618044989924405,0.5959724729690768
Whaaaa?,neither,0.03945320844208391,0.33037608806864915,0.630170703489267
how long have they been up wanna get food,neither,0.035983853504852586,0.3905976718135123,0.573418474681635
angry doll,neither,0.03945320844208391,0.33037608806864915,0.630170703489267
wooo cool,neither,0.03945320844208391,0.33037608806864915,0.630170703489267
WutFace,neither,0.03945320844208391,0.33037608806864915,0.630170703489267
@DEATHlikescats bidet! I've found one of the greatest things about my study abroad has been that I've been able to watch live,neither,0.01929432537885818,0.382545394351605,0.5981602802695367
"""and the Fifth Seal broke with a sound like thunder, and the smell of broccoli""",neither,0.0368070366176588,0.3018087506713575,0.6613842127109838
Hahaha,neither,0.03945320844208391,0.33037608806864915,0.630170703489267
NRFB!,neither,0.03945320844208391,0.33037608806864915,0.630170703489267
hehhe,neither,0.03945320844208391,0.33037608806864915,0.630170703489267
Is that Denise?,neither,0.05154613418987003,0.42924314326430335,0.5192107225458266
um,neither,0.03945320844208391,0.33037608806864915,0.630170703489267
...wtf was that...,offensive_language,0.037708343665981324,0.7305609240890681,0.23173073224495058
That's one creepy doll,neither,0.035288819171394474,0.395185893168997,0.5695252876596086
grrr...I hate hotel wifi,neither,0.15716558181157442,0.25514365316187715,0.5876907650265484
Hello angry puppet!,neither,0.03945320844208391,0.33037608806864915,0.630170703489267
I think we all just saw THE RING,neither,0.03620491342471486,0.39142888375405877,0.5723662028212264
Was that Denise?,neither,0.030667155429851628,0.4292504569866666,0.5400823875834818
lol,neither,0.020706217963973744,0.4882283491876925,0.4910654328483337
my first live episode. I'm so excited!,neither,0.028361652159870927,0.43684954616680505,0.5347888016733241
anyone wanna take bets on how late they will be?,neither,0.038647979627250945,0.3248948494200928,0.6364571709526562
I need more food,neither,0.04159240964626659,0.3161575669304855,0.6422500234232479
thats creepy,neither,0.03945320844208391,0.33037608806864915,0.630170703489267
da fook,offensive_language,0.15114814935983525,0.6045263659867909,0.24432548465337384
my mate drove over a baby seal by mistake last time went went to the beach in his 4x4...possibly referring to that?,neither,0.04505383574472292,0.3971816754030682,0.5577644888522089
how long has this been here,neither,0.08745494221621222,0.29032367041573043,0.6222213873680573
since half past teh hour they will go live at 7pm pst,neither,0.04334919667086828,0.33191379743133703,0.6247370058977948
claim your destiny!,neither,0.07214374353564061,0.32129092325319664,0.6065653332111628
Bidet From Ontario Canada,neither,0.040354386843928725,0.3150807387011266,0.6445648744549448
"how's everything, guys?",neither,0.03931099785641262,0.33278977284754485,0.6278992292960426
It's a doll,neither,0.03766131712739339,0.3309924016600271,0.6313462812125794
they arent usually late,neither,0.03945320844208391,0.33037608806864915,0.630170703489267
That kind of freeked my out a little ....,neither,0.021696484828640165,0.4772654341892297,0.5010380809821301
That doll looks like an angrier version of my friend from school...,neither,0.03616224105586662,0.4082403138196813,0.5555974451244521
having to wake up at 3AM again because of the clocks going forwards :/,neither,0.03849380482398233,0.39573696482850285,0.5657692303475147
WutFace,neither,0.03945320844208391,0.33037608806864915,0.630170703489267
"ALRIGHT who broke the seal,....This is why we can't have nice things.",neither,0.036010887171854855,0.37144774636598665,0.5925413664621585
bidet,neither,0.03945320844208391,0.33037608806864915,0.630170703489267
Bidet from Oklahoma!!!,neither,0.04066490145509902,0.30981049537100724,0.6495246031738937
daylight savings is in effect so all shows are an hour earlier,neither,0.05856373227236321,0.3622770316910227,0.5791592360366141
beep beep,neither,0.03945320844208391,0.33037608806864915,0.630170703489267
"aww, sorry @ArseQueef",neither,0.03945320844208391,0.33037608806864915,0.630170703489267
"If you see Denise, your phone will ring. Then you have 7 days to live.",neither,0.08436834141490893,0.42105271494688395,0.49457894363820704
@GilRamirez1 all's good,offensive_language,0.042287141387680284,0.4966367058223186,0.461076152790001
good Gil.. How are you?,neither,0.14211674019720283,0.3228677080091087,0.5350155517936885
Bidet from Orlando,neither,0.04062582848913359,0.31047366557575606,0.6489005059351104
@ArseQueef Sorry friend.,neither,0.03945320844208391,0.33037608806864915,0.630170703489267
bidet from Indy,neither,0.04062582848913359,0.31047366557575606,0.6489005059351104
"@ArseQueef, did you get a good question this week? :D",neither,0.05289563074767456,0.38268428720575365,0.5644200820465718
not.. 7 Days to ...die?,neither,0.2724479183265903,0.10120697023802779,0.626345111435382
"thats kinfof ok@TommyHobo , cause then I wouldnt have to pay back my student loans",neither,0.03489130397238984,0.39754650921449836,0.5675621868131119
or was that Denise wanting to play a game,neither,0.0410323069036715,0.32829162220066527,0.6306760708956632
Bidet from Austin,neither,0.04086843745212,0.30635595831493706,0.6527756042329429
ready for cosplayers <3,neither,0.030736901247085696,0.28695379466960164,0.6823093040833126
Bidet from Norway,neither,0.04228451509352876,0.2823214250720796,0.6753940598343917
"@ArseQueef Speaking of 3 a.m., when is your epic battle with butstuff?",neither,0.046811264416307376,0.38557667587309885,0.5676120597105937
Alks Machina!,neither,0.03945320844208391,0.33037608806864915,0.630170703489267
Bidet Critters!! It's my birthday!!,neither,0.022630187269649195,0.4574319169498503,0.5199378957805005
"now I am picturing the seal from Ren & Stimpy ""Someone call teh police""",neither,0.039410734025976724,0.30952795204584993,0.6510613139281733
!title,neither,0.03945320844208391,0.33037608806864915,0.630170703489267
"Adear7x -> Current Stream Title: alks Machina episode 18 discussing episode 91 of Critical Role, Vox Machina Goes to Hell #GNSLive #VoxMachina",offensive_language,0.04253884340209095,0.483786320933361,0.4736748356645481
"@TommyHobo, so, as long as I keep my phone on silent, than I won't die?",neither,0.08456636682805532,0.33681268195561287,0.5786209512163318
@RedDragonRob That too,neither,0.03126226639723697,0.423946830183124,0.544790903419639
@ImDrB Happy Birthday and many Beep Beeps to you!,neither,0.06637186123312862,0.3256461577396971,0.6079819810271744
Where's Demi Moore?,neither,0.04379278224195774,0.2567221952996476,0.6994850224583946
Happee Barfday @ImDrB !,neither,0.03945320844208391,0.33037608806864915,0.630170703489267
@ImDrB happy birthday bruh,neither,0.03945320844208391,0.33037608806864915,0.630170703489267
Happy birthday,neither,0.03945320844208391,0.33037608806864915,0.630170703489267
"@arsequeef it's 4 am here in italy, i guess being imsomiac has it's perks",neither,0.057981820111696905,0.32519845114577745,0.6168197287425257
happy birthday,neither,0.03945320844208391,0.33037608806864915,0.630170703489267
"@Morac101, http://prntscr.com/epq2ii",neither,0.03558056210193769,0.1941005909087057,0.7703188469893567
FeelsBirthdayMan,neither,0.03945320844208391,0.33037608806864915,0.630170703489267
@RedDragonRob yo happy birthday!,neither,0.039644581147252084,0.41903621794773,0.541319200905018
when does this start,offensive_language,0.01748179241481341,0.5096090940808604,0.47290911350432624
@imdrb happy birthday gandsSubHype,neither,0.03945320844208391,0.33037608806864915,0.630170703489267
When is Denise's birthday? We need to know to send her stuff,offensive_language,0.038862370490058105,0.5093318756174978,0.4518057538924441
gandsTrinketArmor,neither,0.03945320844208391,0.33037608806864915,0.630170703489267
"not me, lol",offensive_language,0.01705811382449431,0.4941594555871086,0.48878243058839704
@SpeedDemonStar Denise admires your cunning. But will send you an email. Then you have 7 days to live/die.,neither,0.2500320012751205,0.21609643028127834,0.5338715684436012
alks Machina episode 18 lul,neither,0.03945320844208391,0.33037608806864915,0.630170703489267
the title is bothering me so much gandsFail valkThump valkThump valkThump valkThump,neither,0.03553839453911886,0.379841806593155,0.5846197988677262
Like skyrim stuff,neither,0.04971123919606063,0.3453259268422958,0.6049628339616435
"@Darkelven00 Whenever he wants, he seems to be very anal about when and where it takes place",neither,0.043451301388342904,0.303801047829493,0.6527476507821641
Bidet from Minnesota,neither,0.04071751644889743,0.3089174816120565,0.6503650019390461
I am so fond of StalkerCam...,neither,0.03909171094799818,0.4061548171739973,0.5547534718780045
happy birthday beep beep,neither,0.03945320844208391,0.33037608806864915,0.630170703489267
Thanks Fam!! 💜 to all!!,neither,0.04624676890087233,0.3797594041705015,0.5739938269286261
"@TommyHobo, I don't check my email either :P",neither,0.029902007107445523,0.40336848998601377,0.5667295029065407
Bidet from Florida!!,neither,0.0408948396164547,0.30590784468201904,0.6531973157015263
@ArseQueef Have my upvote you legendary bastard.,neither,0.04063574722279973,0.458455861326168,0.5009083914510323
I have to admit the title overlay is not my favorite thing,neither,0.03849778629641462,0.38394427414025983,0.5775579395633257
thats a helluva plus for sure dragonheart4132 congrats!,neither,0.030640587532891873,0.41018924697533554,0.5591701654917726
"Going with Revelations, Denise? Nice! :)",neither,0.02855202060928783,0.3881100057935598,0.5833379735971522
Unless they miss a week or something ep. 100 of Critical Role will be on my birthday.,neither,0.03031127861937376,0.37069577420701366,0.5989929471736126
Rhiannon rings like a bell in the night and who will be her lover,neither,0.03485961026379892,0.4708249478451007,0.4943154418911004
Howcome your questions were so poor this week @ArseQueef ?,neither,0.06431237600427518,0.3434786095311268,0.592209014464598
Beep beep from Kentucky.,neither,0.04071751644889743,0.3089174816120565,0.6503650019390461
is Denise going to destroy Exandria? #finalboss,neither,0.054425703513736864,0.3514105320540716,0.5941637644321917
Beep Beep all,offensive_language,0.046917543854519406,0.6277741405869331,0.3253083155585475
!title,neither,0.03945320844208391,0.33037608806864915,0.630170703489267
"Adear7x -> Current Stream Title: alks Machina episode 18 discussing episode 91 of Critical Role, Vox Machina Goes to Hell #GNSLive #VoxMachina",offensive_language,0.04253884340209095,0.483786320933361,0.4736748356645481
What is the seal,neither,0.05389738316185371,0.30642073055413716,0.6396818862840092
@DEATHlikescats do you have snow too?,neither,0.059108891643472626,0.39701523479304723,0.5438758735634801
"Alright Denise, toss up that peace sign or thumbs up.",neither,0.03373361241590983,0.42509020365439776,0.5411761839296925
"@TommyHobo, unless she makes an account on Discord, I'm safe",neither,0.03850459065071913,0.4016785043269557,0.5598169050223252
wow....finally got sound....for 5 seconds,neither,0.03378257768273343,0.3407801709307071,0.6254372513865595
Bidet from Melbourne!,neither,0.04228451509352876,0.2823214250720796,0.6753940598343917
Bidet from the future!,neither,0.039630207793852755,0.285389651348581,0.6749801408575662
Jebaited,neither,0.03945320844208391,0.33037608806864915,0.630170703489267
!wallet,neither,0.03945320844208391,0.33037608806864915,0.630170703489267
jakobman76 has 14281 coins,neither,0.03989735448983053,0.32283777050957063,0.6372648750005988
eep ok ork ah ah,neither,0.03941263469513892,0.3310647304433472,0.6295226348615138
@denisebrr tell us when your birthday is! We might send you stuffs!,neither,0.12870391281428942,0.3832048199999017,0.48809126718580886
LOL,neither,0.020706217963973744,0.4882283491876925,0.4910654328483337
"Alks Machina: not to be confused with Awks Machina, the talkshow for socially inept people and pregnant silences",neither,0.045550217268511016,0.30410740179989804,0.6503423809315909
#FreeDenise,neither,0.03945320844208391,0.33037608806864915,0.630170703489267
Hahaha help,neither,0.03945320844208391,0.33037608806864915,0.630170703489267
Kia ora all,neither,0.04167083427717469,0.4183849112737958,0.5399442544490295
Happy Birthday @RedDragonRob NomNom,neither,0.03945320844208391,0.33037608806864915,0.630170703489267
Time to get coffee,neither,0.059062141729724266,0.16471509815180754,0.7762227601184681
Lol!!!,neither,0.020706217963973744,0.4882283491876925,0.4910654328483337
"I shant hide, Denise is my benevolent overlord",neither,0.033203244942219975,0.44060093708629383,0.5261958179714862
"Dragonchrome, not mine",neither,0.03746803639319668,0.33788348874615537,0.6246484748606478
watching the VOD while waiting for this to go live,neither,0.04344762630979655,0.2948396678662242,0.6617127058239792
"Bidet from Québec, Canada!",neither,0.04071751644889743,0.3089174816120565,0.6503650019390461
"Also, is it bugging anyone else that the title says ""alks"" instead of ""Talks"" ?",neither,0.0401786323957256,0.3426501859691732,0.6171711816351011
@SpeedDemonStar haha very well played. Watch out for Denise's carrier pigeons then ;),neither,0.03371688634608156,0.36463400208292074,0.6016491115709978
Bidet from Pa,neither,0.04069404815304118,0.30931579984010865,0.6499901520068502
I couldn't read it. XD,neither,0.03775142196044602,0.33096141047612887,0.6312871675634251
#GoawayArsequeef,neither,0.03945320844208391,0.33037608806864915,0.630170703489267
"We can help, if you run a double length feature =P",neither,0.035138548594419595,0.40479360694007543,0.5600678444655048
8 minutes to go before Talks machina goes live,neither,0.04584676957987172,0.37633164629179333,0.577821584128335
Is it just me or does the couch look like it has eyes and a mouth and is going to talk to us?,neither,0.04795838271327474,0.3786464883063701,0.5733951289803552
bidet from Vancouver,neither,0.04228451509352876,0.2823214250720796,0.6753940598343917
beep beep from vancouver washington cuz we all know west coast is the best coast,neither,0.04372497848487362,0.3424744119530743,0.6138006095620521
I'm so happy to see so many Canadian Critters up in here!,neither,0.07616704514013563,0.4038808879942274,0.519952066865637
"It says Talks, its just faded",neither,0.030579195992244693,0.34890413058133535,0.6205166734264199
"Ooo good catch, it must have be a transpo error",neither,0.03861478266117264,0.32881164997029155,0.6325735673685358
THE SEAL HAS BEEN BROKEN...,neither,0.038798854198200734,0.31625777816730993,0.6449433676344895
Bidet from Australia,neither,0.04062582848913359,0.31047366557575606,0.6489005059351104
yess the !title is bothering me so much gandsFail gandsFail,neither,0.03603599939869062,0.37346583461877864,0.5904981659825308
Denise is my Warlock's Patron in my home dnd game @DeniseBRR,neither,0.028635185134924766,0.41211311696017716,0.559251697904898
@RedDragonRob sorry about that,neither,0.03196602087521008,0.425986318684951,0.542047660439839
of course you realize this means war,neither,0.050743644463423325,0.38890536691177885,0.5603509886247979
so excited for alks Machina,neither,0.03181580832259494,0.34544536915846974,0.6227388225189353
Refresh,neither,0.03945320844208391,0.33037608806864915,0.630170703489267
DENISE,neither,0.03945320844208391,0.33037608806864915,0.630170703489267
who is it this week i forget,neither,0.046770826712798086,0.3959462445405308,0.5572829287466711
Bidet from FL,neither,0.04066490145509902,0.30981049537100724,0.6495246031738937
"@TommyHobo, I never leave the house or get mail",neither,0.03520048786421764,0.3567840581072625,0.6080154540285198
Some clean up the seal and put some duct tape on it!,neither,0.026936153597046014,0.34908528349599116,0.6239785629069627
"Dragonchrome, lol, the FeelsBirthdayMan was for someone else in chat",neither,0.028162972101689592,0.33775443104250696,0.6340825968558035
The couch is surplus from Peewee's playhouse? And its seal is broken...,neither,0.04437688456160081,0.2864815927118246,0.6691415227265746
"Denise, make the title go away for your loyal cultis...I mean, followers?",neither,0.0517926576947195,0.3254551040324829,0.6227522382727976
the couch is staring into my soul,neither,0.03515643106459409,0.38039884405019264,0.5844447248852133
anyone else wondering if VM will take advantage of generated goodwill from defeating their last hellion,neither,0.030654443374134532,0.3372418549843393,0.6321037016415262
Bidet from Vancouver Island,neither,0.0408364874901429,0.30689823255244486,0.6522652799574122
sht i miss ron Gilbert FeelsBadMan,neither,0.03371558388862402,0.33234952025481496,0.633934895856561
Bidet from NYC,neither,0.04081748366884477,0.3072207769958956,0.6519617393352596
mangoWiener,neither,0.03945320844208391,0.33037608806864915,0.630170703489267
"No peace sign, Denise isn't there!!!!",neither,0.03871497866258276,0.3062238909653078,0.6550611303721094
bidet from chitown,neither,0.04062582848913359,0.31047366557575606,0.6489005059351104
"Alks Machina: not to be confused with box machina, a talk show about sentient boxes, an unending unboxing show",neither,0.03870870990574468,0.28282468813068773,0.6784666019635677
BloodTrail,neither,0.03945320844208391,0.33037608806864915,0.630170703489267
Duct tape has a light side and a dark side that keeps the universe together,neither,0.03250269685374785,0.3544757072863996,0.6130215958598525
no wait that's gaffa,neither,0.032778115144333625,0.4108992968048631,0.5563225880508034
"ArseQueef, you have the best questions",neither,0.05433398418178457,0.36022147639011504,0.5854445394281003
@balthir66 of course she's not there the seal has been broken she is free,neither,0.04422138495696062,0.39091341613276376,0.5648651989102755
ROFL,neither,0.03945320844208391,0.33037608806864915,0.630170703489267
Liam?,neither,0.03945320844208391,0.33037608806864915,0.630170703489267
rdrLwing rdrDragon rdrRwing ...Rawr?,neither,0.03945320844208391,0.33037608806864915,0.630170703489267
WutFace,neither,0.03945320844208391,0.33037608806864915,0.630170703489267
yes omg thank you @GeekandSundry for fixing the title valkHey valkHey gandsMatt gandsMatt,neither,0.04387018752816998,0.32982391962236685,0.6263058928494634
da fuk is that?,offensive_language,0.09004963949106012,0.5090713937221027,0.40087896678683715
???,neither,0.03945320844208391,0.33037608806864915,0.630170703489267
Why fish?,neither,0.026596056503156093,0.3273364060687012,0.6460675374281427
bidet,neither,0.03945320844208391,0.33037608806864915,0.630170703489267
FISH,neither,0.041059762815856375,0.3031086675729204,0.6558315696112234
Is that the broken seal? Kappa,neither,0.04147921982446113,0.3460148348142807,0.6125059453612582
:D,neither,0.03945320844208391,0.33037608806864915,0.630170703489267
🐳,neither,0.03945320844208391,0.33037608806864915,0.630170703489267
how do we know who is on in advance and how do we send I questions?,neither,0.043233118693276104,0.34912535974775866,0.6076415215589653
XD Eric keeping us from rioting?,neither,0.07421987916361125,0.3092542146541097,0.6165259061822791
he floats,neither,0.057568607992634975,0.3241453714706532,0.6182860205367118
Is that a whale?,neither,0.04384559497543054,0.3737484569973207,0.5824059480272488
AlksMachina! Now with a newfound porpoise!,neither,0.020447535652765712,0.4043022718810791,0.5752501924661553
DansGame,neither,0.03945320844208391,0.33037608806864915,0.630170703489267
that seal doesn't look broken,neither,0.03778181951555279,0.36228864066104094,0.5999295398234064
Thats awesome!,neither,0.03945320844208391,0.33037608806864915,0.630170703489267
docks machina: a show about whale watching,neither,0.051555651020895855,0.2862731369668688,0.6621712120122353
That scared me for no reason XD,neither,0.024408790091590943,0.389314295294988,0.586276914613421
bidet from Kansas,neither,0.04071751644889743,0.3089174816120565,0.6503650019390461
Denise if you can hear us pump the hand sanitizer,neither,0.060582167988642494,0.38673701766226626,0.5526808143490913
the chairs and couch look like a face,neither,0.050358661994675945,0.2886901953881569,0.6609511426171671
what is a whale?,neither,0.0561560381624104,0.3223690680328575,0.6214748938047321
Eric is keeping us entertained and I appreciate it,neither,0.06713835890031168,0.29977839996868755,0.6330832411310008
lul,neither,0.03945320844208391,0.33037608806864915,0.630170703489267
I'm not gonna say that Eric is trolling you guys....,neither,0.052088127715364536,0.4321749615966438,0.5157369106879917
wow i picked a strange time to start the stream,neither,0.04229844551485414,0.32987299834575534,0.6278285561393905
The broken seal!!!,neither,0.03863825630690237,0.3155029350337647,0.645858808659333
"It's a dewgong, quick catch it!",neither,0.03653229203968212,0.33138072515981665,0.6320869828005011
But Eric is here.,neither,0.10321510096274467,0.29394404295546894,0.6028408560817864
Eric is the best.,neither,0.046299579428928865,0.3034728204245657,0.6502276001465054
lol Illeidenn,neither,0.020706217963973744,0.4882283491876925,0.4910654328483337
Denise is not yer performing monkey!,neither,0.052078724078020985,0.12534035967657925,0.8225809162453998
RITA Bidet RITA,neither,0.03945320844208391,0.33037608806864915,0.630170703489267
