text,top_class,hate_speech,offensive_language,neither
dark rituals WONDERFUL,neither,0.03945320844208391,0.33037608806864915,0.630170703489267
f,neither,0.03945320844208391,0.33037608806864915,0.630170703489267
r i p,neither,0.03945320844208391,0.33037608806864915,0.630170703489267
ooh gaaaaaaewd,neither,0.03945320844208391,0.33037608806864915,0.630170703489267
"Denise, what have you done!?!",neither,0.07447618523363732,0.425149683794609,0.5003741309717537
ermagerd,neither,0.03945320844208391,0.33037608806864915,0.630170703489267
RITA,neither,0.03945320844208391,0.33037608806864915,0.630170703489267
FIX HIM!!!,neither,0.03928697709675111,0.333197467828188,0.627515555075061
TheIlluminati TheIlluminati TheIlluminati,neither,0.03945320844208391,0.33037608806864915,0.630170703489267
THE CAKE IS A LIE,neither,0.0475212067055959,0.3097684938774693,0.6427102994169349
mortgage rates spiral,neither,0.03945320844208391,0.33037608806864915,0.630170703489267
gandsGnSMarisolBS gandsGnSMarisolBS gandsGnSMarisolBS,neither,0.03945320844208391,0.33037608806864915,0.630170703489267
can you put the chat on slow so it doesn't seem so crazy?,neither,0.037735754662587766,0.4760649817407961,0.48619926359661614
coincidence? I think not.........,neither,0.03863754081153194,0.3262362947513993,0.6351261644370687
refresh people,neither,0.07386967574172044,0.3266571378432493,0.5994731864150303
CURSE YOU ALPHA!!! CURSE YOOOOOOOOOOOOOOOOUUUUUUUUUUUUUU,neither,0.04916243461809962,0.3583882940268357,0.5924492713550646
I'm just glad it's not just me,neither,0.023428272800607886,0.41308814968853474,0.5634835775108573
#blameJojirius,neither,0.03945320844208391,0.33037608806864915,0.630170703489267
Are we on the internet?,neither,0.06455044260466253,0.27765074222486363,0.6577988151704739
We came to close to the truth,neither,0.05074499755897505,0.31184532452363356,0.6374096779173913
gandsFail,neither,0.03945320844208391,0.33037608806864915,0.630170703489267
TheIlluminati TheIlluminati TheIlluminati TheIlluminati,neither,0.03945320844208391,0.33037608806864915,0.630170703489267
ITS BACK,neither,0.029829768354409376,0.333686030403444,0.6364842012421467
back!,neither,0.03945320844208391,0.33037608806864915,0.630170703489267
:O,neither,0.03945320844208391,0.33037608806864915,0.630170703489267
I would like to rage,neither,0.059469071796770086,0.33594055101469567,0.6045903771885341
TheIlluminati TheIlluminati TheIlluminati TheIlluminati TheIlluminati TheIlluminati TheIlluminati TheIlluminati TheIlluminati TheIlluminati TheIlluminati TheIlluminati TheIlluminati TheIlluminati TheIlluminati,neither,0.03945320844208391,0.33037608806864915,0.630170703489267
Cat petting executives,neither,0.03945320844208391,0.33037608806864915,0.630170703489267
#FIXHIM,neither,0.03945320844208391,0.33037608806864915,0.630170703489267
BACK,neither,0.03945320844208391,0.33037608806864915,0.630170703489267
gandsNopeNopeNope gandsFail gandsNopeNopeNope gandsFail gandsNopeNopeNope gandsJesstatorship gandsFail gandsNopeNopeNope gandsFail gandsNopeNopeNope gandsFail,neither,0.03945320844208391,0.33037608806864915,0.630170703489267
F5 F5 F5,neither,0.03945320844208391,0.33037608806864915,0.630170703489267
Jenga Denise!,neither,0.03945320844208391,0.33037608806864915,0.630170703489267
2319,neither,0.03945320844208391,0.33037608806864915,0.630170703489267
dammit gi,neither,0.03945320844208391,0.33037608806864915,0.630170703489267
gandsTeamNoStream gandsTeamNoStream gandsTeamNoStream gandsTeamNoStream gandsTeamNoStream gandsTeamNoStream gandsTeamNoStream gandsTeamNoStream gandsTeamNoStream gandsTeamNoStream gandsTeamNoStream gandsTeamNoStream gandsTeamNoStream gandsTeamNoStream,neither,0.03945320844208391,0.33037608806864915,0.630170703489267
refresh. It's back up,neither,0.03554235777047198,0.3831147432681071,0.5813428989614208
click play,neither,0.03945320844208391,0.33037608806864915,0.630170703489267
there we go,neither,0.04083933629015207,0.27628362646603744,0.6828770372438104
SAVED,neither,0.03945320844208391,0.33037608806864915,0.630170703489267
its back,neither,0.029829768354409376,0.333686030403444,0.6364842012421467
Nooooo,neither,0.03945320844208391,0.33037608806864915,0.630170703489267
Back!,neither,0.03945320844208391,0.33037608806864915,0.630170703489267
Oh *** Ryan is getting beat up,neither,0.044665594352750894,0.3912047862947117,0.5641296193525375
Back,neither,0.03945320844208391,0.33037608806864915,0.630170703489267
Yay!,neither,0.03945320844208391,0.33037608806864915,0.630170703489267
censorship,neither,0.03945320844208391,0.33037608806864915,0.630170703489267
it's back,neither,0.03654534214784638,0.3313762366291984,0.6320784212229552
BACK,neither,0.03945320844208391,0.33037608806864915,0.630170703489267
REFRESH!!!,neither,0.03945320844208391,0.33037608806864915,0.630170703489267
WE'RE BACK,neither,0.0707855877519284,0.2891816921207498,0.6400327201273217
"Damn you, Raishan!",offensive_language,0.07364223488149953,0.9231738158972554,0.0031839492212450463
ITS UP,neither,0.02540825348022648,0.4347329232452923,0.5398588232744811
It's on,neither,0.029359548185187243,0.36677741506693295,0.6038630367478798
*pouts*,neither,0.03945320844208391,0.33037608806864915,0.630170703489267
Alpha working,neither,0.03945320844208391,0.33037608806864915,0.630170703489267
refresh,neither,0.03945320844208391,0.33037608806864915,0.630170703489267
Welcome back!,neither,0.03945320844208391,0.33037608806864915,0.630170703489267
"oh, no. did hotis *** with the stream",neither,0.0322492770487334,0.3174291603651817,0.650321562586085
gandsMatt gandsMatt gandsMatt As Matt closes the book,neither,0.037375934091925765,0.34333918996539986,0.6192848759426745
ITS BACK,neither,0.029829768354409376,0.333686030403444,0.6364842012421467
BACK,neither,0.03945320844208391,0.33037608806864915,0.630170703489267
its fine now,neither,0.03212526403349193,0.33289650417807004,0.6349782317884379
gandsTeamNoStream gandsTeamNoStream gandsTeamNoStream gandsTeamNoStream gandsTeamNoStream gandsTeamNoStream,neither,0.03945320844208391,0.33037608806864915,0.630170703489267
refresh!,neither,0.03945320844208391,0.33037608806864915,0.630170703489267
ITS ON :D,neither,0.024643178838944246,0.35995612139696637,0.6154006997640895
refresh!,neither,0.03945320844208391,0.33037608806864915,0.630170703489267
VOX MACHINA *** *** UP!!!!!!,offensive_language,0.031680140546704795,0.5091262166492487,0.45919364280404645
ITS LIVE,neither,0.03646146549147045,0.3314050856575407,0.6321334488509888
its back,neither,0.029829768354409376,0.333686030403444,0.6364842012421467
back!,neither,0.03945320844208391,0.33037608806864915,0.630170703489267
ITS BACK,neither,0.029829768354409376,0.333686030403444,0.6364842012421467
refresh,neither,0.03945320844208391,0.33037608806864915,0.630170703489267
RIOT,neither,0.03945320844208391,0.33037608806864915,0.630170703489267
back :D,neither,0.03945320844208391,0.33037608806864915,0.630170703489267
fixx him :'(,neither,0.0391405574965401,0.33568259056847527,0.6251768519349846
it's back,neither,0.03654534214784638,0.3313762366291984,0.6320784212229552
refresh,neither,0.03945320844208391,0.33037608806864915,0.630170703489267
SAVED,neither,0.03945320844208391,0.33037608806864915,0.630170703489267
It's Back!,neither,0.03654534214784638,0.3313762366291984,0.6320784212229552
ResidentSleeper ResidentSleeper ResidentSleeper,neither,0.03945320844208391,0.33037608806864915,0.630170703489267
You are back on the internet,neither,0.0933317199484097,0.3207195557853051,0.5859487242662853
Its back,neither,0.029829768354409376,0.333686030403444,0.6364842012421467
refresh the stream,neither,0.03868342901844291,0.31634469653961944,0.6449718744419376
:'(,neither,0.03945320844208391,0.33037608806864915,0.630170703489267
got it,neither,0.033384131469087024,0.4408120912412251,0.525803777289688
Back!,neither,0.03945320844208391,0.33037608806864915,0.630170703489267
we're back!,neither,0.0707855877519284,0.2891816921207498,0.6400327201273217
And we are back,neither,0.08098319664641716,0.21263635708375134,0.7063804462698315
what are matt's tells though?,neither,0.06775758233578856,0.2880314360570806,0.6442109816071308
they caught Denise..she didnt even make ti to the parking lot,neither,0.04303589723365182,0.37644127395000154,0.5805228288163468
relode,neither,0.03945320844208391,0.33037608806864915,0.630170703489267
Denise just rage quit. BAHAHAHAHA! @GeekandSundry,neither,0.03504273878340101,0.3511653795602468,0.6137918816563523
IT'S BACK,neither,0.03654534214784638,0.3313762366291984,0.6320784212229552
refresh,neither,0.03945320844208391,0.33037608806864915,0.630170703489267
refresh!,neither,0.03945320844208391,0.33037608806864915,0.630170703489267
It's Back!,neither,0.03654534214784638,0.3313762366291984,0.6320784212229552
We're back!,neither,0.0707855877519284,0.2891816921207498,0.6400327201273217
#DeathToALPHA !!!!,neither,0.03945320844208391,0.33037608806864915,0.630170703489267
back,neither,0.03945320844208391,0.33037608806864915,0.630170703489267
I would like to RAGE,neither,0.059469071796770086,0.33594055101469567,0.6045903771885341
REDRESH,neither,0.03945320844208391,0.33037608806864915,0.630170703489267
NotLikeThis NotLikeThis,neither,0.03945320844208391,0.33037608806864915,0.630170703489267
MorphinTime,neither,0.03945320844208391,0.33037608806864915,0.630170703489267
Helllllllllppppp twitch goooooddddsss,neither,0.03945320844208391,0.33037608806864915,0.630170703489267
#ThanksDenise,neither,0.03945320844208391,0.33037608806864915,0.630170703489267
WE LIVE,neither,0.04675156173251523,0.3319383047908141,0.6213101334766706
Back,neither,0.03945320844208391,0.33037608806864915,0.630170703489267
we'll never know,neither,0.034235778129871546,0.38513449186047244,0.5806297300096561
Refresh,neither,0.03945320844208391,0.33037608806864915,0.630170703489267
refresh!!,neither,0.03945320844208391,0.33037608806864915,0.630170703489267
We are NOT on the internet....,neither,0.06041965232633005,0.28652061729456463,0.6530597303791053
ya,offensive_language,0.017331157930923866,0.7872544665869478,0.19541437548212848
Refresh,neither,0.03945320844208391,0.33037608806864915,0.630170703489267
ITS BACK OH GOD,neither,0.03782518091972895,0.2760553002717096,0.6861195188085614
We missed a lot,neither,0.03928079826430516,0.33330233874026355,0.6274168629954314
OpieOP,neither,0.03945320844208391,0.33037608806864915,0.630170703489267
Refresh! back!,neither,0.03945320844208391,0.33037608806864915,0.630170703489267
refresh,neither,0.03945320844208391,0.33037608806864915,0.630170703489267
Refresh,neither,0.03945320844208391,0.33037608806864915,0.630170703489267
refresh,neither,0.03945320844208391,0.33037608806864915,0.630170703489267
City of DisConnection,neither,0.03945320844208391,0.33037608806864915,0.630170703489267
woo!,neither,0.03945320844208391,0.33037608806864915,0.630170703489267
Refresh,neither,0.03945320844208391,0.33037608806864915,0.630170703489267
F5,neither,0.03945320844208391,0.33037608806864915,0.630170703489267
fixed,neither,0.03945320844208391,0.33037608806864915,0.630170703489267
Refresh!,neither,0.03945320844208391,0.33037608806864915,0.630170703489267
saved,neither,0.03945320844208391,0.33037608806864915,0.630170703489267
refresh,neither,0.03945320844208391,0.33037608806864915,0.630170703489267
refresh m8,neither,0.03945320844208391,0.33037608806864915,0.630170703489267
refresh it's back,neither,0.037972672018068164,0.3308853124357579,0.6311420155461738
RUN DENISE,neither,0.03945320844208391,0.33037608806864915,0.630170703489267
refresh,neither,0.03945320844208391,0.33037608806864915,0.630170703489267
REFRESH,neither,0.03945320844208391,0.33037608806864915,0.630170703489267
refresh,neither,0.03945320844208391,0.33037608806864915,0.630170703489267
yayyyy,neither,0.03945320844208391,0.33037608806864915,0.630170703489267
Refrsh!,neither,0.03945320844208391,0.33037608806864915,0.630170703489267
refresh,neither,0.03945320844208391,0.33037608806864915,0.630170703489267
REFRESH,neither,0.03945320844208391,0.33037608806864915,0.630170703489267
stream's back,neither,0.03945320844208391,0.33037608806864915,0.630170703489267
refresh,neither,0.03945320844208391,0.33037608806864915,0.630170703489267
Refresh,neither,0.03945320844208391,0.33037608806864915,0.630170703489267
F5,neither,0.03945320844208391,0.33037608806864915,0.630170703489267
REFRESH THE THING,neither,0.03855456759396829,0.31393718032531,0.6475082520807217
F5,neither,0.03945320844208391,0.33037608806864915,0.630170703489267
REFRESH,neither,0.03945320844208391,0.33037608806864915,0.630170703489267
REFRESH',neither,0.03945320844208391,0.33037608806864915,0.630170703489267
refresh,neither,0.03945320844208391,0.33037608806864915,0.630170703489267
Refresh!,neither,0.03945320844208391,0.33037608806864915,0.630170703489267
refresh,neither,0.03945320844208391,0.33037608806864915,0.630170703489267
SwiftRage,neither,0.03945320844208391,0.33037608806864915,0.630170703489267
refresh,neither,0.03945320844208391,0.33037608806864915,0.630170703489267
Refresh,neither,0.03945320844208391,0.33037608806864915,0.630170703489267
;-),neither,0.03945320844208391,0.33037608806864915,0.630170703489267
refresh,neither,0.03945320844208391,0.33037608806864915,0.630170703489267
Refresh,neither,0.03945320844208391,0.33037608806864915,0.630170703489267
Refresh if you can't see!,neither,0.0340367304930428,0.42813732840105717,0.5378259411059001
THE SEAL IS BROKEN THE SEAL IS BROKEN THE SEAL IS BROKEN THE SEAL IS BROKEN THE SEAL IS BROKEN,neither,0.04589280673839416,0.3135059911643215,0.6406012020972844
REFRESH,neither,0.03945320844208391,0.33037608806864915,0.630170703489267
represh you guysss,offensive_language,0.21217306638279385,0.6099082758190073,0.17791865779819876
f5,neither,0.03945320844208391,0.33037608806864915,0.630170703489267
refresh,neither,0.03945320844208391,0.33037608806864915,0.630170703489267
Refresh we back.,neither,0.03929695240948102,0.33302816073766955,0.6276748868528493
Refresh they are live again,neither,0.06456861454193957,0.3162366371066671,0.6191947483513934
BWF says refresh,neither,0.03945320844208391,0.33037608806864915,0.630170703489267
Refresh! Refresh! Refresh!,neither,0.03945320844208391,0.33037608806864915,0.630170703489267
refresh,neither,0.03945320844208391,0.33037608806864915,0.630170703489267
we are here,neither,0.23789526199467362,0.1888739865144435,0.573230751490883
It lives!,neither,0.03736581495009675,0.3310940384092298,0.6315401466406735
refresh,neither,0.03945320844208391,0.33037608806864915,0.630170703489267
refresh,neither,0.03945320844208391,0.33037608806864915,0.630170703489267
whew,neither,0.03945320844208391,0.33037608806864915,0.630170703489267
Refresh,neither,0.03945320844208391,0.33037608806864915,0.630170703489267
Spam the chat,neither,0.038572176445473685,0.3142673199309781,0.6471605036235482
"back, refresh!",neither,0.03945320844208391,0.33037608806864915,0.630170703489267
TheIlluminati TheIlluminati,neither,0.03945320844208391,0.33037608806864915,0.630170703489267
#WEKNOW REFRESH,neither,0.03945320844208391,0.33037608806864915,0.630170703489267
SHUT UP DENICE,neither,0.06265639021040895,0.38499471102054117,0.5523488987690499
"refreash, it's back",neither,0.03654534214784638,0.3313762366291984,0.6320784212229552
Back,neither,0.03945320844208391,0.33037608806864915,0.630170703489267
YOU RELAX DENISE! YOU RELAX!,neither,0.0657576921055031,0.40200484595927277,0.5322374619352241
refresh,neither,0.03945320844208391,0.33037608806864915,0.630170703489267
Refresh,neither,0.03945320844208391,0.33037608806864915,0.630170703489267
Deoderant incoming,neither,0.03945320844208391,0.33037608806864915,0.630170703489267
so alpha is running,neither,0.04748342491939341,0.3717019600981273,0.5808146149824792
RELAX!,neither,0.03945320844208391,0.33037608806864915,0.630170703489267
denise says relax,neither,0.03945320844208391,0.33037608806864915,0.630170703489267
refresh,neither,0.03945320844208391,0.33037608806864915,0.630170703489267
whoo they're back!,neither,0.05738813190330885,0.3024806730785797,0.6401311950181116
no answer rage!!,neither,0.03865141725660071,0.3439845769945495,0.61736400574885
RELAX,neither,0.03945320844208391,0.33037608806864915,0.630170703489267
RELAX AND REFRESH,neither,0.03873824822524505,0.2945750772367305,0.6666866745380244
gandsFail,neither,0.03945320844208391,0.33037608806864915,0.630170703489267
WHAT WAS MATT'S SECRETS,neither,0.04414990112797672,0.32870226587362944,0.6271478329983939
Refresh my fellow critters!,neither,0.02967751305703038,0.40527236812166423,0.5650501188213053
DENISE SAVED US,neither,0.09320723916504513,0.31950761242228737,0.5872851484126675
refresh folks,neither,0.03945320844208391,0.33037608806864915,0.630170703489267
Refresh were good,neither,0.039129115460758805,0.3097332671784716,0.6511376173607696
lol,neither,0.020706217963973744,0.4882283491876925,0.4910654328483337
Refresh!,neither,0.03945320844208391,0.33037608806864915,0.630170703489267
Its back REFRESH,neither,0.03356003310905912,0.33240302130078203,0.6340369455901588
Was that more Alpha exlusivity? :P,neither,0.03716575353315815,0.36586122081105676,0.596973025655785
Denise says RELAX,neither,0.03945320844208391,0.33037608806864915,0.630170703489267
"Refresh, you fools! Refresh!",neither,0.04803092514714232,0.35522009514102904,0.5967489797118286
What was the answer?!,neither,0.04510262597735734,0.3081586600100377,0.646738714012605
They quelled her insurrection,offensive_language,0.023609223896722376,0.7670419330039381,0.20934884309933935
"while physically similar, legally distinct stacking block game",neither,0.03902240039088656,0.30503583133381873,0.6559417682752948
refresh refresh,neither,0.03945320844208391,0.33037608806864915,0.630170703489267
k we cool,neither,0.03920929666031015,0.33451590756437544,0.6262747957753144
frankie says relax,neither,0.03945320844208391,0.33037608806864915,0.630170703489267
i will never relax denise,neither,0.036541402427936194,0.3491022936418781,0.6143563039301856
Also Denise says relax,neither,0.03945320844208391,0.33037608806864915,0.630170703489267
wow that was nice,neither,0.03498095256872261,0.3799716237190686,0.5850474237122089
that was beautiful,neither,0.034096346397797,0.38999331632245976,0.5759103372797433
the info is alpha information only,neither,0.044451701718594874,0.31697413886264314,0.638574159418762
Denise says RELAX,neither,0.03945320844208391,0.33037608806864915,0.630170703489267
BabyRage YOU CANT TELL ME WHAT TO DO BabyRage,neither,0.06671616733035805,0.4157610829825219,0.51752274968712
You relax Denise! We need answers.,neither,0.05360330611884669,0.3723382046903124,0.574058489190841
Just relax~ refresh twitch,neither,0.03622039060157088,0.3454408766500951,0.618338732748334
saved!,neither,0.03945320844208391,0.33037608806864915,0.630170703489267
Sigh...,neither,0.03945320844208391,0.33037608806864915,0.630170703489267
fresca,neither,0.03945320844208391,0.33037608806864915,0.630170703489267
"This is actually quite perfect. No one should know Matt's ""Face Secrets"" Kappa",neither,0.04909022400728009,0.37196307590858163,0.5789467000841382
Relax bro,neither,0.03945320844208391,0.33037608806864915,0.630170703489267
well rip me then if i have to refresh... see ya everybody,offensive_language,0.020678279569758214,0.5363054076242632,0.44301631280597864
"Abort riot! I repeat, Abort riot!",neither,0.03945320844208391,0.33037608806864915,0.630170703489267
Were Back: A Dinosaur Story,neither,0.03981660301185757,0.30526376629898777,0.6549196306891546
I like Wayne Barlowe's images of the city of Dis,neither,0.04611848647159495,0.3292682963372433,0.6246132171911618
frisky,neither,0.03945320844208391,0.33037608806864915,0.630170703489267
Re ask the question,neither,0.058745027709355344,0.28210757042319656,0.6591474018674481
I was raging,neither,0.03930982721592437,0.3328096416717587,0.627880531112317
back!,neither,0.03945320844208391,0.33037608806864915,0.630170703489267
"yea, we are fine her in the either...",neither,0.0487105325318272,0.46928372256522444,0.48200574490294823
Well it was almost worth it for that Sailing duet,neither,0.029795023913629783,0.3416768163171588,0.6285281597692114
WHAT WERE THE TELLS?!? I need to know!,neither,0.050910265077321944,0.2875291622265889,0.661560572696089
Today's giveaway word is REFRESH,neither,0.04529864055521309,0.30830446846834414,0.6463968909764429
so we don't get to hear the answer to the last question?,neither,0.04709250958522684,0.339925280298067,0.6129822101167061
Okay we cool,neither,0.03926745857535177,0.33352874807561633,0.6272037933490318
risky,neither,0.03945320844208391,0.33037608806864915,0.630170703489267
Chat is moving so fast that no one will notice I'm KappaPride,neither,0.04160582381024786,0.3979665648207201,0.5604276113690321
Voice of Angels... AngelTHump,neither,0.03945320844208391,0.33037608806864915,0.630170703489267
is Matt Mercer's descriptions kinda like Neil gaiman's grocery lost?,neither,0.05179674211712109,0.3382082367902539,0.6099950210926252
what about the marisha question??????????,neither,0.0429299768892386,0.33843980580212396,0.6186302173086375
But the last wander,neither,0.03545444804427914,0.3240251911505238,0.640520360805197
"He Denise, I guess we should catch the rest of this show on Alpha. All 15 minutes of it was live tonight. Kappa",neither,0.053527688791061734,0.33180997770684584,0.6146623335020924
Noooooo repeat the Marisha question,neither,0.03857016447320617,0.3142296173269503,0.6472002181998436
SAVED,neither,0.03945320844208391,0.33037608806864915,0.630170703489267
all the lurkers always come out the wazoo when *** goes wrong,neither,0.026177933421958604,0.4710230701068071,0.5027989964712344
WHAT WAS THE ANSWER!,neither,0.04510262597735734,0.3081586600100377,0.646738714012605
refresh,neither,0.03945320844208391,0.33037608806864915,0.630170703489267
SHE NEVER ANSWERED THE QUESTION!,neither,0.03613739871269686,0.4217595006045877,0.5421031006827153
GIL *** US! Damnit Gil!,neither,0.08555812458609885,0.3213561881685585,0.5930856872453426
No! Answer the question about Matt's tells!,neither,0.037186917619868975,0.3474877946688011,0.61532528771133
Chill Chill Chill Chill Chill Chill Chill Chill Chill Chill Chill Chill Chill Chill Chill Chill Chill Chill Chill Chill Chill Chill Chill Chill Chill Chill Chill Chill,neither,0.03945320844208391,0.33037608806864915,0.630170703489267
damnit!! missed a few min's,neither,0.03945320844208391,0.33037608806864915,0.630170703489267
I'm worried if the IPS and internet privacy is takig our info away,neither,0.03213348964055647,0.3138070044449776,0.6540595059144659
TableHere FlipThis,neither,0.03945320844208391,0.33037608806864915,0.630170703489267
shes so hot,neither,0.03940957613894577,0.3809612665445495,0.5796291573165048
WAIT WE MISSED THE ANSWER UGH,neither,0.03862915036540093,0.31957457173348325,0.6417962779011159
We'll never know what the tells were,neither,0.039853256426301144,0.3321853537462456,0.6279613898274533
seriously go back to the other question !,neither,0.045505809705193814,0.31624515637632816,0.6382490339184781
What're Matt's tells!,neither,0.06320983900647245,0.2998493857832824,0.6369407752102453
refresh not working,neither,0.03821977548916447,0.33500606417483886,0.6267741603359968
i love 🎿,neither,0.03217296676969875,0.3657703709031763,0.602056662327125
Denise says relax.... That's never a good sign!,neither,0.03300223635212987,0.3943565732014074,0.5726411904464628
we missed marisha's reply on matt's tells,neither,0.037350103500365564,0.34173337338893167,0.6209165231107028
Marisha what you say!!,neither,0.09507221314964237,0.4151528661186767,0.4897749207316809
It was larkin.,neither,0.03593062006447523,0.3363165027571517,0.627752877178373
What was the answer?,neither,0.04510262597735734,0.3081586600100377,0.646738714012605
We love you Denise!!!,neither,0.0667431826429772,0.4602730207261189,0.47298379663090395
we missed the other question !,neither,0.03851150891575306,0.31801158887628855,0.6434769022079585
So we aren't gonna address the other question?,neither,0.037847595583597175,0.3867792032764371,0.5753732011399657
@GeekandSundry Not showing the clip of Matt showing his tells huh? I see how it is.,neither,0.053208313101145835,0.32477918882698037,0.6220124980718739
still cant see anything,neither,0.03850281319397359,0.3465067757630309,0.6149904110429956
Gil?,neither,0.03945320844208391,0.33037608806864915,0.630170703489267
But.. what are Matt's tells? Hmm... conspiracy?,neither,0.060446535767214586,0.30010483238290636,0.6394486318498791
answer the poker face question,neither,0.038775699427162705,0.3180570003004603,0.643167300272377
"man, I really, really wanted to hear that answer tho, for the clues question",neither,0.03473253073706855,0.36188045061328833,0.6033870186496433
Repeat the question NotLikeThis,neither,0.03857016447320617,0.3142296173269503,0.6472002181998436
What are matts tells???? It went offline,neither,0.0731467394315338,0.2793453819036198,0.6475078786648464
SABOTAGE,neither,0.03945320844208391,0.33037608806864915,0.630170703489267
no what was matts tell for knowing trouble ='(,neither,0.03784695870449603,0.31591321819795937,0.6462398230975446
Saved,neither,0.03945320844208391,0.33037608806864915,0.630170703489267
petition for Denise to record a cover of relax by Frankie goes to Hollywood,neither,0.043231850492299294,0.3321105515764196,0.6246575979312811
what the heck it dident even show it was online for me i missed it :(,neither,0.03863271092993437,0.29227257629318637,0.6690947127768794
What's the Tell?,neither,0.047642921823969814,0.2971025498621865,0.6552545283138438
What are his tells! I need to know,neither,0.12938285309492853,0.2714206322397243,0.5991965146653473
I might be able to find and repost that missing portion in the next few days,neither,0.04215859830699481,0.27900057711028536,0.6788408245827198
please repeat last question!,neither,0.03945320844208391,0.33037608806864915,0.630170703489267
Is the sound wonky for anyone else?,neither,0.04013310576111049,0.2881403111250337,0.6717265831138558
"So Marisha, does Matt have any gaming tells? <scene missing>, that's the power of DM's/GM's",neither,0.030485407914450226,0.42521596811537593,0.5442986239701738
MAKE MATT ANSWER THE QUESTION,neither,0.03872980562194502,0.3172064986123337,0.6440636957657213
me too😠,neither,0.025456656249999262,0.41690574403459846,0.5576375997154023
Please and thank you!,neither,0.05905882967125796,0.3402006393369823,0.6007405309917597
Woot!,neither,0.03945320844208391,0.33037608806864915,0.630170703489267
Assuming the party comes back from Hell LUL,offensive_language,0.04063837186496606,0.5756762976194633,0.3836853305155706
What are matts tells? Please repeat the question! It went off line,neither,0.05677545766669431,0.2904067562028403,0.6528177861304654
Please repeat the last question!,neither,0.03871723438539865,0.3169731273626372,0.6443096382519642
Answer the missed question!,neither,0.038657743603060256,0.3158663528106575,0.6454759035862822
HER ANSWER WAS CENSORED! It's a conspiracy,offensive_language,0.03057528055373092,0.5200825913301975,0.4493421281160715
still not working for me,neither,0.024600408089336532,0.3611511898796464,0.614248402031017
"@kdub175, none of us heard because it went offline for everyone",neither,0.05272554500654027,0.3791038518327762,0.5681706031606835
i so want to see angry pike,neither,0.04731182349770273,0.3715584857324973,0.5811296907698
MIGHT!?! We need to know,neither,0.04715142287454549,0.32697071672062067,0.625877860404834
@GeekandSundry thank you!! :D,neither,0.07325166854587051,0.43632638485078484,0.49042194660334476
"@GeekandSundry, you wonderful person you !",neither,0.08326809997114536,0.44257092195498293,0.4741609780738717
Can we ask it again? :(,neither,0.036026729154031184,0.36333977499650605,0.6006334958494628
We have a local record but it takes a long time for twitch direct to VOD to work,neither,0.03920362344653627,0.3307988574692495,0.6299975190842142
I cant believe Matt is a god of trickery and knowledge,neither,0.044440194920713785,0.30061201415420963,0.6549477909250767
She was censored!,neither,0.04085774911498503,0.42449286341468895,0.5346493874703261
how did Marisha answer the question?!,neither,0.03863451376612149,0.31543309046356877,0.6459323957703097
Awe... I'm kinda sad we didn't get a answer,neither,0.02888166015072314,0.36855828758171266,0.6025600522675643
i wanted to hear the answer to the tell question,neither,0.04818298060139589,0.3020016518336882,0.6498153675649159
Fake issues made to make Alpha look better. #FakeNews.,neither,0.04549768347464211,0.3271531761846137,0.6273491403407441
YES IT'S A CONSPIRACY!,neither,0.0370017830158987,0.3312192456843042,0.6317789712997971
gandsOwl wants to know the answer,neither,0.045744241264789626,0.3090608611456237,0.6451948975895868
yesss,neither,0.03945320844208391,0.33037608806864915,0.630170703489267
tried to refresh. still not working,neither,0.0428143788026029,0.3427672390721126,0.6144183821252844
They're answering it now.,neither,0.056221722730185705,0.3019773374425162,0.6418009398272981
"Matt, Lord of Lies danGasm",neither,0.03945320844208391,0.33037608806864915,0.630170703489267
;),neither,0.03945320844208391,0.33037608806864915,0.630170703489267
X-Files theme,neither,0.03945320844208391,0.33037608806864915,0.630170703489267
We were never meant to know BibleThump never meant to know BibleThump never meant to know BibleThump,neither,0.04208515020975358,0.36381813468078616,0.5940967151094603
Someone gif Matt's expression,neither,0.03945320844208391,0.33037608806864915,0.630170703489267
"I stopped the convo when we when off, relax guys.",neither,0.027243239733376293,0.3831118316276244,0.5896449286389993
Matt is Larkin king of misdirection,neither,0.047462024818399194,0.32762148886773385,0.624916486313867
matt = belial,neither,0.03945320844208391,0.33037608806864915,0.630170703489267
WHAT WAS THE ANSWER? BibleThump,neither,0.04510262597735734,0.3081586600100377,0.646738714012605
TRUE THAT,neither,0.033388572507466706,0.39694385908644536,0.569667568406088
Just watch the show.,neither,0.05995216029372658,0.23856177055378636,0.701486069152487
*** -- am I the only one without sound?,neither,0.03764845132380432,0.3442179292873824,0.6181336193888134
@DeniseBRR Thanks Denise,neither,0.035884468650613,0.3004919205142699,0.6636236108351171
Its back on just refresh.,neither,0.028403220568815734,0.3632293119229732,0.608367467508211
"We've been having these little brownouts on twitch on and off for about a week, it MIGHT happen again, if so refresh a bit.",neither,0.019298893914834768,0.39833684615539255,0.5823642599297726
Just where is larkin???,neither,0.04826075455637852,0.30764061945215143,0.6440986259914702
Thank you for taking care of us @DeniseBRR,neither,0.08680526037422139,0.33638860958406597,0.5768061300417127
no video or sound,neither,0.044594215127422246,0.2431197876601531,0.7122859972124246
StrukByAwe -> Only those that we deem worthy shall possess the power of the Hyperlink [warning],neither,0.048140585852785724,0.2990817588418225,0.6527776553053918
@DeniseBRR Thanks,neither,0.035884468650613,0.3004919205142699,0.6636236108351171
Agreed.. that is the true problem with being a GM,neither,0.030606195626528474,0.38807020626522126,0.5813235981082503
YEP YEP <3 Beeem thereeeee,neither,0.03945320844208391,0.33037608806864915,0.630170703489267
its amazing how often that happens,neither,0.04659003388897317,0.3589610395303265,0.5944489265807004
is it cold where you are @DeniseBRR ?,neither,0.1292479241482544,0.2813577833536214,0.5893942924981241
Matts constipated face,neither,0.03945320844208391,0.33037608806864915,0.630170703489267
lol,neither,0.020706217963973744,0.4882283491876925,0.4910654328483337
thanks denise,neither,0.035884468650613,0.3004919205142699,0.6636236108351171
"whoa, what?",neither,0.046619802383161754,0.32528761805137535,0.6280925795654628
@GeekandSundry is it Thursday yet?,neither,0.04651135664277627,0.32794846724679255,0.6255401761104311
oh heck,neither,0.04522550427656808,0.27558419280407476,0.6791903029193572
woooooooooooo,neither,0.03945320844208391,0.33037608806864915,0.630170703489267
Free stuff!,neither,0.03945320844208391,0.33037608806864915,0.630170703489267
#FreeShit!,neither,0.03945320844208391,0.33037608806864915,0.630170703489267
!walletRefresh,neither,0.03945320844208391,0.33037608806864915,0.630170703489267
one word.... Cowmooflauge,neither,0.0381157352643824,0.3794449534987582,0.5824393112368593
Wooo,neither,0.03945320844208391,0.33037608806864915,0.630170703489267
FREE SHEET,neither,0.03945320844208391,0.33037608806864915,0.630170703489267
https://clips.twitch.tv/DistinctBeautifulOctopusTBTacoRight,neither,0.03945320844208391,0.33037608806864915,0.630170703489267
BIEFSTUK,neither,0.03945320844208391,0.33037608806864915,0.630170703489267
"GM GPS ""recalculating!""",neither,0.03945320844208391,0.33037608806864915,0.630170703489267
Free shit!,offensive_language,0.042087591914369754,0.9578985606472709,1.38474383593579e-05
well guess i didnt need this playing field i spent so much time makes last night,neither,0.0324427029633256,0.36850431990953464,0.5990529771271398
gif of the weeeek,neither,0.03842376126403067,0.31147276528102896,0.6501034734549404
#FreeShit,neither,0.03945320844208391,0.33037608806864915,0.630170703489267
@DeniseBRR sir yes sir,neither,0.03945320844208391,0.33037608806864915,0.630170703489267
"When all else fails, go for Plan ...Okay",neither,0.030264248789648687,0.39099988365588956,0.5787358675544618
"My sh*t is always free, I have IBS",neither,0.034467105466089096,0.43455407180317435,0.5309788227307365
gif in a box,neither,0.03945320844208391,0.33037608806864915,0.630170703489267
@denisebrr gandsLessthanthree gandsLessthanthree,neither,0.03945320844208391,0.33037608806864915,0.630170703489267
is the show longer this week?,neither,0.06305455635322602,0.24244959999199006,0.694495843654784
"GeekandSundry, is it going to be open to everyone the missing portion?",neither,0.048406904874829834,0.40905644469848845,0.5425366504266816
freddy and greg,neither,0.03873336190541799,0.2943068736032854,0.6669597644912967
Opera moment,neither,0.03945320844208391,0.33037608806864915,0.630170703489267
Greg,neither,0.03945320844208391,0.33037608806864915,0.630170703489267
XD YES,neither,0.03945320844208391,0.33037608806864915,0.630170703489267
Great GIF,neither,0.03747316059443195,0.3039628757256895,0.6585639636798787
Nice...,neither,0.03945320844208391,0.33037608806864915,0.630170703489267
@GeekandSundry Does the cut tend to carry into the VOD?,neither,0.0319457866437639,0.4003718303806995,0.5676823829755366
Awsome :D,neither,0.03945320844208391,0.33037608806864915,0.630170703489267
lol :D,neither,0.020706217963973744,0.4882283491876925,0.4910654328483337
LOLOL,neither,0.03945320844208391,0.33037608806864915,0.630170703489267
win,neither,0.03945320844208391,0.33037608806864915,0.630170703489267
gandsSCANLAN,neither,0.03945320844208391,0.33037608806864915,0.630170703489267
LOVE that bit,neither,0.031234180478387934,0.40028208072721133,0.5684837387944007
"Denise, Denis, Dnis, Dis....DIS!!!!",neither,0.03945320844208391,0.33037608806864915,0.630170703489267
freddie and greg,neither,0.03874243277479523,0.2948044202605387,0.6664531469646661
Cooool,neither,0.03945320844208391,0.33037608806864915,0.630170703489267
:D :D,neither,0.03945320844208391,0.33037608806864915,0.630170703489267
wanted to stop by to say i love you all,offensive_language,0.07350582114696866,0.5884586925129912,0.3380354863400401
not the fly?!?!!,neither,0.03647015104593025,0.3148920811309321,0.6486377678231378
"Freddy and Greg, best part of that episode XD",neither,0.03604421535710122,0.32668770854024787,0.637268076102651
Did anyone catch Marisha's answer to Matt's tell?,neither,0.04425673155017272,0.32754447835513345,0.6281987900946939
"I can only upload to the VOD sorry, but I can see what I can do, maybe a facebook video",neither,0.03767322118442778,0.28826674545505215,0.6740600333605201
is that a refference i dont get,neither,0.044649004789689854,0.4003771536371622,0.5549738415731479
I'm still sad no one took the name of Juniper,neither,0.03655647983458501,0.3671674639765757,0.5962760561888392
"Ohhh, Illidan reference",neither,0.03945320844208391,0.33037608806864915,0.630170703489267
10/10 illy d,neither,0.03945320844208391,0.33037608806864915,0.630170703489267
The new critical role spin off sitcom FREDDIE AND GREG,neither,0.0403845623987997,0.2576660777033375,0.7019493598978629
God Damn players making things difficult and interesting,offensive_language,0.04338334969656045,0.5938287068022173,0.36278794350122223
ERMAGERD!,neither,0.03945320844208391,0.33037608806864915,0.630170703489267
you can never be prepared for Freddy amd Greg,neither,0.04228976839834511,0.36386151837137587,0.593848713230279
YAY MOBIUS,neither,0.03945320844208391,0.33037608806864915,0.630170703489267
That was the first thing that came to mind,neither,0.03191881413658394,0.3835590966263043,0.5845220892371118
Facebook would be fine,neither,0.024101566702459925,0.3732073205799965,0.6026911127175436
"what would happen if Scanlon comes back while Teryan is still in the group? Who plays him, Sam or Matt?",neither,0.034787226248535884,0.3819469538134245,0.5832658199380396
Freddie and Greg - This fall on NBC followed by Blindspot,neither,0.037839995653396644,0.3405212457928013,0.621638758553802
gandsLessthanthree,neither,0.03945320844208391,0.33037608806864915,0.630170703489267
LOLOL,neither,0.03945320844208391,0.33037608806864915,0.630170703489267
@GeekandSundry thank you for dealing with our crazy,neither,0.02781802571633665,0.4536241864024031,0.5185577878812602
True dat,neither,0.03945320844208391,0.33037608806864915,0.630170703489267
"Top currency, I'll take it",neither,0.03777348664686676,0.3309538214186793,0.6312726919344539
"@NiveusMilitis the vod should be split as well, the feed cuts out",neither,0.04148772896489819,0.36635496065551865,0.5921573103795832
LOL,neither,0.020706217963973744,0.4882283491876925,0.4910654328483337
And Twitter pls,neither,0.037557520992717586,0.40914297686710394,0.5532995021401784
nice,neither,0.03945320844208391,0.33037608806864915,0.630170703489267
GIF,neither,0.03945320844208391,0.33037608806864915,0.630170703489267
So Arsequeef is a plat?,neither,0.06287845562653366,0.4363549250209663,0.5007666193525001
#dontfuckwithmobius lol,neither,0.020706217963973744,0.4882283491876925,0.4910654328483337
i love how there's an Arsequeef name drop every week,neither,0.04431565020036568,0.30099954414239977,0.6546848056572346
woooot!!!!!!,neither,0.03945320844208391,0.33037608806864915,0.630170703489267
Start uploading these to youtube again :/,neither,0.05042003735991625,0.40788930371168186,0.5416906589284018
"but the local record is probably fine so I can see what I can do with that, but it won't be quick",neither,0.033925032535058366,0.3979999502608265,0.568075017204115
@arsequeef is a most valuable and rare critter,neither,0.045454281526912624,0.2952890143096909,0.6592567041633964
gandsLessthanthree,neither,0.03945320844208391,0.33037608806864915,0.630170703489267
"@GeekandSundry Shame. Oh well, hopefully the Twitch team gets it figured soon! Thanks!",neither,0.039655782062937114,0.28826170689578395,0.6720825110412789
"@GeekandSundry Awesome. Whenever you can, need to know his tells",neither,0.08258677808797117,0.3560749160408842,0.5613383058711447
Critters... Gotta catch 'em all?,neither,0.039345825015994366,0.4453253822954095,0.5153287926885962
