text,top_class,hate_speech,offensive_language,neither
3AM coffee will get me through this,neither,0.04133069522630881,0.2189770246278787,0.7396922801458125
Nimona dodododo dodo dodo do dooooodo,neither,0.0403651208017042,0.33006243959188497,0.6295724396064107
how come there is not live feed? usualy there was the art slideshow by now,neither,0.04515256647238398,0.31310357685136014,0.641743856676256
bidet from the UK,neither,0.039613273355342184,0.2892653269430044,0.6711213997016535
!whodat,neither,0.03945320844208391,0.33037608806864915,0.630170703489267
HAPPY THURSDAY,neither,0.03945320844208391,0.33037608806864915,0.630170703489267
"Matt (twitter.com/matthewmercer ), Liam (twitter.com/VoiceOfOBrien ), Laura (twitter.com/LauraBaileyVO ), Travis (twitter.com/WillingBlam ), Taliesin (twitter.com/executivegoth ), Marisha (twitter.com/Marisha_Ray ), and Sam Riegel (twitter.com/samriegel ).",neither,0.03847503013208013,0.4618755136496901,0.4996494562182297
"guys, i'm sure all the tech people over there see us saying it's not live and shouting, ""WE KNOW""",neither,0.06506725242141315,0.3887229120463752,0.5462098355322117
Don't trigger me with benzene resonance... I already have enough methly shifting for one life time,neither,0.023541558484906223,0.4287239572232509,0.5477344842918429
bidet from cleveland Ohio,neither,0.040441658194854284,0.3135995161158431,0.6459588256893026
@dmtbassist Cowbell,neither,0.03945320844208391,0.33037608806864915,0.630170703489267
Bidet from St. Louis,neither,0.040470992782370326,0.313101631608523,0.6464273756091067
@BootzyWootzy Grogs botched version of good day,neither,0.03929391735999557,0.3149951752760425,0.6457109073639619
"@Cupcaketherapy So many spoilers, although I avoided most of them, so wooo!",neither,0.05042669746110353,0.3965853847346395,0.5529879178042568
REFRESH,neither,0.03945320844208391,0.33037608806864915,0.630170703489267
it's fine on alpha but not on twitch?,neither,0.03194062069518314,0.35907771442122427,0.6089816648835925
@GeekandSundry Thanks for the heads up!,neither,0.02894212149872932,0.31928721034427343,0.6517706681569972
refresh for art,neither,0.03423199466188209,0.30429362477271343,0.6614743805654044
"Bidet from Jamestown, NY.",neither,0.04084513770590474,0.30675141581570226,0.6524034464783931
why is the stream not up yet? So close to 10pm,neither,0.03683747136901724,0.399000001875936,0.5641625267550469
refresh,neither,0.03945320844208391,0.33037608806864915,0.630170703489267
REFRESH,neither,0.03945320844208391,0.33037608806864915,0.630170703489267
REFRESH,neither,0.03945320844208391,0.33037608806864915,0.630170703489267
It's weird that the stream isnt on yet,neither,0.033427317307247364,0.35755336375959107,0.6090193189331616
YEAAAA,neither,0.03945320844208391,0.33037608806864915,0.630170703489267
bidet from nj,neither,0.04069404815304118,0.30931579984010865,0.6499901520068502
dis is going to be one hell of an ep,offensive_language,0.05129856584205569,0.6553154474098769,0.2933859867480673
@GeekandSundry my body cant handle it!!!!,neither,0.027952155689969362,0.41170376931025643,0.5603440749997741
@jrockhold bidet from college station as well!,neither,0.038634921792857574,0.3442645480640004,0.617100530143142
art is up,neither,0.045991427074099804,0.39187272382964855,0.5621358490962516
"Refresh, its up",neither,0.03112533752287394,0.3858773339954622,0.5829973284816639
Bidet!,neither,0.03945320844208391,0.33037608806864915,0.630170703489267
Refresh now!,neither,0.03945320844208391,0.33037608806864915,0.630170703489267
I see the weekly lineup,neither,0.038496405600653,0.31284404447920083,0.6486595499201461
it's up!,neither,0.03047729369400715,0.4651098659401513,0.5044128403658414
ehrmagerd its live,neither,0.03646146549147045,0.3314050856575407,0.6321334488509888
REFRESH,neither,0.03945320844208391,0.33037608806864915,0.630170703489267
Refresh they just started,neither,0.0353880106331832,0.3494734157123185,0.6151385736544984
Alpha is balls,offensive_language,0.057585928062912566,0.4993875193382142,0.4430265525988733
It's live now,neither,0.043921008243056406,0.32883940684344287,0.6272395849135007
ayy,neither,0.03945320844208391,0.33037608806864915,0.630170703489267
refresh,neither,0.03945320844208391,0.33037608806864915,0.630170703489267
@Muntface its not that bad just really hot,neither,0.0237364797524499,0.39769207759787656,0.5785714426496735
refresh for live stream,neither,0.037975984070079266,0.3061116102313008,0.65591240569862
bidet!!!!!,neither,0.03945320844208391,0.33037608806864915,0.630170703489267
"Bidet from St. Louis, Missouri!",neither,0.040278014386681806,0.31637697861683733,0.6433450069964808
If you're getting black screen reload,neither,0.06763305635078752,0.4562113559847918,0.47615558766442073
it is working now,neither,0.04800927563245573,0.327433264218264,0.6245574601492803
I refreshed and nothing,neither,0.034172490427408754,0.33884900827671005,0.6269785012958812
hows it goin ya'll,offensive_language,0.02655067101643505,0.5416904091386963,0.43175891984486875
yeah,offensive_language,0.013968601452186464,0.5182923869769311,0.4677390115708824
"as it goes sub only, i wish you all a great night",neither,0.04097684531604042,0.4181556172644595,0.5408675374195001
stream!,neither,0.03945320844208391,0.33037608806864915,0.630170703489267
g,neither,0.03945320844208391,0.33037608806864915,0.630170703489267
REFRESH,neither,0.03945320844208391,0.33037608806864915,0.630170703489267
Thank you my Family! I love you all,offensive_language,0.057188473964840385,0.6398402850093843,0.3029712410257752
Bidet from Germany,neither,0.04069404815304118,0.30931579984010865,0.6499901520068502
HYPE,neither,0.03945320844208391,0.33037608806864915,0.630170703489267
BIDET,neither,0.03945320844208391,0.33037608806864915,0.630170703489267
YES!!!!,neither,0.03945320844208391,0.33037608806864915,0.630170703489267
What is it w/the Bidet's?,neither,0.06381433211955574,0.28994026960650265,0.6462453982739417
Thank you for tell me to refresh! <3,neither,0.04446357684929946,0.3735501566472378,0.5819862665034629
it begins,neither,0.037828236809968684,0.3309349903269868,0.6312367728630445
there we go,neither,0.04083933629015207,0.27628362646603744,0.6828770372438104
REFRESH IF YOU ARE NOT SEEING ART WORK,neither,0.049878491409346366,0.3737936012655841,0.5763279073250697
REFRESH,neither,0.03945320844208391,0.33037608806864915,0.630170703489267
Your friend Impossiblegirl11 is also watching! VoHiYo,neither,0.08512910945282826,0.31675814118150625,0.5981127493656655
woot,neither,0.03945320844208391,0.33037608806864915,0.630170703489267
Bidet from NYC,neither,0.04081748366884477,0.3072207769958956,0.6519617393352596
Bidet from Boston,neither,0.040769555981420263,0.3080342349327864,0.6511962090857933
Bidet from TN!!!!!!,neither,0.040769555981420263,0.3080342349327864,0.6511962090857933
just refreshed,neither,0.02667013123193722,0.39600456006212814,0.5773253087059346
"Quick question, is it Thursday yet?",neither,0.044547557309324984,0.32862390788876816,0.6268285348019069
BIDET!?,neither,0.03945320844208391,0.33037608806864915,0.630170703489267
bidet!!!,neither,0.03945320844208391,0.33037608806864915,0.630170703489267
"Bidet from Nova Scotia, Canada",neither,0.04071751644889743,0.3089174816120565,0.6503650019390461
Bidet from Connecticut,neither,0.04062582848913359,0.31047366557575606,0.6489005059351104
i refreshed twice but still offline,neither,0.034492685993154214,0.3603189891390899,0.6051883248677559
bidet,neither,0.03945320844208391,0.33037608806864915,0.630170703489267
"about 5 minutes to go, last call for snacks, drinks and restroom breaks. Vox machina in the Nine Hells, planning, dawn, you know the drill",neither,0.04402102136738573,0.31542319845107475,0.6405557801815396
Thanks,neither,0.035884468650613,0.3004919205142699,0.6636236108351171
bless everyone who spammed refresh ilu,neither,0.03566401175491033,0.4394279875435017,0.524908000701588
hope VM try to cash in on some of their already earned 'goodwill' instead of finding some new deal,neither,0.04856516340659068,0.2565020207222618,0.6949328158711476
Tonights Critical Role is episode 92 right?,neither,0.044022228518614,0.3406657774196179,0.6153119940617682
yay art,neither,0.03945320844208391,0.33037608806864915,0.630170703489267
YAY,neither,0.03945320844208391,0.33037608806864915,0.630170703489267
There we go,neither,0.04083933629015207,0.27628362646603744,0.6828770372438104
BEST DAY OF THE WEEK!,neither,0.038148228174233224,0.29001304128145594,0.6718387305443109
bidet from CA!,neither,0.04084513770590474,0.30675141581570226,0.6524034464783931
"@nghtwnd it's grog mispronouncing ""good day""",neither,0.037005090076938744,0.30814618552899575,0.6548487243940655
@dmtbassist Do you have any aspirin or Tylenol? if there's something called acetaminophen in your med cabinet if should help,neither,0.04562889651543337,0.4237406905938123,0.5306304128907543
bidetttt,neither,0.03945320844208391,0.33037608806864915,0.630170703489267
:),neither,0.03945320844208391,0.33037608806864915,0.630170703489267
yep,neither,0.03945320844208391,0.33037608806864915,0.630170703489267
Super stoked for CRITICAL ROLE!,neither,0.035319861122853936,0.30972038791607404,0.654959750961072
bidet from Cleveland Ohio! BEEP BEEP,neither,0.040441658194854284,0.3135995161158431,0.6459588256893026
@captsardonic Red Sox suck!!!,neither,0.0630301176375257,0.3373778233536763,0.5995920590087979
"Bidet from Surrey, UK.",neither,0.04079557052152802,0.30759270029461827,0.6516117291838538
bidet,neither,0.03945320844208391,0.33037608806864915,0.630170703489267
"Oh yeah, Twich prime!",neither,0.027383924371373228,0.3948545189546457,0.5777615566739811
Bidet from UK,neither,0.04079557052152802,0.30759270029461827,0.6516117291838538
wooo strem,neither,0.03945320844208391,0.33037608806864915,0.630170703489267
gandsSubHype gandsSubHype gandsSubHype gandsSubHype gandsSubHype gandsSubHype gandsSubHype gandsSubHype gandsSubHype gandsSubHype gandsSubHype gandsSubHype gandsSubHype gandsSubHype gandsSubHype gandsSubHype,neither,0.03945320844208391,0.33037608806864915,0.630170703489267
Bidet from Saskatchewan Canada!,neither,0.04071751644889743,0.3089174816120565,0.6503650019390461
That shot of Doty is hilarious,neither,0.04328870937717034,0.3687157417528716,0.5879955488699581
it's up,neither,0.03047729369400715,0.4651098659401513,0.5044128403658414
â™« Do you hear the people sing? Singing the song of angry men â™«,neither,0.0691635776008385,0.3376325828580587,0.5932038395411028
Same @Sharpened_Marker !! feliciaToronto,neither,0.04148851938089603,0.3488915597363099,0.609619920882794
hey i fell asleep mid stream (the last thing i remember is vox machina learning ermehgerd) did i miss anything major? should i hold off from watching this episode?,neither,0.04262910078131198,0.3534365168313584,0.6039343823873295
I got my skittles and Triscuits. LET'S DO THIS THING!!!,neither,0.01617626110351118,0.4515234330159738,0.5323003058805151
Bidet!,neither,0.03945320844208391,0.33037608806864915,0.630170703489267
@nightwnd watch critical role get stupid inside jokes xD,neither,0.08283340249850263,0.13759462516084464,0.7795719723406528
Bidet and Meep Meep,neither,0.03763944115734239,0.1918412352459551,0.7705193235967025
@cainandabel1 have a soulstone for me brotha,neither,0.026756828020161442,0.3482165389393682,0.6250266330404702
@nghtwnd If you don't know then you're not caught up.,offensive_language,0.061827646982043,0.5108324846634364,0.4273398683545206
Bidet from Saint Paul Mn,neither,0.04025197721883635,0.316818897306768,0.6429291254743956
Beep beep!,neither,0.03945320844208391,0.33037608806864915,0.630170703489267
guess what.. ITS THURSDAY!!!!,neither,0.03780972091303377,0.33430075193656295,0.6278895271504031
Still showing as offline to me,neither,0.03508532342697478,0.41520859491196743,0.5497060816610578
oh there it is! ty!,neither,0.05118628351553978,0.2411058700418261,0.7077078464426342
Bidet from Mississippi!,neither,0.040754399270683486,0.3082914838698526,0.650954116859464
Hey guys I am excited to watch this episode with all of you,neither,0.05115720855016583,0.43928209994680945,0.5095606915030247
hi,neither,0.03945320844208391,0.33037608806864915,0.630170703489267
BEEP BEEP BIDET FROM THE UK,neither,0.039613273355342184,0.2892653269430044,0.6711213997016535
@CaptSardonic Boston!,neither,0.03945320844208391,0.33037608806864915,0.630170703489267
That was an awesome grog pic,neither,0.03297390814310749,0.4196926545419995,0.5473334373148931
Bidet from Kansas!,neither,0.04071751644889743,0.3089174816120565,0.6503650019390461
Fan art!,neither,0.03945320844208391,0.33037608806864915,0.630170703489267
"@nghtwnd it is a joke. A character was supposed to say ""good day"" and instead said ""Bidet"" he also changed ""be pleased"" to ""beep beep"". It's our Critter greetings!",neither,0.05083812604135254,0.3021493038221784,0.647012570136469
guys wouldn't a vox machina animated series be amazing?,neither,0.03968099439281263,0.3342764599091117,0.6260425456980756
Whos ready for Talks Machina live?!,neither,0.03797057677754534,0.306017233754888,0.6560121894675667
This is amazing!!!!!!!!!,neither,0.050638740814203484,0.3285866302672563,0.6207746289185402
Thanks for the tips,neither,0.031718778922360684,0.27662323966984537,0.691657981407794
bidet from spain :),neither,0.04228451509352876,0.2823214250720796,0.6753940598343917
it's up. reload,neither,0.03047729369400715,0.4651098659401513,0.5044128403658414
First time in chat really,neither,0.03178284138213639,0.35149450062315735,0.6167226579947064
TGIT,neither,0.03945320844208391,0.33037608806864915,0.630170703489267
gandsTeamNoStream,neither,0.03945320844208391,0.33037608806864915,0.630170703489267
stream not up for me,neither,0.024414113899025074,0.3901042078968469,0.585481678204128
gandsSubHype gandsSubHype gandsSubHype,neither,0.03945320844208391,0.33037608806864915,0.630170703489267
Bidet from South Dakota!,neither,0.04041079298828133,0.31412337922315653,0.6454658277885622
bidet!,neither,0.03945320844208391,0.33037608806864915,0.630170703489267
bidet friends from Silicon Valley,neither,0.04052780156972132,0.31213743822805584,0.6473347602022229
Bidet from St Louis Missouri!,neither,0.040278014386681806,0.31637697861683733,0.6433450069964808
Bidet from Washington State,neither,0.07569869260918143,0.20816383471815325,0.7161374726726654
Hey you little elf girl #bestmoments,neither,0.04621953561978996,0.4294135669602638,0.5243668974199462
bidet and bee's knee's from oregon,neither,0.0395879050670495,0.2879136301862377,0.6724984647467127
FlipThis,neither,0.03945320844208391,0.33037608806864915,0.630170703489267
Bidet from North Carolina,neither,0.04040057148408362,0.31429686482539193,0.6453025636905245
bidet,neither,0.03945320844208391,0.33037608806864915,0.630170703489267
PogChamp HERE WE GO,neither,0.13156755280784707,0.2765461283225309,0.5918863188696221
Bidet from Texas,neither,0.040937266849991,0.30518774380265185,0.6538749893473571
@thaneross It is the music of a people who will not be slaves again!,neither,0.06510147011806779,0.3713539315674571,0.5635445983144751
gandsSubHype gandsSubHype gandsSubHype gandsCrit gandsCrit gandsCrit,neither,0.03945320844208391,0.33037608806864915,0.630170703489267
beep beep!,neither,0.03945320844208391,0.33037608806864915,0.630170703489267
WOOT! Thursday night awesomeness incoming!,neither,0.034189115746206845,0.3302488661922611,0.635562018061532
gg,neither,0.03945320844208391,0.33037608806864915,0.630170703489267
Back to hell we go!,offensive_language,0.051748866432867933,0.7884300412055605,0.15982109236157152
Bidet!!!,neither,0.03945320844208391,0.33037608806864915,0.630170703489267
Beep Beep From Calgary,neither,0.04228451509352876,0.2823214250720796,0.6753940598343917
Bidet,neither,0.03945320844208391,0.33037608806864915,0.630170703489267
bidet from uk!!!,neither,0.04079557052152802,0.30759270029461827,0.6516117291838538
bidet from NYC,neither,0.04081748366884477,0.3072207769958956,0.6519617393352596
Malazor1 -> Let's rock! [stop spamming caps] [warning],neither,0.028174277690737534,0.4089510882887139,0.5628746340205486
Bidet from uk :3,neither,0.04079557052152802,0.30759270029461827,0.6516117291838538
@Mistern0 Stealing that!,neither,0.03422672189597161,0.38755389974202165,0.5782193783620068
hype,neither,0.03945320844208391,0.33037608806864915,0.630170703489267
Woohoo its Friday! ^_^,neither,0.03401979303652796,0.3322448887791571,0.633735318184315
Awe-yeah! Wathcin' Critical Role live for the first time!!! :D gandsTrinketArmor gandsTrinket,neither,0.02423150235341908,0.382131338758162,0.5936371588884188
i was rewatchin critical role im on episode 11,neither,0.03688567450328679,0.36299912153533703,0.6001152039613761
someone make a Vox Machina RPG on RPG Maker,neither,0.03666847036634357,0.3437454798644222,0.6195860497692341
It's THAT TIME!,neither,0.029018260944201592,0.4349657939070043,0.5360159451487941
Bidet from England!,neither,0.04071751644889743,0.3089174816120565,0.6503650019390461
It'sssss time,neither,0.034389982057555904,0.3710596410554468,0.5945503768869974
God I love the art!! Every week it get more and more amazing!!!,neither,0.03775992271500343,0.2989119375424591,0.6633281397425375
Bidet is from aprevious episode,neither,0.05145304186985451,0.30465557945535576,0.6438913786747896
is almost ready to buy a ticket to Anaheim,neither,0.058115989049604126,0.3214652324977223,0.6204187784526736
"@Darkelven00, fine w/me. Not a huge baseball fan. :D",neither,0.03285909182896077,0.3645233534213584,0.6026175547496809
bidet from burning atlanta!,neither,0.04043666386062345,0.3136842830019141,0.6458790531374625
HERE WE GO,neither,0.13156755280784707,0.2765461283225309,0.5918863188696221
good day.. im mean bidet.,neither,0.03828122277091919,0.35199428387810106,0.6097244933509798
Bidet from houston,neither,0.040875471929787875,0.3062365648703896,0.6528879631998226
Bidet,neither,0.03945320844208391,0.33037608806864915,0.630170703489267
One month behind ya @GaeaCa !,offensive_language,0.025806651857838675,0.5905055989164596,0.3836877492257017
Hey the Chromecast feature actually works now on twitch. Neat.,neither,0.037367971074645505,0.32870832254428134,0.6339237063810731
bidet Winona,neither,0.03945320844208391,0.33037608806864915,0.630170703489267
Bidet,neither,0.03945320844208391,0.33037608806864915,0.630170703489267
Greetings y'all,offensive_language,0.046917543854519406,0.6277741405869331,0.3253083155585475
And bidet from Silicon Valley,neither,0.039670422827289976,0.26681207269915463,0.6935175044735555
@Grif1456 Same yo,neither,0.041545403350171754,0.47426974773066666,0.4841848489191615
wooo @GaeaCa !! <3 gandsLessthanthree,neither,0.03945320844208391,0.33037608806864915,0.630170703489267
bidet from Ohio,neither,0.040754399270683486,0.3082914838698526,0.650954116859464
Ohhhhh man,neither,0.03960927059015994,0.40220548409300644,0.5581852453168337
@Muntface all out at the moment,neither,0.03427788126748556,0.43926495720230924,0.5264571615302052
hellz yeah,offensive_language,0.013968601452186464,0.5182923869769311,0.4677390115708824
everyone remember to take the Critical Role survey! http://geekandsundry.com/crsurvey,neither,0.03723650841247909,0.3153750626609659,0.6473884289265549
Welcomes back all long time viewers and subs! <3,neither,0.03890773678613002,0.3605939819683741,0.600498281245496
Bidet from Ottawa!,neither,0.04228451509352876,0.2823214250720796,0.6753940598343917
"hello from Savannah, GA",neither,0.04046408294812435,0.3132189095289076,0.6463170075229681
such good artists,neither,0.03903465244807494,0.32626202941935717,0.634703318132568
Winnipeg Hype,neither,0.03945320844208391,0.33037608806864915,0.630170703489267
bidet from Ontario Canada,neither,0.040354386843928725,0.3150807387011266,0.6445648744549448
Hail and well met from Minneapolis,neither,0.03961183794103098,0.2815134686252822,0.6788746934336868
@krixis28 what up,neither,0.04549209283961305,0.43877665191533993,0.5157312552450469
lets gooo,neither,0.03868305123800957,0.34344766577192837,0.6178692829900622
bidet from oregon,neither,0.04071751644889743,0.3089174816120565,0.6503650019390461
"Load, damn you!!!!",offensive_language,0.06259533978314133,0.8697130087183123,0.06769165149854646
Beepbeep,neither,0.03945320844208391,0.33037608806864915,0.630170703489267
Eeeeek! 4 minutes!!,neither,0.03945320844208391,0.33037608806864915,0.630170703489267
Beep beep from Saskatoon,neither,0.04228451509352876,0.2823214250720796,0.6753940598343917
wooot!!,neither,0.03945320844208391,0.33037608806864915,0.630170703489267
Bidet. first live ep in a while for me,neither,0.027754578373782226,0.33750378527022373,0.6347416363559941
"I spent all last night in the ER with my son, slept all day so I could stay up and watch tonight",neither,0.026379832300633288,0.45226238525555645,0.5213577824438101
bidet!,neither,0.03945320844208391,0.33037608806864915,0.630170703489267
tpHeresTommy,neither,0.03945320844208391,0.33037608806864915,0.630170703489267
beep beep from germany,neither,0.04069404815304118,0.30931579984010865,0.6499901520068502
BIDET and BEEP BEEP from Nor Cal!!!!!,neither,0.039617441347944045,0.28005077513979526,0.6803317835122606
i almost had a heart attack i didnt see you guys live a minute ago ðŸ˜…ðŸ˜…ðŸ˜…ðŸ˜…,neither,0.05162383929368332,0.35676262172449846,0.5916135389818183
"Bidet from Murray, UT!",neither,0.040371808140217125,0.31478505383715205,0.6448431380226308
Bidet from Puerto Rico,neither,0.040392180697499655,0.3144392783719297,0.6451685409305706
whoa! was that Matt as the Raven Queen?! amazing Ä,neither,0.03553407880872744,0.36578886373211716,0.5986770574591554
refresh if fan art hasn't started,neither,0.028151402848655787,0.3648076469733754,0.6070409501779689
Ayyyyyyyyyyyyyyyyyyyy fan art time!,neither,0.03830948161884994,0.34978811714808417,0.6119024012330659
Thanks for the tips,neither,0.031718778922360684,0.27662323966984537,0.691657981407794
i caught up after 2 months of binging....,neither,0.03750210804549279,0.36915719354149584,0.5933406984130113
You know if anyone is going to miss the show?,neither,0.05011352579120164,0.3559394255201906,0.5939470486886077
Gil better not *** anyone :-),neither,0.03778253680404895,0.33667445353708614,0.625543009658865
high fives @ThatAlice,neither,0.033145104355715105,0.48079866637856256,0.4860562292657223
bidet and beep beep,neither,0.03763944115734239,0.1918412352459551,0.7705193235967025
Bidet from Oklahoma,neither,0.04066490145509902,0.30981049537100724,0.6495246031738937
I love seeing all of the new people here each week! Bidet all newcomers!!,neither,0.10728377196711503,0.32852887645041445,0.5641873515824706
projD20,neither,0.03945320844208391,0.33037608806864915,0.630170703489267
beep beep,neither,0.03945320844208391,0.33037608806864915,0.630170703489267
:^),neither,0.03945320844208391,0.33037608806864915,0.630170703489267
Bidet from Seattle!,neither,0.040754399270683486,0.3082914838698526,0.650954116859464
Good news everyone,neither,0.03246012090057482,0.439045653240721,0.5284942258587042
gandsDrink gandsDrink gandsDrink,neither,0.03945320844208391,0.33037608806864915,0.630170703489267
Yay guest star today XD still miss my PIke,neither,0.026995384818260176,0.38110808944950864,0.5918965257322312
MUSIK!,neither,0.03945320844208391,0.33037608806864915,0.630170703489267
So Hype!,neither,0.03940828253961077,0.39264520971988554,0.5679465077405037
Bidet from Pennsylvania!,neither,0.04069404815304118,0.30931579984010865,0.6499901520068502
Bidet from Northern CaliforniaðŸ˜€,neither,0.058218649711469915,0.3084304411370911,0.6333509091514389
"@go_jg, <3",neither,0.03945320844208391,0.33037608806864915,0.630170703489267
Its friday in australia best day of the week,neither,0.03445207106742914,0.3059240493148718,0.659623879617699
Beep beep from Kansas City (soon to be New York!),neither,0.048072022011885186,0.2547159166598187,0.697212061328296
Bidet from FL ready for some CR gandsMatt gandsLessthanthree,neither,0.030417706442302222,0.3056218616726059,0.6639604318850918
Bidet from Canada!,neither,0.04071751644889743,0.3089174816120565,0.6503650019390461
Greetings from Virginia,neither,0.04079557052152802,0.30759270029461827,0.6516117291838538
gandsSubHype gandsSubHype gandsSubHype,neither,0.03945320844208391,0.33037608806864915,0.630170703489267
gandsLessthanthree gandsLessthanthree gandsLessthanthree gandsLessthanthree,neither,0.03945320844208391,0.33037608806864915,0.630170703489267
cheer1 cheer1 cheer1,neither,0.03945320844208391,0.33037608806864915,0.630170703489267
beep beep,neither,0.03945320844208391,0.33037608806864915,0.630170703489267
Anybody from montreal?,neither,0.040414390447218965,0.3140623209563651,0.645523288596416
"Beep beep and bidet from high atop Bunker Hill, in Charlestown Ma.",neither,0.03311729072508209,0.4195124981677489,0.547370211107169
Bidet from the only state with one syllable!,neither,0.054640983848426215,0.25955016656064206,0.6858088495909316
lovely artwork,neither,0.03945320844208391,0.33037608806864915,0.630170703489267
"Bidet from Plano, Texas! So glad to be on time tonight! Yay to having Thursday night off work!",neither,0.03898221833021322,0.34519137048318554,0.6158264111866013
Do we just get all the codewords out of the way? DOTY ACTIVE WYRMWOOD,neither,0.033084294254890984,0.39399885248080935,0.5729168532642996
Bidet yall,neither,0.03639464868045676,0.3822878294283694,0.5813175218911739
Bidet from atlanta,neither,0.04078317879478948,0.307803020237201,0.6514138009680096
bidet from a flooded australia,neither,0.040334677536117594,0.315415257091876,0.6442500653720065
Bidet from England. #bringbackscanlan,neither,0.04071751644889743,0.3089174816120565,0.6503650019390461
HEY EVERYONE!,neither,0.031959242684595296,0.4575682446653829,0.5104725126500218
!wallet,neither,0.03945320844208391,0.33037608806864915,0.630170703489267
Welcomes all new viewers and subs! <3,neither,0.042998289747962826,0.2771746474816854,0.6798270627703518
Bidet from Quebec <3,neither,0.04228451509352876,0.2823214250720796,0.6753940598343917
Bidet!,neither,0.03945320844208391,0.33037608806864915,0.630170703489267
Bidet from RVA!,neither,0.04228451509352876,0.2823214250720796,0.6753940598343917
gandsFail gandsFail,neither,0.03945320844208391,0.33037608806864915,0.630170703489267
bidet !!,neither,0.03945320844208391,0.33037608806864915,0.630170703489267
Bidet from Portland!,neither,0.04066490145509902,0.30981049537100724,0.6495246031738937
Bidet from Canada!,neither,0.04071751644889743,0.3089174816120565,0.6503650019390461
Bidet,neither,0.03945320844208391,0.33037608806864915,0.630170703489267
0 viewers?!,neither,0.03945320844208391,0.33037608806864915,0.630170703489267
buhday,neither,0.03945320844208391,0.33037608806864915,0.630170703489267
this is my first live episode!,neither,0.032390633482580644,0.4090783664214553,0.5585310000959642
i found gror strongjaw in mass effect andromeda yesterday!,neither,0.03945320844208391,0.33037608806864915,0.630170703489267
"Bidet from Lexington, Kentucky USA my fellow Critters#",neither,0.031818160156734464,0.3802541603275268,0.5879276795157387
"I mean hello, they've already disgraced one demon why not cash in on that",neither,0.019080242872836172,0.3832232876118951,0.5976964695152688
!wallet,neither,0.03945320844208391,0.33037608806864915,0.630170703489267
Bidet all you lovely Critters! With gandsLessthanthree from Toronto feliciaToronto gandsSCANLAN,neither,0.04425862952833914,0.4560949677483197,0.49964640272334115
Bidet!,neither,0.03945320844208391,0.33037608806864915,0.630170703489267
beep beep & bidday from STL Missouri! Do you spice?,neither,0.056446090043512365,0.35407788076560504,0.5894760291908826
Bidet from NYC,neither,0.04081748366884477,0.3072207769958956,0.6519617393352596
@TH3_R3AP3R66626: â™«When the beating of your heartEchoes the beating of the drumsThere is a life about to startWhen tomorrow comes! â™«,neither,0.051417100984486125,0.36565507870552405,0.5829278203099897
"WHATS UP EVERYONE ,COLUMBIA,S.C.",offensive_language,0.030731432710599114,0.4865559699246469,0.482712597364754
bidet from quebec!,neither,0.04228451509352876,0.2823214250720796,0.6753940598343917
Bidet,neither,0.03945320844208391,0.33037608806864915,0.630170703489267
how do they come up with the episode titles?,neither,0.029051421657736845,0.40097710265215186,0.5699714756901113
bidet from Denver!,neither,0.04069404815304118,0.30931579984010865,0.6499901520068502
"Bidet, from Florida!",neither,0.0408948396164547,0.30590784468201904,0.6531973157015263
Badet from Nor Cal,neither,0.040408207780639874,0.31416725694368625,0.6454245352756738
adventures in hell today,offensive_language,0.040490920553816666,0.802363252388555,0.1571458270576283
Bidet from Las Vegas!,neither,0.040400041164603724,0.3143058657309893,0.6452940931044071
"Bidet from Adelaide, Australia",neither,0.04062582848913359,0.31047366557575606,0.6489005059351104
"so if teryon armor has made him 10 leves higher, is that considered pay to win",neither,0.034178934219656135,0.3989672264074315,0.5668538393729123
bidet from kansas <3,neither,0.04071751644889743,0.3089174816120565,0.6503650019390461
Sweet - lots of Canadians,neither,0.03945320844208391,0.33037608806864915,0.630170703489267
NVA,neither,0.03945320844208391,0.33037608806864915,0.630170703489267
Bidet from the United Kingdom,neither,0.03955954915901445,0.30207446138921934,0.6583659894517662
BEEP BEEP FROM NEWNAN!!!,neither,0.04062582848913359,0.31047366557575606,0.6489005059351104
greetings from the state of Texas,neither,0.0734123476353359,0.19557054855109096,0.7310171038135731
!wallet,neither,0.03945320844208391,0.33037608806864915,0.630170703489267
"Happy Thursday, everyone!",neither,0.03355760225671494,0.4304399113404305,0.5360024864028545
did i miss it or is it about to start?,neither,0.04129733114869062,0.3506255538486168,0.6080771150026926
Beep Beep all,offensive_language,0.046917543854519406,0.6277741405869331,0.3253083155585475
Bidet from Gothenburg Sweden,neither,0.04228451509352876,0.2823214250720796,0.6753940598343917
"Wow, someone made Percy look very sexy!",neither,0.040658371915536895,0.3299615770866314,0.6293800509978316
Kreygasm here we go,neither,0.13156755280784707,0.2765461283225309,0.5918863188696221
Those are some talented artists!!,neither,0.07507194865799147,0.24705109099420255,0.677876960347806
But isn't it something like noon AET? Poor Aussies.,neither,0.04333101895118033,0.35019385367785905,0.6064751273709608
gandsLessthanthree gandsLessthanthree gandsLessthanthree,neither,0.03945320844208391,0.33037608806864915,0.630170703489267
It's my birthday so I felt like getting up at 4 am for Crit Role was the best start of the day,neither,0.02929961625270254,0.4345411675249956,0.5361592162223019
Bidet from Indiana.,neither,0.0408364874901429,0.30689823255244486,0.6522652799574122
Bidet my lovelies!,offensive_language,0.011017215557639733,0.6062201221254095,0.3827626623169507
bidet,neither,0.03945320844208391,0.33037608806864915,0.630170703489267
Bidet all you sexy ***,offensive_language,0.07491013332386229,0.5539883258868462,0.3711015407892914
Bidet from South Auckland Noo Zulland!,neither,0.04044695603955711,0.31350959786496335,0.6460434460954796
"Bidet, everyone!",offensive_language,0.02988896790634741,0.4927062106388782,0.4774048214547744
Bidet from KY everyone,neither,0.034717737473301175,0.4107493890033132,0.5545328735233856
What is this song?,neither,0.05996683045653229,0.33256274023851656,0.6074704293049512
bidet from the great white north,hate_speech,0.5640610543172537,0.34965191420543335,0.08628703147731301
Beautiful artwork everyone who has one displayed! I love critter artists! :),neither,0.0330366547339281,0.47764699301365765,0.4893163522524144
@toonimator Bidet from Portland!,neither,0.04066490145509902,0.30981049537100724,0.6495246031738937
Bidet from Texas!,neither,0.040937266849991,0.30518774380265185,0.6538749893473571
"Finally, it loaded. I hate Comcast",neither,0.15923703653402296,0.25382228958343744,0.5869406738825397
Noelle Stevenson hype! PogChamp,neither,0.03945320844208391,0.33037608806864915,0.630170703489267
So many Canadian bidet! <3,neither,0.03940990042488986,0.3797278512807944,0.5808622482943158
bidet from lfk,neither,0.04228451509352876,0.2823214250720796,0.6753940598343917
beep beep from nevada,neither,0.04066490145509902,0.30981049537100724,0.6495246031738937
"Beep Beep from Green Bay, WI",neither,0.04117618048104914,0.2953574378761433,0.6634663816428076
Bidet from Michigan,neither,0.040769555981420263,0.3080342349327864,0.6511962090857933
bidet from Chandler Arizona,neither,0.04078317879478948,0.307803020237201,0.6514138009680096
@Drsmurrie Happy birthday!,neither,0.03945320844208391,0.33037608806864915,0.630170703489267
Bidet from Indiana!,neither,0.0408364874901429,0.30689823255244486,0.6522652799574122
1pm in Sydney Australia!!!!,neither,0.03945320844208391,0.33037608806864915,0.630170703489267
Bidet from Texas!!!!!,neither,0.040937266849991,0.30518774380265185,0.6538749893473571
"I'm from Minnesota, sorry",neither,0.04053432307059031,0.312026751338548,0.6474389255908616
gandsCrit gandsCrit gandsCrit gandsCrit gandsCrit <3 <3 <3 <3 <3,neither,0.03945320844208391,0.33037608806864915,0.630170703489267
Bidet from Michigan,neither,0.040769555981420263,0.3080342349327864,0.6511962090857933
Bidet from Canada,neither,0.04071751644889743,0.3089174816120565,0.6503650019390461
Bidet from Prince geroge BC,neither,0.04049053372384348,0.3127699708339301,0.6467394954422264
Ermergerd!,neither,0.03945320844208391,0.33037608806864915,0.630170703489267
Please say Sam is here to ight,neither,0.09574545122696544,0.29273184797587243,0.6115227007971622
"@Linkrunner2 It's due to start, you havent missed anything",neither,0.05510983749757114,0.3597659274478768,0.585124235054552
!wallet,neither,0.03945320844208391,0.33037608806864915,0.630170703489267
Bidet from Texas,neither,0.040937266849991,0.30518774380265185,0.6538749893473571
Bidet!,neither,0.03945320844208391,0.33037608806864915,0.630170703489267
"Indiana sucks! I should know, I live here",neither,0.10110636920353626,0.3226313159420748,0.576262314854389
Bidet from nc,neither,0.04066490145509902,0.30981049537100724,0.6495246031738937
Bidet from San Diego!,neither,0.040446282760733435,0.31352102516371877,0.6460326920755478
Bidet from chicago,neither,0.04078317879478948,0.307803020237201,0.6514138009680096
Try is the definition of pay to win my friend,neither,0.0398404121807478,0.3743498057403478,0.5858097820789043
the song is from Pillars of Eternity @guiTARDIS,neither,0.05006759344628083,0.29288881169039604,0.6570435948633231
Bidet from a hidden European enclave within the former United Kingdom.,neither,0.039517296373665536,0.3127837402897647,0.6476989633365698
Bidet from Toronto!,neither,0.04066490145509902,0.30981049537100724,0.6495246031738937
US clocks changed?,neither,0.07362605840541976,0.3240984629383335,0.6022754786562468
ermahgeerd!,neither,0.03945320844208391,0.33037608806864915,0.630170703489267
@guiTARDIS skyrim music,neither,0.03945320844208391,0.33037608806864915,0.630170703489267
shoot I missed last week,neither,0.05749487397104097,0.27187089446617974,0.6706342315627793
Much excite,neither,0.03535603300771303,0.3317852945789775,0.6328586724133095
bidet from oregon!!,neither,0.04071751644889743,0.3089174816120565,0.6503650019390461
gandsTrinketArmor,neither,0.03945320844208391,0.33037608806864915,0.630170703489267
Finished my thesis paper! Now give me D&D!,neither,0.027364396548673016,0.41497164973827516,0.5576639537130519
bidet from seattle,neither,0.040754399270683486,0.3082914838698526,0.650954116859464
@Drsmurrie happy birthday!,neither,0.03945320844208391,0.33037608806864915,0.630170703489267
anyone from Asia? Bidet from the Philippine Islands!!!,neither,0.040234416632543,0.29509785443196757,0.6646677289354894
bidet from florida!!!,neither,0.0408948396164547,0.30590784468201904,0.6531973157015263
bidet from Fort Worth!,neither,0.04097097592422819,0.30461561283917343,0.6544134112365985
bidet from,neither,0.04228451509352876,0.2823214250720796,0.6753940598343917
Bidet from New York,neither,0.044690599332616286,0.20708884905532376,0.7482205516120599
Canadaian Critters are awesome! feliciaToronto,neither,0.07924584549256553,0.2668063008604002,0.6539478536470342
bidet from cally gandsSubHype,neither,0.04228451509352876,0.2823214250720796,0.6753940598343917
canadian bidet,neither,0.03945320844208391,0.33037608806864915,0.630170703489267
"Bidet from Roswell, New Mexico!",neither,0.04441189881032757,0.21402420332822164,0.7415638978614508
bidet from Colorado,neither,0.04066490145509902,0.30981049537100724,0.6495246031738937
any dfw folks playing in the epic sunday,neither,0.038813080966975055,0.31874808038272134,0.6424388386503037
Bidet Australia,neither,0.03945320844208391,0.33037608806864915,0.630170703489267
"Wooo finally caught up, first time watching live",neither,0.03440275060296634,0.38498094967354973,0.5806162997234839
bidet from bidet,neither,0.04228451509352876,0.2823214250720796,0.6753940598343917
Bidet from California,neither,0.06971251856910227,0.2972619859879888,0.633025495442909
Bidet from Alabama my Critter brethren!,neither,0.030801961743902085,0.3876398454458715,0.5815581928102264
BIDET FROM CHACO ARGENTINAAAA!!!,neither,0.04062582848913359,0.31047366557575606,0.6489005059351104
Bidet from ohio,neither,0.040754399270683486,0.3082914838698526,0.650954116859464
Bidet from Michigan,neither,0.040769555981420263,0.3080342349327864,0.6511962090857933
Bidet from Aachen,neither,0.04228451509352876,0.2823214250720796,0.6753940598343917
gandsTrinketArmor,neither,0.03945320844208391,0.33037608806864915,0.630170703489267
Bidet from the UK :D,neither,0.039613273355342184,0.2892653269430044,0.6711213997016535
"Bidet from Waco, Texas!",neither,0.04042489113558478,0.3138840968701843,0.6456910119942308
"Xidgal, Bidet from Lake Havasu AZ :D",neither,0.04044895045892689,0.3134757473632383,0.6460753021778348
MrDestructoid,neither,0.03945320844208391,0.33037608806864915,0.630170703489267
@gaeaca thanks glad to be here gandsLessthanthree,neither,0.10132233600954868,0.27059296002807526,0.628084703962376
Bidet from Wisconsin,neither,0.04071751644889743,0.3089174816120565,0.6503650019390461
Gangbangerz998 -> Holy cow! [stop spamming caps] [warning],neither,0.039404261718933443,0.3800716339933499,0.5805241042877168
4 month subscriber here next month will be 5 month's,neither,0.06031841437922005,0.30838812273820426,0.6312934628825757
bidet from florida!,neither,0.0408948396164547,0.30590784468201904,0.6531973157015263
bidet from SouthDakota,neither,0.04228451509352876,0.2823214250720796,0.6753940598343917
"if anyone, sub or non-sub, wants a CR discord to chat in (or hang out and play games all week), https://discord.gg/0gXmsdbMcm8yEnbs has you covered! <3",neither,0.03815510813739596,0.3806014432986118,0.5812434485639922
bidet AL,neither,0.046917967961476965,0.20367963755460453,0.7494023944839184
"I am missing something, what's with all the Bidet talk?",neither,0.021587690551094572,0.408233467754646,0.5701788416942594
04:00 here in holland..... still going strong.,neither,0.07309401997017381,0.33381868804194426,0.5930872919878819
Bidet! First live show starB star1 star2,neither,0.053439449784434545,0.24088029485424947,0.7056802553613161
gandsSubHype gandsSubHype gandsSubHype gandsSubHype gandsSubHype,neither,0.03945320844208391,0.33037608806864915,0.630170703489267
cheer1,neither,0.03945320844208391,0.33037608806864915,0.630170703489267
