text,top_class,hate_speech,offensive_language,neither
oh ty,neither,0.04546305824073122,0.2734269899288309,0.6811099518304378
haha,neither,0.03186685585600258,0.45913629025701075,0.5089968538869867
they left Trinket behind :(,neither,0.03945320844208391,0.33037608806864915,0.630170703489267
twitch.tv/chix_with_joystix was who we were hosting for those interested.,neither,0.04856468617248967,0.2972083114442285,0.6542270023832819
Here for the Talks.. all the talks,neither,0.06149301983758618,0.3070694907267833,0.6314374894356304
will tonight's tm be on VOD?,neither,0.03612502150893388,0.30381830513988567,0.6600566733511805
Yeap,neither,0.03945320844208391,0.33037608806864915,0.630170703489267
"@bob_says_hello, plane tickets for bears get a bit pricey and they don't fit in cars very well",neither,0.0357901670329544,0.30001096836935587,0.6641988645976897
i like how the back lighting makes it look a ? at the end,neither,0.04490046756419965,0.3341382434969552,0.6209612889388452
was that in response to me @vinibiso ?,neither,0.033883142845880274,0.4119138203368822,0.5542030368172375
Hiring trinket to sweep up?!? thats bearly legal!,neither,0.04208866983523897,0.3638032780553614,0.5941080521093997
"""One push of a button and this all comes crashing down."" - Yes, Denise..we know and love you.",neither,0.04519036775378246,0.37271553932274065,0.5820940929234768
bear puns already?,neither,0.03816963379549704,0.3521616996841187,0.6096686665203843
"Help G&S make great content! $4.99/month gets you emotes, Minecraft server access, Sub Only Q&As, VODs, and more! Every sub keeps the channel alive! twitch.tv/geekandsundry/subscribe",neither,0.043092924924402844,0.32365565443818894,0.6332514206374082
"dawwww, the sign .. and Trinket's cleaning",neither,0.03799047543231089,0.2785379063983736,0.6834716181693156
oh... @Rogue_13,neither,0.051363287716059566,0.22255663153133606,0.7260800807526044
You,offensive_language,0.21217306638279385,0.6099082758190073,0.17791865779819876
I have an Alpha sub and a Twitch sub,neither,0.03888421627362905,0.3101597593040258,0.6509560244223452
"@StickDeath1, you say ""already"" as though it wasn't expected awhile ago",neither,0.04571539535873197,0.39060106061252403,0.563683544028744
technically not paying the power bill and it will all come crashing down,neither,0.03771158563957991,0.3392648886768619,0.6230235256835582
Burn in down DeniseBRR do eeeet,neither,0.04786171936681663,0.21804631274693942,0.7340919678862439
geekandsundry is online. RevloBot is now tracking loyalty.,neither,0.05157974116510514,0.3262052173957376,0.6222150414391574
"@StickDeath1, It's unbearable, I know.",neither,0.0363205210129566,0.3314535629267956,0.6322259160602478
!denise,neither,0.03945320844208391,0.33037608806864915,0.630170703489267
"D.E.N.I.S.E. - Digital Entertainment Network Intelligence System Executor. She sits on a chair, she loves Harry Potter and she likes Skyrim. Denise is the pilot of this crazy plane.",neither,0.03925417849332396,0.448866361200245,0.5118794603064311
"Oh, you guys.......!! <3",neither,0.07994526105822292,0.3288106606241927,0.5912440783175843
JUST DO IT!,neither,0.03153826094605212,0.3687093759729045,0.5997523630810434
Trinket... always left to do the dirty work.,neither,0.04430117728785114,0.36045314897825703,0.5952456737338918
"@StickDeath1, explosions, natural disasters, and too many people dancing on the roof do the same",neither,0.051871973160866704,0.3037179804161974,0.644410046422936
hi there,neither,0.039369405442012055,0.27395600237499595,0.686674592182992
I'm fur-ly sure the puns would have started without me,neither,0.03085033365216492,0.42396653240751375,0.5451831339403213
PUNishment is a given.,neither,0.04705192862195666,0.3277625397548986,0.6251855316231447
"Darin De Paul is a genuinely great person, there I said it",neither,0.04222129859532351,0.2871644394552374,0.6706142619494391
but @Rogue_13 they wouldn't have been bear-y good without you,neither,0.04741578840619965,0.38645943731660787,0.5661247742771923
haha,neither,0.03186685585600258,0.45913629025701075,0.5089968538869867
!8ball do we know what 'mood' Denise is in today?,neither,0.05194967887159186,0.30703038669557164,0.6410199344328366
The real answer you seek is Reply hazy; try again.,neither,0.04959643851145667,0.4708285430711671,0.4795750184173762
"Furr sure, @SpeedDemonStar",offensive_language,0.030544123004943555,0.5442266193377375,0.42522925765731895
Hi @postdataest Hi chat,neither,0.03945320844208391,0.33037608806864915,0.630170703489267
so who do you think would win in the bear arm wrestling contest Tova or Trinket?,neither,0.048684023322847894,0.3998546015122654,0.5514613751648867
"SpeedDemonStar - maybe, but I heard no a-claws from the audience",neither,0.03679594627479815,0.3233726434567973,0.6398314102684046
Anybody know if Arse_queef is around?,neither,0.027781780079839315,0.3837854219706655,0.5884327979494951
good day @Dragonchrome,neither,0.039184892391848775,0.3050917618113163,0.6557233457968349
knew Sax was always on his phone... psh...,neither,0.05404387064351767,0.38644218079317083,0.5595139485633114
Finally putting Trinket to work,neither,0.046148497666143706,0.32646365566478425,0.627387846669072
that IS what twitch needs.. a digital '8-ball',neither,0.04580315394148726,0.35337934735763693,0.6008174987008759
Olah!,neither,0.03945320844208391,0.33037608806864915,0.630170703489267
"Hey, so I have a question.... does seeing Denise but not realizing it's Denise, still curse you like we were warned about a few weeks ago?",neither,0.03868669256759922,0.45424060497419,0.5070727024582107
Sax! gandsSaxHype gandsSaxHype gandsSaxHype,neither,0.03945320844208391,0.33037608806864915,0.630170703489267
Yes! Trinket with a hat while cleaning!,neither,0.030660760563172785,0.36035019678390384,0.6089890426529233
Trinket.. no respect,neither,0.03816155161732251,0.3522988753405446,0.6095395730421328
bidet from michigan,neither,0.040769555981420263,0.3080342349327864,0.6511962090857933
stylish trinket,neither,0.03945320844208391,0.33037608806864915,0.630170703489267
If you would like to participate in the Critical Role survey here is a link https://www.surveymonkey.com/r/LQNLDBG,neither,0.07442032644653838,0.35428107672128994,0.5712985968321717
how emBEARassing...,neither,0.03945320844208391,0.33037608806864915,0.630170703489267
now Trinket needs a scarf too!,neither,0.03921786229855917,0.3343705263287551,0.6264116113726858
Beep beep,neither,0.03945320844208391,0.33037608806864915,0.630170703489267
or a cape,neither,0.03945320844208391,0.33037608806864915,0.630170703489267
"if they are not careful with those lights, that faux fur of Trinkets can catch on fire due to exposed heat",neither,0.04283132365127986,0.3426353323922091,0.614533343956511
Did Sax forget to wax again?,neither,0.04342046024784413,0.3532003120928871,0.6033792276592689
is that the 'HAT Of Power' ?,neither,0.04232974015509367,0.3519103412045114,0.6057599186403949
wait - a hairy beast in a hat ... how will we know who is sax and who is trinket? nothing is real!,neither,0.04738475011895925,0.44234011976022264,0.5102751301208183
Trinket will just have to grin and Bear it,neither,0.03969197717060681,0.3014300851388373,0.6588779376905559
Triket needs a BEARet,neither,0.03945320844208391,0.33037608806864915,0.630170703489267
Smarter than the average bear!,neither,0.038405602350105074,0.323610360323322,0.6379840373265729
is the sign part of the song sabotage from the Beastie Boys?,neither,0.043690999115480245,0.28877247381997967,0.6675365270645401
Bidet Trinket,neither,0.03945320844208391,0.33037608806864915,0.630170703489267
@SpeedDemonStar I can neither confirm nor deny the status of the curse that you may or may not have obtained.,neither,0.04387287062527622,0.335152398829818,0.6209747305449057
bear-rette,neither,0.03945320844208391,0.33037608806864915,0.630170703489267
Trinket is a master of the custodial arts.,neither,0.048478496497232126,0.3076546137921348,0.6438668897106332
yoooo,neither,0.03945320844208391,0.33037608806864915,0.630170703489267
Malks Tachina,neither,0.03945320844208391,0.33037608806864915,0.630170703489267
a master of the kung fu cleaning arts you say,neither,0.050479846796439166,0.3503734571040166,0.5991466960995442
"plus side of a pre-recorded TM, it'll definitely start on time",neither,0.03408246799937141,0.3668962117116783,0.5990213202889503
Oh good I didn't miss the start,neither,0.02422335447915628,0.31114499289180153,0.6646316526290421
Just looking for those pic-a-nik baskets.,neither,0.04656406112530301,0.3114076482687018,0.6420282906059951
"oh, I'm safe Denise (against my will)... because, you see... I live in Oklahoma and don't have money to pay for travel, hotels, etc to go to any conventions :(",neither,0.05264953814496353,0.309852830520115,0.6374976313349215
@tabrisvalentine you think,neither,0.09402114868408319,0.4360907947041716,0.4698880566117453
@GilRamirez1 - Have you thought about making trinket some armor? (Even out of something like thin steel or ducting material or something?),neither,0.04513455359190486,0.34346819987527394,0.6113972465328212
#DeniseTheKraken,neither,0.03945320844208391,0.33037608806864915,0.630170703489267
@postdataest it certainly looks like it is,neither,0.05417747662304772,0.34241791243648234,0.60340461094047
:),neither,0.03945320844208391,0.33037608806864915,0.630170703489267
"Now, if we could somehow get you to Tokyo in Tulsa....",neither,0.03893793493890056,0.409135285889301,0.5519267791717984
awe @denisebrr that sign so sweet gandsGandSDenise gandsLessthanthree gandsGandSDenise gandsLessthanthree,neither,0.03621096769174697,0.401353372513158,0.562435659795095
@postdataest can confirm Sax has a bear head,neither,0.03868717025466969,0.34337775530942916,0.6179350744359011
Bidet from a dark room!,neither,0.040608829399446114,0.3107621844918415,0.6486289861087126
when is it supposed to start?,neither,0.04141081856026539,0.37427679622648985,0.5843123852132447
"beep beep from collinsville, ok",neither,0.04104157946423444,0.3034172865047108,0.6555411340310547
hello from Savannah,neither,0.040875471929787875,0.3062365648703896,0.6528879631998226
CONs are not real @SpeedDemonStar It's just Fake Gathering... perpetuated by the left leaning gaming community to make you feel bad about not spending your entire income on a badly cooked corndog.,neither,0.057699908509970144,0.4082792551905063,0.5340208362995236
Hawaiian time.,neither,0.038173762391091964,0.3520916266420968,0.6097346109668113
Bidet @BrianWFoster,neither,0.03945320844208391,0.33037608806864915,0.630170703489267
:D,neither,0.03945320844208391,0.33037608806864915,0.630170703489267
@brianwfoster bidet from bidet!,neither,0.04228451509352876,0.2823214250720796,0.6753940598343917
I'm guessing 20 minutes,neither,0.03945320844208391,0.33037608806864915,0.630170703489267
@alannamalfoy i hope?,neither,0.14056371858180408,0.11973895085255552,0.7396973305656404
Floating heeeeeads,neither,0.03945320844208391,0.33037608806864915,0.630170703489267
about 20 minutes,neither,0.03773719439350896,0.35950132491276365,0.6027614806937275
@BrianWFoster how are you doing tonight sir?,neither,0.08042625239918993,0.30133883259444644,0.6182349150063636
ty :D,neither,0.03945320844208391,0.33037608806864915,0.630170703489267
wheniscriticalrole.com/talksmachina simulcast @Yukito5254,neither,0.03945320844208391,0.33037608806864915,0.630170703489267
Ermehgerd from England,neither,0.04071751644889743,0.3089174816120565,0.6503650019390461
no?,neither,0.036918905254960256,0.37338982715841207,0.5896912675866277
"BrianWFoster - are you ... ""ON THE INTERNET?!""",neither,0.10269162056493474,0.31897700720039274,0.5783313722346725
@denisebrr is the music with Sax talking like a wookie?,neither,0.0447055451400448,0.3683737245173788,0.5869207303425764
bidet from the Black Hole of Arkansas,neither,0.056294260324391505,0.2878128040703626,0.655892935605246
approx 19 minutes until we get to see the Wondercon panel,neither,0.04268118808959432,0.324659495839401,0.6326593160710046
Ermahgerrd...,neither,0.03945320844208391,0.33037608806864915,0.630170703489267
"@dcrose1, OKIES UNITE!!",neither,0.03945320844208391,0.33037608806864915,0.630170703489267
"@StickDeath1 I am fantastic. At home with a few friends about to ""enjoy"" the show.",neither,0.042279289472968516,0.3255351850795732,0.6321855254474583
gandsSubHype gandsSubHype gandsSubHype,neither,0.03945320844208391,0.33037608806864915,0.630170703489267
!clock TALKS MACHINA scheduled for 7pm Pacific,neither,0.035475117864499285,0.3104955527535803,0.6540293293819204
It is currently 6:42 PM at the Geek & Sundry studio in California.,neither,0.051991185132496114,0.32955794337183575,0.6184508714956681
you have to roll your rrrr's Errrrrmahgerrrrd,neither,0.14710395788819808,0.3768856949302683,0.47601034718153373
@BrianWFoster hahahaha,neither,0.03945320844208391,0.33037608806864915,0.630170703489267
@Rogue_13 That's a question for Denise.,neither,0.02810966642828418,0.3459150216711168,0.6259753119005991
Errrrlmehgerrrrrrd,neither,0.03945320844208391,0.33037608806864915,0.630170703489267
oo live chat with BrianWFoster,neither,0.03346458582550391,0.3599466661405552,0.6065887480339408
