text,top_class,hate_speech,offensive_language,neither
@DaineDarnalei ain't that right,offensive_language,0.010834403840511216,0.6878648170974886,0.30130077906200015
!timer,neither,0.03945320844208391,0.33037608806864915,0.630170703489267
Soon™,neither,0.03945320844208391,0.33037608806864915,0.630170703489267
HUFFLEPUFF!!,neither,0.03945320844208391,0.33037608806864915,0.630170703489267
sent a friends request,neither,0.03945320844208391,0.33037608806864915,0.630170703489267
i did-id the survey,neither,0.038336624922373906,0.30981884102925583,0.6518445340483704
Hufflepuffs unite!,neither,0.03945320844208391,0.33037608806864915,0.630170703489267
"Bidet! Also, Go Go HUFFLEPUFF!",neither,0.04209346824345122,0.3395633358232595,0.6183431959332893
Bidet from OH,neither,0.050416241482135554,0.21698369937451742,0.732600059143347
Hufflepuff!,neither,0.03945320844208391,0.33037608806864915,0.630170703489267
REFRESH NOW NOW NOW NOW REFRESH,neither,0.03945320844208391,0.33037608806864915,0.630170703489267
@arricus oh nice! I am a Parkview Alum!,neither,0.04559332609371678,0.2698929490415884,0.6845137248646948
Ravenclaw,neither,0.03945320844208391,0.33037608806864915,0.630170703489267
damn 50 targets..,offensive_language,0.04471717185328837,0.7595404098319438,0.1957424183147678
Pit Fiend wielding Ravenclaw? maybe? :),neither,0.03945320844208391,0.33037608806864915,0.630170703489267
Those who slither are destined to rule. doesnt anyone remember the yuan-ti?,neither,0.08168808515819861,0.28017889448125205,0.6381330203605493
REFRESH,neither,0.03945320844208391,0.33037608806864915,0.630170703489267
Happy to see my fellow Missourians up in here.,neither,0.06645780813179762,0.4125357621960799,0.5210064296721226
MN!,neither,0.03945320844208391,0.33037608806864915,0.630170703489267
"So hyped, Dutch can finally catch episode live :)",neither,0.042303208940700075,0.3535813566517684,0.6041154344075315
its time PogChamp,neither,0.028403263479439233,0.36615975061363926,0.6054369859069215
\,neither,0.03945320844208391,0.33037608806864915,0.630170703489267
STREAM UP,neither,0.03635641562019727,0.3937768671741043,0.5698667172056985
ART!,neither,0.03945320844208391,0.33037608806864915,0.630170703489267
Any with the smallest amount of wit will quickly reason that Ravenclaw is clearly the superior choice,neither,0.03695268047191708,0.4194004371079027,0.5436468824201801
waiting for Scanlan...,neither,0.031143625756925905,0.2889613240377801,0.6798950502052941
RAVENCLAW PRIDE,neither,0.03945320844208391,0.33037608806864915,0.630170703489267
GOGO CR,neither,0.03945320844208391,0.33037608806864915,0.630170703489267
stream is live,neither,0.05380992942542735,0.3254381533863863,0.6207519171881862
"art has started, refresh if you dont see it",neither,0.03480134804616585,0.39522335966281513,0.569975292291019
Bidet from Bmore,neither,0.04228451509352876,0.2823214250720796,0.6753940598343917
gandsTrinketArmor,neither,0.03945320844208391,0.33037608806864915,0.630170703489267
Bidet all,offensive_language,0.046917543854519406,0.6277741405869331,0.3253083155585475
Refresh!,neither,0.03945320844208391,0.33037608806864915,0.630170703489267
J.K Rowling has our souls <3,neither,0.03984206135673508,0.32377623928177895,0.636381699361486
What else is ANYBODY IN THEIR RIGHT mind doing on a Thursday night at 7:00..,neither,0.03949455067851888,0.35759176132433784,0.6029136879971433
Refresh!,neither,0.03945320844208391,0.33037608806864915,0.630170703489267
fan art. refesh,neither,0.03945320844208391,0.33037608806864915,0.630170703489267
NH!!,neither,0.03945320844208391,0.33037608806864915,0.630170703489267
Excited to see Noelle again,neither,0.04457859435313635,0.3592917123544947,0.596129693292369
Official Fan Art Gallery: http://geekandsundry.com/critical-role-fan-art-gallery-marching-towards-warmer-days/,neither,0.03817876571784403,0.2909486646162819,0.6708725696658742
"My wife is Hufflepuff, so I'm ok with them. But RAVENCLAW!",offensive_language,0.03248285732053193,0.4843703815217323,0.48314676115773575
Bidet!,neither,0.03945320844208391,0.33037608806864915,0.630170703489267
what the hell is a hufflepuff?,offensive_language,0.065577977739481,0.8099317968609269,0.12449022539959226
Theres so many of us Slytherins here. I feel like i found a home.,neither,0.12803532719243998,0.33258304664447463,0.5393816261630855
BIDET N3RDALIE,neither,0.03945320844208391,0.33037608806864915,0.630170703489267
Aaaa yay yay yay!,neither,0.03945320844208391,0.33037608806864915,0.630170703489267
"@ProngsAedan I twas not joking, the armys and magic of the slytherin mages is far superior",neither,0.04201318788032923,0.2881844614229953,0.6698023506966754
Ravenclaw,neither,0.03945320844208391,0.33037608806864915,0.630170703489267
1st Critical role live stream! just binged watched all 92 episodes 1 month of my life gone,neither,0.033232060411810316,0.4340852410220749,0.5326826985661147
Fan-tastic Art,neither,0.03945320844208391,0.33037608806864915,0.630170703489267
"First time watching live, hyped",neither,0.03608106975898162,0.34681067995093967,0.6171082502900788
omg omg omg omg its happening omg omg omg :D,neither,0.037814176873965946,0.33093982618370504,0.6312459969423291
yay got here in time for the lovely art,neither,0.058891450253348805,0.3181853779588151,0.6229231717878361
so many hufflepuffs I just had to Slyther-in here to balance things out,neither,0.07395983235803459,0.35452848746839993,0.5715116801735654
Bidet,neither,0.03945320844208391,0.33037608806864915,0.630170703489267
IT'S ALIIIIIVE!,neither,0.034373745257138544,0.33212314837979673,0.6335031063630647
lairs,neither,0.03945320844208391,0.33037608806864915,0.630170703489267
Bidet from Chitown.,neither,0.04062582848913359,0.31047366557575606,0.6489005059351104
!critmusic You should have the Crit Art playing now if not Refresh,neither,0.04104523675542141,0.42756851855926026,0.5313862446853184
The Critical Role theme song is written by Jason Charles Miller (bit.ly/CRsong ). The fan art music is Twin Elms from the Pillars of Eternity Soundtrack (youtu.be/WYMLvmilS24 ),neither,0.04451672980050135,0.3243004653192533,0.6311828048802453
refresh,neither,0.03945320844208391,0.33037608806864915,0.630170703489267
Wow too many Puffers who are Critters we need em more Gryffins here !,neither,0.10841976019412161,0.3064037931270161,0.5851764466788624
yay art!,neither,0.03945320844208391,0.33037608806864915,0.630170703489267
Beep beep from England~ <3,neither,0.04071751644889743,0.3089174816120565,0.6503650019390461
G R I F F I N D O R E,neither,0.03945320844208391,0.33037608806864915,0.630170703489267
Ravenclaw,neither,0.03945320844208391,0.33037608806864915,0.630170703489267
Bidet from Minnesota!,neither,0.04071751644889743,0.3089174816120565,0.6503650019390461
Welcome all new viewers!,neither,0.04462640537410451,0.30958453280980625,0.6457890618160893
gandsTrinketArmor,neither,0.03945320844208391,0.33037608806864915,0.630170703489267
WOOOO BIDET,neither,0.03945320844208391,0.33037608806864915,0.630170703489267
Bidet/beep beep all!,offensive_language,0.046917543854519406,0.6277741405869331,0.3253083155585475
just 10 minutes!,neither,0.03439246910406158,0.3543831714433708,0.6112243594525676
"@RedXanwot Hell yeah, I was a Central kid.",offensive_language,0.02810557256464906,0.7119087360051044,0.2599856914302464
Bidet and Beep Beep from Pennsylvania! And Ravenclaw got Dis!,neither,0.03795015602373104,0.2856322779289937,0.6764175660472752
Bidet and Beep Beep from Baltimore...,neither,0.039689218340961965,0.26234570384284134,0.6979650778161967
Referesh folks,neither,0.03945320844208391,0.33037608806864915,0.630170703489267
@imabigbigman welcome back friend,neither,0.03945320844208391,0.33037608806864915,0.630170703489267
brb dont start w/o me lol,neither,0.027099515360246445,0.4128616089614539,0.5600388756782997
Back to the Future movie soundtrack and Critical Role is a good mix. :),neither,0.04769237182294586,0.27574977142508333,0.6765578567519709
I'VE NEVER SEEN THIS LIVE I'M SO EXCITED,neither,0.021296730243327594,0.38010030425100694,0.5986029655056655
bidet from alberta,neither,0.04062582848913359,0.31047366557575606,0.6489005059351104
Welcome Panikxing,neither,0.03945320844208391,0.33037608806864915,0.630170703489267
Bidet from Toronto!,neither,0.04066490145509902,0.30981049537100724,0.6495246031738937
"Guys, all houses are equally awesome. (Ravenclaw pride tho)",neither,0.05195111850881675,0.3510711505764101,0.5969777309147731
@ProngsAedan Go Go Gryffindor!!,neither,0.04276165647058889,0.34190019769565555,0.6153381458337556
Bidet from California!,neither,0.06971251856910227,0.2972619859879888,0.633025495442909
Bidet from Oklahoma!!,neither,0.04066490145509902,0.30981049537100724,0.6495246031738937
@masterofpi31415 - hahahahaha... Thanks again... plzz stap I nearly died this time :P :D :D,neither,0.036134328813224516,0.3518815689132558,0.6119841022735197
bidit Oregon,neither,0.03945320844208391,0.33037608806864915,0.630170703489267
That was a pretty cool Doti,neither,0.03483717055724095,0.38159659243793465,0.5835662370048246
First live session!!!,neither,0.03645072026845664,0.33140878143246383,0.6321404982990795
bidet! from Romania,neither,0.04228451509352876,0.2823214250720796,0.6753940598343917
I finally get to watch one live... hype,neither,0.05269600703743997,0.35568300465787533,0.5916209883046848
Bidet from British Columbia,neither,0.04080695066346891,0.3073995495860776,0.6517934997504536
Is critical role going on today?,neither,0.040776488027765595,0.34268939591270636,0.616534116059528
REFRESH IF YOU CAN NOT SEE ARTWORK,neither,0.03318114429261616,0.4276839265373862,0.5391349291699977
BIDET!!! Hello all.,neither,0.04217753453783664,0.43734383323855475,0.5204786322236087
@arricus the good ol Bulldogs! You still in Springfield?,neither,0.048205582962114676,0.3592081585741441,0.5925862584637411
Anyone in the Facebook Fan page see that awesome water color done of Matt after he takes the mask off in the intro???,neither,0.03261763855758519,0.34875224756883777,0.618630113873577
Bidet from Chicago,neither,0.04078317879478948,0.307803020237201,0.6514138009680096
1st live stream hype!,neither,0.04298216722682674,0.3291623173200447,0.6278555154531285
goddamnit drew stop messaging from my house,neither,0.030283129108531936,0.46067201192327484,0.5090448589681932
"Bidet from Duluth, MN.",neither,0.040737273169946825,0.30858215849491494,0.6506805683351382
Ravenclaw!!,neither,0.03945320844208391,0.33037608806864915,0.630170703489267
no @n3rdalie,neither,0.036918905254960256,0.37338982715841207,0.5896912675866277
ehhh Canada buddys,neither,0.03945320844208391,0.33037608806864915,0.630170703489267
am i the only one who thinks of dotty as the yelloe devile from megaman,neither,0.03673310487566728,0.3916207585927169,0.5716461365316158
Crit Role's starting soon!,neither,0.03945320844208391,0.33037608806864915,0.630170703489267
@shawnbrian318 are you sure you're not a hufflepuff?,offensive_language,0.1783620126378037,0.5082240459423846,0.31341394141981177
Whos ready to fight a fat pit fiend!!!!!!?????,neither,0.12379610139229645,0.2353243574325586,0.6408795411751448
"The art roll is up, folks. Let's focus on the show and leave the real world behind for a few hours. ;)",neither,0.03136078372950916,0.337139700214064,0.6314995160564268
"Hi, Everyone!",neither,0.032490659208996964,0.4485487193596734,0.5189606214313296
Bidet from Lethbridge,neither,0.04228451509352876,0.2823214250720796,0.6753940598343917
@CarrieC08 --- YEAH !!..,offensive_language,0.013968601452186464,0.5182923869769311,0.4677390115708824
Chicago represent,neither,0.03945320844208391,0.33037608806864915,0.630170703489267
that view counter cannot be right,neither,0.036279415544818984,0.3768847620257045,0.5868358224294766
bidet from UVM,neither,0.04228451509352876,0.2823214250720796,0.6753940598343917
Bidet from Alabama! ROLL TIDE!,neither,0.040294714754269864,0.31609352979438166,0.6436117554513485
Bidet from LA!,neither,0.04094187055022747,0.3051096069949388,0.6539485224548338
bidet from washington,neither,0.04080695066346891,0.3073995495860776,0.6517934997504536
"yeah @thewoomandonly , it was rad",neither,0.02364589560314729,0.43479324083136933,0.5415608635654834
"@hellspawn2k no, you are not.",neither,0.15000777802551662,0.3558243307975637,0.4941678911769197
i am finally caught up you guys,neither,0.05104482852036473,0.42621161667881463,0.5227435548008207
this music is cheering me up :),neither,0.0367131845891933,0.41222749605722164,0.551059319353585
ROLL TIDE,neither,0.03945320844208391,0.33037608806864915,0.630170703489267
@TheDiMono Here here!,neither,0.22097653003277068,0.2221615150675793,0.55686195489965
why do we have other days of the week why cant everyday be thursday,neither,0.02724370915943841,0.34697638788232527,0.6257799029582364
I'd rather date a hufflepuff.,neither,0.03945320844208391,0.33037608806864915,0.630170703489267
Bidet From Spokane!,neither,0.04228451509352876,0.2823214250720796,0.6753940598343917
A STREAM IS EARNED!,neither,0.04690607540476405,0.3278127053644783,0.6252812192307576
good evening all,neither,0.0407757687943942,0.4132731801052576,0.545951051100348
toilet fountain!,neither,0.03945320844208391,0.33037608806864915,0.630170703489267
dat art do,neither,0.04104000211139032,0.3298303169623949,0.6291296809262148
"@Hunterexpro, th eCrit Art lead in is playing now , refresh if you do not see it",neither,0.03934102478033035,0.3881942802863461,0.5724646949333235
Grog omfg,neither,0.03945320844208391,0.33037608806864915,0.630170703489267
!time,neither,0.036668274527354654,0.377643684699956,0.5856880407726893
Beep beep from Indy.,neither,0.04062582848913359,0.31047366557575606,0.6489005059351104
@NavelWarfare great username,neither,0.03755358728743713,0.3050757550531077,0.6573706576594552
alright lets go for noone dying tonight,neither,0.03422697278466476,0.30851806266273674,0.6572549645525985
Bidet from OS Ont! ^__^,neither,0.04021634198241473,0.3174237202693992,0.6423599377481861
@tarantules congrats its a grind,neither,0.03389328627248816,0.3322884002563542,0.6338183134711577
Finally caught up to watch a stream,neither,0.04689926895413219,0.36538508675673426,0.5877156442891336
I can watch live like the rest of you,neither,0.0839114497684913,0.3620232694588224,0.5540652807726861
bidet from OH,neither,0.050416241482135554,0.21698369937451742,0.732600059143347
Never says anything for my resub. RIP,neither,0.023478556875116727,0.40613370289966416,0.570387740225219
@Aokuang_Xing_Lung WHADDUP NEIGHBOR!,neither,0.03945320844208391,0.33037608806864915,0.630170703489267
Bidet from California!,neither,0.06971251856910227,0.2972619859879888,0.633025495442909
hurghhh grog,neither,0.03945320844208391,0.33037608806864915,0.630170703489267
PogChamp PogChamp PogChamp,neither,0.03945320844208391,0.33037608806864915,0.630170703489267
hahah that picture of Grog with the D20 dice,neither,0.028276725782701524,0.3764179008728354,0.5953053733444631
bidet from reston,neither,0.04228451509352876,0.2823214250720796,0.6753940598343917
Good evening!,neither,0.03869882722860525,0.3306355543605695,0.6306656184108252
That sexy grog fan art though!,neither,0.03633059254438021,0.36422135994949295,0.5994480475061268
that was great,neither,0.031738606339660885,0.35644657876003094,0.6118148149003082
Rofl that grog was majestic,neither,0.036253629511988655,0.3656620757798084,0.5980842947082029
Bidet From RI,neither,0.04069404815304118,0.30931579984010865,0.6499901520068502
ive missed that meme @NebrsknAssassn,neither,0.03642850378742673,0.3631449181629587,0.6004265780496145
Beep Beep from the Ozarks,neither,0.039779025773403386,0.2539611253407979,0.7062598488857987
Hi,neither,0.03945320844208391,0.33037608806864915,0.630170703489267
halllloooooooooo All,offensive_language,0.046917543854519406,0.6277741405869331,0.3253083155585475
@TheOnlyJak KC represent!!,neither,0.03945320844208391,0.33037608806864915,0.630170703489267
So many great artists. Want to buy commissions from them all but I'm so broke. D:,neither,0.05087256845481963,0.39864273803629685,0.5504846935088835
Bidet from St Louis!,neither,0.040470992782370326,0.313101631608523,0.6464273756091067
@Treazure_maltier Same! First live CR,neither,0.03745100570998002,0.3383384514201848,0.6242105428698352
ah spotted what was going wrong my email addy is wrong on the verification,neither,0.03661320029107225,0.3872573688469597,0.576129430861968
"Maybe Noelle will get to do more this time, lol",neither,0.04033130242070966,0.3720030392580878,0.5876656583212027
"Well, that is an image I will never get out of my head now",neither,0.028772627265662494,0.4508413422740534,0.520386030460284
evening,neither,0.03945320844208391,0.33037608806864915,0.630170703489267
A stream needs things to live!!!!!!!!!!,neither,0.0492311519227176,0.32566624196566635,0.625102606111616
1st,neither,0.03945320844208391,0.33037608806864915,0.630170703489267
Why is it so early?,neither,0.03397198126249699,0.3717334041619491,0.5942946145755539
nice strategic placement of the D20 there lol,neither,0.0322687963012962,0.3258501469065479,0.6418810567921559
gandsCrit,neither,0.03945320844208391,0.33037608806864915,0.630170703489267
"@RedXanwot nah, I'm in OKC now",neither,0.03945320844208391,0.33037608806864915,0.630170703489267
Love that grog bedroom art,neither,0.03380173977507172,0.3776709802303353,0.588527279994593
Bidet from Scotland!,neither,0.04062582848913359,0.31047366557575606,0.6489005059351104
Eeyyyyy,neither,0.03945320844208391,0.33037608806864915,0.630170703489267
"Why hello, friendos",neither,0.0257284510825025,0.350510600359917,0.6237609485575806
Bidet from Michigan,neither,0.040769555981420263,0.3080342349327864,0.6511962090857933
lol,neither,0.020706217963973744,0.4882283491876925,0.4910654328483337
I realized it was Thursday right when I got to work and my day got 10 times better,neither,0.028637553592936762,0.42888675577579444,0.5424756906312688
bidet from california!,neither,0.06971251856910227,0.2972619859879888,0.633025495442909
my first time watching live and all I've done so far is scream about hufflepuffs,neither,0.02092514189324306,0.4381888976905368,0.5408859604162201
@captainmunden refresh,neither,0.03945320844208391,0.33037608806864915,0.630170703489267
I can finally watch live! gandsFail tigerParty tigerParty tigerParty tigerParty,neither,0.050825801946582615,0.3218630654421966,0.6273111326112207
That d20 was WAY too small.,neither,0.035233882264759396,0.3806146070442616,0.584151510690979
Go away @drewbdoing why are you doing this to me.,neither,0.06971900260907692,0.3648410518777248,0.5654399455131983
hii,neither,0.03945320844208391,0.33037608806864915,0.630170703489267
Take your pee breaks now folks this is likely to be a long one,neither,0.06807413492539477,0.34118775871480983,0.5907381063597954
"bidet from Fort Worth, TX!!",neither,0.040538671561945475,0.31195294609159274,0.6475083823464618
bidet from mississippi,neither,0.040754399270683486,0.3082914838698526,0.650954116859464
#1ststreamteam,neither,0.03945320844208391,0.33037608806864915,0.630170703489267
bidet from Cali,neither,0.04079557052152802,0.30759270029461827,0.6516117291838538
"Ooooh! Bidet, Scotland.",neither,0.03945320844208391,0.33037608806864915,0.630170703489267
just started the show in January and binged the whole thing to get here. So excited to watch live for the first time,neither,0.06831098375114068,0.2630036601261334,0.668685356122726
Bidet from Mississippi!,neither,0.040754399270683486,0.3082914838698526,0.650954116859464
hey folks! Its Thursday!!!!!!!,neither,0.03418820389472106,0.33218696456244307,0.6336248315428359
bidet from florida!,neither,0.0408948396164547,0.30590784468201904,0.6531973157015263
Beep Beep,neither,0.03945320844208391,0.33037608806864915,0.630170703489267
Bidet from Wisconsin,neither,0.04071751644889743,0.3089174816120565,0.6503650019390461
@postdataest ty,neither,0.03945320844208391,0.33037608806864915,0.630170703489267
I never got to visit Scotland while I was in the UK :C,neither,0.03938298566613426,0.3728014991149428,0.5878155152189231
"werd up, homies.",neither,0.037044141734584965,0.37883064443430703,0.584125213831108
Why is it so early this time?,neither,0.03348953395430906,0.38745554280107547,0.5790549232446156
Same for me Funk,neither,0.028340203317938246,0.34473403993876267,0.6269257567432991
gandsSubHype,neither,0.03945320844208391,0.33037608806864915,0.630170703489267
gandsNatTwenty,neither,0.03945320844208391,0.33037608806864915,0.630170703489267
"Trump fired 50 cruise miss,es into Syria",neither,0.03543754057189817,0.3317572603900757,0.632805199038026
"VM go to jail, prison break s5 started COINCIDENCE??",neither,0.04463444022362219,0.33043442134385287,0.624931138432525
gandsGandsPoo gandsGandsPoo,neither,0.03945320844208391,0.33037608806864915,0.630170703489267
Bidet from Orlando!,neither,0.04062582848913359,0.31047366557575606,0.6489005059351104
Bidet from Virginia,neither,0.04079557052152802,0.30759270029461827,0.6516117291838538
time for a schmoke and a pancake,neither,0.03209024653777746,0.283991867028068,0.6839178864341545
Bishi Grog is amazing.,neither,0.051766257226869686,0.3261410659692903,0.62209267680384
what's up guys scarce here,neither,0.08411111737054082,0.33865967610522685,0.5772292065242325
lets not die tonight,neither,0.1784099663719509,0.13565382371071108,0.6859362099173381
CRIT ROLE!!!!!!!,neither,0.03945320844208391,0.33037608806864915,0.630170703489267
bidet from Annapolis,neither,0.04228451509352876,0.2823214250720796,0.6753940598343917
ew,neither,0.03945320844208391,0.33037608806864915,0.630170703489267
woot thursday,neither,0.03945320844208391,0.33037608806864915,0.630170703489267
hype!!,neither,0.03945320844208391,0.33037608806864915,0.630170703489267
"I started in november and also binged, so this is exciting",neither,0.04404113293974882,0.33120017652937284,0.6247586905308784
Boss Fight Fight Fight,neither,0.03945320844208391,0.33037608806864915,0.630170703489267
Bidet from Victoria BC,neither,0.04052303010603489,0.3122184224193425,0.6472585474746226
First time watching live! Cannot wait!,neither,0.036173748262855604,0.34634486347389143,0.6174813882632529
@n3rdalie you can prove nothing,neither,0.053740317667192936,0.421449442701804,0.5248102396310032
Bidet,neither,0.03945320844208391,0.33037608806864915,0.630170703489267
Bidet from Iowa!,neither,0.04069404815304118,0.30931579984010865,0.6499901520068502
"@pl1v, The real question is KCMO or KCKS lol",neither,0.031165763939309834,0.4807138343215671,0.48812040173912297
hi,neither,0.03945320844208391,0.33037608806864915,0.630170703489267
bidet from PA!,neither,0.04069404815304118,0.30931579984010865,0.6499901520068502
Bidet from NY!,neither,0.04084513770590474,0.30675141581570226,0.6524034464783931
"@arricus Good BBQ, The wife is heading up there in June for RockFest! KC is a pretty nice place.",neither,0.043100555093558306,0.2856597316526608,0.671239713253781
9 MINUTES,neither,0.03945320844208391,0.33037608806864915,0.630170703489267
Bidet from scotland~,neither,0.04062582848913359,0.31047366557575606,0.6489005059351104
Bidet from the UK,neither,0.039613273355342184,0.2892653269430044,0.6711213997016535
Bidet from sc,neither,0.040737273169946825,0.30858215849491494,0.6506805683351382
Though I'll probably miss next week :C,neither,0.0325844906266563,0.35858920632381397,0.6088263030495297
lol I make one hp reference and everyone runs with it. this is why I love you nerdy people,neither,0.03928855381993954,0.4548434930280297,0.5058679531520308
bidet from australia,neither,0.04062582848913359,0.31047366557575606,0.6489005059351104
@Critterolic he did it personally,neither,0.043357230184717974,0.329033315970088,0.6276094538451941
Bidet from Oregon,neither,0.04071751644889743,0.3089174816120565,0.6503650019390461
@Tarantules Gotta have that funk!,neither,0.03382232833924332,0.4046237500314254,0.5615539216293312
"bidet from Toronto, Ontario!",neither,0.040334677536117594,0.315415257091876,0.6442500653720065
its gonna get instense tonight,neither,0.028571316959690497,0.36757885751840286,0.6038498255219067
"Bidet from Portland, OR!",neither,0.040570124267008914,0.3114191116016469,0.6480107641313441
3:00 in the morning here,neither,0.0968165855782421,0.15973472368458147,0.7434486907371765
"@LordStabby, this Crit Art lead in sometimes begins as much as 20 minutes before the actual episode",neither,0.0339615719081677,0.382813511738438,0.5832249163533944
Bidet,neither,0.03945320844208391,0.33037608806864915,0.630170703489267
Bidet from Angered,neither,0.04228451509352876,0.2823214250720796,0.6753940598343917
That Gilmore one was gloriousssss,neither,0.03144825254373401,0.4563755015598225,0.5121762458964435
bidet from New Hampshire,neither,0.04402155579737495,0.2236345274837781,0.7323439167188469
bidet from West Virginia!,neither,0.040483118966379954,0.3128958186190612,0.646621062414559
yaaaay Toronto!,neither,0.03945320844208391,0.33037608806864915,0.630170703489267
@nikkitheferret Bidet also from NY!,neither,0.04058642615730978,0.31114242597869785,0.6482711478639923
wubba dubba dub dub,neither,0.03945320844208391,0.33037608806864915,0.630170703489267
"bidet from Vancouver, WA",neither,0.04071751644889743,0.3089174816120565,0.6503650019390461
anyone else having buffering issues?,neither,0.03945320844208391,0.33037608806864915,0.630170703489267
Welcome Scotland...,neither,0.03945320844208391,0.33037608806864915,0.630170703489267
Bidet from England,neither,0.04071751644889743,0.3089174816120565,0.6503650019390461
bidet from corvallis OR,neither,0.04147775179570021,0.2960143037206597,0.66250794448364
bidet from Maine,neither,0.04069404815304118,0.30931579984010865,0.6499901520068502
Huzzah Toronto!!,neither,0.03945320844208391,0.33037608806864915,0.630170703489267
it should be a good night for my first live viewing too!,neither,0.027141104698189266,0.3960122316595338,0.576846663642277
HELLO HELLO,neither,0.03945320844208391,0.33037608806864915,0.630170703489267
LET'S GO VOX MACHINA!!!!!!!,neither,0.01806316484133749,0.39391011985298136,0.5880267153056813
Bidet from Cincinnati,neither,0.04228451509352876,0.2823214250720796,0.6753940598343917
I like that the title tonight is a question,neither,0.04855851593122835,0.3412571976508883,0.6101842864178832
PogChamp,neither,0.03945320844208391,0.33037608806864915,0.630170703489267
gandsGandsVaxSigil,neither,0.03945320844208391,0.33037608806864915,0.630170703489267
"Bidet, from Edmonton! <3",neither,0.04228451509352876,0.2823214250720796,0.6753940598343917
gandsAJinSpace,neither,0.03945320844208391,0.33037608806864915,0.630170703489267
Hi everyone! First time post for me. gandsLessthanthree,neither,0.02179352496741754,0.4266107819535162,0.5515956930790663
Bidet from Texas,neither,0.040937266849991,0.30518774380265185,0.6538749893473571
Bidet and beep beep from Canada!,neither,0.039674772959784124,0.26576846215513467,0.6945567648850811
Finally THURSDAY!!,neither,0.03945320844208391,0.33037608806864915,0.630170703489267
Hey now you're a rock star get your game on,neither,0.09768624023442966,0.31424489032075664,0.5880688694448138
hey hey hey,neither,0.03945320844208391,0.33037608806864915,0.630170703489267
FeelsGoodMan 💯,neither,0.03945320844208391,0.33037608806864915,0.630170703489267
bidet from portland,neither,0.04066490145509902,0.30981049537100724,0.6495246031738937
"bidet from nm, lets see if I make it through the episode tonight, I am so tired",neither,0.026260398255717236,0.36192194434728825,0.6118176573969945
What time is it in England?,neither,0.05061732043345013,0.3429149017131937,0.6064677778533561
eeyyyy toronto,neither,0.03945320844208391,0.33037608806864915,0.630170703489267
GET PAID,neither,0.03870344665032943,0.3431015023970757,0.618195050952595
Sam 3000 POogChamp,neither,0.03945320844208391,0.33037608806864915,0.630170703489267
I'm so excited,neither,0.03940839469474773,0.3948270312238364,0.565764574081416
BOOP BEEP,neither,0.03945320844208391,0.33037608806864915,0.630170703489267
*** BIDET FROM MY LIVINGROOM ***,neither,0.020529691213657556,0.4753081716283477,0.5041621371579947
hahahhah,neither,0.03945320844208391,0.33037608806864915,0.630170703489267
Bidet from Iowa!,neither,0.04069404815304118,0.30931579984010865,0.6499901520068502
gandsAJinSpace,neither,0.03945320844208391,0.33037608806864915,0.630170703489267
@DaineDarnalei HeyGuys,neither,0.03945320844208391,0.33037608806864915,0.630170703489267
Official Fan Art Gallery: http://geekandsundry.com/critical-role-fan-art-gallery-marching-towards-warmer-days/,neither,0.03817876571784403,0.2909486646162819,0.6708725696658742
anyone in Fort Hills tonight?,neither,0.03707471248052168,0.3104588691073184,0.65246641841216
@ApacheSasquatch wubba lubba dub dub?,neither,0.03945320844208391,0.33037608806864915,0.630170703489267
Bidet from Illinois,neither,0.04069404815304118,0.30931579984010865,0.6499901520068502
Hi People!,neither,0.08609671943452742,0.32453468451780987,0.5893685960476628
Bidet from mississippi,neither,0.040754399270683486,0.3082914838698526,0.650954116859464
2:51 in England,neither,0.03945320844208391,0.33037608806864915,0.630170703489267
Beep Boop,neither,0.03945320844208391,0.33037608806864915,0.630170703489267
Beep beep,neither,0.03945320844208391,0.33037608806864915,0.630170703489267
hello from Lubbock Texas,neither,0.040553695508357114,0.31169795051161153,0.6477483539800314
bidet from ajax ontario,neither,0.04062582848913359,0.31047366557575606,0.6489005059351104
Hi from North Korea,neither,0.04051699958719197,0.3123207760625068,0.6471622243503011
#Dontfreedenise She will be the ruin of us all!,neither,0.08256070343730529,0.4358228502001037,0.48161644636259093
Beep beep,neither,0.03945320844208391,0.33037608806864915,0.630170703489267
Bidet! #FreeDenise,neither,0.03945320844208391,0.33037608806864915,0.630170703489267
bidet from Illinois :),neither,0.04069404815304118,0.30931579984010865,0.6499901520068502
Bidet from nova scotia,neither,0.04228451509352876,0.2823214250720796,0.6753940598343917
"fanart has begun, please refresh your page as the channel has come back online",neither,0.05155881447176953,0.3421603684658255,0.6062808170624049
bidets should not be in your living room,neither,0.08702472343487949,0.3666189584058078,0.5463563181593127
8:51 in the Midwest,neither,0.038442104424261506,0.31181965916652754,0.649738236409211
Whoot! First time watching LIve!,neither,0.03513206370154816,0.3516282956383994,0.6132396406600524
i miss bigbys hand,neither,0.0311307337780393,0.33323856873770435,0.6356306974842564
beep beep from finally not working thursday nights,neither,0.039255578075366726,0.32084815611102085,0.6398962658136124
yah almost 3am woot,neither,0.03945320844208391,0.33037608806864915,0.630170703489267
LOL that helmet picture is perfect,neither,0.03481788563227062,0.425017981325318,0.5401641330424115
I-L-L . . .,neither,0.03945320844208391,0.33037608806864915,0.630170703489267
good day @dav gandsHooman gandsClassic,neither,0.039184892391848775,0.3050917618113163,0.6557233457968349
"Bidet from Beaumont, Tx",neither,0.04081748366884477,0.3072207769958956,0.6519617393352596
bidet from Florida! #FreeDenise,neither,0.0408948396164547,0.30590784468201904,0.6531973157015263
why aren't they doing things yet?,neither,0.030044692815695037,0.3434791142062123,0.6264761929780928
Its Thursday! gandsLessthanthree gandsLessthanthree gandsLessthanthree gandsLessthanthree gandsLessthanthree gandsLessthanthree gandsLessthanthree,neither,0.032172426933007474,0.33288028269424347,0.634947290372749
Bidet from Austin!,neither,0.04086843745212,0.30635595831493706,0.6527756042329429
Bidet from an ambulance!,neither,0.04089278076285579,0.30594278880077236,0.653164430436372
I miss Scanlan :C,neither,0.02789410451089843,0.33435179396025927,0.6377541015288424
Inbefore Michael Schofield breaks them out of prison,neither,0.04598680701685453,0.3371917671599585,0.6168214258231869
"Greetings from Calgary, Alberta!",neither,0.04062582848913359,0.31047366557575606,0.6489005059351104
I'm cold... despite 2 blankets and 22 degrees inside temperature... I hate being sick T_T Someone warm me up with a hug or something* (*Something does not include Fireball.),neither,0.04610702766026466,0.2870671788696341,0.6668257934701013
I just love all the fanart,neither,0.029119969825070806,0.4743395144891383,0.4965405156857909
WHY ARE YOU IN AN AMBULANCE,neither,0.06830260061334884,0.34094361017653774,0.5907537892101135
Can anyone confirm if the guest from last week is here again tonight?,neither,0.04943718941193112,0.3235814660761207,0.6269813445119483
Bidet from Arizona!,neither,0.04078317879478948,0.307803020237201,0.6514138009680096
First time watching live! So excited!,neither,0.03587641250807106,0.38499492490635284,0.5791286625855762
bidet from Critical Vapors in Vancouver Washington!,neither,0.040419823882947695,0.3139701013719113,0.645610074745141
9:52 on the east coast,neither,0.036599290231385244,0.32814658990635975,0.6352541198622549
Helloo it's me,neither,0.020928709296978248,0.4277646322666584,0.5513066584363633
anyone in chat love in Niagara falls and need a player for a dnd group.. :3,neither,0.031848771086032686,0.3517246986436808,0.6164265302702866
What's bidet?,neither,0.057770773616808734,0.3180719994247239,0.6241572269584672
Bidet from The Netherlands!,neither,0.0395975487247086,0.2929303761973238,0.6674720750779677
waiting on Scanlan and Tiberius...,neither,0.03457008423366527,0.2937357151747704,0.6716942005915644
@DemonessLilith13 yay! So exciting!!,neither,0.03941365118174244,0.370152731776169,0.5904336170420887
BEST DAY OF THE WEEK GUYS ! gandsLessthanthree gandsLessthanthree gandsLessthanthree gandsLessthanthree,neither,0.03818623087906934,0.29660183686320196,0.6652119322577288
good day @davidmmcfarland gandsHooman gandsClassic,neither,0.039184892391848775,0.3050917618113163,0.6557233457968349
bidet from Wales,neither,0.04228451509352876,0.2823214250720796,0.6753940598343917
Noelle will be here,neither,0.14130772761662605,0.2337744902869411,0.6249177820964328
@mrpriapism6 I hope you're not driving!,neither,0.1598048639298867,0.21708374818439843,0.6231113878857149
This is weird. I'm watching on my phone and my pc haha,neither,0.02555904367055833,0.45803371505808727,0.5164072412713543
BIDET from Phoenix! :),neither,0.04066490145509902,0.30981049537100724,0.6495246031738937
i,neither,0.03945320844208391,0.33037608806864915,0.630170703489267
ITS TIME?,neither,0.028403263479439233,0.36615975061363926,0.6054369859069215
it's a butt fountain,neither,0.04274967938664263,0.3710122012562986,0.5862381193570588
bidet from Denmark,neither,0.04228451509352876,0.2823214250720796,0.6753940598343917
im so *** excited for this episode,neither,0.03331570766802605,0.3693483112888373,0.5973359810431366
@ taliesin and laura: give us some more of that good Perc'ahlia content,neither,0.05513021611402359,0.3304478344899184,0.614421949396058
Test,neither,0.03945320844208391,0.33037608806864915,0.630170703489267
Bidet from Massachusetts,neither,0.04069404815304118,0.30931579984010865,0.6499901520068502
"@Dragonchrome Yes, she should be.",offensive_language,0.06201527426165486,0.52838594091709,0.40959878482125517
@mrpriapism6 Why are you in an Ambulance,neither,0.06830260061334884,0.34094361017653774,0.5907537892101135
bidet from kentucky!,neither,0.04071751644889743,0.3089174816120565,0.6503650019390461
Sorry North Tonawanda here,neither,0.09095619608109336,0.28981682165915246,0.6192269822597543
"Man, what a good day.",neither,0.04683227392790892,0.3885178617601331,0.564649864311958
Ok this works,neither,0.039289842258686494,0.33314883855266764,0.6275613191886458
Bidet from Salt Lake City,neither,0.04031822098218303,0.3156945677603287,0.6439872112574881
First time watching! Booyah!,neither,0.029989397366152245,0.3569857709202996,0.613024831713548
Bidet my good fellows and madames,neither,0.01973510917471804,0.40746905552841084,0.5727958352968712
Looking forward to Larkin's dramatic reveal in the hell prison,offensive_language,0.04453997927283859,0.5899997434844806,0.36546027724268076
"i live in buffalo, close to niagra falls",neither,0.04684731570436924,0.32678825451064913,0.6263644297849815
Bidet from St Louis :D,neither,0.040470992782370326,0.313101631608523,0.6464273756091067
hi,neither,0.03945320844208391,0.33037608806864915,0.630170703489267
@thegoodkingazalin lol I'm watching on my xb1 and phone for chat,neither,0.02014809723333432,0.3920338035155967,0.587818099251069
Beep Beep from California,neither,0.06971251856910227,0.2972619859879888,0.633025495442909
rep canada,neither,0.03945320844208391,0.33037608806864915,0.630170703489267
Bidet,neither,0.03945320844208391,0.33037608806864915,0.630170703489267
@Kapuchu1 *hug*,neither,0.03945320844208391,0.33037608806864915,0.630170703489267
@Kapuchu1 But you said nothing about Burning Hands - aha! Kappa In all seriousness get better soon!,neither,0.04380561936964978,0.44342417894294894,0.5127702016874013
"got done with an exam earlier today, I need this gandsTrinket gandsSubHype",neither,0.028620298156406834,0.38159832415493083,0.5897813776886623
4000+ watchers WOW,neither,0.03945320844208391,0.33037608806864915,0.630170703489267
"As many acolytes like to jokingly say ""SUNE""",neither,0.06096504351152981,0.3863906831500718,0.5526442733383983
any one else from WA??,neither,0.03963264897877934,0.3422858656637962,0.6180814853574245
bidet?,neither,0.03945320844208391,0.33037608806864915,0.630170703489267
BIDET,neither,0.03945320844208391,0.33037608806864915,0.630170703489267
wait... are percy and vex in a relationship?!,neither,0.05927862785101089,0.26140892199825255,0.6793124501507365
greetings my programs,neither,0.02722336998821758,0.4267155325642117,0.5460610974475706
Bidet from Canada!,neither,0.04071751644889743,0.3089174816120565,0.6503650019390461
"First, new Shovel Knight DLC, then 10 hours of sleep, now Critical Role with tons of #HufflePride in chat. <3",neither,0.03338712759211676,0.3093871987365446,0.6572256736713388
Hello everyone!,neither,0.03269494828970791,0.4450814005079928,0.5222236512022994
Bidet from Ontario Canada!,neither,0.040354386843928725,0.3150807387011266,0.6445648744549448
Bidet from IL!,neither,0.04066490145509902,0.30981049537100724,0.6495246031738937
Bidet from Quebec <3,neither,0.04228451509352876,0.2823214250720796,0.6753940598343917
beepbeep critters!,neither,0.03945320844208391,0.33037608806864915,0.630170703489267
hey @bluefoxsays,neither,0.03945320844208391,0.33037608806864915,0.630170703489267
Bidet from South Dakota Critters!,neither,0.04041079298828133,0.31412337922315653,0.6454658277885622
Yay more Canada!!,neither,0.041121674396122306,0.32165861029746323,0.6372197153064145
Bidet from Michigan,neither,0.040769555981420263,0.3080342349327864,0.6511962090857933
"Edmonton, Alberta here. Love you guys !!!!",neither,0.10211601553086498,0.34663085248555237,0.5512531319835826
yaaaay Ontario,neither,0.03945320844208391,0.33037608806864915,0.630170703489267
thanks @Dragonivon,neither,0.035884468650613,0.3004919205142699,0.6636236108351171
@Kapuchu1 I know how you feel. I'm sick as well. And I really hate it.,neither,0.2077404813336249,0.2744205093946791,0.5178390092716961
Bidet Whitby!,neither,0.03945320844208391,0.33037608806864915,0.630170703489267
Bidet from Kentucky.,neither,0.04071751644889743,0.3089174816120565,0.6503650019390461
ugh I just got called into work I'm not gonna be able to watch live :'(,neither,0.04473161606842695,0.40075905855741184,0.5545093253741611
