text,top_class,hate_speech,offensive_language,neither
7:05,neither,0.03945320844208391,0.33037608806864915,0.630170703489267
Denise...say yes once if we need to free you,neither,0.039162053987873466,0.41497941357194384,0.5458585324401827
Hi @gaeaca ! I hope you're doing well! gandsLessthanthree,neither,0.1371820131499241,0.22922301153842145,0.6335949753116545
If you want to use more than a few characers try the live discussion thread on the subreddit! https://www.reddit.com/r/criticalrole/comments/63x6fv/spoilers_e93_it_is_thursday_episode_93_live/,neither,0.02424893697386015,0.4072883894685796,0.5684626735575602
gandsMatt !,neither,0.03945320844208391,0.33037608806864915,0.630170703489267
A fine bidet to you all,offensive_language,0.09073483431177759,0.5311063616727407,0.37815880401548174
gandsSubHype gandsSubHype gandsSubHype,neither,0.03945320844208391,0.33037608806864915,0.630170703489267
yay,neither,0.03945320844208391,0.33037608806864915,0.630170703489267
#EnslaveMoreDenises,neither,0.03945320844208391,0.33037608806864915,0.630170703489267
3.05 start,neither,0.03945320844208391,0.33037608806864915,0.630170703489267
beep beep,neither,0.03945320844208391,0.33037608806864915,0.630170703489267
HOOORAY,neither,0.03945320844208391,0.33037608806864915,0.630170703489267
bidet from Michigan! :D,neither,0.040769555981420263,0.3080342349327864,0.6511962090857933
"@Goldentenor, sure I got, too bad I am not the one pulling the winer ;)",neither,0.02961652109204811,0.459815185621014,0.510568293286938
"Also, bidet to all my alpha party friends!",neither,0.036030712468920444,0.453989179553107,0.5099801079779724
"wow, early start",neither,0.04111749204054481,0.30212885196868666,0.6567536559907685
bidet from Illinois gandsHecThor,neither,0.04069404815304118,0.30931579984010865,0.6499901520068502
Yay,neither,0.03945320844208391,0.33037608806864915,0.630170703489267
gandsMatt gandsMatt,neither,0.03945320844208391,0.33037608806864915,0.630170703489267
WAAAY! BIDET!,neither,0.03945320844208391,0.33037608806864915,0.630170703489267
yaaaas,neither,0.03945320844208391,0.33037608806864915,0.630170703489267
ya,offensive_language,0.017331157930923866,0.7872544665869478,0.19541437548212848
"@xEoj Yep, I'm in the South Loop, you?",neither,0.05129527256050045,0.35177049827153617,0.5969342291679632
gandsSubHype,neither,0.03945320844208391,0.33037608806864915,0.630170703489267
Bidet from austin,neither,0.04086843745212,0.30635595831493706,0.6527756042329429
Ashley is here tonight?,neither,0.09468529609058111,0.2705821464194617,0.6347325574899572
bidet,neither,0.03945320844208391,0.33037608806864915,0.630170703489267
Bidet from RVA!,neither,0.04228451509352876,0.2823214250720796,0.6753940598343917
gandsSubHype,neither,0.03945320844208391,0.33037608806864915,0.630170703489267
ermergerd,neither,0.03945320844208391,0.33037608806864915,0.630170703489267
my body is ready,neither,0.03405984045513004,0.42505863100050806,0.540881528544362
Bidet everyone!,offensive_language,0.02988896790634741,0.4927062106388782,0.4774048214547744
It Begins!!,neither,0.037828236809968684,0.3309349903269868,0.6312367728630445
Yeah!,offensive_language,0.013968601452186464,0.5182923869769311,0.4677390115708824
yay!,neither,0.03945320844208391,0.33037608806864915,0.630170703489267
!crsurvey,neither,0.03945320844208391,0.33037608806864915,0.630170703489267
Critters we want to hear from you! geekandsundry.com/crsurvey,neither,0.06444877468961048,0.3506139432595851,0.5849372820508044
yeaaaaaa,neither,0.03945320844208391,0.33037608806864915,0.630170703489267
gandsSubHype gandsSubHype gandsSubHype gandsSubHype,neither,0.03945320844208391,0.33037608806864915,0.630170703489267
gandsMatt gandsMatt gandsMatt gandsMatt gandsMatt gandsMatt gandsMatt gandsMatt gandsMatt,neither,0.03945320844208391,0.33037608806864915,0.630170703489267
woo,neither,0.03945320844208391,0.33037608806864915,0.630170703489267
@NeaZyPD Thats bruising. You'll be fine.,neither,0.05985812662826287,0.390878351190476,0.5492635221812612
WOOHOO,neither,0.03945320844208391,0.33037608806864915,0.630170703489267
*flails*,neither,0.03945320844208391,0.33037608806864915,0.630170703489267
First time watching live,neither,0.03513206370154816,0.3516282956383994,0.6132396406600524
Passed out last episode and have been working so much! woohooo!!! Gonna get caught up!!!!,neither,0.03170143075893198,0.41135078758650145,0.5569477816545666
the US JUST BOMBED SYRIA,neither,0.06496588729493229,0.3288198452379243,0.6062142674671435
gandsMatt,neither,0.03945320844208391,0.33037608806864915,0.630170703489267
ITS STARTED,neither,0.03136499154802464,0.33315799674857516,0.6354770117034002
gandsLessthanthree gandsLessthanthree gandsLessthanthree gandsLessthanthree gandsLessthanthree gandsLessthanthree gandsLessthanthree,neither,0.03945320844208391,0.33037608806864915,0.630170703489267
bidet from east lansing,neither,0.04041079298828133,0.31412337922315653,0.6454658277885622
BIDET,neither,0.03945320844208391,0.33037608806864915,0.630170703489267
Whooo!,neither,0.03945320844208391,0.33037608806864915,0.630170703489267
Amazing fan art folks. Love it!,neither,0.036368096262159595,0.34040365850260496,0.6232282452352353
this is the live show right,neither,0.07381299113860783,0.24704880258462722,0.6791382062767649
Perfect Mime PogChamp,neither,0.03945320844208391,0.33037608806864915,0.630170703489267
I can't wait to see Grog do this!,neither,0.049498232891553855,0.32164778503740976,0.6288539820710365
auto out of sync?,neither,0.034629932292706556,0.34898924606578774,0.6163808216415058
audio is out of sync,neither,0.042732517298615026,0.34463283578829546,0.6126346469130894
booyah,neither,0.03945320844208391,0.33037608806864915,0.630170703489267
gandsSubHype,neither,0.03945320844208391,0.33037608806864915,0.630170703489267
WOOT,neither,0.03945320844208391,0.33037608806864915,0.630170703489267
sync off?,neither,0.03945320844208391,0.33037608806864915,0.630170703489267
gandsSubHype gandsSubHype gandsSubHype gandsSubHype gandsSubHype gandsSubHype gandsSubHype gandsSubHype gandsSubHype gandsSubHype gandsSubHype gandsSubHype gandsSubHype gandsSubHype gandsSubHype gandsSubHype gandsSubHype gandsSubHype gandsCrit gandsCrit gandsCrit gandsCrit gandsCrit gandsSubHype gandsSubHype gandsSubHype gandsSubHype gandsSubHype gandsSubHype,neither,0.03945320844208391,0.33037608806864915,0.630170703489267
Let's do this!!,neither,0.0195438059392097,0.382678239993645,0.5977779540671454
slight delay,neither,0.03945320844208391,0.33037608806864915,0.630170703489267
gandsSubHype gandsSubHype gandsSubHype gandsSubHype,neither,0.03945320844208391,0.33037608806864915,0.630170703489267
"i have this and CNN on my other screen. ""fights"" on both ends.",neither,0.02973797401227603,0.37439169315208404,0.59587033283564
hell yess,offensive_language,0.04166549840107976,0.7708956574159619,0.18743884418295842
BIDET! Perfect timing,neither,0.03945320844208391,0.33037608806864915,0.630170703489267
Bidet from San Antonio!,neither,0.040446282760733435,0.31352102516371877,0.6460326920755478
THERE IS AUDIO DELAY,neither,0.04801959467007171,0.2839386532701362,0.6680417520597921
Bidet from Seattle,neither,0.040754399270683486,0.3082914838698526,0.650954116859464
!survey,neither,0.03945320844208391,0.33037608806864915,0.630170703489267
Bidet from Western Massachusetts!!!,neither,0.04036266062233628,0.31494031108870923,0.6446970282889545
yaaas welcome guys!!,neither,0.039350505839833495,0.33211921926127225,0.6285302748988943
yessssss,neither,0.03945320844208391,0.33037608806864915,0.630170703489267
announcements!,neither,0.03945320844208391,0.33037608806864915,0.630170703489267
BEEP BEEP!!,neither,0.03945320844208391,0.33037608806864915,0.630170703489267
Unsynced for anyone?,neither,0.03086270684880976,0.2875743953505993,0.681562897800591
lol audio laaaaag,neither,0.031120645729857982,0.3912535864736078,0.5776257677965343
woot,neither,0.03945320844208391,0.33037608806864915,0.630170703489267
im watching live guys omg :D,neither,0.04259207442976836,0.35998460694767154,0.5974233186225602
bidet from santa cruz,neither,0.04040912852695437,0.3141516294757728,0.6454392419972729
NOT SYNCED,neither,0.03554889144452836,0.3454295093440936,0.619021599211378
SUP,neither,0.03945320844208391,0.33037608806864915,0.630170703489267
gandsMatt gandsSubHype gandsMatt,neither,0.03945320844208391,0.33037608806864915,0.630170703489267
Bidet my lovelies,offensive_language,0.011017215557639733,0.6062201221254095,0.3827626623169507
"Snacks for tonight: mini meatballs in a arrabbiata sauce, basil/garlic toast crostinis, warm apple tarte tatin topped with ice cream and sparkling cider chilled to drink.",neither,0.0340838669297809,0.3092233092017192,0.6566928238684999
beepbeep,neither,0.03945320844208391,0.33037608806864915,0.630170703489267
audio dysync????,neither,0.03945320844208391,0.33037608806864915,0.630170703489267
gandsCrit gandsCrit gandsCrit gandsCrit gandsCrit,neither,0.03945320844208391,0.33037608806864915,0.630170703489267
gandsSubHype,neither,0.03945320844208391,0.33037608806864915,0.630170703489267
out of sync,neither,0.03006969974013852,0.368407252774717,0.6015230474851445
Wait.. nearly on time what?,neither,0.04053729264915939,0.35700473330718907,0.6024579740436515
Matt <3,neither,0.03945320844208391,0.33037608806864915,0.630170703489267
Bidet from Toronto!,neither,0.04066490145509902,0.30981049537100724,0.6495246031738937
Wyrmwood,neither,0.03945320844208391,0.33037608806864915,0.630170703489267
Here we go!,neither,0.13156755280784707,0.2765461283225309,0.5918863188696221
!survey,neither,0.03945320844208391,0.33037608806864915,0.630170703489267
audio is not in sync,neither,0.04647278676049062,0.33257929457580104,0.6209479186637084
I DID THE SURVEY,neither,0.03779951947543676,0.29937280151843854,0.6628276790061247
Bidet gandsDrink gandsDrink gandsDrink gandsDrink gandsDrink gandsDrink gandsDrink gandsDrink,neither,0.03945320844208391,0.33037608806864915,0.630170703489267
Slight lag,neither,0.03945320844208391,0.33037608806864915,0.630170703489267
audio out of sync ):,neither,0.03486754066647055,0.34802881843600075,0.6171036408975287
sound delay,neither,0.03945320844208391,0.33037608806864915,0.630170703489267
"Beep-bep, everyone!",offensive_language,0.02988896790634741,0.4927062106388782,0.4774048214547744
Bidet from NYC,neither,0.04081748366884477,0.3072207769958956,0.6519617393352596
Desynced audio!,neither,0.03945320844208391,0.33037608806864915,0.630170703489267
out of sync,neither,0.03006969974013852,0.368407252774717,0.6015230474851445
Sound out fo Snyc,neither,0.0346694254208481,0.3488292811264989,0.616501293452653
gandsHR,neither,0.03945320844208391,0.33037608806864915,0.630170703489267
bidet fellow critters,neither,0.03945320844208391,0.33037608806864915,0.630170703489267
gandsSubHype gandsSubHype gandsSubHype gandsSubHype,neither,0.03945320844208391,0.33037608806864915,0.630170703489267
gandsSubHype gandsSubHype gandsSubHype gandsSubHype gandsSubHype,neither,0.03945320844208391,0.33037608806864915,0.630170703489267
#theyknow,neither,0.03945320844208391,0.33037608806864915,0.630170703489267
synk,neither,0.03945320844208391,0.33037608806864915,0.630170703489267
!crsurvey,neither,0.03945320844208391,0.33037608806864915,0.630170703489267
voice out of sync for anyone else,neither,0.030680241363177915,0.31816672429174225,0.6511530343450799
Critters we want to hear from you! geekandsundry.com/crsurvey,neither,0.06444877468961048,0.3506139432595851,0.5849372820508044
did it,neither,0.03679680055061391,0.33128974855371013,0.631913450895676
!crsurvey,neither,0.03945320844208391,0.33037608806864915,0.630170703489267
"Is the sound and video out of sync, or is it just me?",neither,0.03988313444294227,0.270169088145122,0.6899477774119357
"Bidet from Columbia, MO'",neither,0.040912083971464244,0.30561516297332675,0.653472753055209
"Yeah, slight audio delay",neither,0.026517923025328564,0.4181951150536723,0.5552869619209992
Sound is out of sync,neither,0.0437428104996359,0.34873019960110335,0.6075269898992608
gandsSubHype gandsSubHype gandsSubHype gandsSubHype gandsSubHype gandsSubHype,neither,0.03945320844208391,0.33037608806864915,0.630170703489267
audio sync issue?,neither,0.03945320844208391,0.33037608806864915,0.630170703489267
OUT OF SYNC,neither,0.03006969974013852,0.368407252774717,0.6015230474851445
Heyo! Bidet from sacto!,neither,0.04062582848913359,0.31047366557575606,0.6489005059351104
voice not in synch?,neither,0.03759155386148353,0.33740774696616227,0.6250006991723541
AUDIO LAG,neither,0.03945320844208391,0.33037608806864915,0.630170703489267
Bidet to all of you bloody wonderful sods from Toronto <3,neither,0.06016363860582912,0.4033681026667285,0.5364682587274424
OH GOD! THE LIPSINK!,neither,0.04547190382917589,0.23759487647407268,0.7169332196967514
delay,neither,0.03945320844208391,0.33037608806864915,0.630170703489267
gandsCrit gandsCrit gandsCrit gandsCrit gandsCrit gandsCrit gandsCrit gandsCrit gandsCrit,neither,0.03945320844208391,0.33037608806864915,0.630170703489267
!crsurvey,neither,0.03945320844208391,0.33037608806864915,0.630170703489267
Lol they know,neither,0.027306531309335545,0.42361685879478234,0.5490766098958823
Audio unsync,neither,0.03945320844208391,0.33037608806864915,0.630170703489267
Bidet from NJ,neither,0.04069404815304118,0.30931579984010865,0.6499901520068502
Woohoo!,neither,0.03945320844208391,0.33037608806864915,0.630170703489267
Bidet from rural Pennsylvania!,neither,0.04034574383703774,0.31522743308451706,0.6444268230784452
I'm so happy I haven't watched live in forever!,neither,0.0428038043480578,0.3628332623642376,0.5943629332877046
Critters we want to hear from you! geekandsundry.com/crsurvey,neither,0.06444877468961048,0.3506139432595851,0.5849372820508044
Fight fight fight,neither,0.03945320844208391,0.33037608806864915,0.630170703489267
sound is weird,neither,0.04937972932551649,0.3269619023502406,0.6236583683242429
I fee like the audio is out of sync by a sexond,neither,0.05040751272771059,0.3739305625329545,0.575661924739335
gandsPitCrew gandsPitCrew gandsPitCrew gandsPitCrew,neither,0.03945320844208391,0.33037608806864915,0.630170703489267
Bidet everyone!!,offensive_language,0.02988896790634741,0.4927062106388782,0.4774048214547744
Audio Sync,neither,0.03945320844208391,0.33037608806864915,0.630170703489267
gandsCrit,neither,0.03945320844208391,0.33037608806864915,0.630170703489267
i got oreos,neither,0.0413214034657166,0.02408467833758339,0.9345939181967
the syrians are gonna *** youse up,neither,0.05806065600226191,0.3647402328225181,0.57719911117522
Audio is definitely a bit off.,neither,0.04574886455245145,0.32821072324118955,0.6260404122063591
refresh your page if sync is out,neither,0.04559703810333401,0.3810349810304186,0.5733679808662474
Switching to Flash not helping with sync issue,neither,0.034397896508326205,0.3592481146947316,0.6063539887969422
audio desync,neither,0.03945320844208391,0.33037608806864915,0.630170703489267
Delays my friend,neither,0.022970318883937142,0.46682102922165425,0.5102086518944084
hey everyone,neither,0.031959242684595296,0.4575682446653829,0.5104725126500218
bIDET,neither,0.03945320844208391,0.33037608806864915,0.630170703489267
I think they got it,neither,0.03624784763623844,0.3879321417005892,0.5758200106631725
is matt's dm campaign book out?,neither,0.04166412341304032,0.34015200976759585,0.6181838668193638
Audio starts at 7:06,neither,0.03887161993633824,0.34809773569197944,0.6130306443716823
noooo not the lag,neither,0.03760775079177585,0.32076319678302323,0.6416290524252009
sound delay,neither,0.03945320844208391,0.33037608806864915,0.630170703489267
and so it begins,neither,0.03702075117330028,0.3334064572415291,0.6295727915851705
"Phew, I feared I had to wait for the vod for the sponsor-message,kinda overslept :D",neither,0.035150209956224636,0.27646915108715453,0.6883806389566208
It's totally out of synce,neither,0.03292150338947242,0.35045126065411236,0.6166272359564153
Took it!,neither,0.03708916159677834,0.3311891921835422,0.6317216462196794
WE KNOW,neither,0.03914817603122934,0.3355532841520078,0.6252985398167629
!survey,neither,0.03945320844208391,0.33037608806864915,0.630170703489267
nice,neither,0.03945320844208391,0.33037608806864915,0.630170703489267
Bidet from Houston tecad,neither,0.040875471929787875,0.3062365648703896,0.6528879631998226
#they know,neither,0.03945320844208391,0.33037608806864915,0.630170703489267
TURN UP THURSDAY! LETS GO TO HELL WHILE WE KICK OFF WORLD WAR 3!,offensive_language,0.042928596011474106,0.6035058584093853,0.35356554557914077
Bidet!,neither,0.03945320844208391,0.33037608806864915,0.630170703489267
i know they know but out of sync audio hurts me,neither,0.029918486793674037,0.37435437256046716,0.595727140645859
Audio/Video out of sync?,neither,0.04021005131269373,0.2580062578623521,0.7017836908249542
"clattering in the background, lol, all of lauras dice",neither,0.03338905441615445,0.4231221241255525,0.5434888214582929
gandsOwl gandsOwl gandsOwl gandsOwl,neither,0.03945320844208391,0.33037608806864915,0.630170703489267
#TheyKnow,neither,0.03945320844208391,0.33037608806864915,0.630170703489267
bidet,neither,0.03945320844208391,0.33037608806864915,0.630170703489267
gandsLessthanthree gandsSCANLAN gandsNatTwenty feliciaYEAH,neither,0.03945320844208391,0.33037608806864915,0.630170703489267
Annnnd they're gone,neither,0.05667061923617507,0.3047559094409847,0.6385734713228403
"OMG, this is like an old Kung Fu movie",neither,0.05773237465765387,0.3068598710657776,0.6354077542765686
30 sets are gonre,neither,0.06564536557387245,0.2850028218631048,0.6493518125630228
"I know these guys voice over anime, so it's fitting.",neither,0.04205760362294605,0.4161834765423743,0.5417589198346796
audio definately out of sync,neither,0.03486754066647055,0.34802881843600075,0.6171036408975287
"@shawnbrian318, West Loop!",neither,0.03945320844208391,0.33037608806864915,0.630170703489267
Beep beep from LA finally,neither,0.04058962571895106,0.3110881210674548,0.6483222532135942
#theyknow,neither,0.03945320844208391,0.33037608806864915,0.630170703489267
#THeyKnow,neither,0.03945320844208391,0.33037608806864915,0.630170703489267
Audio sync is off?,neither,0.04817463727518112,0.327376388766573,0.624448973958246
roll natural 1 for sound 2d lol,neither,0.028330623753415832,0.34930395891787985,0.6223654173287043
"Hello, Noelle!",neither,0.03945320844208391,0.33037608806864915,0.630170703489267
audio/visual not synced,neither,0.03798429109608333,0.3359028173923576,0.626112891511559
Link?,neither,0.03945320844208391,0.33037608806864915,0.630170703489267
Its like watching a asian film!,neither,0.0535669816974402,0.17605374695647347,0.7703792713460863
they are gone,neither,0.0856700002864804,0.26106149094339137,0.6532685087701281
bidet,neither,0.03945320844208391,0.33037608806864915,0.630170703489267
gross sound delay ew,neither,0.03945320844208391,0.33037608806864915,0.630170703489267
Anyone else experiencing an audio sync issue?,neither,0.03968463402201651,0.32644819200455755,0.6338671739734261
Its not out of sync - its just a VO overdub Kappa,neither,0.0252668881222564,0.36396290763677414,0.6107702042409694
Did my survey,neither,0.02116608337517031,0.4850801965073056,0.4937537201175241
Oh man the bad lip reading XD,neither,0.04012452990996695,0.326533802621946,0.6333416674680871
yep - sound sync is borked for me on both the website and the PS4 app,neither,0.033614824806076055,0.3049183231264002,0.6614668520675238
Audio desynced on html5 and flash,neither,0.03634515581219847,0.30713211868651746,0.656522725501284
Audio is like 0.1 out or something tho,neither,0.04726306046652397,0.3620111015276961,0.5907258380057799
gandsCrit gandsCrit gandsCrit gandsNatTwenty,neither,0.03945320844208391,0.33037608806864915,0.630170703489267
#they know,neither,0.03945320844208391,0.33037608806864915,0.630170703489267
audio out of sync! #weknow,neither,0.0359775132286126,0.343604531743469,0.6204179550279184
voice not synced,neither,0.03746044302968233,0.337912773722299,0.6246267832480188
Go go go,neither,0.04276165647058889,0.34190019769565555,0.6153381458337556
Yay Noelle again!,neither,0.03737256245738834,0.3656900804822536,0.5969373570603581
Try,neither,0.03945320844208391,0.33037608806864915,0.630170703489267
AAAAAAAAAAAAAAAANNNNNNNNNNNNNNNNNDDDDDDDDDDDDDDDD.... They're gone,neither,0.06946270442194172,0.28920078670400484,0.6413365088740535
yeah they're gone,neither,0.03529546388433713,0.43032831329515747,0.5343762228205053
gandsMatt gandsMatt gandsMatt gandsMatt gandsMatt gandsMatt,neither,0.03945320844208391,0.33037608806864915,0.630170703489267
the audio is out of synch,neither,0.04173948342823105,0.32804950132179583,0.6302110152499731
Bidet from SW Florida,neither,0.0408948396164547,0.30590784468201904,0.6531973157015263
Annnnd out of stock,neither,0.0358205610581851,0.34422399834060324,0.6199554406012117
Audio out a sync,neither,0.034678968322177366,0.3487906479439269,0.6165303837338958
Can I get link,neither,0.03916352349333699,0.3352927976663566,0.6255436788403065
I GOT MY DICE,neither,0.025864023183407962,0.4804141057574747,0.4937218710591173
Nope. definitely no dice again.,neither,0.03740483685093782,0.3651422997942638,0.5974528633547985
TOVA!,neither,0.03945320844208391,0.33037608806864915,0.630170703489267
Is anyone else desynced?,neither,0.04978553225475839,0.3268223281145365,0.6233921396307052
"it's laggy, right?",neither,0.03483522232302407,0.3685702217018895,0.5965945559750865
Matt Damon guest stars,neither,0.03945320844208391,0.33037608806864915,0.630170703489267
Beep beep from Minnesota!,neither,0.04071751644889743,0.3089174816120565,0.6503650019390461
Talisens evil twin,neither,0.03945320844208391,0.33037608806864915,0.630170703489267
i dont know how anybody sees anything in the chat,neither,0.03884952925063207,0.31942049155941754,0.6417299791899505
#WEKNOW,neither,0.03945320844208391,0.33037608806864915,0.630170703489267
Why did the lsurveyask if we wanted an episode of Naked Critical Role? gandsOwl,neither,0.02382821437007861,0.3586530090237459,0.6175187766061756
!theyknow,neither,0.03945320844208391,0.33037608806864915,0.630170703489267
#TheyKnow gandsSaxHype gandsRyanHype gandsGandSDenise,neither,0.03945320844208391,0.33037608806864915,0.630170703489267
Beep Beep from Maryland via Phili for the PhiliComicCon! First Con!,neither,0.03355807074766754,0.13228791807825813,0.8341540111740744
They're gone :(,neither,0.06946270442194172,0.28920078670400484,0.6413365088740535
Bidet from South Texas!!!,neither,0.04055978256544535,0.3115946372668712,0.6478455801676836
We neeed critical role vox machina pop vinyls,neither,0.040490447721868425,0.31277143051189404,0.6467381217662376
sam's shirt!!! XD XD,neither,0.03945320844208391,0.33037608806864915,0.630170703489267
Hey from Kansas City,neither,0.04038788294139384,0.3145122225092951,0.645099894549311
geekandsundry.com/CRsurvey,neither,0.03945320844208391,0.33037608806864915,0.630170703489267
out of synx,neither,0.03006969974013852,0.368407252774717,0.6015230474851445
STORE LINK - https://shop.geekandsundry.com/collections/critical-role,neither,0.05236138077603944,0.325936375690982,0.6217022435329786
"@GeekandSundry, is it available? It says teh dice is out of stock",neither,0.04452499190620934,0.3378561239424831,0.6176188841513076
"They're gone, haha",neither,0.05511215808474822,0.3818237192826226,0.5630641226326293
is the audio out of sync?,neither,0.04173948342823105,0.32804950132179583,0.6302110152499731
gandsCrit gandsCrit gandsCrit gandsCrit gandsCrit,neither,0.03945320844208391,0.33037608806864915,0.630170703489267
yup. dice are gone,neither,0.06176631534737662,0.29189221537451016,0.6463414692781132
Yea its the Kung fu episode,neither,0.03368646248581245,0.3214374563003845,0.6448760812138031
STORE LINK - https://shop.geekandsundry.com/collections/critical-role,neither,0.05236138077603944,0.325936375690982,0.6217022435329786
Bidet from Austin TX,neither,0.0404991143919742,0.31262433450199256,0.6468765511060333
Who are the voice actor dubbing this?,neither,0.05707819705149749,0.33137892120100676,0.6115428817474957
gandsSubHype gandsSubHype gandsSubHype,neither,0.03945320844208391,0.33037608806864915,0.630170703489267
audio is out of sync for me aswell,neither,0.030302670905157047,0.3510604227242877,0.6186369063705552
This is why I got mine months ago.,neither,0.034446595580285566,0.3809939073663152,0.5845594970533992
!crsurvey,neither,0.03945320844208391,0.33037608806864915,0.630170703489267
Critters we want to hear from you! geekandsundry.com/crsurvey,neither,0.06444877468961048,0.3506139432595851,0.5849372820508044
Dice out of stock lol,neither,0.02981910577535625,0.390256712540307,0.5799241816843367
sams shirt,neither,0.03945320844208391,0.33037608806864915,0.630170703489267
Bidet! from Attleboro Ma,neither,0.031816597323666866,0.4599893087150652,0.5081940939612679
Turning of HTML5 does nothing btw,neither,0.026571907843099648,0.46426324763915133,0.509164844517749
refresh if youre getting out of sync audio,neither,0.027939157472920667,0.4178914095830516,0.5541694329440277
just restart the stream if you are out of sync,neither,0.04378634206493565,0.40209006598389796,0.5541235919511663
One thing that's a shame with the cr survey is inability to put multiple countries in. I live between two and it will get misses in the split,neither,0.0390600557179112,0.3321940680611026,0.6287458762209863
gandsSubHype gandsSubHype gandsSubHype,neither,0.03945320844208391,0.33037608806864915,0.630170703489267
gandsSubHype gandsSubHype,neither,0.03945320844208391,0.33037608806864915,0.630170703489267
i just realized how appropriate it is that Laura runs the merch.,neither,0.03751041780276055,0.35603599927083057,0.6064535829264089
It's in sync for me. Try refresh?,neither,0.02759909931383137,0.3382325850734029,0.6341683156127658
sound is desynced,neither,0.05372890563841899,0.32546602118213314,0.620805073179448
#WEKNOWFFS!! :P,neither,0.03945320844208391,0.33037608806864915,0.630170703489267
audio is throwing me off,neither,0.03927163150389693,0.3612412824315202,0.5994870860645829
"Oh man, I want Sam's T-shirt!",neither,0.0446846321174591,0.33795792756968135,0.6173574403128594
It's like watching a bad dubbed film XD I'm kinda loving it,neither,0.041972648038152253,0.3431945008872555,0.6148328510745922
Finally Thursday!,neither,0.03945320844208391,0.33037608806864915,0.630170703489267
audio is ahead of video,neither,0.05088685854404167,0.25410359691462814,0.6950095445413302
Beep Beep I'm A Sheep,neither,0.03945320844208391,0.33037608806864915,0.630170703489267
audio offf for anyone else?,neither,0.03442553382651189,0.3052583897292562,0.660316076444232
FishMoley,neither,0.03945320844208391,0.33037608806864915,0.630170703489267
gandsHR gandsGrogSigil gandsCrit,neither,0.03945320844208391,0.33037608806864915,0.630170703489267
how do you do shirt submissions​?,neither,0.06055332336948364,0.3770053308222799,0.5624413458082365
"It's kinda like an Always Sunday Episode Title. ""We'll never end up in Prison""",neither,0.03937728326841617,0.4153173390186135,0.5453053777129703
"@vwolf366 I hear you, it moves quickly...",neither,0.051653349107523824,0.37004261853525033,0.5783040323572258
No sponsor tonight FeelsBadMan,neither,0.03611368243300301,0.3222187116124907,0.6416676059545062
GaeaCa Foiled again gandsFail,neither,0.0358555699129713,0.3914374029960717,0.5727070270909569
Out of sync over here #weknow lol,neither,0.05740133404458165,0.36233975493107196,0.5802589110243463
lol,neither,0.020706217963973744,0.4882283491876925,0.4910654328483337
Oh god what is same about to do...........,neither,0.07020227103195656,0.30408702281654176,0.6257107061515016
LOL - dice out of stock,neither,0.02981910577535625,0.390256712540307,0.5799241816843367
Dice Set says OUT OF STOCK :(,neither,0.036273857662395805,0.3424403184919678,0.6212858238456365
#TheyKnow,neither,0.03945320844208391,0.33037608806864915,0.630170703489267
#TheDiceAreGone,neither,0.03945320844208391,0.33037608806864915,0.630170703489267
"I refreshed, did nothing",neither,0.03572951674384475,0.3935768542487063,0.570693629007449
"Karraxx, I tried that. Didn't work",neither,0.021909084115980117,0.41910599140735305,0.5589849244766669
will refreshing help the audio,neither,0.03988685764769984,0.2938667419993298,0.6662464003529704
Geeze,neither,0.03945320844208391,0.33037608806864915,0.630170703489267
@GeekandSundry is video goofing right now?,neither,0.05677797199493997,0.23508780278604427,0.7081342252190158
Is the audio desynced for anyone else?,neither,0.03996957871306266,0.29312915314042604,0.6669012681465113
"I don't care if they know, I care if they fix it",neither,0.019836608435328026,0.3955464975942931,0.5846168939703789
"Good work, chat!",neither,0.03875242475368789,0.3306171197139468,0.6306304555323653
lol.,neither,0.020706217963973744,0.4882283491876925,0.4910654328483337
Fixitfixitfixit~,neither,0.03945320844208391,0.33037608806864915,0.630170703489267
u.s did military strike in syria airbase where chem weapons allegedly used 50 tomahawk missiles,neither,0.040354769455099665,0.31507424479102,0.6445709857538804
lol,neither,0.020706217963973744,0.4882283491876925,0.4910654328483337
audio delay :((,neither,0.03945320844208391,0.33037608806864915,0.630170703489267
Is the audio behind by a bit?,neither,0.04586238753960165,0.3494784665238699,0.6046591459365286
Meatstick returns!,neither,0.03945320844208391,0.33037608806864915,0.630170703489267
how do you fix the audio sync>,neither,0.05327107394190521,0.35207213199268533,0.5946567940654095
My dice!,neither,0.02599668485181669,0.43788423367852514,0.5361190814696583
have you tried turning it off and turning it back on again?,neither,0.04239549872343362,0.36228782472074966,0.5953166765558167
I better warm up my character introduction pastebin for the Doctor Who RPG.,neither,0.02626697668259845,0.43139705273733814,0.5423359705800634
they are gone on the alpha site too?,neither,0.054108728219171426,0.2988668196990001,0.6470244520818286
lol,neither,0.020706217963973744,0.4882283491876925,0.4910654328483337
#theyknow,neither,0.03945320844208391,0.33037608806864915,0.630170703489267
bidet from Milwaukee,neither,0.04066490145509902,0.30981049537100724,0.6495246031738937
Bidet,neither,0.03945320844208391,0.33037608806864915,0.630170703489267
Theyll figure it out,neither,0.03459994909482981,0.3450217434324203,0.6203783074727498
Hello everybody!!!,neither,0.03945320844208391,0.33037608806864915,0.630170703489267
gandsCrit gandsCrit,neither,0.03945320844208391,0.33037608806864915,0.630170703489267
Uuuugh YES MEATSTICK!,neither,0.03945320844208391,0.33037608806864915,0.630170703489267
I have it on 3 devices at the moment and it's out of sync different on each,neither,0.029857096132176582,0.3438280967492435,0.6263148071185799
#AudioSyncIssues,neither,0.03945320844208391,0.33037608806864915,0.630170703489267
"im mr meatstick, look at me",neither,0.03199354061456279,0.42768710645348246,0.5403193529319548
out of sync for me as well,neither,0.021194797975077475,0.39382956075905523,0.5849756412658672
Audio looks around half a second ahead of video.,neither,0.04286558304417498,0.2724591854831033,0.6846752314727218
#TheyKnow,neither,0.03945320844208391,0.33037608806864915,0.630170703489267
audio not synched,neither,0.03798429109608333,0.3359028173923576,0.626112891511559
I refreshed and it made it much worse.,neither,0.03843608049095763,0.1743811755201924,0.78718274398885
god this audio,neither,0.03935900774078183,0.3319749198139854,0.6286660724452328
Norm! I mean...Grog!,neither,0.03945320844208391,0.33037608806864915,0.630170703489267
damn missed the dice,offensive_language,0.04400309480650283,0.7492356963205392,0.2067612088729579
hell my grandmother taught me to tead comics Taliesin,offensive_language,0.03168066724415329,0.7187055710827704,0.2496137616730763
audio is desynced. i wonder if they know Kappa,neither,0.031312219316377496,0.36622811428246865,0.6024596664011538
I got the HR stapler by my name <3,neither,0.030324089256363256,0.4490909547178727,0.520584956025764
my Critical role d20 only roles 1's and 20's lol,neither,0.02753824292569198,0.3916462462798432,0.5808155107944648
tbd rpg is so good!,neither,0.05371581062743705,0.4071450768424978,0.5391391125300652
Hey ebellybuddy,neither,0.03945320844208391,0.33037608806864915,0.630170703489267
@GeekandSundry the audio is off by a second or 2,neither,0.04597741435335371,0.34979967052750316,0.6042229151191432
i ready for meatstick,neither,0.030736901247085696,0.28695379466960164,0.6823093040833126
out of synch here too,neither,0.10260551974981384,0.30390566429822796,0.5934888159519582
damnit...I wouldn't have noticed the audo sync but not I can't not see it,neither,0.0342454004547358,0.33536858781782564,0.6303860117274386
Meat stick is great. Matt nails an Ood voice.,neither,0.043243122636252046,0.30955635268250287,0.6472005246812451
Yeah those characters are great.,neither,0.06058380051598477,0.3088971400331341,0.630519059450881
the sync issue is on the GnS end,neither,0.042515865206412214,0.3109161617459508,0.6465679730476369
motherfucker!!!!! ............congrats on the dice guys.....,neither,0.03669980230210474,0.32968201928263796,0.6336181784152574
Bidet Critters <3,neither,0.03945320844208391,0.33037608806864915,0.630170703489267
Audio is off,neither,0.04817463727518112,0.327376388766573,0.624448973958246
Can someone PM me the survey link? Chats too fast D:,neither,0.034474522073286974,0.34386677738039795,0.6216587005463152
Ok... did I miss Sam?,neither,0.03322226154052497,0.33329666818003756,0.6334810702794375
Yeah it's a lil wonky,neither,0.018449880561550894,0.47368488836690054,0.5078652310715486
Audio is great for me!,neither,0.03295609820422687,0.31736343009113804,0.6496804717046352
hell,offensive_language,0.04200371988054301,0.9217873149033805,0.03620896521607647
Chinese Boy Band Out of Sync - Thank you Cinematic Titanic for that joke...,neither,0.038614789428907996,0.3744661552458972,0.5869190553251948
Yay!!! First time!!!,neither,0.031152140030378882,0.3533982780206393,0.6154495819489818
bidet bidet bidet,neither,0.03945320844208391,0.33037608806864915,0.630170703489267
Listening to soundbites of Sam on Guild Wars 2 while also listening to Sam on CR.,neither,0.042419341427479725,0.3383608549545137,0.6192198036180067
audio is out of sync for me too even after i refreshed,neither,0.031040969007857654,0.36167986122144813,0.6072791697706943
Desync,neither,0.03945320844208391,0.33037608806864915,0.630170703489267
woo finally made it into twitch!,neither,0.0384866483918806,0.33070853239210757,0.630804819216012
When was the dice?!,neither,0.028212438306650132,0.36772915405436307,0.6040584076389868
"So happy to enjoy CR with two of my best friends tonight, @elitewolf1 and @keedae47 , whom is finally live!!!",neither,0.03461620811074518,0.36632947105918695,0.5990543208300678
He tweeted out he would be.,neither,0.044784588481412445,0.3402788818377411,0.6149365296808466
pleeeease someone gif that tentacle mouth Matt made,neither,0.037074123321578965,0.35607005199863195,0.6068558246797889
That Golden Girls shirt,neither,0.023909072029779186,0.44177163890442284,0.534319289065798
Out of sync here also,neither,0.09294834770601322,0.30273033345505884,0.604321318838928
Welcomes back all long time viewers and subs! <3,neither,0.03890773678613002,0.3605939819683741,0.600498281245496
so im not the only one with audio sync issues?,neither,0.029293069135442423,0.42310154177964443,0.5476053890849132
sound is a little out of sync,neither,0.042774662865488804,0.3521266548104076,0.6050986823241036
Out of sync here too,neither,0.10260551974981384,0.30390566429822796,0.5934888159519582
out of sync here as well,neither,0.08464214776067491,0.3435486044179611,0.571809247821364
panicBasket,neither,0.03945320844208391,0.33037608806864915,0.630170703489267
Hope Darin comes back,neither,0.08843264200601574,0.1944498428985762,0.7171175150954081
@how can you catch up on the doctor who thing?,neither,0.04716257509497176,0.46204456842059927,0.49079285648442883
Where is the survey?,neither,0.05801350487136781,0.24015946523463783,0.7018270298939943
@xEoj Ooo West Loop is fun!,neither,0.04515348770736192,0.32841550063957975,0.6264310116530584
refresh to fix audio,neither,0.04430095721210849,0.32751900516250293,0.6281800376253885
bidet,neither,0.03945320844208391,0.33037608806864915,0.630170703489267
<3,neither,0.03945320844208391,0.33037608806864915,0.630170703489267
desync,neither,0.03945320844208391,0.33037608806864915,0.630170703489267
"Critical Role guest Noelle StevensonCreator of NIMONA, writer on LUMBERJANES, RUNAWAYS, and WANDER OVER YONDER. https://twitter.com/Gingerhazing",neither,0.03586532917813593,0.3715909134091697,0.5925437574126943
yay audio dsync,neither,0.03945320844208391,0.33037608806864915,0.630170703489267
yep audio out of sync,neither,0.035678393614574554,0.344786838425434,0.6195347679599915
great episode marisha :),neither,0.037315186336621224,0.3017634124565394,0.6609214012068394
out of sync audio on both html5 and default player,neither,0.03116727114857571,0.38587947308178616,0.5829532557696381
fix this audio issue AHHH!!!,neither,0.03939070847300804,0.33143687565578833,0.6291724158712038
#THEYKNOW,neither,0.03945320844208391,0.33037608806864915,0.630170703489267
audio is out of sync,neither,0.042732517298615026,0.34463283578829546,0.6126346469130894
sound is off alil,neither,0.051177648542625714,0.32634351548680773,0.6224788359705666
"It's-a me, Marisha! :)",neither,0.020928709296978248,0.4277646322666584,0.5513066584363633
SWEEET!,neither,0.03945320844208391,0.33037608806864915,0.630170703489267
SYYNNNNNCCCCCC,neither,0.03945320844208391,0.33037608806864915,0.630170703489267
"audio is fucked, yo.",offensive_language,0.05015983887414705,0.7330888760424039,0.2167512850834491
desynced. refresh doesn't fix,neither,0.03945320844208391,0.33037608806864915,0.630170703489267
resub hype for me,neither,0.024982608008409058,0.34192659221594135,0.6330907997756495
Anyone else seeing their mouths not synced with audio?,neither,0.032006388585285095,0.35585467423834577,0.6121389371763691
Don't you tell me what to do!,neither,0.0710806089381719,0.42682986969239084,0.5020895213694374
"Buenos nachos from San Antonio, bitches!",offensive_language,0.011079133405209975,0.988540513231286,0.00038035336350406837
#theyknow,neither,0.03945320844208391,0.33037608806864915,0.630170703489267
Matt that was adorable,neither,0.03586227626035998,0.37004759431641354,0.5940901294232265
it is a weird episode,neither,0.04629521146362091,0.32802280948537155,0.6256819790510076
"Not gonna be able to watch live, sadly. didn't catch last episode fully, and I hate being confused. So Imma watch that. Also, ""Where's Larkin?"" Tattoo is in the design/ fund raising/ hunting-down-good-artist-in-area phase",neither,0.07160770505176622,0.33651590020610855,0.5918763947421252
"yeah, it's pretty bad",neither,0.01864653559761127,0.4561800686588662,0.5251733957435225
audio sync issues. proof show is prerecordec,neither,0.057662270625565316,0.27269881780115773,0.6696389115732768
"mine is out of sync as well, even after reloading. probably just something on their end. no big deal <3",neither,0.026385029476023027,0.4316109918362091,0.5420039786877677
audio still borked,neither,0.03850086584548503,0.3465398273490562,0.6149593068054587
I refreshed and it is out of sync still....,neither,0.03962538557972006,0.3168870723535928,0.6434875420666871
