text,top_class,hate_speech,offensive_language,neither
The contract said unspoiled. Doty was torn apart,neither,0.038738527452495265,0.32032076927014164,0.6409407032773632
episode 100 who kows what will happen,neither,0.04573818941091696,0.35968209352513897,0.5945797170639442
but but denise.... the world doesnt breathe Kappa,neither,0.034678345773146185,0.33231224221454164,0.6330094120123122
I know what'll happen,neither,0.04569920627004944,0.32591817536756207,0.6283826183623885
"subbed with amazon prime, cant wait for this weeks episode now :D",neither,0.03003994189673598,0.3345776996452678,0.6353823584579963
big things will happen,neither,0.025572187574492446,0.3684281943825153,0.6059996180429923
that's what,neither,0.04275675352240927,0.41454745267075815,0.5426957938068324
With every breath? That's a lot of carbon inhalation,neither,0.029049186313205928,0.38732254691481377,0.5836282667719803
"@Rav_Bunneh, maybe they will reconstruct him and pop him in a closet somewhere",neither,0.04042948586243169,0.2795003682012034,0.6800701459363648
wooohoo!!! <3,neither,0.03945320844208391,0.33037608806864915,0.630170703489267
what is unspoiled?? people? objects? the contract wasnt specific,neither,0.06729513427842039,0.3138272623989785,0.6188776033226011
RIP Dotty,neither,0.03945320844208391,0.33037608806864915,0.630170703489267
never know,neither,0.03245434410097927,0.4026638906866461,0.5648817652123748
Yay talks machina!,neither,0.03945320844208391,0.33037608806864915,0.630170703489267
Who was that large woman? Was that Denise?,neither,0.03240213534083123,0.4686495817838856,0.49894828287528314
gandsSubHype gandsSubHype gandsSubHype gandsSubHype gandsSubHype gandsSubHype,neither,0.03945320844208391,0.33037608806864915,0.630170703489267
Move yer heed,neither,0.03945320844208391,0.33037608806864915,0.630170703489267
"nooooo, Dooty!!!",neither,0.03945320844208391,0.33037608806864915,0.630170703489267
"@dudemanbro000 , not interferred with, in one piece",neither,0.025774857771230987,0.4125385433871409,0.5616865988416282
if there is gonna be a new Doty 2.0... then Tary needs to make it have Auto-Repair feature,neither,0.03622691306031193,0.3152771874852084,0.6484958994544797
*starts breathing really fast*,neither,0.03945320844208391,0.33037608806864915,0.630170703489267
Sound?,neither,0.03945320844208391,0.33037608806864915,0.630170703489267
and stahp yelling at Denise,neither,0.03809304654687831,0.3159412241070593,0.6459657293460624
"""With every breath the world takes my power increases""",neither,0.024364845374507272,0.404268979638218,0.5713661749872746
HAI,neither,0.03945320844208391,0.33037608806864915,0.630170703489267
not to be a major grammarnazi or anything... but I think that statement needs at least one comma in it,neither,0.03685645527102371,0.3911744358012292,0.5719691089277472
#FreeDenise,neither,0.03945320844208391,0.33037608806864915,0.630170703489267
Doty 2.0 should be a bear :),neither,0.057230950456965975,0.3859341729580696,0.5568348765849644
geekandsundry is online. RevloBot is now tracking loyalty.,neither,0.05157974116510514,0.3262052173957376,0.6222150414391574
how long before it begins?,neither,0.035012313582230344,0.38266003036766577,0.5823276560501038
"lol, Sam wouldn't do that",neither,0.030003752581735744,0.42133015404902213,0.5486660933692422
no commas...I prefer ellipses,neither,0.03871178707976748,0.34295994354272563,0.618328269377507
"The fact that sam grabbed the book, suggests it happened to Tary before",neither,0.036883648775803586,0.3706578369073039,0.5924585143168924
"Doty 2.0, where he can shrink and be pocket size.",neither,0.045440798750580685,0.26847941124512276,0.6860797900042964
like 17 minutes,neither,0.051363767803046675,0.3475247090680592,0.601111523128894
they should make doty like the suits from iron man,neither,0.057554239177117925,0.38994632980834254,0.5524994310145395
anyone know if Tary has backblaze for dotie,neither,0.018495046273512974,0.3478847903714437,0.6336201633550433
about 15 minutes before show start,neither,0.046511609202131654,0.3427535081171483,0.6107348826807201
oh shiit.. totaly forgot about this today :D,neither,0.04088384893995347,0.2971254786311785,0.6619906724288681
Doty 2 that turns into an Iron Man armor,neither,0.037065839125284175,0.3972565423993213,0.5656776184753944
Brian with a beard does things to me,neither,0.022207575776924792,0.47009531644562924,0.5076971077774459
Brian is so wonderful :D,neither,0.04695603465166146,0.3691672706498017,0.5838766946985369
Why would the world take your power increases? That's just mean.,neither,0.04093255502354443,0.36753688536292994,0.5915305596135255
I *** LOVE THIS SONG. Seriously I want to know where the fuuuuu*ck to get it,neither,0.045519480559704326,0.31154328937979026,0.6429372300605054
"@Asariel3, that works too, as long as I don't have to use them (didn't make it to school during the time that they were teaching how to use them)",neither,0.019250421592655387,0.45740606728044797,0.5233435111268967
"@SpeedDemonStar, With every breath the world takes my power, increases. <==fixed",neither,0.025809527564131757,0.39609079070034936,0.578099681735519
@Compel_Bast when did Sam grab the book I missed that part,neither,0.030712379123691253,0.37563158074585823,0.5936560401304505
is Denise the final boss?,neither,0.047073036423176985,0.3107788710786969,0.6421480924981261
@SpeedDemonStar :::),neither,0.03945320844208391,0.33037608806864915,0.630170703489267
brb,neither,0.03945320844208391,0.33037608806864915,0.630170703489267
who here has started breathing faster for DENISE?,neither,0.06422752518979208,0.32023870316546216,0.6155337716447458
omg who beheaded trinket?,neither,0.04052180603743835,0.434971414763008,0.5245067791995537
Denise is the final boss of the universe,neither,0.04423706036628512,0.30418417195504827,0.6515787676786666
lol,neither,0.020706217963973744,0.4882283491876925,0.4910654328483337
possibly the multiverse,neither,0.038372653207642965,0.3105039192898759,0.6511234275024811
"@Muntface, *winces*",neither,0.03945320844208391,0.33037608806864915,0.630170703489267
awww,neither,0.03945320844208391,0.33037608806864915,0.630170703489267
"@Vurrgh, he grabbed the book almost as soon as doti fell I think",neither,0.03795899387407106,0.3851703821582449,0.5768706239676841
cant see,neither,0.03945320844208391,0.33037608806864915,0.630170703489267
wait a sec is that... wow,neither,0.042825775385714956,0.36442518764403103,0.5927490369702539
who's that brian and Ashley?,neither,0.0358557398151872,0.3829490276768839,0.5811952325079289
Hello folks :),neither,0.03945320844208391,0.33037608806864915,0.630170703489267
wow,neither,0.03945320844208391,0.33037608806864915,0.630170703489267
Poor Ashley...,neither,0.03945320844208391,0.33037608806864915,0.630170703489267
We have a subscriber-only Discord server! Join here: https://discord.gg/geekandsundry (you'll need to sub and link it to your Twitch) and be a part of the fun!,neither,0.09599275848176793,0.2819530604707182,0.6220541810475139
LOL,neither,0.020706217963973744,0.4882283491876925,0.4910654328483337
D.E.N.I.S.E is Asmodians boss,neither,0.05282228103668591,0.3257778509564865,0.6213998680068277
"@SpeedDemonStar, LUL",neither,0.03945320844208391,0.33037608806864915,0.630170703489267
"@Snitramtak, looks like it",neither,0.05512309142879263,0.35740254442668296,0.5874743641445244
"@Muntface, thats how I remember it too",neither,0.0376660667181953,0.3355649768192614,0.6267689564625433
was kinda dark but I think it was brian and ash,neither,0.03631145143356464,0.3091245643849825,0.6545639841814529
"Talks Machina guest Noelle StevensonCreator of NIMONA, writer on LUMBERJANES, RUNAWAYS, and WANDER OVER YONDER. https://twitter.com/Gingerhazing",neither,0.03558973880369487,0.3748766816601427,0.5895335795361626
The D.E.N.I.S.E. system,neither,0.03822330179312246,0.3076522537423983,0.6541244444644794
Hi Denise!!,neither,0.03945320844208391,0.33037608806864915,0.630170703489267
hey denise!,neither,0.03945320844208391,0.33037608806864915,0.630170703489267
what dis that guy hold up?,neither,0.03767063180614421,0.41988514981214675,0.542444218381709
Hi Denise :) xxx,neither,0.03945320844208391,0.33037608806864915,0.630170703489267
denise hand,neither,0.03945320844208391,0.33037608806864915,0.630170703489267
Poor Ashley? What did I miss,neither,0.03781936217795834,0.3292792178716271,0.6329014199504146
All hail Queen Denise,neither,0.0411540430200895,0.3988455098162122,0.5600004471636982
throws dagger past @Muntface 's face,neither,0.03945320844208391,0.33037608806864915,0.630170703489267
"Denise is a ""HAND"" model",neither,0.04872594603108397,0.3271867684048228,0.6240872855640933
love this music,neither,0.03535883441880846,0.3512913545446099,0.6133498110365816
"Help G&S make great content! $4.99/month gets you emotes, Minecraft server access, Sub Only Q&As, VODs, and more! Every sub keeps the channel alive! twitch.tv/geekandsundry/subscribe",neither,0.043092924924402844,0.32365565443818894,0.6332514206374082
@jpcguy89 She was forced to stand for a picture with Brian,neither,0.03238203243600848,0.3855800344256515,0.5820379331383401
"@jpcguy89, old picture of who we believe to be Ashley and Brian",neither,0.04367291343140027,0.3450611646819169,0.6112659218866828
This guy still has a job?,neither,0.038408441103848515,0.3481085164239826,0.6134830424721689
"""Hand"" jockey*",neither,0.03945320844208391,0.33037608806864915,0.630170703489267
bidet,neither,0.03945320844208391,0.33037608806864915,0.630170703489267
15 minutes?,neither,0.03945320844208391,0.33037608806864915,0.630170703489267
Oh,neither,0.051363287716059566,0.22255663153133606,0.7260800807526044
"@SpeedDemonStar, I roll to intercept the dagger!",neither,0.04368377511871574,0.3155029133882173,0.6408133114930671
Bidet and Beep Beep from Baltimore...,neither,0.039689218340961965,0.26234570384284134,0.6979650778161967
denise deserves all,neither,0.042007796308410617,0.4310059871578024,0.526986216533787
wonders what Brian could possibly be writing,neither,0.0430533359923267,0.33027309803237853,0.6266735659752948
btw is Ashley done with taping Blindspot for this season?,neither,0.03203389586846732,0.3403301594072958,0.6276359447242368
So is Denise Cthullu?,neither,0.06287845562653366,0.4363549250209663,0.5007666193525001
Hello from Vancouver BC Internet,neither,0.04041541339634512,0.3140449588400098,0.6455396277636452
I don't get the sign...,neither,0.037774830236940234,0.3214707216017864,0.6407544481612734
I'm one with the Vox and the Vox is with Me,neither,0.018314671175877442,0.39869549021647754,0.5829898386076451
"@Muntface, while you're distracted by that dagger, another flies by, missing your face by milimeters",neither,0.10378528078795356,0.3827124953566746,0.5135022238553718
@thedeadlypidgeon ...Denise deserves everything...,neither,0.03945320844208391,0.33037608806864915,0.630170703489267
Brian is rehearsing his lines,neither,0.07531334689937778,0.328117767377461,0.5965688857231611
Howdy y'all from Dallas,neither,0.04324940744025782,0.3982080527344978,0.5585425398252444
"my guess would be that she's close to finishing a season, aurice",neither,0.033430432979688146,0.4713306194384917,0.49523894758182013
Cthullu is denises *** pardon my french,neither,0.03330008787741226,0.4388359377691436,0.5278639743534441
"Give us the Peace sign, Denise...or just wave.",neither,0.06018351144021666,0.3293651954506795,0.6104512931091037
Greetings all,offensive_language,0.046917543854519406,0.6277741405869331,0.3253083155585475
"@SpeedDemonStar, its ok I got a 4 ninjaaR",neither,0.030229753495180322,0.3954658234913254,0.5743044230134943
Denise is Skynet in disguise,neither,0.048704470872248815,0.3271941546967026,0.6241013744310487
Bidet from Minnesota,neither,0.04071751644889743,0.3089174816120565,0.6503650019390461
"I think Brian is trying to melt into that chair, becoming one with it lol",neither,0.03347219748424311,0.4073827830726051,0.5591450194431516
*** love this music,neither,0.03535883441880846,0.3512913545446099,0.6133498110365816
bidet from erie,neither,0.04228451509352876,0.2823214250720796,0.6753940598343917
Denise bunny ears and a thumbs up if it pleases you,neither,0.03199886590962078,0.409788201704105,0.5582129323862743
What song is this?,neither,0.05996683045653229,0.33256274023851656,0.6074704293049512
gandsGandsVaxSigil gandsGandsVaxSigil gandsGandsVaxSigil gandsGandsVaxSigil,neither,0.03945320844208391,0.33037608806864915,0.630170703489267
"maybe filming 2 final episodes for the season, depending on whether they're picked up for season 3 or not/",neither,0.037614588991040324,0.31151248762185,0.6508729233871097
omg yeah I think brian is rehearsing his lines...,neither,0.04747357816888455,0.40592433038905323,0.5466020914420622
@marine2874 or having a really epic convo with a hell bat,offensive_language,0.03329273221722228,0.6149905246157882,0.35171674316698964
"May the Rage be with you, always.",neither,0.0406196295815766,0.4209008921231868,0.5384794782952367
I welcome our Denise overlord.,neither,0.03945320844208391,0.33037608806864915,0.630170703489267
can we have Denise fanart of her as the master overlady,offensive_language,0.028860175293691535,0.5337196069060057,0.4374202178003027
"I know Brian is just practicing, but it looks like he's having a Christian Bale meltdown",neither,0.04924544370649361,0.35919807427616446,0.5915564820173419
"@Muntface, so my attempt at missing, actually hit you by you failing? not sure it works that way, but we'll go with that",offensive_language,0.033583926922808344,0.5872727050112705,0.37914336806592114
hi Denise,neither,0.03945320844208391,0.33037608806864915,0.630170703489267
HI DENISE,neither,0.03945320844208391,0.33037608806864915,0.630170703489267
Hey Gang,neither,0.03945320844208391,0.33037608806864915,0.630170703489267
HI DENISE,neither,0.03945320844208391,0.33037608806864915,0.630170703489267
that or he is practicing the butchered name calling,neither,0.04617794589147232,0.34603682723170914,0.6077852268768186
:D :D :D :D :D,neither,0.03945320844208391,0.33037608806864915,0.630170703489267
ehhhhhh,neither,0.03945320844208391,0.33037608806864915,0.630170703489267
Bunny Ears achieved,neither,0.03945320844208391,0.33037608806864915,0.630170703489267
bidet,neither,0.03945320844208391,0.33037608806864915,0.630170703489267
DENISE,neither,0.03945320844208391,0.33037608806864915,0.630170703489267
Heyo,neither,0.03945320844208391,0.33037608806864915,0.630170703489267
@aurice_heartly yeah i think they're done,neither,0.03558464449247865,0.422339128555845,0.5420762269516765
gandsGandSDenise gandsGandSDenise gandsGandSDenise gandsGandSDenise gandsGandSDenise gandsGandSDenise gandsGandSDenise gandsGandSDenise gandsGandSDenise gandsGnSLadders gandsGnSLadders gandsGnSLadders gandsGnSLadders gandsGnSLadders gandsGnSLadders gandsGnSLadders gandsGnSLadders gandsGnSLadders,neither,0.03945320844208391,0.33037608806864915,0.630170703489267
How's everyone?,neither,0.0311195361412112,0.47182025616606055,0.4970602076927283
I assume Sam is late?,neither,0.046592606534683015,0.3279205216832031,0.6254868717821139
"I like watching Brian, he looks like he's lecturing someone and I have no iea what he's saying so its entirely possible he is",neither,0.056355640029524715,0.3490501717929793,0.594594188177496
long may she rein,neither,0.043008506566626394,0.40460824928037337,0.5523832441530002
We see Brian in his weekly routine of talking to himself,neither,0.06128285187292773,0.33055439763232713,0.608162750494745
gandsGandSDenise gandsGandSDenise,neither,0.03945320844208391,0.33037608806864915,0.630170703489267
I thought DENISE was a computer?,neither,0.042747701763576,0.225710481770933,0.731541816465491
gandsGandSDenise gandsGandSDenise,neither,0.03945320844208391,0.33037608806864915,0.630170703489267
Does anyone know the name of this current song,neither,0.02838362382968998,0.41998978968788736,0.5516265864824228
=:3,neither,0.03945320844208391,0.33037608806864915,0.630170703489267
How now brown cow,neither,0.03945320844208391,0.33037608806864915,0.630170703489267
too bad we won't see Denise's hand choking Brian,neither,0.036956537327260765,0.3357988979725683,0.627244564700171
"@SpeedDemonStar, <derping intensifies> :D",neither,0.03945320844208391,0.33037608806864915,0.630170703489267
"@teleprari, it's not time for it to start yet :P",neither,0.03497833259307089,0.32296301024811863,0.6420586571588104
is Brian actually sitting there doing all this miming and prep? Or is this recorded LOL,neither,0.043302196433463995,0.3472775202195465,0.6094202833469896
Brian was on Signal Boost :D,neither,0.03739127278169719,0.3412351975326563,0.6213735296856465
@aurice_heartly Denise is a Android.,neither,0.05342760768532419,0.3255696513644016,0.6210027409502743
Love the music,neither,0.03424036505897524,0.32627251671334745,0.6394871182276773
DENISE>> How about a game of chess?,neither,0.03666071188869886,0.3113592463079227,0.6519800418033784
!denise,neither,0.03945320844208391,0.33037608806864915,0.630170703489267
"D.E.N.I.S.E. - Digital Entertainment Network Intelligence System Executor. She sits on a chair, she loves Harry Potter and she likes Skyrim. Denise is the pilot of this crazy plane.",neither,0.03925417849332396,0.448866361200245,0.5118794603064311
Denise > HAL,neither,0.03945320844208391,0.33037608806864915,0.630170703489267
"@Muntface, we can just assume that I threw correctly, but it scared you enough that you passed out and it hit you on your way down by you leaning into it?",offensive_language,0.0679591489934168,0.4723956659915424,0.45964518501504087
"@Nurrek Its called ""Electric Hell"" from our Syrinscape playlist",offensive_language,0.037180071604685394,0.5995734815391437,0.3632464468561711
"Don't want to play chess, I want to play Global Thermonuclear War",neither,0.04817168874389731,0.32072367045776085,0.6311046407983417
@Dumfawks Denise waved and gave the peace sign which someone asked her to do,neither,0.03697117255385396,0.41257054557673495,0.550458281869411
so this is livev,neither,0.057692595345134906,0.4206183136808414,0.5216890909740237
is this show real?,neither,0.063209605983431,0.39299510223362566,0.5437952917829433
"@SpeedDemonStar, its a deal",neither,0.03167330211788532,0.33305195460583314,0.6352747432762816
DENISE>> The Only winning move is not to play!!!!,neither,0.05080728168534539,0.3148321392530769,0.6343605790615778
Denise and Joshua will play a game of Tic-Tac-Toe,neither,0.03937533965294888,0.265201663777996,0.695422996569055
finally subbed feelsgoodman,neither,0.03945320844208391,0.33037608806864915,0.630170703489267
@denisebrr thanks!,neither,0.035884468650613,0.3004919205142699,0.6636236108351171
"Brian foster, shoe on head or pre-recorded :D",neither,0.03698493237207211,0.35332924144328925,0.6096858261846386
Yes this show is real.,neither,0.05826967760661945,0.38144198958925146,0.560288332804129
Bidet Denise and crew. Happy Tuesday.,neither,0.038747826927229306,0.29509959678879183,0.6661525762839788
@Nurrek D.E.N.I.S.E. aims to please.,neither,0.05281923455445044,0.3227806337171881,0.6244001317283615
@jpcguy89 OR DID SHE,neither,0.041798721470601784,0.46556504305025376,0.49263623547914454
Denise puts the 'D' in D.E.N.I.S.E.,neither,0.03827271130633941,0.3085991319807014,0.6531281567129592
