text,top_class,hate_speech,offensive_language,neither
Bidet from Malaysia!,neither,0.04228451509352876,0.2823214250720796,0.6753940598343917
@kippynipfuntime Welcome to the present!,neither,0.04522510730978394,0.3106402228789771,0.6441346698112388
Bidet from Montreal!,neither,0.04062582848913359,0.31047366557575606,0.6489005059351104
bidet from arizona,neither,0.04078317879478948,0.307803020237201,0.6514138009680096
Bidet from Grand Rapids!!,neither,0.040853311764050625,0.30661268071637476,0.6525340075195746
"houston, tx",neither,0.03945320844208391,0.33037608806864915,0.630170703489267
im still seing schedule,neither,0.038044333244191535,0.3687212347933808,0.5932344319624276
Critters all over WA huh? Nice,neither,0.03831581981689139,0.3920848913186034,0.5695992888645054
Bidet from NC,neither,0.04066490145509902,0.30981049537100724,0.6495246031738937
First ever time watching a live episode. Bidet from Canada! :D,neither,0.03730785044338232,0.33217605176610576,0.630516097790512
I just finished watching ep 93 like 30 minutes ago lol,neither,0.03776305842653315,0.38039616513511526,0.5818407764383516
bidet from toronto,neither,0.04066490145509902,0.30981049537100724,0.6495246031738937
refresh,neither,0.03945320844208391,0.33037608806864915,0.630170703489267
"@GaeaCa I'm both jealous of having known about CR that long, and impressed with that dedication! @Hepaticportalgun I do not know why I know that random medical knowledge, but it works dude, it works so well.",neither,0.026904080886031738,0.39934927130642417,0.5737466478075441
cutting it close to start the stream?,neither,0.04249593455269798,0.3160167735472211,0.6414872919000808
Pike hype,neither,0.03945320844208391,0.33037608806864915,0.630170703489267
Beep Beep from woodland hills,neither,0.04069404815304118,0.30931579984010865,0.6499901520068502
UK Critters <3 (ﾉ◕ヮ◕)ﾉ*:･ﾟ✧,neither,0.03945320844208391,0.33037608806864915,0.630170703489267
refresh,neither,0.03945320844208391,0.33037608806864915,0.630170703489267
HEEEEY,neither,0.03945320844208391,0.33037608806864915,0.630170703489267
bidet,neither,0.03945320844208391,0.33037608806864915,0.630170703489267
"Also, I think doty should have had more health then that.",neither,0.04676115597905936,0.38179759741866814,0.5714412466022725
LOL,neither,0.020706217963973744,0.4882283491876925,0.4910654328483337
Stream is up,neither,0.045475273565137704,0.38726277146109006,0.5672619549737722
Bidet from RI,neither,0.04069404815304118,0.30931579984010865,0.6499901520068502
LICE SYNC TEST,neither,0.03945320844208391,0.33037608806864915,0.630170703489267
"Bidet from Austin, Texas!",neither,0.04055041785557119,0.31175358083338084,0.6476960013110479
Sam's on time?!?!?!,neither,0.03474154687219552,0.37020621699007356,0.5950522361377308
This Week's Official Fan Art Gallery: http://geekandsundry.com/critical-role-fan-art-gallery-and-back-to-hell-again/,neither,0.03939319925338545,0.4080099936620898,0.5525968070845247
just_reckless -> Only those that we deem worthy shall possess the power of the Hyperlink [warning],neither,0.048140585852785724,0.2990817588418225,0.6527776553053918
Hello @GaeaCa,neither,0.03945320844208391,0.33037608806864915,0.630170703489267
!nightbot what time does critical role start,neither,0.03136284816130186,0.43639509264507437,0.5322420591936239
Happy B-Day @thisisjesscat,neither,0.04023417877537722,0.3072658275026805,0.6524999937219423
@jamiemorrow Just in time!,neither,0.030301954458447782,0.39891765189907363,0.5707803936424786
"Bidet from the Dirty H, TX",neither,0.03958586131481292,0.2956980313425202,0.664716107342667
SYNC!,neither,0.03945320844208391,0.33037608806864915,0.630170703489267
"Any AUSSIE CRITTERS interested in joining an AUSSIE CHAT, PM me.",neither,0.03507359660228348,0.3511747180090702,0.6137516853886464
lol,neither,0.020706217963973744,0.4882283491876925,0.4910654328483337
hey the episode is already named?,neither,0.04434154310855765,0.3294516619596167,0.6262067949318256
beep beep,neither,0.03945320844208391,0.33037608806864915,0.630170703489267
bidet from AZ,neither,0.04078317879478948,0.307803020237201,0.6514138009680096
WOOOOOOOOOO TOKE FOR CRITS AND SHITS,neither,0.03197912381629145,0.2531171418058139,0.7149037343778946
Refresh their sinking,neither,0.03945320844208391,0.33037608806864915,0.630170703489267
bidet from NC,neither,0.04066490145509902,0.30981049537100724,0.6495246031738937
lol,neither,0.020706217963973744,0.4882283491876925,0.4910654328483337
^_^,neither,0.03945320844208391,0.33037608806864915,0.630170703489267
@NiveusMilitis Thanks! I'm so excited never thought I would make it here!,neither,0.0664987240539519,0.2759494666688843,0.6575518092771638
ENGLAND CRITTERS. SAY HI,neither,0.03945320844208391,0.33037608806864915,0.630170703489267
LIVE*,neither,0.04891340716200846,0.3271222919257548,0.6239643009122369
WE'RE GOOD,neither,0.06946568397753006,0.2893242855425197,0.6412100304799503
Bidet from Grand Rapids MI,neither,0.04049294468390485,0.3127290505495843,0.6467780047665108
"Hello Everyone, and welcome to this weeks episode of dungeons and dragons with nerdy-ass voice-actors",offensive_language,0.07420469016683769,0.757596334331234,0.1681989755019284
check,neither,0.03945320844208391,0.33037608806864915,0.630170703489267
"Bidet from Brighton, UK",neither,0.04079557052152802,0.30759270029461827,0.6516117291838538
Why are twitch commercials so friggin loud?,neither,0.04513377339295267,0.3403717139478595,0.6144945126591878
pike the monstah,neither,0.03613032604487659,0.2619290779399786,0.7019405960151449
Uk critters o//,neither,0.03945320844208391,0.33037608806864915,0.630170703489267
It's in sync!!!!,neither,0.03569820204789716,0.33166760695569064,0.6326341909964122
HI,neither,0.03945320844208391,0.33037608806864915,0.630170703489267
Bidet from Ohio,neither,0.040754399270683486,0.3082914838698526,0.650954116859464
hi @Dragonchrome,neither,0.03945320844208391,0.33037608806864915,0.630170703489267
bidet from Denmark,neither,0.04228451509352876,0.2823214250720796,0.6753940598343917
Good morning all my fellow UK brothers and sisters.,neither,0.03698375130036745,0.3131017762315058,0.6499144724681266
Mama Pikes got some parenting to do,neither,0.037541477198873074,0.37656278375590424,0.5858957390452227
This episode is called calming days,neither,0.04729418700090074,0.32917404732065564,0.6235317656784437
REFRESH YOUR STREAM. LIVE.,neither,0.06893879654557193,0.32182909093348744,0.6092321125209407
HI,neither,0.03945320844208391,0.33037608806864915,0.630170703489267
Looks fine to me.,neither,0.03775430161196491,0.3720643981613536,0.5901813002266815
simbilance simbilance simbilance simbilance simbilance simbilance simbilance simbilance simbilance simbilance,neither,0.03945320844208391,0.33037608806864915,0.630170703489267
Twitch FIX YOURSELF FFS :P,neither,0.03945320844208391,0.33037608806864915,0.630170703489267
"its working, sound is currently synced",neither,0.040419375413408044,0.33004377894304215,0.6295368456435498
Puts the max around 40 doesn't it?,neither,0.03786365941966289,0.319451913564923,0.6426844270154141
PikePikePikePikePike,neither,0.03945320844208391,0.33037608806864915,0.630170703489267
"Bidet from Hurst, TX",neither,0.04081748366884477,0.3072207769958956,0.6519617393352596
Audio is in sync,neither,0.048704470872248815,0.3271941546967026,0.6241013744310487
sync is good!,neither,0.057176020302150646,0.32428040037975586,0.6185435793180933
"I miss Scanlan, Tary just isn't cutting it for me saddly",neither,0.02174556943613809,0.35547329484360224,0.6227811357202597
bidet from Wisconsin!,neither,0.04071751644889743,0.3089174816120565,0.6503650019390461
hi,neither,0.03945320844208391,0.33037608806864915,0.630170703489267
"@Curlyiain, :)",neither,0.03945320844208391,0.33037608806864915,0.630170703489267
Hello,neither,0.03945320844208391,0.33037608806864915,0.630170703489267
Woot!!! Pike will be here tonight :D,neither,0.07764251636708394,0.26253228153403924,0.6598252020988767
are we live?,neither,0.09345453297057991,0.26409048349293845,0.6424549835364816
Seems to be anyway,neither,0.04718778709823885,0.330133413719213,0.6226787991825482
hai,neither,0.03945320844208391,0.33037608806864915,0.630170703489267
Next week everyone should spice for 4/20 Kappa,neither,0.03777060124327896,0.40159254210665096,0.5606368566500699
looks synced to me!,neither,0.037183973693895284,0.38593683718319244,0.5768791891229121
"Bidet from Derbyshire, UK~",neither,0.04079557052152802,0.30759270029461827,0.6516117291838538
Sink looks good!,neither,0.03877790235146967,0.33060835679977907,0.6306137408487513
bidet from the uk,neither,0.039613273355342184,0.2892653269430044,0.6711213997016535
Synch is good,neither,0.057176020302150646,0.32428040037975586,0.6185435793180933
seems fine to me,neither,0.037930178639027166,0.36778001869085064,0.5942898026701221
*dabs* we european critter are nuts or tying up this late lmao pray for us,neither,0.06731319199511852,0.32339826990606796,0.6092885380988134
Stream is fine,neither,0.047848997692349154,0.3274883911515082,0.6246626111561426
fruitHey,neither,0.03945320844208391,0.33037608806864915,0.630170703489267
Bidet,neither,0.03945320844208391,0.33037608806864915,0.630170703489267
"DOTY... we can rebuild him. We have the knowledge, we have the technology... the 6million gold piece man!",neither,0.03768208928506536,0.3451735105517301,0.6171444001632046
Canadaian Critters checking in!!,neither,0.03945320844208391,0.33037608806864915,0.630170703489267
Woo tech testing :D,neither,0.03945320844208391,0.33037608806864915,0.630170703489267
LUL,neither,0.03945320844208391,0.33037608806864915,0.630170703489267
alohaaaa,neither,0.03945320844208391,0.33037608806864915,0.630170703489267
gandsFail,neither,0.03945320844208391,0.33037608806864915,0.630170703489267
"FYI The show should start on the hour, or as close to it as they are ready",neither,0.06749661234624564,0.3059703684646407,0.6265330191891135
I like it!,neither,0.06953449037813421,0.37815048807863416,0.5523150215432316
"take a drink for any mention of: ""toothy"", ""physicality"", ""circumstance"", ""you get the sense that...""",neither,0.04098023172230274,0.3604082924909445,0.5986114757867527
Bidet from Thronhill,neither,0.04228451509352876,0.2823214250720796,0.6753940598343917
hi,neither,0.03945320844208391,0.33037608806864915,0.630170703489267
oh wow they are on time maybe XD,neither,0.06437643090071576,0.2737816252210712,0.6618419438782132
KonCha,neither,0.03945320844208391,0.33037608806864915,0.630170703489267
wtf DM BRINGS COFFEE???? #worldhasbeenbroken,neither,0.05324073093043916,0.38300365630440575,0.5637556127651551
Lol,neither,0.020706217963973744,0.4882283491876925,0.4910654328483337
seems good here.,neither,0.09705928153387952,0.28546148721768955,0.617479231248431
gandsApplaud gandsApplaud gandsApplaud,neither,0.03945320844208391,0.33037608806864915,0.630170703489267
Hello!!,neither,0.03945320844208391,0.33037608806864915,0.630170703489267
See you guys next week.,neither,0.05582014418674611,0.3956410447868335,0.5485388110264204
that was it? short episode,neither,0.03444623946658151,0.37236343214321427,0.5931903283902042
is there no Art?,neither,0.04750271948269199,0.2968463595472758,0.6556509209700322
:-D,neither,0.03945320844208391,0.33037608806864915,0.630170703489267
bidet from he,neither,0.053518251272130765,0.2909430436104269,0.6555387051174425
guys this is my first live show!,neither,0.04480381294185262,0.3415301996408166,0.6136659874173307
Bidet from Alaska!,neither,0.04066490145509902,0.30981049537100724,0.6495246031738937
Talisen is wonderful.,neither,0.05044627423290362,0.3265950686495308,0.6229586571175656
@saffirepowerthe1andonly Isn't it like 3 or 4 am in England now??,neither,0.04657820063791859,0.343736428862051,0.6096853705000305
Where is the art?!?!,neither,0.05013438133745346,0.27378732989299576,0.6760782887695508
Talesin :D,neither,0.03945320844208391,0.33037608806864915,0.630170703489267
And this has been live lelovision,neither,0.043755211114568635,0.28445940823294746,0.6717853806524839
holy crap she made me jump!,neither,0.03462299666503027,0.42658324749265997,0.5387937558423097
Reminder we go to sub only chat for live CR,neither,0.04260751902414881,0.31337403900142763,0.6440184419744236
@GaeaCa,neither,0.03945320844208391,0.33037608806864915,0.630170703489267
i'm so excite!,neither,0.03940934168832202,0.38195233036853654,0.5786383279431415
WAIT WAT,neither,0.03945320844208391,0.33037608806864915,0.630170703489267
Yay!!!!,neither,0.03945320844208391,0.33037608806864915,0.630170703489267
there are ads?,neither,0.06920491214773002,0.23537780473385708,0.695417283118413
that was a TEST,neither,0.03434069826461467,0.38721942792245495,0.5784398738129304
Lol,neither,0.020706217963973744,0.4882283491876925,0.4910654328483337
Critical Test,neither,0.03945320844208391,0.33037608806864915,0.630170703489267
bidet,neither,0.03945320844208391,0.33037608806864915,0.630170703489267
Oh god,neither,0.047523175703714664,0.25506489023357065,0.6974119340627147
Omg stream! :D,neither,0.03945320844208391,0.33037608806864915,0.630170703489267
refresh,neither,0.03945320844208391,0.33037608806864915,0.630170703489267
see you next week,neither,0.059278495965361305,0.4050948084076238,0.535626695627015
hahaha,neither,0.03945320844208391,0.33037608806864915,0.630170703489267
That was great.,neither,0.031738606339660885,0.35644657876003094,0.6118148149003082
Fanart?,neither,0.03945320844208391,0.33037608806864915,0.630170703489267
It's all dead,neither,0.040138965051262215,0.44720932084034765,0.51265171410839
Bidet from Maryland!,neither,0.04066490145509902,0.30981049537100724,0.6495246031738937
:),neither,0.03945320844208391,0.33037608806864915,0.630170703489267
I love them soooo much,neither,0.045534660054372754,0.33775840281414604,0.6167069371314812
lulWut,neither,0.03945320844208391,0.33037608806864915,0.630170703489267
"@Geekandsundry, oh thank god a tech test ty",neither,0.042609833174048595,0.30185011200272827,0.6555400548232231
@magicalanimecat 3am,neither,0.03945320844208391,0.33037608806864915,0.630170703489267
Sync-nal Boost?,neither,0.03945320844208391,0.33037608806864915,0.630170703489267
Sync test hype,neither,0.03945320844208391,0.33037608806864915,0.630170703489267
they are early,neither,0.08449969040770391,0.229935043582371,0.6855652660099252
hi all,neither,0.0423466876598404,0.4436528871510691,0.5140004251890904
Synch-nal Boost,neither,0.03945320844208391,0.33037608806864915,0.630170703489267
F5 for all whose stream hasn't started yet,neither,0.03631033992320979,0.35219678218114614,0.6114928778956441
bidet and beep beep,neither,0.03763944115734239,0.1918412352459551,0.7705193235967025
Test,neither,0.03945320844208391,0.33037608806864915,0.630170703489267
bidet from missouri :D,neither,0.04071751644889743,0.3089174816120565,0.6503650019390461
@gaeaCa good luck tonight!,neither,0.03597687667665632,0.307004443818721,0.6570186795046228
bidet from WV,neither,0.04069404815304118,0.30931579984010865,0.6499901520068502
It's broken,neither,0.037495658270904016,0.33104937933716044,0.6314549623919354
nice test,neither,0.03945320844208391,0.33037608806864915,0.630170703489267
Bidet all,offensive_language,0.046917543854519406,0.6277741405869331,0.3253083155585475
"art time, refresh if you dont see it!",neither,0.03336278193870849,0.41981557905466943,0.5468216390066221
That was the best sync test ever!,neither,0.03419372558061518,0.3498670779442359,0.6159391964751489
Bidet,neither,0.03945320844208391,0.33037608806864915,0.630170703489267
6 minutes!! Refresh (live / on art) and get ur snacks!!,neither,0.05337350729241334,0.31397343197611205,0.6326530607314745
waves,neither,0.03945320844208391,0.33037608806864915,0.630170703489267
Bidet!,neither,0.03945320844208391,0.33037608806864915,0.630170703489267
Bidet from the UK,neither,0.039613273355342184,0.2892653269430044,0.6711213997016535
Bidet from The Ohio State University rooHi,neither,0.064689644252752,0.22282710154410337,0.7124832542031446
Ooooh an episode name,neither,0.039800816081554294,0.3244762792431875,0.6357229046752582
Sam's ontime?,neither,0.03945320844208391,0.33037608806864915,0.630170703489267
Sam isnt late!!!,neither,0.03945320844208391,0.33037608806864915,0.630170703489267
towHype towHype towHype towHype,neither,0.03945320844208391,0.33037608806864915,0.630170703489267
bidet,neither,0.03945320844208391,0.33037608806864915,0.630170703489267
bidet from,neither,0.04228451509352876,0.2823214250720796,0.6753940598343917
These Loot Crate ads are getting better and better!,neither,0.06137451219669311,0.3658949649665459,0.572730522836761
Wait what is going on?,neither,0.05036603523256415,0.36954819625621943,0.5800857685112165
"Bidet from Vancouver, First episode as a sub tonight :D",neither,0.03153866765635425,0.3271192479398033,0.6413420844038424
nj,neither,0.03945320844208391,0.33037608806864915,0.630170703489267
"that was fun, see you on ep 95",neither,0.04505657274151361,0.40651570897125094,0.5484277182872356
Dang too bad I can't send you guys a link to discord for unsubscribed people...,neither,0.07332253833034809,0.33336758769039676,0.593309873979255
wait,neither,0.03945320844208391,0.33037608806864915,0.630170703489267
bidet from gatesville TX,neither,0.04081748366884477,0.3072207769958956,0.6519617393352596
thank you @Curlyiain,neither,0.07325166854587051,0.43632638485078484,0.49042194660334476
Thank god,neither,0.03889004343580062,0.3399344679688249,0.6211754885953744
can't wait to meet them at momocon.,neither,0.06257216262866604,0.33709588314501054,0.6003319542263233
"<3 art, UTTERLY THANKS ALL ARTISTS",neither,0.03886837997210085,0.36316337418277594,0.5979682458451232
bidet,neither,0.03945320844208391,0.33037608806864915,0.630170703489267
LETS DO THIS,neither,0.040148419443759686,0.3496283523875733,0.610223228168667
tech with @GeekandSundry always fun times,neither,0.029450246589483288,0.40431411374584786,0.5662356396646688
OMG im glade i caught that XD,neither,0.03457858474392222,0.40746578745586226,0.5579556278002156
yay,neither,0.03945320844208391,0.33037608806864915,0.630170703489267
can i type,neither,0.039902726393373424,0.32274659528689686,0.6373506783197298
holy *** sam is actually here early,neither,0.08771991085871972,0.27767660368869496,0.6346034854525854
"wow, Sam is there on time!?",neither,0.042813632863595075,0.319292996665364,0.6378933704710409
Great episode!,neither,0.037315186336621224,0.3017634124565394,0.6609214012068394
cheer15,neither,0.03945320844208391,0.33037608806864915,0.630170703489267
Bidet from Bochum Germany,neither,0.04069404815304118,0.30931579984010865,0.6499901520068502
Bidet from Arizona,neither,0.04078317879478948,0.307803020237201,0.6514138009680096
my group plays,neither,0.027966325567796133,0.4200996746266587,0.551933999805545
All of them die and get their souls trapped,neither,0.15287451465640048,0.20101084863123428,0.6461146367123652
Go tx,neither,0.040986033902687326,0.3356992020481982,0.6233147640491145
this is going to be my first ever live CR :D,neither,0.03720856662636771,0.4121020342485162,0.550689399125116
apex missions as i wait,neither,0.03795302679293674,0.35583808581679705,0.6062088873902661
Bidet from Atlanta!,neither,0.04078317879478948,0.307803020237201,0.6514138009680096
Test?,neither,0.03945320844208391,0.33037608806864915,0.630170703489267
ahhhhh! so awesome! First time viewing!,neither,0.03392748264711151,0.3751744647843634,0.590898052568525
beep beep from Calgary Canada,neither,0.04071751644889743,0.3089174816120565,0.6503650019390461
"bidet from philly, did an all day brewing equipment stream. full brew coming soon.",neither,0.04969716956598856,0.34124988986693755,0.6090529405670738
bidet from canada!,neither,0.04071751644889743,0.3089174816120565,0.6503650019390461
its a miracle,neither,0.03266664412200374,0.33271029874032065,0.6346230571376755
bidet from vegas!,neither,0.040853311764050625,0.30661268071637476,0.6525340075195746
Thank you talented artists SO MUCH for the great art!!,neither,0.039403120695202166,0.3408934595157575,0.6197034197890404
"@GaeaCa, Well Sam is early for a change, so that will help ;o",neither,0.03947511631011234,0.3313453863926225,0.6291794972972652
is the stream down?,neither,0.04719785357557988,0.3104961173600291,0.6423060290643912
Not only is Sam on time... He's EARLY,neither,0.047583660256063795,0.33687188020617376,0.6155444595377624
lulWut,neither,0.03945320844208391,0.33037608806864915,0.630170703489267
"@LordLaelaps hey mate, you interested in joining a Chat for AUSSIE CRITTERS? Let me know and I'll send you an invite",neither,0.037300722565429725,0.3684505951714563,0.594248682263114
bidet from Virginia,neither,0.04079557052152802,0.30759270029461827,0.6516117291838538
any other Calgary critters in here? Let's play D&D together some time :D,neither,0.044034003984637554,0.35466791178212365,0.6012980842332387
"Such a good episode, see you guys.",neither,0.05385640877847501,0.3711516128924124,0.5749919783291126
Bidet,neither,0.03945320844208391,0.33037608806864915,0.630170703489267
Y it no live,neither,0.04274311919995715,0.3499621666345281,0.6072947141655146
"Honestly, I don't miss Scanlin",neither,0.03185617975010517,0.3329890546021487,0.6351547656477462
Bidet from Baltimore,neither,0.04079557052152802,0.30759270029461827,0.6516117291838538
DUTY BibleThump,neither,0.03945320844208391,0.33037608806864915,0.630170703489267
we can rebuild him,neither,0.039437055174759095,0.33065025117181973,0.6299126936534212
just came on,neither,0.02966992613567119,0.37967599396244023,0.5906540799018887
gandsSubHype gandsMatt gandsAJinSpace gandsDrink gandsTrinket gandsSCANLAN gandsGandsVaxSigil gandsGandsBeardedMen gandsTrinketArmor,neither,0.03945320844208391,0.33037608806864915,0.630170703489267
Bidet from London Uk,neither,0.04041434174027285,0.3140631476403557,0.6455225106193715
"That test was a really good solution, @GeekandSundry gandsPitCrew gandsGandSDenise gandsLessthanthree",neither,0.03574072994001705,0.3660996522774439,0.5981596177825391
AYYYYYYYYYYYYY FIRST LIVE EPISODE EVER,neither,0.03651569843269438,0.3313864324621696,0.632097869105136
bidet from chicago,neither,0.04078317879478948,0.307803020237201,0.6514138009680096
Bidet from Orlando!,neither,0.04062582848913359,0.31047366557575606,0.6489005059351104
Stream is up! Refresh c:,neither,0.04372865021562181,0.3713428252995503,0.5849285244848279
Refresh,neither,0.03945320844208391,0.33037608806864915,0.630170703489267
So an ETA out?,neither,0.03295100771268589,0.42462862877868424,0.5424203635086299
it's live now,neither,0.043921008243056406,0.32883940684344287,0.6272395849135007
@saffirepowerthe1andonly Pretty late! You must be really dedicated. Or nocturnal lol,neither,0.044328876838535154,0.38675634736741366,0.5689147757940511
bidet from San Antonio!,neither,0.040446282760733435,0.31352102516371877,0.6460326920755478
Art!!,neither,0.03945320844208391,0.33037608806864915,0.630170703489267
Are they live yet,neither,0.08070130519364636,0.27389398165065304,0.6454047131557007
I thought yo,neither,0.04554411324639048,0.275594009271083,0.6788618774825265
beep beepBeep beep!,neither,0.03945320844208391,0.33037608806864915,0.630170703489267
"Bidet from Beaumont, TX",neither,0.04081748366884477,0.3072207769958956,0.6519617393352596
@Zhrang Bidet,neither,0.03945320844208391,0.33037608806864915,0.630170703489267
wait that's it???,neither,0.03169881497620921,0.39501210519253876,0.5732890798312521
@jamiemorrow 403 !!,neither,0.03945320844208391,0.33037608806864915,0.630170703489267
thank the gods. bidet from Minnesota!,neither,0.03919627629649443,0.3039961592981414,0.6568075644053643
excellent vax!,neither,0.03945320844208391,0.33037608806864915,0.630170703489267
woo,neither,0.03945320844208391,0.33037608806864915,0.630170703489267
bidet from philippines,neither,0.04228451509352876,0.2823214250720796,0.6753940598343917
"Feel sorry for Sam, we're so excited to see him on time.",neither,0.047264114529886346,0.34128443862541585,0.611451446844698
A sync test you say? CHAT! Roll a perception test against DC 15!!,neither,0.04855145626945126,0.34096351223554094,0.6104850314950077
"In honor of my love for all things D&D, I'm using my brand new 3D printer to print a high quality dungeon tile",neither,0.027914568637356516,0.4458267483500183,0.5262586830126251
Sakura Con is on my bucket list I wish I was going,neither,0.03341956539837987,0.4129729337531487,0.5536075008484715
bidet from TN!!!!!,neither,0.040769555981420263,0.3080342349327864,0.6511962090857933
It's hard to believe that I've been watching this show for 16 Months without missing a day :D,neither,0.025803757867988775,0.4099320097542445,0.5642642323777667
urf,neither,0.03945320844208391,0.33037608806864915,0.630170703489267
Bidet from Arkansas!,neither,0.04066490145509902,0.30981049537100724,0.6495246031738937
Bidet from the U.K,neither,0.039779025773403386,0.2539611253407979,0.7062598488857987
"sam is already there, but he will still be late",neither,0.04670223574633959,0.3119556130872236,0.6413421511664369
SUB ONLY MODE IN 5 MINS!,neither,0.03945320844208391,0.33037608806864915,0.630170703489267
"Bidet from Columbus, Ohio",neither,0.040417606421261354,0.3140077374838422,0.6455746560948964
Beep beep from Kentucky.,neither,0.04071751644889743,0.3089174816120565,0.6503650019390461
#BearBra,neither,0.03945320844208391,0.33037608806864915,0.630170703489267
"Sam discovered time travel, there is no other explanation",neither,0.04279298909242117,0.323453034745621,0.6337539761619577
@drunkenstuntmonkey sure... why not :D,offensive_language,0.019692448570968468,0.5179437194853431,0.4623638319436884
woo,neither,0.03945320844208391,0.33037608806864915,0.630170703489267
Refresh if you do not see the art,neither,0.03421603812128827,0.39694857240136294,0.5688353894773488
Live damn uuuu,offensive_language,0.04966328835030108,0.7713124381386188,0.17902427351108005
Hi guys :),neither,0.03930687933907141,0.3328596748352989,0.6278334458256297
poor dootie,neither,0.03945320844208391,0.33037608806864915,0.630170703489267
Bidet from TEXAS!!! <3,neither,0.040937266849991,0.30518774380265185,0.6538749893473571
bidet,neither,0.03945320844208391,0.33037608806864915,0.630170703489267
Bidet,neither,0.03945320844208391,0.33037608806864915,0.630170703489267
dookie,neither,0.03945320844208391,0.33037608806864915,0.630170703489267
refresh might fix it,neither,0.038294970288361055,0.3307744592814228,0.630930570430216
Bider from Quebec ! <3,neither,0.04228451509352876,0.2823214250720796,0.6753940598343917
Bidet from Southern Maryland,neither,0.04038571096854054,0.31454908655701314,0.6450652024744464
Bidet from CT!,neither,0.04066490145509902,0.30981049537100724,0.6495246031738937
bidet,neither,0.03945320844208391,0.33037608806864915,0.630170703489267
"Bidet from Schertz, TX",neither,0.04081748366884477,0.3072207769958956,0.6519617393352596
welcome all new viewers and subs!,neither,0.04263681915928823,0.28255442613935816,0.6748087547013537
im so glad i remembered it was thursday i was about to jump into a game of League then was like Thursday its almost 9 cst *** i got to stop what im doing,neither,0.044994898008490776,0.4155381087315322,0.539466993259977
"Beep Beep Midland, MI",neither,0.03945320844208391,0.33037608806864915,0.630170703489267
"Beepbeep from Roosendaal, NB, Netherlands, woopwoop!",neither,0.04066490145509902,0.30981049537100724,0.6495246031738937
bidet from Vancouver Canada!!,neither,0.04071751644889743,0.3089174816120565,0.6503650019390461
Bidet!<3,neither,0.03945320844208391,0.33037608806864915,0.630170703489267
Samuel Riegel is Here?!!! :) :),neither,0.23309924666169,0.22544613742661174,0.5414546159116982
mmmm that wait music is so noice,neither,0.04247202037471145,0.3984995240730484,0.5590284555522401
refresh,neither,0.03945320844208391,0.33037608806864915,0.630170703489267
Bidet from poland,neither,0.04228451509352876,0.2823214250720796,0.6753940598343917
refresh did it,neither,0.038008770638658734,0.3308728964648129,0.6311183328965285
whos ready for some RQ talk at the divine gate,neither,0.019982048514478032,0.3276287113907315,0.6523892400947904
W007 w007 tx,neither,0.03945320844208391,0.33037608806864915,0.630170703489267
Anyone else tired of the flying broom?,neither,0.03884345983886521,0.31930861668703714,0.6418479234740976
bidet,neither,0.03945320844208391,0.33037608806864915,0.630170703489267
Bidet from Ottawa,neither,0.04228451509352876,0.2823214250720796,0.6753940598343917
Welcomes back all long times subs and viewers! <3,neither,0.039732328141806474,0.34621601088715354,0.6140516609710399
bidet from california <3,neither,0.06971251856910227,0.2972619859879888,0.633025495442909
Bidet from Louisiana. Beep beep.,neither,0.04062582848913359,0.31047366557575606,0.6489005059351104
Yay,neither,0.03945320844208391,0.33037608806864915,0.630170703489267
Bidet from UK,neither,0.04079557052152802,0.30759270029461827,0.6516117291838538
Refresh if you do not see the art,neither,0.03421603812128827,0.39694857240136294,0.5688353894773488
I need to hit Sakurac,neither,0.050172155150152956,0.3217630117359599,0.628064833113887
Is it dead?!?!,neither,0.05001016046365662,0.32674506817303445,0.6232447713633088
Bidet from Ottawa,neither,0.04228451509352876,0.2823214250720796,0.6753940598343917
woooo,neither,0.03945320844208391,0.33037608806864915,0.630170703489267
Thursday Night is Best Night,neither,0.0327263976942519,0.3225919318691369,0.6446816704366113
gandsDrink gandsRaid gandsDrink gandsDrink gandsDrink,neither,0.03945320844208391,0.33037608806864915,0.630170703489267
I'm so excited to meet Matt at Sakura-Con!,neither,0.04349821830116762,0.37627312178199007,0.5802286599168422
We have opening art!,neither,0.03882779769944783,0.34099094056315876,0.6201812617373934
bidet!,neither,0.03945320844208391,0.33037608806864915,0.630170703489267
bidet from Ecuador!,neither,0.04062582848913359,0.31047366557575606,0.6489005059351104
first time catching the stream. i hate English time zones!,neither,0.09866855606840204,0.29084384493246374,0.6104875989991343
5 minute warning,neither,0.03945320844208391,0.33037608806864915,0.630170703489267
LOL,neither,0.020706217963973744,0.4882283491876925,0.4910654328483337
"Bidet from Opp, Alabama",neither,0.04040974714285343,0.31414112994950705,0.6454491229076396
Bidet!,neither,0.03945320844208391,0.33037608806864915,0.630170703489267
Bidet from UW Madison,neither,0.040354386843928725,0.3150807387011266,0.6445648744549448
Did they cancel?,neither,0.03945320844208391,0.33037608806864915,0.630170703489267
#MistressDenise we love you!!,neither,0.0667431826429772,0.4602730207261189,0.47298379663090395
hey everyone,neither,0.031959242684595296,0.4575682446653829,0.5104725126500218
Beep beep from Iowa!,neither,0.04069404815304118,0.30931579984010865,0.6499901520068502
this is fine,neither,0.052115553537423503,0.3283153780915982,0.6195690683709782
"Bidet from Victoria, BC!",neither,0.04052303010603489,0.3122184224193425,0.6472585474746226
Bidet to one and all from Good Friday in Ireland,neither,0.044885977047305195,0.3584099807818574,0.5967040421708375
bidet all from Baja California,neither,0.07143138404937058,0.38863879274378377,0.5399298232068457
kreygasm100,neither,0.03945320844208391,0.33037608806864915,0.630170703489267
"Bidet from Alberta, Canada!",neither,0.040354386843928725,0.3150807387011266,0.6445648744549448
Bidet from Kentucky.,neither,0.04071751644889743,0.3089174816120565,0.6503650019390461
Bidet from Ontario Canada owo/,neither,0.040354386843928725,0.3150807387011266,0.6445648744549448
"Ugh, I didn't want to wake up yet. This episode better be hilarious... oh, I forgot, it always is :D",neither,0.037971544138817204,0.3819351955251689,0.5800932603360138
"Bidet from Beautiful Vancouver Island, British Columbia!",neither,0.040351008088204195,0.31513808500362145,0.6445109069081744
Welcomes all new subs and viewers! <3,neither,0.042998289747962826,0.2771746474816854,0.6798270627703518
Mooonstaaah,neither,0.03945320844208391,0.33037608806864915,0.630170703489267
I miss Tova already,neither,0.029499595107549542,0.3576117827012822,0.6128886221911682
"GaeaCa ok, recording ;)",neither,0.03935517884257045,0.3320399062092607,0.6286049149481688
gandsSCANLAN,neither,0.03945320844208391,0.33037608806864915,0.630170703489267
love the art,neither,0.035061522170994064,0.3268220444054327,0.6381164334235732
Bidet from Houston,neither,0.040875471929787875,0.3062365648703896,0.6528879631998226
Bidet from PDX!,neither,0.04228451509352876,0.2823214250720796,0.6753940598343917
gandsSubHype gandsSubHype gandsAJinSpace gandsSubHype gandsSubHype,neither,0.03945320844208391,0.33037608806864915,0.630170703489267
*SakuraCon again.,neither,0.0358555699129713,0.3914374029960717,0.5727070270909569
HareStare HareStare HareStare,neither,0.03945320844208391,0.33037608806864915,0.630170703489267
The are is so good!,neither,0.10223992035505106,0.29417094428054946,0.6035891353643995
bidet from wisconsin! It's Thursday!,neither,0.03910789626573116,0.3145892268126368,0.646302876921632
im so ready to see pike again,neither,0.04310964740308923,0.4326448300269121,0.5242455225699987
bidet from florida,neither,0.0408948396164547,0.30590784468201904,0.6531973157015263
oh yes ofc #FREEDENISE,neither,0.047325668310698794,0.256798057524554,0.6958762741647472
Pike is back,neither,0.05875706531986774,0.3237366064983911,0.6175063281817412
"FYI lots of Americans know what a bidet is, that's why it's funny to us that Travis had Grog misremember ""goodday"" as ""bidet"". Inside jokes are a staple of most fandoms, And yes, most of us are aware that their are critters around the world who may interpret things differently. Welcome!",neither,0.07795210526672655,0.2614350799228676,0.6606128148104059
"that may be the only exciting thing that happens tonight, they've got back from hell and having nothing really to do unless Pike comes up with a trip to the sea to finish her story",offensive_language,0.03048954974916482,0.5518480288810468,0.41766242136978843
bidet from hell,offensive_language,0.04282387748247523,0.8742163882703163,0.08295973424720841
Bidet from Texas,neither,0.040937266849991,0.30518774380265185,0.6538749893473571
Bidet everyone,offensive_language,0.02988896790634741,0.4927062106388782,0.4774048214547744
Bidet from ATL! gandsLessthanthree gandsLessthanthree,neither,0.04078317879478948,0.307803020237201,0.6514138009680096
"Bidet from Salem, MA!",neither,0.031816597323666866,0.4599893087150652,0.5081940939612679
bidet from Minnesota!!,neither,0.04071751644889743,0.3089174816120565,0.6503650019390461
First time catching this live! Finland perkele!,neither,0.035508146014620254,0.35074915087020336,0.6137427031151764
Bidet from Clearwater,neither,0.04228451509352876,0.2823214250720796,0.6753940598343917
"for the giveaway, do you have to say the code word once or multiple times?",neither,0.04794270301598657,0.318653228505106,0.6334040684789075
!whodat,neither,0.03945320844208391,0.33037608806864915,0.630170703489267
Bidet !! gandsSCANLAN,neither,0.03945320844208391,0.33037608806864915,0.630170703489267
"Tonight on Critical Role, Pike returns and KILLS Vox Machina for going to Hell without her!",offensive_language,0.031382926570542945,0.590849034662786,0.377768038766671
Michigan peeps say here,neither,0.07846981534331465,0.2981427989400231,0.6233873857166622
CRITICAL ROLE!!!!!!!!!!!!!!!!,neither,0.03945320844208391,0.33037608806864915,0.630170703489267
i needs my d&d fix!,neither,0.027797768564302286,0.42159099308773756,0.5506112383479601
Calming days,neither,0.03945320844208391,0.33037608806864915,0.630170703489267
Spent over half a year trying to catch up and literally caught up just an hour ago. So excited to finally be able to watch it live~~,neither,0.04537135280674706,0.3751400896524417,0.5794885575408112
first time managed to watch live,neither,0.04765396713898745,0.3453726720790394,0.6069733607819733
Raishan FeelsBadMan,neither,0.03945320844208391,0.33037608806864915,0.630170703489267
Bidet from IA. Hope I can stay awake this week!,neither,0.06959812870968697,0.22301614142825524,0.7073857298620577
"@Dericulis 403? can't read fast enough, that's what you said? lol",neither,0.04593230453900968,0.440364797071418,0.5137028983895722
"Bidet from Orlando, Florida",neither,0.040412632663812495,0.31409215512822203,0.6454952122079655
gandsMatt gandsDrink gandsSCANLAN,neither,0.03945320844208391,0.33037608806864915,0.630170703489267
Bidet from colorful Colorado,neither,0.04035096305996787,0.3151388492503063,0.6445101876897258
bidet from BC!,neither,0.041095261662497835,0.30250615950080734,0.6563985788366947
hello from Texas,neither,0.040553695508357114,0.31169795051161153,0.6477483539800314
bidet from malta,neither,0.04228451509352876,0.2823214250720796,0.6753940598343917
flying broom can be clinh though,neither,0.04003821172732451,0.3296707603629678,0.6302910279097078
Bidet from Illinois!,neither,0.04069404815304118,0.30931579984010865,0.6499901520068502
Bidet from PEI Canada.,neither,0.04071751644889743,0.3089174816120565,0.6503650019390461
aaah first time life gandsSubHype,neither,0.02610158820469652,0.4298064985980332,0.5440919131972702
Bidet,neither,0.03945320844208391,0.33037608806864915,0.630170703489267
hello everyone :),neither,0.03269494828970791,0.4450814005079928,0.5222236512022994
Bidet,neither,0.03945320844208391,0.33037608806864915,0.630170703489267
!edition,neither,0.03945320844208391,0.33037608806864915,0.630170703489267
"For D&D enthusiasts who are curious, the Critical Role Team is playing a modified version of Dungeons and Dragons 5th Edition converted from Pathfinder.",neither,0.050189168847164,0.2902573354412162,0.6595534957116197
bidet from Alabama,neither,0.04078317879478948,0.307803020237201,0.6514138009680096
"@Panixing I was running around town doing errands, then realized I had 20 minutes to finish getting groceries and get home.",neither,0.03984126150201297,0.34878491183492555,0.6113738266630615
"what the hell, twitch didn't tell me that geek and soundry was live what the hell",offensive_language,0.034400521342174376,0.7092731269552882,0.2563263517025374
"Matt (twitter.com/matthewmercer ), Liam (twitter.com/VoiceOfOBrien ), Laura (twitter.com/LauraBaileyVO ), Travis (twitter.com/WillingBlam ), Taliesin (twitter.com/executivegoth ), Marisha (twitter.com/Marisha_Ray ), Ashley (twitter.com/thevulcansalute ) and Sam (twitter.com/samriegel ).",neither,0.038497284057339126,0.4631245699676006,0.49837814597506036
Can't wait for this to start. That cliff hanger was killer.,neither,0.037240283172936,0.33383772491473807,0.628921991912326
Bidet from Texas,neither,0.040937266849991,0.30518774380265185,0.6538749893473571
Bidet from Toronto to my fellow Critters and Canadian Critters!,neither,0.035473466514642775,0.34581741982576586,0.6187091136595914
am i tje only one who felt bad for raishon?,neither,0.031084143076204267,0.38391677311010114,0.5849990838136945
Bidet everyone!,offensive_language,0.02988896790634741,0.4927062106388782,0.4774048214547744
its weird that I saw marsh in a commercial at gamester today,neither,0.03212424248161522,0.3580137384015021,0.6098620191168826
"5 minute warning, so it will start in 20. :P",neither,0.0394415506675746,0.3461991965867058,0.6143592527457197
"Popping in from the vicinity of Kent, OH. Heya folks",neither,0.043863766823295375,0.25985661267479665,0.6962796205019081
yeeeesss,neither,0.03945320844208391,0.33037608806864915,0.630170703489267
@eppmedia Bidet I too am from Kentucky,neither,0.04004184601773047,0.31718706511597927,0.6427710888662902
