text,top_class,hate_speech,offensive_language,neither
HeyGuys,neither,0.03945320844208391,0.33037608806864915,0.630170703489267
gandsMatt,neither,0.03945320844208391,0.33037608806864915,0.630170703489267
Bidet from AR fellow critters!!,neither,0.040769555981420263,0.3080342349327864,0.6511962090857933
f,neither,0.03945320844208391,0.33037608806864915,0.630170703489267
Best Internets Demonstration of Eccentric Talents,neither,0.03875558512171268,0.32453428019976455,0.6367101346785228
F,neither,0.03945320844208391,0.33037608806864915,0.630170703489267
Buying DOTY 2.0 parts tonight,neither,0.03709930683725804,0.3106648190842144,0.6522358740785275
Refresh if you do not see the art,neither,0.03421603812128827,0.39694857240136294,0.5688353894773488
Where are all the IOWA CRITTERS in here?!?!,neither,0.1306382119923504,0.2645594711833685,0.6048023168242812
audio problems fixed,neither,0.03945320844208391,0.33037608806864915,0.630170703489267
F,neither,0.03945320844208391,0.33037608806864915,0.630170703489267
lol,neither,0.020706217963973744,0.4882283491876925,0.4910654328483337
bidet from UNC,neither,0.04062582848913359,0.31047366557575606,0.6489005059351104
thanks,neither,0.035884468650613,0.3004919205142699,0.6636236108351171
"Bidet from Nova Scotia, Canada!",neither,0.04071751644889743,0.3089174816120565,0.6503650019390461
gandsClassic gandsClassic gandsCrit gandsCrit,neither,0.03945320844208391,0.33037608806864915,0.630170703489267
f,neither,0.03945320844208391,0.33037608806864915,0.630170703489267
f,neither,0.03945320844208391,0.33037608806864915,0.630170703489267
most likely almightycricket.,neither,0.03945320844208391,0.33037608806864915,0.630170703489267
lol I'm about to finish last week's episode. chain golem for the win!,neither,0.03337846970825712,0.3481036093170117,0.6185179209747312
bidet from sweden,neither,0.04228451509352876,0.2823214250720796,0.6753940598343917
did something happen to doty??,neither,0.04687003204563492,0.3260559989012154,0.6270739690531497
F,neither,0.03945320844208391,0.33037608806864915,0.630170703489267
"@FajitasCommand went to hell, nonchalant, almost lost their only way out, SUDDEN WEREBEAR, emerged triumphant, but DOY is RIP",offensive_language,0.04433011090987046,0.5807591101287614,0.3749107789613682
f,neither,0.03945320844208391,0.33037608806864915,0.630170703489267
f,neither,0.03945320844208391,0.33037608806864915,0.630170703489267
F,neither,0.03945320844208391,0.33037608806864915,0.630170703489267
F,neither,0.03945320844208391,0.33037608806864915,0.630170703489267
"Alright, that Hotis drawing was adora le",neither,0.03644823588490823,0.3634864540488475,0.6000653100662442
Bidet for Virginia,neither,0.03209595222309819,0.29367401618898725,0.6742300315879145
g,neither,0.03945320844208391,0.33037608806864915,0.630170703489267
bidet from new york,neither,0.044690599332616286,0.20708884905532376,0.7482205516120599
Calming days... interesting title.,neither,0.03945320844208391,0.33037608806864915,0.630170703489267
Tonight's my first live stream - yay!,neither,0.027981334024157662,0.3727866138121192,0.5992320521637232
Bidet from London! o/,neither,0.04069404815304118,0.30931579984010865,0.6499901520068502
bidet from Purto Rico gands,neither,0.040737273169946825,0.30858215849491494,0.6506805683351382
f,neither,0.03945320844208391,0.33037608806864915,0.630170703489267
"YORK, PA in the hizzay!!",neither,0.03861980064659684,0.31515835171197476,0.6462218476414284
f,neither,0.03945320844208391,0.33037608806864915,0.630170703489267
maybe they'll let off some steam with some Greyskull recruitment tests :D,neither,0.01866350626232025,0.38656174176289204,0.5947747519747877
f,neither,0.03945320844208391,0.33037608806864915,0.630170703489267
Bidet from Pennsylvania,neither,0.04069404815304118,0.30931579984010865,0.6499901520068502
bidet,neither,0.03945320844208391,0.33037608806864915,0.630170703489267
f,neither,0.03945320844208391,0.33037608806864915,0.630170703489267
Bidet from San Dimas!,neither,0.04082729608690459,0.3070542346530501,0.6521184692600454
F,neither,0.03945320844208391,0.33037608806864915,0.630170703489267
I'm so used to Critical Role not starting at 7pm that I ma always shocked when Talks Machina does start on time. It screws with my internal clock. gandsOwl,offensive_language,0.02105277622736693,0.5263270796614988,0.4526201441111341
F,neither,0.03945320844208391,0.33037608806864915,0.630170703489267
"@deltabob00, welcome",neither,0.03945320844208391,0.33037608806864915,0.630170703489267
Bidet from planet earth,neither,0.040552187528578504,0.31172354486396814,0.6477242676074533
thought i was going to be late.,neither,0.048457005383012015,0.26119910111905276,0.6903438934979353
It is a public holiday in Australia at midday. Makes sense.,neither,0.04297587682220758,0.3441437691608827,0.6128803540169097
gandsSubHype gandsSubHype gandsSubHype gandsSubHype gandsSubHype gandsSubHype,neither,0.03945320844208391,0.33037608806864915,0.630170703489267
gandsCrit gandsCrit gandsCrit gandsCrit,neither,0.03945320844208391,0.33037608806864915,0.630170703489267
Bidet from Colorado!!,neither,0.04066490145509902,0.30981049537100724,0.6495246031738937
f,neither,0.03945320844208391,0.33037608806864915,0.630170703489267
cohhGV cohhWow cohhMVP cohhBoop cohhBoop cohhBoop cohhBoop,neither,0.03945320844208391,0.33037608806864915,0.630170703489267
"Help G&S make great content! $4.99/month gets you emotes, Minecraft server access, Sub Only Q&As, VODs, and more! Every sub keeps the channel alive! twitch.tv/geekandsundry/subscribe",neither,0.043092924924402844,0.32365565443818894,0.6332514206374082
bide from Australia!!,neither,0.04062582848913359,0.31047366557575606,0.6489005059351104
hello!,neither,0.03945320844208391,0.33037608806864915,0.630170703489267
woo,neither,0.03945320844208391,0.33037608806864915,0.630170703489267
Bidet from Star Wars celebration!!!,neither,0.04025286125303051,0.3168038929393479,0.6429432458076217
danke @Asariel3,neither,0.03945320844208391,0.33037608806864915,0.630170703489267
Bidet from Sweden!,neither,0.04228451509352876,0.2823214250720796,0.6753940598343917
gandsMatt !,neither,0.03945320844208391,0.33037608806864915,0.630170703489267
Bidet from Virginia,neither,0.04079557052152802,0.30759270029461827,0.6516117291838538
gandsSubHype gandsMatt gandsMatt gandsMatt gandsMatt gandsMatt gandsMatt gandsMatt,neither,0.03945320844208391,0.33037608806864915,0.630170703489267
"remember the contract said unspoiled, no bodily injuries and all equipment intact. Doti is equipment and the guards ripped it apart. Contract broken.",neither,0.0405751585453123,0.3179491157036383,0.6414757257510494
Bidet from sweden gandsLessthanthree,neither,0.04228451509352876,0.2823214250720796,0.6753940598343917
"Bidet and Beep Beep from London, England. 3am hope I can stay awake.",neither,0.05917276986409954,0.22926174891676204,0.7115654812191383
The chat is in sub only and still too fast to keep up with.....,neither,0.037120306796525976,0.3572901497850178,0.6055895434184564
"VM at the mall, awesome",neither,0.037804456122031614,0.33770631522796396,0.6244892286500043
Be pleased from on the road from Seattle to Portland! :D,neither,0.04249048829779891,0.3076893405746928,0.6498201711275083
Critical ROle!,neither,0.03945320844208391,0.33037608806864915,0.630170703489267
YAY!!,neither,0.03945320844208391,0.33037608806864915,0.630170703489267
#youneverleavehell,neither,0.03945320844208391,0.33037608806864915,0.630170703489267
damn this fan art is on point tonight. great art work!!!,offensive_language,0.041946605922876176,0.533745231108079,0.42430816296904483
@dethanh what part of Maine?,neither,0.04462313990882113,0.3266632009995934,0.6287136590915855
Here we go~,neither,0.13156755280784707,0.2765461283225309,0.5918863188696221
hello!,neither,0.03945320844208391,0.33037608806864915,0.630170703489267
gandsSubHype gandsSubHype gandsSubHype gandsSubHype gandsSubHype gandsSubHype gandsSubHype gandsSubHype gandsSubHype,neither,0.03945320844208391,0.33037608806864915,0.630170703489267
ON TIME!!!,neither,0.03183588227459649,0.3959563629735933,0.5722077547518102
On time,neither,0.03183588227459649,0.3959563629735933,0.5722077547518102
YEAAAAAAAAAAAAAAAA,neither,0.03945320844208391,0.33037608806864915,0.630170703489267
beep beep from Chicago,neither,0.04078317879478948,0.307803020237201,0.6514138009680096
yay,neither,0.03945320844208391,0.33037608806864915,0.630170703489267
Bidet from London,neither,0.04069404815304118,0.30931579984010865,0.6499901520068502
woooooo,neither,0.03945320844208391,0.33037608806864915,0.630170703489267
<3,neither,0.03945320844208391,0.33037608806864915,0.630170703489267
GAAAAH,neither,0.03945320844208391,0.33037608806864915,0.630170703489267
WHAT,neither,0.057770773616808734,0.3180719994247239,0.6241572269584672
yes,neither,0.03945320844208391,0.33037608806864915,0.630170703489267
WooHoo,neither,0.03945320844208391,0.33037608806864915,0.630170703489267
Holy *** they are on time,neither,0.06266232876248223,0.3162595711719413,0.6210781000655765
Bidet from Winnipeg!,neither,0.04228451509352876,0.2823214250720796,0.6753940598343917
How many critters bought the Wyrmwood Magnetic DM Screen? gandsGnSBigsby,neither,0.03874331468427575,0.3174570858859439,0.6437995994297803
woo on time,neither,0.035309944947380004,0.3652696745847135,0.5994203804679065
we're live!,neither,0.07702019449600846,0.29035571652515796,0.6326240889788335
gandsDrink gandsCrit gandsDrink,neither,0.03945320844208391,0.33037608806864915,0.630170703489267
Yay!,neither,0.03945320844208391,0.33037608806864915,0.630170703489267
"oh wow, right on time",neither,0.03949226626014682,0.3324971117638994,0.6280106219759539
Woot!,neither,0.03945320844208391,0.33037608806864915,0.630170703489267
bidet from colorado!!!,neither,0.04066490145509902,0.30981049537100724,0.6495246031738937
Hi,neither,0.03945320844208391,0.33037608806864915,0.630170703489267
woot,neither,0.03945320844208391,0.33037608806864915,0.630170703489267
whoooo,neither,0.03945320844208391,0.33037608806864915,0.630170703489267
YAY!!!!!!!!,neither,0.03945320844208391,0.33037608806864915,0.630170703489267
It's Showtime!,neither,0.037828236809968684,0.3309349903269868,0.6312367728630445
DOTYY,neither,0.03945320844208391,0.33037608806864915,0.630170703489267
YAY,neither,0.03945320844208391,0.33037608806864915,0.630170703489267
OMG THEY ARE ON TIME!!!!,neither,0.06456644370534344,0.31520667577846473,0.6202268805161919
MATT MERCER YOU BEAUTIFUL BASTARD,neither,0.053378207707221036,0.3699704762511447,0.5766513160416343
YAAAAAA WOOOOO,neither,0.03945320844208391,0.33037608806864915,0.630170703489267
Woohoo!,neither,0.03945320844208391,0.33037608806864915,0.630170703489267
ooohhh looks nice,neither,0.03945320844208391,0.33037608806864915,0.630170703489267
PICKLE,neither,0.03945320844208391,0.33037608806864915,0.630170703489267
PIKE!!!!,neither,0.03945320844208391,0.33037608806864915,0.630170703489267
WOOOOOOOOOOOOOOOO!!!!!!!,neither,0.03945320844208391,0.33037608806864915,0.630170703489267
ayyy,neither,0.03945320844208391,0.33037608806864915,0.630170703489267
gandsLessthanthree,neither,0.03945320844208391,0.33037608806864915,0.630170703489267
YAY,neither,0.03945320844208391,0.33037608806864915,0.630170703489267
BEEP BEEP,neither,0.03945320844208391,0.33037608806864915,0.630170703489267
I went to the afterlife and all I gather was this Cloak of Melvin kind,neither,0.044052866589584676,0.3360590437602155,0.6198880896501997
yay,neither,0.03945320844208391,0.33037608806864915,0.630170703489267
YAAAAAAAY!,neither,0.03945320844208391,0.33037608806864915,0.630170703489267
ASH UH LEEEEEEEEE,neither,0.03945320844208391,0.33037608806864915,0.630170703489267
Woooooo! Ashley!,neither,0.03945320844208391,0.33037608806864915,0.630170703489267
ON TIME PogChamp,neither,0.03183588227459649,0.3959563629735933,0.5722077547518102
boo yah!!!,neither,0.03945320844208391,0.33037608806864915,0.630170703489267
YYYYYAAAAYYYY,neither,0.03945320844208391,0.33037608806864915,0.630170703489267
WOO!,neither,0.03945320844208391,0.33037608806864915,0.630170703489267
yesssss,neither,0.03945320844208391,0.33037608806864915,0.630170703489267
gandsMatt gandsMatt gandsMatt gandsMatt,neither,0.03945320844208391,0.33037608806864915,0.630170703489267
"Whoa, on time!",neither,0.034974687488406604,0.3681772176123932,0.5968480948992001
ashleyyy linHype,neither,0.03945320844208391,0.33037608806864915,0.630170703489267
yes!!!!!,neither,0.03945320844208391,0.33037608806864915,0.630170703489267
WOOOO AHSLEY,neither,0.03945320844208391,0.33037608806864915,0.630170703489267
yay live once again,neither,0.04170470686493837,0.35604296643441835,0.6022523267006433
gandsAJinSpace gandsAJinSpace gandsAJinSpace gandsAJinSpace gandsAJinSpace,neither,0.03945320844208391,0.33037608806864915,0.630170703489267
Cwitical Wole,neither,0.03945320844208391,0.33037608806864915,0.630170703489267
on time PogChamp,neither,0.03183588227459649,0.3959563629735933,0.5722077547518102
gandsAJinSpace gandsSubHype,neither,0.03945320844208391,0.33037608806864915,0.630170703489267
PIKE,neither,0.03945320844208391,0.33037608806864915,0.630170703489267
They are actually on time what??,neither,0.07138351900492709,0.31117879796873277,0.6174376830263401
"hello everyone, first time here watching live",neither,0.059686740809543316,0.39361943639343117,0.5466938227970256
Heh. The Rakshasa is secretly Hobbes,neither,0.045423238154642366,0.31461882855569,0.6399579332896677
Bidet from the UK!,neither,0.039613273355342184,0.2892653269430044,0.6711213997016535
I haven't been able to livestream in forever i am so excited!!!,neither,0.043007432937741265,0.3578083671117865,0.5991841999504722
gands2YearHype gandsNatTwenty gandsNatTwenty gandsNatTwenty,neither,0.03945320844208391,0.33037608806864915,0.630170703489267
On time holy cow,neither,0.035929000811566136,0.35993284730922825,0.6041381518792055
ew traffic,neither,0.03945320844208391,0.33037608806864915,0.630170703489267
Pike FeelsGoodMan,neither,0.03945320844208391,0.33037608806864915,0.630170703489267
ASHLEEE,neither,0.03945320844208391,0.33037608806864915,0.630170703489267
MAMA PIKE!,neither,0.03945320844208391,0.33037608806864915,0.630170703489267
woot my first live show,neither,0.037898312934568176,0.33960241736960106,0.6224992696958308
Damn traffic!,offensive_language,0.044792213928904055,0.8523166740808854,0.10289111199021053
Bidet from Moose Jaw Saskatchewan,neither,0.040402255548430084,0.3142682818583747,0.6453294625931952
Omg it's live... It's LIVE!,neither,0.04431922390449529,0.3287024422170549,0.6269783338784497
Bidet from Atlanta!,neither,0.04078317879478948,0.307803020237201,0.6514138009680096
Got 'za in KY... bidet!,neither,0.038076384121516565,0.37990430506882655,0.5820193108096567
yay,neither,0.03945320844208391,0.33037608806864915,0.630170703489267
PogChamp ON TIME PogChamp,neither,0.03183588227459649,0.3959563629735933,0.5722077547518102
gandsCrit gandsCrit gandsCrit,neither,0.03945320844208391,0.33037608806864915,0.630170703489267
comme on,neither,0.02983740057173753,0.3797445071048369,0.5904180923234256
gandsAJinSpace gandsAJinSpace gandsAJinSpace gandsAJinSpace gandsAJinSpace gandsAJinSpace gandsAJinSpace gandsAJinSpace gandsAJinSpace gandsAJinSpace gandsAJinSpace,neither,0.03945320844208391,0.33037608806864915,0.630170703489267
woo Ashley!!,neither,0.03945320844208391,0.33037608806864915,0.630170703489267
Prolly my first live show in about 6 months,neither,0.03678557805551296,0.3600186215876594,0.6031958003568277
Pike foreva!,neither,0.03945320844208391,0.33037608806864915,0.630170703489267
herro!,neither,0.03945320844208391,0.33037608806864915,0.630170703489267
gandsAJinSpace gandsAJinSpace gandsAJinSpace gandsAJinSpace gandsAJinSpace gandsAJinSpace,neither,0.03945320844208391,0.33037608806864915,0.630170703489267
Yaaaaayyy Ashley,neither,0.03945320844208391,0.33037608806864915,0.630170703489267
yay,neither,0.03945320844208391,0.33037608806864915,0.630170703489267
yipee,neither,0.03945320844208391,0.33037608806864915,0.630170703489267
wooooo!!!!!!!!!!,neither,0.03945320844208391,0.33037608806864915,0.630170703489267
bidet from netherlands,neither,0.04066490145509902,0.30981049537100724,0.6495246031738937
WHOOOOO,neither,0.03945320844208391,0.33037608806864915,0.630170703489267
*** YEA gandsAJinSpace gandsAJinSpace gandsAJinSpace,neither,0.03908133164861177,0.3366878077749653,0.624230860576423
Bidet from Scotland :D,neither,0.04062582848913359,0.31047366557575606,0.6489005059351104
gandsAJinSpace gandsAJinSpace gandsAJinSpace gandsAJinSpace gandsAJinSpace gandsAJinSpace gandsAJinSpace gandsAJinSpace gandsAJinSpace gandsAJinSpace gandsAJinSpace,neither,0.03945320844208391,0.33037608806864915,0.630170703489267
YAY for Thursday!!!,neither,0.03381712909775981,0.3022267840044441,0.6639560868977961
PIKE!!! YAY!!!,neither,0.03945320844208391,0.33037608806864915,0.630170703489267
YAY,neither,0.03945320844208391,0.33037608806864915,0.630170703489267
Haven't been able to dm our campaign for about a month because we've all been so busy with work etc. B),neither,0.024468048415079453,0.3850397042280342,0.5904922473568864
nothng like that Westside drive,offensive_language,0.03839062022618978,0.485343867356089,0.47626551241772136
@gaeaca TY :D,neither,0.03945320844208391,0.33037608806864915,0.630170703489267
ASHLEYYYYYYYYYYY,neither,0.03945320844208391,0.33037608806864915,0.630170703489267
On time?! What is this witchcraft?!,neither,0.04817219089708994,0.35538502593299437,0.5964427831699157
hahahaha,neither,0.03945320844208391,0.33037608806864915,0.630170703489267
Ashley gandsAJinSpace gandsAJinSpace,neither,0.03945320844208391,0.33037608806864915,0.630170703489267
Ash,neither,0.03945320844208391,0.33037608806864915,0.630170703489267
Woooo!,neither,0.03945320844208391,0.33037608806864915,0.630170703489267
yay ash,neither,0.03945320844208391,0.33037608806864915,0.630170703489267
whoooooooo,neither,0.03945320844208391,0.33037608806864915,0.630170703489267
woo ashley,neither,0.03945320844208391,0.33037608806864915,0.630170703489267
gandsApplaud gandsApplaud gandsApplaud gandsApplaud,neither,0.03945320844208391,0.33037608806864915,0.630170703489267
MONSTAAAHHH~,neither,0.03945320844208391,0.33037608806864915,0.630170703489267
gandsCrit gandsCrit gandsCrit,neither,0.03945320844208391,0.33037608806864915,0.630170703489267
Bidet lovely peeps! a city near Toronto is happy to be here gandsLessthanthree,neither,0.07721912976460434,0.3058086728343777,0.616972197401018
Traffiiiiiic! Cough up our adorbs gnome!,neither,0.03740246294454041,0.37124311423612494,0.5913544228193346
Pike returns!,neither,0.03945320844208391,0.33037608806864915,0.630170703489267
Bidet from Barcelona,neither,0.04062582848913359,0.31047366557575606,0.6489005059351104
Woot Monstah is back in the house!,neither,0.04582943160846147,0.3136552385175954,0.640515329873943
Yay PIKE!!!,neither,0.03945320844208391,0.33037608806864915,0.630170703489267
gandsSCANLAN gandsSCANLAN gandsSCANLAN gandsSCANLAN gandsSCANLAN,neither,0.03945320844208391,0.33037608806864915,0.630170703489267
lol scanlan,neither,0.020706217963973744,0.4882283491876925,0.4910654328483337
TableHere FlipThis,neither,0.03945320844208391,0.33037608806864915,0.630170703489267
hype hype hype hype,neither,0.03945320844208391,0.33037608806864915,0.630170703489267
Bidet from Iowa,neither,0.04069404815304118,0.30931579984010865,0.6499901520068502
bidet from st johns Newfoundland,neither,0.0404490119039584,0.3134747044806948,0.6460762836153469
THATS SO AWESOME!!!,neither,0.03940925150085006,0.38236229350629314,0.5782284549928568
Jesus Sam,neither,0.03945320844208391,0.33037608806864915,0.630170703489267
SAM,neither,0.03945320844208391,0.33037608806864915,0.630170703489267
we have movie sign,neither,0.04106758828457291,0.30297584894595486,0.6559565627694722
woohooo Pike is back!,neither,0.05875706531986774,0.3237366064983911,0.6175063281817412
!crsurvey,neither,0.03945320844208391,0.33037608806864915,0.630170703489267
Critters we want to hear from you! geekandsundry.com/crsurvey,neither,0.06444877468961048,0.3506139432595851,0.5849372820508044
ASHLEY STAY FOREVER PLEASE,neither,0.03945320844208391,0.33037608806864915,0.630170703489267
GG,neither,0.03945320844208391,0.33037608806864915,0.630170703489267
LAURAS HAIR! <3,neither,0.03945320844208391,0.33037608806864915,0.630170703489267
Bidet everyone!,offensive_language,0.02988896790634741,0.4927062106388782,0.4774048214547744
Bidet from Toronto,neither,0.04066490145509902,0.30981049537100724,0.6495246031738937
Sam's shirt is dope. <3,neither,0.046931960278821856,0.3278038023693233,0.6252642373518548
My last critical role subscribed gandsFail,neither,0.02984205779366876,0.4038759838016051,0.566281958404726
new cam? Everything seems higher quality,neither,0.041802371815691186,0.27253056717689,0.6856670610074189
Chatroom for all you non-subscribers reading the chat! https://discord.gg/0gXmsdbMcm8yEnbs,neither,0.046106380027055284,0.3773851392045561,0.5765084807683887
Bidet,neither,0.03945320844208391,0.33037608806864915,0.630170703489267
gandsMatt,neither,0.03945320844208391,0.33037608806864915,0.630170703489267
bidday from oklahoma!,neither,0.04066490145509902,0.30981049537100724,0.6495246031738937
announcementssss,neither,0.03945320844208391,0.33037608806864915,0.630170703489267
O_o O_o O_o gandsAJinSpace gandsAJinSpace gandsAJinSpace,neither,0.03945320844208391,0.33037608806864915,0.630170703489267
Bidet,neither,0.03945320844208391,0.33037608806864915,0.630170703489267
Bidet from the UK at 3am,neither,0.038901619407240316,0.3214330454229226,0.6396653351698371
Bidet from Iowa,neither,0.04069404815304118,0.30931579984010865,0.6499901520068502
Pike! Ashley's back!!! YAY!!!!!!!!!,neither,0.03945320844208391,0.33037608806864915,0.630170703489267
Bidet from Oklahoma!!,neither,0.04066490145509902,0.30981049537100724,0.6495246031738937
good evening all,neither,0.0407757687943942,0.4132731801052576,0.545951051100348
doors and dragons,neither,0.03872744951765407,0.29398177191402175,0.6672907785683241
Bidet from Norway,neither,0.04228451509352876,0.2823214250720796,0.6753940598343917
Bidet everyone :),offensive_language,0.02988896790634741,0.4927062106388782,0.4774048214547744
Ashley hype,neither,0.03945320844208391,0.33037608806864915,0.630170703489267
"Bidet from Vancouver, WA! Sorry I'm late!!",neither,0.04037686334043012,0.3146992538965161,0.6449238827630537
Bidet from brooklyn.,neither,0.04079557052152802,0.30759270029461827,0.6516117291838538
Easter Friday = LOTS MORE PEOPLE WATCHING,neither,0.06066050641622432,0.3220261139119348,0.617313379671841
"Bidet, starting on time, alright",neither,0.03563462529803576,0.36246542088246037,0.6018999538195039
bidet de Lachute,neither,0.03945320844208391,0.33037608806864915,0.630170703489267
Bidet from PA,neither,0.04069404815304118,0.30931579984010865,0.6499901520068502
mr fruit,neither,0.03945320844208391,0.33037608806864915,0.630170703489267
hello from australia guys of vox machina,neither,0.04021076939191435,0.31751830167349293,0.6422709289345928
No lootcrate sponsor?,neither,0.03848957175417732,0.3467315175537778,0.6147789106920449
bidet from Missouri :),neither,0.04071751644889743,0.3089174816120565,0.6503650019390461
woooo!,neither,0.03945320844208391,0.33037608806864915,0.630170703489267
Calming Days ... more like Vox Machina gets a *** break,neither,0.052450664496020365,0.33617758929367075,0.6113717462103089
Bidet from england!,neither,0.04071751644889743,0.3089174816120565,0.6503650019390461
"""Hello-"" *BOOM* - Rip Pike",neither,0.03945320844208391,0.33037608806864915,0.630170703489267
lol,neither,0.020706217963973744,0.4882283491876925,0.4910654328483337
Hello!,neither,0.03945320844208391,0.33037608806864915,0.630170703489267
Bidet from Buffalo,neither,0.04069404815304118,0.30931579984010865,0.6499901520068502
To late.,neither,0.050672113287104505,0.32394611463539263,0.6253817720775029
wait they started​on time????,neither,0.03543205578868826,0.36421366567529506,0.6003542785360166
Bidet from Oklahoma,neither,0.04066490145509902,0.30981049537100724,0.6495246031738937
!mercer,neither,0.03945320844208391,0.33037608806864915,0.630170703489267
First episode as a sub and its a pike episode!!! :D:D,neither,0.030591732242069427,0.3291491677642259,0.6402590999937047
"Words from our DM to the Critters: ""Part of playing the game is messing up. Forgetting rules, misinterpreting elements, etc. We're far from paragon players. It's all just part of the fun!"" - Matt Mercer",neither,0.04689742583606043,0.3225910220792228,0.6305115520847168
hi,neither,0.03945320844208391,0.33037608806864915,0.630170703489267
bidet from Seattle,neither,0.040754399270683486,0.3082914838698526,0.650954116859464
hello all,neither,0.04217753453783664,0.43734383323855475,0.5204786322236087
is it just me or is that camera quality on Matt really really good today?,neither,0.03547510610635663,0.37650589297426124,0.5880190009193821
@The_Drunk_Monk Dungeons and Doors!,neither,0.03845605498945456,0.27826085962284464,0.6832830853877009
gandsHecBird,neither,0.03945320844208391,0.33037608806864915,0.630170703489267
send you socials,neither,0.07398861863977055,0.4217385785332372,0.5042728028269922
Bidet from Illinois,neither,0.04069404815304118,0.30931579984010865,0.6499901520068502
Bidet from Norway!!,neither,0.04228451509352876,0.2823214250720796,0.6753940598343917
rule 34 CR,neither,0.03945320844208391,0.33037608806864915,0.630170703489267
Bidet from Virginia!,neither,0.04079557052152802,0.30759270029461827,0.6516117291838538
$10 if the have dice vanish withing 20 secs,neither,0.026618142502076714,0.3621809947058311,0.6112008627920922
"survey done. Is it just me, or is there #weknow",neither,0.03986129786118305,0.3489281920253008,0.6112105101135162
Sam is wearing Vox Machina's motal enemies doors and dragons,neither,0.043836261549963534,0.30388810571026986,0.6522756327397667
@Blieberman Bidet from Iowa,neither,0.04069404815304118,0.30931579984010865,0.6499901520068502
greetings all,offensive_language,0.046917543854519406,0.6277741405869331,0.3253083155585475
Bidet my lovelies,offensive_language,0.011017215557639733,0.6062201221254095,0.3827626623169507
An ON-TIME start? Again? And Sam is here? This isn't Critical Role...,neither,0.06442073760027583,0.3188807740994898,0.6166984883002343
I always forget about the survey because I did it like the first night it was a thing,neither,0.03112620284625015,0.37488321155405996,0.5939905855996899
Bidet from Louisiana,neither,0.04062582848913359,0.31047366557575606,0.6489005059351104
"Bidet from Suffolk, VA!",neither,0.04066490145509902,0.30981049537100724,0.6495246031738937
"oh crap, they found the porn! EVERYBODY PANIC!",neither,0.03906377674124926,0.3398216236181475,0.6211145996406031
Good Friday,neither,0.038554392816211126,0.3306852319781189,0.63076037520567
WOOOO It's thursday!!,neither,0.03752336384949593,0.3310398501182267,0.6314367860322773
Damn the cam is on point!,offensive_language,0.049017726142822536,0.7434607291427,0.20752154471447756
Bidet bidettt,neither,0.03945320844208391,0.33037608806864915,0.630170703489267
We're gettin' out of dis!,neither,0.05182136992176991,0.321083079438385,0.6270955506398451
lol,neither,0.020706217963973744,0.4882283491876925,0.4910654328483337
I am so pleased they gave us a survey,neither,0.07123249338235166,0.3614160839630814,0.567351422654567
woah they were super on time,neither,0.036543933275559326,0.3395880761326286,0.623867990591812
Praise!!! Subbed on my birthday :D Finally all caught up <3,neither,0.030321461303195678,0.47131810851202477,0.4983604301847796
Pike is in da house☀,offensive_language,0.11266289057026567,0.48061191819022914,0.4067251912395052
Here from Kansas! :D,neither,0.09484963705449242,0.27003257104765677,0.6351177918978508
HAMILTON,neither,0.03945320844208391,0.33037608806864915,0.630170703489267
got in just in time,neither,0.0312512900155795,0.4352919584100593,0.5334567515743612
Bidet for Valparaiso Indiana,neither,0.03188694897153883,0.2926383816066981,0.6754746694217632
"My turn ons include, but are not limited to: Sexy Librarian Laura Bailey",neither,0.045267841733911386,0.35809991930821405,0.5966322389578744
Pike hype!,neither,0.03945320844208391,0.33037608806864915,0.630170703489267
bidet from seattle,neither,0.040754399270683486,0.3082914838698526,0.650954116859464
thank god for thursdays! My favorite day of the week~,neither,0.028047501596288642,0.34983443065585523,0.622118067747856
"Subtle, real subtle",offensive_language,0.025561593684253106,0.5993264658233612,0.3751119404923855
That survey's pretty cool. It's got more than 2 gender options.,neither,0.036117021287362494,0.3855545176092111,0.5783284611034263
Bidet y'all from Indiana!!,neither,0.04330404745915935,0.3991570390715336,0.5575389134693071
I do hope Pike gives VM a massive bollocking for going to Hell without her,offensive_language,0.05486763145371758,0.6570893486320053,0.2880430199142772
laura's hair is cute moon2CUTE,neither,0.05383367414383827,0.2846186619705188,0.6615476638856429
I love critical role!!! Bidet from Washington!!!!!,neither,0.03807507092527102,0.3268517326776097,0.6350731963971193
SUCH GOOD LIGHTING @GeekandSundry,neither,0.03906601251428433,0.32657226270529893,0.6343617247804169
gandsAJinSpace gandsAJinSpace gandsAJinSpace,neither,0.03945320844208391,0.33037608806864915,0.630170703489267
"Bidet from Maine, Meep Meep",neither,0.04069404815304118,0.30931579984010865,0.6499901520068502
Apparently that's all it takes to impress me.,neither,0.03537725451036924,0.4466017666760679,0.5180209788135629
hamilton hype,neither,0.03945320844208391,0.33037608806864915,0.630170703489267
Bidet and Bees Knees from TN,neither,0.03959678142639312,0.2855100248644611,0.6748931937091459
Sam has so much paper...,neither,0.036339408006022526,0.3654138491303627,0.5982467428636149
!CRSurvey,neither,0.03945320844208391,0.33037608806864915,0.630170703489267
Is this a rerun?,neither,0.06444388513749441,0.32581973129223984,0.6097363835702658
beep beep from Tacoma WA,neither,0.04071751644889743,0.3089174816120565,0.6503650019390461
Critters we want to hear from you! geekandsundry.com/crsurvey,neither,0.06444877468961048,0.3506139432595851,0.5849372820508044
"Wednesday Club needs to be on youtube, noon is too damn early",offensive_language,0.051893379310647685,0.6018168814758572,0.3462897392134951
bidet everyone!!!!! love you guys going full screen and falling asleep half way through goodnight from Florida US,neither,0.06915755444303702,0.3834653580950102,0.5473770874619529
ahhhh yeah ofc HAPPY AND GOOD Friday y'all (we've gone ahead and already started here @EU :P),neither,0.031662436892810515,0.3641195359275371,0.6042180271796523
is video working ?,neither,0.057743246582288785,0.21537647811256705,0.7268802753051442
TURN UP THURSDAY! BIDET FROM BROOKLYN!,neither,0.03816087529656403,0.35903241665879565,0.6028067080446404
YEAH HAMILTON!!,offensive_language,0.013968601452186464,0.5182923869769311,0.4677390115708824
LIVE LIVE LIVE,neither,0.04891340716200846,0.3271222919257548,0.6239643009122369
i have that book!,neither,0.034107803867901465,0.3927987303125041,0.5730934658195945
gandsAJinSpace gandsAJinSpace gandsAJinSpace gandsAJinSpace gandsAJinSpace gandsAJinSpace gandsAJinSpace gandsAJinSpace gandsAJinSpace gandsAJinSpace gandsAJinSpace gandsAJinSpace gandsAJinSpace,neither,0.03945320844208391,0.33037608806864915,0.630170703489267
:),neither,0.03945320844208391,0.33037608806864915,0.630170703489267
All I want to say to Laura's response... I like them tall Amazons.,neither,0.07992959153754643,0.38192574755980646,0.5381446609026471
WONDERCON WAS AWESOME BTW,neither,0.039331942357500434,0.33243429000329244,0.6282337676392071
Marisha's hair is seriously nice,neither,0.047951209699581644,0.3274532357552277,0.6245955545451906
beep beep from san diego!🙂🙂,neither,0.040446282760733435,0.31352102516371877,0.6460326920755478
is matts dm book out yet?,neither,0.042253728287951306,0.342643871228252,0.6151024004837966
understanding comics broke my brain,neither,0.03154528051680894,0.38971439028855365,0.5787403291946374
where in maine,neither,0.041514311908926134,0.29539378318492343,0.6630919049061504
Shout out to Critical Role from Ireland!,neither,0.04137213042990769,0.3269857828296326,0.6316420867404597
gandsCrit,neither,0.03945320844208391,0.33037608806864915,0.630170703489267
where is pike,neither,0.06245822111259904,0.2612427577458543,0.6762990211415466
cohhWow cohhWow cohhWow cohhWow,neither,0.03945320844208391,0.33037608806864915,0.630170703489267
@Asathoth Is that DC or Washington state?,neither,0.07022737064582327,0.2782885597725327,0.651484069581644
bidet fellow critters,neither,0.03945320844208391,0.33037608806864915,0.630170703489267
woo Hamilton shirt!,neither,0.03945320844208391,0.33037608806864915,0.630170703489267
Matts lighting!!!!!!!!,neither,0.03945320844208391,0.33037608806864915,0.630170703489267
IT WAS GLORIOUS,neither,0.03593062006447523,0.3363165027571517,0.627752877178373
"Bidet from Bridgeport, CT",neither,0.04066490145509902,0.30981049537100724,0.6495246031738937
yessssssss!!!!!,neither,0.03945320844208391,0.33037608806864915,0.630170703489267
Yee!,neither,0.03945320844208391,0.33037608806864915,0.630170703489267
Active :x,neither,0.03945320844208391,0.33037608806864915,0.630170703489267
"@kingslayermn, August Gen Con",neither,0.03945320844208391,0.33037608806864915,0.630170703489267
Audio out of sync?,neither,0.03486754066647055,0.34802881843600075,0.6171036408975287
I finally can watch live! Brisbane ftw,neither,0.04791989794585662,0.3239340252347526,0.6281460768193907
@CiaraTheBraid Yeah that was pretty legit. Way to go geekandsundry,neither,0.028673353785929712,0.4478149423883204,0.52351170382575
CT represent!,neither,0.03945320844208391,0.33037608806864915,0.630170703489267
GMT was awesome! Great work all,neither,0.03876156296262273,0.36937385035634407,0.5918645866810333
"bidet from wichita, ks",neither,0.04228451509352876,0.2823214250720796,0.6753940598343917
Satine's episode was great!,neither,0.03732156251442384,0.30566110702064636,0.6570173304649297
WAS IT ME?,neither,0.024409443436055472,0.409035800203909,0.5665547563600355
im live for once!!!!,neither,0.03648987152231314,0.3307659868282749,0.6327441416494121
woooo,neither,0.03945320844208391,0.33037608806864915,0.630170703489267
bidet,neither,0.03945320844208391,0.33037608806864915,0.630170703489267
today's DM tips today were great!!,neither,0.036905712219242305,0.2755782683981346,0.6875160193826232
"No, audiomis good and synced",neither,0.03586047639887375,0.287842627427045,0.6762968961740812
Smells like cabbage,neither,0.055073986501249096,0.35227938747344745,0.5926466260253035
audio seems fine,neither,0.03945320844208391,0.33037608806864915,0.630170703489267
Also: Shes adorable and beautiful!,neither,0.038820996008988556,0.29905423643652485,0.6621247675544866
Satine is really cool,neither,0.051611517482745416,0.3261942880629789,0.6221941944542757
Welcomes back all long times subs and viewers! <3,neither,0.039732328141806474,0.34621601088715354,0.6140516609710399
"@MusicAura not for me, switch html video player on or off?",neither,0.027573693548587262,0.35478725504982417,0.6176390514015886
Idk why I didn't realize it before but seeing all the places people are watching from is really cool...,neither,0.04779547434645051,0.40488364100511465,0.5473208846484349
Finally have a Thursday off and can watch the show live!,neither,0.05706760932032777,0.24070101269393052,0.7022313779857418
must get Blackwatch Matt- I mean McCree,neither,0.03983740497630864,0.3238552702098002,0.6363073248138912
Brian's episode was great,neither,0.037709750383847766,0.31026341156212217,0.6520268380540302
hello,neither,0.03945320844208391,0.33037608806864915,0.630170703489267
"Oh, him.",neither,0.04770507865400007,0.25509850080729773,0.6971964205387022
beep beep turds,neither,0.03945320844208391,0.33037608806864915,0.630170703489267
brian <333,neither,0.03945320844208391,0.33037608806864915,0.630170703489267
audio is perfect,neither,0.047367651316880775,0.32765394824245986,0.6249784004406594
I hope they air the episode on the break,neither,0.06141740262854443,0.23074603532780186,0.7078365620436537
"bidet from SD, CA",neither,0.04084513770590474,0.30675141581570226,0.6524034464783931
Welcomes all new subs and viewers! <3,neither,0.042998289747962826,0.2771746474816854,0.6798270627703518
bidet from norfolk as of right now,neither,0.037160359191043095,0.3721138527964483,0.5907257880125086
"Just go to plug in my headset, what did I miss about Second Critical Role baby?",neither,0.03272665441960999,0.40147741495990785,0.5657959306204821
Wheres Pike/,neither,0.03945320844208391,0.33037608806864915,0.630170703489267
oh c'mon internet dont fail me now,neither,0.037553822082985744,0.3229854625761738,0.6394607153408406
Brian's episode was pretty darn good,neither,0.038932241454066714,0.33192663395409094,0.6291411245918422
Cabbage had a pretty good boost I must admit,neither,0.039654690550211646,0.31919874318484365,0.6411465662649448
Brain Wang Faster,neither,0.03945320844208391,0.33037608806864915,0.630170703489267
it's actually a cameo bag,neither,0.040680887668012776,0.28813004217611676,0.6711890701558706
bidet everyone,offensive_language,0.02988896790634741,0.4927062106388782,0.4774048214547744
ewww,neither,0.03945320844208391,0.33037608806864915,0.630170703489267
Brian really should guest on the critical role regular show,neither,0.052899562033644223,0.30345494334471934,0.6436454946216366
hype,neither,0.03945320844208391,0.33037608806864915,0.630170703489267
"Bidet everyone from Bonney Lake, WA Stream doesn't start til 7 pm",neither,0.036679238715474384,0.37745759381331334,0.5858631674712123
Whew,neither,0.03945320844208391,0.33037608806864915,0.630170703489267
Sam was spicing,neither,0.03928865443987951,0.33316899893778235,0.6275423466223382
Laura was busy with Uncharted.,neither,0.026764547548577326,0.37764980822193844,0.5955856442294842
You make a cameo! You make a cameo! We all get a cameo!,neither,0.052357231458497834,0.39948832275474117,0.5481544457867609
"Bidet from Fresno, Ca",neither,0.04084513770590474,0.30675141581570226,0.6524034464783931
Critical Role survey if you would like to participatehttps://www.surveymonkey.com/r/LQNLDBG,neither,0.04569254919134107,0.40047110470494485,0.5538363461037141
gandsTrinket gandsTrinket gandsTrinket Good evening guys,neither,0.03868633199165131,0.33258856056045205,0.6287251074478966
semen hype,neither,0.03945320844208391,0.33037608806864915,0.630170703489267
Bidet from Denmark,neither,0.04228451509352876,0.2823214250720796,0.6753940598343917
gandsHR gandsHR gandsHR gandsHR gandsHR gandsHR gandsHR gandsHR,neither,0.03945320844208391,0.33037608806864915,0.630170703489267
"ashley's in traffic, so no pike yet",neither,0.03875022780982032,0.3762121534276626,0.5850376187625171
Bidet,neither,0.03945320844208391,0.33037608806864915,0.630170703489267
WTF is this?? on time?,offensive_language,0.04791481786754293,0.654212730452013,0.297872451680444
Bidet,neither,0.03945320844208391,0.33037608806864915,0.630170703489267
gandsDrink gandsHR,neither,0.03945320844208391,0.33037608806864915,0.630170703489267
Beep beep and bidet from Niagara Falls Ny,neither,0.03962965451738289,0.27690669011702085,0.6834636553655963
made it!,neither,0.03684238675525566,0.33127406936755094,0.6318835438771935
Bidet from LA!,neither,0.04094187055022747,0.3051096069949388,0.6539485224548338
