text,top_class,hate_speech,offensive_language,neither
live,neither,0.04891340716200846,0.3271222919257548,0.6239643009122369
woooo,neither,0.03945320844208391,0.33037608806864915,0.630170703489267
PogChamp,neither,0.03945320844208391,0.33037608806864915,0.630170703489267
Bidet,neither,0.03945320844208391,0.33037608806864915,0.630170703489267
Yay! fanart has started,neither,0.03984998194770318,0.3236418061819551,0.6365082118703418
REFRESH,neither,0.03945320844208391,0.33037608806864915,0.630170703489267
HA!! It is online!,neither,0.04631857587203707,0.3280147733939282,0.6256666507340348
REFRESH,neither,0.03945320844208391,0.33037608806864915,0.630170703489267
REFRESH,neither,0.03945320844208391,0.33037608806864915,0.630170703489267
gandsSubHype gandsSubHype gandsSubHype gandsSubHype,neither,0.03945320844208391,0.33037608806864915,0.630170703489267
Will Matt and Marisha be riding their bikes?,neither,0.04010893889984457,0.2881758789909796,0.6717151821091759
offers spiced mayo to anyone interested,neither,0.04388679787216161,0.3277579521590816,0.6283552499687567
Hello All,neither,0.04217753453783664,0.43734383323855475,0.5204786322236087
woo Critart!,neither,0.03945320844208391,0.33037608806864915,0.630170703489267
Bidet from Iowa,neither,0.04069404815304118,0.30931579984010865,0.6499901520068502
saxmandm -> Looks like the crap has hit the fan. [stop spamming caps] [warning],neither,0.04441850848854802,0.35834189128824345,0.5972396002232085
when will that one be uploaded to view im still missing it :(,neither,0.03332787052994289,0.4195231167404626,0.5471490127295945
there it is,neither,0.051988479486451335,0.2532541473775745,0.6947573731359742
wpm Friday whoot whoot,neither,0.03945320844208391,0.33037608806864915,0.630170703489267
Art!,neither,0.03945320844208391,0.33037608806864915,0.630170703489267
"fanart is up, refresh if you dont see it",neither,0.037181843134519124,0.46529862914860526,0.49751952771687563
Wooo hooo it's live! laggy but live!,neither,0.04314529764856331,0.3369003599584771,0.6199543423929597
We have opening art and music... refresh if you don't see.,neither,0.03470320981593672,0.3725484992468109,0.5927482909372523
Here we go!!,neither,0.13156755280784707,0.2765461283225309,0.5918863188696221
The hype is real. Are you hyped? Because you should be hyped.,neither,0.08506859903453085,0.4371919701043644,0.47773943086110476
Bidet from Texas A&M!,neither,0.040937266849991,0.30518774380265185,0.6538749893473571
woot,neither,0.03945320844208391,0.33037608806864915,0.630170703489267
Bidet,neither,0.03945320844208391,0.33037608806864915,0.630170703489267
gandsMatt gandsSubHype gandsSubHype,neither,0.03945320844208391,0.33037608806864915,0.630170703489267
Bidet from Minnesota! gandsLessthanthree gandsLessthanthree gandsLessthanthree gandsSubHype gandsSubHype gandsSubHype,neither,0.04071751644889743,0.3089174816120565,0.6503650019390461
Bidet from Philly!,neither,0.040769555981420263,0.3080342349327864,0.6511962090857933
bidet and beep beep from Maryland!,neither,0.039665017157423446,0.26811748049299106,0.6922175023495856
Bidet from TX,neither,0.04081748366884477,0.3072207769958956,0.6519617393352596
fan art up!,neither,0.03676639129956834,0.384805925231397,0.5784276834690346
the Crit Art lead in has begun REFRESH if you do not see it,neither,0.03445789387573542,0.3817838173089873,0.5837582888152774
"I see it, can't hear it",neither,0.03670597787516275,0.3263160717261895,0.6369779503986478
HI ALL I LOVE YOU!,offensive_language,0.06124335273341344,0.528252791275817,0.41050385599076955
Bidet from Texas,neither,0.040937266849991,0.30518774380265185,0.6538749893473571
and now i pray my connection does not go all buggery uppery,offensive_language,0.02349556896887036,0.49767495549428326,0.47882947553684646
Any Calgarians/Albertans here??,neither,0.13442196375363802,0.26438636381104624,0.6011916724353156
"oooooooh so a one off this week? Who all is missing? Also, bidet/beep bep geeks :D",offensive_language,0.046981501409284615,0.4997018645784884,0.45331663401222694
Hype is pretty real,neither,0.03962082484997008,0.45072624213847645,0.5096529330115533
Texas <3 <3 <3,neither,0.03945320844208391,0.33037608806864915,0.630170703489267
beep beep from the Netherlands,neither,0.0395975487247086,0.2929303761973238,0.6674720750779677
bidet from Auckland NZ,neither,0.04228451509352876,0.2823214250720796,0.6753940598343917
HERE WE GO,neither,0.13156755280784707,0.2765461283225309,0.5918863188696221
im waiting,neither,0.03824227701905851,0.37629302133523346,0.5854647016457082
"Bidet and beep from Loganville, GA!",neither,0.03967843299723475,0.26489508746062856,0.6954264795421368
Good to see some other Minnesotans in here!,neither,0.08507873772481261,0.30111055697733585,0.6138107052978515
I prepping for this weeks D&D adventure in Portland Or. two seats avail. Hopefully we can get a meet and greet rocking,neither,0.03665733227507764,0.3007664180651195,0.6625762496598028
PM me if you would like an invite to the AUSSIE CRITTERS chat group.,neither,0.039794108298494724,0.4079632736577398,0.5522426180437654
@NavelWarfare they are all there tonight,neither,0.06962772622259687,0.27386976947251773,0.6565025043048855
TwitchRPG,neither,0.03945320844208391,0.33037608806864915,0.630170703489267
Bidet from Wichita :D,neither,0.04228451509352876,0.2823214250720796,0.6753940598343917
That buff Pike,neither,0.03486124774340957,0.38047850944979694,0.5846602428067935
a lot of critters from texas here lol,neither,0.07210925165946609,0.3297329978246489,0.5981577505158852
BRAZIL HERE,neither,0.10451085942188715,0.28138818202638227,0.6141009585517305
Bidet from dunedin NZ,neither,0.04228451509352876,0.2823214250720796,0.6753940598343917
"huh, it loaded without a refresh then froze (on my end) after a few seconds",neither,0.03183283981456549,0.3795424053462593,0.5886247548391752
beep beep guys and gals,neither,0.038544103962964406,0.29181252258379964,0.6696433734532359
good to see so many TX critters!,neither,0.045079932532016455,0.3690950141049828,0.5858250533630007
Tonight will be the first time I can chat during the game since they made it subscribers only!,neither,0.03263953597030638,0.27715930022587587,0.6902011638038178
Studying for a test and have this in the background!,neither,0.03393524905884493,0.28028221943874226,0.6857825315024128
Texas here too B),neither,0.10133551864454214,0.28797023750071865,0.6106942438547392
what is the music they play with the art,neither,0.038695534546572895,0.32965637415641785,0.6316480912970094
Bidet everyone!,offensive_language,0.02988896790634741,0.4927062106388782,0.4774048214547744
Bidet from Arizona,neither,0.04078317879478948,0.307803020237201,0.6514138009680096
Bidet from Sudbury,neither,0.04228451509352876,0.2823214250720796,0.6753940598343917
bidet from nebraska,neither,0.04062582848913359,0.31047366557575606,0.6489005059351104
Bidet from Boston!,neither,0.040769555981420263,0.3080342349327864,0.6511962090857933
Bidet from MI...8D,neither,0.04081748366884477,0.3072207769958956,0.6519617393352596
"Bidet from Suquamish, WA! Can't wait for this one shot!!!",neither,0.035094336044626195,0.3147957080435568,0.6501099559118172
is it still offline for everyone or just me,neither,0.024312397457885507,0.45230795740461865,0.5233796451374957
Texas Critters Represent!,neither,0.03945320844208391,0.33037608806864915,0.630170703489267
Bidet from Ontario o/,neither,0.04062582848913359,0.31047366557575606,0.6489005059351104
beep beep,neither,0.03945320844208391,0.33037608806864915,0.630170703489267
Ayyyyy bidet from ohio!,neither,0.04038571096854054,0.31454908655701314,0.6450652024744464
bidet,neither,0.03945320844208391,0.33037608806864915,0.630170703489267
!critmusic @lucytoosie,neither,0.03945320844208391,0.33037608806864915,0.630170703489267
The Critical Role theme song is written by Jason Charles Miller (bit.ly/CRsong ). The fan art music is Twin Elms from the Pillars of Eternity Soundtrack (youtu.be/WYMLvmilS24 ),neither,0.04451672980050135,0.3243004653192533,0.6311828048802453
Do they post crit roll after? I have homework to complete but want to watch it so bad!,neither,0.046006425126907606,0.3591439704840375,0.5948496043890549
"Milwaukee, WI here.",neither,0.0792044377641184,0.297635159059402,0.6231604031764795
"Bidet from Victoria, Canada!",neither,0.040394171658393964,0.31440548656955947,0.6452003417720467
Bidet from Canada also LET'S GO RANGERS,neither,0.029594337747298926,0.3435078475532481,0.6268978146994529
"bidet from UK, it's so early in the morning",neither,0.04612092172869345,0.20419157733825566,0.7496875009330509
ahhh that music though,neither,0.03593825895487539,0.3685436352367931,0.5955181058083315
Dallas Texas!,neither,0.03945320844208391,0.33037608806864915,0.630170703489267
meep meep!,neither,0.03945320844208391,0.33037608806864915,0.630170703489267
Bidet from Ontario!,neither,0.04062582848913359,0.31047366557575606,0.6489005059351104
Las vegas ÷>,neither,0.03945320844208391,0.33037608806864915,0.630170703489267
Wooo first time watching live :D,neither,0.03513206370154816,0.3516282956383994,0.6132396406600524
bidet y'all,offensive_language,0.046917543854519406,0.6277741405869331,0.3253083155585475
10 more min,neither,0.041401646550551875,0.32022123746408576,0.6383771159853624
bidet from longview texas,neither,0.04042489113558478,0.3138840968701843,0.6456910119942308
I dont see anything,neither,0.03945320844208391,0.33037608806864915,0.630170703489267
REFRESH if you don't see it playing,neither,0.033398401966889237,0.41881868053132854,0.5477829175017823
Yay so excited,neither,0.03941136106927814,0.3753038300095998,0.585284808921122
REFRESH if you don't see it playing,neither,0.033398401966889237,0.41881868053132854,0.5477829175017823
REFRESH if you don't see it playing,neither,0.033398401966889237,0.41881868053132854,0.5477829175017823
Welp. Time to get my coffee and get comfy. Enjoy the show my fellow critters !,neither,0.03992701877896867,0.27862696273967597,0.6814460184813553
Bidet!,neither,0.03945320844208391,0.33037608806864915,0.630170703489267
"Bidet from Indianapolis, Indiana!",neither,0.04039476597904064,0.31439539939713196,0.6452098346238274
Bidet from Canada's Capital - Ottawa!,neither,0.040354386843928725,0.3150807387011266,0.6445648744549448
"fanart is up, refresh if you dont see it",neither,0.037181843134519124,0.46529862914860526,0.49751952771687563
Bidet from DTLA!,neither,0.04062582848913359,0.31047366557575606,0.6489005059351104
Stavanger in Norway here :) Bidet lol,neither,0.10835650479731015,0.35362269555327513,0.5380207996494146
"Bidet from Kansas City, MO",neither,0.04034418574738135,0.315253877932276,0.6444019363203426
Bidet! Bidet! and Bidet!,neither,0.03763944115734239,0.1918412352459551,0.7705193235967025
Bidet from Ontario Canada,neither,0.040354386843928725,0.3150807387011266,0.6445648744549448
":D my first liiiive, can't wait!",neither,0.020846586391601765,0.43109466642990496,0.5480587471784932
bidet from ohio,neither,0.040754399270683486,0.3082914838698526,0.650954116859464
bidet,neither,0.03945320844208391,0.33037608806864915,0.630170703489267
Bidet!,neither,0.03945320844208391,0.33037608806864915,0.630170703489267
I am so goddamn keen for this,neither,0.032948249516837794,0.34405099798183053,0.6230007525013318
Louisville Kentucky,neither,0.03945320844208391,0.33037608806864915,0.630170703489267
reload,neither,0.03945320844208391,0.33037608806864915,0.630170703489267
"sup every1, im ready for some fantastic story telling\",neither,0.03124469444030102,0.33851244480399334,0.6302428607557057
"Bidet from Buffalo, NY!",neither,0.04043211762049359,0.3137614445616591,0.6458064378178473
"Next week, we will see what the Invention Bros can come up with in a year. I expect DOTY 2.0 to look like War Machine.",neither,0.04258312644613647,0.3733391151466484,0.584077758407215
when the app won't recognize you're online...,neither,0.05425954294931542,0.36364513113244423,0.5820953259182403
bidet from idaho,neither,0.04066490145509902,0.30981049537100724,0.6495246031738937
and we're back,neither,0.0663938077601487,0.23932562213624284,0.6942805701036083
Bidet from CA,neither,0.04084513770590474,0.30675141581570226,0.6524034464783931
bidet,neither,0.03945320844208391,0.33037608806864915,0.630170703489267
Bidet from Utah,neither,0.04066490145509902,0.30981049537100724,0.6495246031738937
bidet from bidet,neither,0.04228451509352876,0.2823214250720796,0.6753940598343917
"Just recently got into Critical Role, about halfway through ep4. Got a lot to catch up on",neither,0.035609391860777447,0.42705302830183295,0.5373375798373896
So excited!!!!,neither,0.03940839469474773,0.3948270312238364,0.565764574081416
Bidet!,neither,0.03945320844208391,0.33037608806864915,0.630170703489267
Hello chat,neither,0.03945320844208391,0.33037608806864915,0.630170703489267
Beep Beep from Toronto.,neither,0.04066490145509902,0.30981049537100724,0.6495246031738937
Bring on the Liamism TPK,neither,0.033763310730658476,0.3263750293776083,0.6398616598917332
a full group for the one shot is going to be good,neither,0.057991751888217896,0.3318377785076404,0.6101704696041417
Bidet!,neither,0.03945320844208391,0.33037608806864915,0.630170703489267
"Bidet from Rome,Georgia",neither,0.040371808140217125,0.31478505383715205,0.6448431380226308
"Bidet from Opp, Alabama",neither,0.04040974714285343,0.31414112994950705,0.6454491229076396
bidet from ohio,neither,0.040754399270683486,0.3082914838698526,0.650954116859464
bidet from malaysia,neither,0.04228451509352876,0.2823214250720796,0.6753940598343917
Bidet!,neither,0.03945320844208391,0.33037608806864915,0.630170703489267
!wtfisthis,neither,0.03945320844208391,0.33037608806864915,0.630170703489267
Tonight's Critical Role is a continuation of the WB one-shot DMed by Liam O'Brien. The standard series will resume next week!,neither,0.04109830593325131,0.33187084644894366,0.627030847617805
welcome aerochance,neither,0.03945320844208391,0.33037608806864915,0.630170703489267
Doty 😟,neither,0.03945320844208391,0.33037608806864915,0.630170703489267
Bidet from Arizona,neither,0.04078317879478948,0.307803020237201,0.6514138009680096
bidet from new jersey,neither,0.04458029923653559,0.209841401288464,0.7455782994750004
bidet,neither,0.03945320844208391,0.33037608806864915,0.630170703489267
yay! finally got it to load,neither,0.04236326952631655,0.3632205746997778,0.5944161557739056
bidet!,neither,0.03945320844208391,0.33037608806864915,0.630170703489267
This will be great!,neither,0.03910252587287661,0.27362898897023696,0.6872684851568863
Same @CritterFarm,neither,0.04148851938089603,0.3488915597363099,0.609619920882794
Bidet!,neither,0.03945320844208391,0.33037608806864915,0.630170703489267
p[\',neither,0.03945320844208391,0.33037608806864915,0.630170703489267
"I just made it to episode 28, it is a long haul but so worth",neither,0.04113447347344526,0.37297175203719113,0.5858937744893636
Hi,neither,0.03945320844208391,0.33037608806864915,0.630170703489267
stream is 5 min ahead on alpha. subscribe for an advanced screening (jk),neither,0.03873490502787896,0.31701453907364546,0.6442505558984757
"@Grimfyre well, Ashley mentioned the fan art was their actual clothing because they played themselves, so I am pretty sure I'm right. It is called Liam's Quest on the G&S youtube channel.",neither,0.03740503805081627,0.39151539144321795,0.5710795705059657
does anyone have a link to the fanart of the week from tuesday?,neither,0.033011581390460766,0.387744060531446,0.5792443580780932
Bidet from AZ!,neither,0.04078317879478948,0.307803020237201,0.6514138009680096
it's free real state,neither,0.06245340447174316,0.35421371797560386,0.5833328775526528
hi aerochance! im behind too lol,neither,0.03148707773801523,0.4152622286823936,0.5532506935795911
@aerochance Its so good. Worth the watch!,neither,0.03683663379190495,0.3572250604167933,0.6059383057913018
I'm so ready!!,neither,0.03940999150142386,0.4037259204934871,0.556864088005089
@dragonivon isn't it two weeks of no standard game?,neither,0.03778257145711148,0.30283619041854476,0.6593812381243437
Bidet from Aus,neither,0.04228451509352876,0.2823214250720796,0.6753940598343917
Bidet from Kansas!,neither,0.04071751644889743,0.3089174816120565,0.6503650019390461
gandsTeamNoStream,neither,0.03945320844208391,0.33037608806864915,0.630170703489267
"@Krose1 ... Bidet from Ranger, GA!",neither,0.04037932620557306,0.31465745264747463,0.6449632211469523
Be pleased from Texas!,neither,0.04088627857454766,0.3170418268306126,0.6420718945948397
hello everyone :),neither,0.03269494828970791,0.4450814005079928,0.5222236512022994
yay 1st live stream,neither,0.04290794479629296,0.32918784581741956,0.6279042093862875
bider from England. Soooo effin tired xD,neither,0.04032953260829805,0.3155025799441653,0.6441678874475367
first live ep for me! Finally got caught up,neither,0.02718357920469535,0.39708050433726916,0.5757359164580353
Any Alberta/Calgary critters??,neither,0.03945320844208391,0.33037608806864915,0.630170703489267
METALICA,neither,0.03945320844208391,0.33037608806864915,0.630170703489267
Bidet from Australia,neither,0.04062582848913359,0.31047366557575606,0.6489005059351104
gandsMasterStef,neither,0.03945320844208391,0.33037608806864915,0.630170703489267
Who's ready for a one shot,neither,0.03301342923761779,0.3900409851270688,0.5769455856353135
CRIT ROLE!,neither,0.03945320844208391,0.33037608806864915,0.630170703489267
Bidet from LA!,neither,0.04094187055022747,0.3051096069949388,0.6539485224548338
o,neither,0.03945320844208391,0.33037608806864915,0.630170703489267
Bidet from Manila!,neither,0.04228451509352876,0.2823214250720796,0.6753940598343917
Bidet Critters from South Dakota!,neither,0.04041079298828133,0.31412337922315653,0.6454658277885622
Bidet from florida,neither,0.0408948396164547,0.30590784468201904,0.6531973157015263
"Bidet from Columbus, Ohio!",neither,0.040417606421261354,0.3140077374838422,0.6455746560948964
Beep Beep from the good ol' MD,neither,0.03901179654061016,0.3014040062407428,0.659584197218647
what is tonight going to be? since its not the norm D&D,neither,0.045680812878974804,0.32210763606948395,0.6322115510515411
here we go boys!,neither,0.1027770141199493,0.2909222680250213,0.6063007178550294
can't wait till next week,neither,0.0390182001791352,0.337759313571989,0.6232224862488759
"!critvod on the website noonish Monday, rebroadcasts before then @Lady_Mayhem",neither,0.03356425379626655,0.3799466999091525,0.5864890462945811
Bidet! from Wisconsin!,neither,0.04071751644889743,0.3089174816120565,0.6503650019390461
Past episodes of Critical Role are at geekandsundry.com/shows/critical-role/ and new episodes go up the Monday after they air.,neither,0.046629022184673,0.29317218330779443,0.6601987945075326
excited to have Matt playing tonight!,neither,0.041939588489894535,0.31675944749250823,0.6413009640175973
Bidet from Maryland.,neither,0.04066490145509902,0.30981049537100724,0.6495246031738937
bidet from GA,neither,0.040737273169946825,0.30858215849491494,0.6506805683351382
"Bidet from Winnipeg, Canada gandsTrinketArmor",neither,0.04071751644889743,0.3089174816120565,0.6503650019390461
"oh thats right liams quest tonight, the last one was pretty bizarre.. really entertaining but bizarre",neither,0.03776482476719794,0.31863882452421216,0.6435963507085899
Bidet from Oregon!,neither,0.04071751644889743,0.3089174816120565,0.6503650019390461
cant wait to see matt play,neither,0.04497774621135916,0.3271304362478567,0.627891817540784
Definitely. It's scheduling the time to sit down and watch it that's hard for me lol,offensive_language,0.024361058880316824,0.48946644718118,0.48617249393850315
mmm yes,neither,0.03945320844208391,0.33037608806864915,0.630170703489267
"Bidet from Perth, Australia!",neither,0.04062582848913359,0.31047366557575606,0.6489005059351104
@ponix_dark awesome! Don't meet a lot of people from here online,neither,0.10223286394147486,0.2870977998027728,0.6106693362557524
fanart of the week can be found on critrole fanart gallery on GnS,neither,0.03528559571655048,0.33722043822043857,0.627493966063011
nice to see other Az critters,neither,0.045715332838642424,0.3267095768254075,0.62757509033595
bidet from Missouri! Hope everyone is well!,neither,0.07283180936544414,0.3056018175233083,0.6215663731112476
welcome @sicara91,neither,0.03945320844208391,0.33037608806864915,0.630170703489267
Bidet from Louisiana,neither,0.04062582848913359,0.31047366557575606,0.6489005059351104
so many texan critters! i love it,neither,0.0337530268055741,0.41179266906657835,0.5544543041278476
COMMENT,neither,0.03945320844208391,0.33037608806864915,0.630170703489267
Bidet from Toronto!,neither,0.04066490145509902,0.30981049537100724,0.6495246031738937
hellow bridgets,neither,0.03945320844208391,0.33037608806864915,0.630170703489267
"Bidet! From Troy, Alabama.",neither,0.04037735807595538,0.31469085694349574,0.6449317849805489
i wish i had a good internet connection,neither,0.038945253814733585,0.33055079695756046,0.630503949227706
whats happening tonight a one off? for what?,neither,0.036414512406251404,0.31390777496088995,0.6496777126328587
bidet from CT!,neither,0.04066490145509902,0.30981049537100724,0.6495246031738937
"I love their theme music, it's so pretty",neither,0.036126716567256814,0.3761368236080454,0.5877364598246978
bidet from Utah,neither,0.04066490145509902,0.30981049537100724,0.6495246031738937
Bidet from OR as well.,neither,0.038247849301094525,0.35083417842792575,0.6109179722709798
Tonight is Liam's Game!,neither,0.04378302009821704,0.27529636757241316,0.6809206123293698
finally we get to see what Mercer is like as a player,neither,0.05872429141179642,0.4367597809557254,0.5045159276324782
"Hello from Lake Geneva,Wi.",neither,0.040291594109613645,0.3161464952784314,0.643561910611955
Bidet from california,neither,0.06971251856910227,0.2972619859879888,0.633025495442909
"@Sickbiscuit27 My understanding was today is Liam's one shot, then they come back next week. If I'm wrong, wouldn't be the first time. But when they do come back, year lapse.",neither,0.022904084833084495,0.43147133491847933,0.5456245802484361
cant wait to see liam DM for the first time,neither,0.033689816178421525,0.31292582879585923,0.6533843550257191
Bidet from Ohio,neither,0.040754399270683486,0.3082914838698526,0.650954116859464
Bidet from Germany!,neither,0.04069404815304118,0.30931579984010865,0.6499901520068502
"Bidet from Victoria, BC, Canada!",neither,0.04030504097628521,0.31591826685748914,0.6437766921662256
"Bidet from Lethbridge, Alberta!",neither,0.04062582848913359,0.31047366557575606,0.6489005059351104
"Bidet from Corvallis, Oregon.",neither,0.04071751644889743,0.3089174816120565,0.6503650019390461
bidet from Michigan!,neither,0.040769555981420263,0.3080342349327864,0.6511962090857933
bidet from phx,neither,0.04228451509352876,0.2823214250720796,0.6753940598343917
"bidet from Fairfax, VA Twitch is better than Alpha anyday",neither,0.04433163527898999,0.3230341360963033,0.6326342286247066
beep meep.,neither,0.03945320844208391,0.33037608806864915,0.630170703489267
BeepBeep,neither,0.03945320844208391,0.33037608806864915,0.630170703489267
bidet y'all,offensive_language,0.046917543854519406,0.6277741405869331,0.3253083155585475
Yay Oregon!,neither,0.03945320844208391,0.33037608806864915,0.630170703489267
Bidet from LBC,neither,0.04228451509352876,0.2823214250720796,0.6753940598343917
Be pleased from florida and my almost puky self *looks green* but I wanted to see if they were wearing the same clothes as last time,neither,0.02696337682542631,0.31277055114835095,0.6602660720262227
Oh yeah! forgot it was a liam oneshot,neither,0.028810543141152656,0.38291023473563496,0.5882792221232124
Who from Aus is going to supernova tomorrow???,neither,0.05689262397145829,0.40107598943718686,0.5420313865913549
awww all these sad pike arts,offensive_language,0.05168601588675496,0.496275757902834,0.45203822621041106
Bidet from L.A.,neither,0.04228451509352876,0.2823214250720796,0.6753940598343917
bidet from Ohio indeed,neither,0.040417606421261354,0.3140077374838422,0.6455746560948964
Bidet,neither,0.03945320844208391,0.33037608806864915,0.630170703489267
"Bidet from Sydney, Australia!!",neither,0.04031924518627951,0.315677184343852,0.6440035704698686
Any critters from Calgary here?,neither,0.11854627785957816,0.25158518051671064,0.6298685416237113
"critical role! First time watching live, I'm so excited",neither,0.03669851317878268,0.3719880393376189,0.5913134474835984
Bidet from Detroit!,neither,0.04080695066346891,0.3073995495860776,0.6517934997504536
!wtfisthis,neither,0.03945320844208391,0.33037608806864915,0.630170703489267
Tonight's Critical Role is a continuation of the WB one-shot DMed by Liam O'Brien. The standard series will resume next week!,neither,0.04109830593325131,0.33187084644894366,0.627030847617805
"Bidet from CT! SO excited for this one, Liam's last One Shot was amazing",neither,0.035754403987792366,0.36101974223586025,0.6032258537763473
doty take this down,neither,0.03931185385024542,0.3327752443982364,0.6279129017515183
"Bidet from Ipswich , QLD",neither,0.04228451509352876,0.2823214250720796,0.6753940598343917
Howdy folks,neither,0.03945320844208391,0.33037608806864915,0.630170703489267
Bidet everyone!,offensive_language,0.02988896790634741,0.4927062106388782,0.4774048214547744
"Bidet from Tullahoma, TN",neither,0.040769555981420263,0.3080342349327864,0.6511962090857933
Bidet from KY! I wanna see some Liam shenanigans!,neither,0.03428980200751959,0.32747971723876595,0.6382304807537145
CALGARY HYPE,neither,0.03945320844208391,0.33037608806864915,0.630170703489267
Olympia Washington here,neither,0.105265558697347,0.2809344426009783,0.6137999987016748
Can't wait to finally see Matt Mercer as a player!!!!,neither,0.03857535523311057,0.4129198420428037,0.5485048027240859
hyped,neither,0.03945320844208391,0.33037608806864915,0.630170703489267
Bidet from Toronto!,neither,0.04066490145509902,0.30981049537100724,0.6495246031738937
"Bidet from Calgary, Calgary",neither,0.04228451509352876,0.2823214250720796,0.6753940598343917
Hello everybody!!!,neither,0.03945320844208391,0.33037608806864915,0.630170703489267
Oh yeah! The puppy!,neither,0.0270329866198586,0.3775235306958675,0.5954434826842739
@kaykalu ME!,neither,0.018491955366437673,0.460246435692358,0.5212616089412043
"Bidet from SalvaBrazildor,",neither,0.04228451509352876,0.2823214250720796,0.6753940598343917
@cravenfear i know!! i didnt realize how many critters there were from texas lol! kinda crazy,neither,0.02905530478721462,0.3913477133275796,0.5795969818852057
Ah. Who else is lookin' forward to seeing what Liam has in store for them tonight! 8D,neither,0.06891470269542584,0.31487999911876396,0.6162052981858103
here we be,neither,0.14016876771196596,0.27115396436695344,0.5886772679210805
be good to watch matthew play for once,neither,0.043425810079899665,0.3064910921536056,0.6500830977664946
bidet from oregon,neither,0.04071751644889743,0.3089174816120565,0.6503650019390461
"Honestly, just waiting for the comments (mainly youtube), of Marisha playing Marisha wrong",neither,0.033274086096535344,0.3164533098537755,0.6502726040496892
first time live for me too,neither,0.024252713769132867,0.3624092068911759,0.6133380793396912
FINALLY i can watch this live!,neither,0.05023807645220783,0.3237535441978711,0.626008379349921
my hubbies cusin lives In Corvallis,neither,0.025132778795233852,0.44593904053591654,0.5289281806688496
so other than scanlan who is everyone favorite party member?,neither,0.040310846829431646,0.4763208134385726,0.48336833973199567
HeyGuys,neither,0.03945320844208391,0.33037608806864915,0.630170703489267
bidet from Guam,neither,0.04228451509352876,0.2823214250720796,0.6753940598343917
gandsClassic gandsClassic gandsClassic gandsClassic gandsClassic gandsClassic gandsClassic gandsClassic gandsClassic gandsClassic,neither,0.03945320844208391,0.33037608806864915,0.630170703489267
Bidet Alberta,neither,0.03945320844208391,0.33037608806864915,0.630170703489267
Bidet from Fargo!,neither,0.04062582848913359,0.31047366557575606,0.6489005059351104
Beep beep from Chicago!,neither,0.04078317879478948,0.307803020237201,0.6514138009680096
Bidet from Calgary!,neither,0.04228451509352876,0.2823214250720796,0.6753940598343917
Bidet from CT,neither,0.04066490145509902,0.30981049537100724,0.6495246031738937
bidget from Winnipeg,neither,0.04228451509352876,0.2823214250720796,0.6753940598343917
bixby!!!!,neither,0.03945320844208391,0.33037608806864915,0.630170703489267
@aquasong18 http://geekandsundry.com/critical-role-fan-art-gallery-just-warming-up/ is the latest I think,neither,0.037596206277900966,0.29425808969914613,0.6681457040229529
"Bidet from Montgomert, AL",neither,0.04724196013466046,0.19818064482348735,0.7545773950418522
"Woot, Bidet from Atlanta today",neither,0.03908339665756719,0.2981701553713185,0.6627464479711143
I hope he brings something good to the table unlike when Chris Perkins was playing with AcqInc and he just brought Drizz't,neither,0.0470535828508671,0.29917440892600833,0.6537720082231245
Bidet for Wisconsin,neither,0.03249517366167782,0.29565414420004343,0.6718506821382788
"Bidet from Auburn, Wa!",neither,0.040354386843928725,0.3150807387011266,0.6445648744549448
oh Scanlan,neither,0.051363287716059566,0.22255663153133606,0.7260800807526044
hello hello,neither,0.03945320844208391,0.33037608806864915,0.630170703489267
We will see if Liam kills the whole party... again.,neither,0.027711246151319115,0.3595548542982213,0.6127338995504595
Bidet from Minnesota!,neither,0.04071751644889743,0.3089174816120565,0.6503650019390461
first actual time watching on twitch super excited!!!!,neither,0.03288366723217714,0.35196887625314704,0.6151474565146758
Beep from 4am sweden,neither,0.04228451509352876,0.2823214250720796,0.6753940598343917
"Bidet from Tulsa, Oklahoma!!",neither,0.04066490145509902,0.30981049537100724,0.6495246031738937
thisis going to be a all nighter... from 4 till 7 am... im not ready...,neither,0.04401380527506017,0.4254112416282382,0.5305749530967016
bidet from buffalo NY,neither,0.04043211762049359,0.3137614445616591,0.6458064378178473
Can't wait for the shenanigans to begin!!,neither,0.039187813638480444,0.2823454586807822,0.6784667276807373
@Crossed_fox Everyone in Florida is sick. Get out while you can. D:,neither,0.04820822709692867,0.4562548302711693,0.495536942631902
Yeehhh lots of Virginians,neither,0.03945320844208391,0.33037608806864915,0.630170703489267
Spice? Got spice?,neither,0.038612794528473035,0.3605041695791742,0.6008830358923527
bidet from Texas,neither,0.040937266849991,0.30518774380265185,0.6538749893473571
I am excite,neither,0.039246452605914695,0.33044720088162116,0.6303063465124641
!wtfisthis,neither,0.03945320844208391,0.33037608806864915,0.630170703489267
Beep beep.,neither,0.03945320844208391,0.33037608806864915,0.630170703489267
Tonight's Critical Role is a continuation of the WB one-shot DMed by Liam O'Brien. The standard series will resume next week!,neither,0.04109830593325131,0.33187084644894366,0.627030847617805
i miss scanlan,neither,0.02789410451089843,0.33435179396025927,0.6377541015288424
"beep beep from Collinsville ,Ok.",neither,0.04104157946423444,0.3034172865047108,0.6555411340310547
"Bidet, all.",offensive_language,0.046917543854519406,0.6277741405869331,0.3253083155585475
hello o/,neither,0.03945320844208391,0.33037608806864915,0.630170703489267
tri1 tri2 tri3 tri4,neither,0.03945320844208391,0.33037608806864915,0.630170703489267
Liam's ons shot should be pretty interesting.,neither,0.04734153311018761,0.3552197865212397,0.5974386803685727
bidet from gatineau!,neither,0.04228451509352876,0.2823214250720796,0.6753940598343917
"Hello, from Tulsa!",neither,0.040875471929787875,0.3062365648703896,0.6528879631998226
"Bidet and Beep Beep from Nashville, TN",neither,0.039618715792848265,0.27971990106412287,0.6806613831430289
Hey everyone!!!,neither,0.031959242684595296,0.4575682446653829,0.5104725126500218
"Bidet from Idaho, USA",neither,0.04037932620557306,0.31465745264747463,0.6449632211469523
"Any AUSSIES interested in joining the AUSSIE CRITTERS chat group, PM me before the show starts and I will send you an INVITE.",neither,0.046656163322283124,0.3149133582500709,0.638430478427646
Bidet from the north woods of Wisconsin!,neither,0.03954683780789805,0.30523205180683777,0.6552211103852642
bidet from Brazil,neither,0.04079557052152802,0.30759270029461827,0.6516117291838538
lots of folks from Oregon on tonight got to represent!,neither,0.03965860896408426,0.3377724532594358,0.6225689377764799
Is my badge a sloth?,neither,0.035434419909930695,0.40042639882592135,0.5641391812641479
Bidet from philly,neither,0.040769555981420263,0.3080342349327864,0.6511962090857933
Alberta gandsSubHype gandsSubHype,neither,0.03945320844208391,0.33037608806864915,0.630170703489267
I'm so excited to see Player!Matt get Liam back for all the times he's messed with him! This is gonna be such a great game!!!,neither,0.03589052718639851,0.40238575368803703,0.5617237191255644
"bidet from Akron, Ohio",neither,0.040754399270683486,0.3082914838698526,0.650954116859464
You guy's fan art is awesome!!!1 Good Job Guy's,neither,0.053443109758947074,0.3651728732279103,0.5813840170131426
@jimothyslim it is!,neither,0.059603583318096655,0.32344545014120724,0.616950966540696
"Bidet from College Station, TX!!",neither,0.04032017338852271,0.31566143032936994,0.6440183962821073
Whats up?!,neither,0.03597034933595279,0.4023906385329718,0.5616390121310755
!uptime,neither,0.03945320844208391,0.33037608806864915,0.630170703489267
Bidet from the post-apocalypse!,neither,0.039570548912231926,0.2993834284695309,0.6610460226182372
!wallet,neither,0.03945320844208391,0.33037608806864915,0.630170703489267
Bidet Bidet from Wilson NC USA,neither,0.04024824844586633,0.3168821843153912,0.6428695672387424
gandsSubHype gandsSubHype gandsSubHype gandsSubHype,neither,0.03945320844208391,0.33037608806864915,0.630170703489267
!wtfisthis,neither,0.03945320844208391,0.33037608806864915,0.630170703489267
Tonight's Critical Role is a continuation of the WB one-shot DMed by Liam O'Brien. The standard series will resume next week!,neither,0.04109830593325131,0.33187084644894366,0.627030847617805
"bidet from Erie, Pa",neither,0.04069404815304118,0.30931579984010865,0.6499901520068502
At dawn we leap in time,neither,0.037826280167278396,0.3661121338680938,0.5960615859646279
woooo,neither,0.03945320844208391,0.33037608806864915,0.630170703489267
Who's ready for Mad Matt: DnD edition?,neither,0.03589684802420591,0.34820939305239096,0.6158937589234031
bidet from buffalo ny,neither,0.04043211762049359,0.3137614445616591,0.6458064378178473
Bidet!!! DM Liam let's do this!!,neither,0.02769921491973276,0.357796097960162,0.6145046871201052
seems si,neither,0.03945320844208391,0.33037608806864915,0.630170703489267
SO HYPE FOR LIAM'S QUEST 2.0,neither,0.03501966899130148,0.3386286932073739,0.6263516378013246
Bidet from VA,neither,0.04066490145509902,0.30981049537100724,0.6495246031738937
Any other Missouri critters here?,neither,0.08339851931823641,0.29478198934183003,0.6218194913399334
CALIFORNIA REPRESENT,neither,0.059666608590021444,0.3234237728601305,0.616909618549848
@jimothyslim yes,neither,0.03945320844208391,0.33037608806864915,0.630170703489267
No Twitch...it still is not my 12 month anniversay,neither,0.03327309490372055,0.41094154198483396,0.5557853631114456
HeyGuys Hi!,neither,0.03945320844208391,0.33037608806864915,0.630170703489267
you spice?,neither,0.06371933836109143,0.39692838513161777,0.5393522765072908
Beep Beep From Ecuador!,neither,0.04062582848913359,0.31047366557575606,0.6489005059351104
Bidet from Buffalo,neither,0.04069404815304118,0.30931579984010865,0.6499901520068502
go aggies!,neither,0.04276165647058889,0.34190019769565555,0.6153381458337556
gandsLessthanthree gandsLessthanthree gandsLessthanthree,neither,0.03945320844208391,0.33037608806864915,0.630170703489267
Bidet from Vermont!!,neither,0.04228451509352876,0.2823214250720796,0.6753940598343917
Beep Beep from lake wales FL,neither,0.04039617012658628,0.31437156734874944,0.6452322625246643
what does bidet actually mean,neither,0.02944244078979003,0.45775129103418627,0.5128062681760238
hey bidet!,neither,0.03945320844208391,0.33037608806864915,0.630170703489267
I'm glad this is a 1 shot s,neither,0.04857566167426258,0.32895359450675965,0.6224707438189776
Bidet from AK!,neither,0.04069404815304118,0.30931579984010865,0.6499901520068502
Matt is going to kick ***,neither,0.052296810237585534,0.34895106431358397,0.5987521254488306
bidet from ATL!,neither,0.04078317879478948,0.307803020237201,0.6514138009680096
I spice.,neither,0.03945320844208391,0.33037608806864915,0.630170703489267
So many talented Critters!,neither,0.03941046282052915,0.37785211031498234,0.5827374268644886
"@aquasong18, https://cdnb.artstation.com/p/assets/images/images/005/611/921/large/carlos-ruiz-cr-big.jpg",neither,0.03280942815056542,0.3549794781146337,0.6122110937348008
Bidet Ya'll From Germany,offensive_language,0.026936575725409664,0.5532143192242703,0.4198491050503198
Bidet from Poland I guess.,neither,0.04036994103975884,0.3110627315792376,0.6485673273810036
I miss scanlan :(,neither,0.02789410451089843,0.33435179396025927,0.6377541015288424
Bidet,neither,0.03945320844208391,0.33037608806864915,0.630170703489267
"Well if this the continuation, i may just have to skip this one. That was like the only episode i didn't really care for lol. I was hoping for a DnD adventure one shot :/",neither,0.023489110913359985,0.39465007477472464,0.5818608143119154
need a north east critters meetup,neither,0.03927899270182204,0.328917227889199,0.6318037794089788
one last one: John Williams - Star Wars The Throne Room. The Force Awakens Tribute Performance. https://www.youtube.com/watch?v=dydhnAi0A3E,neither,0.04013979557125443,0.3410166254512488,0.6188435789774968
b'day,neither,0.04062343770405816,0.29560591037067285,0.663770651925269
Aussie aussie Aussie...................,neither,0.03945320844208391,0.33037608806864915,0.630170703489267
bidet from Long island,neither,0.040349090989372026,0.3087357751934448,0.6509151338171831
I NEED MY CRIT ROLE,neither,0.026910491761380627,0.425942944045968,0.5471465641926514
get that s p i c e,neither,0.02963059925980306,0.44622686852941695,0.5241425322107799
BloodTrail nice fanart,neither,0.03945320844208391,0.33037608806864915,0.630170703489267
Bidet from VA!,neither,0.04066490145509902,0.30981049537100724,0.6495246031738937
Beep beep,neither,0.03945320844208391,0.33037608806864915,0.630170703489267
"Still, can't wait to see what VM hasbeen doing the past year.",neither,0.04788409355052166,0.31972833508025256,0.6323875713692257
420 spicin,neither,0.03945320844208391,0.33037608806864915,0.630170703489267
"if any Calgary critters are free this summer, let's start a game! I have nothing to do until college in the fall lmao",neither,0.032160331806075415,0.35650424356620847,0.6113354246277162
Beep beep from KCMO,neither,0.04228451509352876,0.2823214250720796,0.6753940598343917
it's 3am here,neither,0.09232389065636662,0.2878794041143122,0.6197967052293212
bidet from Rainy HI,neither,0.04094187055022747,0.3051096069949388,0.6539485224548338
Kaitiaki everyone,offensive_language,0.02988896790634741,0.4927062106388782,0.4774048214547744
"bidet from Exeter, uk",neither,0.04079557052152802,0.30759270029461827,0.6516117291838538
oi oi oi,neither,0.03945320844208391,0.33037608806864915,0.630170703489267
