text,top_class,hate_speech,offensive_language,neither
hope my art shows up!,neither,0.053374953146590985,0.35106307788841684,0.5955619689649921
Matt playing FTW!!!,neither,0.03945320844208391,0.33037608806864915,0.630170703489267
hi,neither,0.03945320844208391,0.33037608806864915,0.630170703489267
CA here,neither,0.10782115003434391,0.2794089377646443,0.6127699122010118
Tonight's Critical Role is a continuation of the WB one-shot DMed by Liam O'Brien. The standard series will resume next week!,neither,0.04109830593325131,0.33187084644894366,0.627030847617805
What is this song?,neither,0.05996683045653229,0.33256274023851656,0.6074704293049512
"Beep beep from Apex, NC!! Can't wait to see Merced actually play a character!!!",neither,0.0441062108833156,0.31502803331849205,0.6408657557981923
"lots of Ontarians here today, bidet",neither,0.08698054925253394,0.2699874223229743,0.6430320284244917
MATT IS PLAYING? Kreygasm,neither,0.04836219900097032,0.3273118776883181,0.6243259233107116
BIDET FROM INDIANA,neither,0.0408364874901429,0.30689823255244486,0.6522652799574122
Are they late?,neither,0.07813157933634528,0.2682026924413417,0.6536657282223132
bidet from HOUSTON TX,neither,0.040501953574932,0.3125761461575217,0.6469219002675464
canadian critters <3,neither,0.03945320844208391,0.33037608806864915,0.630170703489267
gandsLessthanthree gandsLessthanthree gandsLessthanthree gandsLessthanthree,neither,0.03945320844208391,0.33037608806864915,0.630170703489267
"wait, did this *** just start?",neither,0.03464618811336044,0.3543392043930707,0.6110146074935688
cant wait for matt playing omfg,neither,0.03512153272381521,0.30873039006712094,0.6561480772090639
512 crew!!,neither,0.03945320844208391,0.33037608806864915,0.630170703489267
ATX very much in the house!,neither,0.03452634889061946,0.31477068167491146,0.6507029694344693
@akemixpanda that's not bad at all,offensive_language,0.02974559658332387,0.528709814002201,0.44154458941447505
Liam one shot!,neither,0.038649759459945816,0.35989894363235125,0.6014512969077029
One shot hype!,neither,0.038550218449438046,0.3635428854003546,0.5979068961502074
watch Matt cause a TPK tonight :),neither,0.04026156693454187,0.335596539826611,0.6241418932388471
"Beepbeep from Eindhoven, Netherlands",neither,0.04066490145509902,0.30981049537100724,0.6495246031738937
Bidet from Columbus Ohio,neither,0.040417606421261354,0.3140077374838422,0.6455746560948964
"Bidet from Morgantown, WV!",neither,0.04069404815304118,0.30931579984010865,0.6499901520068502
Beep Beep & Bidet. B/CS Tx represent,neither,0.03945320844208391,0.33037608806864915,0.630170703489267
bidet from Maine,neither,0.04069404815304118,0.30931579984010865,0.6499901520068502
"Bidet from Manila, it's 10 AM here!",neither,0.0924258239981675,0.27005219645247347,0.6375219795493592
In which way do you choose to complete this action?,neither,0.05729863280852896,0.359814711382316,0.582886655809155
@potato_islife - Bidet from MN!,neither,0.040737273169946825,0.30858215849491494,0.6506805683351382
AZ is here,neither,0.1203834350483128,0.2778105749555978,0.6018059899960894
im soo stoked to see matt play,neither,0.043317544288048855,0.3497974694835276,0.6068849862284236
Bidet from Vancouver!,neither,0.04228451509352876,0.2823214250720796,0.6753940598343917
test,neither,0.03945320844208391,0.33037608806864915,0.630170703489267
"Bidet from Gainesville, FL!",neither,0.04066490145509902,0.30981049537100724,0.6495246031738937
"they are waiting on matt probably, hes supposed to be late",neither,0.05654655669387994,0.322745846820773,0.6207075964853471
You can fit some countries inside texas!,neither,0.03694649294452361,0.2044105602317123,0.7586429468237641
i love this music track,neither,0.036422982115089,0.3457007949882419,0.6178762228966692
woo,neither,0.03945320844208391,0.33037608806864915,0.630170703489267
gandsSCANLAN,neither,0.03945320844208391,0.33037608806864915,0.630170703489267
"Hey dere, these various Bidets have been complied into a sick and cool Critter world map",neither,0.04306408167494966,0.35086666781506654,0.6060692505099838
Pittsburgh check in too <3,neither,0.039216972495764515,0.3343856286043806,0.6263973988998549
New Zealand here!,neither,0.15673534076804654,0.13507778872090934,0.7081868705110441
Greetings from Rhode Island,neither,0.04039476597904064,0.31439539939713196,0.6452098346238274
bidet from Edmonton alberta,neither,0.04062582848913359,0.31047366557575606,0.6489005059351104
yea matt is playing lol,neither,0.038659138327185774,0.3792299120763322,0.582110949596482
Bidet from NY,neither,0.04084513770590474,0.30675141581570226,0.6524034464783931
Who thinks Matt will try to mess up Liam's introduction? :p,neither,0.043244636968587456,0.3869827234051996,0.5697726396262129
@Mohr_Khowbell I saw it,neither,0.037133505928817465,0.3311739401343179,0.6316925539368646
"Bidet from StL, Mo.",neither,0.040912083971464244,0.30561516297332675,0.653472753055209
so stoked about this one-shot,neither,0.037245198746381554,0.4183214862765433,0.5444333149770751
bidet from KCMO,neither,0.04228451509352876,0.2823214250720796,0.6753940598343917
Bidet!!!!,neither,0.03945320844208391,0.33037608806864915,0.630170703489267
bidet from houston tx,neither,0.040501953574932,0.3125761461575217,0.6469219002675464
We Canadians love to eat our igloos while we sleep in our polar bear with our pet poutine.... Wait...,neither,0.03577973483770674,0.352408990582089,0.6118112745802041
"Gnaah, my phone keeps freezing on me, somehow. Well, time to start the pc I guess",neither,0.0303730234055743,0.4023059564842276,0.5673210201101981
bidet from Toronto!,neither,0.04066490145509902,0.30981049537100724,0.6495246031738937
Bidet from Washington!,neither,0.04080695066346891,0.3073995495860776,0.6517934997504536
gandsSCANLAN gandsSCANLAN gandsSCANLAN,neither,0.03945320844208391,0.33037608806864915,0.630170703489267
Wooo! Columbus!,neither,0.03945320844208391,0.33037608806864915,0.630170703489267
FREEDOM FROM SUB ONLY,neither,0.0404049306824598,0.31422287785234665,0.6453721914651934
Sam is probably running late,neither,0.04507172102257919,0.344476111003318,0.6104521679741027
Hi all,neither,0.0423466876598404,0.4436528871510691,0.5140004251890904
I want a war in critical role! WAAAAAAAGH!,neither,0.03963605127219976,0.32727276805982125,0.633091180667979
"Technically, Liam 2 Shot",neither,0.03945320844208391,0.33037608806864915,0.630170703489267
Oregon LOVES CR!!!!!!!!,neither,0.03945320844208391,0.33037608806864915,0.630170703489267
Bidet from Germany,neither,0.04069404815304118,0.30931579984010865,0.6499901520068502
bidet from idaho,neither,0.04066490145509902,0.30981049537100724,0.6495246031738937
So,offensive_language,0.039501631330860744,0.48329170807269783,0.4772066605964413
Bideeeeeeet from Ontario!,neither,0.04062582848913359,0.31047366557575606,0.6489005059351104
Late!!!,neither,0.03945320844208391,0.33037608806864915,0.630170703489267
Bidet from os Anees,neither,0.04062582848913359,0.31047366557575606,0.6489005059351104
4/20 episode they late cuz red eyes n ***,neither,0.04057868202016177,0.3081754205496982,0.6512458974301402
Liam!,neither,0.03945320844208391,0.33037608806864915,0.630170703489267
florida love and its definitely 10 pm,neither,0.032744035172425086,0.31236360026102383,0.6548923645665511
"Bidet from Portland, OR!",neither,0.040570124267008914,0.3114191116016469,0.6480107641313441
WOO,neither,0.03945320844208391,0.33037608806864915,0.630170703489267
New Zealand here woop,neither,0.15673534076804654,0.13507778872090934,0.7081868705110441
Song is twin elms,neither,0.04782746815927597,0.33534564171446685,0.616826890126257
GOING SUBSCRIBERS ONLY MODE like we do,neither,0.0484541527145211,0.3702232968339539,0.5813225504515249
Come on Conan as a guest player!!!,neither,0.0317610743302165,0.44032183071387204,0.5279170949559113
tampa fl,neither,0.03945320844208391,0.33037608806864915,0.630170703489267
HELLO,neither,0.03945320844208391,0.33037608806864915,0.630170703489267
GOING SUBSCRIBERS ONLY MODE like we do,neither,0.0484541527145211,0.3702232968339539,0.5813225504515249
BIDET FROM INDIANA,neither,0.0408364874901429,0.30689823255244486,0.6522652799574122
GOING SUBSCRIBERS ONLY MODE like we do,neither,0.0484541527145211,0.3702232968339539,0.5813225504515249
"can someone DM me the name of the marvel heros alliance pls, thanks",neither,0.03313622083126992,0.3218658267148265,0.6449979524539035
YEEEES,neither,0.03945320844208391,0.33037608806864915,0.630170703489267
Bidet,neither,0.03945320844208391,0.33037608806864915,0.630170703489267
Bidet from the UK!,neither,0.039613273355342184,0.2892653269430044,0.6711213997016535
=:3,neither,0.03945320844208391,0.33037608806864915,0.630170703489267
Hi from New Zealand,neither,0.04482899111557546,0.20362019145052113,0.7515508174339034
"ooooh, the WB one shot! I liked that one :)",neither,0.034263849324731074,0.4010559212517009,0.5646802294235679
So excited for liam!!!,neither,0.034063328509834644,0.3405807387056501,0.6253559327845153
YAAAAAAA,neither,0.03945320844208391,0.33037608806864915,0.630170703489267
!!!!!!,neither,0.03945320844208391,0.33037608806864915,0.630170703489267
Bidet from Virginia Beach!,neither,0.040454134749990676,0.3133877564139642,0.6461581088360451
PogChamp,neither,0.03945320844208391,0.33037608806864915,0.630170703489267
god the music is looooud,neither,0.048834373642359326,0.30688366384113797,0.6442819625165028
HELLO,neither,0.03945320844208391,0.33037608806864915,0.630170703489267
Terry give good SNU SNU,neither,0.038368939491122016,0.330749017880691,0.630882042628187
"gandsOwl Good luck, Liam! Give 'em hell, Matt!",offensive_language,0.040205331671655846,0.5952184481196223,0.3645762202087219
Yayyyyy,neither,0.03945320844208391,0.33037608806864915,0.630170703489267
Six other KY critters.,neither,0.03945320844208391,0.33037608806864915,0.630170703489267
LETS GO RANGERS,neither,0.03980986016623285,0.34716463328462877,0.6130255065491383
WHAT,neither,0.057770773616808734,0.3180719994247239,0.6241572269584672
bidet from MN,neither,0.040737273169946825,0.30858215849491494,0.6506805683351382
GUILT GUILT GUILT,neither,0.03945320844208391,0.33037608806864915,0.630170703489267
shout out to the mods who somehow keep track of all this,neither,0.04156655437336729,0.42163817145846444,0.5367952741681683
woot NY represent!,neither,0.03945320844208391,0.33037608806864915,0.630170703489267
"Bidet, from AZ",neither,0.04078317879478948,0.307803020237201,0.6514138009680096
So hope Sam brings back Scanlan next week,neither,0.06437615883441275,0.2870729271644765,0.6485509140011109
PogChamp,neither,0.03945320844208391,0.33037608806864915,0.630170703489267
yay :D,neither,0.03945320844208391,0.33037608806864915,0.630170703489267
bidet from indiana,neither,0.0408364874901429,0.30689823255244486,0.6522652799574122
WOOOOO,neither,0.03945320844208391,0.33037608806864915,0.630170703489267
Bidet from Oklahoma,neither,0.04066490145509902,0.30981049537100724,0.6495246031738937
HURRAH LIAM,neither,0.03945320844208391,0.33037608806864915,0.630170703489267
AAAAAH,neither,0.03945320844208391,0.33037608806864915,0.630170703489267
@meeshmych of texasðŸ‘ðŸ‘ðŸ‘,neither,0.03945320844208391,0.33037608806864915,0.630170703489267
LETS GET SOME -- MATT MERCER PC -- IN CHAT!!!!!!!!!!!!!!!!!,neither,0.03315684911428198,0.35458026575988066,0.6122628851258373
Why,neither,0.016768318525353994,0.3685911158159394,0.6146405656587067
YAY!,neither,0.03945320844208391,0.33037608806864915,0.630170703489267
Psyched to see Matt play for once,neither,0.03952621701516839,0.3018270080901348,0.6586467748946968
YAS,neither,0.03945320844208391,0.33037608806864915,0.630170703489267
woooha!,neither,0.03945320844208391,0.33037608806864915,0.630170703489267
HeyGuys,neither,0.03945320844208391,0.33037608806864915,0.630170703489267
WOOO,neither,0.03945320844208391,0.33037608806864915,0.630170703489267
BIDET!,neither,0.03945320844208391,0.33037608806864915,0.630170703489267
AYYY,neither,0.03945320844208391,0.33037608806864915,0.630170703489267
"Bidet from Auburn, MI",neither,0.04038868291416263,0.3144986448836462,0.6451126722021913
WE ARE LIVE!,neither,0.09345453297057991,0.26409048349293845,0.6424549835364816
YOOOO,neither,0.03945320844208391,0.33037608806864915,0.630170703489267
!!!!!!!!,neither,0.03945320844208391,0.33037608806864915,0.630170703489267
I'm wanda syked,neither,0.03945320844208391,0.33037608806864915,0.630170703489267
Are we on the internet,neither,0.06455044260466253,0.27765074222486363,0.6577988151704739
WOOOOOOOOOOOOOOOOOO,neither,0.03945320844208391,0.33037608806864915,0.630170703489267
WOOOOOOOOOOOOOOOOO,neither,0.03945320844208391,0.33037608806864915,0.630170703489267
LIAM PogChamp,neither,0.03945320844208391,0.33037608806864915,0.630170703489267
Pittsburgh love bleedPurple,neither,0.036234544398670354,0.3454103886020359,0.6183550669992937
:O,neither,0.03945320844208391,0.33037608806864915,0.630170703489267
PogChamp,neither,0.03945320844208391,0.33037608806864915,0.630170703489267
woooooo,neither,0.03945320844208391,0.33037608806864915,0.630170703489267
Omg the set lol,neither,0.03021655198085327,0.37181771240448125,0.5979657356146655
WWEEEEWW!!,neither,0.03945320844208391,0.33037608806864915,0.630170703489267
Yay!!! :D,neither,0.03945320844208391,0.33037608806864915,0.630170703489267
WOO!,neither,0.03945320844208391,0.33037608806864915,0.630170703489267
Hi Liam!,neither,0.03945320844208391,0.33037608806864915,0.630170703489267
gandsSubHype gandsSubHype gandsSubHype gandsSubHype gandsSubHype gandsSubHype,neither,0.03945320844208391,0.33037608806864915,0.630170703489267
HERE WE GO :D,neither,0.13156755280784707,0.2765461283225309,0.5918863188696221
Llol,neither,0.03945320844208391,0.33037608806864915,0.630170703489267
seattle WA gandsSubHype gandsSubHype gandsSubHype gandsSubHype gandsSubHype gandsSubHype,neither,0.03945320844208391,0.33037608806864915,0.630170703489267
hazzah,neither,0.03945320844208391,0.33037608806864915,0.630170703489267
w00t,neither,0.03945320844208391,0.33037608806864915,0.630170703489267
bidet liam,neither,0.03945320844208391,0.33037608806864915,0.630170703489267
IT'S LIAM,neither,0.037828236809968684,0.3309349903269868,0.6312367728630445
gandsCrit gandsCrit gandsCrit gandsCrit,neither,0.03945320844208391,0.33037608806864915,0.630170703489267
BIDET LIAM!!!!!,neither,0.03945320844208391,0.33037608806864915,0.630170703489267
Wooo,neither,0.03945320844208391,0.33037608806864915,0.630170703489267
Hype,neither,0.03945320844208391,0.33037608806864915,0.630170703489267
Wheeeeee!,neither,0.03945320844208391,0.33037608806864915,0.630170703489267
!!!!!!,neither,0.03945320844208391,0.33037608806864915,0.630170703489267
WOOHOO!,neither,0.03945320844208391,0.33037608806864915,0.630170703489267
woohoo!,neither,0.03945320844208391,0.33037608806864915,0.630170703489267
WOOOOOO,neither,0.03945320844208391,0.33037608806864915,0.630170703489267
Whooooop,neither,0.03945320844208391,0.33037608806864915,0.630170703489267
\o/ YAY! :-D,neither,0.03945320844208391,0.33037608806864915,0.630170703489267
"bidet from trail, bc, canada... cthulu time yet?",neither,0.03938701780946021,0.3314995158480591,0.6291134663424807
wwwot,neither,0.03945320844208391,0.33037608806864915,0.630170703489267
gandsMatt gandsMatt gandsMatt gandsMatt gandsMatt,neither,0.03945320844208391,0.33037608806864915,0.630170703489267
AWWHOOOOOOOOOOO! 8D,neither,0.03945320844208391,0.33037608806864915,0.630170703489267
Woo,neither,0.03945320844208391,0.33037608806864915,0.630170703489267
HYPE,neither,0.03945320844208391,0.33037608806864915,0.630170703489267
new layout image,neither,0.043656890077074455,0.22476624015701066,0.7315768697659149
LOL,neither,0.020706217963973744,0.4882283491876925,0.4910654328483337
gandsNatTwenty gandsNatTwenty gandsNatTwenty gandsNatTwenty gandsNatTwenty,neither,0.03945320844208391,0.33037608806864915,0.630170703489267
Liam,neither,0.03945320844208391,0.33037608806864915,0.630170703489267
LIAM,neither,0.03945320844208391,0.33037608806864915,0.630170703489267
yahghhhhhhhhhhhhhh,neither,0.03945320844208391,0.33037608806864915,0.630170703489267
Where is the back,neither,0.05397356461428724,0.25666982425746626,0.6893566111282466
Bidet!,neither,0.03945320844208391,0.33037608806864915,0.630170703489267
HYPPEEEE,neither,0.03945320844208391,0.33037608806864915,0.630170703489267
beep beep from Washington,neither,0.04080695066346891,0.3073995495860776,0.6517934997504536
you did good!,neither,0.06923060842052685,0.41536580464870787,0.5154035869307654
liam is in +5 DM gear,neither,0.04563888553611237,0.3282485500680626,0.6261125643958251
Bidet from FL!,neither,0.04066490145509902,0.30981049537100724,0.6495246031738937
YEAAAAAAAH,neither,0.03945320844208391,0.33037608806864915,0.630170703489267
YEAHHHHHHH!!!!,neither,0.03945320844208391,0.33037608806864915,0.630170703489267
I love Liam when he DMs. Cant wait!,neither,0.033901812304146156,0.3721673085642634,0.5939308791315904
New background!,neither,0.04385106130749641,0.21960221285816534,0.7365467258343382
Woooooo!,neither,0.03945320844208391,0.33037608806864915,0.630170703489267
oh thats right its their off week,neither,0.037522780401008274,0.3059192013577255,0.6565580182412661
wooooooooooo!,neither,0.03945320844208391,0.33037608806864915,0.630170703489267
gandsTrinketArmor gandsSubHype gandsSubHype gandsSubHype gandsSubHype gandsSubHype gandsSubHype gandsSubHype gandsSubHype gandsSubHype,neither,0.03945320844208391,0.33037608806864915,0.630170703489267
are we on the internet?,neither,0.06455044260466253,0.27765074222486363,0.6577988151704739
\o/,neither,0.03945320844208391,0.33037608806864915,0.630170703489267
WOOH,neither,0.03945320844208391,0.33037608806864915,0.630170703489267
YAS LIAMS!!!!!!!!!,neither,0.03945320844208391,0.33037608806864915,0.630170703489267
HYPEEEE,neither,0.03945320844208391,0.33037608806864915,0.630170703489267
YAY LIAM!,neither,0.03945320844208391,0.33037608806864915,0.630170703489267
gandsFail gandsFail gandsFail gandsFail gandsFail gandsFail gandsFail gandsFail gandsFail gandsFail gandsFail gandsFail gandsFail gandsFail gandsFail gandsFail gandsFail gandsFail gandsFail gandsFail gandsFail gandsFail,neither,0.03945320844208391,0.33037608806864915,0.630170703489267
It BEGINS!!!!,neither,0.037828236809968684,0.3309349903269868,0.6312367728630445
yay,neither,0.03945320844208391,0.33037608806864915,0.630170703489267
gandsCrit gandsCrit gandsCrit gandsCrit,neither,0.03945320844208391,0.33037608806864915,0.630170703489267
gandsSubHype gandsSubHype gandsSubHype gandsSubHype gandsSubHype gandsSubHype,neither,0.03945320844208391,0.33037608806864915,0.630170703489267
gandsSubHype gandsSubHype gandsSubHype gandsSubHype gandsSubHype,neither,0.03945320844208391,0.33037608806864915,0.630170703489267
BACKGROUND IS LIAM'S BASEMENT,neither,0.04555096024297147,0.328278791608241,0.6261702481487875
IT'S HAPPENING,neither,0.037828236809968684,0.3309349903269868,0.6312367728630445
WHAT HAPPENED TO MAT MERCER??? HE LOOKS SO MUCH BETTER TONIGHT!,neither,0.046153583470407045,0.33711445455651134,0.6167319619730816
WOOT WOOT,neither,0.03945320844208391,0.33037608806864915,0.630170703489267
"bidet from Denver, y'all!",neither,0.042892678050768435,0.39200452750743414,0.5651027944417973
hype,neither,0.03945320844208391,0.33037608806864915,0.630170703489267
HYPE!!,neither,0.03945320844208391,0.33037608806864915,0.630170703489267
Liam,neither,0.03945320844208391,0.33037608806864915,0.630170703489267
gandsSubHype gandsSubHype gandsSubHype gandsSubHype gandsSubHype gandsSubHype gandsSubHype gandsSubHype gandsSubHype gandsSubHype gandsSubHype gandsSubHype,neither,0.03945320844208391,0.33037608806864915,0.630170703489267
And here....we......GO!!,neither,0.11988274842159176,0.23034065187642816,0.6497765997019802
new set?,neither,0.04427046440042074,0.2083113095955835,0.7474182260039958
WWWWOOOOOO,neither,0.03945320844208391,0.33037608806864915,0.630170703489267
Yaaaaay!!!,neither,0.03945320844208391,0.33037608806864915,0.630170703489267
bidet,neither,0.03945320844208391,0.33037608806864915,0.630170703489267
HIIII LIAM,neither,0.03945320844208391,0.33037608806864915,0.630170703489267
gandsNatTwenty gandsNatTwenty gandsNatTwenty gandsNatTwenty gandsNatTwenty gandsNatTwenty gandsNatTwenty gandsNatTwenty gandsNatTwenty gandsNatTwenty gandsNatTwenty,neither,0.03945320844208391,0.33037608806864915,0.630170703489267
bidet from LA,neither,0.04094187055022747,0.3051096069949388,0.6539485224548338
is the background wall different?,neither,0.04563271587491561,0.31412037396959497,0.6402469101554894
The set's different?,neither,0.03842390712316309,0.3114755253947247,0.6501005674821123
gandsGandsPoo gandsGandsPoo gandsGandsPoo gandsGandsPoo gandsGandsPoo gandsGandsPoo gandsGandsPoo gandsGandsPoo gandsGandsPoo gandsGandsPoo gandsGandsPoo gandsGandsPoo,neither,0.03945320844208391,0.33037608806864915,0.630170703489267
both the dungeons,neither,0.037958483745407376,0.3025138470616556,0.6595276691929369
Woooooooo,neither,0.03945320844208391,0.33037608806864915,0.630170703489267
WooHoo,neither,0.03945320844208391,0.33037608806864915,0.630170703489267
new background?,neither,0.04385106130749641,0.21960221285816534,0.7365467258343382
w00t Liam!!,neither,0.03945320844208391,0.33037608806864915,0.630170703489267
gandsSubHype gandsSubHype gandsSubHype,neither,0.03945320844208391,0.33037608806864915,0.630170703489267
yay!,neither,0.03945320844208391,0.33037608806864915,0.630170703489267
LIAM OMG,neither,0.03945320844208391,0.33037608806864915,0.630170703489267
OMG,neither,0.03945320844208391,0.33037608806864915,0.630170703489267
gandsSubHype gandsSubHype gandsSubHype gandsSubHype gandsSubHype,neither,0.03945320844208391,0.33037608806864915,0.630170703489267
LETS GOOOOOOOOOOO,neither,0.0381375099945381,0.3527069244228318,0.6091555655826302
THIS IS WEIRD,neither,0.051640900227740635,0.3284033087594252,0.6199557910128343
LIAM!,neither,0.03945320844208391,0.33037608806864915,0.630170703489267
Whoo!!,neither,0.03945320844208391,0.33037608806864915,0.630170703489267
looks like no sleep for me tonight,neither,0.032951652260447044,0.34466082066846515,0.6223875270710878
PLAYER MATT,neither,0.03382966506816154,0.4258222954028231,0.5403480395290153
WOOT TIMESKIP!,neither,0.03945320844208391,0.33037608806864915,0.630170703489267
Liam!!!!,neither,0.03945320844208391,0.33037608806864915,0.630170703489267
gandsSubHype gandsSubHype gandsSubHype,neither,0.03945320844208391,0.33037608806864915,0.630170703489267
AUDIO?,neither,0.03945320844208391,0.33037608806864915,0.630170703489267
sure are bright,neither,0.058849849583840395,0.426628162327329,0.5145219880888305
SO WEIRD,neither,0.03940909112290231,0.39994910071364764,0.56064180816345
WHoohHoot!,neither,0.03945320844208391,0.33037608806864915,0.630170703489267
AHHHHHHH,neither,0.03945320844208391,0.33037608806864915,0.630170703489267
gandsSubHype gandsSubHype gandsSubHype,neither,0.03945320844208391,0.33037608806864915,0.630170703489267
matt as a player!!!!,neither,0.03267768821630716,0.44537434899880557,0.5219479627848873
PogChamp,neither,0.03945320844208391,0.33037608806864915,0.630170703489267
YOU GO LIAM!,neither,0.06058892402171031,0.39010261437510163,0.5493084616031881
gandsSubHype gandsSubHype gandsSubHype gandsSubHype gandsSubHype gandsSubHype gandsSubHype gandsSubHype,neither,0.03945320844208391,0.33037608806864915,0.630170703489267
Lol,neither,0.020706217963973744,0.4882283491876925,0.4910654328483337
Bidet from Philly!,neither,0.040769555981420263,0.3080342349327864,0.6511962090857933
new set?,neither,0.04427046440042074,0.2083113095955835,0.7474182260039958
ashley!!!!,neither,0.03945320844208391,0.33037608806864915,0.630170703489267
gandsMatt,neither,0.03945320844208391,0.33037608806864915,0.630170703489267
gandsSubHype gandsSubHype gandsSubHype gandsSubHype gandsSubHype gandsSubHype gandsSubHype gandsSubHype gandsSubHype gandsSubHype gandsSubHype gandsSubHype gandsSubHype,neither,0.03945320844208391,0.33037608806864915,0.630170703489267
this is so weird,neither,0.050396801499957504,0.38804325146065194,0.5615599470393905
TwitchRPG gandsLessthanthree TwitchRPG,neither,0.03945320844208391,0.33037608806864915,0.630170703489267
Crazy!,offensive_language,0.022064721455469255,0.506901653328703,0.47103362521582787
New set?!,neither,0.04427046440042074,0.2083113095955835,0.7474182260039958
wutttt,neither,0.03945320844208391,0.33037608806864915,0.630170703489267
so powerless over there,neither,0.03475114883255086,0.33364880303514277,0.6316000481323063
gandsSubHype gandsSubHype gandsSubHype gandsSubHype,neither,0.03945320844208391,0.33037608806864915,0.630170703489267
ASHLEY!! WOOHOO!,neither,0.03945320844208391,0.33037608806864915,0.630170703489267
gandsAJinSpace gandsAJinSpace gandsAJinSpace gandsAJinSpace gandsAJinSpace gandsAJinSpace gandsAJinSpace gandsAJinSpace gandsAJinSpace gandsAJinSpace gandsAJinSpace gandsAJinSpace,neither,0.03945320844208391,0.33037608806864915,0.630170703489267
"BIDET from Cleveland, OH - BEEP beep",neither,0.046455772932187056,0.25584610016936143,0.6976981268984516
gandsSubHype gandsSubHype gandsSubHype gandsSubHype gandsSubHype gandsSubHype gandsSubHype,neither,0.03945320844208391,0.33037608806864915,0.630170703489267
new set???,neither,0.04427046440042074,0.2083113095955835,0.7474182260039958
New set!,neither,0.04427046440042074,0.2083113095955835,0.7474182260039958
ITS SO WEIRD,neither,0.03201227899383395,0.39103634587653385,0.5769513751296321
woo hype yo,neither,0.03957151238320744,0.39444925890047633,0.5659792287163162
Awww,neither,0.03945320844208391,0.33037608806864915,0.630170703489267
matt looks scared to be playing,neither,0.04528459329288048,0.33021720751921607,0.6244981991879035
I LIKE CHANGE,neither,0.059278194846453885,0.35738661088408347,0.5833351942694627
WOW,neither,0.03945320844208391,0.33037608806864915,0.630170703489267
This is so surreal.,neither,0.057692595345134906,0.4206183136808414,0.5216890909740237
OMG!!!!!!! gandsSubHype gandsSubHype gandsSubHype gandsSubHype gandsSubHype,neither,0.03945320844208391,0.33037608806864915,0.630170703489267
gandsSubHype gandsSubHype gandsSubHype,neither,0.03945320844208391,0.33037608806864915,0.630170703489267
"W00t!!!! gandsLessthanthree gandsLessthanthree gandsLessthanthree Go, Liam!",neither,0.04076545527285137,0.334931166163354,0.6243033785637945
go liam!,neither,0.04076545527285137,0.334931166163354,0.6243033785637945
"holy shit, cool set guys :D!",offensive_language,0.04657678357585634,0.9484376455710464,0.004985570853097227
I'm SO PSYCHED!,offensive_language,0.039501631330860744,0.48329170807269783,0.4772066605964413
bidet Brunswick ga,neither,0.03945320844208391,0.33037608806864915,0.630170703489267
This is really weird,neither,0.049813830880237955,0.32873508326470047,0.6214510858550616
Love it! One shot Hype!,neither,0.03476180752982236,0.3730037243584492,0.5922344681117285
wooooo,neither,0.03945320844208391,0.33037608806864915,0.630170703489267
AAASSSHHHHLEEEEYY :D,neither,0.03945320844208391,0.33037608806864915,0.630170703489267
Ashley looks really cute,neither,0.04111690620572523,0.30213879511448194,0.6567442986797928
its soooo different!,neither,0.033415796229346505,0.3324526309777842,0.6341315727928692
why are the cameras so low????,neither,0.04656996360450965,0.3289660866000082,0.6244639497954821
Holy shit!,offensive_language,0.04257650662097627,0.9573463282193174,7.716515970639687e-05
BROOOOOOO,neither,0.03945320844208391,0.33037608806864915,0.630170703489267
so stoked to see matt playing,neither,0.04450453533422022,0.3614657470566563,0.5940297176091234
gandsSubHype gandsSubHype gandsSubHype gandsSubHype gandsSubHype gandsSubHype gandsSubHype gandsSubHype gandsSubHype gandsSubHype gandsSubHype gandsSubHype gandsSubHype gandsSubHype gandsSubHype gandsSubHype,neither,0.03945320844208391,0.33037608806864915,0.630170703489267
Woo,neither,0.03945320844208391,0.33037608806864915,0.630170703489267
bidet from Seattle,neither,0.040754399270683486,0.3082914838698526,0.650954116859464
HYPE! MATT is playing?,neither,0.04657349716683874,0.32792709427107625,0.6254994085620849
gandsSubHype gandsSubHype gandsSubHype gandsSubHype gandsSubHype gandsSubHype gandsSubHype gandsSubHype gandsSubHype gandsSubHype,neither,0.03945320844208391,0.33037608806864915,0.630170703489267
Wow.,neither,0.03945320844208391,0.33037608806864915,0.630170703489267
ASHLEY!!!!!!!!,neither,0.03945320844208391,0.33037608806864915,0.630170703489267
AHH IM LATE,neither,0.03861139695260741,0.36232822959808497,0.5990603734493076
oh wow,neither,0.04699983224225219,0.25967008852857676,0.6933300792291711
gandsSubHype gandsSubHype gandsSubHype gandsSubHype gandsSubHype gandsSubHype gandsSubHype gandsSubHype,neither,0.03945320844208391,0.33037608806864915,0.630170703489267
NEW SET?!,neither,0.04427046440042074,0.2083113095955835,0.7474182260039958
Wow,neither,0.03945320844208391,0.33037608806864915,0.630170703489267
This is so cool,neither,0.05124439864023613,0.39204888809969735,0.5567067132600664
i LOVE the set wow,neither,0.035441540518960445,0.3270903495139609,0.6374681099670786
Bidet from Toledo Ohio!!!,neither,0.040754399270683486,0.3082914838698526,0.650954116859464
bidet from PA!,neither,0.04069404815304118,0.30931579984010865,0.6499901520068502
gandsSubHype gandsSubHype gandsSubHype gandsSubHype gandsSubHype,neither,0.03945320844208391,0.33037608806864915,0.630170703489267
Oh yeah! Matt gets to play tonight! Whoo!,neither,0.03321838442283601,0.3546645971788656,0.6121170183982984
gandsNatTwenty gandsNatTwenty gandsNatTwenty,neither,0.03945320844208391,0.33037608806864915,0.630170703489267
gandsCrit gandsCrit gandsCrit gandsCrit gandsNatTwenty,neither,0.03945320844208391,0.33037608806864915,0.630170703489267
Wooooo go Liam!,neither,0.04076545527285137,0.334931166163354,0.6243033785637945
Asholeeee,neither,0.03945320844208391,0.33037608806864915,0.630170703489267
LIAM,neither,0.03945320844208391,0.33037608806864915,0.630170703489267
Wooo,neither,0.03945320844208391,0.33037608806864915,0.630170703489267
Liam should do commercials :),neither,0.05103315561409481,0.3595994397048556,0.5893674046810495
oh god ashley and matt and liam...omg i'm so frigging psyched,neither,0.04135715254393343,0.27918603584051976,0.6794568116155468
Is it quiet for anyone else?,neither,0.03934944484538828,0.30282468919935973,0.6578258659552519
Woot!,neither,0.03945320844208391,0.33037608806864915,0.630170703489267
camera angles seem weird?,neither,0.03945320844208391,0.33037608806864915,0.630170703489267
can u slow down chat?,neither,0.03971608927840924,0.3259143142118951,0.6343695965096956
So excited!!!!!!!!!!!!1,neither,0.03940839469474773,0.3948270312238364,0.565764574081416
gandsSubHype gandsSubHype gandsSubHype gandsSubHype gandsSubHype gandsSubHype gandsSubHype gandsSubHype gandsSubHype gandsSubHype gandsSubHype,neither,0.03945320844208391,0.33037608806864915,0.630170703489267
44k?!? PogChamp,neither,0.03945320844208391,0.33037608806864915,0.630170703489267
whoa,neither,0.03945320844208391,0.33037608806864915,0.630170703489267
PLAYER MATT AND ASHLEY!!!! gandsAJinSpace gandsMatt gandsAJinSpace gandsMatt,neither,0.03459731637941435,0.37481514264804927,0.5905875409725363
Yayyyy!!!,neither,0.03945320844208391,0.33037608806864915,0.630170703489267
survey?,neither,0.03945320844208391,0.33037608806864915,0.630170703489267
the liaming!!!,neither,0.03613032604487659,0.2619290779399786,0.7019405960151449
LIAM GOT HIS DM HAT ON THIS IS ABOUT TO GET REALLLL!!!!,neither,0.06372232552562299,0.39000364624470313,0.546274028229674
gandsNatTwenty gandsNatTwenty gandsNatTwenty gandsNatTwenty gandsNatTwenty gandsNatTwenty gandsNatTwenty,neither,0.03945320844208391,0.33037608806864915,0.630170703489267
gandsSubHype gandsSubHype gandsSubHype gandsSubHype,neither,0.03945320844208391,0.33037608806864915,0.630170703489267
no matthew?,neither,0.03852177801590115,0.3461848932406789,0.6152933287434199
Can't wait to see Matt play again. Paranoia just wasn't enough.,neither,0.03949520965722481,0.3556937945903151,0.60481099575246
I've got lag so bad. impossible to watch,neither,0.026558280554471476,0.3731683815975512,0.6002733378479773
whaaaaaaaat's gooooooooiiiiiinnngg oooooooonnn??,neither,0.03945320844208391,0.33037608806864915,0.630170703489267
IM SO HAPPY!!!,neither,0.03817749816449273,0.44367491088218625,0.5181475909533211
MATT MERCER PC MATT MERCER PC MATT MERCER PC MATT MERCER PC MATT MERCER PC MATT MERCER PC MATT MERCER PC MATT MERCER PC MATT MERCER PC MATT MERCER PC MATT MERCER PC MATT MERCER PC,neither,0.03945320844208391,0.33037608806864915,0.630170703489267
gandsRaid gandsRaid gandsRaid gandsRaid gandsRaid gandsRaid gandsRaid gandsRaid,neither,0.03945320844208391,0.33037608806864915,0.630170703489267
gandsSubHype gandsSubHype gandsSubHype gandsSubHype,neither,0.03945320844208391,0.33037608806864915,0.630170703489267
Heck yeah I can chat now! Subscribed AF,neither,0.027561842308485383,0.4085038553611129,0.5639343023304016
Delicious data.,neither,0.03945320844208391,0.33037608806864915,0.630170703489267
"damn, 20,000 viweres. going full screen :)",offensive_language,0.05835784867076133,0.6922643057100526,0.249377845619186
EAT IIIIIIIIIT,neither,0.03945320844208391,0.33037608806864915,0.630170703489267
WHY IS MATT THERE THE WORLD IS ENDING,neither,0.04076586276625028,0.2967074430035282,0.6625266942302216
gandsTrinket,neither,0.03945320844208391,0.33037608806864915,0.630170703489267
"44k, so many surveys",neither,0.039413129245513115,0.4120595004619746,0.5485273702925123
gandsSubHype gandsSubHype gandsSubHype gandsSubHype gandsSubHype gandsSubHype,neither,0.03945320844208391,0.33037608806864915,0.630170703489267
haha yes,neither,0.03384796638018987,0.425511674375084,0.5406403592447262
Yaaaaaaaaaaaaaay,neither,0.03945320844208391,0.33037608806864915,0.630170703489267
me too,neither,0.025456656249999262,0.41690574403459846,0.5576375997154023
peezy pizza?,neither,0.03945320844208391,0.33037608806864915,0.630170703489267
Liam one-shot vets on the right table?,neither,0.03601213815496046,0.3596835857382383,0.6043042761068014
Merch,neither,0.03945320844208391,0.33037608806864915,0.630170703489267
why are the tables different?,neither,0.046964215691152576,0.28919741110062414,0.6638383732082231
Rofl,neither,0.03945320844208391,0.33037608806864915,0.630170703489267
Ashley looks adorbs tonight!,neither,0.037441395583818655,0.3135294262055062,0.6490291782106752
gandsSubHype gandsSubHype gandsSubHype gandsSubHype gandsSubHype gandsSubHype gandsSubHype,neither,0.03945320844208391,0.33037608806864915,0.630170703489267
I'M SO EXCITEDD,offensive_language,0.039501631330860744,0.48329170807269783,0.4772066605964413
Bidet From Fayetteville Arkansas gandsSubHype gandsLessthanthree gandsSubHype,neither,0.04066490145509902,0.30981049537100724,0.6495246031738937
I always miss the dice heh,neither,0.0325158182857616,0.360853349752482,0.6066308319617564
This is bizarre,neither,0.048827387017930185,0.3289095995902385,0.6222630133918313
so elegant,neither,0.03940934168832202,0.38195233036853654,0.5786383279431415
gandsCrit gandsCrit gandsCrit gandsCrit gandsCrit gandsCrit,neither,0.03945320844208391,0.33037608806864915,0.630170703489267
The Cameras are pretty low I can see Sam wearing his boxers,neither,0.07066648497785433,0.29264359148358543,0.6366899235385602
'Move dat frame up yo,neither,0.03735763373929024,0.43975996566678544,0.5228824005939243
Omg so excited,neither,0.039409432833857734,0.38155524175408273,0.5790353254120596
"Where are theey, it looks so different",neither,0.0663855394950744,0.29765284586878954,0.6359616146361362
Damn! Is this the new set???,offensive_language,0.06000535353076917,0.7395283975639174,0.20046624890531345
Any eta on dice? I needs some dice,neither,0.033042480154933815,0.34662189632115237,0.6203356235239138
VINYL STICKERS? My fave!,neither,0.031124283639848274,0.39316583719061443,0.5757098791695374
gandsGandsPoo,neither,0.03945320844208391,0.33037608806864915,0.630170703489267
HAHTS!,neither,0.03945320844208391,0.33037608806864915,0.630170703489267
PogChamp,neither,0.03945320844208391,0.33037608806864915,0.630170703489267
we got heeets,neither,0.036550443665641745,0.42970819808802924,0.533741358246329
BIDET from Colorado from an absolutely exhausted HVAC-Plumber,neither,0.04129135359659854,0.29917796761995075,0.6595306787834508
that set tho,neither,0.03025317181723829,0.3932370071065583,0.5765098210762033
!wtfisthis,neither,0.03945320844208391,0.33037608806864915,0.630170703489267
Tonight's Critical Role is a continuation of the WB one-shot DMed by Liam O'Brien. The standard series will resume next week!,neither,0.04109830593325131,0.33187084644894366,0.627030847617805
Bidet! gandsSubHype gandsSubHype gandsSubHype,neither,0.03945320844208391,0.33037608806864915,0.630170703489267
Hayuts,neither,0.03945320844208391,0.33037608806864915,0.630170703489267
Different set?,neither,0.03945320844208391,0.33037608806864915,0.630170703489267
Bidet from Alexandria VA!,neither,0.04066490145509902,0.30981049537100724,0.6495246031738937
"Don't plug with your mouth full, Laura. :)",neither,0.07204631763013791,0.3484178192802227,0.5795358630896394
bidet from Virginia,neither,0.04079557052152802,0.30759270029461827,0.6516117291838538
Dude I'm not lagging like a mofo for once,neither,0.04110229192465838,0.32086251674456884,0.6380351913307728
WHats 420?!,neither,0.03945320844208391,0.33037608806864915,0.630170703489267
full new set up?,neither,0.06278119953829697,0.2803896450876419,0.6568291553740612
gandsSubHype gandsSubHype gandsSubHype gandsSubHype gandsSubHype gandsSubHype,neither,0.03945320844208391,0.33037608806864915,0.630170703489267
It's also weird not having Liam and Ashley sitting with Laura and Travis,neither,0.031802449422284634,0.3112723996633134,0.656925150914402
1 year drinking game! Every time someone takes bcbvn,neither,0.03812512451738633,0.313570011545927,0.6483048639366866
I'm so ready for this session omg,neither,0.03428612432638576,0.3412678976678762,0.6244459780057381
yes plz,neither,0.03945320844208391,0.33037608806864915,0.630170703489267
Ashley looks adorable!,neither,0.03945320844208391,0.33037608806864915,0.630170703489267
critical roll Kappa,neither,0.03945320844208391,0.33037608806864915,0.630170703489267
setting might be dif due to liam dming and the year gap,neither,0.04194994859446786,0.30335330567749424,0.6546967457280378
nice pants Sam!,neither,0.03945320844208391,0.33037608806864915,0.630170703489267
gandsNatTwenty gandsNatTwenty gandsNatTwenty gandsNatTwenty,neither,0.03945320844208391,0.33037608806864915,0.630170703489267
dont need no stinkkin patches,neither,0.03797886216069182,0.3488756793827806,0.6131454584565277
Critical Dro,neither,0.03945320844208391,0.33037608806864915,0.630170703489267
S P I C E,neither,0.03945320844208391,0.33037608806864915,0.630170703489267
I WOULD SMOKE DA SHIET OUTTA THAT,offensive_language,0.05964348404394742,0.5234967875012173,0.4168597284548353
smoke a critical bowl,neither,0.03648010067005711,0.38083748615292967,0.5826824131770133
gandsDrink gandsDrink gandsDrink gandsDrink,neither,0.03945320844208391,0.33037608806864915,0.630170703489267
Want,neither,0.04006735011429477,0.3199525011091858,0.6399801487765195
gandsSubHype,neither,0.03945320844208391,0.33037608806864915,0.630170703489267
yesssssssssssss,neither,0.03945320844208391,0.33037608806864915,0.630170703489267
Weed and Sundry,neither,0.028427033990936528,0.45382074154245433,0.5177522244666092
Critical Weed,neither,0.031929517813913746,0.45807275329657954,0.5099977288895068
