text,top_class,hate_speech,offensive_language,neither
def slytherin,neither,0.03945320844208391,0.33037608806864915,0.630170703489267
Are we 28 or 88 mins from landing?,neither,0.057416301182521924,0.28816629644472924,0.654417402372749
I'm sure someone must've gotten it for YT,neither,0.019586535841148688,0.3750845634395239,0.6053289007193273
CataclysmJane -> I kill bugs...DEAD! [stop spamming caps] [warning],neither,0.22597990366823242,0.29456907815539823,0.4794510181763694
28,neither,0.03945320844208391,0.33037608806864915,0.630170703489267
Gryffindor is the most bogus house,neither,0.045812753632297094,0.31369456358278036,0.6404926827849227
28 I would assume,neither,0.03887097417305267,0.32550053325985784,0.6356284925670894
ty,neither,0.03945320844208391,0.33037608806864915,0.630170703489267
28,neither,0.03945320844208391,0.33037608806864915,0.630170703489267
!8ball is Denise real?,offensive_language,0.04041000456888273,0.5570104255617636,0.4025795698693536
The real answer you seek is Very doubtful.,offensive_language,0.055260782359128,0.481527988413678,0.4632112292271939
"ravenclaw, doesn't care about seeming in control, controls from sidelines",neither,0.03910779584066798,0.33623864136973375,0.6246535627895983
oh,neither,0.051363287716059566,0.22255663153133606,0.7260800807526044
"I love Matt, but I think he does Zamasu in Xenoverse 2 and wasn't the right casting choice.",neither,0.02877480894733781,0.3984150750180771,0.5728101160345851
"Denise transcends house. She has become death, destroyer of worlds.",neither,0.04056283007938436,0.37811657213297145,0.5813205977876443
gandsGandSDenise lol,neither,0.020706217963973744,0.4882283491876925,0.4910654328483337
She was....SHE WAS THERE ALL ALONG!!!,offensive_language,0.04334281480858631,0.507786112709297,0.44887107248211683
You managed to wipe your own butt? 10 points to Gryffindor!,neither,0.13911815553041557,0.3657055562722259,0.4951762881973586
gandsLessthanthree gandsGandSDenise gandsLessthanthree gandsGandSDenise,neither,0.03945320844208391,0.33037608806864915,0.630170703489267
watup?,neither,0.03945320844208391,0.33037608806864915,0.630170703489267
!8ball is brian real?,neither,0.03967083676393103,0.4661284238909149,0.49420073934515407
The real answer you seek is Better not tell you now.,offensive_language,0.06924985559241598,0.5148012720777294,0.4159488723298545
denise is galactus,neither,0.081172750358939,0.3160268245287109,0.60280042511235
!saxtattoo,neither,0.03945320844208391,0.33037608806864915,0.630170703489267
Help Sax pick his next tattoo! Vote here! http://www.strawpoll.me/12726783/,neither,0.07744866917171873,0.22907693041979996,0.6934744004084813
brian is an AI,neither,0.04681635682708364,0.32329672885332156,0.6298869143195948
Booo Griffindor,neither,0.03945320844208391,0.33037608806864915,0.630170703489267
damn guys we gettin fooled,offensive_language,0.04427832615701996,0.7317652372722124,0.2239564365707676
mmmm homemade red velvet cake pops...,neither,0.03935406941045797,0.32954591058152355,0.6311000200080186
Blessed be the almighty Denise! gandsGandSDenise,neither,0.03902265826916868,0.3187446261494793,0.642232715581352
ALL HAIL,neither,0.04167083427717469,0.4183849112737958,0.5399442544490295
but hufflepuff will take anyone though?,neither,0.03752533639524864,0.3159903807807541,0.6464842828239973
!wallet,neither,0.03945320844208391,0.33037608806864915,0.630170703489267
miscreation00 has 10613 coins,neither,0.03989735448983053,0.32283777050957063,0.6372648750005988
hello,neither,0.03945320844208391,0.33037608806864915,0.630170703489267
Hufflepuff are sweet. I dig them,neither,0.08491622191280951,0.27750389516240365,0.6375798829247867
hullo ^.^,neither,0.03945320844208391,0.33037608806864915,0.630170703489267
!wallet,neither,0.03945320844208391,0.33037608806864915,0.630170703489267
jakobman76 has 16083 coins,neither,0.03989735448983053,0.32283777050957063,0.6372648750005988
@jhawk92 we at hufflepuff are good finders,neither,0.06148394294744536,0.31275665857757384,0.6257593984749807
what he said about burning man sounded amazing tbh...,neither,0.04531855336802573,0.38176470274031765,0.5729167438916566
Hey what are these coins for?,neither,0.07179179517218048,0.30974810531225705,0.6184600995155624
Yay! I finally caught talks machina...I always miss it,neither,0.0329387743044022,0.3694364119174266,0.5976248137781711
coins?,neither,0.03945320844208391,0.33037608806864915,0.630170703489267
@jhawk92 and I FIND that funny,neither,0.03767307790028849,0.24085304208966607,0.7214738800100454
ayyy,neither,0.03945320844208391,0.33037608806864915,0.630170703489267
The coins are meaningless,neither,0.059952481468142915,0.27871963436639574,0.6613278841654613
"let's be honest, the house system neglects a whole lot of people, otherwise it'd be as pointless as Myers–Briggs",neither,0.039576960525988546,0.3744964158045795,0.5859266236694319
hullo Brian o/,neither,0.03945320844208391,0.33037608806864915,0.630170703489267
hello brian,neither,0.03945320844208391,0.33037608806864915,0.630170703489267
lol,neither,0.020706217963973744,0.4882283491876925,0.4910654328483337
I am watching that Q and Q with Matt,neither,0.026675129065252868,0.36325909827645636,0.6100657726582907
Who dat,neither,0.04070288556628902,0.45053203638124417,0.5087650780524667
Hi Brian!,neither,0.03945320844208391,0.33037608806864915,0.630170703489267
"1,000 yard stare",neither,0.03945320844208391,0.33037608806864915,0.630170703489267
Brian!!!,neither,0.03945320844208391,0.33037608806864915,0.630170703489267
Chew Cam?,neither,0.03945320844208391,0.33037608806864915,0.630170703489267
*Q and A,neither,0.03763944115734239,0.1918412352459551,0.7705193235967025
Hey everyone,neither,0.031959242684595296,0.4575682446653829,0.5104725126500218
anything besides title card up?,neither,0.03746908983663235,0.3698472235779247,0.592683686585443
"well, for a moment",neither,0.032624869382863075,0.29629795190495606,0.6710771787121809
brians beard is glorious,neither,0.05100937113646074,0.3264013938032497,0.6225892350602895
not hating on hufflepuff but they have low criteria for acceptance,neither,0.06577248326510801,0.32242005341613567,0.6118074633187564
I prefer Stalker Cam,neither,0.03945320844208391,0.33037608806864915,0.630170703489267
WUT,neither,0.03945320844208391,0.33037608806864915,0.630170703489267
"aw. well I have 10k coins, and theyre useless?",neither,0.0387055808740376,0.3128096504765742,0.6484847686493883
The house system is extremely flawed anyway,neither,0.043967587843881,0.3181753962412242,0.6378570159148947
Brian That is so freaky,neither,0.04278737298643036,0.40513667121100344,0.5520759558025663
coins are good to have during ReadyBetGo =P,neither,0.06781274604054603,0.2956494635465377,0.6365377904129164
Oh hai chat,neither,0.045951958207603796,0.26901299068181983,0.6850350511105765
!wallet,neither,0.03945320844208391,0.33037608806864915,0.630170703489267
akalien has 553 coins,neither,0.03989735448983053,0.32283777050957063,0.6372648750005988
and point system,neither,0.03859348797895851,0.2864324090411734,0.6749741029798682
"Crap I missed the QnA and I can't sub, will it be up later on Geek and Sundry?",neither,0.035461302674869605,0.29811013134383724,0.6664285659812932
"Oh, you're a Slytherin? So you're like, evil and stuff? And don't even start with ""ambitious and driven"". Nah man",neither,0.07778142289249332,0.3428398348683843,0.5793787422391223
hai,neither,0.03945320844208391,0.33037608806864915,0.630170703489267
"the Hogwarts houses: brave, smart, evil and miscellaneous. yes",neither,0.038410136341246466,0.29485118704825924,0.6667386766104944
@DeniseBRR That is twisted and cruel XD,neither,0.04205805333190495,0.3292468581713001,0.6286950884967949
!wallet,neither,0.03945320844208391,0.33037608806864915,0.630170703489267
bizzgnasty has 5935 coins,neither,0.03989735448983053,0.32283777050957063,0.6372648750005988
damn twitch making me hit reload to get video,offensive_language,0.048349185367528885,0.6646736885340833,0.2869771260983878
"brb, gonna get moar drinky drink",neither,0.038327817415710744,0.3709933007563794,0.5906788818279098
!wallet,neither,0.03945320844208391,0.33037608806864915,0.630170703489267
i_am_giz has 6853 coins,neither,0.03989735448983053,0.32283777050957063,0.6372648750005988
Who's an INFJ? :D,neither,0.041483717064119414,0.4486723051927789,0.5098439777431019
!wallet,neither,0.03945320844208391,0.33037608806864915,0.630170703489267
!wallet,neither,0.03945320844208391,0.33037608806864915,0.630170703489267
mageic has 6032 coins,neither,0.03989735448983053,0.32283777050957063,0.6372648750005988
ynoka has 9899 coins,neither,0.03978108663330774,0.3248111394696886,0.6354077738970038
My feed froze with Brian stuffing his face,neither,0.03745645554346481,0.4070342031204595,0.5555093413360758
!wallet,neither,0.03945320844208391,0.33037608806864915,0.630170703489267
bunnielove has 4102 coins,neither,0.03989735448983053,0.32283777050957063,0.6372648750005988
!wallet,neither,0.03945320844208391,0.33037608806864915,0.630170703489267
rjladya has 15258 coins,neither,0.03989735448983053,0.32283777050957063,0.6372648750005988
!wallet,neither,0.03945320844208391,0.33037608806864915,0.630170703489267
Ive been growin muh beard since brian started his to see how it looks. drivin me crazy but will keep it till june or he cuts his; whichever comes first,neither,0.04745740945303119,0.3793377303487486,0.5732048601982203
danedmo has 135 coins,neither,0.03989735448983053,0.32283777050957063,0.6372648750005988
Anyone know the music?,neither,0.03845709840043495,0.3121028933940496,0.6494400082055154
!wallet,neither,0.03945320844208391,0.33037608806864915,0.630170703489267
acid_ii_silent has 29347 coins,neither,0.03989735448983053,0.32283777050957063,0.6372648750005988
what doe one do with coins,neither,0.03446711334046855,0.38320201956758065,0.5823308670919507
who's still crying cause of Matts Q&A? Just me then? ok,neither,0.028876979747568865,0.4632461766486255,0.5078768436038057
"INTP, because that was the mood I was in at the time of taking the test, it's extremely stupid like that",neither,0.07341611345309514,0.31879881106056,0.6077850754863449
@asariel3 that sounds like a great idea. What ya having?,offensive_language,0.03412169537203283,0.5268393934092639,0.4390389112187032
!wallet,neither,0.03945320844208391,0.33037608806864915,0.630170703489267
rav_bunneh has 772 coins,neither,0.03989735448983053,0.32283777050957063,0.6372648750005988
@papereye not all of us Slytherins are EVIL... We're very misunderstood in our ambitions,neither,0.12229466879420553,0.31911556394131385,0.5585897672644806
First time watching Talks Machina! Yay! gandsSubHype gandsSubHype,neither,0.033074012004976304,0.347684756634753,0.6192412313602706
"It is, yeah",neither,0.02284425235486851,0.4879300177747006,0.4892257298704309
did i miss 2 hours of matt talking :(?,neither,0.0341919917206418,0.33218566175541586,0.6336223465239423
!wallet,neither,0.03945320844208391,0.33037608806864915,0.630170703489267
...brian looking like a rockabilly hipster.,neither,0.04919610425679215,0.3446297459749203,0.6061741497682875
soundguykin has 1536 coins,neither,0.03989735448983053,0.32283777050957063,0.6372648750005988
Yes,neither,0.03945320844208391,0.33037608806864915,0.630170703489267
!wallet,neither,0.03945320844208391,0.33037608806864915,0.630170703489267
kiba410 has 1221 coins,neither,0.03989735448983053,0.32283777050957063,0.6372648750005988
!wallet,neither,0.03945320844208391,0.33037608806864915,0.630170703489267
almalthia80 has 771 coins,neither,0.03989735448983053,0.32283777050957063,0.6372648750005988
Yes you dud,neither,0.07798052687389098,0.43087975267365225,0.49113972045245685
Yeah :(,offensive_language,0.013968601452186464,0.5182923869769311,0.4677390115708824
!wallet,neither,0.03945320844208391,0.33037608806864915,0.630170703489267
phoebebird7 has 955 coins,neither,0.03989735448983053,0.32283777050957063,0.6372648750005988
They call this show the Tax Machine!,neither,0.05015005981828991,0.26086723465356476,0.6889827055281452
!wallet,neither,0.03945320844208391,0.33037608806864915,0.630170703489267
illeidenn has 3063 coins,neither,0.03989735448983053,0.32283777050957063,0.6372648750005988
It got very emotional,neither,0.03679536889426274,0.3768376148958644,0.586367016209873
BRIAN WEAR THE ROBE,neither,0.03872742775661888,0.3171623695074561,0.6441102027359251
and now some exciting black screen...,neither,0.046133395390484694,0.29534138557371326,0.6585252190358021
Horay taxes!,neither,0.03945320844208391,0.33037608806864915,0.630170703489267
"never watched tm live, but liam's oneshot wrecked me, so here i am",neither,0.05292012604088821,0.3809021117520486,0.5661777622070632
!wallet,neither,0.03945320844208391,0.33037608806864915,0.630170703489267
rinjinoshana has 1897 coins,neither,0.03989735448983053,0.32283777050957063,0.6372648750005988
@merisfia omg ikr. i almost lost it,neither,0.038010532834185325,0.33087229036496474,0.63111717680085
@reddragon220 go back and watch the vod.. worth it,neither,0.04289071748168204,0.28041195588310414,0.6766973266352139
!wallet,neither,0.03945320844208391,0.33037608806864915,0.630170703489267
beholderkin has 17177 coins,neither,0.03989735448983053,0.32283777050957063,0.6372648750005988
i took the test and got slytherin sooo yeah,neither,0.024960005544852542,0.40716528100530147,0.5678747134498459
@alannamalfoy I FIND it revolting how people think all slytherins are evil,neither,0.11007223002245925,0.25540483742446934,0.6345229325530715
@GeekandSundry thanks black screen,neither,0.058802330324255705,0.29143942083628493,0.6497582488394593
Bidet New Zealand,neither,0.04660400397451208,0.1401930676750457,0.8132029283504423
@GeekandSundry Can you confirm how much Brian enjoys pineapple on his pizza?,neither,0.0606288746727645,0.3662656885643026,0.5731054367629329
!wallet,neither,0.03945320844208391,0.33037608806864915,0.630170703489267
wr1t3rs_bl0ck has 6060 coins,neither,0.03989735448983053,0.32283777050957063,0.6372648750005988
What about those of us who can't sub?,neither,0.11801561182197283,0.325885199435286,0.5560991887427411
@h,neither,0.03945320844208391,0.33037608806864915,0.630170703489267
@alannamalfoy Point being: the books didn't exactly make an effort of painting Slytherin as anything but evil,neither,0.027950226855578054,0.3742976664356392,0.5977521067087826
Bidet from Hawaii. Be pleased.,neither,0.040723071547400645,0.3185391020804167,0.6407378263721828
Brian wearing the robe - that'd be funny!,neither,0.035713917756719726,0.3630321450911521,0.6012539371521283
Much better than dull black screen,neither,0.050413828118799485,0.3245047632339023,0.6250814086472982
!wallet,neither,0.03945320844208391,0.33037608806864915,0.630170703489267
@GeekandSundry What's the music dood?,neither,0.046542637491657476,0.3009512643539355,0.6525060981544071
thesplintering has 10304 coins,neither,0.03989735448983053,0.32283777050957063,0.6372648750005988
Brian wear the robe!,neither,0.03872742775661888,0.3171623695074561,0.6441102027359251
It hit home when things got real... But it also reminded me why we keep trying to make it better :),neither,0.02308538733206349,0.46341099936954344,0.513503613298393
I wish JKR had done a better job with showing nonevil slytherins,neither,0.030578323149619665,0.3684626627994304,0.6009590140509499
@jhawk92 where do you find this test?,neither,0.06775607327541591,0.24800340731066844,0.6842405194139156
!wallet,neither,0.03945320844208391,0.33037608806864915,0.630170703489267
shadereaper69 has 6399 coins,neither,0.03989735448983053,0.32283777050957063,0.6372648750005988
That Q&A with Matt was Amazing!,neither,0.027045621972384352,0.40083054136854346,0.5721238366590722
Aside from like... Slughorn who was still not great lol,neither,0.03837134979293888,0.4163659856754949,0.5452626645315662
"@Iwillgotohell2 if you are a hufflepuff, I love you",offensive_language,0.1014848254448085,0.5356292819109365,0.36288589264425497
!wallet,neither,0.03945320844208391,0.33037608806864915,0.630170703489267
gaamactv has 5812 coins,neither,0.03989735448983053,0.32283777050957063,0.6372648750005988
Mods. Is there a stream this weekend? And if so is there a finalized schedule yet?,neither,0.03595202865438711,0.31320870096925574,0.6508392703763572
pottomore,neither,0.03945320844208391,0.33037608806864915,0.630170703489267
!wallet,neither,0.03945320844208391,0.33037608806864915,0.630170703489267
unndoingbiscuit has 3756 coins,neither,0.03989735448983053,0.32283777050957063,0.6372648750005988
thanks,neither,0.035884468650613,0.3004919205142699,0.6636236108351171
"@papereye fair enough, I caught vry little of your initial conversation",neither,0.057385591428187686,0.32851102332326915,0.6141033852485432
!wallet,neither,0.03945320844208391,0.33037608806864915,0.630170703489267
chickenpl0x has 3184 coins,neither,0.03989735448983053,0.32283777050957063,0.6372648750005988
@foxnikita agreed,neither,0.03945320844208391,0.33037608806864915,0.630170703489267
!wallet,neither,0.03945320844208391,0.33037608806864915,0.630170703489267
elliotmarkley has 7801 coins,neither,0.03989735448983053,0.32283777050957063,0.6372648750005988
!wallet,neither,0.03945320844208391,0.33037608806864915,0.630170703489267
karam3lpi has 5131 coins,neither,0.03989735448983053,0.32283777050957063,0.6372648750005988
That Q&A was amazing. And I feel so badly that we sort of set Matt into an emotional state.,neither,0.04793404126447093,0.3227883649120157,0.6292775938235132
...Im scared... is Denise the Faceless Old Woman who secretly lives in your home?,neither,0.060953818755477854,0.39349515438382837,0.5455510268606938
DENISE WAVE TO THE CAMERA!,neither,0.04526002942082363,0.31053308502834737,0.644206885550829
"@alannamalfoy yes I am, according to pottermore",neither,0.04593514224393541,0.32653496271114874,0.6275298950449159
it's nice seeing matt raw and unfiltered,neither,0.03776527034731506,0.3002172285821248,0.6620175010705601
chat is actually readable unlike during the actual show which is a nice change,neither,0.05714691846437945,0.2776065620727122,0.6652465194629084
#FreeDenise #BrianEatsPineapplePizza,neither,0.03945320844208391,0.33037608806864915,0.630170703489267
!wallet,neither,0.03945320844208391,0.33037608806864915,0.630170703489267
brycefeathertouch has 2377 coins,neither,0.03989735448983053,0.32283777050957063,0.6372648750005988
NAh she's just the faceless lady who sleeps under your bed,neither,0.05564672862875756,0.4283133342420489,0.5160399371291935
@saraphys did she run for mayor?,neither,0.03506340021119268,0.3702125237850014,0.594724076003806
That would make a lot of sense @Saraphys,neither,0.035334366119113135,0.364117996379708,0.600547637501179
i made it sound like porn but,neither,0.039557491515933164,0.42936639748263883,0.531076111001428
@denisebrr gurruh where you at gurruh,neither,0.07889641572396747,0.41211288413587666,0.5089907001401559
hes not wearing the robe,neither,0.037704304341710286,0.3212636557139665,0.6410320399443232
!wallet,neither,0.03945320844208391,0.33037608806864915,0.630170703489267
kirkspocker has 10582 coins,neither,0.03989735448983053,0.32283777050957063,0.6372648750005988
Hey everyone,neither,0.031959242684595296,0.4575682446653829,0.5104725126500218
And she rearranges all your books,neither,0.08274760127973743,0.45600875363453247,0.4612436450857301
!wallet,neither,0.03945320844208391,0.33037608806864915,0.630170703489267
taterpro has 7569 coins,neither,0.03989735448983053,0.32283777050957063,0.6372648750005988
All Hail Denise! (plz don't hurt me) ScaredyCat,neither,0.03489004555464621,0.41593065307766547,0.5491793013676883
It's still early!,neither,0.03834633928216101,0.3164143081667491,0.6452393525510898
And stands over you in the mirror,neither,0.04795652598289906,0.31743984292164124,0.6346036310954597
!wallet,neither,0.03945320844208391,0.33037608806864915,0.630170703489267
bitmage78 has 20141 coins,neither,0.03989735448983053,0.32283777050957063,0.6372648750005988
!wallet,neither,0.03945320844208391,0.33037608806864915,0.630170703489267
ossim_possim_ has 1670 coins,neither,0.03989735448983053,0.32283777050957063,0.6372648750005988
lol,neither,0.020706217963973744,0.4882283491876925,0.4910654328483337
Is it over?,neither,0.04519961064583579,0.3298241872811734,0.6249762020729909
:D,neither,0.03945320844208391,0.33037608806864915,0.630170703489267
I hope everyone on the crew farts into Brian's chair,neither,0.051381097083451885,0.32429740053849737,0.6243215023780507
how do you know how many coins u have?,neither,0.052549478581999626,0.37197370365212035,0.5754768177658801
!coins,neither,0.03945320844208391,0.33037608806864915,0.630170703489267
hasnt started yet,neither,0.03945320844208391,0.33037608806864915,0.630170703489267
gandsSubHype gandsSubHype gandsSubHype gandsSubHype gandsSubHype gandsSubHype gandsSubHype,neither,0.03945320844208391,0.33037608806864915,0.630170703489267
!coins,neither,0.03945320844208391,0.33037608806864915,0.630170703489267
!coins,neither,0.03945320844208391,0.33037608806864915,0.630170703489267
what do i do with coins? 🤔,neither,0.03605236769524624,0.35826765861358156,0.6056799736911721
"CataclysmJane, yeah, but that's a good description-raw and unfiltered. It was a very.... enlightening experience.",neither,0.024785442506018867,0.4038456200870422,0.571368937406939
!wallet,neither,0.03945320844208391,0.33037608806864915,0.630170703489267
zathyr has 72391 coins,neither,0.03989735448983053,0.32283777050957063,0.6372648750005988
?,neither,0.03945320844208391,0.33037608806864915,0.630170703489267
@pthorstorm hasn't started,neither,0.03945320844208391,0.33037608806864915,0.630170703489267
!wallet,neither,0.03945320844208391,0.33037608806864915,0.630170703489267
brolynnightfury has 50835 coins,neither,0.03989735448983053,0.32283777050957063,0.6372648750005988
!coins,neither,0.03945320844208391,0.33037608806864915,0.630170703489267
Kinda curious what happens if I start typing in German,neither,0.041471118625819134,0.35576894860158204,0.6027599327725989
check here: https://www.revlo.co/geekandsundry,neither,0.07906430187776343,0.29773180825455503,0.6232038898676815
!coins,neither,0.03945320844208391,0.33037608806864915,0.630170703489267
@PthorStorm They are changing from the previous show (A sit down with Matt Mercer) to Talks,neither,0.06100827082643455,0.25601550588990357,0.6829762232836619
!wallet,neither,0.03945320844208391,0.33037608806864915,0.630170703489267
pthorstorm has 3 coins,neither,0.03989735448983053,0.32283777050957063,0.6372648750005988
Stream is up but its on prep,neither,0.03394812905381803,0.38585244477017844,0.5801994261760036
"buy prostitutes i think, with coins",neither,0.03168032767985375,0.3512673991628364,0.6170522731573098
!walley,neither,0.03945320844208391,0.33037608806864915,0.630170703489267
!wallet,neither,0.03945320844208391,0.33037608806864915,0.630170703489267
purplebrad has 5251 coins,neither,0.03989735448983053,0.32283777050957063,0.6372648750005988
!wallet,neither,0.03945320844208391,0.33037608806864915,0.630170703489267
viscoussum44 has 275 coins,neither,0.03989735448983053,0.32283777050957063,0.6372648750005988
Don't forget to send your FanArt and Gifs to submit@talksmachina.com before this Tuesday at 9am PDT!#CriticalRole #TalksMachina note the new address.,neither,0.05818998895017455,0.29753973173253523,0.6442702793172902
"hey, it's the bowl of popcorn from Matt's Q&a!",neither,0.038560792357403416,0.3072280357813789,0.6542111718612176
love the fire,neither,0.034557700561271866,0.3264798306674017,0.6389624687713265
"kept the fire, that's awesome",neither,0.03552339343637283,0.35167094490556056,0.6128056616580667
#freeDenise,neither,0.03945320844208391,0.33037608806864915,0.630170703489267
!wallet,neither,0.03945320844208391,0.33037608806864915,0.630170703489267
geoffasaur has 7164 coins,neither,0.03989735448983053,0.32283777050957063,0.6372648750005988
!wall-e,neither,0.03945320844208391,0.33037608806864915,0.630170703489267
!wallet,neither,0.03945320844208391,0.33037608806864915,0.630170703489267
fawkes881 has 8308 coins,neither,0.03989735448983053,0.32283777050957063,0.6372648750005988
tarvis,neither,0.03945320844208391,0.33037608806864915,0.630170703489267
WILLINGHAM,neither,0.03945320844208391,0.33037608806864915,0.630170703489267
Fire is great,neither,0.04687156985131973,0.2980767627343087,0.6550516674143715
!twitchprime,neither,0.03945320844208391,0.33037608806864915,0.630170703489267
"If you have Amazon Prime, link your accounts in order to get Twitch Prime and one free Twitch subscription every month! For more info: http://bit.ly/HowToSubWithTwitchPrime Subscriptions done through Twitch Prime will need to be manually renewed each month!",neither,0.04427550298856202,0.3116573355331937,0.6440671614782444
I hope it's not the same popcorns,neither,0.08307887164180969,0.18848580628518297,0.7284353220730073
Travis!,neither,0.03945320844208391,0.33037608806864915,0.630170703489267
A wild Travis Appears,neither,0.03945320844208391,0.33037608806864915,0.630170703489267
"that's how you get pink eye, with farting in others chair.",neither,0.04270923249888793,0.4056869798262065,0.5516037876749055
what are coins for,neither,0.06532704458720574,0.251583291511594,0.6830896639012003
Bidet Travis!,neither,0.03945320844208391,0.33037608806864915,0.630170703489267
does the popcorn taste like tears,neither,0.03413717120105179,0.4289883732994135,0.5368744554995348
!wallet,neither,0.03945320844208391,0.33037608806864915,0.630170703489267
blindtemple15 has 158662 coins,neither,0.03989735448983053,0.32283777050957063,0.6372648750005988
"good lord, that's some serious coinage",neither,0.028306948869655776,0.3829493852124709,0.5887436659178733
!sub,neither,0.03945320844208391,0.33037608806864915,0.630170703489267
Help support the #GnSLive twitch channel! $4.99/month gets you exclusive sub-only benefits and helps keep the channel alive! Thanks! twitch.tv/geekandsundry/subscribe or for MOBILE https://secure.twitch.tv/products/geekandsundry/ticket/new,neither,0.047564760200365624,0.28780811278399754,0.6646271270156369
@Blindtemple15 You are rich!,neither,0.13918038161616586,0.3224781891157991,0.5383414292680351
you give pink eye by farting on a pillow that someone else uses,neither,0.04940690080502212,0.41036352472698956,0.5402295744679881
can't wait for the timeskip Thursday,neither,0.03320478759262934,0.28298030234519117,0.6838149100621794
just saw the sign,neither,0.03384174189609977,0.33547426460913393,0.6306839934947663
What do coins do?,neither,0.047236689203556725,0.3258582917018519,0.6269050190945914
!wallet,neither,0.03945320844208391,0.33037608806864915,0.630170703489267
hazfindley has 4283 coins,neither,0.03989735448983053,0.32283777050957063,0.6372648750005988
Hello there party people,neither,0.0694184640210873,0.2858560344077895,0.6447255015711233
!coins,neither,0.03945320844208391,0.33037608806864915,0.630170703489267
hooray for amazon prime,neither,0.03249517366167782,0.29565414420004343,0.6718506821382788
How tall is Travis? 6'2?,neither,0.04657921191935097,0.32792512870563395,0.6254956593750151
BIDET FROM CHILE,neither,0.04069404815304118,0.30931579984010865,0.6499901520068502
nightbot is verified?,neither,0.04912624121044723,0.3270490885368631,0.6238246702526896
Hi!,neither,0.03945320844208391,0.33037608806864915,0.630170703489267
are coins the same thing as bits,neither,0.05897851813826876,0.3130389344854105,0.6279825473763208
The Gilmore's sign is great,neither,0.04547685804728496,0.2855650207975097,0.6689581211552054
nop,neither,0.03945320844208391,0.33037608806864915,0.630170703489267
what are coins for???,neither,0.06532704458720574,0.251583291511594,0.6830896639012003
you get pink eye from fecal matter in the eye.,neither,0.06229691941312642,0.33642817358453175,0.6012749070023419
BIDET & BEEPBEEP from BCS Tx,neither,0.04038868291416263,0.3144986448836462,0.6451126722021913
"he's like 6'3"" 6'4"" i think",neither,0.07604081258113812,0.33741801898690404,0.5865411684319578
Coins are for other shows,neither,0.053410308380817874,0.2693548711148453,0.6772348205043367
@buttassbooty I think Travis is either 6'2 or 6'3,neither,0.04707244001996457,0.3201851805498103,0.6327423794302253
!info,neither,0.03945320844208391,0.33037608806864915,0.630170703489267
You earn 1 coins for every 1 minute you watch while geekandsundry is live. Check your coins by typing !wallet and visit www.revlo.co/geekandsundry to see what you can do with them.,neither,0.08528954791648977,0.3649232046814371,0.5497872474020731
@GaamacTV I have a lot of time on my hands...,neither,0.025929905445303856,0.4451824998597142,0.528887594694982
If you haven't seen episode 94 you will want to watch it before this Thurdsday's episode,neither,0.047958348829423646,0.4214454195999977,0.5305962315705786
