text,top_class,hate_speech,offensive_language,neither
"thank you, twitch not auto refreshing",neither,0.050302628947011666,0.37576036748868497,0.5739370035643033
"Ahh, Basic D&D, my first love.",neither,0.02309845280045636,0.41874893289022047,0.5581526143093233
good luck Tess!,neither,0.038607236521895655,0.330667056604554,0.6307257068735503
o/,neither,0.03945320844208391,0.33037608806864915,0.630170703489267
>< dang twitch dang you,neither,0.06070030064870593,0.38926782493489026,0.5500318744164038
she's using a different voice this time,neither,0.03606501549434206,0.47269244489335194,0.4912425396123061
Hello Hoomans <3,neither,0.03945320844208391,0.33037608806864915,0.630170703489267
@daameer head voice vs chest voice in singing,neither,0.03847692021933645,0.3469462471179021,0.6145768326627615
when did this show start?,neither,0.04274641937675957,0.3026396416026947,0.6546139390205457
i am a singer :P,neither,0.03923166184206515,0.33045228810354843,0.6303160500543864
this is recorded on mondays after amamy as its better for them,neither,0.04098051451622878,0.3368657123130741,0.6221537731706971
<3 baritone ukulele,neither,0.03945320844208391,0.33037608806864915,0.630170703489267
at least i used to be,neither,0.046586841846532084,0.35674397783630796,0.5966691803171599
@dasbarr just starting,neither,0.03326925679857758,0.3600393730657621,0.6066913701356603
"@daameer had no way to know that, sweetie. ;)",neither,0.040887099616423186,0.3737498599689643,0.5853630404146126
"Oh thank goodness, I thought I missed it.",neither,0.04415085722284662,0.22607073607127745,0.7297784067058759
love this song,neither,0.034725997547388365,0.3621436434349178,0.6031303590176939
gandsApplaud gandsApplaud gandsApplaud gandsLessthanthree gandsLessthanthree,neither,0.03945320844208391,0.33037608806864915,0.630170703489267
*clap clap clap*,neither,0.03945320844208391,0.33037608806864915,0.630170703489267
gandsLessthanthree gandsLessthanthree gandsLessthanthree,neither,0.03945320844208391,0.33037608806864915,0.630170703489267
amy rocks,neither,0.03945320844208391,0.33037608806864915,0.630170703489267
Is Matthew mercer going to come on today for a Q&A ?,neither,0.0399991919680718,0.3390211571991583,0.6209796508327698
is this just a bunch of songs?,offensive_language,0.044687871873423914,0.48141523602694325,0.47389689209963276
@kingrlmaitham that was yesterday,neither,0.03429555204404829,0.3877316176195117,0.57797283033644
@kingrlmaitham that was yesterday...,neither,0.03429555204404829,0.3877316176195117,0.57797283033644
Shroudedmist -> I kill bugs...DEAD! [stop spamming emotes] [warning],neither,0.2833908412317411,0.28095119082486564,0.43565796794339323
Amy looks so pretty,neither,0.039412910434422736,0.37167008234257043,0.5889170072230068
towLove towBeer towLove,neither,0.03945320844208391,0.33037608806864915,0.630170703489267
stop fuffing butt :D,offensive_language,0.04724007236016431,0.5205982474136632,0.43216168022617246
@fuffybutt This show always starts with a couple songs,neither,0.039258396739206426,0.3446145254449217,0.616127077815872
Is it going to be uploaded to the G&S website?,neither,0.05394895208093237,0.3333804447051734,0.6126706032138942
@kingrlmaitham it's on VOD if you sub... not sure if/when it'll go to YouTube or gns site,offensive_language,0.021017663032842415,0.5175345833223106,0.46144775364484697
Needs more cowbell.,neither,0.04224736481176074,0.3159228868246697,0.6418297483635697
@leigh574 ok thanks,neither,0.036679458346100965,0.30877397624175834,0.6545465654121406
10/10,neither,0.03945320844208391,0.33037608806864915,0.630170703489267
@kingrlmaitham you're welcome :),neither,0.10626763448287628,0.35096606821718634,0.5427662972999374
I thought Talk Machina was only on Alpha Vod?,neither,0.024862952331404835,0.26105894009866915,0.7140781075699261
i was wondering if they were going to have a song recap show where they replay all the old songs from previous episodes,neither,0.03973495087992582,0.3304825578046747,0.6297824913153994
So fabulous!,neither,0.03940857945358607,0.38636408546123996,0.5742273350851739
gandsLessthanthree gandsLessthanthree gandsLessthanthree,neither,0.03945320844208391,0.33037608806864915,0.630170703489267
it's alpha only only for the end of TM,neither,0.03433443747480181,0.30218332475387555,0.6634822377713228
@sophitia42 no talks Machina is on twitch VOD bit the special 20+ min after dark time is on alpha only,neither,0.05710454062565144,0.3385913196003982,0.6043041397739504
first time watching live,neither,0.03513206370154816,0.3516282956383994,0.6132396406600524
howdy :),neither,0.03945320844208391,0.33037608806864915,0.630170703489267
Yaaaaaaayyyyy,neither,0.03945320844208391,0.33037608806864915,0.630170703489267
Beep Beep,neither,0.03945320844208391,0.33037608806864915,0.630170703489267
Bidet,neither,0.03945320844208391,0.33037608806864915,0.630170703489267
@Leigh574 Ah. Well either way I can't watch it.,neither,0.04313703955054399,0.3260408637679204,0.6308220966815357
18 hours of gaming goodness!,neither,0.03945320844208391,0.33037608806864915,0.630170703489267
@IcameforChaz Glad you could join us!,neither,0.10111201656558962,0.3623412196542717,0.5365467637801387
why is there an extra chair?,neither,0.03586726851536056,0.30240240948370767,0.6617303220009317
that is our chair,neither,0.04323325776274877,0.36820690463009054,0.5885598376071607
That's when I started.,neither,0.02311264176604115,0.4470392495071736,0.5298481087267852
@daameer special guest @tessfowler,neither,0.074917375545421,0.3098007757950765,0.6152818486595026
I dont recognize any of you but the guy with the sideburns Kreygasm,neither,0.03657951197453707,0.3799506587870835,0.5834698292383794
Character art is still on point. I especially like the DM.,neither,0.0483658184109763,0.3456183689526802,0.6060158126363435
new to twitch. so this is a show where they play a different rpg every week?,neither,0.06458494386553394,0.2320072329325271,0.7034078232019388
This was Gygax and Arneson while AD&D was Gygax!,neither,0.03848508480887381,0.3005365678655904,0.6609783473255357
