text,top_class,hate_speech,offensive_language,neither
"Bidet from Portland, OR!!!",neither,0.040570124267008914,0.3114191116016469,0.6480107641313441
gandsTrinketArmor gandsTrinketArmor gandsTrinketArmor gandsTrinketArmor,neither,0.03945320844208391,0.33037608806864915,0.630170703489267
BEEP BEEP FROM MASSACHUSETTS,neither,0.04069404815304118,0.30931579984010865,0.6499901520068502
Happy New Year!,neither,0.04382906920233135,0.220189007910159,0.7359819228875096
bidet from the UK,neither,0.039613273355342184,0.2892653269430044,0.6711213997016535
One year Later.....,neither,0.03842928000870781,0.36796887644313053,0.5936018435481617
Am I the only one who literally balled during Liam's Quest?,neither,0.038647723075471326,0.3727759219279897,0.588576354996539
danLate,neither,0.03945320844208391,0.33037608806864915,0.630170703489267
I would like to GRAZE!,neither,0.0804027491700186,0.33844784643662373,0.5811494043933576
Liam's ones hot though.... Wow.,neither,0.03945320844208391,0.33037608806864915,0.630170703489267
No not all this good art again,neither,0.03667077682094452,0.43927757783292004,0.5240516453461356
gandsSubHype gandsSubHype gandsSubHype,neither,0.03945320844208391,0.33037608806864915,0.630170703489267
"Almost 20,000 ppl here, we may break the internet!!!",neither,0.06538246690367842,0.28520741532799504,0.6494101177683265
bidet from Loyola!,neither,0.04228451509352876,0.2823214250720796,0.6753940598343917
!sub to chat during CR,neither,0.04424152223636372,0.3275532409882384,0.628205236775398
Bidet from Ohio. I'm so anxious about tonight,neither,0.03692022806177513,0.3507307059115702,0.6123490660266547
Help support the #GnSLive twitch channel! $4.99/month gets you exclusive sub-only benefits and helps keep the channel alive! Thanks! twitch.tv/geekandsundry/subscribe or for MOBILE https://secure.twitch.tv/products/geekandsundry/ticket/new,neither,0.047564760200365624,0.28780811278399754,0.6646271270156369
"Hey Hey Hey, Bidet from Austin!",neither,0.0400735200765267,0.3198477807477915,0.6400786991756818
Bidet Critters!,neither,0.03945320844208391,0.33037608806864915,0.630170703489267
hype af,neither,0.03945320844208391,0.33037608806864915,0.630170703489267
vax n Keyleth broke up and share custody,neither,0.036516943642745485,0.3380467181105512,0.6254363382467034
"Happy One Year Later, everyone. <3",neither,0.03348121087987711,0.4451691762851467,0.5213496128349762
Bidet from Boston!,neither,0.040769555981420263,0.3080342349327864,0.6511962090857933
The art from last week's ep is all amazing,neither,0.04592878952834275,0.35009132608724913,0.6039798843844081
Just in time,neither,0.030301954458447782,0.39891765189907363,0.5707803936424786
hello all,neither,0.04217753453783664,0.43734383323855475,0.5204786322236087
gandsMatt !,neither,0.03945320844208391,0.33037608806864915,0.630170703489267
AAANNNDD Everyone's stuck in LA traffic tonight..lol,neither,0.028849504026598253,0.41853021079020447,0.5526202851831972
I'm guessing we're still waiting on Sam....,neither,0.048812554254530904,0.3322110446586195,0.6189764010868496
For all those that are new to live stream - welcome! :D,neither,0.08819523039677568,0.2319642227133717,0.6798405468898527
:D,neither,0.03945320844208391,0.33037608806864915,0.630170703489267
bidet from NYC!!,neither,0.04081748366884477,0.3072207769958956,0.6519617393352596
Bidet from Canada,neither,0.04071751644889743,0.3089174816120565,0.6503650019390461
"So does anyone else think Percy and Vex, or even Kiki and Vax got married during the year?",neither,0.029883163866726518,0.3987682562675948,0.5713485798656787
Bidet from the UK!,neither,0.039613273355342184,0.2892653269430044,0.6711213997016535
bidet from houston,neither,0.040875471929787875,0.3062365648703896,0.6528879631998226
woot!!,neither,0.03945320844208391,0.33037608806864915,0.630170703489267
aahhhh,neither,0.03945320844208391,0.33037608806864915,0.630170703489267
#season3,neither,0.03945320844208391,0.33037608806864915,0.630170703489267
wooooo!1,neither,0.03945320844208391,0.33037608806864915,0.630170703489267
HYPE,neither,0.03945320844208391,0.33037608806864915,0.630170703489267
WOOO,neither,0.03945320844208391,0.33037608806864915,0.630170703489267
bidet all,offensive_language,0.046917543854519406,0.6277741405869331,0.3253083155585475
@sandstormcrow yep!,neither,0.03945320844208391,0.33037608806864915,0.630170703489267
YES,neither,0.03945320844208391,0.33037608806864915,0.630170703489267
I never thought I could be so excited for an episode,neither,0.03499559975620649,0.2956313618206977,0.6693730384230957
YES!!!!!,neither,0.03945320844208391,0.33037608806864915,0.630170703489267
WOOOOOOOOO,neither,0.03945320844208391,0.33037608806864915,0.630170703489267
I JUST ACTUALLY GASPED,neither,0.032523288200702404,0.363866282493065,0.6036104293062328
boom,neither,0.03945320844208391,0.33037608806864915,0.630170703489267
Hello!,neither,0.03945320844208391,0.33037608806864915,0.630170703489267
ey!,neither,0.03945320844208391,0.33037608806864915,0.630170703489267
jeeej,neither,0.03945320844208391,0.33037608806864915,0.630170703489267
WOOOOO,neither,0.03945320844208391,0.33037608806864915,0.630170703489267
Finished my Macbeth test just in time to sit and watch CR with my boyfriend who is cooking dinner! gandsLessthanthree gandsLessthanthree gandsLessthanthree gandsLessthanthree gandsLessthanthree gandsLessthanthree gandsLessthanthree gandsLessthanthree,neither,0.029301820167248027,0.44935445543753866,0.5213437243952134
wooooooooooooo!!!,neither,0.03945320844208391,0.33037608806864915,0.630170703489267
WOOOOOO!!,neither,0.03945320844208391,0.33037608806864915,0.630170703489267
Is Laura okay? Will she be joining us ?,neither,0.08817313412497958,0.3734640739106638,0.5383627919643565
HYPE,neither,0.03945320844208391,0.33037608806864915,0.630170703489267
That set tho,neither,0.03025317181723829,0.3932370071065583,0.5765098210762033
off centre!,neither,0.03945320844208391,0.33037608806864915,0.630170703489267
ohh sheeeeeeeeit,neither,0.03945320844208391,0.33037608806864915,0.630170703489267
Hi Matt!,neither,0.03945320844208391,0.33037608806864915,0.630170703489267
gandsSubHype gandsSubHype gandsSubHype gandsSubHype,neither,0.03945320844208391,0.33037608806864915,0.630170703489267
LETS GO §,neither,0.039984317429425154,0.35542799280679366,0.6045876897637812
PogChamp PogChamp PogChamp PogChamp PogChamp,neither,0.03945320844208391,0.33037608806864915,0.630170703489267
bidet chat,neither,0.03945320844208391,0.33037608806864915,0.630170703489267
woooooooot,neither,0.03945320844208391,0.33037608806864915,0.630170703489267
wooooo,neither,0.03945320844208391,0.33037608806864915,0.630170703489267
It's on! Bidet!,neither,0.029359548185187243,0.36677741506693295,0.6038630367478798
gandsSubHype gandsSubHype gandsSubHype,neither,0.03945320844208391,0.33037608806864915,0.630170703489267
Bidet.,neither,0.03945320844208391,0.33037608806864915,0.630170703489267
YAY,neither,0.03945320844208391,0.33037608806864915,0.630170703489267
Matt needs his fancy silk robe,neither,0.0543016369112792,0.33190070389803494,0.6137976591906859
so it!,neither,0.036059904940826074,0.4466212236479848,0.5173188714111893
Hey guys!,neither,0.03929207127355727,0.33311100635304525,0.6275969223733975
showtime!,neither,0.03945320844208391,0.33037608806864915,0.630170703489267
YESSSSSS,neither,0.03945320844208391,0.33037608806864915,0.630170703489267
gandsSubHype gandsSubHype gandsSubHype gandsSubHype gandsSubHype gandsSubHype gandsSubHype gandsSubHype gandsSubHype,neither,0.03945320844208391,0.33037608806864915,0.630170703489267
gandsSubHype gandsSubHype gandsSubHype,neither,0.03945320844208391,0.33037608806864915,0.630170703489267
:O,neither,0.03945320844208391,0.33037608806864915,0.630170703489267
OMG its STARTING,neither,0.03308592528352114,0.33256608872248455,0.6343479859939943
gandsSubHype gandsSubHype gandsSubHype gandsSubHype gandsSubHype gandsSubHype gandsSubHype,neither,0.03945320844208391,0.33037608806864915,0.630170703489267
TIME SKIP HYPE!,neither,0.03839968160902499,0.3482571879115977,0.6133431304793774
Woooooooooo!,neither,0.03945320844208391,0.33037608806864915,0.630170703489267
Yeah!!!,offensive_language,0.013968601452186464,0.5182923869769311,0.4677390115708824
yessssss,neither,0.03945320844208391,0.33037608806864915,0.630170703489267
gandsSubHype,neither,0.03945320844208391,0.33037608806864915,0.630170703489267
OOOH SNAP,neither,0.03945320844208391,0.33037608806864915,0.630170703489267
wooo!,neither,0.03945320844208391,0.33037608806864915,0.630170703489267
hype,neither,0.03945320844208391,0.33037608806864915,0.630170703489267
Ayyyy bb Matt Maercer,neither,0.03945320844208391,0.33037608806864915,0.630170703489267
"Woo, it begins",neither,0.0382482652450718,0.3307905232874979,0.6309612114674303
hey,neither,0.03945320844208391,0.33037608806864915,0.630170703489267
gandsMatt gandsNatTwenty,neither,0.03945320844208391,0.33037608806864915,0.630170703489267
EEEEEE,neither,0.03945320844208391,0.33037608806864915,0.630170703489267
yeeeeeeeeeeah,neither,0.03945320844208391,0.33037608806864915,0.630170703489267
BIDET FROM OHIOIOOOO,neither,0.04228451509352876,0.2823214250720796,0.6753940598343917
yay,neither,0.03945320844208391,0.33037608806864915,0.630170703489267
hugs @gaeaca Hi mom,neither,0.03945320844208391,0.33037608806864915,0.630170703489267
Discord invite link - https://discord.gg/0gXmsdbMcm8yEnbs,neither,0.03945320844208391,0.33037608806864915,0.630170703489267
camera is off center oh no,neither,0.05021154891378355,0.298755172451119,0.6510332786350975
PogChamp,neither,0.03945320844208391,0.33037608806864915,0.630170703489267
Huzzah!,neither,0.03945320844208391,0.33037608806864915,0.630170703489267
Holy crap the sound was working right off the bat...,neither,0.03775956636480148,0.32319808377990117,0.6390423498552974
Yaaaaay!!!,neither,0.03945320844208391,0.33037608806864915,0.630170703489267
Can't wait for what Grog did over the year,neither,0.035516800426559456,0.28626104088761267,0.6782221586858279
no torches?,neither,0.036918905254960256,0.37338982715841207,0.5896912675866277
We on time boisss,neither,0.03300987164570467,0.3875202027432412,0.579469925611054
HOOOOOOOO,neither,0.03945320844208391,0.33037608806864915,0.630170703489267
YAAAAAASSSSSSSSS,neither,0.03945320844208391,0.33037608806864915,0.630170703489267
wooooooooo!,neither,0.03945320844208391,0.33037608806864915,0.630170703489267
PUSSYPOKETS!,neither,0.03945320844208391,0.33037608806864915,0.630170703489267
Ah!!!,neither,0.03945320844208391,0.33037608806864915,0.630170703489267
Yaaaay,neither,0.03945320844208391,0.33037608806864915,0.630170703489267
So glad to be back again.,neither,0.04469921683205076,0.40773976025954156,0.5475610229084078
LIAM!,neither,0.03945320844208391,0.33037608806864915,0.630170703489267
wooot,neither,0.03945320844208391,0.33037608806864915,0.630170703489267
gandsSubHype gandsSubHype gandsSubHype,neither,0.03945320844208391,0.33037608806864915,0.630170703489267
YEAH!!,offensive_language,0.013968601452186464,0.5182923869769311,0.4677390115708824
gandsSubHype gandsSubHype gandsSubHype gandsSubHype gandsSubHype gandsSubHype gandsSubHype gandsSubHype gandsSubHype gandsSubHype gandsSubHype gandsSubHype gandsSubHype gandsSubHype,neither,0.03945320844208391,0.33037608806864915,0.630170703489267
"ARE WE ON THE INTERNET, DENISE?",neither,0.06455044260466253,0.27765074222486363,0.6577988151704739
camera is off!,neither,0.04977563443801811,0.3268257324275838,0.623398633134398
NOT CENTERED CRINGE NotLikeThis,neither,0.0383730725476961,0.3344245252374537,0.6272024022148501
gandsMatt gandsMatt gandsMatt,neither,0.03945320844208391,0.33037608806864915,0.630170703489267
Bidet from DC,neither,0.0408364874901429,0.30689823255244486,0.6522652799574122
Woot! First time watching it live!,neither,0.03519006220518392,0.3465670523615699,0.6182428854332461
woo,neither,0.03945320844208391,0.33037608806864915,0.630170703489267
HYPPPE,neither,0.03945320844208391,0.33037608806864915,0.630170703489267
Whoa! On time!,neither,0.034974687488406604,0.3681772176123932,0.5968480948992001
heeeeeey!!!!,neither,0.03945320844208391,0.33037608806864915,0.630170703489267
oh god oh god oh god...l'M NOT READY,neither,0.04639885211760979,0.2608998848553263,0.6927012630270639
gandsSubHype gandsSubHype gandsSubHype gandsSubHype gandsSubHype gandsSubHype gandsSubHype gandsSubHype,neither,0.03945320844208391,0.33037608806864915,0.630170703489267
Bidet from Houston! So excited for tonight!!!!,neither,0.03326337322715449,0.3086126966684024,0.658123930104443
gandsNatTwenty gandsSubHype,neither,0.03945320844208391,0.33037608806864915,0.630170703489267
what happened to the torches???,neither,0.055367456511688,0.30009089564106567,0.6445416478472463
One year later and they've successfully eliminated all the elderly...,neither,0.024197126410125638,0.34167311542251916,0.6341297581673553
THAT WAS SO SICK,neither,0.034260649667280756,0.4445212999150336,0.5212180504176857
BIDET from SWFL!,neither,0.04228451509352876,0.2823214250720796,0.6753940598343917
NEW SHIRT!!,neither,0.04422680067181611,0.2094961221409058,0.7462770771872781
gandsSubHype gandsSubHype gandsSubHype gandsSubHype gandsSubHype,neither,0.03945320844208391,0.33037608806864915,0.630170703489267
Off center! D:,neither,0.03945320844208391,0.33037608806864915,0.630170703489267
Time warp Time warp Time warp,neither,0.036668274527354654,0.377643684699956,0.5856880407726893
This is gonna be so good,neither,0.04793538902820875,0.45087931879845794,0.5011852921733333
MY BODY IS READY,neither,0.03405984045513004,0.42505863100050806,0.540881528544362
itmejpGM itmejpGMTPK,neither,0.03945320844208391,0.33037608806864915,0.630170703489267
Bidet from Attleboro MA,neither,0.031816597323666866,0.4599893087150652,0.5081940939612679
i like his mind,neither,0.11255051126647567,0.35100199499727724,0.5364474937362471
timeskip? has that ever happened before?,neither,0.03301120554141884,0.41931755608084914,0.547671238377732
gandsSubHype gandsSubHype gandsSubHype gandsSubHype gandsSubHype gandsSubHype gandsSubHype gandsSubHype,neither,0.03945320844208391,0.33037608806864915,0.630170703489267
gandsSubHype gandsSubHype gandsSubHype gandsSubHype gandsSubHype gandsSubHype gandsSubHype gandsSubHype gandsSubHype gandsSubHype gandsSubHype gandsSubHype gandsSubHype gandsSubHype,neither,0.03945320844208391,0.33037608806864915,0.630170703489267
Oooh yeah I definitely miss the robe,neither,0.024830548415641786,0.3937686906565741,0.5814007609277841
IM SCARED,neither,0.038256595597773745,0.3757511155271296,0.5859922888750968
anyone else really hoping for #Terry-more?,neither,0.03602567965116547,0.29918285879843287,0.6647914615504018
circHype,neither,0.03945320844208391,0.33037608806864915,0.630170703489267
gandsNatTwenty gandsNatTwenty gandsClassic gandsClassic gandsNatTwenty gandsNatTwenty gandsNatTwenty gandsNatTwenty,neither,0.03945320844208391,0.33037608806864915,0.630170703489267
yayyy,neither,0.03945320844208391,0.33037608806864915,0.630170703489267
PUSSYPOCKET,neither,0.03945320844208391,0.33037608806864915,0.630170703489267
Glad to see Laura's better.,neither,0.04752436413641155,0.32568839768096514,0.6267872381826233
somebody center Mercer.,neither,0.03945320844208391,0.33037608806864915,0.630170703489267
@GaeaCa may i PM you?,neither,0.06108995965619434,0.35570972833709374,0.5832003120067119
Oh hey set's back to normal,neither,0.0498270119560768,0.28589898762427407,0.6642740004196491
New shirts?,neither,0.04379742455737696,0.22103248281023463,0.7351700926323884
gandsDrink gandsDrink gandsDrink,neither,0.03945320844208391,0.33037608806864915,0.630170703489267
yesssss,neither,0.03945320844208391,0.33037608806864915,0.630170703489267
gandsAJinSpace gandsAJinSpace gandsAJinSpace gandsAJinSpace gandsAJinSpace gandsAJinSpace,neither,0.03945320844208391,0.33037608806864915,0.630170703489267
woo,neither,0.03945320844208391,0.33037608806864915,0.630170703489267
HYYYYYPPPEEE!!!!,neither,0.03945320844208391,0.33037608806864915,0.630170703489267
"Hey, duees... camera.",neither,0.03945320844208391,0.33037608806864915,0.630170703489267
BIDET!!!,neither,0.03945320844208391,0.33037608806864915,0.630170703489267
@GeekandSundry Matts camera seems off?,neither,0.03945320844208391,0.33037608806864915,0.630170703489267
hugs @ChampionStormCaller,neither,0.03945320844208391,0.33037608806864915,0.630170703489267
WHERE IS SAM?!?!,neither,0.05248169861450362,0.2880304491668646,0.6594878522186318
SCANLAN MUG!!!!!!!!!!!!!!!!!!!!!!!!!!!,neither,0.03945320844208391,0.33037608806864915,0.630170703489267
Yayyyyyy Ashley's still here,neither,0.08889101560194035,0.30520805869409806,0.6059009257039615
gandsTrinketArmor gandsSCANLAN gandsDrink gandsMatt gandsSubHype gandsSubHype,neither,0.03945320844208391,0.33037608806864915,0.630170703489267
THE NUG'S BACK,neither,0.03764175930296251,0.296208159274416,0.6661500814226214
Oh my god it was the big mug.,neither,0.02212964363494806,0.3944712782048478,0.5833990781602041
gandsSCANLAN gandsSCANLAN gandsSCANLAN gandsSCANLAN gandsSCANLAN gandsSCANLAN,neither,0.03945320844208391,0.33037608806864915,0.630170703489267
OH hey I'm subscribed now! I can chat! Hi guys.,neither,0.043481128000360844,0.2907910532871029,0.6657278187125362
"Be pleased, one and all!",neither,0.03975402753774053,0.39642073684299706,0.5638252356192623
wheres sam??,neither,0.03945320844208391,0.33037608806864915,0.630170703489267
giant sum mug!,neither,0.03945320844208391,0.33037608806864915,0.630170703489267
bidet from minnesota,neither,0.04071751644889743,0.3089174816120565,0.6503650019390461
only one reason matt isn't centred,neither,0.0387269954396318,0.35707046716706103,0.6042025373933072
Scanlan mug!,neither,0.03945320844208391,0.33037608806864915,0.630170703489267
Scanlans mug is there!!!!,neither,0.04801959467007171,0.2839386532701362,0.6680417520597921
GIANT MUG = SCANLAN,neither,0.03945320844208391,0.33037608806864915,0.630170703489267
Scanlan's giant mug!,neither,0.03945320844208391,0.33037608806864915,0.630170703489267
SCANLAN'S STEIN!,neither,0.03945320844208391,0.33037608806864915,0.630170703489267
scanlan mug is back!!!!,neither,0.04816456976848439,0.32737985144377757,0.624455578787738
Ahhhh I'm so excited,neither,0.03941280539197189,0.37189489360989747,0.5886923009981306
the mug!,neither,0.03843498882663835,0.31168514531390124,0.6498798658594604
BIG MUG HYPE,neither,0.026109142792138954,0.38374926038159757,0.5901415968262634
merchhh,neither,0.03945320844208391,0.33037608806864915,0.630170703489267
Scanlans mug!,neither,0.03945320844208391,0.33037608806864915,0.630170703489267
THE MUGS BACK!,neither,0.03852357673809313,0.31335523496191386,0.648121188299993
GIANT MUG!,neither,0.03945320844208391,0.33037608806864915,0.630170703489267
sure @Moleking82uk,offensive_language,0.030544123004943555,0.5442266193377375,0.42522925765731895
scanlans mug,neither,0.03945320844208391,0.33037608806864915,0.630170703489267
gandsSubHype gandsSubHype gandsSubHype gandsSubHype gandsSubHype gandsSubHype gandsSubHype,neither,0.03945320844208391,0.33037608806864915,0.630170703489267
gandsSubHype,neither,0.03945320844208391,0.33037608806864915,0.630170703489267
SCANLANS MUG,neither,0.03945320844208391,0.33037608806864915,0.630170703489267
"Bidet from Boston, MA",neither,0.0339083814528141,0.42448627292187524,0.5416053456253105
gandsSubHype gandsSubHype gandsSubHype,neither,0.03945320844208391,0.33037608806864915,0.630170703489267
THE MUG IS BACK,neither,0.046887832661983736,0.3112003784293444,0.641911788908672
Scanlan's Mug!,neither,0.03945320844208391,0.33037608806864915,0.630170703489267
bidet,neither,0.03945320844208391,0.33037608806864915,0.630170703489267
HYPE!,neither,0.03945320844208391,0.33037608806864915,0.630170703489267
hello everyone! gandsLessthanthree gandsLessthanthree gandsLessthanthree gandsLessthanthree,neither,0.03269494828970791,0.4450814005079928,0.5222236512022994
The big mug? Scanlan might be back.,neither,0.026198624383233463,0.37136272319133495,0.6024386524254315
THEY BIG MUG IS BACK!!!!!!!!,neither,0.03056664784546399,0.3843025662145732,0.5851307859399628
The giant mug???,neither,0.03863602311522812,0.31546126039984007,0.6459027164849317
scanlan mug!!!,neither,0.03945320844208391,0.33037608806864915,0.630170703489267
Scanlan cup!!!!!!,neither,0.03945320844208391,0.33037608806864915,0.630170703489267
Scanlan's MUG!!!!!!!!!!!!!!!!!,neither,0.03945320844208391,0.33037608806864915,0.630170703489267
Beep beep!,neither,0.03945320844208391,0.33037608806864915,0.630170703489267
who stole the torches?!?!?!?!,neither,0.03892771268290788,0.38966435508880487,0.5714079322282872
sam is running late again,neither,0.044505908401062035,0.3538617829841065,0.6016323086148314
THE MUG,neither,0.03843498882663835,0.31168514531390124,0.6498798658594604
gandsMatt gandsMatt gandsMatt gandsMatt,neither,0.03945320844208391,0.33037608806864915,0.630170703489267
SHUT UP AND TAKE MY MONEY!,neither,0.036232571688888146,0.40901072587597187,0.55475670243514
gandsSCANLAN gandsSCANLAN,neither,0.03945320844208391,0.33037608806864915,0.630170703489267
"It's okay, I'm here now. Bidet.",neither,0.0997103754421736,0.2831543713846938,0.6171352531731327
Bidet from Victoria,neither,0.04071751644889743,0.3089174816120565,0.6503650019390461
Where's sammmmm,neither,0.04379278224195774,0.2567221952996476,0.6994850224583946
WHAT ARE THOSE?!!,neither,0.1893614871253316,0.14811175675074117,0.6625267561239273
....Both Mugs??,neither,0.03945320844208391,0.33037608806864915,0.630170703489267
THE STEIN,neither,0.03843498882663835,0.31168514531390124,0.6498798658594604
wooooooooooo,neither,0.03945320844208391,0.33037608806864915,0.630170703489267
those are so metal,neither,0.1093399206616746,0.2500932771617331,0.6405668021765923
Love the shirts!,neither,0.035028937849030266,0.3267994398547809,0.6381716222961887
Why is matt so far left,neither,0.03550786741015426,0.3787103548662541,0.5857817777235915
bidet from indianapolis!,neither,0.04062582848913359,0.31047366557575606,0.6489005059351104
his cup is so big what does that mean,offensive_language,0.036682442997016264,0.5138332922135017,0.4494842647894819
and sold out :P,neither,0.03318812833215377,0.30090982527795024,0.665902046389896
aaaand sshirts sold out,neither,0.033688189908004054,0.35284345510995857,0.6134683549820374
WHAT ARE THOSE!?!,neither,0.1893614871253316,0.14811175675074117,0.6625267561239273
would LOVE to have Scanlan back...,neither,0.04242944318223029,0.3465044898466596,0.6110660669711101
Laura! go to see ya feelin better!! gandsLessthanthree,offensive_language,0.031946557383345744,0.5603442989649038,0.40770914365175037
aaah the muuug,neither,0.03613032604487659,0.2619290779399786,0.7019405960151449
Bidet!,neither,0.03945320844208391,0.33037608806864915,0.630170703489267
I'm wearing my gilmore shirt!,neither,0.026987702256172755,0.4288372734517713,0.544175024292056
I just saw the BIG MUG at Sam's seat.. Could it mean...that Scanlan comes back? :o,neither,0.02570119351462251,0.4001920751538667,0.5741067313315109
enbMona enbMona enbMona enbMona,neither,0.03945320844208391,0.33037608806864915,0.630170703489267
gandsLessthanthree,neither,0.03945320844208391,0.33037608806864915,0.630170703489267
!merch,neither,0.03945320844208391,0.33037608806864915,0.630170703489267
T-shirts! Keychains! Mousepads of all sizes*! Get your merch here! http://shop.geekandsundry.com/collections/twitch-shows (*Mousepad available in only one size),neither,0.06642889937199667,0.3057863877880385,0.6277847128399648
The Gilmore shirt feels GLORIOUS,neither,0.03848648671074051,0.3126572040805472,0.6488563092087123
laura is such a capitalist.. I love it,neither,0.04457752341373282,0.3400324798153837,0.6153899967708835
bidet from Delaware,neither,0.04228451509352876,0.2823214250720796,0.6753940598343917
am i re subbed?,neither,0.05764090407519146,0.30185611728973566,0.6405029786350729
wait does he have scanlans mug??!?!?!?!,neither,0.030882795160110957,0.4419133741023616,0.5272038307375273
"yaaaay, it IS thursday yet!!!",neither,0.04651135664277627,0.32794846724679255,0.6255401761104311
I am ready to spend my money,neither,0.03403252570202505,0.4040030827087029,0.5619643915892721
SCANLAN? THE TANKARD?,neither,0.03613032604487659,0.2619290779399786,0.7019405960151449
I saw the dice. ^_^,neither,0.03851426454357458,0.3131801408528928,0.6483055946035327
*one year later*,neither,0.03842928000870781,0.36796887644313053,0.5936018435481617
The shirts are in the store /now/ but I suspect they'll be sold out in very short order,neither,0.05940029777948597,0.30291180204909507,0.637687900171419
Bidet from St. Louis,neither,0.040470992782370326,0.313101631608523,0.6464273756091067
excited to actually watch them live and not on youtube,neither,0.05955518400683476,0.3036100850986244,0.6368347308945408
BIG MUG IS BACK HYPE gandsSCANLAN gandsSCANLAN gandsSCANLAN gandsSCANLAN,neither,0.03150902555607695,0.3781782646726154,0.5903127097713076
STORE LINK - https://shop.geekandsundry.com/collections/critical-role,neither,0.05236138077603944,0.325936375690982,0.6217022435329786
Bidet from Chicago! Just got mine!,neither,0.03512906351094335,0.3756806116706446,0.5891903248184122
wooooooooo,neither,0.03945320844208391,0.33037608806864915,0.630170703489267
Bidet from Regina!,neither,0.04062582848913359,0.31047366557575606,0.6489005059351104
does anyone else have the follow/subscribed buttons covering the top right of the screen?,neither,0.03024342944775168,0.3884410723616261,0.5813154981906221
first time to see them live :D,neither,0.05675933392775338,0.3387997246914432,0.6044409413808034
I'm so excited,neither,0.03940839469474773,0.3948270312238364,0.565764574081416
The Gilmore and Strong Jaw ale shirts are both glorious,neither,0.05607884221932328,0.25818344780375113,0.6857377099769257
the *** is this ... the *** is that ... THE *** ARE THOSE . OHHHHHHH HAHAHAHAHAHA,neither,0.09994864313592829,0.2332663662767335,0.6667849905873382
from Kentucky,neither,0.04071751644889743,0.3089174816120565,0.6503650019390461
Bidey from texas,neither,0.040937266849991,0.30518774380265185,0.6538749893473571
"Subbed for awesome nerdy voice actors playing D&D, STAYED FOR MATT",neither,0.033885806380120495,0.302568810932325,0.6635453826875546
i wish they had tanks not just tshirts,neither,0.03541750606253853,0.34858604592640524,0.6159964480110564
Greetings fellow critters~,neither,0.03945320844208391,0.33037608806864915,0.630170703489267
wearing my gilmore shirt right now and it's the softest,neither,0.0268489832152845,0.3705951792540181,0.6025558375306974
BIDET FROM OREGON,neither,0.04071751644889743,0.3089174816120565,0.6503650019390461
I GOT A TSHIRT!,neither,0.038022615232289246,0.38185919229981474,0.5801181924678961
is Scanlan back????? I see the giant mug!!!!,neither,0.04516807127981483,0.31523043672804335,0.6396014919921418
BIG MUG,neither,0.023761835574033704,0.39501580807410414,0.5812223563518623
Wait,neither,0.03945320844208391,0.33037608806864915,0.630170703489267
Liam is so cool.,neither,0.047193866915026556,0.3703132536319624,0.582492879453011
oh my glob yes,neither,0.030433063118598513,0.3815771597193789,0.5879897771620226
Tankard!!,neither,0.03945320844208391,0.33037608806864915,0.630170703489267
Bidet also from Chicago! :D,neither,0.040552160913681974,0.31172399658822175,0.6477238424980964
Bidet from central Ohio,neither,0.04040912852695437,0.3141516294757728,0.6454392419972729
both mugs,neither,0.03945320844208391,0.33037608806864915,0.630170703489267
Big Mug!!,neither,0.023761835574033704,0.39501580807410414,0.5812223563518623
The big mug is back,neither,0.029793543078425643,0.37028075921012876,0.5999256977114455
SCANLAN,neither,0.03945320844208391,0.33037608806864915,0.630170703489267
Cowboys are gonna win the draft again,neither,0.05458704918557841,0.34224631222423907,0.6031666385901825
the Mug!!!!,neither,0.03843498882663835,0.31168514531390124,0.6498798658594604
gandsSpoopy,neither,0.03945320844208391,0.33037608806864915,0.630170703489267
thats scanlans cup!,neither,0.03945320844208391,0.33037608806864915,0.630170703489267
2 years!,neither,0.03945320844208391,0.33037608806864915,0.630170703489267
THE muG,neither,0.03843498882663835,0.31168514531390124,0.6498798658594604
SCANLANS CUP,neither,0.03945320844208391,0.33037608806864915,0.630170703489267
Its Scanlans MUG!,neither,0.03309144916294284,0.33256418880705063,0.6343443620300065
SCANLAN IS BACK,neither,0.05875706531986774,0.3237366064983911,0.6175063281817412
wow Ashley here for the first ep after the year skip,neither,0.050582968488058704,0.2803572588755138,0.6690597726364275
BOTH SAM MUGS ARE THERE,neither,0.05894382039435325,0.262533065282279,0.6785231143233678
"oh man, both of sam's mugs are here",neither,0.105906306466163,0.2760656716076416,0.6180280219261953
THE SCANLAN MUG IS THERE!!! Omg is he back?,neither,0.0570411887720927,0.2813763782354887,0.6615824329924186
THE BIG MUG,neither,0.023519342550083634,0.3766015656317487,0.5998790918181677
hes got both mugs?!?!?!?,neither,0.03840282270424789,0.3680778109641399,0.5935193663316122
AHHH NOO LOOT CRATE ... :( :(,neither,0.03945320844208391,0.33037608806864915,0.630170703489267
lel,neither,0.03945320844208391,0.33037608806864915,0.630170703489267
Scanlan????,neither,0.03945320844208391,0.33037608806864915,0.630170703489267
the scanlan mug PogChamp,neither,0.03843498882663835,0.31168514531390124,0.6498798658594604
THE BIG MUG OMFG,neither,0.025934221870209658,0.36840926531500395,0.6056565128147863
BIG???? MUG,neither,0.023761835574033704,0.39501580807410414,0.5812223563518623
SAM HAS BOTH MUGS,neither,0.03977443692833859,0.32492400231736196,0.6353015607542993
Scanlan's large mug is on the table. Scanlan's return????,neither,0.04199318708227551,0.32678910752452095,0.6312177053932035
Sam has... man has two mugs... oh no...,neither,0.04329397915197377,0.3314908569201492,0.625215163927877
He has both mugs!!!!! This has to be a fake out!,neither,0.045038470258224765,0.3320230869884236,0.6229384427533515
big mug and little mug???,neither,0.029791037612208936,0.345476225426327,0.624732736961464
Scanlon mug,neither,0.03945320844208391,0.33037608806864915,0.630170703489267
The mug!!!! Oh please!!!!!,neither,0.0432884763263942,0.27008664703132734,0.6866248766422786
Bidet from Idaho,neither,0.04066490145509902,0.30981049537100724,0.6495246031738937
was the scanlan's cup?,neither,0.03823362868251862,0.3130642646964269,0.6487021066210545
Liam sold the crap out of that,neither,0.03316503098202907,0.3600563211019283,0.6067786479160426
they have both mugs! Its sam messing with us.,neither,0.04639212888488676,0.3575960884696108,0.5960117826455025
Why is the audio so quiet?,neither,0.03484597291660288,0.36333919768894407,0.6018148293944531
sam such a troll,neither,0.039677406522930794,0.3265708615263117,0.6337517319507576
WHY IS THE MUG THERE,neither,0.03433994590293416,0.2890337717773667,0.6766262823196991
Big Mug FTW!,neither,0.02698498380659826,0.37971844060346543,0.5932965755899363
"awk im late, someone PM me what I missed or what sam did :D",neither,0.040395282269782055,0.36403899239360765,0.5955657253366103
"both sams mugs are there, which means scanman is most likely making a cameo",neither,0.05782826131370718,0.27570513776615113,0.6664666009201416
Bidet from the 9th layer of hell,offensive_language,0.04093374913988234,0.6211256829698321,0.3379405678902857
BIG MUG!!!!,neither,0.023761835574033704,0.39501580807410414,0.5812223563518623
Both Mugs PogChamp,neither,0.03945320844208391,0.33037608806864915,0.630170703489267
SCANLAN?!?!?!,neither,0.03945320844208391,0.33037608806864915,0.630170703489267
SCANLAN!,neither,0.03945320844208391,0.33037608806864915,0.630170703489267
Sam of the LA Traffic,neither,0.03871011804001886,0.3168409427183914,0.6444489392415899
FYI - Reminder today in game they jump ahead a year,neither,0.03828286197872347,0.2947835364705875,0.6669336015506889
WHAT,neither,0.057770773616808734,0.3180719994247239,0.6241572269584672
4 cups OwO ??,neither,0.03945320844208391,0.33037608806864915,0.630170703489267
LOL,neither,0.020706217963973744,0.4882283491876925,0.4910654328483337
Big mug and small mug!!!,neither,0.030154738839383473,0.3423784567254273,0.6274668044351892
Time,neither,0.036668274527354654,0.377643684699956,0.5856880407726893
BIG MUG BOIS,neither,0.02680923960126521,0.38052010096545286,0.592670659433282
Scanlan's mug is back!,neither,0.04816456976848439,0.32737985144377757,0.624455578787738
gandsTrinketArmor,neither,0.03945320844208391,0.33037608806864915,0.630170703489267
All mugs,neither,0.041581534396601456,0.41502748495485636,0.5433909806485423
gandsSCANLAN gandsSCANLAN gandsSCANLAN gandsSCANLAN,neither,0.03945320844208391,0.33037608806864915,0.630170703489267
BIG MUG HYPE,neither,0.026109142792138954,0.38374926038159757,0.5901415968262634
o god the tankard!,neither,0.03787558888030183,0.3008815747844735,0.6612428363352246
mangoTEAM mangoBEER,neither,0.03945320844208391,0.33037608806864915,0.630170703489267
The big mug,neither,0.023519342550083634,0.3766015656317487,0.5998790918181677
I wish I could get one....maybe next paycheck. :(,neither,0.037534221367927105,0.3779487843849324,0.5845169942471404
Scanlan must be back becasue his mug is the right size!,neither,0.06429889273177056,0.3221111645246764,0.613589942743553
2 mugs,neither,0.03945320844208391,0.33037608806864915,0.630170703489267
big mug AND small mug?,neither,0.030154738839383473,0.3423784567254273,0.6274668044351892
BOTH MUGGGSSSS,neither,0.03945320844208391,0.33037608806864915,0.630170703489267
Scanlan mug!,neither,0.03945320844208391,0.33037608806864915,0.630170703489267
bidet and beep beep,neither,0.03763944115734239,0.1918412352459551,0.7705193235967025
Both mugs are on the table,neither,0.05510347127371364,0.29310527800662195,0.6517912507196645
just got my shirt!!!,offensive_language,0.021587682692515462,0.5081941806029694,0.47021813670451507
Scanlan?,neither,0.03945320844208391,0.33037608806864915,0.630170703489267
oh snap that is scanlins mug,neither,0.047292610105133644,0.32152552545808083,0.6311818644367855
Don't you fùcking mess with my emotions sam... bringing out that goddamn mug,neither,0.03026898801122697,0.45230898652034657,0.5174220254684264
SCANLAN!!!,neither,0.03945320844208391,0.33037608806864915,0.630170703489267
Big Mug!!!,neither,0.023761835574033704,0.39501580807410414,0.5812223563518623
BIG STIEN IS BACK!!!!! SCANLAN!!!!!!!,neither,0.025653474136143464,0.41787154060301174,0.5564749852608447
MUG SIGHTED,neither,0.03945320844208391,0.33037608806864915,0.630170703489267
SCANLAN'S CUP,neither,0.03945320844208391,0.33037608806864915,0.630170703489267
The mug!!!!?!?!!,neither,0.03843498882663835,0.31168514531390124,0.6498798658594604
YAS,neither,0.03945320844208391,0.33037608806864915,0.630170703489267
Laura and Ash whispering about ya Brian ;),neither,0.02817768318879494,0.4846833697304676,0.48713894708073746
Scanlan's mug is back!,neither,0.04816456976848439,0.32737985144377757,0.624455578787738
BIDEEEEEEEEETTTTTT,neither,0.03945320844208391,0.33037608806864915,0.630170703489267
SCANLAN MUG,neither,0.03945320844208391,0.33037608806864915,0.630170703489267
"There are TWO mugs in Sam's spot, I bet its a troll",neither,0.04885514952964705,0.27573734393286486,0.675407506537488
is sam running late again,neither,0.044505908401062035,0.3538617829841065,0.6016323086148314
Sam's definitely trolling everyone,neither,0.03475955966094402,0.4100395573318019,0.555200883007254
Sam will be playing both!,neither,0.04120106888013742,0.31157402844406695,0.6472249026757958
shirt has been ordered!,neither,0.03952714184955684,0.3291212451930154,0.6313516129574277
BY GAWD THAT'S SHORTHALTS TANKARD,neither,0.03643680303775714,0.4263129664939647,0.5372502304682781
BOTH MUGS!,neither,0.03945320844208391,0.33037608806864915,0.630170703489267
Signal boost!,neither,0.03945320844208391,0.33037608806864915,0.630170703489267
Sam multi player,neither,0.03476300401640185,0.409981097630631,0.5552558983529672
Where is Sam tho this is fishy,neither,0.05003302159087963,0.3103203071341428,0.6396466712749775
I'm here! What did I miss?,neither,0.09210731737555805,0.28525387916979394,0.6226388034546481
THE MUG?!?!,neither,0.03843498882663835,0.31168514531390124,0.6498798658594604
Either Sam is late or is showing up dressed up,neither,0.045836322657775916,0.3904920085401776,0.5636716688020464
It's not a giant mug....it's a mug that is proportionate to a gnome as a big pint-r would be!,neither,0.0328483131612151,0.3935737205619671,0.5735779662768179
Why is the big mug here,neither,0.04797543762859814,0.35212749441215274,0.5998970679592492
shirts out on store,neither,0.056091412981459664,0.35037917883314795,0.5935294081853925
got the shirt and die preordered woot,neither,0.1440332703565136,0.16239188650730257,0.6935748431361837
"Guys.. I think we are going to get a Tary , Scanlan Conversation... Dat Mug",neither,0.05979295915891517,0.3186524478920092,0.6215545929490757
ordered.,neither,0.03945320844208391,0.33037608806864915,0.630170703489267
MISSING TORCHES?!,neither,0.03945320844208391,0.33037608806864915,0.630170703489267
AHHH,neither,0.03945320844208391,0.33037608806864915,0.630170703489267
what does it mean! where is sam!,neither,0.03686569955294136,0.4138177760771357,0.549316524369923
OFF CENTER AHHHHH WutFace WutFace WutFace WutFace WutFace WutFace WutFace WutFace,neither,0.03945320844208391,0.33037608806864915,0.630170703489267
sam is clearly trolling,neither,0.04631397641335831,0.3280163553586788,0.625669668227963
T-shirt ordered!,neither,0.03945320844208391,0.33037608806864915,0.630170703489267
gandsSCANLAN gandsSCANLAN,neither,0.03945320844208391,0.33037608806864915,0.630170703489267
"both mugs are there, the suspense",neither,0.06111327192338315,0.24149965560166478,0.697387072474952
is the mug a spoiler PogChamp,neither,0.04766640742991612,0.3094440240255625,0.6428895685445215
"Theres a space next to Talesin, Who is the Guest ???????",neither,0.04906120848736905,0.3651656741610095,0.5857731173516215
Oh look! Sam's late... again.,neither,0.04385822896217564,0.3142798834271843,0.6418618876106399
Sam is such a troll LUL,neither,0.04544106246359327,0.3254153115654318,0.6291436259709748
I wouldn't put it past him to have it there just to mess with you all.,neither,0.044977852981696854,0.4188845706071933,0.5361375764111099
"heyyyyy, home in time for live!",neither,0.03638092948791622,0.3183096242261321,0.6453094462859515
the big mug is on the table,neither,0.029022439063763363,0.3616743664525252,0.6093031944837115
aw the sconces :(,neither,0.038215876222912545,0.3075096453319408,0.6542744784451466
yeah! critical thursday!!!!,neither,0.025215262271851075,0.428048831058078,0.546735906670071
gandsOwl Ashley!,neither,0.03945320844208391,0.33037608806864915,0.630170703489267
"Shirt ordered, so stoked!",neither,0.03941543264620343,0.36688871272386764,0.5936958546299289
SAM MASTER TROLL,neither,0.03945320844208391,0.33037608806864915,0.630170703489267
Excuse me while I go spend some more money :P,neither,0.030216399482185297,0.366542062973778,0.6032415375440368
HOTLANTA!,neither,0.03945320844208391,0.33037608806864915,0.630170703489267
got my shirt,offensive_language,0.024188455231656133,0.5019629575518297,0.473848587216514
"Sam really knows how to work the crowd. That mug is just a golden detail, nobody can be certain of what he's gonna do.",neither,0.04332379643270083,0.42799087194022056,0.5286853316270786
that mug is just a troll i bet,neither,0.03865846435491527,0.37516780729606874,0.586173728349016
