text,top_class,hate_speech,offensive_language,neither
Bidet from California! Finally caught up on all the CR episodes and look forward to watching it live for the first time!,neither,0.04259727763591536,0.337725271119461,0.6196774512446235
bidet!,neither,0.03945320844208391,0.33037608806864915,0.630170703489267
Bidet from Illinois,neither,0.04069404815304118,0.30931579984010865,0.6499901520068502
Woo woo FrankerZ,neither,0.03945320844208391,0.33037608806864915,0.630170703489267
"Bidet from German! Just woke up early, to cook my breakfast and watch the live.",neither,0.037755943504439046,0.3572828546470917,0.6049612018484692
pre-stream is staaarting,neither,0.04710798149905617,0.32774326060012565,0.6251487579008181
Did someone say Texas,neither,0.03945320844208391,0.33037608806864915,0.630170703489267
"Bidet from Milwauke, WI.",neither,0.040737273169946825,0.30858215849491494,0.6506805683351382
Texas Hype!!!,neither,0.03945320844208391,0.33037608806864915,0.630170703489267
Art!,neither,0.03945320844208391,0.33037608806864915,0.630170703489267
bidet from texas,neither,0.040937266849991,0.30518774380265185,0.6538749893473571
"!clock CRITICAL ROLE at 7 pm Pacific as usual,",neither,0.037828069749192145,0.3639847955842896,0.5981871346665182
It is currently 6:42 PM at the Geek & Sundry studio in California.,neither,0.051991185132496114,0.32955794337183575,0.6184508714956681
REFRESH NOW,neither,0.03945320844208391,0.33037608806864915,0.630170703489267
REFRESH,neither,0.03945320844208391,0.33037608806864915,0.630170703489267
"One year has passed, Vox Machina is legend, the whole group rolls new characters.",neither,0.04496014613318316,0.28582809284249117,0.6692117610243258
REFRESH,neither,0.03945320844208391,0.33037608806864915,0.630170703489267
no fake.. Texas hype like a MF.,neither,0.04715149357106218,0.35415317571276317,0.5986953307161746
Bidet from Hawaii. Be pleased,neither,0.040723071547400645,0.3185391020804167,0.6407378263721828
gandsSubHype for Gulf Coast,neither,0.03427790899524726,0.3045224703883994,0.6611996206163534
Houston Hype!!!,neither,0.03945320844208391,0.33037608806864915,0.630170703489267
omg terry and gilmore,neither,0.03826453217628742,0.2659081385305266,0.695827329293186
CritRole HYPE!,neither,0.03945320844208391,0.33037608806864915,0.630170703489267
gandsSubHype gandsSubHype gandsSubHype gandsSubHype gandsSubHype gandsSubHype gandsSubHype gandsSubHype,neither,0.03945320844208391,0.33037608806864915,0.630170703489267
Beep Beep,neither,0.03945320844208391,0.33037608806864915,0.630170703489267
Texas here,neither,0.11413007609617151,0.2757115459036424,0.610158378000186
"screen just flashed, fanart? hitting reload",neither,0.03480993773642346,0.3523126574575765,0.612877404806
There they go!,neither,0.04112102663292296,0.27029471795799376,0.6885842554090834
HYPE,neither,0.03945320844208391,0.33037608806864915,0.630170703489267
BIDET FROM WISCONSIN,neither,0.04071751644889743,0.3089174816120565,0.6503650019390461
Hello from New York,neither,0.04374059246752254,0.23048422441654842,0.725775183115929
"Bees knees from the Netherlands, 3:43 am",neither,0.03940973778884735,0.3090044997820474,0.6515857624291052
wouldn't elves have a very low birth rate if I remember my lore correctly because of their long life span?,neither,0.026023194569230815,0.4158904865503589,0.5580863188804105
Bidet from Sydney Australia!,neither,0.04031924518627951,0.315677184343852,0.6440035704698686
refreesh for art,neither,0.03209595222309819,0.29367401618898725,0.6742300315879145
Fan art ahead!,neither,0.03945320844208391,0.33037608806864915,0.630170703489267
need more 1shots,neither,0.042412164058580164,0.31087707204257947,0.6467107638988403
re fresh!!!!,neither,0.06701282653402944,0.2901111079904068,0.6428760654755639
Earliest I've ever been :P,neither,0.014704851048117744,0.3131389389404981,0.6721562100113841
Drono that would be hilarious!!! They just make snide comments about ach other the entire time lol!,neither,0.02950858839571851,0.4054891494622762,0.5650022621420053
Ogod.,neither,0.03945320844208391,0.33037608806864915,0.630170703489267
Bidet from Austria! <3,neither,0.04228451509352876,0.2823214250720796,0.6753940598343917
I'm from Texas. sbzyOmg,neither,0.040937266849991,0.30518774380265185,0.6538749893473571
its 8:43 here in okie,neither,0.0754442705579507,0.2959578504163138,0.6285978790257354
Tary and Gilmore's now my headcanon.,neither,0.020189297664909397,0.40824223186610387,0.5715684704689867
Hehehehe,neither,0.03945320844208391,0.33037608806864915,0.630170703489267
"the CRIT ART lead in has begun , If you do not have taht REFRESH",neither,0.03485307474707177,0.38841808675514194,0.5767288384977863
Bidet from Bidet,neither,0.04228451509352876,0.2823214250720796,0.6753940598343917
ima play Diablo 3 while i wait,neither,0.03945320844208391,0.33037608806864915,0.630170703489267
rakshassa!!! love it,neither,0.030831260484157012,0.3601344986151421,0.609034240900701
"beep beep from london, england",neither,0.04038434874462851,0.31457220705192124,0.6450434442034502
YES,neither,0.03945320844208391,0.33037608806864915,0.630170703489267
gandsSubHype gandsSubHype gandsSubHype gandsSubHype gandsSubHype gandsSubHype gandsSubHype,neither,0.03945320844208391,0.33037608806864915,0.630170703489267
Hiii Crappers!,neither,0.03945320844208391,0.33037608806864915,0.630170703489267
Bidet,neither,0.03945320844208391,0.33037608806864915,0.630170703489267
TARY AND GILMORE,neither,0.03763944115734239,0.1918412352459551,0.7705193235967025
"Bidet from Brisbane, Australia!!",neither,0.04062582848913359,0.31047366557575606,0.6489005059351104
Florida were its 9 43 at nigth,neither,0.03421748661379687,0.33396032039040996,0.6318221929957932
Bidet from Australia!!,neither,0.04062582848913359,0.31047366557575606,0.6489005059351104
@Edgewen saaaame,neither,0.03945320844208391,0.33037608806864915,0.630170703489267
its 2:43 AM in london,neither,0.03458587740215079,0.3320501864076797,0.6333639361901695
TSM,neither,0.03945320844208391,0.33037608806864915,0.630170703489267
I hope Tary/Gilmore happens!,neither,0.151660407404016,0.175228801242633,0.673110791353351
"Man this is my first time actually staying up for this, I'm excited",neither,0.026799340079326946,0.4462837286338609,0.526916931286812
Bidet my fine peoples!,neither,0.02849297917151627,0.415476073884802,0.5560309469436818
It seems like there are a lot of Texans watching,neither,0.06601344827110282,0.2771702847051287,0.6568162670237684
imma play transistor while i wait,neither,0.03945320844208391,0.33037608806864915,0.630170703489267
Bidet from saskatchewan canada,neither,0.04071751644889743,0.3089174816120565,0.6503650019390461
bidet from North Aurora,neither,0.04040057148408362,0.31429686482539193,0.6453025636905245
finally caught up watching on youtube. 1st time for live,neither,0.034143674841966634,0.36143347800733494,0.6044228471506984
has it started yet???,neither,0.03835165097085306,0.32355061781166217,0.6380977312174848
bidet from Oregon,neither,0.04071751644889743,0.3089174816120565,0.6503650019390461
!critmusic,neither,0.03945320844208391,0.33037608806864915,0.630170703489267
The Critical Role theme song is written by Jason Charles Miller (bit.ly/CRsong ). The fan art music is Twin Elms from the Pillars of Eternity Soundtrack (youtu.be/WYMLvmilS24 ),neither,0.04451672980050135,0.3243004653192533,0.6311828048802453
Bidet from Chicago.,neither,0.04078317879478948,0.307803020237201,0.6514138009680096
TSM,neither,0.03945320844208391,0.33037608806864915,0.630170703489267
If they hadn't gone to the 9 Hells to kill Hotus I honestly think He would have killed Scanlan and posed as him to attack the group.,neither,0.12419628984824145,0.27890952958179693,0.5968941805699616
"after months, ive finally caught up on critical role, and i dont think i could have caught up at a more perfect time,",neither,0.035758630666443414,0.3745267893023382,0.5897145800312186
It's 11.43am in Sydney,neither,0.03813564421405812,0.33082925882436875,0.6310350969615731
first live watch 4 me,neither,0.03352308486568664,0.37256839576354983,0.5939085193707634
Time for crochet with Crit Role! Anyone else crafting while the show is on?,neither,0.03825041837808828,0.29860410038355306,0.6631454812383586
Bidet from Edinburgh,neither,0.04228451509352876,0.2823214250720796,0.6753940598343917
Bidet from Toronto! May Vox Machina start in a good place!,neither,0.04311702268217827,0.2595107037251558,0.697372273592666
!wallet,neither,0.03945320844208391,0.33037608806864915,0.630170703489267
gandsSubHype gandsSubHype gandsSubHype,neither,0.03945320844208391,0.33037608806864915,0.630170703489267
Bidet from Central Illinois,neither,0.04038434874462851,0.31457220705192124,0.6450434442034502
"wait, is there a fresh episode tonight? I thought they were restarting next week.",neither,0.04439526055973569,0.23050095984042948,0.7251037795998347
Bidet from oklahoma,neither,0.04066490145509902,0.30981049537100724,0.6495246031738937
I hate that I can't watch all of it till monday,neither,0.19539462475825603,0.34356447629063047,0.46104089895111355
Thank you nightbot,neither,0.07325166854587051,0.43632638485078484,0.49042194660334476
!wallet,neither,0.03945320844208391,0.33037608806864915,0.630170703489267
A whole new dodie. Or how ever you spell it.,neither,0.056055749561041875,0.2893270927293402,0.6546171577096179
Bidet from Bethlehem PA,neither,0.04069404815304118,0.30931579984010865,0.6499901520068502
TSM,neither,0.03945320844208391,0.33037608806864915,0.630170703489267
Who here helped vote for the new NPC in this upcoming arc?,neither,0.060346556357797156,0.2678242240879063,0.6718292195542965
yay!!!!!!!!!,neither,0.03945320844208391,0.33037608806864915,0.630170703489267
gandsTrinketArmor,neither,0.03945320844208391,0.33037608806864915,0.630170703489267
"The art lead in has started, so you should refresh if you aren't seeing it.",neither,0.05052080738259079,0.45612251455496483,0.4933566780624444
Just finished the last video today first ever live CR so excited!,neither,0.03668351597556494,0.2927469020440084,0.6705695819804266
omgomgomg thisis the first time i get to watch live!!!!!!,neither,0.04554301259264902,0.33720918966618313,0.617247797741168
"Ontario, are you with me?! gandsTrinket",neither,0.05824258867498654,0.4121590930023512,0.5295983183226622
Bidet from Scotland :D,neither,0.04062582848913359,0.31047366557575606,0.6489005059351104
What song is this?,neither,0.05996683045653229,0.33256274023851656,0.6074704293049512
I can finally watch CR i dont work until 10,neither,0.04329298605520589,0.32605244832022495,0.6306545656245692
thanks for the update to refresh,neither,0.03770397139141523,0.2839342201883374,0.6783618084202474
!wheniscr,neither,0.03945320844208391,0.33037608806864915,0.630170703489267
"the CRIT ART lead in has begun , If you do not have that REFRESH @Gummybag",neither,0.03267779876789417,0.4129126932116569,0.554409508020449
yes im crafting this beer down my throat,neither,0.06281596248599874,0.41704887683742253,0.5201351606765788
"sort of crafting, writing a dissertation.",neither,0.03945320844208391,0.33037608806864915,0.630170703489267
2nd live stream! only recently caught up! YAY! :D,neither,0.0404465048276944,0.3596589247777695,0.5998945703945361
bidet from the dick of the us,offensive_language,0.13719816891641617,0.800722155804607,0.062079675278976836
PunOko,neither,0.03945320844208391,0.33037608806864915,0.630170703489267
Welcome emer!,neither,0.03945320844208391,0.33037608806864915,0.630170703489267
@LauraDryad i'm painting some d&d chibis! ^u^ good luck w/ ur crocheting!!,neither,0.048614109241902854,0.335916240761507,0.6154696499965902
HYPE HYPE HYPE! Woop woop!,neither,0.03945320844208391,0.33037608806864915,0.630170703489267
ooooh fan art,neither,0.03945320844208391,0.33037608806864915,0.630170703489267
gotta cool down this room so i can stay awake,neither,0.03829905794516105,0.38035589250912133,0.5813450495457176
gandsRaid,neither,0.03945320844208391,0.33037608806864915,0.630170703489267
Bidet Critters! gandsSubHype,neither,0.03945320844208391,0.33037608806864915,0.630170703489267
bidet from Brazil,neither,0.04079557052152802,0.30759270029461827,0.6516117291838538
sixty days with this username,neither,0.03124451805763368,0.35912102204104185,0.6096344599013245
isn't meant to start up for another 15,neither,0.07100605333244019,0.28664398272653413,0.6423499639410257
It's been a long journey,neither,0.036746486073593966,0.33600135398478664,0.6272521599416194
eyespliced nope tonights the night of the time skip. they only took 1 week off,neither,0.03317181019845326,0.3226298659020367,0.64419832389951
"Bidet from Opp,Alabama",neither,0.04040974714285343,0.31414112994950705,0.6454491229076396
drink the 5 year oldcoffee,neither,0.03835479642656407,0.3101645919545862,0.6514806116188497
YAYYY,neither,0.03945320844208391,0.33037608806864915,0.630170703489267
LET THE GAMES BEGIN! sooo looking forward to today's episode,neither,0.03220480433194325,0.3245946021193608,0.6432005935486959
First live CR!,neither,0.03649764166815026,0.3313926430115001,0.6321097153203495
bidet peeps,neither,0.03945320844208391,0.33037608806864915,0.630170703489267
That's my art TuT I'm so happy,offensive_language,0.02554912238330761,0.49607394224369955,0.47837693537299286
Bidet from Texas!,neither,0.040937266849991,0.30518774380265185,0.6538749893473571
bidet from PA,neither,0.04069404815304118,0.30931579984010865,0.6499901520068502
UK critters?,neither,0.03945320844208391,0.33037608806864915,0.630170703489267
@randymans im dead,neither,0.038161488408724464,0.37935129248927674,0.582487219101999
Bidet from the Florida keys!,neither,0.0395760200605727,0.29805869076639957,0.6623652891730276
y'all here?,neither,0.19090061323630667,0.3760085022457555,0.4330908845179378
@LauraDryad I'm doing some embroidery during the show,neither,0.04340140740523869,0.2527391254329517,0.7038594671618096
refresh folks,neither,0.03945320844208391,0.33037608806864915,0.630170703489267
BIDET,neither,0.03945320844208391,0.33037608806864915,0.630170703489267
Woot! I can watch it live now!,neither,0.04698507553612888,0.32407620348366517,0.628938720980206
BIDEEEET,neither,0.03945320844208391,0.33037608806864915,0.630170703489267
We have a subscriber-only Discord server! Join here: https://discord.gg/geekandsundry (you'll need to sub and link it to your Twitch) and be a part of the fun!,neither,0.09599275848176793,0.2819530604707182,0.6220541810475139
Kreygasm,neither,0.03945320844208391,0.33037608806864915,0.630170703489267
Uk here,neither,0.10451085942188715,0.28138818202638227,0.6141009585517305
15 MINS TILL SUB ONLY MODE,neither,0.03945320844208391,0.33037608806864915,0.630170703489267
Bidet from NYC,neither,0.04081748366884477,0.3072207769958956,0.6519617393352596
yup,neither,0.03945320844208391,0.33037608806864915,0.630170703489267
Welcome Addict!,neither,0.03945320844208391,0.33037608806864915,0.630170703489267
Bidet from the Quad Cities,neither,0.039557575977768565,0.30256119263049763,0.6578812313917339
1 year into the future... how is everyone?,neither,0.0398855738082038,0.40073586537684747,0.5593785608149487
UK in da house,neither,0.07402395122825774,0.4500264338865879,0.47594961488515425
Beep beep,neither,0.03945320844208391,0.33037608806864915,0.630170703489267
Bidet from Columbus!,neither,0.040737273169946825,0.30858215849491494,0.6506805683351382
Should we come up with a drinking game for tonight?,neither,0.028863886166967577,0.36681960509457895,0.6043165087384536
Bidet from NoVA!,neither,0.04228451509352876,0.2823214250720796,0.6753940598343917
gandsSubHype gandsSubHype gandsSubHype gandsSubHype gandsSubHype,neither,0.03945320844208391,0.33037608806864915,0.630170703489267
Bidet from the beaches of FL!,neither,0.03959124664375639,0.2944180068432123,0.6659907465130314
Bidet from SC :D,neither,0.040737273169946825,0.30858215849491494,0.6506805683351382
Bidet from Georgia,neither,0.04066490145509902,0.30981049537100724,0.6495246031738937
it 2;45 am here and i am so hyped,neither,0.06445610042569622,0.3085476639574365,0.6269962356168672
@feeltheblurn you're welcome,neither,0.10626763448287628,0.35096606821718634,0.5427662972999374
my first live critical role!! so excited!! :0,neither,0.029812738517069556,0.4211407059906198,0.5490465554923106
Aaaa the fanart is here,neither,0.20448392803428503,0.21312392423911247,0.5823921477266024
bidet from england,neither,0.04071751644889743,0.3089174816120565,0.6503650019390461
"Bidet from Tyler, Texas!",neither,0.040502252076286216,0.3125710798105141,0.6469266681131998
finally watching lice from Pennsylvania,neither,0.04019196908748043,0.3178373919046214,0.6419706390078982
OOOH was that old evil keyleth,neither,0.03627383881391069,0.36543598253688464,0.5982901786492046
bidet from Dis,neither,0.041132039720542204,0.30188193987271156,0.6569860204067463
Bidet from Cleveland Ohio,neither,0.040441658194854284,0.3135995161158431,0.6459588256893026
"@addicted2critrole, welcome! its a good one to start on :)",neither,0.03552835741578157,0.369954472388929,0.5945171701952894
@1cirocloudc older :P,neither,0.03945320844208391,0.33037608806864915,0.630170703489267
live haha,neither,0.0396364582385547,0.4225597453354661,0.5378037964259793
yes all the pets,neither,0.04012520215799573,0.38257211524863627,0.577302682593368
#freedenise,neither,0.03945320844208391,0.33037608806864915,0.630170703489267
MI,neither,0.03945320844208391,0.33037608806864915,0.630170703489267
Bidet from PA,neither,0.04069404815304118,0.30931579984010865,0.6499901520068502
Im so freaking excited for tonight,neither,0.03225833542731032,0.3466886808104255,0.6210529837622643
@hatoprettybird YAY! :D,neither,0.03945320844208391,0.33037608806864915,0.630170703489267
"Bidet from Orlando, FL",neither,0.040334677536117594,0.315415257091876,0.6442500653720065
hugs @Impossiblegirl11 hey,neither,0.03945320844208391,0.33037608806864915,0.630170703489267
Love for the night n subs gandsLessthanthree gandsGandsVaxSigil,neither,0.025456563972513117,0.3020920220412054,0.6724514139862814
Dis is fine,neither,0.05003924369340029,0.3267350651166966,0.623225691189903
Bidet from Portland OR.,neither,0.040570124267008914,0.3114191116016469,0.6480107641313441
"@treadlock, Bidet from Columbus as well!",neither,0.03851021732522768,0.3463811083324062,0.6151086743423662
Barely awake in the UK,neither,0.03874180256523941,0.31742904665973304,0.6438291507750274
Bidet from Logan UT for the last time.....,neither,0.03460343953323429,0.2998016375489363,0.6655949229178293
"BIDET from Colorado springs, Co",neither,0.040316431457274274,0.31572494066831835,0.6439586278744075
bidet from florida,neither,0.0408948396164547,0.30590784468201904,0.6531973157015263
So hype,neither,0.03940828253961077,0.39264520971988554,0.5679465077405037
what i miss,neither,0.036306666459524344,0.32819641805645544,0.6354969154840202
i'm so hyped about the timeskip!,neither,0.036753948641668914,0.3864856453906801,0.576760405967651
"Bidet from Nova Scotia, Canada",neither,0.04071751644889743,0.3089174816120565,0.6503650019390461
beep beep from us base in japan,neither,0.07293410867292664,0.30994922087608523,0.6171166704509882
diemHey diemHey,neither,0.03945320844208391,0.33037608806864915,0.630170703489267
gandsLessthanthree gandsLessthanthree gandsLessthanthree to all the Crafty Critters out there!,neither,0.041668225030988604,0.3479787306368863,0.6103530443321251
"Bidet from Delray Beach, FL!",neither,0.04039617012658628,0.31437156734874944,0.6452322625246643
All aboard the hype-train! Choo Choo!,neither,0.03977957585461721,0.3568321363253779,0.6033882878200048
yay metal ashley and kid crit role,neither,0.03870175537078403,0.3093460019034334,0.6519522427257826
oh man the one shot art is great!,neither,0.04673528639254234,0.32684990717576706,0.6264148064316906
Bidet from Portugal,neither,0.04062582848913359,0.31047366557575606,0.6489005059351104
"Help G&S make great content! $4.99/month gets you emotes, Minecraft server access, Sub Only Q&As, VODs, and more! Every sub keeps the channel alive! twitch.tv/geekandsundry/subscribe",neither,0.043092924924402844,0.32365565443818894,0.6332514206374082
!clock,neither,0.03945320844208391,0.33037608806864915,0.630170703489267
It is currently 6:46 PM at the Geek & Sundry studio in California.,neither,0.05188962470415607,0.32956799778566287,0.618542377510181
"a year out is a great idea from Matt, he's the King",neither,0.04394765540152409,0.300319670802931,0.6557326737955449
"Holy Crap, I'm caught up and can watch live!!",neither,0.04423740840308913,0.3310756196043974,0.6246869719925134
dad is that you?,neither,0.07474224834801697,0.45704241483795427,0.46821533681402877
@cyberwraithe666 where in PA,neither,0.041514311908926134,0.29539378318492343,0.6630919049061504
beep beep from missouri !!,neither,0.04071751644889743,0.3089174816120565,0.6503650019390461
"Bidet to all from LI, NY.",neither,0.04835819357701553,0.373830490765139,0.5778113156578454
gandsSCANLAN gandsSCANLAN gandsGandsBeardedMen gandsDrink gandsMatt,neither,0.03945320844208391,0.33037608806864915,0.630170703489267
cant wait for the 1 year skip,neither,0.034089723348124,0.29486852156963117,0.6710417550822448
also bidet from sydney aus,neither,0.040458140240453855,0.3133197727873071,0.646222086972239
YES IT IS STARTING,neither,0.04693489617045574,0.32780279258156336,0.6252623112479809
Bidet~,neither,0.03945320844208391,0.33037608806864915,0.630170703489267
whats bidet??? :/,neither,0.03945320844208391,0.33037608806864915,0.630170703489267
Bidet from Tasmania! :D,neither,0.04228451509352876,0.2823214250720796,0.6753940598343917
"So, when will VM fight a Tarraske (Tarrasque?)",neither,0.02908518916880165,0.41924229229244014,0.5516725185387581
"Bidet from Albany, NY!!!",neither,0.04084513770590474,0.30675141581570226,0.6524034464783931
@uncle_tambour OMG! a LOCAL! :D,neither,0.03945320844208391,0.33037608806864915,0.630170703489267
bidet from mckinney tx!!!!,neither,0.04081748366884477,0.3072207769958956,0.6519617393352596
"Bidet from Alberta, Canada!",neither,0.040354386843928725,0.3150807387011266,0.6445648744549448
My body is so ready,neither,0.03434729421773218,0.4685561559645198,0.497096549817748
Bidet,neither,0.03945320844208391,0.33037608806864915,0.630170703489267
Grats @Xvorpsm,neither,0.03945320844208391,0.33037608806864915,0.630170703489267
Bidet y'all,offensive_language,0.046917543854519406,0.6277741405869331,0.3253083155585475
bidet is a greeting,neither,0.081172750358939,0.3160268245287109,0.60280042511235
Bidet from Western Australia,neither,0.040334677536117594,0.315415257091876,0.6442500653720065
@RearmedDreamer im so pumped it's crazy!,neither,0.028695741605776027,0.4832907221608835,0.4880135362333405
I made it to the lives! Yes!,neither,0.043640727223999386,0.3111198273772573,0.6452394453987432
Hi chat c:,neither,0.03945320844208391,0.33037608806864915,0.630170703489267
Bidet from Columbus OH,neither,0.046217305438488294,0.25826826087262716,0.6955144336888845
"Bidet from Brisbane, Australia",neither,0.04062582848913359,0.31047366557575606,0.6489005059351104
also my art is gonna be on here ( ͡° ͜ʖ ͡°),neither,0.06590324408814503,0.4199798043431983,0.5141169515686567
Bidet from Brazil,neither,0.04079557052152802,0.30759270029461827,0.6516117291838538
Bidet from Hong Kong! <3,neither,0.040334677536117594,0.315415257091876,0.6442500653720065
they playing fifth edition right?,neither,0.03876953228522142,0.3437224414268813,0.6175080262878974
hi,neither,0.03945320844208391,0.33037608806864915,0.630170703489267
Bidet from Vegas,neither,0.040853311764050625,0.30661268071637476,0.6525340075195746
Bidet everyone,offensive_language,0.02988896790634741,0.4927062106388782,0.4774048214547744
hi,neither,0.03945320844208391,0.33037608806864915,0.630170703489267
"@Iwillgotohell2 Latter spelling, with a Q",neither,0.030186173588972614,0.3621416721941929,0.6076721542168345
Bidet from Philly!,neither,0.040769555981420263,0.3080342349327864,0.6511962090857933
bidet for indiana,neither,0.03188694897153883,0.2926383816066981,0.6754746694217632
"Bidet from Queensland, Australia!",neither,0.04062582848913359,0.31047366557575606,0.6489005059351104
@Iwillgotohell2 when Mercer decides he wants to start a new campaign xD,neither,0.04273489817876937,0.29804117181545353,0.6592239300057772
Bidet everybody!,neither,0.03945320844208391,0.33037608806864915,0.630170703489267
Bidet from Michgan,neither,0.04228451509352876,0.2823214250720796,0.6753940598343917
had to refresh for it,neither,0.03818767059223496,0.2993140690453713,0.6624982603623938
Bidet,neither,0.03945320844208391,0.33037608806864915,0.630170703489267
#freeDenise,neither,0.03945320844208391,0.33037608806864915,0.630170703489267
"Bidet from Houston, Texas!",neither,0.040553695508357114,0.31169795051161153,0.6477483539800314
"@RearmedDreamer No way! Ahaha, there are literally dozens of us!",neither,0.09763579816943233,0.26725429507552534,0.6351099067550425
!wallet,neither,0.03945320844208391,0.33037608806864915,0.630170703489267
eeeyy ezzareno! Brissy!,neither,0.03945320844208391,0.33037608806864915,0.630170703489267
Bidet from Massachusetts!,neither,0.04069404815304118,0.30931579984010865,0.6499901520068502
How long has it been running? I lost track of time,neither,0.03760972036985091,0.341831483938238,0.6205587956919111
Bidet from Pennsylvania!,neither,0.04069404815304118,0.30931579984010865,0.6499901520068502
Bidet!,neither,0.03945320844208391,0.33037608806864915,0.630170703489267
Bee day from Flo Rida,neither,0.04074132285048662,0.3032461901451776,0.6560124870043358
@hatoprettybird Bursting with anticipation XD,neither,0.01332993187238274,0.44459218524224076,0.5420778828853765
Protip: The vestages combine to form Machina Prime,neither,0.04359729099541087,0.31578379545000523,0.640618913554584
so pumped!!!!!!,neither,0.03940934168832202,0.38195233036853654,0.5786383279431415
Bidet!,neither,0.03945320844208391,0.33037608806864915,0.630170703489267
!anniversary,neither,0.03945320844208391,0.33037608806864915,0.630170703489267
"2 YEARS of streaming! Thank you to everybody who joined us for the 25-hours anniversary stream!! We raised an amazing 21500 $ for the awesome charity, 826LA! - visit 826la.org to learn more about the great things they do!",neither,0.0546832509875582,0.32091092978421815,0.6244058192282238
"@zero_numbers, a greeting that Grog misheard or mispronounced many episodes ago",neither,0.03615100493771274,0.3661980881268603,0.597650906935427
"damn this fan art is amazing, so much talent",offensive_language,0.04604535353656993,0.6693980733280431,0.28455657313538707
Hello Critters!,neither,0.03945320844208391,0.33037608806864915,0.630170703489267
Bidet from Canada!,neither,0.04071751644889743,0.3089174816120565,0.6503650019390461
Bidet and Beep Beep everyone!,neither,0.029752341624462542,0.4278807541485688,0.5423669042269688
HeyGuys have fun peeps,neither,0.03890963975933549,0.3396018672161089,0.6214884930245556
!commands,neither,0.03945320844208391,0.33037608806864915,0.630170703489267
I hope in that year Percy Secured Victor the Black Powder Merchant,neither,0.06877737126948488,0.2698600791361398,0.6613625495943753
WolfDenEntertainment -> The bot commands for this channel are available at https://beta.nightbot.tv/t/geekandsundry/commands,neither,0.04695462833040224,0.29561718809185006,0.6574281835777477
bidet from ohio,neither,0.040754399270683486,0.3082914838698526,0.650954116859464
"Bidet from Tacoma, WA!",neither,0.04071751644889743,0.3089174816120565,0.6503650019390461
when your watching live and trying to catch up on past episodes,neither,0.05258955220826055,0.36678456627487177,0.5806258815168678
"Bidet from Charlotte, Michigan!",neither,0.04041510871920598,0.31405013000620496,0.645534761274589
Bidet from Kansas City!,neither,0.04050054910234117,0.3125999837227694,0.6468994671748894
@Pheonix_7499 bidet from michigan here too!!,neither,0.09047828231828631,0.2776154103247181,0.6319063073569957
season 4 HYPE,neither,0.039724401891303794,0.3257732274768837,0.6345023706318125
Bidet from Memphis!,neither,0.040737273169946825,0.30858215849491494,0.6506805683351382
Bidet from *CURRENTLY UNDETERMINED*,neither,0.04080695066346891,0.3073995495860776,0.6517934997504536
pops into chat,neither,0.03945320844208391,0.33037608806864915,0.630170703489267
hey wheres the non sub live stream of this?,neither,0.04151530794238299,0.3206574977035167,0.6378271943541004
I can't wait to see how their characters will look like after the time skip,neither,0.05114819792594853,0.3210711176264808,0.6277806844475706
FIRST TIME EVER LIVE FROM THE UK!! Hi guys wherever you are in the world #critterlove,neither,0.06188869544018399,0.30986434771774457,0.6282469568420714
bidet and beep beep from Maryland :),neither,0.039665017157423446,0.26811748049299106,0.6922175023495856
@uncle_tambour <- Closet critter :P,neither,0.03945320844208391,0.33037608806864915,0.630170703489267
Ive got beer too!,neither,0.03798601551530633,0.3783137831101793,0.5837002013745143
HA! Got my new computer set up just in time for the stream!,neither,0.02620486180341225,0.378618760360087,0.5951763778365008
pops out of chat,neither,0.035324618478258116,0.3461946144768339,0.618480767044908
"Guys, who's ready for the one-year timeskip",neither,0.032802293523220824,0.37119640095393835,0.5960013055228408
RIP DOTY,neither,0.03945320844208391,0.33037608806864915,0.630170703489267
Doty v2.0 so much yes,neither,0.0343006809874984,0.3937984367995104,0.5719008822129912
I hope scanlan comes back,neither,0.08843264200601574,0.1944498428985762,0.7171175150954081
Bidet from NJ,neither,0.04069404815304118,0.30931579984010865,0.6499901520068502
"Okay, before it becomes subscription mode. I''d like to say, I'm glad that I found this stream. :)",neither,0.043267463272324246,0.3939891065772759,0.5627434301503997
"bidet from Bay Village, Ohio - BEEP BEEP",neither,0.04021990767212733,0.31736320120926764,0.642416891118605
Bidet from Indiana,neither,0.0408364874901429,0.30689823255244486,0.6522652799574122
the vex on the moon was epic,neither,0.03560155114505316,0.316668501014163,0.6477299478407837
I started watching CR about a month ago. I powered through all 94 Episodes in that time. Tonight will be the first time I watch this live. I really hope I can stay awake long enough. lol,neither,0.0445728601157204,0.3458098869634071,0.6096172529208725
Bidet from Wisconsin,neither,0.04071751644889743,0.3089174816120565,0.6503650019390461
Bidet bidet from NY!,neither,0.04084513770590474,0.30675141581570226,0.6524034464783931
hugs @GaeaCa,neither,0.03945320844208391,0.33037608806864915,0.630170703489267
CRITICAL ROLE!!!!!!!!!!!!!!!!,neither,0.03945320844208391,0.33037608806864915,0.630170703489267
bidet from Jacksonville,neither,0.04228451509352876,0.2823214250720796,0.6753940598343917
Heya,neither,0.03945320844208391,0.33037608806864915,0.630170703489267
FYI - Reminder today in game they jump ahead a year,neither,0.03828286197872347,0.2947835364705875,0.6669336015506889
cat flail!,neither,0.03945320844208391,0.33037608806864915,0.630170703489267
Maybe scanlan came back after a year?,neither,0.03945320844208391,0.33037608806864915,0.630170703489267
Bidet from Germany! :),neither,0.04069404815304118,0.30931579984010865,0.6499901520068502
Bidet from NJ,neither,0.04069404815304118,0.30931579984010865,0.6499901520068502
"oh, ashley...",neither,0.04535734983354261,0.27438591475104485,0.6802567354154126
bidet from Sydney,neither,0.04062582848913359,0.31047366557575606,0.6489005059351104
gandsSubHype gandsSubHype gandsSubHype gandsSubHype gandsSubHype gandsSubHype gandsSubHype,neither,0.03945320844208391,0.33037608806864915,0.630170703489267
Bidet from Baltimore,neither,0.04079557052152802,0.30759270029461827,0.6516117291838538
BIDET from Florida,neither,0.0408948396164547,0.30590784468201904,0.6531973157015263
@Eristasis Bidet from NYC!,neither,0.04081748366884477,0.3072207769958956,0.6519617393352596
Bidet from Maine!,neither,0.04069404815304118,0.30931579984010865,0.6499901520068502
Bidet from ottawa!,neither,0.04228451509352876,0.2823214250720796,0.6753940598343917
Also Bidet from Indiana!,neither,0.040581733051679815,0.31122208022926806,0.6481961867190521
Bidet from Seattle!,neither,0.040754399270683486,0.3082914838698526,0.650954116859464
"Bidet from Germany, jist woke up, my Eyes hurt because of the shining screen, but hell I am pumped :D",offensive_language,0.03288818525803193,0.562535739880889,0.4045760748610792
Bidet from Daytona beach,neither,0.04078317879478948,0.307803020237201,0.6514138009680096
Welcomes back all long time viewers and subs,neither,0.03890773678613002,0.3605939819683741,0.600498281245496
"I made a bowl of pop corn, and I'm ready to gently salt it with tears",neither,0.03620619452443942,0.31491399094819483,0.6488798145273659
WOW the 3rd gen pokemon sprite art is AMAZING,neither,0.04309474209735104,0.320389817884757,0.636515440017892
yay,neither,0.03945320844208391,0.33037608806864915,0.630170703489267
I have beer and I shall destroy you all,neither,0.05222539423900235,0.3956535548207274,0.5521210509402704
WOOOOOP LETS GOOO :D :D :D,neither,0.03868305123800957,0.34344766577192837,0.6178692829900622
Bidet From Texas!,neither,0.040937266849991,0.30518774380265185,0.6538749893473571
BIDET FROM North Dakota gandsCrit,neither,0.04038150078596344,0.3146205443430473,0.6449979548709892
Is Ashley in tonight???,neither,0.044701776575876435,0.30591489007678235,0.6493833333473413
"Rofl, the one shot art is great.",neither,0.04235705350628547,0.3212316033776223,0.6364113431160923
Bidet from RVA!,neither,0.04228451509352876,0.2823214250720796,0.6753940598343917
D'you think that Vax finally got married?,neither,0.04967451183000995,0.45419644846886364,0.49612903970112643
The art has started refresh if you don't see it.,neither,0.03410735703897305,0.3824678385065227,0.5834248044545042
bidet from Wichita ks,neither,0.04228451509352876,0.2823214250720796,0.6753940598343917
"@docpiche same here, first live CR!!",neither,0.07334940122163798,0.3068893420129526,0.6197612567654094
i farted,neither,0.03945320844208391,0.33037608806864915,0.630170703489267
bidet fron the bay area!,neither,0.038600581206860995,0.3147990853497711,0.6466003334433679
Ahhhhh I'm so excited for this episode !!!!!! Xoxo to all my critters,neither,0.032138491879609245,0.4431223206184111,0.5247391875019796
Bidet from Seattle too,neither,0.04034286842851424,0.31527623627137896,0.6443808953001068
bidet from Texas!,neither,0.040937266849991,0.30518774380265185,0.6538749893473571
I think Sam will think of a much more dramatic way for Scanlan to return,neither,0.03954067912065889,0.2826122211642373,0.6778470997151038
bidet from ontario,neither,0.04062582848913359,0.31047366557575606,0.6489005059351104
Bidet from West Virginia!!!,neither,0.040483118966379954,0.3128958186190612,0.646621062414559
Bidet from Ohio!,neither,0.040754399270683486,0.3082914838698526,0.650954116859464
@GaeaCa hi :),neither,0.03945320844208391,0.33037608806864915,0.630170703489267
@SinfulStork Ottawa hype,neither,0.03945320844208391,0.33037608806864915,0.630170703489267
@gaeaca holy sjit,neither,0.03945320844208391,0.33037608806864915,0.630170703489267
Bidet from North Dakota!!!,neither,0.04038150078596344,0.3146205443430473,0.6449979548709892
@Mantarayking yep!,neither,0.03945320844208391,0.33037608806864915,0.630170703489267
@Mantarayking yes,neither,0.03945320844208391,0.33037608806864915,0.630170703489267
Bidet Kent State,neither,0.10999726809168989,0.15936536843630217,0.730637363472008
now i have awful diarhea,neither,0.038849290176839316,0.3406261571309289,0.6205245526922317
10 more minutes >_>,neither,0.041508947512634495,0.319672266656705,0.6388187858306605
bidet from australia while it's not sub-only mode! HeyGuys,neither,0.03837720400470785,0.32234676160985837,0.6392760343854338
Bidet from Ohio,neither,0.040754399270683486,0.3082914838698526,0.650954116859464
Bidet from WA,neither,0.04071751644889743,0.3089174816120565,0.6503650019390461
More skinned cats.,neither,0.04418351013708776,0.18489621243661997,0.7709202774262923
break?,neither,0.03945320844208391,0.33037608806864915,0.630170703489267
Bidet from Copenhagen Denmark :),neither,0.04228451509352876,0.2823214250720796,0.6753940598343917
gandsGandsPoo gandsGandsPoo gandsGandsPoo gandsGandsPoo gandsGandsPoo gandsGandsPoo gandsGandsPoo gandsGandsPoo,neither,0.03945320844208391,0.33037608806864915,0.630170703489267
Bidet from South Texas,neither,0.04055978256544535,0.3115946372668712,0.6478455801676836
vex Percy marriage,neither,0.03945320844208391,0.33037608806864915,0.630170703489267
bidet,neither,0.03945320844208391,0.33037608806864915,0.630170703489267
yes fathom knight,neither,0.03945320844208391,0.33037608806864915,0.630170703489267
Bidet from Bristol,neither,0.04228451509352876,0.2823214250720796,0.6753940598343917
gandsMatt gandsMatt gandsMatt gandsMatt gandsMatt gandsMatt,neither,0.03945320844208391,0.33037608806864915,0.630170703489267
"Ashley's in for a while now, until filming starts again",neither,0.03422755780747991,0.3307443853884155,0.6350280568041046
bidet from Austin <3,neither,0.04086843745212,0.30635595831493706,0.6527756042329429
!countdown,neither,0.03945320844208391,0.33037608806864915,0.630170703489267
Welcomes all new viewers and subs! <3,neither,0.042998289747962826,0.2771746474816854,0.6798270627703518
Hey @GaeaCa :D,neither,0.03945320844208391,0.33037608806864915,0.630170703489267
FYI - Reminder today in game they jump ahead a year,neither,0.03828286197872347,0.2947835364705875,0.6669336015506889
Yo so many ottawans!,offensive_language,0.0398357961883973,0.5092887870325308,0.4508754167790719
Beep Beep from Toronto Canada!!,neither,0.040371808140217125,0.31478505383715205,0.6448431380226308
Bidet from KY,neither,0.04062582848913359,0.31047366557575606,0.6489005059351104
@wulfgaming101 not even started yet,neither,0.03711095873033618,0.35217552043116923,0.6107135208384946
bidet from Houston,neither,0.040875471929787875,0.3062365648703896,0.6528879631998226
wur dem crits and roles at,neither,0.03796664910128252,0.31458332977961184,0.6474500211191055
Bidet from Phillidelphia,neither,0.04228451509352876,0.2823214250720796,0.6753940598343917
"my gosh, longest 12 minutes ever",neither,0.031874138283211575,0.3870402752604393,0.5810855864563491
"Bidet from Denton, Texas!",neither,0.04042489113558478,0.3138840968701843,0.6456910119942308
Bidet from Minnesota. :) /,neither,0.04071751644889743,0.3089174816120565,0.6503650019390461
Double marriage!,neither,0.03945320844208391,0.33037608806864915,0.630170703489267
SO GLAD ASHLEY COULD MAKE IT!!!! Yes!!!!,neither,0.038336585009843424,0.36510488974638144,0.5965585252437752
Bidet from Dallas,neither,0.04081748366884477,0.3072207769958956,0.6519617393352596
Woot,neither,0.03945320844208391,0.33037608806864915,0.630170703489267
Bidet from Mississippi,neither,0.040754399270683486,0.3082914838698526,0.650954116859464
Wyrmwood,neither,0.03945320844208391,0.33037608806864915,0.630170703489267
"bidet from Fort Worth, TX!!",neither,0.040538671561945475,0.31195294609159274,0.6475083823464618
1st time streamer. Who,neither,0.038727994779936686,0.43588901189063267,0.5253829933294305
Bidet from Missouri,neither,0.04071751644889743,0.3089174816120565,0.6503650019390461
SouthFL critters we should totally have a meet up each Thursday :P,neither,0.04541100714308817,0.4030890302512581,0.5514999626056536
hello from ohio,neither,0.04047239611563269,0.3130778133806527,0.6464497905037146
