text,top_class,hate_speech,offensive_language,neither
omg wth matt lmao,neither,0.038635274269349776,0.34425856561803747,0.6171061601126129
what a great promo,neither,0.04282762970803383,0.3021342567165715,0.6550381135753945
lol Mercer,neither,0.020706217963973744,0.4882283491876925,0.4910654328483337
Kings and Things is still my favorite board game.,neither,0.035038709171793206,0.33935515252086457,0.6256061383073422
fake fire,neither,0.03945320844208391,0.33037608806864915,0.630170703489267
AHAHAHAHA Mercer,neither,0.03945320844208391,0.33037608806864915,0.630170703489267
omgosh Matt LOL,neither,0.03027887083479381,0.3981251484381287,0.5715959807270774
ooooooh wonderful setting,neither,0.03945320844208391,0.33037608806864915,0.630170703489267
"Wizards is a sorta co-op game in that although one person is the final one responsible for defeating the baddie, you still all must work together or the world is overwhelmed and you all lose. Plus you construct the board itself by playing 'islands' on an ocean mat, so each game is different.",neither,0.05563114139368484,0.3858872534885856,0.5584816051177296
"@CaptainMunden Hm. Modern art, high-quality minis. Maybe, maybe.",neither,0.03760249472323276,0.37430320526673316,0.588094300010034
shame that the US don't have free healthcare like we have in norway,neither,0.06613469384046106,0.3630075949043587,0.5708577112551801
oh my matt,neither,0.031973733756441025,0.37162931403351557,0.5963969522100434
YAYYYY,neither,0.03945320844208391,0.33037608806864915,0.630170703489267
Tali!,neither,0.03945320844208391,0.33037608806864915,0.630170703489267
that is Matt people :P,neither,0.08178935819369808,0.36596794026966023,0.5522427015366416
fire fire fire,neither,0.03945320844208391,0.33037608806864915,0.630170703489267
MATT,neither,0.03945320844208391,0.33037608806864915,0.630170703489267
"LOL, nice group",neither,0.03101850272387413,0.3920796097441879,0.576901887531938
Omg tal!,neither,0.03945320844208391,0.33037608806864915,0.630170703489267
"or not, starting early",neither,0.03962786714298135,0.30893145947386186,0.6514406733831568
LOL,neither,0.020706217963973744,0.4882283491876925,0.4910654328483337
YAY!!!!!,neither,0.03945320844208391,0.33037608806864915,0.630170703489267
I am so happy,neither,0.03914038914974341,0.39360016065933234,0.5672594501909242
Yo Tali and Matt,neither,0.03847309627579691,0.36075630627684097,0.600770597447362
holy s,neither,0.03945320844208391,0.33037608806864915,0.630170703489267
"omygosh, what is matt wearing? :D",neither,0.054174912131034945,0.3232807604413115,0.6225443274276535
especially for children,neither,0.03333115904417074,0.29980804174936665,0.6668607992064627
What is happening?? O,neither,0.05556313111362946,0.3226410524653571,0.6217958164210133
"Ooh, two Amys and a Taliesen!",neither,0.03922793189963883,0.27424987523024325,0.6865221928701178
I'm so excited!!,neither,0.03940839469474773,0.3948270312238364,0.565764574081416
gandsMatt gandsMatt,neither,0.03945320844208391,0.33037608806864915,0.630170703489267
My night just got so much better,offensive_language,0.017759504497815146,0.5169813732631873,0.4652591222389976
Amy Vorpahl rocking the black lips today,neither,0.05159322198293719,0.2902945576126007,0.658112220404462
hahahahha hipster matt,neither,0.03945320844208391,0.33037608806864915,0.630170703489267
Did Taliesin summon that fire?,neither,0.034716584863839016,0.38208888722492407,0.5831945279112369
omg,neither,0.03945320844208391,0.33037608806864915,0.630170703489267
don't think I've ever seen Sattine play,neither,0.01974969613157678,0.3040163487015924,0.6762339551668308
matts gone full hipster,neither,0.05994231528108782,0.3248400499362259,0.6152176347826863
look at the size of that dreadtower :O,neither,0.03558845883089211,0.37979547511973033,0.5846160660493774
The Matt in the hatt!,neither,0.03760402022886625,0.2954435630553067,0.6669524167158271
Mat looks hipster,neither,0.03945320844208391,0.33037608806864915,0.630170703489267
@darkofnate lmao,neither,0.03705015143476208,0.3711622369619404,0.5917876116032975
Good god matt,neither,0.03878275593346875,0.33060668743036564,0.6306105566361656
"Wow, what a solid group. This is gonna be great.",neither,0.04720192161201984,0.3429984828026502,0.60979959558533
its glasses matt,neither,0.03391627197921794,0.33228049441778645,0.6338032336029957
WASSUP YALL HAPPY TABLETOP DAY,neither,0.18193922253840333,0.1709761314837311,0.6470846459778656
what a great group,neither,0.04337598755495927,0.2984539086230203,0.6581701038220205
Mercer looks amazing,neither,0.03945320844208391,0.33037608806864915,0.630170703489267
so much awesomeness in one scene! :),neither,0.035744169970221014,0.39162181682964925,0.5726340132001297
"Holy shit, I didn't recognize Matt at first",offensive_language,0.03235086490626876,0.950241220578814,0.017407914514917314
@darkofnate probably,neither,0.037248874780404465,0.3677893831597844,0.5949617420598112
hipster matt is best matt,neither,0.04356701710468745,0.32431478989515855,0.632118193000154
purple flame :o,neither,0.03945320844208391,0.33037608806864915,0.630170703489267
Almost didn't recognize Matt there :P,neither,0.028740471009946606,0.3305746193843594,0.640684909605694
hahaha @Phantomgirl13 glasses Matt,neither,0.03945320844208391,0.33037608806864915,0.630170703489267
MAtt and Satine are too tall for the logs!! :P,neither,0.052079329712298235,0.23436274834082937,0.7135579219468724
!donate,neither,0.03945320844208391,0.33037608806864915,0.630170703489267
"International Tabletop Day is partnered with Extra Life as todays charity! Help support a great cause, donate at: https://www.extra-life.org/tabletopday",neither,0.04239986319422827,0.39710182204203476,0.5604983147637371
That's Matt!?,neither,0.03462336300107231,0.3831274915853991,0.5822491454135285
I love it when Matt busts out the glasses to get into character; he did that on Roll Play too,neither,0.031514822628626434,0.3938765480607636,0.57460862931061
gandsSubHype gandsLessthanthree Resubs,neither,0.03945320844208391,0.33037608806864915,0.630170703489267
it's a mattress :P,neither,0.03772653554390317,0.33096997005595963,0.6313034944001372
That's Matt,neither,0.03462336300107231,0.3831274915853991,0.5822491454135285
Wut?!?!,neither,0.03945320844208391,0.33037608806864915,0.630170703489267
"How can Matt and Satine be in the same room, Matt was turned into Satine!",neither,0.03927450798795381,0.30553024426947323,0.6551952477425729
"sorry, couldn't resist",neither,0.03945320844208391,0.33037608806864915,0.630170703489267
Amy looks totes adorbs as usual,neither,0.038286802252262116,0.3501730451875101,0.611540152560228
Hi Satine and Ivan.,neither,0.038358606956405694,0.2721397086643902,0.6895016843792041
"wow, did not even recognize him",neither,0.03754783799993072,0.34891318732239995,0.6135389746776694
Sub gandsSubHype,neither,0.03945320844208391,0.33037608806864915,0.630170703489267
didn't even notice that's Matt,neither,0.02518877388395941,0.40839617224253566,0.5664150538735049
@chaoticloony Time Paradox :o,neither,0.036668274527354654,0.377643684699956,0.5856880407726893
it's chaos @chaoticloony !!,neither,0.037828236809968684,0.3309349903269868,0.6312367728630445
"BTW, great title for sitcom: Two Amy's and a Satine",neither,0.03501980440063663,0.27272416561791635,0.6922560299814472
:O,neither,0.03945320844208391,0.33037608806864915,0.630170703489267
Taliesin rocking the guyliner. :D,neither,0.038351000110748164,0.310092396174505,0.6515566037147468
This should be cool. Interesting group :-),neither,0.050478013035448424,0.36677024146611525,0.5827517454984363
Matt looks like he is hunting bigfoot,neither,0.061663222458849185,0.33816795971351393,0.6001688178276369
where do you buy these cushion logs?,neither,0.07146956205177125,0.42059919022666103,0.5079312477215677
is there any dnd today?,neither,0.045100561934118294,0.27550520382925253,0.6793942342366291
Matt force unleashed SeemsGood,neither,0.03945320844208391,0.33037608806864915,0.630170703489267
gandsCrit,neither,0.03945320844208391,0.33037608806864915,0.630170703489267
i think it's cool if you call it just eyeliner :),neither,0.02851582843434548,0.44181571912537076,0.5296684524402838
@shadowsoflife he's wearing beanie of disguise,neither,0.043465243132084136,0.32899616536449,0.627538591503426
!whodat,neither,0.03945320844208391,0.33037608806864915,0.630170703489267
"Matt Mercer ( twitter.com/matthewmercer ), Amy Dallen ( twitter.com/enthusiamy ), Satine Phoenix ( twitter.com/satinephoenix ), Amy Vorpahl ( twitter.com/vorpahlsword ) and Taliesin Jaffe ( twitter.com/executivegoth ).",neither,0.03845602492309894,0.45047916451135483,0.5110648105655462
So many great dm's in this!,neither,0.03737800778817126,0.34738740647303534,0.6152345857387934
Macabrah,neither,0.03945320844208391,0.33037608806864915,0.630170703489267
hipster photographer lol,neither,0.03254773963500486,0.3799314534516951,0.5875208069133001
"what hospital is this, pls?",neither,0.05192162264341993,0.3256520820371984,0.6224262953193815
matt is to tall for that cushion,neither,0.04229236155840065,0.33353491043335853,0.6241727280082408
The other game of Dread they played on this channel is still one of my favorites <3,neither,0.033824482778037464,0.3740336607721017,0.5921418564498608
gandsSubHype gandsLessthanthree Resub,neither,0.03945320844208391,0.33037608806864915,0.630170703489267
Matt loves to dress up.,neither,0.042719756428872324,0.37163248027991747,0.5856477632912103
HYPE!!,neither,0.03945320844208391,0.33037608806864915,0.630170703489267
"Everyone looks great! Talisin as Talisin, Satine as Satine, ect and Mercer as a hipster version of Marisha...?",neither,0.03277140149634715,0.3962170707937482,0.5710115277099047
so that hipster is Matt?,neither,0.042770540043946134,0.40478556590419873,0.5524438940518553
this is theREAL Matt Mercer ;),neither,0.04959008194734716,0.32877495885699387,0.621634959195659
matt always dress up,neither,0.03546771574076226,0.4303215900663003,0.5342106941929374
Matt is a Roleplaying hero!,neither,0.047261787457690926,0.3276903596780863,0.6250478528642229
Matt's gone full Portland,neither,0.05431949856359109,0.32641856276159187,0.619261938674817
someone tell him how to pronounce macabre,neither,0.04502440328961921,0.3289948841222888,0.625980712588092
"this gonna be epic Matt Taliesin amy x2, and satine",neither,0.03851758401572026,0.33692553009786685,0.624556885886413
The Tower Of DRead,neither,0.038688510525801974,0.3164392418256289,0.6448722476485691
@marvinhood his brackets give him away tho,neither,0.06243442923625725,0.3200415870589238,0.6175239837048189
3 DM's a Goth and a Doctor!,neither,0.03879676500250902,0.29775450043767093,0.6634487345598201
Jenga?,neither,0.03945320844208391,0.33037608806864915,0.630170703489267
@lucksbane lol,neither,0.020706217963973744,0.4882283491876925,0.4910654328483337
So much colored hair gandsLessthanthree,neither,0.037511106563435995,0.09272413330897616,0.8697647601275877
Matt looks like Waldo's logger hipster brother,neither,0.046423971270679855,0.34079127058199676,0.6127847581473232
"i just thought ""Where is Matt?""",neither,0.04739854494754002,0.22535825386856986,0.7272432011838901
Tantifying,neither,0.03945320844208391,0.33037608806864915,0.630170703489267
oh boy,neither,0.04768565599480007,0.25364348607606696,0.698670857929133
Matt looks a lot like Ivan today.,neither,0.04718249837511702,0.3231904336214095,0.6296270680034735
pre-pull. I swear this never happens,neither,0.052357682788677744,0.3569286227908138,0.5907136944205086
"no one knows what hospital it is, and no links to donate :o",neither,0.048801410438590875,0.3349933542971101,0.616205235264299
"kayden,,",neither,0.03945320844208391,0.33037608806864915,0.630170703489267
Taliesin!,neither,0.03945320844208391,0.33037608806864915,0.630170703489267
i would've moved the fire well away from falling giant jenga,neither,0.025860903844178364,0.28369163689352983,0.6904474592622919
Lol,neither,0.020706217963973744,0.4882283491876925,0.4910654328483337
love the look Matt!,neither,0.03733537667663067,0.32657596291786534,0.636088660405504
@shadowsoflife yah he's never not wearing,neither,0.03916826376416706,0.37105023141381993,0.589781504822013
"Would you like some dressing with that word salad, Ivan? :D",neither,0.03830977987414456,0.44470489538634733,0.5169853247395081
I´m embarrased by how much I still like him with that hipster lumberjack outfit,neither,0.03277824081494418,0.4418585423809709,0.525363216804085
HAHAH classice Taliesin!,neither,0.03945320844208391,0.33037608806864915,0.630170703489267
Taliesin!!,neither,0.03945320844208391,0.33037608806864915,0.630170703489267
Loving this!,neither,0.039326137841564766,0.33253280778730016,0.628141054371135
Taliesin gandsLessthanthree,neither,0.03945320844208391,0.33037608806864915,0.630170703489267
@marvinhood Indeed.,neither,0.03945320844208391,0.33037608806864915,0.630170703489267
hahaha Taliesin plays jerks so well,neither,0.03941683690471223,0.3645977079894913,0.5959854551057965
@themaudorator Dread uses Jenga mechanics in story-telling RPG.,neither,0.03945320844208391,0.33037608806864915,0.630170703489267
haha,neither,0.03186685585600258,0.45913629025701075,0.5089968538869867
Caden's a dick lol,offensive_language,0.03422682781692606,0.9635826381965589,0.002190533986515068
Is that matt?,neither,0.04419784335171381,0.3768588364029016,0.5789433202453846
"Oh, this looks like a fun cast and game. If I wasnt so tired, I would stay. Will catch this on VOD. Enjoy the show everyone. And Happy ITTD",neither,0.03778234388913867,0.3070461465734455,0.6551715095374158
Cayden doesn't play by your rules,neither,0.06958184658207137,0.3650943826799292,0.5653237707379994
gandsSubHype gandsLessthanthree Resub,neither,0.03945320844208391,0.33037608806864915,0.630170703489267
Ah memories of Traveller - the only RPG I know where you could die during character creation,neither,0.12003533210100513,0.2132606963423083,0.6667039715566866
Imagine a member of Vox Machina forgetting how to play Jenga :),neither,0.04420358133141589,0.3275751053357249,0.6282213133328591
WAIT. The guy in the toque is NOT who I think it is...,neither,0.04769280163839904,0.34844193160196346,0.6038652667596375
giant jenga never goes wrong...... xD,neither,0.03577952474098481,0.3677336941232651,0.5964867811357502
he's like Paul Rudd's character in Wet Hot American Summer,neither,0.05310825063939284,0.2998429469707415,0.6470488023898655
"Bidet, everyone.",offensive_language,0.02988896790634741,0.4927062106388782,0.4774048214547744
Those tree trunk cushions kinda look less comfortable than real tree trunks,neither,0.04674109669688807,0.3563394014725703,0.5969195018305417
Tailspin heffe is on,neither,0.05411543891717976,0.358108051247265,0.5877765098355552
26 months hype \o/,neither,0.03945320844208391,0.33037608806864915,0.630170703489267
Satine gandsLessthanthree,neither,0.03945320844208391,0.33037608806864915,0.630170703489267
One hand Caden! The rule is one hand!,neither,0.042723774225888154,0.35793256804791096,0.5993436577262008
@mrny2cali even this fake fire?,neither,0.03836092999921393,0.34891490386373397,0.612724166137052
Matt Kappa,neither,0.03945320844208391,0.33037608806864915,0.630170703489267
Kayden's a teenage asshole. :D,neither,0.04361532655745487,0.46398133976660005,0.4924033336759451
oh that game,neither,0.0400763851688419,0.2613991748365906,0.6985244399945676
Is that... Matthew with the camera?,neither,0.03227767179016566,0.37891703205431404,0.5888052961555201
Love that Matt has come dressed for his character.,neither,0.04427182731703245,0.35975786045565916,0.5959703122273085
@Mattitudinal He is.,neither,0.0817087036342036,0.3158424856208871,0.6024488107449093
Yes,neither,0.03945320844208391,0.33037608806864915,0.630170703489267
yeah,offensive_language,0.013968601452186464,0.5182923869769311,0.4677390115708824
"I keep waiting for Talisen to yell ""JENGA!""",neither,0.039538554932093864,0.3008764918036744,0.6595849532642317
Matt looks SO different,neither,0.03941300241608913,0.37147532411044887,0.589111673473462
"Those blocks look heavy, too",neither,0.05985023689418461,0.27832511007612015,0.6618246530296953
You earn 1 coin every minute while watching! Check your coins by typing !wallet and visit www.revlo.co/geekandsundry to see what you can do with them.,neither,0.07744423452440988,0.37269153353543766,0.5498642319401523
i dont think they are playing the 1 handed rules lol,neither,0.04897189567510749,0.31898914040058396,0.6320389639243085
random bloon,neither,0.03945320844208391,0.33037608806864915,0.630170703489267
no one hand cant be done with big size,neither,0.021340023323144594,0.44089229556622206,0.5377676811106334
ballon O:,neither,0.03945320844208391,0.33037608806864915,0.630170703489267
so glad we have 2 Eric's TBDRPG players in here,neither,0.0708862925653533,0.34349907262553225,0.5856146348091146
"Is that both Amys, Taliesin, Satine, and MATT?",neither,0.04258043327972536,0.32924559737934717,0.6281739693409274
OMG an ENERGY Balloon!,neither,0.03970510957216212,0.3261006684816588,0.634194221946179
"tanner,,",neither,0.03945320844208391,0.33037608806864915,0.630170703489267
a balloon!,neither,0.03945320844208391,0.33037608806864915,0.630170703489267
darkofnate that rule might be nixed with the giant version,neither,0.029075564757333323,0.37644271420120284,0.5944817210414638
haha,neither,0.03186685585600258,0.45913629025701075,0.5089968538869867
"Aahh.... Dressed as his character, makes sense :D",neither,0.05609244922974973,0.35704465371735233,0.5868628970528978
I'd be so terrified but excited. Best camping ghostly rpg,neither,0.03686493060337187,0.3640652604285039,0.5990698089681242
Death Balloon!,neither,0.03945320844208391,0.33037608806864915,0.630170703489267
holy mozes,neither,0.03945320844208391,0.33037608806864915,0.630170703489267
@mastercrado the one and only gandsMatt gandsMatt,neither,0.036023886885532055,0.29525258409260596,0.6687235290218619
the balooon play which character?,neither,0.038603069956198145,0.3148456316591593,0.6465512983846426
yes...thank you Matt,neither,0.055125099365019185,0.383059940295135,0.5618149603398458
boop,neither,0.03945320844208391,0.33037608806864915,0.630170703489267
go for a middle block! dont make it too hard at the beginning!,neither,0.02908762504850757,0.4630120533905592,0.5079003215609335
@EncantadorTheGamer I can't. How? Just how?,neither,0.03456811783555886,0.3495757859400154,0.6158560962244257
man is that realy mercer there?,neither,0.045194302654524156,0.4104334588639254,0.5443722384815505
Really love Matt Mercer :D,neither,0.036350126215248586,0.34485434395182724,0.6187955298329243
"They just have to draw a plate on this camera scene saying ""Yes. This is Matt.""",neither,0.03784161403438918,0.3525724768441145,0.6095859091214962
@kRAyZZed or do. They need a quick game,neither,0.0400028239156801,0.28868425345383636,0.6713129226304836
the balloon choose matt,neither,0.03877615837332255,0.318065493961484,0.6431583476651934
Is that Matt on the far right/?,neither,0.038579309340264135,0.37613148178453987,0.5852892088751961
"valnizen Loony the Balloon, he's a very serious sort",neither,0.04251395054354387,0.31784408488956545,0.6396419645668906
rip in peace matt,neither,0.03945320844208391,0.33037608806864915,0.630170703489267
Matt went hard in the paint for this,neither,0.028290093804604184,0.463912495809939,0.5077974103854568
Lots of fun people here.,neither,0.132712156241086,0.2853049536370872,0.5819828901218268
baltior it is,neither,0.059603583318096655,0.32344545014120724,0.616950966540696
Hi @ImpQueen,neither,0.03945320844208391,0.33037608806864915,0.630170703489267
"wait, that's MAT!? WutFace",neither,0.035710487600830176,0.3710593622731676,0.5932301501260023
thks mmatton :),neither,0.03945320844208391,0.33037608806864915,0.630170703489267
yes,neither,0.03945320844208391,0.33037608806864915,0.630170703489267
Yay BLM!,neither,0.03945320844208391,0.33037608806864915,0.630170703489267
Amy V. gandsLessthanthree,neither,0.03945320844208391,0.33037608806864915,0.630170703489267
why do they start with pullig the worst blocks? :S,neither,0.025299865954102826,0.34246471881391666,0.6322354152319805
knock a middle on out.,neither,0.03248087109047125,0.3607798167129809,0.6067393121965478
np valnizen,neither,0.03945320844208391,0.33037608806864915,0.630170703489267
omg is that matt,neither,0.04337108196975626,0.36946904159345445,0.5871598764367894
Is that Mercer?,neither,0.05154613418987003,0.42924314326430335,0.5192107225458266
Love Mercer's look gandsMatt,neither,0.037358102308605506,0.3535066755917297,0.6091352220996649
is this being simulcast on alpha??,neither,0.0389848081826229,0.3709185471706694,0.5900966446467076
That is how Matt looks like in civilian clothes,neither,0.0492338693936962,0.2722539249123175,0.6785122056939863
"Stuck at work for the most part of ITTD, but back home now - with barely 2 hours of it left.Kept my rare dice on me all day though. Never knowingly unarmed.",neither,0.024412754996970883,0.4183074217927157,0.5572798232103134
Hi @abbymarie91,neither,0.03945320844208391,0.33037608806864915,0.630170703489267
"can anyone post the link on the screen, pls? i'ma lazy old fart :P",neither,0.034172738470781755,0.37559337965614437,0.5902338818730739
^^Amy^^,neither,0.03945320844208391,0.33037608806864915,0.630170703489267
LOL everyone asking the same question :D,neither,0.028837669024905234,0.4473765666405372,0.5237857643345575
My anxiety is killing me right now haha,neither,0.027929953555782355,0.4748826069200839,0.4971874395241338
@abbymarie91 <3,neither,0.03945320844208391,0.33037608806864915,0.630170703489267
matt looks like waldo,neither,0.04830054185013386,0.3434069020585355,0.6082925560913307
isn't it one hand only for pulls?,neither,0.03326216439032191,0.33084781752497344,0.6358900180847047
We have a subscriber-only Discord server! Join here: https://discord.gg/geekandsundry (you'll need to sub and link it to your Twitch) and be a part of the fun!,neither,0.09599275848176793,0.2819530604707182,0.6220541810475139
Their feet and knees are just too close. When this falls. Will be painful.,neither,0.0430818326142583,0.3140486670384862,0.6428695003472555
how matt keeps him secretly,neither,0.03935364213553896,0.3320659881380708,0.6285803697263903
hi yall,neither,0.037580997573720916,0.3621523925857832,0.600266609840496
Is matt in costume?,neither,0.047119872923229715,0.32773917059406393,0.6251409564827063
Amy D. gandsLessthanthree,neither,0.03945320844208391,0.33037608806864915,0.630170703489267
gandsSubHype gandsLessthanthree Resub,neither,0.03945320844208391,0.33037608806864915,0.630170703489267
Matt looks so different,neither,0.03941300241608913,0.37147532411044887,0.589111673473462
Matt is 100% in costume,neither,0.04616450265298531,0.3280677662390804,0.6257677311079344
hi guys,neither,0.03930687933907141,0.3328596748352989,0.6278334458256297
"Autisticcosplay nah, that's just his every day clothes :D",neither,0.050383180469552334,0.2672002582711693,0.6824165612592783
AMy Dallen is a god damn hero.,offensive_language,0.05160408678954,0.7093596206929571,0.2390362925175029
hopefully this tower doesn't fall on anyone,neither,0.03745955396920646,0.3406568460289046,0.621883600001889
link is gone. nm,neither,0.04855668773696923,0.3289025798697291,0.6225407323933017
wait,neither,0.03945320844208391,0.33037608806864915,0.630170703489267
i didnt even kno that was matt lol,neither,0.030369004848585998,0.4147424366536216,0.5548885584977924
@BoneReaverZ I feel like that rule has been ignored on the grounds of a HUGE Jenga tower,neither,0.04066476524236052,0.3604631601877725,0.5988720745698669
Amy d is joy personified,neither,0.047065983391133555,0.3277577056752888,0.6251763109335776
Hi @jaydee2991,neither,0.03945320844208391,0.33037608806864915,0.630170703489267
That art of Amy's character looks like the basket case from the Breakfast Club,neither,0.0422475525028706,0.33345092069950844,0.6243015267976211
This might be the first time Ive seen Matt's legs,neither,0.03390555119175618,0.3371442524529838,0.62895019635526
Is that Mercer in the corner?!,neither,0.04302825611364453,0.3564786368482369,0.6004931070381185
jenga gives me anxiety,neither,0.03236743142237534,0.3687043158745233,0.5989282527031013
"Yes Amy, distract the tower with small talk!",neither,0.023503760840144047,0.34569398067406953,0.6308022584857864
amy hype!,neither,0.03945320844208391,0.33037608806864915,0.630170703489267
I agree @marvinhood,neither,0.03945320844208391,0.33037608806864915,0.630170703489267
and this IS NOT HELPING!!!,neither,0.045624251397590854,0.2926981813206521,0.6616775672817571
This is RPG Jenga...,neither,0.06444388513749441,0.32581973129223984,0.6097363835702658
"No, it's Travis in a costume of Matt in a costume...",neither,0.03828254486570466,0.33799204054988086,0.6237254145844144
Matt is a method gamer!,neither,0.045202156837350016,0.32839876109402455,0.6263990820686254
"Help G&S make great content! $4.99/month gets you emotes, Minecraft server access, Sub Only Q&As, VODs, and more! Every sub keeps the channel alive! twitch.tv/geekandsundry/subscribe",neither,0.043092924924402844,0.32365565443818894,0.6332514206374082
i thought i heard his laugh but did NOT realise that was him,neither,0.05285158969826332,0.3029330759252989,0.6442153343764379
matt holy ***,neither,0.03945320844208391,0.33037608806864915,0.630170703489267
lol Matt,neither,0.03027887083479381,0.3981251484381287,0.5715959807270774
lolol,neither,0.03945320844208391,0.33037608806864915,0.630170703489267
gandsSubHype gandsLessthanthree Resub,neither,0.03945320844208391,0.33037608806864915,0.630170703489267
"Matt, get me more pictures of Spider-man!",neither,0.03510005059035242,0.4013403557910099,0.5635595936186376
matts going whole hogg,neither,0.03788448315901191,0.3570014501691314,0.6051140666718567
I'm so happy to see Tal there <3,neither,0.04503598562906324,0.3273107790648266,0.6276532353061101
i 100% he laughed off camera,neither,0.04374457565061723,0.32890009010240556,0.6273553342469773
@greennikki86 he secretly has satyr legs he stuffed in skinny jeans,neither,0.04608337366532006,0.32426677805845744,0.6296498482762224
has anybody even played on a tower of this scale... is it even feasible?,neither,0.0404239523694669,0.3517077683766134,0.6078682792539196
The photos last longer :D,neither,0.03865812172039545,0.3158733999964964,0.6454684782831083
tanner!,neither,0.03945320844208391,0.33037608806864915,0.630170703489267
Tanner lol,neither,0.031120645729857982,0.3912535864736078,0.5776257677965343
yeah dread is such a talesin game :D,neither,0.03044935390026252,0.3838869424758681,0.5856637036238693
Ahhh this is gonna be good x)),neither,0.045821859210035454,0.3784427079776132,0.5757354328123514
@wizardcritter win so much win,neither,0.03620004674809599,0.36879044341957523,0.5950095098323288
Matt gandsLessthanthree,neither,0.03945320844208391,0.33037608806864915,0.630170703489267
for a donation stream i'm a bit snuffed of how we're going to donate :P,neither,0.049530674130733296,0.30964472665856946,0.6408245992106973
HIS CHARACTER'S A DWEEB,neither,0.06253377536884205,0.33215066241796576,0.6053155622131922
This is so perfect for Matt,neither,0.040357585259413534,0.34005931809843803,0.6195830966421485
This game is going to last 10 minutes at this rate with these barely budging blocks,neither,0.042682244457911474,0.38614295565778006,0.5711747998843084
omg Matt's playing a ginger,neither,0.03945320844208391,0.33037608806864915,0.630170703489267
gandsMatt,neither,0.03945320844208391,0.33037608806864915,0.630170703489267
"Hey, a fellow Tanner.",neither,0.03945320844208391,0.33037608806864915,0.630170703489267
oh *** i thought he looked familiar,neither,0.05139425117449674,0.20884582928084366,0.7397599195446596
I Didnt realize that was matt for like 5 mins,neither,0.0379466651579752,0.36569256236587844,0.5963607724761464
"wtf, matt in disguise",offensive_language,0.041619294713850584,0.5210665997593231,0.4373141055268262
soulless,neither,0.03945320844208391,0.33037608806864915,0.630170703489267
is that matt?,neither,0.04419784335171381,0.3768588364029016,0.5789433202453846
"haha, Tanner's adorable",neither,0.03596121626801494,0.3896443086359652,0.5743944750960198
Keep that plate on the screen!!! :),neither,0.033280578828169524,0.3629815756253608,0.6037378455464697
Hello everyone! Hope you all are having a great tabletop day so far! :D,neither,0.09908203834531609,0.3684227777770106,0.5324951838776734
red head,neither,0.03694090338540735,0.36732919837077327,0.5957298982438194
Matt is basically younger himself,neither,0.045330352126561134,0.3283546688555926,0.6263149790178462
Matt tho <3,neither,0.034935459139734566,0.34055829724678655,0.6245062436134788
@geekandsundry cool job getting that artwo5,neither,0.03149403135341532,0.44279648694033513,0.5257094817062494
LOL Love matt playing games,neither,0.030863512255032602,0.38773618037795543,0.581400307367012
"no, it's a mattress",neither,0.03693783320738523,0.3469246192839054,0.6161375475087094
artwork,neither,0.03945320844208391,0.33037608806864915,0.630170703489267
!donate,neither,0.03945320844208391,0.33037608806864915,0.630170703489267
"International Tabletop Day is partnered with Extra Life as todays charity! Help support a great cause, donate at: https://www.extra-life.org/tabletopday",neither,0.04239986319422827,0.39710182204203476,0.5604983147637371
gandsMatt He looks so different though,neither,0.04471035750292873,0.37238131646962225,0.5829083260274489
Hi @Ricky_Galletti,neither,0.03945320844208391,0.33037608806864915,0.630170703489267
gandsSubHype gandsLessthanthree Resub,neither,0.03945320844208391,0.33037608806864915,0.630170703489267
Matt has some experience dealing with gingers,neither,0.028435192877221602,0.3576475800724811,0.6139172270502973
oh it's live :D,neither,0.05157594392411478,0.26074732100452275,0.6876767350713625
matt just needs a hawian shirt and he's back in his youth in grifth park,neither,0.05351044401730038,0.31894478643544305,0.6275447695472565
