text,top_class,hate_speech,offensive_language,neither
damn it was getting good,offensive_language,0.0391327881005914,0.8616570627272058,0.09921014917220283
!wallet,neither,0.03945320844208391,0.33037608806864915,0.630170703489267
zoddimmortalis has 33166 coins,neither,0.03989735448983053,0.32283777050957063,0.6372648750005988
you can still go to that person's twitch channel to keep watching,neither,0.05646618219915048,0.3877147944746445,0.555819023326205
Preshow video is running. REFRESH NOW,neither,0.05128331819697504,0.2517247518102515,0.6969919299927735
!wallet,neither,0.03945320844208391,0.33037608806864915,0.630170703489267
dalek_dude_98 has 1839 coins,neither,0.03989735448983053,0.32283777050957063,0.6372648750005988
STALKER CAM!,neither,0.03945320844208391,0.33037608806864915,0.630170703489267
@mikava1990 you can always go to Becca's actual channel.,neither,0.059724327776847615,0.41348771275197727,0.5267879594711751
!becca,neither,0.03945320844208391,0.33037608806864915,0.630170703489267
"Becca, Lady of the Fancy Pants, is half lion half dragon half assassin. She likes kittens and games where you kill stuff. After an unfortunate incident involving half-eaten donuts, the Disciples of Ushnux declared her to be the Absolute Worst. twitter.com/beccascottkerns & twitch.tv/thebeccascott Check out her Web Series ""Gregg and Becca"" - http://bit.ly/1U7RlsA",neither,0.07832623839854924,0.40529084149795985,0.5163829201034909
"there's a website called multitwitch, where you can watch both streams at once",neither,0.05398923900402707,0.3206064082359677,0.6254043527600053
Ah,neither,0.03945320844208391,0.33037608806864915,0.630170703489267
PogChamp What up everybody,neither,0.04338200008215739,0.4021459898595713,0.5544720100582713
"lol, the fake fire, awesome",neither,0.03184503358667753,0.36395047881715453,0.6042044875961678
let me find her real quick,offensive_language,0.015211801124166981,0.6257899084027593,0.3589982904730738
"Gods, I have missed critmas so much",neither,0.03461661101647672,0.391790932964589,0.5735924560189343
ooo..new denise sign,neither,0.042808122991914575,0.24693944741413112,0.7102524295939544
@mikava1990 Nightbot posted a link to her page above.,neither,0.038600439157516896,0.4568718333639377,0.5045277274785455
"Help G&S make great content! $4.99/month gets you emotes, Minecraft server access, Sub Only Q&As, VODs, and more! Every sub keeps the channel alive! twitch.tv/geekandsundry/subscribe",neither,0.043092924924402844,0.32365565443818894,0.6332514206374082
okay I'm back,neither,0.03945320844208391,0.33037608806864915,0.630170703489267
brb need moar drinky drink,neither,0.03931827694284945,0.32924618906589104,0.6314355339912596
I see movement,neither,0.03945320844208391,0.33037608806864915,0.630170703489267
lol xD,neither,0.020706217963973744,0.4882283491876925,0.4910654328483337
geekandsundry is online. RevloBot is now tracking loyalty.,neither,0.05157974116510514,0.3262052173957376,0.6222150414391574
yup,neither,0.03945320844208391,0.33037608806864915,0.630170703489267
this show is great,neither,0.06988127914729544,0.20881069602413252,0.721308024828572
yaaaaaaaaaaay,neither,0.03945320844208391,0.33037608806864915,0.630170703489267
man that fire looks got,neither,0.0344579274527409,0.4814111931100218,0.4841308794372373
what is he going to do next,neither,0.07214301648579353,0.35522805974768223,0.5726289237665242
hot,neither,0.03945320844208391,0.33037608806864915,0.630170703489267
Am I the only one that cringes when they see people carrying laptops like that?,neither,0.04987479892936706,0.4381208509573406,0.5120043501132924
This is actually my second time here,neither,0.07237941569143745,0.3877861211604158,0.5398344631481466
anyone know what denise's message for us is ?,neither,0.08365387607615504,0.2918033092492072,0.6245428146746377
I seen Matt on here last week,neither,0.07205865170668553,0.3110343325466565,0.616907015746658
!wallet,neither,0.03945320844208391,0.33037608806864915,0.630170703489267
dragonspawn199 has 8218 coins,neither,0.03989735448983053,0.32283777050957063,0.6372648750005988
"first letter is ""A""",neither,0.039424057621512895,0.3303861143725719,0.6301898280059152
No I get eye twitchy when I see people carry their lapptops,neither,0.057450801927817104,0.3803184681463044,0.5622307299258784
like that,offensive_language,0.059860103124402354,0.4872665818744376,0.45287331500116007
!wallet,neither,0.03945320844208391,0.33037608806864915,0.630170703489267
griff_0 has 10389 coins,neither,0.03989735448983053,0.32283777050957063,0.6372648750005988
Whats the happs?,neither,0.03823111495552092,0.3078022189530705,0.6539666660914085
"Looks like ""Art"", @karraxx Beyond that, no.",neither,0.0437541431842121,0.3889457845069131,0.5673000723088748
good morning from the UK :),neither,0.045921331169112956,0.17314151918169884,0.7809371496491881
what does that sign say??,neither,0.027372571161510425,0.4790177325749524,0.4936096962635372
!wallet,neither,0.03945320844208391,0.33037608806864915,0.630170703489267
faelanawolfling has 9194 coins,neither,0.03989735448983053,0.32283777050957063,0.6372648750005988
gandsDrink,neither,0.03945320844208391,0.33037608806864915,0.630170703489267
I believe it says art,neither,0.038112415085503365,0.3308372483868644,0.6310503365276322
!wallet,neither,0.03945320844208391,0.33037608806864915,0.630170703489267
baronwatch has 72 coins,neither,0.03979708563871832,0.32453959459379406,0.6356633197674876
coins?,neither,0.03945320844208391,0.33037608806864915,0.630170703489267
but what does it really say?,neither,0.025644498379329247,0.4674701929491823,0.5068853086714884
What time does this start? Sorry I'm usually I vod man,neither,0.03110845175776083,0.48171720177219707,0.48717434647004215
sigils,neither,0.03945320844208391,0.33037608806864915,0.630170703489267
Coins for what?,neither,0.03839674419615023,0.29525778591324153,0.6663454698906083
http://www.wheniscriticalrole.com/talksmachina,neither,0.0364481805509037,0.2303424311669227,0.7332093882821735
!wallet,neither,0.03945320844208391,0.33037608806864915,0.630170703489267
airbubbles has 3980 coins,neither,0.03989735448983053,0.32283777050957063,0.6372648750005988
!wallet,neither,0.03945320844208391,0.33037608806864915,0.630170703489267
wayoftheclosedfist has 17853 coins,neither,0.03989735448983053,0.32283777050957063,0.6372648750005988
26 mins roughly,neither,0.03945320844208391,0.33037608806864915,0.630170703489267
O.O,neither,0.03945320844208391,0.33037608806864915,0.630170703489267
Thank you,neither,0.07325166854587051,0.43632638485078484,0.49042194660334476
I believe it says AZRT,neither,0.037673829476534595,0.3309880980893961,0.6313380724340693
hi,neither,0.03945320844208391,0.33037608806864915,0.630170703489267
Hello Hoomans gandsLessthanthree,neither,0.03945320844208391,0.33037608806864915,0.630170703489267
"it's either ""art"" or ""azrvt""",neither,0.038024203027344765,0.33086758855868226,0.631108208413973
hello,neither,0.03945320844208391,0.33037608806864915,0.630170703489267
"I think it's just ""Art"" in Siggilese.",neither,0.033875080627663666,0.34380907006632366,0.6223158493060127
"I think it's ""art""",neither,0.03838771917371565,0.3203421885298304,0.641270092296454
"Either way, I'm sure Denise is having a good smile or somesuch at our confusion.",neither,0.0395663234483264,0.4361929720945122,0.5242407044571613
bidet from Oklahoma,neither,0.04066490145509902,0.30981049537100724,0.6495246031738937
is talks on tonight?,neither,0.041837347816972036,0.3182941369860108,0.6398685151970172
always,neither,0.03557448528484342,0.4519132619047061,0.5125122528104504
Critmas,neither,0.03945320844208391,0.33037608806864915,0.630170703489267
bidet from tenneesee,neither,0.04228451509352876,0.2823214250720796,0.6753940598343917
whoa i looked away where di dhe go,neither,0.04269659382322767,0.2933144464358681,0.6639889597409042
What I miss?,neither,0.036306666459524344,0.32819641805645544,0.6354969154840202
"Ashley and Brian are on Vacay, so this is a Critmas.",neither,0.05962252648557623,0.3093599242262901,0.6310175492881337
I think it reads artsy,neither,0.038458464973609524,0.32101904742895315,0.6405224875974372
"No Talks Machina with Brian tonight, but tune in for a Critmas with the cast!",neither,0.022936873086430578,0.34648855297162623,0.630574573941943
nothing much yet,neither,0.03230651284479298,0.38203387044655013,0.5856596167086568
art,neither,0.03945320844208391,0.33037608806864915,0.630170703489267
Greetings from Australia,neither,0.04062582848913359,0.31047366557575606,0.6489005059351104
"ohh, im hype",neither,0.03863426033608956,0.36146318691455087,0.5999025527493596
"some guy disappeared maaaan, hes missing",neither,0.03318040835410367,0.34621920393799466,0.6206003877079017
bidet from Oklahoma,neither,0.04066490145509902,0.30981049537100724,0.6495246031738937
Ah yes! The not-fake fireplace!,neither,0.0372904348482626,0.31912071636833494,0.6435888487834025
art is open to interpretation ;),neither,0.056676669639731746,0.3227562267265006,0.6205671036337677
I made him disapper with magic,neither,0.028566251108113686,0.37028916927308114,0.6011445796188053
"awesome, I finally get to see one live",neither,0.04777516551249229,0.35851510742869386,0.593709727058814
!wallet,neither,0.03945320844208391,0.33037608806864915,0.630170703489267
burritotaquito01 has 4353 coins,neither,0.03989735448983053,0.32283777050957063,0.6372648750005988
What's the sign say ?,neither,0.04483712878159801,0.30725224676193086,0.6479106244564712
lol xD,neither,0.020706217963973744,0.4882283491876925,0.4910654328483337
So what's happening tonight,neither,0.04158625164079415,0.3441907213207151,0.6142230270384906
!wallet,neither,0.03945320844208391,0.33037608806864915,0.630170703489267
invisikid has 8868 coins,neither,0.03989735448983053,0.32283777050957063,0.6372648750005988
Bidet from Phoenix Az,neither,0.04039617012658628,0.31437156734874944,0.6452322625246643
Critmas with the cast!,neither,0.027284591461645778,0.3527138059996461,0.6200016025387082
@oliinc14 Critmas,neither,0.03945320844208391,0.33037608806864915,0.630170703489267
it says Azrt,neither,0.03705275132076009,0.33120171534708004,0.6317455333321599
greetings and salutations from Canada,neither,0.039674772959784124,0.26576846215513467,0.6945567648850811
@Oliinc14 critmas today :D,neither,0.03670833772556013,0.28647033973868863,0.6768213225357513
What does that mean sorry new to the show,neither,0.04662359779599931,0.32575781425694306,0.6276185879470576
Ahh I see @president_vas,neither,0.03945320844208391,0.33037608806864915,0.630170703489267
HeyGuys,neither,0.03945320844208391,0.33037608806864915,0.630170703489267
Bidet from Hungary,neither,0.04228451509352876,0.2823214250720796,0.6753940598343917
!critgift,neither,0.03945320844208391,0.33037608806864915,0.630170703489267
Before sending a gift please read: http://geekandsundry.com/a-critters-guide-to-critmas/ New address for gifts for Critical Role fans!,neither,0.03595577806350432,0.2542668699154397,0.7097773520210559
is the fire a video or a gif?,neither,0.05032414692209404,0.23883736478258116,0.7108384882953248
beep beep from utah,neither,0.04066490145509902,0.30981049537100724,0.6495246031738937
Bidet from north dakota!,neither,0.04038150078596344,0.3146205443430473,0.6449979548709892
Bidet,neither,0.03945320844208391,0.33037608806864915,0.630170703489267
@oliinc14 thwy oprn gifts and boxes sent by fans,neither,0.03958274211658567,0.3318521023780391,0.6285651555053754
free denise,neither,0.03945320844208391,0.33037608806864915,0.630170703489267
Is a chance to chat and open fan-mail and gifts on-air.,neither,0.044795770004288624,0.29263695029580844,0.6625672796999029
"It's Critmas today, right?",neither,0.03423813792703429,0.32607459592173804,0.6396872661512277
ruyuGreed,neither,0.03945320844208391,0.33037608806864915,0.630170703489267
"It's a really REALLY narrow fireplace, @Iwillgotohell2.",neither,0.037792849436875525,0.33094716166730287,0.6312599888958215
@quass12 yup,neither,0.03945320844208391,0.33037608806864915,0.630170703489267
yurp,neither,0.03945320844208391,0.33037608806864915,0.630170703489267
"Er, shallow*",neither,0.03945320844208391,0.33037608806864915,0.630170703489267
@oliinc14 and welcome to the critter family,neither,0.04505992716894389,0.2696587890112436,0.6852812838198125
*plays X-files theme song*,neither,0.039139791539754776,0.3356955908541101,0.6251646176061351
Tomboy Bailey in the house,neither,0.038773608568574876,0.31801830217259586,0.6432080892588293
Bidet from PA,neither,0.04069404815304118,0.30931579984010865,0.6499901520068502
nuuu da fiiire,offensive_language,0.15114814935983525,0.6045263659867909,0.24432548465337384
exposed,neither,0.03945320844208391,0.33037608806864915,0.630170703489267
it is a video,neither,0.060218285004599005,0.18716841032498183,0.7526133046704191
Oh and Bidet from UT. ;),neither,0.04464865174560694,0.22419117046487586,0.7311601777895173
Bidet from Queensland Australia,neither,0.04062582848913359,0.31047366557575606,0.6489005059351104
#exposed,neither,0.03945320844208391,0.33037608806864915,0.630170703489267
Does anybody else have sound or is it just me,neither,0.025636647054154,0.46414028369674803,0.510223069249098
The fireplace is back,neither,0.05477082714771894,0.29507451895614034,0.6501546538961408
"Bidet from KC, MO!",neither,0.040439121677047545,0.3136425674428074,0.6459183108801451
"Ow, my immersion!",neither,0.026849424816611563,0.43008745607894866,0.5430631191044397
"... I'mma judge, based on the YouTube, its a video. But probably gif-looped.",neither,0.035007835378102654,0.2983199701444639,0.6666721944774333
thank you crew for answering my question,neither,0.035688677707189684,0.40470606021860994,0.5596052620742004
they're doing a critmas tonite correct?,neither,0.05445037694505033,0.30655735513453697,0.6389922679204126
correct,neither,0.03945320844208391,0.33037608806864915,0.630170703489267
@MikeHoncho7514 Yep.,neither,0.03945320844208391,0.33037608806864915,0.630170703489267
yep,neither,0.03945320844208391,0.33037608806864915,0.630170703489267
yep,neither,0.03945320844208391,0.33037608806864915,0.630170703489267
INdeed,neither,0.03945320844208391,0.33037608806864915,0.630170703489267
That is what the tittle says,neither,0.051834483925024835,0.3538202904533751,0.5943452256216001
like the Yale log,neither,0.05221726157922605,0.3281365387606511,0.6196461996601229
zat iz cohhect,neither,0.03945320844208391,0.33037608806864915,0.630170703489267
cool thnx,neither,0.03945320844208391,0.33037608806864915,0.630170703489267
Bidet from Honolulu aka The Bay of Gifts,neither,0.039545216134100045,0.30563870448204433,0.6548160793838556
it's something similar to that,neither,0.040438052388998794,0.36797751872673107,0.5915844288842702
lol,neither,0.020706217963973744,0.4882283491876925,0.4910654328483337
Bay of Jiffts,neither,0.03945320844208391,0.33037608806864915,0.630170703489267
"someone there should probably tell them to change the ""Coming up: talks machina"" thing",neither,0.058180466728355994,0.35012939196206716,0.5916901413095768
first talks since the last critmas episode lol,neither,0.028440375338551295,0.3601391158143653,0.6114205088470834
to critmas or whatever,neither,0.049251185757790854,0.32472741497156243,0.6260213992706466
@Rav_Bunneh it is pronounced jiffs,neither,0.04677099400442381,0.32785916605229437,0.6253698399432819
omg,neither,0.03945320844208391,0.33037608806864915,0.630170703489267
Is there any music playing or is it just my system,neither,0.03705868085706055,0.37009249651005266,0.5928488226328869
oh boy,neither,0.04768565599480007,0.25364348607606696,0.698670857929133
he's looking at usd,neither,0.04637621607658712,0.36265428758331597,0.590969496340097
he saw us,neither,0.11087604824248043,0.31359863344552885,0.5755253183119907
dnbdkvfhjd,neither,0.03945320844208391,0.33037608806864915,0.630170703489267
lol,neither,0.020706217963973744,0.4882283491876925,0.4910654328483337
BOOO,neither,0.03945320844208391,0.33037608806864915,0.630170703489267
Denise is on camera!,neither,0.04602348369276723,0.34429234984159357,0.6096841664656392
monkaS,neither,0.03945320844208391,0.33037608806864915,0.630170703489267
And gone.,neither,0.038029777355105245,0.26249059793277674,0.699479624712118
O.O,neither,0.03945320844208391,0.33037608806864915,0.630170703489267
watermark looks odd,neither,0.03945320844208391,0.33037608806864915,0.630170703489267
no music for me either,neither,0.02610485050981733,0.3541813529135235,0.6197137965766591
Awwwwwwwwwwwwkward Kappa,neither,0.03945320844208391,0.33037608806864915,0.630170703489267
i didn't take the cookies,neither,0.024327716241382243,0.35836053655589234,0.6173117472027255
Oliinc14 no music,neither,0.038127286129867946,0.3528804500884448,0.6089922637816872
