text,top_class,hate_speech,offensive_language,neither
Why do I find Virginians after I move to Tucson?,neither,0.03886940022452469,0.25135961217264996,0.7097709876028254
@ohgreatthatsjustgreat real nice,offensive_language,0.029805744322262063,0.5063261629710147,0.4638680927067233
Bidet from New York,neither,0.044690599332616286,0.20708884905532376,0.7482205516120599
Beep beep from Western MA,neither,0.034183873238019254,0.4198104583506768,0.5460056684113038
Bidet from a Wisconsin Critter,neither,0.04071751644889743,0.3089174816120565,0.6503650019390461
shout out to Kelowna,neither,0.041968335672819684,0.34720595331552967,0.6108257110116507
#VACritters,neither,0.03945320844208391,0.33037608806864915,0.630170703489267
BIDET,neither,0.03945320844208391,0.33037608806864915,0.630170703489267
HYPEEEE,neither,0.03945320844208391,0.33037608806864915,0.630170703489267
bidet!,neither,0.03945320844208391,0.33037608806864915,0.630170703489267
Aussie critter reporting in,neither,0.03945320844208391,0.33037608806864915,0.630170703489267
wheniscriticalrole.com,neither,0.03945320844208391,0.33037608806864915,0.630170703489267
"Art is playing, REFRESH NOW",neither,0.045746425938949106,0.32821156199219703,0.6260420120688538
so excited first live viewing tonight,neither,0.03513525145110848,0.3448071166203869,0.6200576319285047
North of TX but south of KS,neither,0.036955007976276946,0.33774776289429714,0.6252972291294259
Yay Fan art,neither,0.03945320844208391,0.33037608806864915,0.630170703489267
"Bidet from Davis, CA!",neither,0.04048957334599056,0.31278627095248074,0.6467241557015287
hello all,neither,0.04217753453783664,0.43734383323855475,0.5204786322236087
It's Thursday my dudes. BlessRNG,neither,0.027176770590922265,0.417999444957747,0.5548237844513306
"I remember in the Wild West charity game they did Matt had Travis' character make a ""Spirit"" check for his endeavors in a brothel!",neither,0.045502370961821345,0.29487059242216096,0.6596270366160176
bidet!,neither,0.03945320844208391,0.33037608806864915,0.630170703489267
the environment hereis couldnt be more perfect,neither,0.04045657028257551,0.3138173782707001,0.6457260514467245
there's the song I already had stuck in my head,neither,0.02838464389652207,0.3882155066405226,0.5833998494629554
gandsSubHype gandsSubHype gandsSubHype gandsSubHype gandsSubHype,neither,0.03945320844208391,0.33037608806864915,0.630170703489267
I still want terry/gilmore,neither,0.038288473916235514,0.350144672687186,0.6115668533965786
Bidet from Oklahoma,neither,0.04066490145509902,0.30981049537100724,0.6495246031738937
new setr hype? :O,neither,0.04389774103521448,0.21835503858285815,0.7377472203819273
Bidet,neither,0.03945320844208391,0.33037608806864915,0.630170703489267
*set,neither,0.03945320844208391,0.33037608806864915,0.630170703489267
Am I the only one who hopes the Trickfoot family curse is literally on their feet,neither,0.040727560728877295,0.36993614902497046,0.5893362902461523
East TN critter,neither,0.03945320844208391,0.33037608806864915,0.630170703489267
@TaskerIronGrasp it a bit green up there though :P,neither,0.03680747593554278,0.31405586560097337,0.6491366584634839
<3 ART!! :) ty so much all u crazily talented peeps!! :),neither,0.03803037278353876,0.4055850048764592,0.5563846223400021
Bidet from the Minnesote! Great to see everyone again.4th week of live viewing and still as excited as if it was my first live view,neither,0.02547145617630753,0.42345677314126556,0.551071770682427
bidet from Sweden,neither,0.04228451509352876,0.2823214250720796,0.6753940598343917
Bidet!,neither,0.03945320844208391,0.33037608806864915,0.630170703489267
Bidet?,neither,0.03945320844208391,0.33037608806864915,0.630170703489267
Estonian critter here?,neither,0.22097653003277068,0.2221615150675793,0.55686195489965
Bidet from Spain!,neither,0.04228451509352876,0.2823214250720796,0.6753940598343917
"Thank you for the art notification squad, I love the gallery and music.",neither,0.04035466697733393,0.30694584271134345,0.6526994903113226
Bidet,neither,0.03945320844208391,0.33037608806864915,0.630170703489267
the art is up,neither,0.04444648115789067,0.3676958129792404,0.5878577058628688
bIDET FROM vANCOUVER!,neither,0.04228451509352876,0.2823214250720796,0.6753940598343917
"The Crit Art lead in up now playing , REFRESH if you do not see it",neither,0.03314612504522971,0.41498126170044525,0.551872613254325
Oh yeah bidet from Australia!,neither,0.029199059375072566,0.373335595201685,0.5974653454232424
@Vance1982 New set made?!?,neither,0.04359598065281372,0.2263785065940702,0.7300255127531161
Not a fan of the trickfoots personally,neither,0.03744839812137715,0.3199379238952281,0.6426136779833946
okay,neither,0.03945320844208391,0.33037608806864915,0.630170703489267
woop,neither,0.03945320844208391,0.33037608806864915,0.630170703489267
WHY AM I YELLING!,neither,0.027421797232652426,0.3474543422538926,0.6251238605134549
Bidet guys,neither,0.03922184957078739,0.3343028519130907,0.6264752985161218
@ohgreatthatsjustgreat its even greener down here haha,neither,0.059853699261335845,0.3707695153589076,0.5693767853797566
sup fedorak,neither,0.03945320844208391,0.33037608806864915,0.630170703489267
how do you wanna do this?,neither,0.06170693084137158,0.38136336764031187,0.5569297015183166
Aw god I love the critter art,neither,0.03627973966930431,0.3277113303059992,0.6360089300246965
so it is thursday yet?,neither,0.04607896918605188,0.3738112392455039,0.5801097915684442
The recap page I like is Project Derailed!,neither,0.05402268470318461,0.3266503674304422,0.6193269478663732
could someone explain to me what bidit means?,neither,0.042698321047660776,0.35604477192459993,0.6012569070277393
"Bidet from Queensland, Australia!",neither,0.04062582848913359,0.31047366557575606,0.6489005059351104
:),neither,0.03945320844208391,0.33037608806864915,0.630170703489267
It's not properly started yet has it?,neither,0.03669413202079739,0.32966597298232186,0.6336398949968807
no,neither,0.036918905254960256,0.37338982715841207,0.5896912675866277
"Not much at all Anduvius, do I know you?",offensive_language,0.05532321386437354,0.5251308754199134,0.41954591071571307
grand poobah!,neither,0.03945320844208391,0.33037608806864915,0.630170703489267
I am so excited for this week!,neither,0.03360887293553646,0.34252663680845735,0.6238644902560062
bidet from malaysia,neither,0.04228451509352876,0.2823214250720796,0.6753940598343917
Ogden reminded me of Aemon Targaryen,neither,0.031166573536568754,0.37571711395450597,0.5931163125089253
Bidet from The Netherlands.... (relatively) free since exactly 72 years now! :),neither,0.03952985300288861,0.30953585790152316,0.6509342890955881
hi,neither,0.03945320844208391,0.33037608806864915,0.630170703489267
Good Early Morning from Poland :),neither,0.04938681779865989,0.14740286707683242,0.8032103151245077
@theonlycalamariking Bidet from East TN as well!,neither,0.03864312445631639,0.3441253274578587,0.617231548085825
Live long and prosper everyone,neither,0.03724852051942557,0.3797153134881833,0.583036165992391
the art is always amasing <3,neither,0.045320260773804,0.36902866953757574,0.5856510696886202
"Do people send in the critter art, or do they just have to tag it on social media?",neither,0.05344229147673331,0.3412998622401019,0.6052578462831648
"Bidet is Grog's misunderstanding of the term ""Good Day"".",neither,0.046843765571279644,0.2962968107595213,0.656859423669199
i fell asleep half way through last episode can someone catch me up,neither,0.03233520043620025,0.4108887060793089,0.5567760934844908
hello,neither,0.03945320844208391,0.33037608806864915,0.630170703489267
Bidet from NY!,neither,0.04084513770590474,0.30675141581570226,0.6524034464783931
BIDET from Arizona,neither,0.04078317879478948,0.307803020237201,0.6514138009680096
aqua. once you're caught up it will make more sense,neither,0.06274004910571926,0.354008452650872,0.5832514982434087
nope just saying heya glad to see you,neither,0.04629953215412735,0.39091673761531587,0.5627837302305568
Bidet fellow critters anyone else stupidly excited for this week,neither,0.035143846065825,0.31023550645791326,0.6546206474762617
You Spice?,neither,0.06371933836109143,0.39692838513161777,0.5393522765072908
guess ill stick around to see if this critical roll show is any good,neither,0.04290833215241877,0.31895365047573315,0.6381380173718479
Hello Critters,neither,0.03945320844208391,0.33037608806864915,0.630170703489267
woooooooooo,neither,0.03945320844208391,0.33037608806864915,0.630170703489267
ive missed the past 3 weeks lol,neither,0.033049610016116074,0.35829602439512226,0.6086543655887617
"Bidet from York, UK!",neither,0.040494493926683035,0.31270275585643714,0.6468027502168799
@cyrusargul about 18 minutees of Crit Art before the episode #96 begins,neither,0.03567313862927969,0.3761105538782678,0.5882163074924525
hey @RonTheRBDM !,neither,0.03945320844208391,0.33037608806864915,0.630170703489267
i am allways blown away every week by all the amazing fan art,neither,0.04132117328258519,0.37355042163370944,0.5851284050837053
"Bidet is from an earlier episode....Grog mis-said ""Good day"" as ""Bidet"" in the feywild",neither,0.043137485703219944,0.3170854237182662,0.639777090578514
bidet from Calgary!,neither,0.04228451509352876,0.2823214250720796,0.6753940598343917
Bidet from the Philly suburbs!,neither,0.03956218741162876,0.30142559841807587,0.6590122141702953
Bidet,neither,0.03945320844208391,0.33037608806864915,0.630170703489267
gandsSCANLAN gandsSCANLAN gandsSCANLAN spice?,neither,0.03945320844208391,0.33037608806864915,0.630170703489267
"@TaskerIronGrasp I bet , your at the bottom of the country as well, wonder if you get better summers? :P",neither,0.05073691478294052,0.39718514432139285,0.5520779408956666
Bidet from the Moon!,neither,0.0396159011595865,0.28865917289828685,0.6717249259421266
gandsSubHype gandsLessthanthree,neither,0.03945320844208391,0.33037608806864915,0.630170703489267
I'm stupidly excited for EVERY week,neither,0.033614651393631685,0.30121869849747807,0.6651666501088903
Bidet from Minnesota :D <3,neither,0.04071751644889743,0.3089174816120565,0.6503650019390461
Bidet from holland!,neither,0.04228451509352876,0.2823214250720796,0.6753940598343917
Afternoon from the land down under (Australia),neither,0.03953402116700622,0.3084703863434906,0.6519955924895032
"Bidet from Pontiac, Michigan!!",neither,0.04037273474496936,0.3147693269362608,0.6448579383187697
Can't wait to see more of the Trickfoot's,neither,0.04844338747869274,0.2934006242970838,0.6581559882242235
Bidet from sweden,neither,0.04228451509352876,0.2823214250720796,0.6753940598343917
fancy toilet from Texas,neither,0.04031202491300584,0.3157997312247179,0.6438882438622764
"speaking of art, anyone wanting to draw an awesome Half-drow monk?",neither,0.043388734462541295,0.32510114970989507,0.6315101158275637
"And well, it's become rather a thing ;)",neither,0.03748155213393889,0.2950698301603686,0.6674486177056925
gandsTrinketArmor gandsTrinketArmor gandsTrinketArmor,neither,0.03945320844208391,0.33037608806864915,0.630170703489267
Hey yall,neither,0.0373829100190767,0.36551445535541816,0.5971026346255053
Bidet from the UK,neither,0.039613273355342184,0.2892653269430044,0.6711213997016535
The pic of Matthew was amazing,neither,0.03605199862336191,0.3652187022404277,0.5987292991362105
Beep Beep from California,neither,0.06971251856910227,0.2972619859879888,0.633025495442909
yo first time,neither,0.029055373916345374,0.4580261623259324,0.5129184637577222
don't let Teryon find the flute-pipe,neither,0.029676959445233773,0.2711767709074048,0.6991462696473614
Did anyone see the Transport Canada recall issued today on May the 4th?,neither,0.037139812422420905,0.2977550717503137,0.6651051158272654
"beepbeep from kansas, usa",neither,0.040402255548430084,0.3142682818583747,0.6453294625931952
@Otaku_Bri My commissins are open atm,neither,0.048157584514560314,0.3684754936377318,0.5833669218477079
BIDET FROM BRAZIL,neither,0.04079557052152802,0.30759270029461827,0.6516117291838538
"And Beep Beep is Grog's misunderstanding of the greeting ""Be Pleased"".",neither,0.0468880274403199,0.27442665759710577,0.6786853149625742
i'm listening to this while raiding with my guild in WoW. lol,neither,0.022222658378400685,0.4676651112189672,0.5101122304026321
"Man, I love all these talented artists",offensive_language,0.046419209993609344,0.5360437463870332,0.4175370436193575
Do they still get the money when you subscribe with Twitch Prime?,neither,0.03335610105488932,0.42105094675522337,0.5455929521898873
bidet from Denver,neither,0.04069404815304118,0.30931579984010865,0.6499901520068502
Hey there!,neither,0.039367870622775906,0.26767823129172763,0.6929538980854965
woot i love twitch prime!,neither,0.03746552534022768,0.33955139751504343,0.622983077144729
how do i get prises,neither,0.04095016486982987,0.344293367367076,0.614756467763094
Bidet from Victoria!!,neither,0.04071751644889743,0.3089174816120565,0.6503650019390461
Australia almost Lunch Time,neither,0.03853822410082382,0.34590576025867975,0.6155560156404964
not me,neither,0.022550859986703052,0.42744074840138796,0.5500083916119091
MAT THE FOURTH BE WITH YOU ALL,neither,0.042423363318701224,0.450646331344462,0.5069303053368369
Wshington is destroying Boston. Good can turn it off early.,neither,0.044708554569052324,0.30824259068989485,0.6470488547410529
Beep Beep from california,neither,0.06971251856910227,0.2972619859879888,0.633025495442909
"@Otaku_Bri I have requests open, contact me at NanamiCrocker in Tumblr",neither,0.03393849442058187,0.3762712851713676,0.5897902204080505
"Just finished The Adventure Zone, now time for Critical Role!",neither,0.03281394979340894,0.3272362806710863,0.6399497695355049
trickfoot,neither,0.03945320844208391,0.33037608806864915,0.630170703489267
bidet~ and wow this fanart,neither,0.03823119991679471,0.274407670737306,0.6873611293458993
"Wierd, my twitch app said there were no viewers",neither,0.03283659102772118,0.34896792799742155,0.6181954809748573
Only flute Taryon wants is the ol' skin fl-...no that's not fair.,neither,0.03979677654625683,0.35269874411526125,0.6075044793384818
greetings and salutations fellow critters gandsSubHype,neither,0.03847354642549547,0.27932863474708153,0.682197818827423
what happened?! everything is purple!,neither,0.052157145216882285,0.3242181460842446,0.623624708698873
@What time does the show start?,neither,0.04005253963147213,0.3895791883801562,0.5703682719883716
"If you didnt do it yet, Refresh the page.",neither,0.034641252816845575,0.3872769048112374,0.578081842371917
@Birainbowdragon yes,neither,0.03945320844208391,0.33037608806864915,0.630170703489267
Bidet from CT! Hope everyone is well.,neither,0.07197760773004537,0.3061517032120662,0.6218706890578884
"Bidet from Missouri, USA",neither,0.040402255548430084,0.3142682818583747,0.6453294625931952
@FlamiaxeCriter welcome to the chat,neither,0.045511251949157526,0.30976617680463725,0.6447225712462051
@Birainbowdragon yes,neither,0.03945320844208391,0.33037608806864915,0.630170703489267
Bidet from Canada!,neither,0.04071751644889743,0.3089174816120565,0.6503650019390461
"Bidet from Midland, MI",neither,0.04081748366884477,0.3072207769958956,0.6519617393352596
gandsLessthanthree gandsLessthanthree gandsLessthanthree gandsSubHype gandsSubHype gandsSubHype,neither,0.03945320844208391,0.33037608806864915,0.630170703489267
hey,neither,0.03945320844208391,0.33037608806864915,0.630170703489267
Bidet from Utah,neither,0.04066490145509902,0.30981049537100724,0.6495246031738937
I love all the Crit art,neither,0.036868929979043334,0.40657546344711654,0.5565556065738402
"first time live stream, 2:45am",neither,0.03568856168324867,0.348792641828763,0.6155187964879882
bidet from port isabel,neither,0.04066490145509902,0.30981049537100724,0.6495246031738937
bidet from Michigan,neither,0.040769555981420263,0.3080342349327864,0.6511962090857933
was that a dead cat mace?,neither,0.03617844379504093,0.36650354743360447,0.5973180087713545
May the Fourth Be with You,neither,0.042534564830984986,0.37420261744433236,0.5832628177246826
"I don't think the curse applies to Pike, I mean she's already died once right?",neither,0.04251598328436563,0.3812336180038001,0.5762503987118343
Glad to see you too Anduvius. How are you today?,neither,0.12423133790142775,0.34229898882779825,0.533469673270774
May the 4th be with you!!,neither,0.04270949860934483,0.37664407386789883,0.5806464275227564
Be pleased from Hawaii,neither,0.040723071547400645,0.3185391020804167,0.6407378263721828
Bidet from New Zealand,neither,0.046710622032705686,0.1542697019613409,0.7990196760059534
Welcome all who are watching live for the first time!,neither,0.04879436582819461,0.3724051390560962,0.5788004951157092
bidet from a foggy İstanbul early morning...,neither,0.051067962724605086,0.13324339580103822,0.8156886414743567
Bidet from California it's hot as balls atm 95,neither,0.054419490552030214,0.4317544020532264,0.5138261073947434
Bidet from little old Vermont,neither,0.04049413175707326,0.3127089028199024,0.6467969654230245
Bidet from Minnesota!,neither,0.04071751644889743,0.3089174816120565,0.6503650019390461
Greetings all from MKE,neither,0.046953908045590145,0.46253302838538923,0.4905130635690207
SO excited for more pike awkwardness,neither,0.034437693681775614,0.33292185056614454,0.6326404557520797
Bidet from Alabama,neither,0.04078317879478948,0.307803020237201,0.6514138009680096
bidet from Boston,neither,0.040769555981420263,0.3080342349327864,0.6511962090857933
so excited for tonight​s game,neither,0.03164495242101345,0.2893784051646822,0.6789766424143044
<3 message me that so I can actually look for it,neither,0.026794078082628212,0.40045793515259237,0.5727479867647793
bidet,neither,0.03945320844208391,0.33037608806864915,0.630170703489267
"throws a pillow at @smitherington Kit, is that you?",neither,0.05393046662699769,0.4108553875794782,0.535214145793524
Bidet from Pa,neither,0.04069404815304118,0.30931579984010865,0.6499901520068502
bidet from montreaL!!! is every body ready for tomorrow being revenge of the fifth?( yes i know bad starwars joke,neither,0.03626386428493596,0.31262077896194423,0.6511153567531197
"@rasnac_khan props to you, dude",neither,0.06768257035364134,0.37566085155377466,0.5566565780925842
so not ready for pike's awkward *** family,neither,0.03336962705885272,0.34398905634146587,0.6226413165996814
Bidet from Duluth Mn,neither,0.040737273169946825,0.30858215849491494,0.6506805683351382
bidet from Newfoundland:),neither,0.04228451509352876,0.2823214250720796,0.6753940598343917
bidet from long island ny,neither,0.04017944379920894,0.3128524409485844,0.6469681152522065
Bidet from Texas o/,neither,0.040937266849991,0.30518774380265185,0.6538749893473571
beep beep from Michigan,neither,0.040769555981420263,0.3080342349327864,0.6511962090857933
my Birthday is in 4 days,neither,0.03408589563781328,0.4245882749188411,0.5413258294433457
Bidet!!!!1,neither,0.03945320844208391,0.33037608806864915,0.630170703489267
Bidet from Wisconsin,neither,0.04071751644889743,0.3089174816120565,0.6503650019390461
"Bidet from SoCal, all!",neither,0.042694513426253154,0.3885514576687511,0.5687540289049957
Bidet from the great District of Columbia -- taxation without representation,neither,0.03809016687329271,0.28403241535243,0.6778774177742775
@ohgreatthatsjustgreat there pretty good. all green fields as far as the eyes could see and the infinate amount of beaches and coast lines.... ahhh.... its alright i guess. take it for granted realy.,neither,0.03339307652416936,0.2962824328555442,0.6703244906202863
woot it's my first live,neither,0.02679451606784272,0.4054638871115283,0.5677415968206291
bidet every one,neither,0.03793799131502683,0.38595718189369205,0.5761048267912812
Can't wait to finally delve into Pike's storyline! a,neither,0.04669790051499954,0.3216128810569676,0.6316892184280328
Bidet from Ottawa,neither,0.04228451509352876,0.2823214250720796,0.6753940598343917
anyone else in loading hell?,offensive_language,0.04154741303245474,0.7482209598241201,0.21023162714342516
so excited,neither,0.03940839469474773,0.3948270312238364,0.565764574081416
beep beep,neither,0.03945320844208391,0.33037608806864915,0.630170703489267
This art is amazing as per usual haha!,neither,0.04015479228661594,0.3921326331506018,0.5677125745627822
I was watching Geek and Sundry on Xbox Twitch app and got a rare achievement for watching Twitch channels with fewer than 10 views for a lot of hours....,neither,0.0308172470379656,0.31976169653778475,0.6494210564242497
Bidet,neither,0.03945320844208391,0.33037608806864915,0.630170703489267
Bidet from SoCal,neither,0.04062582848913359,0.31047366557575606,0.6489005059351104
@Mr_Samhain Ayyyy another Minnesotan!,neither,0.1972848274561706,0.17136376144574766,0.6313514110980817
@reaver_606 Texassss,neither,0.03945320844208391,0.33037608806864915,0.630170703489267
gotta finish my drink soon before I laugh so hard n spit it out,offensive_language,0.024527727265723782,0.560127870239771,0.4153444024945052
"Poor Pike, many of us really feel this arc from personal experience.",neither,0.060481703312330916,0.317802178483112,0.6217161182045571
So are they starting a new game with new characters or starting a new story with their characters?,neither,0.04194263951271733,0.24143464059389275,0.71662271989339
bidet from the UK,neither,0.039613273355342184,0.2892653269430044,0.6711213997016535
bidet from Bochum Germany,neither,0.04069404815304118,0.30931579984010865,0.6499901520068502
@aleph_sharp W00T,neither,0.03945320844208391,0.33037608806864915,0.630170703489267
Bidet and May the 4th be with you from Kansas City! :),neither,0.04161868891948046,0.31813185590510984,0.6402494551754097
LI in the house,neither,0.03855373154977686,0.31392149645018885,0.6475247720000343
\o/,neither,0.03945320844208391,0.33037608806864915,0.630170703489267
still 16 mins to wait,neither,0.04449296895859683,0.3398761452532679,0.6156308857881352
"Bidet from Vancouver, Canada",neither,0.04071751644889743,0.3089174816120565,0.6503650019390461
@rontherbdm Xbox twitch yeah,neither,0.025882591889240702,0.42297892008931826,0.551138488021441
They will be starting a new character game after the end of this arc and they reach level 20.,neither,0.040721737573133805,0.2367426322418366,0.7225356301850296
gandsSubHype gandsSubHype,neither,0.03945320844208391,0.33037608806864915,0.630170703489267
Bidet!,neither,0.03945320844208391,0.33037608806864915,0.630170703489267
@CarrieC08 and also with you,neither,0.041127178707704555,0.38897589457160686,0.5698969267206886
bidet from Manchester,neither,0.04066490145509902,0.30981049537100724,0.6495246031738937
sup total,neither,0.03945320844208391,0.33037608806864915,0.630170703489267
wooooooooo,neither,0.03945320844208391,0.33037608806864915,0.630170703489267
Bidet from Oregon gandsGandsVaxSigil,neither,0.04071751644889743,0.3089174816120565,0.6503650019390461
may the forth be with you all!,neither,0.04465712787225924,0.44971840339622415,0.5056244687315167
"OH MY GOD, MY FIRST LIVE STREAM VIEWING!!!!!! I'M SO EXCITED!",neither,0.027834116636826323,0.42952267893174023,0.5426432044314334
beep beep,neither,0.03945320844208391,0.33037608806864915,0.630170703489267
"15 mins, then... I WOULD LIKE TO RAGE",neither,0.05259731262530906,0.33448581834529495,0.6129168690293959
fixed it!,neither,0.03763529989067434,0.33100135018077087,0.6313633499285548
HeyGuys,neither,0.03945320844208391,0.33037608806864915,0.630170703489267
"bidet from Savannah, GA",neither,0.040737273169946825,0.30858215849491494,0.6506805683351382
"lol my sister just came in and told me she ran over a reindeer on the street, brought it home and wants to prepare a meal with it now",neither,0.022662048826377297,0.4234166283214226,0.5539213228522001
"Bidet from Chattanooga, TN",neither,0.040769555981420263,0.3080342349327864,0.6511962090857933
bidet from PA! friend me if you're in LhV!,neither,0.04168262992779391,0.4117902429509991,0.5465271271212071
gandsGandSKiki gandsGandSKiki gandsGandSKiki,neither,0.03945320844208391,0.33037608806864915,0.630170703489267
I wonder if they will be making new characters tonight,neither,0.02894555766414046,0.2666934807176255,0.7043609616182339
"But this arc could be a fairly long one, this is likely the God Killer arc.",neither,0.04046560863941374,0.3414916804862416,0.6180427108743446
"Bidet all, and happy Thursday!",neither,0.04019550191008921,0.35875057150886325,0.6010539265810476
Bidet from Ireland,neither,0.04066490145509902,0.30981049537100724,0.6495246031738937
@Anduvius YO hows it goin,neither,0.038255305508865724,0.3967731312431425,0.5649715632479918
beep beep,neither,0.03945320844208391,0.33037608806864915,0.630170703489267
gandsAJinSpace gandsSCANLAN gandsHR,neither,0.03945320844208391,0.33037608806864915,0.630170703489267
uptime,neither,0.03945320844208391,0.33037608806864915,0.630170703489267
It begins!,neither,0.037828236809968684,0.3309349903269868,0.6312367728630445
NO!!!!!!!,neither,0.036918905254960256,0.37338982715841207,0.5896912675866277
!clock 15 minutes until Episode #96 Of Critical Role,neither,0.03945320844208391,0.33037608806864915,0.630170703489267
It is currently 6:45 PM at the Geek & Sundry studio in California.,neither,0.052256995368747255,0.32953140600233183,0.6182115986289209
Bidet,neither,0.03945320844208391,0.33037608806864915,0.630170703489267
and matt has said they will start at level 2 for the next campaign,neither,0.03523436643633447,0.2851246450952927,0.6796409884683728
catching it live! woo!,neither,0.041981829938708214,0.32950637918449777,0.6285117908767941
bidit form Adelaide Australia,neither,0.03945320844208391,0.33037608806864915,0.630170703489267
We have a subscriber-only Discord server! Join here: https://discord.gg/geekandsundry (you'll need to sub and link it to your Twitch) and be a part of the fun!,neither,0.09599275848176793,0.2819530604707182,0.6220541810475139
beep bleep from Nebraska,neither,0.04062582848913359,0.31047366557575606,0.6489005059351104
@ShoopusMyW0opus Welcome to the live stream :D,neither,0.04887779871877468,0.3115711294313891,0.6395510718498363
Who's super excited for more deck of many things!,neither,0.0367557631774625,0.34326602522148236,0.6199782116010552
Bidet from Iowa! Who else ordered their new Vox Machina shirts?,neither,0.04308795591660156,0.2998785291867638,0.6570335148966346
bidet USA SC,neither,0.03945320844208391,0.33037608806864915,0.630170703489267
Reindeer steaks then?,neither,0.03945320844208391,0.33037608806864915,0.630170703489267
"Bidet from Grovetown, GA!",neither,0.040737273169946825,0.30858215849491494,0.6506805683351382
Is sam back for this weeks episode?,neither,0.04039961294672716,0.30662152449190094,0.6529788625613719
"I think I might be asleep in 15 minutes. I'll watch the replay. Have a good one, Critterinos.",neither,0.041313433337772563,0.33966805812768713,0.6190185085345404
WHIS MY MOTHER'S NAME,neither,0.026283471467992908,0.43524523591535264,0.5384712926166544
Bidet from Ottawa!,neither,0.04228451509352876,0.2823214250720796,0.6753940598343917
#TRAVISMVP frack yeah,offensive_language,0.013968601452186464,0.5182923869769311,0.4677390115708824
My 2nd live show.... had a blast last week,neither,0.043507218830313735,0.3360359894322098,0.6204567917374765
Pike!,neither,0.03945320844208391,0.33037608806864915,0.630170703489267
!uptime,neither,0.03945320844208391,0.33037608806864915,0.630170703489267
yeah it was level 2 and a half,neither,0.023439487750554117,0.3980876007104849,0.5784729115389612
yo all kttHey,offensive_language,0.0442429900723323,0.6692139528629907,0.2865430570646771
European butt cleaner to all,neither,0.05092494443832479,0.42177473869866644,0.5273003168630088
@ShoopusMyW0opus NICE! WELCOME gandsDrink gandsSCANLAN gandsMatt,neither,0.03945320844208391,0.33037608806864915,0.630170703489267
bidet from texas :) may the fourth be with you all,neither,0.04466343435931108,0.41285440406811885,0.54248216157257
I don't think they'll be done when they hit level 20. That's' when they get to fight gods and shape worlds. >_>,neither,0.031126065312914036,0.37979644407896923,0.5890774906081168
I really want one of the shirts,neither,0.03796898019801667,0.3410035969247742,0.6210274228772092
"So stoked for more Trickfoot shenanigans, and some God War",neither,0.03015028080951589,0.31340201780242877,0.6564477013880554
Hey,neither,0.03945320844208391,0.33037608806864915,0.630170703489267
his instagram was showing him in NY,neither,0.05710404317486643,0.35496803822109707,0.5879279186040365
Bidet from Brazil,neither,0.04079557052152802,0.30759270029461827,0.6516117291838538
i am so looking forward to this 1 year,neither,0.04481134146133547,0.36628766373119886,0.5889009948074657
Bidet from Nazgul,neither,0.04228451509352876,0.2823214250720796,0.6753940598343917
Do you really want to start on a quest inspired by *that* family?,neither,0.050911429876376375,0.41801072643703246,0.5310778436865913
You mean they aren't going to play epic level? i was so hoping to see Matt's take on over levels. gandsMatt,neither,0.049396461303775605,0.3911549208378119,0.5594486178584125
Bidet from Quebec,neither,0.04228451509352876,0.2823214250720796,0.6753940598343917
@Pervon why thank you sir pervon!,neither,0.04114582605739354,0.4077395316709372,0.5511146422716693
"Bidet from Austin, TX",neither,0.0404991143919742,0.31262433450199256,0.6468765511060333
bidet from Illinois!,neither,0.04069404815304118,0.30931579984010865,0.6499901520068502
"Could be just as long as the Chroma Conclaive arc, so don't plan on seeing the new characters for a while.",neither,0.032492427784290685,0.3283191795869423,0.639188392628767
Who's arc is it now liams?,neither,0.04641513300309085,0.39046086283671255,0.5631240041601967
hoping for a star wars rpg one shot,neither,0.034701325859241995,0.33042036658398694,0.6348783075567711
@thesweetlamb I'm wearing mine...the fabric is incredibly soft for a t-shirt! it's awesome!,neither,0.0389141526262327,0.3048353367080726,0.6562505106656947
I'm glad to see you all every week,neither,0.06762138310880107,0.45070376746782537,0.4816748494233736
How do people keep up with chat!,neither,0.049454848867002896,0.40786507681856426,0.5426800743144329
Sup Nerds!,neither,0.03945320844208391,0.33037608806864915,0.630170703489267
bidet,neither,0.03945320844208391,0.33037608806864915,0.630170703489267
bidet from naziland,neither,0.04228451509352876,0.2823214250720796,0.6753940598343917
SPOON TM,neither,0.03945320844208391,0.33037608806864915,0.630170703489267
"so, is it Thursday yet? I need to check my calendar.",neither,0.03924132859032155,0.42730224341475304,0.5334564279949254
"FRENCH..... not EU, we just TP our butts here tyvm...",neither,0.06586178434847002,0.3240546019911789,0.610083613660351
Currently it's Pike.,neither,0.037554805750496786,0.33102903580668525,0.6314161584428181
bidet from montreal,neither,0.04062582848913359,0.31047366557575606,0.6489005059351104
Bets on if Grog will draw a card again? :D,neither,0.023740685066463305,0.3902419204321611,0.5860173945013757
Ausi ausi ausi,neither,0.03945320844208391,0.33037608806864915,0.630170703489267
Its Pikes Arc,neither,0.03309144916294284,0.33256418880705063,0.6343443620300065
Spice,neither,0.03945320844208391,0.33037608806864915,0.630170703489267
Bidet to the mercenaries of the Manticore's End!,neither,0.04616336132014615,0.2863247808021962,0.6675118578776575
@queen_mog happy birthday!,neither,0.03945320844208391,0.33037608806864915,0.630170703489267
@Vania2097 yes though she might be late according to last week,neither,0.0450998162160192,0.3851857170696422,0.5697144667143385
bidet,neither,0.03945320844208391,0.33037608806864915,0.630170703489267
bidet from Chicago,neither,0.04078317879478948,0.307803020237201,0.6514138009680096
Got mine in the mail today. SO soft.,neither,0.03666200172135726,0.36640425589462783,0.596933742384015
I'm looking forward to starting to seeing them start a fresh campaign,neither,0.05690556442756483,0.3206771871999754,0.6224172483724597
hey what ti do to win prizes,neither,0.0518178670168868,0.32302691349983575,0.6251552194832775
I think they said Ashley will get here late today,neither,0.06989390684473654,0.2726388459777695,0.6574672471774938
Bidet from NE Ohio.,neither,0.040417606421261354,0.3140077374838422,0.6455746560948964
@queen_mog Happy Birthday!!,neither,0.03945320844208391,0.33037608806864915,0.630170703489267
"I don't often get to watch live as it's on at 3am here. I""m so excited to be here",neither,0.11004035714462938,0.3451503182206918,0.5448093246346789
happy birthday!!!,neither,0.03945320844208391,0.33037608806864915,0.630170703489267
@queen_mog Happy CAKE DAY!,neither,0.040008174456636514,0.3139888484443207,0.6460029770990428
Bidet from Boston,neither,0.040769555981420263,0.3080342349327864,0.6511962090857933
oi oi oi,neither,0.03945320844208391,0.33037608806864915,0.630170703489267
"Bidet from Lewiston, Maine",neither,0.04069404815304118,0.30931579984010865,0.6499901520068502
Bidet from Ohio,neither,0.040754399270683486,0.3082914838698526,0.650954116859464
@RonTheRBDM I should probably buy one. Can't get enough of soft shirts,neither,0.045782979519743416,0.39276550625831735,0.5614515142219392
oh ya pike,offensive_language,0.02498326989824203,0.6541070264576702,0.3209097036440878
Happy Birthday @queen_mog,neither,0.03945320844208391,0.33037608806864915,0.630170703489267
bidet from Quebec :3,neither,0.04228451509352876,0.2823214250720796,0.6753940598343917
even though I will miss the old characters,neither,0.03397140744670877,0.31343574486217946,0.6525928476911118
Bidet my fellow critters! I hope everyone is well. 0w0,neither,0.05682328108722976,0.3914325547509735,0.5517441641617967
Seriously worried about the deck of many things,neither,0.037722437243446934,0.3378793872077019,0.6243981755488511
Hi everyone!,neither,0.032490659208996964,0.4485487193596734,0.5189606214313296
"@Vania2097 i think so, she said she would be at the end of the last episode didn't she?",offensive_language,0.03185233905830391,0.5152572504204063,0.45289041052128975
I really hope they draw another card before the campaign ends,neither,0.08878605458877396,0.24871821134058067,0.6624957340706453
Game killer that thing is,neither,0.042621686847529615,0.3273883146878905,0.6299899984645799
i wish twitch had the samn overlay as alpha with hp displays as well 😍,neither,0.031051088695322224,0.37775696258579056,0.5911919487188874
@iwontnamemyself Exactly. They'll play epic levels. Matt has even said he couldn't wait for them to be higher level so that he could throw stronger monsters at them.,neither,0.05252611021531154,0.3546285134714461,0.5928453763132424
Ayyyyyy,neither,0.03945320844208391,0.33037608806864915,0.630170703489267
How do I win prizes,neither,0.04137839964084249,0.32971392653459364,0.6289076738245638
so excited for my first time viewing the stream live,neither,0.026775772514844524,0.38964481879998353,0.583579408685172
Bidet,neither,0.03945320844208391,0.33037608806864915,0.630170703489267
happy Thursday everyone,neither,0.03355760225671494,0.4304399113404305,0.5360024864028545
gandsSubHype gandsSubHype gandsSubHype gandsSubHype,neither,0.03945320844208391,0.33037608806864915,0.630170703489267
2 more years and you get to drink ale,neither,0.06591964262211308,0.3249279826171793,0.6091523747607076
connor i hope you see this: Terry,neither,0.10486115642524815,0.25777136520247496,0.6373674783722768
Bidet from Ohio,neither,0.040754399270683486,0.3082914838698526,0.650954116859464
@astral_tzer welcome!,neither,0.03945320844208391,0.33037608806864915,0.630170703489267
The only time that I will probably be able to be subscriber so this will be interesting,neither,0.04124266262366885,0.36939660181646194,0.5893607355598692
"Yes, at the end of the last episode Ashley said they will be flying in tonight so they might be a little late.",neither,0.03785702472212734,0.32977535853679724,0.6323676167410754
"wait, will pike be here this week? thought she and brian are in mexico?",neither,0.09566064109470197,0.22733026452486754,0.6770090943804304
Bidet from the ADKs in NY,neither,0.03961085017323163,0.28982586113054776,0.6705632886962206
I would love a Scanlan comeback,neither,0.03573730324473607,0.33889717154711385,0.6253655252081503
Bidet <3 From Australia!,neither,0.04062582848913359,0.31047366557575606,0.6489005059351104
"Biidet from Fayetteville, Arkansas!",neither,0.04066490145509902,0.30981049537100724,0.6495246031738937
"Bidet from Newfoundland, Canada",neither,0.04071751644889743,0.3089174816120565,0.6503650019390461
I got ordered it last week and it came in on Wednesday...they are great for getting swag out to you! Thanks @GeekandSundry !!!,neither,0.04590087039537774,0.3583687434435518,0.5957303861610705
grog let that guy pull a wish card,neither,0.02453335955656386,0.39552577259522814,0.579940867848208
What if the Conclave came back as lich dragons?,neither,0.02692990658680536,0.38381631993452764,0.589253773478667
"Hello fellow critters, its my first live show today!",neither,0.03310104541318217,0.32275569432982815,0.6441432602569896
finally caught up so I can watch live! yes!,neither,0.04527800130101898,0.39826263640780973,0.5564593622911712
This is my first time watching live,neither,0.03149054315349041,0.4253585666815433,0.5431508901649664
Who thinks Scanlan's coming back?,neither,0.040116046283924435,0.39869326075895045,0.5611906929571251
My girlfriend is complaining that we won't be able to fast forward through the break lol,neither,0.03198072651956907,0.4459722607130206,0.5220470127674104
Best day of the week,neither,0.038148228174233224,0.29001304128145594,0.6718387305443109
Bidet from Gotham,neither,0.04228451509352876,0.2823214250720796,0.6753940598343917
bidet from Ireland guys.,neither,0.04039183583099195,0.3144451316565953,0.6451630325124127
Artists do wonderful things. Support an artist any day so beautiful ideas can come to life! :D,neither,0.05536149472624686,0.37262539758238317,0.5720131076913698
Bidet everyone! Make sure you pee and grab some snacks and beverages!!,neither,0.0342872055325009,0.4560578875027894,0.5096549069647097
Bidet from NYC,neither,0.04081748366884477,0.3072207769958956,0.6519617393352596
Trickfoots gonna RAGE. :P,neither,0.03829321482434743,0.38384972294136976,0.5778570622342829
I hear traffic is bad in LA today,neither,0.04156005754367964,0.31215246376089983,0.6462874786954205
@Probab1e hello fellow NE Ohioan,neither,0.03945320844208391,0.33037608806864915,0.630170703489267
@o0willzorz0o YAYYYYY!!!! gandsAJinSpace,neither,0.03945320844208391,0.33037608806864915,0.630170703489267
beep bepp everyone hope everything is going well and we are excited for today,neither,0.07645460976494413,0.25884542142295625,0.6646999688120997
"Bidet from BC, Canada",neither,0.04052303010603489,0.3122184224193425,0.6472585474746226
"hyping myself up by watching the kurn v grog rematch, love that episode",neither,0.03419470102442813,0.4091454299210947,0.5566598690544772
@Silentkilla7235 welcome!,neither,0.03945320844208391,0.33037608806864915,0.630170703489267
Bidet,neither,0.03945320844208391,0.33037608806864915,0.630170703489267
Bidet from Colorado Springs,neither,0.040334677536117594,0.315415257091876,0.6442500653720065
Bidet!,neither,0.03945320844208391,0.33037608806864915,0.630170703489267
Technically the wish card is still in the deck,neither,0.04294374255580661,0.317294323717444,0.6397619337267495
