text,top_class,hate_speech,offensive_language,neither
"Bidet to you from Erie, Pennsylvania",neither,0.07223027473795261,0.3578986813785802,0.5698710438834672
"SAY YOUR BIDETS LIKE YODA PASS IT ON LIKE THIS ""From Ohio, bidet""",neither,0.0762357802886804,0.34403335931777884,0.5797308603935408
MERMOR... if you are here. Message me!,neither,0.10885808628874893,0.38681350996017677,0.5043284037510742
bidet from toronto,neither,0.04066490145509902,0.30981049537100724,0.6495246031738937
#VACritter Bidet!,neither,0.03945320844208391,0.33037608806864915,0.630170703489267
Bidet from the Bay Area!,neither,0.03957038834801129,0.29942244214977587,0.6610071695022129
"Bidet from Fort Worth, Tx",neither,0.040538671561945475,0.31195294609159274,0.6475083823464618
Bidet from Fayetteville Arkansas,neither,0.04066490145509902,0.30981049537100724,0.6495246031738937
Bidet from Washington!!!!,neither,0.04080695066346891,0.3073995495860776,0.6517934997504536
Bidet from North Carolina,neither,0.04040057148408362,0.31429686482539193,0.6453025636905245
Bidet from Canton Ohio,neither,0.040754399270683486,0.3082914838698526,0.650954116859464
Bidet from Australia,neither,0.04062582848913359,0.31047366557575606,0.6489005059351104
finally i can stay up and watch all of critical role,neither,0.041912932657820236,0.3781517945027951,0.5799352728393846
bidet from Richmond BC Canada,neither,0.04052303010603489,0.3122184224193425,0.6472585474746226
Bidet and beep beep from Alberta Canada!,neither,0.03960751895258097,0.2826498521922526,0.6777426288551665
@Lumice beep beep zoner,neither,0.03945320844208391,0.33037608806864915,0.630170703489267
so many critters form Virginia..... hell yeah VA!,offensive_language,0.030203338606026243,0.6631804609868924,0.3066162004070812
"Enjoy the show everyone, back to work for me and i'll be catching the episode when i get home.",neither,0.033046829042109295,0.3456754170449151,0.6212777539129757
Bidet one and all!!,neither,0.039113785094633605,0.44448673836309033,0.516399476542276
I ship Terry and Gilmore,neither,0.03854442882677734,0.28357035124239044,0.6778852199308323
Bidet!!!,neither,0.03945320844208391,0.33037608806864915,0.630170703489267
will we see some of the new critmas gifts on the set ??,neither,0.03384501776960689,0.2513976675432655,0.7147573146871276
gandsDrink gandsDrink gandsDrink gandsDrink,neither,0.03945320844208391,0.33037608806864915,0.630170703489267
May the Fourth be with you Critters and Cast!,neither,0.04094518947914321,0.33069507221920685,0.6283597383016499
because they are proudfoots not proudfeet!,neither,0.07828810547968366,0.27096514411463957,0.6507467504056769
gandsMatt,neither,0.03945320844208391,0.33037608806864915,0.630170703489267
woo!,neither,0.03945320844208391,0.33037608806864915,0.630170703489267
Aaaaaaaaaaaaand..,neither,0.03945320844208391,0.33037608806864915,0.630170703489267
gandsMatt !,neither,0.03945320844208391,0.33037608806864915,0.630170703489267
Bidet from the CLEVELAND BROWNS!,neither,0.03957326949369625,0.29872356846235865,0.6617031620439451
"bidet from Alexandria, Va",neither,0.04066490145509902,0.30981049537100724,0.6495246031738937
Paris,neither,0.03945320844208391,0.33037608806864915,0.630170703489267
Kappa,neither,0.03945320844208391,0.33037608806864915,0.630170703489267
eeeeey!,neither,0.03945320844208391,0.33037608806864915,0.630170703489267
Bidet from Washington!!,neither,0.04080695066346891,0.3073995495860776,0.6517934997504536
Bidet from Baltimore!!!!,neither,0.04079557052152802,0.30759270029461827,0.6516117291838538
"Its Starting, Shhhhhhh.......Please?",neither,0.0329616345146804,0.33260883801731705,0.6344295274680027
Bidet from Australia,neither,0.04062582848913359,0.31047366557575606,0.6489005059351104
@GeekandSundry ok i saw the twitter.... nice family matters,neither,0.03816986108849636,0.40023403579969663,0.5615961031118071
hihi,neither,0.03945320844208391,0.33037608806864915,0.630170703489267
bidet,neither,0.03945320844208391,0.33037608806864915,0.630170703489267
YAY!,neither,0.03945320844208391,0.33037608806864915,0.630170703489267
And also with you. Thanks be to grog. Amen.,neither,0.0442750515169352,0.3450352207185918,0.610689727764473
TIME!!!!!,neither,0.036668274527354654,0.377643684699956,0.5856880407726893
"beepbeep from New Brunswick, Canada",neither,0.04427516225640692,0.21740380486553929,0.7383210328780537
that drawing of trinket looked like a map,neither,0.044102747817542184,0.37396306995757583,0.5819341822248821
WOOOOOOOOOOOOOOOOOOOOOOOO,neither,0.03945320844208391,0.33037608806864915,0.630170703489267
woooo,neither,0.03945320844208391,0.33037608806864915,0.630170703489267
YAYAYAYAYAY,neither,0.03945320844208391,0.33037608806864915,0.630170703489267
:D,neither,0.03945320844208391,0.33037608806864915,0.630170703489267
LE GO!!,neither,0.040843730837388084,0.3352036459309789,0.6239526232316331
BIDET!,neither,0.03945320844208391,0.33037608806864915,0.630170703489267
Yee,neither,0.03945320844208391,0.33037608806864915,0.630170703489267
oh shit\,offensive_language,0.04652059265363964,0.9534729203614298,6.486984930600159e-06
omg i am on vacation this week. this will be my first time watching live. i am so excited!,neither,0.031217120238068163,0.40324145668077976,0.5655414230811522
WHOOOO,neither,0.03945320844208391,0.33037608806864915,0.630170703489267
gandsSubHype gandsSubHype gandsSubHype,neither,0.03945320844208391,0.33037608806864915,0.630170703489267
Beep Beep !,neither,0.03945320844208391,0.33037608806864915,0.630170703489267
Chat is now sub only,neither,0.04673117543138714,0.3278728614854663,0.6253959630831466
yes!,neither,0.03945320844208391,0.33037608806864915,0.630170703489267
gandsCrit gandsCrit gandsCrit,neither,0.03945320844208391,0.33037608806864915,0.630170703489267
"Bidet from England, Europe 8)",neither,0.04038434874462851,0.31457220705192124,0.6450434442034502
bidet,neither,0.03945320844208391,0.33037608806864915,0.630170703489267
Woooooo,neither,0.03945320844208391,0.33037608806864915,0.630170703489267
HI MATT!,neither,0.03945320844208391,0.33037608806864915,0.630170703489267
cool,neither,0.03945320844208391,0.33037608806864915,0.630170703489267
whoooooo,neither,0.03945320844208391,0.33037608806864915,0.630170703489267
aww yis,neither,0.03945320844208391,0.33037608806864915,0.630170703489267
:DDDDDDDDDDDD,neither,0.03945320844208391,0.33037608806864915,0.630170703489267
MAY THE FOURTH BE WITH YOU,neither,0.042534564830984986,0.37420261744433236,0.5832628177246826
bidet you nerdy-ass voice actors!,offensive_language,0.12639332958352972,0.8593795634072159,0.014227107009254456
gandsMatt gandsFail gandsFail,neither,0.03945320844208391,0.33037608806864915,0.630170703489267
Washington represent!,neither,0.03945320844208391,0.33037608806864915,0.630170703489267
Woo!,neither,0.03945320844208391,0.33037608806864915,0.630170703489267
"Flawless timing, Bidet!",neither,0.03945320844208391,0.33037608806864915,0.630170703489267
gandsLessthanthree gandsLessthanthree gandsLessthanthree gandsLessthanthree,neither,0.03945320844208391,0.33037608806864915,0.630170703489267
Yay!,neither,0.03945320844208391,0.33037608806864915,0.630170703489267
WELCOME,neither,0.03945320844208391,0.33037608806864915,0.630170703489267
woot woot!,neither,0.03945320844208391,0.33037608806864915,0.630170703489267
wooooooo!!!!!!,neither,0.03945320844208391,0.33037608806864915,0.630170703489267
WOO,neither,0.03945320844208391,0.33037608806864915,0.630170703489267
YEET,neither,0.03945320844208391,0.33037608806864915,0.630170703489267
Bidet from Seattle!,neither,0.040754399270683486,0.3082914838698526,0.650954116859464
YEAH,offensive_language,0.013968601452186464,0.5182923869769311,0.4677390115708824
gandsSubHype gandsSubHype gandsSubHype,neither,0.03945320844208391,0.33037608806864915,0.630170703489267
Bidet!,neither,0.03945320844208391,0.33037608806864915,0.630170703489267
EYEAAAAAAAAAAAAAHHHHHHH,neither,0.03945320844208391,0.33037608806864915,0.630170703489267
gandsMatt,neither,0.03945320844208391,0.33037608806864915,0.630170703489267
gandsSubHype gandsSubHype gandsSubHype,neither,0.03945320844208391,0.33037608806864915,0.630170703489267
gandsLessthanthree gandsLessthanthree gandsLessthanthree gandsLessthanthree,neither,0.03945320844208391,0.33037608806864915,0.630170703489267
Bidet from Germanyyyyy,neither,0.04228451509352876,0.2823214250720796,0.6753940598343917
gandsMatt gandsDrink gandsSCANLAN gandsCrit gandsFail gandsTrinketArmor gandsGandsVaxSigil,neither,0.03945320844208391,0.33037608806864915,0.630170703489267
gandsNatTwenty gandsNatTwenty,neither,0.03945320844208391,0.33037608806864915,0.630170703489267
HELLOOOOO,neither,0.03945320844208391,0.33037608806864915,0.630170703489267
bidet from work!,neither,0.041217964622732944,0.30042357003640935,0.6583584653408577
WOOPWOOP,neither,0.03945320844208391,0.33037608806864915,0.630170703489267
Bidet from Chicago!,neither,0.04078317879478948,0.307803020237201,0.6514138009680096
SQUEEEEEE,neither,0.03945320844208391,0.33037608806864915,0.630170703489267
lets goooooo!!!!,neither,0.0381375099945381,0.3527069244228318,0.6091555655826302
Trickfoot is a proper noun,neither,0.04662910633492473,0.32790796772817965,0.6254629259368957
MONSTAH,neither,0.03945320844208391,0.33037608806864915,0.630170703489267
woot,neither,0.03945320844208391,0.33037608806864915,0.630170703489267
on time!!!!,neither,0.03183588227459649,0.3959563629735933,0.5722077547518102
WHOOOOO,neither,0.03945320844208391,0.33037608806864915,0.630170703489267
DESYNC,neither,0.03945320844208391,0.33037608806864915,0.630170703489267
a wild vox machina appears,neither,0.03945320844208391,0.33037608806864915,0.630170703489267
bidet from seattle,neither,0.040754399270683486,0.3082914838698526,0.650954116859464
yeah pike!,offensive_language,0.013968601452186464,0.5182923869769311,0.4677390115708824
Woooo,neither,0.03945320844208391,0.33037608806864915,0.630170703489267
wooop!!!!!!!!,neither,0.03945320844208391,0.33037608806864915,0.630170703489267
Like just landed and is one her way to crit roll,offensive_language,0.045414911749828084,0.5069520584736062,0.44763302977656577
YEAH!,offensive_language,0.013968601452186464,0.5182923869769311,0.4677390115708824
gandsSubHype gandsSubHype gandsSubHype gandsSubHype gandsSubHype gandsSubHype,neither,0.03945320844208391,0.33037608806864915,0.630170703489267
Bidet from michigan!!,neither,0.040769555981420263,0.3080342349327864,0.6511962090857933
YAAAAAAASSS!!!,neither,0.03945320844208391,0.33037608806864915,0.630170703489267
asap,neither,0.03945320844208391,0.33037608806864915,0.630170703489267
It beginssss,neither,0.034373745257138544,0.33212314837979673,0.6335031063630647
Bidet from South Carolina,neither,0.04043176250036363,0.31376747187705417,0.6458007656225822
Let's go!,neither,0.01806316484133749,0.39391011985298136,0.5880267153056813
YAY ASHLEY,neither,0.03945320844208391,0.33037608806864915,0.630170703489267
WOOOOT!!,neither,0.03945320844208391,0.33037608806864915,0.630170703489267
wooooot,neither,0.03945320844208391,0.33037608806864915,0.630170703489267
My timing was epic,neither,0.02999317707010154,0.4035080198019479,0.5664988031279505
IT'S TIIIIIIIIIIIIIIIIIME,neither,0.034373745257138544,0.33212314837979673,0.6335031063630647
yeahhhhhhhh!!!!!!!!,neither,0.03945320844208391,0.33037608806864915,0.630170703489267
the spam is real,neither,0.038553444488608764,0.44005648523942625,0.5213900702719648
oo tary and gilmore will be a good match,neither,0.03968852229217334,0.28102637941279424,0.6792850982950324
bidet! from Colorado,neither,0.04066490145509902,0.30981049537100724,0.6495246031738937
YAY ASHLEY,neither,0.03945320844208391,0.33037608806864915,0.630170703489267
Yay!,neither,0.03945320844208391,0.33037608806864915,0.630170703489267
gandsSubHype gandsSubHype,neither,0.03945320844208391,0.33037608806864915,0.630170703489267
Nice!!!!,neither,0.03945320844208391,0.33037608806864915,0.630170703489267
gandsSubHype gandsSubHype gandsSubHype,neither,0.03945320844208391,0.33037608806864915,0.630170703489267
BIDEEEEEEEEEET from Ontario,neither,0.04062582848913359,0.31047366557575606,0.6489005059351104
RVA Go Squirrels! Go nuts!,neither,0.04136541133760334,0.3370215084607003,0.6216130802016964
gandsCrit gandsCrit gandsCrit,neither,0.03945320844208391,0.33037608806864915,0.630170703489267
cookin stir fry and drinkin saki lets do this so stoked,neither,0.0392351695379029,0.3387632065690183,0.6220016238930787
gandsCrit gandsNatTwenty gandsCrit,neither,0.03945320844208391,0.33037608806864915,0.630170703489267
gandsNatTwenty gandsSubHype gandsAJinSpace,neither,0.03945320844208391,0.33037608806864915,0.630170703489267
Bidet from Greensboro,neither,0.04228451509352876,0.2823214250720796,0.6753940598343917
hiiiiiii~,neither,0.03945320844208391,0.33037608806864915,0.630170703489267
"Bidet from Melbourne, Australia ♥",neither,0.04062582848913359,0.31047366557575606,0.6489005059351104
yyaaaassss,neither,0.03945320844208391,0.33037608806864915,0.630170703489267
Canadian Critters! feliciaToronto gandsLessthanthree,neither,0.03945320844208391,0.33037608806864915,0.630170703489267
Love and support to the cast and crew! <3,neither,0.06298896671193824,0.2664808776475839,0.6705301556404778
Bidet from Attleboro MA,neither,0.031816597323666866,0.4599893087150652,0.5081940939612679
WOOOOOOOOO,neither,0.03945320844208391,0.33037608806864915,0.630170703489267
mt4bwy,neither,0.03945320844208391,0.33037608806864915,0.630170703489267
Yay Ashley!,neither,0.03945320844208391,0.33037608806864915,0.630170703489267
She'll have blue hair and beads,neither,0.03921761794908235,0.37724909536321977,0.583533286687698
"BIDET: From Calaveras County, CA",neither,0.0404610193939263,0.3132709060388878,0.6462680745671858
lets doooooo thisssssss,neither,0.0381375099945381,0.3527069244228318,0.6091555655826302
Happy Star Wars Day!,neither,0.03988272427399733,0.3177074236377336,0.6424098520882691
ON TIME PogChamp,neither,0.03183588227459649,0.3959563629735933,0.5722077547518102
YAAAAY!!!!,neither,0.03945320844208391,0.33037608806864915,0.630170703489267
yayyyyy!,neither,0.03945320844208391,0.33037608806864915,0.630170703489267
ASAP from LAX? LMAO like 5 hours.....,neither,0.047119302538238234,0.3411836929347843,0.6116970045269775
TANshley Johnson.,neither,0.03945320844208391,0.33037608806864915,0.630170703489267
Bidet chat <3,neither,0.03945320844208391,0.33037608806864915,0.630170703489267
bidet from washington dc!!,neither,0.040481371650474204,0.3129254751301128,0.646593153219413
are they going to give Sam his blanket,neither,0.09257593251221242,0.31174598558565036,0.5956780819021372
Bidet from TEXAS,neither,0.040937266849991,0.30518774380265185,0.6538749893473571
that's an hour and a half drive lol. i just came from LAX and i live in burbank,neither,0.02967971872773803,0.400188555121729,0.570131726150533
"Well, judging by her instagram....",offensive_language,0.031574758784756345,0.5822139873994555,0.38621125381578814
Pike comes charging in. Hit the floor running bae,neither,0.03698633415935729,0.35261163660250916,0.6104020292381335
Whoop Whoop,neither,0.03945320844208391,0.33037608806864915,0.630170703489267
"Took a month and a half, but I caught up to the live stream.",neither,0.04131155169635237,0.3286712376292571,0.6300172106743905
Bidet from Wisconsin,neither,0.04071751644889743,0.3089174816120565,0.6503650019390461
I love the tundra....,neither,0.03145119199065299,0.32476063973837394,0.643788168270973
YYYYEEEEEEEEEEEAAAAAAAAAHHHHHHHH!!!,neither,0.03945320844208391,0.33037608806864915,0.630170703489267
gandsMatt,neither,0.03945320844208391,0.33037608806864915,0.630170703489267
Marisha is wearing my favorite shirt :),neither,0.03497586688995837,0.408603165597102,0.5564209675129396
gandsGandsPoo gandsGandsPoo gandsGandsPoo gandsGandsPoo gandsGandsPoo gandsGandsPoo gandsGandsPoo gandsGandsPoo gandsGandsPoo gandsGandsPoo,neither,0.03945320844208391,0.33037608806864915,0.630170703489267
woo!,neither,0.03945320844208391,0.33037608806864915,0.630170703489267
lol,neither,0.020706217963973744,0.4882283491876925,0.4910654328483337
we saw in the Talks Machina intro,neither,0.03862840484780293,0.31956468527314846,0.6418069098790488
Canada in the House!,neither,0.038541534704205134,0.31369259181907055,0.6477658734767242
doty plz,neither,0.03945320844208391,0.33037608806864915,0.630170703489267
Bidet to everyone!!!!,neither,0.040340749259930184,0.47800030162361157,0.4816589491164583
Bidet,neither,0.03945320844208391,0.33037608806864915,0.630170703489267
yay it's starting,neither,0.0380250190705261,0.33086730788401203,0.6311076730454618
lol no dice,neither,0.030093883766295983,0.40842505395134343,0.5614810622823607
they are great dice,neither,0.06282188724906351,0.261546854795805,0.6756312579551315
"hey guys, is 360p the max?",neither,0.04560457597570928,0.315613387142094,0.6387820368821967
this is episode #96 of Critical Role,neither,0.045585581269829124,0.32945842026861744,0.6249559984615535
well that was underwhelming,neither,0.03337628126969381,0.3981902065138269,0.5684335122164793
how does that even...,offensive_language,0.020776301114448024,0.5173748635526116,0.4618488353329404
oh critters,neither,0.051363287716059566,0.22255663153133606,0.7260800807526044
Yeah I grabbed mine!,neither,0.02486470369361228,0.4307303511775975,0.5444049451287902
Bidet from the Trickfoot Posse!!!,neither,0.039779025773403386,0.2539611253407979,0.7062598488857987
MANAGED TO GET MINE!!,neither,0.04889119024301107,0.3372955563332349,0.6138132534237539
woo!,neither,0.03945320844208391,0.33037608806864915,0.630170703489267
Bidet from SWFL!,neither,0.04228451509352876,0.2823214250720796,0.6753940598343917
Bidet from Cali,neither,0.04079557052152802,0.30759270029461827,0.6516117291838538
How does that even work?,offensive_language,0.022528736533450482,0.5004713914220376,0.47699987204451183
Bidet from Montreal!,neither,0.04062582848913359,0.31047366557575606,0.6489005059351104
What!? they had DICE!?,neither,0.04523993566720241,0.32623508335992213,0.6285249809728753
sold out in preorder?,neither,0.03398265632338751,0.35163004340944615,0.6143873002671663
lol we need dice,neither,0.0313996194783246,0.3874284716203768,0.5811719089012987
beep beep from Indiana!,neither,0.0408364874901429,0.30689823255244486,0.6522652799574122
!merch,neither,0.03945320844208391,0.33037608806864915,0.630170703489267
T-shirts! Keychains! Mousepads of all sizes*! Get your merch here! http://shop.geekandsundry.com/collections/twitch-shows (*Mousepad available in only one size),neither,0.06642889937199667,0.3057863877880385,0.6277847128399648
anyone else video not loading?,neither,0.04355947940045003,0.2409326851220865,0.7155078354774634
"The real tragedy of Matt Mercer is that he'll never get to experience playing a game run by the illustrious GM Matt Mercer. So few of us will, but I feel like he really deserves it.",neither,0.056857697921403966,0.40001007602994326,0.5431322260486529
Bidet from KY,neither,0.04062582848913359,0.31047366557575606,0.6489005059351104
wearing mine and it is crazy comfortable,neither,0.03482011523197828,0.3817043539089218,0.5834755308590999
sells like hot cakes,neither,0.04838083976137127,0.3435172023739631,0.6081019578646657
lol that face palm from matt,neither,0.03170115602044217,0.38957772560047343,0.5787211183790844
"hello from new york, enjoy everyone gandsLessthanthree",neither,0.038318263220630824,0.3305155593940083,0.6311661773853608
Matts face lmfao,neither,0.050261713272645114,0.32665854762691776,0.6230797391004372
Bidet Everyone!,offensive_language,0.02988896790634741,0.4927062106388782,0.4774048214547744
https://shop.geekandsundry.com/collections/critical-role/products/critical-role-vox-machina-t-shirt,neither,0.03945320844208391,0.33037608806864915,0.630170703489267
"Yeah, I'm never going to be able to buy merch if they're always sold out by the time I see the announcement for them",neither,0.0315070915373631,0.44468522594529664,0.5238076825173403
"beep beep from vancouver, bc, canada",neither,0.04052303010603489,0.3122184224193425,0.6472585474746226
Hell yeah. Managed to get dice this tine,offensive_language,0.031853118980667165,0.7371649201183287,0.23098196090100412
"the story of Critical Role Merchandise ""we are sold out"" Kappa",neither,0.049422697168195424,0.30584020759694364,0.6447370952348608
My first stream in weeks cause I was behind. I'm so pumped.,neither,0.02799925953072027,0.428279375988936,0.5437213644803437
For no reason the Alpha Broadcast has been more color accurate on IPS since the beginning. Bye Alpha! Kappa,neither,0.036336453718913704,0.31304709734852443,0.6506164489325619
Bidet from good ol' Ontario Canadia!,neither,0.039809247090415265,0.3148452565151933,0.6453454963943914
how do you sold out in preorder 🤔,neither,0.05339707734529044,0.4005440843606734,0.5460588382940361
It doesn't help that some people order 5 sets just for themselves,neither,0.038483702416289976,0.35733825690933774,0.6041780406743722
That face Matt XD,neither,0.0353083917128622,0.37551157483274333,0.5891800334543945
Did Laura get a haircut?,neither,0.038873583593918105,0.34021383444233544,0.6209125819637464
Pleeeeeeease get the Dagger Dagger Dagger shirts back! I want it so bad.,neither,0.03724323816792678,0.34281133495048427,0.6199454268815888
I made it!,neither,0.03684238675525566,0.33127406936755094,0.6318835438771935
Bidet from Yorkshire,neither,0.04228451509352876,0.2823214250720796,0.6753940598343917
ahaha poor travis,neither,0.03945320844208391,0.33037608806864915,0.630170703489267
LOL,neither,0.020706217963973744,0.4882283491876925,0.4910654328483337
lol,neither,0.020706217963973744,0.4882283491876925,0.4910654328483337
life is good,neither,0.04523377607527291,0.4130061185834091,0.541760105341318
RIP Travis,neither,0.03945320844208391,0.33037608806864915,0.630170703489267
420,neither,0.03945320844208391,0.33037608806864915,0.630170703489267
o my god that shirt is so soft in real life,offensive_language,0.027469003018423758,0.5594671651183215,0.41306383186325474
#MyFirstLiveEpisode,neither,0.03945320844208391,0.33037608806864915,0.630170703489267
Bidet from Virginia Beach,neither,0.040454134749990676,0.3133877564139642,0.6461581088360451
resubbing again!!,neither,0.0358555699129713,0.3914374029960717,0.5727070270909569
Mine won't load :(,neither,0.03945320844208391,0.33037608806864915,0.630170703489267
someone build (like Doty) a copy of Matt so he can experience his own DMing,neither,0.08170529712768825,0.35263541920224295,0.5656592836700688
Bidet from Utah,neither,0.04066490145509902,0.30981049537100724,0.6495246031738937
Are they ever going to have socks again?,neither,0.06366930854230474,0.3444209152701683,0.5919097761875268
I,neither,0.03945320844208391,0.33037608806864915,0.630170703489267
lol Rip Travis,neither,0.03260929101946,0.3794521259342822,0.5879385830462578
I think my favorite merch moment was when the shirts sold out before they were done with the announcment.,neither,0.021890470695478004,0.4237964862501478,0.5543130430543741
!wallet,neither,0.03945320844208391,0.33037608806864915,0.630170703489267
Welcomes back all long time viewers and subs! <3,neither,0.03890773678613002,0.3605939819683741,0.600498281245496
Prison dice.,neither,0.03945320844208391,0.33037608806864915,0.630170703489267
if you just put the merch behind doors then it would be in stock.,neither,0.0322393433811377,0.38850450083419014,0.5792561557846722
I have the new shirt and I love it. So soft. And pretty.,neither,0.036789028089491846,0.2465163673593279,0.7166946045511803
xD,neither,0.03945320844208391,0.33037608806864915,0.630170703489267
sorry about the Dice sets i bought 6 alone lol,neither,0.0330095288908448,0.3712612669382913,0.5957292041708638
Welcomes all new viewers and subs! <3,neither,0.042998289747962826,0.2771746474816854,0.6798270627703518
Bidet from VA,neither,0.04066490145509902,0.30981049537100724,0.6495246031738937
https://secretshirt.club/collections/politics,neither,0.03945320844208391,0.33037608806864915,0.630170703489267
where is pike?,neither,0.06245822111259904,0.2612427577458543,0.6762990211415466
soap dice,neither,0.03945320844208391,0.33037608806864915,0.630170703489267
almost to ep 100 omfg where does the time go???,neither,0.034227850625099046,0.396797418885388,0.5689747304895129
lol,neither,0.020706217963973744,0.4882283491876925,0.4910654328483337
@GaeaCa You rock :),neither,0.07054237041954883,0.4136234519514734,0.5158341776289778
So fresh so clean!,neither,0.039416264862824395,0.4179025273169201,0.5426812078202554
"so, prison made dice lol",neither,0.033081738213784746,0.4136047238522291,0.5533135379339862
id buy dice soap,neither,0.03945320844208391,0.33037608806864915,0.630170703489267
!wallet,neither,0.03945320844208391,0.33037608806864915,0.630170703489267
That outakst reference,neither,0.03476908919624869,0.38150422245866583,0.5837266883450856
all of the dice!!!,neither,0.040266056424388456,0.39261452976687067,0.5671194138087409
https://clips.twitch.tv/GiantFineHedgehogFUNgineer,neither,0.03945320844208391,0.33037608806864915,0.630170703489267
@LucasBlackstone <3,neither,0.03945320844208391,0.33037608806864915,0.630170703489267
HeyGuys Hi!,neither,0.03945320844208391,0.33037608806864915,0.630170703489267
#DontDropTheDice,neither,0.03945320844208391,0.33037608806864915,0.630170703489267
@Fyre_Wolf Yorkshire represent,neither,0.03945320844208391,0.33037608806864915,0.630170703489267
dont they have that thing for sam,neither,0.030836284234308557,0.34800857074917896,0.6211551450165124
video quality good for everyone else?,neither,0.033719066543739636,0.31918740392097217,0.6470935295352883
!wallet,neither,0.03945320844208391,0.33037608806864915,0.630170703489267
SO FRESH AND SO CLEAN CLEAN!,neither,0.03875646360889908,0.36170838077572404,0.5995351556153768
Matt didn't wear the shirt he got on Tuesday! I'm so sad!,neither,0.030399984232072734,0.40684221388138897,0.5627578018865383
"been on deployment for the last 6th months, glad to be home and see yall live again :) :)",neither,0.03790188365212321,0.3242752562832696,0.6378228600646072
change your video to 420p,neither,0.10923418825644363,0.20425226726761864,0.6865135444759377
Thanks GaeaCa!!,neither,0.035884468650613,0.3004919205142699,0.6636236108351171
ATLiens here,neither,0.22097653003277068,0.2221615150675793,0.55686195489965
tonight is my first night watching live! i finally caught up this week!,neither,0.027767367844589254,0.3964282845489947,0.575804347606416
!wallet,neither,0.03945320844208391,0.33037608806864915,0.630170703489267
!sub to chat during CR,neither,0.04424152223636372,0.3275532409882384,0.628205236775398
Wow that was a fast reference.,neither,0.03614898584110364,0.36683337731308335,0.597017636845813
dice soap!,neither,0.03945320844208391,0.33037608806864915,0.630170703489267
Test,neither,0.03945320844208391,0.33037608806864915,0.630170703489267
Help support the #GnSLive twitch channel! $4.99/month gets you exclusive sub-only benefits and helps keep the channel alive! Thanks! twitch.tv/geekandsundry/subscribe or for MOBILE https://secure.twitch.tv/products/geekandsundry/ticket/new,neither,0.047564760200365624,0.28780811278399754,0.6646271270156369
Matt sick Outkast reference,neither,0.03945320844208391,0.33037608806864915,0.630170703489267
is ashley on the way?,neither,0.043573490955946134,0.3257608813219705,0.6306656277220833
Bidet from ATX,neither,0.04228451509352876,0.2823214250720796,0.6753940598343917
"whew, made it",neither,0.03684238675525566,0.33127406936755094,0.6318835438771935
Bidet from Kentucky!,neither,0.04071751644889743,0.3089174816120565,0.6503650019390461
@ardrianian :),neither,0.03945320844208391,0.33037608806864915,0.630170703489267
yay Jody,neither,0.03945320844208391,0.33037608806864915,0.630170703489267
Oi! @GaeaCa :) o/,neither,0.03945320844208391,0.33037608806864915,0.630170703489267
@NerdTherapist 16mo club!,neither,0.03945320844208391,0.33037608806864915,0.630170703489267
TGIT!!!,neither,0.03945320844208391,0.33037608806864915,0.630170703489267
They should make d20 bath bombs!!!!,neither,0.049670403786356926,0.36021316789007524,0.5901164283235678
Why-sner?,neither,0.016768318525353994,0.3685911158159394,0.6146405656587067
hey @sam008g,neither,0.03945320844208391,0.33037608806864915,0.630170703489267
I'm digging Talesin's nails tonight,neither,0.03714976682079396,0.31108736448984553,0.6517628686893606
I would like a CR bath bomb.,neither,0.04677923457096206,0.33774328567718415,0.6154774797518539
!wallet,neither,0.03945320844208391,0.33037608806864915,0.630170703489267
I'm so ready for today. Hoping it's another fun episode!,neither,0.0596847483214002,0.2779392931516726,0.6623759585269271
bidet from oz,neither,0.04071751644889743,0.3089174816120565,0.6503650019390461
Pike is in transit right now,neither,0.05062487492864518,0.3533123321822683,0.5960627928890865
what is on sam's muggggggg,neither,0.05323524777202888,0.3380810168401632,0.608683735387808
Bidet from Seattle,neither,0.040754399270683486,0.3082914838698526,0.650954116859464
waves to @GaeaCa,neither,0.04754392689132449,0.32567743738237265,0.6267786357263028
Jody Hauser <3,neither,0.03945320844208391,0.33037608806864915,0.630170703489267
https://shop.geekandsundry.com/collections/critical-role/products/critical-role-vox-machina-t-shirt https://clips.twitch.tv/ZealousBusyGrassChefFrank,neither,0.03945320844208391,0.33037608806864915,0.630170703489267
gandsSCANLAN,neither,0.03945320844208391,0.33037608806864915,0.630170703489267
Bidet from CO!,neither,0.04181741232017598,0.2902493781769742,0.6679332095028498
how dare you put stickers on a tiny mug,neither,0.047128520807097604,0.36747839793497417,0.5853930812579281
they should make a D20 soap on a rope lol,neither,0.03960770989131731,0.4132870262645091,0.5471052638441737
D20 Bath Bomb!!!!,neither,0.03945320844208391,0.33037608806864915,0.630170703489267
Lets see Sams quilt,neither,0.038356890976276425,0.34898345662399327,0.6126596523997302
what #episode is this again?,neither,0.05205255159146308,0.3560234272378519,0.591924021170685
Sam: Panda Panda Panda,neither,0.03945320844208391,0.33037608806864915,0.630170703489267
critical role bathbombs lmao,neither,0.03853531310832185,0.34595516739852317,0.6155095194931549
Does Sam not know about his Large mugs belt?,neither,0.04062299084693923,0.427294854574744,0.5320821545783168
20 months dang yo!!!,neither,0.03961070141278528,0.40821029652037094,0.5521790020668439
the disney guy? that Eisner?,neither,0.034451061063085854,0.3629138370278396,0.6026351019090747
<3,neither,0.03945320844208391,0.33037608806864915,0.630170703489267
waves to @DTM450,neither,0.04754392689132449,0.32567743738237265,0.6267786357263028
Bidet from Denmark :),neither,0.04228451509352876,0.2823214250720796,0.6753940598343917
Eyes nerd?,neither,0.041294903354209295,0.29911771896916706,0.6595873776766238
<3 sam sticker application,neither,0.03945320844208391,0.33037608806864915,0.630170703489267
LoL the stivker tradition continues,neither,0.02978403305767694,0.37395182440065594,0.5962641425416672
bidet,neither,0.03945320844208391,0.33037608806864915,0.630170703489267
Now I want dice soap to keep in the bathroom as the fancy soap.,neither,0.040763858072740945,0.32767436671556843,0.6315617752116905
Give Sam his quilt!!!,neither,0.07160062818341255,0.3320744878432254,0.5963248839733621
Sam just threw the sticker back on the floor lol,neither,0.029587787019276897,0.36459339549008357,0.6058188174906395
(Fake Announcer) Soap Dice! When you want to smell like a Winter's Crest! #Joke,neither,0.05152590052817334,0.38638655778269687,0.5620875416891297
hannah montana?,neither,0.03945320844208391,0.33037608806864915,0.630170703489267
Okay good I got back in time for the start!,neither,0.03145473082700716,0.3454994473990565,0.6230458217739364
Holy smokes batman -- they started on TIME! ACK,neither,0.036893765973834085,0.351700120736682,0.6114061132894839
Wed Club is THE best.,neither,0.04765001571964347,0.29923934732600016,0.6531106369543564
I'd hope Wednesday club is on Wednesday...,neither,0.06362956633721224,0.2682431021881373,0.6681273314746504
Bidet from Vermon!,neither,0.04228451509352876,0.2823214250720796,0.6753940598343917
"I'm still watching backlog of Wednesday Club, it's amazing.",neither,0.037787688849498485,0.34161977495143875,0.6205925361990628
There are more VA Critters than I've ever seen!,neither,0.034965848442757075,0.256607669859895,0.7084264816973479
!edition,neither,0.03945320844208391,0.33037608806864915,0.630170703489267
I've never noticed Sam putting things on his mug before,neither,0.030232840230555353,0.3849793853739477,0.5847877743954969
"For D&D enthusiasts who are curious, the Critical Role Team is playing a modified version of Dungeons and Dragons 5th Edition converted from Pathfinder.",neither,0.050189168847164,0.2902573354412162,0.6595534957116197
<3 <3 <3 <3 <3 <3 <3 <3 <3 <3,neither,0.03945320844208391,0.33037608806864915,0.630170703489267
Bidet from Houston!,neither,0.040875471929787875,0.3062365648703896,0.6528879631998226
I would love to be able to get merch but sadly just so much going on that I doubt I will be able to any time soon.,neither,0.03755760100812163,0.3975392649398961,0.5649031340519822
Bidet from Ohio,neither,0.040754399270683486,0.3082914838698526,0.650954116859464
handlebar mustache,neither,0.03945320844208391,0.33037608806864915,0.630170703489267
dope,neither,0.03945320844208391,0.33037608806864915,0.630170703489267
Mercer needs a haircut,neither,0.03945320844208391,0.33037608806864915,0.630170703489267
This is the most productive use of my time every Thursday night,neither,0.013583185486124132,0.45177815969069646,0.5346386548231794
Bidet from HOUSTON,neither,0.040875471929787875,0.3062365648703896,0.6528879631998226
<3 Bidet from the great unknown <3,neither,0.03788765014642847,0.276024069651381,0.6860882802021906
"God remember early Critrole? So young and not full of nearly enough hope. Sure, we'll just order a few dozen shirts and sure we only get a few letters a month, we can read them all on stream :-P",neither,0.05104357854120781,0.4048686108218544,0.5440878106369377
so many #VACritters,neither,0.039413129245513115,0.4120595004619746,0.5485273702925123
"Beepbeep, my friends. Shout out from Utah",neither,0.028541707998953645,0.3961980297297843,0.5752602622712621
ayy houston,neither,0.03945320844208391,0.33037608806864915,0.630170703489267
@GaeaCa I somehow always feel better about the potential insanity of this chat if you're here! gandsTrinketArmor,neither,0.06452793552631815,0.3822106368881836,0.5532614275854983
ALL AT ONCE Kappa,neither,0.040335633905924116,0.42108545957400406,0.5385789065200719
Matt's hair is looking extra poofy at the front.,neither,0.04388320796902387,0.33366166863604146,0.6224551233949347
Hannah Mahoney is such a noir detective name.,neither,0.04550250695979433,0.3253663858319914,0.6291311072082144
I'm so Hyped,neither,0.039408962504520015,0.38382265604540616,0.5767683814500738
what did I miss??,neither,0.03686804772469507,0.32860615125000875,0.6345258010252961
@ReynMontgomery Bidet from California. Welcome to your first live ep!!! it is so much better this way,neither,0.07610930912186521,0.3349761191093841,0.5889145717687507
where is ashlee?!!?!,neither,0.06245822111259904,0.2612427577458543,0.6762990211415466
Where is Ashley?,neither,0.05095422039928657,0.292515919037423,0.6565298605632903
haha,neither,0.03186685585600258,0.45913629025701075,0.5089968538869867
"@Roegall ah gee, thanks <3",neither,0.03758524023499165,0.3147339627950689,0.6476807969699395
hah,neither,0.03945320844208391,0.33037608806864915,0.630170703489267
I was waiting for Sam to say: Its never going to happen,neither,0.035757775599419034,0.35227370986742146,0.6119685145331594
the pressure is real,neither,0.038571870671078055,0.4374688866811805,0.5239592426477413
i just went through a bad break up and this is the first time i feel happy,neither,0.031193323140431366,0.35367789331986893,0.6151287835396998
"Bidet from Hell...I mean, Arizona!",offensive_language,0.04229518222052779,0.707258335288365,0.25044648249110707
Oooooo,neither,0.03945320844208391,0.33037608806864915,0.630170703489267
Bidet from South Texas! <3,neither,0.04055978256544535,0.3115946372668712,0.6478455801676836
LUL,neither,0.03945320844208391,0.33037608806864915,0.630170703489267
lol!,neither,0.020706217963973744,0.4882283491876925,0.4910654328483337
breh,neither,0.03945320844208391,0.33037608806864915,0.630170703489267
HAHAHAHAHAHAHA,neither,0.03945320844208391,0.33037608806864915,0.630170703489267
Lol,neither,0.020706217963973744,0.4882283491876925,0.4910654328483337
lmao,neither,0.03705015143476208,0.3711622369619404,0.5917876116032975
so much drunk right now,neither,0.034451795805179423,0.3982917356336501,0.5672564685611704
gandsHR gandsHR gandsHR gandsHR,neither,0.03945320844208391,0.33037608806864915,0.630170703489267
May the fourth be with you everyone,neither,0.03657533127449057,0.45330558912924235,0.5101190795962671
LOL,neither,0.020706217963973744,0.4882283491876925,0.4910654328483337
Bidet from Utah c:,neither,0.04066490145509902,0.30981049537100724,0.6495246031738937
oh...I thought her name was Havana,neither,0.038481378497190674,0.38505829265139163,0.5764603288514176
Whoooop Hype,neither,0.03945320844208391,0.33037608806864915,0.630170703489267
Travis!! Do sportsball!!!,neither,0.04103583477544425,0.3298317503003224,0.6291324149242333
"wow, that just happened",neither,0.031132503465112902,0.3951887747728395,0.5736787217620477
wow haha,neither,0.034032855297366056,0.4223736269289805,0.5435935177736534
Hahahahaha,neither,0.03945320844208391,0.33037608806864915,0.630170703489267
gandsHR gandsHR,neither,0.03945320844208391,0.33037608806864915,0.630170703489267
@tephrin Check out Sarah Tharp's Etsy store! https://www.etsy.com/listing/515072300/critical-role-inspired-chroma-conclave?ref=shop_home_active_1,neither,0.046101510906107285,0.33334252883962523,0.6205559602542675
where is Sam's super sized critmasfied tankard?,neither,0.04755848115448393,0.3029061692544045,0.6495353495911115
gandsHR,neither,0.03945320844208391,0.33037608806864915,0.630170703489267
May the Fourth be with you,neither,0.042534564830984986,0.37420261744433236,0.5832628177246826
lol,neither,0.020706217963973744,0.4882283491876925,0.4910654328483337
gandsHR gandsHR gandsHR,neither,0.03945320844208391,0.33037608806864915,0.630170703489267
hehe,neither,0.03945320844208391,0.33037608806864915,0.630170703489267
"lol, i love laura",neither,0.021988244645683455,0.4606841293023231,0.5173276260519934
@spectre_vi In transit from the airport,neither,0.039587671086652766,0.2952669559175336,0.6651453729958136
"Ashley is on the way, just returned from Vacation",neither,0.03964553739515456,0.32928690286505485,0.6310675597397906
Laura came out swinging there Kappa,neither,0.03630648330310313,0.31161054655626264,0.6520829701406343
lol,neither,0.020706217963973744,0.4882283491876925,0.4910654328483337
bisGButBad,neither,0.03945320844208391,0.33037608806864915,0.630170703489267
And also with you,neither,0.041127178707704555,0.38897589457160686,0.5698969267206886
bidet all,offensive_language,0.046917543854519406,0.6277741405869331,0.3253083155585475
"BTW, you can actually buy dice made of soap (online) 3 different sizes (look on google)",neither,0.04608394523653607,0.35490879617747,0.5990072585859939
Patriots!!,neither,0.03945320844208391,0.33037608806864915,0.630170703489267
