text,top_class,hate_speech,offensive_language,neither
"stalker cam is live, refresh if you dont see it",neither,0.041989895249831516,0.38925322022498243,0.568756884525186
<.<,neither,0.03945320844208391,0.33037608806864915,0.630170703489267
FREE,neither,0.03945320844208391,0.33037608806864915,0.630170703489267
And so it begins,neither,0.03702075117330028,0.3334064572415291,0.6295727915851705
hi gil,neither,0.03945320844208391,0.33037608806864915,0.630170703489267
Hey @GilRamirez1,neither,0.03945320844208391,0.33037608806864915,0.630170703489267
yay!,neither,0.03945320844208391,0.33037608806864915,0.630170703489267
"ok, Denise's sign def says Free",neither,0.039413553500778076,0.3310491359137592,0.6295373105854628
Beeep Beep from ontario,neither,0.04062582848913359,0.31047366557575606,0.6489005059351104
Needs a Scanlan poo symbol underneath it Denise,neither,0.03798292590622646,0.3308817856534221,0.6311352884403515
good luck with that denise,neither,0.023750093982851578,0.4180086434850574,0.5582412625320908
SHE IS FREE AND GLORIOUS IS SHE,neither,0.06036982619818564,0.4533858494184545,0.48624432438335985
I think it says Free,neither,0.03841309052276252,0.32058509841043853,0.6410018110667989
Talks Machina HYPE!,neither,0.03945320844208391,0.33037608806864915,0.630170703489267
INDEED,neither,0.03945320844208391,0.33037608806864915,0.630170703489267
"bidet from Erie, PA",neither,0.04069404815304118,0.30931579984010865,0.6499901520068502
Oh Hai !,neither,0.051363287716059566,0.22255663153133606,0.7260800807526044
Hello hello!,neither,0.03945320844208391,0.33037608806864915,0.630170703489267
Hey @GilRamirez1,neither,0.03945320844208391,0.33037608806864915,0.630170703489267
GIL!!!,neither,0.03945320844208391,0.33037608806864915,0.630170703489267
booo i miss the fire place,neither,0.03443425945220684,0.26297480297316783,0.7025909375746253
Hi Gil!,neither,0.03945320844208391,0.33037608806864915,0.630170703489267
FREE,neither,0.03945320844208391,0.33037608806864915,0.630170703489267
beep beep fellow okies,neither,0.03945320844208391,0.33037608806864915,0.630170703489267
"Help G&S make great content! $4.99/month gets you emotes, Minecraft server access, Sub Only Q&As, VODs, and more! Every sub keeps the channel alive! twitch.tv/geekandsundry/subscribe",neither,0.043092924924402844,0.32365565443818894,0.6332514206374082
Easy peasy @HybridVitae,neither,0.03945320844208391,0.33037608806864915,0.630170703489267
why?,neither,0.016768318525353994,0.3685911158159394,0.6146405656587067
#Freedenise,neither,0.03945320844208391,0.33037608806864915,0.630170703489267
geekandsundry is online. RevloBot is now tracking loyalty.,neither,0.05157974116510514,0.3262052173957376,0.6222150414391574
are they ending or starting i just got here,neither,0.09797929229673094,0.31373049146636994,0.588290216236899
Don't #FreeDenise!,neither,0.03945320844208391,0.33037608806864915,0.630170703489267
thanks revlobot!,neither,0.035884468650613,0.3004919205142699,0.6636236108351171
Oh crap!!S someone let Denise off her cage. Now we are all in danger. :S,neither,0.03970381537138675,0.4724393214463485,0.4878568631822649
starting,neither,0.03945320844208391,0.33037608806864915,0.630170703489267
did we just see denise?,neither,0.033575629669144694,0.3609078065092583,0.6055165638215969
Bidet from Maryland my friends,neither,0.029787702943987516,0.3952099339129985,0.5750023631430139
Beep beep from Wisco!,neither,0.04228451509352876,0.2823214250720796,0.6753940598343917
When does this officially start?,neither,0.02084709461207901,0.48066340018625586,0.49848950520166524
wordd thanks firefoxx is on this right i jusy saw her post this on her IG thats y im here,offensive_language,0.04541568126005031,0.5483030003623033,0.40628131837764625
!clock wheniscriticalrole.com/talksmachina TALKS MACHINA is at 7pm Pacific .,neither,0.0442639323116297,0.344635442652316,0.6111006250360543
It is currently 6:36 PM at the Geek & Sundry studio in California.,neither,0.05188962470415607,0.32956799778566287,0.618542377510181
bidet,neither,0.03945320844208391,0.33037608806864915,0.630170703489267
!wallet,neither,0.03945320844208391,0.33037608806864915,0.630170703489267
albert1h has 6134 coins,neither,0.03989735448983053,0.32283777050957063,0.6372648750005988
bidet from germany,neither,0.04069404815304118,0.30931579984010865,0.6499901520068502
!wallet,neither,0.03945320844208391,0.33037608806864915,0.630170703489267
sirspasticpants99 has 13826 coins,neither,0.03989735448983053,0.32283777050957063,0.6372648750005988
bogotterHey,neither,0.03945320844208391,0.33037608806864915,0.630170703489267
!wallet,neither,0.03945320844208391,0.33037608806864915,0.630170703489267
ianspeed has 6372 coins,neither,0.03989735448983053,0.32283777050957063,0.6372648750005988
!Wallet,neither,0.03945320844208391,0.33037608806864915,0.630170703489267
dernephelin has 1904 coins,neither,0.03989735448983053,0.32283777050957063,0.6372648750005988
link @HybridVitae,neither,0.03945320844208391,0.33037608806864915,0.630170703489267
?,neither,0.03945320844208391,0.33037608806864915,0.630170703489267
damn - what do I do with those?,offensive_language,0.06631812373317765,0.7531915987199286,0.1804902775468939
deise seems to be channeling an elder god with that note...,neither,0.03377040427266634,0.37959363273336216,0.5866359629939716
im riiiiccchhh bitcchhh!,neither,0.03732396775172632,0.41122202234291466,0.5514540099053589
!wallet,neither,0.03945320844208391,0.33037608806864915,0.630170703489267
pencilstroke has 5562 coins,neither,0.03989735448983053,0.32283777050957063,0.6372648750005988
@ravice0 r show Game Engine ended an hour ago,neither,0.04848886775584152,0.2524234208984258,0.6990877113457327
!wallet,neither,0.03945320844208391,0.33037608806864915,0.630170703489267
darkfearsfire has 5783 coins,neither,0.03989735448983053,0.32283777050957063,0.6372648750005988
HybridVitae -> Only those that we deem worthy shall possess the power of the Hyperlink [warning],neither,0.048140585852785724,0.2990817588418225,0.6527776553053918
!wallet,neither,0.03945320844208391,0.33037608806864915,0.630170703489267
angry_grim23 has 27774 coins,neither,0.03989735448983053,0.32283777050957063,0.6372648750005988
mines frozen,neither,0.03945320844208391,0.33037608806864915,0.630170703489267
It's awfully quiet. Too quiet.,neither,0.038427251864397896,0.333332141352012,0.6282406067835901
'allo mates,neither,0.03945320844208391,0.33037608806864915,0.630170703489267
Hello,neither,0.03945320844208391,0.33037608806864915,0.630170703489267
@I_Am_Percys_Bad_News indeed,neither,0.03945320844208391,0.33037608806864915,0.630170703489267
No @edwardwcross Denise IS an elder god.,neither,0.04653412300013208,0.3358185565626247,0.617647320437243
matt mercer,neither,0.03945320844208391,0.33037608806864915,0.630170703489267
Please use !revolo to see how many coins you have so we don't spam chat,neither,0.029129860908291585,0.44440680345481076,0.5264633356368976
I'm saving my coins up just incase i end up being able to do something epic with them,neither,0.031076669765988853,0.45299553112057783,0.5159277991134333
where do i know this song from?,neither,0.04353681677819337,0.28712413980660856,0.669339043415198
HeyGuys Hi!,neither,0.03945320844208391,0.33037608806864915,0.630170703489267
The couch looks like it has eyes again...,neither,0.04591664619628191,0.32545708589568023,0.6286262679080378
!revolo,neither,0.03945320844208391,0.33037608806864915,0.630170703489267
Ahhh yeah true,neither,0.024507968395330683,0.4334717813632507,0.5420202502414186
!revlo,neither,0.03945320844208391,0.33037608806864915,0.630170703489267
!revolo,neither,0.03945320844208391,0.33037608806864915,0.630170703489267
Maybe xenomorphs have overrun Geek & Sundry...?,neither,0.039054392980711464,0.33714502727355444,0.6238005797457341
!revolo,neither,0.03945320844208391,0.33037608806864915,0.630170703489267
!aurevoir,neither,0.03945320844208391,0.33037608806864915,0.630170703489267
any cool puzzle ideas for a campaign I'm running much thank,neither,0.0330892001609139,0.31620018344592554,0.6507106163931605
!command,neither,0.03945320844208391,0.33037608806864915,0.630170703489267
"dangit, I didnt notice the couch and now there it is...staring...",neither,0.04254707069614275,0.26830045049255474,0.6891524788113026
#freedenise,neither,0.03945320844208391,0.33037608806864915,0.630170703489267
!commands,neither,0.03945320844208391,0.33037608806864915,0.630170703489267
Impossiblegirl11 -> The bot commands for this channel are available at https://beta.nightbot.tv/t/geekandsundry/commands,neither,0.04695462833040224,0.29561718809185006,0.6574281835777477
Its the beginning of the zombie apocalypse!!,neither,0.034388574362415505,0.31083108556143374,0.6547803400761507
Salutations,neither,0.03945320844208391,0.33037608806864915,0.630170703489267
Spoiler alert it's almost Thursday!,neither,0.03825194967671283,0.33078925604250475,0.6309587942807825
"hmm.. looks like the ""fireplace"" is gone.",neither,0.05754172525501546,0.32709941830743694,0.6153588564375475
the couch is always watching,neither,0.04450058956225323,0.36419018801969305,0.5913092224180537
more sigils damnit,neither,0.04154712350769068,0.31947720609760566,0.6389756703947036
"impossiblegirl, take out the ""o"" between the v and l",neither,0.03298360110448261,0.2776282432324096,0.6893881556631077
fast zombie ARRRRRGH!,neither,0.03945320844208391,0.33037608806864915,0.630170703489267
All that cool critmas stuff hopefully gets incorporated into the set soon,neither,0.03734661847055699,0.3892583184471288,0.5733950630823141
@wolfofwaste I have a dungeon where you have to put the pieces of a puppet together to have a chance of defeating the final boss...,neither,0.05173715648994686,0.3282102069852291,0.6200526365248241
!clock wheniscriticalrole.com/talksmachina TALKS MACHINA is at 7pm Pacific .,neither,0.0442639323116297,0.344635442652316,0.6111006250360543
It is currently 6:39 PM at the Geek & Sundry studio in California.,neither,0.051991185132496114,0.32955794337183575,0.6184508714956681
gandsDrink,neither,0.03945320844208391,0.33037608806864915,0.630170703489267
are we on the mofo internet?,neither,0.06455044260466253,0.27765074222486363,0.6577988151704739
Greetings everyone!,offensive_language,0.02988896790634741,0.4927062106388782,0.4774048214547744
revlo.co/geekandsundry,neither,0.03945320844208391,0.33037608806864915,0.630170703489267
RIP fireplace,neither,0.03945320844208391,0.33037608806864915,0.630170703489267
"Why is he on his mark already, isn't there like 20 minutes to go still?",neither,0.06426883819913456,0.34775444985182064,0.5879767119490448
OH SNAP. foster looking smooth with the beard,neither,0.03490443324223279,0.31312470144358057,0.6519708653141866
I like that,offensive_language,0.059860103124402354,0.4872665818744376,0.45287331500116007
@wolfofwaste and the parts are hidden in various rooms of the dungeon,neither,0.053106805340048115,0.25799299406177745,0.6889002005981745
hey puppet,neither,0.03945320844208391,0.33037608806864915,0.630170703489267
HI @postdataest :),neither,0.03945320844208391,0.33037608806864915,0.630170703489267
I can dig that,neither,0.035309206885408,0.3735659301576237,0.5911248629569683
good day @Dragonchrome,neither,0.039184892391848775,0.3050917618113163,0.6557233457968349
I miss the fire place,neither,0.03443425945220684,0.26297480297316783,0.7025909375746253
where is this song from?,neither,0.05261566472010545,0.27948372182275755,0.6679006134571369
obligatory cabbage joke,neither,0.03945320844208391,0.33037608806864915,0.630170703489267
any more cool puzzle or trap ideas,neither,0.040873478574738664,0.32293889774810436,0.636187623677157
"hrm, they haven't had time to find a place for the new Gilmore sign I guess. Too many things to do, not enough staff! :)",neither,0.04668933130588746,0.21249940524472083,0.7408112634493919
"@wolfofwaste if the boss is then defeated, the puppet becomes a companion to whoever killed the boss",neither,0.03517228604528509,0.3306223171107523,0.6342053968439627
very cool,neither,0.03945320844208391,0.33037608806864915,0.630170703489267
Brian acting like he knows what he's doing -__-,neither,0.05845139032067941,0.33452044904313527,0.6070281606361854
@CaptainMunden or its up on the other set,neither,0.028567438536505008,0.37775149618290504,0.5936810652805901
bidet y'all,offensive_language,0.046917543854519406,0.6277741405869331,0.3253083155585475
bidet all,offensive_language,0.046917543854519406,0.6277741405869331,0.3253083155585475
Never noticed before but with the beard he looks like that guy from blindspot.,neither,0.03217758396916692,0.4351246834665451,0.532697732564288
bidet!,neither,0.03945320844208391,0.33037608806864915,0.630170703489267
"This song is ""Electric Hell"" from the Syrinscape playlist @Iwillgotohell2",offensive_language,0.04608102235596526,0.5928164781627852,0.36110249948124956
Is that Denise in the corner?,neither,0.04302825611364453,0.3564786368482369,0.6004931070381185
@Dragonchrome ty,neither,0.03945320844208391,0.33037608806864915,0.630170703489267
Bidet,neither,0.03945320844208391,0.33037608806864915,0.630170703489267
Do i spy denise?,neither,0.04121617817376095,0.3297697219358861,0.629014099890353
bidet from san antonio,neither,0.040446282760733435,0.31352102516371877,0.6460326920755478
bidet?,neither,0.03945320844208391,0.33037608806864915,0.630170703489267
beep beep!,neither,0.03945320844208391,0.33037608806864915,0.630170703489267
DENISE!!!,neither,0.03945320844208391,0.33037608806864915,0.630170703489267
Bidet,neither,0.03945320844208391,0.33037608806864915,0.630170703489267
beep beep,neither,0.03945320844208391,0.33037608806864915,0.630170703489267
\o/,neither,0.03945320844208391,0.33037608806864915,0.630170703489267
CaptainMunden heard they were working on a new set and could try to include all that stuff on it,neither,0.03937908422609189,0.3184572380393686,0.6421636777345395
@Iwillgotohell2 np,neither,0.03945320844208391,0.33037608806864915,0.630170703489267
Is that Denise on the left?,neither,0.03947567245755345,0.3777092211594607,0.5828151063829858
!denise,neither,0.03945320844208391,0.33037608806864915,0.630170703489267
"D.E.N.I.S.E. - Digital Entertainment Network Intelligence System Executor. She sits on a chair, she loves Harry Potter and she likes Skyrim. Denise is the pilot of this crazy plane. You can find her own personal channel here: twitch.tv/denisebrr",offensive_language,0.06208928308963414,0.4746633895413215,0.4632473273690444
am i late or early?,neither,0.040769707977273806,0.30467268224159394,0.6545576097811323
!clock wheniscriticalrole.com/talksmachina TALKS MACHINA is at 7pm Pacific .,neither,0.0442639323116297,0.344635442652316,0.6111006250360543
It is currently 6:42 PM at the Geek & Sundry studio in California.,neither,0.051991185132496114,0.32955794337183575,0.6184508714956681
Early,neither,0.042215779998293526,0.28348803902252573,0.6742961809791808
I thought denise was a 5 dimensional entity unseeable by human eyes,neither,0.14580208564734554,0.1579455607954662,0.6962523535571882
@bigrios yes,neither,0.03945320844208391,0.33037608806864915,0.630170703489267
Thanks!,neither,0.035884468650613,0.3004919205142699,0.6636236108351171
Does anyone here actually care what their set looks like?,neither,0.0663307988326997,0.4023404026791193,0.5313287984881812
early @bigrios we are just in teh preshow shpow,neither,0.06643248143038828,0.2732634102596895,0.6603041083099224
Good evening/afternoon/morning everyone,neither,0.040238180109169436,0.3090076852263121,0.6507541346645184
"Part of me wants to know what Denise looks like, but I also want to keep it a mystery so I never actively try to find out...",neither,0.04990687992204139,0.3601829776747175,0.5899101424032412
Beep beep to you all.,offensive_language,0.1465191337486792,0.6650830858525114,0.18839778039880933
NOOOO! I think I have seen the elusive Denise... I will surely go mad!,neither,0.04056532172271698,0.30555975055801365,0.6538749277192692
"I mean we are geeks and nerds, we grew up watching cardboard basement star trek fan films.",neither,0.04726340103599315,0.31748660792129846,0.6352499910427084
denise is this generations wilson from home improvement,neither,0.0453633105545617,0.31793778102797016,0.6366989084174681
who all is there,offensive_language,0.057400404015422186,0.4736447149394127,0.468954881045165
it will b interesting to see what happens to the 7k viewers on Matts channel when Talks goes live,neither,0.054971336290860755,0.3309819051738162,0.614046758535323
!wallet,neither,0.03945320844208391,0.33037608806864915,0.630170703489267
kinfolk923 has 49552 coins,neither,0.03989735448983053,0.32283777050957063,0.6372648750005988
the beard looks glorious Brian. :),neither,0.03866861535854847,0.31606891076243415,0.6452624738790175
anyone else play Atlus Reactor?,neither,0.03945320844208391,0.33037608806864915,0.630170703489267
I got my Vox Machina tee today :),neither,0.026241434473220814,0.4339863299825324,0.5397722355442469
whats the other stream?,neither,0.038671711036072066,0.31612656351146584,0.6452017254524621
gandsGandsEars,neither,0.03945320844208391,0.33037608806864915,0.630170703489267
*atlas,neither,0.03945320844208391,0.33037608806864915,0.630170703489267
Don't know if I would exactly classify myself as a geek or nerd...,neither,0.027600095639791412,0.37889655272742917,0.5935033516327795
"eh, as much as i love our lord an saviour matt, i care more about his beautiful creation",neither,0.04442358353401076,0.37296990431325255,0.5826065121527366
so when did Twitch get the make over with its new fancy look and features?,neither,0.02507854470935094,0.32663001305559713,0.6482914422350519
great use of perspective travis and brian,neither,0.019457703856474568,0.3503807541576321,0.6301615419858932
"I need to know what soundtrack was just playing, it's amazing :<",neither,0.04321892962393751,0.3403885879510115,0.6163924824250508
!fluffy,neither,0.03945320844208391,0.33037608806864915,0.630170703489267
FLUFFY. BE AT PEACE https://www.youtube.com/watch?v=a-xWhG4UU_Y,neither,0.04236957883355784,0.34515026145261357,0.6124801597138285
