text,top_class,hate_speech,offensive_language,neither
its up,neither,0.02540825348022648,0.4347329232452923,0.5398588232744811
art time!,neither,0.03804240160507918,0.3543211620050669,0.6076364363898539
"Bidet is Grog's misunderstanding of the greeting, ""Good Day"".",neither,0.049716254012402504,0.28508180937695854,0.665201936610639
yay,neither,0.03945320844208391,0.33037608806864915,0.630170703489267
OOOOOOO,neither,0.03945320844208391,0.33037608806864915,0.630170703489267
wooo!,neither,0.03945320844208391,0.33037608806864915,0.630170703489267
Here we go!,neither,0.13156755280784707,0.2765461283225309,0.5918863188696221
wheniscriticalrole.com,neither,0.03945320844208391,0.33037608806864915,0.630170703489267
Bidet from San Antonio,neither,0.040446282760733435,0.31352102516371877,0.6460326920755478
timmer... It looks like we'll have to agree to disagree on things...,neither,0.05210632117832264,0.3513477744797222,0.5965459043419551
PogChamp,neither,0.03945320844208391,0.33037608806864915,0.630170703489267
gandsNatTwenty,neither,0.03945320844208391,0.33037608806864915,0.630170703489267
danChamp danHype,neither,0.03945320844208391,0.33037608806864915,0.630170703489267
woo,neither,0.03945320844208391,0.33037608806864915,0.630170703489267
EARLY SREAM PogChamp,neither,0.042215779998293526,0.28348803902252573,0.6742961809791808
Yay! Artwork!,neither,0.03945320844208391,0.33037608806864915,0.630170703489267
#HappyBirthdayMarisha,neither,0.03945320844208391,0.33037608806864915,0.630170703489267
Bidet from Pittsburgh!,neither,0.04066490145509902,0.30981049537100724,0.6495246031738937
Bidet from Marion Indiana,neither,0.0408364874901429,0.30689823255244486,0.6522652799574122
fanart is up,neither,0.053823407769846156,0.4564160934029835,0.48976049882717027
"IF, and a big IF there is a situation where they all re-roll characters. It would be part of a narrative arc that would conclude something. Not be because Grog drew a card.",neither,0.02665170346909585,0.37909263426590645,0.5942556622649976
bidet from tejas,neither,0.04228451509352876,0.2823214250720796,0.6753940598343917
Bidet from NY,neither,0.04084513770590474,0.30675141581570226,0.6524034464783931
fanart time!!,neither,0.036668274527354654,0.377643684699956,0.5856880407726893
How long till?,neither,0.03918346014300793,0.3281172505410823,0.6326992893159097
ART!!!,neither,0.03945320844208391,0.33037608806864915,0.630170703489267
"Buckle up, boys!!",neither,0.035370336224292115,0.41610040090049877,0.5485292628752091
"im wanting that uhh ""New Baker"" to show up",neither,0.052129808755117746,0.29879577159517745,0.6490744196497048
Tary.,neither,0.03945320844208391,0.33037608806864915,0.630170703489267
This is how we find out best Korea nuked the west coast. Through a twitch stream going offline.,neither,0.04141878539709235,0.29474417514481965,0.663837039458088
grog would say bidet instead of good day in sigourn,neither,0.0387149637980474,0.3118178839158027,0.6494671522861498
"Bidet is Grog's way of saying ""Good day""",neither,0.03816329000595098,0.3166068234881382,0.6452298865059108
gandsSubHype gandsSubHype gandsSubHype gandsSubHype gandsSubHype,neither,0.03945320844208391,0.33037608806864915,0.630170703489267
heeeree weee gooo,neither,0.03945320844208391,0.33037608806864915,0.630170703489267
ys,neither,0.03945320844208391,0.33037608806864915,0.630170703489267
I believe it just means you chat throughout the show.,neither,0.06018616610334693,0.30621093818455436,0.6336028957120988
REFRESH it's starting the art sequence! :D,neither,0.037688208692780716,0.3182420185838665,0.6440697727233528
Yay Critart!,neither,0.03945320844208391,0.33037608806864915,0.630170703489267
No idea though.,neither,0.03850535331113602,0.3464636633456069,0.6150309833432571
Bidet,neither,0.03945320844208391,0.33037608806864915,0.630170703489267
bidet from michigan,neither,0.040769555981420263,0.3080342349327864,0.6511962090857933
Bidet from Oklahoma,neither,0.04066490145509902,0.30981049537100724,0.6495246031738937
"@slappersonly91 In a past episode Grog confused ""good day"" with ""bidet"" and it caught on as a Critter greeting.",neither,0.028596311120860814,0.349444705736772,0.6219589831423672
Bidet from Gustavus,neither,0.04228451509352876,0.2823214250720796,0.6753940598343917
IF YOU'RE NOT SEEING FAN ART NOW... refresh your prowser.,neither,0.06608940539327132,0.37600312179559053,0.5579074728111382
@chickendipa hello fellow aussie,neither,0.03945320844208391,0.33037608806864915,0.630170703489267
Taryon Darrington!!,neither,0.03945320844208391,0.33037608806864915,0.630170703489267
Bidet from Florida,neither,0.0408948396164547,0.30590784468201904,0.6531973157015263
snek!,neither,0.03945320844208391,0.33037608806864915,0.630170703489267
Bidet from Utah,neither,0.04066490145509902,0.30981049537100724,0.6495246031738937
Bidet from Ontario,neither,0.04062582848913359,0.31047366557575606,0.6489005059351104
bidet from New Zealand,neither,0.046710622032705686,0.1542697019613409,0.7990196760059534
so much lag XD,neither,0.03551279555929339,0.3776065950734844,0.5868806093672222
12 MINS TILL SUB AND SLOW MODE!,neither,0.03894050240468522,0.305333419971594,0.6557260776237207
chat activate,neither,0.03945320844208391,0.33037608806864915,0.630170703489267
bidet everyone,offensive_language,0.02988896790634741,0.4927062106388782,0.4774048214547744
Cue the waterfall of chat text!,neither,0.034796259611209995,0.38628399663235796,0.5789197437564321
What if Pike pulls the Justice card and becomes evil?,neither,0.030454034133936138,0.32717513561182454,0.6423708302542394
Hello... my.. Friends...,neither,0.027092414902365258,0.4278931443005694,0.5450144407970652
Tary must die so that Scanlan can live!,neither,0.1972345522150515,0.18378176841286062,0.6189836793720878
Bidet from TX,neither,0.04081748366884477,0.3072207769958956,0.6519617393352596
BIDET ALL,offensive_language,0.046917543854519406,0.6277741405869331,0.3253083155585475
bunny vm!!,neither,0.03945320844208391,0.33037608806864915,0.630170703489267
Bidet from NC,neither,0.04066490145509902,0.30981049537100724,0.6495246031738937
bidet from NY,neither,0.04084513770590474,0.30675141581570226,0.6524034464783931
The Crit Art lead in has begun refresh if you do not see and hear it,neither,0.03426579852356349,0.3520693543852575,0.613664847091179
Hoiw long till it starts,neither,0.037887619442861536,0.32901238022312307,0.6331000003340154
Bidet from Sudbury,neither,0.04228451509352876,0.2823214250720796,0.6753940598343917
Are they love yet?,neither,0.0693801412095386,0.28863496008762735,0.641984898702834
buns,neither,0.03945320844208391,0.33037608806864915,0.630170703489267
and guesses what this episodes about chat :D,neither,0.041873463159794594,0.3175575912896989,0.6405689455505065
Oh okay thanks. Just sounds weird and never knew,neither,0.03520702531106953,0.3008432465742988,0.6639497281146317
oooh it begins,neither,0.038270007001287375,0.330783045300554,0.6309469476981585
browser even. sheesh i can't type tonight,neither,0.03671208111592534,0.32065620103314063,0.6426317178509341
Good morning from the UK,neither,0.045921331169112956,0.17314151918169884,0.7809371496491881
bidet from indiana,neither,0.0408364874901429,0.30689823255244486,0.6522652799574122
bloop,neither,0.03945320844208391,0.33037608806864915,0.630170703489267
yay !!,neither,0.03945320844208391,0.33037608806864915,0.630170703489267
Bidet,neither,0.03945320844208391,0.33037608806864915,0.630170703489267
Bidet from Ottawa!,neither,0.04228451509352876,0.2823214250720796,0.6753940598343917
the bunnies are too cute!,neither,0.06524385294767095,0.24707289104067698,0.6876832560116521
watch the numbers risw,neither,0.0448700766392611,0.30994298777004264,0.6451869355906963
bidet from Denver,neither,0.04069404815304118,0.30931579984010865,0.6499901520068502
fixing me some mac & cheese for this :D,neither,0.02563783279026489,0.3467552911179515,0.6276068760917836
yaaaay! Its tiiiime! Bidet from Connecticut!,neither,0.034426715229602896,0.3144314433978889,0.6511418413725081
Live are they live yet?,neither,0.07129941804151031,0.2896524861537866,0.639048095804703
Bidet from NoVA,neither,0.04228451509352876,0.2823214250720796,0.6753940598343917
hey all,neither,0.04285346742239823,0.46255625023407465,0.49459028234352725
Bidet from CT! My mom say bidet too,neither,0.03066290389939369,0.39083415882071354,0.5785029372798928
aaaah I love the fanart,neither,0.03145119199065299,0.32476063973837394,0.643788168270973
Nice fanart,neither,0.03945320844208391,0.33037608806864915,0.630170703489267
"Bidet and Beep Beep from Nashville, TN",neither,0.039618715792848265,0.27971990106412287,0.6806613831430289
"Bidet from Moncton, Canada",neither,0.04071751644889743,0.3089174816120565,0.6503650019390461
Love the bunny voxMachina,neither,0.035097093492354826,0.32684679428285907,0.6380561122247861
Bidet from Mass,neither,0.04078317879478948,0.307803020237201,0.6514138009680096
"FAN ART UP, REFRESH IF YOU DON'T SEE IT.",neither,0.03280963780786047,0.441976435766706,0.5252139264254336
"Bidet from KC, MO!",neither,0.040439121677047545,0.3136425674428074,0.6459183108801451
"just saying, never know. CR never fails to surprise me.",neither,0.027891865816796292,0.40847476764673546,0.5636333665364682
for this,neither,0.027025760533510624,0.2732970027695809,0.6996772366969084
LMAO,neither,0.03705015143476208,0.3711622369619404,0.5917876116032975
Happy Bday #Marisha!,neither,0.03945320844208391,0.33037608806864915,0.630170703489267
good morning fellow Brit,neither,0.04691433381159199,0.19055706009032403,0.7625286060980839
who else is buying minis right now?,neither,0.04643409114672892,0.40262745957987384,0.5509384492733973
"Bidet from Phoenix, AZ!",neither,0.04039617012658628,0.31437156734874944,0.6452322625246643
bidet from Pennsylvania,neither,0.04069404815304118,0.30931579984010865,0.6499901520068502
bidet from jax fl,neither,0.04036266062233628,0.31494031108870923,0.6446970282889545
Refresh for fan art,neither,0.034771637128892204,0.3069844656162302,0.6582438972548776
"I miss the Meat man so much, but i'm really liking Tary also! we need like a Day of the Doctor circumstance where they meet.",neither,0.037155841943583776,0.35839276136628123,0.6044513966901349
Bidet from Indiana!,neither,0.0408364874901429,0.30689823255244486,0.6522652799574122
!critmusic,neither,0.03945320844208391,0.33037608806864915,0.630170703489267
The Critical Role theme song is written by Jason Charles Miller (bit.ly/CRsong ). The fan art music is Twin Elms from the Pillars of Eternity Soundtrack (youtu.be/WYMLvmilS24 ),neither,0.04451672980050135,0.3243004653192533,0.6311828048802453
"Weird, G&S Isn't showing up in my channel list like usual, had to come here directly because it said the stream was offline",neither,0.054453540840736926,0.38346769240411294,0.5620787667551502
"bidet fro, Indiana :D",neither,0.03945320844208391,0.33037608806864915,0.630170703489267
ive grown to hate this music,neither,0.17965381783873274,0.346569889016536,0.47377629314473124
bidet from MA,neither,0.031816597323666866,0.4599893087150652,0.5081940939612679
"Or so we can see another awesome character adam, Scanlon might be gone for good.",neither,0.058754836286335065,0.2976037214763186,0.6436414422373464
OMG I just finished 95 and 96 today just so I'm caught up for live !!!,neither,0.030823096886710557,0.35279704193365136,0.6163798611796381
Bidet fellow Mass Critters!,neither,0.03945320844208391,0.33037608806864915,0.630170703489267
Aww wheee,neither,0.03945320844208391,0.33037608806864915,0.630170703489267
mine still says offline,neither,0.03844340533466108,0.34751508217772237,0.6140415124876166
bidet from Indiana,neither,0.0408364874901429,0.30689823255244486,0.6522652799574122
bidet from wny,neither,0.04228451509352876,0.2823214250720796,0.6753940598343917
bidet from Maine,neither,0.04069404815304118,0.30931579984010865,0.6499901520068502
happy birthday Marisha!!! Sending you all the love!!!!!,neither,0.05213151496714623,0.4394494504724828,0.5084190345603709
Bidet from Indiana,neither,0.0408364874901429,0.30689823255244486,0.6522652799574122
first time watching live in a while.,neither,0.0356726564910273,0.3488732684878062,0.6154540750211666
CRITICAL ROLE,neither,0.03945320844208391,0.33037608806864915,0.630170703489267
"""A penis!"" An immortal moment from Keylith.",neither,0.04076719965563981,0.308074227930801,0.6511585724135591
YES,neither,0.03945320844208391,0.33037608806864915,0.630170703489267
"Bidet from Oklahoma City, Oklahoma",neither,0.04006748672935082,0.31995018239514766,0.6399823308755015
bidet from sunny ol' england,neither,0.040259693867218595,0.3166879256448739,0.6430523804879076
Bidet from London,neither,0.04069404815304118,0.30931579984010865,0.6499901520068502
so hyped,neither,0.039408962504520015,0.38382265604540616,0.5767683814500738
I'm super out of date; at what point did Pike get blue hair?,neither,0.03903687367306323,0.3602633941665004,0.6006997321604364
!wallet,neither,0.03945320844208391,0.33037608806864915,0.630170703489267
Bidet from Nova Scotia,neither,0.04228451509352876,0.2823214250720796,0.6753940598343917
Bidet from Oklahoma!,neither,0.04066490145509902,0.30981049537100724,0.6495246031738937
bidet from pa,neither,0.04069404815304118,0.30931579984010865,0.6499901520068502
Refresh for fan art gallery,neither,0.03547254681400128,0.3104827148924333,0.6540447382935654
Bidet from Ohio,neither,0.040754399270683486,0.3082914838698526,0.650954116859464
bidet from work in NM!,neither,0.0410822503047107,0.30272699619939303,0.6561907534958962
"Thank you fanartists who contributed your work, I love it all",offensive_language,0.09579458304682724,0.5532557265485819,0.35094969040459084
11 MINS TILL SUB AND SLOW MODE,neither,0.03893926109108196,0.3052692475124185,0.6557914913964995
!wallet,neither,0.03945320844208391,0.33037608806864915,0.630170703489267
@AbsoluteShadows I;m always surprised by how many of us there are!,neither,0.09863386098173191,0.3291346877815518,0.5722314512367164
i follow g&s how do i sub im new to the twitch experience,neither,0.045906742537173785,0.2814209540298118,0.6726723034330144
IM FINALLY CAUGHT UP!!,neither,0.03601503080449057,0.41669607752022003,0.5472888916752895
wooooooooooooo,neither,0.03945320844208391,0.33037608806864915,0.630170703489267
hoping to get to bed by 7 am (GMT),neither,0.0515345669874555,0.3680904037921159,0.5803750292204285
so hype!,neither,0.03940828253961077,0.39264520971988554,0.5679465077405037
I love the music,neither,0.03424036505897524,0.32627251671334745,0.6394871182276773
man all you artists are rediculous so amazing,offensive_language,0.08751232768413836,0.5100169018948187,0.40247077042104296
HeyGuys,neither,0.03945320844208391,0.33037608806864915,0.630170703489267
bidet from the scorching heats of Arizona,neither,0.03960360123016456,0.2915118832636736,0.6688845155061619
Bidet,neither,0.03945320844208391,0.33037608806864915,0.630170703489267
"yay crit roll, best time of the week",neither,0.03730098706151347,0.3274361048835716,0.6352629080549148
"Bidet, from Scotland",neither,0.04062582848913359,0.31047366557575606,0.6489005059351104
"*buys Fun Buns, Bear Claws, and Sun Treats form the Slayer's Cake... and hands them out to chat room.*",neither,0.04417509695236952,0.29657590697121716,0.6592489960764132
I refuse to belive that. He will live on forever in song. lol,neither,0.04067743881390469,0.38938714206676883,0.5699354191193264
2nd Crit Roll live stream I have been a part of,neither,0.0417908872398943,0.33871500434068763,0.6194941084194181
"bidet from Orlando,FL",neither,0.040334677536117594,0.315415257091876,0.6442500653720065
@MarkOfTheDragon 2 episodes ago I think,neither,0.039969912561238316,0.32160627067630376,0.638423816762458
Tulsa here - so many okies,neither,0.08545630855052326,0.3351838399308325,0.5793598515186442
art art art art art arty art,neither,0.03945320844208391,0.33037608806864915,0.630170703489267
think we'll see our drow baker this episode?,neither,0.03966258662933886,0.3268223937974071,0.6335150195732542
So relaxing,neither,0.039408962504520015,0.38382265604540616,0.5767683814500738
SMOrc SMOrc SMOrc,neither,0.03945320844208391,0.33037608806864915,0.630170703489267
Everyone else's says offline right now yea?,neither,0.03370997534531233,0.429613729304726,0.5366762953499616
first time watching live EVER,neither,0.03550447578892248,0.3497273135653893,0.6147682106456883
pike got blue hair like last session or the one before.,neither,0.04139770477920426,0.42287623633300386,0.5357260588877918
can't wait,neither,0.03991073413903658,0.3226106829444422,0.6374785829165213
Bidet from Philadelphia!,neither,0.04066490145509902,0.30981049537100724,0.6495246031738937
Bidet from Central Pa,neither,0.04038434874462851,0.31457220705192124,0.6450434442034502
"Bidet, good people of the Stream",neither,0.06740223164243107,0.31152891047768044,0.6210688578798885
bidet from Calgary :D,neither,0.04228451509352876,0.2823214250720796,0.6753940598343917
Bidet from Tulsa Ok.,neither,0.04104157946423444,0.3034172865047108,0.6555411340310547
"""homecoming"" oh no",neither,0.04419620152134509,0.29166242422215,0.6641413742565049
420,neither,0.03945320844208391,0.33037608806864915,0.630170703489267
Bidet,neither,0.03945320844208391,0.33037608806864915,0.630170703489267
Bidet from Maryland,neither,0.04066490145509902,0.30981049537100724,0.6495246031738937
"After starting a year ago, I have finally caught up",neither,0.037283572568102476,0.3722690646275814,0.5904473628043161
Right? I didn't think there would be many east-coasters but boy way I wrong.,neither,0.02805782627156844,0.3421717166959635,0.629770457032468
#beadbuddies gandsLessthanthree gandsLessthanthree gandsLessthanthree,neither,0.03945320844208391,0.33037608806864915,0.630170703489267
Bidet from Austin Texas,neither,0.04055041785557119,0.31175358083338084,0.6476960013110479
Bidet from England!!!,neither,0.04071751644889743,0.3089174816120565,0.6503650019390461
Whats this theme song from again?,neither,0.03847197843018628,0.3470301221768225,0.6144978993929913
@shade11587 refresh for fanart!,neither,0.03296554473014691,0.29799019813725613,0.669044257132597
"bidet from west virginia, how's everybody doing?",neither,0.04027026252423477,0.3165085479533126,0.6432211895224528
lol,neither,0.020706217963973744,0.4882283491876925,0.4910654328483337
Bidet from the UK!,neither,0.039613273355342184,0.2892653269430044,0.6711213997016535
"@MarkOfTheDragon During the vacation sequence in ""One year later""",neither,0.03814495733422378,0.3413981737679007,0.6204568688978754
Bidet from Michigan!,neither,0.040769555981420263,0.3080342349327864,0.6511962090857933
there we go. finally let me see the stream :3,neither,0.024384694643424153,0.34317739462985775,0.6324379107267181
Bidet Critters!,neither,0.03945320844208391,0.33037608806864915,0.630170703489267
Welcome all first timers!,neither,0.03472851199171168,0.39469333016324043,0.5705781578450478
Bidet from NZ!,neither,0.04228451509352876,0.2823214250720796,0.6753940598343917
All the more Bidet!,neither,0.044599283805092614,0.4132312560812272,0.5421694601136802
waves,neither,0.03945320844208391,0.33037608806864915,0.630170703489267
Bidet from Ohio.,neither,0.040754399270683486,0.3082914838698526,0.650954116859464
"Dear Lord, I need a respite from the news. Thank goodness for CR!",neither,0.035870010298128426,0.29840473431166836,0.6657252553902032
Are there other danish critters here? :D,neither,0.17667783023495545,0.17563632224422096,0.6476858475208235
Why do I have a feeling Scanlan's coming back in this ep?,neither,0.03188494198587702,0.348565400742827,0.6195496572712961
!music,neither,0.03945320844208391,0.33037608806864915,0.630170703489267
the music is from pillars of eternity!,neither,0.050602206311590237,0.2837067177598966,0.6656910759285132
Hi CRITTERS!!,neither,0.03945320844208391,0.33037608806864915,0.630170703489267
Thanks @energeticemily,neither,0.035884468650613,0.3004919205142699,0.6636236108351171
bidet from bidet,neither,0.04228451509352876,0.2823214250720796,0.6753940598343917
tary,neither,0.03945320844208391,0.33037608806864915,0.630170703489267
Bidet from Michigan,neither,0.040769555981420263,0.3080342349327864,0.6511962090857933
just caught up yesterday,neither,0.03240379031620714,0.4059526839932835,0.5616435256905093
10 MINS TILL SUB AND SLOW MODE!,neither,0.038932379713759846,0.3049131195017423,0.6561545007844978
Bidet from NC,neither,0.04066490145509902,0.30981049537100724,0.6495246031738937
Bidet from Wisconsin,neither,0.04071751644889743,0.3089174816120565,0.6503650019390461
Bidet from Indiana,neither,0.0408364874901429,0.30689823255244486,0.6522652799574122
Pillars of Eternity - Twim Elms,neither,0.03945320844208391,0.33037608806864915,0.630170703489267
Bidet from Owasso ok :D,neither,0.04104157946423444,0.3034172865047108,0.6555411340310547
THE HAT,neither,0.038177557553681817,0.3067724403119299,0.6550500021343882
bidet from Virginia,neither,0.04079557052152802,0.30759270029461827,0.6516117291838538
10 minutes!,neither,0.03945320844208391,0.33037608806864915,0.630170703489267
Bidet from NKY!,neither,0.04228451509352876,0.2823214250720796,0.6753940598343917
"Atwater, California",neither,0.07294795735683937,0.31885570799497176,0.6081963346481889
Bidet from Michigan,neither,0.040769555981420263,0.3080342349327864,0.6511962090857933
some people are crazier than us! the UK and Europe!,neither,0.09939339259282834,0.27340308818735143,0.6272035192198202
bidet from cincinnati,neither,0.04228451509352876,0.2823214250720796,0.6753940598343917
"Oh boy, oh boy, oh boy",neither,0.04768565599480007,0.25364348607606696,0.698670857929133
what the heck is a bidet,neither,0.05440055410646147,0.3057110692399014,0.6398883766536372
Twin,neither,0.03945320844208391,0.33037608806864915,0.630170703489267
Thanks all,neither,0.03805994495541979,0.4092431222477849,0.5526969327967953
bidet from indiana,neither,0.0408364874901429,0.30689823255244486,0.6522652799574122
"the episodes placeholder name is homecoming so many possibilities all of them terrifying in some way. in the immortal words of reggie ""MY BODY ISNT READY""",neither,0.03882546332923219,0.40129291932983696,0.5598816173409309
<---Chicago,neither,0.03945320844208391,0.33037608806864915,0.630170703489267
bidet from NE UK :D,neither,0.0404340672062561,0.3137283550032558,0.645837577790488
what was the last episode?,neither,0.04402609922724832,0.3119670508455772,0.6440068499271744
The hat!,neither,0.038177557553681817,0.3067724403119299,0.6550500021343882
Bidet from florida!,neither,0.0408948396164547,0.30590784468201904,0.6531973157015263
I have a 3 month subscriber badge but I've only subbed for 2 months,neither,0.02147895580733502,0.31313530766990877,0.6653857365227562
the hat!!1,neither,0.038177557553681817,0.3067724403119299,0.6550500021343882
That Slayer!,neither,0.035126807190173845,0.3775266654705279,0.5873465273392982
:\,neither,0.03945320844208391,0.33037608806864915,0.630170703489267
Quotation marks around the title is ominous,neither,0.04543113100810293,0.3145999881958064,0.6399688807960906
waves @Luap82517,neither,0.03945320844208391,0.33037608806864915,0.630170703489267
scalan must return,neither,0.040511855061979005,0.31240809208151177,0.6470800528565092
Grogs tour hat <3,neither,0.03945320844208391,0.33037608806864915,0.630170703489267
Bidet from Spain!,neither,0.04228451509352876,0.2823214250720796,0.6753940598343917
"Bidet from Opp, Alabama",neither,0.04040974714285343,0.31414112994950705,0.6454491229076396
"After a year of Critical Role on YouTube, I can now watch on Twitch",neither,0.03933893343382107,0.3414848380250996,0.6191762285410793
@lieutenant_floof from an older episode,neither,0.040725602375034115,0.3087802423429313,0.6504941552820346
hai,neither,0.03945320844208391,0.33037608806864915,0.630170703489267
"Bidet from Perth, Western Australia!!Finally made a stream!!",neither,0.0401081156128231,0.31926060420968655,0.6406312801774904
beep beep,neither,0.03945320844208391,0.33037608806864915,0.630170703489267
"Bidet from Crossville, TN!",neither,0.040769555981420263,0.3080342349327864,0.6511962090857933
Bidet from Mesa,neither,0.04228451509352876,0.2823214250720796,0.6753940598343917
Any Calgary critters in chat??,neither,0.03945320844208391,0.33037608806864915,0.630170703489267
Owasso? did you survive the tornado :),neither,0.052377376001307686,0.3536081017291595,0.5940145222695328
how do you sub,neither,0.06292027483526069,0.3876894974071284,0.5493902277576109
Bidet from South Florida!,neither,0.04054179852467158,0.3118998733734083,0.6475583281019202
Bidet from North Alabama,neither,0.040454134749990676,0.3133877564139642,0.6461581088360451
Bidet from Virginia!!!,neither,0.04079557052152802,0.30759270029461827,0.6516117291838538
Bidet from Calgary!,neither,0.04228451509352876,0.2823214250720796,0.6753940598343917
super excited to see where they go next!,neither,0.04678636174979737,0.31532998231640896,0.6378836559337937
gandsNatTwenty gandsNatTwenty,neither,0.03945320844208391,0.33037608806864915,0.630170703489267
"bidet from SB, IN",neither,0.041809934750563944,0.290376292048192,0.667813773201244
"Right, Aelarias?",neither,0.03719022913728602,0.3744360956046963,0.5883736752580178
"Bidet from Vancouver, BC",neither,0.041095261662497835,0.30250615950080734,0.6563985788366947
bidet from Kentucky :D,neither,0.04071751644889743,0.3089174816120565,0.6503650019390461
Bidet from Belgium,neither,0.04228451509352876,0.2823214250720796,0.6753940598343917
petition to make critical role pajama pants \o/,neither,0.043268672747971235,0.3281162606212412,0.6286150666307876
I'm playing Zelda on my switch while watching :D,neither,0.030019178148020326,0.3978109844234035,0.5721698374285761
@Shadow_284 -raises hand-,neither,0.03945320844208391,0.33037608806864915,0.630170703489267
bidet from israel!,neither,0.06339974892476405,0.3003441096299848,0.636256141445251
bidet from california,neither,0.06971251856910227,0.2972619859879888,0.633025495442909
bidet from illinois! first time watching live!,neither,0.03695153220572275,0.332480732620458,0.6305677351738191
Bidet from Toronto!,neither,0.04066490145509902,0.30981049537100724,0.6495246031738937
bidet!,neither,0.03945320844208391,0.33037608806864915,0.630170703489267
I want the Slayer's Cake to be a real place,neither,0.040837157660496635,0.36550261067504874,0.5936602316644546
Bidet from Pa,neither,0.04069404815304118,0.30931579984010865,0.6499901520068502
Bidet from Colorado Springs,neither,0.040334677536117594,0.315415257091876,0.6442500653720065
"I would like a baker's dozen of blondies, please...",neither,0.04737879018563065,0.3382938654392053,0.6143273443751642
beep beep from michigan,neither,0.040769555981420263,0.3080342349327864,0.6511962090857933
Bidet from Oklahoma!!,neither,0.04066490145509902,0.30981049537100724,0.6495246031738937
Bidet from Illinois!,neither,0.04069404815304118,0.30931579984010865,0.6499901520068502
"Bidet from Lombard, IL",neither,0.04066490145509902,0.30981049537100724,0.6495246031738937
Bidet from Illinois :D,neither,0.04069404815304118,0.30931579984010865,0.6499901520068502
"Oh, I must've missed that. Thanks for the info!",neither,0.02114169941873523,0.2682169718110287,0.710641328770236
Bidet from Vegas,neither,0.040853311764050625,0.30661268071637476,0.6525340075195746
"I NEED Critical Role, I need it or I will explode. That happens to me sometimes.",neither,0.046940288872197644,0.3529475928487662,0.6001121182790362
"What does ""Bidet"" mean?",neither,0.027815304832343783,0.4783471917130365,0.49383750345461963
"Bidet from Germany, let's do this",neither,0.027109256423258312,0.3445521609378856,0.6283385826388561
BEST DAY OF THE WEEK,neither,0.038148228174233224,0.29001304128145594,0.6718387305443109
Bidet from Kentucky aswell!,neither,0.04071751644889743,0.3089174816120565,0.6503650019390461
Bidet from Quebec,neither,0.04228451509352876,0.2823214250720796,0.6753940598343917
bidet from denver,neither,0.04069404815304118,0.30931579984010865,0.6499901520068502
bidet from Calgary,neither,0.04228451509352876,0.2823214250720796,0.6753940598343917
Good art.,neither,0.03865348796987787,0.3306511486107049,0.6306953634194172
Bidet from Seattle!,neither,0.040754399270683486,0.3082914838698526,0.650954116859464
hi @NavelWarfare,neither,0.03945320844208391,0.33037608806864915,0.630170703489267
@Logarth73 lol,neither,0.020706217963973744,0.4882283491876925,0.4910654328483337
bidet from NC,neither,0.04066490145509902,0.30981049537100724,0.6495246031738937
is it startering,neither,0.059603583318096655,0.32344545014120724,0.616950966540696
"Slayer's Cake treats for everyone... just put it on Tary's tab,",neither,0.02898262075416878,0.38860787961352505,0.5824094996323061
HEY HEY! BEEP BEEP AND BIDET FROM THE STATE OF W.A.!,neither,0.06213620559689941,0.2014808530996383,0.7363829413034624
9 MINS TILL SUB AND SLOW MODE!,neither,0.03890521901927587,0.3035011038976809,0.6575936770830433
bidet means good day.,neither,0.03926533549258831,0.3123487210953728,0.6483859434120388
Bidet from Kansas City!,neither,0.04050054910234117,0.3125999837227694,0.6468994671748894
Grog would mistake Good day for Bidet.,neither,0.03328411198691061,0.2855022454058774,0.6812136426072121
"omg that percy fanart, so cute!!",neither,0.03766387923941595,0.3777795631934123,0.5845565575671717
bidet guys,neither,0.03922184957078739,0.3343028519130907,0.6264752985161218
Bidet from Ohio,neither,0.040754399270683486,0.3082914838698526,0.650954116859464
Hullo,neither,0.03945320844208391,0.33037608806864915,0.630170703489267
Bidet from NC,neither,0.04066490145509902,0.30981049537100724,0.6495246031738937
"So, Now that's what it means.",neither,0.03915228777010868,0.42103465835681375,0.5398130538730775
that good art of mercer,neither,0.03454005637666188,0.37699712884906583,0.5884628147742724
bidet and beep beep from New Zealand,neither,0.04399857857129187,0.12516059002389057,0.8308408314048176
Matthew Mercer!,neither,0.03945320844208391,0.33037608806864915,0.630170703489267
What's the song they are using right now?,neither,0.06100117782536525,0.35276450856820857,0.5862343136064262
"Bidet from Loganville GA, and I just got a girlfriend 4 hours ago!",neither,0.03292501890485861,0.3842275387618644,0.582847442333277
Tibet from Canada Quebec,neither,0.04071751644889743,0.3089174816120565,0.6503650019390461
Bidet from Belleville,neither,0.04228451509352876,0.2823214250720796,0.6753940598343917
Beep Beep!!,neither,0.03945320844208391,0.33037608806864915,0.630170703489267
bidet critters from NE,neither,0.040737273169946825,0.30858215849491494,0.6506805683351382
Bidet! From Montreal :),neither,0.04062582848913359,0.31047366557575606,0.6489005059351104
Bidet from Boston,neither,0.040769555981420263,0.3080342349327864,0.6511962090857933
gandsSubHype gandsSubHype gandsSubHype,neither,0.03945320844208391,0.33037608806864915,0.630170703489267
"Bidet/Beep bep, geeks!",neither,0.03945320844208391,0.33037608806864915,0.630170703489267
"Bidet from Auburn, Wa! :) <3 gandsSubHype gandsSubHype gandsSubHype gandsSubHype gandsSubHype",neither,0.040354386843928725,0.3150807387011266,0.6445648744549448
"Bidet from Winnipeg, Manitoba!",neither,0.04228451509352876,0.2823214250720796,0.6753940598343917
Whats with this Bidet crap,neither,0.02919128807745498,0.3671709121701528,0.6036377997523923
NOW I AM SUBBED CAUGHT UP AND ACTIVE IN CHAT CAN I CALL MYSELF A CRITTER?! i feel like i need some form of permission ^^,neither,0.03824927820439984,0.34511050105718694,0.6166402207384132
Bidet from TN!,neither,0.040769555981420263,0.3080342349327864,0.6511962090857933
bidet from seattle,neither,0.040754399270683486,0.3082914838698526,0.650954116859464
beep beep from NY!,neither,0.04084513770590474,0.30675141581570226,0.6524034464783931
Folks are talented!,neither,0.06465912579975606,0.28643141922754484,0.6489094549726991
bidet from Dallas!,neither,0.04081748366884477,0.3072207769958956,0.6519617393352596
Hey everyone!!!,neither,0.031959242684595296,0.4575682446653829,0.5104725126500218
"If he does, though Tary has to die. Sam isn't gonna play two characters for long!",neither,0.06727401224311468,0.3221090645542692,0.6106169232026162
"Someone with baking skills get permission to open the Slayers Cake, it would make so many people happy.",neither,0.04707072949465273,0.36129162672708737,0.5916376437782599
Bidet from washington,neither,0.04080695066346891,0.3073995495860776,0.6517934997504536
can anyone tell me what happened last week?,neither,0.03773449822478,0.35365600588077944,0.6086094958944406
High fives to all my seattle bros and Broettes!,neither,0.032587573571888725,0.48201928914560255,0.4853931372825087
look forward to this all week :),neither,0.04951670407306326,0.39399443497654074,0.556488860950396
3 episodes from the big 100 gandsSubHype,neither,0.02600469545573305,0.3552777505331924,0.6187175540110744
I am Groot,neither,0.039246452605914695,0.33044720088162116,0.6303063465124641
Bidet from Oregon!,neither,0.04071751644889743,0.3089174816120565,0.6503650019390461
"Bidet from Southport, NC",neither,0.04066490145509902,0.30981049537100724,0.6495246031738937
Bidet from Las Vegas,neither,0.040400041164603724,0.3143058657309893,0.6452940931044071
Bidet from Cleveland OH,neither,0.046455772932187056,0.25584610016936143,0.6976981268984516
Bidet from the Quad Cities!,neither,0.039557575977768565,0.30256119263049763,0.6578812313917339
Beep BEEP!,neither,0.03945320844208391,0.33037608806864915,0.630170703489267
what is the name of this song,neither,0.05347275008558842,0.31555007286522563,0.6309771770491859
Beep beep and bidet!,neither,0.03763944115734239,0.1918412352459551,0.7705193235967025
Bidet from Florida!,neither,0.0408948396164547,0.30590784468201904,0.6531973157015263
@VolatileSupernova Bidet from boston as well!,neither,0.03849508436634131,0.34663795413858334,0.6148669614950754
"Bidet. shout out to all the critters that are gonna head out to the Renaissance Pleasure Faire in Southern California on Saturday for the meetup. so stoked. I'll be at the front gate. Blue shirt, white vest purple hat, come say hi :)",offensive_language,0.156046326086277,0.4669353852430405,0.3770182886706825
Bidet from St Louis!,neither,0.040470992782370326,0.313101631608523,0.6464273756091067
Hello!,neither,0.03945320844208391,0.33037608806864915,0.630170703489267
Kerr!,neither,0.03945320844208391,0.33037608806864915,0.630170703489267
"Also, Vex totally should have used ""locate object"" on the Diamond after it fell off the cliff. Needless loss of 1k Gold",neither,0.03978174091264044,0.3678850735331789,0.5923331855541807
Beep beep from AR!,neither,0.04228451509352876,0.2823214250720796,0.6753940598343917
Bidet!!!!,neither,0.03945320844208391,0.33037608806864915,0.630170703489267
Bidet from Germany also! Shoutout to all eurocritters staying up so late/waking up so early to catch this awesome show every week,neither,0.05205333259225614,0.3944034333090956,0.5535432340986481
Bidet from Omaha..,neither,0.04228451509352876,0.2823214250720796,0.6753940598343917
bidet from Arizona!,neither,0.04078317879478948,0.307803020237201,0.6514138009680096
yeaaaaaaaaaa,neither,0.03945320844208391,0.33037608806864915,0.630170703489267
:D hype,neither,0.03945320844208391,0.33037608806864915,0.630170703489267
yes you can legion,neither,0.056506921566147665,0.3725672162943948,0.5709258621394576
Anyone who likes Critical Role is Critter in my eyes.,neither,0.04139445472210739,0.4482129736495304,0.5103925716283622
Bidet from Michigan. How is everyone?,neither,0.04163445502418899,0.40694824125128376,0.5514173037245272
"Bidet from Olympia, WA",neither,0.04071751644889743,0.3089174816120565,0.6503650019390461
"bidet from Germany , Cologne ;) LETS GO !",neither,0.040522170125045505,0.3300142174714107,0.6294636124035438
@legionlima Congrats! You're officially a Critter! <3,neither,0.07985073000806708,0.34497973678685634,0.5751695332050766
Bidet from Alaska!,neither,0.04066490145509902,0.30981049537100724,0.6495246031738937
"Who'd think pikes family would be a bunch of ""gypsies"", lol",offensive_language,0.03617171406215432,0.5062204828424641,0.4576078030953815
You are a critter,neither,0.3074667772907956,0.2930344039624175,0.399498818746787
Bidet everyone,offensive_language,0.02988896790634741,0.4927062106388782,0.4774048214547744
There was a black out on my street and everything came back on just as it starts. Damn I'm lucky.,offensive_language,0.0351153890595807,0.6184397581518314,0.3464448527885879
Laura!!,neither,0.03945320844208391,0.33037608806864915,0.630170703489267
"the musings of scattered minds, splashed over the low paper walls",neither,0.036725530802245075,0.3129972955529511,0.650277173644804
Beep beep from Calgary,neither,0.04228451509352876,0.2823214250720796,0.6753940598343917
is there no audio?,neither,0.04661966919624477,0.30005438680372765,0.6533259440000276
Bidet from Colorado Springs.,neither,0.040334677536117594,0.315415257091876,0.6442500653720065
Shout out to all my fellow hosers,neither,0.03337817524008398,0.45314881302227505,0.5134730117376409
Bidet from Brazil,neither,0.04079557052152802,0.30759270029461827,0.6516117291838538
Bidet from Straya!,neither,0.04228451509352876,0.2823214250720796,0.6753940598343917
bidet calgary,neither,0.03945320844208391,0.33037608806864915,0.630170703489267
"@wiccanassassin Grog says ""Bidet"" instead of ""Good day""",neither,0.03930268896280438,0.31581445698019567,0.644882854057
Hello everyone!,neither,0.03269494828970791,0.4450814005079928,0.5222236512022994
"yay, welcome @legionlima InuyoFace",neither,0.03945320844208391,0.33037608806864915,0.630170703489267
Poor Trinket outside the window...,neither,0.03862043992845883,0.31517029428700555,0.6462092657845356
beep beep from AR,neither,0.04228451509352876,0.2823214250720796,0.6753940598343917
Atlanta checking in,neither,0.03945320844208391,0.33037608806864915,0.630170703489267
Laura hiiii!,neither,0.03945320844208391,0.33037608806864915,0.630170703489267
bidet from denmark did the show start already ?,neither,0.05308626995223963,0.2434235880835892,0.703490141964171
Bidet from Toronto,neither,0.04066490145509902,0.30981049537100724,0.6495246031738937
@griff_0 cleveland hype!,neither,0.03945320844208391,0.33037608806864915,0.630170703489267
Bidet!,neither,0.03945320844208391,0.33037608806864915,0.630170703489267
@sera_goldaxe Ayy! Boston Critter crew!,neither,0.03945320844208391,0.33037608806864915,0.630170703489267
@Lauralania I can talk too. Jokes on you,neither,0.031104139862230325,0.40433399131016634,0.5645618688276033
BIDET FROM TEXAS,neither,0.040937266849991,0.30518774380265185,0.6538749893473571
Bidet from a McDonald's bathroom,neither,0.0404610315927997,0.31327069899216975,0.6462682694150306
"Bidet from Spokane, WA",neither,0.04071751644889743,0.3089174816120565,0.6503650019390461
pwahahahaha,neither,0.03945320844208391,0.33037608806864915,0.630170703489267
"My goodness, I love this art!!!",neither,0.028046694970921684,0.4140432527995293,0.5579100522295491
"mmmmmm, mac and cheese",neither,0.038648201041724714,0.28956009713050784,0.6717917018277674
I miss Burt Reynolds xD,neither,0.02789410451089843,0.33435179396025927,0.6377541015288424
Bidet,neither,0.03945320844208391,0.33037608806864915,0.630170703489267
so excited to see what happens,neither,0.07714540758312705,0.35373605563719934,0.5691185367796735
PA checking in,neither,0.03945320844208391,0.33037608806864915,0.630170703489267
Sweet,neither,0.03945320844208391,0.33037608806864915,0.630170703489267
