text,top_class,hate_speech,offensive_language,neither
"Ok, gues we are just really early",neither,0.06025353745347489,0.2851264258401012,0.654620036706424
Ty,neither,0.03945320844208391,0.33037608806864915,0.630170703489267
Hat^,neither,0.03945320844208391,0.33037608806864915,0.630170703489267
!clock,neither,0.03945320844208391,0.33037608806864915,0.630170703489267
It is currently 6:36 PM at the Geek & Sundry studio in California.,neither,0.05188962470415607,0.32956799778566287,0.618542377510181
about 25 mins from now starting promptly at 7pm PDT,neither,0.038601163078645154,0.3516101360885143,0.6097887008328405
heck yeah,neither,0.023144578457473645,0.4440631255406231,0.5327922960019034
gandsTeamNoStream ?,neither,0.03945320844208391,0.33037608806864915,0.630170703489267
I'm more pumped than ever,neither,0.04071774907331174,0.32854900106642093,0.6307332498602674
Oh it normally starts at 10 pm lol,neither,0.03604730341286411,0.35016247834925684,0.6137902182378789
Well for me,neither,0.022066379090710648,0.34612248420420544,0.6318111367050839
pre show show,neither,0.06844057318895493,0.20392313129544867,0.7276362955155964
just got into a new DnD game on sundays,neither,0.035704523425888486,0.29489702034880155,0.6693984562253099
gandsClassic,neither,0.03945320844208391,0.33037608806864915,0.630170703489267
I am in NY,neither,0.03922246240868216,0.3304554522105344,0.6303220853807835
heck yeah!,neither,0.023144578457473645,0.4440631255406231,0.5327922960019034
Nice,neither,0.03945320844208391,0.33037608806864915,0.630170703489267
@Solangel777 nice!!,neither,0.03945320844208391,0.33037608806864915,0.630170703489267
I am playing my first DnD game this Saturday,neither,0.027256235134779167,0.3607821348936085,0.6119616299716125
oh no,neither,0.04751210705993949,0.26629718932274826,0.6861907036173122
Any bets how many questions address kiki's.... incident?,neither,0.03945320844208391,0.33037608806864915,0.630170703489267
Nice @lupusdream who's your character,neither,0.07426840632221599,0.389695116498085,0.5360364771796989
"@Solangel777 grats, @LupusDream have fun :)",neither,0.03894482539045535,0.3390046752288251,0.6220504993807194
Grats! it can be awkward at first @LupusDream but when you find your groove in your group its amazing,neither,0.06537366111689098,0.3453816466263607,0.5892446922567484
I just started my first campaign two weeks ago! :D,neither,0.025744848197495954,0.396814932414894,0.57744021938761
There will be a ton of questions for Kiki and her fall,neither,0.029736512630015043,0.3758960098616314,0.5943674775083536
"@LupusDream Nice, have fun! Just remember, most games don't have Matt Mercer, but they can still be amazing.",neither,0.03473195040519964,0.3637372210908458,0.6015308285039547
I still need to find people to play with,neither,0.0729251746776576,0.28249923114923037,0.6445755941731119
Are you trying to get BWF swatted? Cause that's how you get him swatted.,neither,0.07106244563862371,0.3963773016353352,0.5325602527260411
@LupusDream oh deeeeefinitely,neither,0.051363287716059566,0.22255663153133606,0.7260800807526044
and find time to make a character to play,neither,0.053407660696081875,0.23430332343234456,0.7122890158715734
Wait what is this about,neither,0.05564150128563708,0.3561287227547628,0.5882297759596002
geekandsundry is online. RevloBot is now tracking loyalty.,neither,0.05157974116510514,0.3262052173957376,0.6222150414391574
I have online friends so we got together and out first game is gonna be on Saturday,neither,0.03306317601841494,0.38548527452177245,0.5814515494598126
Do you want stalkers? Cause this is how you get stalkers!,neither,0.06332203800452686,0.400389891946286,0.5362880700491871
I miss Denise... :(,neither,0.02789410451089843,0.33435179396025927,0.6377541015288424
Easter Egg Swat!,neither,0.03945320844208391,0.33037608806864915,0.630170703489267
Same,neither,0.04148851938089603,0.3488915597363099,0.609619920882794
Bidet my lovelies,offensive_language,0.011017215557639733,0.6062201221254095,0.3827626623169507
Bidet,neither,0.03945320844208391,0.33037608806864915,0.630170703489267
bidet from brazil!,neither,0.04079557052152802,0.30759270029461827,0.6516117291838538
beep beep,neither,0.03945320844208391,0.33037608806864915,0.630170703489267
#DeniseIsFree,neither,0.03945320844208391,0.33037608806864915,0.630170703489267
Bidet,neither,0.03945320844208391,0.33037608806864915,0.630170703489267
bidet fellows,neither,0.03945320844208391,0.33037608806864915,0.630170703489267
gandsSubHype,neither,0.03945320844208391,0.33037608806864915,0.630170703489267
Is there an online dungeons and dragons you can play with friends,neither,0.04598508637414768,0.31761916714351074,0.6363957464823415
where is the best place to ask questions for the show?,neither,0.05881696882529785,0.17734424398863022,0.763838787186072
Bidet from the GA,neither,0.03960626869327106,0.29088984701269366,0.6695038842940353
Bidet from Kansas!,neither,0.04071751644889743,0.3089174816120565,0.6503650019390461
roll 20,neither,0.03945320844208391,0.33037608806864915,0.630170703489267
bidet fromindiana,neither,0.03945320844208391,0.33037608806864915,0.630170703489267
Ooohh I am also going to NY Comic Con for the first time!!,neither,0.032581324028005544,0.3306613149095573,0.6367573610624371
"I don't believe the sign. There doesn't appear to be an apostrophe on ""Fosters"".",neither,0.04145391525328752,0.30008743949374683,0.6584586452529657
@Jdeversxbox roll20 net,neither,0.03945320844208391,0.33037608806864915,0.630170703489267
GA?,neither,0.03945320844208391,0.33037608806864915,0.630170703489267
"We have no purpose now that denise is free. we wonder, sad, and forgotten,",neither,0.0402939583881178,0.34708127426486707,0.6126247673470151
BEEP BEEP from sunny WA state Kappa,neither,0.0599428663103445,0.2525843712410817,0.6874727624485739
Also Bidet from GA,neither,0.04052578440777663,0.3121716747306304,0.647302540861593
Roll20 @Jdeversxbox,neither,0.03945320844208391,0.33037608806864915,0.630170703489267
@Jdeversxbox there is roll20?,neither,0.058135835131279276,0.24227746891369034,0.6995866959550303
@gmbyby the critical roll subreddit is usually the best,neither,0.04346043043657715,0.30026245767434795,0.6562771118890748
Bidet! Finally caught up on Critical Role... ready for the show!,neither,0.039871803742842424,0.29352277615338723,0.6666054201037703
@Nerdsbian it was pretty nice today wasnt it?,neither,0.036060534582557785,0.31512355648870083,0.6488159089287413
Cue the badass music,neither,0.03871027676373547,0.31684389159147264,0.644445831644792
thanks @tomahawk4413,neither,0.035884468650613,0.3004919205142699,0.6636236108351171
who were they just hosting?,neither,0.03614692233265718,0.38723986205217464,0.5766132156151681
:D,neither,0.03945320844208391,0.33037608806864915,0.630170703489267
Let's here it for Alabama,neither,0.04811178378200903,0.30030416023032075,0.6515840559876701
"gotta 2nd Roll20, great resource to find D&D games",neither,0.045453013537384894,0.2569641970209365,0.6975827894416786
OSsloth,neither,0.03945320844208391,0.33037608806864915,0.630170703489267
The new email to submit your FanArt and Gif of the Week submissions is 'submit@talksmachina.com'. Submit away! #TalksMachina #CriticalRole,neither,0.07098150277906477,0.2159763128217881,0.7130421843991471
"@Solangel777 well, it poured most of the day out here in gig harbor, but it cleared up around 3:30",neither,0.05149672603514569,0.33659141198544756,0.6119118619794068
gandsBeccasaurus,neither,0.03945320844208391,0.33037608806864915,0.630170703489267
hey do you guys know if there will be a replay of critical role ?? cos i missed it last week :-(,neither,0.037283138056082576,0.34745675916147595,0.6152601027824415
Ayyy Bidet everyone,neither,0.033302057094802294,0.43477717965781665,0.5319207632473811
"Inscribed, that's like calligraphy right?",neither,0.04947005672766043,0.4636079179124131,0.48692202535992635
Taliesin is in the building,neither,0.048617643437604184,0.3073522323090731,0.6440301242533228
@Nerdsbian was off and on cloudy here in Oak Harbor but no rain at least,neither,0.05635846651814517,0.32255005459135694,0.621091478890498
Its on the website!,neither,0.029544353046849683,0.32941979345256167,0.6410358535005887
Bidet all!,offensive_language,0.046917543854519406,0.6277741405869331,0.3253083155585475
I think it's on the site already,neither,0.03437747207192872,0.3365434856250257,0.6290790423030457
@cjletsplaya Go to geekandsundry.com,neither,0.04996501195112145,0.3303584759402192,0.6196765121086594
"This week's guests are Matt, Taliesin, and Sam to discuss Episode 97! Tweet your questions to #AskTalksMachina! #CriticalRole",neither,0.07868357160688619,0.27878505648336505,0.6425313719097488
You can always catch Denise at https://www.twitch.tv/denisebrr,neither,0.04762719040431046,0.4079443082649758,0.5444285013307137
@veltman252 Roll20 is great im loving it,neither,0.04281193216375935,0.33399356751029874,0.6231945003259419
Raining here in England! Good British weather,neither,0.06599551752457311,0.30689764129928254,0.6271068411761443
brian just flashed that guy live on the internet,neither,0.0334113073614576,0.3791563831048338,0.5874323095337086
G'day all.,neither,0.044711544268415136,0.4543906108237455,0.5008978449078394
I think Taliesin has a spare coffin in the basement... he's always there.,neither,0.04153863122222195,0.3173525879974078,0.6411087807803703
hello critters :),neither,0.03945320844208391,0.33037608806864915,0.630170703489267
Got my Vox Machina shirt in yesterday. Woo!,neither,0.029821038730180827,0.4323728615154318,0.5378060997543874
"@shade11587 Same in Belfast, was sitting in the garden then BOOM instant shower",neither,0.03933834988159219,0.3265257218195627,0.6341359282988452
also on the Geek and Sundry app if you're on fire tv or others,neither,0.040246602136581454,0.35064072141748426,0.6091126764459343
bidet from FL,neither,0.04066490145509902,0.30981049537100724,0.6495246031738937
Awww,neither,0.03945320844208391,0.33037608806864915,0.630170703489267
OHH right thanks guys i had a brain fart and totally forgot about that site !! lol,neither,0.03150700670165537,0.3698045337459985,0.5986884595523462
no Kiki?,neither,0.036918905254960256,0.37338982715841207,0.5896912675866277
Brian is a sexy beast,neither,0.0464148361253866,0.3279816650787294,0.6256034987958841
gands2YearHype,neither,0.03945320844208391,0.33037608806864915,0.630170703489267
#brianfostersmellslikecabbage,neither,0.03945320844208391,0.33037608806864915,0.630170703489267
"@teidju yea, I left my washing out too long and then....rain",neither,0.02891443263211806,0.3721611275903352,0.5989244397775467
bahhhh brb!,neither,0.03945320844208391,0.33037608806864915,0.630170703489267
lol,neither,0.020706217963973744,0.4882283491876925,0.4910654328483337
@zaltoe You misspelled weirdo.,neither,0.061727289919088414,0.39189285626769765,0.546379853813214
@GeekandSundry what streaming application do you guys use for this show?,neither,0.031973239980373894,0.35195764905847865,0.6160691109611475
Lol,neither,0.020706217963973744,0.4882283491876925,0.4910654328483337
"it starts in 20 mins, right? Time zones have me bent",neither,0.03324142454888726,0.3782328838987167,0.5885256915523961
I thought Brian's address was publicly available because of his criminal record Kappa,neither,0.05259419653855002,0.2850822542809723,0.6623235491804778
wheniscriticalrole.com/talksmachina,neither,0.03945320844208391,0.33037608806864915,0.630170703489267
@Squidman101 17 minutes,neither,0.03945320844208391,0.33037608806864915,0.630170703489267
yes @Squidman101,neither,0.03945320844208391,0.33037608806864915,0.630170703489267
"More like 15 now, but yeah",neither,0.02998749083930462,0.45058847015983905,0.5194240390008564
Yea pretty much @squidman101,neither,0.03476730767991788,0.3358179705569992,0.6294147217630829
refiresh...,neither,0.03945320844208391,0.33037608806864915,0.630170703489267
refresh heh,neither,0.03945320844208391,0.33037608806864915,0.630170703489267
wheres is brian adress ?,neither,0.04710798149905617,0.32774326060012565,0.6251487579008181
correct @Squidman101,neither,0.03945320844208391,0.33037608806864915,0.630170703489267
just saw that too lol,neither,0.023402124838542506,0.4623377015533074,0.5142601736081502
thnks critters. First time watching live. Only just caught up on the series on YouTube,neither,0.029705048756993445,0.39000920690045304,0.5802857443425536
This will be my first Talks,neither,0.02472214267292651,0.39986548115046894,0.5754123761766045
"The superior locales ignore time shifts from ""saving daylight""... unfortunately California is not one of them. Nevermind, they're on my time right now, so carry on.",neither,0.051688787635288114,0.40028964832450603,0.548021564040206
Brian's address is cross-stitched on Waldo's hat.,neither,0.04243190942257747,0.3370337903808987,0.6205343001965238
yeah it is inscribed,neither,0.02284425235486851,0.4879300177747006,0.4892257298704309
damn,offensive_language,0.042479326866149344,0.9516554255713155,0.005865247562535126
hiiii chat,neither,0.03945320844208391,0.33037608806864915,0.630170703489267
allo,neither,0.03945320844208391,0.33037608806864915,0.630170703489267
We have a subscriber-only Discord server! Join here: https://discord.gg/geekandsundry (you'll need to sub and link it to your Twitch) and be a part of the fun!,neither,0.09599275848176793,0.2819530604707182,0.6220541810475139
ACDT is +10:00 right now,neither,0.045953054144912193,0.3446125847378155,0.6094343611172723
anyone find the easter egg yet,neither,0.041758483821807774,0.2544129413531187,0.7038285748250737
This music is soooo good,neither,0.04670562254102477,0.32940475634512895,0.6238896211138463
"@Squidman101 Grats! Hope you enjoy many a live-stream to come! Though, be prepared to be lost in a flood of comments in the live Critrole sessions!",neither,0.07027767738688927,0.303431280953383,0.6262910416597278
Woks Muchienama Mmmmmmm,neither,0.03945320844208391,0.33037608806864915,0.630170703489267
im excited for this weeks gif of the week,neither,0.03427131378983813,0.32206104199019003,0.6436676442199719
"Being home sick sucks, but it means I can watch talks machina and that makes it a little less sucky.",neither,0.03451017130542675,0.34835692342156815,0.6171329052730051
bidet from Chile,neither,0.04069404815304118,0.30931579984010865,0.6499901520068502
heyyy guys,neither,0.039333895611238866,0.33240113818976524,0.628264966198996
@Seedy88 she was just freed,neither,0.03608498334557656,0.43977167756606644,0.524143339088357
bidet from San Antonio,neither,0.040446282760733435,0.31352102516371877,0.6460326920755478
#BringBackDenise,neither,0.03945320844208391,0.33037608806864915,0.630170703489267
@nikita_500 get better soon,neither,0.038793826282035836,0.34156752417497493,0.6196386495429893
its under the chair,neither,0.033274997554954264,0.31750049529849383,0.6492245071465519
Bidet from San Antonio.,neither,0.040446282760733435,0.31352102516371877,0.6460326920755478
@Nihilist_Zealot thanks,neither,0.035884468650613,0.3004919205142699,0.6636236108351171
@Malozing thank you,neither,0.07325166854587051,0.43632638485078484,0.49042194660334476
"Help G&S make great content! $4.99/month gets you emotes, Minecraft server access, Sub Only Q&As, VODs, and more! Every sub keeps the channel alive! twitch.tv/geekandsundry/subscribe",neither,0.043092924924402844,0.32365565443818894,0.6332514206374082
bidet from eugene,neither,0.04062582848913359,0.31047366557575606,0.6489005059351104
want to hear the reaction of brian of kikis death,neither,0.04294005564290094,0.31610240466424655,0.6409575396928524
You can find Denise on https://www.twitch.tv/denisebrr,neither,0.05167647828187167,0.30245151671944065,0.6458720049986878
Bidet from the Old Dominion,neither,0.039577377229479335,0.2977314586640575,0.6626911641064632
Bidet from Canada!,neither,0.04071751644889743,0.3089174816120565,0.6503650019390461
@Solangel777 I miss her already!,offensive_language,0.0222149508083204,0.613416430105447,0.36436861908623264
"Well okay team, its time to go hunt down the address",neither,0.03882265249671089,0.33367922474529416,0.6274981227579949
bidet from honolulu,neither,0.04228451509352876,0.2823214250720796,0.6753940598343917
the music is awesome. anyone know where it's from?,neither,0.04616736542368817,0.2775778085381803,0.6762548260381315
"OH! Yeah, bidet, all!",offensive_language,0.02504102877177244,0.5180245712208569,0.45693440000737073
lol kiki's death was hilarious,neither,0.031967761298413014,0.38560541926044084,0.5824268194411463
bidet,neither,0.03945320844208391,0.33037608806864915,0.630170703489267
"bidet from Alexandria, Virginia",neither,0.04079557052152802,0.30759270029461827,0.6516117291838538
Bidet!,neither,0.03945320844208391,0.33037608806864915,0.630170703489267
Bidet from philadelphia!,neither,0.04066490145509902,0.30981049537100724,0.6495246031738937
kiki's death had me dying,neither,0.03237891397660706,0.3686380216953364,0.5989830643280566
stalker cam has become too real if we are hunting down he who smells like cabbage,neither,0.0440481789985662,0.43868245236574677,0.5172693686356871
bidet from quebec,neither,0.04228451509352876,0.2823214250720796,0.6753940598343917
"Kiki's stupid, insane and VERY in-character failure was perfect.",neither,0.08442628142301414,0.23552054136339612,0.6800531772135897
But we're gods,neither,0.06494394404948105,0.302637489956772,0.6324185659937469
So many critters from VA I love it,neither,0.03662026155750918,0.3665228899686101,0.5968568484738808
BIDET FROM NYC BABYYYY,neither,0.04081748366884477,0.3072207769958956,0.6519617393352596
the porter was a lot stronger than I thought lol so i might not talk that much during the show,neither,0.028003900257453366,0.3031515669692943,0.6688445327732524
I about cried from laughter and stopped everything I was doing.,neither,0.03855113016666419,0.31230370161882454,0.6491451682145114
"Bidet from Auburn, Washington!",neither,0.04038525337528278,0.3145568531088204,0.6450578935158968
is it me or did the music got wierd?,neither,0.03657215643457704,0.37962733474471894,0.583800508820704
bidet from Ontario,neither,0.04062582848913359,0.31047366557575606,0.6489005059351104
From hills of TN,neither,0.04037867074276888,0.3146685775618834,0.6449527516953478
@nattytat what's up i'm from fairfax va!,neither,0.04330677014908893,0.36119567099638095,0.59549755885453
Bidet from NY,neither,0.04084513770590474,0.30675141581570226,0.6524034464783931
Bidet from NJ,neither,0.04069404815304118,0.30931579984010865,0.6499901520068502
