text,top_class,hate_speech,offensive_language,neither
HYPE,neither,0.03945320844208391,0.33037608806864915,0.630170703489267
Time to base-jump like gods. gandsFail gandsFail,neither,0.05602506083129048,0.359316510409543,0.5846584287591664
Bidet,neither,0.03945320844208391,0.33037608806864915,0.630170703489267
Bidet everyone,offensive_language,0.02988896790634741,0.4927062106388782,0.4774048214547744
#TaryMarries or #TaryForever sbzyHoi #SamRollsARogue if you think we meet a 3rd character!,neither,0.03528054727259116,0.40250408524558495,0.5622153674818238
15 MINS!!!,neither,0.03945320844208391,0.33037608806864915,0.630170703489267
@gayskelington they have games especially for new players. all you need to do is make sure you tag your search and let your dm know,neither,0.08363342822384301,0.3997422171781627,0.5166243545979943
Hooray for Thursday :-D .,neither,0.03193388745008189,0.29287090385613845,0.6751952086937796
"Help G&S make great content! $4.99/month gets you emotes, Minecraft server access, Sub Only Q&As, VODs, and more! Every sub keeps the channel alive! twitch.tv/geekandsundry/subscribe",neither,0.043092924924402844,0.32365565443818894,0.6332514206374082
Hype for tonight! Tomorrow I DM my first game!! :0,neither,0.023178670686823957,0.32695074820949654,0.6498705811036796
Bidet,neither,0.03945320844208391,0.33037608806864915,0.630170703489267
i don't think so considering matt didn't even know what sam was up to,neither,0.03474981050725575,0.4147320193430586,0.5505181701496856
bidet from nyc,neither,0.04081748366884477,0.3072207769958956,0.6519617393352596
"Sizzle reel is live, folks",neither,0.05073942785835337,0.32649423967500246,0.6227663324666441
It has started,neither,0.03811731409371998,0.32206737589053,0.63981531001575
bidet everyone,offensive_language,0.02988896790634741,0.4927062106388782,0.4774048214547744
Art is live.,neither,0.05486507015050367,0.3250752421069189,0.6200596877425775
TwitchLit OSblob,neither,0.03945320844208391,0.33037608806864915,0.630170703489267
@lokimaxim Tary shouldn't be in a forced relationship especially when you consider the fact he's possibly not heterosexual.,neither,0.042849906752114676,0.3706300714167301,0.5865200218311554
been friday here for a while :),neither,0.07497338920147692,0.27263801965975404,0.652388591138769
yay art!,neither,0.03945320844208391,0.33037608806864915,0.630170703489267
Refresh all,neither,0.041581534396601456,0.41502748495485636,0.5433909806485423
refresh!,neither,0.03945320844208391,0.33037608806864915,0.630170703489267
Bidet from MA,neither,0.031816597323666866,0.4599893087150652,0.5081940939612679
r,neither,0.03945320844208391,0.33037608806864915,0.630170703489267
YES!!! It begins....,neither,0.03804414108437423,0.3308607309465982,0.6310951279690276
wwtvHYPE,neither,0.03945320844208391,0.33037608806864915,0.630170703489267
after they fix things for tary they could go shopping percy might want more black powder & pike might want to get jb some extra clothes.,neither,0.042803772263592915,0.2672310709711959,0.6899651567652111
I'm here on time for the first time ever!,neither,0.05245641947870405,0.3110272101705626,0.6365163703507334
Bidet from Seattle!,neither,0.040754399270683486,0.3082914838698526,0.650954116859464
Waddup Yall,neither,0.037830076354501,0.35792487563212666,0.6042450480133724
RAGE,neither,0.03945320844208391,0.33037608806864915,0.630170703489267
Bidet from Indiana!,neither,0.0408364874901429,0.30689823255244486,0.6522652799574122
Bidet from NH!,neither,0.04066490145509902,0.30981049537100724,0.6495246031738937
I don't need to refresh Kappa,neither,0.044495870715839644,0.32616642420051156,0.6293377050836486
woo Critart!,neither,0.03945320844208391,0.33037608806864915,0.630170703489267
bidet from palm desert ca,neither,0.04025364108516851,0.3167906571527662,0.6429557017620653
!twitchprime,neither,0.03945320844208391,0.33037608806864915,0.630170703489267
sike,neither,0.03945320844208391,0.33037608806864915,0.630170703489267
It has begun...,neither,0.037466634629501894,0.31789117281524343,0.6446421925552547
Bidet from Norcal!,neither,0.04228451509352876,0.2823214250720796,0.6753940598343917
fairGoblin fairGoblin fairGoblin fairGoblin,neither,0.03945320844208391,0.33037608806864915,0.630170703489267
It is officially Thursday now. :D,neither,0.04542301981189469,0.3283227961892739,0.6262541839988315
fan pics!!!!!!!!,neither,0.03945320844208391,0.33037608806864915,0.630170703489267
@gayskelington and trust me your character wont be dumb. it will be yours! my character is a Human monk named Sefris Sepret,neither,0.09971530900310485,0.28010876861533074,0.6201759223815643
Bidet from kansas,neither,0.04071751644889743,0.3089174816120565,0.6503650019390461
caton,neither,0.03945320844208391,0.33037608806864915,0.630170703489267
Fan Art Time gandsLessthanthree gandsLessthanthree gandsLessthanthree,neither,0.03830948161884994,0.34978811714808417,0.6119024012330659
This starts in like 15 minutes right?,neither,0.04697420231037753,0.35904928798043767,0.5939765097091848
Bidet (for the first time!) from Montreal :),neither,0.028519670800433012,0.29635806711509666,0.6751222620844703
soooooo excited! 1st time watching live,neither,0.04176935284726827,0.34295133400534306,0.6152793131473887
Drow Baker,neither,0.03945320844208391,0.33037608806864915,0.630170703489267
w00t!,neither,0.03945320844208391,0.33037608806864915,0.630170703489267
caton ga,neither,0.03945320844208391,0.33037608806864915,0.630170703489267
hiya Rav,neither,0.03945320844208391,0.33037608806864915,0.630170703489267
bidet from Houston,neither,0.040875471929787875,0.3062365648703896,0.6528879631998226
"@hatoprettybird Good luck on your DMing, youll have fun.",neither,0.054487076673147325,0.3398995765808502,0.6056133467460024
Bidet from Queenstown!!,neither,0.04228451509352876,0.2823214250720796,0.6753940598343917
Bidet,neither,0.03945320844208391,0.33037608806864915,0.630170703489267
Awesome,neither,0.03945320844208391,0.33037608806864915,0.630170703489267
Bidet from Iowa,neither,0.04069404815304118,0.30931579984010865,0.6499901520068502
@karnoqthesilentone same,neither,0.04148851938089603,0.3488915597363099,0.609619920882794
"Art is going now, actual CR will start in about 15min (or so), yes.",neither,0.042794246755315846,0.37159229894077606,0.585613454303908
Prime sub is worth every penny,neither,0.044852291167596134,0.32851909594115397,0.6266286128912498
@DannyDPX hi fellow houstonian! :D,neither,0.03945320844208391,0.33037608806864915,0.630170703489267
Bidet from Norway!,neither,0.04228451509352876,0.2823214250720796,0.6753940598343917
@hatoprettybird kill them all. TPK them,hate_speech,0.5977326952937397,0.17630957025850108,0.2259577344477593
Bidet!,neither,0.03945320844208391,0.33037608806864915,0.630170703489267
Bidet from Nashville!,neither,0.04071751644889743,0.3089174816120565,0.6503650019390461
TY,neither,0.03945320844208391,0.33037608806864915,0.630170703489267
muahahahahaha,neither,0.03945320844208391,0.33037608806864915,0.630170703489267
bidet from Victoria BC,neither,0.04052303010603489,0.3122184224193425,0.6472585474746226
whens crit roll?,neither,0.03945320844208391,0.33037608806864915,0.630170703489267
lol,neither,0.020706217963973744,0.4882283491876925,0.4910654328483337
Hello!,neither,0.03945320844208391,0.33037608806864915,0.630170703489267
how long of a time jump do you guys think the next campaign will have? I'm betting at least 200-300 years,neither,0.045794072587303204,0.35714857031754615,0.5970573570951506
@Solangel777 <3,neither,0.03945320844208391,0.33037608806864915,0.630170703489267
Can somebody please explain why a bidet is the critical role greeting? Lmao,neither,0.03556142535177676,0.33604375834580547,0.6283948163024178
Bidet all :-),offensive_language,0.046917543854519406,0.6277741405869331,0.3253083155585475
Bidet from Vancouver!!,neither,0.04228451509352876,0.2823214250720796,0.6753940598343917
My First time watching Live. I am kind of excited...,neither,0.028993841769845805,0.4033977135376202,0.567608444692534
Bidet from Tennessee,neither,0.04071751644889743,0.3089174816120565,0.6503650019390461
13 mins,neither,0.03945320844208391,0.33037608806864915,0.630170703489267
why do people keep saying bidet,neither,0.043541058121047804,0.3492415456126418,0.6072173962663103
"@gayskelington if you're talking about Roll20, I highly recommend it. i'm in two games there myself and with the right DM, it won't matter that you're new",neither,0.04920867424757354,0.3326778881912307,0.6181134375611957
Place your bets!1. #TaryMarries - Marries the girl2. #TaryForever - Stays with VM3. #3rdCharacter - Tary marries and Sam doesn't bring back Scanlan.sbzyHoi,neither,0.0495848767665156,0.27789748372209244,0.672517639511392
"Bidet from Pontiac, Michigan",neither,0.04037273474496936,0.3147693269362608,0.6448579383187697
first live show in months!!!,neither,0.05021351487334751,0.2595985671945445,0.690187917932108
Bidet from Utah!,neither,0.04066490145509902,0.30981049537100724,0.6495246031738937
bidet from Denmark :),neither,0.04228451509352876,0.2823214250720796,0.6753940598343917
Bidet from Maine!,neither,0.04069404815304118,0.30931579984010865,0.6499901520068502
Bidet from Michigan,neither,0.040769555981420263,0.3080342349327864,0.6511962090857933
bidet from Missouri,neither,0.04071751644889743,0.3089174816120565,0.6503650019390461
Bidet from Wisconsin!,neither,0.04071751644889743,0.3089174816120565,0.6503650019390461
that art is awesome :o who drew that? the g and s guys?,neither,0.03838973238691381,0.3845884459359549,0.5770218216771312
I see you Victoria person!,neither,0.056276389705084966,0.3777316959130689,0.5659919143818462
Bidet from NYC,neither,0.04081748366884477,0.3072207769958956,0.6519617393352596
@Solangel777 i have a bard called Elric Von Kibblebottom,neither,0.03891444665548866,0.33952028164339054,0.6215652717011209
Biday from potato land idaho,neither,0.040282334951625864,0.31630364735396066,0.6434140176944134
beep beep @ladywinde,neither,0.03945320844208391,0.33037608806864915,0.630170703489267
@zeminex271 Literally right now,neither,0.03826393702475395,0.35357027328430357,0.6081657896909424
"Caio Santos, wow, nice drawing",neither,0.03945320844208391,0.33037608806864915,0.630170703489267
"Bidet from Newfoundland, Canada!",neither,0.04071751644889743,0.3089174816120565,0.6503650019390461
Beep Beep and G'Morning from Germany!,neither,0.04628690133110665,0.15393114061495156,0.7997819580539418
bidet from nova,neither,0.04228451509352876,0.2823214250720796,0.6753940598343917
gandsDrink gandsDrink,neither,0.03945320844208391,0.33037608806864915,0.630170703489267
@gayskelington you will do great!,neither,0.06362889906474166,0.31662262383365986,0.6197484771015985
is cr about to start,neither,0.05286386957624949,0.34886802929851884,0.5982681011252315
Bidet*,neither,0.03945320844208391,0.33037608806864915,0.630170703489267
bidet from hong kong!!,neither,0.040334677536117594,0.315415257091876,0.6442500653720065
"Bidet from Olympia, WA",neither,0.04071751644889743,0.3089174816120565,0.6503650019390461
I can't fucking spell,offensive_language,0.11194328687713771,0.8878461741952761,0.00021053892758617133
Bidet from Exandria!,neither,0.04228451509352876,0.2823214250720796,0.6753940598343917
bidet from TX,neither,0.04081748366884477,0.3072207769958956,0.6519617393352596
*taps twitch* IS THIS THING ON?! CLARENCE COME HELP ME WITH THIS THINGYMABOOPER!,neither,0.029080807962132704,0.40850788601275195,0.5624113060251154
@Moleking82uk OMG! Best name!,neither,0.038427118298055965,0.32178374130710796,0.6397891403948361
"Hi guys, this is my first time going to watch the live stream. I'm from the UK so went to bed at 10pm and just woken up ready to watch it.",neither,0.042508737652075405,0.39576702460644364,0.561724237741481
Curious how there are now titles in advance of the episode?,neither,0.05252346583418943,0.2716247850208816,0.6758517491449291
Bidet from california,neither,0.06971251856910227,0.2972619859879888,0.633025495442909
Matt already answered those questions. The next campaign will start in the aftermath of what happens to the world in this arc. So it won't be a major jump.,neither,0.060510350765080344,0.30051132531069946,0.6389783239242203
bidet!!,neither,0.03945320844208391,0.33037608806864915,0.630170703489267
beep beep from new orleans,neither,0.04450700662299174,0.21166473641774403,0.7438282569592642
Bidet from PA,neither,0.04069404815304118,0.30931579984010865,0.6499901520068502
12mins,neither,0.03945320844208391,0.33037608806864915,0.630170703489267
The Pike art is strong today...,neither,0.044756390231125105,0.2945557785135068,0.6606878312553681
bidet from seattle!,neither,0.040754399270683486,0.3082914838698526,0.650954116859464
"gandsDrink bidet from Tacoma, wa",neither,0.04071751644889743,0.3089174816120565,0.6503650019390461
@CTRLotus grog said bidet instead of good day as a greeting and it stuck,neither,0.036094353473139364,0.31479972684884167,0.649105919678019
"Bored? Play ""Cookie Clicker"" while you hear the stream. Search it on the web is a free game.",neither,0.04716007854093062,0.318586970789972,0.6342529506690974
Bidet from Indiana,neither,0.0408364874901429,0.30689823255244486,0.6522652799574122
hi,neither,0.03945320844208391,0.33037608806864915,0.630170703489267
Bidet from Winnipeg. Manitoba!,neither,0.04228451509352876,0.2823214250720796,0.6753940598343917
Bidet everybody,neither,0.03945320844208391,0.33037608806864915,0.630170703489267
if you are not seeing fan art please refresh,neither,0.04895876920288276,0.37012139539021965,0.5809198354068975
crit role starts in like 10 mins,neither,0.04753231267687692,0.3423449778861321,0.6101227094369911
"bidet from Atlanta, GA",neither,0.04042918616695488,0.31381119897869514,0.6457596148543501
Bidet from Harrisonburg VA!,neither,0.04066490145509902,0.30981049537100724,0.6495246031738937
"Bidet from Ypsilanti, MI y'all",neither,0.04324940744025782,0.3982080527344978,0.5585425398252444
Beep Beep,neither,0.03945320844208391,0.33037608806864915,0.630170703489267
headbang,neither,0.03945320844208391,0.33037608806864915,0.630170703489267
Bidey from Philly,neither,0.040769555981420263,0.3080342349327864,0.6511962090857933
greeting nd salutations,neither,0.03945320844208391,0.33037608806864915,0.630170703489267
bidet!,neither,0.03945320844208391,0.33037608806864915,0.630170703489267
Bidet from San Antonio,neither,0.040446282760733435,0.31352102516371877,0.6460326920755478
Bidet from the Netherlands! Nearly 4am in the morning and ready to role!,neither,0.04719064728031505,0.19660745518380982,0.7562018975358752
Headbang,neither,0.03945320844208391,0.33037608806864915,0.630170703489267
gandsSubHype,neither,0.03945320844208391,0.33037608806864915,0.630170703489267
"Bidet from New Brunswick, Canada!",neither,0.04427516225640692,0.21740380486553929,0.7383210328780537
Bidet from Portugal,neither,0.04062582848913359,0.31047366557575606,0.6489005059351104
I should say Bidet from Australia,neither,0.05292423715048092,0.3480611693954349,0.5990145934540841
"Bidet from Burien, WA",neither,0.04071751644889743,0.3089174816120565,0.6503650019390461
Bidet from Ohio,neither,0.040754399270683486,0.3082914838698526,0.650954116859464
There we go!,neither,0.04083933629015207,0.27628362646603744,0.6828770372438104
B'day from Denmark.,neither,0.04218618119843657,0.2724239819934948,0.6853898368080686
if you are not seeing fan art please refresh\,neither,0.04895876920288276,0.37012139539021965,0.5809198354068975
Bidet from NoVa,neither,0.04228451509352876,0.2823214250720796,0.6753940598343917
Bidet Critters!,neither,0.03945320844208391,0.33037608806864915,0.630170703489267
so i just learned aout mythica :p,neither,0.03393342242549386,0.41195720180629564,0.5541093757682105
"first time watching live. Bidet from Sydney, Australia",neither,0.0373745421309112,0.3321192127598412,0.6305062451092475
bidet from ks,neither,0.04228451509352876,0.2823214250720796,0.6753940598343917
O_O,neither,0.03945320844208391,0.33037608806864915,0.630170703489267
just needed a restart!,neither,0.03364991197207699,0.3581083807112818,0.6082417073166411
Bidet from MIchigan :),neither,0.040769555981420263,0.3080342349327864,0.6511962090857933
bidet from wisconsin,neither,0.04071751644889743,0.3089174816120565,0.6503650019390461
Bidet from my room and all of its tiny glory,neither,0.028755660640466023,0.3995106950741338,0.5717336442854003
Squid1 Squid2 Squid3 Squid2 Squid4,neither,0.03945320844208391,0.33037608806864915,0.630170703489267
theres a funny sound in the background?,neither,0.03796906795915577,0.33128341277632806,0.6307475192645161
Bidet from California! gandsSCANLAN,neither,0.06971251856910227,0.2972619859879888,0.633025495442909
bidet from NY!,neither,0.04084513770590474,0.30675141581570226,0.6524034464783931
Bidet,neither,0.03945320844208391,0.33037608806864915,0.630170703489267
"Bidet from Spokane, WA",neither,0.04071751644889743,0.3089174816120565,0.6503650019390461
Bidet from Illinois,neither,0.04069404815304118,0.30931579984010865,0.6499901520068502
Audio is popping D:,neither,0.0468433014279334,0.3278342962136489,0.6253224023584177
yes!!!!!!!,neither,0.03945320844208391,0.33037608806864915,0.630170703489267
"im new here, whats with the Bidet?",neither,0.06795893767278514,0.26256583099409814,0.6694752313331167
bidet from wisconsin,neither,0.04071751644889743,0.3089174816120565,0.6503650019390461
Bidet from Cleveland,neither,0.04079557052152802,0.30759270029461827,0.6516117291838538
Anyone else getting serious audio pops?,neither,0.03673173410011821,0.3765666101338708,0.5867016557660109
Bidet friends! Just finished last week's episode!,neither,0.03608540283417358,0.34609042204266477,0.6178241751231617
gandsSCANLAN,neither,0.03945320844208391,0.33037608806864915,0.630170703489267
Bidet from Philly!!,neither,0.040769555981420263,0.3080342349327864,0.6511962090857933
hi gus has it started yet?,neither,0.03852983495620105,0.3246710865593415,0.6367990784844575
bidet from Chicago!,neither,0.04078317879478948,0.307803020237201,0.6514138009680096
bidurrrr from Canada!,neither,0.04071751644889743,0.3089174816120565,0.6503650019390461
bidet,neither,0.03945320844208391,0.33037608806864915,0.630170703489267
happy birthday :),neither,0.03945320844208391,0.33037608806864915,0.630170703489267
PA >TX<H-Town,neither,0.03945320844208391,0.33037608806864915,0.630170703489267
Bidet from Rhode Island,neither,0.04039476597904064,0.31439539939713196,0.6452098346238274
"How do I hint to my DM that would like to see a dire wolf, lvl 4 druid in a steampunk game, agreed not to see a dire wolf so I wouldn't literally break lvl 2",neither,0.04300759850414527,0.37054723409575946,0.5864451674000952
gandsGrogSigil,neither,0.03945320844208391,0.33037608806864915,0.630170703489267
Bidet from the Seychelles waters. Kappa The sins never die! Kappa,neither,0.08351600003432574,0.2340451190432366,0.6824388809224375
@Jaykon_live should probably start with episode 1 lol,neither,0.0314120624582675,0.4618293064952257,0.5067586310465069
Bidet,neither,0.03945320844208391,0.33037608806864915,0.630170703489267
awe refreshing was glorious,neither,0.039302548371521195,0.3329331826575506,0.6277642689709281
gandsCrit,neither,0.03945320844208391,0.33037608806864915,0.630170703489267
Good day from ireland,neither,0.04030620602049971,0.29927573212138164,0.6604180618581187
@ATFMalonen Bidet from Texas as well!,neither,0.03842262681243967,0.34786774792744135,0.613709625260119
bidet from MN,neither,0.040737273169946825,0.30858215849491494,0.6506805683351382
gandsSubHype gandsSubHype gandsSubHype gandsSubHype gandsSubHype gandsSubHype,neither,0.03945320844208391,0.33037608806864915,0.630170703489267
bidet from minnesota!,neither,0.04071751644889743,0.3089174816120565,0.6503650019390461
KonCha Bidet from New Zealand :3,neither,0.046710622032705686,0.1542697019613409,0.7990196760059534
goonies,neither,0.03945320844208391,0.33037608806864915,0.630170703489267
gandsCrit gandsTrinket,neither,0.03945320844208391,0.33037608806864915,0.630170703489267
"@Jaykon_live It was Grog said instead of ""good day"" in one episode so Critters us it as a greeting :)",neither,0.057396317381232353,0.3900410761836894,0.5525626064350783
Bidet from Oklahoma hope fellow critters are safe from the storm here,neither,0.11535487940643152,0.19496084595527394,0.6896842746382945
"* q * My first Live, after 6 months of catching up. Hweh",neither,0.027602210600257027,0.4340911185820602,0.5383066708176829
"Bidet from Texas!!! <3 <3 <3 Finally got my ""How do you want to do this?"" Shirt yesterday <3",neither,0.0466948889976745,0.42704465577486445,0.526260455227461
"Bidet from AUSTRALIA, Vic, Drouin.",neither,0.04034574383703774,0.31522743308451706,0.6444268230784452
BIDET from TX x3,neither,0.04038868291416263,0.3144986448836462,0.6451126722021913
How do you subscribe?,neither,0.0824649383281045,0.4279081808958506,0.489626880776045
bobrossGold,neither,0.03945320844208391,0.33037608806864915,0.630170703489267
BIDET is a reference to a greeting said incorrectly in one of the earlier Critical Role episodes,neither,0.04670783035777311,0.3347532564219714,0.6185389132202556
someone is sending messages through...audio poping,neither,0.04477406369012555,0.32854600195782424,0.6266799343520502
"Bidet = Good Day, Beep Beep = Be Pleased (Grog translations)",neither,0.03976292929754885,0.31937837555103,0.6408586951514211
!sub,neither,0.03945320844208391,0.33037608806864915,0.630170703489267
Help support the #GnSLive twitch channel! $4.99/month gets you exclusive sub-only benefits and helps keep the channel alive! Thanks! twitch.tv/geekandsundry/subscribe or for MOBILE https://secure.twitch.tv/products/geekandsundry/ticket/new,neither,0.047564760200365624,0.28780811278399754,0.6646271270156369
Bidet from Pa! Go Steelers!,neither,0.041380384582134305,0.31852050102825824,0.6400991143896074
"@Jaykon_live grog greeted people with ""bidet"" in Singhorn",neither,0.05251305253366825,0.3660554208234652,0.5814315266428666
bidet from New Zealand!,neither,0.046710622032705686,0.1542697019613409,0.7990196760059534
@novafoxtrot Can you elaborate on what you mean?,offensive_language,0.10391799616553925,0.47462606388487355,0.42145593994958713
this is my first live show in months!!,neither,0.044501750993758665,0.33897670129629864,0.6165215477099427
Hopefully Lootcrate shows the team some love,neither,0.03027401485743641,0.33892168706288683,0.6308042980796768
"Bidet from Alamosa, Colorado, and the beautiful mountains of the San Luis Valley...",neither,0.03856584973490468,0.2753754367634222,0.6860587135016731
"bidet from Marietta, GA!",neither,0.040737273169946825,0.30858215849491494,0.6506805683351382
bidet from Idaho,neither,0.04066490145509902,0.30981049537100724,0.6495246031738937
Bidet all! Barely made it whew,neither,0.03986799461860144,0.41340965329265955,0.5467223520887391
goonies never say death,neither,0.0347568072768347,0.37837951352907284,0.5868636791940925
Grand Delxu Poobah package,neither,0.03945320844208391,0.33037608806864915,0.630170703489267
Bidet from MN also,neither,0.04052578440777663,0.3121716747306304,0.647302540861593
Bidet from Green Bay,neither,0.04157153321422922,0.28725778581029854,0.6711706809754723
Bidet from Croatia,neither,0.04228451509352876,0.2823214250720796,0.6753940598343917
Bidet from texas,neither,0.040937266849991,0.30518774380265185,0.6538749893473571
Druid can only wild shape into animals theyve seen,neither,0.03964232151399109,0.32716634569259534,0.6331913327934136
first time watching live omg so excited!,neither,0.03617530928717978,0.3802341930658138,0.5835904976470063
BIdet from Nor Cal!,neither,0.040408207780639874,0.31416725694368625,0.6454245352756738
Bidet from Texas!,neither,0.040937266849991,0.30518774380265185,0.6538749893473571
heroes never die :),neither,0.17034242148215475,0.17436240128196648,0.6552951772358787
greetings from north texas,neither,0.04051530955006381,0.31234946040321715,0.647135230046719
Go Pack!,neither,0.041008021946546534,0.33577579511338757,0.6232161829400659
"Bidet from Houston, Texas everyone!!!",neither,0.034919688652567345,0.4073217504405869,0.5577585609068457
Greetings!,neither,0.03945320844208391,0.33037608806864915,0.630170703489267
Bidet from Colorado!,neither,0.04066490145509902,0.30981049537100724,0.6495246031738937
yoyo Bidet from Minnesota,neither,0.04071751644889743,0.3089174816120565,0.6503650019390461
Bidet from Maine,neither,0.04069404815304118,0.30931579984010865,0.6499901520068502
I have to watch on my phone until I get home,neither,0.035613353711892594,0.4201789459588904,0.544207700329217
Heya to the Minnesota contingent!,neither,0.04675686992628873,0.3060597577589324,0.6471833723147788
haha that was a BATman,neither,0.03215113840403843,0.4340263928923351,0.5338224687036265
Bidet from Fort Carson,neither,0.04228451509352876,0.2823214250720796,0.6753940598343917
Bidet from West Virginia,neither,0.040483118966379954,0.3128958186190612,0.646621062414559
Jessica always on point with that wonderful Disney styled art.,neither,0.02980135294829819,0.40557236052979717,0.5646262865219047
Bidet from Maine,neither,0.04069404815304118,0.30931579984010865,0.6499901520068502
hahahaha,neither,0.03945320844208391,0.33037608806864915,0.630170703489267
"Bidet and Beep Beep from Nashville, TN",neither,0.039618715792848265,0.27971990106412287,0.6806613831430289
Bidet from Connecticut,neither,0.04062582848913359,0.31047366557575606,0.6489005059351104
@Black0wt20 Beep beep!,neither,0.03945320844208391,0.33037608806864915,0.630170703489267
"Any Aussies that want to join an Aussie Critters chat, pm me for the invite.",neither,0.03296208064819395,0.34275552664655606,0.6242823927052499
Bidet from Alaska,neither,0.04066490145509902,0.30981049537100724,0.6495246031738937
I swear to Christ if someone dies in the first 15 minutes again I will cry of hysterical laughter,neither,0.030165821772015582,0.3500438408392936,0.6197903373886908
sheboygan here,neither,0.22097653003277068,0.2221615150675793,0.55686195489965
It's supposed to just be a black screen right? O-O,neither,0.05655360401157035,0.3497765591744731,0.5936698368139567
Man there's art from last episode already,neither,0.03942311607744562,0.34274265579113017,0.6178342281314242
Bidet from BC!,neither,0.041095261662497835,0.30250615950080734,0.6563985788366947
"Bidet from Melbourne, Australia.",neither,0.04062582848913359,0.31047366557575606,0.6489005059351104
bidet from utah,neither,0.04066490145509902,0.30981049537100724,0.6495246031738937
bidet from hell,offensive_language,0.04282387748247523,0.8742163882703163,0.08295973424720841
Bidet from Kansas!,neither,0.04071751644889743,0.3089174816120565,0.6503650019390461
bidet from michigan! hope everyone has had a great week so far,neither,0.05513494232522961,0.32036642841127033,0.6244986292635001
does any one else hear static popping in their headsets?,neither,0.028810222378512745,0.4440127197380831,0.5271770578834041
Happy Thursday Everyone!,neither,0.03355760225671494,0.4304399113404305,0.5360024864028545
Texas greetings to all critters,neither,0.052767795587754816,0.4303798066701972,0.5168523977420479
So which one of them will give us a glorious death within the first 20 minutes tonight?,neither,0.05938967296225563,0.3295600620325487,0.6110502650051955
audio cracking for anyone else??,neither,0.03526999250281666,0.30947143481559497,0.6552585726815885
WOW these are good,neither,0.09809121217666973,0.3636399017550758,0.5382688860682545
dire wolf has like double hp and attack at lvl 2 but im starting to get underpowered as the rest of the party levels up,neither,0.040937362420170306,0.3674802316299576,0.591582405949872
I use to live in anchorage now in slc,neither,0.017868818228876912,0.421000560270616,0.5611306215005071
how long until they start?,neither,0.039226128673466434,0.32847455132175807,0.6322993200047754
omg. I'm finally catching this live from the beginning.,neither,0.04252852203127393,0.3073900964966793,0.6500813814720467
I love this stuff by Julie Rush,neither,0.03816994108380983,0.372489580139653,0.5893404787765373
bidevening critters!,neither,0.03945320844208391,0.33037608806864915,0.630170703489267
Bidet from Denton Texas,neither,0.04042489113558478,0.3138840968701843,0.6456910119942308
what time is it there,neither,0.05505845897574816,0.2931906160108079,0.6517509250134439
waiting tor the #TheGreatSplat art,neither,0.03851990960732541,0.31328629588431106,0.6481937945083636
@uncle_tambour BIDET!,neither,0.03945320844208391,0.33037608806864915,0.630170703489267
@Matrix8369 Yeah its the stream,neither,0.020263869014051798,0.4202142731478983,0.55952185783805
Bidet Critters!,neither,0.03945320844208391,0.33037608806864915,0.630170703489267
definitely hear crackling,neither,0.03945320844208391,0.33037608806864915,0.630170703489267
@Avenger1735 yes,neither,0.03945320844208391,0.33037608806864915,0.630170703489267
link to discord anyone?,neither,0.046731907320065776,0.3261338485513201,0.6271342441286141
Bidet from Israel,neither,0.06339974892476405,0.3003441096299848,0.636256141445251
pikeeeeyyyy,neither,0.03945320844208391,0.33037608806864915,0.630170703489267
yes on the audio crackles,neither,0.03593660139860351,0.3276881680445575,0.636375230556839
pop pop pop,neither,0.04198645609464157,0.2873802641551968,0.6706332797501617
"@pjsimagination bidet from Drouin, Victoria! :)",neither,0.04071751644889743,0.3089174816120565,0.6503650019390461
ya im getting some cracks,offensive_language,0.02092069912614751,0.5972161953834263,0.3818631054904263
Bidet,neither,0.03945320844208391,0.33037608806864915,0.630170703489267
anybody else hear audio popping?,neither,0.03945320844208391,0.33037608806864915,0.630170703489267
!clock,neither,0.03945320844208391,0.33037608806864915,0.630170703489267
It is currently 6:50 PM at the Geek & Sundry studio in California.,neither,0.052549267492962806,0.329501858400024,0.6179488741070132
"Bidet from Copenhagen,Denmark",neither,0.04228451509352876,0.2823214250720796,0.6753940598343917
beep beep,neither,0.03945320844208391,0.33037608806864915,0.630170703489267
Bidet from Disney World,neither,0.04052184113489871,0.31223860236249074,0.6472395565026104
@Cj4883 10 mins,neither,0.03945320844208391,0.33037608806864915,0.630170703489267
@LadyArrowhead you're about to realize just how many times you pause in 4.5 hours and how much you miss it LOL,neither,0.0613101964405742,0.4350490113879357,0.50364079217149
@Matrix8369 It's not just you,offensive_language,0.05449170229049014,0.47990085743185995,0.46560744027764983
Bidet ... from Minnesota... I guess..!,neither,0.04004682725755835,0.31788908704338886,0.6420640856990527
"hey hey Denton, TX in the house!!1",neither,0.038890732146723755,0.3201789682149602,0.640930299638316
Bidet!,neither,0.03945320844208391,0.33037608806864915,0.630170703489267
Bidet from a Harry Potter con in NH! I'm skipping a party to watch CR live,neither,0.048191915607696735,0.31842989742832756,0.6333781869639757
Bidet from Mississippi!,neither,0.040754399270683486,0.3082914838698526,0.650954116859464
Bidet from Winnipeg!,neither,0.04228451509352876,0.2823214250720796,0.6753940598343917
Yeah there's some cracks,neither,0.02041210939244995,0.4032258359850306,0.5763620546225194
Critter art is the best,neither,0.046486236496697406,0.3028706150055626,0.6506431484977401
I wish I could find a DND or any rpg group,neither,0.04241584370883376,0.26652162689891185,0.6910625293922543
so amazing pictures,neither,0.03940997900725411,0.37944806523610713,0.5811419557566389
audio is crackling,neither,0.04625298535486139,0.32803733298047755,0.6257096816646609
bidet from Manchester!,neither,0.04066490145509902,0.30981049537100724,0.6495246031738937
@tarzoteddin Yes it should go away by stream start,neither,0.05129984509146891,0.38241386037700364,0.5662862945315275
Morning from the UK,neither,0.04705955606034625,0.16287965855453254,0.7900607853851213
bidet from seattle,neither,0.040754399270683486,0.3082914838698526,0.650954116859464
@anorakgaming thank you,neither,0.07325166854587051,0.43632638485078484,0.49042194660334476
Bidet from Vancouver BC!,neither,0.041095261662497835,0.30250615950080734,0.6563985788366947
Dawww JB,neither,0.03945320844208391,0.33037608806864915,0.630170703489267
Im not etting audio pops. woo!!,neither,0.03793404556259029,0.3568064809202672,0.6052594735171425
it's 2.50am let's go,neither,0.018370226936331356,0.3883281900705816,0.593301582993087
yeha i got the popping as well,neither,0.03540580423899759,0.3909895194886653,0.5736046762723372
Critical Role wooho,neither,0.03945320844208391,0.33037608806864915,0.630170703489267
!wallet,neither,0.03945320844208391,0.33037608806864915,0.630170703489267
"Bidet from the US, going on vacation soon!",neither,0.06440771649933152,0.33063202656183016,0.6049602569388383
*becomes goldfish*,neither,0.03945320844208391,0.33037608806864915,0.630170703489267
I'm so jealous of all the artists!,neither,0.040093808342809935,0.42197085910303395,0.5379353325541562
I like that pic of pike that they had just shown,neither,0.03483474389164415,0.45935218585680143,0.5058130702515545
BIDAY EVERYONE!,offensive_language,0.02988896790634741,0.4927062106388782,0.4774048214547744
Ah yes. Popping like some ear pop rocks,neither,0.041009346403460066,0.33425342198962266,0.6247372316069174
best hat grog,neither,0.03833827996914449,0.32103982057834357,0.6406218994525118
"Bidet from Copenhagen, Denmark",neither,0.04228451509352876,0.2823214250720796,0.6753940598343917
Bidet from Baltimore,neither,0.04079557052152802,0.30759270029461827,0.6516117291838538
@SerenaEllenRuby They Know :D,neither,0.03945320844208391,0.33037608806864915,0.630170703489267
#WeKnow,neither,0.03945320844208391,0.33037608806864915,0.630170703489267
bedet from portland!,neither,0.04066490145509902,0.30981049537100724,0.6495246031738937
Bidet from the UK!,neither,0.039613273355342184,0.2892653269430044,0.6711213997016535
hello fellow critters,neither,0.03945320844208391,0.33037608806864915,0.630170703489267
@Snowpython try Roll20,neither,0.03945320844208391,0.33037608806864915,0.630170703489267
"Bidet from Millcreek, UT!",neither,0.04071751644889743,0.3089174816120565,0.6503650019390461
loving the grog with the fancy hat art,neither,0.03093769836020014,0.33369083838892183,0.6353714632508779
!wallet,neither,0.03945320844208391,0.33037608806864915,0.630170703489267
it still hasnt loaded for me,neither,0.025479465550294518,0.35432359315147155,0.620196941298234
Hello everyone,neither,0.03269494828970791,0.4450814005079928,0.5222236512022994
BIDET EVERYONE!,offensive_language,0.02988896790634741,0.4927062106388782,0.4774048214547744
@thesweetlamb They know :),neither,0.03945320844208391,0.33037608806864915,0.630170703489267
Bidet from the UK,neither,0.039613273355342184,0.2892653269430044,0.6711213997016535
"Bidet from Cary, Illinois",neither,0.04034574383703774,0.31522743308451706,0.6444268230784452
Bidet from Stoke-On-Trent!,neither,0.03745828888110202,0.32542855050193775,0.6371131606169601
Bidet from Oklahoma!!,neither,0.04066490145509902,0.30981049537100724,0.6495246031738937
what is this cracking sound?,neither,0.05238736180706351,0.3254777281777785,0.6221349100151581
@Cj4883 np also if you google when is critical role i believe there is a website with a countdown,neither,0.032868573641670784,0.397066380500305,0.5700650458580242
#pitcrew,neither,0.03945320844208391,0.33037608806864915,0.630170703489267
Pit Creeeeeeeeeeeeeeeeww! Pit Crew! twitter.com/pit_cru twitch.tv/pit_crew,neither,0.039083130642922924,0.38724255714604583,0.5736743122110314
"Bidet from AZ, USA",neither,0.04042918616695488,0.31381119897869514,0.6457596148543501
Bidet,neither,0.03945320844208391,0.33037608806864915,0.630170703489267
bidet from San Diego!,neither,0.040446282760733435,0.31352102516371877,0.6460326920755478
this the start or intermission?,neither,0.03811244594456265,0.31015142245801747,0.6517361315974199
Bidet all you lovely Critters! gandsSCANLAN with <3 from Toronto feliciaToronto,neither,0.04425862952833914,0.4560949677483197,0.49964640272334115
BIDET FROM LONG ISLAND,neither,0.040349090989372026,0.3087357751934448,0.6509151338171831
!wallet,neither,0.03945320844208391,0.33037608806864915,0.630170703489267
refresh,neither,0.03945320844208391,0.33037608806864915,0.630170703489267
anyone else watch pittsburgh get annihilated by ottawa last night?,neither,0.038030130082151156,0.36586615898654906,0.5961037109312998
i hear static?,neither,0.03945320844208391,0.33037608806864915,0.630170703489267
"Bidet from Ålborg, Denmark",neither,0.04228451509352876,0.2823214250720796,0.6753940598343917
so many Texas critters... I'm thinking a Houston critter meetup is due :),neither,0.045117048336366684,0.360140283978374,0.5947426676852594
Bidet from Ecuador :D,neither,0.04062582848913359,0.31047366557575606,0.6489005059351104
@annoyingpun start,neither,0.03945320844208391,0.33037608806864915,0.630170703489267
Bidet everyone! =),offensive_language,0.02988896790634741,0.4927062106388782,0.4774048214547744
"we are coming to 10 mins to go , this is your last chance to use the facilities, grab drinks and snacks and get cosy for what will be episode 98",neither,0.05360053425098102,0.2912527637259063,0.6551467020231126
@shadowadanza I'm hoping for more of an in person but I'll try it :) ty,neither,0.03413589377218373,0.3082793652746912,0.657584740953125
BIDET FROM THE UK,neither,0.039613273355342184,0.2892653269430044,0.6711213997016535
"Bidet from Irving, TX!",neither,0.04081748366884477,0.3072207769958956,0.6519617393352596
Long time fan first time liver,neither,0.033006051014492756,0.3573729853098675,0.6096209636756398
Bidet all HeyGuys,offensive_language,0.046917543854519406,0.6277741405869331,0.3253083155585475
Bidet from Bidet from Arizona,neither,0.04151896825203616,0.29531475289025916,0.6631662788577047
stuart krugg i know your here lol,neither,0.18796296448743013,0.32097237400315165,0.4910646615094183
pop pop,neither,0.04198645609464157,0.2873802641551968,0.6706332797501617
grogs fancy hat is all the rage with the Victorian ladies xD,neither,0.03622835311486916,0.3762044104769927,0.587567236408138
I hear your popping great and power Overlord I will obey,neither,0.05687070116477492,0.26882466896786167,0.6743046298673634
Bidet from CT,neither,0.04066490145509902,0.30981049537100724,0.6495246031738937
"bidet lovelies, from florida",neither,0.0408948396164547,0.30590784468201904,0.6531973157015263
i keep hearing a poping sound from the live stream.. i hope its only me,neither,0.05251225864159424,0.26316306921655364,0.6843246721418521
Bidet from Fairview TN! Beep beep!,neither,0.040769555981420263,0.3080342349327864,0.6511962090857933
I am still so unblieveably psyched that my painting is in the slideshow!,neither,0.03134619835322214,0.4584640200348299,0.510189781611948
@TekReaper welcome,neither,0.03945320844208391,0.33037608806864915,0.630170703489267
"I am so ready for this game tonight, I woke up 40 minutes ago.",neither,0.03250387554104635,0.3296752917803835,0.6378208326785703
Bidet from Mexico City,neither,0.04052962443717398,0.3121064994100792,0.6473638761527468
bidet,neither,0.03945320844208391,0.33037608806864915,0.630170703489267
It's nuts!,neither,0.037399315187144885,0.3310825161415354,0.6315181686713197
"oh, bidet from san diego",neither,0.04491647874581536,0.2716354267707069,0.6834480944834779
I...love you all,offensive_language,0.07693210972157016,0.6561782186763016,0.26688967160212834
Bidet from phx,neither,0.04228451509352876,0.2823214250720796,0.6753940598343917
