text,top_class,hate_speech,offensive_language,neither
bidet from BUTTLAND,neither,0.04228451509352876,0.2823214250720796,0.6753940598343917
Welcome @hobeauwshotgun gandsDrink,neither,0.03945320844208391,0.33037608806864915,0.630170703489267
Bidet from OHIO!,neither,0.040754399270683486,0.3082914838698526,0.650954116859464
Oh the hype im so ready,neither,0.04242656474438408,0.3400166354203322,0.6175567998352838
Bidet from Philly,neither,0.040769555981420263,0.3080342349327864,0.6511962090857933
"Bidet from Toronto, Canada",neither,0.040371808140217125,0.31478505383715205,0.6448431380226308
Bidet from Canada,neither,0.04071751644889743,0.3089174816120565,0.6503650019390461
Bidet from Idaho!,neither,0.04066490145509902,0.30981049537100724,0.6495246031738937
Super Excited to Watch this live for once.Biget from Small Town NH!!,neither,0.04571031385169364,0.3007680926508395,0.653521593497467
"Bidet from Vancouver WA, first time watching live! Super excited!",neither,0.03736248023116091,0.3321294883428983,0.6305080314259408
Bidet from Philly,neither,0.040769555981420263,0.3080342349327864,0.6511962090857933
Good ol LA traffic!,neither,0.03890744207068496,0.330563802150219,0.630528755779096
PamdaBear did you turn down the quality?,neither,0.053377777742820806,0.35529061500445763,0.5913316072527215
has anyone else made the connection that Sams new character does the same thing Orions did with the introductions?????,neither,0.026556244411345267,0.37103011851100376,0.6024136370776509
GROG please pull the cards!! gandsDrink gandsDrink,neither,0.03859571173638713,0.31470799200996147,0.6466962962536513
gandsSCANLAN gandsSCANLAN gandsSCANLAN - Bidet from Florida,neither,0.0408948396164547,0.30590784468201904,0.6531973157015263
gandsSCANLAN gandsSubHype gandsSCANLAN gandsSubHype gandsSCANLAN gandsSubHype,neither,0.03945320844208391,0.33037608806864915,0.630170703489267
"bidet from plano, texas",neither,0.040520933838602655,0.3122540015484896,0.6472250646129077
bidet from lake villa IL,neither,0.04039617012658628,0.31437156734874944,0.6452322625246643
bidet from Japan,neither,0.04069404815304118,0.30931579984010865,0.6499901520068502
Bidet from lackawanna,neither,0.04228451509352876,0.2823214250720796,0.6753940598343917
"bidet from Cuba, Mo",neither,0.04041768713400279,0.3140063675779768,0.6455759452880205
"@Jinoraw no idea, but should be soon. Sometimes Sam gets caught in traffic or there are tech issues so they start a bit late",neither,0.05301736327828786,0.3374582341686266,0.6095244025530856
gandsNatTwenty gandsCrit gandsTrinketArmor,neither,0.03945320844208391,0.33037608806864915,0.630170703489267
bidet from emporia ks!,neither,0.04228451509352876,0.2823214250720796,0.6753940598343917
i feel like they are just giving the people a chance to get on before they start since there are always people that join late lol,neither,0.09199931195698931,0.3742362614010642,0.5337644266419466
bidet from kentucky gandsSCANLAN,neither,0.04071751644889743,0.3089174816120565,0.6503650019390461
also philly area,neither,0.03945320844208391,0.33037608806864915,0.630170703489267
Bidet from Seattle!,neither,0.040754399270683486,0.3082914838698526,0.650954116859464
Bidet from NorCal!,neither,0.04228451509352876,0.2823214250720796,0.6753940598343917
bidet from TN!,neither,0.040769555981420263,0.3080342349327864,0.6511962090857933
Postponing the Battle of Kaer Morhen to watch Critical Role.,neither,0.04790629938853184,0.3145103540627408,0.6375833465487273
Bidet from IA,neither,0.04228451509352876,0.2823214250720796,0.6753940598343917
Beep Beep,neither,0.03945320844208391,0.33037608806864915,0.630170703489267
gandsLessthanthree gandsLessthanthree gandsLessthanthree,neither,0.03945320844208391,0.33037608806864915,0.630170703489267
Bidet from Utah! :D,neither,0.04066490145509902,0.30981049537100724,0.6495246031738937
R.I.P,neither,0.03945320844208391,0.33037608806864915,0.630170703489267
bidet from Ohio,neither,0.040754399270683486,0.3082914838698526,0.650954116859464
ayyyy bidet from Philly!,neither,0.040769555981420263,0.3080342349327864,0.6511962090857933
what's up first time in chat. i fuckin love this show,offensive_language,0.0820121588868659,0.866505505473001,0.05148233564013311
There 5 min late D:,neither,0.03937936994943705,0.28859018890745597,0.672030441143107
Bidet from VA,neither,0.04066490145509902,0.30981049537100724,0.6495246031738937
bidet from NY state!,neither,0.0765362086878487,0.20608542450345377,0.7173783668086976
beep beep from Chicago,neither,0.04078317879478948,0.307803020237201,0.6514138009680096
beep beep,neither,0.03945320844208391,0.33037608806864915,0.630170703489267
Let's staarrrt,neither,0.01259774405356427,0.402817721707079,0.5845845342393566
gandsMatt !,neither,0.03945320844208391,0.33037608806864915,0.630170703489267
@letsgetdangerous23 welcome,neither,0.03945320844208391,0.33037608806864915,0.630170703489267
What if Sam is the first one there?,neither,0.026778734761645277,0.3501249054491096,0.623096359789245
bidet from mississippi!,neither,0.040754399270683486,0.3082914838698526,0.650954116859464
what up GANG!!!!,neither,0.04280827954296098,0.3919160821052978,0.5652756383517412
Hooray,neither,0.03945320844208391,0.33037608806864915,0.630170703489267
Bidet from Seattle!,neither,0.040754399270683486,0.3082914838698526,0.650954116859464
woot,neither,0.03945320844208391,0.33037608806864915,0.630170703489267
beep beep and bidet from san francisco! gandsHooman,neither,0.03961442055833876,0.2808376962075625,0.6795478832340988
gandsGandsPoo,neither,0.03945320844208391,0.33037608806864915,0.630170703489267
woot!!,neither,0.03945320844208391,0.33037608806864915,0.630170703489267
bidet from Kitchener Ontario Canada,neither,0.040354386843928725,0.3150807387011266,0.6445648744549448
Bidet from norcal,neither,0.04228451509352876,0.2823214250720796,0.6753940598343917
gandsSubHype gandsSubHype gandsSubHype gandsSubHype,neither,0.03945320844208391,0.33037608806864915,0.630170703489267
Hooray >3,neither,0.03945320844208391,0.33037608806864915,0.630170703489267
gandsSubHype gandsSubHype gandsSubHype gandsSubHype gandsSubHype gandsSubHype gandsSubHype,neither,0.03945320844208391,0.33037608806864915,0.630170703489267
whoooopppps,neither,0.03945320844208391,0.33037608806864915,0.630170703489267
I'm just hoping I don't get tornado sirens during the stream then I would be heading to the bathroom,neither,0.03909864374361629,0.326798681835642,0.6341026744207416
WOOOOOOOOOOOOO,neither,0.03945320844208391,0.33037608806864915,0.630170703489267
YEEEAAA,neither,0.03945320844208391,0.33037608806864915,0.630170703489267
Bidet from Oklahoma!! Hoping theres no more tornados tonight - It would suck if the power went out in the middle of the stream . doogThump,neither,0.034446287858626294,0.3264495495286741,0.6391041626126996
Bidet from Minnesota: Iowa's Hat!,neither,0.0402672357152192,0.3165599208016487,0.6431728434831321
❤️❤️❤️,neither,0.03945320844208391,0.33037608806864915,0.630170703489267
gandsMatt gandsMatt,neither,0.03945320844208391,0.33037608806864915,0.630170703489267
lettss goooo,neither,0.03945320844208391,0.33037608806864915,0.630170703489267
wooh!,neither,0.03945320844208391,0.33037608806864915,0.630170703489267
gandsMatt gandsMatt gandsMatt,neither,0.03945320844208391,0.33037608806864915,0.630170703489267
Beep beep Halifax NS,neither,0.03945320844208391,0.33037608806864915,0.630170703489267
woop,neither,0.03945320844208391,0.33037608806864915,0.630170703489267
HYPE HYPE!!!!!,neither,0.03945320844208391,0.33037608806864915,0.630170703489267
WOOOOT,neither,0.03945320844208391,0.33037608806864915,0.630170703489267
North Western OHIOAN Represent..!,neither,0.03945320844208391,0.33037608806864915,0.630170703489267
"@hobeauwshotgun your journey may have ended, but the adventure continues ;D",neither,0.05555363768515031,0.31067488157449086,0.6337714807403587
anyone see Netflix is creating a witcher series based on the Witcher games,neither,0.0417222236919255,0.3271375637124678,0.6311402125956067
yay!,neither,0.03945320844208391,0.33037608806864915,0.630170703489267
wooooooo,neither,0.03945320844208391,0.33037608806864915,0.630170703489267
Philly beep beep,neither,0.03945320844208391,0.33037608806864915,0.630170703489267
beep beep,neither,0.03945320844208391,0.33037608806864915,0.630170703489267
Yay,neither,0.03945320844208391,0.33037608806864915,0.630170703489267
WOOOOOO,neither,0.03945320844208391,0.33037608806864915,0.630170703489267
we are on da internets,neither,0.10351423106662878,0.40500668997365497,0.4914790789597163
gandsLessthanthree gandsLessthanthree gandsLessthanthree gandsLessthanthree gandsLessthanthree gandsLessthanthree gandsLessthanthree gandsLessthanthree gandsLessthanthree,neither,0.03945320844208391,0.33037608806864915,0.630170703489267
HERE WE GO!,neither,0.13156755280784707,0.2765461283225309,0.5918863188696221
Matt you're lookin hot!!!!,neither,0.07650137117600819,0.3440458253866234,0.5794528034373685
"classic... start late, finish late !!!",neither,0.03945320844208391,0.33037608806864915,0.630170703489267
:DDDD,neither,0.03945320844208391,0.33037608806864915,0.630170703489267
gandsSubHype gandsSubHype gandsSubHype gandsSubHype gandsSubHype,neither,0.03945320844208391,0.33037608806864915,0.630170703489267
yeah!!!!!!,offensive_language,0.013968601452186464,0.5182923869769311,0.4677390115708824
yeeeeet,neither,0.03945320844208391,0.33037608806864915,0.630170703489267
gandsSubHype gandsSubHype gandsSubHype gandsSubHype gandsSubHype,neither,0.03945320844208391,0.33037608806864915,0.630170703489267
yeahhhhhh,neither,0.03945320844208391,0.33037608806864915,0.630170703489267
Flight Sim World and Critical Role!!!,neither,0.038848748447445916,0.300531384300131,0.660619867252423
yeay,neither,0.03945320844208391,0.33037608806864915,0.630170703489267
gandsSCANLAN,neither,0.03945320844208391,0.33037608806864915,0.630170703489267
\o/,neither,0.03945320844208391,0.33037608806864915,0.630170703489267
gandsMatt gandsMatt gandsMatt,neither,0.03945320844208391,0.33037608806864915,0.630170703489267
gandsSubHype gandsSubHype gandsSubHype gandsSubHype gandsSubHype gandsSubHype gandsSubHype gandsMatt gandsMatt gandsMatt gandsMatt gandsMatt gandsMatt gandsMatt gandsMatt gandsMatt gandsMatt,neither,0.03945320844208391,0.33037608806864915,0.630170703489267
Are we on the internet?,neither,0.06455044260466253,0.27765074222486363,0.6577988151704739
Bidet from Washington DC!,neither,0.040481371650474204,0.3129254751301128,0.646593153219413
it begins!,neither,0.037828236809968684,0.3309349903269868,0.6312367728630445
BIDET FROM SEATTLE,neither,0.040754399270683486,0.3082914838698526,0.650954116859464
gandsSubHype gandsSubHype gandsSubHype gandsSubHype gandsSubHype,neither,0.03945320844208391,0.33037608806864915,0.630170703489267
Bidet!,neither,0.03945320844208391,0.33037608806864915,0.630170703489267
Yeeee,neither,0.03945320844208391,0.33037608806864915,0.630170703489267
@GaeaCa thanks for the response anyway,neither,0.0325188276365745,0.2820823922515421,0.6853987801118834
gandsSubHype gandsSubHype gandsSubHype gandsSubHype,neither,0.03945320844208391,0.33037608806864915,0.630170703489267
gandsSubHype,neither,0.03945320844208391,0.33037608806864915,0.630170703489267
PIKE,neither,0.03945320844208391,0.33037608806864915,0.630170703489267
gandsCrit gandsFail gandsCrit gandsFail gandsCrit gandsFail,neither,0.03945320844208391,0.33037608806864915,0.630170703489267
Yay!!!!,neither,0.03945320844208391,0.33037608806864915,0.630170703489267
Woot,neither,0.03945320844208391,0.33037608806864915,0.630170703489267
!wallet,neither,0.03945320844208391,0.33037608806864915,0.630170703489267
@kalidin79 thanks!,neither,0.035884468650613,0.3004919205142699,0.6636236108351171
beep beep,neither,0.03945320844208391,0.33037608806864915,0.630170703489267
Bidet from Seattle! :),neither,0.040754399270683486,0.3082914838698526,0.650954116859464
Bidet from Omaha!,neither,0.04228451509352876,0.2823214250720796,0.6753940598343917
gandsLessthanthree gandsLessthanthree gandsLessthanthree gandsLessthanthree gandsLessthanthree gandsLessthanthree gandsLessthanthree,neither,0.03945320844208391,0.33037608806864915,0.630170703489267
beep beeep,neither,0.03945320844208391,0.33037608806864915,0.630170703489267
gandsMatt,neither,0.03945320844208391,0.33037608806864915,0.630170703489267
woooooo!,neither,0.03945320844208391,0.33037608806864915,0.630170703489267
gandsTrinketArmor gandsTrinketArmor gandsTrinketArmor gandsTrinketArmor gandsTrinketArmor,neither,0.03945320844208391,0.33037608806864915,0.630170703489267
HYPE!,neither,0.03945320844208391,0.33037608806864915,0.630170703489267
Woo Bidet from Connecticut,neither,0.040334677536117594,0.315415257091876,0.6442500653720065
"hey everyone, missed last ep, just one question did they kill something or just talk ?",neither,0.10680812081196589,0.37839467819239075,0.5147972009956433
another first action death please,neither,0.0680349859775762,0.2728468365817911,0.6591181774406326
@kwwb hey im in boise!,neither,0.038219233433194263,0.37716521100220707,0.5846155555645987
gandsSubHype gandsSubHype gandsSubHype gandsSubHype,neither,0.03945320844208391,0.33037608806864915,0.630170703489267
gandsAJinSpace gandsAJinSpace gandsAJinSpace gandsAJinSpace gandsAJinSpace gandsAJinSpace gandsAJinSpace gandsAJinSpace gandsAJinSpace gandsAJinSpace,neither,0.03945320844208391,0.33037608806864915,0.630170703489267
Right on time!!!,neither,0.03227539357918602,0.40734337409643595,0.5603812323243781
gandsSubHype gandsSubHype gandsSubHype gandsSubHype gandsSubHype gandsSubHype gandsSubHype gandsSubHype gandsSubHype,neither,0.03945320844208391,0.33037608806864915,0.630170703489267
let us begin,neither,0.05347334164701242,0.3589237977625465,0.5876028605904411
Ayyy,neither,0.03945320844208391,0.33037608806864915,0.630170703489267
did matt get a haircut?!,neither,0.039002888328460085,0.33801919563869154,0.6229779160328482
Yaaaaassssss!!!!,neither,0.03945320844208391,0.33037608806864915,0.630170703489267
I've had to play catchup for a while I'm so psyched for being able to watch live again,neither,0.027999806883060856,0.3378468367273358,0.6341533563896035
"So, was kiki's incident last week considered a failfish?",neither,0.03932731749785787,0.36455843984101666,0.5961142426611256
gandsMatt,neither,0.03945320844208391,0.33037608806864915,0.630170703489267
yayyyyy,neither,0.03945320844208391,0.33037608806864915,0.630170703489267
One of the few times watching live.,neither,0.041678032072414266,0.3413635738903465,0.6169583940372392
INJUSTICE 2,neither,0.03945320844208391,0.33037608806864915,0.630170703489267
gandsSubHype gandsSubHype gandsSubHype gandsSubHype gandsSubHype gandsSubHype gandsSubHype gandsSubHype gandsSubHype gandsSubHype gandsSubHype gandsSubHype gandsSubHype gandsSubHype,neither,0.03945320844208391,0.33037608806864915,0.630170703489267
gandsLessthanthree gandsLessthanthree gandsLessthanthree,neither,0.03945320844208391,0.33037608806864915,0.630170703489267
yay pike,neither,0.03945320844208391,0.33037608806864915,0.630170703489267
gandsMatt,neither,0.03945320844208391,0.33037608806864915,0.630170703489267
bidet from brooklyn!,neither,0.04079557052152802,0.30759270029461827,0.6516117291838538
Bidet from SC,neither,0.040737273169946825,0.30858215849491494,0.6506805683351382
Bidet from Ft. Bliss! gandsSubHype gandsSubHype gandsSubHype,neither,0.04034574383703774,0.31522743308451706,0.6444268230784452
Yaaa!,neither,0.03945320844208391,0.33037608806864915,0.630170703489267
bidet from slc Utah,neither,0.04066490145509902,0.30981049537100724,0.6495246031738937
Aaaaaand Keyleth is dead,neither,0.05431922338769539,0.32526298383878083,0.6204177927735237
hi everyone,neither,0.032490659208996964,0.4485487193596734,0.5189606214313296
k,neither,0.03945320844208391,0.33037608806864915,0.630170703489267
Bidet from San Diego,neither,0.040446282760733435,0.31352102516371877,0.6460326920755478
Excited to share tonight's fantasy escapism with everyone else watching tonight,neither,0.031156999796508437,0.3783358107240079,0.5905071894794837
"A Half-Elf once jumped off a cliff, She could become anything at her wish. After her jump, she died with a ""Thump"", 'cause her choice was ""BECOME A GOLDFISH!""",offensive_language,0.028066241621030264,0.6254498603095648,0.3464838980694049
Canadian Critters! <3 feliciaToronto gandsSCANLAN,neither,0.03945320844208391,0.33037608806864915,0.630170703489267
jsgiouhsngaiosrhawr,neither,0.03945320844208391,0.33037608806864915,0.630170703489267
:D,neither,0.03945320844208391,0.33037608806864915,0.630170703489267
"Dang it, no sponsor! I want more Sam ads!",neither,0.0393130498977787,0.33102534990916893,0.6296616001930523
woot woot,neither,0.03945320844208391,0.33037608806864915,0.630170703489267
double sound,neither,0.03945320844208391,0.33037608806864915,0.630170703489267
go nasa!,neither,0.04276165647058889,0.34190019769565555,0.6153381458337556
Sup Critters!!!,neither,0.03945320844208391,0.33037608806864915,0.630170703489267
gandsMatt gandsSubHype gandsRage,neither,0.03945320844208391,0.33037608806864915,0.630170703489267
All I want is them to pull a card,neither,0.07534804848952634,0.37703025478609176,0.547621696724382
FLASH! DEADSHOT! AND SUPERGIRL!!!,neither,0.038441359955864444,0.2773569151883754,0.6842017248557603
gandsSubHype gandsSubHype gandsSubHype,neither,0.03945320844208391,0.33037608806864915,0.630170703489267
"Bidet from Olathe, KS",neither,0.04228451509352876,0.2823214250720796,0.6753940598343917
Critical Role: The Game,neither,0.03819560203875317,0.2815365110818126,0.6802678868794343
Bidet from Clearwater!,neither,0.04228451509352876,0.2823214250720796,0.6753940598343917
HIS HAIR IS SO FLUFFY AND SOFT LOOKING,neither,0.06512636906685382,0.3307555072454023,0.6041181236877439
Yay!!!!,neither,0.03945320844208391,0.33037608806864915,0.630170703489267
They found a Gorilla Grod infinite Day 1 Kappa,neither,0.039826547910322835,0.3193697272812507,0.6408037248084266
gandsSCANLAN gandsSCANLAN gandsSCANLAN,neither,0.03945320844208391,0.33037608806864915,0.630170703489267
gandsOwl It's Thursday! gandsSubHype gandsSubHype gandsSubHype,neither,0.03752336384949593,0.3310398501182267,0.6314367860322773
heyo,neither,0.03945320844208391,0.33037608806864915,0.630170703489267
I want Laura's NASA shirt!,neither,0.03978580824121255,0.3247310014611293,0.6354831902976583
i will never get tired of hearing matt introduce critical role XD,neither,0.037749619425564006,0.34418692569870385,0.6180634548757321
"@cathrynfuller Meridian here, so basically Boise ;)",neither,0.0798501420214519,0.3352135796908704,0.5849362782876777
Just me or is the stream really smooth and pretty,neither,0.03529141449479014,0.3315695595084692,0.6331390259967408
gandsAJinSpace gandsAJinSpace gandsAJinSpace gandsAJinSpace,neither,0.03945320844208391,0.33037608806864915,0.630170703489267
yyyyyyyyaaaaaaaaaaaaaaayyyyyyyyyy!!!!!,neither,0.03945320844208391,0.33037608806864915,0.630170703489267
it was so amazing listening to talesin and liam fight in game :D,neither,0.0415262840905012,0.3047232676831253,0.6537504482263735
Bidet from Fayetteville Arkansas,neither,0.04066490145509902,0.30981049537100724,0.6495246031738937
Bidet from Indiana,neither,0.0408364874901429,0.30689823255244486,0.6522652799574122
Nerds....,neither,0.03945320844208391,0.33037608806864915,0.630170703489267
And Keyleth takes 300 points of damage and is instantly dead.,neither,0.04301596509902748,0.28475719252966997,0.6722268423713025
Ashley! So glad shes back again,neither,0.0380534401412637,0.3851954783680305,0.5767510814907058
"Every night when the cam pans across & we still have an Ashley, its a FABULOUS day hehe :D",neither,0.02831978856356848,0.3495880624268728,0.6220921490095587
Bidet from KCMO,neither,0.04228451509352876,0.2823214250720796,0.6753940598343917
SuperGirl gandsSubHype PogChamp gandsJesstatorship gandsGandsVaxSigil,neither,0.03945320844208391,0.33037608806864915,0.630170703489267
Superbirl is best girl,neither,0.03984472000489213,0.40056723783426107,0.5595880421608468
Bidet!,neither,0.03945320844208391,0.33037608806864915,0.630170703489267
"Full crew tonight, so excited. <3",neither,0.05217925818899586,0.34028334387653764,0.6075373979344664
LOL,neither,0.020706217963973744,0.4882283491876925,0.4910654328483337
ey!,neither,0.03945320844208391,0.33037608806864915,0.630170703489267
bidet from florida!,neither,0.0408948396164547,0.30590784468201904,0.6531973157015263
I wonder if all the Critical Role cast have the same agent. maybe they self-represent.,neither,0.030774403126235274,0.37950502864447494,0.5897205682292898
wow. travis.,neither,0.03945320844208391,0.33037608806864915,0.630170703489267
@lupapuella right ?!,neither,0.03719022913728602,0.3744360956046963,0.5883736752580178
checking in from white bear lake!,hate_speech,0.4325254506835109,0.4306421209040988,0.1368324284123903
IT'S THURSDAY!!!!!!!!!!!!,neither,0.03752336384949593,0.3310398501182267,0.6314367860322773
"damnit Travis, you let me down... lol",neither,0.02731241502231921,0.45772822820118947,0.5149593567764915
Bloopbee from Memphis! Glad to make another live show!,neither,0.1091622961221526,0.2056775673559162,0.6851601365219313
hello hello I am uying this game just bc you guys....NEW,neither,0.04688915675349149,0.29052154723068085,0.6625892960158275
R.I.P. Chris Cornell...,neither,0.03945320844208391,0.33037608806864915,0.630170703489267
BIDET! freedenise,neither,0.03945320844208391,0.33037608806864915,0.630170703489267
"Bidet from Colorado Springs, Colorado",neither,0.040033379144726704,0.32052907711992157,0.6394375437353517
Playing it right now :D,neither,0.03660265377723622,0.3536354572152926,0.6097618890074712
Bidet Critters!,neither,0.03945320844208391,0.33037608806864915,0.630170703489267
LEEEETTTSSS GOO,neither,0.03945320844208391,0.33037608806864915,0.630170703489267
I guess you could say Critical Role is good at... FLASHING,neither,0.05603791461573479,0.38253567180906106,0.5614264135752041
"Just learned that Liam, Taliesin, and Sam are all on FF4 DS, kain edge and edward respectively",neither,0.04426421954581112,0.3375167119608271,0.6182190684933618
It's Showtime!,neither,0.037828236809968684,0.3309349903269868,0.6312367728630445
its more protective than half the things grog wears,neither,0.03567600019210406,0.3196310309561018,0.6446929688517942
Tim Gerrick. Timmington Gerrickton,neither,0.03945320844208391,0.33037608806864915,0.630170703489267
Is Ft. Bliss still in El Paso?,neither,0.04438496103931748,0.33881273218633623,0.6168023067743462
Ashley's hair looks great tonight.,neither,0.03623488541631925,0.29647388470625013,0.6672912298774306
late?,neither,0.03945320844208391,0.33037608806864915,0.630170703489267
SQUEEEEE!,neither,0.03945320844208391,0.33037608806864915,0.630170703489267
Flash-themed Halloween costume on CR? PogChamp,neither,0.0374590956137216,0.33987809634633875,0.6226628080399398
"omg, they should all dress as their characters",neither,0.04844748916231416,0.4413168457767298,0.5102356650609562
Travis that helmet has history,neither,0.03657415253325342,0.3594946963028988,0.6039311511638478
HeyGuys,neither,0.03945320844208391,0.33037608806864915,0.630170703489267
LOLOLOL,neither,0.03945320844208391,0.33037608806864915,0.630170703489267
cotion mapture,neither,0.03945320844208391,0.33037608806864915,0.630170703489267
@MonstrosityJones I like it :),neither,0.06953449037813421,0.37815048807863416,0.5523150215432316
LUL,neither,0.03945320844208391,0.33037608806864915,0.630170703489267
"Did Travis say ""Tim Garrick?"" #NerdRage",neither,0.03945320844208391,0.33037608806864915,0.630170703489267
i need this so much tonight. TGIT,neither,0.03201661175719034,0.3529015924405937,0.615081795802216
WTF Chris Cornell died?!?!,offensive_language,0.04225110788198355,0.5729724713984551,0.38477642071956125
hype,neither,0.03945320844208391,0.33037608806864915,0.630170703489267
Bidet from Tempe AZ.,neither,0.04078317879478948,0.307803020237201,0.6514138009680096
xD,neither,0.03945320844208391,0.33037608806864915,0.630170703489267
"high fives and/or hugs to any of my fellow critters that need them. Be not afeared, today is THURSDAY!",neither,0.04131826071919409,0.4027171918902439,0.5559645473905619
Bidet from Wisconsin,neither,0.04071751644889743,0.3089174816120565,0.6503650019390461
Bidet from SD,neither,0.04228451509352876,0.2823214250720796,0.6753940598343917
FYI if you are not seeing the show refresh,neither,0.06050879836208437,0.3063463132117752,0.6331448884261405
Who else is ready for those new catchphrase meme?\,neither,0.06261615043366017,0.23301574312763726,0.7043681064387026
wow I think I want to play it now,neither,0.045264525566662085,0.3145928743128775,0.6401426001204604
Is the audio out of synch for anyone else?,neither,0.03656374106858286,0.30732837392462425,0.6561078850067927
Wait 4 of them are voice actors for the game? BOUGHTTED!,neither,0.06283659182800663,0.23479958193858988,0.7023638262334034
Yo yo yo dawgs,offensive_language,0.03991473675011491,0.4878349453521488,0.4722503178977363
KonCha Bidet everyone,offensive_language,0.02988896790634741,0.4927062106388782,0.4774048214547744
bidet,neither,0.03945320844208391,0.33037608806864915,0.630170703489267
what game is this they're talking about?,neither,0.0740161871630044,0.2821515694250292,0.6438322434119664
POOF! Ash-o-lee is here again!,neither,0.07368815362531458,0.32358089452382766,0.6027309518508577
They culd have done it for the jaw and head moevements.,neither,0.031103616748613252,0.30701922215802435,0.6618771610933624
TheRealSev he hung himself this morning,neither,0.051357487509133964,0.21553039887492426,0.7331121136159419
gandsSubHype,neither,0.03945320844208391,0.33037608806864915,0.630170703489267
BIDET,neither,0.03945320844208391,0.33037608806864915,0.630170703489267
I didn't know they were in it nows its more awesome,neither,0.025118789377987037,0.34139908785876333,0.6334821227632497
"""Which I respect either way"" - Matt Mercer 2017",neither,0.03953194670619158,0.33103543215508496,0.6294326211387236
"Oh god Why am I late, what did I miss!",neither,0.032700332066942756,0.30313958247649603,0.6641600854565611
wait - MATT ISN'T WEARING AN OVERSHIRT gandsNopeNopeNope gandsNopeNopeNope gandsNopeNopeNope gandsNopeNopeNope gandsNopeNopeNope gandsNopeNopeNope gandsNopeNopeNope gandsNopeNopeNope gandsNopeNopeNope gandsNopeNopeNope gandsNopeNopeNope gandsNopeNopeNope gandsNopeNopeNope gandsNopeNopeNope gandsNopeNopeNope gandsNopeNopeNope gandsNopeNopeNope,neither,0.039710431323055656,0.32601034448033234,0.634279224196612
who does mercer play?,offensive_language,0.02407876627591222,0.5469397555351363,0.4289814781889515
"bidet & meep meep from Birmingham, AL",neither,0.04724196013466046,0.19818064482348735,0.7545773950418522
Bidet,neither,0.03945320844208391,0.33037608806864915,0.630170703489267
grog as jay gerrig.,neither,0.03682472374635547,0.37498833315358643,0.588186943100058
"The Blindspot finale was great, Ashley was amazing. :D",neither,0.03756224752383646,0.3068160560937346,0.6556216963824291
"You really don't understand trash talk, do you?",neither,0.05202107034305233,0.21411316064991073,0.7338657690070369
Audio sync seems fine here,neither,0.07508242413143795,0.3005160566379015,0.6244015192306605
what game,neither,0.048267001891791506,0.2552415477029018,0.6964914504053068
Bidet with Dickbutt on the Forehead! XD,neither,0.024476953596136615,0.3685680363431053,0.6069550100607581
@xRinger28 just started,neither,0.032803472495977,0.36242220823605287,0.6047743192679701
BIDET from Phoenix!,neither,0.04066490145509902,0.30981049537100724,0.6495246031738937
bidet bidet bidet bidet,neither,0.03945320844208391,0.33037608806864915,0.630170703489267
just fucking with him,offensive_language,0.06579797551794833,0.9341501230147582,5.1901467293501776e-05
@GeekandSundry to much Orange light,neither,0.04178540230626662,0.32793109725232655,0.6302835004414069
What game were they talking about?,neither,0.04302428129580221,0.2917594208097361,0.6652162978944617
what game were they talking about?,neither,0.04302428129580221,0.2917594208097361,0.6652162978944617
My audio is fine,neither,0.035055194286370855,0.40718579090413987,0.5577590148094892
What game did they say?,neither,0.04487464601525333,0.28012888342327386,0.6749964705614728
...and it will be dead in 2 months just like every other NRS game Kappa,neither,0.041934223195200834,0.28845075169580087,0.6696150251089983
Big fan of Jay Garrick. Who does Matt play?,offensive_language,0.02178123801420509,0.49086391819938013,0.48735484378641464
injustice is great and now it better cuz i didnt know they voiced acted fr it.,neither,0.040424155494712045,0.29853789404188114,0.6610379504634069
yeah a 100 dollor game gandsRage,neither,0.022080374448818853,0.4064480343378808,0.5714715912133004
What game is it? I missed the VO game info!,neither,0.04652773018644349,0.2613705420726717,0.6921017277408847
Bidet from NC!,neither,0.04066490145509902,0.30981049537100724,0.6495246031738937
@Dicebar injustice 2,neither,0.03945320844208391,0.33037608806864915,0.630170703489267
bidet from VA!,neither,0.04066490145509902,0.30981049537100724,0.6495246031738937
bidet from Seattle,neither,0.040754399270683486,0.3082914838698526,0.650954116859464
gandsCrit gandsCrit gandsCrit gandsCrit,neither,0.03945320844208391,0.33037608806864915,0.630170703489267
Bidet from Atlanta!,neither,0.04078317879478948,0.307803020237201,0.6514138009680096
injustice 2,neither,0.03945320844208391,0.33037608806864915,0.630170703489267
bidet from SC,neither,0.040737273169946825,0.30858215849491494,0.6506805683351382
@IrisStorm injustice 2,neither,0.03945320844208391,0.33037608806864915,0.630170703489267
They were talking about Injustice 2,neither,0.03837124096704393,0.33514214922783375,0.6264866098051223
Momocon!,neither,0.03945320844208391,0.33037608806864915,0.630170703489267
matt plays headshot!,neither,0.03945320844208391,0.33037608806864915,0.630170703489267
Bidet from ATX,neither,0.04228451509352876,0.2823214250720796,0.6753940598343917
matt said he played Deadshot,neither,0.044461294964484435,0.3286535774647706,0.626885127570745
Injustice 2,neither,0.03945320844208391,0.33037608806864915,0.630170703489267
inusice 2,neither,0.03945320844208391,0.33037608806864915,0.630170703489267
matt plays Deadshot,neither,0.03945320844208391,0.33037608806864915,0.630170703489267
MOMOCON! gandsSubHype gandsSubHype gandsSubHype,neither,0.03945320844208391,0.33037608806864915,0.630170703489267
Bidet from Chicago!,neither,0.04078317879478948,0.307803020237201,0.6514138009680096
Bidet from Maryland,neither,0.04066490145509902,0.30981049537100724,0.6495246031738937
If you are having audio issues try a refresh,neither,0.04978867075426915,0.3661014364107637,0.5841098928349673
bidet from the hospital in ATX,neither,0.0395995936870194,0.2924500003145281,0.6679504059984525
"I really hope I can make AKon this year; I'm having knee surgery this Monday, so I'm not sure...",neither,0.05258770479262869,0.3700276585712724,0.5773846366360988
no more submissive emails,neither,0.0402779615183694,0.33395722610782247,0.625764812373808
gandsLessthanthree gandsLessthanthree lov this show,neither,0.05525129794858708,0.25468865488614195,0.6900600471652708
Bidet from Tennessee~,neither,0.04071751644889743,0.3089174816120565,0.6503650019390461
#NeverAlpha,neither,0.03945320844208391,0.33037608806864915,0.630170703489267
"What game were the talking about, i missed it.",neither,0.040488861742936456,0.2866364981945735,0.67287464006249
damn thats a lot of subscribes,offensive_language,0.04483992309671823,0.8412935606403038,0.11386651626297789
"well, we all submit to critical role !",neither,0.04643399412742606,0.38758605074455765,0.5659799551280162
@IrisStorm Injustice 2,neither,0.03945320844208391,0.33037608806864915,0.630170703489267
gandsSubHype gandsSubHype gandsSubHype,neither,0.03945320844208391,0.33037608806864915,0.630170703489267
does matt sound sick to anyone else?,neither,0.03305149025370904,0.41997201293818104,0.54697649680811
@Kaosclear injustice 2,neither,0.03945320844208391,0.33037608806864915,0.630170703489267
"er, I always play with the sound off... I didn't realize.",neither,0.021856668241494667,0.4235399375448339,0.5546033942136714
SUBMIT SMOrc,neither,0.03945320844208391,0.33037608806864915,0.630170703489267
Bidet from NJ!,neither,0.04069404815304118,0.30931579984010865,0.6499901520068502
Bidet from Seattle!,neither,0.040754399270683486,0.3082914838698526,0.650954116859464
Gen Con!!,neither,0.03945320844208391,0.33037608806864915,0.630170703489267
injustice 2 picking it up tomorrow,neither,0.036404116213968406,0.37075618730363297,0.5928396964823986
bidet from Maryland,neither,0.04066490145509902,0.30981049537100724,0.6495246031738937
"INjustice 2; Matt is Deadshot, Talisan is Barry Allen, Travis is Jay Garrick, Liam is Reverse Flash and Laura is Supergirl",neither,0.055909599989086914,0.3094240334049969,0.6346663666059162
yay!,neither,0.03945320844208391,0.33037608806864915,0.630170703489267
@magicalanimecat welcome back!,neither,0.03945320844208391,0.33037608806864915,0.630170703489267
Yes A-kon!!! Ill see you there matthew mercer :),neither,0.05220857865308145,0.3294238773632825,0.6183675439836361
bidet from West Virginia!,neither,0.040483118966379954,0.3128958186190612,0.646621062414559
Submit!,neither,0.03945320844208391,0.33037608806864915,0.630170703489267
Bidet,neither,0.03945320844208391,0.33037608806864915,0.630170703489267
Anyone know why Critrole.com was suspended?,neither,0.030973049107720495,0.34348162651316594,0.6255453243791135
RIP Christopher Kernel... I'll miss you getting stuck in my teeth. for real though tears great social loss,neither,0.02970123375285349,0.43560141037383765,0.5346973558733089
"Bidet from Ozark, AL.",neither,0.04724196013466046,0.19818064482348735,0.7545773950418522
bidet from netherlands <3,neither,0.04066490145509902,0.30981049537100724,0.6495246031738937
"Bidet from Leeds, Maine",neither,0.04069404815304118,0.30931579984010865,0.6499901520068502
Mat should have been in the suicide squad movie,neither,0.047446381723512114,0.32538533827563426,0.6271682800008535
"wish I could go to a con again, its been forever",neither,0.038685592434564244,0.35706311411206487,0.604251293453371
noooooooooooooooooooooooooooooooo,neither,0.03945320844208391,0.33037608806864915,0.630170703489267
:(,neither,0.03945320844208391,0.33037608806864915,0.630170703489267
gandsGandsVaxSigil gandsGandsVaxSigil gandsGandsVaxSigil gandsGandsVaxSigil gandsGandsVaxSigil,neither,0.03945320844208391,0.33037608806864915,0.630170703489267
And Ashley's on TMNT,neither,0.0354167654620201,0.30013721723911174,0.6644460172988682
"@RuneTree284 Well,there aresomething like 26000 subscribers. On average there should be around 72 Resubs a day :P",neither,0.05266484961235234,0.306796572211552,0.6405385781760957
which game did she say,neither,0.03989059878406853,0.367196129419558,0.5929132717963734
"@gayskelington Thanks! I couldn't sub for a while cuz I had no money, but now I do~",neither,0.032929492521232506,0.31589520823386874,0.6511752992448987
FeelsBadMan,neither,0.03945320844208391,0.33037608806864915,0.630170703489267
Battle Royale?,neither,0.03945320844208391,0.33037608806864915,0.630170703489267
"Sam will DM, only d4's and only punching",neither,0.03980928920909866,0.2868735723675983,0.673317138423303
SWEET,neither,0.03945320844208391,0.33037608806864915,0.630170703489267
PogChamp,neither,0.03945320844208391,0.33037608806864915,0.630170703489267
ooooh,neither,0.03945320844208391,0.33037608806864915,0.630170703489267
:o,neither,0.03945320844208391,0.33037608806864915,0.630170703489267
Yes!,neither,0.03945320844208391,0.33037608806864915,0.630170703489267
100th episode?,neither,0.03945320844208391,0.33037608806864915,0.630170703489267
BATTLE ROYALLLLLLLLLLLLLLL,neither,0.03945320844208391,0.33037608806864915,0.630170703489267
cool,neither,0.03945320844208391,0.33037608806864915,0.630170703489267
whaaaaas,neither,0.03945320844208391,0.33037608806864915,0.630170703489267
yuss,neither,0.03945320844208391,0.33037608806864915,0.630170703489267
YES,neither,0.03945320844208391,0.33037608806864915,0.630170703489267
OOOOOOOOH YESSSSSSSS,neither,0.03945320844208391,0.33037608806864915,0.630170703489267
PogChamp,neither,0.03945320844208391,0.33037608806864915,0.630170703489267
YES!!!!!!!!!!!!!!!!!!!!!!!!!!!!!!!!!!!!,neither,0.03945320844208391,0.33037608806864915,0.630170703489267
fuck yeah,offensive_language,0.10370730243492932,0.8962908387340361,1.8588310345579474e-06
"Yes, please!",neither,0.03945320844208391,0.33037608806864915,0.630170703489267
AHHHHHHHHHH,neither,0.03945320844208391,0.33037608806864915,0.630170703489267
Battle Royale!!!!,neither,0.03945320844208391,0.33037608806864915,0.630170703489267
Hell yeah Battle Royal!,offensive_language,0.02831326699098185,0.7087209991391852,0.26296573386983285
BATTLE ROYAL!!!!,neither,0.03945320844208391,0.33037608806864915,0.630170703489267
ohh snap,neither,0.03945320844208391,0.33037608806864915,0.630170703489267
Hello everybody,neither,0.03945320844208391,0.33037608806864915,0.630170703489267
woot,neither,0.03945320844208391,0.33037608806864915,0.630170703489267
omfg,neither,0.03945320844208391,0.33037608806864915,0.630170703489267
OOH!,neither,0.03945320844208391,0.33037608806864915,0.630170703489267
AWESOME!!!,neither,0.03945320844208391,0.33037608806864915,0.630170703489267
WOOOO,neither,0.03945320844208391,0.33037608806864915,0.630170703489267
Yooooo!,neither,0.03945320844208391,0.33037608806864915,0.630170703489267
PogChamp Kreygasm battle royal,neither,0.03945320844208391,0.33037608806864915,0.630170703489267
Fuckin sick,offensive_language,0.0799444006076737,0.9184144972910303,0.0016411021012960128
yassss,neither,0.03945320844208391,0.33037608806864915,0.630170703489267
That will end well,neither,0.03662472380099418,0.35088464419353405,0.6124906320054717
Yes!!!,neither,0.03945320844208391,0.33037608806864915,0.630170703489267
omg another battle royale... hell yeah,offensive_language,0.05693695911434545,0.6746627249124424,0.2684003159732122
WHAT DID I MISS,neither,0.03686804772469507,0.32860615125000875,0.6345258010252961
nice,neither,0.03945320844208391,0.33037608806864915,0.630170703489267
yessssss,neither,0.03945320844208391,0.33037608806864915,0.630170703489267
FIGHT TO THE DEATH MY PUPPETS!!!,neither,0.0339108114486836,0.38343027812384645,0.58265891042747
yus!!!!!!,neither,0.03945320844208391,0.33037608806864915,0.630170703489267
Scanlan vs Tarry,neither,0.03945320844208391,0.33037608806864915,0.630170703489267
the dragon murders everything,neither,0.03847211867845228,0.31238633660048487,0.6491415447210628
bidet,neither,0.03945320844208391,0.33037608806864915,0.630170703489267
gandsSCANLAN gandsSCANLAN gandsSCANLAN gandsSCANLAN gandsSCANLAN,neither,0.03945320844208391,0.33037608806864915,0.630170703489267
Yes. Marisha goes dragon,neither,0.03945320844208391,0.33037608806864915,0.630170703489267
Kiki a golden god tho,neither,0.03546204635277401,0.3393211738927451,0.625216779754481
keyleth boudda wreck everyone,neither,0.033150721055476395,0.4373457472007673,0.5295035317437563
"HES,",neither,0.03945320844208391,0.33037608806864915,0.630170703489267
Keyleth will destroy everyone in a battle royals,neither,0.04407809490169415,0.25187969485721357,0.7040422102410921
loot hype,neither,0.03945320844208391,0.33037608806864915,0.630170703489267
oh man please bring back Scanlan just for the fight,neither,0.03414335560504032,0.31699691872429786,0.6488597256706617
