text,top_class,hate_speech,offensive_language,neither
Hello woild!,neither,0.03945320844208391,0.33037608806864915,0.630170703489267
darn... no matt tonight,neither,0.03672474779250764,0.3234377871189444,0.639837465088548
"This week May 25th is Battle Royale III. The week after, June 1st, is episode 99 with Special Guest :Jon Heder : from Napoleon Dynamite & Blades of Glory and June 8th will be Episode 100, have your party hats ready!",neither,0.056720594081621584,0.30293480015246577,0.6403446057659126
"yay, Stakler Cam is live",neither,0.05084559892737424,0.3264577225758279,0.6226966784967979
"If you would like to watch the previous Critical Role: Battles Royal, in order to be up to speed for next week. They are Critical Role Q & A and Battle Royale! http://geekandsundry.com/critical-role-qa/ And Critical Role Q & A and Battle Royale: Take II! http://geekandsundry.com/critical-role-qa-and-battle-royale-take-ii/ Who will take it! Who’s skills will reign supreme?!",neither,0.04381284878104903,0.2926205401557488,0.6635666110632021
*Stalker,neither,0.03945320844208391,0.33037608806864915,0.630170703489267
hrpgHeyo @Dragonchrome :),neither,0.03945320844208391,0.33037608806864915,0.630170703489267
O yeah! Battle Royale is this week! *squees like fangirl*,neither,0.037667365280795645,0.4414249490015057,0.5209076857176987
snerk,neither,0.03945320844208391,0.33037608806864915,0.630170703489267
geekandsundry is online. RevloBot is now tracking loyalty.,neither,0.05157974116510514,0.3262052173957376,0.6222150414391574
Is there anything special planned for 100th episode?,neither,0.06381962726544506,0.26740142908759673,0.6687789436469581
bidet,neither,0.03945320844208391,0.33037608806864915,0.630170703489267
"That's Mercer behind the fence, I bet anything",neither,0.03584947643352379,0.34982431571610256,0.6143262078503737
yeah.... TPK ;),offensive_language,0.013968601452186464,0.5182923869769311,0.4677390115708824
who's gonna be on tonight's talks machina? I forgot,neither,0.0348022523143771,0.4105802135888073,0.5546175340968157
The Matt in the Hat,neither,0.03791361736308053,0.3016318900275478,0.6604544926093716
Show starts at 10est right?,neither,0.053546827723257105,0.2952136821562009,0.651239490120542
100th episode there will be ....things......stuff,neither,0.04083461948644522,0.27905207674037474,0.68011330377318
lol @stinkerbell13,neither,0.020706217963973744,0.4882283491876925,0.4910654328483337
The elves...,neither,0.03843498882663835,0.31168514531390124,0.6498798658594604
stuff...and thangs,neither,0.03869921217274217,0.29242018479681436,0.6688806030304435
oh yea,neither,0.046804910670892125,0.2635056757852452,0.6896894135438627
TALKS MACHINA at 7pm Pacific,neither,0.03873809723113231,0.3521495033941839,0.6091123993746838
!clock,neither,0.03945320844208391,0.33037608806864915,0.630170703489267
It is currently 6:35 PM at the Geek & Sundry studio in California.,neither,0.052375096518378066,0.32951951266350976,0.6181053908181122
Talks Machina is on every Tuesday 7pm - 8pm PDT http://www.wheniscriticalrole.com/talksmachina,neither,0.04000392966313582,0.27734818689170626,0.6826478834451579
"Matt as Wilson from ""home improvement""",neither,0.03880258006935143,0.3414189495586648,0.6197784703719837
Hi all,neither,0.0423466876598404,0.4436528871510691,0.5140004251890904
Hi @postdataest :),neither,0.03945320844208391,0.33037608806864915,0.630170703489267
:),neither,0.03945320844208391,0.33037608806864915,0.630170703489267
Bidet,neither,0.03945320844208391,0.33037608806864915,0.630170703489267
"The new email to submit your FanArt and Gif of the Week submissions is 'submit@talksmachina.com'. Before 9am PDT next Tuesday, Submit away! #TalksMachina #CriticalRole",neither,0.060275303923021564,0.27363781321217256,0.6660868828648059
bidet y'all <3,offensive_language,0.046917543854519406,0.6277741405869331,0.3253083155585475
"wait wow, they have the stream up even tho it's in 25 minutes? :o ""coming up""",neither,0.032774565087881166,0.39470375736911933,0.5725216775429994
Bidet,neither,0.03945320844208391,0.33037608806864915,0.630170703489267
bidet,neither,0.03945320844208391,0.33037608806864915,0.630170703489267
If you need a recap on what has happened in the previous episode head to http://www.projectderailed.com/critical-role/,neither,0.03758964601665497,0.3229529441392944,0.6394574098440506
Beep to beep beep,neither,0.08141052394132535,0.3085008144527792,0.6100886616058954
Bidet!,neither,0.03945320844208391,0.33037608806864915,0.630170703489267
Bidet,neither,0.03945320844208391,0.33037608806864915,0.630170703489267
"Hey, I love StalkerCam",neither,0.03505098926354159,0.35117654061661857,0.6137724701198397
beep beep,neither,0.03945320844208391,0.33037608806864915,0.630170703489267
"MomoCon at The Georgia World Congress Centre : Atlanta May 25th to 28thMatt, Marisha, Taliesin and Brian W. Foster will be attending. Check the Con Schedule for panel & signing times. http://www.momocon.com/schedule/",neither,0.03840675719680921,0.25714877885816095,0.7044444639450299
we might even see a fish,neither,0.03939717180550506,0.33132717603536005,0.6292756521591348
"A-Kon - June 8 - 11 Fort Worth Convention Center Texas. Matthew Mercer will be attending, Check the Con Schedule for panel and signing times https://www.a-kon.com/ for more information",neither,0.036043064401153395,0.28259815435471025,0.6813587812441363
Fish dead,neither,0.04068916722313058,0.30939864195890365,0.6499121908179659
EleGiggle,neither,0.03945320844208391,0.33037608806864915,0.630170703489267
Matt wilson,neither,0.03945320844208391,0.33037608806864915,0.630170703489267
"It's true! Live #TalksMachina panel at GenCon on Friday, August 18th from 4-5pm! https://www.gencon.com/events/112900",neither,0.03957765479668186,0.338167533379654,0.6222548118236642
nuuuu,neither,0.03945320844208391,0.33037608806864915,0.630170703489267
gandsSCANLAN,neither,0.03945320844208391,0.33037608806864915,0.630170703489267
the fish is sleeping with the fishes,neither,0.03579472597475059,0.31991111098701447,0.6442941630382348
"""WILSON.... YOU THERE?""",neither,0.06077641286586168,0.3293414059574335,0.6098821811767048
At least the couch isn't staring into our souls this time,neither,0.03778749645177087,0.3465953705720863,0.6156171329761428
Gencon seems sooo far away,neither,0.04062614692984262,0.31046826080585965,0.6489055922642977
I love how stalker cam is on the tv aswell,neither,0.0400653312690363,0.3356629494781807,0.624271719252783
i spy with my little eye a 5inch clock!,neither,0.02829901666540869,0.4222396520101839,0.5494613313244073
hello hello hello,neither,0.03945320844208391,0.33037608806864915,0.630170703489267
yes Tim?,neither,0.03945320844208391,0.33037608806864915,0.630170703489267
StalkerCamCeption,neither,0.03945320844208391,0.33037608806864915,0.630170703489267
@codean909 Howdy Tim,neither,0.03945320844208391,0.33037608806864915,0.630170703489267
"If you are having buffering issues try the following 1) refreshing first always, 2) try dropping video quality to medium, low or mobile (mobile quality is pants but you can still hear) , 3) then try turning off html 5 and 4) try a browser like firefox",neither,0.05276843651416743,0.33935403158904154,0.6078775318967911
@StickDeath1 it will be here before you know it,neither,0.10602481732856191,0.378545743307887,0.5154294393635511
"seriously, people still use firefox?",neither,0.024504795356076817,0.441784464934221,0.5337107397097022
why is there just matts face,neither,0.029432159451454644,0.3203639821487107,0.6502038583998347
"if chrome ain't working for you, yes",offensive_language,0.017437268751504784,0.5385744503191875,0.4439882809293079
still better than IE,neither,0.03819119007367328,0.3517958333860646,0.6100129765402621
in the corner ther,neither,0.03831145552551962,0.3093391937240226,0.6523493507504577
"@dragonchrome add ""check for updates""",neither,0.0331279716511662,0.2987975784025382,0.6680744499462955
People still use Firefox because Chrome is a memory leaking POS.,neither,0.03353126443828557,0.39790362555480724,0.5685651100069071
firefox gandsFail,neither,0.03945320844208391,0.33037608806864915,0.630170703489267
home improvement joke,neither,0.03945320844208391,0.33037608806864915,0.630170703489267
is that dani?,neither,0.04384559497543054,0.3737484569973207,0.5824059480272488
@KatjeMauw will do,neither,0.0450026630396543,0.28390237408752217,0.6710949628728236
danny? idk,neither,0.03945320844208391,0.33037608806864915,0.630170703489267
i miss denise,neither,0.02789410451089843,0.33435179396025927,0.6377541015288424
me too @fenrir2578 me tooooo,neither,0.02124403432961843,0.4438282285779584,0.534927737092423
Denise has her own twitch channel now,neither,0.04869349192374391,0.47427586339957784,0.47703064467667816
I'm glad she's free but I feel the god shaped void she left behind...,neither,0.03844667712505378,0.43071379435326806,0.5308395285216783
i miss our Swedish Tech chick whose name escapes me at this present momnet,neither,0.03189682298376744,0.36499935221095137,0.6031038248052811
find her twitch channel and tell her,offensive_language,0.02964786070953207,0.542123928662516,0.42822821062795197
love the home improvement mercer,neither,0.03599360449947453,0.3274949750867836,0.6365114204137419
"A,adine",neither,0.03945320844208391,0.33037608806864915,0.630170703489267
"godsdammit, Amandine",neither,0.03945320844208391,0.33037608806864915,0.630170703489267
"yeah denisebrr, im already a follower for her",offensive_language,0.017937204633770812,0.5619533000964155,0.42010949526981367
hey people.,neither,0.09396370029827988,0.3230336197608119,0.5830026799409083
Greetings Critters,neither,0.03945320844208391,0.33037608806864915,0.630170703489267
it is Denisebbr,neither,0.059603583318096655,0.32344545014120724,0.616950966540696
herp,neither,0.03945320844208391,0.33037608806864915,0.630170703489267
"I still dont know how she's doing, never got updates, hope shes ok",neither,0.05899054884155191,0.37871918414760886,0.5622902670108392
Bidet,neither,0.03945320844208391,0.33037608806864915,0.630170703489267
denise left?,neither,0.03945320844208391,0.33037608806864915,0.630170703489267
yarp,neither,0.03945320844208391,0.33037608806864915,0.630170703489267
she did...,offensive_language,0.042360109513480314,0.4958935211678997,0.46174636931861995
denise was set free,neither,0.03930970290145304,0.33281175161277204,0.6278785454857749
yeah like 2 weeks ago or more,neither,0.0331931845829331,0.4332700022391779,0.5335368131778889
erika,neither,0.03945320844208391,0.33037608806864915,0.630170703489267
off to do her own things!,offensive_language,0.06348897166261626,0.5292321109886013,0.40727891734878247
Denise's twitch if you would like to follow https://www.twitch.tv/denisebrr,neither,0.04392625255712327,0.38105985793942626,0.5750138895034504
she left 2 episodes ago i believe,neither,0.040579549912078114,0.39879873396438603,0.560621716123536
Can anyone in chat tell us how amandine is?,neither,0.08211787527717927,0.3172139481574726,0.6006681765653482
Is that Matt overlooking a fence,neither,0.04277859782770403,0.3639825254009734,0.5932388767713225
was that erika?,neither,0.030667155429851628,0.4292504569866666,0.5400823875834818
@Asariel3 she more entertaining than BWF hehe,neither,0.0417047207599902,0.3961724998265979,0.5621227794134118
pointy haaand,neither,0.03945320844208391,0.33037608806864915,0.630170703489267
I recently stumbled onto Brian Foster's music video.,neither,0.04274654512068988,0.2744795697088701,0.68277388517044
i think so@tortugadelmar,neither,0.040564643702812306,0.4056013163067219,0.5538340399904659
Hi all,neither,0.0423466876598404,0.4436528871510691,0.5140004251890904
@tortugadelmar it is,neither,0.059603583318096655,0.32344545014120724,0.616950966540696
heyo,neither,0.03945320844208391,0.33037608806864915,0.630170703489267
Why is there a pic of matt behind a fence with a hat on?,neither,0.027579260032150107,0.37650451042248656,0.5959162295453633
jonus octavian how can you not share that PM me,neither,0.04059351697383034,0.43739019679090557,0.522016286235264
Matt as the neighbor from Home Improvement,neither,0.03826016539218577,0.3304287294991496,0.6313111051086646
"ok, brb, gonna top up mah drinky drink",neither,0.03710526856124216,0.39490718716518214,0.5679875442735757
bidet by the way everyone,neither,0.03292230037069783,0.4747987058765072,0.492278993752795
bidet,neither,0.03945320844208391,0.33037608806864915,0.630170703489267
Wilson!,neither,0.03945320844208391,0.33037608806864915,0.630170703489267
pretty sure it is,offensive_language,0.03985048221628082,0.48059510591527316,0.47955441186844605
