text,top_class,hate_speech,offensive_language,neither
Huzzah,neither,0.03945320844208391,0.33037608806864915,0.630170703489267
@Ookz Yeah but the DC gets increasingly harder,neither,0.024322087778145346,0.4114221687696787,0.564255743452176
Grog will be hard to take down,offensive_language,0.03763957273714466,0.5385086763198622,0.42385175094299304
me too,neither,0.025456656249999262,0.41690574403459846,0.5576375997154023
Poor Grog gonna get kited like some raidboss,neither,0.03886502069834212,0.4268016208008264,0.5343333585008315
wheniscriticalrole.com,neither,0.03945320844208391,0.33037608806864915,0.630170703489267
yaaasss,neither,0.03945320844208391,0.33037608806864915,0.630170703489267
The Crit Art at the start has begun,neither,0.03757094389136493,0.3169004267055029,0.6455286294031323
i see CR art!,neither,0.03945320844208391,0.33037608806864915,0.630170703489267
@Zed_die ahh okay cool thanks man,neither,0.037631332849998346,0.3628807863860923,0.5994878807639094
Art is up.,neither,0.045991427074099804,0.39187272382964855,0.5621358490962516
My screen says went offline is this normal between shows,neither,0.036333429671947366,0.3844693501702584,0.5791972201577943
the battle is upon us!,neither,0.08484346139235967,0.30593563076897967,0.6092209078386607
its grog or keyleth,neither,0.02955967397367121,0.33377892824632044,0.6366613977800084
"Bidet from Wisconsin, Who is ready for a Battle Royale!!!!!",neither,0.04144575991916458,0.3368104615496453,0.6217437785311901
I put my money on a sky arena of sorts,neither,0.029360666290293793,0.40303806529668945,0.5676012684130168
"That is true, kiki with shapechange is gonna be terrifying",neither,0.03827013138254637,0.4244946361005416,0.537235232516912
fanart!,neither,0.03945320844208391,0.33037608806864915,0.630170703489267
"Help G&S make great content! $4.99/month gets you emotes, Minecraft server access, Sub Only Q&As, VODs, and more! Every sub keeps the channel alive! twitch.tv/geekandsundry/subscribe",neither,0.043092924924402844,0.32365565443818894,0.6332514206374082
@SheKnight that would just help him,neither,0.030417985306624824,0.39202158021749883,0.5775604344758763
"I don't really expect soo much from kiki... way she plays, turning into a goldfish.... I dunno..",neither,0.038637398547661544,0.3677194824575429,0.5936431189947955
@stargazer1977 Kiki could feeblemind grog BibleThump,neither,0.03945320844208391,0.33037608806864915,0.630170703489267
If all the characters were equally skilled I'd give it to Keyleth easily. Druids are broken in pvp. But I don't think Keyleth will win for obvious reasons.,neither,0.03873470121015426,0.32186561717657863,0.6393996816132672
"lmao, yeah, @xFurax Grog's gonna get kited for days.",neither,0.019589853354136315,0.45847965949114244,0.5219304871547212
the big change is that everyone has a Vestige to play around with (except Tary),neither,0.024633426512852608,0.4591496118686775,0.51621696161847
refresh,neither,0.03945320844208391,0.33037608806864915,0.630170703489267
chat room?,neither,0.03945320844208391,0.33037608806864915,0.630170703489267
"Beautiful work again this week, guys!!",neither,0.03775336856187295,0.35922680706441107,0.603019824373716
i lost htis for so long,neither,0.03228880542414103,0.3420036212185337,0.6257075733573252
?me the CRIT ART has begun REFRESH if you do not see it,neither,0.029534193451393135,0.4129159659310045,0.5575498406176023
@rachel_tensions Heyo!,neither,0.03945320844208391,0.33037608806864915,0.630170703489267
Bidet from Orlando!,neither,0.04062582848913359,0.31047366557575606,0.6489005059351104
"Ki Ki could kick ass, or she could fuck up and loose",offensive_language,0.11860535866416397,0.8770499361453028,0.004344705190533215
Kiki as a beholder would be cool to see,neither,0.044104944993027084,0.3604594820940666,0.5954355729129063
refreeeesh ppl,neither,0.03945320844208391,0.33037608806864915,0.630170703489267
"Good morning, critterinos <3",neither,0.04970930963283925,0.13564577574880146,0.8146449146183593
"@xFurax He might not get kited, he's fast.",neither,0.04760555977001753,0.33902082680937806,0.6133736134206045
the chat pooffed :O,neither,0.038248109054999424,0.30812809647739126,0.6536237944676092
"I wish I could art but NO, I'm just over here tinkering with my chainmaille.",neither,0.03698479526598773,0.42705623587367963,0.5359589688603326
"So, is Sam gonna us Sacn or Terry?",neither,0.08922409623665445,0.40407459965078857,0.506701304112557
It's a 50/50 chance tbh,neither,0.038519274053096436,0.33069731093114607,0.6307834150157575
"@raygun28 True, last time that happened was horrible.",neither,0.03565585691960504,0.37741789435626977,0.5869262487241252
Bidet from Kentucky!,neither,0.04071751644889743,0.3089174816120565,0.6503650019390461
"Any AUSSIES interested in joining the AUSSIE CRITTERS chat group, PM me before the show starts and I'll link you the invite.",neither,0.04516155298287345,0.3210972155389606,0.633741231478166
First live session ever!,neither,0.03668099446535849,0.33132957957678727,0.6319894259578543
I can't believe I missed Talks Machina this week. I just COMPLETELY forgot,neither,0.03672770905814321,0.34162444111389845,0.6216478498279583
that poor baby,neither,0.03484517063969269,0.3806573972846955,0.5844974320756118
woop,neither,0.03945320844208391,0.33037608806864915,0.630170703489267
"bidet from Houston, TX",neither,0.040501953574932,0.3125761461575217,0.6469219002675464
the CRIT ART has begun REFRESH if you do not see it,neither,0.03391521595390019,0.3880181934720752,0.5780665905740247
!wallet,neither,0.03945320844208391,0.33037608806864915,0.630170703489267
degunther1964 has 13395 coins,neither,0.03989735448983053,0.32283777050957063,0.6372648750005988
raygun28 he already is though ...,neither,0.055924623245479,0.3452913301716241,0.598784046582897
Bidet from Michigan!,neither,0.040769555981420263,0.3080342349327864,0.6511962090857933
"Bidet Critters, from San Antonio, Texas",neither,0.04031505647017286,0.3157482777878597,0.6439366657419674
Bidet and happy birthday to me,neither,0.037038623057855484,0.32519434813339265,0.6377670288087519
"@raygun28 it wouldn't change grog's character style much, he just would be forced to attack the closest target",neither,0.03955550423776763,0.33002793724761065,0.6304165585146217
bidet from NYC!,neither,0.04081748366884477,0.3072207769958956,0.6519617393352596
Bidet from Illinois :),neither,0.04069404815304118,0.30931579984010865,0.6499901520068502
Whoot!,neither,0.03945320844208391,0.33037608806864915,0.630170703489267
this is incredibly strong fanart off the bat,neither,0.04460828118545917,0.31757177057761576,0.6378199482369251
"Alpha kicked me out, said my subscription expired. :(",neither,0.025244533306171116,0.42469333109032403,0.5500621356035049
Please let my man Scanlan show up.,offensive_language,0.02399284214167069,0.4999568631371768,0.47605029472115246
Bidet!,neither,0.03945320844208391,0.33037608806864915,0.630170703489267
!wallet,neither,0.03945320844208391,0.33037608806864915,0.630170703489267
spookalot has 7714 coins,neither,0.03989735448983053,0.32283777050957063,0.6372648750005988
Bidet from Western Australia!!,neither,0.040334677536117594,0.315415257091876,0.6442500653720065
Bidet from MA,neither,0.031816597323666866,0.4599893087150652,0.5081940939612679
Bidet,neither,0.03945320844208391,0.33037608806864915,0.630170703489267
Bidet,neither,0.03945320844208391,0.33037608806864915,0.630170703489267
Just a reminder to everone that Vax and Pike aren't in this one.,neither,0.03640424572724194,0.3693463407249461,0.594249413547812
bring on the fight,neither,0.034976002787695304,0.3270697921905446,0.6379542050217599
"for all teh non subs there is a non sub chat room , if you want to hang out and chat together",neither,0.038317587158831594,0.35042924932893993,0.6112531635122286
Biddet from Richmond va,neither,0.04066490145509902,0.30981049537100724,0.6495246031738937
Tary for the win tonight!,neither,0.03042407072963682,0.2672910990226193,0.7022848302477438
tary for the win,neither,0.030459681658036572,0.27089736810521176,0.6986429502367517
bidet from Iceland!!,neither,0.04228451509352876,0.2823214250720796,0.6753940598343917
Bidet from NY,neither,0.04084513770590474,0.30675141581570226,0.6524034464783931
Bidet from Attleboro Massachusetts,neither,0.04069404815304118,0.30931579984010865,0.6499901520068502
Percy with action surge can straight up kill any other character in his first round. Which he's likely to do because high initiative.,neither,0.12989391619599613,0.3536266259581102,0.5164794578458937
Refresh Your Screens!!!!,neither,0.0780690733417637,0.3196259537601841,0.6023049728980522
There is the art ~,neither,0.04790084497692196,0.26448925065176904,0.687609904371309
"@ARabidBunnyy He goes to 0 and is unconscious, it happened in the Underdark.",neither,0.052912235280401294,0.28498042916944466,0.6621073355501541
"It depends on if Matt lets Vax hide in the ""arena"" they are in. Otherwise his damage is not on par with the others.",neither,0.04194724879456477,0.354395190451838,0.6036575607535972
!wallet,neither,0.03945320844208391,0.33037608806864915,0.630170703489267
remiel_gaming has 7330 coins,neither,0.03989735448983053,0.32283777050957063,0.6372648750005988
#TeamTrinket,neither,0.03945320844208391,0.33037608806864915,0.630170703489267
Bidet!,neither,0.03945320844208391,0.33037608806864915,0.630170703489267
Bidet form NJ,neither,0.03945320844208391,0.33037608806864915,0.630170703489267
Except Grog,neither,0.03945320844208391,0.33037608806864915,0.630170703489267
"Just finished the last session of my year and a half long campaign, now its time for some CR.",neither,0.023499930417707624,0.3540257500458627,0.6224743195364296
my moneys on kiki with terry as a close wildcard,offensive_language,0.01623654743331961,0.5014582450189086,0.4823052075477719
Bidet from Tulsa Oklahoma,neither,0.04066490145509902,0.30981049537100724,0.6495246031738937
Bidet from AZ,neither,0.04078317879478948,0.307803020237201,0.6514138009680096
"I think people are underestimating Terry, he's been underlevel so far and if he's brought up to the rest, he might be quite... terry-fying",neither,0.06611802885707786,0.3465676545361226,0.5873143166067996
Bidet!!!!!!! I'm at a Con!,neither,0.03844474360375941,0.3610355132000128,0.6005197431962278
"Bidet, all, from Ozark, AL.",neither,0.05154996557325009,0.2953863703057915,0.6530636641209584
Bidet from NH,neither,0.04066490145509902,0.30981049537100724,0.6495246031738937
"this art, so low grade Kappa",neither,0.03935041928080949,0.3631007872039921,0.5975487935151985
!wallet,neither,0.03945320844208391,0.33037608806864915,0.630170703489267
burritotaquito01 has 10626 coins,neither,0.03989735448983053,0.32283777050957063,0.6372648750005988
"Bidet from VIc, Australia",neither,0.04034574383703774,0.31522743308451706,0.6444268230784452
Terry is gonna die first!,neither,0.23498340193574532,0.14444633661735498,0.6205702614468995
!critmusic,neither,0.03945320844208391,0.33037608806864915,0.630170703489267
"Bidet from Auburn, Washington! :D <3",neither,0.04038525337528278,0.3145568531088204,0.6450578935158968
The Critical Role theme song is written by Jason Charles Miller (bit.ly/CRsong ). The fan art music is Twin Elms from the Pillars of Eternity Soundtrack (youtu.be/WYMLvmilS24 ),neither,0.04451672980050135,0.3243004653192533,0.6311828048802453
"Hello Chat, we have a few minutes before Critical Role ep 98B starts. Please take the opportunity to visit the restroom, grab some drinks and snacks. Pull up a comfy chair, and get ready to watch tonight’s episode unfold. So close to the 100th episode, what a journey!",neither,0.041208732895755634,0.3364270733679688,0.6223641937362756
fuckin royal rumble!,offensive_language,0.078822236628119,0.9152799382520083,0.005897825119872783
Bidet from South Florida,neither,0.04054179852467158,0.3118998733734083,0.6475583281019202
All of the death,neither,0.0403965235317087,0.4017429506603222,0.5578605258079692
Bidet from merry old England,neither,0.04034064249676474,0.31531401614238685,0.6443453413608483
Bidet everyone! And remember to shop at Gilmore's Glorious Goods~~,neither,0.03842070899721774,0.38929014670465134,0.5722891442981309
Beep beep,neither,0.03945320844208391,0.33037608806864915,0.630170703489267
"oooo, that cyberpunk Vax",neither,0.026110925149043836,0.4791292047641166,0.4947598700868395
"Hey, Floridians! Anyone at Megacon this weekend?",neither,0.03878141633759444,0.349866588240551,0.6113519954218545
Bidet from GA,neither,0.040737273169946825,0.30858215849491494,0.6506805683351382
Bidet from Michigan!,neither,0.040769555981420263,0.3080342349327864,0.6511962090857933
@Zed_die he doesn't have a vestige.,neither,0.04659609460209337,0.3404071820299324,0.6129967233679742
"Any AUSSIES interested in joining the AUSSIE CRITTERS chat group, PM me before the show starts and I'll link you the invite.",neither,0.04516155298287345,0.3210972155389606,0.633741231478166
bidet from KC!!!,neither,0.04066490145509902,0.30981049537100724,0.6495246031738937
!wallet,neither,0.03945320844208391,0.33037608806864915,0.630170703489267
supergimpoman has 20123 coins,neither,0.03989735448983053,0.32283777050957063,0.6372648750005988
Beep beep,neither,0.03945320844208391,0.33037608806864915,0.630170703489267
PogChamp WE OUT HERE!,neither,0.11297217554866132,0.2974384286360053,0.5895893958153334
"Bidet from Ypsilanti, MI",neither,0.04081748366884477,0.3072207769958956,0.6519617393352596
Tary on to victory,neither,0.043815364049196316,0.34187292342885595,0.6143117125219477
YES! Critical role and senior skip day tomorrow,neither,0.03925005194516384,0.2980796255283044,0.6626703225265318
i need role play,neither,0.03926240656322482,0.3287783376999776,0.6319592557367976
Terry could invis and wait out people....,neither,0.06500538115619234,0.3014789290333866,0.6335156898104211
I do love the bacon speech art. :D,neither,0.037689593078892414,0.327700606688925,0.6346098002321825
"I love you all !!! Hope your day was good, but it will be better soon!!!",neither,0.12161208336384076,0.3147395620132865,0.5636483546228727
bidet from texas,neither,0.040937266849991,0.30518774380265185,0.6538749893473571
Yea I am here for a full live episdoe,neither,0.1068138874040954,0.2657379069523182,0.6274482056435863
refresh guys,neither,0.039333895611238866,0.33240113818976524,0.628264966198996
Bidet from PA,neither,0.04069404815304118,0.30931579984010865,0.6499901520068502
Queensland critter :),neither,0.03945320844208391,0.33037608806864915,0.630170703489267
Bidet from Mexico City,neither,0.04052962443717398,0.3121064994100792,0.6473638761527468
Bidet from Kansas City!,neither,0.04050054910234117,0.3125999837227694,0.6468994671748894
hello from the quad cities,neither,0.0395448221920591,0.3057376229002067,0.6547175549077343
"bidet? from RI, yes it's a place.",neither,0.04175310452861168,0.2692790775602058,0.6889678179111826
Bidet from CT,neither,0.04066490145509902,0.30981049537100724,0.6495246031738937
bidet monterey CA,neither,0.03945320844208391,0.33037608806864915,0.630170703489267
bidet from idaho,neither,0.04066490145509902,0.30981049537100724,0.6495246031738937
yay!!!!!,neither,0.03945320844208391,0.33037608806864915,0.630170703489267
Bidet,neither,0.03945320844208391,0.33037608806864915,0.630170703489267
bidet from philly,neither,0.040769555981420263,0.3080342349327864,0.6511962090857933
Very nice Pike.,neither,0.03945320844208391,0.33037608806864915,0.630170703489267
Is it Thursday yet?,neither,0.04651135664277627,0.32794846724679255,0.6255401761104311
bidet from ND,neither,0.04103702612018923,0.303494568636439,0.6554684052433717
Bidet from Oklahoma!!!!,neither,0.04066490145509902,0.30981049537100724,0.6495246031738937
Bidet from NY!,neither,0.04084513770590474,0.30675141581570226,0.6524034464783931
That Pike art which looked like FMA style was awesome,neither,0.04335374940145656,0.3693462909390419,0.5872999596595015
taking bets on whose going to win,neither,0.04097856359012142,0.3611217261101235,0.5978997102997551
"Ok, I want Goldfish Art. xD",neither,0.03960414609519489,0.32781428217947073,0.6325815717253345
"@ElcronValdune bidet, San Jose, CA",neither,0.03945320844208391,0.33037608806864915,0.630170703489267
bidet aus Texas <3,neither,0.03945320844208391,0.33037608806864915,0.630170703489267
"I wonder if matt would let Keyleth turn into a Tarrasque for this fight. I highly doubt it, but it would be hilarious",neither,0.020997436529657736,0.35701365836173754,0.6219889051086047
Bidet to all!,offensive_language,0.07037653542857761,0.5454179388470466,0.3842055257243759
Woooo,neither,0.03945320844208391,0.33037608806864915,0.630170703489267
Bidet from Brazil,neither,0.04079557052152802,0.30759270029461827,0.6516117291838538
"This will be a short ""ep"" right? Like 2h?",neither,0.04897459412836343,0.3434352748186556,0.607590131052981
"I mean, it could be worse. When Kiki hits level 20 in Druid, she can Shapechange into an Ancient Brass Dragon, which can also change shape into a different CR 20 creature. So yeah, that's a thing she can do at some point.",neither,0.03114594230277086,0.42219322931254555,0.5466608283846834
Am I still in sub?,neither,0.0383079854812215,0.34640597040969245,0.615286044109086
Hi!,neither,0.03945320844208391,0.33037608806864915,0.630170703489267
SMOrc,neither,0.03945320844208391,0.33037608806864915,0.630170703489267
Apparently,neither,0.03945320844208391,0.33037608806864915,0.630170703489267
bidet from MN,neither,0.040737273169946825,0.30858215849491494,0.6506805683351382
Bidet from KC,neither,0.04066490145509902,0.30981049537100724,0.6495246031738937
HELLO CRITTERS!,neither,0.03945320844208391,0.33037608806864915,0.630170703489267
no work tomorrow...i might make it through a full live show,neither,0.06758199160367608,0.28233299423633695,0.6500850141599869
@jadenest He still has all the crazy items he bought with his family fund tho,neither,0.04142193600696075,0.4389937000407666,0.5195843639522727
Bidet sounds looks like a dirty rank at a boy scout camp,neither,0.04490610309494867,0.35329778064246214,0.6017961162625892
All you artists make me sick with your talent.,offensive_language,0.05750770488836492,0.4754557628896516,0.46703653222198355
Bidet from Texas,neither,0.040937266849991,0.30518774380265185,0.6538749893473571
Bidet from Cleveland OH,neither,0.046455772932187056,0.25584610016936143,0.6976981268984516
@voiceofman actually for me it is 1 am on a friday :Þ,neither,0.030694717897437225,0.34783894599862164,0.6214663361039412
bidet from Canada,neither,0.04071751644889743,0.3089174816120565,0.6503650019390461
iwallet,neither,0.03945320844208391,0.33037608806864915,0.630170703489267
hey,neither,0.03945320844208391,0.33037608806864915,0.630170703489267
@Truedodger yup,neither,0.03945320844208391,0.33037608806864915,0.630170703489267
Bidet from Oklahoma!,neither,0.04066490145509902,0.30981049537100724,0.6495246031738937
Bidet bidet ^_^,neither,0.03945320844208391,0.33037608806864915,0.630170703489267
bidet from NC,neither,0.04066490145509902,0.30981049537100724,0.6495246031738937
vax for the win,neither,0.030459681658036572,0.27089736810521176,0.6986429502367517
bidet from NYC,neither,0.04081748366884477,0.3072207769958956,0.6519617393352596
i hope at the end of the campaign we get to see a lvl 20 battle royal with everyones character there,neither,0.049548330491824284,0.2745062904925813,0.6759453790155945
What's up guys?,neither,0.043215862271254034,0.40545783280931624,0.5513263049194296
Bidet!,neither,0.03945320844208391,0.33037608806864915,0.630170703489267
Bidet from Minnesota!,neither,0.04071751644889743,0.3089174816120565,0.6503650019390461
@celticfiregaming She can only transform into a monster with a CR = or lower to her level sadly,offensive_language,0.03212329782697956,0.5210376176265554,0.4468390845464651
"Bidet from TIJUANA MEXICO, where's my people?! (?)",neither,0.05548975800692787,0.3650742857016594,0.5794359562914126
!wallet,neither,0.03945320844208391,0.33037608806864915,0.630170703489267
mrskulll has 4357 coins,neither,0.03989735448983053,0.32283777050957063,0.6372648750005988
"Almost 4 am, wooo!",neither,0.039183446345508105,0.33046887162376504,0.6303476820307269
Never bet against the spell casters.,neither,0.036352703810874895,0.33062309470293566,0.6330242014861895
bidet from Kentucky,neither,0.04071751644889743,0.3089174816120565,0.6503650019390461
"Beep, beep, hello Fargo critters!",neither,0.03945320844208391,0.33037608806864915,0.630170703489267
Hello all of you beautiful critters!,offensive_language,0.06101982852182524,0.47196924289051434,0.4670109285876603
Will there be a vote to see who wins?,neither,0.046951991012408885,0.3257475965667312,0.62730041242086
watching this and the hockey game,neither,0.037670800159419746,0.24961437649281137,0.7127148233477689
I love this time when chat is readable and you arent limited,neither,0.043527888489629095,0.3843689333024965,0.5721031782078744
Bidet from philly,neither,0.040769555981420263,0.3080342349327864,0.6511962090857933
Anyone got bets?,neither,0.037492686619940235,0.40125194864654545,0.5612553647335142
Vax won't be here tonight,neither,0.09401280668492802,0.26560320043260044,0.6403839928824715
Vax is out of town,neither,0.0435691351240017,0.3480353282194581,0.6083955366565402
bidet from canada,neither,0.04071751644889743,0.3089174816120565,0.6503650019390461
Bidet from Iowa,neither,0.04069404815304118,0.30931579984010865,0.6499901520068502
bidet from ohio!,neither,0.040754399270683486,0.3082914838698526,0.650954116859464
bidet from PHX.,neither,0.04228451509352876,0.2823214250720796,0.6753940598343917
!wallet,neither,0.03945320844208391,0.33037608806864915,0.630170703489267
#dragondruid,neither,0.03945320844208391,0.33037608806864915,0.630170703489267
griff_0 has 11199 coins,neither,0.03989735448983053,0.32283777050957063,0.6372648750005988
Vax won't win unless he wins initiative. Grog can win if the ranged flying characters are taken out early. Keyleth will definitely win if she plays with half a brain.,neither,0.030920387610312135,0.373192109785895,0.5958875026037929
bidet from slc,neither,0.04228451509352876,0.2823214250720796,0.6753940598343917
Who wins tonight's free-for-all?,neither,0.033209994126149125,0.3912243015037096,0.5755657043701412
!wallet,neither,0.03945320844208391,0.33037608806864915,0.630170703489267
Bidet Brighton,neither,0.03945320844208391,0.33037608806864915,0.630170703489267
asnelling3 has 6173 coins,neither,0.03989735448983053,0.32283777050957063,0.6372648750005988
"if you are still seeing the schedule card please refresh, if all you are seeing is a black screen with a spinning wheel turn off html 5",neither,0.05936918314922039,0.410870924256125,0.5297598925946545
he said so on Talks Machina,neither,0.041850292083724684,0.3908732739583444,0.5672764339579309
"Are we at the break, or has it not started yet?",neither,0.05392390484506056,0.3031407875835441,0.6429353075713953
Is Vax in the battle... I thought Liam wasn't coming?,neither,0.04666109086492698,0.25161681345532033,0.7017220956797527
!wallet,neither,0.03945320844208391,0.33037608806864915,0.630170703489267
truedodger has 29574 coins,neither,0.03989735448983053,0.32283777050957063,0.6372648750005988
Bidet all!,offensive_language,0.046917543854519406,0.6277741405869331,0.3253083155585475
Bidet.,neither,0.03945320844208391,0.33037608806864915,0.630170703489267
!wallet,neither,0.03945320844208391,0.33037608806864915,0.630170703489267
I'm thinking Keyleth takes it this time,neither,0.03683893535739365,0.3518660784789148,0.6112949861636915
chasetornato has 72 coins,neither,0.03979708563871832,0.32453959459379406,0.6356633197674876
first time watching live,neither,0.03513206370154816,0.3516282956383994,0.6132396406600524
"Grog if he doesn't get teamed or out-mapped, but I'm rooting for a surprise Tart win",neither,0.026424200661125597,0.35835099883468857,0.6152248005041859
AYYYYYYYYY,neither,0.03945320844208391,0.33037608806864915,0.630170703489267
@Merlindoug Liam wont be there,neither,0.039746620628390926,0.2962456850811114,0.6640076942904978
Bidet and beep beep from Southern Oregon,neither,0.039617611362406456,0.28000659736281214,0.6803757912747814
"to all my ill philly residents, beep beep",neither,0.0361481731082322,0.44929898254689116,0.5145528443448766
has it started yet?,neither,0.03835165097085306,0.32355061781166217,0.6380977312174848
bidet,neither,0.03945320844208391,0.33037608806864915,0.630170703489267
!wallet,neither,0.03945320844208391,0.33037608806864915,0.630170703489267
mead_knight has 1882 coins,neither,0.03989735448983053,0.32283777050957063,0.6372648750005988
how do i send a picture to them hlep,neither,0.0640925824487252,0.31738404351767513,0.6185233740335997
Port Arthur>TEXAS<Houston,neither,0.03945320844208391,0.33037608806864915,0.630170703489267
"@endperor if you're interested in joining the AUSSIE CRITTERS chat group, PM me before the show starts and I'll link you the invite.",neither,0.049655957325395635,0.35030362209029114,0.6000404205843133
im only up to episode 81 so im glad i can watch this,neither,0.04398401167546458,0.42076295691702514,0.5352530314075102
bidet ya'll,offensive_language,0.020730940077770262,0.6929551195008575,0.2863139404213722
Bidet from South Dakota :),neither,0.04041079298828133,0.31412337922315653,0.6454658277885622
No ashley either tonight,neither,0.036423200408075784,0.32281690996936896,0.6407598896225553
I have my bets on Grpg,offensive_language,0.01731177969516595,0.5202287903236941,0.46245942998114
Vax won't be in the battle royale,neither,0.038962085784423145,0.3170715734870083,0.6439663407285686
favorite to win?,neither,0.048144074864323885,0.3253420275945227,0.6265138975411534
!wallet,neither,0.03945320844208391,0.33037608806864915,0.630170703489267
phoebebird7 has 2970 coins,neither,0.03989735448983053,0.32283777050957063,0.6372648750005988
Grog,neither,0.03945320844208391,0.33037608806864915,0.630170703489267
I wish ashley johnson would join in the music streams,neither,0.038584364012873656,0.3180562614239246,0.6433593745632018
"If you are having buffering issues try the following 1) refreshing first always, 2) try dropping video quality to medium, low or mobile (mobile quality is pants but you can still hear) , 3) then try turning off html 5 and 4) try a browser like firefox 6) check for updates",neither,0.050195238658037655,0.32965074481472284,0.6201540165272394
I look forward to some Bewitched Vex air sniping action,neither,0.038946311066355606,0.3378071712147515,0.6232465177188927
gandsOwl,neither,0.03945320844208391,0.33037608806864915,0.630170703489267
Bidet from Bethlehem PA,neither,0.04069404815304118,0.30931579984010865,0.6499901520068502
Are we taking bets?,neither,0.07863624007653539,0.2706345809957455,0.6507291789277191
!wallet,neither,0.03945320844208391,0.33037608806864915,0.630170703489267
bitmage78 has 23992 coins,neither,0.03989735448983053,0.32283777050957063,0.6372648750005988
bidet from illinois,neither,0.04069404815304118,0.30931579984010865,0.6499901520068502
!wallet,neither,0.03945320844208391,0.33037608806864915,0.630170703489267
cguvjxi has 4802 coins,neither,0.03989735448983053,0.32283777050957063,0.6372648750005988
!wallet,neither,0.03945320844208391,0.33037608806864915,0.630170703489267
emogirl0207 has 265 coins,neither,0.03989735448983053,0.32283777050957063,0.6372648750005988
LET'S GET READY TO RUMBLE!,neither,0.026624370949890105,0.37695683339807684,0.596418795652033
Bidet from the UK,neither,0.039613273355342184,0.2892653269430044,0.6711213997016535
lets go senators (from a rangers fan),neither,0.04042184270802291,0.33004471943869007,0.6295334378532871
"Bidet from Butte,mt",neither,0.04084513770590474,0.30675141581570226,0.6524034464783931
Larkin will win!,neither,0.04158557733904055,0.29418422284792994,0.6642301998130296
Bidet from South Carolina gandsTrinket,neither,0.04043176250036363,0.31376747187705417,0.6458007656225822
ah yes kima and allura,neither,0.0385137688762224,0.28175181216709594,0.6797344189566816
!wallet,neither,0.03945320844208391,0.33037608806864915,0.630170703489267
itsrileypm has 5375 coins,neither,0.03989735448983053,0.32283777050957063,0.6372648750005988
manlumps has 8012 coins,neither,0.03989735448983053,0.32283777050957063,0.6372648750005988
!wallet,neither,0.03945320844208391,0.33037608806864915,0.630170703489267
niv_stormfront has 5556 coins,neither,0.03989735448983053,0.32283777050957063,0.6372648750005988
bidet from Idaho!! Super stoked for tonight's battle royale!!,neither,0.034908148781218354,0.28933865314386525,0.6757531980749164
!wallet,neither,0.03945320844208391,0.33037608806864915,0.630170703489267
bidet all!,offensive_language,0.046917543854519406,0.6277741405869331,0.3253083155585475
!wallet,neither,0.03945320844208391,0.33037608806864915,0.630170703489267
kaninja90 has 205 coins,neither,0.03989735448983053,0.32283777050957063,0.6372648750005988
dmtbassist has 10080 coins,neither,0.03989735448983053,0.32283777050957063,0.6372648750005988
#LootCrateTerry,neither,0.03945320844208391,0.33037608806864915,0.630170703489267
Don't forget to send your FanArt and Gifs to submit@talksmachina.com before this Tuesday at 9am PDT!#CriticalRole #TalksMachina,neither,0.05924540257528432,0.3462163645068212,0.5945382329178944
@jadenest Liam is out of town,neither,0.04222866093437534,0.3425388891037024,0.6152324499619224
grog,neither,0.03945320844208391,0.33037608806864915,0.630170703489267
Will there be a vote to see who wins?,neither,0.046951991012408885,0.3257475965667312,0.62730041242086
!wallet,neither,0.03945320844208391,0.33037608806864915,0.630170703489267
I think Keyleth will win if she plays it smart and used forms/self healing,neither,0.02935252780033584,0.3657118652721506,0.6049356069275137
talleho has 6059 coins,neither,0.03989735448983053,0.32283777050957063,0.6372648750005988
!wallet,neither,0.03945320844208391,0.33037608806864915,0.630170703489267
killertomato84 has 8680 coins,neither,0.03989735448983053,0.32283777050957063,0.6372648750005988
Bidet all! I assume we all agree keyleth is gunna win this?!,neither,0.04751609928299787,0.4317946298836509,0.5206892708333511
!wallet,neither,0.03945320844208391,0.33037608806864915,0.630170703489267
angelcorps3 has 14932 coins,neither,0.03989735448983053,0.32283777050957063,0.6372648750005988
Bidet from Wisconsin! The land of cheese and beer one of which I can have!,neither,0.03844472713778665,0.3080510693551885,0.653504203507025
"hahah,but still, if she transfers into a dragon and get all that hitpoints on top off her hp... Hasn't she got creatureform spellcasting yet?",offensive_language,0.024509224063963476,0.6030477922249851,0.3724429837110515
!wallet,neither,0.03945320844208391,0.33037608806864915,0.630170703489267
elektroschnitz3l has 17048 coins,neither,0.03989735448983053,0.32283777050957063,0.6372648750005988
Bidet from Utah,neither,0.04066490145509902,0.30981049537100724,0.6495246031738937
!wallet,neither,0.03945320844208391,0.33037608806864915,0.630170703489267
haha19996 has 834 coins,neither,0.03989735448983053,0.32283777050957063,0.6372648750005988
I hope the broom gets destroyed just for this one episode Kreygasm,neither,0.05004703316186856,0.2658246241386339,0.6841283426994975
!wallet,neither,0.03945320844208391,0.33037608806864915,0.630170703489267
venthrithar has 2417 coins,neither,0.03989735448983053,0.32283777050957063,0.6372648750005988
hey chat!@,neither,0.03945320844208391,0.33037608806864915,0.630170703489267
"bidet from Maryland, where our weather can't make up it's mind for even a day",neither,0.03494050176889796,0.3095745580898159,0.655484940141286
@snakeyboy_games the CRIT ART at the staart is on now,neither,0.04171027256407194,0.33285312718572707,0.6254366002502011
!wallet,neither,0.03945320844208391,0.33037608806864915,0.630170703489267
gaamactv has 6930 coins,neither,0.03989735448983053,0.32283777050957063,0.6372648750005988
I def think that keyleth is gonna win,neither,0.04237760747366805,0.3993193254118231,0.5583030671145089
"First time watching critical role live and my favorite character won't be there ._,",neither,0.031003510100079675,0.34363299241904116,0.6253634974808792
!wallet,neither,0.03945320844208391,0.33037608806864915,0.630170703489267
jdogthejoker has 74 coins,neither,0.03989735448983053,0.32283777050957063,0.6372648750005988
!wallet,neither,0.03945320844208391,0.33037608806864915,0.630170703489267
Bitet from VA,neither,0.04066490145509902,0.30981049537100724,0.6495246031738937
hobbster_ has 33543 coins,neither,0.03989735448983053,0.32283777050957063,0.6372648750005988
I bet 500 coins on Keyelth,neither,0.03716812677735489,0.3412946437252314,0.6215372294974136
Grog is going to win unless they focus him down with some high damage shit,offensive_language,0.043617058069725864,0.9225723593050259,0.033810582625248206
bidet from alabama,neither,0.04078317879478948,0.307803020237201,0.6514138009680096
"Liam and Ashley will not be here, so it's Tary, Vex, Percy, Grog and Kiki",neither,0.06161555724228785,0.2785446863043755,0.6598397564533366
I'm hoping for Grog,neither,0.032394040647179684,0.29515229457236625,0.6724536647804541
!wallet,neither,0.03945320844208391,0.33037608806864915,0.630170703489267
dragonspeaker14 has 3628 coins,neither,0.03989735448983053,0.32283777050957063,0.6372648750005988
WutFacePike,neither,0.03945320844208391,0.33037608806864915,0.630170703489267
!walllet,neither,0.03945320844208391,0.33037608806864915,0.630170703489267
Hamilton / Critical Role Demo & Announcement video : https://www.youtube.com/watch?v=GWs00B_wd1k,neither,0.04528083729970929,0.28128489285281905,0.6734342698474718
!wallet,neither,0.03945320844208391,0.33037608806864915,0.630170703489267
There is all the coins coming form?,neither,0.04583032280694701,0.33272175030062884,0.6214479268924242
shadowedhuman13 has 2886 coins,neither,0.03989735448983053,0.32283777050957063,0.6372648750005988
Any Quad City Critters nice to see you ^_^,neither,0.05879170602371848,0.3627978917820079,0.5784104021942736
I wonder if there's been any trash talking between Travis and Laura this past week. ;),neither,0.030285062227734035,0.2129120688619839,0.756802868910282
¡wallet,neither,0.03945320844208391,0.33037608806864915,0.630170703489267
Twitch is very sensitive to any disconnections on the user side,neither,0.04234551540029838,0.3462951920180554,0.6113592925816462
bidet and beep beep guys,neither,0.03803521725101419,0.2657987896956795,0.6961659930533063
hype,neither,0.03945320844208391,0.33037608806864915,0.630170703489267
will there be a q and a? or just battle royale?,neither,0.036205757329777544,0.25817177332252417,0.7056224693476982
300 coins on grog,neither,0.036800186857629265,0.3430971441712228,0.6201026689711479
grog will reign!,neither,0.04101389395963087,0.30388718177124274,0.6550989242691264
so whos in the battle royale,neither,0.03855417995852333,0.3547227100353566,0.60672311000612
hi hat,neither,0.03945320844208391,0.33037608806864915,0.630170703489267
"Hamilton / Critical Role Musical Audition Information link , good luck to those auditioninghttps://docs.google.com/document/d/1gogW6Bjd94EJ_-DWe9zKIUZeiQR9baUuRqDL4s7Tsqo/edit#",neither,0.05096788739552741,0.3009637438479158,0.6480683687565568
Grog is a monster. The better deal with him asap,neither,0.035773080196212295,0.34450998755189727,0.6197169322518903
our first live stream 🙂,neither,0.0367382684123819,0.33130988044007453,0.6319518511475435
8CHAT,neither,0.03945320844208391,0.33037608806864915,0.630170703489267
I suggest connecting to ethernet if you can,neither,0.0397149015325627,0.40777252033204553,0.5525125781353918
was there an episode last wee?,neither,0.039537741302762275,0.29399243003743475,0.666469828659803
@TootheMAXX So you're either lactose intolerant or <21?,neither,0.06433250092708065,0.37237470886643315,0.563292790206486
I wonder if Grog gets access to the entire bag of holding,neither,0.03263981353975291,0.32151132721317904,0.6458488592470679
I'm curious to see what level 17 Tary can do,neither,0.05010663203517163,0.3207814234943759,0.6291119444704525
We all know the ultimate winner is the lava,neither,0.044501781161576937,0.3526311772394491,0.602867041598974
I am still wishing Sam would break out Scanlon for this,neither,0.0316496802754594,0.32879335347221966,0.6395569662523211
"@niv_stormfront Yeah I misread True Polymorph just a second ago, thought it could be any creature, my bad xD",neither,0.023816911023236898,0.3943674479915188,0.5818156409852443
"bidet from Corvallis, Oregon",neither,0.04071751644889743,0.3089174816120565,0.6503650019390461
the art is fantastic as always. I think I really just enjoy listening to the music with the art running like this.,neither,0.03980034217204154,0.37142299138204327,0.5887766664459152
!wallet,neither,0.03945320844208391,0.33037608806864915,0.630170703489267
bidet,neither,0.03945320844208391,0.33037608806864915,0.630170703489267
jubeisamurai444 has 12535 coins,neither,0.03989735448983053,0.32283777050957063,0.6372648750005988
!wallet,neither,0.03945320844208391,0.33037608806864915,0.630170703489267
"Bidet from Alexandria, La.",neither,0.04094187055022747,0.3051096069949388,0.6539485224548338
jace_darkmist has 1810 coins,neither,0.03989735448983053,0.32283777050957063,0.6372648750005988
I'm going to place my bet on Matt with the unexpected but inevitable Tarrasque attack for the win. :P,neither,0.024170642461674594,0.36135136613239227,0.6144779914059331
!wallet,neither,0.03945320844208391,0.33037608806864915,0.630170703489267
grizzlywhiskey has 6 coins,neither,0.03989735448983053,0.32283777050957063,0.6372648750005988
so no actual episode tonight?,neither,0.036332557910456656,0.3577364541829564,0.6059309879065868
"I love how everyone mentionas character weakpoints as counters, then Kiki's weakpoint is herself",neither,0.0368815398635257,0.43357151510100533,0.5295469450354691
"I'm betting Kiki, but I'm hoping Grog, since this is kind of his dream situation and it would mean the most to him.",neither,0.05546504828484314,0.30491164099841217,0.6396233107167446
Bidet from Ottawa!,neither,0.04228451509352876,0.2823214250720796,0.6753940598343917
"Oh, the betting has started?",neither,0.04337283680364527,0.26823555493105494,0.6883916082652998
last weeks episode was ep 98,neither,0.03937470026789943,0.3317085766745676,0.6289167230575331
Sweet,neither,0.03945320844208391,0.33037608806864915,0.630170703489267
bidet from San Francisco,neither,0.040391840503121675,0.31444505235836057,0.6451631071385178
!wallet,neither,0.03945320844208391,0.33037608806864915,0.630170703489267
woosiemcgee has 3912 coins,neither,0.03989735448983053,0.32283777050957063,0.6372648750005988
wew 6 coins!,neither,0.03945320844208391,0.33037608806864915,0.630170703489267
"If Matt played a level 17 NPC, would he bring in the Earthbreaker, Allura, Gilmore, or someone else?",neither,0.030852001028957642,0.34783757947424815,0.6213104194967943
I love how everyone already knows Vex won't win. She's so bad at combat.,offensive_language,0.03131339972802885,0.5155601207024199,0.45312647956955143
rich,neither,0.03945320844208391,0.33037608806864915,0.630170703489267
!wallet,neither,0.03945320844208391,0.33037608806864915,0.630170703489267
hulkreality has 682 coins,neither,0.03989735448983053,0.32283777050957063,0.6372648750005988
This week I celebrate my 30th year with the greatest game i have ever played. Thank you D&D!,neither,0.032995376962301766,0.393728029223201,0.5732765938144971
Bidet from England <3,neither,0.04071751644889743,0.3089174816120565,0.6503650019390461
