text,top_class,hate_speech,offensive_language,neither
gandsMatt gandsMatt gandsMatt gandsMatt gandsMatt gandsMatt gandsMatt gandsMatt gandsMatt gandsMatt gandsMatt gandsMatt gandsMatt gandsMatt,neither,0.03945320844208391,0.33037608806864915,0.630170703489267
Bidet from Mexico,neither,0.040769555981420263,0.3080342349327864,0.6511962090857933
bidet from New Cumberland,neither,0.046710622032705686,0.1542697019613409,0.7990196760059534
@35steve Bidet from Aurora :D,neither,0.04066490145509902,0.30981049537100724,0.6495246031738937
Bidet from Australia,neither,0.04062582848913359,0.31047366557575606,0.6489005059351104
50 gold on Teri,neither,0.03637456454679562,0.34519802198168936,0.618427413471515
Bidet from Minnesota,neither,0.04071751644889743,0.3089174816120565,0.6503650019390461
Bidet and beep beep from my computer.,neither,0.0274745016602655,0.35914584821943313,0.6133796501203014
bidet from atl!,neither,0.04078317879478948,0.307803020237201,0.6514138009680096
Percy to go down first?,neither,0.039380980967489126,0.3329451569340059,0.627673862098505
I'm betting best 2 of 3 fight,neither,0.03861846840745478,0.3233860824877369,0.6379954491048082
Come one ~ I've been staying up late for you guys,neither,0.02407584413995192,0.4007109779596543,0.5752131779003937
multiple San Francisco Bidets,neither,0.03945320844208391,0.33037608806864915,0.630170703489267
Bidet from NW Ohio,neither,0.04036750444974338,0.31485809869622855,0.644774396854028
bidet from alberta canada,neither,0.040354386843928725,0.3150807387011266,0.6445648744549448
"Crap I'm late bidet from Opp,Alabama",neither,0.04019320253682145,0.3178164570502579,0.6419903404129207
BIDET FROM THE LAND!,neither,0.03961817761970981,0.2881354922068792,0.6722463301734111
"Talent to the set, please!",neither,0.044563161593880414,0.3126959992024297,0.64274083920369
Bidet from LAAAAA rhyming,neither,0.04062582848913359,0.31047366557575606,0.6489005059351104
Bidet from Denmark :),neither,0.04228451509352876,0.2823214250720796,0.6753940598343917
100 gold on percy!,neither,0.037123763704913014,0.341511307079089,0.621364929215998
"We analyze their weapons, armor, and spells to discover who would win a Dungeon Battle!!!",neither,0.04245607616079905,0.337889294810931,0.6196546290282698
"Oh wait, I forgot keyleth has that 9th level spell",neither,0.040436328312754205,0.3209278580175253,0.6386358136697206
Bidet?,neither,0.03945320844208391,0.33037608806864915,0.630170703489267
puns are great,neither,0.08290991995629697,0.2220477992653699,0.6950422807783331
Bidet from the UK,neither,0.039613273355342184,0.2892653269430044,0.6711213997016535
"murder, death, kill!!!!",hate_speech,0.4112500620620217,0.17964540592067893,0.4091045320172994
"I wanna believe in Vex, but I think Keyleth will take the cake, also bidet everyone!",neither,0.03394365689203806,0.3750896929879817,0.5909666501199801
gandsSCANLAN,neither,0.03945320844208391,0.33037608806864915,0.630170703489267
Battle Royale? I think Grog has this shit,offensive_language,0.04555263258924405,0.952415758046627,0.0020316093641289134
bidet from Tennessee!!,neither,0.04071751644889743,0.3089174816120565,0.6503650019390461
Bidet from Texas!,neither,0.040937266849991,0.30518774380265185,0.6538749893473571
Bidet from sweden!,neither,0.04228451509352876,0.2823214250720796,0.6753940598343917
Bidet Iowa,neither,0.03945320844208391,0.33037608806864915,0.630170703489267
wiz voice : its time for a death battle,neither,0.030781486599084525,0.32404725048063027,0.6451712629202851
are we taking bets?!?! :D,neither,0.07863624007653539,0.2706345809957455,0.6507291789277191
gandsSubHype,neither,0.03945320844208391,0.33037608806864915,0.630170703489267
Keyleth is where I'm putting my money. That is if she doesn't perform seppuku in the first 5 minutes. lmao,neither,0.026116780321041845,0.45459624610503907,0.5192869735739191
"Battle Royale! I think Scanlan would win, but since he's not here, I think it's going to be Grog who wins.",neither,0.06633883797965837,0.35352067665376397,0.5801404853665776
"Bidet from Bridgeport, CT",neither,0.04066490145509902,0.30981049537100724,0.6495246031738937
teri casts santuary and sits in corner eating popcorn,neither,0.03887251719652954,0.3017870952767662,0.6593403875267043
it time for a DEATH BATTTTLLLLLLEEEE,neither,0.030168453626433885,0.319529238114511,0.6503023082590552
Bidet from Texas,neither,0.040937266849991,0.30518774380265185,0.6538749893473571
ßidet,neither,0.03945320844208391,0.33037608806864915,0.630170703489267
Oooohhh... can we bet our Revlo coins?,neither,0.03955584089680302,0.3286341474627028,0.6318100116404942
Bidet from DC,neither,0.0408364874901429,0.30689823255244486,0.6522652799574122
bidet from the UK,neither,0.039613273355342184,0.2892653269430044,0.6711213997016535
Bidet from O-H!!,neither,0.04228451509352876,0.2823214250720796,0.6753940598343917
please be patient folks,neither,0.03984391277921327,0.33364779588632226,0.6265082913344644
100 gold on Kiki!,neither,0.036291799049264974,0.34560853729861274,0.6180996636521222
LET'S GET READY TO RUUUUUUUMBLLLEEEE!!,neither,0.026624370949890105,0.37695683339807684,0.596418795652033
Bidet from Chattanooga,neither,0.04228451509352876,0.2823214250720796,0.6753940598343917
the vax pic is amazing... wouldn't mind having it in a large print,neither,0.040474192379351646,0.3546922723164439,0.6048335353042045
gandsSCANLAN FTW!,neither,0.03945320844208391,0.33037608806864915,0.630170703489267
Bidet from Vegas,neither,0.040853311764050625,0.30661268071637476,0.6525340075195746
Bidet.from Finland)),neither,0.04228451509352876,0.2823214250720796,0.6753940598343917
Bidet from Alabama (Georgia for momocon),neither,0.0351621909089818,0.290092819933846,0.6747449891571721
i don't think people will be gunning for percy,neither,0.059151908677714554,0.2786815676112052,0.6621665237110803
"Bidet from merrick, LI NY",neither,0.04043211762049359,0.3137614445616591,0.6458064378178473
where can i dl all this art?,neither,0.04389857461891346,0.36935799099614003,0.5867434343849465
cant keyleth just go bronze dragon and wipe everyone,neither,0.032351622745450226,0.3936491267374851,0.5739992505170648
"wait will doty go to level 17, if so that amazing.",neither,0.029831393755080978,0.4110610261705953,0.5591075800743238
gandsMatt !,neither,0.03945320844208391,0.33037608806864915,0.630170703489267
Bidet from Oregon!,neither,0.04071751644889743,0.3089174816120565,0.6503650019390461
E P I S O D E 100?!,neither,0.03945320844208391,0.33037608806864915,0.630170703489267
Bidet from New Jersey,neither,0.04458029923653559,0.209841401288464,0.7455782994750004
teri to go down first. he is two levels down.,neither,0.04990932036445638,0.3214503157471969,0.6286403638883468
"Bidet from Calgary, Alberta",neither,0.04062582848913359,0.31047366557575606,0.6489005059351104
I think the terrain will make all the differeance,neither,0.04146683321693616,0.33062526730892766,0.6279078994741363
@ANIMEniacReviews omg no...,neither,0.038132541175154265,0.35279125825536073,0.6090762005694851
Bidet from nw Ohio as well,neither,0.03871393230385746,0.34292353349132987,0.6183625342048126
I'll bet all my wallet on Grog!!,neither,0.02871875744492258,0.4841879140009143,0.48709332855416315
Love yall critters,neither,0.03262431419170817,0.39217419267282855,0.5752014931354633
Just in time!,neither,0.030301954458447782,0.39891765189907363,0.5707803936424786
Bidet from Denton Texas!,neither,0.04042489113558478,0.3138840968701843,0.6456910119942308
YAYAYA,neither,0.03945320844208391,0.33037608806864915,0.630170703489267
Bidet from Boston and Happy Birthday Liam & Laura!,neither,0.03958564843535923,0.288530564726306,0.6718837868383347
Any critters in the Norman/Oklahoma City area interested in starting a game or need a new player? I'm looking for a game to join.,neither,0.03789885242578066,0.2816640178142812,0.6804371297599381
CT represent!,neither,0.03945320844208391,0.33037608806864915,0.630170703489267
PogChamp,neither,0.03945320844208391,0.33037608806864915,0.630170703489267
Bidet from NJ gandsGrogSigil,neither,0.04069404815304118,0.30931579984010865,0.6499901520068502
Someone really needs to draw Tary's face into a Kansas album cover.,neither,0.043219955869975096,0.3281445874724405,0.6286354566575844
YAYE!,neither,0.03945320844208391,0.33037608806864915,0.630170703489267
I think either Grog or Keylth will win,neither,0.04139111582520554,0.29748474224182003,0.6611241419329744
will Keylith be able to heal herself?,neither,0.045955507665676965,0.3122934518598915,0.6417510404744314
"for keyleth's sake, lets hope there are no cliffs on the battlefield",neither,0.07752332129105294,0.18810710138630946,0.7343695773226375
Which ep was the first Battle Royale?,neither,0.033544081376667874,0.3216137735510757,0.6448421450722563
Bidet from Atlanta,neither,0.04078317879478948,0.307803020237201,0.6514138009680096
WOOOOOOOOOOO,neither,0.03945320844208391,0.33037608806864915,0.630170703489267
WOOP WOOP!,neither,0.03945320844208391,0.33037608806864915,0.630170703489267
this map....is matts most glorious creation,neither,0.04560660890695803,0.3294549897275871,0.6249384013654549
so...ne 1 watch the 100?,neither,0.043467541284442524,0.3529012927957049,0.6036311659198527
yaaaaaaaaaaay #Team GROG,neither,0.03945320844208391,0.33037608806864915,0.630170703489267
woot,neither,0.03945320844208391,0.33037608806864915,0.630170703489267
tery goes SSG,neither,0.03945320844208391,0.33037608806864915,0.630170703489267
bidet friends,neither,0.03945320844208391,0.33037608806864915,0.630170703489267
gandsSubHype gandsSubHype gandsSubHype,neither,0.03945320844208391,0.33037608806864915,0.630170703489267
Bidet!,neither,0.03945320844208391,0.33037608806864915,0.630170703489267
woot!,neither,0.03945320844208391,0.33037608806864915,0.630170703489267
man it's so up in the air!,neither,0.034613892458583546,0.4818727163265354,0.4835133912148812
wtf travis,offensive_language,0.04231805002032073,0.5786253524025317,0.3790565975771476
BIDET,neither,0.03945320844208391,0.33037608806864915,0.630170703489267
hrpgLoveyousortof hrpgLoveyousortof hrpgLoveyousortof hrpgLoveyousortof hrpgLoveyousortof hrpgLoveyousortof hrpgLoveyousortof,neither,0.03945320844208391,0.33037608806864915,0.630170703489267
yay!,neither,0.03945320844208391,0.33037608806864915,0.630170703489267
EPISODE 100 HYPE,neither,0.03945320844208391,0.33037608806864915,0.630170703489267
bidet from DFW texas!,neither,0.040937266849991,0.30518774380265185,0.6538749893473571
oh god that place looks like it has doors,neither,0.0501459003263635,0.29188395644423426,0.6579701432294022
bidet from work,neither,0.041217964622732944,0.30042357003640935,0.6583584653408577
"i'm so excited, but don't know what to expect",neither,0.04697041036318674,0.37031922538684786,0.5827103642499655
GOOO GROG!!!!! KILL THEM ALL!,hate_speech,0.46170869993901553,0.22345520763017884,0.3148360924308056
Who's the bookie taking tonight's wagers,neither,0.03675858695911017,0.3469734486712026,0.6162679643696873
Bidet from my bidet!,neither,0.020529691213657556,0.4753081716283477,0.5041621371579947
Woooo,neither,0.03945320844208391,0.33037608806864915,0.630170703489267
gandsSubHype,neither,0.03945320844208391,0.33037608806864915,0.630170703489267
what the crap lol,neither,0.03507862543374157,0.3686634810941337,0.5962578934721248
bidet from denmark!,neither,0.04228451509352876,0.2823214250720796,0.6753940598343917
lmao lovin the war paint,neither,0.03795143707865229,0.33102290845539284,0.6310256544659548
Five platinum on Grog!,neither,0.036850658468886584,0.3428491426658619,0.6203001988652516
WAR PAINT!!!!,neither,0.03945320844208391,0.33037608806864915,0.630170703489267
"Bidet from College Station, TX!!",neither,0.04032017338852271,0.31566143032936994,0.6440183962821073
WAR PAINT!,neither,0.03945320844208391,0.33037608806864915,0.630170703489267
"lol, awesome!",neither,0.02958781151373683,0.4038776379912608,0.5665345504950025
OH MY GOD TRAVIS!,neither,0.03320246271501649,0.36409577408819416,0.6027017631967895
war paint!,neither,0.03945320844208391,0.33037608806864915,0.630170703489267
WOOT!,neither,0.03945320844208391,0.33037608806864915,0.630170703489267
only s little,neither,0.038939812878327415,0.33908975064125035,0.6219704364804222
omg the warpaint,neither,0.03799319295305244,0.3031937689918349,0.6588130380551126
Trinket FTW gandsTrinketArmor gandsTrinketArmor gandsTrinketArmor,neither,0.03945320844208391,0.33037608806864915,0.630170703489267
ewegesgaggsg,neither,0.03945320844208391,0.33037608806864915,0.630170703489267
Travis is ready ahah,neither,0.04577226852239815,0.32820267354272165,0.6260250579348801
oh my god travis,neither,0.03320246271501649,0.36409577408819416,0.6027017631967895
That warpaint!,neither,0.026110925149043836,0.4791292047641166,0.4947598700868395
LEEEEEEEEEEEET's GET READY TO RUUUUUUUUUMBLE!!!!!!!,neither,0.049163276016217665,0.3374633911588397,0.6133733328249426
gandsSubHype gandsSubHype gandsSubHype gandsSubHype,neither,0.03945320844208391,0.33037608806864915,0.630170703489267
Bidet from Connecticut. First live episodeeeee!!!,neither,0.03758977335425135,0.3154876068433538,0.6469226198023948
WAR PAINT,neither,0.03945320844208391,0.33037608806864915,0.630170703489267
LOL,neither,0.020706217963973744,0.4882283491876925,0.4910654328483337
grogs gonna win,neither,0.03797750958556018,0.3985184374721887,0.563504052942251
hahahahahaha,neither,0.03945320844208391,0.33037608806864915,0.630170703489267
Battle paint GOOOOO!,neither,0.03945320844208391,0.33037608806864915,0.630170703489267
battle paint!!!!,neither,0.03945320844208391,0.33037608806864915,0.630170703489267
war paint! nice!,neither,0.03945320844208391,0.33037608806864915,0.630170703489267
they got war paint on lol,neither,0.02959490644923742,0.4308283974903617,0.5395766960604008
"MERCER, YOU BEAUTIFUL BASTARD",neither,0.057762892687449885,0.38164964648811295,0.5605874608244371
wow,neither,0.03945320844208391,0.33037608806864915,0.630170703489267
TRAVIS XD,neither,0.03945320844208391,0.33037608806864915,0.630170703489267
@zscopez123 on talks he said he believes his luck is from her and that his next level will be another Palidien level,neither,0.08991117264718244,0.3799468515407018,0.5301419758121158
THAT CAMO PAINT,neither,0.03583354786415453,0.36969959125109947,0.5944668608847459
#WarPaint,neither,0.03945320844208391,0.33037608806864915,0.630170703489267
omg travis!!!,neither,0.03945320844208391,0.33037608806864915,0.630170703489267
That war paint though,neither,0.03596631442104261,0.36823408505046085,0.5957996005284966
"Bidet from Suffolk, VA!",neither,0.04066490145509902,0.30981049537100724,0.6495246031738937
LUL travis hahahahaha,neither,0.03945320844208391,0.33037608806864915,0.630170703489267
War paint! :D,neither,0.03945320844208391,0.33037608806864915,0.630170703489267
i love the warpaint,neither,0.03145119199065299,0.32476063973837394,0.643788168270973
Travis pls,neither,0.03945320844208391,0.33037608806864915,0.630170703489267
they wearing the paint,neither,0.03852848151636828,0.3134474149443256,0.6480241035393062
THE WARPAINT!!!!!!,neither,0.03613032604487659,0.2619290779399786,0.7019405960151449
Oh snap!,neither,0.04610041286253887,0.2676795543969371,0.6862200327405242
You got this Tary!,offensive_language,0.07992678652273469,0.5679123887647478,0.35216082471251753
Battle Royale less fun with less members :(,neither,0.03282861696107295,0.3524158036066475,0.6147555794322795
War Paint!,neither,0.03945320844208391,0.33037608806864915,0.630170703489267
oh travis,neither,0.0450478101092574,0.2772031091301225,0.6777490807606199
TRAVIS!!,neither,0.03945320844208391,0.33037608806864915,0.630170703489267
SabaPing gandsCrit gandsGandsVaxSigil gandsCrit SabaPing gandsFail gandsNatTwenty gandsHR gandsNatTwenty gandsFail gandsGandsVaxSigil gandsCrit,neither,0.03945320844208391,0.33037608806864915,0.630170703489267
Travis is geared up for war.,neither,0.0381078350895258,0.3438348413456234,0.6180573235648508
GROG,neither,0.03945320844208391,0.33037608806864915,0.630170703489267
💖💖💖💖💖,neither,0.03945320844208391,0.33037608806864915,0.630170703489267
NO PIKE?! NO VAX?!,neither,0.036918905254960256,0.37338982715841207,0.5896912675866277
I love travis,neither,0.03633489270100109,0.3449275588628445,0.6187375484361545
*screams like teenage fangirl,neither,0.049372878792612235,0.3448692358845926,0.6057578853227952
GET YOUR WAR FACE ON! feliciaRage feliciaDeer,neither,0.06868354799629453,0.34497842066493445,0.586338031338771
LOVE THE WARPAINT YEAH LOL,offensive_language,0.012923647398823832,0.509568115164345,0.47750823743683124
I love the war paint!,neither,0.03586529122922597,0.3273994038673777,0.6367353049033962
Walks into the BATTLE ROYALE,neither,0.038641623788206486,0.31556576628328303,0.6457926099285104
warpaint :D :D,neither,0.03945320844208391,0.33037608806864915,0.630170703489267
I'm heeeeere!!!!! bidet from altoona pa,neither,0.04069404815304118,0.30931579984010865,0.6499901520068502
gandsSCANLAN gandsSCANLAN gandsSCANLAN gandsSCANLAN gandsSCANLAN gandsSCANLAN gandsSCANLAN,neither,0.03945320844208391,0.33037608806864915,0.630170703489267
oh shit that's right,offensive_language,0.04364980368669053,0.9562245212102831,0.00012567510302633186
gandsDrink gandsDrink gandsDrink gandsDrink gandsDrink gandsDrink,neither,0.03945320844208391,0.33037608806864915,0.630170703489267
I love the war paint!,neither,0.03586529122922597,0.3273994038673777,0.6367353049033962
my money is on Kiki,neither,0.028722590567774365,0.4736726292323803,0.4976047801998455
bidet from vegas!,neither,0.040853311764050625,0.30661268071637476,0.6525340075195746
OH MY GOD!!!!!!!,neither,0.030266422441093326,0.38268872444249025,0.5870448531164164
travis and marisha with the war paint,neither,0.030273152112496097,0.3166481984590562,0.6530786494284476
Let's go GROG!,neither,0.01806316484133749,0.39391011985298136,0.5880267153056813
aaaah!!!,neither,0.03945320844208391,0.33037608806864915,0.630170703489267
"3am, time for critical role",neither,0.03434823869419068,0.32247497761809146,0.6431767836877179
Oh boy,neither,0.04768565599480007,0.25364348607606696,0.698670857929133
WOOOOOO!,neither,0.03945320844208391,0.33037608806864915,0.630170703489267
hahaha travis,neither,0.03945320844208391,0.33037608806864915,0.630170703489267
wawww...I was hoping to hear the Obscenity they yell at matt at the beginning of each episode,neither,0.040862191189417245,0.33659296587229537,0.6225448429382874
Grog destroys everyone,offensive_language,0.02988896790634741,0.4927062106388782,0.4774048214547744
GROG!!!!!,neither,0.03945320844208391,0.33037608806864915,0.630170703489267
"Hells yeah!! Bidet from Asheville, NC!",neither,0.02753137129987649,0.40284767837684016,0.5696209503232833
WARPAINT!!,neither,0.03945320844208391,0.33037608806864915,0.630170703489267
Welcomes back long time viewers and subs! <3,neither,0.03794595263507615,0.3142936240229223,0.6477604233420015
"Hey everyone!!! No matter who wins, we all win!",offensive_language,0.03599622941038133,0.5026385768077901,0.46136519378182866
Wooo! So ready for this! Where is this poll???,neither,0.04163435307639681,0.31530703059038934,0.6430586163332138
GROG GROG GROG,neither,0.03945320844208391,0.33037608806864915,0.630170703489267
WAR PAINT,neither,0.03945320844208391,0.33037608806864915,0.630170703489267
bidet from the uk,neither,0.039613273355342184,0.2892653269430044,0.6711213997016535
War paint!,neither,0.03945320844208391,0.33037608806864915,0.630170703489267
"lawl, the war paint :D",neither,0.03852729317575827,0.31342508408575104,0.6480476227384907
hiiiiiiiiii,neither,0.03945320844208391,0.33037608806864915,0.630170703489267
LUL,neither,0.03945320844208391,0.33037608806864915,0.630170703489267
"Bidet from Boston, Critters! g33kSalute g33kHorn",neither,0.040769555981420263,0.3080342349327864,0.6511962090857933
grog!!!!,neither,0.03945320844208391,0.33037608806864915,0.630170703489267
Travis went back to 'nam,neither,0.04452998503010414,0.32738725051346,0.6280827644564358
Laura is salty cuz she wasn't voted for :(,neither,0.04112696019248179,0.3633370083556197,0.5955360314518985
Scanlan! Scanlan! Scanlan! Scanlan!,neither,0.03945320844208391,0.33037608806864915,0.630170703489267
5 gold and a party to whoever wins,neither,0.04396225309306406,0.296563640471025,0.659474106435911
GROG GROG GROG GROG!,neither,0.03945320844208391,0.33037608806864915,0.630170703489267
battle makeup,neither,0.03945320844208391,0.33037608806864915,0.630170703489267
why does he have sunglasses on,neither,0.021996879016637667,0.4619692329464724,0.5160338880368901
LMAO,neither,0.03705015143476208,0.3711622369619404,0.5917876116032975
KEYLEEEEEEETH,neither,0.03945320844208391,0.33037608806864915,0.630170703489267
Welcomes new viewers and subs! <3,neither,0.04156201242189766,0.22804038471241672,0.7303976028656857
Bidet from Portugal,neither,0.04062582848913359,0.31047366557575606,0.6489005059351104
YESSSSSSSSSSS!,neither,0.03945320844208391,0.33037608806864915,0.630170703489267
link to poll results???,neither,0.044611308443842534,0.327340531659057,0.6280481598971005
Activate Lurk Mode! stripLurk,neither,0.03945320844208391,0.33037608806864915,0.630170703489267
WOO!,neither,0.03945320844208391,0.33037608806864915,0.630170703489267
Bidet,neither,0.03945320844208391,0.33037608806864915,0.630170703489267
Look at Travis' face HAHAHAHA Omg he is amazing,neither,0.04910285114316878,0.3420271941130223,0.608869954743809
wtf did i just walk into,offensive_language,0.03742482508309418,0.5793638143223462,0.3832113605945597
gandsSubHype gandsSubHype gandsSubHype gandsSubHype gandsSubHype gandsSubHype gandsSubHype gandsSubHype gandsSubHype,neither,0.03945320844208391,0.33037608806864915,0.630170703489267
wHoo,neither,0.03945320844208391,0.33037608806864915,0.630170703489267
First time watching live!!,neither,0.03513206370154816,0.3516282956383994,0.6132396406600524
Travis is my spirit animal,neither,0.03585996974318418,0.39287308354895867,0.571266946707857
"Hey guys, we should have a level 20 after the storyline concludes",neither,0.04685760707369864,0.35291003653608816,0.6002323563902132
loving the war paint,neither,0.03869371908499143,0.3165361208763674,0.6447701600386412
Napoleon Dynamite as a guest next week?,neither,0.03749118725015127,0.3636767081630271,0.5988321045868216
bidet from naples fl!,neither,0.04066490145509902,0.30981049537100724,0.6495246031738937
grog grog grog,neither,0.03945320844208391,0.33037608806864915,0.630170703489267
Who do you think is going to win??!!! Vote! http://www.strawpoll.me/13043268 :D,neither,0.052365626162198455,0.35012656141345916,0.5975078124243424
"war, war never changes",neither,0.03681773595265914,0.3570293157875094,0.6061529482598313
LETS GO GROG!!!,neither,0.039984317429425154,0.35542799280679366,0.6045876897637812
"Bidet from Vancouver, BC",neither,0.041095261662497835,0.30250615950080734,0.6563985788366947
"leggo, so pumped!!!",neither,0.0394145643475977,0.36842095346024245,0.5921644821921599
Bidet from South Carolina!,neither,0.04043176250036363,0.31376747187705417,0.6458007656225822
bidet,neither,0.03945320844208391,0.33037608806864915,0.630170703489267
CR Live Stats: http://goo.gl/0F5DKO,neither,0.04019961542110094,0.2435117505132046,0.7162886340656944
travis looking so hot today,neither,0.03813019355907175,0.3470604917143164,0.6148093147266119
I'm a little disappointing that Taliesin doesn't have a line of war paint down his nose.,neither,0.051063972575901,0.36645381569566116,0.582482211728438
Momoken!,neither,0.03945320844208391,0.33037608806864915,0.630170703489267
MOMOCON,neither,0.03945320844208391,0.33037608806864915,0.630170703489267
omg travis🌮🌮🌮,neither,0.03945320844208391,0.33037608806864915,0.630170703489267
ok who is going to win place your bets!!,neither,0.091455583566073,0.349439519250949,0.5591048971829781
WOOOOOO,neither,0.03945320844208391,0.33037608806864915,0.630170703489267
Bidet from Norway! :D,neither,0.04228451509352876,0.2823214250720796,0.6753940598343917
omg these nerds with the war paint <3,neither,0.035845612273759764,0.39465585673038517,0.5694985309958551
beep beep,neither,0.03945320844208391,0.33037608806864915,0.630170703489267
20 on Grog lol,neither,0.026305929791780338,0.4237662064631441,0.5499278637450755
bidet from vancouver bc!,neither,0.041095261662497835,0.30250615950080734,0.6563985788366947
yooooo,neither,0.03945320844208391,0.33037608806864915,0.630170703489267
Ohhh Battle Royale right??,neither,0.03830291264191924,0.3528117070271776,0.6088853803309031
Omg Travis is killing it,neither,0.04472471360747469,0.32856297571422566,0.6267123106782996
Let's get this battle started :),neither,0.025472294458815468,0.36880729998486705,0.6057204055563175
hi critters,neither,0.03945320844208391,0.33037608806864915,0.630170703489267
beep beep from Ottawa go sens go,neither,0.043796361627716045,0.31857717594275325,0.6376264624295307
First time we're able to watch live! Super excited!,neither,0.05660483362900706,0.3228406285056743,0.6205545378653187
Grog will win,neither,0.04158557733904055,0.29418422284792994,0.6642301998130296
bidet from Sheffield!,neither,0.04062582848913359,0.31047366557575606,0.6489005059351104
Why didn't Travis use Grog's face markings as war paint?,neither,0.012194015840204738,0.4393124974324374,0.5484934867273578
Geeez I hate the running behind cause of slow Internet,neither,0.1487613767453202,0.2645058818656007,0.5867327413890792
Hi,neither,0.03945320844208391,0.33037608806864915,0.630170703489267
You guys have video right now?,neither,0.06335310987024062,0.31138704091773206,0.6252598492120274
gandsDrink,neither,0.03945320844208391,0.33037608806864915,0.630170703489267
that sounds awesome....,neither,0.035373284636212046,0.3747921102284513,0.5898346051353366
the joys of living in smaller town with 2 kids....NO conventions =(,neither,0.030577606703755887,0.35491946117296536,0.6145029321232788
@Zero87221 40 on Percy,neither,0.03683812941586422,0.34291068425806287,0.6202511863260729
LETS GO GROG gandsDrink gandsNatTwenty,neither,0.039984317429425154,0.35542799280679366,0.6045876897637812
did he say Kris?,neither,0.04472454074578748,0.3285630351692866,0.626712424084926
hello all,neither,0.04217753453783664,0.43734383323855475,0.5204786322236087
first royale without a cleric!,neither,0.03004108124944041,0.3336133502089627,0.6363455685415969
comin to washington!,neither,0.04651055624606549,0.3262587916714822,0.6272306520824523
"Matt COlville, will be there :D",neither,0.04119955208275132,0.2650530503416021,0.6937473975756466
i think keyleth might wreck them tonight with those beast forms.... if she turns into a dragon or beholder she could really screw with them,neither,0.03980854171582781,0.40067596698403124,0.5595154913001409
Woot!!! first ever live stream!!! :D,neither,0.03720371662535683,0.33114979145622425,0.631646491918419
1,neither,0.03945320844208391,0.33037608806864915,0.630170703489267
MOMOKIN KAPOW,neither,0.03945320844208391,0.33037608806864915,0.630170703489267
I'm so freaking hyped for that!!,neither,0.03163407551313766,0.3728056270406146,0.5955602974462478
Attention chat! We have a Revlo bet going for who you think will win tonight's Level 17 Battle Royale! Head to www.revlo.co/geekandsundry/contests/764724 and place your bets!,neither,0.058273879126112475,0.3186859477084956,0.623040173165392
Canadian Critters are awesome! feliciaToronto <3 gandsLessthanthree,neither,0.06517354385308174,0.28568420069401174,0.6491422554529064
MY FIRST LIVE BATTLE ROYALE!!!,neither,0.026570163125456032,0.4133725624591374,0.5600572744154064
that map is huge,neither,0.04299736657551029,0.3660267864948567,0.590975846929633
Really looking forward to seeing you guys in Atlanta!,neither,0.05605178334861989,0.3601472909607356,0.5838009256906445
i feel like sam is gonna troll and use scanlan,neither,0.024340841874750323,0.4147928997059892,0.5608662584192604
@mick4state yes,neither,0.03945320844208391,0.33037608806864915,0.630170703489267
The book!,neither,0.03822330179312246,0.3076522537423983,0.6541244444644794
anyone have any D&D campaigns going on Roll20 that needs a new member? If so message me!,neither,0.023054100001958948,0.4124022010682016,0.5645436989298396
Travis and Laura better come to Amke to make up for missing last year,neither,0.040296422503440815,0.3292487249232933,0.6304548525732658
first time watching live....yay,neither,0.0359517604069612,0.34746198552207125,0.6165862540709676
Marisha looks cute in her war paint,offensive_language,0.033429991876264685,0.48540341444643903,0.4811665936772963
this will be fun,neither,0.04182676179454827,0.305759992574333,0.6524132456311187
kiki can turn into a dragon and literally kill all of them,neither,0.30777847224064364,0.23035217616916903,0.46186935159018727
E3?,neither,0.03945320844208391,0.33037608806864915,0.630170703489267
love the war paint,neither,0.03586529122922597,0.3273994038673777,0.6367353049033962
im puttingmoney on tary artificers are joke,neither,0.06558741838275706,0.330583242624093,0.6038293389931499
COME JOIN US IN TX!!!,neither,0.07035544167004845,0.3467202640616615,0.5829242942682901
Wonder woman ~,neither,0.036683765459568134,0.3773807631521818,0.5859354713882501
Do Wonder Woman.....,neither,0.03853277054940456,0.37251760479487117,0.5889496246557243
ohshit they geared for the battle royal,neither,0.0336816181825024,0.29216820977343544,0.6741501720440622
gandsFail gandsFail Wait - when Dalals?,neither,0.02509712100334979,0.40699886943088354,0.5679040095657666
Keyleth shapechange into an adult red dragon...,neither,0.03957236081980272,0.32493254402671173,0.6354950951534856
"I need Laura to violate Talesin with a single strip of paint down his nose, like Vex did for Percy",neither,0.04970961275317632,0.3389244026628091,0.6113659845840146
Is the volume quiet?,neither,0.045872281232291666,0.3135542963275712,0.6405734224401372
WW!,neither,0.03945320844208391,0.33037608806864915,0.630170703489267
gandsDrink gandsDrink gandsDrink gandsDrink gandsDrink gandsDrink gandsDrink,neither,0.03945320844208391,0.33037608806864915,0.630170703489267
If only they would come to Maryland...,neither,0.02760589229184172,0.38921733357131827,0.58317677413684
im sad im going to miss momocon i live in atl but i will be out of town the weekend for the holiday :(,neither,0.03317194701069819,0.3452877914075941,0.6215402615817076
"Bidet from Bonney Lake, WA.",neither,0.04042040287069546,0.31396027443879415,0.6456193226905105
Bidet from Ontario!,neither,0.04062582848913359,0.31047366557575606,0.6489005059351104
"Shout out from Dayton, Ohio!",neither,0.036998428820275986,0.3293480522378335,0.6336535189418906
"Guys and gals, don't forget Rising Storm: GOTY Edition is FREE on Humble Bundle right now! (11 days left)",neither,0.040593836968496604,0.3264924043100349,0.6329137587214686
The Wednesday Club : Wednesdays 12pm until 2pm PDT Talk about everything comic book related.,neither,0.02744336158294391,0.34044493329332964,0.6321117051237264
Who's ready to watch Grog kill Keyleth?!,hate_speech,0.4942366027766171,0.20733927174887842,0.29842412547450453
GROOO,neither,0.03945320844208391,0.33037608806864915,0.630170703489267
bidet from FORT worth hope to get to go to Akon,neither,0.10669844322898477,0.21443257367275442,0.6788689830982609
"""I'M THE CONDUCTOR OF THE POOP TRAIN!!!"" - Travis' subconscious",neither,0.03836673037778453,0.3103914169914444,0.6512418526307711
BEEP BEEP from AUSTRALIA!,neither,0.04062582848913359,0.31047366557575606,0.6489005059351104
YES WONDER WOMAN I'm so happy they listened to all us dorks in chat.,neither,0.0631908654064371,0.4066596256861477,0.5301495089074152
Gru!,neither,0.03945320844208391,0.33037608806864915,0.630170703489267
Yes Marisha's paint is adorable :),neither,0.04680070849315806,0.32784894587704283,0.6253503456297992
I endorse that message.,neither,0.03410914153911957,0.3888682808117829,0.5770225776490976
"Bidet from Kent, Ohio",neither,0.040754399270683486,0.3082914838698526,0.650954116859464
beep beep! bidet from San Francisco,neither,0.040391840503121675,0.31444505235836057,0.6451631071385178
#TeamTary,neither,0.03945320844208391,0.33037608806864915,0.630170703489267
these friends are so supportive of each other,neither,0.06871378882091168,0.3867625972408843,0.544523613938204
i got my sixlets.. i got my five different drinks.. im not leaving this room WOO!,neither,0.026503501724263436,0.4803624851921756,0.493134013083561
Hope Tary & Doty make it far into the battle,neither,0.06577374878882368,0.22605021319525542,0.7081760380159209
Sergio Aragones,neither,0.03945320844208391,0.33037608806864915,0.630170703489267
hello!,neither,0.03945320844208391,0.33037608806864915,0.630170703489267
is Matt gonna talk about the campaign guide?,neither,0.029682896328550153,0.37060432663624127,0.5997127770352086
AKON is in FT. WORTH....Not Dallas,neither,0.0445873081987155,0.3320618779252234,0.6233508138760611
lolololol its all percy and keyleth on the bet,neither,0.0331253580142979,0.34696376776903637,0.6199108742166658
#teamdotye,neither,0.03945320844208391,0.33037608806864915,0.630170703489267
Attention chat! We have a Revlo bet going for who you think will win tonight's Level 17 Battle Royale! Head to www.revlo.co/geekandsundry/contests/764724 and place your bets!,neither,0.058273879126112475,0.3186859477084956,0.623040173165392
Bidet from ATX,neither,0.04228451509352876,0.2823214250720796,0.6753940598343917
Marsha looks cute tonight gandsLessthanthree,neither,0.038392460524499725,0.2709331514075699,0.6906743880679304
#teamtary,neither,0.03945320844208391,0.33037608806864915,0.630170703489267
"Wow, the only comic I have is a Groo the Wanderer. Yay Sam!",neither,0.04371625736279624,0.31136026546095047,0.6449234771762532
GOOD EVENING!!!,neither,0.03869882722860525,0.3306355543605695,0.6306656184108252
LETS GET TEAM PERCY ROLLIN gandsJesstatorship gandsJesstatorship,neither,0.03852058199265654,0.346205192876512,0.6152742251308315
Bidet!,neither,0.03945320844208391,0.33037608806864915,0.630170703489267
Random question how can you see how long you have been subbed to a channel,neither,0.06230615735676132,0.38359034276781306,0.5541034998754257
"""STRIP THE FLESH! SALT THE WOUND!!"" - Grog, probably",neither,0.03750070871584172,0.32212252077136266,0.6403767705127957
that dice bag PogChamp,neither,0.03839514656327141,0.32258851111175213,0.6390163423249764
LMFAO ****ing Grog,neither,0.04791498733206062,0.3274656942884167,0.6246193183795227
Laura has a dice bag problem,neither,0.04233619406172129,0.2814442981104927,0.676219507827786
the size of her Dice bag LOL,offensive_language,0.02841216379315915,0.4933674567524561,0.4782203794543847
BATTLE!!!!!!! KAPOW,neither,0.03945320844208391,0.33037608806864915,0.630170703489267
TEAM PERCY BABY,neither,0.03945320844208391,0.33037608806864915,0.630170703489267
Bidet from Clearwater,neither,0.04228451509352876,0.2823214250720796,0.6753940598343917
Was that seriously Laura's dice bag?? that thing was huge!,neither,0.03627513672533437,0.35458136829741943,0.6091434949772463
"maaan, laura's bag is giant.",neither,0.04912605081055518,0.2864153476054308,0.664458601584014
YYAAAAYYYY,neither,0.03945320844208391,0.33037608806864915,0.630170703489267
"Wait, what Colorado... I heard Colorado! what what?",neither,0.04785468131956092,0.324451244699899,0.62769407398054
@danoba good idea on the revlo bet stefSuccess stefHighFive,neither,0.035122053153722396,0.3277557557554555,0.6371221910908221
Team Terry,neither,0.03945320844208391,0.33037608806864915,0.630170703489267
bidet everybody,neither,0.03945320844208391,0.33037608806864915,0.630170703489267
AHHHHHHHHHHHHHHHHHHHHHHHHHHHHHHHHHH!!!!,neither,0.03945320844208391,0.33037608806864915,0.630170703489267
hyyyyyype,neither,0.03945320844208391,0.33037608806864915,0.630170703489267
rooKek,neither,0.03945320844208391,0.33037608806864915,0.630170703489267
TEAM PERCY GOOOOO,neither,0.03945320844208391,0.33037608806864915,0.630170703489267
those sunglasses are allowing us to see the set infront of travis,neither,0.10112057906775489,0.2535687824129263,0.6453106385193189
"Vex is my favorite and I love her, but she's so dead. She's so fucking dead.",offensive_language,0.053266833250591596,0.9396239881306612,0.007109178618747194
Go laura!!! don't die first!!!,neither,0.21225602948478728,0.1141720797893373,0.6735718907258755
Keyleth or Grog,neither,0.03945320844208391,0.33037608806864915,0.630170703489267
TEAM KEYLETH LET'S GOOOO,neither,0.025683296663129258,0.3598897112044416,0.6144269921324291
John Grogbo,neither,0.03945320844208391,0.33037608806864915,0.630170703489267
Let the battle commence!,neither,0.025956630447226237,0.34340863480260664,0.6306347347501672
#teamKiki,neither,0.03945320844208391,0.33037608806864915,0.630170703489267
Bidet from NJ!,neither,0.04069404815304118,0.30931579984010865,0.6499901520068502
gandsSubHype gandsSubHype gandsSubHype gandsSubHype gandsSubHype,neither,0.03945320844208391,0.33037608806864915,0.630170703489267
I want Vex to win!,neither,0.04999055128898964,0.3188582012194742,0.6311512474915361
yes yes yes yes yes yes yes,neither,0.03945320844208391,0.33037608806864915,0.630170703489267
I put 30 platinum on sam,neither,0.037265045368968575,0.3408219396271094,0.621913015003922
Bidet from Poland :D,neither,0.04228451509352876,0.2823214250720796,0.6753940598343917
Bidet,neither,0.03945320844208391,0.33037608806864915,0.630170703489267
FIGHT FIGHT FIGHT,neither,0.03945320844208391,0.33037608806864915,0.630170703489267
gandsTrinket gandsTrinket gandsTrinket gandsTrinket,neither,0.03945320844208391,0.33037608806864915,0.630170703489267
TEAM KEYLETH,neither,0.03945320844208391,0.33037608806864915,0.630170703489267
Team Teryyyy,neither,0.03945320844208391,0.33037608806864915,0.630170703489267
Hello everybody,neither,0.03945320844208391,0.33037608806864915,0.630170703489267
battle royale ClappyDerp ryonDaddyLikey,neither,0.03945320844208391,0.33037608806864915,0.630170703489267
So fudging exited for this,neither,0.02836444684853338,0.3563450399726675,0.6152905131787992
why loading issues :(,neither,0.026266441515015324,0.34958863006761143,0.6241449284173733
GROOOOOOOOOOOOOGGGGG,neither,0.03945320844208391,0.33037608806864915,0.630170703489267
#TeamVex,neither,0.03945320844208391,0.33037608806864915,0.630170703489267
Nah.. GROG has this!!,neither,0.039882613316697325,0.3230879666890375,0.6370294199942652
gandsHecThor gandsHecThor gandsHecThor gandsGandsPoo gandsGandsPoo gandsSCANLAN,neither,0.03945320844208391,0.33037608806864915,0.630170703489267
Her dice bag is a bag of holding,neither,0.04194323615397242,0.40609838910863844,0.5519583747373891
they need to talk a bit louder,neither,0.029224800074183474,0.33127864676446217,0.6394965531613543
Travis's facepaint: smear the entire tube from top to bottom,neither,0.04355564001118287,0.30731893959630363,0.6491254203925136
100 gold on Percy!!!!,neither,0.037123763704913014,0.341511307079089,0.621364929215998
TEAM DOTY,neither,0.03945320844208391,0.33037608806864915,0.630170703489267
Team Taryon!,neither,0.03945320844208391,0.33037608806864915,0.630170703489267
wait is only vax missing?,neither,0.04810304285497347,0.32740101337068767,0.6244959437743389
GROG GROG GROG,neither,0.03945320844208391,0.33037608806864915,0.630170703489267
Grog finna win,neither,0.03945320844208391,0.33037608806864915,0.630170703489267
I'm so ready for this.,neither,0.03150411019602629,0.3479540858914938,0.6205418039124799
I'm voting Keyleth with that shapechange spell,neither,0.026685579250953873,0.4019176677467504,0.5713967530022958
