text,top_class,hate_speech,offensive_language,neither
"Did you give Sax notes, or is going to be as crazy as always?",offensive_language,0.04583951247445204,0.5014480707848952,0.45271241674065277
"Thanks, will do :)",neither,0.04030144373267485,0.2762177172023773,0.6834808390649479
gandsSaxHype,neither,0.03945320844208391,0.33037608806864915,0.630170703489267
Hi Sax!,neither,0.03945320844208391,0.33037608806864915,0.630170703489267
Sup chat gandsTrinket gandsTrinketArmor gandsOwl gandsLessthanthree gandsLessthanthree gandsLessthanthree,neither,0.03945320844208391,0.33037608806864915,0.630170703489267
has monsters and a hostess lemon pie.. well.. had a pie,neither,0.039219908380187116,0.30600070635898546,0.6547793852608275
gandsSaxHype gandsLessthanthree,neither,0.03945320844208391,0.33037608806864915,0.630170703489267
Eric is sick😷 feel better soon,neither,0.045814296847311246,0.3281882180745499,0.6259974850781388
HI!,neither,0.03945320844208391,0.33037608806864915,0.630170703489267
I wonder if Sam will have some kind of announcement today.,neither,0.022365793341667446,0.3515316333162326,0.6261025733421001
@16bitEric Heya! Sorry you're not well. I sent a (figureative) metric ton of special Cadbury Creme Eggs not available in the US to you guys! Should be there next week. :),neither,0.12775531639650906,0.33623238509735615,0.5360122985061349
brb,neither,0.03945320844208391,0.33037608806864915,0.630170703489267
Hi players!,neither,0.03945320844208391,0.33037608806864915,0.630170703489267
Feel better Eric!,neither,0.03945320844208391,0.33037608806864915,0.630170703489267
hyyyype,neither,0.03945320844208391,0.33037608806864915,0.630170703489267
Eric!,neither,0.03945320844208391,0.33037608806864915,0.630170703489267
hi!,neither,0.03945320844208391,0.33037608806864915,0.630170703489267
"Oh wow, the old brick wall background.",neither,0.0422034102359366,0.2867459486670095,0.671050641097054
Players Hiiii we lub you,neither,0.06342563289165726,0.40069783277357757,0.5358765343347651
It starts,neither,0.037495658270904016,0.33104937933716044,0.6314549623919354
Aaaaw my friends,neither,0.022077970793004758,0.4757527544997119,0.5021692747072832
"Hi also Sam, Gina, Amy, and Dunc!",neither,0.038842577595004674,0.3002039719403583,0.660953450464637
get well soon @16bitEric !,neither,0.038805782438217785,0.341364597001486,0.6198296205602962
Hi wonderful players,neither,0.03945320844208391,0.33037608806864915,0.630170703489267
"Hey Sax, Sam, Gina, Dunc & Amy",neither,0.03945320844208391,0.33037608806864915,0.630170703489267
Thank you!,neither,0.07325166854587051,0.43632638485078484,0.49042194660334476
Shame the Master and Corsair disappeared for no reason now,neither,0.034332734761828056,0.28719422836283554,0.6784730368753363
@16bitEric I hope the doggo is helping you feel better! We'll miss ya,neither,0.061153045977752736,0.46292762169482937,0.47591933232741784
omg.. kid Sam... kid Sam? :D,neither,0.03901694472593136,0.3377806218893298,0.6232024333847388
There's text falling from the sky! D:,neither,0.03582958427649377,0.3398616413395911,0.6243087743839151
Silly on @Geekandsundry I hope not! :P,neither,0.07499350206232362,0.22407280097673435,0.700933696960942
Hello all,neither,0.04217753453783664,0.43734383323855475,0.5204786322236087
oh no! @16bitEric are you okay?,neither,0.12042171631299337,0.2805613709415624,0.5990169127454442
"Usual crazy, wonderful!",neither,0.030807059032600236,0.41695887911533497,0.5522340618520647
gets silly...standard RPG fare.,neither,0.03945320844208391,0.33037608806864915,0.630170703489267
ok back,neither,0.039375461320109606,0.3316956596323729,0.6289288790475176
TwitchUnity,neither,0.03945320844208391,0.33037608806864915,0.630170703489267
"Yeah I'll be alright, just sicky.",neither,0.02132162241935793,0.45908391138027416,0.519594466200368
saying a quick good morning and good night. went to bed way late last night and woke up feeling a bit ugh myself. I'll come back and watch the vod. feel better @16bitEric!,neither,0.034474418220976466,0.2583039159814094,0.7072216657976141
Oh this sounds interesting,neither,0.04434690923537068,0.2842925367789795,0.6713605539856499
@Autisticcosplay He's got Doctor Doggo helping out. Don't worry. ;) <3 @16bitEric,neither,0.038968189117343156,0.37420532792392125,0.5868264829587356
"get well soon, gute besserung Eric :)",neither,0.038973262363047816,0.33852202558934635,0.6225047120476058
hallooooo,neither,0.03945320844208391,0.33037608806864915,0.630170703489267
https://rpg.stackexchange.com/tags/roll-for-shoes/info,neither,0.03564690445201983,0.3113534058094216,0.6529996897385587
way more complicated o.o,neither,0.04270882172811094,0.31585120224579366,0.6414399760260953
"""Kid physics"" = kids too dumb to know their limitations",neither,0.04478033853143756,0.336596121776938,0.6186235396916243
If the first thing they do isn't bite something I'll be disappointed,neither,0.025757977338273196,0.35622482601940714,0.6180171966423197
gandsSubHype gandsLessthanthree Resub,neither,0.03945320844208391,0.33037608806864915,0.630170703489267
"It's a SUPER fun, really simple system",neither,0.0383706809659492,0.3307484189076415,0.6308809001264092
Omg this sounds cool,neither,0.03935839500286046,0.3319853195756297,0.6286562854215099
I really enjoy it,neither,0.037662101462208816,0.33099213189131793,0.6313457666464732
"so, since we are getting a One Off does that mean that Star Trek is next week?",offensive_language,0.039063081386064506,0.4849244960343487,0.47601242257958676
XD omg sounds like my scion game lately.. we're kidlets and we try to do all the things,neither,0.05223855792297369,0.35161244874738856,0.5961489933296378
@CiaraTheBraid you mean k9?,neither,0.08074110716318905,0.43704206053036015,0.4822168323064508
Hey,neither,0.03945320844208391,0.33037608806864915,0.630170703489267
I've maxed out the biteing tree it's very helpful,neither,0.02018507151893173,0.3174502588562646,0.6623646696248037
What system are we playing?,neither,0.07326727946169045,0.28363330575476386,0.6430994147835457
@Autisticcosplay :D,neither,0.03945320844208391,0.33037608806864915,0.630170703489267
When I was a kid I thought that if I jumped off a high place and flapped my coat really hard I could maybe fly. Just not enough to actually try it.,neither,0.020761827322974342,0.4843701364704094,0.4948680362066161
@the___writer not yet it's July now I believe,neither,0.03723995232863986,0.33480705257613774,0.6279529950952224
"Roll for Shoes, @The___writer https://rpg.stackexchange.com/tags/roll-for-shoes/info",neither,0.03421210974992438,0.3041945207337548,0.6615933695163208
Kids bounce! It's (almost) a fact. :D,neither,0.038268479052471376,0.33078357083221693,0.6309479501153118
"@16bitEric I hope that you get to feeling better soon, sir!",neither,0.08912227096123258,0.3075174954909482,0.6033602335478192
Roll for shoes or as it's called I'd like to roll to see if I'm wearing shoes,neither,0.035810563022320906,0.36053318048844574,0.6036562564892334
@16bitEric did you get my manga suggestion?,neither,0.04047655730921964,0.44209927946163696,0.5174241632291435
"I jumped off of the roof when i was 8, survived with only a twisted ankle and a concussion",neither,0.029168173935777895,0.344961631676744,0.625870194387478
great shirt Amy,neither,0.03774366699373235,0.3076887157239862,0.6545676172822814
Polls?,neither,0.03945320844208391,0.33037608806864915,0.630170703489267
Polls for today's show: http://www.strawpoll.me/13046538 and http://www.strawpoll.me/13046743 and http://www.strawpoll.me/13047074,neither,0.031607531877529155,0.20504873045548172,0.763343737666989
whur?,neither,0.03945320844208391,0.33037608806864915,0.630170703489267
There.,neither,0.03938975662112344,0.2339556726221167,0.7266545707567599
"Thank you, watching this is already helping :) I DID @autisticcosplay ! Thank you!",neither,0.0660666873128901,0.40825132533451136,0.5256819873525984
"Wait, we have homework?",neither,0.038762397195942544,0.34210095778935673,0.6191366450147008
@JJ_Dane Always.,neither,0.03557448528484342,0.4519132619047061,0.5125122528104504
I smashed my face on a slide. Needed years of dental work. I don't believe in the power of children.,neither,0.03241348309032808,0.3684790537036538,0.5991074632060182
!wallet,neither,0.03945320844208391,0.33037608806864915,0.630170703489267
burritotaquito01 has 10875 coins,neither,0.03989735448983053,0.32283777050957063,0.6372648750005988
Wait- he told me I should look at the polls... why would sax say that...,neither,0.03407667608156732,0.4138315405051463,0.5520917834132864
Did Sam have an announcement?,neither,0.0392283301381346,0.33419285977227564,0.6265788100895898
I love Sam so much :),neither,0.03249063233412626,0.3947476679691826,0.5727616996966912
And iPad won't load polls lol,neither,0.03330603741257826,0.3395313280864781,0.6271626345009436
1980s,neither,0.03945320844208391,0.33037608806864915,0.630170703489267
Is Sam excited,neither,0.0481926345985822,0.32737019866177725,0.6244371667396406
Polls for today's show: http://www.strawpoll.me/13046538 and http://www.strawpoll.me/13046743 and http://www.strawpoll.me/13047074,neither,0.031607531877529155,0.20504873045548172,0.763343737666989
It doesn't seem right without Eric but this sounds like a fun system.,neither,0.04175526868138753,0.3572336920927865,0.601011039225826
@16bitEric and why doesn't he usually give you polls :P,neither,0.044065276272040516,0.3416438588868743,0.6142908648410853
"@16bitEric if you need to borrow, i have most of the manga.",neither,0.03817030626609333,0.3918140182040851,0.5700156755298216
@Potterboi111 Aren't they always?! ;),neither,0.037228715831695736,0.39966923741983035,0.563102046748474
@danoba could you please ask sam if they are excited?,neither,0.05176869654979816,0.37257862735184305,0.5756526760983588
Noooooo. 90s!,neither,0.03945320844208391,0.33037608806864915,0.630170703489267
the pole names are solid band names,neither,0.05216385272401346,0.2961300904305164,0.6517060568454701
Woot 80's,neither,0.03945320844208391,0.33037608806864915,0.630170703489267
<3 Eric,neither,0.03945320844208391,0.33037608806864915,0.630170703489267
this is adorable,neither,0.05013403335429788,0.32867772607031026,0.6211882405753918
!whodat,neither,0.03945320844208391,0.33037608806864915,0.630170703489267
"GM Sax Carr ( twitter.com/SaxCarr ), with Amy Dallen ( twitter.com/enthusiamy ), Gina DeVivo ( twitter.com/pocketgina ), Duncan ( twitter.com/Le_Dunc ), and Sam de Leve ( twitter.com/ChaiKovsky ),",neither,0.03573692875777252,0.46322158714509276,0.5010414840971349
@16bitEric Sax just asked.,neither,0.03284311188822425,0.3622185593135356,0.60493832879824
Dang it we could of had a grunge kid!,neither,0.03749310405758061,0.34025244217520023,0.6222544537672192
Excellent hahahah,neither,0.03945320844208391,0.33037608806864915,0.630170703489267
lol,neither,0.020706217963973744,0.4882283491876925,0.4910654328483337
HeyGuys,neither,0.03945320844208391,0.33037608806864915,0.630170703489267
awwwwww,neither,0.03945320844208391,0.33037608806864915,0.630170703489267
But dont they normally announce it @ciarathebraid,neither,0.03584146463454776,0.33833283346097115,0.6258257019044811
aw,neither,0.03945320844208391,0.33037608806864915,0.630170703489267
Y does my iPad not load polls stupid iPad,neither,0.05454761519538587,0.3975580022878744,0.5478943825167397
awwwww,neither,0.03945320844208391,0.33037608806864915,0.630170703489267
Dawww,neither,0.03945320844208391,0.33037608806864915,0.630170703489267
awe,neither,0.03945320844208391,0.33037608806864915,0.630170703489267
D'aaaewew jeeze,neither,0.03945320844208391,0.33037608806864915,0.630170703489267
awwww,neither,0.03945320844208391,0.33037608806864915,0.630170703489267
XD that was the adorablest hamster squee I've ever seen,neither,0.019674193654443298,0.33729569986515645,0.6430301064804003
Awww that is adorable,neither,0.04291600209632293,0.36526899546073904,0.591815002442938
Hi Sax!,neither,0.03945320844208391,0.33037608806864915,0.630170703489267
@16biteric Eric your missed,neither,0.07153982640450536,0.32146019554515515,0.6069999780503396
awwwwww sam being adorbs,neither,0.035967944110855125,0.3502379154685439,0.613794140420601
I want to marry Sam... they are so great,neither,0.06444172424208472,0.3012190208484335,0.6343392549094818
BibleThump,neither,0.03945320844208391,0.33037608806864915,0.630170703489267
Awwww,neither,0.03945320844208391,0.33037608806864915,0.630170703489267
!wallet,neither,0.03945320844208391,0.33037608806864915,0.630170703489267
akeeba1st has 9679 coins,neither,0.03989735448983053,0.32283777050957063,0.6372648750005988
can we make them reroll their good roles?,neither,0.05051304780509951,0.3223902896829506,0.62709666251195
!wallet,neither,0.03945320844208391,0.33037608806864915,0.630170703489267
manicgunpixie has 7928 coins,neither,0.03989735448983053,0.32283777050957063,0.6372648750005988
!wallet,neither,0.03945320844208391,0.33037608806864915,0.630170703489267
moe_c has 7215 coins,neither,0.03989735448983053,0.32283777050957063,0.6372648750005988
"if you see the bit/cheer limit message, please refresh as it has been updated",neither,0.03450184571771253,0.385931117744495,0.5795670365377924
@16bitEric Its just not the same without you :-(,neither,0.041357014200359636,0.40022264955365167,0.5584203362459886
Pffft,neither,0.03945320844208391,0.33037608806864915,0.630170703489267
It's the 80s oh god. Why.,neither,0.03183057936371087,0.2876684770476946,0.6805009435885945
The 80s was the silliest decade,neither,0.037669925276108726,0.30105448525209616,0.6612755894717951
Disneyland,neither,0.03945320844208391,0.33037608806864915,0.630170703489267
Why are we going there XD,neither,0.04788418693140009,0.283716383849901,0.6683994292186989
<3,neither,0.03945320844208391,0.33037608806864915,0.630170703489267
!wallet,neither,0.03945320844208391,0.33037608806864915,0.630170703489267
nutmeg05 has 9834 coins,neither,0.03989735448983053,0.32283777050957063,0.6372648750005988
are we pre or post NES?,neither,0.06324102631951613,0.29061170276142045,0.6461472709190635
You answered your own question @cinphoria,neither,0.13244546045856645,0.34550016826126384,0.5220543712801698
So they just read the same thing over and over again?,neither,0.030912082174087252,0.3636747308976495,0.6054131869282632
80s are better than the 90s. The 90s was a period when people forgot what sanity was.,neither,0.05727527442339075,0.3207370907337225,0.6219876348428869
"Of course, Sam character is an adorable nerd, of course",neither,0.04358128347585776,0.32631489049681073,0.6301038260273315
"Definitely missing Eric, but psyched for Sax too!",neither,0.03244838168907428,0.3179545823371387,0.649597035973787
!wallet,neither,0.03945320844208391,0.33037608806864915,0.630170703489267
protoford has 2667 coins,neither,0.03989735448983053,0.32283777050957063,0.6372648750005988
HIPPY,neither,0.03945320844208391,0.33037608806864915,0.630170703489267
omg,neither,0.03945320844208391,0.33037608806864915,0.630170703489267
teeeheeeheeee,neither,0.03945320844208391,0.33037608806864915,0.630170703489267
"The 70s were cool, didn't much care for the 80s. My hair looked idiotic :-)",neither,0.023474530820959485,0.3513145760855861,0.6252108930934545
Flower child,neither,0.03945320844208391,0.33037608806864915,0.630170703489267
Jay sounds like me,neither,0.0415722103925404,0.3885382993987065,0.5698894902087532
Oh MY GOD Gina. I didn't think she could sound like that,offensive_language,0.028551816053930323,0.5003645782599345,0.4710836056861353
Wooo that's a name! I love it,neither,0.02920533682399347,0.40492243873604045,0.5658722244399662
That's amazing.,neither,0.03413659802039229,0.3885612680816893,0.5773021338979183
oh my god Gina is playing Stargirl,neither,0.03966962601371645,0.3676421323138345,0.5926882416724492
haha thats great,neither,0.033183374098866555,0.3798683511891817,0.5869482747119518
Gina always has the best characters!,neither,0.036729067709224315,0.3514921494729421,0.6117787828178335
She's a great actor,neither,0.03847195965790849,0.38399177872650886,0.5775362616155827
Y Gina y,neither,0.03945320844208391,0.33037608806864915,0.630170703489267
I'm picturing Jay as a brown haired Chuckie Finster,neither,0.03807543933525967,0.35376042550229886,0.6081641351624415
this is going to be so great,neither,0.05255054370245981,0.3744185155964264,0.5730309407011138
My feels Gina y,neither,0.02484982403832861,0.44861212744889617,0.5265380485127752
DOC,neither,0.03945320844208391,0.33037608806864915,0.630170703489267
"""doc""",neither,0.03945320844208391,0.33037608806864915,0.630170703489267
Maine? Oh god it's a Stephen King novel,neither,0.04196445184562421,0.29632386853029413,0.6617116796240817
"I mean, Shadowmoon is a name so...",neither,0.050112729603702784,0.383992328302018,0.5658949420942793
awwww,neither,0.03945320844208391,0.33037608806864915,0.630170703489267
"Amy, always being Docs Kappa",neither,0.035201056752109244,0.38387699816624427,0.5809219450816465
and it's the worst,neither,0.03690940635604029,0.23532216902892683,0.7277684246150328
I preferred the 90s (mainly because I spent less than a year in it lol),neither,0.03405697521243583,0.3539036253744649,0.6120393994130991
that is adorable,neither,0.04444948424633428,0.37904610453910226,0.5765044112145635
Eh what's up doc xd,neither,0.041838495185186494,0.37439784130569187,0.5837636635091217
Amy good choice in dot for the vanquished reference,neither,0.03488648382736335,0.3026573090020434,0.6624562071705934
Sarah Watson is Amy's character?,neither,0.04468974695835743,0.32857500234827386,0.6267352506933687
Yep,neither,0.03945320844208391,0.33037608806864915,0.630170703489267
gandsGnSLadders gandsSaxHype WE ARE GOING TO HAVE TO OPEN THE BACK DOORS! YOU MAY HEAR AND SEE THINGS THAT DON'T MAKE SENSE! gandsRyanHype gandsGnSLadders,neither,0.06740054555183146,0.3219136952678331,0.6106857591803355
Maine: the Florida of Canada,neither,0.03876658071925341,0.31788819454880735,0.6433452247319392
