text,top_class,hate_speech,offensive_language,neither
thanks rogue,neither,0.037328737276664754,0.31258604004565615,0.6500852226776791
We are on the internet...,neither,0.06455044260466253,0.27765074222486363,0.6577988151704739
the bts camera for Talks Machina is up,neither,0.037356397754860736,0.33088012583711607,0.6317634764080232
how is that possible without denise Maxxjenga ?,neither,0.04321818088760528,0.3680683151128571,0.5887135039995375
all hail stalker cam,neither,0.04070226672401878,0.38146087572519516,0.5778368575507861
Bidet,neither,0.03945320844208391,0.33037608806864915,0.630170703489267
Marisha apparently explains it all?,neither,0.03977759976540518,0.4010469066359695,0.5591754935986254
"oh good, I was worried we weren't getting one this week with the con appearance",neither,0.03248911748435149,0.37269713215249883,0.5948137503631498
bidet florida,neither,0.03945320844208391,0.33037608806864915,0.630170703489267
Who's here today?,neither,0.11419455539444989,0.32488491548913134,0.5609205291164188
I saw Taliesin,neither,0.03945320844208391,0.33037608806864915,0.630170703489267
bidet,neither,0.03945320844208391,0.33037608806864915,0.630170703489267
@Rogue_13 The demon that haunts the stream always finds a way,neither,0.034909095587097566,0.3710261204590061,0.5940647839538963
we're all here,neither,0.19159217623042052,0.3160989266066885,0.4923088971628909
@marcuspohl me too,neither,0.025456656249999262,0.41690574403459846,0.5576375997154023
bidet,neither,0.03945320844208391,0.33037608806864915,0.630170703489267
bidet!,neither,0.03945320844208391,0.33037608806864915,0.630170703489267
first here woot,neither,0.07233040313912943,0.2975340727412991,0.6301355241195714
"oh, you re-captured A.L.I.C.E?",neither,0.09470708269860101,0.29166578488667744,0.6136271324147216
bidet,neither,0.03945320844208391,0.33037608806864915,0.630170703489267
omg i may skip this one bc marisha -_-,neither,0.03984144897819779,0.3373275226553412,0.622831028366461
bidet from australia!,neither,0.04062582848913359,0.31047366557575606,0.6489005059351104
Kappa,neither,0.03945320844208391,0.33037608806864915,0.630170703489267
Bidet!,neither,0.03945320844208391,0.33037608806864915,0.630170703489267
that last episode tho,neither,0.031903905447490485,0.3812702069714167,0.5868258875810928
geekandsundry is online. RevloBot is now tracking loyalty.,neither,0.05157974116510514,0.3262052173957376,0.6222150414391574
"bidet from Round Rock TX, Critters!",neither,0.04038394629636388,0.31457903764927836,0.6450370160543578
"Wow, I feel old with that reference @GeekandSundry Pit Crew",neither,0.03019680256890241,0.3804735838927297,0.5893296135383678
!wallet,neither,0.03945320844208391,0.33037608806864915,0.630170703489267
tyranosaurus_crassus has 6318 coins,neither,0.03989735448983053,0.32283777050957063,0.6372648750005988
bidet from buffalo ny,neither,0.04043211762049359,0.3137614445616591,0.6458064378178473
looks like i might be adding more kiki haters to my blocked list,neither,0.04316934668907994,0.38610710545625176,0.5707235478546684
I would watch Marisha explain just about anything. She's adorable. <3,neither,0.03910164830647104,0.417458665342095,0.543439686351434
lol,neither,0.020706217963973744,0.4882283491876925,0.4910654328483337
So it's still half an hour till the episode tho right?,neither,0.03451702462049203,0.37179333617724103,0.593689639202267
!whenistm,neither,0.03945320844208391,0.33037608806864915,0.630170703489267
I'm a Kiki hater hater.,neither,0.03945320844208391,0.33037608806864915,0.630170703489267
"Talks Machina is on at 7 PM PST, it is currently 6:36 PM PST. There is 23 minutes 25 seconds until the next episode of Talks Machina. This has command has been run 57 times but has probably been asked about way more.",neither,0.042936837575126126,0.3365915452811663,0.6204716171437077
yeah,offensive_language,0.013968601452186464,0.5182923869769311,0.4677390115708824
Yep,neither,0.03945320844208391,0.33037608806864915,0.630170703489267
Sweet. Thx dudes,neither,0.03945320844208391,0.33037608806864915,0.630170703489267
"Yeah, I must admit to being racist... against Kiki haters. :D",neither,0.2802540412950453,0.21124637292107995,0.5084995857838748
thank the robot overlords,neither,0.03846964349570653,0.32324162505736337,0.6382887314469301
"since the critters (and sadly the crutters too) are turning up, for anyone who hasn't seen them yet:",neither,0.054315290915697485,0.3060924212909763,0.6395922877933263
!momocon,neither,0.03945320844208391,0.33037608806864915,0.630170703489267
Find the MomoCon VODs here: Beyond Critical Role panel: twitch.tv/videos/147443342 and Talks Machina panel: twitch.tv/videos/147576270,neither,0.05135812223980726,0.27636517628668883,0.6722767014735039
I truly don't understand how anyone can dislike any of these people / characters. Had the pleasure of meeting them at Momo. Easily some of the most wonderful people I've ever met.,neither,0.05009921617324766,0.3406288571658189,0.6092719266609333
Hello Hoomans <3,neither,0.03945320844208391,0.33037608806864915,0.630170703489267
"I watched the Momo panel yesterday, that was really fun. Poor lady and gents were so jet lagged.",neither,0.03672396024507745,0.33472178770613226,0.6285542520487903
"Some people just don't like some people. Not everyone can please everyone, sadly.",neither,0.05357784667857606,0.47095309856627043,0.47546905475515344
hey @Leigh574 :) gandsHooman,neither,0.03945320844208391,0.33037608806864915,0.630170703489267
A wild Liz appears!,neither,0.03945320844208391,0.33037608806864915,0.630170703489267
I hope I get to meet them someday,neither,0.09944048780431138,0.2293421341126774,0.6712173780830112
oh hey Liz is there,neither,0.05660317458684302,0.22078098123495588,0.722615844178201
its like people forget its an rpg not an action game,neither,0.05263958940804712,0.3113437131058211,0.6360166974861318
hi @postdataest :),neither,0.03945320844208391,0.33037608806864915,0.630170703489267
"Oh. also, #FreeDenise.",neither,0.046971669181971716,0.25991907047264484,0.6931092603453834
Bidet from Norway:),neither,0.04228451509352876,0.2823214250720796,0.6753940598343917
Bidet from Chongqging China,neither,0.04079557052152802,0.30759270029461827,0.6516117291838538
Hello everyone!,neither,0.03269494828970791,0.4450814005079928,0.5222236512022994
Hey everyone!,neither,0.031959242684595296,0.4575682446653829,0.5104725126500218
bidet from New Zealand,neither,0.046710622032705686,0.1542697019613409,0.7990196760059534
bidet from canada,neither,0.04071751644889743,0.3089174816120565,0.6503650019390461
#CaptivateDenise,neither,0.03945320844208391,0.33037608806864915,0.630170703489267
#StayTurnt,neither,0.03945320844208391,0.33037608806864915,0.630170703489267
"First time watching these guys live, currently binging critical role from the beginning on Youtube. Its going to be a VERY long ride.",neither,0.03897876441295827,0.36848169786083795,0.5925395377262037
I just finished the long binge myself. Good luck!,neither,0.03485008027869684,0.332676485228927,0.6324734344923761
What episode are you on? :),neither,0.11090099585582051,0.33591768435517483,0.5531813197890046
#StayTurd,neither,0.03945320844208391,0.33037608806864915,0.630170703489267
@rynohoopti watch out for spoilers,neither,0.03231277991770847,0.31082091462314454,0.6568663054591469
"@rynohoopti just as a heads up they sometimes discuss spoilers, but have fun binging!",neither,0.03219167284330109,0.4031619225460748,0.5646464046106242
"but a fun one, @rynohoopti",neither,0.03389145869167532,0.38740152964869734,0.5787070116596273
"I wish I could start from the beginning again with no memory of it, what a wild ride it was.",neither,0.033514772715784735,0.35439540163357774,0.6120898256506374
bidet from denver!!,neither,0.04069404815304118,0.30931579984010865,0.6499901520068502
is subbing done by show or just for the whole channel?,neither,0.04586698306915697,0.299280224209232,0.6548527927216109
hey,neither,0.03945320844208391,0.33037608806864915,0.630170703489267
"#Re-captureDenise, AIs have no rights, #FreeHolly (we know she's human)",neither,0.18294955399362675,0.25041084714969947,0.5666395988566738
hay all,neither,0.041738381923244985,0.42092048044029723,0.5373411376364577
"Just finished episode 11, I understand spoilers are going to be a threat, ill keep an ear out. Thanks guys",neither,0.04708778107993997,0.3292947342234433,0.6236174846966167
Hello caht,neither,0.03945320844208391,0.33037608806864915,0.630170703489267
Bidet from Orlando :),neither,0.04062582848913359,0.31047366557575606,0.6489005059351104
A Late UK Bidet :),neither,0.03945320844208391,0.33037608806864915,0.630170703489267
bidet from Slovakia,neither,0.04228451509352876,0.2823214250720796,0.6753940598343917
!sub the channel,neither,0.03858683204306896,0.3145418070605503,0.6468713608963808
Help support the #GnSLive twitch channel! $4.99/month gets you exclusive sub-only benefits and helps keep the channel alive! Thanks! twitch.tv/geekandsundry/subscribe or for MOBILE https://secure.twitch.tv/products/geekandsundry/ticket/new,neither,0.047564760200365624,0.28780811278399754,0.6646271270156369
@digital_mystik channel,neither,0.03945320844208391,0.33037608806864915,0.630170703489267
@digital_mystik whole channel,neither,0.03945320844208391,0.33037608806864915,0.630170703489267
Tis he who smells like cabbage!,neither,0.06137139515464157,0.4240037943965778,0.5146248104487807
rawr,neither,0.03945320844208391,0.33037608806864915,0.630170703489267
"Bidet from Ann Arbor, Michigan.",neither,0.04042374769943318,0.3139035039658076,0.6456727483347593
!benefits,neither,0.03945320844208391,0.33037608806864915,0.630170703489267
"Benefits of subbing to G&S include: Access to our Minecraft server, access to Twitch VODs, exclusive emotes, and ability to post links in chat! Sub now to help keep the channel alive! Thanks! http://twitch.tv/geekandsundry/subscribe",neither,0.04645755386688317,0.27668575146158403,0.6768566946715328
I wonder how they got the rights to use the music from the Hellboy soundtrack. Was Hellboy done by legendary?,neither,0.02452482337013349,0.3937796059489432,0.5816955706809234
@rynohoopti Oh man you have a lot too look forward to. Welcome to the community :D,neither,0.06454583432096357,0.35780207926275903,0.5776520864162775
starting late today or am I trippin?,neither,0.038180805166540405,0.3132411995191569,0.6485779953143026
I cant wait till my daughter gets a little older so i can show here what an amazing ride this campaign has been. i'd love to see this made into a novel.,neither,0.061786610557816334,0.3383604481034977,0.5998529413386858
bidet from buffalo ny,neither,0.04043211762049359,0.3137614445616591,0.6458064378178473
:),neither,0.03945320844208391,0.33037608806864915,0.630170703489267
cohh7 hey folks,neither,0.03945320844208391,0.33037608806864915,0.630170703489267
yer trippin @Vapoholic not due to start for another 15 mins,neither,0.06393056645990894,0.2713202426248193,0.6647491909152718
@rynohoopti Yeah dude i'd nope outta here as soon as possible. Alot of great moments i wouldn't want to be spoil t for me.,neither,0.040100720446741955,0.3811566365594259,0.5787426429938323
"LOL ""Marisha Explains It All"" omg",neither,0.03249446764734533,0.4553628050260661,0.5121427273265886
Bidet from Wisconsin,neither,0.04071751644889743,0.3089174816120565,0.6503650019390461
"@Anolin_Felinar Thankyou, i am addicted, cant wait",neither,0.039275735146272216,0.3304371292732237,0.6302871355805041
@Xanion_delsett about 17 min until start,neither,0.038180299031784465,0.35198068279027217,0.6098390181779433
"zer0cypher - OC Remix, not original, copyright free",neither,0.03852945417354058,0.3338330891946166,0.6276374566318429
wait why does it say I'm a 6-month sub? I haven't subbed in a couple months lol,neither,0.023429477425865923,0.43419292634746715,0.542377596226667
@Vaeku Last week it was Mercer as Wilson from Home Improvement. 90s memes!,neither,0.03813924223467808,0.3403746102323163,0.6214861475330057
"@sir_jason_ I dont plan on staying long, just wanted to check out the stream for the first time",neither,0.029125292491946873,0.333458740704849,0.6374159668032042
"speaking of 15 mins, I froze mah boba solid, gonna go thaw it out a tad",neither,0.03668404029928021,0.3640897148049814,0.5992262448957384
@Dantar12 haha I missed that,neither,0.03098166330967025,0.4503272878822746,0.5186910488080552
!wallet,neither,0.03945320844208391,0.33037608806864915,0.630170703489267
laxwall11 has 17431 coins,neither,0.03989735448983053,0.32283777050957063,0.6372648750005988
@rynohoopti thanks for stopping in! :),neither,0.03227228471347302,0.28905262913587165,0.6786750861506553
CoolStoryBob CoolStoryBob CoolStoryBob,neither,0.03945320844208391,0.33037608806864915,0.630170703489267
bidet from canada!,neither,0.04071751644889743,0.3089174816120565,0.6503650019390461
!wallet,neither,0.03945320844208391,0.33037608806864915,0.630170703489267
s0bchaks3curity has 2266 coins,neither,0.03989735448983053,0.32283777050957063,0.6372648750005988
