text,top_class,hate_speech,offensive_language,neither
"All hail chief, our Yellow Boxed Overloard!",neither,0.01666460526836033,0.08610599078229804,0.8972294039493417
"@DeLevely @ficklefandoms Yeah my NB pals! :D I might be dating another NB soon! They are great, I'm gonna help them pick out a dress on friday :D",neither,0.05643553163201232,0.3553114701873106,0.5882529981806771
Remember a while back (Rucka run) how WW blinded herself so she could decapitate Medusa?,neither,0.04013481020752921,0.3964762985530255,0.5633888912394452
the rails just don't exist @mattypick22 @misssunflower94,neither,0.03326562464928894,0.33609218272831415,0.630642192622397
"@Soap_lady7 Coming from the civilization she does, it certainly makes sense",neither,0.029597554488444595,0.4503642839407742,0.5200381615707812
WW's creator was polyamorous and into BDSM so it's cool to think she's queer,offensive_language,0.3179495431065847,0.5452309739564057,0.1368194829370096
Re hrpgSub hrpgHyperHype,neither,0.10802165902134243,0.2484119200751343,0.6435664209035233
I think that was Rucka...,neither,0.03369778247097425,0.38938232283407137,0.5769198946949543
sup chat ❤❤❤,neither,0.03945320844208391,0.33037608806864915,0.630170703489267
@delevely Congrats on finishing a major project though!,neither,0.03759038066112284,0.3392414998653649,0.6231681194735122
"@Chovexani Thanks, I put some effort into it.",neither,0.03030738261886434,0.32699648970735273,0.642696127673783
"It occurs to me it'd be fun if Wednesday Club had a different ""cover image"" to open each issue.",neither,0.03171725418880606,0.3727397050374933,0.5955430407737007
the wild contagious enthusiasm balances out the linear analysis,neither,0.035757627060500494,0.32076006571690324,0.6434823072225963
Thanks @ShandraVdeG !,neither,0.035884468650613,0.3004919205142699,0.6636236108351171
@japenrose Glad to know it's not just me,neither,0.030864959236441572,0.39453581165190754,0.5745992291116508
it'll be nice to listen to someone else talk about Wonder Woman comics for a change.,neither,0.03043775552491964,0.3487027794904185,0.6208594649846619
@DeLevely Must be satisfying knowing you've finished a big project though.,neither,0.024623802823162858,0.37098874795188325,0.6043874492249539
woo,neither,0.03945320844208391,0.33037608806864915,0.630170703489267
Wednesday Club Assemble!!!,neither,0.03945320844208391,0.33037608806864915,0.630170703489267
@ahsokagrey can't get off the rails if there are none very true,neither,0.0389536925484198,0.29783169917145264,0.6632146082801275
Tally-ho!,offensive_language,0.013321108536384277,0.8771497931721385,0.10952909829147721
is now in lurk mode,neither,0.048187243920270684,0.32737205276324133,0.6244407033164878
great timing!,neither,0.03755358728743713,0.3050757550531077,0.6573706576594552
"Woot! Hello Amy, Taliesin, and Matt!",neither,0.03891191229264008,0.3038500275037168,0.6572380602036431
"Hi @Zenora1911 ok, but still slowly recovering.",neither,0.03590272258074499,0.3520167713932911,0.612080506025964
hey all! Wow good timing !,neither,0.04036748945410991,0.38990286473697783,0.5697296458089122
hrpgHeyo hrpgHeyo,neither,0.03945320844208391,0.33037608806864915,0.630170703489267
OMFG TAL THAT TIARA,neither,0.03604023970176876,0.3674187715520289,0.5965409887462023
"Hi Amy, Matt, Taliesin :D",neither,0.03945320844208391,0.33037608806864915,0.630170703489267
omg the intro plays exactly as I sit down on the couch. HELLO!,neither,0.03604865524614277,0.3384294324740741,0.6255219122797833
@Soap_lady7 she is canonically bi,neither,0.047729590177846344,0.3998073532617214,0.5524630565604322
Tali is rocking that tiara,neither,0.04405202138229576,0.37557809385780416,0.5803698847599001
EEEHEHEH,neither,0.03945320844208391,0.33037608806864915,0.630170703489267
YES!,neither,0.03945320844208391,0.33037608806864915,0.630170703489267
Nice tiara Tal,neither,0.03945320844208391,0.33037608806864915,0.630170703489267
"Hey Amy, hey Taliesin, hey Matt",neither,0.03945320844208391,0.33037608806864915,0.630170703489267
"@starpilotsix They kind of do, with the chalk artwork",neither,0.030860870672304076,0.3469099919636248,0.622229137364071
ww's creator was married to a woman who graduated from the college i go to so that's hella cool,neither,0.04061347968301256,0.4395364929480112,0.5198500273689761
YES YES YES!,neither,0.03945320844208391,0.33037608806864915,0.630170703489267
Amy's excited!!,neither,0.03945320844208391,0.33037608806864915,0.630170703489267
I love the headband!,neither,0.0354413717117043,0.3270902284448931,0.6374683998434026
That chalk art though :D,neither,0.0363531879172699,0.36397286498951265,0.5996739470932174
... Isn't she always radiating with happiness?,offensive_language,0.02944488086649585,0.4887060458869281,0.48184907324657605
YAY!,neither,0.03945320844208391,0.33037608806864915,0.630170703489267
Boo yah!!!!,neither,0.03945320844208391,0.33037608806864915,0.630170703489267
"The two women that he was ""married to"" stayed together even after he died. So more than likely it was a true poly relationship between the three.",neither,0.0466687320827728,0.3748484506486804,0.5784828172685468
"Did Amy make you do this, guys? :)",neither,0.05468906412666631,0.37245934213882287,0.5728515937345109
"I always kinda figured, ""I mean, like, isn't that completely logical... being like... ancient Greek and living and growing up in a place where as far as you know Women are the only people who exist.""",neither,0.07231131437362129,0.4083284737123184,0.5193602119140602
Hera GIve Us Strength!,neither,0.08193014159405856,0.3222097479882034,0.5958601104177381
efxHail gandsSubHype gandsSubHype gandsSubHype,neither,0.03945320844208391,0.33037608806864915,0.630170703489267
hrpgHeyo hrpgHeyo gandsLessthanthree gandsLessthanthree,neither,0.03945320844208391,0.33037608806864915,0.630170703489267
Hey everyone!!!!,neither,0.031959242684595296,0.4575682446653829,0.5104725126500218
"aww, amy's not wearying the bracelets",neither,0.037893433610530734,0.32224484001440296,0.6398617263750663
@CiaraTheBraid Yay!,neither,0.03945320844208391,0.33037608806864915,0.630170703489267
I want a tiara like that.,neither,0.05285291934336905,0.4325583290415013,0.5145887516151296
Here we go!,neither,0.13156755280784707,0.2765461283225309,0.5918863188696221
WEDNESDAY CLUB!!!!!!,neither,0.03945320844208391,0.33037608806864915,0.630170703489267
I thought Amy was always radiating with happiness?,neither,0.03219674191929004,0.32579629062889437,0.6420069674518156
Oh they made a movie ? :-P,neither,0.04779562906326042,0.23411204524969476,0.7180923256870448
aloha everyone,neither,0.03340652803457017,0.43300403516252906,0.5335894368029007
@stargazer1977 Yes!,neither,0.03945320844208391,0.33037608806864915,0.630170703489267
Directed by a WOMAN!,neither,0.037882557373727074,0.45452102022489793,0.5075964224013749
So stylin',offensive_language,0.039501631330860744,0.48329170807269783,0.4772066605964413
WHOO,neither,0.03945320844208391,0.33037608806864915,0.630170703489267
Love your tiara Tal,neither,0.06895374527646206,0.3352716468198772,0.5957746079036608
Wonder Woman spin!,neither,0.0374883061558518,0.3637256078523461,0.598786085991802
OMG THE CAPE,neither,0.03858037476425008,0.3144208991863359,0.646998726049414
he really pulls the tiara off well,neither,0.043381587930219664,0.3146015477651811,0.6420168643045993
She gave him that cape,neither,0.037056783585209745,0.4405132569077883,0.5224299595070019
Taliesin needs to wear more tiaras,neither,0.04971284156923629,0.31477657914139084,0.6355105792893729
omg Yes Tal & Matt,neither,0.03945320844208391,0.33037608806864915,0.630170703489267
Hehe spin,neither,0.03945320844208391,0.33037608806864915,0.630170703489267
Matt Key wear's that Cape around the house on the Weekends,neither,0.03502132545857224,0.3425354358621307,0.622443238679297
"Sorry Matt, you're too tall! XD",neither,0.07147676989123809,0.3463204150834902,0.5822028150252717
@cinphoria Agreed,neither,0.03945320844208391,0.33037608806864915,0.630170703489267
do the full spin do the full spin,neither,0.0598425013136763,0.30767776841766464,0.6324797302686592
Taliesin your tiara/headband is gorious!,neither,0.09433145806675147,0.31396166205936027,0.5917068798738884
Yeah I'm not sure I notice the difference in this Amy,neither,0.025034937181418936,0.4696189459053406,0.5053461169132405
Taliesin looks amazing in a tiara,neither,0.03945320844208391,0.33037608806864915,0.630170703489267
Re hrpgSub hrpgHyperHype,neither,0.10802165902134243,0.2484119200751343,0.6435664209035233
I wanna see WW this weekend,neither,0.03937452748587078,0.3317115092365189,0.6289139632776104
@cinphoria agreed,neither,0.03945320844208391,0.33037608806864915,0.630170703489267
Taliesin how many tiaras do you have? ;),neither,0.06404600148223075,0.4046270359320955,0.5313269625856738
Giant Matt problems,neither,0.03945320844208391,0.33037608806864915,0.630170703489267
Tiaras need to come back into style,neither,0.043801503440308955,0.3496913510045002,0.6065071455551909
Do the Linda Carter spin!,neither,0.03981548113642455,0.3182919279604295,0.641892590903146
EVERYONE needs to wear more tiaras if they feel like tiaras!,neither,0.03283828955560492,0.4527369182895567,0.5144247921548384
"If Matt spins faster, he'll change into Lynda Carter's costume",neither,0.03131619762312791,0.36114664542331854,0.6075371569535536
@Soap_lady7 The history of Wonder Woman is almost more interesting than the comics themselves. :),neither,0.042235683373140924,0.3301783113205172,0.6275860053063418
lol,neither,0.020706217963973744,0.4882283491876925,0.4910654328483337
In my head canon WW is 6 ft 5 inches,neither,0.03540120969985246,0.40026340060617766,0.5643353896939699
wuuuuuut!,neither,0.03945320844208391,0.33037608806864915,0.630170703489267
God Amy can I love you more?,neither,0.05352513871158486,0.3720374144187524,0.5744374468696628
gandsSaxHype gandsSaxHype gandsSaxHype gandsSaxHype gandsSaxHype gandsSaxHype gandsSaxHype gandsSaxHype,neither,0.03945320844208391,0.33037608806864915,0.630170703489267
WONDER WOMAAAAAAN!,neither,0.03945320844208391,0.33037608806864915,0.630170703489267
Funkos,neither,0.03945320844208391,0.33037608806864915,0.630170703489267
"@stargazer1977 I know, right?",neither,0.03772648452600981,0.3640217083279442,0.598251807146046
Love Tallesin's Tiara/crown,neither,0.0360053414055849,0.3465167256147498,0.6174779329796654
"Every year I say capes need to come back, and every year I don't. Figure I'm just going to have to get one :-)",neither,0.04375001761431597,0.36395397717156563,0.5922960052141184
What o.O,neither,0.057770773616808734,0.3180719994247239,0.6241572269584672
"god, all the WW merch in stores right now is gonna put a dent on my savings",neither,0.03537911550590058,0.42813803317133653,0.5364828513227629
Is Wonder Woman the Christmas present for the TBD RPG Christmas Special?,neither,0.054369938371730826,0.30682452744571,0.6388055341825593
wooooow,neither,0.03945320844208391,0.33037608806864915,0.630170703489267
IT IS WONDERWOMAN CHRISTMAS,neither,0.04862292236456448,0.3272222029679512,0.6241548746674844
HALLO CHAT you are so excited today,neither,0.08124164490668816,0.3458567353458902,0.5729016197474217
*they,neither,0.03945320844208391,0.33037608806864915,0.630170703489267
i want dat pop funko <3,neither,0.0415064729555723,0.295526830681376,0.6629666963630516
"I got to see Wonder Woman already! I won't spoil, but here's my take: not a perfect movie, but the best so far in the DCEU. Gal Gadot's acting alone is worth the price of admission.",neither,0.04769647883077607,0.3711145232931775,0.5811889978760465
The tiara is fantastic.,neither,0.04841112831171798,0.3078014502272007,0.6437874214610814
All the chat is waiting for you...and the power you possess....,neither,0.06153798280350024,0.3566536973972631,0.5818083197992366
One of the most loved unless you're a sad manbaby.,neither,0.06696354770405276,0.3527074861352292,0.580328966160718
It's Everyone is Sam Day,neither,0.039790277843190336,0.4134489768195632,0.5467607453372465
PogChamp PogChamp PogChamp PogChamp,neither,0.03945320844208391,0.33037608806864915,0.630170703489267
"slap a W on it and I'll buy it, it's almost pavlovian",neither,0.033939417264868384,0.3116540543558432,0.6544065283792885
@DeLevely Definitely,neither,0.03945320844208391,0.33037608806864915,0.630170703489267
Always makes me sad when people leave Funkos in the box,neither,0.04129221682462023,0.41608199943575946,0.5426257837396203
Wonder Woman was also created by a guy that was into BDSM....... O.O,neither,0.035963049270858284,0.4133500106389786,0.5506869400901633
"right now I'm not sure whether to say ""get you someone who looks at you like Taliesin & Matt are looking at Amy right now"" or ""get you someone who talks about you like Amy talks about Wonder Woman""",offensive_language,0.074401530114932,0.5244155628135956,0.4011829070714723
75 years that's .. mind blown,neither,0.036642719204847046,0.36079299902490813,0.6025642817702448
"Aw, widdle Wonder Woman Funko!",neither,0.037338852990464536,0.36626221811064896,0.5963989288988866
BlessRNG BlessRNG BlessRNG BlessRNG,neither,0.03945320844208391,0.33037608806864915,0.630170703489267
Amy! <3,neither,0.03945320844208391,0.33037608806864915,0.630170703489267
oh my god her face! <3,offensive_language,0.024477225098301508,0.6100104856012537,0.3655122893004447
*giggle* Amy's face it's perfect,neither,0.038171936965236436,0.3308167760830126,0.631011286951751
:O,neither,0.03945320844208391,0.33037608806864915,0.630170703489267
@101deadpool1017 And helped invent the lie detector,neither,0.03822338392672353,0.2878008542213684,0.6739757618519081
that is nice,neither,0.04564997830763704,0.3890821912197864,0.5652678304725767
This is such a great example of why Amy is so loved by Chat!,neither,0.0403749473840958,0.3679213810488309,0.5917036715670733
I want a wonderwoman box,neither,0.039774518218330314,0.3249226226140526,0.6353028591676172
having read golden age comics I think that was not an uncommon interest,neither,0.037029380310275854,0.349178690435467,0.6137919292542571
"My favorite two parts of Wonder Woman is the history of the creators and the Greek Mythology. I'm a huge fan of comparative mythology (Joseph Campbell and such), and especially the Greeks and Norse.",neither,0.0360389008407675,0.29736212024562975,0.6665989789136028
:o,neither,0.03945320844208391,0.33037608806864915,0.630170703489267
BegWan BegWan BegWan BegWan,neither,0.03945320844208391,0.33037608806864915,0.630170703489267
I should work on my wonder woman drawing while I watch :),neither,0.038677064697284956,0.44778219151092474,0.5135407437917904
https://clips.twitch.tv/ThoughtfulAbstruseSkunkKreygasm,neither,0.03945320844208391,0.33037608806864915,0.630170703489267
"@cinphoria ""Everyone Is Sam Day"" is when I go to the studio on Thursday and turn around constantly when they talk to Sam Riegel :P",neither,0.030667517243002408,0.3885020030891199,0.5808304796678776
Amy is One of Us,neither,0.0910272930573028,0.347631848957888,0.5613408579848093
she's being extra adorable,neither,0.03606423322232456,0.43674699554928453,0.5271887712283908
@101deadpool1017 as a woman into BDSM I can tell you it's a very feminist culture >.>,neither,0.38530500832945175,0.071836558200882,0.5428584334696663
So cute!,neither,0.04296880691731001,0.35555683390548976,0.6014743591772002
Gah! So adorable. I wants it!,neither,0.03827731118709672,0.36704231878663307,0.5946803700262702
Poke Wonder Woman?,neither,0.0374883061558518,0.3637256078523461,0.598786085991802
amy is very excited,neither,0.04631819775210653,0.3280149034467112,0.6256668988011822
gawwww it's a mini Wundie,neither,0.03750910659539627,0.3310447538416866,0.6314461395629172
Amy is so adorable omg,neither,0.046016659072030425,0.36459322776207337,0.5893901131658963
"Ok, I gotta draw excited Amy now",neither,0.03822922291303245,0.35115031684433845,0.6106204602426292
"Well, a BLESSING on your potato!",neither,0.062456065157076426,0.3349297164398864,0.6026142184030372
Amy is adorable,neither,0.04718106064976454,0.32771812532910854,0.6251008140211268
<3,neither,0.03945320844208391,0.33037608806864915,0.630170703489267
<3,neither,0.03945320844208391,0.33037608806864915,0.630170703489267
tinytatoPotato you say?,offensive_language,0.09087254262289358,0.45857920991606765,0.4505482474610388
*giggle*,neither,0.03945320844208391,0.33037608806864915,0.630170703489267
Of course we love Amy,neither,0.03683453796506663,0.3441953307161628,0.6189701313187705
"Okay, the tiny one is so adorable that I think I need it.",neither,0.039901308122948516,0.39039294819269926,0.5697057436843523
@DeLevely <3 :P BUT EVERYONE IS SO EXCITED,neither,0.037377969542431846,0.47572743085490105,0.4868945996026671
Amy you are the cutest thing,neither,0.07699679123232944,0.31288744876767677,0.6101157599999938
"Okay, amy is adorable",neither,0.046288991249687425,0.3280249489021749,0.6256860598481376
This is wonderful,neither,0.04959008194734716,0.32877495885699387,0.621634959195659
:-D,neither,0.03945320844208391,0.33037608806864915,0.630170703489267
awwwwww,neither,0.03945320844208391,0.33037608806864915,0.630170703489267
We love you Amy! <3,neither,0.053365557005338904,0.39994406012575423,0.5466903828689069
It's so nice to watch people who are so passionate.,neither,0.0995229291623444,0.39862545549322054,0.5018516153444351
Chat was always in love with Amy. We're just more in love now.,neither,0.035394973011979795,0.39155307615970136,0.573051950828319
XD Haaa @DeLevely,neither,0.03945320844208391,0.33037608806864915,0.630170703489267
gandsLessthanthree,neither,0.03945320844208391,0.33037608806864915,0.630170703489267
Please only get Amy decaf today. All I'm saying...,neither,0.03368218230929342,0.36715836350325454,0.5991594541874521
"Taliesin, I've never seen you look as cool as you do NOW!",neither,0.035414971709627555,0.4520266992439245,0.5125583290464479
hi everyone,neither,0.032490659208996964,0.4485487193596734,0.5189606214313296
Walking in a Wonder Woman Wonderland,neither,0.03731198752256592,0.36671819521417254,0.5959698172632616
We're excited for you!,neither,0.07435360400168127,0.3093732923434043,0.6162731036549143
Amy Dallen deserves all her dreams,offensive_language,0.03371636498029288,0.5623166050085148,0.40396703001119244
"Amy, your enthusiasm is infectious!!",neither,0.076934290844065,0.31923464104718907,0.6038310681087459
Its always a joy to see Amy so happy. Her smile is amazing and it makes me smile,neither,0.03309659297775134,0.4687703934413932,0.49813301358085543
Always a good idea with all flagpole movies,neither,0.02955731839188717,0.4723708878897627,0.49807179371835014
"""It's so cute...but IT""S WRONG!!!""-two stupid dogs",neither,0.09706580749548338,0.24980178629150065,0.653132406213016
enthusiamy!!!,neither,0.03945320844208391,0.33037608806864915,0.630170703489267
"@cinphoria It he also had get get captured and tie up, so she could save herself. Because she don't need no man to save her.",offensive_language,0.03847985586511666,0.557321378327004,0.4041987658078791
Tali can wear a WW tiara and not look silly,neither,0.03938065638550216,0.30042321262528515,0.6601961309892126
So wait. Does Amy like Wonder Woman or not??,neither,0.033125066769716514,0.48208198112976003,0.48479295210052353
We don't acknowledge all those Batman movies.,neither,0.05801666712469438,0.32975748660045673,0.612225846274849
Mask of the Phantasm is the best Batman movie,neither,0.044724931888994,0.2762115452532341,0.6790635228577719
"@GeekandSundry Ok, so far? This is my favorite episode of Weds. Club!",neither,0.03599736649671748,0.421073952219968,0.5429286812833144
Taliesin can wear ANYTHING as far as I care,neither,0.036736641807539994,0.3764833135308274,0.5867800446616326
QUESTION: can y'all please do the wonder woman spin at some point before today's show is over?,neither,0.041158166091400585,0.3736218846324305,0.5852199492761688
"so many batman movies, cartoons and tv shows",neither,0.03889622385936763,0.3317765824120701,0.6293271937285624
The bad ones are sometimes more enjoyable,neither,0.06078863577525311,0.2644403091318759,0.6747710550928709
and still look cool,neither,0.03970362609671606,0.29955904032793107,0.6607373335753528
"Hell, Catwoman's had a film. About damn time Diana got one",offensive_language,0.04155908011660158,0.8764571302838217,0.08198378959957686
Does anyone else want Tal to wear the tiara tomorrow night for Critical Role?,neither,0.028480889562884366,0.3726726464254514,0.5988464640116642
honestly tal can wear anything and not look silly,neither,0.03938327928253714,0.3044635452573644,0.6561531754600983
"Batman '66 is pretty great, tbh",neither,0.04409831379006203,0.30840711489555467,0.6474945713143834
Who isn't in love with Amy? Adorable,neither,0.029811727203545687,0.41572911996632955,0.5544591528301248
@SpaceGhostOfficial That's her super-hero name right there!,offensive_language,0.029073703054990917,0.5011361974674626,0.4697900994775463
This is true,neither,0.052226555623309454,0.3282947143461781,0.6194787300305125
wednesday club always make my day brighter,neither,0.029453226754853987,0.4321247616170484,0.5384220116280976
It's the only movie I WANT to see in theaters since Lord of the Rings,neither,0.0431677570173048,0.2807039528230935,0.6761282901596017
hahaha,neither,0.03945320844208391,0.33037608806864915,0.630170703489267
Keepo Keepo ANT--MAN,neither,0.03962318657767588,0.40662026348059377,0.5537565499417304
I still want a Squirrel Girl movie,neither,0.035572203737126454,0.35858116345527097,0.6058466328076025
The DC trinity is complete,neither,0.04506534957440362,0.3154780403283185,0.6394566100972778
https://clips.twitch.tv/WealthyHelpfulLocustLitFam,neither,0.03945320844208391,0.33037608806864915,0.630170703489267
66 is also my favourite Batman film,neither,0.0362675916208855,0.38566890178535407,0.5780635065937606
:D,neither,0.03945320844208391,0.33037608806864915,0.630170703489267
"Well Marvel is a movie making machine, and has been for years now.",neither,0.041490541502888396,0.2602489790214673,0.6982604794756443
"We need more female protagonists, especially WOC",neither,0.03890052025510998,0.35513230932171225,0.6059671704231778
spiderman has more movies,neither,0.04134421063070949,0.31659495145175864,0.6420608379175319
"One of the things that I want them to talk about is the fact that of all the Justice League, the only one that doesn't really have any weaknesses is Wonder Woman. Even as a male, she's an important superhero to me.",neither,0.036405942361031514,0.4588115438846342,0.5047825137543342
"Taliesin should always wear tiaras, he looks so dashing and glorious",neither,0.05394970671186303,0.4173114977905181,0.5287387954976189
Oh boy,neither,0.04768565599480007,0.25364348607606696,0.698670857929133
Gods I can't even,neither,0.038201313879820654,0.35162400597471505,0.6101746801454643
took long enough for her to finlly get her own movie,offensive_language,0.04142437843870011,0.5643415003013016,0.3942341212599983
So on Eric's TBD RPG this week Amy will possibly be super emotional,neither,0.03883727391614653,0.3523848187688222,0.6087779073150312
I DIDN'T KNOW ARCLIGHT HAD 90MM,neither,0.021905778092205265,0.3879542254312009,0.5901399964765939
#reasons,neither,0.03945320844208391,0.33037608806864915,0.630170703489267
It's INTENSE,neither,0.03772653554390317,0.33096997005595963,0.6313034944001372
Oooohh.... *is very jealous*,neither,0.04884513440325543,0.3271457740581784,0.6240090915385661
also yay 70mm,neither,0.03945320844208391,0.33037608806864915,0.630170703489267
The tiara does look killer with his hair :D,neither,0.03474703596424932,0.451608951427302,0.5136440126084487
So baaaaad,offensive_language,0.039501631330860744,0.48329170807269783,0.4772066605964413
I wonder what reasons,neither,0.04512707460693288,0.32631320302883715,0.62855972236423
"@JodyHouser Yeah, it's the giant dome one!",neither,0.024866216925678374,0.4270900855460843,0.5480436975282375
Is it Thursday yet?,neither,0.04651135664277627,0.32794846724679255,0.6255401761104311
lmao playing dnd instead of wonder woman,neither,0.03730571955813275,0.36682457892868703,0.5958697015131802
@starpilotsix Me too,neither,0.025456656249999262,0.41690574403459846,0.5576375997154023
lmao bless poor Taliesin,neither,0.03844357596443618,0.34751218614513063,0.6140442378904332
I wonder if Gene Hackman's Lex Luthor saying Nuke-u-lar instead of Nuclear was in the script or an acting decision of Hackman's,neither,0.028039852900371687,0.3466121626208969,0.6253479844787314
lololol,neither,0.03945320844208391,0.33037608806864915,0.630170703489267
WW taught me kindness is strength,neither,0.03931729686924526,0.3536051327981315,0.6070775703326233
WAIT?! DOES SOMETHING HAPPEN HERE ON THURSDAY NIGHTS?!,neither,0.04964172915788393,0.4035039915318097,0.5468542793103063
You know the WW movie with Kathy Lee Giffard and Ricardo Montalban was the best. Fight Me,neither,0.035142488686694624,0.33003009367288577,0.6348274176404196
Give us WW shirts!,neither,0.07027941725411355,0.324830768921976,0.6048898138239105
Amy wasn't going to have a shirt to fit Matt,neither,0.046343619653497016,0.34768056071051584,0.6059758196359871
@JodyHouser Yeah! Arclight is usually the main one who does it in that MM that I know of!,offensive_language,0.022603883104787753,0.5241970360010159,0.45319908089419636
!mnctimer,neither,0.03945320844208391,0.33037608806864915,0.630170703489267
"There is currently 23 Hours, 49 Minutes, 25 Seconds until the next amazing episodes of Mines 'N' Crafts!",neither,0.04198406495310485,0.3101287842425512,0.6478871508043441
the world needs more WW swag,neither,0.03848307250536091,0.3396136290144467,0.6219032984801924
I think Tailspin is rocking that tiara,neither,0.04420884914690218,0.36222755762520065,0.5935635932278971
"@Karbacca Yes, the replay of Game the Game",neither,0.037684752833055314,0.2563682133140455,0.7059470338528991
SOMEONE PHOTOSHOP TALIESIN IN A BLUE DENIM JACKET RIGHT MEOW,neither,0.03892218283245769,0.34074566692672914,0.6203321502408131
I think Tal can pull off all the things,neither,0.04058563300775484,0.3589436474549102,0.600470719537335
thinks about tiny Taliesin in a blue denim shirt >.>,neither,0.038427949539827574,0.34777740735245716,0.6137946431077154
"I used to have Wonder Woman Underoos. Oh, the '80s. :)",neither,0.04536803477102015,0.31336371473704844,0.6412682504919314
@Karbacca Nope. Just a few hours of test and tone,neither,0.03595248958615147,0.3174748087585009,0.6465727016553475
@Bitgod I think that was Cathy Lee Crosby,neither,0.03569743459307169,0.36850372944097465,0.5957988359659536
PogChamp PogChamp PogChamp PogChamp,neither,0.03945320844208391,0.33037608806864915,0.630170703489267
squirrel girrrrrl,neither,0.03945320844208391,0.33037608806864915,0.630170703489267
": O! Taliesin, Denim is super goth, what's wrong with you? Sheesh! Turbonegro!!!???",neither,0.049426282817983724,0.3767251467344735,0.5738485704475428
Ooooo,neither,0.03945320844208391,0.33037608806864915,0.630170703489267
I saw an amazing Wonder Woman skirt on Hot Topic the other day...,neither,0.03674218882714897,0.3378455629162972,0.6254122482565538
WW movie with Cathy Lee Crosby,neither,0.03230005656436817,0.32933866230045195,0.6383612811351799
@DeLevely I can't see in the Dome unless I'm up high,neither,0.03438284087589156,0.4157935367523997,0.5498236223717088
that cup so pretty,neither,0.035384291237638234,0.4198853934924079,0.544730315269954
@pagerunnerj OMG! Me too!,neither,0.029562753526890556,0.38926147160788277,0.5811757748652266
nice squirrel girl thermos,neither,0.03369599923477016,0.3868992375494591,0.5794047632157707
AH! RIGHT! Nothing big on Thursdays,neither,0.023704107765563174,0.4322983976681228,0.5439974945663142
that is fantastic,neither,0.04405202138229576,0.37557809385780416,0.5803698847599001
"@JodyHouser relatable, that's one of the reasons I don't tend to do Arclight for movies like these",neither,0.04886329704313065,0.3957181958605102,0.5554185070963591
Wonder Woman is the only female heroine that the majority of people would know.,neither,0.05311648137739452,0.3682036178517325,0.5786799007708731
"@Karbacca I think there's like a D&D thing, or something.... right? Heard it's not that great though. Lol jk Criticial Role FTW.",neither,0.035722486508461784,0.3576660864224551,0.6066114270690831
best wifey,neither,0.038327783955683245,0.3209519283129342,0.6407202877313826
Nothing like big work conferences to remind me what a shy child I am. Can't talk to anybody.,neither,0.03059927492970225,0.26012561696334746,0.7092751081069504
@Soap_lady7 That sounds correct. I knew it was a Lee,neither,0.03564356433104326,0.36206617942083125,0.6022902562481254
Welcome to the Wonder Woman Shopping Network! :),neither,0.04180587483005667,0.3415378343346595,0.6166562908352837
Will you be talking about the New 52 Wonder Woman series?,neither,0.050311955814350585,0.3162112146799433,0.6334768295057062
Arclight? @DeLevely,neither,0.03945320844208391,0.33037608806864915,0.630170703489267
I'm going to Sherman Oaks Arclight,neither,0.04477218533379098,0.35542708871616896,0.59980072595004
"Hey Everyone. Teefury does sell some awesome Wonder Woman shirts, if you're interested.",offensive_language,0.02857854032048309,0.5008110026835569,0.47061045699596005
!questions,neither,0.03945320844208391,0.33037608806864915,0.630170703489267
"To make it easier to read questions in chat, please preface your questions with the word question in all caps. For example, QUESTION: How are you today?",neither,0.06209713493468228,0.3342013724685751,0.6037014925967426
That's awesome! Love Squirrel Girl - I got the keychain in the blind bag finally.,neither,0.032244389205360616,0.3751897714396692,0.5925658393549703
"you can get the mug at the dollar store, the photo can be added easy",neither,0.05992065744270917,0.33479822282132937,0.6052811197359614
the amazing Dr Strange,neither,0.03872613524717435,0.3171383801362575,0.6441354846165682
I'd argue Storm is pretty identifiable for most muggles,neither,0.04044976923994907,0.30578373720277807,0.6537664935572729
@Chovexani Arclight is a movie theatre in LA,neither,0.04822008466105005,0.2965111970930616,0.6552687182458884
I want some WW undies for grown ups,neither,0.026618338580668033,0.39526449549008874,0.5781171659292432
I am always so happy and filled with love whenever I see Wednesday Club.,neither,0.030207951857169037,0.39122203244196135,0.5785700157008695
"@chaoticloony I agree, but I hope Captain Marvel will get more popular after her movie as well. That's also a great character.",neither,0.04525794377322915,0.371042711746421,0.5836993444803497
Ohhhh gotcha :D thnx,neither,0.03945320844208391,0.33037608806864915,0.630170703489267
Can someone reboot Amy please?,neither,0.03965578623993043,0.32693781415327033,0.6334063996067993
"I've had goo experiences with Regal at LA Live, so I'm heading there!",neither,0.020416730486343328,0.35571299268660284,0.6238702768270538
Torrid has WW undies,neither,0.0398838597670735,0.3230668111731776,0.637049329059749
@JodyHouser I'm going to wing it and go somewhere after TBD RPG,neither,0.04234859082171676,0.3208909346636505,0.6367604745146327
Matt Key is adorable today in that blankie-like cape and drinking from an oversized raccoon mug ;_;,neither,0.04513411091686572,0.3162732531347448,0.6385926359483894
good*,neither,0.037820165765928906,0.33093776632913474,0.6312420679049364
creeepWINGL Clappy creeepWINGR,neither,0.03945320844208391,0.33037608806864915,0.630170703489267
I may or may not own more than I should,neither,0.07022981683558809,0.31581136424168454,0.6139588189227274
"QUESTION: Who would you say is the best Wonder Woman villain? Superman has Lex Luthor, Batman has the Joker...who is Wonder Woman's arch-nemesis?",neither,0.048359073576167325,0.3915707546788892,0.5600701717449436
Cheetah,neither,0.03945320844208391,0.33037608806864915,0.630170703489267
(The amount of money I spent when MAC had a WW limited edition line),neither,0.034281384200658564,0.34566137508197503,0.6200572407173665
Cheetah,neither,0.03945320844208391,0.33037608806864915,0.630170703489267
Men is her arch nemesis,offensive_language,0.03729153518318258,0.5308352249970455,0.43187323981977194
Looking forward to Captain Marvel.,neither,0.044394789701032285,0.32746499277439106,0.6281402175245767
QUESTION: How did you feel about New-52 Wonder Woman's relationship with Ares before Rebirth?,neither,0.038339069508594864,0.3977664608936255,0.5638944695977796
Ares is definitely my favorite WW villain. But I really love mythology.,neither,0.03292389127508041,0.395749737540161,0.5713263711847586
"Amy, we're going to give it ALL OUR MONEY so this will be a huge success and they make a million of these",neither,0.05701894695672835,0.3933872483545489,0.5495938046887228
Cheetah or Ares,neither,0.03945320844208391,0.33037608806864915,0.630170703489267
Question for Amy: who was your first female superhero?,neither,0.04524328472988449,0.3690776771740256,0.5856790380960899
BLADE! The new comic movie renaissance started with BLADE!,neither,0.03587596637891141,0.2743460057513093,0.6897780278697794
yeah I thought it used to be cheetah,neither,0.03188651643362268,0.3434761534062012,0.6246373301601761
This is true,neither,0.052226555623309454,0.3282947143461781,0.6194787300305125
@Kabrielle Mine was sold out and it had a 200% markup on Ebay,neither,0.032812414851165594,0.32440831040494,0.6427792747438945
"@EmperorMoley I dunno, I mean overly-enthusiastic Amy is pretty great, I kinda wanna keep her :L",neither,0.036642163360632425,0.43489599896736975,0.5284618376719977
@cinphoria Warner Bros. must hate him...they REALLY hate a company that may or may not have a talking raccoon.,neither,0.19152934964438842,0.2377607886953313,0.5707098616602803
"@DeLevely Drag Tal to whatever viewing you're gonna see, because he talked on facebook about having no time",neither,0.047303446796708344,0.4125942631109085,0.5401022900923832
QUESTION: Who is the Cheeta?,neither,0.04927611670279689,0.3835289316801846,0.5671949516170185
I can't stand DC but I'm still gonna see it just to support it,neither,0.05388543030458187,0.37942523164818465,0.5666893380472335
I try not to think about a lot of Nu52 WW,neither,0.04259347045924635,0.3450312812242984,0.6123752483164553
i know so little about Cheetah,neither,0.0376221375517656,0.4010793292666683,0.5612985331815661
"QUESTION: If I've never read any Wonder Woman at all, where should I start?",neither,0.020509668227806654,0.4500145161956875,0.5294758155765058
@Andrea_Cordes I believe we will not have him on TBD RPG on Friday?,neither,0.03462950344616298,0.3473713375172343,0.6179991590366027
TakeNRG TehePelo GivePLZ,neither,0.03945320844208391,0.33037608806864915,0.630170703489267
ooh dat Wonder Woman chalk board art,neither,0.03821858877018771,0.3513308060013149,0.6104506052284975
"I'm surprised at the lack of complaints of, ""it's just a gender flipped Captain America""",neither,0.10294785295674762,0.291456745731146,0.6055954013121063
@GInquisitor I would imagine her memesis would be some god,offensive_language,0.026728819105621315,0.4967218353508046,0.47654934554357403
"@cinphoria same, i'm just stoked to have a film done by ladies staring a lady",neither,0.04076769192827564,0.3840232282190926,0.5752090798526317
Greg Rucka and Gail Simone are the best,neither,0.05326643682588952,0.26230993954926235,0.6844236236248481
@Andrea_Cordes I would love to go see a comics movie with Tal tho!,neither,0.03371879466181533,0.33998039827598414,0.6263008070622006
Catwoman got a movie before Wonder Woman,neither,0.035148255928009034,0.4233809629609522,0.5414707811110389
@Karbacca Not Blade. Too many people didn't realize Blade was a comic. It started with Spider-Man.,neither,0.03540040594579555,0.4071418852653393,0.5574577087888651
@stargazer1977 I also hope she becomes huge!,neither,0.07264388792068688,0.3000400613250298,0.6273160507542833
QUESTION: can you guys please do the Wonder Woman spin sometime before todays show ends?,neither,0.05114229950923667,0.35261662066409044,0.5962410798266728
seventy-five years,neither,0.03945320844208391,0.33037608806864915,0.630170703489267
GivePLZ TehePelo TakeNRG,neither,0.03945320844208391,0.33037608806864915,0.630170703489267
The spin of the show *squee*,neither,0.05227595477597128,0.22856312498467685,0.719160920239352
she's a wonder,neither,0.04190360054340974,0.4712202063695068,0.4868761930870834
"I'm much more of a Marvel fan than a DC fan, but I will support this fully. I just want good movies, and I also really want more female superhero movies.",neither,0.04456982936793685,0.32229780129219743,0.6331323693398656
@Compel_Bast except she's not at all...,offensive_language,0.04097877398854018,0.559672755091379,0.39934847092008074
"And Black Widow is still waiting, five years after The Avengers... :(",neither,0.05415116086820661,0.29504598272450205,0.6508028564072914
"@DeLevely Oh that's too bad :/ I thought he was only busy last friday, not this one",neither,0.04170392143370808,0.28978331049677963,0.6685127680695122
QUESTION: who is your favorite wonder woman villain,neither,0.07161823484609524,0.40092517449729353,0.5274565906566112
only 75yrs. girl power everyone.,neither,0.02880700135294205,0.4732908425326429,0.4979021561144149
Led by Hippolyta,neither,0.04088649730854698,0.38440616717466386,0.5747073355167892
Catwoman solo movie wasn't even Selina Kyle. And it was awful,neither,0.03877374391754872,0.29291298110889885,0.6683132749735524
@SpaceGhostOfficial ^5,neither,0.03945320844208391,0.33037608806864915,0.630170703489267
I just need it to be Thursday as I won tickets to it in Ireland!,neither,0.04149105330235874,0.36041655549960455,0.5980923911980367
*SARCASM* but a female lead wouldnt sell movies!! *SARCASM*,neither,0.03577279864877952,0.3615558309017226,0.6026713704494978
The Amazons are a Prime group.,neither,0.06320154968731821,0.2720643170512968,0.664734133261385
Is Paradise City on Paradise Island?,neither,0.042101905588751466,0.3363262720873806,0.6215718223238679
Anyone else feel that they were also made from clay but were left in the kiln to long?,neither,0.03928583413825194,0.31502943906623004,0.6456847267955179
@ToonEzon Matt did one at the opening. =P,neither,0.03738710065290753,0.3616417143324908,0.6009711850146017
"@cinphoria I'm not saying the film/she is, but it's a complaint I'm surprised at not seeing",neither,0.03385661028393209,0.4008117249731364,0.5653316647429316
"As much as I love Gal Gadot, I kind of liked Robin Wright as Diana's aunt.",neither,0.0338426236189403,0.38280473201929044,0.5833526443617693
@DeLevely But who wouldn't! He should do an omaze,neither,0.0576058287614462,0.4405236791827261,0.5018704920558277
who cares about Wonder Woman when there is potato to discuss?,neither,0.039361395774483415,0.4054419876925903,0.5551966165329263
Maybe because we know she isn't :P,neither,0.04065440562656659,0.4146593688172216,0.5446862255562118
"@HydroSnail_RyanGreen fair enough, it was a tiny one though",neither,0.03769144375319867,0.35569147205616214,0.6066170841906392
Lynda Carter should have played Hippolyta,neither,0.050770841543949875,0.37403083969002976,0.5751983187660203
"It's hard not to love Robin Wright, she's a wonderful actress.",offensive_language,0.034406420443019246,0.5378431497899991,0.4277504297669817
Steve Trevor,neither,0.03945320844208391,0.33037608806864915,0.630170703489267
but yes I am also surprised by the lack of stupidity in this particular arena because I have low expectations of the world,neither,0.03744461666394717,0.34295281743903183,0.6196025658970209
