text,top_class,hate_speech,offensive_language,neither
Episode 99!,neither,0.03945320844208391,0.33037608806864915,0.630170703489267
Tennessee,neither,0.03945320844208391,0.33037608806864915,0.630170703489267
Wtf is bidet,offensive_language,0.06133462473558788,0.7368762788078915,0.20178909645652043
Let's get ready to.......BIDET!!!!,neither,0.026624370949890105,0.37695683339807684,0.596418795652033
Bidet from Greece,neither,0.04062582848913359,0.31047366557575606,0.6489005059351104
Bidet from Minnesota!,neither,0.04071751644889743,0.3089174816120565,0.6503650019390461
Bidet,neither,0.03945320844208391,0.33037608806864915,0.630170703489267
Bye subs KonCha,neither,0.03945320844208391,0.33037608806864915,0.630170703489267
Bidet from Seattle!,neither,0.040754399270683486,0.3082914838698526,0.650954116859464
11000 viewers wow,neither,0.03945320844208391,0.33037608806864915,0.630170703489267
Bidet from Brazil :D,neither,0.04079557052152802,0.30759270029461827,0.6516117291838538
Bidet from Nebraska,neither,0.04062582848913359,0.31047366557575606,0.6489005059351104
!who,offensive_language,0.04159901189299763,0.525362713080101,0.4330382750269014
Bidet from KY,neither,0.04062582848913359,0.31047366557575606,0.6489005059351104
gandsSCANLAN gandsSCANLAN gandsSCANLAN gandsSCANLAN gandsSCANLAN gandsSCANLAN gandsSCANLAN,neither,0.03945320844208391,0.33037608806864915,0.630170703489267
Bidet from FLorida,neither,0.0408948396164547,0.30590784468201904,0.6531973157015263
"Cork here get out of here, come down to the english maret there",neither,0.10086201715035174,0.2780970265044048,0.6210409563452435
bidet from RAdelaide australia,neither,0.04062582848913359,0.31047366557575606,0.6489005059351104
the Critching hour is upon us!,neither,0.08697353024166783,0.30492367763155964,0.6081027921267725
!whodat,neither,0.03945320844208391,0.33037608806864915,0.630170703489267
"Bidet from the Lockyer Valley in Queensland, Australia :-D",neither,0.03955657735747256,0.3028079984593893,0.6576354241831381
any moment,neither,0.03945320844208391,0.33037608806864915,0.630170703489267
"Becca Scott Kerns ( twitter.com/thebeccascott ), with guests Erika Ishii ( twitter.com/erikaishii ), Greg and Myles ( twitter.com/MylesNye ) of Wise Guys Events ( twitter.com/WiseGuysGames ).",neither,0.03519761603749189,0.4566175423210581,0.50818484164145
Bidet from Sydney Australia,neither,0.04031924518627951,0.315677184343852,0.6440035704698686
Bidet from Poland,neither,0.04228451509352876,0.2823214250720796,0.6753940598343917
Quebec city in the house yo,neither,0.03848037057170581,0.38743180196779614,0.574087827460498
Bidet from Detroit,neither,0.04080695066346891,0.3073995495860776,0.6517934997504536
i WANT DEATH TONIGHT,neither,0.03677888342500767,0.30166521764419024,0.661555898930802
Bonjour from Wisconsin,neither,0.04071751644889743,0.3089174816120565,0.6503650019390461
Bidet from dallas,neither,0.04081748366884477,0.3072207769958956,0.6519617393352596
Woooooooo,neither,0.03945320844208391,0.33037608806864915,0.630170703489267
Bidet from inside the house,neither,0.03671360925900362,0.12863329850274272,0.8346530922382537
@Passable_Failure or an extra large Die of Fate?,neither,0.15170300000648115,0.16387326567811955,0.6844237343153994
"bidet from Brissy, aus",neither,0.04228451509352876,0.2823214250720796,0.6753940598343917
Bidet from Australia,neither,0.04062582848913359,0.31047366557575606,0.6489005059351104
bidet from brooklyn,neither,0.04079557052152802,0.30759270029461827,0.6516117291838538
hey all,neither,0.04285346742239823,0.46255625023407465,0.49459028234352725
i was in a gas station and saw a worker leaving who had a how do you want to do this jacket on. it was awesome,neither,0.04855824836693179,0.36449967611672457,0.5869420755163436
"Wait, i can actually type? BibleThump",neither,0.03973875090635277,0.3255296872435575,0.6347315618500898
gandsSubHype gandsSubHype gandsSubHype,neither,0.03945320844208391,0.33037608806864915,0.630170703489267
bidet from Syracuse!,neither,0.04228451509352876,0.2823214250720796,0.6753940598343917
We have a subscriber-only Discord server! Join here: https://discord.gg/geekandsundry (you'll need to sub and link it to your Twitch) and be a part of the fun!,neither,0.09599275848176793,0.2819530604707182,0.6220541810475139
Bidet from Australia Critters !,neither,0.04062582848913359,0.31047366557575606,0.6489005059351104
"Grog confused ""Good Day"" with ""Bidet""",neither,0.027698836238827147,0.35552096550045026,0.6167801982607225
"beep beep, y'all!",offensive_language,0.046917543854519406,0.6277741405869331,0.3253083155585475
tarymore needs to happen!,neither,0.0476254356178089,0.32563178955595806,0.6267427748262331
Bidet from Arkansas,neither,0.04066490145509902,0.30981049537100724,0.6495246031738937
Is it just me or is the audio occasionally distorting???,neither,0.03973352025267454,0.35680637732916803,0.6034601024181575
"hey, first time on critical role stream!",neither,0.03248921905767556,0.35336543921113844,0.6141453417311861
"Bidet from Czechia, EU",neither,0.04228451509352876,0.2823214250720796,0.6753940598343917
@3jpcwick it's Grog speak,neither,0.037296453491641644,0.331117894995404,0.6315856515129544
beep beep from london <3,neither,0.04069404815304118,0.30931579984010865,0.6499901520068502
Bidet from SC!,neither,0.040737273169946825,0.30858215849491494,0.6506805683351382
Be Pleased!!!!,neither,0.04002562477733436,0.33516942876397554,0.6248049464586901
Love watching this stream just dont like that ITS starts 4:30 in the moring where i am :/,neither,0.03526980250084208,0.35730772016426926,0.6074224773348887
bidet,neither,0.03945320844208391,0.33037608806864915,0.630170703489267
"BIDET is ""Grog speak"" for ""Good day"".",neither,0.04084143757834481,0.2819132685892027,0.6772452938324525
bidet from kentucky!,neither,0.04071751644889743,0.3089174816120565,0.6503650019390461
gandsSubHype gandsSubHype gandsSubHype gandsCrit gandsCrit gandsCrit gandsNatTwenty gandsNatTwenty gandsNatTwenty gandsLessthanthree gandsLessthanthree gandsLessthanthree,neither,0.03945320844208391,0.33037608806864915,0.630170703489267
bidet from central ga,neither,0.040402255548430084,0.3142682818583747,0.6453294625931952
@impossiblegirl11 I do! I'm already in the okie discord group :),neither,0.03890872613027197,0.33167811521633267,0.6294131586533953
bidet from lapeer mi.,neither,0.04081748366884477,0.3072207769958956,0.6519617393352596
"Mug of tea, mini bag of doritos, and a glass skull full of water. I'm ready for this!",neither,0.04501754607570411,0.2782238465031028,0.676758607421193
KonCha,neither,0.03945320844208391,0.33037608806864915,0.630170703489267
Bidet from Ireland gandsLessthanthree gandsLessthanthree,neither,0.04066490145509902,0.30981049537100724,0.6495246031738937
bidet again. im havoing a hard time with twitch on ALL my devices so heres hoping i can watch tonight!,offensive_language,0.024787336532869044,0.5620771155687908,0.41313554789834017
"@Givingboss23 Grog has violence and rage, and they're a beautiful family",neither,0.0495978471744447,0.25970553431900145,0.6906966185065538
Oooo dat clorota!,neither,0.03945320844208391,0.33037608806864915,0.630170703489267
Bidet from Mo StL,neither,0.040912083971464244,0.30561516297332675,0.653472753055209
Bidet and beep beep,neither,0.03763944115734239,0.1918412352459551,0.7705193235967025
Bidet from Denver,neither,0.04069404815304118,0.30931579984010865,0.6499901520068502
"bidet, can anyone give me a recap plotwise beyond Pike has shitty family?",offensive_language,0.04193722285086658,0.6047740370215113,0.35328874012762207
@cal_stonehoof hi,neither,0.03945320844208391,0.33037608806864915,0.630170703489267
ahoy from nyc,neither,0.040408207780639874,0.31416725694368625,0.6454245352756738
@Givingboss23 yes actually he met and got the name of a female Goliath drum player in episode 98,neither,0.03670936767775413,0.38773500580028863,0.5755556265219572
bidet,neither,0.03945320844208391,0.33037608806864915,0.630170703489267
Bidet from Seattle!,neither,0.040754399270683486,0.3082914838698526,0.650954116859464
new Adventure Zone new Critical roll life is good,neither,0.04590350492099262,0.26154900652873203,0.6925474885502754
@gaeaca lomg Time no see! haven't watch live in a while!,neither,0.04598792770007724,0.3537466542245044,0.6002654180754183
1 week till the big 100!!!,neither,0.024964100807459963,0.3716358684902686,0.6034000307022714
Bidet from bidet,neither,0.04228451509352876,0.2823214250720796,0.6753940598343917
bidet from arizona!,neither,0.04078317879478948,0.307803020237201,0.6514138009680096
LUL,neither,0.03945320844208391,0.33037608806864915,0.630170703489267
bidet from Critical Vapors in Vancouver Washington!,neither,0.040419823882947695,0.3139701013719113,0.645610074745141
Bidet popette,neither,0.03945320844208391,0.33037608806864915,0.630170703489267
gandsLessthanthree you Critters,offensive_language,0.21217306638279385,0.6099082758190073,0.17791865779819876
do tampa bay critters do anything fun?,neither,0.041372046859239425,0.32971611154749764,0.6289118415932631
Oooooh a GIF,neither,0.03945320844208391,0.33037608806864915,0.630170703489267
dat kima/allura art tho,neither,0.03531991734292995,0.3396536853183188,0.6250263973387511
HELLO AND WELCOME TO ANOTHER EP OF CRITICAL ROLE,neither,0.07053097934432298,0.26164415385738204,0.6678248667982949
gandsMatt !,neither,0.03945320844208391,0.33037608806864915,0.630170703489267
Bidet from Detroit!,neither,0.04080695066346891,0.3073995495860776,0.6517934997504536
"Hello chat, is it Thursday yet? gandsMatt",neither,0.04432832199337769,0.32869931296709,0.6269723650395325
WOOOOO!!!,neither,0.03945320844208391,0.33037608806864915,0.630170703489267
"BARDBARIAN?!?!?!? I""VE wanted to play one for a while!!",neither,0.019993594165311664,0.3145758693119953,0.665430536522693
bidet from Alberta!,neither,0.04062582848913359,0.31047366557575606,0.6489005059351104
Beep beep from nyc!,neither,0.04081748366884477,0.3072207769958956,0.6519617393352596
woohoooo,neither,0.03945320844208391,0.33037608806864915,0.630170703489267
episode 99 would be great for a tpk,neither,0.03332275065534878,0.2877809051590271,0.6788963441856242
gandsFail gandsFail gandsFail gandsFail gandsFail gandsFail,neither,0.03945320844208391,0.33037608806864915,0.630170703489267
spice,neither,0.03945320844208391,0.33037608806864915,0.630170703489267
"Welcome, Jon Heder!",neither,0.03945320844208391,0.33037608806864915,0.630170703489267
Bidet from Atlanta!,neither,0.04078317879478948,0.307803020237201,0.6514138009680096
Bidet from Boston on my toilet,neither,0.028660887117133046,0.40010427129455045,0.5712348415883164
wow on time lol,neither,0.02652827289592379,0.434992518440036,0.5384792086640401
Bidet from a Poughkeepsie NY. Beep beep!,neither,0.04084513770590474,0.30675141581570226,0.6524034464783931
bidet from nyc!!,neither,0.04081748366884477,0.3072207769958956,0.6519617393352596
yaaaayyyyyyyyy,neither,0.03945320844208391,0.33037608806864915,0.630170703489267
Bidet gandsDrink,neither,0.03945320844208391,0.33037608806864915,0.630170703489267
it'S HIGH NOON,neither,0.03473427805578823,0.4119915720241221,0.5532741499200896
Hello everyone,neither,0.03269494828970791,0.4450814005079928,0.5222236512022994
LETS GOOO,neither,0.03868305123800957,0.34344766577192837,0.6178692829900622
Bidet!,neither,0.03945320844208391,0.33037608806864915,0.630170703489267
YAAAAAAAAAAYYYYYYYYYYYYYYY,neither,0.03945320844208391,0.33037608806864915,0.630170703489267
WOOO!!!!,neither,0.03945320844208391,0.33037608806864915,0.630170703489267
EPISODE 99,neither,0.03945320844208391,0.33037608806864915,0.630170703489267
WOOOO,neither,0.03945320844208391,0.33037608806864915,0.630170703489267
woooooooooo,neither,0.03945320844208391,0.33037608806864915,0.630170703489267
I miss scanlan,neither,0.02789410451089843,0.33435179396025927,0.6377541015288424
ehrmgd!!!,neither,0.03945320844208391,0.33037608806864915,0.630170703489267
Bidet from MiNNESOTA! gandsLessthanthree gandsLessthanthree gandsLessthanthree gandsSubHype gandsSubHype gandsSubHype,neither,0.04071751644889743,0.3089174816120565,0.6503650019390461
EYYY,neither,0.03945320844208391,0.33037608806864915,0.630170703489267
Oof. Arrived just in time.,neither,0.033870002225249767,0.3711013876305838,0.5950286101441665
We're on time!,neither,0.05896078931251053,0.3396152178265268,0.6014239928609626
and here we go,neither,0.11988274842159176,0.23034065187642816,0.6497765997019802
wha who what ON TIME,neither,0.0410339713294577,0.416402638224235,0.5425633904463073
It's Showtime!,neither,0.037828236809968684,0.3309349903269868,0.6312367728630445
"@Fantalovesyou howdy, neighbor gandsTrinketArmor",neither,0.03945320844208391,0.33037608806864915,0.630170703489267
gandsSubHype,neither,0.03945320844208391,0.33037608806864915,0.630170703489267
gandsPitCrew,neither,0.03945320844208391,0.33037608806864915,0.630170703489267
@KyHawkeye something at least lol,neither,0.030178156643079036,0.4197385329184076,0.5500833104385133
OH MAN we're on time...........I'm.....the worlds going to end guys,neither,0.05501832010438948,0.34781780665114675,0.5971638732444637
Good evening everyone. Can I get a Happy Birthday from anyone? :D,neither,0.035428426632535155,0.39207446350638897,0.5724971098610757
STARTING ON TIME WHAAAAAT?,neither,0.034639660713790814,0.3710947280421955,0.5942656112440137
"Bidet from Madison, Wisconsin!",neither,0.040394171658393964,0.31440548656955947,0.6452003417720467
wooot!!!!!!,neither,0.03945320844208391,0.33037608806864915,0.630170703489267
pike!,neither,0.03945320844208391,0.33037608806864915,0.630170703489267
Enjoy everyone!,neither,0.032548906840103725,0.4475601050455878,0.5198909881143084
gandsSubHype gandsLessthanthree gandsLessthanthree gandsSubHype,neither,0.03945320844208391,0.33037608806864915,0.630170703489267
Yay!! 99!,neither,0.03945320844208391,0.33037608806864915,0.630170703489267
yayyyy!! ♥,neither,0.03945320844208391,0.33037608806864915,0.630170703489267
WOOT,neither,0.03945320844208391,0.33037608806864915,0.630170703489267
Congrats to those guys!,neither,0.07656570593720302,0.2545415081011636,0.6688927859616334
YAY!!!!,neither,0.03945320844208391,0.33037608806864915,0.630170703489267
99 Episode!!! Yay!,neither,0.03945320844208391,0.33037608806864915,0.630170703489267
NICE,neither,0.03945320844208391,0.33037608806864915,0.630170703489267
bidet,neither,0.03945320844208391,0.33037608806864915,0.630170703489267
Yay!!,neither,0.03945320844208391,0.33037608806864915,0.630170703489267
HYPE,neither,0.03945320844208391,0.33037608806864915,0.630170703489267
🤘🤘🤘🤘,neither,0.03945320844208391,0.33037608806864915,0.630170703489267
bidet from Ecuador!!!!,neither,0.04062582848913359,0.31047366557575606,0.6489005059351104
Woah live,neither,0.04443433771173839,0.328662849300131,0.6269028129881306
"Finally done binge watching this, I can join live!",neither,0.042375246667539494,0.3364550070574173,0.6211697462750432
"Yay, Ashley made it.",neither,0.038252128150719225,0.33078919465710993,0.6309586771921709
hrpgHyperHype hrpgHyperHype hrpgHyperHype hrpgHyperHype,neither,0.03945320844208391,0.33037608806864915,0.630170703489267
wow they're really on time today,neither,0.05008378798300258,0.3141242831620973,0.6357919288549001
"whooot!,",neither,0.03945320844208391,0.33037608806864915,0.630170703489267
great way to spend my birthday!,neither,0.03292371028526068,0.37698638351187996,0.5900899062028594
yessssssds,neither,0.03945320844208391,0.33037608806864915,0.630170703489267
Yas.,neither,0.03945320844208391,0.33037608806864915,0.630170703489267
99 more guys!,neither,0.04143342708271475,0.3215849028280602,0.636981670089225
bidet from arkansas,neither,0.04066490145509902,0.30981049537100724,0.6495246031738937
gandsNatTwenty gandsLessthanthree,neither,0.03945320844208391,0.33037608806864915,0.630170703489267
hyyype baby,neither,0.03945320844208391,0.33037608806864915,0.630170703489267
A buttoned up shirt!??!?!!?,neither,0.035634093650959306,0.410025239916404,0.5543406664326368
Bidet!,neither,0.03945320844208391,0.33037608806864915,0.630170703489267
woo! ep 99!,neither,0.03945320844208391,0.33037608806864915,0.630170703489267
"Bidet from Wide awake Wylie,Tx",neither,0.040294162637675386,0.31610290065389945,0.6436029367084252
SAM LUL,neither,0.03945320844208391,0.33037608806864915,0.630170703489267
bidet from Seattle,neither,0.040754399270683486,0.3082914838698526,0.650954116859464
Yeahhhh 99th!,neither,0.03945320844208391,0.33037608806864915,0.630170703489267
gands2YearHype gands2YearHype gands2YearHype gands2YearHype,neither,0.03945320844208391,0.33037608806864915,0.630170703489267
"oh boy that shirt, Sam",neither,0.04045523557710243,0.32338299377107654,0.636161770651821
Woooooo! Can/can't believe it!,neither,0.03843682264978797,0.3201239078249473,0.6414392695252646
omg on time,neither,0.034180402231092186,0.37511323930174406,0.5907063584671637
"Bidet from St. Louis!! This show got me into D&D, and I'm now DMing my own campaign!",neither,0.04738123813371605,0.34524904428004644,0.6073697175862375
"Bidet from Titan, Saturn's largest moon. The delay is pretty bad. Can't wait to see how they deal with a Beholder!",neither,0.038778514484445734,0.3265348492630602,0.634686636252494
omg sam's shirt,neither,0.03945320844208391,0.33037608806864915,0.630170703489267
Woot,neither,0.03945320844208391,0.33037608806864915,0.630170703489267
lol,neither,0.020706217963973744,0.4882283491876925,0.4910654328483337
Loving Liam's death shirt,neither,0.03945320844208391,0.33037608806864915,0.630170703489267
Bidet friends,neither,0.03945320844208391,0.33037608806864915,0.630170703489267
ew nerds DansGame,neither,0.03945320844208391,0.33037608806864915,0.630170703489267
damnit sam,neither,0.03945320844208391,0.33037608806864915,0.630170703489267
SAM YOUR SHIRT MY GOD,neither,0.052229740555981966,0.4039690919618571,0.543801167482161
"DAT SHIRT THO, SAM",neither,0.03584054412648306,0.3384406350276148,0.625718820845902
new face shirt,neither,0.04354318738336618,0.22777309061451442,0.7286837220021194
:o,neither,0.03945320844208391,0.33037608806864915,0.630170703489267
gandsSubHype gandsSubHype gandsSubHype gandsSubHype gandsSubHype gandsSubHype gandsSubHype gandsSubHype,neither,0.03945320844208391,0.33037608806864915,0.630170703489267
HAIL SATAN!,neither,0.03945320844208391,0.33037608806864915,0.630170703489267
"Bidet, Critters! <3 from Edmonton! Let's get into some Durngerns & Drgrns!",neither,0.01785621132336123,0.3712986154122748,0.6108451732643639
gandsSCANLAN gandsSCANLAN gandsSCANLAN gandsSCANLAN,neither,0.03945320844208391,0.33037608806864915,0.630170703489267
bidet!,neither,0.03945320844208391,0.33037608806864915,0.630170703489267
NOINE-NOINE!,neither,0.03945320844208391,0.33037608806864915,0.630170703489267
lul,neither,0.03945320844208391,0.33037608806864915,0.630170703489267
HEDER!,neither,0.03945320844208391,0.33037608806864915,0.630170703489267
that shirt,neither,0.03372650852319189,0.39315224868719,0.5731212427896182
THIS IS MY FIRST LIVE SHOW IVE FINALLY CAUGHT UP,neither,0.041479929821834995,0.37324504138113124,0.5852750287970336
lol sams shirt,neither,0.028857754465302664,0.4100669981075672,0.5610752474271301
oh good marisha did manage to make it,neither,0.04764060737750182,0.28706675678738974,0.6652926358351086
Their 100th episode is the day of my graduation!!,neither,0.035378992880419305,0.3708916593842587,0.5937293477353219
gandsSubHype gandsSubHype gandsSubHype gandsSubHype gandsSubHype gandsSubHype gandsNatTwenty,neither,0.03945320844208391,0.33037608806864915,0.630170703489267
Sam is on time?!,neither,0.043777161701703045,0.36505787020073366,0.5911649680975634
Omg Sam's shirt,neither,0.03945320844208391,0.33037608806864915,0.630170703489267
oh god sams shirt,neither,0.045409810350744394,0.2739098224829277,0.680680367166328
gandsCrit gandsCrit,neither,0.03945320844208391,0.33037608806864915,0.630170703489267
Bidet from Vandy!,neither,0.04228451509352876,0.2823214250720796,0.6753940598343917
:D :D :D this is the only thing that's gotten me through today,neither,0.03494908517918044,0.3603858380419164,0.6046650767789031
Bidet from edmonton Alberta,neither,0.04062582848913359,0.31047366557575606,0.6489005059351104
Wooh! Critical rooooole!,neither,0.03945320844208391,0.33037608806864915,0.630170703489267
HYPE,neither,0.03945320844208391,0.33037608806864915,0.630170703489267
THE SHIIIRT AHHAHA,neither,0.03613032604487659,0.2619290779399786,0.7019405960151449
omg guesr :O,neither,0.03945320844208391,0.33037608806864915,0.630170703489267
gandsSubHype,neither,0.03945320844208391,0.33037608806864915,0.630170703489267
Full house tonite too!,neither,0.05739917109068747,0.32804187136159657,0.614558957547716
Woohoo!!!!!!!,neither,0.03945320844208391,0.33037608806864915,0.630170703489267
The SHIRT,neither,0.038105020366543174,0.30537083896881156,0.6565241406646452
WooHoo!,neither,0.03945320844208391,0.33037608806864915,0.630170703489267
dammit sam...,neither,0.03945320844208391,0.33037608806864915,0.630170703489267
"Help G&S make great content! $4.99/month gets you emotes, Minecraft server access, Sub Only Q&As, VODs, and more! Every sub keeps the channel alive! twitch.tv/geekandsundry/subscribe",neither,0.043092924924402844,0.32365565443818894,0.6332514206374082
That shirt! Sam does it again.,neither,0.024149370102554902,0.4807614473068908,0.4950891825905543
that shirt,neither,0.03372650852319189,0.39315224868719,0.5731212427896182
Sams shirt lmfao,neither,0.04899197964596503,0.3270952672455335,0.6239127531085015
Jon Heder!,neither,0.03945320844208391,0.33037608806864915,0.630170703489267
bidet bidet,neither,0.03945320844208391,0.33037608806864915,0.630170703489267
The shirt,neither,0.038105020366543174,0.30537083896881156,0.6565241406646452
almost 2 years of Crit Role!,neither,0.03945320844208391,0.33037608806864915,0.630170703489267
god that shirt xD,neither,0.03481560965396861,0.3809863719037872,0.5841980184422442
god damnit sam,neither,0.03945320844208391,0.33037608806864915,0.630170703489267
Der and Der!,neither,0.03895890404032103,0.30628230448731086,0.6547587914723682
there we go,neither,0.04083933629015207,0.27628362646603744,0.6828770372438104
woot,neither,0.03945320844208391,0.33037608806864915,0.630170703489267
99 baby! Wooo!!!,neither,0.03945320844208391,0.33037608806864915,0.630170703489267
OH GOD SAM <#,neither,0.04513162236653785,0.2764389585495371,0.6784294190839252
gandsCrit gandsCrit,neither,0.03945320844208391,0.33037608806864915,0.630170703489267
new merch!,neither,0.043301118494078285,0.23413499177287803,0.7225638897330438
That shirt though! lol,neither,0.027665655746623358,0.43409061337350524,0.5382437308798713
"bidet from New Zealand, where it's Friday so technically the future so should be bidet bidet bidet.",neither,0.05126414526221754,0.3116851674160407,0.6370506873217419
gandsSubHype gandsSubHype,neither,0.03945320844208391,0.33037608806864915,0.630170703489267
bidet from utah,neither,0.04066490145509902,0.30981049537100724,0.6495246031738937
"oh shit, it was almost 10 and thought to myself ""well they're going to start late"" and got up to get myself cookies haha",offensive_language,0.07452227671178102,0.7954513211212427,0.1300264021669762
Bidet all you lovely Critters! gandsSCANLAN with <3 from Toronto feliciaToronto,neither,0.04425862952833914,0.4560949677483197,0.49964640272334115
yes!!!!!,neither,0.03945320844208391,0.33037608806864915,0.630170703489267
Omg sam's shirt gandsSCANLAN,neither,0.03945320844208391,0.33037608806864915,0.630170703489267
"I got 99 episodes, but a clip show ain't one.",neither,0.02886917194725346,0.4832404179788956,0.4878904100738509
FIRST LIVE SHOW AND I COULDNT BE MORE EXCITED!!!!!,neither,0.04827303844027028,0.2459937077637701,0.7057332537959597
LINK,neither,0.03945320844208391,0.33037608806864915,0.630170703489267
WOOOO <3 CR,neither,0.03945320844208391,0.33037608806864915,0.630170703489267
Travis' shirt!,neither,0.03945320844208391,0.33037608806864915,0.630170703489267
the Meat Man,neither,0.03835465488035822,0.3856661340660047,0.5759792110536373
god dammit sam!,neither,0.03945320844208391,0.33037608806864915,0.630170703489267
*sigh*,neither,0.03945320844208391,0.33037608806864915,0.630170703489267
lol Travis's shirt,neither,0.03238845601165773,0.3811752672737894,0.5864362767145528
gandsSubHype gandsSubHype gandsSubHype,neither,0.03945320844208391,0.33037608806864915,0.630170703489267
woot merch!!,neither,0.03945320844208391,0.33037608806864915,0.630170703489267
Tonight is episode 99 with Special Guest :Jon Heder https://twitter.com/hederjon : from Napoleon Dynamite & Blades of Glory,neither,0.048171298465869046,0.36533660704241927,0.5864920944917117
"bidet and meep meep from Birmingham, AL",neither,0.04470229338677418,0.1629405313406513,0.7923571752725744
omfg,neither,0.03945320844208391,0.33037608806864915,0.630170703489267
greetings from Minneapolis,neither,0.04228451509352876,0.2823214250720796,0.6753940598343917
oh,neither,0.051363287716059566,0.22255663153133606,0.7260800807526044
OH MY GOD I HAVE TO GET THAT.,neither,0.033234935978223315,0.4283513701769275,0.5384136938448492
Wait did matt jsut say there's gonna be a guest?,neither,0.038997131023520426,0.3351863233500388,0.6258165456264408
OOO,neither,0.03945320844208391,0.33037608806864915,0.630170703489267
First live subscribe!!,neither,0.03503950172450729,0.3318941642020047,0.6330663340734881
HO SHIT,offensive_language,0.014976780003137763,0.9850226525347614,5.674621009085828e-07
oh yes,neither,0.047325668310698794,0.256798057524554,0.6958762741647472
gandsSubHype gandsSubHype,neither,0.03945320844208391,0.33037608806864915,0.630170703489267
gandsSCANLAN,neither,0.03945320844208391,0.33037608806864915,0.630170703489267
bidet from CA,neither,0.04084513770590474,0.30675141581570226,0.6524034464783931
I love these people,offensive_language,0.12329452913873395,0.48204004570101067,0.3946654251602553
dude sweet shirt,neither,0.03945320844208391,0.33037608806864915,0.630170703489267
that's sick!!!!,neither,0.03335838759297289,0.39728288152554375,0.5693587308814835
let's see if we can get Napoleon in by 10,neither,0.016375393885747647,0.44967549419501857,0.5339491119192338
haha cool,neither,0.033918082456684644,0.42432162156858977,0.5417602959747256
geekandsundry.com/collections/critical-role,neither,0.03945320844208391,0.33037608806864915,0.630170703489267
A concert T? Now that is silly!,neither,0.042936476134284876,0.3654599614644115,0.5916035624013036
WOOO,neither,0.03945320844208391,0.33037608806864915,0.630170703489267
Oh shit!,offensive_language,0.04652059265363964,0.9534729203614298,6.486984930600159e-06
they need 99 red balloons,neither,0.03917344682519555,0.3280334003068917,0.6327931528679129
First time live!,neither,0.03431649502744929,0.3558392226370607,0.6098442823354902
pretty dope shirt,neither,0.03945320844208391,0.33037608806864915,0.630170703489267
E x t r a T h i c c,neither,0.03945320844208391,0.33037608806864915,0.630170703489267
Bidet from Wisconsin!,neither,0.04071751644889743,0.3089174816120565,0.6503650019390461
ill find you outside the english market,neither,0.054216424534491804,0.28028327119903185,0.6655003042664764
That's a SUPER COOL SHIRT I WANT IT!!,neither,0.03510299750037991,0.36401780220916125,0.6008792002904588
Bidet from NE!,neither,0.040737273169946825,0.30858215849491494,0.6506805683351382
Bidet friends from Maryland! :D,neither,0.040508676917069726,0.3124620334949195,0.6470292895880108
cool,neither,0.03945320844208391,0.33037608806864915,0.630170703489267
wooo,neither,0.03945320844208391,0.33037608806864915,0.630170703489267
"OMG, THAT'S SO AWESOME!",neither,0.035335180716236606,0.4209932769303364,0.543671542353427
I hate the delay...stupid internet,hate_speech,0.5745855619088452,0.06528107908209818,0.3601333590090566
Bidet from Lansing Mi ^_^,neither,0.04038868291416263,0.3144986448836462,0.6451126722021913
heart breaker,neither,0.03945320844208391,0.33037608806864915,0.630170703489267
love it!!!,neither,0.030831260484157012,0.3601344986151421,0.609034240900701
Gern Blanston!,neither,0.03945320844208391,0.33037608806864915,0.630170703489267
Did i miss who the guest is ?,neither,0.03932912689128598,0.3696328279114032,0.5910380451973107
Bidet from Jersey.,neither,0.0408364874901429,0.30689823255244486,0.6522652799574122
Bidet from Minnesota,neither,0.04071751644889743,0.3089174816120565,0.6503650019390461
beep beep,neither,0.03945320844208391,0.33037608806864915,0.630170703489267
Love the Metallica homage.,neither,0.03145119199065299,0.32476063973837394,0.643788168270973
yo i might actually buy that,neither,0.03574129332427369,0.43943856288381844,0.5248201437919078
Miss Laura lookin fine tonite,neither,0.03372929415593978,0.3323448046651925,0.6339259011788677
:),neither,0.03945320844208391,0.33037608806864915,0.630170703489267
Woooot it's on!!!,neither,0.029359548185187243,0.36677741506693295,0.6038630367478798
So my non-Critter friends wonder where I disappear to on Thursday...,neither,0.03518636508104132,0.3987053153463296,0.566108319572629
@AngryAgendaGames ya its the guy from napolean dynamite,offensive_language,0.02377115656209128,0.5150627092165675,0.4611661342213413
lol 99 red balloons,neither,0.0328314729477111,0.3753890450347821,0.5917794820175067
Bidet from Sheffield!,neither,0.04062582848913359,0.31047366557575606,0.6489005059351104
I'm still so glad to have Ashley here gandsAJinSpace gandsAJinSpace gandsAJinSpace,neither,0.083519917843686,0.34943333696726747,0.5670467451890465
gandsSCANLAN bidet my fellow critters,neither,0.02585273357927581,0.43921537444690584,0.5349318919738183
Your meat can enter my man ;),neither,0.05153842084907091,0.4492625216884664,0.49919905746246274
Bidet,neither,0.03945320844208391,0.33037608806864915,0.630170703489267
"FUCC I WISH I WASNT BROKE, I have to pay rent tomorrow or i'd buy one :'(",neither,0.04390215024330044,0.350656041173636,0.6054418085830635
beep beep,neither,0.03945320844208391,0.33037608806864915,0.630170703489267
I bet they're sold out in 17 minutes from now,neither,0.04849175622175331,0.31020930104517264,0.641298942733074
HI EVERYONE WE ALMOST THERE,neither,0.0341686351192985,0.38632731377563284,0.5795040511050688
so hype,neither,0.03940828253961077,0.39264520971988554,0.5679465077405037
wow starting on time,neither,0.03543654191831405,0.3641749005648765,0.6003885575168094
Bidet from Michigan,neither,0.040769555981420263,0.3080342349327864,0.6511962090857933
Bidet from the Multiverse,neither,0.039779025773403386,0.2539611253407979,0.7062598488857987
Bidet and Beep Beep all,neither,0.04146947419607382,0.4041736992784376,0.5543568265254885
bidet from VA,neither,0.04066490145509902,0.30981049537100724,0.6495246031738937
Bidet from SC,neither,0.040737273169946825,0.30858215849491494,0.6506805683351382
Bidet from Toronto! :),neither,0.04066490145509902,0.30981049537100724,0.6495246031738937
"I have a feeling those shirts will be gone in, like, 2 minutes XD",neither,0.0675633527553851,0.28350193084981407,0.6489347163948008
thursday =D,neither,0.03945320844208391,0.33037608806864915,0.630170703489267
Why tablecloths?,neither,0.016768318525353994,0.3685911158159394,0.6146405656587067
bidet from south bend Indiana,neither,0.04031235592036447,0.3157941131659815,0.6438935309136541
Bidet from NY,neither,0.04084513770590474,0.30675141581570226,0.6524034464783931
Link?!,neither,0.03945320844208391,0.33037608806864915,0.630170703489267
bitet from Virginia,neither,0.04079557052152802,0.30759270029461827,0.6516117291838538
i CANNOT wait for the campaign guide!!,neither,0.03473756260793176,0.29915674216266763,0.6661056952294007
Bidet from Seattle!,neither,0.040754399270683486,0.3082914838698526,0.650954116859464
bidet from the uk!,neither,0.039613273355342184,0.2892653269430044,0.6711213997016535
Wait what we started on time?,neither,0.0404310006856162,0.3605432651825734,0.5990257341318104
Camping Guide,neither,0.03945320844208391,0.33037608806864915,0.630170703489267
enter the meat man tour lol,neither,0.033056863703833435,0.40470787512159506,0.5622352611745715
I'm so excited for it rooGasm,neither,0.030753252497350225,0.34511442098964284,0.624132326513007
that's gonna be a must buy,neither,0.03572613238647081,0.4127425447197227,0.5515313228938065
"Bidet from Boston, Critters! g33kSalute g33kLove g33kHorn",neither,0.040769555981420263,0.3080342349327864,0.6511962090857933
Bidet from South Carolina!,neither,0.04043176250036363,0.31376747187705417,0.6458007656225822
Woooggoooo So excited!!!,neither,0.03940839469474773,0.3948270312238364,0.565764574081416
Green running?,neither,0.04080741312121306,0.29863431247250577,0.6605582744062812
Wait is the guest tonight???,neither,0.04337259294650276,0.2965786445570292,0.6600487624964682
gandsCrit,neither,0.03945320844208391,0.33037608806864915,0.630170703489267
Absoluetly pre-ordering that guide,neither,0.036564682887069204,0.3616492686121927,0.6017860485007381
Bidet!,neither,0.03945320844208391,0.33037608806864915,0.630170703489267
Hmm... I wonder if Vox Machina would be on Open Legend?,neither,0.025699502813237216,0.375834410130433,0.5984660870563298
Holy canoli they were on time tonight!,neither,0.034126690297373356,0.3213663278844582,0.6445069818181685
*Gasp!* :D Campaign guide?? :D,neither,0.03945320844208391,0.33037608806864915,0.630170703489267
that shirt,neither,0.03372650852319189,0.39315224868719,0.5731212427896182
Matt where is your Tshirt ScaredyCat,neither,0.07688838908297846,0.2942943790603296,0.6288172318566919
green whaaaat?,neither,0.040555264177161814,0.3045851574865659,0.6548595783362724
that new shirt is wonderful!,neither,0.04674910209107255,0.28356692388440075,0.6696839740245267
so much PJSalt PJSalt PJSalt PJSalt PJSalt,neither,0.03263919147166354,0.4173937179957508,0.5499670905325856
and shirt purchased,neither,0.038687240933089596,0.29175359303059367,0.6695591660363168
<.<,neither,0.03945320844208391,0.33037608806864915,0.630170703489267
Bidet!,neither,0.03945320844208391,0.33037608806864915,0.630170703489267
"Bidet from Aachen, Germany",neither,0.04069404815304118,0.30931579984010865,0.6499901520068502
bidet,neither,0.03945320844208391,0.33037608806864915,0.630170703489267
The website is down,neither,0.04762425929787844,0.3095380658799897,0.6428376748221318
WOOT!,neither,0.03945320844208391,0.33037608806864915,0.630170703489267
Oh man the site lol,neither,0.035715107824491506,0.3804267331001535,0.583858159075355
gandsGandsBeardedMen gandsGandsBeardedMen gandsGandsBeardedMen gandsGandsBeardedMen gandsGandsBeardedMen gandsGandsBeardedMen gandsGandsBeardedMen gandsGandsBeardedMen gandsGandsBeardedMen gandsGandsBeardedMen gandsGandsBeardedMen gandsGandsBeardedMen,neither,0.03945320844208391,0.33037608806864915,0.630170703489267
yes,neither,0.03945320844208391,0.33037608806864915,0.630170703489267
ang page crash,neither,0.03945320844208391,0.33037608806864915,0.630170703489267
Website crashed lol,neither,0.032684726928788634,0.37886566961791746,0.5884496034532939
Green Ronin?,neither,0.04133473293169446,0.28611716085498706,0.6725481062133184
bidet from Pittsburgh,neither,0.04066490145509902,0.30981049537100724,0.6495246031738937
why is matt dressed up? he looks like a grown up. wtf,offensive_language,0.039890952528011864,0.6096646142250484,0.3504444332469399
@Sanepsycho11 yes jon is on tonight,neither,0.04131718139502729,0.3199753579976299,0.6387074606073428
"God, I miss Scanlan Shorthalt.",neither,0.030485804440376497,0.3334603895105499,0.6360538060490736
Green Ronin site crashed,neither,0.04036568758954993,0.3090458773240925,0.6505884350863577
hype!,neither,0.03945320844208391,0.33037608806864915,0.630170703489267
Critter hug of death!,neither,0.03945320844208391,0.33037608806864915,0.630170703489267
of course they were on time when i was a few minutes late xD,neither,0.030901645993752263,0.3704331409110627,0.5986652130951852
finally did it,neither,0.03769277806315752,0.33098158080155765,0.6313256411352848
uhoh.... critters just broke green rhonin's site.,neither,0.036946318154373985,0.3267498748221286,0.6363038070234975
Woops!,neither,0.03945320844208391,0.33037608806864915,0.630170703489267
bunch of nerdy ass people,offensive_language,0.14779959607830578,0.8484975328853371,0.003702871036357092
broke the internet,neither,0.03839115536220373,0.3108550599751713,0.6507537846626249
"Wait, where're they goin?",neither,0.060365196837176276,0.27040264027277394,0.6692321628900498
Stream of Annihilation!!! HYPE,neither,0.03945320844208391,0.33037608806864915,0.630170703489267
love you tooo,neither,0.05401464935182985,0.39894940016057917,0.5470359504875909
we crashed the site,neither,0.038559083099293116,0.3186443727783888,0.6427965441223181
Green Nonin is frozen from all the critters,neither,0.05023614810898508,0.33390215921945104,0.6158616926715639
gandsSubHype gandsSubHype gandsSubHype,neither,0.03945320844208391,0.33037608806864915,0.630170703489267
And now he hug Green Ronin's website to death,neither,0.048401303916681356,0.28115612044657123,0.6704425756367473
Stream of Annihilation June 2nd & 3rd 10 - 10pm PT https://www.twitch.tv/dndSchedule of streams http://dnd.wizards.com/streamofannihilation,neither,0.03809334824313964,0.28818870774177646,0.673717944015084
Hyyyyype!,neither,0.03945320844208391,0.33037608806864915,0.630170703489267
Ooohhhh man How exciting!!!,neither,0.039586662381578666,0.39469924045562577,0.5657140971627955
"I believe I'll hold off of Green Ronin, I don't want to help crash the poor site.",neither,0.04330225376576257,0.30309754487674156,0.653600201357496
!whodat,neither,0.03945320844208391,0.33037608806864915,0.630170703489267
"Becca Scott Kerns ( twitter.com/thebeccascott ), with guests Erika Ishii ( twitter.com/erikaishii ), Greg and Myles ( twitter.com/MylesNye ) of Wise Guys Events ( twitter.com/WiseGuysGames ).",neither,0.03519761603749189,0.4566175423210581,0.50818484164145
can we appreciate HOW AWESOME THE BATTLE ROYAL WAS,neither,0.03887448618714177,0.31988318228975604,0.6412423315231023
I've bought a giant box of popcorn for this episode tonight. My body is ready.,neither,0.022269584590358087,0.3370594335727338,0.6406709818369082
Rip the website,neither,0.038570781190459355,0.3142411745856688,0.6471880442238719
Wow! A pro tabletop gamer competition so cool. Best d&d players ever! woah woweee,neither,0.038947302733031396,0.348715063465007,0.6123376338019615
@yeliag greenronin.com,neither,0.03945320844208391,0.33037608806864915,0.630170703489267
i think we may have crashed green ronin,neither,0.04129861255763605,0.2934248203970882,0.6652765670452757
gandsMatt gandsMatt gandsMatt gandsMatt gandsMatt,neither,0.03945320844208391,0.33037608806864915,0.630170703489267
"way to go guys, you crashed green ronin :p",neither,0.06189677970463274,0.34807104975257747,0.5900321705427898
Keyleth's perfect attendance continues,neither,0.03945320844208391,0.33037608806864915,0.630170703489267
ooooh cool,neither,0.03945320844208391,0.33037608806864915,0.630170703489267
gandsLessthanthree gandsLessthanthree gandsLessthanthree gandsLessthanthree gandsLessthanthree gandsLessthanthree,neither,0.03945320844208391,0.33037608806864915,0.630170703489267
Bidet from SWFL,neither,0.04228451509352876,0.2823214250720796,0.6753940598343917
A stream is earned?,neither,0.04690607540476405,0.3278127053644783,0.6252812192307576
crit role is its own ddos,neither,0.06808540811214342,0.32052816165534814,0.6113864302325084
are they releasing ebberon finally?,neither,0.06275983582894121,0.28923035204103764,0.6480098121300211
