text,top_class,hate_speech,offensive_language,neither
!wallet,neither,0.03945320844208391,0.33037608806864915,0.630170703489267
vrayder has 12815 coins,neither,0.03989735448983053,0.32283777050957063,0.6372648750005988
!wallet,neither,0.03945320844208391,0.33037608806864915,0.630170703489267
2wierd has 12199 coins,neither,0.03989735448983053,0.32283777050957063,0.6372648750005988
Stream of Annihilation June 2nd & 3rd 10 - 10pm PT https://www.twitch.tv/dndSchedule of streams http://dnd.wizards.com/streamofannihilation,neither,0.03809334824313964,0.28818870774177646,0.673717944015084
!wallet,neither,0.03945320844208391,0.33037608806864915,0.630170703489267
the_greenmachine_ has 151 coins,neither,0.03978108663330774,0.3248111394696886,0.6354077738970038
!wallet,neither,0.03945320844208391,0.33037608806864915,0.630170703489267
me9900 has 12 coins,neither,0.039824647561641745,0.32407179683089654,0.6361035556074616
can someone explaint he stapler emote to me?,neither,0.043286082008228366,0.3564944059437483,0.6002195120480233
!wallet,neither,0.03945320844208391,0.33037608806864915,0.630170703489267
joshjewua has 7298 coins,neither,0.03989735448983053,0.32283777050957063,0.6372648750005988
@1xxxsnorrixxx1 no for another 15 minutes useful link >> wheniscriticalrole.com,neither,0.059210338936696395,0.27840235721939416,0.6623873038439093
woot first time watching live,neither,0.036133946722867745,0.3465448113834555,0.6173212418936768
@danoba o h?,neither,0.03945320844208391,0.33037608806864915,0.630170703489267
I live in Glasgow!,neither,0.04784804708271364,0.3274887181097526,0.6246632348075338
Now I want a croissant :(,neither,0.03988977235208219,0.32296645917496286,0.637143768472955
!wallet,neither,0.03945320844208391,0.33037608806864915,0.630170703489267
coldcanuckeh has 5445 coins,neither,0.03989735448983053,0.32283777050957063,0.6372648750005988
Art/music is up.,neither,0.044838464535103005,0.3815154104503761,0.5736461250145208
!wallet,neither,0.03945320844208391,0.33037608806864915,0.630170703489267
!wallet,neither,0.03945320844208391,0.33037608806864915,0.630170703489267
iceblade35 has 6062 coins,neither,0.03989735448983053,0.32283777050957063,0.6372648750005988
baronboy_528 has 2173 coins,neither,0.03989735448983053,0.32283777050957063,0.6372648750005988
Does anyone know why there are now titles in advance for the episodes? Did Matt decide to plan these ahead?,neither,0.0386998280354694,0.3617998596134266,0.599500312351104
!wallet,neither,0.03945320844208391,0.33037608806864915,0.630170703489267
enewulun has 875 coins,neither,0.03989735448983053,0.32283777050957063,0.6372648750005988
the wait is over,neither,0.044590196456581015,0.30801247362311274,0.6473973299203063
refresh,neither,0.03945320844208391,0.33037608806864915,0.630170703489267
why offline?,neither,0.016768318525353994,0.3685911158159394,0.6146405656587067
Reload if you aren't seeing the art.,neither,0.03352112816441904,0.40260666750920526,0.5638722043263755
@PallyAnderson you and me both >.>,neither,0.048575990215191864,0.39385300520387667,0.5575710045809316
yooo,neither,0.03945320844208391,0.33037608806864915,0.630170703489267
!wallet,neither,0.03945320844208391,0.33037608806864915,0.630170703489267
steampunkwookiee has 5429 coins,neither,0.03989735448983053,0.32283777050957063,0.6372648750005988
coins?,neither,0.03945320844208391,0.33037608806864915,0.630170703489267
!wallet,neither,0.03945320844208391,0.33037608806864915,0.630170703489267
I hope episode 100 is when the main story arc kicks off. :),neither,0.055467568953689206,0.28255953447622445,0.6619728965700863
count_zerp has 8593 coins,neither,0.03989735448983053,0.32283777050957063,0.6372648750005988
!wallet,neither,0.03945320844208391,0.33037608806864915,0.630170703489267
smokinitup420 has 4920 coins,neither,0.03989735448983053,0.32283777050957063,0.6372648750005988
Bidet from Philly!,neither,0.040769555981420263,0.3080342349327864,0.6511962090857933
!wallet,neither,0.03945320844208391,0.33037608806864915,0.630170703489267
dm_dimntd has 1188 coins,neither,0.03989735448983053,0.32283777050957063,0.6372648750005988
Happy 100 critical role,neither,0.03945320844208391,0.33037608806864915,0.630170703489267
"STREAM JUST WENT LIVE, REFRESH IF YOU DON'T SEE ART",neither,0.03557060153226887,0.4034125821370546,0.5610168163306765
!wallet,neither,0.03945320844208391,0.33037608806864915,0.630170703489267
olethorvald has 8691 coins,neither,0.03989735448983053,0.32283777050957063,0.6372648750005988
Hello Glasgow.!!!!~!!!,neither,0.03945320844208391,0.33037608806864915,0.630170703489267
how much time do coins represent?,neither,0.03670193778047446,0.34551663868127164,0.6177814235382539
alright folks everyone refresh fanart has started,neither,0.03567546090218159,0.39449432295623515,0.5698302161415832
!wallet,neither,0.03945320844208391,0.33037608806864915,0.630170703489267
xayagami has 10207 coins,neither,0.03989735448983053,0.32283777050957063,0.6372648750005988
!wallet,neither,0.03945320844208391,0.33037608806864915,0.630170703489267
curthong has 20745 coins,neither,0.03989735448983053,0.32283777050957063,0.6372648750005988
omg these are soo cooool,neither,0.08551147550959295,0.3559125218650227,0.5585760026253844
dont worry,neither,0.03945320844208391,0.33037608806864915,0.630170703489267
"Evening chat, hope everyone is doing well... and bidet from Fort Smith, Arkansas. :D",neither,0.059264926295207646,0.2927439874066945,0.6479910862980979
We have a subscriber-only Discord server! Join here: https://discord.gg/geekandsundry (you'll need to sub and link it to your Twitch) and be a part of the fun!,neither,0.09599275848176793,0.2819530604707182,0.6220541810475139
Is the stream offline,neither,0.04821859290557782,0.30822268935231695,0.6435587177421052
heya,neither,0.03945320844208391,0.33037608806864915,0.630170703489267
Is Jon Heder playing a Skald?,neither,0.048148354644201724,0.32738542856857267,0.6244662167872256
!wallet,neither,0.03945320844208391,0.33037608806864915,0.630170703489267
!wallet,neither,0.03945320844208391,0.33037608806864915,0.630170703489267
baal4710 has 6501 coins,neither,0.03989735448983053,0.32283777050957063,0.6372648750005988
!wallet,neither,0.03945320844208391,0.33037608806864915,0.630170703489267
prome5theus has 7390 coins,neither,0.03989735448983053,0.32283777050957063,0.6372648750005988
deamonscott has 2309 coins,neither,0.03989735448983053,0.32283777050957063,0.6372648750005988
!wallet,neither,0.03945320844208391,0.33037608806864915,0.630170703489267
energeticemily has 6146 coins,neither,0.03989735448983053,0.32283777050957063,0.6372648750005988
How many from VM will be on the Stream of annihilation?,neither,0.03869328904503533,0.29665491938853095,0.6646517915664338
!wallet,neither,0.03945320844208391,0.33037608806864915,0.630170703489267
!wallet,neither,0.03945320844208391,0.33037608806864915,0.630170703489267
astaraelrose has 371 coins,neither,0.03989735448983053,0.32283777050957063,0.6372648750005988
shikumaru1234 has 1099 coins,neither,0.03989735448983053,0.32283777050957063,0.6372648750005988
Travis should be proud he made a cultural saying with Grog... Bidet...,neither,0.037063703905697194,0.38015699359475635,0.5827793024995465
Very excited to watch my first live episode tonight. Finally caught up.,neither,0.03428143100351373,0.388550706903689,0.5771678620927974
"the Crit Art has begun, if you do not see it and hear the music REFRESH",neither,0.03370474402890939,0.3421662391413548,0.6241290168297358
!gamble 100,neither,0.03945320844208391,0.33037608806864915,0.630170703489267
15 minute warning,neither,0.03945320844208391,0.33037608806864915,0.630170703489267
Never watched a live session before,neither,0.03679504995358469,0.4062988754737489,0.5569060745726664
Neat,neither,0.03945320844208391,0.33037608806864915,0.630170703489267
ty for the refresh warning,neither,0.034652091027529516,0.29859088516896215,0.6667570238035082
Bidet from NY (Long Island),neither,0.04017944379920894,0.3128524409485844,0.6469681152522065
!wallet,neither,0.03945320844208391,0.33037608806864915,0.630170703489267
!wallet,neither,0.03945320844208391,0.33037608806864915,0.630170703489267
The titles are placeholder until the episode is finished and then they give a real title.,neither,0.05092409998519911,0.3285212459790852,0.6205546540357156
bidet from Utah,neither,0.04066490145509902,0.30981049537100724,0.6495246031738937
!wallet,neither,0.03945320844208391,0.33037608806864915,0.630170703489267
Bidet from Panama!,neither,0.04062582848913359,0.31047366557575606,0.6489005059351104
Wooo the video was Sub only for a moment and it had kicked me out.,neither,0.03023927197899267,0.2574035408278786,0.7123571871931287
!wallet,neither,0.03945320844208391,0.33037608806864915,0.630170703489267
Chat is insane and the stream has not even started yet....,neither,0.04197068500649251,0.30429491017651056,0.6537344048169969
All the fanart!,offensive_language,0.041785587507551285,0.49387059749283524,0.46434381499961347
got my crit role playlist going on spotify hehe,neither,0.028866297167935127,0.44026740772244,0.530866295109625
Bidet from Gotham,neither,0.04228451509352876,0.2823214250720796,0.6753940598343917
bidet from canada,neither,0.04071751644889743,0.3089174816120565,0.6503650019390461
I'm going to be so happy if Heder is playing a Bardbarian,neither,0.03244214459931012,0.44590143288504525,0.5216564225156447
was it ever confirmed if that drow baker actually baked those cakes?,neither,0.03658108558638478,0.3461777298177107,0.6172411845959045
Refresh,neither,0.03945320844208391,0.33037608806864915,0.630170703489267
!wallet,neither,0.03945320844208391,0.33037608806864915,0.630170703489267
Bidet everybody!,neither,0.03945320844208391,0.33037608806864915,0.630170703489267
Bidet from Big Bear CA,neither,0.026201297087334728,0.3710371482194447,0.6027615546932206
!wallet,neither,0.03945320844208391,0.33037608806864915,0.630170703489267
@erthafein Welcome to the chaos.,neither,0.04484640386526863,0.3118104864371465,0.6433431096975849
"almost caught up, but not in time for tonight's episode",neither,0.028733912365641597,0.35059657979069453,0.6206695078436639
"quick, someone pick the next movie I put on in the shop",neither,0.04010292010653879,0.25263078522100635,0.7072662946724549
Evenin folks :D,neither,0.03945320844208391,0.33037608806864915,0.630170703489267
bidet!,neither,0.03945320844208391,0.33037608806864915,0.630170703489267
yaaaaaaaaaay! All you wonderful artists are AMAZING,neither,0.08090116238727263,0.39039269632501944,0.528706141287708
bidet from hell oh i mean work in Utah,offensive_language,0.04623264151638,0.6110335100881498,0.3427338483954703
bidet from Ontario,neither,0.04062582848913359,0.31047366557575606,0.6489005059351104
"Help G&S make great content! $4.99/month gets you emotes, Minecraft server access, Sub Only Q&As, VODs, and more! Every sub keeps the channel alive! twitch.tv/geekandsundry/subscribe",neither,0.043092924924402844,0.32365565443818894,0.6332514206374082
but seriously whatisbidet im so confused,neither,0.03546948727668006,0.4149516958890657,0.5495788168342541
bidet from FLORIDA. STORMY HERE,neither,0.07986645088409887,0.28325478177515884,0.6368787673407423
bidet!,neither,0.03945320844208391,0.33037608806864915,0.630170703489267
Bidet boys and girls,neither,0.02154338271090432,0.39000207537614484,0.5884545419129509
bidet from Asheville NC,neither,0.04066490145509902,0.30981049537100724,0.6495246031738937
bidet from mobile alabama,neither,0.04037735807595538,0.31469085694349574,0.6449317849805489
cheer4625,neither,0.03945320844208391,0.33037608806864915,0.630170703489267
Bidet from St. Louis Missouri!,neither,0.040278014386681806,0.31637697861683733,0.6433450069964808
wouldn't be much of a baker if they didnt,neither,0.024103953245330868,0.37659595706929905,0.5993000896853702
off topic.. anyone recommend a good witcher3 guide?,neither,0.039037505068870736,0.3305190675210258,0.6304434274101034
Uhhh like BEEP BEEP YALL,neither,0.04947863560842734,0.37445975205296944,0.5760616123386032
Bidet from the District of Columbia,neither,0.039587088736116126,0.29540556621690656,0.6650073450469774
"Bidet from The Netherlands, 3:45am and ready to role! gandsSCANLAN",neither,0.044040887913614324,0.2729518015517728,0.6830073105346128
wonder if grogs magic item from dream will carry over shame to waste that card from deck,neither,0.03236118840102305,0.34553096065284544,0.6221078509461315
starts at 7 right,neither,0.03743355239942441,0.37956182714354847,0.5830046204570272
Woo Critart!,neither,0.03945320844208391,0.33037608806864915,0.630170703489267
"Bidet is Grog's way og saying ""Good day""",neither,0.03838926805143005,0.3190502384682255,0.6425604934803443
"Bidet from South Florida, y'all!",neither,0.04244990103291094,0.38428063354098957,0.5732694654260996
HeyGuys,neither,0.03945320844208391,0.33037608806864915,0.630170703489267
Ayyo,neither,0.03945320844208391,0.33037608806864915,0.630170703489267
!wallet,neither,0.03945320844208391,0.33037608806864915,0.630170703489267
Bidet from Massachusetts,neither,0.04069404815304118,0.30931579984010865,0.6499901520068502
Bidet from sc.,neither,0.040737273169946825,0.30858215849491494,0.6506805683351382
Tonight is episode 99 with Special Guest :Jon Heder https://twitter.com/hederjon : from Napoleon Dynamite & Blades of Glory,neither,0.048171298465869046,0.36533660704241927,0.5864920944917117
Bidet is Grog confusing good day!,neither,0.04770644135759396,0.3128361619930786,0.6394573966493274
Bidet from Poland!,neither,0.04228451509352876,0.2823214250720796,0.6753940598343917
when did it start,neither,0.026551689575131075,0.39105575953501653,0.5823925508898523
Bidet from New Hampshire!,neither,0.04402155579737495,0.2236345274837781,0.7323439167188469
@DaffodilBud356 It is something Grog said instead of good day,neither,0.04514027353945975,0.3154906234164836,0.6393691030440566
Ah,neither,0.03945320844208391,0.33037608806864915,0.630170703489267
Since it's #Bardbarian do you think that's what Heder is playing?,neither,0.06776420435548548,0.39701341304362175,0.5352223826008928
"next week big 100, hi from la",neither,0.028178389170161678,0.3715685951534158,0.6002530156764224
ooooh boi its been a while since i could make it to live,neither,0.041230901708830474,0.33233356073555037,0.6264355375556192
Bidet from Poland!,neither,0.04228451509352876,0.2823214250720796,0.6753940598343917
🤘⚔️🔥⚔️🤘,neither,0.03945320844208391,0.33037608806864915,0.630170703489267
Bidet from Indiana then!,neither,0.04069093194015126,0.3093686901055181,0.6499403779543307
hello there!,neither,0.03937036753510788,0.27621722592919734,0.6844124065356949
Bidet from Florida,neither,0.0408948396164547,0.30590784468201904,0.6531973157015263
BIDET,neither,0.03945320844208391,0.33037608806864915,0.630170703489267
how long till the fanart and music starts? :o,neither,0.038055302922226114,0.28582304023402777,0.6761216568437461
Bidet from Georgia!,neither,0.04066490145509902,0.30981049537100724,0.6495246031738937
bidet from lumberton nc,neither,0.04066490145509902,0.30981049537100724,0.6495246031738937
Bidet from Wisconsin,neither,0.04071751644889743,0.3089174816120565,0.6503650019390461
Bidet everyone.,offensive_language,0.02988896790634741,0.4927062106388782,0.4774048214547744
"Hi I'm new, what is this?",neither,0.061457005216056404,0.2261470507325154,0.7123959440514283
@griffin2121 your a masshole too!,neither,0.1257264430406972,0.3143237902918659,0.5599497666674369
"Any AUSSIES interested in joining the AUSSIE CRITTERS Chat Group, PM me before the Show starts, and I'll send you the Invite Link.",neither,0.04499596750454974,0.3213445632308067,0.6336594692646437
whats the discord again?,neither,0.036438177507560635,0.3474606016996051,0.6161012207928342
when does it start?,offensive_language,0.016657143906209267,0.5095962980709364,0.4737465580228543
omg the bubble water,neither,0.03863200463682713,0.31538625515985885,0.6459817402033141
Bidet from Missouri.,neither,0.04071751644889743,0.3089174816120565,0.6503650019390461
Bidet from Oklahoma,neither,0.04066490145509902,0.30981049537100724,0.6495246031738937
bidet from cary nc,neither,0.040334677536117594,0.315415257091876,0.6442500653720065
@Couchmunchy I know his unseen attacker carried over,neither,0.06133354588272215,0.33459541900109446,0.6040710351161835
!discird,neither,0.03945320844208391,0.33037608806864915,0.630170703489267
bidet from Ireland,neither,0.04066490145509902,0.30981049537100724,0.6495246031738937
that teryon art in the ball lol,neither,0.02862883747297189,0.40219163218239296,0.5691795303446353
fifteen minutes?,neither,0.03945320844208391,0.33037608806864915,0.630170703489267
"@iamthenatehawk It already has, you likely need to refresh",neither,0.05502066015673901,0.36803816064006134,0.5769411792031995
!discord,neither,0.03945320844208391,0.33037608806864915,0.630170703489267
We have a subscriber-only Discord server! Join here: https://discord.gg/geekandsundry (you'll need to sub and link it to your Twitch) and be a part of the fun!,neither,0.09599275848176793,0.2819530604707182,0.6220541810475139
Please refresh if your waiting for it to pop up!,neither,0.0401781479785283,0.35725615097398594,0.6025657010474857
Hi all,neither,0.0423466876598404,0.4436528871510691,0.5140004251890904
!wallet,neither,0.03945320844208391,0.33037608806864915,0.630170703489267
"@Szorrin You are a very strong person for staying up this late to watch live. (Or possibly sleeping until now, and then getting up super early)",neither,0.05703363478721765,0.3564837425128551,0.5864826226999271
Bidet from Goodland Indiana! Just wanted to say hi before my broke ass can't talk to you amazing Critters no moe!,offensive_language,0.06953337486306949,0.8663369064482599,0.06412971868867055
yeah fan art,neither,0.024423410614627005,0.43412344087177224,0.5414531485136007
"Terry gets a ""Fate Die""...",neither,0.2894896186486381,0.08344259854465204,0.6270677828067099
Bidet from UK,neither,0.04079557052152802,0.30759270029461827,0.6516117291838538
"also, Beep-Beep from Ventura County :P",neither,0.04028089475839396,0.31632809119171085,0.6433910140498952
what time is it? i'm in other timezone,neither,0.053761663633930895,0.34574007598506734,0.6004982603810017
Bidet from Syracuse,neither,0.04228451509352876,0.2823214250720796,0.6753940598343917
its a live stream of several hamsters with knives strapped to them being rolled down water slides,neither,0.03927985939727993,0.35457464095999214,0.606145499642728
Bidet and bee beep from Orange Australia,neither,0.03958826906157855,0.28781434471902473,0.6725973862193967
Ah hello fellow Hoosier!,neither,0.03945320844208391,0.33037608806864915,0.630170703489267
bidet from California!,neither,0.06971251856910227,0.2972619859879888,0.633025495442909
Bidet from Ohio!,neither,0.040754399270683486,0.3082914838698526,0.650954116859464
i totally forgot jon heder was going to be a guest star this week,neither,0.042295947149126635,0.3478374877329244,0.6098665651179491
Bidet from the UK,neither,0.039613273355342184,0.2892653269430044,0.6711213997016535
bidet from NYC,neither,0.04081748366884477,0.3072207769958956,0.6519617393352596
@AstaraelRose the Crit Art lead inn has begun the show is 12 ninutes away wheniscriticalrole.com,neither,0.054384221602769164,0.24428065595645104,0.7013351224407798
"If you are having buffering issues, try refreshing, then try dropping the video quality to low or medium if that is not working, go to video settings advanced and turn html5 off",neither,0.047412434720005815,0.29312265248679614,0.6594649127931981
i'm pretty damn excited,offensive_language,0.04487828552386426,0.8233955922297719,0.1317261222463638
CR starts in 12 minutes guise,neither,0.03945320844208391,0.33037608806864915,0.630170703489267
brb snacks,neither,0.03945320844208391,0.33037608806864915,0.630170703489267
gandsSubHype gandsSubHype gandsSubHype,neither,0.03945320844208391,0.33037608806864915,0.630170703489267
bidet from England,neither,0.04071751644889743,0.3089174816120565,0.6503650019390461
Bidet from Baltimore,neither,0.04079557052152802,0.30759270029461827,0.6516117291838538
okay,neither,0.03945320844208391,0.33037608806864915,0.630170703489267
Bidet from Texas!,neither,0.040937266849991,0.30518774380265185,0.6538749893473571
Thanks!,neither,0.035884468650613,0.3004919205142699,0.6636236108351171
Bidet from the UK !!,neither,0.039613273355342184,0.2892653269430044,0.6711213997016535
SO FREAKIN EXCITED!!!!,neither,0.03941236851434089,0.372859359918277,0.5877282715673822
Bidet from monterey,neither,0.04228451509352876,0.2823214250720796,0.6753940598343917
Bidet everyone !,offensive_language,0.02988896790634741,0.4927062106388782,0.4774048214547744
bidet from New Zealand!,neither,0.046710622032705686,0.1542697019613409,0.7990196760059534
bidet from nz!!!,neither,0.04228451509352876,0.2823214250720796,0.6753940598343917
Bidet from Canada,neither,0.04071751644889743,0.3089174816120565,0.6503650019390461
"Guys whos psyched for that 100th episode, were nearly there!",neither,0.03357724209036445,0.29995747882499224,0.6664652790846434
"Bidet from Salisbury, MA",neither,0.031816597323666866,0.4599893087150652,0.5081940939612679
Something tells me this is gonna be a special episode,neither,0.06180589172830212,0.3787185992739616,0.5594755089977362
bidet from pittsburg,neither,0.04228451509352876,0.2823214250720796,0.6753940598343917
Bidet Critters!!,neither,0.03945320844208391,0.33037608806864915,0.630170703489267
Is their no audio yet or is something wrong with my end?,neither,0.033498512567254383,0.40966639289718604,0.5568350945355595
Bidet from NOVA,neither,0.04228451509352876,0.2823214250720796,0.6753940598343917
beep beep peeps,neither,0.03945320844208391,0.33037608806864915,0.630170703489267
"@magicalanimecat Usually I get up early, but today I stayed up as I had a lot of work to do anyway. It's worth to see these wonderful people live",neither,0.05924826617153346,0.4031723401118139,0.5375793937166526
Bidet from Kentucky!,neither,0.04071751644889743,0.3089174816120565,0.6503650019390461
I still have two hours left from last weeks episode,neither,0.03962804688587311,0.32740862338556825,0.6329633297285587
"Bidet from Stafford, Va",neither,0.04036266062233628,0.31494031108870923,0.6446970282889545
Tary,neither,0.03945320844208391,0.33037608806864915,0.630170703489267
Bidet from Winnipeg!,neither,0.04228451509352876,0.2823214250720796,0.6753940598343917
gandsTrinket gandsTrinket gandsTrinket,neither,0.03945320844208391,0.33037608806864915,0.630170703489267
bidet from PA,neither,0.04069404815304118,0.30931579984010865,0.6499901520068502
bidet from htwon,neither,0.04228451509352876,0.2823214250720796,0.6753940598343917
I take it that the stream hasn't started yet?,neither,0.035333364703560716,0.34790689960735105,0.6167597356890883
beep beep from chicago!,neither,0.04078317879478948,0.307803020237201,0.6514138009680096
!wallet,neither,0.03945320844208391,0.33037608806864915,0.630170703489267
@rakzuel1648 something wrong on your end - there is music.,neither,0.07130443725314797,0.2955994576272168,0.6330961051196352
i feel a massive disturb... wait wrong stream,neither,0.03945320844208391,0.33037608806864915,0.630170703489267
Bidet from Manila,neither,0.04228451509352876,0.2823214250720796,0.6753940598343917
but i'll definitely be able to watch ep100 live,neither,0.05049550802741991,0.33473229883796946,0.6147721931346106
Bidet from KY,neither,0.04062582848913359,0.31047366557575606,0.6489005059351104
Bidet Brighton y'all!,offensive_language,0.046917543854519406,0.6277741405869331,0.3253083155585475
bidet from LA!,neither,0.04094187055022747,0.3051096069949388,0.6539485224548338
"Snacks ready, drink refilled, adult diaper on. I am ready.",neither,0.03763199300160734,0.3385345670517476,0.6238334399466451
Bidet from Denver!,neither,0.04069404815304118,0.30931579984010865,0.6499901520068502
Can someone recap the last episode for me?,neither,0.029945066532955436,0.3225074980592525,0.647547435407792
No audio here either,neither,0.08003800156679543,0.30862488238334207,0.6113371160498624
Bidet from San Diego!,neither,0.040446282760733435,0.31352102516371877,0.6460326920755478
Bidet from Minnesota!,neither,0.04071751644889743,0.3089174816120565,0.6503650019390461
Beep Beep From Calgary Canada!!,neither,0.04071751644889743,0.3089174816120565,0.6503650019390461
@rakzuel1648 something wrong with you,neither,0.04258699406228354,0.44814566018898633,0.5092673457487302
Bidet from Brooklyn!,neither,0.04079557052152802,0.30759270029461827,0.6516117291838538
i can't wait,neither,0.03991073413903658,0.3226106829444422,0.6374785829165213
Bidet from Winnipeg!,neither,0.04228451509352876,0.2823214250720796,0.6753940598343917
Bidet from louisiana!,neither,0.04062582848913359,0.31047366557575606,0.6489005059351104
!wallet,neither,0.03945320844208391,0.33037608806864915,0.630170703489267
EVERYONE REFRESH,neither,0.03354967907916047,0.4305743883413756,0.535875932579464
bidet from denmark,neither,0.04228451509352876,0.2823214250720796,0.6753940598343917
Detroit,neither,0.03945320844208391,0.33037608806864915,0.630170703489267
Those last two hours are a rollercoster,neither,0.10070398546236285,0.21054693152854093,0.6887490830090962
Bidet from Florida!!,neither,0.0408948396164547,0.30590784468201904,0.6531973157015263
Bidet from Yorkshire(aka 'the shire') in the UK!!,neither,0.038830542590554414,0.2868708118646637,0.6742986455447818
@Regrix Oh! I'm literally right next to there,neither,0.04934500545856365,0.27017552126932814,0.6804794732721082
Bidet from Portugal,neither,0.04062582848913359,0.31047366557575606,0.6489005059351104
every episode brings us nearer to the end of vox machina... so i can't be psyched about episode 100 at all! :D,neither,0.06035411043339805,0.39781960415633666,0.5418262854102653
Bidet,neither,0.03945320844208391,0.33037608806864915,0.630170703489267
I'm dying to know whats coming for next week,neither,0.03896496370048137,0.3152573762036886,0.64577766009583
"Bidet from Olympia, WA!",neither,0.04071751644889743,0.3089174816120565,0.6503650019390461
bidet from Toronto canada,neither,0.040371808140217125,0.31478505383715205,0.6448431380226308
!wallet,neither,0.03945320844208391,0.33037608806864915,0.630170703489267
Bidet all!,offensive_language,0.046917543854519406,0.6277741405869331,0.3253083155585475
"Bidet from Tampa, Florida",neither,0.0404490119039584,0.3134747044806948,0.6460762836153469
Art is up. Refresh if you're not seeing it.,neither,0.04817644823658926,0.4217969520537357,0.5300265997096751
"@Nopaincrane it was just a battle royal (a dream episode), no plot.",neither,0.03538108179223586,0.3529753733156781,0.611643544892086
There's sound.,neither,0.03936837301610671,0.2705887860544613,0.6900428409294321
"lol i couldn't hear music, realized my headphones weren't on.",neither,0.027176271521045958,0.42220680065805277,0.5506169278209013
sup all,neither,0.042007796308410617,0.4310059871578024,0.526986216533787
anymore live on stage episode,neither,0.04065080284255701,0.3400045277395855,0.6193446694178574
bidet from Kansas!,neither,0.04071751644889743,0.3089174816120565,0.6503650019390461
@Nopaincrane Tary kicked everyones ass,offensive_language,0.11957963041730423,0.8801040708362533,0.0003162987464425456
bidet from australia,neither,0.04062582848913359,0.31047366557575606,0.6489005059351104
Bidet from Maryland~,neither,0.04066490145509902,0.30981049537100724,0.6495246031738937
for the hord,neither,0.025530574474639644,0.23858405014631345,0.7358853753790469
That battle royal though! I wonder what Terry will use it for.,neither,0.018240581173456442,0.3805245469582236,0.60123487186832
how disappointing - sense8 cancelled,neither,0.03945320844208391,0.33037608806864915,0.630170703489267
bidet from michigan,neither,0.040769555981420263,0.3080342349327864,0.6511962090857933
Refresh twitch incase you see only a dark screen!,neither,0.04835031466821,0.35611694253183795,0.595532742799952
Who won the battle royale?,neither,0.039019215227954505,0.3788736896718898,0.5821070951001558
Bidet from Washington!,neither,0.04080695066346891,0.3073995495860776,0.6517934997504536
"It's 4 am here, why am I still on Twitch '-'",neither,0.05117901006933915,0.3370362323621211,0.6117847575685396
!wallet,neither,0.03945320844208391,0.33037608806864915,0.630170703489267
Beep Beep I'm a sheep,neither,0.03945320844208391,0.33037608806864915,0.630170703489267
"bidet from Ypsilanti, MI y'all",neither,0.04324940744025782,0.3982080527344978,0.5585425398252444
"Art and sound is up, refresh if you don't see or hewar it!",neither,0.03693746994900708,0.40193951455251764,0.5611230154984752
@khadijah1975 michigan hype!,neither,0.03945320844208391,0.33037608806864915,0.630170703489267
might just need to refresh,neither,0.04079896202927098,0.3443609501978402,0.6148400877728889
bidet from Colorado,neither,0.04066490145509902,0.30981049537100724,0.6495246031738937
bidet from australia!!,neither,0.04062582848913359,0.31047366557575606,0.6489005059351104
oh,neither,0.051363287716059566,0.22255663153133606,0.7260800807526044
BEEP BEEP,neither,0.03945320844208391,0.33037608806864915,0.630170703489267
hi from England,neither,0.04047678480113211,0.313003325934171,0.6465198892646968
wtf is bidet?,offensive_language,0.06133462473558788,0.7368762788078915,0.20178909645652043
Thanks had a loose cord,neither,0.037644398515352444,0.3152293466184444,0.6471262548662031
Sam won,neither,0.03945320844208391,0.33037608806864915,0.630170703489267
Late to the party; Im not even caught up with the streams yet... Still at the Briarwood arc lol! But so excited ❤,neither,0.028322452118401776,0.43292937028486156,0.5387481775967368
I'm gonna be here for episode 100 even if it heckin kills me,neither,0.03662006393077845,0.39022243571454857,0.5731575003546729
i meant the last actual plot episode,neither,0.03883551165209001,0.31916205347429655,0.6420024348736135
Bidet from MA. Also remember to turn down the volume when using headphones or you'll suffer like myself.,neither,0.04362059008262967,0.44374656719266986,0.5126328427247006
bidet!,neither,0.03945320844208391,0.33037608806864915,0.630170703489267
Bidet from Michigan,neither,0.040769555981420263,0.3080342349327864,0.6511962090857933
bidet,neither,0.03945320844208391,0.33037608806864915,0.630170703489267
Bidet from Trondheim Norway! :D,neither,0.04228451509352876,0.2823214250720796,0.6753940598343917
sbzyFeedMe gandsNatTwenty,neither,0.03945320844208391,0.33037608806864915,0.630170703489267
tary won thee battle royal,neither,0.03945320844208391,0.33037608806864915,0.630170703489267
"bidet from Vancouver,Wa",neither,0.04071751644889743,0.3089174816120565,0.6503650019390461
@astaraelrose simultaneous stream. Sounds perfect,neither,0.03945320844208391,0.33037608806864915,0.630170703489267
people always draw Vex lookin' thickkkk,neither,0.0652193037489381,0.37894576465022345,0.5558349316008384
hey fellow mods :/,neither,0.03945320844208391,0.33037608806864915,0.630170703489267
Bidet from Illinois,neither,0.04069404815304118,0.30931579984010865,0.6499901520068502
bidet from houston,neither,0.040875471929787875,0.3062365648703896,0.6528879631998226
bidet from baltimore,neither,0.04079557052152802,0.30759270029461827,0.6516117291838538
@Emerald_Dragoon uhmm.. the.. Sam.. guy (Im TERRIBLE with names.) the one with the robot follower,neither,0.027044494846842966,0.3770993784905465,0.5958561266626105
Good early morning!,neither,0.0491700777352907,0.14981161051893577,0.8010183117457735
Thank you!,neither,0.07325166854587051,0.43632638485078484,0.49042194660334476
Yo,offensive_language,0.04010381111145228,0.5271105317972344,0.4327856570913131
Bidet,neither,0.03945320844208391,0.33037608806864915,0.630170703489267
bidet from New Zealand!,neither,0.046710622032705686,0.1542697019613409,0.7990196760059534
what is this music?,neither,0.06053581956958716,0.32244589226693143,0.6170182881634815
"And a Big, Beautiful Brooklyn Bidet to you all!",neither,0.04201798810121416,0.45503071631577385,0.502951295583012
Greetings and salutations from Oklahoma,neither,0.039665017157423446,0.26811748049299106,0.6922175023495856
Bidet from England <3,neither,0.04071751644889743,0.3089174816120565,0.6503650019390461
me likey,neither,0.018491955366437673,0.460246435692358,0.5212616089412043
Bidet every one,neither,0.03793799131502683,0.38595718189369205,0.5761048267912812
bidet,neither,0.03945320844208391,0.33037608806864915,0.630170703489267
Bidet's are washes for your butt.,neither,0.13956654994591638,0.2576130253113877,0.6028204247426959
Bidet,neither,0.03945320844208391,0.33037608806864915,0.630170703489267
bidet from pa,neither,0.04069404815304118,0.30931579984010865,0.6499901520068502
gandsMatt,neither,0.03945320844208391,0.33037608806864915,0.630170703489267
"whats is ""Bidet""?",neither,0.05142790244426832,0.3262574416944894,0.6223146558612423
Bidet from England,neither,0.04071751644889743,0.3089174816120565,0.6503650019390461
Bidet!,neither,0.03945320844208391,0.33037608806864915,0.630170703489267
BIDET BIDET BIDET,neither,0.03945320844208391,0.33037608806864915,0.630170703489267
@chittybangarang Michigan well represented tonight,neither,0.03683656318486105,0.3084646375661204,0.6546987992490185
Jeslis Tary won!? PogChamp,neither,0.03945320844208391,0.33037608806864915,0.630170703489267
!wallet,neither,0.03945320844208391,0.33037608806864915,0.630170703489267
@imaginaryRoleplay Bidet from Illinois!,neither,0.04069404815304118,0.30931579984010865,0.6499901520068502
BIDET FROM DUNDALK!,neither,0.04228451509352876,0.2823214250720796,0.6753940598343917
yay spaghetti beer and dnd,neither,0.03889776589102542,0.3031118205052444,0.6579904136037301
Bidet from wa.st!,neither,0.04046104702925519,0.31327043699523416,0.6462685159755107
what is the wallet for,neither,0.046343497561381924,0.2799869644366443,0.6736695380019738
bidet from New Jersey,neither,0.04458029923653559,0.209841401288464,0.7455782994750004
bidet from canada,neither,0.04071751644889743,0.3089174816120565,0.6503650019390461
@Szorrin Very true! They're very much worth staying up late for. Even if I regularly stay up until 3 or 4 (sometimes 5) in the morning anyway. Now that I'm done with school and I have nothing to do XD,neither,0.03064867953297607,0.3506841805391893,0.6186671399278345
I'M HUNGRY. That is all.,offensive_language,0.04718579664473648,0.47791500277759996,0.4748992005776635
bidet from GA,neither,0.040737273169946825,0.30858215849491494,0.6506805683351382
Beep beep.,neither,0.03945320844208391,0.33037608806864915,0.630170703489267
Bidet from Northern Ireland,neither,0.040334677536117594,0.315415257091876,0.6442500653720065
BEEP BEEP AND BIDET!,neither,0.03763944115734239,0.1918412352459551,0.7705193235967025
Bidet all!,offensive_language,0.046917543854519406,0.6277741405869331,0.3253083155585475
Taryton with Doty!,neither,0.01332993187238274,0.44459218524224076,0.5420778828853765
lol,neither,0.020706217963973744,0.4882283491876925,0.4910654328483337
Kit buss art,neither,0.03945320844208391,0.33037608806864915,0.630170703489267
Bidet from Colorado,neither,0.04066490145509902,0.30981049537100724,0.6495246031738937
Beep beep everyone!,offensive_language,0.02988896790634741,0.4927062106388782,0.4774048214547744
bidet from texas,neither,0.040937266849991,0.30518774380265185,0.6538749893473571
@Tk0musician its from Pillars of Entreaty,neither,0.03176076601634768,0.30482885718209873,0.6634103768015535
!wallet,neither,0.03945320844208391,0.33037608806864915,0.630170703489267
Terry gets the Fate Die...,neither,0.2674261011514363,0.08146783320872683,0.6511060656398369
EbolAIDS,neither,0.03945320844208391,0.33037608806864915,0.630170703489267
Bidet from Philly!,neither,0.040769555981420263,0.3080342349327864,0.6511962090857933
@Emerald_Dragoon yes- he used some sort of immunity bubble which lasted 10? rounds,neither,0.03760064584993451,0.336808337042096,0.6255910171079695
bidet all from az,neither,0.043150563600555976,0.39649058521260827,0.5603588511868358
bidet beep beep,neither,0.03945320844208391,0.33037608806864915,0.630170703489267
Bidet from Idaho!,neither,0.04066490145509902,0.30981049537100724,0.6495246031738937
The most powerful chaosOn the stealthiest trackMoves silent and gracefulIn black upon blackWho is true and disasterTo those whom he preysAnd the world does truely turnBy the men he doth slayAnd words spoke in whisperIn dark rage like angerThe last words that they heardDaggerDaggerDagger,neither,0.05550271258319968,0.31626933301008375,0.6282279544067166
Its how Grog says goodday,neither,0.034112687104641486,0.33221293824941933,0.6336743746459392
Bidet from Orlando,neither,0.04062582848913359,0.31047366557575606,0.6489005059351104
Bidet from Boston,neither,0.040769555981420263,0.3080342349327864,0.6511962090857933
bidet from FL,neither,0.04066490145509902,0.30981049537100724,0.6495246031738937
gandsSCANLAN,neither,0.03945320844208391,0.33037608806864915,0.630170703489267
CR minus 10 minutes and counting...,neither,0.038938062866835016,0.3052072828324237,0.6558546543007413
"bidet = good day, to those who don't know",neither,0.0798191076651965,0.29941145458288926,0.6207694377519143
Bidet from Brazil,neither,0.04079557052152802,0.30759270029461827,0.6516117291838538
bidet from tx!,neither,0.04081748366884477,0.3072207769958956,0.6519617393352596
Heder!!,neither,0.03945320844208391,0.33037608806864915,0.630170703489267
Bidet from Wichita ks :D,neither,0.04228451509352876,0.2823214250720796,0.6753940598343917
Bidet from canada,neither,0.04071751644889743,0.3089174816120565,0.6503650019390461
"@Dasbif Hi Hungry, I'm uncle_tambour",neither,0.03945320844208391,0.33037608806864915,0.630170703489267
NBA FINALS!!!,neither,0.03945320844208391,0.33037608806864915,0.630170703489267
beep beep,neither,0.03945320844208391,0.33037608806864915,0.630170703489267
@Impossiblegirl11 thanks!,neither,0.035884468650613,0.3004919205142699,0.6636236108351171
@judokilla Its something Grog says when he greets people he meet. His version of g'day :),neither,0.07081835790230395,0.3496090318754594,0.5795726102222367
"Bidet from Denver, CO!",neither,0.040644782651300455,0.31015196397736267,0.6492032533713368
i've always loved the critical role fan base and the work that some of them put into their art,neither,0.026630123095649813,0.3360438281554494,0.6373260487489008
Bidet!,neither,0.03945320844208391,0.33037608806864915,0.630170703489267
@Emerald_Dragoon he popped out after like.. 6 rounds (with a window trick that the DM ok'd).. and was BARELY the last one standing. He won a fate die. ONE use.,neither,0.05189681745997679,0.3301552479384266,0.6179479346015966
Up Next: Critical Role,neither,0.036577218430604165,0.3859210743201239,0.577501707249272
10 MINS TILL SLOW AND SUB MODE!,neither,0.038932379713759846,0.3049131195017423,0.6561545007844978
WHO THINKS SCANLAN WILL BE BAK FOR EPISODE 100???? gandsSCANLAN gandsSCANLAN gandsSCANLAN gandsSCANLAN gandsSCANLAN gandsSCANLAN gandsSCANLAN gandsSCANLAN gandsSCANLAN gandsSCANLAN gandsSCANLAN,neither,0.036256136811941425,0.3374632818042838,0.6262805813837747
"Bidet from Beaumont, Tx",neither,0.04081748366884477,0.3072207769958956,0.6519617393352596
"Seattle is on board, celebrating 24 months as subscribing member!!",neither,0.040951250604065,0.35536712526487596,0.6036816241310591
gandsNatTwenty gandsCrit,neither,0.03945320844208391,0.33037608806864915,0.630170703489267
Ready for some durr n durr,neither,0.022979456087788227,0.3094590913754747,0.667561452536737
666,neither,0.03945320844208391,0.33037608806864915,0.630170703489267
