text,top_class,hate_speech,offensive_language,neither
indeed,neither,0.03945320844208391,0.33037608806864915,0.630170703489267
13ish minutes away,neither,0.04119506340058859,0.3008122635436261,0.6579926730557852
@Rolobax if you are sub you can watch teh previous week,neither,0.08219611100484986,0.42133201010563587,0.4964718788895143
"Thanks, just saw the schedule too",neither,0.03334273538988768,0.32399758566953624,0.642659678940576
hiiii,neither,0.03945320844208391,0.33037608806864915,0.630170703489267
!sub,neither,0.03945320844208391,0.33037608806864915,0.630170703489267
Help support the #GnSLive twitch channel! $4.99/month gets you exclusive sub-only benefits and helps keep the channel alive! Thanks! twitch.tv/geekandsundry/subscribe or for MOBILE https://secure.twitch.tv/products/geekandsundry/ticket/new,neither,0.047564760200365624,0.28780811278399754,0.6646271270156369
@Quirrell wheniscriticalrole.com/talksmachina,neither,0.03945320844208391,0.33037608806864915,0.630170703489267
"The preshow is on now. If you are not seeing the video, reload.",neither,0.061948164072154144,0.27960275886779606,0.6584490770600497
lol,neither,0.020706217963973744,0.4882283491876925,0.4910654328483337
EVERYONE IS SAM,neither,0.0410355004333002,0.4369086447598159,0.5220558548068838
Bidet,neither,0.03945320844208391,0.33037608806864915,0.630170703489267
whattup early people?,neither,0.09543141742176635,0.28641297182341036,0.6181556107548234
bidet from Mongolia,neither,0.04228451509352876,0.2823214250720796,0.6753940598343917
gandsSCANLAN gandsSCANLAN gandsSCANLAN gandsSCANLAN gandsSCANLAN,neither,0.03945320844208391,0.33037608806864915,0.630170703489267
halla,neither,0.03945320844208391,0.33037608806864915,0.630170703489267
was that a photo of all sam !!!,neither,0.037166830859417646,0.4388964447117085,0.523936724428874
Talks Machina is on every Tuesday 7pm - 8pm PDT http://www.wheniscriticalrole.com/talksmachina,neither,0.04000392966313582,0.27734818689170626,0.6826478834451579
bidet from the OK!,neither,0.0395817642342062,0.28176558341017327,0.6786526523556206
!song,neither,0.038601720699969956,0.3448280572582511,0.616570222041779
bidet,neither,0.03945320844208391,0.33037608806864915,0.630170703489267
bidet from orlando,neither,0.04062582848913359,0.31047366557575606,0.6489005059351104
new set?,neither,0.04427046440042074,0.2083113095955835,0.7474182260039958
bidet from scotland,neither,0.04062582848913359,0.31047366557575606,0.6489005059351104
I'm scared!,neither,0.03945320844208391,0.33037608806864915,0.630170703489267
new set?,neither,0.04427046440042074,0.2083113095955835,0.7474182260039958
This isn't a set!,neither,0.03934123181750486,0.3322766236234587,0.6283821445590365
bidet from Nebraska,neither,0.04062582848913359,0.31047366557575606,0.6489005059351104
What happened to the stuffs :O,neither,0.055367456511688,0.30009089564106567,0.6445416478472463
And no sign!,neither,0.037499045913591614,0.297721007554719,0.6647799465316895
any audio?,neither,0.03945320844208391,0.33037608806864915,0.630170703489267
"?me as mentioned the Behind the Scenes camera is up, REFRESH if you do not see it",neither,0.03252662545594817,0.4255317664176826,0.5419416081263693
help!,neither,0.03945320844208391,0.33037608806864915,0.630170703489267
"show the photo again, an add played over it",neither,0.04429798439370786,0.28572769475709303,0.6699743208491992
"woah, set change?",neither,0.03945320844208391,0.33037608806864915,0.630170703489267
Wow the Talks Video feed is EFFED,neither,0.05019651438348299,0.2398029564984238,0.7100005291180932
Bidet from Scotland,neither,0.04062582848913359,0.31047366557575606,0.6489005059351104
oh man oh boy excited so see what everyone has to say about last week,neither,0.04788655711864463,0.4006552414174729,0.5514582014638825
They won't show the new set before episode 100,neither,0.04886185349380447,0.2509308091235645,0.7002073373826311
*cries*,neither,0.03945320844208391,0.33037608806864915,0.630170703489267
Bidet from Sheffield U.K.,neither,0.04062582848913359,0.31047366557575606,0.6489005059351104
The Talks Machina set is looking... sparse.,neither,0.04631338445481375,0.3125228943607288,0.6411637211844575
@Dragonchrome thank you,neither,0.07325166854587051,0.43632638485078484,0.49042194660334476
what is happening?!,neither,0.05556313111362946,0.3226410524653571,0.6217958164210133
The camera must be directed elswhere,neither,0.039924434591823085,0.2993356395934646,0.6607399258147123
Bidet from Houston,neither,0.040875471929787875,0.3062365648703896,0.6528879631998226
Camera is sideways,neither,0.047137651920956335,0.3277330555814791,0.6251292924975645
The set looks unusually empty today.,neither,0.037605225916484714,0.29937531763113945,0.6630194564523758
someone stole the set,neither,0.038589523739927606,0.314592192494421,0.6468182837656514
Looks like a different camera is on.,neither,0.054587575383350455,0.3539235018444025,0.5914889227722471
"Oh, it looks like a side view in the back?",neither,0.04544238165321713,0.31961053306691334,0.6349470852798695
its literally behind the scene as in we dont even see the set !,neither,0.033125877571102226,0.34367222165253736,0.6232019007763604
"OH, I get it. The cameras",neither,0.04155735301349491,0.2745353391136436,0.6839073078728615
geekandsundry is online. RevloBot is now tracking loyalty.,neither,0.05157974116510514,0.3262052173957376,0.6222150414391574
"This song is ""Electric Hell"" from the Syrinscape playlist",offensive_language,0.04608102235596526,0.5928164781627852,0.36110249948124956
BTS cam,neither,0.03945320844208391,0.33037608806864915,0.630170703489267
hi,neither,0.03945320844208391,0.33037608806864915,0.630170703489267
"Camera is facing to the right of the set, everyone is looking left",neither,0.047660103102620116,0.376842846011659,0.5754970508857208
"Bidet from Birmingham, UK",neither,0.04079557052152802,0.30759270029461827,0.6516117291838538
Bidet from Winnipeg!,neither,0.04228451509352876,0.2823214250720796,0.6753940598343917
"Bidet from Milwaukee, WI, USA.",neither,0.04023132887223675,0.31716935363645377,0.6425993174913095
!wallet,neither,0.03945320844208391,0.33037608806864915,0.630170703489267
phelnacra has 4270 coins,neither,0.03989735448983053,0.32283777050957063,0.6372648750005988
I think they have a secret,neither,0.03944716183209369,0.3304787148205779,0.6300741233473285
The camera's facing to the right of where it usually faces,neither,0.04207133051403521,0.29999955643864273,0.6579291130473222
@Darkelven00 bts camera is not the streaming cmameras,neither,0.04433018612786376,0.31838863089296615,0.6372811829791701
!wallet,neither,0.03945320844208391,0.33037608806864915,0.630170703489267
liamzl_ has 3413 coins,neither,0.03989735448983053,0.32283777050957063,0.6372648750005988
Bidet!,neither,0.03945320844208391,0.33037608806864915,0.630170703489267
If only #DeniseTheKraken were still here :(,neither,0.05522063779988187,0.34461667037171057,0.6001626918284075
Beep beep from New Zealand,neither,0.046710622032705686,0.1542697019613409,0.7990196760059534
Bidet from Deal NJ,neither,0.040464185796080035,0.31321716393068794,0.6463186502732321
When does revlo end again?,offensive_language,0.018799237738166774,0.5087143453876878,0.47248641687414544
new set who dis?,neither,0.04439157071576345,0.2998497154745821,0.6557587138096546
Bidet from Pa,neither,0.04069404815304118,0.30931579984010865,0.6499901520068502
Bidet from Denver (on layover),neither,0.03745828888110202,0.32542855050193775,0.6371131606169601
@TomaHock84 i have a secret....,neither,0.0387445622224656,0.3424036638348322,0.6188517739427022
are we on the internet yet?,neither,0.06005411935743922,0.28551825882135823,0.6544276218212026
!wallet,neither,0.03945320844208391,0.33037608806864915,0.630170703489267
!wallet,neither,0.03945320844208391,0.33037608806864915,0.630170703489267
laboons_beard has 15260 coins,neither,0.03989735448983053,0.32283777050957063,0.6372648750005988
I wonder if there is a REASON?,neither,0.028005571685539354,0.3397257017519,0.6322687265625608
angelazieg has 1630 coins,neither,0.03989735448983053,0.32283777050957063,0.6372648750005988
What time does Talks start?,neither,0.029867976492300278,0.4560850015758538,0.5140470219318459
!wallet,neither,0.03945320844208391,0.33037608806864915,0.630170703489267
chaoticintake has 5544 coins,neither,0.03989735448983053,0.32283777050957063,0.6372648750005988
!wallet,neither,0.03945320844208391,0.33037608806864915,0.630170703489267
gaymer_bear has 4314 coins,neither,0.03989735448983053,0.32283777050957063,0.6372648750005988
hmm video no audio,neither,0.04321067274773319,0.2666021126013605,0.6901872146509065
where is the sign with the message or picture of someone,neither,0.03651911804787381,0.3105761732180113,0.6529047087341149
@TomaHock84 it better be. because i am now terrified,neither,0.038496516561847216,0.33395267995607847,0.6275508034820743
bidet from Toronto,neither,0.04066490145509902,0.30981049537100724,0.6495246031738937
can we see that picture again please we didn't see much the first time because of focus !,neither,0.02437079652412645,0.39135205061115147,0.5842771528647221
Why are we in Brians Basement?,neither,0.04871020976378404,0.3036999865769809,0.647589803659235
Bidayyyyyyyy texty McCutieFace.,neither,0.03945320844208391,0.33037608806864915,0.630170703489267
!wallet,neither,0.03945320844208391,0.33037608806864915,0.630170703489267
xthejester has 14477 coins,neither,0.03989735448983053,0.32283777050957063,0.6372648750005988
!info,neither,0.03945320844208391,0.33037608806864915,0.630170703489267
You earn 1 coins for every 1 minute you watch while geekandsundry is live. Check your coins by typing !wallet and visit www.revlo.co/geekandsundry to see what you can do with them.,neither,0.08528954791648977,0.3649232046814371,0.5497872474020731
@ascoppa wheniscriticalrole.com/talksmachina,neither,0.03945320844208391,0.33037608806864915,0.630170703489267
Someone turned on the wrong cam... #BringBackDenise,neither,0.0364752343271387,0.32805889573415614,0.6354658699387051
Bidet from Michigan,neither,0.040769555981420263,0.3080342349327864,0.6511962090857933
!wallet,neither,0.03945320844208391,0.33037608806864915,0.630170703489267
excession1415 has 6208 coins,neither,0.03989735448983053,0.32283777050957063,0.6372648750005988
!wallet,neither,0.03945320844208391,0.33037608806864915,0.630170703489267
!wallet,neither,0.03945320844208391,0.33037608806864915,0.630170703489267
illsteben has 4929 coins,neither,0.03989735448983053,0.32283777050957063,0.6372648750005988
caleoondamen has 3731 coins,neither,0.03989735448983053,0.32283777050957063,0.6372648750005988
TWO DAYS AWAY FROM EPISODE 100 gandsSubHype gandsSubHype gandsSubHype gandsSubHype gandsSubHype gandsSubHype gandsSubHype gandsSubHype gandsSubHype gandsSubHype,neither,0.04187333294798355,0.2893002591818706,0.6688264078701459
!wallet,neither,0.03945320844208391,0.33037608806864915,0.630170703489267
ascoppa has 2636 coins,neither,0.03989735448983053,0.32283777050957063,0.6372648750005988
eogHey,neither,0.03945320844208391,0.33037608806864915,0.630170703489267
!wallet,neither,0.03945320844208391,0.33037608806864915,0.630170703489267
solangel777 has 9445 coins,neither,0.03989735448983053,0.32283777050957063,0.6372648750005988
!wallet,neither,0.03945320844208391,0.33037608806864915,0.630170703489267
!wallet,neither,0.03945320844208391,0.33037608806864915,0.630170703489267
phoebebird7 has 14145 coins,neither,0.03989735448983053,0.32283777050957063,0.6372648750005988
sovereignundead has 2296 coins,neither,0.03989735448983053,0.32283777050957063,0.6372648750005988
I come here early for electric he,neither,0.07531197177295507,0.27632587092620087,0.648362157300844
!wallet,neither,0.03945320844208391,0.33037608806864915,0.630170703489267
horrorifying has 5765 coins,neither,0.03989735448983053,0.32283777050957063,0.6372648750005988
!wallet,neither,0.03945320844208391,0.33037608806864915,0.630170703489267
hiramek has 16729 coins,neither,0.03989735448983053,0.32283777050957063,0.6372648750005988
!wallet,neither,0.03945320844208391,0.33037608806864915,0.630170703489267
irishjedi_on_twitch has 14116 coins,neither,0.03989735448983053,0.32283777050957063,0.6372648750005988
episode 100... Critical TPK !,neither,0.03945320844208391,0.33037608806864915,0.630170703489267
Please release Denise from her underground imprisonment,offensive_language,0.033109154713882254,0.4866498515739574,0.48024099371216034
Brian is in lockup now. This episode will be hosted by a Melancholy Mallard,neither,0.04848003028471981,0.3494955800738849,0.6020243896413953
!wallet,neither,0.03945320844208391,0.33037608806864915,0.630170703489267
dynamyte4 has 8412 coins,neither,0.03989735448983053,0.32283777050957063,0.6372648750005988
!wallet,neither,0.03945320844208391,0.33037608806864915,0.630170703489267
bacon has bacon,neither,0.03972773522066615,0.325716652178308,0.6345556126010259
maxamum69 has 3971 coins,neither,0.03989735448983053,0.32283777050957063,0.6372648750005988
"@PurpleBrad Maybe there's a surprise waiting for us on set, that they don't want to spoil yet.",neither,0.05428071178084004,0.3137435899883671,0.6319756982307929
"You can always follow Denise, she has a Twitch channel Denise BRR https://www.twitch.tv/denisebrr",neither,0.046359703339592225,0.4089552669605003,0.5446850296999075
!wallet,neither,0.03945320844208391,0.33037608806864915,0.630170703489267
Where is the set? Someone stole it?,neither,0.045930649917457066,0.2875187204583174,0.6665506296242255
jabwockeez has 3720 coins,neither,0.03989735448983053,0.32283777050957063,0.6372648750005988
bidet lsu,neither,0.03945320844208391,0.33037608806864915,0.630170703489267
"Bidet, everybody!",neither,0.03945320844208391,0.33037608806864915,0.630170703489267
!wallet,neither,0.03945320844208391,0.33037608806864915,0.630170703489267
everyone else have audio?,neither,0.034013665524182626,0.4226993274612206,0.5432870070145969
draculetta has 80 coins,neither,0.039808587648534295,0.3243443754693633,0.6358470368821024
!wallet,neither,0.03945320844208391,0.33037608806864915,0.630170703489267
!wallet,neither,0.03945320844208391,0.33037608806864915,0.630170703489267
rhinanon has 7121 coins,neither,0.03989735448983053,0.32283777050957063,0.6372648750005988
renegadeem has 5003 coins,neither,0.03989735448983053,0.32283777050957063,0.6372648750005988
bidet from NM!!,neither,0.04228451509352876,0.2823214250720796,0.6753940598343917
!wallet,neither,0.03945320844208391,0.33037608806864915,0.630170703489267
basthyn has 2334 coins,neither,0.03989735448983053,0.32283777050957063,0.6372648750005988
!wallet,neither,0.03945320844208391,0.33037608806864915,0.630170703489267
jayjaxn2021 has 12668 coins,neither,0.03989735448983053,0.32283777050957063,0.6372648750005988
!wallet,neither,0.03945320844208391,0.33037608806864915,0.630170703489267
!wallet,neither,0.03945320844208391,0.33037608806864915,0.630170703489267
sneakytex has 11413 coins,neither,0.03989735448983053,0.32283777050957063,0.6372648750005988
burger_panda01 has 1346 coins,neither,0.03989735448983053,0.32283777050957063,0.6372648750005988
gandsSubHype gandsSubHype gandsSubHype gandsSubHype,neither,0.03945320844208391,0.33037608806864915,0.630170703489267
#wewantlionel,neither,0.03945320844208391,0.33037608806864915,0.630170703489267
what set is that?,neither,0.052779688645083575,0.3739107489219013,0.5733095624330151
!wallet,neither,0.03945320844208391,0.33037608806864915,0.630170703489267
meleecharm has 4156 coins,neither,0.03989735448983053,0.32283777050957063,0.6372648750005988
woot woot!!!,neither,0.03945320844208391,0.33037608806864915,0.630170703489267
Bidet from Bethlehem PA,neither,0.04069404815304118,0.30931579984010865,0.6499901520068502
California Native Saying Bidet From Salem New Hampshire,neither,0.04842085176736258,0.25659985218628134,0.6949792960463561
!wallet,neither,0.03945320844208391,0.33037608806864915,0.630170703489267
mimoflowr has 510 coins,neither,0.03989735448983053,0.32283777050957063,0.6372648750005988
side on view,neither,0.03094466500878405,0.38633613110291015,0.5827192038883057
!wallet,neither,0.03945320844208391,0.33037608806864915,0.630170703489267
itsjustjamo has 374 coins,neither,0.03989735448983053,0.32283777050957063,0.6372648750005988
not a set,neither,0.037505466472148495,0.33773919871210206,0.6247553348157494
???,neither,0.03945320844208391,0.33037608806864915,0.630170703489267
but...but...where is Sword Guy???,neither,0.04127081943934121,0.3245030897887887,0.6342260907718701
!wallet,neither,0.03945320844208391,0.33037608806864915,0.630170703489267
frankelstein_ has 2646 coins,neither,0.03989735448983053,0.32283777050957063,0.6372648750005988
!wakket,neither,0.03945320844208391,0.33037608806864915,0.630170703489267
what is the wallet for,neither,0.046343497561381924,0.2799869644366443,0.6736695380019738
Bidet from Texas,neither,0.040937266849991,0.30518774380265185,0.6538749893473571
new set for episode 100?,neither,0.037099675544783745,0.23253807863519502,0.7303622458200213
!wallet,neither,0.03945320844208391,0.33037608806864915,0.630170703489267
toonezon has 31855 coins,neither,0.03989735448983053,0.32283777050957063,0.6372648750005988
!wallet,neither,0.03945320844208391,0.33037608806864915,0.630170703489267
sparow__ has 852 coins,neither,0.03989735448983053,0.32283777050957063,0.6372648750005988
!wallet,neither,0.03945320844208391,0.33037608806864915,0.630170703489267
bacon8torz has 6360 coins,neither,0.03989735448983053,0.32283777050957063,0.6372648750005988
gandsHR gandsHR gandsHR gandsGandSDenise,neither,0.03945320844208391,0.33037608806864915,0.630170703489267
episode start in 10 - 9 - 8 minutes,neither,0.03945320844208391,0.33037608806864915,0.630170703489267
G&S is being coy with us,neither,0.07611915843021147,0.3994451069081013,0.5244357346616872
Maybe the set is something special today?,neither,0.07354368183296475,0.28293565589013986,0.6435206622768955
!wallet,neither,0.03945320844208391,0.33037608806864915,0.630170703489267
gallow42 has 15708 coins,neither,0.03989735448983053,0.32283777050957063,0.6372648750005988
is there a song playing or is my connection bad?,neither,0.03856110824338783,0.3619800544454841,0.599458837311128
We want the baldbarian!,neither,0.03810077659028834,0.30042028469791426,0.6614789387117973
bidet from Edmonton,neither,0.04228451509352876,0.2823214250720796,0.6753940598343917
!wallet,neither,0.03945320844208391,0.33037608806864915,0.630170703489267
sugar_socks has 4138 coins,neither,0.03989735448983053,0.32283777050957063,0.6372648750005988
no sound?,neither,0.03817021587683215,0.3521518202447505,0.6096779638784173
!wallet,neither,0.03945320844208391,0.33037608806864915,0.630170703489267
maniacsflower has 11131 coins,neither,0.03989735448983053,0.32283777050957063,0.6372648750005988
is there any way to spend these coins before Revlo gets shut down?,neither,0.06275217060822137,0.363902507049526,0.5733453223422526
Bidet,neither,0.03945320844208391,0.33037608806864915,0.630170703489267
!wallet,neither,0.03945320844208391,0.33037608806864915,0.630170703489267
darkelven00 has 13273 coins,neither,0.03989735448983053,0.32283777050957063,0.6372648750005988
!wallet,neither,0.03945320844208391,0.33037608806864915,0.630170703489267
lauremir has 11017 coins,neither,0.03989735448983053,0.32283777050957063,0.6372648750005988
!wallet,neither,0.03945320844208391,0.33037608806864915,0.630170703489267
virginmaryzombieattack has 2960 coins,neither,0.03989735448983053,0.32283777050957063,0.6372648750005988
same set just the soundboard? O.o,neither,0.03406858318287784,0.34482817956972256,0.6211032372473996
"Whoop! Bidet from College Station, TX!!",neither,0.04020131160875788,0.3176788249365053,0.6421198634547368
@Burger_Panda01 its basically a thing that tells you how many live minutes you watched on G&S,neither,0.05293104338497527,0.4231466345360674,0.5239223220789573
!wallet,neither,0.03945320844208391,0.33037608806864915,0.630170703489267
memeturion has 9305 coins,neither,0.03989735448983053,0.32283777050957063,0.6372648750005988
hrm. no audio(,neither,0.03852177801590115,0.3461848932406789,0.6152933287434199
"question, what does one due with these coins",offensive_language,0.029693816899012262,0.5066223283222537,0.463683854778734
!wallet,neither,0.03945320844208391,0.33037608806864915,0.630170703489267
pizs has 9395 coins,neither,0.03989735448983053,0.32283777050957063,0.6372648750005988
I thought it was bardbarian?,neither,0.041450296232765145,0.1878707519308225,0.7706789518364123
Bidet from Toronto! :-),neither,0.04066490145509902,0.30981049537100724,0.6495246031738937
starts in about 9 minutes folks Talks Machina is on every Tuesday 7pm - 8pm PDT http://www.wheniscriticalrole.com/talksmachina,neither,0.039235013567103044,0.29622897103006596,0.664536015402831
Bidet,neither,0.03945320844208391,0.33037608806864915,0.630170703489267
!wallet,neither,0.03945320844208391,0.33037608806864915,0.630170703489267
isoliat has 5541 coins,neither,0.03989735448983053,0.32283777050957063,0.6372648750005988
!wallet,neither,0.03945320844208391,0.33037608806864915,0.630170703489267
i wonder if scanlan will stay or leave. whats gonna be sams decision on thursday !,neither,0.028150852807481017,0.38536781357201494,0.5864813336205041
leigh574 has 12948 coins,neither,0.03989735448983053,0.32283777050957063,0.6372648750005988
!wallet,neither,0.03945320844208391,0.33037608806864915,0.630170703489267
mead_knight has 2188 coins,neither,0.03989735448983053,0.32283777050957063,0.6372648750005988
!wallet,neither,0.03945320844208391,0.33037608806864915,0.630170703489267
brennanonmyshoulder42 has 5328 coins,neither,0.03989735448983053,0.32283777050957063,0.6372648750005988
"@jrockhold Yo, Im there as well",neither,0.036305412366120046,0.42739621136610045,0.5362983762677793
@geekandsundry gandsSaxHype gandsSaxHype gandsSaxHype gandsSaxHype gandsSaxHype gandsSaxHype gandsSaxHype gandsRyanHype gandsRyanHype gandsSaxHype gandsRyanHype gandsSaxHype gandsRyanHype gandsSaxHype gandsRyanHype gandsRyanHype,neither,0.03945320844208391,0.33037608806864915,0.630170703489267
New set for episode 100? New intro for Episode 100? TPK for Episode 100? What ARE we gossiping about?,neither,0.04366200367376342,0.24293250963226648,0.7134054866939702
what set are we looking at?,neither,0.07265136319172438,0.30633325836862474,0.6210153784396509
is there sound?,neither,0.05092229796915451,0.2707711285406599,0.6783065734901856
!wallet,neither,0.03945320844208391,0.33037608806864915,0.630170703489267
woodsilver has 10688 coins,neither,0.03989735448983053,0.32283777050957063,0.6372648750005988
!wallet,neither,0.03945320844208391,0.33037608806864915,0.630170703489267
I have a niece at Texas A&M....,neither,0.038235338815608005,0.3607611947449509,0.6010034664394412
chambersofscrt has 3279 coins,neither,0.03989735448983053,0.32283777050957063,0.6372648750005988
wallet!,neither,0.03945320844208391,0.33037608806864915,0.630170703489267
!wallet,neither,0.03945320844208391,0.33037608806864915,0.630170703489267
thedeminisher has 6143 coins,neither,0.03989735448983053,0.32283777050957063,0.6372648750005988
i have sound,neither,0.038638666327036664,0.3442009935465256,0.6171603401264376
What does Brian Foster smell like today?,neither,0.03755548244974559,0.4122209623535062,0.5502235551967481
holy crap,neither,0.03945320844208391,0.33037608806864915,0.630170703489267
"Bidet from the land of fishes, Halifax NS Canada",neither,0.03954383179945161,0.30598654017252824,0.6544696280280202
!wallet,neither,0.03945320844208391,0.33037608806864915,0.630170703489267
wordsneeded7 has 4372 coins,neither,0.03989735448983053,0.32283777050957063,0.6372648750005988
Zyklon,neither,0.03945320844208391,0.33037608806864915,0.630170703489267
Twitch Exclusive: For Episode 100 of CRITICAL ROLE the cast will shave Matt Mercer's mullet!,neither,0.03708666685935032,0.30134295415449214,0.6615703789861577
cabbage i'll bet,neither,0.03945320844208391,0.33037608806864915,0.630170703489267
"gossip, no gossip, its gonna be critical tpk for sure !",neither,0.029777118198015408,0.41863421456376043,0.5515886672382242
What time does Talks start?,neither,0.029867976492300278,0.4560850015758538,0.5140470219318459
"YESTERDAY YOU SAID TOMMOROW, Don't let your dreams be memes, Don't meme your dreams be beams, Jet fuel won't melt tomorrow's memes, DON'T LET YOUR STEEL MEMES BE JET DREAMS",neither,0.05382075359391414,0.35407443007444084,0.592104816331645
!wallet,neither,0.03945320844208391,0.33037608806864915,0.630170703489267
takeyourpain has 1625 coins,neither,0.03989735448983053,0.32283777050957063,0.6372648750005988
He ALWYS smells like cabbage,neither,0.062360561025241026,0.34690267346483605,0.590736765509923
The background looks a bit barren today.,neither,0.037582536964384274,0.29897180868665574,0.66344565434896
return of the croma but as one dragon,neither,0.033911074776078805,0.3773616680844259,0.5887272571394953
bidet from Philly,neither,0.040769555981420263,0.3080342349327864,0.6511962090857933
!Tuesday,neither,0.03945320844208391,0.33037608806864915,0.630170703489267
"TUESDAY (All Times Pacific) - GAME TOGETHER: 12-2 pm, Our hosts play games... Together! | FLIP SQUAD: 2:30-4 pm, Our hosts will take crazy suggestions from the chat and attempt to complete them in various games | GAME ENGINE: 4:30-5:30 pm Erika and Sonja present the latest news in gaming while interacting with the audience’s input. | AXYB: 9-10:30pm, Telltale Games controlled by you.",neither,0.04107478197132859,0.3358642823782233,0.6230609356504481
Bidet from Georgia!,neither,0.04066490145509902,0.30981049537100724,0.6495246031738937
!wallet,neither,0.03945320844208391,0.33037608806864915,0.630170703489267
just_ren has 17809 coins,neither,0.03989735448983053,0.32283777050957063,0.6372648750005988
!wallet,neither,0.03945320844208391,0.33037608806864915,0.630170703489267
mercyishistory has 7432 coins,neither,0.03989735448983053,0.32283777050957063,0.6372648750005988
"bald mercer would be funny for us, not for him though !",neither,0.05097592692138662,0.3039890247498453,0.6450350483287681
Bidet from TD,neither,0.040737273169946825,0.30858215849491494,0.6506805683351382
!revlo,neither,0.03945320844208391,0.33037608806864915,0.630170703489267
no tunes!?,neither,0.03852177801590115,0.3461848932406789,0.6152933287434199
@sneakytex Awesome! Where at?,neither,0.040766012678742025,0.32116382167998697,0.6380701656412711
Poor Brian Foster,neither,0.03945320844208391,0.33037608806864915,0.630170703489267
why does the set look different?,neither,0.020988540639007115,0.4394880535381236,0.5395234058228693
"Bidet from Detroit. Also: Be sure and check the kickstarter for ""Pathfinder: Kingmaker"" so we can get it into the world",neither,0.03141751224327646,0.3704860817636283,0.5980964059930953
@ascoppa wheniscriticalrole.com/talksmachina useful link,neither,0.03945320844208391,0.33037608806864915,0.630170703489267
So just tuning in...what happened to the set?,neither,0.04509460815014964,0.3664593990913033,0.5884459927585469
Bidet from Cincinnati Ohio,neither,0.040754399270683486,0.3082914838698526,0.650954116859464
well this is different,neither,0.04948860419075982,0.32879298798335455,0.6217184078258856
"bidet from Ypsilanti, MI",neither,0.04081748366884477,0.3072207769958956,0.6519617393352596
!wallet,neither,0.03945320844208391,0.33037608806864915,0.630170703489267
mangle81 has 44242 coins,neither,0.03989735448983053,0.32283777050957063,0.6372648750005988
I'm scared lol,neither,0.028931928187550058,0.4094328006966612,0.5616352711157888
bidet from Columbus Ohio! finally able to catch Talks!,neither,0.04407447228795105,0.31735201030339244,0.6385735174086565
!wallet,neither,0.03945320844208391,0.33037608806864915,0.630170703489267
is there a sound fix?,neither,0.047487545278642074,0.28647555602644403,0.6660368986949139
ketsuryuketsumarzei has 15504 coins,neither,0.03989735448983053,0.32283777050957063,0.6372648750005988
A hobo on camera!,neither,0.036889757247075515,0.34265718715924637,0.6204530555936782
they got robbed while in Seattle,neither,0.03848200290837492,0.3652190083954802,0.5962989886961448
"Beep Beep from El Paso, TX",neither,0.040473471510038425,0.31305956113103167,0.64646696735893
any one else have sound?,neither,0.03810823371199693,0.369473571321312,0.5924181949666911
i think this is just a different angle,neither,0.042434456769953256,0.34000407367611124,0.6175614695539355
no music?,neither,0.038127286129867946,0.3528804500884448,0.6089922637816872
@SSJKarma A strand of his hair will be mailed to every Alpha sub so the Alpha users can steal his power :P,neither,0.0662668114088406,0.33117587460482406,0.6025573139863354
"no sound, don't panic",neither,0.038664867753974846,0.3437562869511093,0.6175788452949158
"@Darkelven00 seems a bit scary, but id be interested in seeing what hed look like with a shaved head, I kinda feel like he'd have a good head for it",neither,0.04118275490445051,0.37444883702705994,0.5843684080684896
"Evening chat, bidet from Fort Smith, Arkansas. :D",neither,0.04016438856970791,0.31830550527063667,0.6415301061596554
No sound here...,neither,0.1079709176694658,0.29575142062646587,0.5962776617040684
7 mins until go time,neither,0.039452030144404064,0.35399295924225205,0.6065550106133439
Had a great time at Comic Con Philly. Will Friedle was awesome and loved our costumes,neither,0.037772384374268886,0.3079545988652443,0.6542730167604869
Bidet from Michigan,neither,0.040769555981420263,0.3080342349327864,0.6511962090857933
bidet from Denmark,neither,0.04228451509352876,0.2823214250720796,0.6753940598343917
Seems a litte... somber in the studio today?,neither,0.037533494040933764,0.29809697057113926,0.664369535387927
"Nope, No Sound",neither,0.038527658919320674,0.3460850789617146,0.6153872621189647
!wallet,neither,0.03945320844208391,0.33037608806864915,0.630170703489267
scottish_one has 7950 coins,neither,0.03989735448983053,0.32283777050957063,0.6372648750005988
there's sound in the alpha stream,neither,0.038773805179997796,0.28699792790081463,0.6742282669191876
@jrockhold in Aggieland,neither,0.03945320844208391,0.33037608806864915,0.630170703489267
@postdataest @GeekandSundry can you confirm there is no sound,neither,0.060884673704833255,0.33442733286097004,0.6046879934341967
no music!,neither,0.038127286129867946,0.3528804500884448,0.6089922637816872
TwitchUnity Bidet,neither,0.03945320844208391,0.33037608806864915,0.630170703489267
I think the camera might be pointed the wrong way. Maybe on purpose? Set surprise?,neither,0.03763743510424046,0.318373471490588,0.6439890934051715
no sound?,neither,0.03817021587683215,0.3521518202447505,0.6096779638784173
"No sound, but I'm sure they already know.",neither,0.030665692205805367,0.47463913915658273,0.4946951686376119
hahahaha thats a good one.,neither,0.03790620444909667,0.3635051728025177,0.5985886227483858
Bidet from Northern California.,neither,0.058218649711469915,0.3084304411370911,0.6333509091514389
Beep beep gandsOwl,neither,0.03945320844208391,0.33037608806864915,0.630170703489267
@postdataest Thank you.,neither,0.07325166854587051,0.43632638485078484,0.49042194660334476
whats up with the set?,neither,0.026318563113590723,0.39936393352975136,0.574317503356658
whoa what's up with the set?,neither,0.030753497462965275,0.3911634241396055,0.5780830783974293
Sound is an alpha exclusive ;),neither,0.045919295212926335,0.3241204794454574,0.6299602253416163
No sound,neither,0.03817021587683215,0.3521518202447505,0.6096779638784173
Where is the set?,neither,0.05147463141437861,0.26764278490977256,0.6808825836758488
TwitchRPG,neither,0.03945320844208391,0.33037608806864915,0.630170703489267
There's no sound at Geek & Sundry either,neither,0.03818069445763179,0.32646430648585884,0.6353549990565095
new set?,neither,0.04427046440042074,0.2083113095955835,0.7474182260039958
this is the bts camera there is not sound at the moment,neither,0.04817235980635311,0.2972175943083156,0.6546100458853313
you have to pay for sounds now?,neither,0.054518975770948004,0.34387959896908443,0.6016014252599676
"Guys, don't worry. This is the master control set up. The set is to the left",neither,0.04810461219183663,0.3279132214379987,0.6239821663701646
#EnjoyTheSilence,neither,0.03945320844208391,0.33037608806864915,0.630170703489267
bidet from cali,neither,0.04079557052152802,0.30759270029461827,0.6516117291838538
gandsOverlord SUBMIT.,neither,0.03945320844208391,0.33037608806864915,0.630170703489267
!wallet,neither,0.03945320844208391,0.33037608806864915,0.630170703489267
tempest_darkness has 7037 coins,neither,0.03989735448983053,0.32283777050957063,0.6372648750005988
bidet from canada,neither,0.04071751644889743,0.3089174816120565,0.6503650019390461
only subs get sound,neither,0.038970570907740115,0.33856770661005675,0.6224617224822031
postdataest theres sound in the alpha stream though,neither,0.03885980152748711,0.3196097495063082,0.6415304489662047
Maybe its a surprise new set!!! Any guesses,neither,0.03728606907143071,0.2623234149985132,0.7003905159300562
This is like that episode of Buffy. Waiting for the tall thin men to float across.,neither,0.046442711233684396,0.33219827001355656,0.6213590187527591
I think if the camera was turned left it would be the set.,neither,0.026449164275472274,0.33935351634378824,0.6341973193807395
i a,neither,0.03945320844208391,0.33037608806864915,0.630170703489267
"You only get sound if you're a subscriber, duh",neither,0.06525497823035194,0.4533482476100365,0.4813967741596117
"i'm listening to ""STEEZYASFUCK"" livestream on YT so didnt notice there is no sound",neither,0.04512800859072264,0.34159083132449874,0.6132811600847785
Hello Darkness my old friend,neither,0.030542896259675757,0.39798472633747956,0.5714723774028446
bidet!,neither,0.03945320844208391,0.33037608806864915,0.630170703489267
#freesound,neither,0.03945320844208391,0.33037608806864915,0.630170703489267
can i at least get sub titles without sound,neither,0.03875893475998626,0.3492763138440749,0.6119647513959388
bidet,neither,0.03945320844208391,0.33037608806864915,0.630170703489267
is there a new set?,neither,0.053447040641805846,0.18480862657175987,0.7617443327864344
I can confirm Alpha is getting sound. Super premium content <3,neither,0.041408724031014255,0.36356940323322334,0.5950218727357623
"I'm a sub, no sound! Only Alpha",neither,0.03878886056810336,0.3416518052998898,0.6195593341320069
The camera is pointed to the behind-the-scenes part of the set. So I'm guessing there is something in the on-camera set that they don't want us to see. Ep.100 suprise*,neither,0.0571328558424833,0.3152081026611333,0.6276590414963833
Franky says relax,neither,0.03945320844208391,0.33037608806864915,0.630170703489267
"k, reloaded a few times and cleared cache stioll no sound",neither,0.03798062470562987,0.30612244672751016,0.65589692856686
Poor Grog getting S$%^ on i the Final arc,neither,0.03397507323640612,0.37863871798188464,0.5873862087817092
Suddenly just missed Denise.,neither,0.03521476110050126,0.35032097873605494,0.6144642601634438
They are hiding from us. gandsOwl,neither,0.12836875259322622,0.2554413078592035,0.6161899395475704
"Am subbed, no sound...",neither,0.03855924159189636,0.34275688270819044,0.6186838756999131
whens the party start?,neither,0.03864683786561814,0.3156630259587828,0.6456901361755991
I'm a sub and there is no sound,neither,0.04554928917814398,0.2681602636583243,0.6862904471635318
SECRETS!,neither,0.03945320844208391,0.33037608806864915,0.630170703489267
i'm a subscriber and i dont have any sounds.,neither,0.03814979383741239,0.2989614289519559,0.6628887772106318
what is this?,neither,0.07282678549990032,0.31792604547631814,0.6092471690237815
bidet,neither,0.03945320844208391,0.33037608806864915,0.630170703489267
Talks Machina!!!!!!!!!!!!!!!!,neither,0.03945320844208391,0.33037608806864915,0.630170703489267
!wallet,neither,0.03945320844208391,0.33037608806864915,0.630170703489267
gallow42 has 15711 coins,neither,0.03989735448983053,0.32283777050957063,0.6372648750005988
no sound,neither,0.03817021587683215,0.3521518202447505,0.6096779638784173
"everyone be patient, all will be revealed in about 5 mins",neither,0.036621466640621554,0.4583392005966098,0.5050393327627687
isn't the 100th ep gonna be on a new set?,neither,0.03893959313876048,0.29840939397183974,0.6626510128893998
@OMGsteveFTW :D but I was answer quetions about sound from this chat,neither,0.03635972000631022,0.34769763532121534,0.6159426446724745
Alpha pre-show,neither,0.053310482065916744,0.2619107176737229,0.6847788002603603
Cue badass music,neither,0.03945320844208391,0.33037608806864915,0.630170703489267
I would watch a talks machina where they conversed purely in sign language,neither,0.04421360754485006,0.30326480617849855,0.6525215862766514
starts in 5-4-3-2-1,neither,0.03945320844208391,0.33037608806864915,0.630170703489267
#freethesound,neither,0.03945320844208391,0.33037608806864915,0.630170703489267
But I'M a sub..... and I can TOTALLY hear the music.,neither,0.036057616061909346,0.29330766248027484,0.6706347214578158
kidding 5 minutes left,neither,0.03945320844208391,0.33037608806864915,0.630170703489267
!wallet,neither,0.03945320844208391,0.33037608806864915,0.630170703489267
ltgalloway1138 has 9052 coins,neither,0.03989735448983053,0.32283777050957063,0.6372648750005988
!wallet,neither,0.03945320844208391,0.33037608806864915,0.630170703489267
bufordtea has 12799 coins,neither,0.03989735448983053,0.32283777050957063,0.6372648750005988
!tarry,neither,0.03945320844208391,0.33037608806864915,0.630170703489267
"""Tarry""",neither,0.03945320844208391,0.33037608806864915,0.630170703489267
secret secrets !!!!,neither,0.03945320844208391,0.33037608806864915,0.630170703489267
well now I'm expecting a surprise,neither,0.03945320844208391,0.33037608806864915,0.630170703489267
New set Hype?,neither,0.04311430174015135,0.23901007334745217,0.7178756249123965
Sign Language Machina tonight?,neither,0.03700653607123873,0.3098879686333928,0.6531054952953683
!wallet,neither,0.03945320844208391,0.33037608806864915,0.630170703489267
gayskelington has 14655 coins,neither,0.03989735448983053,0.32283777050957063,0.6372648750005988
!wallet,neither,0.03945320844208391,0.33037608806864915,0.630170703489267
maybe if they turn the camera around there would be sound,neither,0.0270927950277206,0.32649686229355324,0.6464103426787261
I wonder if TL is there?,neither,0.028222917804581357,0.3395108561201623,0.6322662260752563
Sub for music!,neither,0.03309620496074716,0.29863964778332164,0.6682641472559312
trfessler has 9175 coins,neither,0.03989735448983053,0.32283777050957063,0.6372648750005988
Let there be sound! ;),neither,0.023272513801367033,0.32090559291103443,0.6558218932875985
!wallet,neither,0.03945320844208391,0.33037608806864915,0.630170703489267
jabberwock00 has 635 coins,neither,0.03989735448983053,0.32283777050957063,0.6372648750005988
!tarry,neither,0.03945320844208391,0.33037608806864915,0.630170703489267
i know what the surprise is,neither,0.054695648309745167,0.3052979482070733,0.6400064034831816
!wallet,neither,0.03945320844208391,0.33037608806864915,0.630170703489267
xanovanos has 11107 coins,neither,0.03989735448983053,0.32283777050957063,0.6372648750005988
sound is locked behind alpha pay wall,neither,0.04459798828219007,0.3286065623646572,0.6267954493531528
The surprise is Brain wearing only a robe.,neither,0.04425259926763229,0.31746590763364674,0.6382814930987208
is how much i have after losing it all betting on grog. lol,neither,0.03422179939064967,0.4336271465718644,0.5321510540374857
