text,top_class,hate_speech,offensive_language,neither
Andyinsomnia Just Cause!,neither,0.028881676609689533,0.42110076516491945,0.5500175582253909
@Andyinsomnia because game is best game in all of mother russia,neither,0.043873319808622774,0.3111020807401097,0.6450245994512677
(3),neither,0.03945320844208391,0.33037608806864915,0.630170703489267
@Andyinsomnia thanks. You've been a great help,neither,0.02554469659741821,0.31591329868544654,0.6585420047171352
lirikCHAMP gandsSubHype,neither,0.03945320844208391,0.33037608806864915,0.630170703489267
"Hi Becca , Hi Ivan",neither,0.03945320844208391,0.33037608806864915,0.630170703489267
@Andyinsomnia Because she is a winner :D,neither,0.05008942324306661,0.4184705224479779,0.5314400543089555
Hello Ivan and Becca,neither,0.03840264189818727,0.2749437060729204,0.6866536520288923
lol hi guys!,neither,0.030686761879633703,0.3960279277476099,0.5732853103727563
:D Hi Becca and Ivan!,neither,0.038358606956405694,0.2721397086643902,0.6895016843792041
anyone knows the stream schedule?,neither,0.03878680053926376,0.3182623839856541,0.6429508154750821
i prefer games and crafts,neither,0.0386456022321403,0.28941298204394855,0.6719414157239111
"@orrie73, always happy to help gandsLessthanthree",neither,0.04488116814845593,0.3873646772092757,0.5677541546422683
Hi and later Cheater and traitor!,neither,0.03844900763201655,0.2778281475807163,0.6837228447872672
nice i just got my kickstarter copy of this game in the mail like 15 minutes ago lol,neither,0.030295184482457518,0.41644676831410843,0.553258047203434
"WAIT! - IVAN! Why aren't you playing ""Betrayal at Baldurs Gate"" that you stole from Stream of Anarchy!",neither,0.04644085299315731,0.4147883541052508,0.5387707929015918
"There's also Mines'n'Crafts, don't make us choose",neither,0.066489990587209,0.2951583148307615,0.6383516945820294
Re hrpgSub hrpgHyperHype,neither,0.10802165902134243,0.2484119200751343,0.6435664209035233
Ah politics chat over,neither,0.03695515873665815,0.33189465659103085,0.6311501846723111
#MoreEpisodesThanCriticalRole ? :P,neither,0.03945320844208391,0.33037608806864915,0.630170703489267
"gorramit, it didn't autorefresh",neither,0.01673496666975732,0.4059538553661029,0.5773111779641397
Stream of Annihilation,neither,0.03945320844208391,0.33037608806864915,0.630170703489267
gandsSubHype gandsLessthanthree Resubs,neither,0.03945320844208391,0.33037608806864915,0.630170703489267
hrpgHeyo Becca hrpgHeyo Ivan,neither,0.03945320844208391,0.33037608806864915,0.630170703489267
Game the game woop woop!,neither,0.037708079868790476,0.23676202109775632,0.7255298990334532
"damn, had to refresh again, lately Twitch won't update",offensive_language,0.04592306813685015,0.6127382421259071,0.3413386897372428
Ivan gandsLessthanthree Becca gandsLessthanthree,neither,0.03945320844208391,0.33037608806864915,0.630170703489267
hey Becca and ivan,neither,0.03823530628758278,0.2638960051144801,0.6978686885979372
The top-down camera action today is spectacular,neither,0.043804923503801226,0.29986797335827914,0.6563271031379196
It's magnificient,neither,0.034373745257138544,0.33212314837979673,0.6335031063630647
feliciaYEAH feliciaYEAH feliciaYEAH,neither,0.03945320844208391,0.33037608806864915,0.630170703489267
Where do they post the stream schedule?,neither,0.041166362330071496,0.29515526969291694,0.6636783679770115
congrats!,neither,0.03945320844208391,0.33037608806864915,0.630170703489267
First live stream :),neither,0.03645072026845664,0.33140878143246383,0.6321404982990795
Congrats!!,neither,0.03945320844208391,0.33037608806864915,0.630170703489267
"Top work on this layout chief or whoever is on the desk, looking awesome",neither,0.03989978426278303,0.33558773783199564,0.6245124779052214
"@Drecov in the channels info section, and here...",neither,0.06739446494494447,0.2687754056858266,0.663830129369229
!schedule,neither,0.03945320844208391,0.33037608806864915,0.630170703489267
SCHEDULE (Last updated April 17th 2017): http://i.imgur.com/Ao7xLx6.jpg (All times Pacific).,neither,0.03809510833764989,0.30026507204116754,0.6616398196211825
Congrats!!,neither,0.03945320844208391,0.33037608806864915,0.630170703489267
"Help G&S make great content! $4.99/month gets you emotes, Minecraft server access, Sub Only Q&As, VODs, and more! Every sub keeps the channel alive! twitch.tv/geekandsundry/subscribe",neither,0.043092924924402844,0.32365565443818894,0.6332514206374082
gandsSubHype gandsLessthanthree Resubs,neither,0.03945320844208391,0.33037608806864915,0.630170703489267
Grats!!,neither,0.03945320844208391,0.33037608806864915,0.630170703489267
Excellent. I have a gandsHR,neither,0.03883945251552854,0.3407931279176229,0.6203674195668485
pretty sure it's more like 110 since CR had a lot of weeks off,neither,0.04193314832498068,0.4171815263928854,0.540885325282134
you guys have epic birthday sizlork stream though,neither,0.05015106101253235,0.37064223461258883,0.5792067043748789
Can Becca consume hot and cold drinks now?,neither,0.038986082598236604,0.2920913545832194,0.668922562818544
@WOMStv Thaks! :D,neither,0.03945320844208391,0.33037608806864915,0.630170703489267
4head10000 The way of the taco.,neither,0.03785241572951821,0.29944173311499583,0.6627058511554861
So... 100 episodes.... which games were played more than onc? I can only rremember that spaceship bridge simulator like game Artemis,neither,0.04263631362271674,0.3432039205093949,0.6141597658678885
Bits gandsSubHype @FajitasCommand gandsLessthanthree,neither,0.03945320844208391,0.33037608806864915,0.630170703489267
Dread,neither,0.03945320844208391,0.33037608806864915,0.630170703489267
i mean if you count red flags...,neither,0.03472256676737056,0.4086387183671193,0.5566387148655103
Should have done Farkle today right gandsBeccasaurus ?,neither,0.047595578463338555,0.38275101430949077,0.5696534072271707
House on the Haunted Hill a few times isn't it (including expansions?),neither,0.036218408206709726,0.3287930231014439,0.6349885686918465
Star realms,neither,0.03945320844208391,0.33037608806864915,0.630170703489267
"@ossborn farkel, red flags",neither,0.03928091787055543,0.32893334900431553,0.6317857331251291
Funny enough i have a birthday coming up this sunday as well so i guess im celebrating early *Cheers*,neither,0.03645294274273418,0.4140510488554085,0.5494960084018572
lies happy salmon ways played more than twice,neither,0.040281222708162916,0.3291750344289475,0.6305437428628896
Happy SabaPing,neither,0.03945320844208391,0.33037608806864915,0.630170703489267
That's true and the battle royales,neither,0.034426912149158335,0.3176951150907438,0.6478779727600978
I love Artimis!!! I hope it comes back! It could be a cool series!,neither,0.05851577813813311,0.2623492678882395,0.6791349539736273
more games for Becca to win!,neither,0.041533019078476646,0.28676283682136994,0.6717041441001533
doogHi gandsTrinketArmor,neither,0.03945320844208391,0.33037608806864915,0.630170703489267
gandsSubHype gandsLessthanthree Resub,neither,0.03945320844208391,0.33037608806864915,0.630170703489267
Becca is so pretty sihaOmg,neither,0.052905918584915036,0.39644432730086904,0.550649754114216
"mythbusters were wrong, they could have both fit",neither,0.03928660822030024,0.3205265323080171,0.6401868594716827
scrumbles for months,neither,0.03137244601613628,0.2900921703110023,0.6785353836728614
gandsSubHype gandsSubHype gandsSubHype,neither,0.03945320844208391,0.33037608806864915,0.630170703489267
gandsSubHype gandsLessthanthree Resub,neither,0.03945320844208391,0.33037608806864915,0.630170703489267
Is the game inspired by Grover?,neither,0.04637214175788604,0.3131048342105986,0.6405230240315154
@fajitascommand is da bit boss,neither,0.08870680223557066,0.44377255700065565,0.4675206407637737
Loving the top down camera,neither,0.03870648371602906,0.3167734142039859,0.6445201020799851
Gal gadot <3,neither,0.03945320844208391,0.33037608806864915,0.630170703489267
"it is a little bit county, it is a little bit rock and roll",neither,0.04517579557358142,0.31317008762895504,0.6416541167974636
no more ushnux emoji?,neither,0.04064924573505371,0.3355388465524718,0.6238119077124744
Sub gandsSubHype gandsLessthanthree,neither,0.03945320844208391,0.33037608806864915,0.630170703489267
is there an earthquake or does that camera always shake? XD,neither,0.030635385779907407,0.4483012112770987,0.5210634029429939
@modernchow not for awhile,neither,0.03194335808291536,0.3041024585134135,0.6639541834036712
NO.. its RRRAMON!!! @shidareaki,neither,0.027940763124904927,0.3597873177327292,0.6122719191423658
It's the Day,neither,0.036235795033942066,0.27648046216344685,0.6872837428026111
"@shidareaki, its probably meeplecam dancing",neither,0.032360424862398575,0.3526987360345399,0.6149408391030615
"Then Becca could play herself, no acting required :D",neither,0.03874633868036754,0.34237351270805066,0.6188801486115819
gandsSubHype gandsLessthanthree Resub,neither,0.03945320844208391,0.33037608806864915,0.630170703489267
@Critternation3000 thanks! these new ones are cool tho,neither,0.06744109110083893,0.25514212593045166,0.6774167829687093
haha okay,neither,0.034012235326379904,0.4227236016504516,0.5432641630231685
gandsClassic,neither,0.03945320844208391,0.33037608806864915,0.630170703489267
how many players does this game go up to?,neither,0.03081827346262134,0.4382228626652559,0.5309588638721228
gotta go cook dinner so i can have everything done in time for CR. have a good evening till then hoomans. Also:,neither,0.03489678494565178,0.37085297318030164,0.5942502418740466
"Be sure and check out/support the Kickstarter campaign for the 1st Pathfinder video game ""Pathfinder: Kingmaker"" if that seems like the kind of thing you'd like to see in the world",neither,0.051270414485695526,0.3468826147946265,0.601846970719678
four,neither,0.03945320844208391,0.33037608806864915,0.630170703489267
!wtfisthis,neither,0.03945320844208391,0.33037608806864915,0.630170703489267
"You are watching #GameTheGame with Ivan Van Norman, Becca Scott Kerns and guests! Today's game is... 'NEAR and FAR' More information here: https://redravengames.squarespace.com/nearandfar",neither,0.07990815738805153,0.25459046924380474,0.6655013733681437
reputations have bad robots,neither,0.03230622160620388,0.3502355887354535,0.6174581896583426
"oh daymn i forgot its CR night, but i have work in the morning BibleThump",neither,0.03510900101060948,0.21351831182937583,0.7513726871600146
geersPls,neither,0.03945320844208391,0.33037608806864915,0.630170703489267
feliciaCrying,neither,0.03945320844208391,0.33037608806864915,0.630170703489267
robot dont give a damn about a bad reputation,offensive_language,0.04014815074437698,0.7339214968021082,0.2259303524535148
no guests? Becca's dungeon is going to feel so empty,neither,0.05084120197251204,0.3996078895361789,0.5495509084913092
"Uh oh, robot slayer playing a robot?",neither,0.04194835118040481,0.30615000811346516,0.6519016407061301
couldn't get guests?,neither,0.03862477982163637,0.34443668378406,0.6169385363943037
"@fuffybutt, or Becca forgot to let them out on her way to the studio",offensive_language,0.0324257793728952,0.4957037464998385,0.4718704741272663
Sub gandsSubHype gandsLessthanthree,neither,0.03945320844208391,0.33037608806864915,0.630170703489267
What's the learning curve like for this game?,neither,0.0452339266905961,0.2766213133002921,0.6781447600091117
let us out of the dungeon!,neither,0.04845445342342993,0.36465081615581074,0.5868947304207592
"TwitchRPG gandsSubHype Critical Role 100, and my Birthday, its gonna be a good day",neither,0.02835508146577705,0.3808118343054917,0.5908330842287313
Becky can you look after my plants while I go on vacation?,neither,0.040761428695121116,0.4186708457219239,0.540567725582955
or im going #TeamIvan,neither,0.03599226557127403,0.41340077612387494,0.5506069583048512
Wait Ivan why would you leave us down here? You traitor,neither,0.14083023825214044,0.3622277871354304,0.496941974612429
Sub gandsSubHype gandsLessthanthree,neither,0.03945320844208391,0.33037608806864915,0.630170703489267
Happy Birthday @Shadowner :),neither,0.03945320844208391,0.33037608806864915,0.630170703489267
@DharmaDragon probably not too bad,neither,0.032545681870920926,0.36667424753325223,0.6007800705958267
damn autocorrect,offensive_language,0.044777173037318825,0.8550544003793611,0.10016842658332002
have we bet yet? XD,neither,0.03868728862541192,0.34337574624901057,0.6179369651255775
Happy Day @Shadowner ! gandsLessthanthree,neither,0.04023417877537722,0.3072658275026805,0.6524999937219423
I have been watering my plants for 2 days now. They look SO HEALTHY,neither,0.02924076609289868,0.39847961973701296,0.5722796141700883
"You mean, Becca is essentially running Stef's Twitch channel, considering Stef is the #1 (and only) Bridge channel in Twitch",neither,0.05086617781196793,0.32183506055134004,0.6272987616366921
Becca is you dungeon like the basement out of Pulp Fiction?,neither,0.06581185697601358,0.37615614310758316,0.5580319999164032
