text,top_class,hate_speech,offensive_language,neither
so much hype,neither,0.034963003064470866,0.3848474616662621,0.580189535269267
"Refresh, art/music is live.",neither,0.04936842146649887,0.32696579164148537,0.6236657868920157
it blinked!,neither,0.037828236809968684,0.3309349903269868,0.6312367728630445
gandsGnSBigsby gandsGnSBigsby gandsGnSBigsby,neither,0.03945320844208391,0.33037608806864915,0.630170703489267
HAPPY 100 from Abu Dhabi,neither,0.040401991730951305,0.31427275952949835,0.6453252487395504
Bidet from Ohio,neither,0.040754399270683486,0.3082914838698526,0.650954116859464
did anyone just see that?,neither,0.03097621077048635,0.3964773952297028,0.5725463939998108
we live,neither,0.04675156173251523,0.3319383047908141,0.6213101334766706
casually waking up at 2:30am for crit role,neither,0.0329032349084693,0.35969182815293915,0.6074049369385915
fuck sleep i'm not missing this :D,offensive_language,0.15596130582268022,0.8424874996050039,0.0015511945723157938
gandsSCANLAN gandsSCANLAN gandsSCANLAN gandsSCANLAN gandsSCANLAN gandsSCANLAN gandsSCANLAN gandsSCANLAN gandsSCANLAN gandsSCANLAN,neither,0.03945320844208391,0.33037608806864915,0.630170703489267
#dicksoutforladyfavors,neither,0.03945320844208391,0.33037608806864915,0.630170703489267
Happy 100 from Arizona,neither,0.0404288993228199,0.31381606747226937,0.6457550332049109
hg,neither,0.03945320844208391,0.33037608806864915,0.630170703489267
"If you are having buffering issues, try refreshing, then try dropping the video quality to low or medium",neither,0.05463082200279984,0.29855926366785457,0.6468099143293455
"My first live episode, and it's 3AM but HYPE",neither,0.02733953222620077,0.3659347483062522,0.606725719467547
Bidet! Happy 100th ah im hyped,neither,0.03870972090016639,0.3586076559619658,0.6026826231378678
Happy gandsCrit gandsCrit gandsCrit gandsCrit gandsCrit,neither,0.03945320844208391,0.33037608806864915,0.630170703489267
"12 mins to go, time to engage nachos",neither,0.049589416519629566,0.34137779838371163,0.6090327850966587
HAPPY 100!!!,neither,0.03945320844208391,0.33037608806864915,0.630170703489267
Itshappening.jpg,neither,0.03945320844208391,0.33037608806864915,0.630170703489267
beep beep from NYC!,neither,0.04081748366884477,0.3072207769958956,0.6519617393352596
heyall yeah boyos,offensive_language,0.013968601452186464,0.5182923869769311,0.4677390115708824
gandsSubHype gandsSubHype gandsSubHype gandsSubHype gandsSubHype gandsSubHype,neither,0.03945320844208391,0.33037608806864915,0.630170703489267
Bidet from Washington,neither,0.04080695066346891,0.3073995495860776,0.6517934997504536
Is anyone not seeing the schedule?,neither,0.04423753680157984,0.318594490044106,0.6371679731543142
100 PogChamp,neither,0.03945320844208391,0.33037608806864915,0.630170703489267
Happy 100th!,neither,0.03945320844208391,0.33037608806864915,0.630170703489267
I wish I could afford the march...,neither,0.03873253565251038,0.31725715563368684,0.6440103087138027
100 episodes!! DAYUM DAYUM DAAAAYYYYMM!!,neither,0.03945320844208391,0.33037608806864915,0.630170703489267
"Any AUSSIES interested in joining the AUSSIE CRITTERS Chat Group, PM me before the show starts and I'll send you the INVITE.",neither,0.045293342905910174,0.3209011791554151,0.6338054779386747
Happy 100 from NY,neither,0.04045267028335522,0.31341261223472144,0.6461347174819234
"Bidet from metro-Detroit, Michigan",neither,0.040241983734984686,0.3169885128086455,0.64276950345637
Bidet from NJ! Happy 100 everybody! <3 all my Critters! 100th gandsSubHype gandsSubHype gandsSubHype gandsSubHype,neither,0.03260403849853813,0.4401617134134439,0.5272342480880181
@Void_Ian the flash? ye,neither,0.038606742485781616,0.31491430452176505,0.6464789529924533
how many people yall think will tune in?,neither,0.06224788404568812,0.32211356012749803,0.6156385558268138
Who else is watching from England?,neither,0.047819621148328856,0.3665314103193132,0.5856489685323579
10 min!,neither,0.03945320844208391,0.33037608806864915,0.630170703489267
REFRESH REFRESH REFRESH,neither,0.03945320844208391,0.33037608806864915,0.630170703489267
@Schwix dick has been out for 2 hours in hype boi,offensive_language,0.04859027984254681,0.6994251023713851,0.25198461778606807
REFRESH REFRESH REFRESH,neither,0.03945320844208391,0.33037608806864915,0.630170703489267
is it starting??,neither,0.048705184636661604,0.3271939092003909,0.6241009061629474
"bidet from Milan, italy!",neither,0.040334677536117594,0.315415257091876,0.6442500653720065
Preroll is live REFRESH,neither,0.05308202686729477,0.32568851245453856,0.6212294606781668
Possible new intro?,neither,0.042661848678052096,0.2507028010855444,0.7066353502364036
merch*,neither,0.03945320844208391,0.33037608806864915,0.630170703489267
Bidet from Northwest Ohio!,neither,0.040754399270683486,0.3082914838698526,0.650954116859464
I saw it,neither,0.037133505928817465,0.3311739401343179,0.6316925539368646
@Qmaster2 Luckily my games are on Mondays!,neither,0.04394827145535051,0.3716438324543262,0.5844078960903233
REFRESH REFRESH REFRESH,neither,0.03945320844208391,0.33037608806864915,0.630170703489267
LIVE,neither,0.04891340716200846,0.3271222919257548,0.6239643009122369
feed is up,neither,0.04652951978320357,0.39663214128221785,0.5568383389345785
happy 100th CR from middle earth,neither,0.04025598559831993,0.31675086464589486,0.6429931497557853
PogChamp!,neither,0.03945320844208391,0.33037608806864915,0.630170703489267
100!!!!!!!!!,neither,0.03945320844208391,0.33037608806864915,0.630170703489267
YEAH ART TIME,neither,0.022637285838376913,0.4581935503642838,0.5191691637973394
@dantar nothing too tasty just a burger and fries,neither,0.034164834707837564,0.3493610307894364,0.6164741345027259
REFESH,neither,0.03945320844208391,0.33037608806864915,0.630170703489267
and pics are up,neither,0.06948745639419422,0.2819079292337979,0.6486046143720079
yay art is up,neither,0.04423871826731393,0.3760426194675046,0.5797186622651815
... And Tuesdays...,neither,0.03763944115734239,0.1918412352459551,0.7705193235967025
Bidet!!!,neither,0.03945320844208391,0.33037608806864915,0.630170703489267
No! Sleep! Till 100!,neither,0.03863520702820645,0.34425970687572505,0.6171050860960685
happy 100th!!,neither,0.03945320844208391,0.33037608806864915,0.630170703489267
hey,neither,0.03945320844208391,0.33037608806864915,0.630170703489267
WE LIVE CRITS,neither,0.04675156173251523,0.3319383047908141,0.6213101334766706
LIVE BOIIIIS,neither,0.04891340716200846,0.3271222919257548,0.6239643009122369
"Bidet""",neither,0.03945320844208391,0.33037608806864915,0.630170703489267
LIVE,neither,0.04891340716200846,0.3271222919257548,0.6239643009122369
its over....99!!!,neither,0.029631648936960086,0.33469499752034937,0.6356733535426906
ARE YOU GUYS READY?!,neither,0.11124451625567568,0.32791440205496947,0.5608410816893549
oohhh yeah! toronto bidet!,neither,0.023144578457473645,0.4440631255406231,0.5327922960019034
Happy 100 from Antarctica!,neither,0.04073662189522269,0.3085932123266751,0.6506701657781022
F5,neither,0.03945320844208391,0.33037608806864915,0.630170703489267
bidet from seattle,neither,0.040754399270683486,0.3082914838698526,0.650954116859464
gandsSCANLAN gandsSCANLAN gandsSCANLAN gandsSCANLAN gandsSCANLAN gandsSCANLAN,neither,0.03945320844208391,0.33037608806864915,0.630170703489267
New intro??,neither,0.04341101089575549,0.23125336554662146,0.725335623557623
... And sometimes Sundays,neither,0.0386926650084173,0.292055962761698,0.6692513722298847
PogChamp,neither,0.03945320844208391,0.33037608806864915,0.630170703489267
Bidet!! Happy 100!!!!!!,neither,0.03945320844208391,0.33037608806864915,0.630170703489267
yay!,neither,0.03945320844208391,0.33037608806864915,0.630170703489267
Subs gandsSubHype gandsLessthanthree Resubs,neither,0.03945320844208391,0.33037608806864915,0.630170703489267
HAPPY 100!! thank you crit role for sO MUCH CONTENT,neither,0.04145831283509552,0.37199040220543,0.5865512849594744
Beep Beep From Calgary Canada. Happy 100th!!!,neither,0.04055348498156055,0.31170152370078047,0.647744991317659
Happy 100th episode! <3,neither,0.03945320844208391,0.33037608806864915,0.630170703489267
Happy 100 critters!! Bidet from MN!,neither,0.040410280047510946,0.3141320851666987,0.6454576347857904
Love the art work,neither,0.035617047339609846,0.3272171131099168,0.6371658395504733
We are Live!,neither,0.09345453297057991,0.26409048349293845,0.6424549835364816
aaaaaaart,neither,0.03945320844208391,0.33037608806864915,0.630170703489267
WHOOOOOO 100 GUYS,neither,0.03930058290892712,0.3329665416872207,0.6277328754038521
HYPE HYPE HYPE HYPE!,neither,0.03945320844208391,0.33037608806864915,0.630170703489267
ART,neither,0.03945320844208391,0.33037608806864915,0.630170703489267
bidet from germany and happy 100th,neither,0.03964144960140752,0.2739249659366015,0.686433584461991
Bidet!,neither,0.03945320844208391,0.33037608806864915,0.630170703489267
we're live,neither,0.07702019449600846,0.29035571652515796,0.6326240889788335
Bidet from Nevada!,neither,0.04066490145509902,0.30981049537100724,0.6495246031738937
bidet from cleveland ohio,neither,0.040441658194854284,0.3135995161158431,0.6459588256893026
bidet from sheboygan wisco,neither,0.04228451509352876,0.2823214250720796,0.6753940598343917
we live bos,neither,0.04675156173251523,0.3319383047908141,0.6213101334766706
#CR100,neither,0.03945320844208391,0.33037608806864915,0.630170703489267
Happy 100! can't believe it's been this long,neither,0.03800931851391696,0.33115144792783185,0.6308392335582512
100 aderHype,neither,0.03945320844208391,0.33037608806864915,0.630170703489267
art!,neither,0.03945320844208391,0.33037608806864915,0.630170703489267
mine is saying offline but i figured it was because they dont start till 10pm,neither,0.03569450614981832,0.338433286611764,0.6258722072384177
HAPPY 100TH <3,neither,0.03945320844208391,0.33037608806864915,0.630170703489267
my feed ended 😓😓😓,neither,0.028319431161424324,0.41699369444330564,0.5546868743952702
HYPE,neither,0.03945320844208391,0.33037608806864915,0.630170703489267
Yay,neither,0.03945320844208391,0.33037608806864915,0.630170703489267
100 PogChamp,neither,0.03945320844208391,0.33037608806864915,0.630170703489267
"i have borek & coffee, im ready",neither,0.04842275312493791,0.20111229616938772,0.7504649507056743
WOOT WOOT!!!,neither,0.03945320844208391,0.33037608806864915,0.630170703489267
Percy gandsGandsVaxSigil gandsTrinket gandsGandSKiki gandsMatt gandsAJinSpace gandsDrink gandsSCANLAN,neither,0.03945320844208391,0.33037608806864915,0.630170703489267
bidet from ohio,neither,0.040754399270683486,0.3082914838698526,0.650954116859464
Hear we go!!!!,neither,0.0408205201821738,0.3393546523331422,0.6198248274846839
100,neither,0.03945320844208391,0.33037608806864915,0.630170703489267
Bidet from Oklahoma,neither,0.04066490145509902,0.30981049537100724,0.6495246031738937
FUCK YEAR ART!!!,offensive_language,0.16889341891376256,0.8303579242783411,0.0007486568078963599
bidet,neither,0.03945320844208391,0.33037608806864915,0.630170703489267
:O,neither,0.03945320844208391,0.33037608806864915,0.630170703489267
Bidet CrittersHappy 100 from the Philippines,neither,0.039640085133347124,0.2831616019960722,0.6771983128705807
EEK! 100TH EPISODE!,neither,0.03945320844208391,0.33037608806864915,0.630170703489267
This is It!,neither,0.054689012228839526,0.3284676879129209,0.6168432998582396
Episode 100!!!,neither,0.03945320844208391,0.33037608806864915,0.630170703489267
WE'RE LIVE :D,neither,0.07702019449600846,0.29035571652515796,0.6326240889788335
gandsSubHype gandsSubHype gandsSubHype gandsSubHype gandsSubHype gandsSubHype gandsSubHype gandsSubHype gandsSubHype gandsSubHype,neither,0.03945320844208391,0.33037608806864915,0.630170703489267
oh my its happening,neither,0.028335954210001974,0.3665102939821483,0.6051537518078496
OSsloth,neither,0.03945320844208391,0.33037608806864915,0.630170703489267
Happy 100!!!!!!!!!!!!!!!,neither,0.03945320844208391,0.33037608806864915,0.630170703489267
ARTWORK!!!,neither,0.03945320844208391,0.33037608806864915,0.630170703489267
yes its here TableHere FlipThis,neither,0.08990483294400749,0.28502759099965874,0.6250675760563338
Refresh!,neither,0.03945320844208391,0.33037608806864915,0.630170703489267
100 gandsSubHype,neither,0.03945320844208391,0.33037608806864915,0.630170703489267
LEEEETTTSSSS GOOOOO,neither,0.03945320844208391,0.33037608806864915,0.630170703489267
100 THURSDAYS!!!!,neither,0.03945320844208391,0.33037608806864915,0.630170703489267
happy 100!!!!!!,neither,0.03945320844208391,0.33037608806864915,0.630170703489267
Bidet,neither,0.03945320844208391,0.33037608806864915,0.630170703489267
Choo choo hype train,neither,0.03945320844208391,0.33037608806864915,0.630170703489267
We're Live,neither,0.07702019449600846,0.29035571652515796,0.6326240889788335
ART HYPE WOOOOO,neither,0.03945320844208391,0.33037608806864915,0.630170703489267
run 5 minets late i beleave in you,neither,0.06039231451949628,0.38847673095746726,0.5511309545230364
Hey guys what's up it's almost 4AM here :'D,neither,0.08245999546571026,0.33959652005845575,0.577943484475834
Bidet from WA!!,neither,0.04071751644889743,0.3089174816120565,0.6503650019390461
gandsSubHype gandsSubHype gandsSubHype gandsSubHype,neither,0.03945320844208391,0.33037608806864915,0.630170703489267
Happy 100 from Wisconsin Bidet one and all,neither,0.04018185726400386,0.3627926238618338,0.5970255188741622
Bidet!!!,neither,0.03945320844208391,0.33037608806864915,0.630170703489267
bidet and happy 100th episode from NM!,neither,0.03965842436916115,0.2697227072805076,0.6906188683503314
"Just got up, it's 4AM here in germany but I have no regrets!HAPPY 100!",neither,0.0520211495020755,0.39925350943145793,0.5487253410664665
I have been waiting for this all day!!!,neither,0.034430237373517254,0.36415809585722336,0.6014116667692594
Bidet from Florida,neither,0.0408948396164547,0.30590784468201904,0.6531973157015263
spent the last 2 months getting caught up from episode 72 so i could watch live tonight. I am so ready!,neither,0.039219333096878764,0.39491101147537266,0.5658696554277487
Happy 100th!!!!!!!!,neither,0.03945320844208391,0.33037608806864915,0.630170703489267
It's a-LIVE!,neither,0.04484927957380506,0.32852013176635725,0.6266305886598378
100 Bidets!,neither,0.03945320844208391,0.33037608806864915,0.630170703489267
"F5, THE STREAM IS MUSICING",neither,0.04821859290557782,0.30822268935231695,0.6435587177421052
gandsSubHype gandsCrit gandsGandsBeardedMen gandsNatTwenty gandsLessthanthree,neither,0.03945320844208391,0.33037608806864915,0.630170703489267
bidet from Reno,neither,0.04062582848913359,0.31047366557575606,0.6489005059351104
I have work until 8 15 ish tonight. SUCKS TO BE ME,neither,0.036754703390189165,0.3455081640702279,0.6177371325395831
"100 episodes, so exciting.",neither,0.03941640175781107,0.3652858311269361,0.5952977671152528
"""make sure to be on time!' comes 20 minutes early",neither,0.03819309941689401,0.42763635735678474,0.5341705432263213
HAPPY 100!!!,neither,0.03945320844208391,0.33037608806864915,0.630170703489267
ScaredyCat TableHere FlipThis,neither,0.03945320844208391,0.33037608806864915,0.630170703489267
Arrrrrtttttt,neither,0.03945320844208391,0.33037608806864915,0.630170703489267
BIDET for the 100!,neither,0.03068464901031693,0.27237901322396424,0.6969363377657188
Let's go what better way to watch my first live CR than this!!,neither,0.030569118597207266,0.40667663633339846,0.5627542450693944
BIDET BOIS,neither,0.03945320844208391,0.33037608806864915,0.630170703489267
<3,neither,0.03945320844208391,0.33037608806864915,0.630170703489267
:pogchamp,neither,0.03945320844208391,0.33037608806864915,0.630170703489267
hello,neither,0.03945320844208391,0.33037608806864915,0.630170703489267
Bidet from BC canada!,neither,0.04052303010603489,0.3122184224193425,0.6472585474746226
great fan art guys,neither,0.037731440072172266,0.3103944467369163,0.6518741131909114
bidet,neither,0.03945320844208391,0.33037608806864915,0.630170703489267
happy 100th,neither,0.03945320844208391,0.33037608806864915,0.630170703489267
Bidet from TN! So excited to actually get to watch the 100 episode live!!,neither,0.05394553223722301,0.3337412378238983,0.6123132299388786
HYPPEEEE,neither,0.03945320844208391,0.33037608806864915,0.630170703489267
bidet from ohio!,neither,0.040754399270683486,0.3082914838698526,0.650954116859464
Eeeeeeee,neither,0.03945320844208391,0.33037608806864915,0.630170703489267
Bidet from Dubai ladies!,neither,0.04089519968222471,0.3059017334262052,0.65320306689157
100 boys and girls,neither,0.024404103390933046,0.37859041911832025,0.5970054774907466
I am so excited for this episode!!!! First time watching live too!!,neither,0.0326847331244883,0.3543499485134829,0.6129653183620288
BEEP BEEP EPISODE 100!,neither,0.03945320844208391,0.33037608806864915,0.630170703489267
and so it begins,neither,0.03702075117330028,0.3334064572415291,0.6295727915851705
oh god oh god,neither,0.047523175703714664,0.25506489023357065,0.6974119340627147
"there is fan art up now, refresh if you don't have sound and visual",neither,0.03754590630933339,0.37286551592092926,0.5895885777697374
BIDET FROM GRAND JUNCTION COLORADO! HAPPY 100TH EPISODE EVERYONE! <33,neither,0.03640914424743314,0.38204180182636494,0.5815490539262019
skhattrick -> I can do this all day... [stop spamming caps] [warning],neither,0.04244081539134185,0.42871638716879684,0.5288427974398613
"LIVE, REFRESH FOR ART STREAM",neither,0.03813403431690422,0.30884650131438973,0.6530194643687062
Bidet everyone and happy 100th!!!,neither,0.03148491487549494,0.40945737901864004,0.559057706105865
100 PogChamp,neither,0.03945320844208391,0.33037608806864915,0.630170703489267
you cant live if you have no life? ~Percy,offensive_language,0.04524552475303677,0.5029571027916914,0.451797372455272
mmmmMMMM SO MUCH H Y P E,neither,0.03263919147166354,0.4173937179957508,0.5499670905325856
omg omg omg omg,neither,0.03945320844208391,0.33037608806864915,0.630170703489267
yeaahhh,neither,0.03945320844208391,0.33037608806864915,0.630170703489267
First time watching live! Hi from Aus & Happy 100 everyone <3,neither,0.0334921629873791,0.40030142920149253,0.5662064078111282
yusssssssss,neither,0.03945320844208391,0.33037608806864915,0.630170703489267
finally caught up so i could watch this,neither,0.04160355521382852,0.41224100969486194,0.5461554350913094
What a long strange trip it's been.,neither,0.0420872431641926,0.330475875888776,0.6274368809470313
Hi Critter family! <3,neither,0.03945320844208391,0.33037608806864915,0.630170703489267
"Bidet from Newfoundland, Canada!",neither,0.04071751644889743,0.3089174816120565,0.6503650019390461
Happy 100th from Memphis!,neither,0.04056645205912665,0.3114814385531079,0.6479521093877654
Bidet From Central Maine,neither,0.04038434874462851,0.31457220705192124,0.6450434442034502
gandsSubHype gandsSubHype gandsSubHype gandsSubHype gandsSubHype gandsSubHype,neither,0.03945320844208391,0.33037608806864915,0.630170703489267
BIDET FROM WASHINGTON,neither,0.04080695066346891,0.3073995495860776,0.6517934997504536
BIDET,neither,0.03945320844208391,0.33037608806864915,0.630170703489267
Bidet from San Antonio!,neither,0.040446282760733435,0.31352102516371877,0.6460326920755478
HAPPY 100 CRITTERS,neither,0.03945320844208391,0.33037608806864915,0.630170703489267
beep beep​ from Vancouver Canada,neither,0.04071751644889743,0.3089174816120565,0.6503650019390461
let it begin!!!! hype hype hype,neither,0.03154181139476608,0.34516705911506596,0.6232911294901681
arts up. great art guys,neither,0.03504791589961276,0.3538922803978851,0.6110598037025022
Bidet from Greensboro NC. Happy 100!,neither,0.040379080996940014,0.314661614477921,0.6449593045251389
best bday present,neither,0.03863411530330023,0.32351710757907837,0.6378487771176214
WE'RE LIVE! HYPE,neither,0.06488559379537369,0.3014957952696314,0.6336186109349949
gandsDrink gandsDrink gandsDrink gandsDrink,neither,0.03945320844208391,0.33037608806864915,0.630170703489267
art or die,neither,0.20856422383450726,0.1254386924770059,0.6659970836884868
Bidet from Western NewYork,neither,0.040334677536117594,0.315415257091876,0.6442500653720065
I still only see the schedule...?,neither,0.037767448645894354,0.32906471497069484,0.6331678363834109
Fuck yeah 100 eps.... Hopefully nothing awful happens,offensive_language,0.11285284697423052,0.8696358641453216,0.017511288880448006
Bidet from Wyoming! so happy to be here for 100,neither,0.07455107918709314,0.297398659458136,0.6280502613547709
Excited,neither,0.03945320844208391,0.33037608806864915,0.630170703489267
yyyeeessssss!!!!,neither,0.03945320844208391,0.33037608806864915,0.630170703489267
awww yiss all caught up for ep 100,neither,0.03450558517964138,0.3886312351933949,0.5768631796269638
bidet from the OK!,neither,0.0395817642342062,0.28176558341017327,0.6786526523556206
EVERYONE READY?,neither,0.032145129805963145,0.4544132550890416,0.5134416151049953
Wife's first live crit stream,neither,0.03676641746275825,0.3313001986908584,0.6319333838463832
"HAPPY 100, CRITTERS",neither,0.03945320844208391,0.33037608806864915,0.630170703489267
yeeee,neither,0.03945320844208391,0.33037608806864915,0.630170703489267
Happy 100th critters.,neither,0.03945320844208391,0.33037608806864915,0.630170703489267
#Happy Annyvoxary,neither,0.03945320844208391,0.33037608806864915,0.630170703489267
hype as fuck,offensive_language,0.1581953943930574,0.8415213166392465,0.0002832889676962174
gandsDrink gandsDrink gandsDrink GOT ME SOME BEEEEEEEER gandsDrink gandsDrink gandsDrink,offensive_language,0.01683599074209334,0.49317186355154813,0.4899921457063586
WOO,neither,0.03945320844208391,0.33037608806864915,0.630170703489267
Bidet from SC! Happy 100!!!,neither,0.040410280047510946,0.3141320851666987,0.6454576347857904
REFRESH FANART,neither,0.03945320844208391,0.33037608806864915,0.630170703489267
Bidet from VA!,neither,0.04066490145509902,0.30981049537100724,0.6495246031738937
lets do this!,neither,0.040148419443759686,0.3496283523875733,0.610223228168667
gandsSubHype gandsSubHype,neither,0.03945320844208391,0.33037608806864915,0.630170703489267
Bidet from Portland,neither,0.04066490145509902,0.30981049537100724,0.6495246031738937
Bidet from NC!!!,neither,0.04066490145509902,0.30981049537100724,0.6495246031738937
HYPE,neither,0.03945320844208391,0.33037608806864915,0.630170703489267
"@michelle__o Yeah, I usually do mine on Wednesdays but half the players were busy yesterday, starting Friday now :P",neither,0.028744968418663846,0.3789346581304379,0.5923203734508982
Bidet from Hungary \o/,neither,0.04228451509352876,0.2823214250720796,0.6753940598343917
Bidet! I am so excited!,neither,0.03917801114949071,0.3845679826575241,0.5762540061929852
"LIVE, REFRESH",neither,0.04418411957771545,0.32874891079032487,0.6270669696319597
#100ThursdaysAndAParty,neither,0.03945320844208391,0.33037608806864915,0.630170703489267
Beep Beep and Bidet all you lovely people,neither,0.10962098585827489,0.40990125186542165,0.4804777622763034
So exvited!,offensive_language,0.039501631330860744,0.48329170807269783,0.4772066605964413
bidet,neither,0.03945320844208391,0.33037608806864915,0.630170703489267
"Bidet from Chihuahua, MEX, Nice 100 episodes!",neither,0.040207051114703525,0.31758141054169087,0.6422115383436057
this is going to be good,neither,0.057775912178623476,0.36289904617119056,0.579325041650186
iz art tiem,neither,0.03945320844208391,0.33037608806864915,0.630170703489267
butt flaps down!,neither,0.04410574903804467,0.3693358640252864,0.586558386936669
Yay art!!,neither,0.03945320844208391,0.33037608806864915,0.630170703489267
YYYAAASSS,neither,0.03945320844208391,0.33037608806864915,0.630170703489267
Happy 100 episodes !!!!!!!!!!!!!!,neither,0.03945320844208391,0.33037608806864915,0.630170703489267
bidet from australia,neither,0.04062582848913359,0.31047366557575606,0.6489005059351104
yayy,neither,0.03945320844208391,0.33037608806864915,0.630170703489267
BEDIT LONDON CANADA,neither,0.03945320844208391,0.33037608806864915,0.630170703489267
Long time no see! Couldn't miss ep 100 live!!!,neither,0.03630491414365997,0.3509409336336592,0.6127541522226807
gandsGandsPoo gandsGandsPoo gandsGandsPoo,neither,0.03945320844208391,0.33037608806864915,0.630170703489267
Hype,neither,0.03945320844208391,0.33037608806864915,0.630170703489267
I need hot chocolate,neither,0.03925151484571684,0.32868713185982606,0.6320613532944571
"Bidet and beep beep from Laws Vegas, Nevada. It's time for the hyyyyyyypppeee!",neither,0.03367707731223148,0.277558396370646,0.6887645263171225
YAY,neither,0.03945320844208391,0.33037608806864915,0.630170703489267
BIDET,neither,0.03945320844208391,0.33037608806864915,0.630170703489267
first ever live viewing! yay,neither,0.03712461110816713,0.3311769994710169,0.631698389420816
Bidet from Ottawa. Happy 100th I am so READY!,neither,0.04035039592083346,0.358498546676603,0.6011510574025636
Happy 100th from Mexico!,neither,0.04058732578780811,0.3111271569012926,0.6482855173108992
HYPE,neither,0.03945320844208391,0.33037608806864915,0.630170703489267
"I'm so excited right now,",neither,0.03832938746986439,0.40057368052367714,0.5610969320064585
LIVE!!,neither,0.04891340716200846,0.3271222919257548,0.6239643009122369
bidet from new brunswick canada,neither,0.04427516225640692,0.21740380486553929,0.7383210328780537
Bidet from Oklahoma!!!!,neither,0.04066490145509902,0.30981049537100724,0.6495246031738937
"holy crap, engage hyperspeed for chat lol",neither,0.029103687936637493,0.34778563077806296,0.6231106812852996
!discord,neither,0.03945320844208391,0.33037608806864915,0.630170703489267
We have a subscriber-only Discord server! Join here: https://discord.gg/geekandsundry (you'll need to sub and link it to your Twitch) and be a part of the fun!,neither,0.09599275848176793,0.2819530604707182,0.6220541810475139
wow i just realized i joined in around ep 20,neither,0.03670608520123661,0.3431177293296476,0.6201761854691158
This chat is ...wow,neither,0.04810505014491049,0.3290352434769767,0.6228597063781128
MY BODY IS READY.,neither,0.03405984045513004,0.42505863100050806,0.540881528544362
bidet from new Zealand,neither,0.046710622032705686,0.1542697019613409,0.7990196760059534
gandsSubHype gandsSubHype gandsSubHype gandsSubHype gandsSubHype,neither,0.03945320844208391,0.33037608806864915,0.630170703489267
LIVE,neither,0.04891340716200846,0.3271222919257548,0.6239643009122369
It's starting!!!,neither,0.037399315187144885,0.3310825161415354,0.6315181686713197
Let's go baby! 100,neither,0.024874570730845858,0.3689248887693873,0.6062005404997669
BEEP BEEP MOTHERFUKKAS,neither,0.03945320844208391,0.33037608806864915,0.630170703489267
how do you join the discord?,neither,0.059666359076265586,0.36108918425755626,0.5792444566661783
bidet from michigan!,neither,0.040769555981420263,0.3080342349327864,0.6511962090857933
100th here we come,neither,0.11423757551800723,0.31294809861130973,0.572814325870683
Bidet all!,offensive_language,0.046917543854519406,0.6277741405869331,0.3253083155585475
bidet from atx!,neither,0.04228451509352876,0.2823214250720796,0.6753940598343917
Happy 100th everyone!,neither,0.03175143156822064,0.46109534165405724,0.507153226777722
HYYYYYYPE,neither,0.03945320844208391,0.33037608806864915,0.630170703489267
Bidet From Utah watwat,neither,0.04066490145509902,0.30981049537100724,0.6495246031738937
\o/,neither,0.03945320844208391,0.33037608806864915,0.630170703489267
so excited,neither,0.03940839469474773,0.3948270312238364,0.565764574081416
its 3am :'(,neither,0.03266664412200374,0.33271029874032065,0.6346230571376755
Bidet from Vancouver Canada,neither,0.04071751644889743,0.3089174816120565,0.6503650019390461
I am almost 70 episodes behind but I really wanted to see this kick off,neither,0.04094433384346997,0.334561908854191,0.624493757302339
Hype!!!,neither,0.03945320844208391,0.33037608806864915,0.630170703489267
BUTT FLAP DOWN,neither,0.046865904481621,0.39244905035204,0.560685045166339
400 hours at least.,neither,0.03878906624493418,0.35060344423263284,0.610607489522433
Bidet from Kraghammer!,neither,0.04228451509352876,0.2823214250720796,0.6753940598343917
Bidet from Toledo!,neither,0.04228451509352876,0.2823214250720796,0.6753940598343917
Do we get cake?,neither,0.040292647675076385,0.34293397084417604,0.6167733814807476
bidet,neither,0.03945320844208391,0.33037608806864915,0.630170703489267
BIdet from the Philippines!,neither,0.039779025773403386,0.2539611253407979,0.7062598488857987
bring on the card draws,neither,0.03637035439692366,0.32798542145955445,0.635644224143522
"Bidet from Stockholm, Sweden! I am so hyped for this! Aaaah! gandsSubHype gandsSubHype gandsSubHype gandsSubHype",neither,0.03457137730114128,0.3264614528622971,0.6389671698365617
"iz on, yes",neither,0.03649773046343627,0.34458832034666104,0.6189139491899025
gandsSubHype gandsSubHype gandsSubHype,neither,0.03945320844208391,0.33037608806864915,0.630170703489267
Bidet from Providence RI,neither,0.04069404815304118,0.30931579984010865,0.6499901520068502
gandsGandsPoo gandsGandsPoo gandsGandsPoo gandsGandsPoo gandsGandsPoo gandsGandsPoo gandsGandsPoo,neither,0.03945320844208391,0.33037608806864915,0.630170703489267
100 Bidets to everyone today!,neither,0.03829669840742414,0.40817718816905957,0.5535261134235163
das some good art! Love you all so much,offensive_language,0.03956926681024523,0.4923824285528501,0.4680483046369046
Bidet from MA! Whos ready for NUMBER 100 WOOOOO,neither,0.03182566085486865,0.375918983006459,0.5922553561386723
still worried bout grog,neither,0.033563439437522734,0.43833877170597696,0.5280977888565004
Bidet from VA,neither,0.04066490145509902,0.30981049537100724,0.6495246031738937
to 100 more!,neither,0.052110769966597,0.31147648807485306,0.63641274195855
gandsSubHype gandsSubHype gandsSubHype gandsSubHype,neither,0.03945320844208391,0.33037608806864915,0.630170703489267
happy 100 bidet from canada,neither,0.040401991730951305,0.31427275952949835,0.6453252487395504
woo LIVE!,neither,0.04432795846917474,0.32869943799973295,0.6269726035310923
gandsSubHype gandsSubHype gandsSubHype gandsSubHype gandsSubHype gandsSubHype gandsSubHype gandsSubHype gandsSubHype,neither,0.03945320844208391,0.33037608806864915,0.630170703489267
Bidet from the Isle of Man guys!!!,neither,0.039528905189664225,0.35483191101838063,0.6056391837919552
100!!!,neither,0.03945320844208391,0.33037608806864915,0.630170703489267
noot noot!,neither,0.03945320844208391,0.33037608806864915,0.630170703489267
SIobhan,neither,0.03945320844208391,0.33037608806864915,0.630170703489267
CHAMPAGNE ALL AROUND!,neither,0.041463786144132445,0.410589928459747,0.5479462853961207
Bidet everyone!,offensive_language,0.02988896790634741,0.4927062106388782,0.4774048214547744
Ausi ausi ausi,neither,0.03945320844208391,0.33037608806864915,0.630170703489267
Bidet from Glasgow!,neither,0.04228451509352876,0.2823214250720796,0.6753940598343917
HYPE HYPE HYPE,neither,0.03945320844208391,0.33037608806864915,0.630170703489267
#returnofscanlan,neither,0.03945320844208391,0.33037608806864915,0.630170703489267
Bidet to all,offensive_language,0.07037653542857761,0.5454179388470466,0.3842055257243759
Happy 100 episodes!,neither,0.03945320844208391,0.33037608806864915,0.630170703489267
gandsNatTwenty gandsNatTwenty gandsNatTwenty gandsNatTwenty gandsNatTwenty gandsNatTwenty gandsNatTwenty gandsNatTwenty gandsNatTwenty gandsNatTwenty gandsNatTwenty gandsNatTwenty gandsNatTwenty gandsNatTwenty,neither,0.03945320844208391,0.33037608806864915,0.630170703489267
Bidet from Ontario! What what!! gandsLessthanthree feliciaToronto gandsLessthanthree,neither,0.05082321700736996,0.3073664724259471,0.6418103105666829
BIDET FROM CANADA,neither,0.04071751644889743,0.3089174816120565,0.6503650019390461
bidet from Rochester NY,neither,0.04084513770590474,0.30675141581570226,0.6524034464783931
@Qmaster2 Fridays mean late nights! Keep the game going!!,neither,0.03751860344661854,0.3114851407917675,0.6509962557616139
"If you're not seeing the fanart, REFRESH",neither,0.04563370139141815,0.3803785899882898,0.573987708620292
gandsSCANLAN,neither,0.03945320844208391,0.33037608806864915,0.630170703489267
yay art,neither,0.03945320844208391,0.33037608806864915,0.630170703489267
Bidet from California! Only on for the announcements today as I work at 7:30 but happy 100 everybody!!!!,neither,0.039655868389310664,0.32547928780032753,0.6348648438103619
Happy 100!!,neither,0.03945320844208391,0.33037608806864915,0.630170703489267
Ducks!,neither,0.03945320844208391,0.33037608806864915,0.630170703489267
It's 3.50 AM. SO WORTH IT!,neither,0.03680500581950277,0.3710378065425958,0.5921571876379015
heder returns tonight right?,neither,0.03609362637990221,0.3263431238511944,0.6375632497689034
anyone want to join me in my attempt to drink one fl oz. of beer for every episode?,neither,0.03322272161880395,0.38005199368826925,0.5867252846929268
Hype,neither,0.03945320844208391,0.33037608806864915,0.630170703489267
lirikGasm lirikGasm lirikGasm,neither,0.03945320844208391,0.33037608806864915,0.630170703489267
WUHU! Ellow from GERMANY!,neither,0.04069404815304118,0.30931579984010865,0.6499901520068502
i need to help my nana..... yay 100 ep yay congrats be late plz,neither,0.036906174545482714,0.3679430516548863,0.5951507737996311
happy 100 bidetttt,neither,0.03945320844208391,0.33037608806864915,0.630170703489267
bidet from salmon arm BC,neither,0.040315420811057975,0.31574209397218544,0.6439424852167567
Bidet from arizona!,neither,0.04078317879478948,0.307803020237201,0.6514138009680096
happy 100,neither,0.03945320844208391,0.33037608806864915,0.630170703489267
siobhan,neither,0.03945320844208391,0.33037608806864915,0.630170703489267
Bidet from Canada!,neither,0.04071751644889743,0.3089174816120565,0.6503650019390461
Bidet from Singapore.,neither,0.04228451509352876,0.2823214250720796,0.6753940598343917
"invites all Critters who are thinking of attending GenCon to join us in planning events, housing and travel arrangements at http://CrittersatGenCon.freeforums.net",neither,0.07115736089110868,0.29865411490760374,0.6301885242012876
Oi oi oi,neither,0.03945320844208391,0.33037608806864915,0.630170703489267
gandsSCANLAN gandsSCANLAN gandsSCANLAN gandsSCANLAN,neither,0.03945320844208391,0.33037608806864915,0.630170703489267
OMG the ducks with Lionel xD,neither,0.02851416198917141,0.35013457019677713,0.6213512678140516
bidet from Nashville! gandsSubHype gandsSubHype gandsSubHype,neither,0.04071751644889743,0.3089174816120565,0.6503650019390461
TO 100 More!!!!,neither,0.052110769966597,0.31147648807485306,0.63641274195855
Bidet from Georgia,neither,0.04066490145509902,0.30981049537100724,0.6495246031738937
Bidet from New Jersey!,neither,0.04458029923653559,0.209841401288464,0.7455782994750004
Bidet,neither,0.03945320844208391,0.33037608806864915,0.630170703489267
Bidet from London!!!!,neither,0.04069404815304118,0.30931579984010865,0.6499901520068502
took the day off to watch first ever live stram so pumped,neither,0.04487504813547008,0.3354336153011514,0.6196913365633784
gandsSubHype gandsSubHype gandsSubHype gandsSubHype gandsSubHype gandsSubHype gandsSubHype gandsSubHype,neither,0.03945320844208391,0.33037608806864915,0.630170703489267
The butt flap is down. Repeat: The butt flap is down,neither,0.054149742429259844,0.3515563507033518,0.5942939068673883
Hype it up everyone! 100 episodes!,neither,0.0322593355328489,0.442579256941647,0.5251614075255042
this gonna be goooood son :D,neither,0.03885184978898288,0.37834454078734914,0.582803609423668
gandsCrit 100 episodes gandsLessthanthree gandsSubHype gandsSubHype gandsSubHype gandsSubHype,neither,0.03945320844208391,0.33037608806864915,0.630170703489267
hi all,neither,0.0423466876598404,0.4436528871510691,0.5140004251890904
oh the ducks!,neither,0.04390180555174684,0.26081690304190597,0.6952812914063473
5am here :D,neither,0.0979213125458446,0.2854165492562083,0.6166621381979471
Number one hundo everybody!!! WOOOOO!,neither,0.03842609649175887,0.36808537441957917,0.5934885290886619
HAPPY 100th EVERYONE! I LOVE YOU ALL SO MUCH! <3 <3 <3 <3 <3,offensive_language,0.042382416125060676,0.6058463776762472,0.3517712061986922
AHHHHH,neither,0.03945320844208391,0.33037608806864915,0.630170703489267
I'm still 2 episodes behind,neither,0.038606722000332425,0.344743172138746,0.6166501058609215
Yay CR 100th gandsSubHype gandsSubHype gandsSubHype gandsNatTwenty,neither,0.03945320844208391,0.33037608806864915,0.630170703489267
gandsNatTwenty gandsNatTwenty gandsNatTwenty gandsNatTwenty gandsNatTwenty,neither,0.03945320844208391,0.33037608806864915,0.630170703489267
Bidet from Missouri,neither,0.04071751644889743,0.3089174816120565,0.6503650019390461
Happiest of 100 to all and may there be many many more!,neither,0.046187215137654204,0.29839771506673785,0.6554150697956079
get ur snacks all!!,neither,0.06906867160763502,0.40668838190297985,0.5242429464893853
"Bidet from Durham, NC",neither,0.040334677536117594,0.315415257091876,0.6442500653720065
Bidet from Tampa Bay and Happy One-Hundo critters!,neither,0.03895935757592229,0.30970066892701786,0.6513399734970599
Bidet from Barcelona!,neither,0.04062582848913359,0.31047366557575606,0.6489005059351104
Bidet from Belgium,neither,0.04228451509352876,0.2823214250720796,0.6753940598343917
Bidet from the Netherlands :D,neither,0.0395975487247086,0.2929303761973238,0.6674720750779677
voyHYPE voyHYPE voyHYPE voyHYPE voyHYPE voyHYPE voyHYPE,neither,0.03945320844208391,0.33037608806864915,0.630170703489267
moon2SPY Bidet,neither,0.03945320844208391,0.33037608806864915,0.630170703489267
I just pre-ordered Matt's campaign guide.,neither,0.03668915177592953,0.3431983589434134,0.6201124892806571
Hey from the break room at office max,neither,0.03902546225809266,0.3234584161244328,0.6375161216174745
oi,neither,0.03945320844208391,0.33037608806864915,0.630170703489267
"Bidet from Fergus, Ontrario",neither,0.04062582848913359,0.31047366557575606,0.6489005059351104
FUCK YES,offensive_language,0.21364074035292993,0.786352787018362,6.472628708199161e-06
WHOOOOOOOOOOOOOO 100 EPISODES!!!!!!!!,neither,0.03945320844208391,0.33037608806864915,0.630170703489267
'ello!!!!!,neither,0.03945320844208391,0.33037608806864915,0.630170703489267
Bidet,neither,0.03945320844208391,0.33037608806864915,0.630170703489267
gandsTrinket gandsTrinket gandsTrinket gandsTrinket gandsTrinket gandsTrinket gandsTrinket,neither,0.03945320844208391,0.33037608806864915,0.630170703489267
v,neither,0.03945320844208391,0.33037608806864915,0.630170703489267
awesome art,neither,0.03945320844208391,0.33037608806864915,0.630170703489267
Wifey & I haven't missed it!!!,neither,0.03817487392697038,0.33081576592719614,0.6310093601458335
bidet from portland,neither,0.04066490145509902,0.30981049537100724,0.6495246031738937
Bidet to all,offensive_language,0.07037653542857761,0.5454179388470466,0.3842055257243759
BIDET. happy 100th,neither,0.03945320844208391,0.33037608806864915,0.630170703489267
Bidet from Arlington Texas!!!!,neither,0.04042489113558478,0.3138840968701843,0.6456910119942308
lets go,neither,0.039984317429425154,0.35542799280679366,0.6045876897637812
OFF THE DUCK'S BACK,neither,0.038465725765161385,0.31226573289367976,0.649268541341159
siobhan,neither,0.03945320844208391,0.33037608806864915,0.630170703489267
so stoked,neither,0.039408962504520015,0.38382265604540616,0.5767683814500738
