text,top_class,hate_speech,offensive_language,neither
Hey guys!,neither,0.03929207127355727,0.33311100635304525,0.6275969223733975
gandsSubHype gandsSubHype gandsSubHype,neither,0.03945320844208391,0.33037608806864915,0.630170703489267
\o/,neither,0.03945320844208391,0.33037608806864915,0.630170703489267
hey guys,neither,0.03929207127355727,0.33311100635304525,0.6275969223733975
!wallet,neither,0.03945320844208391,0.33037608806864915,0.630170703489267
sonicsanime44 has 48865 coins,neither,0.03989735448983053,0.32283777050957063,0.6372648750005988
Hello!,neither,0.03945320844208391,0.33037608806864915,0.630170703489267
Maaaaatt,neither,0.03945320844208391,0.33037608806864915,0.630170703489267
hay Jody and her friends,neither,0.03158248730157519,0.4614708823295258,0.5069466303688991
!wallet,neither,0.03945320844208391,0.33037608806864915,0.630170703489267
thomaswdyoung has 16 coins,neither,0.03981345972447318,0.3242616836255755,0.6359248566499514
!wallet,neither,0.03945320844208391,0.33037608806864915,0.630170703489267
paladin356 has 44775 coins,neither,0.03989735448983053,0.32283777050957063,0.6372648750005988
"Hi Matt, Jody, Havana, Marisol and John!",neither,0.038948351280018355,0.3057387033664159,0.6553129453535659
i made a bad bet some time ago so i guess i'm pretty poor atm,neither,0.03200236815820307,0.3800532164104716,0.5879444154313255
Hey everyone on screen! (Too many people to say hi individually to),neither,0.057856973699757966,0.3930501012446689,0.5490929250555731
!wallet,neither,0.03945320844208391,0.33037608806864915,0.630170703489267
!info,neither,0.03945320844208391,0.33037608806864915,0.630170703489267
bumblebeebuzzbuzz has 7036 coins,neither,0.03989735448983053,0.32283777050957063,0.6372648750005988
You earn 1 coins for every 1 minute you watch while geekandsundry is live. Check your coins by typing !wallet and visit www.revlo.co/geekandsundry to see what you can do with them.,neither,0.08528954791648977,0.3649232046814371,0.5497872474020731
!wallet,neither,0.03945320844208391,0.33037608806864915,0.630170703489267
fuffybutt has 1803 coins,neither,0.03989735448983053,0.32283777050957063,0.6372648750005988
TNG VCR game PogChamp fmgHYPE,neither,0.03826383497213389,0.24674689817812728,0.7149892668497387
New not Set?,neither,0.04215244371327406,0.22404101646774846,0.7338065398189776
I've been ditching my coins,neither,0.013912958696820762,0.39052222087981925,0.5955648204233599
what is a vcr tape Kappa,neither,0.05207467360895988,0.32425665868842407,0.6236686677026162
that's my plan. i need 69k tonight,neither,0.024014617634936862,0.4207136417651557,0.5552717405999075
5 classic packs.,neither,0.03945320844208391,0.33037608806864915,0.630170703489267
!bet & 1803,neither,0.03945320844208391,0.33037608806864915,0.630170703489267
"Hey Matt, how did the officiating go?",neither,0.03966157006660947,0.3194484645295825,0.6408899654038079
"Oh, hey, Jody! From Eric's RBD RPG and VAST!",neither,0.04273043144434581,0.26262466568483733,0.6946449028708168
I spent a lot of coins to get Erika to recite lyrics to Ryan!,neither,0.05175935301071155,0.3283017440184321,0.6199389029708563
Jody's shirt gandsLessthanthree gandsLessthanthree gandsLessthanthree,neither,0.03945320844208391,0.33037608806864915,0.630170703489267
heeelloo John :-),neither,0.03945320844208391,0.33037608806864915,0.630170703489267
"vcr is video cassette recording, i think :)",neither,0.061951044503207875,0.1869951811722322,0.7510537743245599
lol ps,neither,0.020706217963973744,0.4882283491876925,0.4910654328483337
!whodat,neither,0.03945320844208391,0.33037608806864915,0.630170703489267
"Matt Acevedo ( twitter.com/ShyGuyExpress ), and Marisol Ferra ( twitter.com/Novemtree ) with special guests Havana Mahoney ( twitter.com/HavanaRama ), Jody Houser ( twitter.com/Jody_Houser ), and John Freudman ( twitter.com/JohnFreudman )",neither,0.04141835338394153,0.44500500933682,0.5135766372792384
!caster vana_rama,neither,0.03945320844208391,0.33037608806864915,0.630170703489267
You should give vana_rama a follow! Check them out here: twitch.tv/vana_rama !,neither,0.11039897335229146,0.3617950278714044,0.5278059987763041
Can we rhyme Matt's name?,neither,0.03954885841665516,0.32875265837363304,0.6316984832097117
don't rhyme her name with anything... except Rama,offensive_language,0.025701476309192322,0.516156634705648,0.45814188898515956
"Havana is so entertaining, even with us losing our Butts!",neither,0.055765826695623674,0.381521955589374,0.5627122177150022
Havana copa cavanORANGE,neither,0.03945320844208391,0.33037608806864915,0.630170703489267
chat?,neither,0.03945320844208391,0.33037608806864915,0.630170703489267
hrpgHeyo hrpgHeyo hrpgHeyo hrpgHeyo hrpgHeyo,neither,0.03945320844208391,0.33037608806864915,0.630170703489267
Becca and Stef didn't get where they are without murdering a few peoplpe,neither,0.04384628396595992,0.2765990319796908,0.6795546840543493
So this is the old VHS game?,neither,0.04700095112868774,0.31150114151454994,0.6414979073567624
I want that schematic to show me where the public restrooms are on that ship.,neither,0.05918037247224072,0.3018850659370024,0.6389345615907569
:o,neither,0.03945320844208391,0.33037608806864915,0.630170703489267
"what does pomporous mean?, pls?",neither,0.03036579861933357,0.4459527962698758,0.5236814051107906
"oh, such a beautiful and sad shirt Jody i wearing TwitchUnity",neither,0.04227913588700934,0.27023340628537695,0.6874874578276137
or however it's spelt,neither,0.037808539644759706,0.3309417650853276,0.6312496952699127
*is,neither,0.081172750358939,0.3160268245287109,0.60280042511235
"I tried to play an VHS game as a kid, but it had a creepy old dude speaking to you (demon headmaster style) and it freaked me out for a long time.",neither,0.03813668017325317,0.3452946030440427,0.6165687167827042
There are always great people on this channel!,neither,0.08127638562501154,0.2924710481315321,0.6262525662434564
there were VHS games? :o,neither,0.03973984509898345,0.25729660468609233,0.7029635502149243
I always enjoyed the I Robot VHS game,neither,0.037098906812684684,0.3276663094799506,0.6352347837073649
"I've watched VHS movies before, but never played a VHS game",neither,0.019286227619623595,0.36516393279902576,0.6155498395813507
i do remember that they did put restrooms in the voyager elite force games,neither,0.03731664155843976,0.34606771618061927,0.616615642260941
RedBox but bigger,neither,0.0348235868101391,0.34434572188177104,0.6208306913080899
"LOL, i remember all this!",offensive_language,0.03139939433411431,0.5135946496506881,0.45500595601519744
Ranger T Shirt?,neither,0.03945320844208391,0.33037608806864915,0.630170703489267
VHS are black magic WITCH they are all Witches,neither,0.10145915036470164,0.3006590316492558,0.5978818179860426
"Well sit down and strap in, you bout to find out fmgSUP",neither,0.051696004147902805,0.33308441565691405,0.615219580195183
they're joking but... there probably is 16 year olds watching,neither,0.05132621533149071,0.3053835846511253,0.643290200017384
oh kind of like redbox,neither,0.06179000186282719,0.2876539095357982,0.6505560886013746
@Ossborn https://www.redbubble.com/people/chovexani/works/26777942-red-and-gold-ranger?p=t-shirt&style=mens&body_color=heather_grey&print_location=front :D,neither,0.050818873523692694,0.31067628773316597,0.6385048387431413
Chovexani -> Only those that we deem worthy shall possess the power of the Hyperlink [warning],neither,0.048140585852785724,0.2990817588418225,0.6527776553053918
Yes! I had one that was shaped like a race car.,neither,0.24786640500957474,0.12356253685858205,0.6285710581318433
what about Laser Disc jody Kappa,neither,0.04192979815085453,0.3457238212196026,0.6123463806295428
my rewinder was a race car froom froom,neither,0.34742126455902794,0.05837850309557201,0.5942002323454001
son of a,neither,0.03945320844208391,0.33037608806864915,0.630170703489267
*feels old*,neither,0.03945320844208391,0.33037608806864915,0.630170703489267
I got rid of all my MST3K videos,offensive_language,0.030246773055819118,0.5067545840212645,0.46299864292291626
my god i've played games since the Commodore Vic-20 and thought i'd seen it all :P,neither,0.0220270439202878,0.3145681396325321,0.6634048164471801
I do remember that,neither,0.0358533580232835,0.3894510163789468,0.5746956255977695
that was from waaay back,neither,0.03675404564041513,0.35425769385455225,0.6089882605050326
"I owned that VHS video game with that guy that became kinda scary within an hour... I think it´s called different in the USA, but I know it as Atmosfear",neither,0.029783093274363917,0.34909751964452046,0.6211193870811157
VHS vs Beta max,neither,0.03945320844208391,0.33037608806864915,0.630170703489267
"Did Sally Struthers give you Ph.D. to you, Jody? :)",neither,0.07487850616538158,0.4007692883368122,0.5243522054978061
Laserdic forever!!,neither,0.03945320844208391,0.33037608806864915,0.630170703489267
If you wanted to record something without commercials you would press pause on recording when the commercials started and then unpaused as soon as it was over,neither,0.03551237772656635,0.40716927083257426,0.5573183514408595
laser disc where so big,neither,0.026510225384910997,0.4007159269069667,0.5727738477081222
i think they played atmosfear one gather your party in year 1,neither,0.05968235360458938,0.3406297792370018,0.5996878671584088
"I remember when we got an Atari 2600, Yars Revenge and Maze Craze were my favorite games on it!",neither,0.02424872640517867,0.40822634066244584,0.5675249329323756
!bet couch 1805,neither,0.03945320844208391,0.33037608806864915,0.630170703489267
Re hrpgSub hrpgHyperHype,neither,0.10802165902134243,0.2484119200751343,0.6435664209035233
i mean i had a vhs and im 16 and i visited blockbuster a bunch of times,neither,0.038850908839734265,0.3800651784364848,0.581083912723781
Spoilers!,neither,0.03945320844208391,0.33037608806864915,0.630170703489267
"beta max was far superior to VHS, but it was all about marketing and stuff i guess",neither,0.03934787026767731,0.3622965436056962,0.5983555861266265
!whodat,neither,0.03945320844208391,0.33037608806864915,0.630170703489267
"Matt Acevedo ( twitter.com/ShyGuyExpress ), and Marisol Ferra ( twitter.com/Novemtree ) with special guests Havana Mahoney ( twitter.com/HavanaRama ), Jody Houser ( twitter.com/Jody_Houser ), and John Freudman ( twitter.com/JohnFreudman )",neither,0.04141835338394153,0.44500500933682,0.5135766372792384
"ooooh, you designed a Tshirt and sell it via redbubble? Nice ^^",neither,0.05127296928554026,0.16717005283040096,0.7815569778840588
*your Ph.D.,neither,0.0780690733417637,0.3196259537601841,0.6023049728980522
Better was opened but it didn't say so in chat.,neither,0.02654929085539812,0.40089759465649655,0.5725531144881053
!contest,neither,0.03945320844208391,0.33037608806864915,0.630170703489267
The results of the last contest are at www.revlo.co/geekandsundry/contests/777785,neither,0.05275078622456975,0.2967872673958297,0.6504619463796005
cool,neither,0.03945320844208391,0.33037608806864915,0.630170703489267
@Ossborn yeah that design was a commission and was real hard,offensive_language,0.021438237300154914,0.5564865646543471,0.422075198045498
Is it cooperative of competitive?,neither,0.04645147996660058,0.3279690615814105,0.625579458451989
!wallet,neither,0.03945320844208391,0.33037608806864915,0.630170703489267
compel_bast has 131595 coins,neither,0.03989735448983053,0.32283777050957063,0.6372648750005988
"So I'm guessing he beamed onto the ship, Worf tried to stop him and got beaten in a few seconds?",neither,0.043403643451909314,0.37755241148055324,0.5790439450675375
lol en sign,neither,0.03203048779546121,0.3839886067634723,0.5839809054410665
Coop thomaswdyoung,neither,0.03945320844208391,0.33037608806864915,0.630170703489267
Trying to open the bet again.,neither,0.04297213952793652,0.340344740452652,0.6166831200194115
first time watching this. how does the betting go?,neither,0.02493665213198404,0.43022668106776074,0.5448366668002553
is there a page I can read the betting rules?,neither,0.04431367575070284,0.28739937063165233,0.6682869536176449
"did he say ""en-sign""? :P",neither,0.04404660783780678,0.3287962073833631,0.6271571847788302
!contest,neither,0.03945320844208391,0.33037608806864915,0.630170703489267
The results of the last contest are at www.revlo.co/geekandsundry/contests/777785,neither,0.05275078622456975,0.2967872673958297,0.6504619463796005
!wallet,neither,0.03945320844208391,0.33037608806864915,0.630170703489267
chuckytheclown11 has 172 coins,neither,0.03989735448983053,0.32283777050957063,0.6372648750005988
do i risk betting 70k immediately?,neither,0.04034125732590443,0.3300706473354866,0.6295880953386089
Psilio yes :D,neither,0.03945320844208391,0.33037608806864915,0.630170703489267
@danoba mod discombobulated mod. ;),neither,0.03945320844208391,0.33037608806864915,0.630170703489267
Chovexani Yeah.... my commision for Jason also takes way longer than expected.... yippieah ahyeah file corruption :-/,neither,0.022179684637822186,0.42421286941166314,0.5536074459505146
