text,top_class,hate_speech,offensive_language,neither
BTS cam should be up soon though,neither,0.048050690817727136,0.4141776747864844,0.5377716343957885
ah - there it is lol,neither,0.03698651799197147,0.34027923162223883,0.6227342503857898
"The streamer isVana Rama https://www.twitch.tv/vana_rama , you can join her channel",neither,0.041611413025728725,0.47170697096497766,0.4866816160092936
:) @Rogue_13,neither,0.03945320844208391,0.33037608806864915,0.630170703489267
woot woot there they areeeeeeeeee,neither,0.03940178328282351,0.3056794163342887,0.654918800382888
oop... i was getting into that...,neither,0.03279641556858819,0.42460506959435035,0.5425985148370616
"The song was ""Electric Hell"" from the Syrinscape playlist",offensive_language,0.03952191304041509,0.5738381358090777,0.38663995115050714
Hi @postdataest,neither,0.03945320844208391,0.33037608806864915,0.630170703489267
hrpgHeyo @Dragonchrome,neither,0.03945320844208391,0.33037608806864915,0.630170703489267
Hello,neither,0.03945320844208391,0.33037608806864915,0.630170703489267
evening,neither,0.03945320844208391,0.33037608806864915,0.630170703489267
Woot! Talks Machinca!,neither,0.03945320844208391,0.33037608806864915,0.630170703489267
"Travis, Marisha and Ashley are tonights guets",neither,0.05968301880348735,0.26026658519284035,0.6800503960036723
Talks Machina is on every Tuesday 7pm - 8pm PDT on twitch.tv/geekandsundryhttp://www.wheniscriticalrole.com/talksmachina,neither,0.04025631948211108,0.3412807404907357,0.6184629400271532
No Matt tonight?,neither,0.03595368844670878,0.3219260595837517,0.6421202519695395
"Talks machina next? good , this is the first time I caught it live :D",neither,0.039027113750882164,0.3417603716553838,0.6192125145937339
"Our guests this Tuesday are Marisha (twitter.com/Marisha_Ray ), Travis (twitter.com/WillingBlam ), and Ashley (twitter.com/thevulcansalute ) and Hosted by Brian Wayne Foster(twitter.com/ BrianWFoster ) to discuss episode 100. Tweet to #AskTalksMachina!#CriticalRole #TalksMachina",neither,0.047570869245851806,0.42195644438428276,0.5304726863698656
Test...,neither,0.03945320844208391,0.33037608806864915,0.630170703489267
bidet!,neither,0.03945320844208391,0.33037608806864915,0.630170703489267
howdy howdy howdy,neither,0.03945320844208391,0.33037608806864915,0.630170703489267
beep beep,neither,0.03945320844208391,0.33037608806864915,0.630170703489267
i love the tech set up!,neither,0.033853065789022446,0.3729836960130331,0.5931632381979445
bidet from alberta Canada,neither,0.040354386843928725,0.3150807387011266,0.6445648744549448
Talks Machina is on in about 24 mins give or take,neither,0.04166553187066134,0.3566617135075843,0.6016727546217543
@AromiaFlyce tbh so do i. i love all the behind the scenes stuff,neither,0.03820424238891107,0.3894259351608394,0.5723698224502496
those beeps are in stream right?,neither,0.09819753328061105,0.23557520539366006,0.666227261325729
Bidet from Australia,neither,0.04062582848913359,0.31047366557575606,0.6489005059351104
!clock,neither,0.03945320844208391,0.33037608806864915,0.630170703489267
It is currently 6:36 PM at the Geek & Sundry studio in California.,neither,0.05188962470415607,0.32956799778566287,0.618542377510181
its E3 week so I'm sure guests will be lateish,offensive_language,0.030376966356039252,0.48525945097829093,0.48436358266566987
bidet from 95 degree philadelphia,neither,0.04023056337302719,0.3171823461558338,0.642587090471139
the beeps are instream,neither,0.13216747176574387,0.17703770392579998,0.6907948243084562
@Serfalquast Alberta here too! :D,neither,0.08737207523927291,0.29607249998029916,0.616555424780428
Bidet from the air conditioning!,neither,0.039624413242141276,0.2867077452592403,0.6736678414986185
@wolfchasing its a good set up. Im such a computer nerd. i love building pcs and such,neither,0.032733820004930386,0.3557952934735284,0.6114708865215412
"that freaked me out a bit, thought it was my pc",neither,0.025150648418684626,0.3834032531934833,0.5914460983878321
"okay, yeah i was like ""why is my computer making noise""",neither,0.025154481040032286,0.4674399007977418,0.507405618162226
its devices being plugged/unplugged in atream,neither,0.0250655083434771,0.3747189067814028,0.6002155848751202
beep beep from AZ,neither,0.04078317879478948,0.307803020237201,0.6514138009680096
notifications are turned on,neither,0.05918726685617617,0.3013473347323597,0.6394653984114642
beep beep from philly!,neither,0.040769555981420263,0.3080342349327864,0.6511962090857933
"thank goodness, thought at first my computer was having the equivilent to a heart attack with all those beeps",neither,0.03824229582471959,0.34846551562953537,0.613292188545745
Yeah if I wasn't on my phone I'd be losing my mind,offensive_language,0.011455653029915728,0.5373259963223942,0.45121835064769
yay! 100th episode talks machina :D,neither,0.03945320844208391,0.33037608806864915,0.630170703489267
bidet from NC!,neither,0.04066490145509902,0.30981049537100724,0.6495246031738937
lol i knew my mic was still plugged in,neither,0.024297521921146828,0.4596417475663804,0.5160607305124727
what music is this?,neither,0.06053581956958716,0.32244589226693143,0.6170182881634815
a second bidet from AZ,neither,0.04051546769747125,0.31234677622898105,0.6471377560735476
beep beep from San Antonio!,neither,0.040446282760733435,0.31352102516371877,0.6460326920755478
While I can still talk <3 to all of you,offensive_language,0.04151733405308563,0.4933730053300042,0.4651096606169101
how long until they start i need to shove food into my mouth,neither,0.03557911448884976,0.3782818666084773,0.586139018902673
bidet,neither,0.03945320844208391,0.33037608806864915,0.630170703489267
"Bidet from Roswell, New Mexico",neither,0.04441189881032757,0.21402420332822164,0.7415638978614508
"MAN those beeps had me going lol, thats a good troll.",neither,0.04134289702870308,0.41421121139052186,0.5444458915807752
it looks like theyre going back to the old set up,neither,0.04649797750034221,0.38198693447517656,0.5715150880244813
oh those windows noises are from stream? I was looking around trying to see what was off,neither,0.08541267562680904,0.22713787618141587,0.687449448191775
bidet from charlottesville VA,neither,0.04066490145509902,0.30981049537100724,0.6495246031738937
first time i caught 1 of these,neither,0.039211861340123506,0.4383264265679158,0.5224617120919607
bidet from nj,neither,0.04069404815304118,0.30931579984010865,0.6499901520068502
"The song was ""Electric Hell"" from the Syrinscape playlist",offensive_language,0.03952191304041509,0.5738381358090777,0.38663995115050714
@Rebumai 30 min until start of show,neither,0.05143105306992883,0.27024434712754336,0.6783245998025277
lovin the double checked shirt from the crew,neither,0.03899046851512042,0.29909899442562,0.6619105370592595
bidet from VA,neither,0.04066490145509902,0.30981049537100724,0.6495246031738937
@lightningalessia thanks dawg <3,neither,0.03687724767544472,0.30880532425232055,0.6543174280722348
Talks Machina is on every Tuesday 7pm - 8pm PDT on twitch.tv/geekandsundryhttp://www.wheniscriticalrole.com/talksmachina abotu 21 misn till showtime,neither,0.040160773032245425,0.34000156435964496,0.6198376626081096
nice! Light Test!,neither,0.03945320844208391,0.33037608806864915,0.630170703489267
o wait one of them's brian lmao,neither,0.049982607343018536,0.36652897230679105,0.5834884203501904
Critical Role is on every Thursday 7pm - 10pm ish PDT http://www.wheniscriticalrole.com/,neither,0.03996259327039728,0.2797462177133819,0.6802911890162209
Hmm. Makes me wonder if the bookshelves of STUFF are moved and filled/unfilled each time or just moved as is,neither,0.03572605652664645,0.3570667075329924,0.6072072359403612
Squid1 Squid2 Squid3 Squid2 Squid4,neither,0.03945320844208391,0.33037608806864915,0.630170703489267
Where is Denise? The one going to dinner with me? (I'll free you Denise!),neither,0.04473692553766148,0.42583556853919585,0.5294275059231427
Bidet from Philly! :D,neither,0.040769555981420263,0.3080342349327864,0.6511962090857933
"Bidet, @NeverwinterFool.",neither,0.03945320844208391,0.33037608806864915,0.630170703489267
Denise has a twitch channel you can follow her on her many adventures here,offensive_language,0.05832125161793557,0.6145732632216578,0.32710548516040644
"Bidet from Adelaide, South Australia!",neither,0.04041079298828133,0.31412337922315653,0.6454658277885622
@Logarth73 i believe that Denise has been freed,neither,0.036319910993886914,0.36393228953059814,0.5997477994755148
Denise BRR https://www.twitch.tv/denisebrr,neither,0.03945320844208391,0.33037608806864915,0.630170703489267
"Bidet, @DecafToaster !",neither,0.03945320844208391,0.33037608806864915,0.630170703489267
She freed herself?!? Ommmm... Wow... Looks like my quest is over...,neither,0.04142277262578898,0.44543876825115053,0.5131384591230604
WOOO last day of school,neither,0.04005042515967645,0.3127343947890421,0.6472151800512814
denise freed herself,neither,0.03945320844208391,0.33037608806864915,0.630170703489267
@Grummm_Didley !!!! another Adelaide person hello!!! look at us in our tiny corner of australia,neither,0.09206428525967537,0.2973895607894625,0.6105461539508622
You can also check out Ryan Green Ryan Green https://www.twitch.tv/hydrosnail_ryangreen,neither,0.04472585238776063,0.3315569251115166,0.6237172225007228
Does Travis or Grog need to be freed now?,neither,0.03337404824228135,0.41898335463776587,0.5476425971199528
Maybe Matt Mercer needs to be freed now...,neither,0.0444690093902458,0.3302485702590862,0.6252824203506681
I believe Travis is self freeing,neither,0.046482272655413215,0.32795847056371047,0.6255592567808763
lol,neither,0.020706217963973744,0.4882283491876925,0.4910654328483337
Hey Sax,neither,0.03945320844208391,0.33037608806864915,0.630170703489267
oooh. my ice packs are ready!,neither,0.0457523968519844,0.3586136068253943,0.5956339963226213
brb,neither,0.03945320844208391,0.33037608806864915,0.630170703489267
Kiki? Percy? Scanlan? Anyone?,neither,0.03945320844208391,0.33037608806864915,0.630170703489267
no message?,neither,0.038307686198514074,0.34981859011685756,0.6118737236846283
"this is what my shop is starting to look like after deciding to do streams, cords tripods trip hazards and monitors fucking everywhere",offensive_language,0.13499740322023765,0.8078706360049285,0.057131960774833915
and a guy with a sword,neither,0.028243585676818388,0.33460679759702777,0.6371496167261538
I want to see grog at this one for sure,neither,0.03304473058362056,0.4609907165477441,0.5059645528686353
SWORD GUY!!,neither,0.03897224588460658,0.3385392778812917,0.6224884762341019
why...,neither,0.016768318525353994,0.3685911158159394,0.6146405656587067
i expect the sword guy now...,neither,0.0383571961712574,0.32329961731626733,0.6383431865124752
Bidet from Oregon...,neither,0.04071751644889743,0.3089174816120565,0.6503650019390461
sword buy back this week yay,neither,0.03938565964568035,0.33152256743192837,0.6290917729223913
"Aaaaww, sword dude is back - do we know who the hell he is?",offensive_language,0.058204937833383624,0.6281863635255694,0.3136086986410468
#TheresAlwaysAGuyWEithASword,neither,0.03945320844208391,0.33037608806864915,0.630170703489267
Sword guy is the new denise,neither,0.04940166338893776,0.2394660627731204,0.7111322738379418
why not,neither,0.019254511639927464,0.36928594044212826,0.6114595479179443
sword guy i luv u,neither,0.03906159117193123,0.3370228551827728,0.6239155536452959
Bidet from Brazil,neither,0.04079557052152802,0.30759270029461827,0.6516117291838538
This episode (100) was so good.... And long.....,neither,0.03783955356180532,0.33391367912347036,0.6282467673147243
"@wolfchasing Hey!, Yeah off work sick so I thought I would tune in. Chilly today despite the sun out.",neither,0.029745245786217546,0.3452663485837935,0.6249884056299889
hehehehe,neither,0.03945320844208391,0.33037608806864915,0.630170703489267
spoilers,neither,0.03945320844208391,0.33037608806864915,0.630170703489267
Bidet from NC,neither,0.04066490145509902,0.30981049537100724,0.6495246031738937
i shed some manly tears when grog kinda forgave scanlan,neither,0.028289553118172994,0.3714505028385434,0.6002599440432836
#swordguy,neither,0.03945320844208391,0.33037608806864915,0.630170703489267
bidet from canada,neither,0.04071751644889743,0.3089174816120565,0.6503650019390461
I was wondering when sword guy would show up,neither,0.03885529078613781,0.3502626661851187,0.6108820430287434
bidet from Australia,neither,0.04062582848913359,0.31047366557575606,0.6489005059351104
Excitedto see the commentary,neither,0.037637999616866064,0.296132123374395,0.6662298770087389
"Sword guy, shrooms are a ***",neither,0.06565294408942604,0.2917606320585053,0.6425864238520688
