text,top_class,hate_speech,offensive_language,neither
"@Cript_Keeper Recommend watching Star Trek Deep Space Nine, but I don't think it'll be necessary. Like you could enjoy the Doctor Who RPG without an encyclopedic knowledge of DW. ;)",neither,0.04798837376228669,0.37302708386891387,0.5789845423687994
"@shandravdeg, I will give it a go as i love Eric's DM style",neither,0.03695242768937664,0.3493438020217719,0.6137037702888516
@JJ_Dane 3?,neither,0.03945320844208391,0.33037608806864915,0.630170703489267
started,neither,0.03945320844208391,0.33037608806864915,0.630170703489267
YAY!!!,neither,0.03945320844208391,0.33037608806864915,0.630170703489267
WEDNESDAY CLUB DISCORD: https://discord.gg/zRgz6F,neither,0.03945320844208391,0.33037608806864915,0.630170703489267
it startede,neither,0.034373745257138544,0.33212314837979673,0.6335031063630647
You earn 1 coin every minute while watching! Check your coins by typing !wallet and visit www.revlo.co/geekandsundry to see what you can do with them.,neither,0.07744423452440988,0.37269153353543766,0.5498642319401523
"Help G&S make great content! $4.99/month gets you emotes, Minecraft server access, Sub Only Q&As, VODs, and more! Every sub keeps the channel alive! twitch.tv/geekandsundry/subscribe",neither,0.043092924924402844,0.32365565443818894,0.6332514206374082
"Hello, Wednesday Club!!",neither,0.03945320844208391,0.33037608806864915,0.630170703489267
Wait...Where is Taliesin?,neither,0.05464192457239234,0.28187333114330926,0.6634847442842984
"@ciarathebraid, ok thanks, i watch Doctor who anyways",neither,0.04205794425099941,0.3605902999480188,0.597351755800982
Hello!,neither,0.03945320844208391,0.33037608806864915,0.630170703489267
hi jody,neither,0.03945320844208391,0.33037608806864915,0.630170703489267
Yay!!!!,neither,0.03945320844208391,0.33037608806864915,0.630170703489267
"Man this sucks so much, when they change Wednesday Club to their new time slot I will no longer be able to watch it live!!!!! Oh man!!!!",neither,0.04608965805359039,0.36514294023222127,0.5887674017141883
Professor Master Howser!,neither,0.03945320844208391,0.33037608806864915,0.630170703489267
"Hi Jody, Amy and Matt!",neither,0.03890076228068822,0.3032684197875661,0.6578308179317456
Jody!,neither,0.03945320844208391,0.33037608806864915,0.630170703489267
"Hi Amy, Matt, Jody :D",neither,0.03945320844208391,0.33037608806864915,0.630170703489267
jody!!,neither,0.03945320844208391,0.33037608806864915,0.630170703489267
"She's not a doctor or a master, she's a corsair!",neither,0.04080105902408226,0.47563616968717554,0.48356277128874225
hrpgHeyo Tal... Jodie hrpgHeyo Amy hrpgHeyo Matt,neither,0.03945320844208391,0.33037608806864915,0.630170703489267
"Hey Jody, Amy, Matt",neither,0.03945320844208391,0.33037608806864915,0.630170703489267
But you are still a Time Lord!,neither,0.08325840418417181,0.3751120352349883,0.5416295605808399
@aromiaflyce Conflict today.,neither,0.03670833772556013,0.28647033973868863,0.6768213225357513
Jody gandsSubHype gandsSubHype gandsSubHype,neither,0.03945320844208391,0.33037608806864915,0.630170703489267
"""Houser How To' should be a regular segment",neither,0.05784763490070279,0.3618546605497954,0.5802977045495018
WHOO JODY!,neither,0.03945320844208391,0.33037608806864915,0.630170703489267
"Talesin has her amazing lipstick, I'm sure :p",offensive_language,0.029153332146600944,0.5824453779801005,0.3884012898732985
let's be honest Taliesin for sure has the lipstick and glasses he jsut doesn't wear them.,neither,0.03282682562315403,0.3680279775501335,0.5991451968267125
JODY! You're awesome and beautiful. I'm a Faith fan.,neither,0.06210103160060923,0.3114661560996655,0.6264328122997253
oops Houser,neither,0.03945320844208391,0.33037608806864915,0.630170703489267
LOVE the faith chalk art!,neither,0.036760513255895785,0.328084607054943,0.6351548796891612
i feel conflicted because i know I'm still instinctively gonna look for Jody in the chat despite knowing she on the show :p,neither,0.04123537361773522,0.33637226419200084,0.6223923621902638
I feel like Tal could rock those glasses and lipstick if he wanted to,neither,0.05211430694564511,0.30413213278903284,0.643753560265322
hey yall,neither,0.0373829100190767,0.36551445535541816,0.5971026346255053
Matt's t-shirt is awesome.,neither,0.046402231511458156,0.32798600038345155,0.6256117681050903
"oh noes, this is seeing how the sausage is made",neither,0.05561859161029939,0.2800128586832557,0.6643685497064449
"@shantup yeah - same here. Legendary moved all the originally night schedule lineup to day shows, which caused all the hosts and viewers to adjust their schedules, and now it's all moving back to night. /shrug",neither,0.04521098016146963,0.3753039543164941,0.5794850655220363
omg yes! ive been needing this episode do much!,neither,0.03761245645430549,0.3352235586525431,0.6271639848931514
Cool!,neither,0.03945320844208391,0.33037608806864915,0.630170703489267
yes,neither,0.03945320844208391,0.33037608806864915,0.630170703489267
lol,neither,0.020706217963973744,0.4882283491876925,0.4910654328483337
"If it's a great quote, it's probably Gail Simone",neither,0.026089822405190657,0.3588071395571024,0.6151030380377069
"QUESTION: Do you have a good rule of thumb for figuring out how much ""story"" you can fit in a page or issue?",neither,0.04598284443840052,0.36503643238388694,0.5889807231777124
"Speaking of Gail Simone, what was she doing at GNS this week?",neither,0.04281277165037323,0.3936765116013342,0.5635107167482926
Feels weird that's there's only 2 more Wednesday Clubs that I'll be able to catch live T_T,neither,0.042119726179714725,0.3446043215185852,0.6132759523017002
QUESTION: Any tips for editing comics/comic writers' work?,neither,0.03585480883763562,0.3123918231429586,0.6517533680194059
Hello everyone!,neither,0.03269494828970791,0.4450814005079928,0.5222236512022994
No Jody... Do NOT teach chat how to Pun!!,neither,0.04763705989677569,0.2672702884999087,0.6850926516033155
A .. pune?,neither,0.03945320844208391,0.33037608806864915,0.630170703489267
Learning so much already!,neither,0.035017776946771155,0.38808396843549814,0.5768982546177307
"QUESTION: Will you give a shoutout to your european fans, before you switch schedule, so we can't watch anymore?",neither,0.08210890429863138,0.41059024400571714,0.5073008516956514
@Zathyr gandsLessthanthree gandsLessthanthree,neither,0.03945320844208391,0.33037608806864915,0.630170703489267
@Andrea_Cordes The switch is July 5th I believe,neither,0.044511787564996165,0.3168263487546325,0.6386618636803714
Comic books+professional roleplayer. Jody is living the actual dream.,neither,0.04342375086093991,0.31954762791374325,0.6370286212253168
"""my middle name is Opportunity and I came here to knock""",neither,0.06896967614778163,0.3297461748455696,0.6012841490066487
living the dream!,neither,0.03847602017469149,0.3124599137378216,0.6490640660874868
28 months? We have leftover balloons for that!,neither,0.03314974957281017,0.34390545959326546,0.6229447908339244
I'm sorry to talk but is Stefanei staying on geek and sundry?,neither,0.030613755949963833,0.3182780007157129,0.6511082433343232
@japenrose Yup.. So 2 more live streams :X,neither,0.044552250334206386,0.35668962720815883,0.5987581224576347
@Andrea_Cordes I'm European and still going to watch... may take some planning but totally worth it,neither,0.03745319439549848,0.328382200644616,0.6341646049598857
When did wednesday club move to? I missed it,neither,0.03558002155882378,0.362212416941973,0.6022075614992033
@DeLevely Sam! We missed you last week! Hope you're doing well!,neither,0.12238023688886243,0.28912526082116147,0.588494502289976
Hi @delevely :D,neither,0.03945320844208391,0.33037608806864915,0.630170703489267
"@Xaguaratricks Yes, Stef will still be on the channel.",neither,0.03704770471821069,0.32300314067775443,0.6399491546040349
"Realistic goals are important. Not homeless, check, self-supporting, check :-)",neither,0.0510218586366096,0.3092428691517605,0.6397352722116298
Max Landis=the maddest hustle ever,neither,0.038720317333786565,0.31703037507302884,0.6442493075931847
"It is, but it doesn't have to be no, just, eventually. It's switching from 8 pm london time to 3 am. @japenrose",neither,0.04296544005986844,0.3558740268459816,0.6011605330941501
@trailerparkgoth 7pm pacific starting july 5,neither,0.03945320844208391,0.33037608806864915,0.630170703489267
Hey @DeLevely,neither,0.03945320844208391,0.33037608806864915,0.630170703489267
hi Sam @DeLevely,neither,0.03945320844208391,0.33037608806864915,0.630170703489267
"Hi all! Yeah, my internet wasn't working last week, I missed you all so much!!",offensive_language,0.03067267585242239,0.5776279056667781,0.39169941848079937
Question! How on earth do you even start getting into a business like this? It feel like it's this huge landscape that's impossible to know where to start and poke around in.,neither,0.05476418564500938,0.3842088387536123,0.5610269756013784
can i get the clubhouse link again?,neither,0.03663506682044745,0.3488950424222947,0.6144698907572579
9pm to 4 am here.,neither,0.09686379133952792,0.2884309788436854,0.6147052298167868
question: what do you suggest for building your portfolio? where should a potential comic writer start?,neither,0.07634738938793628,0.3294808329594689,0.5941717776525949
"aww, i cant watch live i have uni",neither,0.04623905244370895,0.3340875538869183,0.6196733936693729
"@Asrathiel2912 all the shows I watch at G&S are now at my local 4 am, so I might just have to get a new sleep schedule x.x",neither,0.049124123108278954,0.39674566049920235,0.5541302163925188
Math Key,neither,0.03945320844208391,0.33037608806864915,0.630170703489267
"That fanfic is called ""Legit"" look it up",neither,0.04059177409860095,0.41171768363039607,0.5476905422710029
wooo @iviarelle :D,neither,0.03945320844208391,0.33037608806864915,0.630170703489267
Thank you for telling me😬,neither,0.038639586935970166,0.3912888354640632,0.5700715775999667
"@Andrea_Cordes Ugh, I'm sorry. Well, all the more reason for that discord then!",neither,0.033779966658103004,0.36656678375613677,0.5996532495857602
@DeLevely Hey Sam!,neither,0.03945320844208391,0.33037608806864915,0.630170703489267
*Shocked gasp* Amy's NOT wearing her Wonder Woman hoodie today! The world has officially gone mad! *Sees Amy then immediately put on the hoodie just now before clicking the chat button* Oh thank the gods! Everything's back to normal. We're saved! :D,neither,0.038451307123358744,0.3764876100225488,0.5850610828540924
hey jody amy and matt,neither,0.03888794436487551,0.3025976166739457,0.6585144389611789
Hi @starpilotsix !,neither,0.03945320844208391,0.33037608806864915,0.630170703489267
@andrea_cordes can i get the clubhouse link again?,neither,0.03663506682044745,0.3488950424222947,0.6144698907572579
"Oh man, that Web 1.0 life!",neither,0.03736821455444857,0.4300992622332438,0.5325325232123077
congrats all fellow anniversary'ers,neither,0.04079774627269189,0.38516603373963393,0.5740362199876742
Whoo!,neither,0.03945320844208391,0.33037608806864915,0.630170703489267
@Andrea_Cordes That's my plan :P Sleep at odd hours in the future... gonna be 3am here,neither,0.04799637566804828,0.4080055472712564,0.5439980770606953
I remember that reference,neither,0.035494689501504494,0.37344706068070777,0.5910582498177877
"Yeah, for Europeans it will need more planning again, just like before the 12 PM schedule change..... I may return to the old schedule, watching the first show for a bit, then sleep, and watch the rebroadcast.... except for Mines & Crafts, Game The Game and GYP... those still will be live shows from start to finish for me",neither,0.03888926658962826,0.26441156042042885,0.6966991729899429
Internet history!,neither,0.03945320844208391,0.33037608806864915,0.630170703489267
I'm so glad Jody knows web rings. That's a lost bit of internet culture.,neither,0.03754176569417774,0.3719267865700896,0.5905314477357327
@japenrose absolutely! We are talking about planned rewatch at the old time xD,neither,0.052298949110793844,0.3377975265208709,0.6099035243683352
@ShandraVdeG https://discord.gg/zRgz6F,neither,0.03945320844208391,0.33037608806864915,0.630170703489267
@delevely This makes me feel old.... i remember webrings,neither,0.032537093447416385,0.3685657610778115,0.5988971454747721
@andrea_cordes i can't wait to have new people flood the discord,neither,0.07456631852471729,0.2438778024900155,0.6815558789852671
I remember the web before webrings...,neither,0.03538176044158673,0.37308158465892993,0.5915366548994833
"@Ossborn Thing is, just being able to watch vods without waking up at 3 am is a tad.. sad T_T",neither,0.04698368901390611,0.3880270836698899,0.564989227316204
And the internet before the web,neither,0.034940952283469,0.32672216765189394,0.6383368800646371
my web site was in a web ring,neither,0.03338086664589713,0.3756199401124723,0.5909991932416305
Jody showed us some of her webcomic on Saturday. It's AMAZING,offensive_language,0.043617146291217976,0.47978217522125105,0.476600678487531
YOU ARE ALL VERY WELCOME AT OUR WEDNESDAY CLUBHOUSE! https://discord.gg/zRgz6F,neither,0.07454247764938164,0.4026660548968813,0.5227914674537372
"@ahsokagrey yeah, same xD",offensive_language,0.01920458489960965,0.494147843169609,0.48664757193078123
"I don't remember what it was, some Calvin and Hobbes things most probably",neither,0.035049619634422616,0.32520046736504044,0.639749913000537
"@DeLevely Amazing-amazing, or ""so gloriously a product of its time"" amazing?",neither,0.036156636923160186,0.3600125616288394,0.6038308014480005
"Yup, yup, very LA",neither,0.03945320844208391,0.33037608806864915,0.630170703489267
@iviarelle Cupcake POW! is what she showed us. It made me very very happy and is very very Jody,neither,0.05612744507420558,0.35160576257911585,0.5922667923466786
@delevely hey sam,neither,0.03945320844208391,0.33037608806864915,0.630170703489267
I want s Cupcake Pow pin,neither,0.039657515034524145,0.3269084719972205,0.6334340129682554
Hi @Critternation3000 !,neither,0.03945320844208391,0.33037608806864915,0.630170703489267
what is the topic today?,neither,0.05144120490962057,0.2882781422795715,0.6602806528108079
i bought a cupcake pow pin at megacon from jody and i was a nervous wreck,neither,0.03908737833218618,0.31337796072248403,0.6475346609453299
