text,top_class,hate_speech,offensive_language,neither
"KC Hype @DoorknobLicker! thanks, and you do the same!",neither,0.049379861844399194,0.3087915244523902,0.6418286137032106
@GeekandSundryFollowMoreGeek & Sundry Retweeted Thordak is dead.We're ironing out a few kinks before the #CriticalRole Twitch stream starts. Any... moment... now...,neither,0.04599878155550465,0.34606707929519054,0.6079341391493048
*Moment,neither,0.03945320844208391,0.33037608806864915,0.630170703489267
bidet from Ontario,neither,0.04062582848913359,0.31047366557575606,0.6489005059351104
Fort worth,neither,0.03945320844208391,0.33037608806864915,0.630170703489267
gandsSubHype gandsSubHype gandsSubHype gandsSubHype gandsSubHype gandsSubHype gandsSubHype gandsSubHype,neither,0.03945320844208391,0.33037608806864915,0.630170703489267
"Hi Portland and Eugene, Beaverton here!",neither,0.07005456189474919,0.2757210663700982,0.6542243717351527
Bidet from California,neither,0.06971251856910227,0.2972619859879888,0.633025495442909
Kreygasm,neither,0.03945320844208391,0.33037608806864915,0.630170703489267
They are just setting up the table,neither,0.051267936013031264,0.3386465341102189,0.6100855298767499
Refresh now.,neither,0.03945320844208391,0.33037608806864915,0.630170703489267
Bidet from germany :),neither,0.04069404815304118,0.30931579984010865,0.6499901520068502
"refresh, ONLINE",neither,0.03945320844208391,0.33037608806864915,0.630170703489267
hi,neither,0.03945320844208391,0.33037608806864915,0.630170703489267
"@TehBunnieh not the actual show, maybe pre show",neither,0.05880985232371143,0.2240579656679001,0.7171321820083885
oh chicago I miss you,neither,0.0538890030569218,0.329476244641926,0.6166347523011523
refresh,neither,0.03945320844208391,0.33037608806864915,0.630170703489267
They're using a big table!!!,neither,0.03374422341151821,0.4165949392166792,0.5496608373718025
CR will be starting around 7:10 tonight! New tech is being worked on and needs some extra time. Don't worry the wait will be worth it!,neither,0.036131841887090364,0.2777165059237952,0.6861516521891144
gandsGandsPoo,neither,0.03945320844208391,0.33037608806864915,0.630170703489267
Art!,neither,0.03945320844208391,0.33037608806864915,0.630170703489267
5 minutes late what is this some kind of twitch stream,neither,0.04184315224803355,0.335810800359446,0.6223460473925204
bidet from michigan,neither,0.040769555981420263,0.3080342349327864,0.6511962090857933
:DDDDDDDDD,neither,0.03945320844208391,0.33037608806864915,0.630170703489267
Bidet from Michigan!,neither,0.040769555981420263,0.3080342349327864,0.6511962090857933
FAN ART!,neither,0.03945320844208391,0.33037608806864915,0.630170703489267
yee,neither,0.03945320844208391,0.33037608806864915,0.630170703489267
art up refresh,neither,0.03714074598947189,0.37677164015065956,0.5860876138598686
Channel offline. No longer tracking points,neither,0.03888375554544231,0.3400411898782916,0.621075054576266
gandsHR,neither,0.03945320844208391,0.33037608806864915,0.630170703489267
#MOMSTAH,neither,0.03945320844208391,0.33037608806864915,0.630170703489267
art is up refresh!!!!,neither,0.043906135791190806,0.372982888581566,0.5831109756272432
Per Twitch Mods: Critical Role will be starting 10 minutes late tonight. We apologize for ruining your life,neither,0.04543407822367445,0.32208314913916786,0.6324827726371577
Bidet from Milwaukee,neither,0.04066490145509902,0.30981049537100724,0.6495246031738937
"Yay, art stream",neither,0.03945320844208391,0.33037608806864915,0.630170703489267
Art,neither,0.03945320844208391,0.33037608806864915,0.630170703489267
Is anyone else looking forward to a new group of chracters?,neither,0.05333928622659653,0.2634513939378447,0.6832093198355587
Ontario is pretty hype i must say sbzyOmg,neither,0.04610588179675099,0.31683561483739103,0.637058503365858
bidet,neither,0.03945320844208391,0.33037608806864915,0.630170703489267
CR WILL START ABOUT 10 AFTER TODAY,neither,0.03825226222088891,0.31619025325527544,0.6455574845238355
no episode?,neither,0.038346372756906874,0.34916197825705986,0.6124916489860334
GUYS looks like a new seating set up for tonight's game,neither,0.04013343395693808,0.24653725976197205,0.7133293062810899
#theyknow,neither,0.03945320844208391,0.33037608806864915,0.630170703489267
Refresh for ART,neither,0.03423199466188209,0.30429362477271343,0.6614743805654044
bidet from Cincinnati,neither,0.04228451509352876,0.2823214250720796,0.6753940598343917
"Bidet, y'all! gandsLessthanthree",offensive_language,0.046917543854519406,0.6277741405869331,0.3253083155585475
eugene here too,neither,0.08737207523927291,0.29607249998029916,0.616555424780428
LIVE and they are on the same table!!!!,neither,0.06277297064196523,0.2601497708633096,0.6770772584947252
bidet from Chicago,neither,0.04078317879478948,0.307803020237201,0.6514138009680096
Refresh,neither,0.03945320844208391,0.33037608806864915,0.630170703489267
stream is up,neither,0.045475273565137704,0.38726277146109006,0.5672619549737722
Bidet from Michigian!,neither,0.04228451509352876,0.2823214250720796,0.6753940598343917
R E F R E S H,neither,0.03945320844208391,0.33037608806864915,0.630170703489267
cant get to the stream,neither,0.04456361134131634,0.3194836895007572,0.6359526991579265
REFRESH!!!,neither,0.03945320844208391,0.33037608806864915,0.630170703489267
https://twitter.com/WillingBlam/status/875534774823133185,neither,0.038839322835287696,0.43150949317999215,0.5296511839847202
bidet from brooklyn,neither,0.04079557052152802,0.30759270029461827,0.6516117291838538
fanart PogChamp,neither,0.03945320844208391,0.33037608806864915,0.630170703489267
Let's go,neither,0.01806316484133749,0.39391011985298136,0.5880267153056813
Art is up!,neither,0.045991427074099804,0.39187272382964855,0.5621358490962516
i want another live show in California!!!,neither,0.15349718825482225,0.1886040155558855,0.6578987961892924
BIDET FROM ALSO MICHIGAN,neither,0.04054442234697751,0.31185534026124617,0.6476002373917764
PogChamp PogChamp PogChamp PogChamp,neither,0.03945320844208391,0.33037608806864915,0.630170703489267
NEW TABLE https://pbs.twimg.com/media/DCaGPB8UIAA8p6W.jpg:large,neither,0.04163915038927573,0.2766267865289179,0.6817340630818064
bidet from Vancouver,neither,0.04228451509352876,0.2823214250720796,0.6753940598343917
"yay, its up yall :D",neither,0.03009060352542869,0.4080355146882153,0.561873881786356
And here I was worried I'd be late,neither,0.0836474547779036,0.2631373056372846,0.6532152395848119
@iridescentdoll HeyGuys I'm from Salem Oregon :D,neither,0.04071751644889743,0.3089174816120565,0.6503650019390461
REFRESH,neither,0.03945320844208391,0.33037608806864915,0.630170703489267
No fan art!!! :(,neither,0.03859903775867853,0.3448735937738855,0.616527368467436
arts up,offensive_language,0.031680140546704795,0.5091262166492487,0.45919364280404645
gandsRyanHype gandsGnSBigsby,neither,0.03945320844208391,0.33037608806864915,0.630170703489267
why no,neither,0.019682187635171045,0.38732624423083184,0.5929915681339971
late!!,neither,0.03945320844208391,0.33037608806864915,0.630170703489267
we live THANKS MARISHA,neither,0.04212752297079338,0.3108783245110099,0.6469941525181967
Beep beep from the uk 🇬🇧,neither,0.039613273355342184,0.2892653269430044,0.6711213997016535
gandsSubHype,neither,0.03945320844208391,0.33037608806864915,0.630170703489267
REFRESH!,neither,0.03945320844208391,0.33037608806864915,0.630170703489267
be pleased,neither,0.04002562477733436,0.33516942876397554,0.6248049464586901
live yes,neither,0.0459847558150037,0.3281295894190618,0.6258856547659345
"Refresh, it's live y'all",neither,0.04418598797224244,0.39870470206699266,0.5571093099607649
chat speed make me Feeble Minded 0_o,neither,0.03398492801434661,0.3595050201214493,0.606510051864204
refresh,neither,0.03945320844208391,0.33037608806864915,0.630170703489267
Bidet all my friends wherever you may be tonight!,offensive_language,0.041939235922093865,0.49112626647927227,0.4669344975986339
Bidet from Michigan,neither,0.040769555981420263,0.3080342349327864,0.6511962090857933
bidet from missouri!,neither,0.04071751644889743,0.3089174816120565,0.6503650019390461
It's up!,neither,0.03047729369400715,0.4651098659401513,0.5044128403658414
"Bidet, from Nova Scotia",neither,0.04228451509352876,0.2823214250720796,0.6753940598343917
"FUN FACT: This is actually the 100th Canon Vox Machina story episode, episode 12 was Critical Rejects aka Vox Moronica",neither,0.04234313104015302,0.3236613288448803,0.6339955401149666
wooooo,neither,0.03945320844208391,0.33037608806864915,0.630170703489267
Here we go!,neither,0.13156755280784707,0.2765461283225309,0.5918863188696221
dammit twitter pics show they still have the lav mikes,neither,0.04701512531668011,0.3592986804012904,0.5936861942820294
"Whoa they are at the same table, all together",neither,0.05854599181971041,0.3587942554402214,0.5826597527400682
hey hoomans! While we get ready for crit role please RT to help find a missing twitch creator! https://twitter.com/ashleeeeean/status/875499496507035648,neither,0.038425008399615816,0.34479443403049015,0.616780557569894
HI EUGENE AND PORTLAND I FROM BEAVERTON,neither,0.03958649990212936,0.2882975001174648,0.6721159999804058
CR WILL START ABOUT 10 AFTER TODAY,neither,0.03825226222088891,0.31619025325527544,0.6455574845238355
awesome!,neither,0.03945320844208391,0.33037608806864915,0.630170703489267
Extra time to bidet.....,neither,0.04675433999518866,0.3502327355391657,0.6030129244656456
HEY,neither,0.03945320844208391,0.33037608806864915,0.630170703489267
gandsSubHype gandsSubHype gandsSubHype gandsSubHype gandsSubHype gandsSubHype gandsSubHype gandsSubHype gandsSubHype gandsSubHype gandsSubHype gandsSubHype gandsSubHype gandsSubHype gandsSubHype gandsSubHype gandsSubHype gandsSubHype gandsSubHype gandsSubHype gandsSubHype,neither,0.03945320844208391,0.33037608806864915,0.630170703489267
Pa Pa Pa Pa.... PANIC!!!,neither,0.03945320844208391,0.33037608806864915,0.630170703489267
yea,neither,0.03908133164861177,0.3366878077749653,0.624230860576423
bidet from alberta Canada,neither,0.040354386843928725,0.3150807387011266,0.6445648744549448
refresh,neither,0.03945320844208391,0.33037608806864915,0.630170703489267
theeeere we go,neither,0.04147345988742768,0.3436210257558678,0.6149055143567045
@lucasblackstone I really wanna see Travis play an intelligent character again,neither,0.0385629691344052,0.34548577245941225,0.6159512584061826
hey hoomans! While we get ready for crit role please RT to help find a missing twitch creator! https://twitter.com/ashleeeeean/status/875499496507035648,neither,0.038425008399615816,0.34479443403049015,0.616780557569894
#welknow,neither,0.03945320844208391,0.33037608806864915,0.630170703489267
refresh art is live,neither,0.050364617226166745,0.32662315423857885,0.6230122285352544
Please catch me up on last weeks episode?,neither,0.030601657907832102,0.40602321816713266,0.5633751239250352
hi @TheFruityKiwi,neither,0.03945320844208391,0.33037608806864915,0.630170703489267
"it's up, refresh",neither,0.03521391832526667,0.38794051302947463,0.5768455686452587
yay fanart... it's always so amazing,neither,0.036652221058386746,0.4191004637290838,0.5442473152125293
AND WE'RE RUNNING! :D,neither,0.06170608711130389,0.2516125810207522,0.686681331867944
WOOT!!,neither,0.03945320844208391,0.33037608806864915,0.630170703489267
beep beep from Utah,neither,0.04066490145509902,0.30981049537100724,0.6495246031738937
refresh it peop,neither,0.037828236809968684,0.3309349903269868,0.6312367728630445
bidet from San Diego!,neither,0.040446282760733435,0.31352102516371877,0.6460326920755478
finally fan art,neither,0.03945320844208391,0.33037608806864915,0.630170703489267
I see fan art,neither,0.03945320844208391,0.33037608806864915,0.630170703489267
Yea art is up!,neither,0.04460529407849223,0.38494167652809047,0.5704530293934174
#weallknow,neither,0.03945320844208391,0.33037608806864915,0.630170703489267
how did last one end i could stay awake for the end,neither,0.03509089996624208,0.3216919836067092,0.6432171164270488
hi portland and eugene from salem!,neither,0.03958649990212936,0.2882975001174648,0.6721159999804058
Bidet from Montana!! :D,neither,0.04078317879478948,0.307803020237201,0.6514138009680096
ok refreshing gave me the art lead-in!,neither,0.03322917665684007,0.3482436553615691,0.6185271679815909
Where is the fan art i cant see any I till see the schedule screen,neither,0.0436353666645596,0.2956455471153206,0.6607190862201198
I hear Overwatch?,neither,0.03945320844208391,0.33037608806864915,0.630170703489267
Bidet from Omaha,neither,0.04228451509352876,0.2823214250720796,0.6753940598343917
"Bidet from St Paul, Minnesota!",neither,0.040302718322746456,0.3159576883496847,0.6437395933275689
Bidet from NC!!!,neither,0.04066490145509902,0.30981049537100724,0.6495246031738937
#VECNAhype,neither,0.03945320844208391,0.33037608806864915,0.630170703489267
Bidet from Houston!,neither,0.040875471929787875,0.3062365648703896,0.6528879631998226
"YAY - Bidet from Vancouver, BC",neither,0.04055406810657141,0.3116916265475112,0.6477543053459175
Hello friends!,neither,0.03945320844208391,0.33037608806864915,0.630170703489267
whoooo,neither,0.03945320844208391,0.33037608806864915,0.630170703489267
Bidet form SWFL.,neither,0.03945320844208391,0.33037608806864915,0.630170703489267
bidet from Michigan,neither,0.040769555981420263,0.3080342349327864,0.6511962090857933
what do they mean this channel is offline!!?>>!??!!? no crit roll!?!?!,neither,0.05080657901186182,0.33647485941436167,0.6127185615737766
meep,neither,0.03945320844208391,0.33037608806864915,0.630170703489267
"Yay, liveness! Sorta!",neither,0.03945320844208391,0.33037608806864915,0.630170703489267
Refresh for Art,neither,0.03423199466188209,0.30429362477271343,0.6614743805654044
Bidet Everyone!,offensive_language,0.02988896790634741,0.4927062106388782,0.4774048214547744
Woo art!,neither,0.03945320844208391,0.33037608806864915,0.630170703489267
"aah, one day I want to get on this fanart gallery OTL",neither,0.041343356349019235,0.35292396535584025,0.6057326782951404
aaaart! wooh! Bidet from the Netherlands!,neither,0.0395975487247086,0.2929303761973238,0.6674720750779677
"Greetings and salutations, humans.",neither,0.03849532262610919,0.28064596753809684,0.680858709835794
EES POOOOIKE,neither,0.03945320844208391,0.33037608806864915,0.630170703489267
"5 minutes of pictures, 10 minutes of announcements and then we start!",neither,0.03889448908410446,0.3087697900017449,0.6523357209141505
?,neither,0.03945320844208391,0.33037608806864915,0.630170703489267
Yaaaas!,neither,0.03945320844208391,0.33037608806864915,0.630170703489267
Bidet from buffalo,neither,0.04069404815304118,0.30931579984010865,0.6499901520068502
bidet from Arizona! It's hot down here in Phoenix XD,neither,0.06974005834910492,0.2919535597115664,0.6383063819393288
yeah!!,offensive_language,0.013968601452186464,0.5182923869769311,0.4677390115708824
hey hoomans! While we get ready for crit role please RT to help find a missing twitch creator! https://twitter.com/ashleeeeean/status/875499496507035648,neither,0.038425008399615816,0.34479443403049015,0.616780557569894
"...crawls int the corner and sucks thumb, rocking ""it will come back,,,it will come back""",neither,0.037317065265089475,0.3085617790600523,0.6541211556748581
first,neither,0.02604892428726219,0.3349864360510187,0.6389646396617191
oh lookie theres art now. hi art,neither,0.042093278998019915,0.3047674042840633,0.6531393167179167
They're going to be sitting at the same table tonight! :D,neither,0.053211521522537275,0.3234208155254615,0.6233676629520012
yayaaa,neither,0.03945320844208391,0.33037608806864915,0.630170703489267
Geek and Sundry is showing offline?,neither,0.045963362753480536,0.29269719502299857,0.6613394422235209
bidet from Melbourne!,neither,0.04228451509352876,0.2823214250720796,0.6753940598343917
refresh,neither,0.03945320844208391,0.33037608806864915,0.630170703489267
bidet from san jose,neither,0.04043703551170087,0.3136779751131982,0.645884989375101
bidet from Vancouver canada,neither,0.04071751644889743,0.3089174816120565,0.6503650019390461
Late start tonight! Starting about 10 minutes after! Art is up!,neither,0.03965397770002718,0.3589212933183872,0.6014247289815856
how do I get rid of the turn on notifications,neither,0.037443510108868726,0.3341861342586458,0.6283703556324854
Got scared it wasnt happening for a moment there,neither,0.0339331602788326,0.3126253645465884,0.6534414751745791
ll,neither,0.03945320844208391,0.33037608806864915,0.630170703489267
yeah,offensive_language,0.013968601452186464,0.5182923869769311,0.4677390115708824
3 mins to go we hope,neither,0.09424339266234351,0.21396309646783765,0.6917935108698189
BIDET,neither,0.03945320844208391,0.33037608806864915,0.630170703489267
anyone going to supernova sydney tomorrow?,neither,0.0433814990691416,0.34929609567793574,0.6073224052529226
ps4 up?,neither,0.03629681079646492,0.39509620276730867,0.5686069864362263
bidet Denmark!!! :),neither,0.03945320844208391,0.33037608806864915,0.630170703489267
yey,neither,0.03945320844208391,0.33037608806864915,0.630170703489267
My body is ready!!,neither,0.03405984045513004,0.42505863100050806,0.540881528544362
Hi Everyoine!,neither,0.03945320844208391,0.33037608806864915,0.630170703489267
Bidet from Patron,neither,0.04071751644889743,0.3089174816120565,0.6503650019390461
REFRESH IF YOU DO NOT SEE FAN ART,neither,0.035259235865064645,0.4058070898998703,0.5589336742350651
All cast at the same table,neither,0.04008338820548787,0.398908129486691,0.5610084823078211
yay art!,neither,0.03945320844208391,0.33037608806864915,0.630170703489267
bidet from New Zealand,neither,0.046710622032705686,0.1542697019613409,0.7990196760059534
bidet all,offensive_language,0.046917543854519406,0.6277741405869331,0.3253083155585475
"I'm so scared of the Shadowfell, you guys.",neither,0.05676423656240657,0.4181854666082221,0.5250502968293714
I'm playing DnD RIGHT NOW,neither,0.038615839664908246,0.3467178367018686,0.614666323633223
OMG that table! so happy for them,neither,0.041261391048375014,0.3679714142984148,0.5907671946532101
Hi to everyone from Kansas,neither,0.040322389314585316,0.3990373307815357,0.560640279903879
And it is up,neither,0.04453944131634954,0.3431011984077507,0.6123593602758999
hey,neither,0.03945320844208391,0.33037608806864915,0.630170703489267
"Bidet from Buffalo, NY",neither,0.04043211762049359,0.3137614445616591,0.6458064378178473
Better late than never.,neither,0.03486621540413285,0.3803799331556056,0.5847538514402616
yay fanart time,neither,0.03806843090552206,0.35387937684549026,0.6080521922489877
Thank god I was so worried,neither,0.0388809339843763,0.38259255631030914,0.5785265097053146
NEW SETUP,neither,0.04341101089575549,0.23125336554662146,0.725335623557623
bidet,neither,0.03945320844208391,0.33037608806864915,0.630170703489267
Bidet and beep beep critters!,neither,0.03763944115734239,0.1918412352459551,0.7705193235967025
Bidet!,neither,0.03945320844208391,0.33037608806864915,0.630170703489267
Bidet from Maine!,neither,0.04069404815304118,0.30931579984010865,0.6499901520068502
Bidet from Orange Australia,neither,0.04039749100449293,0.314349148603457,0.6452533603920501
gandsSCANLAN,neither,0.03945320844208391,0.33037608806864915,0.630170703489267
Yay music and fan art,neither,0.03883304888306781,0.2996972407543433,0.6614697103625891
Bidet from Mid Michigan!,neither,0.04043750414436148,0.31367002119391385,0.6458924746617246
BIDET and hello from Colorado Springs,neither,0.03958461579800868,0.2888136846548018,0.6716016995471896
Bidet from straya,neither,0.04228451509352876,0.2823214250720796,0.6753940598343917
aaarrrttttt,neither,0.03945320844208391,0.33037608806864915,0.630170703489267
"Whew, thought I was late",neither,0.04299874742818088,0.21708245564518028,0.7399187969266389
gandsCrit,neither,0.03945320844208391,0.33037608806864915,0.630170703489267
"Bidet from Erie, PA",neither,0.04069404815304118,0.30931579984010865,0.6499901520068502
REFRESH! ART is up!,neither,0.043906135791190806,0.372982888581566,0.5831109756272432
"bidet from guelph, canada",neither,0.04071751644889743,0.3089174816120565,0.6503650019390461
AND SO IT BEGINS. Bidet everyone!,neither,0.0322820938837625,0.42289547863638266,0.5448224274798548
refresh folks,neither,0.03945320844208391,0.33037608806864915,0.630170703489267
I don't know how...I don't know why...but I'm certain that the internet will find a way to blame Marisha for all this.,neither,0.032718880629074396,0.3121332693708333,0.6551478500000922
bidet from buffalo ny,neither,0.04043211762049359,0.3137614445616591,0.6458064378178473
woo!,neither,0.03945320844208391,0.33037608806864915,0.630170703489267
Bidet from nor cal,neither,0.040408207780639874,0.31416725694368625,0.6454245352756738
Yay Art,neither,0.03945320844208391,0.33037608806864915,0.630170703489267
Bidet from Hillsboro OR,neither,0.04147775179570021,0.2960143037206597,0.66250794448364
Refresh if you do not see fan art!,neither,0.035259235865064645,0.4058070898998703,0.5589336742350651
bidet and beep beep from Kansas,neither,0.039674772959784124,0.26576846215513467,0.6945567648850811
whew! I made it! Hey everyone! How're ya'll doin' tonight?,offensive_language,0.03249962873421264,0.5117835094295319,0.45571686183625537
we are underway,neither,0.10919184720806327,0.2383917025513002,0.6524164502406365
bidet from the OK!,neither,0.0395817642342062,0.28176558341017327,0.6786526523556206
beep beep!,neither,0.03945320844208391,0.33037608806864915,0.630170703489267
Whew!,neither,0.03945320844208391,0.33037608806864915,0.630170703489267
Bidet,neither,0.03945320844208391,0.33037608806864915,0.630170703489267
and we're playing the feud!,neither,0.05324723375376149,0.2623938377026972,0.6843589285435414
"Bidet from Opp, Alabama, I got my bag of pork rinds and a coke and i'm ready to go.",neither,0.0375529608419615,0.3211187069737539,0.6413283321842848
yay!,neither,0.03945320844208391,0.33037608806864915,0.630170703489267
Bidet from the UK,neither,0.039613273355342184,0.2892653269430044,0.6711213997016535
Yay!,neither,0.03945320844208391,0.33037608806864915,0.630170703489267
bidet,neither,0.03945320844208391,0.33037608806864915,0.630170703489267
We have art... and opening music... it's THURSDAY!,neither,0.03747049486246156,0.3108379119335464,0.651691593203992
Bidet from Central Florida!!!,neither,0.04046104702925519,0.31327043699523416,0.6462685159755107
gandsDrink gandsTrinketArmor gandsDrink gandsTrinketArmor,neither,0.03945320844208391,0.33037608806864915,0.630170703489267
woot! at least I have the artwork!,neither,0.03752714367355055,0.3447414898438476,0.6177313664826019
Bidet from Mount Pleasant Michigan!,neither,0.040210581204726974,0.3175214957011922,0.642267923094081
Woo,neither,0.03945320844208391,0.33037608806864915,0.630170703489267
@GaeaCa 10pm PST or EST?,neither,0.03945320844208391,0.33037608806864915,0.630170703489267
Refresh. We're live!,neither,0.06168852136608462,0.3046498588310336,0.6336616198028818
hey hoomans! While we get ready for crit role please RT to help find a missing twitch creator! Not seen since the Twitch mixer last night at #E3 she is a critter so lets find her! https://twitter.com/ashleeeeean/status/875499496507035648,neither,0.036055337130041124,0.42739914573079535,0.5365455171391635
BIDET!,neither,0.03945320844208391,0.33037608806864915,0.630170703489267
Bidet from Northern IA,neither,0.04062582848913359,0.31047366557575606,0.6489005059351104
Bidet from Oklahoma,neither,0.04066490145509902,0.30981049537100724,0.6495246031738937
Bidet from Toronto!,neither,0.04066490145509902,0.30981049537100724,0.6495246031738937
YAY!,neither,0.03945320844208391,0.33037608806864915,0.630170703489267
Bidet from RVA!,neither,0.04228451509352876,0.2823214250720796,0.6753940598343917
Hot damn that Victor though,offensive_language,0.04118500893721933,0.7607105571659453,0.19810443389683552
"I'm on the iPad twitch app, G&S still showing offline after restarting...",neither,0.036561767367628485,0.33794851762544975,0.6254897150069219
bidet from Abby BC Canada!,neither,0.04028833044501131,0.31620188818421874,0.6435097813707699
Bidet from CO!,neither,0.04181741232017598,0.2902493781769742,0.6679332095028498
Woo! here we go,neither,0.08788874066493838,0.298919475072031,0.6131917842630307
Bidet from Cali!!,neither,0.04079557052152802,0.30759270029461827,0.6516117291838538
Wait how are some people seeing a table already,neither,0.07367454109773484,0.31783705441208304,0.608488404490182
"bidet, I live in KY watching in VA, hotel",neither,0.04221168101390849,0.3294273228597768,0.6283609961263147
"hey, music is up",neither,0.045704161558750324,0.3893124249133863,0.5649834135278633
bidet from South Dakota,neither,0.04041079298828133,0.31412337922315653,0.6454658277885622
bidet,neither,0.03945320844208391,0.33037608806864915,0.630170703489267
<|º_º|> <- Doty,neither,0.03945320844208391,0.33037608806864915,0.630170703489267
bidet from idaho! :D,neither,0.04066490145509902,0.30981049537100724,0.6495246031738937
bidet!,neither,0.03945320844208391,0.33037608806864915,0.630170703489267
Bidet from Philly!,neither,0.040769555981420263,0.3080342349327864,0.6511962090857933
Bidet from Titletown Green Bay Wisconsin,neither,0.04116477324557265,0.2955907369773407,0.6632444897770868
gandsApplaud gandsApplaud gandsApplaud gandsApplaud,neither,0.03945320844208391,0.33037608806864915,0.630170703489267
refresh,neither,0.03945320844208391,0.33037608806864915,0.630170703489267
Bidet from Houston!,neither,0.040875471929787875,0.3062365648703896,0.6528879631998226
Live!,neither,0.04891340716200846,0.3271222919257548,0.6239643009122369
gandsSubHype gandsSubHype gandsSubHype gandsSubHype gandsSubHype gandsSubHype gandsSubHype gandsSubHype,neither,0.03945320844208391,0.33037608806864915,0.630170703489267
Bidet from San Antonio Texas!,neither,0.04031505647017286,0.3157482777878597,0.6439366657419674
Bidet!,neither,0.03945320844208391,0.33037608806864915,0.630170703489267
bidet from Indianapolis Indiana,neither,0.04039476597904064,0.31439539939713196,0.6452098346238274
Bidet from Seattle. All systems go,neither,0.044229417150888815,0.39551743793883676,0.5602531449102744
There we are!,neither,0.08607954336065433,0.20195040804986608,0.7119700485894797
hey hoomans! While we get ready for crit role please RT to help find a missing twitch creator! Not seen since the Twitch mixer last night at #E3 she is a critter so lets find her! https://twitter.com/ashleeeeean/status/875499496507035648,neither,0.036055337130041124,0.42739914573079535,0.5365455171391635
Whew fan art,neither,0.03945320844208391,0.33037608806864915,0.630170703489267
"Bidet from Melbourne! Aussie Critters, whisper @DrunkenStuntMonkey for an Aussie Critters chat!",neither,0.035460193028026624,0.2863299348731215,0.6782098720988519
bidet!,neither,0.03945320844208391,0.33037608806864915,0.630170703489267
Bidet from Vermont!,neither,0.04228451509352876,0.2823214250720796,0.6753940598343917
Bidet from Syracuse!!! 🤘🤘🤘,neither,0.04228451509352876,0.2823214250720796,0.6753940598343917
Beep Beep from Oregon!,neither,0.04071751644889743,0.3089174816120565,0.6503650019390461
Yay,neither,0.03945320844208391,0.33037608806864915,0.630170703489267
I live in uk and i stay up every thursday at 3am to watch this lol,neither,0.04136565354420178,0.376667790518981,0.5819665559368172
Bidet from Minnesota! Just got of work and am racing home!,neither,0.035781575830752824,0.33489781190114387,0.6293206122681034
Bidet from Missoula Montana,neither,0.04078317879478948,0.307803020237201,0.6514138009680096
GINGERHAZING IN THE CHAT!,neither,0.03831145552551962,0.3093391937240226,0.6523493507504577
wru,neither,0.03945320844208391,0.33037608806864915,0.630170703489267
how come it hasnt started?,neither,0.03599951071752581,0.3624953577288329,0.6015051315536413
Bidet!,neither,0.03945320844208391,0.33037608806864915,0.630170703489267
"It's the duck that saves the day, everyday.",neither,0.03487684651320915,0.32727054390876426,0.6378526095780266
holy hell are we in sub mode yettttt,offensive_language,0.05904404051305994,0.5981219656640501,0.34283399382289004
"It's storming like a *** here, but bidet!",neither,0.1569699861129849,0.29825659979818664,0.5447734140888286
Thank goodness!,neither,0.03901970068836411,0.3377338460143572,0.6232464532972787
gandsSubHype gandsSubHype gandsSubHype gandsSubHype gandsSubHype,neither,0.03945320844208391,0.33037608806864915,0.630170703489267
that one of mercer was cool,neither,0.03372640338187892,0.42003692300565454,0.5462366736124664
Bidet from Ms!,neither,0.040769555981420263,0.3080342349327864,0.6511962090857933
"Woot, stream's up",neither,0.03722964287684139,0.37488565470839613,0.5878847024147624
"My husband just heard the fan art music and was like ""oh it is thursday isn't it?"" lol",neither,0.03559060192717157,0.36536301512602104,0.5990463829468073
"Bidet everyone, been reading rat queens while waiting for the show to start :)",neither,0.04312679660013846,0.32371161838716184,0.6331615850126997
IT'S ALIVE~,neither,0.03742755396072793,0.3310728035323942,0.6314996425068778
bidet from honolulu!,neither,0.04228451509352876,0.2823214250720796,0.6753940598343917
Bidet from the UK,neither,0.039613273355342184,0.2892653269430044,0.6711213997016535
@Miraclesnow it will start at 10 after,neither,0.03868580134724247,0.3308497131274153,0.6304644855253423
Bidet from the Rio Grande Valley!,neither,0.03954333664380708,0.30611111272579583,0.6543455506303971
geekandsundry is online. RevloBot is now tracking loyalty.,neither,0.05157974116510514,0.3262052173957376,0.6222150414391574
Bidet from Vienna Austria,neither,0.04062582848913359,0.31047366557575606,0.6489005059351104
yay!,neither,0.03945320844208391,0.33037608806864915,0.630170703489267
bidet from Arizona!,neither,0.04078317879478948,0.307803020237201,0.6514138009680096
gandsSubHype,neither,0.03945320844208391,0.33037608806864915,0.630170703489267
looks like they're working with a different set up according to Travis on twitter,neither,0.04754980513472575,0.44376390674808613,0.5086862881171881
Bidet from Virginia!!,neither,0.04079557052152802,0.30759270029461827,0.6516117291838538
Good Morning from Austria Europe,neither,0.047113903593888,0.1884587531496598,0.7644273432564522
eyyy im not late!!,neither,0.03674957690095229,0.3777864119760645,0.5854640111229832
Bidet from Lubbock Texas!,neither,0.040937266849991,0.30518774380265185,0.6538749893473571
bidet,neither,0.03945320844208391,0.33037608806864915,0.630170703489267
"bidet from Blue Springs MO, I was worried for a second when it was showing offline",neither,0.03092529768822768,0.3325852136676652,0.6364894886441071
Bidet from Seattle!,neither,0.040754399270683486,0.3082914838698526,0.650954116859464
Bidet from Grand Rapids Michigan. I see a bunch of other Michiganders,neither,0.04205421657224521,0.41411668610337093,0.5438290973243839
"The stars at night, are big and bright... [clap clap clapclap]",neither,0.03560583250362882,0.32376961443291236,0.6406245530634589
Actually watching CR live= ascended DansGame gandsSCANLAN,neither,0.04321129389772609,0.32908351015118087,0.6277051959510931
Hype!,neither,0.03945320844208391,0.33037608806864915,0.630170703489267
i love that duck,neither,0.03155232530557344,0.397446333830326,0.5710013408641005
Bidet from FL,neither,0.04066490145509902,0.30981049537100724,0.6495246031738937
"Bidet from Texas, y'all!",neither,0.04359220329948612,0.4041574955162046,0.5522503011843093
Crit roll is totally worth the wait,neither,0.045182857667291916,0.3151948611808788,0.6396222811518294
"Good morning guys. I know I'll regret watching this live as it's 4am, I had 4 hours of sleep and a russian-test coming up later.",neither,0.04150265967048659,0.28905081522090537,0.669446525108608
@gallow42 try again I'm on iPad app as well and it's up,neither,0.0318087092624466,0.39111858059794974,0.5770727101396037
BIDET from LAX,neither,0.04066490145509902,0.30981049537100724,0.6495246031738937
Bidet!,neither,0.03945320844208391,0.33037608806864915,0.630170703489267
gandsSubHype,neither,0.03945320844208391,0.33037608806864915,0.630170703489267
!wallet,neither,0.03945320844208391,0.33037608806864915,0.630170703489267
"Bidet from Omaha, Nebraska!",neither,0.04062582848913359,0.31047366557575606,0.6489005059351104
bidet from Vancouver Canada,neither,0.04071751644889743,0.3089174816120565,0.6503650019390461
Bidet from Scotland :D,neither,0.04062582848913359,0.31047366557575606,0.6489005059351104
Bidet from Richmond CA gandsSubHype gandsSubHype gandsSubHype,neither,0.04084513770590474,0.30675141581570226,0.6524034464783931
REFRESH IF YOU DO NOT SEE FAN ART,neither,0.035259235865064645,0.4058070898998703,0.5589336742350651
bidet from seattle,neither,0.040754399270683486,0.3082914838698526,0.650954116859464
Bidet from the Bay,neither,0.03960389069642851,0.29144428978213127,0.6689518195214403
hey hoomans! While we get ready for crit role please RT to help find a missing twitch creator! Not seen since the Twitch mixer last night at #E3 she is a critter so lets find her! https://twitter.com/ashleeeeean/status/875499496507035648,neither,0.036055337130041124,0.42739914573079535,0.5365455171391635
yessssss,neither,0.03945320844208391,0.33037608806864915,0.630170703489267
"Bidet from Quincy, MA",neither,0.031816597323666866,0.4599893087150652,0.5081940939612679
Bidet all you lovely Critters! gandsSCANLAN with <3 from Toronto feliciaToronto,neither,0.04425862952833914,0.4560949677483197,0.49964640272334115
BEEP PEEP AND FUCKING BIDET,offensive_language,0.11620855155651325,0.8833262200790557,0.00046522836443117457
B'Day mate from Perth Australia,neither,0.04072463243210585,0.3035995753675601,0.6556757922003341
Bidet!,neither,0.03945320844208391,0.33037608806864915,0.630170703489267
bidet from New Jersey,neither,0.04458029923653559,0.209841401288464,0.7455782994750004
gandsSCANLAN gandsGandsPoo gandsLessthanthree,neither,0.03945320844208391,0.33037608806864915,0.630170703489267
bidet from Wisconsin,neither,0.04071751644889743,0.3089174816120565,0.6503650019390461
SHOW WILL START SHORTLY,neither,0.06234672329790652,0.2051688905676784,0.7324843861344151
"Bidet from DC, the nations capital!",neither,0.03954277866011917,0.30625159117756,0.6542056301623209
Jojo?,neither,0.03945320844208391,0.33037608806864915,0.630170703489267
bidet!,neither,0.03945320844208391,0.33037608806864915,0.630170703489267
Beep Beep from Kentucky,neither,0.04071751644889743,0.3089174816120565,0.6503650019390461
So glad I didn't miss it.,neither,0.020619955188773527,0.41843378654514424,0.5609462582660822
bidet from Dallas gandsCrit gandsCrit gandsCrit,neither,0.04081748366884477,0.3072207769958956,0.6519617393352596
Bidet from Ohio,neither,0.040754399270683486,0.3082914838698526,0.650954116859464
Bidet from Texas,neither,0.040937266849991,0.30518774380265185,0.6538749893473571
b-mutha-fucking-det,offensive_language,0.10931046473834678,0.8903189145228464,0.00037062073880679563
yes,neither,0.03945320844208391,0.33037608806864915,0.630170703489267
bidet from Utah,neither,0.04066490145509902,0.30981049537100724,0.6495246031738937
@mangle81 I love Nimona and Lumberjanes and Party Thranduil :),neither,0.034690955327353674,0.25613192801325546,0.7091771166593909
Beep beep,neither,0.03945320844208391,0.33037608806864915,0.630170703489267
And another bidet from GR MI,neither,0.0946942016753451,0.19750615183440154,0.7077996464902533
hey hoomans! While we get ready for crit role please RT to help find a missing twitch creator! Not seen since the Twitch mixer last night at #E3 she is a critter so lets find her! https://twitter.com/ashleeeeean/status/875499496507035648,neither,0.036055337130041124,0.42739914573079535,0.5365455171391635
Stando powah,neither,0.03945320844208391,0.33037608806864915,0.630170703489267
wow that 100 episode art,neither,0.03646979148910934,0.36269127046672495,0.6008389380441658
Bidet from Anchorage Alaska!,neither,0.04066490145509902,0.30981049537100724,0.6495246031738937
bidet from Wisconsin,neither,0.04071751644889743,0.3089174816120565,0.6503650019390461
nice... a subscriber now... Bidet from CA,neither,0.04051674893559753,0.312325030274213,0.6471582207901894
Bidet from Massachusetts,neither,0.04069404815304118,0.30931579984010865,0.6499901520068502
bidet from tejas,neither,0.04228451509352876,0.2823214250720796,0.6753940598343917
Bidet from Boston,neither,0.040769555981420263,0.3080342349327864,0.6511962090857933
pre stream art gallery started. if not showing re open stream.,neither,0.03685675175759024,0.3440156826789942,0.6191275655634155
Beep Beep from the Iron City of Dis,neither,0.039561067661419876,0.30170072691709715,0.6587382054214831
Bidet from Portugal! gandsSCANLAN gandsSCANLAN gandsSCANLAN,neither,0.04062582848913359,0.31047366557575606,0.6489005059351104
beep beep from phoenix!!,neither,0.04066490145509902,0.30981049537100724,0.6495246031738937
gandsTrinket,neither,0.03945320844208391,0.33037608806864915,0.630170703489267
Engaging panic mode,neither,0.03945320844208391,0.33037608806864915,0.630170703489267
#DontCritTheBaby,neither,0.03945320844208391,0.33037608806864915,0.630170703489267
refresh is an awesome function,neither,0.04559113617381791,0.32442427267157586,0.6299845911546061
http://www.strawpoll.me/13202162/,neither,0.028867018382032292,0.2530144172559002,0.7181185643620676
beep beep from burbank,neither,0.04228451509352876,0.2823214250720796,0.6753940598343917
"bidet and beep beep from Chico, Ca",neither,0.03969836669407151,0.2602108136104941,0.7000908196954344
Bidet from NYC,neither,0.04081748366884477,0.3072207769958956,0.6519617393352596
bidet from Utah,neither,0.04066490145509902,0.30981049537100724,0.6495246031738937
Hello,neither,0.03945320844208391,0.33037608806864915,0.630170703489267
Bidet from Colorado Springs KappaPride,neither,0.040334677536117594,0.315415257091876,0.6442500653720065
ahhhh I can see clearly noow....the rain is goone,neither,0.044855171092196604,0.3131350212340825,0.642009807673721
bidet from louisiana,neither,0.04062582848913359,0.31047366557575606,0.6489005059351104
Bidet from Detroit!,neither,0.04080695066346891,0.3073995495860776,0.6517934997504536
ok thats better. had to go to web browser n open the site . then click the app bottom weird,neither,0.04530351355912945,0.31410576858232314,0.6405907178585475
Lotta people for an offline channel,neither,0.05673421337127664,0.29916889950084297,0.6440968871278804
here we goooooo,neither,0.15579607761817918,0.2572279575342963,0.5869759648475245
I can't wait. Take down the reborn lady!,neither,0.038861361680091286,0.310585111640162,0.6505535266797468
Bidet and Beep Beep from Colorado. #MileHighCritters,neither,0.039665017157423446,0.26811748049299106,0.6922175023495856
hello to all critters from us in Texas,neither,0.08887235239731975,0.36453848579521464,0.5465891618074656
"Bidet from Burlington, VT",neither,0.04228451509352876,0.2823214250720796,0.6753940598343917
"beep beep from Knoxville, TN",neither,0.04037273474496936,0.3147693269362608,0.6448579383187697
Welcomes back long time viewers and resubs! <3,neither,0.03766962218127004,0.3112981380618786,0.6510322397568514
Thanks GaeaCa :),neither,0.035884468650613,0.3004919205142699,0.6636236108351171
Bidet from El Paso,neither,0.04080695066346891,0.3073995495860776,0.6517934997504536
"bidet from the mighty metropolis of Mt. Sterling, KY!!!",neither,0.03953111876092469,0.30921164948000157,0.6512572317590738
