text,top_class,hate_speech,offensive_language,neither
"to all the Aussies, gday from japan, im making milo macarons lads XD for my wives friends",neither,0.033501308526874954,0.38729609458390596,0.579202596889219
Welcomes new viewers and subs! <3,neither,0.04156201242189766,0.22804038471241672,0.7303976028656857
hello my friends!,neither,0.027092414902365258,0.4278931443005694,0.5450144407970652
Willingham just tweeted their all at the same table finally,neither,0.03670495588293888,0.40634302079640766,0.5569520233206534
"SHOW WILL START SHORTLY, audio adjustments",neither,0.054541053720787463,0.24214092374287413,0.7033180225363383
"Its another Thursday night Critters, lets get ready to roll for initiative!",neither,0.0516583104624041,0.2846639581376518,0.663677731399944
yay they're late! i didnt miss anything <3,neither,0.04569332422915768,0.3122770970064536,0.6420295787643887
"Bidet from Düsseldorf, Germany staiyHerz",neither,0.04069404815304118,0.30931579984010865,0.6499901520068502
i sure hope the audio adjustments are switching back to the old mics...,neither,0.09169132835826586,0.2849769291527494,0.6233317424889847
just saw the tweets about them being at the same table!! so excited for them!!!,neither,0.04270247448698478,0.36885619334238073,0.5884413321706344
gandsSubHype gandsSubHype gandsSubHype gandsSubHype gandsSubHype,neither,0.03945320844208391,0.33037608806864915,0.630170703489267
REFRESH AND CLICK ON THE LIVE FEED BUTTON!!! WERE ON!!!,neither,0.037963324647798974,0.30149577853132725,0.6605408968208738
hello from tulsa!,neither,0.040875471929787875,0.3062365648703896,0.6528879631998226
bidet from texas,neither,0.040937266849991,0.30518774380265185,0.6538749893473571
Art is so good,neither,0.0478596755548029,0.3779213214310069,0.5742190030141903
what we are still loading,neither,0.09240862370508152,0.2821397655961761,0.6254516106987426
I love seeing artwork that has Matt in it in some way,neither,0.029030050971953325,0.3751436085651972,0.5958263404628494
Veknerrrr,neither,0.03945320844208391,0.33037608806864915,0.630170703489267
deathknight Pike,neither,0.03945320844208391,0.33037608806864915,0.630170703489267
Bidet from Queensland Australia,neither,0.04062582848913359,0.31047366557575606,0.6489005059351104
"@vapor101 I was just in Ottawa... I wore my Gilmore's Glorious Goods T-Shirt all over town waiting for someone to say ""Bidet!"" :D",neither,0.030084256147141004,0.4062728530952277,0.5636428907576312
omg I'm happy crying at Travis's tweet,neither,0.03887824128573077,0.34789667261180574,0.6132250861024635
"first time watching live, finally caught up lol",neither,0.029551733303784643,0.42277114592656717,0.5476771207696481
hey hoomans! While we get ready for crit role please RT to help find a missing twitch creator! Not seen since the Twitch mixer last night at #E3 she is a critter so lets find her! https://twitter.com/ashleeeeean/status/875499496507035648,neither,0.036055337130041124,0.42739914573079535,0.5365455171391635
Bidet,neither,0.03945320844208391,0.33037608806864915,0.630170703489267
nope ur good,neither,0.06837691300677484,0.32042789975495184,0.6111951872382734
Beep Beep,neither,0.03945320844208391,0.33037608806864915,0.630170703489267
man i would love a Vox Machina movie made by pixar,neither,0.03964828303493285,0.40650059174949765,0.5538511252155696
its a new set and audio set up everyone so don't worry the are working out some kinks but we will see a great episode tonight no worries,neither,0.03472435882954107,0.3291756983228016,0.6360999428476574
My Internet is being stupid gandsFail,neither,0.11933606821192212,0.3197798378977276,0.5608840938903503
gandsMatt gandsMatt,neither,0.03945320844208391,0.33037608806864915,0.630170703489267
"Bidet from Fairview TN, beep beep!",neither,0.040769555981420263,0.3080342349327864,0.6511962090857933
I need these tarot cards,neither,0.05089623627540836,0.4214944805776768,0.5276092831469149
gandsSCANLAN gandsSCANLAN gandsSCANLAN gandsDrink gandsDrink gandsDrink,neither,0.03945320844208391,0.33037608806864915,0.630170703489267
do they keep stats on how many times they started on time?,neither,0.036264126640475014,0.3575309217738465,0.6062049515856784
Somebody redid Matt's Dragons pic with Buddy the Beholder!?!?,neither,0.02990743974505909,0.38133882936524977,0.5887537308896912
has it started yet?,neither,0.03835165097085306,0.32355061781166217,0.6380977312174848
REFRESH IF YOU DO NOT SEE FAN ART,neither,0.035259235865064645,0.4058070898998703,0.5589336742350651
Thank you moderators for letting us know why the delay is happening. Props to you guys who make the show work behind the scenes!,neither,0.07830549750928824,0.3284159243369911,0.5932785781537208
are they going Matt Colville style streaming? his rig was legit.,neither,0.06715777322040306,0.32244271777391,0.6103995090056871
had to flush my DNS im glad we started late,neither,0.034146900783734654,0.42088137566536094,0.5449717235509044
!schedule,neither,0.03945320844208391,0.33037608806864915,0.630170703489267
Current Schedule: (Last updated April 17th 2017): http://i.imgur.com/Ao7xLx6.jpg (All times Pacific). - New Schedule: (starts July 5th 2017): http://bit.ly/GnS_Schedule_July2017,neither,0.038498022413302906,0.24326336867428971,0.7182386089124074
Angery reacc only,neither,0.03945320844208391,0.33037608806864915,0.630170703489267
"Bidet from Madison, WI",neither,0.040402255548430084,0.3142682818583747,0.6453294625931952
bidet from Jackson MS,neither,0.04042374769943318,0.3139035039658076,0.6456727483347593
Tiberius...,neither,0.03945320844208391,0.33037608806864915,0.630170703489267
REFRESH IF YOU DO NOT SEE FAN ART,neither,0.035259235865064645,0.4058070898998703,0.5589336742350651
moon2MLADY,neither,0.03945320844208391,0.33037608806864915,0.630170703489267
gandsMatt !,neither,0.03945320844208391,0.33037608806864915,0.630170703489267
How can you stop buffering???,offensive_language,0.06958353797688492,0.540866020676559,0.38955044134655603
@fullwoolyjacket Nice,neither,0.03945320844208391,0.33037608806864915,0.630170703489267
gandsSubHype Intesnifies!!! gandsSubHype gandsSubHype gandsSubHype,neither,0.03945320844208391,0.33037608806864915,0.630170703489267
dat warping sound though,neither,0.03945320844208391,0.33037608806864915,0.630170703489267
Very late bidet?,neither,0.03945320844208391,0.33037608806864915,0.630170703489267
WOO,neither,0.03945320844208391,0.33037608806864915,0.630170703489267
So how's Denise's replacement workin' out for ya... good? *cough*,offensive_language,0.025043941091629666,0.4948559916447472,0.48010006726362314
woot,neither,0.03945320844208391,0.33037608806864915,0.630170703489267
"MERCER, YOU BEAUTIFUL BASTARD!!!(i just lurv ya'll so much gandsLessthanthree )",offensive_language,0.0320055262555112,0.6202957370870009,0.34769873665748796
Hopefully the audio is better than trial run lapel mics from #100,neither,0.04388577058008736,0.3134106173207098,0.6427036120992028
IS UP!,neither,0.053823407769846156,0.4564160934029835,0.48976049882717027
FIX AUDIO,neither,0.03945320844208391,0.33037608806864915,0.630170703489267
I just hope that they dont have spotlights on them again,neither,0.07171676745891142,0.32224877671098623,0.6060344558301024
woot woot,neither,0.03945320844208391,0.33037608806864915,0.630170703489267
Audio only in right ear,neither,0.03870029117434614,0.3450721235970821,0.6162275852285718
weeeeeee,neither,0.03945320844208391,0.33037608806864915,0.630170703489267
I hope everyone enjoys the show tonight gandsLessthanthree @Chat,neither,0.07458476412026092,0.23534932989469062,0.6900659059850485
auddiioo,neither,0.03945320844208391,0.33037608806864915,0.630170703489267
sound is only in one ear,neither,0.045927754116968124,0.3562105319269256,0.5978617139561062
It's ON!!!,neither,0.029359548185187243,0.36677741506693295,0.6038630367478798
MY RIGHT EAR,neither,0.026379570677610487,0.44608803241123085,0.5275323969111586
AYYYYY,neither,0.03945320844208391,0.33037608806864915,0.630170703489267
Hello!,neither,0.03945320844208391,0.33037608806864915,0.630170703489267
got my thred just in time,offensive_language,0.019449199156658038,0.5412999641908933,0.43925083665244863
My left ear! ^.^,neither,0.027808689797404643,0.42149419634477586,0.5506971138578194
sound?,neither,0.03945320844208391,0.33037608806864915,0.630170703489267
audio right ear only?,neither,0.03868477729879784,0.3453744810599011,0.6159407416413011
Audio broken :(,neither,0.03945320844208391,0.33037608806864915,0.630170703489267
WOOOOOOOOO Herro!,neither,0.03945320844208391,0.33037608806864915,0.630170703489267
YASSSSSS,neither,0.03945320844208391,0.33037608806864915,0.630170703489267
my right ear is really feeling it,neither,0.033707861979183865,0.4140310555960618,0.5522610824247544
My right ear loved Mat!,neither,0.03068457530606647,0.4047878158074035,0.5645276088865301
right ear,neither,0.03830291264191924,0.3528117070271776,0.6088853803309031
gandsMatt gandsMatt gandsMatt,neither,0.03945320844208391,0.33037608806864915,0.630170703489267
my right ear loves matt,neither,0.0301121525221357,0.41009036561349144,0.5597974818643727
I'm seeing a good amount of people from San Jose. I used to live there and I wish I had known Critical Role back then!,neither,0.05645178383280098,0.28443992676967317,0.659108289397526
SAME TABLE,neither,0.04053934360774032,0.3402716444537456,0.6191890119385141
Right audio only,neither,0.038514652523793706,0.34868903426071324,0.6127963132154931
"I""M DEAF",neither,0.03945320844208391,0.33037608806864915,0.630170703489267
I'm deaf in my left ear,neither,0.03031902749431026,0.3998567181178304,0.5698242543878593
fix adio,neither,0.03945320844208391,0.33037608806864915,0.630170703489267
WOO,neither,0.03945320844208391,0.33037608806864915,0.630170703489267
gandsCrit gandsCrit gandsCrit gandsCrit gandsCrit gandsCrit gandsCrit gandsCrit,neither,0.03945320844208391,0.33037608806864915,0.630170703489267
AUDIO,neither,0.03945320844208391,0.33037608806864915,0.630170703489267
wooo,neither,0.03945320844208391,0.33037608806864915,0.630170703489267
now in mono!,neither,0.03945320844208391,0.33037608806864915,0.630170703489267
my right ear enjoys this,neither,0.02682997092689826,0.44236653083913363,0.5308034982339682
My Left Headphone Is lonely,neither,0.03424647149328881,0.42169254045133386,0.5440609880553774
WOOOOOOOOOOO,neither,0.03945320844208391,0.33037608806864915,0.630170703489267
it's SHOWTIME!!!!!,neither,0.037828236809968684,0.3309349903269868,0.6312367728630445
MY RIGHT EAR LOVES IT,neither,0.02768672071145407,0.42419116278382396,0.548122116504722
Right ear says hi,neither,0.03862838901201856,0.346473317935884,0.6148982930520974
ALLLO!!!!,neither,0.03945320844208391,0.33037608806864915,0.630170703489267
"Holy carp, is that a new set?",neither,0.0473208524234084,0.2802173754422214,0.6724617721343702
SAME TABLE HYPE,neither,0.0402875243100973,0.33798079833349265,0.6217316773564101
my right ear is enjoying this audio,neither,0.03549252226197698,0.4005423242216986,0.5639651535163244
Right ear only wooo,neither,0.03841676929951884,0.3505952222079567,0.6109880084925244
on,neither,0.02983740057173753,0.3797445071048369,0.5904180923234256
WOOOO,neither,0.03945320844208391,0.33037608806864915,0.630170703489267
right audio only,neither,0.038514652523793706,0.34868903426071324,0.6127963132154931
Right audio only,neither,0.038514652523793706,0.34868903426071324,0.6127963132154931
Single ear audio,neither,0.03945320844208391,0.33037608806864915,0.630170703489267
FIX AUDIO,neither,0.03945320844208391,0.33037608806864915,0.630170703489267
AUDIO IS RIGHT SIDE ONLY,neither,0.04051258847717899,0.3754736741454219,0.5840137373773991
Mercer Kreygasm,neither,0.03945320844208391,0.33037608806864915,0.630170703489267
gandsMatt gandsMatt gandsMatt gandsMatt,neither,0.03945320844208391,0.33037608806864915,0.630170703489267
audio only in right ear babes,neither,0.03880414738341114,0.3430475773543635,0.6181482752622255
WOoot!!!!,neither,0.03945320844208391,0.33037608806864915,0.630170703489267
#nosound,neither,0.03945320844208391,0.33037608806864915,0.630170703489267
Audio pls,neither,0.03945320844208391,0.33037608806864915,0.630170703489267
my audio is only in the right,neither,0.033822220032423564,0.40250329058020223,0.5636744893873742
at the same table!? YAY!!!,neither,0.03870291720740762,0.34324889026637845,0.6180481925262139
YAY,neither,0.03945320844208391,0.33037608806864915,0.630170703489267
MY RIGHT EAR IS ENJOYING THIS,neither,0.03466398249939779,0.4154764516828849,0.5498595658177172
#WeKnow,neither,0.03945320844208391,0.33037608806864915,0.630170703489267
And have significant technical issues;),neither,0.038304119024413094,0.30289296219489537,0.6588029187806915
At the same table!!,neither,0.03849971481844005,0.3467347210066864,0.6147655641748736
I've only got right channel,neither,0.01884007134556681,0.3670883071168158,0.6140716215376174
right ear only,neither,0.03841676929951884,0.3505952222079567,0.6109880084925244
I'M DEAF IN ONE EAR,neither,0.03868839113852743,0.35848434167409793,0.6028272671873747
only in right ear,neither,0.03845397401803002,0.3498707672544386,0.6116752587275315
wooo,neither,0.03945320844208391,0.33037608806864915,0.630170703489267
"i just want to say, I love you all",offensive_language,0.06280119951442867,0.5288473412143412,0.40835145927123007
gandsMatt,neither,0.03945320844208391,0.33037608806864915,0.630170703489267
audio in right only,neither,0.038542533499261324,0.3481459618524132,0.6133115046483255
My right ear is super enjoying this KappaPride,neither,0.03515840246302371,0.4065530980848667,0.5582884994521096
woo woot! get hype stay hype!,neither,0.03917257577068661,0.3351391568951722,0.6256882673341413
"Mono audio, I'm sure you guys know",neither,0.04536243047489444,0.4612176308037261,0.49341993872137935
woo,neither,0.03945320844208391,0.33037608806864915,0.630170703489267
It's Showtime!,neither,0.037828236809968684,0.3309349903269868,0.6312367728630445
My god theyre underwater!,neither,0.02795368076254648,0.42021135540585836,0.5518349638315951
:) YAY,neither,0.03945320844208391,0.33037608806864915,0.630170703489267
my left ear is lonely,neither,0.035326905256161154,0.4023400265489463,0.5623330681948925
Mercer is massasing my right ear right now,neither,0.03415893313691995,0.42581929089019216,0.5400217759728878
Audio only in right ear,neither,0.03870029117434614,0.3450721235970821,0.6162275852285718
It is only my right ear?,neither,0.032829638405878984,0.42728233937285204,0.539888022221269
woot,neither,0.03945320844208391,0.33037608806864915,0.630170703489267
I've got no left channel,neither,0.019196039789844195,0.36274866231596703,0.6180552978941888
My right ear is loving this!,neither,0.03461156251347407,0.4164246047128957,0.5489638327736303
that right channel,neither,0.03426380144975027,0.39591562562142707,0.5698205729288226
Bidet from Batoaun Rouge!!!!,neither,0.04066490145509902,0.30981049537100724,0.6495246031738937
you are in my right ear only,neither,0.06665915306962997,0.4374920803851289,0.4958487665452412
FIX AUDIO,neither,0.03945320844208391,0.33037608806864915,0.630170703489267
"Bidet from Exeter, and all those watching the VOD!",neither,0.07054172669167322,0.2389490747051495,0.6905091986031774
no left,neither,0.0381156075992437,0.35307866523167447,0.6088057271690819
"HOLY POOP PERFECT TIMING, I ONLY JUST REALIZED THE STREAM WAS PAUSED",neither,0.0367128322776833,0.33362665583532525,0.6296605118869915
My right ear is loving this,neither,0.03461156251347407,0.4164246047128957,0.5489638327736303
CALM DOWN,neither,0.03945320844208391,0.33037608806864915,0.630170703489267
guys #theyknow,neither,0.03922184957078739,0.3343028519130907,0.6264752985161218
#WeKnow,neither,0.03945320844208391,0.33037608806864915,0.630170703489267
beep beep,neither,0.03945320844208391,0.33037608806864915,0.630170703489267
My left ear feels lonely,neither,0.030742211313951925,0.39632576895602284,0.5729320197300253
HI RIGHT EAR FORGOT ABOUT YOU,neither,0.04990489099987911,0.4051276932447722,0.5449674157553488
Good evening all.,neither,0.0407757687943942,0.4132731801052576,0.545951051100348
One ear audio,neither,0.03870355953984144,0.357928836888509,0.6033676035716494
god damnit,neither,0.03945320844208391,0.33037608806864915,0.630170703489267
!audio,neither,0.03945320844208391,0.33037608806864915,0.630170703489267
audio is only in right,neither,0.04610409730506425,0.3449121573170582,0.6089837453778776
Anyone else getting mono sound?\,neither,0.03642574919980648,0.3817599724491169,0.5818142783510766
aoudio is right only,neither,0.051379587707850775,0.35461496671294374,0.5940054455792054
oh god only one year,neither,0.043937533062160056,0.3118651768087436,0.6441972901290964
bidet,neither,0.03945320844208391,0.33037608806864915,0.630170703489267
First time I'm not late!,neither,0.029797410318167947,0.3592354745370841,0.610967115144748
HAVE MY HEADPHONES BROKEN WHY,neither,0.02229631097996936,0.42222805488308374,0.555475634136947
Bidet!,neither,0.03945320844208391,0.33037608806864915,0.630170703489267
EVERYONE JUST WENT LEFT EAR DEAF,neither,0.03233759390534166,0.4158833011943362,0.5517791049003221
sound is low only in right ear,neither,0.04503118851090059,0.34275572353683403,0.6122130879522654
audio just on left?,neither,0.032876879994844385,0.36245997312891653,0.6046631468762391
#WEKNOW,neither,0.03945320844208391,0.33037608806864915,0.630170703489267
my right ear Kreygasm,neither,0.026379570677610487,0.44608803241123085,0.5275323969111586
RIght side only crew,neither,0.033532563876018155,0.3844179409700255,0.5820494951539562
my right ear FeelsGoodMan,neither,0.026379570677610487,0.44608803241123085,0.5275323969111586
It's in mono!,neither,0.03789117217535388,0.33091334396889177,0.6311954838557543
ONE TABLE! WOO,neither,0.038678433903911534,0.3588489772903456,0.6024725888057428
Yeah!!!!!!!! Let's go!!!!,offensive_language,0.010930547298098302,0.5026549751399879,0.48641447756191386
#weknow,neither,0.03945320844208391,0.33037608806864915,0.630170703489267
wait one ear sound?,neither,0.03866997396312096,0.359158767834982,0.602171258201897
Love the new set!,neither,0.03901677334864516,0.22313393392245826,0.7378492927288965
They prolly know,neither,0.03945320844208391,0.33037608806864915,0.630170703489267
left audio channel is off,neither,0.04560541428033374,0.32826006236776945,0.6261345233518968
Bidet ppl :D,neither,0.03945320844208391,0.33037608806864915,0.630170703489267
FUCKED AUDIO,offensive_language,0.0418971096772029,0.7127977004846198,0.24530518983817728
yesssss,neither,0.03945320844208391,0.33037608806864915,0.630170703489267
Yaaaaaaaaaaaa!!!!!!!,neither,0.03945320844208391,0.33037608806864915,0.630170703489267
same table hype!,neither,0.0402875243100973,0.33798079833349265,0.6217316773564101
audio right ear only,neither,0.03868477729879784,0.3453744810599011,0.6159407416413011
#Weknow,neither,0.03945320844208391,0.33037608806864915,0.630170703489267
OMG MY LEFT EAR IS FAILING ME,neither,0.031173190447452096,0.4158045180371342,0.5530222915154137
oh god the audio,neither,0.043316366922541684,0.2696627745298729,0.6870208585475852
I've got left-deaf!,neither,0.01908680098210138,0.3515409402082272,0.6293722588096713
it's such a nice set,neither,0.03822206020449288,0.3265458177772058,0.6352321220183013
AT THE SAME TABLE!!!!,neither,0.03849971481844005,0.3467347210066864,0.6147655641748736
MONO SOUND,neither,0.03945320844208391,0.33037608806864915,0.630170703489267
RIGHT EAR HYPE,neither,0.03855963983203753,0.3478127347932413,0.6136276253747212
am i deaf in my left ear?!!?,neither,0.03071168946117693,0.39563323276358886,0.5736550777752342
Right ear audio only,neither,0.03868477729879784,0.3453744810599011,0.6159407416413011
omg,neither,0.03945320844208391,0.33037608806864915,0.630170703489267
why only right ear?,neither,0.02780459695215673,0.36438253828730427,0.6078128647605389
Audio Guys,neither,0.039333895611238866,0.33240113818976524,0.628264966198996
Audio is only right,neither,0.046311035064097984,0.3453204920013149,0.6083684729345871
MY RIGHT EAR LOVES THE AUDIO,neither,0.030058949283773378,0.3926298761739085,0.5773111745423182
orionacabaTiberius orionacabaFIREBALL orionacabaFIREBALL orionacabaFIREBALL,neither,0.03945320844208391,0.33037608806864915,0.630170703489267
wow,neither,0.03945320844208391,0.33037608806864915,0.630170703489267
left headphones,neither,0.03945320844208391,0.33037608806864915,0.630170703489267
#weknow,neither,0.03945320844208391,0.33037608806864915,0.630170703489267
WHOO,neither,0.03945320844208391,0.33037608806864915,0.630170703489267
Right ear only,neither,0.03841676929951884,0.3505952222079567,0.6109880084925244
omg!,neither,0.03945320844208391,0.33037608806864915,0.630170703489267
"Matt ""My Man Crush"" Mercer",neither,0.02962019757387102,0.4631037263913749,0.5072760760347541
my left ear is lonely,neither,0.035326905256161154,0.4023400265489463,0.5623330681948925
Happy Thursday everyone,neither,0.03355760225671494,0.4304399113404305,0.5360024864028545
OH MAN LOVE IT!,neither,0.04082278000564674,0.367979661148113,0.5911975588462404
Sounds off balance!,neither,0.03945320844208391,0.33037608806864915,0.630170703489267
#WeKnow,neither,0.03945320844208391,0.33037608806864915,0.630170703489267
I feel like Im getting a whisper,neither,0.04384734429853222,0.4346963654750831,0.5214562902263846
OMG,neither,0.03945320844208391,0.33037608806864915,0.630170703489267
no left audio,neither,0.038650674735520536,0.34399717951510567,0.6173521457493739
oooh exciting!!!!! one table!!!,neither,0.03884034050836508,0.3529173016139727,0.6082423578776623
yay!,neither,0.03945320844208391,0.33037608806864915,0.630170703489267
audio is only in the right ear,neither,0.04410590999705613,0.32987366107093674,0.6260204289320072
Left audio channel,neither,0.03945320844208391,0.33037608806864915,0.630170703489267
Kreygasm,neither,0.03945320844208391,0.33037608806864915,0.630170703489267
OOhhh wowww,neither,0.03945320844208391,0.33037608806864915,0.630170703489267
cool,neither,0.03945320844208391,0.33037608806864915,0.630170703489267
MY RIGHT EAR,neither,0.026379570677610487,0.44608803241123085,0.5275323969111586
IT BEGINS!!!!!!!,neither,0.037828236809968684,0.3309349903269868,0.6312367728630445
YAY,neither,0.03945320844208391,0.33037608806864915,0.630170703489267
where is matts backlighting?,neither,0.06245822111259904,0.2612427577458543,0.6762990211415466
"Oh cool, same table!",neither,0.04533084095952307,0.2905563013536698,0.6641128576868072
wwwwwhooop,neither,0.03945320844208391,0.33037608806864915,0.630170703489267
"Ohhhh big table, I like",neither,0.03265492919893811,0.3966752910202006,0.5706697797808613
AWESOME setup!,neither,0.03945320844208391,0.33037608806864915,0.630170703489267
i love that! yay!,neither,0.032041368105022984,0.39310539709025466,0.5748532348047224
right ear audio only,neither,0.03868477729879784,0.3453744810599011,0.6159407416413011
My left ear :((((,neither,0.027808689797404643,0.42149419634477586,0.5506971138578194
AUDIO,neither,0.03945320844208391,0.33037608806864915,0.630170703489267
"love the new set, great work everyone!",neither,0.033507353134227584,0.32446274537833836,0.6420299014874341
This looks awesome,neither,0.039346122204619735,0.33219362099122585,0.6284602568041544
LEFT EAR IS DEAD,neither,0.04720010779486607,0.32771157414248986,0.6250883180626442
WHAT THIS IS AMAZING,neither,0.0578675036365538,0.32343508981016833,0.618697406553278
DEAF IN ONE EAR,neither,0.03868839113852743,0.35848434167409793,0.6028272671873747
Audio!!!!,neither,0.03945320844208391,0.33037608806864915,0.630170703489267
"lol, I am actually deaf in my right ear, thanks to all who pointed it out",neither,0.02915661196207451,0.4803020826937998,0.49054130534412566
confirmed audio only right ear,neither,0.03880190553255387,0.34309128764420077,0.6181068068232454
i already like the new set up.,neither,0.0494781649887088,0.3062865715235217,0.6442352634877695
Woooo,neither,0.03945320844208391,0.33037608806864915,0.630170703489267
Sounds fine on my iPad ;),neither,0.027153170991470302,0.42111273524774034,0.5517340937607893
audio right ear only,neither,0.03868477729879784,0.3453744810599011,0.6159407416413011
first live stream whoot. this is awesome,neither,0.042883302540469924,0.33040727749885385,0.6267094199606762
I love the new set,neither,0.03901677334864516,0.22313393392245826,0.7378492927288965
Oh wow,neither,0.04699983224225219,0.25967008852857676,0.6933300792291711
The audio doesn't sound right.,neither,0.037969821893456136,0.3320872005856869,0.629942977520857
ooh i like the new set up,neither,0.04950642390279224,0.29195571906441153,0.6585378570327962
Why is my left ear not working????,neither,0.026599496631845222,0.4128190479007549,0.5605814554674
The set still thoughs me off,neither,0.029921604678876463,0.3714165383738303,0.5986618569472931
#weknow,neither,0.03945320844208391,0.33037608806864915,0.630170703489267
Audio is fine for me,neither,0.03409402277280938,0.33597167963716384,0.6299342975900268
Left audio channel is really low,neither,0.04506346145917196,0.32844646479454015,0.626490073746288
Woooo!!,neither,0.03945320844208391,0.33037608806864915,0.630170703489267
#TheyKnow They will fix it,neither,0.039418487847210436,0.3039864693723836,0.6565950427804058
No Critical Role tonight?,neither,0.03657118966595725,0.32311709668690153,0.6403117136471412
#Weknow,neither,0.03945320844208391,0.33037608806864915,0.630170703489267
right ear,neither,0.03830291264191924,0.3528117070271776,0.6088853803309031
My left ear is lonely,neither,0.035326905256161154,0.4023400265489463,0.5623330681948925
my left ear hates it,neither,0.02899319848497706,0.40343207878558013,0.5675747227294429
No left audio :),neither,0.038650674735520536,0.34399717951510567,0.6173521457493739
WOO,neither,0.03945320844208391,0.33037608806864915,0.630170703489267
WHAAAT,neither,0.03945320844208391,0.33037608806864915,0.630170703489267
wooo this is the best set up!!!!!!,neither,0.04278821516568259,0.3571396379418315,0.6000721468924859
aaaaaaaahhhhhhh; i have gone deaf!!!!!!!!!,neither,0.03880118312293402,0.341442659385108,0.619756157491958
ONE TABLE HYPE!,neither,0.038612117424906625,0.36127707629951705,0.6001108062755764
omg same table :O anyone else only hearing form one side on headset?,neither,0.03499216214018574,0.3808031556144808,0.5842046822453335
This is so weird. LOL,neither,0.03847044634716626,0.4492006178576301,0.5123289357952036
lol,neither,0.020706217963973744,0.4882283491876925,0.4910654328483337
I like it,neither,0.06953449037813421,0.37815048807863416,0.5523150215432316
single ear audio,neither,0.03945320844208391,0.33037608806864915,0.630170703489267
what?? that's crazy!,offensive_language,0.02721369983412402,0.5071795979612965,0.46560670220457945
Matt!! you are in not in stereo!,neither,0.07519308649748144,0.33226110061303143,0.5925458128894873
It's unfortunate he won't repeat whatever we are missing now. :(,neither,0.05729026305246706,0.30312702787220935,0.6395827090753237
so good,neither,0.03814044697628118,0.4245687317089837,0.5372908213147352
same table!!!,neither,0.04053934360774032,0.3402716444537456,0.6191890119385141
"oh good, im not along. one ear audio here too",neither,0.06604396971854291,0.32242398911777853,0.6115320411636785
Same table?! Hell yeah!!!,offensive_language,0.027930985005717918,0.7610615542460412,0.21100746074824092
This is wild!!!,neither,0.05118159487615546,0.3284877252513406,0.6203306798725038
MY LEFT EAR HAS APPARENTLY GONE DEAF,neither,0.03199961652294668,0.3840923085063621,0.5839080749706913
Audio,neither,0.03945320844208391,0.33037608806864915,0.630170703489267
HYYYYPE,neither,0.03945320844208391,0.33037608806864915,0.630170703489267
Is it a V table????,neither,0.048082746879347264,0.32740799408738974,0.624509259033263
SAME TABLE!!!!!! ACTUALLY HYPE,neither,0.04019409561802783,0.3371303764168108,0.6226755279651613
LOVE IT,neither,0.030831260484157012,0.3601344986151421,0.609034240900701
AWESOME SET GUYS,neither,0.039339074079007934,0.33231324607700014,0.6283476798439919
#WeKNow,neither,0.03945320844208391,0.33037608806864915,0.630170703489267
Matt's audio only in right ear,neither,0.03880139798076522,0.3431011835396165,0.6180974184796183
audio,neither,0.03945320844208391,0.33037608806864915,0.630170703489267
left is def,neither,0.04900252224987195,0.32709164116061246,0.6239058365895156
Dawwwww!,neither,0.03945320844208391,0.33037608806864915,0.630170703489267
NO HEDER BOO!,neither,0.03829187504329264,0.3500869466847923,0.6116211782719151
that's adorable,neither,0.0343714251695459,0.38593769553176943,0.5796908792986846
"Amazing, al together sweet",neither,0.043320552169747256,0.2647371720473412,0.6919422757829116
eeeewwwww........bad audio,neither,0.03584727802620158,0.33161633289078296,0.6325363890830155
New set v2!,neither,0.04427046440042074,0.2083113095955835,0.7474182260039958
god... technical issues +5000,neither,0.03945320844208391,0.33037608806864915,0.630170703489267
I like the new set up!,neither,0.052909426552032124,0.2804299506924869,0.666660622755481
Oh sweet! New table arrangement! rooHype,neither,0.04746682388756612,0.20496774145004598,0.7475654346623879
It'll do pig. It'll do.,neither,0.0393942897130201,0.33039635292132796,0.6302093573656519
BIG TABLE AWESOME!,neither,0.025058076266770098,0.3887078345394025,0.5862340891938275
by bye chat,neither,0.04071884620515526,0.3783631442610717,0.580918009533773
Nice. I like the one table idea,neither,0.0467767188906038,0.35597470250954966,0.5972485785998465
right audio only,neither,0.038514652523793706,0.34868903426071324,0.6127963132154931
why is my right ear being neflected?!,neither,0.02232539593053191,0.45714995644108053,0.5205246476283877
"Audio is mono, right? Or are my headphones messed up?",neither,0.04705451990934762,0.39128573611902284,0.5616597439716297
RIGHT CHANNEL ONLY AUDIO!!,neither,0.03869628395307283,0.3451502239059209,0.6161534921410063
That's so cool!!!!!!,neither,0.03370500952970764,0.45829613352409315,0.5079988569461991
Really quite in the left for anyone else?,neither,0.03447283704186369,0.2974042394167757,0.6681229235413606
"Left audio is dead, rip.",neither,0.045582101634926736,0.3282680806555403,0.6261498177095329
gonna work on my Dragon AGE rpg while watching this show for Free RPG Day 2017,neither,0.03450143921677526,0.3447648254356902,0.6207337353475345
aw,neither,0.03945320844208391,0.33037608806864915,0.630170703489267
it is fluttering in muh ears,neither,0.0452336667008225,0.3283879234070726,0.6263784098921049
MY LEFT EAR NEEDS LOVES,neither,0.030347759415886476,0.39961594682322166,0.5700362937608918
Audio only in right ear,neither,0.03870029117434614,0.3450721235970821,0.6162275852285718
Audio,neither,0.03945320844208391,0.33037608806864915,0.630170703489267
#WeKnow,neither,0.03945320844208391,0.33037608806864915,0.630170703489267
heeeeey same table!,neither,0.04053934360774032,0.3402716444537456,0.6191890119385141
audio is right ear only,neither,0.045046512169116065,0.3427869946174105,0.6121664932134733
they know,neither,0.03945320844208391,0.33037608806864915,0.630170703489267
Yesssss!!,neither,0.03945320844208391,0.33037608806864915,0.630170703489267
my left ear is lonely,neither,0.035326905256161154,0.4023400265489463,0.5623330681948925
ONE EAR AUDIO,neither,0.03870355953984144,0.357928836888509,0.6033676035716494
they know ;),neither,0.03945320844208391,0.33037608806864915,0.630170703489267
i feel so empty in one ear,neither,0.03871268460414527,0.3927763494226266,0.5685109659732281
gandsFail,neither,0.03945320844208391,0.33037608806864915,0.630170703489267
THey have so much room now!,neither,0.034990450782053165,0.3866824039346327,0.5783271452833141
Yay they removed the orange curtains,neither,0.038785186285554704,0.31823252657163403,0.6429822871428114
STill voting for Team Right table,neither,0.03372953196622792,0.3323753012635998,0.6338951667701722
I miss the Mercer Halo.,neither,0.03188360423344122,0.3162468122344365,0.6518695835321222
audio is brok,neither,0.04912624121044723,0.3270490885368631,0.6238246702526896
Bidet from Wyoming Pennsylvania,neither,0.04037482637106834,0.31473382658265214,0.6448913470462796
yeah,offensive_language,0.013968601452186464,0.5182923869769311,0.4677390115708824
no stereo,neither,0.03852177801590115,0.3461848932406789,0.6152933287434199
audio is mono,neither,0.04625298535486139,0.32803733298047755,0.6257096816646609
HOW AFTER 100 EPISODE DO THEY STILL MANAGE TO FUCK UP PRODUCTION SHIT LOL,offensive_language,0.07260393393405268,0.9272042695513677,0.00019179651457960925
THE SET LOOKS SO GOOD NOW,neither,0.037844837364760936,0.3574243808016528,0.6047307818335864
Y'all chill out. At least they're on.,neither,0.04857178682399829,0.41947891386047237,0.5319492993155294
My left ear feels neglected,neither,0.02967355189946034,0.4053060463774339,0.5650204017231056
mono channel audio,neither,0.03945320844208391,0.33037608806864915,0.630170703489267
my headphones are broken,neither,0.04809015837587362,0.3682054167928995,0.5837044248312269
Right ear best ear,neither,0.03827310075755608,0.3373086181444975,0.6244182810979464
They should have stuck with the boom mics rather than switched to the lavaliers,neither,0.040896752767780944,0.3604337510752414,0.5986694961569776
no left side audio??,neither,0.034289439675538345,0.3744406570558418,0.59126990326862
I think they know,neither,0.04031092373715553,0.31581842105273744,0.643870655210107
Deaf in my left ear. The horrow.,neither,0.029864892491335438,0.3844325725776201,0.5857025349310445
Reunited and it feels so godd,neither,0.036584158829315365,0.33398432943705997,0.6294315117336247
thats flippin awesome,neither,0.03945320844208391,0.33037608806864915,0.630170703489267
100/100 mazing love the set,neither,0.03670555369605567,0.3280413322455816,0.6352531140583628
oooooooooohhhhhhhhhhhh!! 1 table gandsSubHype gandsSubHype gandsSubHype gandsSubHype gandsSubHype,neither,0.03945320844208391,0.33037608806864915,0.630170703489267
OH God ive gone deaf in one ear,neither,0.042189843031824686,0.31963935861228554,0.6381707983558897
FIX IT FIX IT NAO!!!!!!!,neither,0.03757232367337081,0.33102301058971395,0.6314046657369153
what is up with sound,neither,0.0370105391684377,0.42934140361214257,0.5336480572194195
The new set look fucking awesome!!,offensive_language,0.13521678229942485,0.858605197086774,0.006178020613801184
RIGHT AUDIO ONLY,neither,0.038514652523793706,0.34868903426071324,0.6127963132154931
so close together like their original setup,neither,0.046702567009002306,0.37298011058346475,0.580317322407533
The left speaker audio is not working in case you didnt know,neither,0.05177762449764883,0.3461429664191879,0.6020794090831633
Same table hype!,neither,0.0402875243100973,0.33798079833349265,0.6217316773564101
gandsSubHype,neither,0.03945320844208391,0.33037608806864915,0.630170703489267
#WeKnow,neither,0.03945320844208391,0.33037608806864915,0.630170703489267
IT LOOKS SO GOOD,neither,0.036752986884924066,0.39168878035699584,0.57155823275808
"alpha is only left ear, this is weird",neither,0.05097684217032689,0.32746285668410974,0.6215603011455635
WE ARE AWARE OF THE AUDIO.,neither,0.05846036401985609,0.28359998363059064,0.6579396523495533
How are we supposed to choose left side vs right side?!,neither,0.049316510628302335,0.35657359442197795,0.5941098949497197
"Oh, This is reaally exciting!",neither,0.05357610048907397,0.2798821595848808,0.6665417399260452
is it quiet for anyone else?,neither,0.03934944484538828,0.30282468919935973,0.6578258659552519
Love the big table,neither,0.021144355482991095,0.39117176199742376,0.5876838825195853
Wow this new set lighting is much better,neither,0.04463815456229318,0.2671810793899379,0.6881807660477688
omg Ashleys shirt,neither,0.03945320844208391,0.33037608806864915,0.630170703489267
audio!!!,neither,0.03945320844208391,0.33037608806864915,0.630170703489267
WutFace,neither,0.03945320844208391,0.33037608806864915,0.630170703489267
aww they're at the same table again,neither,0.05006896503639611,0.3431905862376907,0.6067404487259132
bidet,neither,0.03945320844208391,0.33037608806864915,0.630170703489267
Love the new set and the new lighting!,neither,0.04018937215123781,0.18048609836219298,0.7793245294865692
I like the same table thing!!!,neither,0.05028763896008909,0.33681523265129515,0.6128971283886158
single ear ausio,neither,0.03945320844208391,0.33037608806864915,0.630170703489267
#WeKnow,neither,0.03945320844208391,0.33037608806864915,0.630170703489267
It sounds fine in both my ears to me,neither,0.029234926660199598,0.4193500195633006,0.5514150537764997
I canna' hear ya in mah left ear cap'n mercer,offensive_language,0.030051155905911054,0.49017989715653143,0.47976894693755756
my right speaker is busted so... no audio :P,neither,0.03525249812702328,0.43215458586234623,0.5325929160106304
audio in right ear only,neither,0.03870029117434614,0.3450721235970821,0.6162275852285718
Left channel down,neither,0.03945320844208391,0.33037608806864915,0.630170703489267
No using earphones moon2GOOD,neither,0.032961126708308496,0.44056365807402387,0.5264752152176677
lmfao I'm deaf in my right ear. I was so confused.,neither,0.035089447435639555,0.42841927509399114,0.5364912774703692
@GeekandSundry No left channel audio,neither,0.03880031695179807,0.3414573605698115,0.6197423224783903
"oh god, ill kill myself right now if they switch cameras everytime someone talks",neither,0.13494285618369456,0.28531150683328527,0.5797456369830202
RIGHT AUDIO ONLY,neither,0.038514652523793706,0.34868903426071324,0.6127963132154931
audio needs fixibg,neither,0.03945320844208391,0.33037608806864915,0.630170703489267
Bidet from SC,neither,0.040737273169946825,0.30858215849491494,0.6506805683351382
stereo please,neither,0.03945320844208391,0.33037608806864915,0.630170703489267
Bidet from Washington DC!,neither,0.040481371650474204,0.3129254751301128,0.646593153219413
RIGHT channel only,neither,0.03844453588096565,0.35005455631258325,0.611500907806451
"That's awesome, I hated it when they stopped being across from each other",neither,0.029332227475580595,0.3868855601034324,0.5837822124209872
Love the new set up glad they get to play on the same table,neither,0.03946287755583107,0.3089092586811745,0.6516278637629944
#WeKnow,neither,0.03945320844208391,0.33037608806864915,0.630170703489267
only right channel audio,neither,0.03869628395307283,0.3451502239059209,0.6161534921410063
One channel aufio,neither,0.038409750314396765,0.3686835454114124,0.5929067042741909
volume is low!,neither,0.047418028652332904,0.3276366211667147,0.6249453501809523
audio is jacked,neither,0.04912624121044723,0.3270490885368631,0.6238246702526896
audio gandsFail,neither,0.03945320844208391,0.33037608806864915,0.630170703489267
Audio is weird,neither,0.047335360626346114,0.3276650544916438,0.6249995848820101
YEah the set looks so much better,neither,0.023074643212348374,0.4439845141840412,0.5329408426036104
Stream just started for me,neither,0.02541594717234113,0.3559773218317429,0.6186067309959159
ahhhhhhhh lol my left ear,neither,0.022807115868194748,0.46757490388559514,0.5096179802462102
it is mono!!! make it sterio!!!,neither,0.04397319118441997,0.3288214587370277,0.6272053500785523
OMG i thought my headphones broke,neither,0.03244050536891462,0.3171185826774256,0.6504409119536597
Left Audio not coming over the headset,neither,0.035403055895426916,0.32276211666002125,0.6418348274445518
New Layout is so clean. I love it!,neither,0.047394491051400006,0.29211773202796154,0.6604877769206384
