text,top_class,hate_speech,offensive_language,neither
where's Game the Game?!?!?!?!?!,neither,0.03923073773600366,0.21565218403533323,0.7451170782286631
beccaWIN beccaWIN beccaWIN beccaWIN beccaWIN beccaWIN beccaWIN beccaWIN beccaWIN beccaWIN,neither,0.03945320844208391,0.33037608806864915,0.630170703489267
Ivan with contacts always throws me off. So used to glasses. :D,neither,0.03056679180824127,0.4376670884614394,0.5317661197303192
There it is,neither,0.051988479486451335,0.2532541473775745,0.6947573731359742
Becca's already cheating,neither,0.038122837650179264,0.3529559523983686,0.608921209951452
Hi Mr <Silence>,neither,0.03945320844208391,0.33037608806864915,0.630170703489267
hrpgHeyo hrpgHeyo hrpgHeyo hrpgHeyo,neither,0.03945320844208391,0.33037608806864915,0.630170703489267
Hello everyone!,neither,0.03269494828970791,0.4450814005079928,0.5222236512022994
Jesus becca let ivan speak!!!!,neither,0.024106062298527433,0.3639996221913723,0.6118943155101003
Sudoku?,neither,0.03945320844208391,0.33037608806864915,0.630170703489267
hello once again everyone,neither,0.03285031304447348,0.4424444551499213,0.5247052318056052
"Hi Ivan, Becca & Guests",neither,0.03945320844208391,0.33037608806864915,0.630170703489267
Did Becca build this table ;),neither,0.03936926726541761,0.33180078890569054,0.6288299438288919
Hi Ichabod,neither,0.03945320844208391,0.33037608806864915,0.630170703489267
"I'm British, I didn't even blink at the ""state of Seattle"" comment",neither,0.04309015483819195,0.3107997065170947,0.6461101386447132
What's with Becca's name now,neither,0.0312919867190922,0.3735264234171016,0.5951815898638062
oh look mom is alive!,neither,0.055459510554133895,0.2792038077242634,0.6653366817216028
hi @Geekstronaut,neither,0.03945320844208391,0.33037608806864915,0.630170703489267
Ivan is The Impaler,neither,0.06634763790238427,0.27637293114625994,0.6572794309513558
stream friends hype,neither,0.03945320844208391,0.33037608806864915,0.630170703489267
#english ;) @Compel_Bast,neither,0.03945320844208391,0.33037608806864915,0.630170703489267
She plays the most aggressive male dwarf in the Dungeons and Dragons world.,neither,0.03864323354170616,0.33247141676444786,0.628885349693846
"I know that Ivan surely didnt have the time for it, but it´s a shame he wasnt on Hypers Death From Above on that friday, as OpfOr :-D",neither,0.02980309753668172,0.37972065726692567,0.5904762451963926
but now GtG is moving...,neither,0.044623392282949335,0.3385916619184124,0.6167849457986383
ohhh she was the bearded dwarf??,neither,0.03959338808207749,0.38394323520623597,0.5764633767116867
Is Percy bring out the sage again?,neither,0.03969758102537129,0.3497370572545542,0.6105653617200744
couldn't recognize her,offensive_language,0.030455742382162324,0.5530161676261383,0.4165280899916995
This show has on megastars such as Becca Scott of the famous series How to with Becca,neither,0.04112837611790958,0.3178710870988352,0.6410005367832553
Becca improves games with new rules :),neither,0.032158585507645596,0.27967020425143807,0.6881712102409163
Becca isn't cheating she is playing Calvin Ball.,neither,0.04605031694167685,0.3862238120063125,0.5677258710520107
I love Ichabod the way suata plays him is amazing,neither,0.04262168425000938,0.3282174516649366,0.629160864085054
*Sujata,neither,0.03945320844208391,0.33037608806864915,0.630170703489267
"Let me guess, Becca doesn't want returnees who won back on the show",neither,0.029359628960552508,0.3726928653043269,0.5979475057351206
I played this game before. I want to see if it is actually possible to win,neither,0.03595591012699788,0.36830895688494936,0.5957351329880528
Jonathan doesn't want to get on Becca's bad side,neither,0.03410612208436656,0.3818993379585706,0.5839945399570629
"I'm still waiting for the ""How to cheat like Becca"" episode of ""How to with Becca""...^^",neither,0.040955458110707166,0.3380326490296032,0.6210118928596896
It's definitely possible to win.,neither,0.044045318632875724,0.32733422053889577,0.6286204608282285
"Wait, who approved Becca as a doctor in the first place?",neither,0.03511415112272871,0.3505102319737396,0.6143756169035317
"hiss, Becca lying",neither,0.03945320844208391,0.33037608806864915,0.630170703489267
intubate! stat!,neither,0.03945320844208391,0.33037608806864915,0.630170703489267
hi all :D,neither,0.0423466876598404,0.4436528871510691,0.5140004251890904
so many resources,neither,0.039413129245513115,0.4120595004619746,0.5485273702925123
@DeusPravus We are so screwed arent we,neither,0.05761454345949231,0.3333791863957663,0.6090062701447413
"wait, Becca is a doctor?",neither,0.048664949918546405,0.327207747764938,0.6241273023165157
OMG Yay for Becca!,neither,0.03335075334279803,0.2999055123332269,0.666743734323975
"Yay, for no root canal!",neither,0.03353836528080247,0.3163510392794812,0.6501105954397164
If Becca was a doctor she would be of the Frankenstein variety,neither,0.026639638302403526,0.41679549714676856,0.556564864550828
you werent suposded to say that we're here for becca. ivan mightget his feelings hurt,neither,0.13638411196734104,0.3090766849612988,0.5545392030713602
beccaWIN beccaWIN beccaWIN,neither,0.03945320844208391,0.33037608806864915,0.630170703489267
let the flatlines ring,neither,0.02130320662261886,0.34905112037490943,0.6296456730024717
"Becca can do a lot of things paint, take care of plants and build a table, so why not a doctor?",neither,0.03367189778806497,0.33874916769632263,0.6275789345156123
"a ""specialist""",neither,0.03945320844208391,0.33037608806864915,0.630170703489267
#BeccaCheats,neither,0.03945320844208391,0.33037608806864915,0.630170703489267
just got done watching erika live twitch from e3 with a mobile setup. was great :D,neither,0.032024504990679,0.36697800792951285,0.6009974870798082
Did he still say you need a puppy tho Becca?,neither,0.05241906012953679,0.38361639446375073,0.5639645454067125
my birthday,neither,0.02285317420375865,0.4679827653087715,0.5091640604874699
"Marathon Man flashbacks, anyone?",neither,0.03954076227068871,0.37777987177970684,0.5826793659496045
"Becca, I am a total wimp when it comes to dental work. I am very glad you are alright. I got a mouthguard because I also grind my teeth at night",neither,0.04206649669036973,0.4110830702440068,0.5468504330656235
"""specialist"" in what?",neither,0.05366996681301642,0.32064373244772343,0.6256863007392601
Becca believes she is the specialest...,neither,0.04865747551017166,0.3964202337519824,0.554922290737846
@michael1836 Happy day of birth,neither,0.03996832799571754,0.3151709521123742,0.6448607198919083
Appy Appy Hoopy Hoopy,neither,0.03945320844208391,0.33037608806864915,0.630170703489267
Take your bets; Which guest will not end up in the trunk of Becca's car?,neither,0.05371622571104398,0.3348448751629661,0.6114388991259899
!whodat,neither,0.03945320844208391,0.33037608806864915,0.630170703489267
"Ivan Van Norman ( twitter.com/Hydra_Lord ), and Becca Scott Kerns ( twitter.com/thebeccascott ) with guests Sυjaтa Day ( twitter.com/sujataday ) and Jonathan London ( twitter.com/JonathanLondon ).",neither,0.034992903972771994,0.44172584253329295,0.523281253493935
Ivan is the best,neither,0.05135998456280659,0.2889087219359037,0.6597312935012896
!wtfisthis,neither,0.03945320844208391,0.33037608806864915,0.630170703489267
"You are watching #GameTheGame with Ivan Van Norman, Becca Scott Kerns and guests! The game is... 'FLATLINE' More information here: renegadegamestudios.com/flatline",neither,0.09201761647047167,0.2633845891364364,0.6445977943930918
@michael1836 Happy Birthday,neither,0.03945320844208391,0.33037608806864915,0.630170703489267
Happy Birthday @michael1836,neither,0.03945320844208391,0.33037608806864915,0.630170703489267
"@Mortissteel I'd say Sudoku might make it, she's sitting furthest from the Becca...",neither,0.039449060086303674,0.3721276965998549,0.5884232433138414
B^4!,neither,0.03945320844208391,0.33037608806864915,0.630170703489267
but Ivan is still the traitor,neither,0.04213012408324365,0.33631404749275645,0.621555828424
Princess Becca,neither,0.03945320844208391,0.33037608806864915,0.630170703489267
Happy Birthday @michael1836,neither,0.03945320844208391,0.33037608806864915,0.630170703489267
and Becca still manages to win,neither,0.044000757520973904,0.3042091760989636,0.6517900663800624
<3 <3 <3,neither,0.03945320844208391,0.33037608806864915,0.630170703489267
"On the subject of dogs, there was a Batman short comic shown for the Eisners today called ""Good Boy"" it gave me ALL the feels",neither,0.030963366737326505,0.3209565123158986,0.6480801209467748
activate OCD mode,neither,0.03945320844208391,0.33037608806864915,0.630170703489267
Wait...a co-op game? But...how can Ivan betray anyone!?,neither,0.03704487305846227,0.3063659540835396,0.6565891728579981
!time,neither,0.036668274527354654,0.377643684699956,0.5856880407726893
"It's a cooperative game, sure, but Becca still wins.",neither,0.029822142688584352,0.4285736654191908,0.5416041918922249
Eat them. They are snacks.,neither,0.08837530827030965,0.27437294037946725,0.6372517513502232
Becca is still going to cheat,neither,0.054370461935838804,0.36874250784580825,0.576887030218353
critical role when ? did i miss it,neither,0.02692851912282268,0.3692075477633614,0.6038639331138159
@michael1836 https://clips.twitch.tv/TentativeSavorySaladSeemsGood,neither,0.03945320844208391,0.33037608806864915,0.630170703489267
"Just logged in, but still shocked there isn't a Becca cheat cam. WTF?!",neither,0.035650714807327864,0.45497642817680795,0.5093728570158642
!wheniscr @ludnqka,neither,0.03945320844208391,0.33037608806864915,0.630170703489267
"Critical Role is on at 7 PM PDT on Thursdays, it is currently 2:44 PM PDT on Thursday. There is 4 hours 15 minutes 46 seconds until the next episode of Critical Role. This has command has been run 307 times but has probably been asked about way more.",neither,0.04098878084257329,0.3420906731882509,0.6169205459691757
lol not yet @ludnqka,neither,0.027800176159637837,0.41351713206643914,0.5586826917739229
I am in Bizarro world!,neither,0.03918403786143138,0.3304686681743147,0.6303472939642539
"I would say kick Becca's ass, but I don't want The Impaler to lose",offensive_language,0.11586983519092399,0.8651688718771643,0.018961292931911778
becca makes all the rules :P,neither,0.040150612969566166,0.385457506466522,0.5743918805639118
its so wonderful watching Game the Game on THURSDAYS,neither,0.03288865079748252,0.30545259562386773,0.6616587535786498
We have a subscriber-only Discord server! Join here: https://discord.gg/geekandsundry (you'll need to sub and link it to your Twitch) and be a part of the fun!...Warning: It can take up to an hour for the server to update and give you access to the channels,neither,0.08464076273808444,0.286394834032893,0.6289644032290227
lol,neither,0.020706217963973744,0.4882283491876925,0.4910654328483337
All rules are rules someBODY made up Ivan,neither,0.053178316023213434,0.3771783217868885,0.5696433621898981
Are you going to watch the film Flatliners?,neither,0.107120485263574,0.3260629251968884,0.5668165895395376
Becca IS the rules. LOl,neither,0.03764053802736259,0.36969421081124115,0.5926652511613962
"A ""Becca Cheat Cam"" would be misnamed since all it would do is prove she never, ever cheats.",neither,0.04230363884752408,0.4248741419759032,0.5328222191765728
https://clips.twitch.tv/BumblingEvilSrirachaPJSugar,neither,0.03945320844208391,0.33037608806864915,0.630170703489267
@SonoBryce the original or the upcoming sequel?,neither,0.038293414598909024,0.30899485200137733,0.6527117333997137
"Help G&S make great content! $4.99/month gets you emotes, Minecraft server access, Sub Only Q&As, VODs, and more! Every sub keeps the channel alive! twitch.tv/geekandsundry/subscribe",neither,0.043092924924402844,0.32365565443818894,0.6332514206374082
Ivan.. this show is called Becca does stuff and wins! How dare you question her.,offensive_language,0.04439142925697928,0.49663824177114196,0.4589703289718789
The rules only exist so Becca can win fairly,neither,0.03897659581884981,0.34513956628354897,0.6158838378976013
Ivan doesn't care about us people at home,neither,0.1092904490397693,0.3578693625275431,0.5328401884326874
and when am I going to be served by Ivan in a tux XD,neither,0.035176712524410826,0.3928878356861299,0.5719354517894593
hey @Sprinkles_The_Dragon_Cat did they cancel critrole?,neither,0.03945320844208391,0.33037608806864915,0.630170703489267
@GeekandSundry do you guys have any plans to do the expensive sub emote things?,neither,0.05433857312885682,0.34919743360668437,0.5964639932644589
@PreFightDonut The upcoming one with Ellen Page,neither,0.02913857086322613,0.3734284892258007,0.5974329399109731
I won't be convinced by you Beccanites! I WON'T JOIN YOUR CULT of sticky fingers - and get your hands off my satchel. ;P,neither,0.07513064971442619,0.40027979278892145,0.5245895574966523
@hubbs40 Yes and replaces it with Erika IRL Streams,neither,0.030012431819439227,0.3281195531301833,0.6418680150503776
sweet ty,neither,0.03945320844208391,0.33037608806864915,0.630170703489267
Becca! Becca! Becca! gandsBeccasaurus @VirginMaryZombieAttack,neither,0.03945320844208391,0.33037608806864915,0.630170703489267
I feel an undead space people sequel coming on.,neither,0.05654958098886816,0.3345769661322604,0.6088734528788714
Space Undead............,neither,0.03945320844208391,0.33037608806864915,0.630170703489267
"Space Zombies. Not as bad as Water Zombies, but worse than Land Zombies.",neither,0.03787296082975505,0.31530888646316957,0.6468181527070753
@VirginMaryZombieAttack resisttence is futile! We Wreckas.,neither,0.05987643265053964,0.32902837930290346,0.6110951880465569
