text,top_class,hate_speech,offensive_language,neither
was just about to ask that thank u,neither,0.03530009356030893,0.4194304708957657,0.5452694355439255
!clock,neither,0.03945320844208391,0.33037608806864915,0.630170703489267
nighbutt taking some time off,neither,0.029381829127963895,0.36841711286239454,0.6022010580096415
refresh everyone it's gone live,neither,0.03671497086961871,0.4125223657778928,0.5507626633524885
"ouch, @SpeedDemonStar :o",neither,0.03945320844208391,0.33037608806864915,0.630170703489267
if you are still seeing the title card please refresh,neither,0.048072000258836844,0.36276018443028674,0.5891678153108765
There was also once a torture technique which used goats and honey,neither,0.03893289018018086,0.2874533449813241,0.6736137648384952
nightbot is as sick of the question as the rest of us lol,neither,0.05662516665573438,0.37814162909529947,0.5652332042489661
"well, Nightbutt found out that Revlo retired and got jealous...",neither,0.03233378913014726,0.37454445354408195,0.5931217573257708
"Ooh, they gave up on the colorless wait stream!",neither,0.035012042730815575,0.3641564776985137,0.6008314795706707
also bamboo in cooking,neither,0.03945320844208391,0.33037608806864915,0.630170703489267
@owifig not as fun as the maggots & honey,neither,0.03471521182240733,0.37465976360593706,0.5906250245716556
"In other news, apaprently it hit 118 degrees F in Phoenix today, which is insane",neither,0.04202755531779587,0.31702629411902217,0.6409461505631818
"the behind the scenes cam is on, REFRESH if you do not see it and hear the audio",neither,0.03631437541217205,0.34032322061535114,0.6233624039724769
"yikes, no thanks",neither,0.035164368710469435,0.32577916295050513,0.6390564683390255
on the temp,neither,0.03544871912850776,0.3273670060351998,0.6371842748362925
not on cam,neither,0.03476546173752313,0.35182298542283824,0.6134115528396386
cam is good,neither,0.04813811991151769,0.32738894876246255,0.6244729313260198
the behind the scenes camera is really cool,neither,0.0436449480239371,0.30702728945646746,0.6493277625195955
bidet,neither,0.03945320844208391,0.33037608806864915,0.630170703489267
It was literally so hot planes cant take off,neither,0.03833450981205876,0.3638151171681556,0.5978503730197857
Woo my first live Talks Machina!,neither,0.028679329220306252,0.3979668085025789,0.5733538622771148
what is talks machina about?,neither,0.05473751523875236,0.3530040543088416,0.5922584304524061
ty for the heads up. it's live indeed,neither,0.0348426494376202,0.33147667053188656,0.6336806800304932
gandsSubHype gandsSubHype gandsSubHype gandsSubHype gandsSubHype,neither,0.03945320844208391,0.33037608806864915,0.630170703489267
Sweet!,neither,0.03945320844208391,0.33037608806864915,0.630170703489267
@SpeedDemonStar Maggots have also been used to keep wounds clean!,neither,0.04335287517467505,0.33750024699876524,0.6191468778265596
"on that note, gonna go grab a cold drink and be very, very thankful I dont live in Phoenix rn",neither,0.03829941030607644,0.3581498031058078,0.6035507865881157
@johnmillner critical role,neither,0.03945320844208391,0.33037608806864915,0.630170703489267
Crit Role yo,neither,0.03964697252438172,0.41977036366237525,0.5405826638132432
BTS Cam is the best Cam. BloodTrail,neither,0.04326839637632794,0.31411821321124883,0.6426133904124232
@owifig many still do actually,neither,0.04003425983573505,0.34642677784345416,0.6135389623208107
@johnmillner its a q&a with the cast of critical role about the show!,neither,0.03461349227928859,0.304714067725094,0.6606724399956174
Talks Machina is a chat show where they talks about eh previous weeks episode in this case ep 101 of Critical Role,neither,0.0487573819160807,0.2976895037862714,0.653553114297648
"@johnmillner After show of Critical role, they answer questions and talk about what happened",neither,0.03712720479801408,0.28302696874341104,0.6798458264585749
I still love the music...,neither,0.03394339678341751,0.3450953885972843,0.6209612146192981
"WTF, frying pasta?",offensive_language,0.042407859720907694,0.5862771718565469,0.37131496842254547
"anyways, brb",neither,0.03945320844208391,0.33037608806864915,0.630170703489267
lol frying plain pasta? :P,neither,0.03276538862284376,0.3782397973042811,0.5889948140728751
"I don't know why, but that's funy",neither,0.019256720902941,0.41760052836299294,0.563142750734066
@Critternation3000 wiked - thats what i was hoping for - just heard about ciritcal role but was sad it was just on thursdays,neither,0.030898861534260816,0.35943308424613973,0.6096680542195995
funny*,neither,0.03743087889716943,0.36470029830538836,0.5978688227974422
frying plain pasta lolwat,neither,0.03945320844208391,0.33037608806864915,0.630170703489267
HAHAHAHA,neither,0.03945320844208391,0.33037608806864915,0.630170703489267
secret message recieved,neither,0.03945320844208391,0.33037608806864915,0.630170703489267
hahahahahahaha,neither,0.03945320844208391,0.33037608806864915,0.630170703489267
LUL,neither,0.03945320844208391,0.33037608806864915,0.630170703489267
LOL!,neither,0.020706217963973744,0.4882283491876925,0.4910654328483337
ah the guest show names,neither,0.05048893463151613,0.2581509527745502,0.6913601125939336
it's an impasta,neither,0.037165044767129216,0.3199760218464858,0.642858933386385
"how we doing tonight, ah lighting check",neither,0.03747380892392646,0.31638337285889345,0.64614281821718
yup,neither,0.03945320844208391,0.33037608806864915,0.630170703489267
Tweet your Guest name suggestions @TalksMachina ! #CriticalRole#tweetmyguests,neither,0.061479140072698044,0.32426920873176146,0.6142516511955406
who are the guests today?,neither,0.07682533624146742,0.2948410500398113,0.6283336137187211
i have a feeling that matt is wanting to finish the arc while we still have ashley,neither,0.04299058773875854,0.3557553010793059,0.6012541111819355
someone make an antipasta joke,neither,0.039790963360019235,0.3246435056411918,0.635565530998789
"Liam, Taliesin, ashly",neither,0.03945320844208391,0.33037608806864915,0.630170703489267
"Liam ( twitter.com/VoiceOfOBrien ) , Ashley (twitter.com/thevulcansalute ) , and Taliesin (twitter.com/executivegoth ) Brian Wayne Foster (twitter.com/BrianWFoster )",neither,0.03841795029111839,0.4449682947070945,0.5166137550017871
"Hi critters! first time posting, long time veiwer",neither,0.03274582806997581,0.3585362253314551,0.6087179465985691
is she not playing in next game?,neither,0.0455678097174057,0.3802106856720888,0.5742215046105055
"Liam, Taliesin, Ashley are the guests this week",neither,0.05712026176741092,0.2857762332504207,0.6571035049821683
ooh BTS is in color now,neither,0.04855906232735166,0.32724416736308914,0.6241967703095592
Hi @Station4268,neither,0.03945320844208391,0.33037608806864915,0.630170703489267
Frying Plain Pasta = Brian Wayne Foster,neither,0.03945320844208391,0.33037608806864915,0.630170703489267
"I'd like to #ThankMyGuests ""Murdered by Erika Jaffe""",neither,0.06481877438840379,0.40058253411586486,0.5345986914957314
lol :D,neither,0.020706217963973744,0.4882283491876925,0.4910654328483337
Hi @Dragonchrome,neither,0.03945320844208391,0.33037608806864915,0.630170703489267
she is but blindspot starts filming season 3 in a month,neither,0.04448316241534225,0.4029663128006029,0.5525505247840549
enjoy the show,neither,0.05770525576931836,0.21904612092559345,0.7232486233050882
Dis gon b gud,offensive_language,0.01321467931554199,0.5411639741825909,0.44562134650186713
my kind of humour :D,neither,0.024741091065009553,0.4496439802454204,0.52561492868957
I have icecream. Just thought you should know,neither,0.0655646599777095,0.34072224378095994,0.5937130962413305
Did Erika get her sweet sweet vengance yet?,offensive_language,0.032660775348027506,0.4867542110993455,0.480585013552627
Has Taliesin's joy turned to ashes in his mouth?,neither,0.06818026758396575,0.32271417557359167,0.6091055568424426
@SpeedDemonStar well I had soup,neither,0.03945320844208391,0.33037608806864915,0.630170703489267
Hooray for soup,neither,0.03230642378606592,0.2947176413993014,0.6729759348146326
@Iwillgotohell2 what kind?,neither,0.0478891006235264,0.3244280832997743,0.6276828160766993
the green screens in talks are way more pristine,neither,0.06415313407716247,0.24840793824615753,0.6874389276766799
what it this?!?! colour backstage is black and white bardWHAT,hate_speech,0.7308492302986341,0.2463464929082319,0.022804276793133973
"PSA please don't shoot people in the face, even with weapons you can have an eye out.",neither,0.07072554102706946,0.34317944437878195,0.5860950145941486
i love how professional this channel is. love to see these backstage images :),neither,0.04991286679329436,0.38343533214006476,0.5666518010666408
BIDET FROM SOUTH SUDAN,neither,0.04041079298828133,0.31412337922315653,0.6454658277885622
Taliesin cant help it tho,neither,0.03390736819752653,0.3402282696226405,0.625864362179833
"oh man, I could imagine the trouble they could enjoy making if they had green screens, if nothing else, just for pre-show times like this",neither,0.030229663391640783,0.3458672860367363,0.6239030505716229
Me too I love behind the scenes stuff,neither,0.031543011557738435,0.3593082122437153,0.6091487761985463
He's a dead shot,neither,0.045924482865152313,0.3281503200503681,0.6259251970844795
this equipment makes me so jealous,neither,0.03352789679391153,0.3977138547823776,0.5687582484237108
bidet and beep beep,neither,0.03763944115734239,0.1918412352459551,0.7705193235967025
I wonder how Talks will change with the new campaign. Anyone heard plans from Brian/Matt/G&S?,neither,0.03622777124840412,0.27683060102284796,0.6869416277287479
Bidet from Bethlehem PA,neither,0.04069404815304118,0.30931579984010865,0.6499901520068502
"kind of makes sense it has so many subscribers, compared to a single streamer with his or her PC as the only tool :)",neither,0.040041347374379484,0.47421584416154405,0.48574280846407636
"@SpeedDemonStar oh dude, it had a bunch of stuff... like chicken and... meat... english is not my first language so idk a lot of food names",neither,0.03982996427025373,0.41332237013156353,0.5468476655981828
Bidet From the UK,neither,0.039613273355342184,0.2892653269430044,0.6711213997016535
"it took a bit of work, but I was able to come up with some candy/cake based ""thank my guests"" names",neither,0.024969286294016603,0.4371968194852316,0.5378338942207519
"I have a couple webcams and a tortured copy of OBS, but this stuff, and all the space for it, ung, and all those lighting toys, so good",neither,0.04300804011340416,0.30896772920812365,0.6480242306784723
"lots of good streamers of that kind as well, though, by all means, but this channel is certainly different",neither,0.03950101750678257,0.42737193970848303,0.5331270427847342
bidet from PA,neither,0.04069404815304118,0.30931579984010865,0.6499901520068502
@Iwillgotohell2 sounds pretty good,neither,0.03871473455544819,0.3306300831014282,0.6306551823431237
"is it the same equipment all day, I wonder",neither,0.046410198583323785,0.36443410271047005,0.5891556987062062
its starting in 20 minutes?,neither,0.03428630318088134,0.33215322371953065,0.633560473099588
"So i havn't been able to watch any talks machina so far, is a new campaign confirmed? Do we know how much is left of this one?",neither,0.05282151319025284,0.34311605310937077,0.6040624337003765
where are all the audio pros from chat during CR now to see how professional and complex this set up is for when they *** about the audio\,neither,0.045264643013739975,0.32560540808851235,0.6291299488977476
"they use different studios, i think",neither,0.012577216424879202,0.42163620649952727,0.5657865770755934
Toffee slim-jim Jaffa cakes,neither,0.03945320844208391,0.33037608806864915,0.630170703489267
Talks Machina is on every Tuesday 7pm - 8pm PDT on twitch.tv/geekandsundryhttp://www.wheniscriticalrole.com/talksmachina,neither,0.04025631948211108,0.3412807404907357,0.6184629400271532
"@oh_bother from what I understand, it strongly depends on the day",neither,0.040703744742658504,0.2992135643130883,0.6600826909442532
lychee bonbon,neither,0.03945320844208391,0.33037608806864915,0.630170703489267
Tech crew! <3 bless you guys,neither,0.05164023462427449,0.3670744231187709,0.5812853422569545
@SpeedDemonStar interesting,neither,0.03945320844208391,0.33037608806864915,0.630170703489267
Bidet from Atlanta GA,neither,0.04042918616695488,0.31381119897869514,0.6457596148543501
etc,neither,0.03945320844208391,0.33037608806864915,0.630170703489267
TALKS MACHINA at 7pm Pacific,neither,0.03873809723113231,0.3521495033941839,0.6091123993746838
HeyGuys,neither,0.03945320844208391,0.33037608806864915,0.630170703489267
that won't stop them @Kerviel_,neither,0.05188841035100953,0.46813453711090464,0.47997705253808576
!clock,neither,0.03945320844208391,0.33037608806864915,0.630170703489267
It is currently 6:41 PM at the Geek & Sundry studio in California.,neither,0.0534460154289174,0.3294088346371876,0.617145149933895
Bidet from Shelton Wa,neither,0.04071751644889743,0.3089174816120565,0.6503650019390461
hi @ArseQueef,neither,0.03945320844208391,0.33037608806864915,0.630170703489267
"@lokistark666 fairly certain they've confirmed at new campaign, this is probably the last arc of Vox Machina",neither,0.030631641551845168,0.2917908920880376,0.6775774663601173
bidet from nc!!,neither,0.04066490145509902,0.30981049537100724,0.6495246031738937
"bidet from perry, ohio",neither,0.04042481989400276,0.31388530602575704,0.6456898740802403
Wasssuuupppp @PipersTwin mangoW,neither,0.03945320844208391,0.33037608806864915,0.630170703489267
"Not sure with the new setup, but I know with Crit Role, it used to, and probably still is, a full day to set up until then and is assembled bits at a time",neither,0.04093859987149639,0.3850004642810955,0.574060935847408
"@lokistark666 they have started teh final story arc, not sure how much long final campaign will run but it will be fun, I am sure they will announce next campaign stuff when they are ready, they are [retty good about that kind of thing",neither,0.04099242945584182,0.40220876932732713,0.556798801216831
They haven't shown with the new setup yet though,neither,0.033962288103544895,0.28696788633215753,0.6790698255642976
wheniscriticalrole.com/talksmachina,neither,0.03945320844208391,0.33037608806864915,0.630170703489267
hey its that critter that liam stole from 826la,neither,0.030941013522736618,0.37771505003542616,0.5913439364418371
"not much, you? @ArseQueef",neither,0.058851632576901895,0.4349146226547495,0.5062337447683486
oh man i'm going to be so sad to see these characters go. I only just caught up on all the episodes and have finally started to watch live.,neither,0.05551567389189986,0.4480221065495114,0.49646221955858877
look a Tall Lee Sin Coffee,neither,0.04800594654240284,0.2101877062451821,0.741806347212415
"@Kerviel_ finders keepers, that means it belongs to him now Kappa",neither,0.03990667463680057,0.3522192860087853,0.6078740393544142
bidet from Tennessee,neither,0.04071751644889743,0.3089174816120565,0.6503650019390461
gandsSubHype gandsLessthanthree @Thellamasc,neither,0.03945320844208391,0.33037608806864915,0.630170703489267
^^^,neither,0.03945320844208391,0.33037608806864915,0.630170703489267
yeah when we flip studio modes here (brewing) I have to get my friend in here to help move everything coil wires and then we have to tech light an test it strangely takes forever for how simple it is,neither,0.05368939383257049,0.3655344049799041,0.5807762011875255
"@lokistark666 same, episode 100 was my first one live!",neither,0.029075817010286567,0.4264298083141054,0.544494374675608
momstah!,neither,0.03945320844208391,0.33037608806864915,0.630170703489267
this is really like a professional TV-channel/studio,neither,0.052054750499784024,0.339416812942224,0.608528436557992
How long till Ashley as to leave?,neither,0.04262225564459099,0.35142866200210704,0.6059490823533019
"@PipersTwin Just woke up, ready to watch some bad hosting and then a Denise stream B)",neither,0.03458780200331876,0.35335449600836677,0.6120577019883146
oh and bidet from Oklahoma,neither,0.04449600902461812,0.22721206393480187,0.72829192704058
has*,neither,0.04037880115036203,0.31466636420469085,0.6449548346449472
bidet from massachusetts,neither,0.04069404815304118,0.30931579984010865,0.6499901520068502
Tweet your Guest name suggestions @TalksMachina ! #CriticalRole#tweetmyguests,neither,0.061479140072698044,0.32426920873176146,0.6142516511955406
bidet from Portland Oregon,neither,0.040371808140217125,0.31478505383715205,0.6448431380226308
gandsSubHype gandsLessthanthree @LooksLikeTumnus,neither,0.03945320844208391,0.33037608806864915,0.630170703489267
bidet from Boston!,neither,0.040769555981420263,0.3080342349327864,0.6511962090857933
"Liam ( twitter.com/VoiceOfOBrien ) , Ashley (twitter.com/thevulcansalute ) , and Taliesin (twitter.com/executivegoth ) Brian Wayne Foster (twitter.com/BrianWFoster )",neither,0.03841795029111839,0.4449682947070945,0.5166137550017871
"lokistark666 I don't seem them going anywhere soon, even if they end, likely just start up a new campaign, they really love spending time together, this has been good for their friendships as well",neither,0.030137091123442525,0.3702248669116492,0.5996380419649083
"@ArseQueef so, when's your talkshow starting? Kappa",neither,0.052987891918981324,0.40483742771991005,0.5421746803611087
df,neither,0.03945320844208391,0.33037608806864915,0.630170703489267
Beep beep from Arkansas!,neither,0.04066490145509902,0.30981049537100724,0.6495246031738937
what i would give to work on that crew,neither,0.04318474139198616,0.3654757606288552,0.5913394979791587
@psilio no lie - they have great production value,neither,0.03677166049469363,0.3280622878191443,0.6351660516861621
"@Rae816 me too! I fell in love with everyone and I'm gonna have to say goodbye to them so soon. The characters i mean, not the people of course. (I love the people too though)",neither,0.052989843596557576,0.4237916188498647,0.5232185375535777
"Bidet from Lakewood, NY",neither,0.04084513770590474,0.30675141581570226,0.6524034464783931
@SpeedDemonStar Talks Talks Machina will be debuting this fall. it's the new Talks Machina recap show Kappa,neither,0.046497959886676606,0.2497297161345455,0.7037723239787779
hello everyone!! how are we all on this fine day?,neither,0.0507166003082759,0.4283564024116025,0.5209269972801216
I wouldn't want to work on that crew... they are stretched so thin with staff :(,neither,0.044832929016042446,0.38010781739729343,0.5750592535866641
"should start in about 16 minutes, according to the schedule",neither,0.04980899416129614,0.3553131294011215,0.5948778764375825
bidet from Pennsylvania,neither,0.04069404815304118,0.30931579984010865,0.6499901520068502
hello!,neither,0.03945320844208391,0.33037608806864915,0.630170703489267
@ArseQueef you know... I'd actually watch that :P,neither,0.06187468988141679,0.4324446613346441,0.505680648783939
I can't imagine life without Grog,neither,0.03643630388475184,0.38210337926295096,0.5814603168522972
bidet fellow PA critter,neither,0.03945320844208391,0.33037608806864915,0.630170703489267
Talks Machina is on every Tuesday 7pm - 8pm PDT on twitch.tv/geekandsundryhttp://www.wheniscriticalrole.com/talksmachina,neither,0.04025631948211108,0.3412807404907357,0.6184629400271532
looks like windows is downloading something,neither,0.05455832523763469,0.3396631950809633,0.6057784796814021
approx 15 mins,neither,0.03945320844208391,0.33037608806864915,0.630170703489267
@lokistark666 it is sad :( but i'm excited to see what they do next! and there's always a rewatch as an option :p,neither,0.046002345847575156,0.33703237746878634,0.6169652766836385
@todayimkae bidet fellow pa critter,neither,0.03945320844208391,0.33037608806864915,0.630170703489267
Bidet from RVA!,neither,0.04228451509352876,0.2823214250720796,0.6753940598343917
Bidet from Montreal!,neither,0.04062582848913359,0.31047366557575606,0.6489005059351104
We have a subscriber-only Discord server! Join here: https://discord.gg/geekandsundry (you'll need to sub and link it to your Twitch) and be a part of the fun!...Warning: It can take up to an hour for the server to update and give you access to the channels,neither,0.08464076273808444,0.286394834032893,0.6289644032290227
"hold up, why is the video feed upside down, my brain",neither,0.030939136905466996,0.35546136897210967,0.6135994941224232
"Bidet from Pittsburgh, PA!!!",neither,0.04036266062233628,0.31494031108870923,0.6446970282889545
Bidet from Cincinnati Ohio,neither,0.040754399270683486,0.3082914838698526,0.650954116859464
"it'll be sad to see the end of an era of Vox Machina, but a part of me thinks that they've reached their peak and its time for them to ""retire""",neither,0.028024933970840583,0.3278004785779395,0.64417458745122
