text,top_class,hate_speech,offensive_language,neither
beep beep,neither,0.03945320844208391,0.33037608806864915,0.630170703489267
LATE,neither,0.03945320844208391,0.33037608806864915,0.630170703489267
aaaaand... go,neither,0.04276165647058889,0.34190019769565555,0.6153381458337556
Bidet from Attleboro Massachusetts!,neither,0.04069404815304118,0.30931579984010865,0.6499901520068502
beep beep y'all,offensive_language,0.046917543854519406,0.6277741405869331,0.3253083155585475
beep beep critters,neither,0.03945320844208391,0.33037608806864915,0.630170703489267
Bidet from Ontario,neither,0.04062582848913359,0.31047366557575606,0.6489005059351104
"Bidet from Bridgeport, CT",neither,0.04066490145509902,0.30981049537100724,0.6495246031738937
Bidet from Greensboro NC!,neither,0.04066490145509902,0.30981049537100724,0.6495246031738937
"bidet from Taos, NM",neither,0.04228451509352876,0.2823214250720796,0.6753940598343917
Beep Beep from the UK,neither,0.039613273355342184,0.2892653269430044,0.6711213997016535
gandsMatt gandsLessthanthree gandsLessthanthree gandsLessthanthree,neither,0.03945320844208391,0.33037608806864915,0.630170703489267
bidet,neither,0.03945320844208391,0.33037608806864915,0.630170703489267
"Bidet and beep, beep critter nation!",neither,0.03840264189818727,0.2749437060729204,0.6866536520288923
hola compadres,neither,0.03945320844208391,0.33037608806864915,0.630170703489267
"Bidet from Austin, TX!",neither,0.0404991143919742,0.31262433450199256,0.6468765511060333
Bidet from Red Deer Alberta Canada! :),neither,0.04004103149568212,0.3175345349467389,0.6424244335575789
it blows having no internet,neither,0.037509236057266186,0.3431047613790656,0.6193860025636683
bidet from fl,neither,0.04066490145509902,0.30981049537100724,0.6495246031738937
Bidet from Garland TX,neither,0.04038868291416263,0.3144986448836462,0.6451126722021913
"THE SHOW WILL START SHORTLY, SAM IS A BIT LATE",neither,0.058170430616794444,0.24389458676146566,0.6979349826217399
WHEN WILL THE SHOW START? NOT ENOUGH CAPS ARE BEING USED @GaeaCa,neither,0.052883656267916954,0.2787391259979638,0.6683772177341192
"Bidet from Atlanta, GA",neither,0.04042918616695488,0.31381119897869514,0.6457596148543501
"bidet from Surrey, UK people - bedtime now",neither,0.06418948976125181,0.3139261501883306,0.6218843600504175
Bidet from Colorado,neither,0.04066490145509902,0.30981049537100724,0.6495246031738937
@naturalfreakin20 Aye! I'm also a Marylander! bidet mogo,neither,0.03945320844208391,0.33037608806864915,0.630170703489267
"bidet from Garden Grove, Ca",neither,0.0404610193939263,0.3132709060388878,0.6462680745671858
please be patient folks,neither,0.03984391277921327,0.33364779588632226,0.6265082913344644
"bidet from Syracuse, NY",neither,0.04084513770590474,0.30675141581570226,0.6524034464783931
"Bidet from Katy, TX!",neither,0.040442547282471694,0.31358442597864195,0.6459730267388865
I shoulda grabbed more oreos...,neither,0.04309476095560696,0.0764175960928985,0.8804876429514946
Yes,neither,0.03945320844208391,0.33037608806864915,0.630170703489267
Sam works for Disney and I think they're in Anaheim while the show is in Burbank. Toss in bad traffic and it takes a bit to get to the show,neither,0.06291401052902167,0.2082535789869803,0.728832410483998
my first emotes!!!!!!!!! gandsSCANLAN gandsSCANLAN gandsSCANLAN gandsSCANLAN gandsGandsVaxSigil gandsGandsVaxSigil gandsGandsVaxSigil gandsGandsVaxSigil,neither,0.014755728947254607,0.48422019921476606,0.5010240718379794
danLate,neither,0.03945320844208391,0.33037608806864915,0.630170703489267
"bidet from arnhem, holland",neither,0.04228451509352876,0.2823214250720796,0.6753940598343917
gandsMatt !,neither,0.03945320844208391,0.33037608806864915,0.630170703489267
here we go,neither,0.13156755280784707,0.2765461283225309,0.5918863188696221
ooooooh,neither,0.03945320844208391,0.33037608806864915,0.630170703489267
beep beep and bidet from phoenix,neither,0.039665017157423446,0.26811748049299106,0.6922175023495856
"chat, is it thursday yet...? gandsSubHype gandsSubHype",neither,0.04508653516292513,0.32843852868976087,0.6264749361473141
bidet from DC,neither,0.0408364874901429,0.30689823255244486,0.6522652799574122
I am in my jammies with my tea,offensive_language,0.015088994635570981,0.5139014874927504,0.4710095178716786
"Bidet, friends",neither,0.03945320844208391,0.33037608806864915,0.630170703489267
Bidet beep beep from Los Feliz!,neither,0.04078317879478948,0.307803020237201,0.6514138009680096
yay !,neither,0.03945320844208391,0.33037608806864915,0.630170703489267
gandsSubHype gandsSubHype gandsSubHype gandsSubHype gandsSubHype gandsSubHype,neither,0.03945320844208391,0.33037608806864915,0.630170703489267
@MrAgoo I have to use caps so folks see it among the ton of other messages :),neither,0.02411831278369813,0.39643804452456055,0.5794436426917413
Bidet from Pittsburgh,neither,0.04066490145509902,0.30981049537100724,0.6495246031738937
beep beep from MN,neither,0.040737273169946825,0.30858215849491494,0.6506805683351382
here we go!!!,neither,0.13156755280784707,0.2765461283225309,0.5918863188696221
Live :D,neither,0.04891340716200846,0.3271222919257548,0.6239643009122369
yeet,neither,0.03945320844208391,0.33037608806864915,0.630170703489267
Bidet from Nebraska,neither,0.04062582848913359,0.31047366557575606,0.6489005059351104
beep beep!,neither,0.03945320844208391,0.33037608806864915,0.630170703489267
gandsSubHype gandsSubHype gandsSubHype,neither,0.03945320844208391,0.33037608806864915,0.630170703489267
WOO,neither,0.03945320844208391,0.33037608806864915,0.630170703489267
yay,neither,0.03945320844208391,0.33037608806864915,0.630170703489267
WOOOO! lET'S GOOO,neither,0.024028385875293705,0.36420730681166985,0.6117643073130364
It's 7:06 on the best day of the week.....,neither,0.034847505775042496,0.3011827736207427,0.6639697206042149
oh travis :P,neither,0.0450478101092574,0.2772031091301225,0.6777490807606199
"bidet from the UK, currently traveling abroad for the summer, but i wouldnt mis CR for anything in the world",neither,0.032654153160167544,0.28372021533581604,0.6836256315040163
WEEEEE ARE LIIIIIIIIIIIIIVE,neither,0.1675493120064283,0.18605165911864094,0.6463990288749307
yaaaas,neither,0.03945320844208391,0.33037608806864915,0.630170703489267
Ayo!,neither,0.03945320844208391,0.33037608806864915,0.630170703489267
gandsSubHype gandsSubHype gandsSubHype gandsSubHype gandsSubHype,neither,0.03945320844208391,0.33037608806864915,0.630170703489267
ya,offensive_language,0.017331157930923866,0.7872544665869478,0.19541437548212848
here we goooooo,neither,0.15579607761817918,0.2572279575342963,0.5869759648475245
WOOO!,neither,0.03945320844208391,0.33037608806864915,0.630170703489267
beep beep,neither,0.03945320844208391,0.33037608806864915,0.630170703489267
yah!!!!,neither,0.03945320844208391,0.33037608806864915,0.630170703489267
WOOT WOOT,neither,0.03945320844208391,0.33037608806864915,0.630170703489267
oh god just made it,neither,0.0382520044284449,0.29907550155035206,0.6626724940212031
beep beep from Jeseyyyy,neither,0.04228451509352876,0.2823214250720796,0.6753940598343917
huzzah!,neither,0.03945320844208391,0.33037608806864915,0.630170703489267
'ERE WE GO 'ERE WE GO 'ERE WE GO,neither,0.04147345988742768,0.3436210257558678,0.6149055143567045
beep beep it begins!,neither,0.037828236809968684,0.3309349903269868,0.6312367728630445
Yes1,neither,0.03945320844208391,0.33037608806864915,0.630170703489267
whoot whoot,neither,0.03945320844208391,0.33037608806864915,0.630170703489267
Woo!,neither,0.03945320844208391,0.33037608806864915,0.630170703489267
YEEEEAAAAASSSSSS!!!!,neither,0.03945320844208391,0.33037608806864915,0.630170703489267
Wooooooooo,neither,0.03945320844208391,0.33037608806864915,0.630170703489267
yee,neither,0.03945320844208391,0.33037608806864915,0.630170703489267
AAAAAAAHHHHHHH IT'S HAPPENING,neither,0.037828236809968684,0.3309349903269868,0.6312367728630445
YAAAY!!!,neither,0.03945320844208391,0.33037608806864915,0.630170703489267
bidet,neither,0.03945320844208391,0.33037608806864915,0.630170703489267
HOORAY!!,neither,0.03945320844208391,0.33037608806864915,0.630170703489267
YAY,neither,0.03945320844208391,0.33037608806864915,0.630170703489267
gandsSubHype gandsSubHype gandsSubHype gandsSubHype gandsSubHype gandsSubHype gandsSubHype,neither,0.03945320844208391,0.33037608806864915,0.630170703489267
ashleys hair,neither,0.03945320844208391,0.33037608806864915,0.630170703489267
Ash looking good,neither,0.03883311965352796,0.3305893650375786,0.6305775153088935
thiis format Kreygasm,neither,0.03945320844208391,0.33037608806864915,0.630170703489267
"Ahh, Ashely looks pretty",neither,0.03945320844208391,0.33037608806864915,0.630170703489267
gandsSubHype,neither,0.03945320844208391,0.33037608806864915,0.630170703489267
woooo,neither,0.03945320844208391,0.33037608806864915,0.630170703489267
Bidet from Manitoba,neither,0.04228451509352876,0.2823214250720796,0.6753940598343917
@GaeaCa Sam is usually late... lol gandsLessthanthree,neither,0.03886231995185233,0.37445739245725324,0.5866802875908944
same table hyypppeee,neither,0.04053934360774032,0.3402716444537456,0.6191890119385141
"after 101 episodes, this will be the SECOND one that i'm able to watch live!",neither,0.047395216165267026,0.34829431734587796,0.6043104664888549
gandsSubHype,neither,0.03945320844208391,0.33037608806864915,0.630170703489267
love the set,neither,0.03450887905509738,0.3264475138178024,0.6390436071271002
clintBud clintBud clintBud clintBud clintBud clintBud clintBud clintBud clintBud,neither,0.03945320844208391,0.33037608806864915,0.630170703489267
Yay I just made it in time,neither,0.03310238360882214,0.36846032706387105,0.5984372893273069
CR MERCH - https://shop.geekandsundry.com/collections/critical-role,neither,0.03945320844208391,0.33037608806864915,0.630170703489267
Woot,neither,0.03945320844208391,0.33037608806864915,0.630170703489267
gandsCrit,neither,0.03945320844208391,0.33037608806864915,0.630170703489267
WOOOT!!!,neither,0.03945320844208391,0.33037608806864915,0.630170703489267
hair???,neither,0.03945320844208391,0.33037608806864915,0.630170703489267
sound.. fuckin hell,offensive_language,0.06376318385841738,0.9356814625942281,0.0005553535473543453
ashley's hair is so long???,neither,0.046412762244357045,0.3657639677445236,0.5878232700111194
"Aloha mods, bidet Critters",neither,0.03945320844208391,0.33037608806864915,0.630170703489267
OMG Ashley Kreygasm,neither,0.03945320844208391,0.33037608806864915,0.630170703489267
SO EXCITED,neither,0.03940839469474773,0.3948270312238364,0.565764574081416
is the volume super low or just me,neither,0.035371837218934596,0.36030955781155455,0.6043186049695108
"Whoa, Ashley's hair",neither,0.03945320844208391,0.33037608806864915,0.630170703489267
Woooo!,neither,0.03945320844208391,0.33037608806864915,0.630170703489267
Bidet from Germany,neither,0.04069404815304118,0.30931579984010865,0.6499901520068502
First stream! :D,neither,0.03183144858848599,0.3329975607826918,0.6351709906288221
let's goooo,neither,0.024028385875293705,0.36420730681166985,0.6117643073130364
Love the table together!,neither,0.03573938810086036,0.3273065170085498,0.63695409489059
"Got my trail mix, got my milk. Ready to roll!",neither,0.02878139227095696,0.47496542504569783,0.49625318268334523
Bidet from Saskatoon,neither,0.04228451509352876,0.2823214250720796,0.6753940598343917
gandsSubHype gandsSubHype,neither,0.03945320844208391,0.33037608806864915,0.630170703489267
@KarraChr000 true dat,neither,0.03945320844208391,0.33037608806864915,0.630170703489267
"Bidet from Buffalo, NY",neither,0.04043211762049359,0.3137614445616591,0.6458064378178473
Bidet from Colorado Springs KappaPride,neither,0.040334677536117594,0.315415257091876,0.6442500653720065
TTours,neither,0.03945320844208391,0.33037608806864915,0.630170703489267
Bidet!,neither,0.03945320844208391,0.33037608806864915,0.630170703489267
Oooh I like that lighting!,neither,0.04447587356493241,0.37726753831039683,0.5782565881246707
Bidet from the UK,neither,0.039613273355342184,0.2892653269430044,0.6711213997016535
bidet from st louis,neither,0.040470992782370326,0.313101631608523,0.6464273756091067
i am getting a shirt for my B day on monday :),neither,0.02344069403371884,0.4185347430414275,0.5580245629248536
Just got done watching Tal's DM tips. Holy CRAP can that gentleman narrate.,neither,0.03455638004901668,0.38722227232505635,0.5782213476259269
CR MERCH - https://shop.geekandsundry.com/collections/critical-role,neither,0.03945320844208391,0.33037608806864915,0.630170703489267
$50 poster FeelsBadMan,neither,0.03945320844208391,0.33037608806864915,0.630170703489267
"signed, yes! 200 bucks, noooooo",neither,0.03945320844208391,0.33037608806864915,0.630170703489267
woooo first time able to use subscriber chat!,neither,0.016466345261409904,0.41667545981703685,0.5668581949215532
waiting for my poster...,neither,0.024841643810458135,0.37814040316916336,0.5970179530203785
Ashley's hair got long,neither,0.03809090483997966,0.369866617508176,0.5920424776518443
Ashleys hair is giving me LIFE,neither,0.03582313524573171,0.42358791095174325,0.5405889538025249
One more week PogChamp,neither,0.0407308692334593,0.3588394138384262,0.6004297169281145
Dat contrast tho,neither,0.03569608133076006,0.3387758684160407,0.6255280502531992
Yaaaaaas Ashley love the extensions,neither,0.03686191878080581,0.32816485399129425,0.6349732272278998
Beep beep!,neither,0.03945320844208391,0.33037608806864915,0.630170703489267
ash's hair is sweet,neither,0.046481754802870416,0.32795864867694635,0.6255595965201831
TURN UP THURSDAY! BIDET FROM BROOKLYN!,neither,0.03816087529656403,0.35903241665879565,0.6028067080446404
"Bidet from Victoria, BC!!!",neither,0.04052303010603489,0.3122184224193425,0.6472585474746226
Finally free from CmonBruh,neither,0.04067276978081783,0.3096769493488653,0.649650280870317
Ordered my signed one today,neither,0.028475587803057454,0.40623616320190326,0.5652882489950393
Volume was lowered before you went live and it never came to the correct volume. Please raise the mic volume PLEASE!!!!,neither,0.04350724565930497,0.35158569296931247,0.6049070613713824
It's like $400 I wish I could but nope,neither,0.04345277647375114,0.3508016535214953,0.6057455700047535
anyone know what Liam,neither,0.04439979404170893,0.32681894918783416,0.6287812567704569
it's 7 pm do you know where your critters are?,neither,0.1469361188883929,0.28281587007686687,0.5702480110347402
WOAH ASHLEYS HAIR,neither,0.03945320844208391,0.33037608806864915,0.630170703489267
bidet from michigan,neither,0.040769555981420263,0.3080342349327864,0.6511962090857933
"So glad Ashley made it, getting close to her filming schedule.",offensive_language,0.03402537305282523,0.5267235505550756,0.4392510763920993
da hairs,offensive_language,0.08076711150118229,0.4687900416953419,0.45044284680347596
love ashley's hair tonight,neither,0.034714400174794546,0.3220244614163749,0.6432611384088305
ooh new angles,neither,0.04258034851196737,0.25279304515138606,0.7046266063366465
Birthday critical role!,neither,0.03945320844208391,0.33037608806864915,0.630170703489267
Bidet from hell,offensive_language,0.04282387748247523,0.8742163882703163,0.08295973424720841
bidet!!,neither,0.03945320844208391,0.33037608806864915,0.630170703489267
"whoa, long hair ashley. so pretty",neither,0.03924554129211733,0.36100532776794564,0.5997491309399371
i want a CR polo i can wear to work,neither,0.044656340914691894,0.3213502491834815,0.6339934099018265
"Here for 2 more weeks and then gone forever, just like Vox Machina, probably.",neither,0.06820938174559085,0.28994904026455703,0.6418415779898522
I bought a hat last week. It's really nice!,neither,0.03839449966697228,0.3307402265641388,0.6308652737688889
<3 Ashley's hair!,neither,0.03945320844208391,0.33037608806864915,0.630170703489267
ashley looks gorgioussss,neither,0.03945320844208391,0.33037608806864915,0.630170703489267
Ashley's hair is dang sexy tonight,neither,0.04359844707591343,0.3100327253727114,0.6463688275513753
Bidet from VA!,neither,0.04066490145509902,0.30981049537100724,0.6495246031738937
audio super quiet or?,neither,0.03945320844208391,0.33037608806864915,0.630170703489267
"so excited, off work tomorrow so i can watch the whole show",neither,0.053136076198852474,0.3229085050569158,0.6239554187442317
mics are quiet,neither,0.07827919682553539,0.2680168241295929,0.6537039790448718
Bidet from Virginia,neither,0.04079557052152802,0.30759270029461827,0.6516117291838538
Holy crap Ashley is so pretty tonight <3,neither,0.04270371121987192,0.34134779920239244,0.6159484895777356
Ashley may be wearing extentions,neither,0.04115497774843149,0.31196014492562185,0.6468848773259466
"Bedit from ,.. new mexico !",neither,0.04441189881032757,0.21402420332822164,0.7415638978614508
Ashley's hair is soo pretty this week gandsAJinSpace gandsAJinSpace gandsAJinSpace,neither,0.04510063304233832,0.32953704313494864,0.6253623238227131
My body is ready for some Dnd,neither,0.026349444777755693,0.37828194524984254,0.5953686099724017
bidet from columbus! go bucks!,neither,0.04140237790084162,0.3183880160316852,0.6402096060674731
Bidet from OHIO!,neither,0.040754399270683486,0.3082914838698526,0.650954116859464
green what?,neither,0.04972922771147061,0.2862716324129177,0.6639991398756118
gandsSubHype gandsSubHype gandsSubHype gandsSubHype,neither,0.03945320844208391,0.33037608806864915,0.630170703489267
"Am i the only one that thinks that scanlan going full traitor going like ""i just needed the greatest sacrifice for my god and take out a fake eye""",neither,0.03623426705394135,0.40561462305775176,0.558151109888307
!commands,neither,0.03945320844208391,0.33037608806864915,0.630170703489267
"Honestly, I'm hoping they are able to wrap up CR before Ashley has to leave. It would be terrible if she wasnt here for the finale.",neither,0.053835167808395964,0.36936184419609275,0.5768029879955113
Ashley's hair is amazing,neither,0.04650458319491566,0.32795079694611234,0.6255446198589719
@baijieli Green Ronin Publishing,neither,0.04133473293169446,0.28611716085498706,0.6725481062133184
"As always, the audio is too low",neither,0.04156411971785634,0.3862567434096513,0.5721791368724923
"Matt's hair is longer, I sense a drastic haircut incoming",neither,0.044943773100752864,0.3284876311093823,0.6265685957898649
Matt looks tired tonight.,neither,0.03717056896346893,0.3112615589544222,0.6515678720821088
Ashley with the good hair tonight,neither,0.027823838699566093,0.3300935805225317,0.6420825807779023
green ronin,neither,0.04133473293169446,0.28611716085498706,0.6725481062133184
hi,neither,0.03945320844208391,0.33037608806864915,0.630170703489267
Green Ronin for anyone wondering,neither,0.035027511252280506,0.28144297265859175,0.6835295160891277
or pre-order from Amazon,neither,0.040440167088378574,0.31362482408421377,0.6459350088274077
Hi,neither,0.03945320844208391,0.33037608806864915,0.630170703489267
green robin,neither,0.04065791683877486,0.30216502496267966,0.6571770581985454
New set is nice,neither,0.05306967353687532,0.23139015846528665,0.7155401679978379
I thought if you pre-ordered you got the pdf immediately,neither,0.04668261743610427,0.38594986029820905,0.5673675222656867
@SnarkyRogue G&S tends to run a little quieter than most,neither,0.04410443328024678,0.33732161469049726,0.6185739520292559
@baijieli Green Ronin,neither,0.04133473293169446,0.28611716085498706,0.6725481062133184
"Bidet from Cambridge, UK",neither,0.04038150078596344,0.3146205443430473,0.6449979548709892
this...this is the table setup it should have always been,neither,0.04938570327410655,0.3896997508462913,0.560914545879602
audio is still meh,neither,0.04518577905024743,0.340065208527518,0.6147490124222345
SAM SHIRT,neither,0.03945320844208391,0.33037608806864915,0.630170703489267
"bidet from Durham, NC :D",neither,0.040334677536117594,0.315415257091876,0.6442500653720065
Shirtception is back!,neither,0.05875706531986774,0.3237366064983911,0.6175063281817412
"They're too expensive for me, but hopefully those that have such money will probably enjoy them :D I have pre-ordered the book, though :)",neither,0.05199333593931269,0.3094221885998036,0.6385844754608837
Audio super low for everyone?,neither,0.03105455972849083,0.3843032701297253,0.5846421701417838
oh man Sam's shirt guys,neither,0.04412044311354462,0.34282884821646453,0.6130507086699909
Audio is being adjustde.,neither,0.04217568788269278,0.3560214058145098,0.6018029063027974
sam needs to stand up,neither,0.04302647023445979,0.3754105464699706,0.5815629832955695
"Come to GenCon, One and All!!!",neither,0.04625845646180795,0.4412140438757254,0.5125274996624666
KappaPride PogChamp,neither,0.03945320844208391,0.33037608806864915,0.630170703489267
The shirt-ception continues.......,neither,0.038549594326543736,0.31384387123799046,0.6476065344354657
adjusted*,neither,0.03945320844208391,0.33037608806864915,0.630170703489267
SAM'S SHIRT! YES,neither,0.03945320844208391,0.33037608806864915,0.630170703489267
OMG a real table,neither,0.03242008435850931,0.4545006628369719,0.5130792528045187
Pride <3,neither,0.03945320844208391,0.33037608806864915,0.630170703489267
@Grehn the table is new and expensive :),neither,0.04828850135515472,0.20979600126911452,0.7419154973757307
woot woooot,neither,0.03945320844208391,0.33037608806864915,0.630170703489267
Lol,neither,0.020706217963973744,0.4882283491876925,0.4910654328483337
Pride guest!,neither,0.03945320844208391,0.33037608806864915,0.630170703489267
Shirt-seption!,neither,0.03945320844208391,0.33037608806864915,0.630170703489267
I feel like everyone got together and decided to make sure their hair is absolutely perfect today.,neither,0.043966732182062575,0.4416612592164197,0.5143720086015178
mathsquadQueer mathsquadQueer mathsquadQueer mathsquadQueer,neither,0.03945320844208391,0.33037608806864915,0.630170703489267
yay for more shirtception,neither,0.03474867138524274,0.2873786384661247,0.6778726901486326
lolol,neither,0.03945320844208391,0.33037608806864915,0.630170703489267
Sams janky charging cord lol,neither,0.033969324583056994,0.36904448819406366,0.5969861872228793
Yay pride KappaPride,neither,0.03945320844208391,0.33037608806864915,0.630170703489267
Have Sam stand and show off the shirt!,neither,0.04901332295450491,0.23811781914300556,0.7128688579024895
Welcomes back all long time viewers and subs! <3,neither,0.03890773678613002,0.3605939819683741,0.600498281245496
hah,neither,0.03945320844208391,0.33037608806864915,0.630170703489267
HAIR... AWSOME HAIR,neither,0.03945320844208391,0.33037608806864915,0.630170703489267
"Bidet from Denver, Beep Beep",neither,0.04069404815304118,0.30931579984010865,0.6499901520068502
Yes! KappaPride gandsLessthanthree :D feliciaYEAH,neither,0.03945320844208391,0.33037608806864915,0.630170703489267
XD yes a new faceception shirt,neither,0.04347362028468251,0.22960681280958053,0.726919566905737
mathsquadQueer mathsquadQueer mathsquadQueer mathsquadQueer,neither,0.03945320844208391,0.33037608806864915,0.630170703489267
Further shirtception.,neither,0.03945320844208391,0.33037608806864915,0.630170703489267
Hair on Point :P,neither,0.03593425049814292,0.3473894518849258,0.6166762976169313
"Bidet, all!",offensive_language,0.046917543854519406,0.6277741405869331,0.3253083155585475
Sexcelsior!,neither,0.03945320844208391,0.33037608806864915,0.630170703489267
Welcomes all new viewers and subs!,neither,0.042998289747962826,0.2771746474816854,0.6798270627703518
Happy Pride everyone!,neither,0.03373142605676992,0.42748966780952846,0.5387789061337016
gandsGandsPoo,neither,0.03945320844208391,0.33037608806864915,0.630170703489267
I think I liked last weeks angles better for the cameras,neither,0.035677738945892004,0.29837082726446257,0.6659514337896454
Hello peeps :),neither,0.03945320844208391,0.33037608806864915,0.630170703489267
staryturnt,neither,0.03945320844208391,0.33037608806864915,0.630170703489267
Stay Turnt everyone,neither,0.03365237290017861,0.4288314061891815,0.5375162209106399
I dislike how my sub does not pick up were i left off,neither,0.025210519128404437,0.44028699250137227,0.5345024883702233
going fullscreen Bidet,neither,0.03588245227227513,0.3909811392013188,0.5731364085264062
"Brian if you are reading this and I know you are! You are one lucky man , Ashley is looking gorgeous gandsAJinSpace",neither,0.11178236698462005,0.38020783567715566,0.5080097973382244
gandsMatt gandsMatt gandsHecThor gandsDrink,neither,0.03945320844208391,0.33037608806864915,0.630170703489267
Have they released a view of their new setup?,neither,0.04157406316821858,0.2755624406366369,0.6828634961951445
Never expected so much hair chat.,neither,0.03359161924331855,0.39570281933532964,0.5707055614213518
g33kPride g33kPride g33kPride,neither,0.03945320844208391,0.33037608806864915,0.630170703489267
KappaPride,neither,0.03945320844208391,0.33037608806864915,0.630170703489267
"I like that you can see more of the table now, see what the players are using. All that sweet wyrmwood gear",neither,0.06471699375671502,0.4201549621398452,0.5151280441034397
Bidet from Vegas,neither,0.040853311764050625,0.30661268071637476,0.6525340075195746
Alright time to watch Critical Role live for the first time ever while also playing Overwatch with friends. This will work well,neither,0.034513831214865835,0.3314946137508804,0.6339915550342539
KappaPride,neither,0.03945320844208391,0.33037608806864915,0.630170703489267
"I had a mastectomy, looking for very soft tees. I know the ""Vox Machina"" shirt is super soft. What abt the ""Gilbert"" shirt?",neither,0.04138189774658329,0.30395122283402937,0.6546668794193873
Yay!,neither,0.03945320844208391,0.33037608806864915,0.630170703489267
The bear glass holder is adorable,neither,0.04445606533882307,0.3169633962827767,0.6385805383784001
Stay turnt!,neither,0.03945320844208391,0.33037608806864915,0.630170703489267
"if you haven't seen it yet, check out orion's video on why he left, powerful stuff",neither,0.03123683037136018,0.35909995546619694,0.6096632141624428
Bidet everyone!,offensive_language,0.02988896790634741,0.4927062106388782,0.4774048214547744
oooh 18,neither,0.03945320844208391,0.33037608806864915,0.630170703489267
whoever got Matts screen to be level with the screen is the best.,neither,0.0385346070692766,0.351489712643358,0.6099756802873654
PogChamp,neither,0.03945320844208391,0.33037608806864915,0.630170703489267
I made it time!!! Yay!!!!!,neither,0.036886104318571,0.3506399359139907,0.6124739597674383
Everyone's hair is fabulous tonight gandsCrit,neither,0.03850134159386581,0.39193437832537337,0.5695642800807609
Woo,neither,0.03945320844208391,0.33037608806864915,0.630170703489267
Camera's look really good,neither,0.040644931023972534,0.3299662000255806,0.6293888689504469
gandsGandsPoo,neither,0.03945320844208391,0.33037608806864915,0.630170703489267
grats,neither,0.03945320844208391,0.33037608806864915,0.630170703489267
Lvl 18 hype doogHype gandsTrinket,neither,0.03945320844208391,0.33037608806864915,0.630170703489267
dayum level 18,neither,0.03945320844208391,0.33037608806864915,0.630170703489267
@thordaktinderking very much so,neither,0.034620513554532176,0.3894445380300163,0.5759349484154516
Ashley's hair looks gorgeous.,neither,0.03945320844208391,0.33037608806864915,0.630170703489267
"the fuck, people at 18? scanlan with wish maybe?",offensive_language,0.16686379894559922,0.827818002722428,0.005318198331972795
I just found this series and I'm on episode 23. My first time watching live and I just subbed. I really love the show!,neither,0.03094815551691186,0.33148380365965596,0.6375680408234322
"For real, is this the end of Vox?",neither,0.032263685422634206,0.40075416914146234,0.5669821454359035
"Wow i wonder who, 18 is as big as17 for some characters",neither,0.024785637689400022,0.4146882482409812,0.5605261140696188
the camera angles are better :D,neither,0.05948722468130937,0.2796997289970171,0.6608130463216735
This is what Matt was talking about. https://greenroninstore.com/products/critical-role-tal-dorei-campaign-setting-5e-pdf,neither,0.044487065158383306,0.3407194833901456,0.6147934514514711
LEvel 18 hype,neither,0.03945320844208391,0.33037608806864915,0.630170703489267
its amazing,neither,0.03196048751320558,0.3329531783793232,0.6350863341074714
lvl18 hype PogChamp,neither,0.03945320844208391,0.33037608806864915,0.630170703489267
I wish I could justify buying the DM screen Matt uses,neither,0.03896014669962505,0.3214529166382687,0.6395869366621063
Love the hair.,neither,0.034106748506421425,0.326187191929967,0.6397060595636116
lmao ashley,neither,0.03830674001666922,0.3498346492921025,0.6118586106912282
They changed their seating from last week,neither,0.04036284752118762,0.3149371389274349,0.6447000135513775
ashleys hair is awesome,neither,0.04908561075348343,0.3270630632141471,0.6238513260323695
Big time,neither,0.01701545905338079,0.45220776796790585,0.5307767729787134
@CptSharpie Travis had a photo on his twitter,neither,0.055700221030044246,0.4341588070475821,0.5101409719223737
Haha she looks good,offensive_language,0.035418901898109284,0.5023652814101185,0.4622158166917722
The WEAVE is a go!,neither,0.05021312997446326,0.31167007159391275,0.638116798431624
your hair looks amazing Ashley!,neither,0.06358313369204506,0.3236833820568581,0.6127334842510969
SPOILER,neither,0.03945320844208391,0.33037608806864915,0.630170703489267
savage spoiler ashley lol,neither,0.032529048289154705,0.38007715596660097,0.5873937957442443
hahaha,neither,0.03945320844208391,0.33037608806864915,0.630170703489267
hahahaha,neither,0.03945320844208391,0.33037608806864915,0.630170703489267
two year time jump in blindspot,neither,0.03894578173887586,0.3389884435002585,0.6220657747608656
!whodat,neither,0.03945320844208391,0.33037608806864915,0.630170703489267
"Matt ( twitter.com/matthewmercer ), Liam ( twitter.com/VoiceOfOBrien ), Laura ( twitter.com/LauraBaileyVO ), Travis ( twitter.com/WillingBlam ), Taliesin ( twitter.com/executivegoth ), Marisha ( twitter.com/Marisha_Ray ), Ashley ( twitter.com/thevulcansalute ) and Sam ( twitter.com/samriegel )",neither,0.038497284057339126,0.4631245699676006,0.49837814597506036
loce ashleys hair,neither,0.03945320844208391,0.33037608806864915,0.630170703489267
So Pike is now confirmed to reappear in Blindspot,neither,0.05566041995615065,0.36767076855605485,0.5766688114877945
Holy Extensions!,neither,0.03945320844208391,0.33037608806864915,0.630170703489267
mmmm level18 hype,neither,0.03945320844208391,0.33037608806864915,0.630170703489267
blindspot spoilers,neither,0.03945320844208391,0.33037608806864915,0.630170703489267
"Whew, made it",neither,0.03684238675525566,0.33127406936755094,0.6318835438771935
ashley trying to get out of blind spot by breaking NDAs hahaha,neither,0.040886052547474995,0.3694386463484449,0.5896753011040801
hooooly shit asholeeee,offensive_language,0.041595751201534026,0.9584042484281707,3.702953810110442e-10
unsnatchable weave,neither,0.03945320844208391,0.33037608806864915,0.630170703489267
lol she looks so cute,offensive_language,0.03458458801027923,0.5174093006369564,0.4480061113527644
Sailing!,neither,0.03945320844208391,0.33037608806864915,0.630170703489267
bidet from new Zealand. I missed the announcements. Blindspot spoiler,neither,0.043317214763038535,0.19586334949452996,0.7608194357424316
she is so amazing,offensive_language,0.052011957027830374,0.4936922668325158,0.4542957761396538
Bidet from ATX,neither,0.04228451509352876,0.2823214250720796,0.6753940598343917
gandsLessthanthree gandsLessthanthree gandsLessthanthree the hair,neither,0.03793482152290453,0.3020491449720566,0.6600160335050389
in tonight's episode of critical role...,neither,0.03747867126621323,0.3138415679707999,0.6486797607629871
Matt so distracted by the proximity,neither,0.039577188626917774,0.39057339461116386,0.5698494167619184
matt's face is so fun,neither,0.04686922692649524,0.3687477840804519,0.5843829889930527
yyeaahhH!,neither,0.03945320844208391,0.33037608806864915,0.630170703489267
Patterson's Pattycakes,neither,0.03945320844208391,0.33037608806864915,0.630170703489267
It's gonna suck when this campaign is over BibleThump,neither,0.048044605069574614,0.41875579380488326,0.5331996011255422
that hair looks really great though,neither,0.03465978055454048,0.3437220626872307,0.6216181567582287
Matt makes the best faces,neither,0.03804487910458346,0.31153382285966247,0.6504212980357541
Patterson's Pastries!!!,neither,0.03945320844208391,0.33037608806864915,0.630170703489267
lvl 18?????????,neither,0.03945320844208391,0.33037608806864915,0.630170703489267
So excited,neither,0.03940839469474773,0.3948270312238364,0.565764574081416
@levi762 any way we can get her here is a good way :D,neither,0.06761211192977358,0.4640876541604328,0.46830023390979375
Slayers Bake CiGrip,neither,0.03945320844208391,0.33037608806864915,0.630170703489267
her hair looks beautiful,offensive_language,0.030487285744759778,0.5520844360463064,0.4174282782089338
Squid1 Squid3 Squid4,neither,0.03945320844208391,0.33037608806864915,0.630170703489267
BIDET FROM SLC,neither,0.04228451509352876,0.2823214250720796,0.6753940598343917
blinspot thing happened at end of last season,neither,0.03902621680301276,0.34590191070551607,0.6150718724914712
bidet from germany,neither,0.04069404815304118,0.30931579984010865,0.6499901520068502
see you in 399 seconds HeyGuys,neither,0.0615490073495136,0.39143857827765904,0.5470124143728273
going fullscreen Bidet !,neither,0.03588245227227513,0.3909811392013188,0.5731364085264062
Love critical role,neither,0.03682333006937251,0.34259071276084346,0.620585957169784
Isn't 400 second slow mode a bit much? I think the critters are respectful enough to not spam.. FeelsBadMan,neither,0.050588691149908285,0.2990070245632772,0.6504042842868145
Pattercakes!,neither,0.03945320844208391,0.33037608806864915,0.630170703489267
Scanlan Wish time!,neither,0.03769954281875895,0.3601403703990512,0.6021600867821898
And so it begins!!,neither,0.03702075117330028,0.3334064572415291,0.6295727915851705
gandsLessthanthree gandsSubHype gandsSubHype gandsLessthanthree,neither,0.03945320844208391,0.33037608806864915,0.630170703489267
Bidet From Vancouver~!,neither,0.04228451509352876,0.2823214250720796,0.6753940598343917
god I need this today,neither,0.03749029702462555,0.3047591140565591,0.6577505889188153
the time jump was in the last episode of blindspot season 2 so...,neither,0.03744929131486626,0.3497104496273851,0.6128402590577487
"Lets GO , Critters. Thanks to the pit crew and all the fine nerdy voice actorsa",neither,0.04132390615281639,0.32311520225668633,0.6355608915904974
bidet from germany,neither,0.04069404815304118,0.30931579984010865,0.6499901520068502
audio weird for me,neither,0.02842886679351022,0.3380237838420247,0.633547349364465
GL HF,neither,0.03945320844208391,0.33037608806864915,0.630170703489267
wtf is going on wit hthe audio,offensive_language,0.04823638461837152,0.7166276237451544,0.23513599163647406
"Might want to cut that from the VOD, just sayin'",neither,0.03794328379127899,0.347442742840364,0.6146139733683571
Is scanlan 18 now???,neither,0.05039081930021476,0.32661414214380186,0.6229950385559834
gandsSubHype gandsSubHype gandsSubHype gandsSubHype gandsNatTwenty,neither,0.03945320844208391,0.33037608806864915,0.630170703489267
critical role Kreygasm,neither,0.03945320844208391,0.33037608806864915,0.630170703489267
special hair,neither,0.08797495434164239,0.3032181207783079,0.6088069248800497
Bidet from MI,neither,0.04081748366884477,0.3072207769958956,0.6519617393352596
I love this intro! I'm only sad that we may never see Taryon in these.,neither,0.038139336794969544,0.42770450040870517,0.5341561627963253
"sad today, hopeful this makes me feel better",neither,0.03330551684740673,0.34279435709981676,0.6239001260527766
"Cant tell who has better hair tonight Matt, Laura or Ashley.",neither,0.03820575769870442,0.34822556371816654,0.613568678583129
I'll be sad when this campaign is over but I'm excited to see what they give us next too. :-),neither,0.06046408776385992,0.3663470592566268,0.5731888529795132
i haZ dnd tomarrow and i happy,neither,0.03866388803643961,0.29044516881358395,0.6708909431499764
!discord,neither,0.03945320844208391,0.33037608806864915,0.630170703489267
Dun dun duuuuuun,neither,0.03945320844208391,0.33037608806864915,0.630170703489267
We have a subscriber-only Discord server! Join here: https://discord.gg/geekandsundry (you'll need to sub and link it to your Twitch) and be a part of the fun!...Warning: It can take up to an hour for the server to update and give you access to the channels,neither,0.08464076273808444,0.286394834032893,0.6289644032290227
YAY WE LOVE YOU,neither,0.054178824038730915,0.4037883865437183,0.5420327894175508
"audio is fine, maybe reload?",neither,0.04648637164059306,0.3279570607347457,0.6255565676246612
woah the audio is different?,neither,0.04485418878492772,0.3159895634189898,0.6391562477960824
gandsSubHype,neither,0.03945320844208391,0.33037608806864915,0.630170703489267
gandsSubHype gandsSubHype gandsSubHype gandsSubHype,neither,0.03945320844208391,0.33037608806864915,0.630170703489267
Bidet!,neither,0.03945320844208391,0.33037608806864915,0.630170703489267
bidet from vancouver!,neither,0.04228451509352876,0.2823214250720796,0.6753940598343917
Bidet!,neither,0.03945320844208391,0.33037608806864915,0.630170703489267
time jump on Blind spot is not a spoiler as it was shown already,neither,0.03800447153795746,0.38241174370286357,0.5795837847591789
TableHere FlipThis,neither,0.03945320844208391,0.33037608806864915,0.630170703489267
GL HF Don't die!,neither,0.36368487559502816,0.05544614199689241,0.5808689824080794
YESSS Just in time!,neither,0.03362409318384241,0.3729747646817815,0.5934011421343761
?,neither,0.03945320844208391,0.33037608806864915,0.630170703489267
Sure hope Ashley can somehow make it for the end of the campaign,neither,0.04773565066474122,0.30716604578331935,0.6450983035519394
"@inthecloudstv there's 20,000 people watching. I think 400 is just fine.",neither,0.05984165334419763,0.3078753039892904,0.6322830426665118
bidet from Ohio!!,neither,0.040754399270683486,0.3082914838698526,0.650954116859464
Ashley has to have extensions right? I didnt notice it that long on tuesdays talks,neither,0.03776392891348251,0.3672341812946754,0.5950018897918421
Audio is fine ?,neither,0.04746221442780288,0.32762142365236524,0.6249163619198318
Yay,neither,0.03945320844208391,0.33037608806864915,0.630170703489267
woo,neither,0.03945320844208391,0.33037608806864915,0.630170703489267
i wonder if they are going to redo this intro for the new characters.,neither,0.04055772645502395,0.26991475264920617,0.68952752089577
that timing tho.,neither,0.031954206092270794,0.3809102781172072,0.5871355157905219
I've been having audio delays,neither,0.020459043322844386,0.31815286370035206,0.6613880929768035
awesome just in time,neither,0.03322653176580619,0.3760173938880554,0.5907560743461385
"omg, i just realised that this sequence is accurate again!",neither,0.0374081171135558,0.3930877266035205,0.5695041562829236
Tko inc,neither,0.03945320844208391,0.33037608806864915,0.630170703489267
DELILAH,neither,0.03945320844208391,0.33037608806864915,0.630170703489267
Suprise twist Lady Briarwood turns out tobe Larkin in disguise shhhhhkeep it uder your hats #SaveLarkin!,neither,0.05220880482767006,0.33621214091839907,0.6115790542539309
Anyone having audio problems?,neither,0.03945320844208391,0.33037608806864915,0.630170703489267
