text,top_class,hate_speech,offensive_language,neither
anyone know how to get the twitch roku app to show this,neither,0.0588446212881151,0.27164545896305464,0.6695099197488302
biday from texas,neither,0.040937266849991,0.30518774380265185,0.6538749893473571
Bidet from upstate NY! Happy bday Matt!,neither,0.04014009413097326,0.3187178452993963,0.6411420605696304
gandsGandsPoo gandsGandsPoo gandsGandsPoo gandsGandsPoo gandsMatt gandsCrit gandsSCANLAN,neither,0.03945320844208391,0.33037608806864915,0.630170703489267
feliz cumpleaños to our magnificent dm,neither,0.0479713007956028,0.3254384232675571,0.6265902759368401
Happy Birthday Matt!!!!!,neither,0.03945320844208391,0.33037608806864915,0.630170703489267
Hi @Moleking82uk and @levi762,neither,0.038358606956405694,0.2721397086643902,0.6895016843792041
Woot!,neither,0.03945320844208391,0.33037608806864915,0.630170703489267
"First True ressuction, it will be interesting to see how matt deals with it",neither,0.032029374966100956,0.33985093965927143,0.6281196853746277
why do they always start late now? is it because of the new mics,neither,0.0367139068513912,0.3025541357709917,0.6607319573776171
gandsMatt,neither,0.03945320844208391,0.33037608806864915,0.630170703489267
Lets do this!!!!,neither,0.040148419443759686,0.3496283523875733,0.610223228168667
any word on how late they will be?,neither,0.038600756132974284,0.3245646784577883,0.6368345654092373
Beep Beep from Albuquerque! Happy Birthday Matthew Mercer!!!!,neither,0.04037379884637452,0.3147512663583319,0.6448749347952936
happy birthday Matt :D,neither,0.03945320844208391,0.33037608806864915,0.630170703489267
gandsSubHype gandsSubHype gandsSubHype gandsSubHype gandsMatt,neither,0.03945320844208391,0.33037608806864915,0.630170703489267
All the mods to the rescue to save Vax!!! gandsGandsModAlert gandsGandsModAlert gandsGandsModAlert,neither,0.05139932600222875,0.3515803045291235,0.5970203694686479
Bidet from the 614,neither,0.039779025773403386,0.2539611253407979,0.7062598488857987
I guess I can sub since its matt's bday,neither,0.03521137657275778,0.33246012626925614,0.6323284971579861
hello everyone,neither,0.03269494828970791,0.4450814005079928,0.5222236512022994
beep beep from Washington state,neither,0.07569869260918143,0.20816383471815325,0.7161374726726654
bidet from ID,neither,0.04097845174991622,0.304488728566897,0.6545328196831867
Happy Birthday Matt Mercer,neither,0.03945320844208391,0.33037608806864915,0.630170703489267
happy birthday mat!! :),neither,0.03945320844208391,0.33037608806864915,0.630170703489267
Bidet from Eunice New Mexico!,neither,0.04441189881032757,0.21402420332822164,0.7415638978614508
hi all,neither,0.0423466876598404,0.4436528871510691,0.5140004251890904
Bidet from Aachen,neither,0.04228451509352876,0.2823214250720796,0.6753940598343917
bidet from Maryland :),neither,0.04066490145509902,0.30981049537100724,0.6495246031738937
bidet from dsonHudson county New Jersey,neither,0.043513252296996756,0.23598866342855448,0.7204980842744487
"@nazuki87 Yeah, some really talented critters out there.",neither,0.019349450225629426,0.4102532893108841,0.5703972604634865
HAPPY BIRTHDAY FROM SWEDEN!,neither,0.04077267242560895,0.3079813407416333,0.6512459868327578
Hi from so cal \,neither,0.04041530555788829,0.3549831643747879,0.604601530067324
Happy Birthday matt!!!!,neither,0.03945320844208391,0.33037608806864915,0.630170703489267
no mercy mercer?,neither,0.03848957175417732,0.3467315175537778,0.6147789106920449
love all of you critters and your amazing talents!,neither,0.08168071527263264,0.3966252956133164,0.5216939891140511
beep beep and bidet to all you lovely critters!!! I'm sending all my good energy to max tonight,neither,0.047404866240565065,0.4406050353306329,0.511990098428802
time for more epic adventures,neither,0.03418431632877207,0.31070575808864087,0.6551099255825871
"Bidet from Ontario, Canada",neither,0.040354386843928725,0.3150807387011266,0.6445648744549448
HAPPY BDAY MATT,neither,0.03945320844208391,0.33037608806864915,0.630170703489267
"Matt, Happy Birthday. One down, six to go.",neither,0.044368902653988206,0.35276265548900126,0.6028684418570106
Happy birthday matt!!!!,neither,0.03945320844208391,0.33037608806864915,0.630170703489267
Bidet beep beep,neither,0.03945320844208391,0.33037608806864915,0.630170703489267
Happy B-day Matt gandsSubHype gandsSubHype gandsSubHype gandsSubHype gandsSubHype,neither,0.039968826230046654,0.31515617697698495,0.6448749967929683
Happy birthday Matt!!!,neither,0.03945320844208391,0.33037608806864915,0.630170703489267
Love to all the Critter artists! This is awesome!,neither,0.05031093174266691,0.38012388681602743,0.5695651814413056
bidet from Buffalo NY and happy birthday Matt!,neither,0.03957316727275506,0.29198751450490557,0.6684393182223395
"happy birthday, matt gandsMatt gandsMatt gandsMatt gandsMatt gandsMatt gandsMatt gandsMatt gandsMatt gandsMatt",neither,0.03945320844208391,0.33037608806864915,0.630170703489267
Is it birthday yet?,neither,0.047418885278475924,0.32763632653370306,0.624944788187821
bidet from mass!,neither,0.04078317879478948,0.307803020237201,0.6514138009680096
Thanks to Taliesin I was able to come out to my dad today; thanks my fellow bi bud!,neither,0.03208088573846449,0.39120461951625346,0.576714494745282
Poop in a cup gandsAJinSpace,neither,0.03945320844208391,0.33037608806864915,0.630170703489267
Bidet and Happy Birthday Matt! gandsNatTwenty gandsNatTwenty gandsNatTwenty gandsGandsRobotParty gandsGandsRobotParty gandsGandsRobotParty,neither,0.03870509733805258,0.29274688096722806,0.6685480216947194
"Just a reminder... it ended on ""Where's Vax?"" last time, so I hope everyone's prepared for PAIN, because there's nothing but that on the menu. :'(",neither,0.03696187716371801,0.3622395846941895,0.6007985381420924
I wonder if there are enough Toronto critters for a meet-up one day,neither,0.034025004336233906,0.33227292868364056,0.6337020669801257
!wtfisthis,neither,0.03945320844208391,0.33037608806864915,0.630170703489267
Happy birthday Matt!!!,neither,0.03945320844208391,0.33037608806864915,0.630170703489267
This is Episode 103 of #CriticalRole where nerdy ass voice actors play Dungeons and Dragons!,offensive_language,0.10823375455746369,0.7367146893487284,0.15505155609380786
bidet from Arizona,neither,0.04078317879478948,0.307803020237201,0.6514138009680096
Bidet from the UK!!,neither,0.039613273355342184,0.2892653269430044,0.6711213997016535
"Bidet from Denver, CO!",neither,0.040644782651300455,0.31015196397736267,0.6492032533713368
!who,offensive_language,0.04159901189299763,0.525362713080101,0.4330382750269014
happily BIRTHDAY MATTTTT gandsMatt gandsMatt gandsMatt gandsMatt gandsMatt gandsMatt gandsMatt,neither,0.03945320844208391,0.33037608806864915,0.630170703489267
I can't wait to see how this true Resurrection spell works out,neither,0.04068652621527708,0.3362130712371463,0.6231004025475765
"I don't think Delilah is dead forever either guys! Head blown off, sure, but what can't a little Vecna necromancy fix?",neither,0.04049442791147461,0.4113251099157446,0.5481804621727808
Happy birthday Matt!,neither,0.03945320844208391,0.33037608806864915,0.630170703489267
"Bidet from Weymouth, MA",neither,0.031816597323666866,0.4599893087150652,0.5081940939612679
🎂 Happy birthday gandsMatt !,neither,0.03945320844208391,0.33037608806864915,0.630170703489267
!whodat,neither,0.03945320844208391,0.33037608806864915,0.630170703489267
"Matt ( twitter.com/matthewmercer ), Liam ( twitter.com/VoiceOfOBrien ), Laura ( twitter.com/LauraBaileyVO ), Travis ( twitter.com/WillingBlam ), Taliesin ( twitter.com/executivegoth ), Marisha ( twitter.com/Marisha_Ray ), Ashley ( twitter.com/thevulcansalute ) and Sam ( twitter.com/samriegel )",neither,0.038497284057339126,0.4631245699676006,0.49837814597506036
Wooo!,neither,0.03945320844208391,0.33037608806864915,0.630170703489267
yaaaaaaay,neither,0.03945320844208391,0.33037608806864915,0.630170703489267
this art is fromlast week :\,neither,0.047951590959662,0.3290616964873343,0.6229867125530039
AAAAAAAA,neither,0.03945320844208391,0.33037608806864915,0.630170703489267
feels cold in here...need to put on my HDYWTDT hoodie,neither,0.059807938166329615,0.36928682607209595,0.5709052357615745
YES YES,neither,0.03945320844208391,0.33037608806864915,0.630170703489267
MATTTT!,neither,0.03945320844208391,0.33037608806864915,0.630170703489267
yaaaayyyy,neither,0.03945320844208391,0.33037608806864915,0.630170703489267
I've drank one and a half of my drinks before the stream due to stress. You do this to me Vox Machina,neither,0.02792201257519998,0.41082593388686944,0.5612520535379305
gandsSubHype gandsSubHype gandsSubHype gandsSubHype gandsSubHype gandsSubHype gandsSubHype,neither,0.03945320844208391,0.33037608806864915,0.630170703489267
Happy Birthday matt!,neither,0.03945320844208391,0.33037608806864915,0.630170703489267
auyyyyy,neither,0.03945320844208391,0.33037608806864915,0.630170703489267
gandsSubHype gandsSubHype gandsSubHype gandsSubHype,neither,0.03945320844208391,0.33037608806864915,0.630170703489267
gandsSubHype gandsSubHype gandsSubHype gandsSubHype gandsSubHype gandsSubHype,neither,0.03945320844208391,0.33037608806864915,0.630170703489267
(literally singing) HAPPY BIRTHDAY TO YOU gandsApplaud gandsApplaud,neither,0.06213530816438049,0.36776701725985095,0.5700976745757685
bidet from Rochester NY. happy birthday Matt and oh god im so nervous,neither,0.042010590217691685,0.3112479500909574,0.6467414596913509
WOOOOOOOOOOOOOOOO HOOOOOOOOOOOOOOOOOO!,neither,0.03945320844208391,0.33037608806864915,0.630170703489267
woooooooooooooo,neither,0.03945320844208391,0.33037608806864915,0.630170703489267
Happy Birthday Matt!,neither,0.03945320844208391,0.33037608806864915,0.630170703489267
WOO,neither,0.03945320844208391,0.33037608806864915,0.630170703489267
Bidet from Colorado Springs KappaPride,neither,0.040334677536117594,0.315415257091876,0.6442500653720065
Bidet from BC Canada!,neither,0.04052303010603489,0.3122184224193425,0.6472585474746226
Bidet from Pensacola!,neither,0.04228451509352876,0.2823214250720796,0.6753940598343917
YAAY,neither,0.03945320844208391,0.33037608806864915,0.630170703489267
bidet from kansas and happy birthday!,neither,0.03961894074532714,0.2796615670177973,0.6807194922368754
Happy Birthday Matt!!,neither,0.03945320844208391,0.33037608806864915,0.630170703489267
hype!!!!!,neither,0.03945320844208391,0.33037608806864915,0.630170703489267
HAPPY BIRTHDAY,neither,0.03945320844208391,0.33037608806864915,0.630170703489267
!edition,neither,0.03945320844208391,0.33037608806864915,0.630170703489267
KEEP UR FINGERS CROSSED & UR ASS CLENCHED,offensive_language,0.1891005447256234,0.777452834511724,0.033446620762652604
YAY,neither,0.03945320844208391,0.33037608806864915,0.630170703489267
gandsLessthanthree gandsLessthanthree gandsLessthanthree gandsLessthanthree gandsLessthanthree gandsLessthanthree gandsLessthanthree,neither,0.03945320844208391,0.33037608806864915,0.630170703489267
happy birthday matt!!,neither,0.03945320844208391,0.33037608806864915,0.630170703489267
"For D&D enthusiasts who are curious, the Critical Role Team is playing a modified version of Dungeons and Dragons 5th Edition converted from Pathfinder.",neither,0.050189168847164,0.2902573354412162,0.6595534957116197
Here we go!,neither,0.13156755280784707,0.2765461283225309,0.5918863188696221
"Happy Birthday, MATT!!!",neither,0.03945320844208391,0.33037608806864915,0.630170703489267
yeeeaaah,neither,0.03945320844208391,0.33037608806864915,0.630170703489267
I think the Raven Queen will get involved.,neither,0.039789759459239134,0.3022398567607431,0.6579703837800178
Bidet!,neither,0.03945320844208391,0.33037608806864915,0.630170703489267
HAPPY BIRTHDAY,neither,0.03945320844208391,0.33037608806864915,0.630170703489267
Here we go!,neither,0.13156755280784707,0.2765461283225309,0.5918863188696221
Happy Birthday,neither,0.03945320844208391,0.33037608806864915,0.630170703489267
Wooo !,neither,0.03945320844208391,0.33037608806864915,0.630170703489267
@gaeaca hi fragWave fragWave,neither,0.03945320844208391,0.33037608806864915,0.630170703489267
Why tho @Mrboxman ?,neither,0.018933281849254392,0.3696508811102441,0.6114158370405015
gandsSubHype gandsSubHype gandsSubHype,neither,0.03945320844208391,0.33037608806864915,0.630170703489267
Bidet!,neither,0.03945320844208391,0.33037608806864915,0.630170703489267
Yes!!!,neither,0.03945320844208391,0.33037608806864915,0.630170703489267
HAPPY BIRTHDAY,neither,0.03945320844208391,0.33037608806864915,0.630170703489267
Bitdet,neither,0.03945320844208391,0.33037608806864915,0.630170703489267
refresh if you can't see the stream :D,neither,0.03433587837227438,0.3907562369727983,0.5749078846549271
Poop in a cup?,neither,0.03945320844208391,0.33037608806864915,0.630170703489267
go to sleep bluat,neither,0.05208298237998773,0.3302949281602001,0.6176220894598122
Happy Birth day,neither,0.03998889980639441,0.31456077518134434,0.6454503250122613
HAPPY BIRTHDAY MATT!!!,neither,0.03945320844208391,0.33037608806864915,0.630170703489267
Bidet!,neither,0.03945320844208391,0.33037608806864915,0.630170703489267
Bidet! and happy birthday matt!,neither,0.03870509733805258,0.29274688096722806,0.6685480216947194
Happy Birthday Matt!,neither,0.03945320844208391,0.33037608806864915,0.630170703489267
woo hooo - HAPPY BIRTHDAY MATT!!!!,neither,0.03945320844208391,0.33037608806864915,0.630170703489267
"Happy birthday, Matt!",neither,0.03945320844208391,0.33037608806864915,0.630170703489267
My moon fairy (18 months old) is currently torn between watching fan art and watching Dumbo...late nap= wakes baby for critical role!,neither,0.038129200124041925,0.28104538846831334,0.6808254114076447
WOOT WOOT THE BIRTHDAY BOY IS HERE!!!,neither,0.06663393435340277,0.300507730278664,0.6328583353679332
almost on time,neither,0.03432192071017984,0.3738726127601349,0.5918054665296852
Happy born day Matt!,neither,0.03988485056278655,0.3176444709085431,0.6424706785286705
gandsSubHype gandsSubHype gandsSubHype,neither,0.03945320844208391,0.33037608806864915,0.630170703489267
Happy Birthday Matt,neither,0.03945320844208391,0.33037608806864915,0.630170703489267
Happy Birthday Matt!!,neither,0.03945320844208391,0.33037608806864915,0.630170703489267
THERE HE IS,neither,0.06696178465494368,0.25359748659330317,0.6794407287517531
"Happy birthday, Matt!!!!",neither,0.03945320844208391,0.33037608806864915,0.630170703489267
"gandsOwl Bidet from Virginia Beach, Critters. Finished with my Summer classes at ODU, & ready for great show.",neither,0.030635361221182125,0.3275816397119547,0.6417829990668632
WOOOOOO!!!,neither,0.03945320844208391,0.33037608806864915,0.630170703489267
LEEEEGGGGOOOOOOO!!!,neither,0.03945320844208391,0.33037608806864915,0.630170703489267
bidet,neither,0.03945320844208391,0.33037608806864915,0.630170703489267
HAPPY BIRTHDAY MATT,neither,0.03945320844208391,0.33037608806864915,0.630170703489267
Bidet from VA.,neither,0.04066490145509902,0.30981049537100724,0.6495246031738937
gandsLessthanthree gandsLessthanthree gandsLessthanthree gandsLessthanthree gandsLessthanthree,neither,0.03945320844208391,0.33037608806864915,0.630170703489267
hi @Breadbomb92,neither,0.03945320844208391,0.33037608806864915,0.630170703489267
Happy birthday Matt!!,neither,0.03945320844208391,0.33037608806864915,0.630170703489267
gandsGrogSigil gandsGrogSigil gandsGrogSigil,neither,0.03945320844208391,0.33037608806864915,0.630170703489267
HAPPY BIRTHDAY,neither,0.03945320844208391,0.33037608806864915,0.630170703489267
Woooo Bring on the DnDnTears!,neither,0.033763310730658476,0.3263750293776083,0.6398616598917332
bidet and birthday,neither,0.03826321919582731,0.2658185790716844,0.6959182017324883
HAPPY BIRTHDAY MATT,neither,0.03945320844208391,0.33037608806864915,0.630170703489267
"HAPPY BIRTHDAY, MERCER!!!!!!!!!!!!!!",neither,0.03945320844208391,0.33037608806864915,0.630170703489267
@clawdew Bidet from Provo!,neither,0.04228451509352876,0.2823214250720796,0.6753940598343917
gandsMatt gandsMatt,neither,0.03945320844208391,0.33037608806864915,0.630170703489267
Happy Birthday Matt!,neither,0.03945320844208391,0.33037608806864915,0.630170703489267
@GeekandSundry Actually not late,neither,0.03794835794191631,0.33604002278642625,0.6260116192716575
happy birthday matt!,neither,0.03945320844208391,0.33037608806864915,0.630170703489267
Yeeeah,neither,0.03945320844208391,0.33037608806864915,0.630170703489267
is he 40 yet?,neither,0.05555499321894646,0.32483794592684345,0.6196070608542101
BibleThump BibleThump BibleThump BibleThump BibleThump BibleThump BibleThump,neither,0.03945320844208391,0.33037608806864915,0.630170703489267
Happy Birthday Matt!!!,neither,0.03945320844208391,0.33037608806864915,0.630170703489267
Bidet from Houston,neither,0.040875471929787875,0.3062365648703896,0.6528879631998226
love the new camrae,neither,0.03862866857112113,0.18630248016655016,0.7750688512623287
Happy Birthday MATT!,neither,0.03945320844208391,0.33037608806864915,0.630170703489267
feels!!!!,neither,0.03945320844208391,0.33037608806864915,0.630170703489267
"Happy birthday, Matt",neither,0.03945320844208391,0.33037608806864915,0.630170703489267
YAAAAY,neither,0.03945320844208391,0.33037608806864915,0.630170703489267
Bidet!,neither,0.03945320844208391,0.33037608806864915,0.630170703489267
gandsSubHype gandsSubHype gandsSubHype,neither,0.03945320844208391,0.33037608806864915,0.630170703489267
OMG....so excited and afraid!,neither,0.038619304780645465,0.33250567238637874,0.6288750228329759
Ahhhhhhhhh,neither,0.03945320844208391,0.33037608806864915,0.630170703489267
Birthday boy!! gandsLessthanthree gandsMatt gandsLessthanthree,neither,0.03945320844208391,0.33037608806864915,0.630170703489267
gandsSubHype gandsSubHype gandsSubHype gandsSubHype gandsSubHype gandsSubHype gandsSubHype gandsSubHype gandsSubHype gandsSubHype gandsSubHype gandsSubHype gandsSubHype gandsSubHype,neither,0.03945320844208391,0.33037608806864915,0.630170703489267
woot woot,neither,0.03945320844208391,0.33037608806864915,0.630170703489267
Are Grog's eyes always red or just when raging?,neither,0.043735500477473585,0.36719816421562324,0.5890663353069031
happy birthday,neither,0.03945320844208391,0.33037608806864915,0.630170703489267
I CAN'T TAKE THIS PRESSURE,neither,0.03964486555681771,0.3271231666464048,0.6332319677967774
Happy birthday and bidet from ATL!,neither,0.039624149419452824,0.27831656414107653,0.6820592864394707
"im here, im subbed let go",neither,0.05207447514561336,0.379835160372436,0.5680903644819507
hi,neither,0.03945320844208391,0.33037608806864915,0.630170703489267
it's 3 am in the UK and I am awake watching critical role,neither,0.03759730625820165,0.3006156121715888,0.6617870815702095
Poop in a cup!!,neither,0.03945320844208391,0.33037608806864915,0.630170703489267
LOL GOOD THING I HAVEN'T PAYED FOR ALPHA. IT'S THE WORST.,neither,0.030309101132645906,0.32316792309124936,0.6465229757761047
HAPPY BIRTHDAY MATT!!!,neither,0.03945320844208391,0.33037608806864915,0.630170703489267
HAPPY BIRTHDAY MATT,neither,0.03945320844208391,0.33037608806864915,0.630170703489267
HAPPY BIRTHDAY!!!!!!,neither,0.03945320844208391,0.33037608806864915,0.630170703489267
Liam's here!,neither,0.09364123505225529,0.28810195686813106,0.6182568080796136
BIDET ***,neither,0.03945320844208391,0.33037608806864915,0.630170703489267
Happy birthday Matt!!!,neither,0.03945320844208391,0.33037608806864915,0.630170703489267
"Birthday boiiiiii! We love you, Matt!",neither,0.051698194360356525,0.3919886259846792,0.5563131796549642
Oh shit its on HERE WE GO,offensive_language,0.08759507564360947,0.910600922503493,0.0018040018528975809
#HappyB-DayMatt,neither,0.03945320844208391,0.33037608806864915,0.630170703489267
"yay, ashley :)",neither,0.03945320844208391,0.33037608806864915,0.630170703489267
happy birthday matt!,neither,0.03945320844208391,0.33037608806864915,0.630170703489267
LESGOOOO!,neither,0.03945320844208391,0.33037608806864915,0.630170703489267
HEPPTY BEPPTY MR. MERCER,neither,0.03945320844208391,0.33037608806864915,0.630170703489267
Happy Bday!,neither,0.03945320844208391,0.33037608806864915,0.630170703489267
Happy birthday Matt!,neither,0.03945320844208391,0.33037608806864915,0.630170703489267
gandsMatt gandsMatt gandsMatt,neither,0.03945320844208391,0.33037608806864915,0.630170703489267
Hooray Liam is there!,neither,0.04801959467007171,0.2839386532701362,0.6680417520597921
Happy Birthday Matt,neither,0.03945320844208391,0.33037608806864915,0.630170703489267
happy birthday Matt!,neither,0.03945320844208391,0.33037608806864915,0.630170703489267
#HappyBirthdayMattMercer,neither,0.03945320844208391,0.33037608806864915,0.630170703489267
Happy birthday!!!!!,neither,0.03945320844208391,0.33037608806864915,0.630170703489267
What did we ever do to deserve Matt Mercer and his crew <3,neither,0.07624908009099698,0.29762798592822803,0.6261229339807751
ITS THE BIRTHDAY BOY!!!!!,neither,0.03169719111943954,0.3139676082535156,0.6543352006270448
Bidet from New Zealand,neither,0.046710622032705686,0.1542697019613409,0.7990196760059534
Bidet my friends!!,neither,0.022077970793004758,0.4757527544997119,0.5021692747072832
Bidet from NYC,neither,0.04081748366884477,0.3072207769958956,0.6519617393352596
"Happy birthday, matt!!",neither,0.03945320844208391,0.33037608806864915,0.630170703489267
Happy birthday mercer!! gandsLessthanthree,neither,0.03945320844208391,0.33037608806864915,0.630170703489267
A happy birthday bidet to mr mercer from MN,neither,0.04566707098914106,0.3131133425053459,0.6412195865055131
Matthew's birthday!!!,neither,0.03945320844208391,0.33037608806864915,0.630170703489267
ashley's shirt is awesome!!,neither,0.0462281675256914,0.3280458689699656,0.6257259635043428
happy bday matt!!!,neither,0.03945320844208391,0.33037608806864915,0.630170703489267
So excited first first live episode,neither,0.03257993425811731,0.3639756170894352,0.6034444486524474
Happy birthday!,neither,0.03945320844208391,0.33037608806864915,0.630170703489267
Beep Beep from Fort McMurray.,neither,0.04228451509352876,0.2823214250720796,0.6753940598343917
I love the set now,neither,0.03503558013940152,0.3268040425643516,0.638160377296247
"Happy birthday, Matt! <3",neither,0.03945320844208391,0.33037608806864915,0.630170703489267
Hippo Birdie Matthew!,neither,0.03945320844208391,0.33037608806864915,0.630170703489267
gandsMatt,neither,0.03945320844208391,0.33037608806864915,0.630170703489267
Bidet from Cornwall also Happy Birthday Matt !,neither,0.04032814211397099,0.31552618026179646,0.6441456776242326
omg just made it,neither,0.032573456263072904,0.35648877507199533,0.6109377686649319
First Announcement: Vax is dead.,neither,0.03941833324375509,0.33038808324857766,0.6301935835076673
happy Birthday Matt!,neither,0.03945320844208391,0.33037608806864915,0.630170703489267
Happy birthday Matt!!! Bidet from Portland!,neither,0.040242934224402144,0.31697238052265136,0.6427846852529465
"YAY, can't wait for my poster",neither,0.02715826020751148,0.36662512673655584,0.6062166130559327
"Damnit, gonna be late. I am going to need to be caught up when I get back",neither,0.037534411374085745,0.43273569938393747,0.5297298892419766
happy bday matt!!!!!,neither,0.03945320844208391,0.33037608806864915,0.630170703489267
Happy Birthday Matt!!,neither,0.03945320844208391,0.33037608806864915,0.630170703489267
OH MY GOD for a second I forgot Vax got turned to dust,neither,0.034093112056095096,0.3587731586926647,0.6071337292512403
Hi,neither,0.03945320844208391,0.33037608806864915,0.630170703489267
Happy bday!,neither,0.03945320844208391,0.33037608806864915,0.630170703489267
Oh my god I made it just in time! Who! Happy Birthday Matt!,neither,0.03105660512208583,0.4247919656481145,0.5441514292297998
happy birthday matt!,neither,0.03945320844208391,0.33037608806864915,0.630170703489267
HBD MATT,neither,0.03945320844208391,0.33037608806864915,0.630170703489267
Happy Birthday Matt!!!,neither,0.03945320844208391,0.33037608806864915,0.630170703489267
happy happy birthday,neither,0.03945320844208391,0.33037608806864915,0.630170703489267
What's better than a TPK for your DMs bday?,neither,0.06242821166893854,0.3013520921851014,0.6362196961459601
Bidet from Victoria BC. Happy Birthday Matt,neither,0.04019925374142324,0.3177137523157799,0.6420869939427968
"wait, why is liam at table",neither,0.03533037988046983,0.35844868493546655,0.6062209351840636
Happy Birthday!,neither,0.03945320844208391,0.33037608806864915,0.630170703489267
Bidet everyone!,offensive_language,0.02988896790634741,0.4927062106388782,0.4774048214547744
HAPPY BIRTHDAY MATT!,neither,0.03945320844208391,0.33037608806864915,0.630170703489267
HAPPY BIRTHDAY MATT Kreygasm,neither,0.03945320844208391,0.33037608806864915,0.630170703489267
Bidet from Attleboro Massachusetts and HAPPY BIRTHDAY MATT!,neither,0.03958854278391642,0.28773972362613814,0.6726717335899455
happy birthday matthew,neither,0.03945320844208391,0.33037608806864915,0.630170703489267
bidet from the UK,neither,0.039613273355342184,0.2892653269430044,0.6711213997016535
Love that I can watch live again after catching up! Happy Birthday to Matt!,neither,0.04236838426138949,0.4018030968392178,0.5558285188993927
"love the signed posters, not the signed price",neither,0.03606579999727276,0.3221231329617686,0.6418110670409585
Liam is sitting! Might be a good sign!,neither,0.04492272135625339,0.3312422025853229,0.6238350760584238
"Bidet, and Happy Birthday, you legend!",neither,0.05431449971160725,0.3308633843602984,0.6148221159280943
Happy Birthday Matt!,neither,0.03945320844208391,0.33037608806864915,0.630170703489267
Happy birthday Matt!!! gandsMatt gandsMatt gandsMatt gandsMatt gandsMatt,neither,0.03945320844208391,0.33037608806864915,0.630170703489267
Where's Vax BibleThump BibleThump BibleThump,neither,0.04379278224195774,0.2567221952996476,0.6994850224583946
#Amen,neither,0.03945320844208391,0.33037608806864915,0.630170703489267
happy birthday matt!!! gandsMatt gandsMatt gandsMatt,neither,0.03945320844208391,0.33037608806864915,0.630170703489267
Critical Role Merch https://shop.geekandsundry.com/collections/critical-role,neither,0.03945320844208391,0.33037608806864915,0.630170703489267
change the feed,neither,0.03844474359134437,0.3118695336104907,0.6496857227981649
Bidet from SC,neither,0.040737273169946825,0.30858215849491494,0.6506805683351382
Bidet from Detroit!,neither,0.04080695066346891,0.3073995495860776,0.6517934997504536
F O R E V E R A N D E V E R,neither,0.03945320844208391,0.33037608806864915,0.630170703489267
Hail Vecna!,neither,0.03945320844208391,0.33037608806864915,0.630170703489267
"Happy Birthday, Matt!!!!!!!!!! Thank you for all the brilliance and kindness you've brought into this world!",neither,0.03518392617104074,0.3558511490795721,0.6089649247493872
gandsSubHype,neither,0.03945320844208391,0.33037608806864915,0.630170703489267
Its the highest noon for the mr. Matt Mercer,neither,0.03145852840125479,0.2952734696920851,0.6732680019066601
BIDET FROM BROOKLYN! TURN UP THURSDAY! HBD BABY DADDY MATT!,neither,0.038469136314203456,0.3516870221573253,0.6098438415284712
im ok with not paying 200 dollars for a poster,neither,0.028485094178808193,0.3562349996556658,0.6152799061655261
No cam around the table,neither,0.038023830020668184,0.32850994331729944,0.6334662266620323
Bidet from good old seattlefell,neither,0.0400244536835598,0.3052024892814882,0.654773057034952
Happy bidet Matt!,neither,0.03945320844208391,0.33037608806864915,0.630170703489267
FYI Merch link https://shop.geekandsundry.com/collections/critical-role,neither,0.03945320844208391,0.33037608806864915,0.630170703489267
bidet from the eastern shore of virginia ^_^,neither,0.03954355416958181,0.3060563768120642,0.6544000690183541
Best thing about having a two week holiday in America means I can finally watch the awesomeness that is Critical Role live for the first time,neither,0.08598417719563854,0.29140658557043403,0.6226092372339274
Happy Birthday !!,neither,0.03945320844208391,0.33037608806864915,0.630170703489267
I really do love the feel of them all at the same table. It must be so nice for them!,neither,0.049822141517219726,0.3654300577214351,0.5847478007613452
Happy Birthday Matt!,neither,0.03945320844208391,0.33037608806864915,0.630170703489267
Sharts?,neither,0.03945320844208391,0.33037608806864915,0.630170703489267
sharts,neither,0.03945320844208391,0.33037608806864915,0.630170703489267
bidet from eastern canada!!!,neither,0.04038434874462851,0.31457220705192124,0.6450434442034502
"Happy birthday Matt, and BIDET!",neither,0.03870509733805258,0.29274688096722806,0.6685480216947194
Happy bday Matt :D,neither,0.03945320844208391,0.33037608806864915,0.630170703489267
"Bidet from Buffalo, NY! Happy Birthday Matt!",neither,0.04016623252242946,0.31827420858061883,0.6415595588969517
bidet!,neither,0.03945320844208391,0.33037608806864915,0.630170703489267
yes...let us not change the camera,neither,0.047893142063082546,0.34333495166043954,0.6087719062764779
FYI Merch link https://shop.geekandsundry.com/collections/critical-role,neither,0.03945320844208391,0.33037608806864915,0.630170703489267
Sup peeps!,neither,0.03945320844208391,0.33037608806864915,0.630170703489267
Happy birthday Matt!,neither,0.03945320844208391,0.33037608806864915,0.630170703489267
Bidet Tedib,neither,0.03945320844208391,0.33037608806864915,0.630170703489267
Bidet from Okotoks Albee,neither,0.04228451509352876,0.2823214250720796,0.6753940598343917
HAPPY BIRTHDAY!!!,neither,0.03945320844208391,0.33037608806864915,0.630170703489267
Bidet from SF!,neither,0.04062582848913359,0.31047366557575606,0.6489005059351104
FYI Merch link https://shop.geekandsundry.com/collections/critical-role,neither,0.03945320844208391,0.33037608806864915,0.630170703489267
HAPPY BIRTHDAY MATT!!!! gandsApplaud gandsApplaud,neither,0.03945320844208391,0.33037608806864915,0.630170703489267
HBD DM supreme,neither,0.03945320844208391,0.33037608806864915,0.630170703489267
Bidet from North Texas!,neither,0.04051530955006381,0.31234946040321715,0.647135230046719
i has no money for cool things,neither,0.03362485795070616,0.3096498964133202,0.6567252456359737
HAPPY BIRTHDAY Matt! :D,neither,0.03945320844208391,0.33037608806864915,0.630170703489267
Whats Matt's present?love. Affection. A TPK,neither,0.03755987149233842,0.339108022439503,0.6233321060681586
Happy Birthday Matt Mercer,neither,0.03945320844208391,0.33037608806864915,0.630170703489267
"Happy Birthday, you glorious bastard!!!",neither,0.055886146395273895,0.37669610223051053,0.5674177513742157
Happy Birthday Matt!,neither,0.03945320844208391,0.33037608806864915,0.630170703489267
My mom got me a poster for my birthday a few days ago! :),neither,0.020557957527185866,0.45532052252644656,0.5241215199463676
happy birthday matt!,neither,0.03945320844208391,0.33037608806864915,0.630170703489267
HAPPY BIRTHDAY MCCREE,neither,0.03945320844208391,0.33037608806864915,0.630170703489267
"Fax is with Larkin, guys. It's fine.",neither,0.034621493053189234,0.36133103978615655,0.6040474671606543
wheres vax?,neither,0.03945320844208391,0.33037608806864915,0.630170703489267
HBD MATT!,neither,0.03945320844208391,0.33037608806864915,0.630170703489267
LIAM DOESNT HAVE HIS STUFF,neither,0.05824403866600293,0.33888660569041507,0.602869355643582
HBD Matt!!,neither,0.03945320844208391,0.33037608806864915,0.630170703489267
Happy Birthday MATT!!!,neither,0.03945320844208391,0.33037608806864915,0.630170703489267
So excited to finally see an episode live!,neither,0.048091477072375224,0.3545526035731255,0.5973559193544993
Bidet from Michigan!,neither,0.040769555981420263,0.3080342349327864,0.6511962090857933
Happy birthday Matthew Mercer <3,neither,0.03945320844208391,0.33037608806864915,0.630170703489267
soon-tm,neither,0.03945320844208391,0.33037608806864915,0.630170703489267
Bidet and Beep Beep all,neither,0.04146947419607382,0.4041736992784376,0.5543568265254885
"vax has no character sheet, no!",neither,0.03848409499940124,0.3468244723755188,0.6146914326250801
bidet everyone!!,offensive_language,0.02988896790634741,0.4927062106388782,0.4774048214547744
Lets celebrate Matts day of birth with our total party day of death,neither,0.03371109874352366,0.3413940992903672,0.6248948019661091
HBD Matt!!,neither,0.03945320844208391,0.33037608806864915,0.630170703489267
#WeKnow,neither,0.03945320844208391,0.33037608806864915,0.630170703489267
Happy birthday Matt,neither,0.03945320844208391,0.33037608806864915,0.630170703489267
NO SHEET IN FRONT OF LIAM :O,neither,0.03884147608677721,0.34075878263243287,0.6203997412807899
FeelsBirthdayMan FeelsBirthdayMan FeelsBirthdayMan FeelsBirthdayMan FeelsBirthdayMan FeelsBirthdayMan FeelsBirthdayMan FeelsBirthdayMan FeelsBirthdayMan FeelsBirthdayMan FeelsBirthdayMan FeelsBirthdayMan FeelsBirthdayMan FeelsBirthdayMan FeelsBirthdayMan FeelsBirthdayMan FeelsBirthdayMan FeelsBirthdayMan FeelsBirthdayMan FeelsBirthdayMan FeelsBirthdayMan FeelsBirthdayMan FeelsBirthdayMan FeelsBirthdayMan FeelsBirthdayMan FeelsBirthdayMan FeelsBirthdayMan FeelsBirthdayMan FeelsBirthdayMan,neither,0.03945320844208391,0.33037608806864915,0.630170703489267
happy birthday Matt!,neither,0.03945320844208391,0.33037608806864915,0.630170703489267
Greetings and Salutations from Saskatoon!! Happy Birthday Mr. Mercer!!,neither,0.03963513448068025,0.27551487722095397,0.6848499882983657
Happy Bday DM Matt,neither,0.03945320844208391,0.33037608806864915,0.630170703489267
Happy birthday Matt!!,neither,0.03945320844208391,0.33037608806864915,0.630170703489267
This is so exciting. I am ready for some VM,neither,0.03363140744628338,0.3493078866866079,0.6170607058671087
Happy Birthday Matt gandsSubHype,neither,0.03945320844208391,0.33037608806864915,0.630170703489267
"Ermagerd, irt's term fer Verx Merchiner! Good luck, Verxildern!",neither,0.038806402326510996,0.3305985543514788,0.6305950433220101
happy birthday matt!!,neither,0.03945320844208391,0.33037608806864915,0.630170703489267
soooooooon,neither,0.03945320844208391,0.33037608806864915,0.630170703489267
"Oh crap, Liam has no sheet or dice. >_<",neither,0.042224470461544164,0.30536567841768103,0.6524098511207747
"ASHLEYYYYYYYYYYYYYYYYYYY, ASHLEY, ASHLEY, ASHLEY, ASHLEY, ASHLEY, ASHLEY, ASHLEY, ASHLEY, ASHLEY, ASHLEY, ASHLEY, ASHLEY, ASHLEY, ASHLEY, ASHLEY, ASHLEY, ASHLEY, ASHLEY, ASHLEY, ASHLEY, ASHLEY, ASHLEY,",neither,0.03945320844208391,0.33037608806864915,0.630170703489267
nice shirt grog!,neither,0.03945320844208391,0.33037608806864915,0.630170703489267
liam has nothing in front of him!,neither,0.03772337270234294,0.3597359150835907,0.6025407122140665
Laura...what was that voice??,neither,0.04097946637892057,0.3799880625465911,0.5790324710744883
"Happy Birthday, Matt",neither,0.03945320844208391,0.33037608806864915,0.630170703489267
Bidet peoples,neither,0.03945320844208391,0.33037608806864915,0.630170703489267
bidet everyone,offensive_language,0.02988896790634741,0.4927062106388782,0.4774048214547744
"Not to complain or anything but why the audio so quiet? I watch this at work in a kitchen, there any way it can be turned up a little? please? 😊 also happy birthday matt!!!",neither,0.035339292241477555,0.3651055130487547,0.5995551947097678
Happy b-day Matt,neither,0.039968826230046654,0.31515617697698495,0.6448749967929683
ONE DAY MORE,neither,0.04164054614355538,0.34085204612793746,0.6175074077285071
"Dang, Liam doesn't even have his stuff",neither,0.057162687509994294,0.3505864896131966,0.5922508228768091
happy birthday Matthew,neither,0.03945320844208391,0.33037608806864915,0.630170703489267
ONE DAY MOREEEEEEEEEEEEE,neither,0.038810872641298524,0.36083901314639366,0.6003501142123079
Happy B day mat,neither,0.039931018019821476,0.3162769729298149,0.6437920090503635
bidet from Santa cruz ca!,neither,0.0402726706059169,0.3164676765225742,0.6432596528715089
"sandlot, forever forever forever",neither,0.03945320844208391,0.33037608806864915,0.630170703489267
Happy birthday Matt!,neither,0.03945320844208391,0.33037608806864915,0.630170703489267
"Hide yo friends, hide yo wife",neither,0.039640870751150574,0.41788991782435936,0.5424692114244901
cheers to you Matt gandsLessthanthree gandsLessthanthree gandsLessthanthree,neither,0.06359988179879343,0.3698925372401498,0.5665075809610568
Happy Birthday Matt,neither,0.03945320844208391,0.33037608806864915,0.630170703489267
Happy Birthday Matt,neither,0.03945320844208391,0.33037608806864915,0.630170703489267
Vax is only at the table for his little talk with the Raven Queen,neither,0.03221142234878214,0.33685009908218555,0.6309384785690322
FIRST LIVE EPISODE WOOOOOOOOO!,neither,0.03623662413047561,0.3314824189118229,0.6322809569577015
"bidet from bay area, California",neither,0.05578366826633293,0.31097735035052837,0.6332389813831386
FYI Merch link https://shop.geekandsundry.com/collections/critical-role,neither,0.03945320844208391,0.33037608806864915,0.630170703489267
Happy Birthday gandsMatt,neither,0.03945320844208391,0.33037608806864915,0.630170703489267
Why is Liam at the table? He has lost and should be caged until resurrected.,neither,0.04443520412214869,0.3333918215057734,0.6221729743720781
HBD MATT,neither,0.03945320844208391,0.33037608806864915,0.630170703489267
I feel like Ashley is my spirit animal lol,neither,0.03713818813145268,0.43852299762167907,0.5243388142468683
hiiiiiiiiiiiiiii <3,neither,0.03945320844208391,0.33037608806864915,0.630170703489267
Happy birthday Matt Mercer!!,neither,0.03945320844208391,0.33037608806864915,0.630170703489267
beep beep everyone from scotland,neither,0.034717737473301175,0.4107493890033132,0.5545328735233856
first time watching #CriticalRole live in over three months guys! nope im totally not caught up on anything sooo whats been happening? xD,neither,0.03337124589334387,0.3850114620511417,0.5816172920555145
Happy Birthday Matt,neither,0.03945320844208391,0.33037608806864915,0.630170703489267
Happy Birthday Matt :D,neither,0.03945320844208391,0.33037608806864915,0.630170703489267
"What, Marisha has SLEEVES",neither,0.05086633564034024,0.3106999549689064,0.6384337093907534
#shitme,neither,0.03945320844208391,0.33037608806864915,0.630170703489267
Bidet from SWFL!,neither,0.04228451509352876,0.2823214250720796,0.6753940598343917
Bidet from SC!,neither,0.040737273169946825,0.30858215849491494,0.6506805683351382
Happy Birthday Matt!,neither,0.03945320844208391,0.33037608806864915,0.630170703489267
Happy Birthday Matt,neither,0.03945320844208391,0.33037608806864915,0.630170703489267
WOOO,neither,0.03945320844208391,0.33037608806864915,0.630170703489267
ANOTHER DAY ANOTHER DESTINY,neither,0.13975565942261153,0.2016659705298396,0.6585783700475489
"I'm sure he has it, but its off to the side",neither,0.030810229747956504,0.45099866896223245,0.5181911012898109
where is sam's mug?,neither,0.048319359428330315,0.3005257766074189,0.6511548639642507
happy birthday matt!!! <3,neither,0.03945320844208391,0.33037608806864915,0.630170703489267
Happy Birthday Matthew!,neither,0.03945320844208391,0.33037608806864915,0.630170703489267
Wooo,neither,0.03945320844208391,0.33037608806864915,0.630170703489267
Happy Mattday Birth! Oh hell,offensive_language,0.04641408160748532,0.6880277262264678,0.26555819216604687
"Happy Birthday you wonderful, genius, evil DM known as Matthew Mercer!",neither,0.04631263393674187,0.37230802392566076,0.5813793421375975
"bidet from Lafayette, IN",neither,0.041809934750563944,0.290376292048192,0.667813773201244
WOOT!,neither,0.03945320844208391,0.33037608806864915,0.630170703489267
