text,top_class,hate_speech,offensive_language,neither
Woo! Double dose of Matt,neither,0.03945320844208391,0.33037608806864915,0.630170703489267
So its not just Crit Role that's late?,neither,0.02758939961598945,0.42386897697283266,0.5485416234111778
Just feels odd that Eminem got top-billing.,neither,0.03323495678145321,0.4015107190495326,0.5652543241690143
YAY,neither,0.03945320844208391,0.33037608806864915,0.630170703489267
Matt^2,neither,0.03945320844208391,0.33037608806864915,0.630170703489267
I miss when Comics came with Cards BlessRNG,neither,0.022613965361204573,0.3912757163388268,0.5861103182999686
Yay!,neither,0.03945320844208391,0.33037608806864915,0.630170703489267
HUZZAH,neither,0.03945320844208391,0.33037608806864915,0.630170703489267
"Double the Matt, double the adorkable?",neither,0.03829589013880756,0.3090421287861032,0.6526619810750892
so excited to finally watch live,neither,0.055098464841147894,0.3609657309014938,0.5839358042573584
OMG PJs,neither,0.03945320844208391,0.33037608806864915,0.630170703489267
woohoo,neither,0.03945320844208391,0.33037608806864915,0.630170703489267
lul,neither,0.03945320844208391,0.33037608806864915,0.630170703489267
hrpgHeyo hrpgHeyo hrpgHeyo,neither,0.03945320844208391,0.33037608806864915,0.630170703489267
Awwwww jammies <3,neither,0.03945320844208391,0.33037608806864915,0.630170703489267
pajamas,neither,0.03945320844208391,0.33037608806864915,0.630170703489267
BloodTrail,neither,0.03945320844208391,0.33037608806864915,0.630170703489267
soo many people,neither,0.07444027358424515,0.32656465350520586,0.598995072910549
"I so wanna watch the new star trek game, but its going on s so late for those of us on the east coast",neither,0.05676816724199652,0.27827203605078543,0.664959796707218
Ahaha,neither,0.03945320844208391,0.33037608806864915,0.630170703489267
look at those jammies,neither,0.08454350832745912,0.2578055305024544,0.6576509611700865
"yes, jodi!!! *dances*",neither,0.03945320844208391,0.33037608806864915,0.630170703489267
"if the video didnt start, refresh",neither,0.028799327115703245,0.28810051628809447,0.6831001565962023
ohh gawd,neither,0.03945320844208391,0.33037608806864915,0.630170703489267
So many people!,neither,0.08956959900227797,0.38965172575882606,0.520778675238896
woo!,neither,0.03945320844208391,0.33037608806864915,0.630170703489267
OMG this is adorable,neither,0.048100617101469526,0.3290360088272442,0.6228633740712862
Woo-hoo!,neither,0.03945320844208391,0.33037608806864915,0.630170703489267
HEY MRS KEY IS HERE TOO,neither,0.086174217540268,0.30007974971467716,0.6137460327450548
@cinphoria I can get behind that math,neither,0.03553281187369006,0.37446450064362496,0.590002687482685
AND JODI,neither,0.03763944115734239,0.1918412352459551,0.7705193235967025
authentic laughter!,neither,0.03945320844208391,0.33037608806864915,0.630170703489267
@tortugadelmar CHALLENGE ACCEPTED,neither,0.03945320844208391,0.33037608806864915,0.630170703489267
Ohh bonus Brittany,neither,0.03945320844208391,0.33037608806864915,0.630170703489267
"WHERE""S MARISHA?",neither,0.04379278224195774,0.2567221952996476,0.6994850224583946
:D,neither,0.03945320844208391,0.33037608806864915,0.630170703489267
and Jody!,neither,0.03854442882677734,0.28357035124239044,0.6778852199308323
Hello!,neither,0.03945320844208391,0.33037608806864915,0.630170703489267
PJ Party!!!,neither,0.03945320844208391,0.33037608806864915,0.630170703489267
yay Jody!,neither,0.03945320844208391,0.33037608806864915,0.630170703489267
I'm already laughing. Hello!,neither,0.03842029554856731,0.34790731555946924,0.6136723888919634
cheer500 #DallensDay,neither,0.03945320844208391,0.33037608806864915,0.630170703489267
wtf is this,offensive_language,0.05875134067276458,0.7027317341486384,0.23851692517859707
Friends!,neither,0.03945320844208391,0.33037608806864915,0.630170703489267
"No no no, that's the opening of Eric's TBD RPG, not the Wednesday Club. :P",neither,0.03451598770956118,0.36066137921668445,0.6048226330737544
Hey Amy Taliesin Matt Matt Jody Brittany,neither,0.03945320844208391,0.33037608806864915,0.630170703489267
"whoa, so many ppl!",neither,0.03941231475712666,0.37298155215341827,0.5876061330894552
and yay Brittany!!,neither,0.038717222146424216,0.29341789248273004,0.6678648853708458
slumber party!,neither,0.03945320844208391,0.33037608806864915,0.630170703489267
PJ party wewt,neither,0.03945320844208391,0.33037608806864915,0.630170703489267
Mercer what are you wearing?,neither,0.14374559681350144,0.31414467809308355,0.5421097250934149
!who,offensive_language,0.04159901189299763,0.525362713080101,0.4330382750269014
I am actually able to watch it now,neither,0.04849171812563329,0.32592625584806056,0.6255820260263061
Awwwwww poor Matt,neither,0.03945320844208391,0.33037608806864915,0.630170703489267
love Matt's kigurum,neither,0.0360053414055849,0.3465167256147498,0.6174779329796654
Key Party!,neither,0.03945320844208391,0.33037608806864915,0.630170703489267
I like Mercer's tie,neither,0.055073986501249096,0.35227938747344745,0.5926466260253035
!whodat,neither,0.03945320844208391,0.33037608806864915,0.630170703489267
how long until SOT starts?,neither,0.03923742715878396,0.3285691633831772,0.6321934094580389
still (barely) light in san francisco... >_>,neither,0.03884983901052962,0.34061684199086273,0.6205333189986078
"Amy Dallen ( twitter.com/enthusiamy ), Taliesin Jaffe ( twitter.com/executivegoth ), and Matt Key ( twitter.com/TheMattKey ), with guest Matthew Mercer ( twitter.com/matthewmercer )",neither,0.03530128125426616,0.4537685479222066,0.5109301708235272
Of course Tal has the best pj's,neither,0.038389946493876316,0.3068048375863935,0.6548052159197303
I lived in the San Joaquin Valley and it's definitely in its own zone.,neither,0.046523050722205264,0.29720808684610694,0.6562688624316878
"I'm not sure which Matt I mean, really",neither,0.03405171324785071,0.4375390845029113,0.5284092022492379
loving all t jammies and kigurumis,neither,0.04032987527260774,0.36369084090185916,0.5959792838255331
also yay key parties,neither,0.03945320844208391,0.33037608806864915,0.630170703489267
New set??,neither,0.04427046440042074,0.2083113095955835,0.7474182260039958
lol,neither,0.020706217963973744,0.4882283491876925,0.4910654328483337
yay,neither,0.03945320844208391,0.33037608806864915,0.630170703489267
PIZZA!,neither,0.03945320844208391,0.33037608806864915,0.630170703489267
What's up!? Big cast today!,neither,0.02658908469164033,0.40257778707557085,0.5708331282327888
Don't get the cards greasy!,neither,0.03784600203905221,0.32183844600035344,0.6403155519605943
Pizza PogChamp,neither,0.03945320844208391,0.33037608806864915,0.630170703489267
YAY PIZZIA!!,neither,0.03945320844208391,0.33037608806864915,0.630170703489267
"ah, scary, repeating voices",neither,0.03945320844208391,0.33037608806864915,0.630170703489267
YAY FOR YOUR PIZZA,neither,0.06044018003062052,0.2934596401602712,0.6461001798091084
"Hi Amy, Matt, Taliesin, Jody, Brittnay and Matt :)",neither,0.0390228590277791,0.30954600751118555,0.6514311334610355
omg pizza . its 8 am and im craving pizza,neither,0.03497830938697935,0.3267229617223712,0.6382987288906494
and I've got my own pizza next to me,neither,0.023825589675847657,0.41103628615154053,0.5651381241726117
"I'm slightly disappointed that Taliesin isn't wearing his green-paint-stained skeleton kigurumi, but that hippie robe is pretty great",neither,0.047543897883944676,0.34766826878489454,0.6047878333311607
Stef needs the year's supply of grit for her pecan sandies.,neither,0.028763693626133752,0.4352717469219533,0.535964559451913
of course my internet would cut out right as the stream starts. XD,neither,0.028486915470492875,0.4044216988174248,0.5670913857120824
"wait...your ""Deathnote is coming""? TALISEN NO",neither,0.0908588071378851,0.32994125533096613,0.5791999375311488
Wtf I want pizza,offensive_language,0.04286382391514989,0.5956270276402444,0.36150914844460563
I want pizza,neither,0.03976715426100069,0.3250476081883334,0.6351852375506659
!whodat,neither,0.03945320844208391,0.33037608806864915,0.630170703489267
"Amy Dallen ( twitter.com/enthusiamy ), Taliesin Jaffe ( twitter.com/executivegoth ), and Matt Key ( twitter.com/TheMattKey ), with guests Matthew Mercer ( twitter.com/matthewmercer ), Jody Houser ( twitter.com/Jody_Houser), and Brittany Walloch ( twitter.com/BWalloch )",neither,0.03606117903564149,0.45269026551346286,0.5112485554508956
"Woo, I finally get to watch this! I love comics and I loved Amy on future girl, so this is the best of all worlds in all multiverses.",neither,0.04211265377539932,0.41423968532410976,0.5436476609004909
Wow that's quite a cast,neither,0.03641014310590181,0.36334670763400084,0.6002431492600974
get that grease all over the cards...,neither,0.03403145656529402,0.41448097301880205,0.5514875704159039
This is so adorably middle school,neither,0.04846728679692668,0.37869327467920016,0.5728394385238731
YESSS THE HOOD MERCER!!!,neither,0.10641115286696122,0.31804675418009976,0.5755420929529391
Why does Mercer look so sheepish?,offensive_language,0.017007713205415716,0.5303656071364479,0.4526266796581363
Adorable Mercer is a glorious Mercer,neither,0.051124007078731534,0.3263619652460026,0.6225140276752659
1. I love Matt's shirt 2. I have that shirt LUL,neither,0.03533940178186479,0.3670973106800308,0.5975632875381043
Hi @BrianWFoster,neither,0.03945320844208391,0.33037608806864915,0.630170703489267
omg this is so cute,neither,0.05156942267064981,0.34461385104703207,0.6038167262823182
LOL,neither,0.020706217963973744,0.4882283491876925,0.4910654328483337
Is the audio skipping for any one else?,neither,0.03920167749074698,0.3188162581749011,0.6419820643343519
Beat me to it @FuffyButt,neither,0.03528468243923446,0.383420382677509,0.5812949348832565
shouldn't have schedule loaded at same time as stream,neither,0.03726901644739058,0.38655963462893406,0.5761713489236754
Mercer you're too cute,neither,0.11053787125360515,0.31183470029753907,0.5776274284488558
@brianwfoster why doesn't talks get pizza,neither,0.029559368123029787,0.3512705948143579,0.6191700370626122
I love Mercers PJ's,neither,0.03217296676969875,0.3657703709031763,0.602056662327125
"new time, I get to watch live! Woot!",neither,0.05581488895171829,0.2767873897136534,0.6673977213346283
lol,neither,0.020706217963973744,0.4882283491876925,0.4910654328483337
Matt has to ruin everything!,neither,0.04517956848697311,0.3217809719641963,0.6330394595488306
Um no @BrianWFoster,neither,0.03835412258411806,0.34903044346384865,0.6126154339520333
@brianwfoster show up for work,neither,0.04529320798242981,0.2591516922801415,0.6955550997374287
San Joaquin valley is practicly its own state tbh,neither,0.08463261856390658,0.2556068505960412,0.6597605308400522
Not the hair!!!!!!,neither,0.036164891892235144,0.31332543071464675,0.6505096773931182
<3,neither,0.03945320844208391,0.33037608806864915,0.630170703489267
"and I love ove loe Taliesin's jammies awesome striped pajamas and , what is that awesome robe",neither,0.04148836688197945,0.31648227194457407,0.6420293611734464
you heard it first,neither,0.047270076100115146,0.400202567626166,0.5525273562737187
Not to be confused with a life supply of grits.,neither,0.03210630901199131,0.40777171157557096,0.5601219794124377
Thank you Amy XD,neither,0.056967010988514616,0.3888269633951007,0.5542060256163848
Why do I have a feeling they're all drunk lol,neither,0.03742401645700007,0.4335562740235445,0.5290197095194554
lol,neither,0.020706217963973744,0.4882283491876925,0.4910654328483337
XD,neither,0.03945320844208391,0.33037608806864915,0.630170703489267
Confirmed! :),neither,0.03945320844208391,0.33037608806864915,0.630170703489267
SabaPing CONFIRMED!!!,neither,0.03945320844208391,0.33037608806864915,0.630170703489267
They look ready to play Dread.,neither,0.04672974583148149,0.3265147893967319,0.6267554647717867
AH! LATE! Looks like xmas lol,neither,0.04064975722672206,0.38490460529555653,0.5744456374777213
gandsGandsPoo,neither,0.03945320844208391,0.33037608806864915,0.630170703489267
mat so cute in kugurumi,neither,0.04130882229736776,0.34360975788877,0.6150814198138623
Play Dread with pizza boxes.,neither,0.03155649635245686,0.3570233610062754,0.6114201426412676
Hi Amy!!,neither,0.03945320844208391,0.33037608806864915,0.630170703489267
That emoticon is outright horror and terror,neither,0.042096620161054886,0.32924476221589816,0.6286586176230471
#KeyConfirms Crit Role cancelled,neither,0.03945320844208391,0.33037608806864915,0.630170703489267
Matt is the cutest!!,neither,0.04590294417027485,0.31348214482937925,0.6406149110003458
"Guys, Critters don't understand sarcasm, you can't make jokes like that",neither,0.06007988737562239,0.4181435944101836,0.5217765182141941
Amy has a long day :D,neither,0.04005636596365151,0.30917955923111134,0.6507640748052371
"Is this coffee or ""coffee""",neither,0.060013536495926896,0.11026378649395102,0.829722677010122
AMy Day,neither,0.040019304729965566,0.31365848579776656,0.6463222094722679
Yeah Amy day,neither,0.024376575950720843,0.4244684483775501,0.5511549756717291
gandsClassic gandsClassic gandsClassic gandsClassic gandsClassic gandsClassic gandsClassic gandsClassic gandsClassic gandsClassic gandsClassic gandsClassic gandsClassic gandsClassic gandsClassic gandsClassic gandsClassic gandsClassic,neither,0.03945320844208391,0.33037608806864915,0.630170703489267
Amysday,neither,0.03945320844208391,0.33037608806864915,0.630170703489267
I am Groot!,neither,0.039246452605914695,0.33044720088162116,0.6303063465124641
"Matt spent money at Anime Expo I see,",neither,0.03890080694667042,0.3472113439145277,0.6138878491388018
AYYYYYYY,neither,0.03945320844208391,0.33037608806864915,0.630170703489267
NICE,neither,0.03945320844208391,0.33037608806864915,0.630170703489267
YES!! Ms. Wednesday,neither,0.03945320844208391,0.33037608806864915,0.630170703489267
Wedallensday.,neither,0.03945320844208391,0.33037608806864915,0.630170703489267
Amy lives at gandsClassic now,neither,0.03874256820175702,0.3520139125446032,0.6092435192536398
WednesdAMY!,neither,0.03945320844208391,0.33037608806864915,0.630170703489267
Mrs Amy Wednesday,neither,0.03945320844208391,0.33037608806864915,0.630170703489267
Mr. Wednesday will be pleased. :),neither,0.04089819384303181,0.3147926196058021,0.6443091865511662
lol,neither,0.020706217963973744,0.4882283491876925,0.4910654328483337
oh wow. retro pjs!,neither,0.04338405919692241,0.2925773504850615,0.664038590318016
Wednesday dalan/Wednesday adams,neither,0.03945320844208391,0.33037608806864915,0.630170703489267
How sweet.,neither,0.03945320844208391,0.33037608806864915,0.630170703489267
Who needs Odin when you have Amy,offensive_language,0.04302277180440074,0.4901698764004543,0.466807351795145
love the PJ's,neither,0.03145119199065299,0.32476063973837394,0.643788168270973
Cofefeve,neither,0.03945320844208391,0.33037608806864915,0.630170703489267
"Arg, I have chat but no video.",neither,0.04005982046427612,0.2709135165826491,0.6890266629530748
Baby Groot mug hype,neither,0.03945320844208391,0.33037608806864915,0.630170703489267
nice new dread in the morning!,neither,0.047135935850504115,0.144372818377907,0.8084912457715888
"At any rate, hi people!",neither,0.06394606628777336,0.34857562186752683,0.5874783118446999
I cannot stop smiling right now,neither,0.03860118578864224,0.4064821877886827,0.554916626422675
Amy Minimizes Exposure To L.A. Traffic Day.,neither,0.04579387159591056,0.31425131949600366,0.6399548089080859
DREAD!,neither,0.03945320844208391,0.33037608806864915,0.630170703489267
is tal growing out his natural hair color?,neither,0.05863402128546327,0.3398079044300054,0.6015580742845313
Groot mug!,neither,0.03945320844208391,0.33037608806864915,0.630170703489267
"Sad she won't be on Vanquished anymore, though. :(",neither,0.03857415093370899,0.41896793395916054,0.5424579151071305
I love that coat,neither,0.03211269273309396,0.3924741596783287,0.5754131475885773
I want the coat,neither,0.03868850698480662,0.30694019086783025,0.654371302147363
Taliesin you're adorable,neither,0.09907792640288733,0.3495612297399805,0.5513608438571322
"Yay, there it is.",neither,0.04668871182095619,0.2818933945219987,0.6714178936570452
magic coat,neither,0.03945320844208391,0.33037608806864915,0.630170703489267
It's 10 pm. I ate 90 minutes ago. Get that pizza out of here.,neither,0.054163087902221844,0.3476592091499688,0.5981777029478093
i want to know where it from why freeze streem,neither,0.035793551523586736,0.29414722809015414,0.6700592203862591
That coat is wonderful.,neither,0.04292541967174131,0.36535685872533025,0.5917177216029285
hi Jody,neither,0.03945320844208391,0.33037608806864915,0.630170703489267
"Uff Da... all Svedish, yah!!",offensive_language,0.08815397299089925,0.5845199007683883,0.32732612624071233
and noone got arrested,neither,0.03761994944452079,0.33382242680029095,0.6285576237551883
Jody why no jammies :(:(,neither,0.027391700859983152,0.36144728162190004,0.6111610175181168
Jody Howser Md?,neither,0.03945320844208391,0.33037608806864915,0.630170703489267
Awwwww Jody XD,neither,0.03945320844208391,0.33037608806864915,0.630170703489267
Is the audio skipping for anyone else? :(,neither,0.039824100988143464,0.29851586390158974,0.6616600351102667
that sounds about right XD,neither,0.0324564837294602,0.42656980528689015,0.5409737109836497
YAY,neither,0.03945320844208391,0.33037608806864915,0.630170703489267
You do great work Jodi,neither,0.059435787159706086,0.34775285292915575,0.5928113599111382
ThankEgg ThankEgg ThankEgg ThankEgg,neither,0.03945320844208391,0.33037608806864915,0.630170703489267
Cript_Keeper no,neither,0.036918905254960256,0.37338982715841207,0.5896912675866277
Marvel Butt.,neither,0.04469083451030719,0.3742352944428567,0.5810738710468362
"LOL Matt Key, pull your pants up",neither,0.050485121348681564,0.40387737118947425,0.545637507461844
MATTBUTT,neither,0.03945320844208391,0.33037608806864915,0.630170703489267
marvel butt ftw!,neither,0.0432766065602074,0.36239273166428854,0.5943306617755041
BUTTS!,neither,0.03945320844208391,0.33037608806864915,0.630170703489267
KEY BUTTTT,neither,0.03945320844208391,0.33037608806864915,0.630170703489267
"we love you, but really now",neither,0.05016994459436546,0.42290163205647824,0.5269284233491562
key butt,neither,0.04528456846900588,0.3792071461723894,0.5755082853586048
XD,neither,0.03945320844208391,0.33037608806864915,0.630170703489267
boy am I glad Matt wears underwear,neither,0.039327993105699954,0.33041915536465627,0.6302528515296437
Matts good side? jenLewd,neither,0.030621542568848817,0.38928624669051864,0.5800922107406326
Marvel Butt Key,neither,0.04365181487359094,0.36553467777415843,0.5908135073522507
Matts owner,neither,0.03945320844208391,0.33037608806864915,0.630170703489267
And actual Squirrel Girl!,neither,0.033733616610412014,0.34811380793547253,0.6181525754541154
"work dat booty Mr. Key, work it. #marvelbutt",neither,0.03500934738534002,0.39153100948425756,0.5734596431304024
!whodat,neither,0.03945320844208391,0.33037608806864915,0.630170703489267
"Amy Dallen ( twitter.com/enthusiamy ), Taliesin Jaffe ( twitter.com/executivegoth ), and Matt Key ( twitter.com/TheMattKey ), with guests Matthew Mercer ( twitter.com/matthewmercer ), Jody Houser ( twitter.com/Jody_Houser), and Brittany Walloch ( twitter.com/BWalloch )",neither,0.03606117903564149,0.45269026551346286,0.5112485554508956
Britney Hype! Finally!,neither,0.03945320844208391,0.33037608806864915,0.630170703489267
And she's sitting as far away from Matt as humanly possible,neither,0.038666282039641314,0.36865724428361674,0.5926764736767419
Aww. <3,neither,0.03945320844208391,0.33037608806864915,0.630170703489267
what did tal say about that coat before my feed failed?,neither,0.031018813358999316,0.44351902112346825,0.5254621655175323
Matt should have worn his robe,neither,0.07314824865131947,0.36846727458398804,0.5583844767646925
Did Mrs. Key just apologize to Matt for being married to him? That intro was a bit strange. :),neither,0.03626771025226777,0.3542090359283823,0.6095232538193499
Minxy behind Matt!,neither,0.03945320844208391,0.33037608806864915,0.630170703489267
CARD PARTY!!,neither,0.03945320844208391,0.33037608806864915,0.630170703489267
"I don't know what I wandered into, but I love it",neither,0.03673697485015823,0.3516990052843878,0.6115640198654538
when did this stsrt,neither,0.025252421476023714,0.4076945690107097,0.5670530095132666
mmhmmm all the germs...,offensive_language,0.041785587507551285,0.49387059749283524,0.46434381499961347
he'd have melted if he had his robe ontop of that,neither,0.043306376997069455,0.38869313618938717,0.5680004868135434
"Magic coat, many adventures that ended reasonably well with no deaths or arrests",neither,0.03139389334326088,0.37847564395063055,0.5901304627061085
I'm a little surprised to learn Matt Key doesn't wear a cape with his pajamas,neither,0.04761561059584654,0.35089123321986443,0.601493156184289
the Cabal of Matts,neither,0.03715708950100123,0.2861306264084566,0.6767122840905422
Pls do closeups of them eating the pizza,neither,0.05110274296044709,0.31068661498693173,0.6382106420526212
@vankeet Just a few minutes ago. You didn't miss anything :),neither,0.03031414771918923,0.4132528982225556,0.5564329540582552
"Sorry I'm late, caught up in work",neither,0.037217275836503604,0.3751475255781801,0.5876351985853163
sqyeee,neither,0.03945320844208391,0.33037608806864915,0.630170703489267
lol,neither,0.020706217963973744,0.4882283491876925,0.4910654328483337
"Ahhhh... now I want pizza, too!!!",neither,0.039435374437778906,0.3306787776647475,0.6298858478974736
pizza + opening cards? Thank god they have napkins,neither,0.03880448163553175,0.3413866750178926,0.6198088433465756
hahaha,neither,0.03945320844208391,0.33037608806864915,0.630170703489267
play nice matt,neither,0.03945320844208391,0.33037608806864915,0.630170703489267
:D,neither,0.03945320844208391,0.33037608806864915,0.630170703489267
"lol, shove pizza in his mouthhole while he talks XD",neither,0.05416298246712277,0.36931814559079734,0.57651887194208
This Matt/Matt thing is wonderful fun,neither,0.04376430931793119,0.32974866539335107,0.6264870252887177
Feed Me! lol,neither,0.02293897483218435,0.44601718079722574,0.5310438443705899
PogChamp PartyTime Party Time,neither,0.037758730060642426,0.35913580843789616,0.6031054615014614
oh i am soo hungry now :(,neither,0.043801776766191666,0.2870084435976998,0.6691897796361086
I want to be at this Party I mean I'm at this party digitally - but like really *at* at this party,neither,0.043760798880031586,0.3813313646044186,0.5749078365155498
https://clips.twitch.tv/SpikyDullGoblinDoggo,neither,0.03945320844208391,0.33037608806864915,0.630170703489267
Being British I really appreciate Matt Mercer's formal PJs. Just because you are sleeping it's no excuse to not be well dressed,neither,0.05386857764111387,0.3598326454466107,0.5862987769122755
So an unboxing?,neither,0.04010840783855346,0.4126128281803988,0.5472787639810477
test,neither,0.03945320844208391,0.33037608806864915,0.630170703489267
two Matts are just wonderful :),neither,0.06058409061596943,0.2945067683256409,0.6449091410583896
Need Sam's pizza party shirt here.,neither,0.07214875425182057,0.3014237647381983,0.626427481009981
ok so....,neither,0.039321453237727844,0.4082844620846864,0.5523940846775858
"Matthew Key, having your wife be mom is a bit weird.",neither,0.06372086465574463,0.3256344510253055,0.6106446843189498
ScaredyCat greasy fingers ScaredyCat,neither,0.03945320844208391,0.33037608806864915,0.630170703489267
hello,neither,0.03945320844208391,0.33037608806864915,0.630170703489267
Fruit roll ups,neither,0.03945320844208391,0.33037608806864915,0.630170703489267
sounds like an amazing party,neither,0.049427484018772255,0.33962269863385147,0.6109498173473763
Dino Nuggz PogChamp TBTacoProps,neither,0.03945320844208391,0.33037608806864915,0.630170703489267
man i want pizza now,neither,0.039873236728674696,0.39506127656591267,0.5650654867054126
which mod wants to talk about a weird thing,neither,0.028341517210579866,0.35435195512816786,0.6173065276612523
the best gross,neither,0.03755993763758285,0.3047413055013558,0.6576987568610614
"Bless you, @JeffM0307",neither,0.06637703555667432,0.4035321832267536,0.5300907812165722
So everyday basically,neither,0.03940947338281232,0.3813836162772846,0.579206910339903
It's adorable that Brittany thinks she has to censor her language on this channel,offensive_language,0.03448926810345938,0.5074384725835771,0.4580722593129636
we couldn't afford those as a child,neither,0.056667778073090716,0.3028693270917493,0.6404628948351601
I want to do this.,neither,0.05398949547438774,0.31911926357543985,0.6268912409501723
these are the rules I just made up,neither,0.0646008123762335,0.41144757812772836,0.5239516094960381
Haha so it's an unboxing,neither,0.032771180976628414,0.4694040680098977,0.4978247510134739
Oh thank you for the Calvinball reference Taliesin!,neither,0.050720403882019774,0.28452885432460545,0.6647507417933748
"ahh the 90s, holograms were the best :)",neither,0.03786818289839054,0.28696770097990315,0.6751641161217062
are there any Mods in chat currently? I have a weird question,neither,0.054821994357690335,0.279313738087687,0.6658642675546227
What cards are we opening?,neither,0.06938010162131629,0.2880785733854666,0.6425413249932169
omg so many people,neither,0.07615994287395204,0.37829852405289244,0.5455415330731554
Can I chat now?,neither,0.039782088521086306,0.3247941348193676,0.6354237766595462
@DEATHlikescats depends on how weird,neither,0.0367944089265834,0.3431255502800903,0.6200800407933263
We do this at game room conventions (minus the GREESY pizza),neither,0.038681099720172994,0.3096001059263649,0.6517187943534621
What cards are these? Assorted?,neither,0.10398800294103476,0.35102863614767243,0.5449833609112928
love this. such a fun idea,neither,0.03691779372193294,0.34040472485378703,0.62267748142428
"i can tell, i have a calliper",neither,0.03904307843761952,0.33733706459842927,0.6236198569639512
hhhhhhh Pizza is making me hungry,neither,0.039957881018086845,0.35248588452068635,0.6075562344612269
A new Jody superpower revealed!,neither,0.04341101089575549,0.23125336554662146,0.725335623557623
"Ok, cool. Weird...",neither,0.039399076941322254,0.33129484090853406,0.6293060821501437
I never got all of the hologram cards from the Jim Lee X-Men set.,neither,0.03695882279234994,0.3851851712109321,0.577856005996718
gandsNatTwenty,neither,0.03945320844208391,0.33037608806864915,0.630170703489267
Pokemon cards & yugioh cards were my childhood 90s kid here,neither,0.05042044756685255,0.3468709245313497,0.6027086279017977
"Damn, now I want pizza!",offensive_language,0.045115420503584636,0.81550480656054,0.13937977293587525
Marvel 1991 set was my jam,neither,0.03051492781937394,0.39907999298646224,0.5704050791941638
Just like generic trading cards?,neither,0.04319736748879889,0.35663178018081443,0.6001708523303867
is that a Groot mug Amy's holding?,neither,0.04178450270910955,0.35442540732911404,0.6037900899617764
There's no card game?,neither,0.038080311189441704,0.2617459274111522,0.7001737613994061
I sadly never had a ton that were straight up comic cards,neither,0.032733867249438234,0.40596108148094523,0.5613050512696165
I wish I had caved and had pizza at lunch,neither,0.03832151720567781,0.31838752674946696,0.6432909560448553
"Nope, it's Groot's actual disembodied head",neither,0.037228579248015245,0.35123586241535876,0.611535558336626
"I actually followed Amy to this channel in 2015, so I welcome her takeover.",neither,0.037525784015010916,0.4637110932617835,0.49876312272320567
OMG it's my favorite ppl how is everyone doing today,neither,0.030651519305869398,0.43701201041608556,0.532336470278045
"I still have the normal cards and I think two holograms, but I'm missing...three holograms, I think.",neither,0.03681889897060304,0.3018860547141363,0.6612950463152607
"hey WOMStv its weird, but not WEIRD. I am watching via my PS and for some reason my chat texts aren't going through, but here on my laptop, they are.",neither,0.03525073447138834,0.3011617141940353,0.6635875513345765
@r_syzygy Yup! :),neither,0.03945320844208391,0.33037608806864915,0.630170703489267
"I find it sort of incredible that these people have managed to keep their friendships so tight over such a long period of time, its pretty awesome.",neither,0.05264373454645769,0.3682654272322695,0.5790908382212727
Kreygasm,neither,0.03945320844208391,0.33037608806864915,0.630170703489267
Jody putting everyone to shame.,neither,0.039441226034816534,0.4033981122944681,0.5571606616707155
It's actually Groot's cousin Groot.,neither,0.03869196474496792,0.3306379146833757,0.6306701205716564
"God, I wonder what happened to my old Marvel cards",neither,0.038867222753291235,0.3794615739406179,0.5816712033060908
I played so many CCGs so I can totallyrelate though,neither,0.03966772347255764,0.40660525420798466,0.5537270223194578
@super390 indeed i find gns becuse of amy,neither,0.04302962757652314,0.2530015653857406,0.7039688070377363
that looks like Matt,neither,0.04597189342740052,0.39021182479362254,0.563816281778977
Oh man.... magic booster and starter packs (limited/iceage/legends era)..... the feeeeeeeeels,neither,0.041147034707326655,0.30611610954126267,0.6527368557514107
This particular group of friends and individuals makes me so happy and SOOOO jealous!,neither,0.034820814251432866,0.33161107548411756,0.6335681102644496
I checked another chanel and they're working there. Just not in this channel. I dont get it WOMStv,neither,0.06814022740871738,0.25321262553122864,0.678647147060054
completely and fully NOT surprised Erika Ishii built a ball pit in her yard.,neither,0.033276836619983124,0.422093834908117,0.5446293284718998
BlessRNG BlessRNG BlessRNG,neither,0.03945320844208391,0.33037608806864915,0.630170703489267
Wait so what cards are these? Marvel Cards?,neither,0.06416805705870464,0.3675436692825929,0.5682882736587025
(if that's who they meant),offensive_language,0.01977555963416683,0.49611519694156575,0.48410924342426737
Hologram cards were fucking amazing to me,offensive_language,0.09948747276490914,0.8846747054264268,0.015837821808664044
I loved the handbook;),neither,0.03864064186718114,0.3155474467242174,0.6458119114086016
"I was into baseball cards, and then I was super into M:TG and later Guardians. All those cards eventually got sold",neither,0.047895714350999416,0.3143194186234639,0.6377848670255366
I have the Ultimate Guide to the Marvel Universe here at my place!!!,neither,0.057381642430918575,0.326233556363718,0.6163848012053634
First time catching/remembering Wednesday club yay,neither,0.03461182176695519,0.34329228245870913,0.6220958957743357
!twc,neither,0.03945320844208391,0.33037608806864915,0.630170703489267
Here are some handy The Wednesday Club resources! TWC Reddit: reddit.com/r/WednesdayClub/ Discord: https://discord.gg/yaQuz7S,neither,0.07776393184591858,0.2774359134481101,0.6448001547059714
i didnt know about these,neither,0.048486874018592585,0.45985913047542315,0.49165399550598426
I think I still have my Summer X-Men cards. Loved the art on those.,neither,0.04161376319196699,0.34563881038400973,0.6127474264240234
I had so many god damm Yugioh cards.,neither,0.039417795724918485,0.3631414206797469,0.5974407835953346
"@DEATHlikescats no clue about that sorry, never really used PS for twitch, and not sure why it would work on one, but not here, it's not like we can do things differently :)",neither,0.03721148592609583,0.4183905993381193,0.5443979147357849
ugh i'm mesmerized by those pjs and coat,neither,0.057137380014265875,0.2802125741154642,0.6626500458702698
Hi Brittany I see you pointing at chat,neither,0.049427374218267185,0.3777906984016081,0.5727819273801247
Man I still have some of these cards... somewhere.,neither,0.03814240497038402,0.4797593892741852,0.48209820575543083
@GrayAlchemyst All of the ones I've heard them mention are Marvel.,neither,0.042833555075562454,0.3152753268663638,0.6418911180580738
somewhere...,neither,0.03945320844208391,0.33037608806864915,0.630170703489267
Baskin robbins got ultra confused about a little 7 years old girl shrieking about a shivan dragon,neither,0.03390248041458154,0.4133964488860873,0.5527010706993312
X-men the animated series was my intro as well,neither,0.030886086511472295,0.39267242292694,0.5764414905615878
"cards I spent the most $ on in HS, a mix of Overpower and Doctor Who CCG",neither,0.03713334562514667,0.33995652196057174,0.6229101324142816
I collected marvel villains for NPCs,neither,0.034419532190562624,0.30522846741096477,0.6603520003984725
I apparently have probably a few thousand in MtG cards stashed away.. somewhere. If I can find them.,neither,0.03746289365461356,0.3060526896346227,0.6564844167107636
We have a subscriber-only Discord server! Join here: https://discord.gg/geekandsundry (you'll need to sub and link it to your Twitch) and be a part of the fun!...Warning: It can take up to an hour for the server to update and give you access to the channels,neither,0.08464076273808444,0.286394834032893,0.6289644032290227
My brother had tons of pokemon cards,neither,0.03198635271857127,0.3861321718848293,0.5818814753965994
magic the gathering is my life right now so I very much know the card excitement feeling,neither,0.031936750584677105,0.41840428838004334,0.5496589610352796
the theme song is my ringtone,neither,0.03383371652069603,0.39825397820769276,0.5679123052716111
I still own my Marvel Flair cards from '94.,neither,0.04582694246295928,0.37888728227665813,0.5752857752603826
"I collect Pokemon, Yu-gi-oh and Magic cards (right focusing no Magic cards)",neither,0.040355419561123276,0.3085563041910987,0.651088276247778
Crew give them towels so they don't get smudges all over the nice cards,neither,0.04543959630131854,0.39029915254030945,0.564261251158372
"mercer on his second piece, keep scorte",neither,0.060372807738025905,0.3451381124478663,0.5944890798141079
(right after the signing that included sandra everingham... T_T),neither,0.035306579208308965,0.3626354148467014,0.6020580059449896
"I was originally thinking I'd gottened banned or something, but... *shrug* thanks for listening. I have no idea either WOMStv",neither,0.033681684717700895,0.32426278109615775,0.6420555341861414
NotLikeThis So Much Awesome memories can't contain Joy PogChamp,neither,0.03708607320954581,0.356930858161737,0.6059830686287173
mmmm marvel cards,neither,0.03945320844208391,0.33037608806864915,0.630170703489267
"I bought a box of first series X-Men and got a full set, including all holos. Then I realized I had the Magneto promo as well. One of the only two full sets I have.",neither,0.047601554844291,0.36323214236652024,0.5891663027891888
Shows like this makes me think what might have been had I not gone down the path of baseball cards as a kid. :),neither,0.040377756326210545,0.3711127795800168,0.5885094640937727
I collected Star Trek cards,neither,0.03945320844208391,0.33037608806864915,0.630170703489267
i bet judy would agree it would be nice too see faith trading card game,neither,0.03798845102622115,0.30993720096278343,0.6520743480109953
I first saw Dr. Strange in the Spider-Man newspaper comic strip,neither,0.035163295876319764,0.35519955496636324,0.6096371491573169
@lixyewup I still got mine... I stopped at weatherlight/tempest,neither,0.03729526265097612,0.3921415365090452,0.5705632008399787
our comic shop made a deck of Xfiles for me and my taller bestie,neither,0.026319258216552024,0.35896635433054974,0.6147143874528981
"ugh, these people do not know how to eat pizza! FOLD IT! FOLD IT, learn to eat pizza california",neither,0.06761791258971471,0.34957901305158573,0.5828030743586996
"Help G&S make great content! $4.99/month gets you emotes, Minecraft server access, Sub Only Q&As, VODs, and more! Every sub keeps the channel alive! twitch.tv/geekandsundry/subscribe",neither,0.043092924924402844,0.32365565443818894,0.6332514206374082
They're only opening comic book trading cards to those asking.,neither,0.07175423977161481,0.2695336050057584,0.6587121552226268
I saw that Taliesin,neither,0.03331973661388551,0.3977170722870928,0.5689631910990217
Jody is the same way I am with pokemon cards from childhood,neither,0.037467975527117496,0.33530174652644584,0.6272302779464366
I had marvel comic pogs,neither,0.03945320844208391,0.33037608806864915,0.630170703489267
"@DEATHlikescats if it keeps being like that for several days, I think getting in touch with twitch is best :)",neither,0.024217914904454112,0.4229393396469699,0.552842745448576
I was just a baby when I first saw these BegWan,neither,0.027430633240810305,0.47297418021911597,0.4995951865400737
I love the old Masterpiece series,neither,0.03551748785521758,0.3271449865302183,0.6373375256145641
I love watching all these guys getting so excited. I did nothing like this but I feel so part of this just because their enthusiasm,offensive_language,0.04005682024538716,0.5310766637498864,0.4288665160047265
I am so gellous of your card Jodi,neither,0.07473606805868238,0.3704294721852786,0.5548344597560391
will do. thanks WOMStv !4,neither,0.04030144373267485,0.2762177172023773,0.6834808390649479
The only things I could geek out with when I was a smol were things that were free,neither,0.02621770549956971,0.3723795407280105,0.6014027537724197
