text,top_class,hate_speech,offensive_language,neither
"Techncally not the wrong era, there were still some ships in this uniform in s4, Voyager comes to mind",neither,0.03680689901596923,0.3057641541983931,0.6574289467856377
Sally Ride is an american astronaut who was the first woman in space,neither,0.04013732111607343,0.3415969342210824,0.6182657446628442
@cushmanzadah42 i am waaay to hyper right now!,neither,0.04435804807369781,0.34336895409440465,0.6122729978318976
lol whats star trek,neither,0.03342368652762991,0.3731782290870332,0.5933980843853368
"@cinphoria oh, thank you",neither,0.07665879753716509,0.33619386616006813,0.5871473363027667
@JoeSondow also Eric's scientific idol,neither,0.03945320844208391,0.33037608806864915,0.630170703489267
Omgggg doogHi doogPaw,neither,0.03945320844208391,0.33037608806864915,0.630170703489267
wooooooooooooooooooooooooooooooooooooooooooooo!,neither,0.03945320844208391,0.33037608806864915,0.630170703489267
BlessRNG BlessRNG BlessRNG BlessRNG,neither,0.03945320844208391,0.33037608806864915,0.630170703489267
"cheer500 Can't stay to watch the show life anymore, but just wanted to drop some bits to kick things off since I have faith the show will be great when I watch on VOD. Also, yay, cool uniforms! But now I must go, to Bed, The Final Frontier (of the day).",neither,0.05074532644892068,0.2920612959228049,0.6571933776282743
gandsSubHype gandsSubHype gandsSubHype,neither,0.03945320844208391,0.33037608806864915,0.630170703489267
"MAKE IT SO. NUMBER 1, ENGAGE!",neither,0.03764536082191062,0.38830474904160617,0.5740498901364832
"omg, that is perfect casting, Taliesin has to play Q in their next appearance",neither,0.046273620060758504,0.3567464365434502,0.5969799433957913
Here we go boiiiiiiis,neither,0.13156755280784707,0.2765461283225309,0.5918863188696221
yay!!!!!!!,neither,0.03945320844208391,0.33037608806864915,0.630170703489267
woot,neither,0.03945320844208391,0.33037608806864915,0.630170703489267
woot,neither,0.03945320844208391,0.33037608806864915,0.630170703489267
WOOO!,neither,0.03945320844208391,0.33037608806864915,0.630170703489267
Yay!,neither,0.03945320844208391,0.33037608806864915,0.630170703489267
HYPE!,neither,0.03945320844208391,0.33037608806864915,0.630170703489267
"What's up @Duckforceone , glad to see you. Now that we have the PDF, when are you thinking of getting started?",offensive_language,0.07092405857739782,0.4830249910387392,0.44605095038386294
"@xGastonx Eric Campbell is the GM, the players are Amy Dallen, Hector Navarro, Sam Delovely, Aliza Pearl and Bonnie Gordon",neither,0.053194229675724576,0.2763289344348206,0.6704768358894547
gandsSubHype gandsSubHype gandsSubHype,neither,0.03945320844208391,0.33037608806864915,0.630170703489267
Oh boy!,neither,0.04768565599480007,0.25364348607606696,0.698670857929133
Nice.,neither,0.03945320844208391,0.33037608806864915,0.630170703489267
wooo11,neither,0.03945320844208391,0.33037608806864915,0.630170703489267
gandsSubHype gandsSubHype,neither,0.03945320844208391,0.33037608806864915,0.630170703489267
hype,neither,0.03945320844208391,0.33037608806864915,0.630170703489267
Hello Eric :D,neither,0.03945320844208391,0.33037608806864915,0.630170703489267
gandsSubHype gandsSubHype gandsSubHype,neither,0.03945320844208391,0.33037608806864915,0.630170703489267
Hello!,neither,0.03945320844208391,0.33037608806864915,0.630170703489267
Ahhhh,neither,0.03945320844208391,0.33037608806864915,0.630170703489267
Hey,neither,0.03945320844208391,0.33037608806864915,0.630170703489267
"Nope, those are DS9 era. Next Gen era didn't have the the rollbars on the upper area",neither,0.04807199013378792,0.294391857003465,0.6575361528627471
yay!,neither,0.03945320844208391,0.33037608806864915,0.630170703489267
Bits gandsSubHype @starpilotsix gandsLessthanthree,neither,0.03945320844208391,0.33037608806864915,0.630170703489267
And we're live!,neither,0.07262340727010437,0.24466994893340407,0.6827066437964916
WOot!!,neither,0.03945320844208391,0.33037608806864915,0.630170703489267
oooh. nice,neither,0.03945320844208391,0.33037608806864915,0.630170703489267
"I am sort of hoping Hector goes all ""Latino Cpt Sisko""",neither,0.04031839526311992,0.37096837218150225,0.5887132325553778
unifoooooorms and starfieeeeeeld,neither,0.03763944115734239,0.1918412352459551,0.7705193235967025
I love how 80s this looks,neither,0.03686964910502364,0.3433872367303313,0.6197431141646451
EXTERIOR: SPACE!!!!!!!,neither,0.03945320844208391,0.33037608806864915,0.630170703489267
Should have named it the USS Marblehead.,neither,0.04972948723423974,0.36145703381687344,0.5888134789488869
"@shandravdeg, Ok thanks Anyways <3",neither,0.037261984473258,0.31328085466719247,0.6494571608595495
LLAP,neither,0.03945320844208391,0.33037608806864915,0.630170703489267
gandsSubHype gandsSubHype gandsSubHype gandsSubHype gandsSubHype gandsSubHype gandsSubHype gandsSubHype gandsSubHype gandsSubHype gandsSubHype,neither,0.03945320844208391,0.33037608806864915,0.630170703489267
i was a play tester on Doctor Who too :),neither,0.037012390279738995,0.40856158337204335,0.5544260263482176
holy shit,offensive_language,0.04257650662097627,0.9573463282193174,7.716515970639687e-05
gandsLessthanthree,neither,0.03945320844208391,0.33037608806864915,0.630170703489267
Woooooo!!!!,neither,0.03945320844208391,0.33037608806864915,0.630170703489267
"Lovely, lovely",neither,0.03945320844208391,0.33037608806864915,0.630170703489267
SO STOKED,neither,0.039408962504520015,0.38382265604540616,0.5767683814500738
is this only starting ?,neither,0.04939344907942039,0.3288098619742303,0.6217966889463493
STARDATE 2347,neither,0.03945320844208391,0.33037608806864915,0.630170703489267
Hi y'all!,neither,0.0423466876598404,0.4436528871510691,0.5140004251890904
HERE WE MCFUCKIN GO,neither,0.13156755280784707,0.2765461283225309,0.5918863188696221
woot,neither,0.03945320844208391,0.33037608806864915,0.630170703489267
gandsSubHype gandsSubHype,neither,0.03945320844208391,0.33037608806864915,0.630170703489267
Woooooo!!!,neither,0.03945320844208391,0.33037608806864915,0.630170703489267
wow,neither,0.03945320844208391,0.33037608806864915,0.630170703489267
HOLY SHIT,offensive_language,0.04257650662097627,0.9573463282193174,7.716515970639687e-05
"Kick ass, Eric!",offensive_language,0.11248759270993197,0.8836721760285011,0.0038402312615670353
@cushmanzadah42 i'm going to start on the 23rd.... :D,neither,0.040794258901060164,0.3567152586797001,0.6024904824192397
SHE'S STILL A DOCTOR XD,neither,0.0400187684316435,0.4479330383946064,0.51204819317375
@Gabogogo Yep!,neither,0.03945320844208391,0.33037608806864915,0.630170703489267
NICE!,neither,0.03945320844208391,0.33037608806864915,0.630170703489267
The star background is tripping me out lol,neither,0.030094712519361178,0.3963298447033152,0.5735754427773235
YAY AMY,neither,0.03945320844208391,0.33037608806864915,0.630170703489267
HOLY SHIT! The set!,offensive_language,0.044482322376777385,0.9542691720789742,0.0012485055442484694
PogChamp,neither,0.03945320844208391,0.33037608806864915,0.630170703489267
Oh look... Amy's still playing the Doctor :D,neither,0.04317841510790101,0.2932837336582664,0.6635378512338326
HOLY SHHHEEEEEEEEET!!!!!!,neither,0.03945320844208391,0.33037608806864915,0.630170703489267
nice set,neither,0.03945320844208391,0.33037608806864915,0.630170703489267
Engage!,neither,0.03945320844208391,0.33037608806864915,0.630170703489267
OMG,neither,0.03945320844208391,0.33037608806864915,0.630170703489267
Oh no they shot Eric into space,neither,0.042517970767493446,0.3050389219644399,0.6524431072680668
wow!,neither,0.03945320844208391,0.33037608806864915,0.630170703489267
holy shit,offensive_language,0.04257650662097627,0.9573463282193174,7.716515970639687e-05
holy crap the set,neither,0.038658243260993534,0.3158756651824002,0.6454660915566063
Doctor who?,neither,0.04029468291799171,0.4149627145925364,0.5447426024894719
HOLY GOOD GOD,neither,0.03872297072219319,0.33062725030601015,0.6306497789717965
Sorry for the delay folks. HE HE HE,neither,0.04619237549893984,0.2944564677466585,0.6593511567544017
Costumes and holy shit,offensive_language,0.046203509462375204,0.9502439312785187,0.0035525592591059882
Oh my gosh. The set. Yesss! <3,neither,0.03371943973100165,0.344380356485062,0.6219002037839363
This is such a freaking sweet set.,neither,0.04595083853353475,0.3261939235663301,0.6278552379001352
Sweet,neither,0.03945320844208391,0.33037608806864915,0.630170703489267
SET!,neither,0.03945320844208391,0.33037608806864915,0.630170703489267
"WOW! Yeah, the set is sick, holy crap!!!",neither,0.03172504485944839,0.39334569823628696,0.5749292569042646
That Set!,neither,0.03365205383098599,0.39398699202070553,0.5723609541483085
wooooo,neither,0.03945320844208391,0.33037608806864915,0.630170703489267
WOW!!,neither,0.03945320844208391,0.33037608806864915,0.630170703489267
"Amy is low, btw",neither,0.04627067007632756,0.32803125039382186,0.6256980795298507
and outfits,neither,0.03852460340978638,0.282397176840787,0.6790782197494266
#AmyisMyDoctor,neither,0.03945320844208391,0.33037608806864915,0.630170703489267
That's an awesome set!!!,neither,0.035964813161691735,0.36633030303919434,0.5977048837991139
OUTFITS!,neither,0.03945320844208391,0.33037608806864915,0.630170703489267
Hi Bonnie!,neither,0.03945320844208391,0.33037608806864915,0.630170703489267
Wow. That set looks great.,neither,0.034575561452851615,0.3439967804959481,0.6214276580512004
great!,neither,0.03629809395026052,0.28705760395740076,0.6766443020923386
BONNIE!,neither,0.03945320844208391,0.33037608806864915,0.630170703489267
Doctor,neither,0.03945320844208391,0.33037608806864915,0.630170703489267
You have an audience!!,neither,0.058217892040523356,0.3879010846510342,0.5538810233084425
Amyyy sugarLOVE sugarLOVE sugarLOVE,neither,0.03945320844208391,0.33037608806864915,0.630170703489267
AMY!,neither,0.03945320844208391,0.33037608806864915,0.630170703489267
our set is too rad,neither,0.04587459367290934,0.3316216429133869,0.6225037634137037
"actually, everyone is low except for Eric, so far :P",neither,0.03625146739215962,0.4003087717938182,0.5634397608140223
THE FUCKIN SET,offensive_language,0.0801270034670844,0.9162988100020456,0.003574186530870097
heycheDROOL,neither,0.03945320844208391,0.33037608806864915,0.630170703489267
oh my GOSH this set is incredible!!!,neither,0.03952174681880274,0.35617863761440427,0.6042996155667931
amy gandsLessthanthree gandsLessthanthree,neither,0.03945320844208391,0.33037608806864915,0.630170703489267
#DallensDay,neither,0.03945320844208391,0.33037608806864915,0.630170703489267
That set is AMAZEBALLS!,neither,0.04516346219477406,0.38509427238889943,0.5697422654163266
TharkWarrior66 -> Only those that we deem worthy shall possess the power of the Hyperlink [warning],neither,0.048140585852785724,0.2990817588418225,0.6527776553053918
CLAP CLAP!,neither,0.03945320844208391,0.33037608806864915,0.630170703489267
Holy shit this set,offensive_language,0.04451791783750676,0.954252899888354,0.001229182274139225
ballz this is fancy,neither,0.04994448465068771,0.32871172086384776,0.6213437944854645
Hi Bonnie,neither,0.03945320844208391,0.33037608806864915,0.630170703489267
someone deserves a raise for this set,neither,0.03476698700951477,0.30848280781539056,0.6567502051750946
HOLY SHIT,offensive_language,0.04257650662097627,0.9573463282193174,7.716515970639687e-05
I love that they all have uniform shirts on,neither,0.03289368690043497,0.44725303476363937,0.5198532783359257
YAAAS Vulcan,neither,0.03945320844208391,0.33037608806864915,0.630170703489267
The comm badges are also ds9 issue,neither,0.05855812676337976,0.2816781992676748,0.6597636739689454
feliciaYEAH bonnie,neither,0.03945320844208391,0.33037608806864915,0.630170703489267
clap clap!,neither,0.03945320844208391,0.33037608806864915,0.630170703489267
OMG THIS IS AMAZING!!!!,neither,0.04836815868005176,0.3289896925324592,0.622642148787489
"I'm retweeting this from PicardTips and RikerGoogling, because this is important.",neither,0.04555846641434289,0.2873875422383493,0.6670539913473079
<3 <3,neither,0.03945320844208391,0.33037608806864915,0.630170703489267
Cool,neither,0.03945320844208391,0.33037608806864915,0.630170703489267
Sam looks so cool,neither,0.03941162186451435,0.37463661022559724,0.5859517679098883
TNG had the round ones,neither,0.03852412528327583,0.31336554574182546,0.6481103289748987
Hector is our captain?? Nice!,neither,0.04756436697855831,0.32758628870589374,0.6248493443155481
THAT SET IS AMAZING!,neither,0.043499859836086334,0.3706405531935024,0.5858595869704112
OMG OMG should some one tell Hector hes wearing RED XD,neither,0.04034827440157493,0.3803737556945937,0.5792779699038314
O captain my captain,neither,0.03118991835678586,0.39262565666888805,0.5761844249743262
and hi Aliza,neither,0.038358606956405694,0.2721397086643902,0.6895016843792041
Captain Martinez!,neither,0.03945320844208391,0.33037608806864915,0.630170703489267
"Yes, vul can!",neither,0.03991739006836329,0.32249771445317665,0.6375848954784602
what race?,hate_speech,0.49845082710369076,0.011510944470370123,0.490038228425939
sweet,neither,0.03945320844208391,0.33037608806864915,0.630170703489267
woot!,neither,0.03945320844208391,0.33037608806864915,0.630170703489267
sweet setup,neither,0.03945320844208391,0.33037608806864915,0.630170703489267
they need rank pips,neither,0.039259408042498826,0.3287532284734644,0.6319873634840367
sally ride....ha,neither,0.03945320844208391,0.33037608806864915,0.630170703489267
"I can confirm, I am indeed a vulcan fan. Hurrah. I am thoroughly anxious.",neither,0.03939405829920709,0.32806939473186253,0.6325365469689305
Here come blasty sam!,neither,0.09311580948345508,0.31589209390620404,0.5909920966103409
this is an amazing set,neither,0.04772573023816247,0.323923698307807,0.6283505714540306
So is everyones makeup,neither,0.050465842954069896,0.38560012187420556,0.5639340351717245
production value is thru the roof!,neither,0.04523013630017518,0.31508122153766827,0.6396886421621566
Hector is in the WRONG COLOUR,neither,0.051174545019149364,0.30200254504530805,0.6468229099355426
Sam as a blasty is gonna be fun,neither,0.04416858150440132,0.4044016379832187,0.55142978051238
Blasty Sam!!!!,neither,0.03945320844208391,0.33037608806864915,0.630170703489267
pew pew pew,neither,0.03945320844208391,0.33037608806864915,0.630170703489267
no engineer,neither,0.036918905254960256,0.37338982715841207,0.5896912675866277
"Okay, yeah, that set is pretty cool.",neither,0.028621885272238273,0.44438847782082785,0.5269896369069339
And nice they could get Hector away from hyper for a change :-),neither,0.03555508051272326,0.2524323855653163,0.7120125339219605
yay!!!!!,neither,0.03945320844208391,0.33037608806864915,0.630170703489267
Sam's great,neither,0.03728154304790486,0.3012925707610925,0.6614258861910027
"Sam, what race?",neither,0.3761013599656388,0.03592922903499329,0.5879694109993678
BLASTY!!,neither,0.03945320844208391,0.33037608806864915,0.630170703489267
the blasty is real,offensive_language,0.03830018851652491,0.5027007131562609,0.45899909832721425
PEW PEW PEW,neither,0.03945320844208391,0.33037608806864915,0.630170703489267
@joesondow i love your work,neither,0.0862151720557387,0.3358418423559211,0.5779429855883402
feliciaYEAH feliciaYEAH sam,neither,0.03945320844208391,0.33037608806864915,0.630170703489267
Sam is a Trill,neither,0.047620647259380415,0.32756693133655285,0.6248124214040668
gandsLessthanthree gandsLessthanthree gandsLessthanthree,neither,0.03945320844208391,0.33037608806864915,0.630170703489267
@Davecom3 Trill,neither,0.03945320844208391,0.33037608806864915,0.630170703489267
@commandercephalo eric is playing an NPC engineer,neither,0.04796857922025549,0.3222526137206082,0.6297788070591362
I can't wait for blasty Sam,neither,0.033549256650760945,0.29488446198501556,0.6715662813642235
"Not only will they get blasty, they will be the MOST blasty!",neither,0.03980104464344066,0.29442331699112423,0.6657756383654352
The first woman in space was Valentina Vladimirovna Tereshkova in 1963.,neither,0.031350464185620076,0.3506827350926135,0.6179668007217665
PogChamp PogChamp PogChamp PogChamp,neither,0.03945320844208391,0.33037608806864915,0.630170703489267
NERDS <3,neither,0.03945320844208391,0.33037608806864915,0.630170703489267
where did those come from?,neither,0.06882999550523224,0.23237752916608392,0.6987924753286838
@commandercephalo when you have a DM you then have a Q so who needs the engineer :),offensive_language,0.054322938839371414,0.5396920409732261,0.4059850201874025
Spoilers?,neither,0.03945320844208391,0.33037608806864915,0.630170703489267
"I KNEW IT, Anomos is where it is at!",neither,0.053639251149021655,0.3186935233999719,0.6276672254510064
Blasty Sam seems like a very dangerous Sam. They are going to wreck all the enemies.,neither,0.05938668662093993,0.35054280663170695,0.5900705067473532
meta,neither,0.03945320844208391,0.33037608806864915,0.630170703489267
LUL,neither,0.03945320844208391,0.33037608806864915,0.630170703489267
@tharkwarrior66 correct,neither,0.03945320844208391,0.33037608806864915,0.630170703489267
Perfect Eric,neither,0.03945320844208391,0.33037608806864915,0.630170703489267
damit eric,neither,0.03945320844208391,0.33037608806864915,0.630170703489267
yes snorths!,neither,0.03945320844208391,0.33037608806864915,0.630170703489267
She is the best!,neither,0.05133181636216637,0.4104038560040566,0.538264327633777
eric is epic!,neither,0.047204031933976674,0.3277102244511059,0.6250857436149174
Bonnie has cutest snortlaugh,neither,0.039907371817731706,0.3226677503119453,0.6374248778703231
working on sound levels,neither,0.03688446372027877,0.34268316738836696,0.6204323688913542
Bonnie is gonna be my new favorite,neither,0.0377466114125065,0.37867119564967067,0.5835821929378229
Anovos,neither,0.03945320844208391,0.33037608806864915,0.630170703489267
Eric isn't just as dedicated as the others!,neither,0.03399370296627032,0.37338202213747496,0.5926242748962548
timmacRC timmacDR,neither,0.03945320844208391,0.33037608806864915,0.630170703489267
I love the Dr Crusher jacket omg,neither,0.036356729408061825,0.3277702940824579,0.6358729765094802
I am so thrilled. WOAH I want to play that drinking game,neither,0.04062537672404236,0.3542997618706394,0.6050748614053184
FLIP THIS *** PogChamp,neither,0.03931507155097638,0.332720631619302,0.6279642968297215
Squid1 BlessRNG Squid4,neither,0.03945320844208391,0.33037608806864915,0.630170703489267
damn that is a sweet set,offensive_language,0.04987580543577573,0.802551943587635,0.14757225097658924
@ripkveld thanks!,neither,0.035884468650613,0.3004919205142699,0.6636236108351171
"@jeffrey_lindsey First episode, can't spoil if we tried!",neither,0.023030439472363055,0.37012104856073486,0.6068485119669019
everything looks pretty!,neither,0.03945320844208391,0.33037608806864915,0.630170703489267
LOOK AT THAT LCARS,neither,0.03462669956333865,0.43629998392063896,0.5290733165160223
That set is so dope,neither,0.0432860140012463,0.41536750029385244,0.5413464857049012
That's one hell ofa company name,offensive_language,0.03774239446355319,0.7376706688179077,0.224586936718539
Cheer,neither,0.03945320844208391,0.33037608806864915,0.630170703489267
WOW,neither,0.03945320844208391,0.33037608806864915,0.630170703489267
Way to go!! FlipThisBitch!,neither,0.05349612215669351,0.331681186666869,0.6148226911764375
these sets are AMAZING,neither,0.07728621246127558,0.3515797841465245,0.5711340033922
"drinking game??? it's 06:52 am here! BOY, Am I going to be in trouble...",neither,0.06178376815989565,0.3046760837596186,0.6335401480804858
Sam is a Trill,neither,0.047620647259380415,0.32756693133655285,0.6248124214040668
that name,neither,0.03278527483253215,0.40372998758299017,0.5634847375844777
They did a fantastic job on the set!,neither,0.03656729118874516,0.32812388904639334,0.6353088197648616
Gonna have to go to bed. But definitely looking forward to watching the VOD,neither,0.04902803962274819,0.3548089288573971,0.5961630315198547
Love the LARS look. Great job.,neither,0.03573803279762343,0.3028933990288196,0.6613685681735569
Makes me want to build a set in my home ...,neither,0.03022688542364856,0.41603955804258397,0.5537335565337674
"Sets are meaningless, we are here for the story!",neither,0.11009819751881451,0.22244513265132193,0.6674566698298634
PogChamp PogChamp PogChamp PogChamp,neither,0.03945320844208391,0.33037608806864915,0.630170703489267
love that company name,neither,0.03290477430958064,0.38549693976405885,0.5815982859263606
that means you got all day @Xenonde Keepo,offensive_language,0.05508948718179217,0.5717353125973161,0.3731752002208918
although I hope she doesn't go way heavy on the past lives right away,neither,0.05775733584984712,0.30805350407148957,0.6341891600786633
"I love the doctors coat, such memories",neither,0.037017887157019334,0.325297345370005,0.6376847674729758
oh cool,neither,0.04720127955179003,0.2578925924460871,0.6949061280021229
that is pretty damn awesome,offensive_language,0.04985927090025539,0.8019597385699629,0.14818099052978173
"aww, bad company name but awesome product!",neither,0.03534785975752805,0.33723643668562736,0.6274157035568446
Blasty hardcore Sam is not too much of a shock...I've seen them murder too many innocent pencils to ever think Sam could ever be truly peace loving again :(,neither,0.03646256274833651,0.3327361972016153,0.6308012400500482
DAYUM FLIP THIS B*!!! Flip my life!,neither,0.030295810965138458,0.42048908655314315,0.5492151024817183
THE Colombia Broadcasting System,neither,0.03863602311522812,0.31546126039984007,0.6459027164849317
wow!,neither,0.03945320844208391,0.33037608806864915,0.630170703489267
omg,neither,0.03945320844208391,0.33037608806864915,0.630170703489267
Dope,neither,0.03945320844208391,0.33037608806864915,0.630170703489267
badass,neither,0.03945320844208391,0.33037608806864915,0.630170703489267
THE CBS,neither,0.03843498882663835,0.31168514531390124,0.6498798658594604
Dang,neither,0.03945320844208391,0.33037608806864915,0.630170703489267
"Dang, this is offical bro",neither,0.053377713750827456,0.32807822434625217,0.6185440619029204
niiiiiiiice,neither,0.03945320844208391,0.33037608806864915,0.630170703489267
Thanks CBS!,neither,0.037328737276664754,0.31258604004565615,0.6500852226776791
"OMG, is that beloved Internet sensation Amy Dallen as chief medical officer?",neither,0.04037397936754854,0.37115252510682795,0.5884734955256236
But does the set have a machine that goes ping?,neither,0.026378477775199326,0.43541400008687736,0.5382075221379233
ooohh it's official,neither,0.03757232367337081,0.33102301058971395,0.6314046657369153
Big budget,neither,0.023117663559617762,0.3982340980812411,0.578648238359141
Good,neither,0.037820165765928906,0.33093776632913474,0.6312420679049364
Sweet!,neither,0.03945320844208391,0.33037608806864915,0.630170703489267
the LCARS looks amazing,neither,0.03843266287120658,0.31164116107296846,0.649926176055825
nice,neither,0.03945320844208391,0.33037608806864915,0.630170703489267
awesome!,neither,0.03945320844208391,0.33037608806864915,0.630170703489267
Hector is so happy,neither,0.053382660415799754,0.39851010541116577,0.5481072341730345
awesome,neither,0.03945320844208391,0.33037608806864915,0.630170703489267
@Yangster1234 I've already been drinking since yesterday 10 pm :(((,neither,0.02399860233558985,0.33235504408875133,0.6436463535756588
JVC for the win!,neither,0.030459681658036572,0.27089736810521176,0.6986429502367517
Thanks CBS!,neither,0.037328737276664754,0.31258604004565615,0.6500852226776791
Archive nerds helping G&S Nerds.... yup,neither,0.03945320844208391,0.33037608806864915,0.630170703489267
Check,neither,0.03945320844208391,0.33037608806864915,0.630170703489267
TakeNRG GivePLZ TakeNRG GivePLZ,neither,0.03945320844208391,0.33037608806864915,0.630170703489267
Red Vines are better than Twizzlers,neither,0.06161606666567223,0.29541329077676604,0.6429706425575618
"thanks for being cool, CBS",neither,0.030085437263032686,0.3165698337626423,0.6533447289743249
wait a major broadcasting company said ok?! Respect CBS,neither,0.03942191541157739,0.3309072124646466,0.6296708721237761
GENCON official release,neither,0.03945320844208391,0.33037608806864915,0.630170703489267
Early preview wow,neither,0.04082315619463942,0.3071244994290478,0.6520523443763128
The pdf core book is out!,neither,0.04147576865838035,0.3282560323579286,0.630268198983691
I wonder if Erika helped out with any of this since her dad worked on Voyager,offensive_language,0.017928207176002284,0.5199979471324675,0.46207384569153015
"The Vulcans hair is real cute, just saying",neither,0.02926495596091461,0.41636744398954223,0.554367600049543
CBS has been GREAT to us.,neither,0.07588477746716092,0.2998487836039512,0.624266438928888
NO FAIR! THEY HAZ THE DICE,neither,0.03794275651677386,0.3284213500442641,0.6336358934389621
"well then, best of luck to your liver then @Xenonde Kappa 7",neither,0.06071358046031176,0.3184152041190061,0.6208712154206821
HEADPHONES! Stop yelling!,neither,0.03940125674247451,0.39996674798963744,0.5606319952678881
"for those not familiar, LCARS stands for Library Computer Access and Retrieval System",neither,0.04264719608677027,0.25234348469595047,0.7050093192172793
"Hi there, just tuned in, is this the end or beginning of the stream/",neither,0.04008313206762814,0.3015788805875977,0.6583379873447741
Hola @rbudd,neither,0.03945320844208391,0.33037608806864915,0.630170703489267
must have everything! lol,neither,0.031417773807701985,0.3846070127845171,0.5839752134077809
@Yangster1234 thanks bro! I need it :D,neither,0.0353908783730964,0.3097090605442919,0.6549000610826117
Is CBS taking a 101% cut for allowing G&S to use the license 🤔,neither,0.023875759730526074,0.3563789239890386,0.6197453162804353
does doc count as science?,neither,0.028065496772019496,0.446063773218548,0.5258707300094326
beginning,neither,0.03945320844208391,0.33037608806864915,0.630170703489267
@eriksc2 beginning,neither,0.03945320844208391,0.33037608806864915,0.630170703489267
beginning,neither,0.03945320844208391,0.33037608806864915,0.630170703489267
@ErikSC2 Just starting,neither,0.03326925679857758,0.3600393730657621,0.6066913701356603
Hey @chovexani !,neither,0.03945320844208391,0.33037608806864915,0.630170703489267
@ErikSC2 they just started,neither,0.03341848711953924,0.35928061453264065,0.6073008983478201
@ErikSC2 Beginning,neither,0.03945320844208391,0.33037608806864915,0.630170703489267
@ErikSC2 Beginning.,neither,0.03945320844208391,0.33037608806864915,0.630170703489267
What are you guys looking at? All I've got is a frozen image of the BTS cam and no sound.,neither,0.048515435462572434,0.3645684534701747,0.5869161110672528
beginning,neither,0.03945320844208391,0.33037608806864915,0.630170703489267
"What luck, awesome",neither,0.045083490270830716,0.32634339690241476,0.6285731128267544
cbs us cool with it because it usn't a fan film lol,neither,0.043473529169749524,0.3844838934704813,0.5720425773597693
Thanks for the replies ;3,neither,0.032016602845064676,0.2786512198999515,0.6893321772549837
refresh is your friend,neither,0.08229697471727392,0.31761554597302266,0.6000874793097034
O.O,neither,0.03945320844208391,0.33037608806864915,0.630170703489267
https://clips.twitch.tv/AmazingPleasantTurnipPogChamp,neither,0.03945320844208391,0.33037608806864915,0.630170703489267
"Alright everyone, going fullscreen for maximum viewing, enjoy the viewing ti its fullest!",neither,0.03114428188013366,0.36756445470018506,0.6012912634196813
@TharkWarrior66 refresh,neither,0.03945320844208391,0.33037608806864915,0.630170703489267
@tharkwarrior66 I have video and sound,neither,0.04354198176458622,0.19420758061143042,0.7622504376239834
Now if only Star Trek Discovery wasn't CBS All Access exclusive,neither,0.030752516109475114,0.3939447516486493,0.5753027322418754
I slept all day and took my stay awake meds to be up for this,neither,0.03192432012817699,0.3976962884795824,0.5703793913922406
So random question. Why does the DM look like Q?,neither,0.028192973987640892,0.4620149833188395,0.5097920426935197
@TharkWarrior66 Refresh.,neither,0.03945320844208391,0.33037608806864915,0.630170703489267
@rbudd You would happen to have or maybe over heard any Star Trek Discovery secrets from CBS have you? ;),neither,0.056604061868469946,0.36998689433130894,0.5734090438002211
It seems like Amy is in a permanent state of just being thrilled about everything,neither,0.060760271741837145,0.3224961361614185,0.6167435920967442
bring him in as a triffid,neither,0.03686515165418878,0.3743021660492233,0.5888326822965879
will this be on youtube later?,neither,0.03840471951343907,0.32535374609458617,0.6362415343919747
yeah get Xander on that!!,offensive_language,0.01479494774191483,0.5261267921609826,0.45907826009710245
@tharkwarrior66 happened to me. Reload or something,neither,0.037957033002065564,0.3671254456870413,0.594917521310893
@ricky_galletti i heard its set in space...,neither,0.03438525353424446,0.332119190155581,0.6334955563101745
Eric is gonna end up with a bridge crew of 50 if he doesn't stop inviting people,neither,0.039344309021772696,0.45527677807840505,0.5053789128998223
@ricky_galletti I wish! Can't wait to see it though!,neither,0.044553112780999236,0.3228436919550136,0.6326031952639871
PartyTime,neither,0.03945320844208391,0.33037608806864915,0.630170703489267
@Drizna because Q can look like anyone they want to,neither,0.061053820965761174,0.3319407416394178,0.6070054373948209
Hi Xander!,neither,0.03945320844208391,0.33037608806864915,0.630170703489267
:),neither,0.03945320844208391,0.33037608806864915,0.630170703489267
I wish I could bring ya'll some Gagh <3,offensive_language,0.021799033312512664,0.5615868040614025,0.4166141626260849
if this was the Voyager timeframe Amy would be in green instead of blue,neither,0.02782108815304024,0.3393871424875935,0.6327917693593663
@jamm_jars not if they are all red shirts,neither,0.04002589881923611,0.4081297966218599,0.551844304558904
LOL,neither,0.020706217963973744,0.4882283491876925,0.4910654328483337
"Im right on time after work, perfect",neither,0.03464918248667253,0.4008689182806688,0.5644818992326587
Does Sam have an announcement?,neither,0.025760541512575674,0.46007329419270226,0.5141661642947221
also Sams nomnomnom XD,neither,0.03945320844208391,0.33037608806864915,0.630170703489267
@dragonsparkz as long as its still wriggling,neither,0.030082731301686285,0.40300498914716193,0.5669122795511516
"Sam, master of game systems, and destoryer of pencils",neither,0.038520273872071686,0.27666578188266217,0.6848139442452661
@G1ng3rbeardm4n very few series get archived on youtube. Assume it wont,neither,0.03653285212812052,0.34452448467237445,0.6189426631995051
now they need some Majel Barrett star trek computer voice sound effects,neither,0.034336325900931816,0.33792875881569234,0.6277349152833758
What is up with 2777 and 173 in the background?,neither,0.035917589553318606,0.3536739345285185,0.6104084759181628
I kind of want Sam to make their announcement,neither,0.045464606042833346,0.3235869812937931,0.6309484126633736
@RIPKveld heckYEA,neither,0.03945320844208391,0.33037608806864915,0.630170703489267
"@chovexani red shirts are gonna be Eric's version of pencils, aren't they?",neither,0.052160389730830446,0.33276849441905715,0.6150711158501123
For those who don't know Star Trek Adventures is a 2d20 system,neither,0.05728965302088962,0.29969269154614075,0.6430176554329696
I WAS JUST GOING TO SAY THAT,neither,0.034898689620318904,0.42991777935180137,0.5351835310278796
<3 Sam,neither,0.03945320844208391,0.33037608806864915,0.630170703489267
I love Sam,neither,0.035714521531851555,0.34792756620297893,0.6163579122651696
"Erik, you can't say shite on Star Trek!",neither,0.04838607266898586,0.36893732698054005,0.5826766003504742
@phosph0rescence7991 cant way to see what makes them snap pencils,neither,0.058624437834476406,0.3198354570715317,0.6215401050939919
YES!!!!,neither,0.03945320844208391,0.33037608806864915,0.630170703489267
@jamm_jars yes,neither,0.03945320844208391,0.33037608806864915,0.630170703489267
So it's official!,neither,0.03766978659573399,0.3874621460602698,0.5748680673439963
SAM'S EXCITED,neither,0.03945320844208391,0.33037608806864915,0.630170703489267
XD,neither,0.03945320844208391,0.33037608806864915,0.630170703489267
Sam is ALL of us.,neither,0.1071992233096713,0.39125350109025764,0.5015472756000711
"Excited AND French, apparently",neither,0.03874922325043357,0.29517592160372247,0.6660748551458439
thats definitely how you spell your name,neither,0.08575915778278456,0.3610443058110468,0.5531965364061686
@RIPKveld @rbudd HA! Fair enough! :D [And same!],neither,0.039425302257565055,0.30183420646846254,0.6587404912739724
gandsSubHype,neither,0.03945320844208391,0.33037608806864915,0.630170703489267
BlessRNG BlessRNG BlessRNG BlessRNG,neither,0.03945320844208391,0.33037608806864915,0.630170703489267
oh stop,neither,0.048995099775486904,0.3767234147362066,0.5742814854883065
Sam is excited? Well it had to happen sometime :-),neither,0.04831114916629979,0.3262719759449034,0.6254168748887968
did sam go full French on us?,neither,0.0886159067111565,0.33061355428480055,0.5807705390040431
Writer Hype,neither,0.03945320844208391,0.33037608806864915,0.630170703489267
Sam is excited? Who would of thought that!,neither,0.04532059535201229,0.32618651309670954,0.6284928915512782
PartyTime Set Phasers to Party,neither,0.04792283695417614,0.3254654863502937,0.6266116766955301
Writer HYPE,neither,0.03945320844208391,0.33037608806864915,0.630170703489267
Writers?,neither,0.03945320844208391,0.33037608806864915,0.630170703489267
@kalira77 yiss,neither,0.03945320844208391,0.33037608806864915,0.630170703489267
oui!,neither,0.03945320844208391,0.33037608806864915,0.630170703489267
#SCRIPTED!,neither,0.03945320844208391,0.33037608806864915,0.630170703489267
Huh?,neither,0.03945320844208391,0.33037608806864915,0.630170703489267
gandsSubHype gandsSubHype gandsSubHype,neither,0.03945320844208391,0.33037608806864915,0.630170703489267
"Shout out to writers, yo! Writer HYPE!",neither,0.0406683669638637,0.3821974444457807,0.5771341885903557
Make it so,neither,0.036954900997372996,0.4128228953284452,0.5502222036741818
The 2d20 system is basically rolling under an attribute + skill to succeed the check,neither,0.046398039624522054,0.3076899884995786,0.6459119718758994
"I was literally thinking that, in French, in my head, right before they said it >.>",neither,0.026734498764837213,0.46591264068441807,0.5073528605507448
eric's background is trippin me out,neither,0.03588367870803027,0.3713910846089113,0.5927252366830584
"""The more things change, the more they stay the same.""",neither,0.0407058600306091,0.29040824433075246,0.6688858956386384
nerd powa is strong,neither,0.04750968710135864,0.3276050956230414,0.6248852172756
I sense a coup in the works!,neither,0.03854323905045218,0.313724589049791,0.647732171899757
Is #SCRIPTED the same as #bad ?,neither,0.04127395223090367,0.35103483527127827,0.607691212497818
@Fateor I disagree,neither,0.03945320844208391,0.33037608806864915,0.630170703489267
Vast is amazing,neither,0.04703940262548894,0.327766848019471,0.6251937493550401
Old Town?,neither,0.03945320844208391,0.33037608806864915,0.630170703489267
she's gonna overthrow hector!,offensive_language,0.040508100709272785,0.588944661724797,0.3705472375659301
@crthemighty me too! lol,neither,0.019023704345317676,0.4837350641623833,0.4972412314922991
which Old Town would that be?,neither,0.035847974645485586,0.3661270156099955,0.598025009744519
why would scripted be bad?,neither,0.027105746832695666,0.3434990369729015,0.6293952161944029
Spock's Brain,neither,0.03945320844208391,0.33037608806864915,0.630170703489267
I've been through that once before,neither,0.016987465597493045,0.4032428463830491,0.5797696880194579
What Up!?,neither,0.04549209283961305,0.43877665191533993,0.5157312552450469
most games are scropted,neither,0.07479993041337389,0.27247116630642615,0.6527289032802
Writers give a .. template but the players are free to go off the rails,neither,0.05799906914102944,0.2854002361836888,0.6566006946752818
@WardenWinter They build the world but i'm guessing choices are still left to players,neither,0.05368438348739136,0.30761384246998297,0.6387017740426256
Best show ever right here,neither,0.11462010555594751,0.22621135609463475,0.6591685383494177
*Pours one out* for the Experience,neither,0.030534743218391145,0.33167523812461885,0.6377900186569899
Writers mean Eric has time to do his actual job :P,neither,0.059761673666074065,0.3362132902116562,0.6040250361222698
hehe bonnie so great,neither,0.03741846628398673,0.34627446631470477,0.6163070674013086
@davecom3 all of life's answer can be found on the old road,neither,0.035910951101864645,0.41763112639519734,0.546457922502938
"star trek experience, should STILL be Vegas if it weren't for greed",neither,0.03038168533578155,0.3719732481944788,0.5976450664697397
@rhinohide77 Not at all. VAST on G&S and Alpha is scripted and that game is amazing :),neither,0.04243016623169754,0.3403300328156531,0.6172398009526493
<3,neither,0.03945320844208391,0.33037608806864915,0.630170703489267
Sub HYPE!!!,neither,0.03945320844208391,0.33037608806864915,0.630170703489267
!respect,neither,0.03945320844208391,0.33037608806864915,0.630170703489267
"If you would like to share opinions on our hosts, guests or fellow viewers, please do so in a respectful manner. Don't make them feel uncomfortable.",neither,0.04843323757214918,0.39559142321184637,0.5559753392160044
Oh gosh,neither,0.04522550427656808,0.27558419280407476,0.6791903029193572
<3,neither,0.03945320844208391,0.33037608806864915,0.630170703489267
whistles DW theme,neither,0.03945320844208391,0.33037608806864915,0.630170703489267
lets do this!,neither,0.040148419443759686,0.3496283523875733,0.610223228168667
hi,neither,0.03945320844208391,0.33037608806864915,0.630170703489267
Aesthetics are so nice,neither,0.08320731558014291,0.3271502206306926,0.5896424637891644
can u post the twitter links please?,neither,0.03824953806331679,0.4067652032731069,0.5549852586635764
someone needs to send Amy antenae,neither,0.04505426001949897,0.327086652803825,0.627859087176676
<3,neither,0.03945320844208391,0.33037608806864915,0.630170703489267
"I know of an Old Town, FL, which is why I was asking",neither,0.03660248807164215,0.3365128989295896,0.6268846129987682
"Tears up, donnnt @CiaraTheBraid",neither,0.03612935963130644,0.3988232696965536,0.5650473706721401
gandsSubHype gandsSubHype gandsSubHype,neither,0.03945320844208391,0.33037608806864915,0.630170703489267
I love Amy's blue lipstick. Looks amazing on her. :),neither,0.030504425041264705,0.4808539872839515,0.4886415876747837
goooiii,neither,0.03945320844208391,0.33037608806864915,0.630170703489267
where do the events of the show lie?after TOS but before TNG? After TNG?,neither,0.04433894260858604,0.2921656655072796,0.6634953918841343
!whodat,neither,0.03945320844208391,0.33037608806864915,0.630170703489267
"GM Eric Campbell ( twitter.com/16BitEric ), with Amy Dallen ( twitter.com/enthusiamy ), Hector Navarro ( twitter.com/Hectorisfunny ), Sam de Leve ( twitter.com/ChaiKovsky ), Bonnie Gordon ( twitter.com/BonnieBellG ), and Aliza Pearl ( twitter.com/AlizaPearl )",neither,0.03628824144144594,0.4603238889791243,0.5033878695794297
LET'S BEGIN!,neither,0.022944649116739466,0.3671601913572825,0.6098951595259781
