text,top_class,hate_speech,offensive_language,neither
gandsTrinket,neither,0.03945320844208391,0.33037608806864915,0.630170703489267
Someone let me know when I need to refresh,neither,0.021293172180548138,0.4157839740863265,0.5629228537331252
wtff,neither,0.03945320844208391,0.33037608806864915,0.630170703489267
ITS BACK UP!,neither,0.02774342878519414,0.4134621591149478,0.5587944120998581
you broke it missy,neither,0.0550493012199851,0.38057612103661015,0.5643745777434048
this is how they get you to sign into Alpha,neither,0.06657744560835802,0.36731477543428254,0.5661077789573593
Its on,neither,0.024643178838944246,0.35995612139696637,0.6154006997640895
SAVED,neither,0.03945320844208391,0.33037608806864915,0.630170703489267
can we get a refresh spam from mods when back? on xb no auto refresh,neither,0.03358803078022792,0.36011183143179387,0.6063001377879782
It's back,neither,0.03654534214784638,0.3313762366291984,0.6320784212229552
"Whoo, great one tonight guys!",neither,0.03544345850176485,0.32001795127358745,0.6445385902246477
YAS,neither,0.03945320844208391,0.33037608806864915,0.630170703489267
is it love for anyone yet?,neither,0.03652855786252432,0.31210357169648884,0.6513678704409869
Good job crew!,neither,0.038765718883370937,0.3306125472531385,0.6306217338634906
Sync!,neither,0.03945320844208391,0.33037608806864915,0.630170703489267
We're good!!,neither,0.06946568397753006,0.2893242855425197,0.6412100304799503
Thank you @GeekandSundry crew!,neither,0.05897985934550316,0.39503371390534275,0.545986426749154
back,neither,0.03945320844208391,0.33037608806864915,0.630170703489267
BACK,neither,0.03945320844208391,0.33037608806864915,0.630170703489267
Refresh.,neither,0.03945320844208391,0.33037608806864915,0.630170703489267
ITS GOOD,neither,0.028901295535216566,0.334005374781645,0.6370933296831385
REFRESH,neither,0.03945320844208391,0.33037608806864915,0.630170703489267
"lol, Vecna has triumphed.",neither,0.027291613127527613,0.4173493120567155,0.555359074815757
sync is good,neither,0.057176020302150646,0.32428040037975586,0.6185435793180933
man that TPK tonight came out of nowhere,neither,0.031034676503576258,0.40324625252813906,0.5657190709682847
back,neither,0.03945320844208391,0.33037608806864915,0.630170703489267
someone tell me when they are back,neither,0.04219192787131544,0.37430075014257186,0.5835073219861127
BloodTrail,neither,0.03945320844208391,0.33037608806864915,0.630170703489267
gandsAJinSpace gandsAJinSpace gandsAJinSpace gandsAJinSpace gandsAJinSpace,neither,0.03945320844208391,0.33037608806864915,0.630170703489267
WE ARE SYNCED! yay,neither,0.07125748106247452,0.2798030267765989,0.6489394921609266
call the locksmith!!,neither,0.03773299098383331,0.29804429175795133,0.6642227172582154
refresh,neither,0.03945320844208391,0.33037608806864915,0.630170703489267
back up refresh,neither,0.03677669573280786,0.3845827728239233,0.5786405314432689
YAY,neither,0.03945320844208391,0.33037608806864915,0.630170703489267
all good!,offensive_language,0.042287141387680284,0.4966367058223186,0.461076152790001
perfect,neither,0.03945320844208391,0.33037608806864915,0.630170703489267
refresh,neither,0.03945320844208391,0.33037608806864915,0.630170703489267
refresh friends!,neither,0.03945320844208391,0.33037608806864915,0.630170703489267
LIVE,neither,0.04891340716200846,0.3271222919257548,0.6239643009122369
REFRESH PEOPLE,neither,0.07386967574172044,0.3266571378432493,0.5994731864150303
WE DID IT!,neither,0.037020223076826134,0.33524355796772365,0.6277362189554502
Its fixed,neither,0.03249885153445373,0.3327680103054093,0.6347331381601369
It's back,neither,0.03654534214784638,0.3313762366291984,0.6320784212229552
YAY!,neither,0.03945320844208391,0.33037608806864915,0.630170703489267
refresh,neither,0.03945320844208391,0.33037608806864915,0.630170703489267
refresh,neither,0.03945320844208391,0.33037608806864915,0.630170703489267
refresh,neither,0.03945320844208391,0.33037608806864915,0.630170703489267
BLESS,neither,0.03945320844208391,0.33037608806864915,0.630170703489267
PJsalt,neither,0.03945320844208391,0.33037608806864915,0.630170703489267
gandsTeamNoStream gandsTeamNoStream gandsTeamNoStream,neither,0.03945320844208391,0.33037608806864915,0.630170703489267
yay no more desync!,neither,0.04059510345003324,0.335309374388856,0.6240955221611107
perfect ty,neither,0.03945320844208391,0.33037608806864915,0.630170703489267
welcome back,neither,0.03945320844208391,0.33037608806864915,0.630170703489267
Fixed,neither,0.03945320844208391,0.33037608806864915,0.630170703489267
yasssss,neither,0.03945320844208391,0.33037608806864915,0.630170703489267
Sync!,neither,0.03945320844208391,0.33037608806864915,0.630170703489267
Sync is good,neither,0.057176020302150646,0.32428040037975586,0.6185435793180933
@runetree284 Methinks thou methinkseth correctly.,neither,0.03945320844208391,0.33037608806864915,0.630170703489267
Refresh if it's not live,neither,0.025345117195309793,0.3819650594153114,0.5926898233893788
gandsPitCrew pit crew TPKed vox mochina gandsPitCrew,neither,0.03945320844208391,0.33037608806864915,0.630170703489267
There we go! Thanks Crew!!!,neither,0.0384301364918899,0.2828659215835304,0.6787039419245796
the chaos have taken over,neither,0.03576202868417559,0.3257485267593476,0.6384894445564768
YEAAAH,neither,0.03945320844208391,0.33037608806864915,0.630170703489267
confirmed up.,neither,0.03635641562019727,0.3937768671741043,0.5698667172056985
it's back up and audio is sync'd,neither,0.04192349777278203,0.33686175178330535,0.6212147504439125
Yay back,neither,0.03945320844208391,0.33037608806864915,0.630170703489267
SYNCED,neither,0.03945320844208391,0.33037608806864915,0.630170703489267
"Do you thing, crew. We love you.",neither,0.07388357015931596,0.44360603644355034,0.48251039339713364
<3 Ashley,neither,0.03945320844208391,0.33037608806864915,0.630170703489267
back up and fixed! <3 pit crew!,neither,0.03683903498327576,0.3371817792233334,0.6259791857933908
REFRESH GUYS!!,neither,0.039333895611238866,0.33240113818976524,0.628264966198996
F5 F5 F5,neither,0.03945320844208391,0.33037608806864915,0.630170703489267
wooo,neither,0.03945320844208391,0.33037608806864915,0.630170703489267
Reconnect if need be!,neither,0.01564778228086984,0.42319155260439545,0.5611606651147346
its back guys,neither,0.03175015508040951,0.3355242450803343,0.6327255998392561
yay!,neither,0.03945320844208391,0.33037608806864915,0.630170703489267
You missed soooo much for not having Alpha.....,neither,0.0409390880883423,0.34132945658109703,0.6177314553305606
"There we go, audio is perfect.",neither,0.04689612402656651,0.2987221975356945,0.654381678437739
nsync song reference,neither,0.03896964230594753,0.33858346740593454,0.6224468902881181
REFRESH,neither,0.03945320844208391,0.33037608806864915,0.630170703489267
hooray!,neither,0.03945320844208391,0.33037608806864915,0.630170703489267
It's all the plane shifting. throws the video and sound out of wak,neither,0.03834809630043831,0.2792428581093345,0.6824090455902271
fixed,neither,0.03945320844208391,0.33037608806864915,0.630170703489267
WE BACK,neither,0.039166053543719236,0.33524985610846453,0.6255840903478163
perfect,neither,0.03945320844208391,0.33037608806864915,0.630170703489267
Alpha can still see them,neither,0.05244090415869986,0.3325549297769184,0.6150041660643818
good job guys,neither,0.038533485238291025,0.33303358036535663,0.6284329343963523
Woo!,neither,0.03945320844208391,0.33037608806864915,0.630170703489267
"Back, with Marvel's PuzzleQuest~!",neither,0.028110799035139425,0.37022408556721387,0.6016651153976468
Love gandsGrogSigil,neither,0.03217296676969875,0.3657703709031763,0.602056662327125
we are good now 'u',neither,0.07774548240753822,0.270235588430654,0.6520189291618078
oh my god we're back agaaiiihaaan,neither,0.048784530113241915,0.34172262714194124,0.609492842744817
all good now,neither,0.04157026900936569,0.45708671856395455,0.5013430124266797
gandsCrit,neither,0.03945320844208391,0.33037608806864915,0.630170703489267
"Man, I did not expect that Beholder to pop up. great surprise storytelling",neither,0.037881109718727234,0.39996451938569566,0.5621543708955773
"yay syncage, beep beep",neither,0.03945320844208391,0.33037608806864915,0.630170703489267
"nice show, good job",neither,0.05507394071403246,0.25075476659254264,0.6941712926934249
gandsFail gandsFail gandsFail gandsFail gandsFail gandsFail gandsFail gandsFail gandsFail gandsFail gandsFail gandsFail gandsFail gandsFail gandsFail gandsFail gandsFail gandsFail gandsFail gandsFail gandsFail gandsFail gandsFail,neither,0.03945320844208391,0.33037608806864915,0.630170703489267
REFRESH,neither,0.03945320844208391,0.33037608806864915,0.630170703489267
Refresh,neither,0.03945320844208391,0.33037608806864915,0.630170703489267
I love how the new block out for Crit role is from 7 to midnight instead of ten. They know....,neither,0.04167846642192155,0.2615946049967612,0.6967269285813174
thanks chat,neither,0.03706902416027218,0.3104112358458951,0.6525197399938328
gandsFail gandsFail gandsFail gandsFail gandsFail gandsFail gandsFail gandsFail gandsFail gandsFail gandsFail gandsFail gandsFail gandsFail gandsFail gandsFail gandsFail gandsFail gandsFail gandsFail gandsFail gandsFail gandsFail gandsFail gandsFail gandsFail gandsFail,neither,0.03945320844208391,0.33037608806864915,0.630170703489267
"""Vulgar Comment""",neither,0.03945320844208391,0.33037608806864915,0.630170703489267
Fixed! Nice. <3,neither,0.03945320844208391,0.33037608806864915,0.630170703489267
gandsCrit gandsCrit gandsCrit,neither,0.03945320844208391,0.33037608806864915,0.630170703489267
Thanks G&S staff! =D,neither,0.03723749806499989,0.31182201463381787,0.6509404873011824
refresh,neither,0.03945320844208391,0.33037608806864915,0.630170703489267
Perfect!,neither,0.03945320844208391,0.33037608806864915,0.630170703489267
gandsApplaud gandsApplaud,neither,0.03945320844208391,0.33037608806864915,0.630170703489267
gandsNatTwenty gandsCrit gandsNatTwenty gandsCrit gandsTrinket gandsTrinket gandsTrinket,neither,0.03945320844208391,0.33037608806864915,0.630170703489267
wooo,neither,0.03945320844208391,0.33037608806864915,0.630170703489267
test post,neither,0.03945320844208391,0.33037608806864915,0.630170703489267
gandsCrit gandsCrit gandsCrit gandsCrit gandsCrit gandsSCANLAN,neither,0.03945320844208391,0.33037608806864915,0.630170703489267
hit play yall,neither,0.037664773445148354,0.36073049741005736,0.6016047291447942
it's even better the second time,neither,0.035308243905523624,0.3492437856739716,0.6154479704205048
GJ Crew!!!!,neither,0.03945320844208391,0.33037608806864915,0.630170703489267
yay!,neither,0.03945320844208391,0.33037608806864915,0.630170703489267
hola,neither,0.03945320844208391,0.33037608806864915,0.630170703489267
"They are on another plane, no wonder there are connection issues! :P",neither,0.10696790523066732,0.22581038699617373,0.667221707773159
If only we had gandsGandsPoo we'd be able to scry without all this interference,neither,0.032299784357048916,0.41253923509956514,0.5551609805433859
"refresh everyone, it's back. Thank you tech!",neither,0.04356704875594632,0.43825726871549464,0.5181756825285592
refresh guys,neither,0.039333895611238866,0.33240113818976524,0.628264966198996
THANK YOU PIT CREW <3 <3,neither,0.0540591739276713,0.3796837975911355,0.5662570284811931
"look at that, all better!",offensive_language,0.03780893827001834,0.5045141282197484,0.45767693351023325
back gandsLessthanthree gandsLessthanthree gandsLessthanthree,neither,0.03945320844208391,0.33037608806864915,0.630170703489267
Alt F4!,neither,0.03945320844208391,0.33037608806864915,0.630170703489267
Refresh,neither,0.03945320844208391,0.33037608806864915,0.630170703489267
Much better... the Steam... just so we know.,neither,0.03221780571478031,0.3716152352732276,0.5961669590119921
THE STEAM,neither,0.03843498882663835,0.31168514531390124,0.6498798658594604
yay we back! <3,neither,0.03928120735329773,0.3332953954324222,0.62742339721428
@flintanious is that a refference,neither,0.05154613418987003,0.42924314326430335,0.5192107225458266
Close and refresh guys,neither,0.03867608114195073,0.2978723088508001,0.6634516100072492
..... the spam is real gandsApplaud,neither,0.038553444488608764,0.44005648523942625,0.5213900702719648
All good guys!,neither,0.04107109929609807,0.44333492484292103,0.515593975860981
Lol,neither,0.020706217963973744,0.4882283491876925,0.4910654328483337
everyone refresh!,neither,0.03354967907916047,0.4305743883413756,0.535875932579464
jhgkjhg,neither,0.03945320844208391,0.33037608806864915,0.630170703489267
Bidet from Boston! Just in time!,neither,0.03487925115936998,0.35315556786728647,0.6119651809733436
Yay they're back!!,neither,0.05930512195205404,0.2999023919690597,0.6407924860788862
GO PIT CREW!!!,neither,0.040604572399550114,0.3343713742416494,0.6250240533588004
Marvel Puzzlequest has an absolutely disgusting microtransaction store. Do not support the buisness.,neither,0.07742070276960941,0.30366072371239866,0.6189185735179921
wooooooooooot,neither,0.03945320844208391,0.33037608806864915,0.630170703489267
I've got a frozen picture and no audio :(,neither,0.02218901322363803,0.3299059341333718,0.6479050526429901
gands2YearHype,neither,0.03945320844208391,0.33037608806864915,0.630170703489267
gandsSCANLAN gandsSCANLAN gandsSCANLAN gandsSCANLAN gandsSCANLAN gandsSCANLAN gandsSCANLAN gandsSCANLAN gandsSCANLAN gandsSCANLAN gandsSCANLAN,neither,0.03945320844208391,0.33037608806864915,0.630170703489267
yaaaaay,neither,0.03945320844208391,0.33037608806864915,0.630170703489267
Thanks Pit Crew! <3,neither,0.037528256182875766,0.31425678567909415,0.64821495813803
Skittles ♥,neither,0.03945320844208391,0.33037608806864915,0.630170703489267
woo! good job pit crew :),neither,0.03899666875670301,0.33053311300135396,0.6304702182419429
yay,neither,0.03945320844208391,0.33037608806864915,0.630170703489267
thank you crew,neither,0.05897985934550316,0.39503371390534275,0.545986426749154
WOO THANK YOU,neither,0.056569537053094594,0.387589590314071,0.5558408726328344
Thanks crew! you guys are awesome,neither,0.07523997271133002,0.3112903596722424,0.6134696676164275
pit crew FTW,neither,0.03945320844208391,0.33037608806864915,0.630170703489267
"alright, it's back on",neither,0.03456096989304479,0.34702677506717444,0.6184122550397808
damnit,neither,0.03945320844208391,0.33037608806864915,0.630170703489267
BIDET FROM SYDNEY AUSTRALIA,neither,0.04031924518627951,0.315677184343852,0.6440035704698686
good job crew,neither,0.038765718883370937,0.3306125472531385,0.6306217338634906
anyone on Twitch refresh,neither,0.03731986079286031,0.34055497071717605,0.6221251684899636
yes!,neither,0.03945320844208391,0.33037608806864915,0.630170703489267
<3 Pit crew,neither,0.03945320844208391,0.33037608806864915,0.630170703489267
alpha is up gandsLessthanthree gandsLessthanthree gandsLessthanthree,neither,0.04569466712916702,0.38922757391519713,0.5650777589556358
!marvel,neither,0.03945320844208391,0.33037608806864915,0.630170703489267
Bidet!! :D,neither,0.03945320844208391,0.33037608806864915,0.630170703489267
wer back,neither,0.03945320844208391,0.33037608806864915,0.630170703489267
"They are back, refresh",neither,0.06549714019309487,0.28521647498894537,0.6492863848179596
oh no...,neither,0.04751210705993949,0.26629718932274826,0.6861907036173122
Reset ur twitch,neither,0.06634335732471618,0.32112733280393285,0.612529309871351
feliciaYEAH feliciaYEAH feliciaYEAH,neither,0.03945320844208391,0.33037608806864915,0.630170703489267
ooh,neither,0.03945320844208391,0.33037608806864915,0.630170703489267
Refresh,neither,0.03945320844208391,0.33037608806864915,0.630170703489267
gandsPitCrew,neither,0.03945320844208391,0.33037608806864915,0.630170703489267
Thanks Sam,neither,0.037019535301769484,0.3099968225162642,0.6529836421819665
WOOOOOT for Pit Crew,neither,0.03369306814140628,0.30160906249950464,0.6646978693590889
YAAASS,neither,0.03945320844208391,0.33037608806864915,0.630170703489267
refresh it,neither,0.037828236809968684,0.3309349903269868,0.6312367728630445
gandsCrit gandsCrit,neither,0.03945320844208391,0.33037608806864915,0.630170703489267
pit crew best crew,neither,0.03887882738205829,0.3255662950210051,0.6355548775969366
Pit Crew is the best,neither,0.045010898037110406,0.3077909352592665,0.6471981667036231
Show will start shortly,neither,0.06234672329790652,0.2051688905676784,0.7324843861344151
Thanks Pit Crew <3,neither,0.037528256182875766,0.31425678567909415,0.64821495813803
gandsDrink,neither,0.03945320844208391,0.33037608806864915,0.630170703489267
beep beep from SW Florida,neither,0.0408948396164547,0.30590784468201904,0.6531973157015263
REFRESH,neither,0.03945320844208391,0.33037608806864915,0.630170703489267
"Thank you Pit Crew, I love you!!",neither,0.06698328024646744,0.43461078357575045,0.49840593617778217
these are the best,neither,0.10638466661552465,0.31693666868195686,0.5766786647025184
"yey, TY",neither,0.03945320844208391,0.33037608806864915,0.630170703489267
LMAO,neither,0.03705015143476208,0.3711622369619404,0.5917876116032975
pls,neither,0.03945320844208391,0.33037608806864915,0.630170703489267
yay,neither,0.03945320844208391,0.33037608806864915,0.630170703489267
LOL,neither,0.020706217963973744,0.4882283491876925,0.4910654328483337
Thanks for your patience.,neither,0.058892337845303976,0.2783107374952247,0.6627969246594713
pit crew are champs tonight,neither,0.058705330579660334,0.27184602192911544,0.6694486474912241
Thank you Pit Crew!!,neither,0.0540591739276713,0.3796837975911355,0.5662570284811931
whaaat,neither,0.03945320844208391,0.33037608806864915,0.630170703489267
kickboxer,neither,0.03945320844208391,0.33037608806864915,0.630170703489267
gandsPitCrew gandsPitCrew gandsPitCrew,neither,0.03945320844208391,0.33037608806864915,0.630170703489267
gandsNopeNopeNope gandsNopeNopeNope gandsTrinket,neither,0.03945320844208391,0.33037608806864915,0.630170703489267
thanks pit crew,neither,0.037528256182875766,0.31425678567909415,0.64821495813803
lol,neither,0.020706217963973744,0.4882283491876925,0.4910654328483337
gandsLessthanthree gandsLessthanthree gandsLessthanthree,neither,0.03945320844208391,0.33037608806864915,0.630170703489267
F5F5F5F5F5F5,neither,0.03945320844208391,0.33037608806864915,0.630170703489267
Don't forget to refresh! We're up!,neither,0.05816883223335087,0.3474865726278795,0.5943445951387696
Lol,neither,0.020706217963973744,0.4882283491876925,0.4910654328483337
thanks pit crew,neither,0.037528256182875766,0.31425678567909415,0.64821495813803
im in,neither,0.03764178632546834,0.39907854637479884,0.5632796672997328
Skittles!,neither,0.03945320844208391,0.33037608806864915,0.630170703489267
"i have the same problem every time i try and watch this live, i have nothing but a frozen player but all of the chat seems to work",neither,0.03864179548606019,0.40957349680813143,0.5517847077058085
crew = awesomness,neither,0.03945320844208391,0.33037608806864915,0.630170703489267
love ya'll!,offensive_language,0.0202683775503029,0.6579866261121701,0.3217449963375271
<3 thanks critrole crew <3,neither,0.03704741878065195,0.31023031517855193,0.6527222660407961
RIP Joan Lee,neither,0.03945320844208391,0.33037608806864915,0.630170703489267
hahaha omg,neither,0.03945320844208391,0.33037608806864915,0.630170703489267
love this,neither,0.033354624610487035,0.36213039408674813,0.6045149813027648
Yeah! I made it!,neither,0.018730036946724534,0.4714670581424427,0.5098029049108327
refresh if it's not up,neither,0.020401463280328876,0.4355433113140586,0.5440552254056125
REFRESH GUYS,neither,0.039333895611238866,0.33240113818976524,0.628264966198996
hello!!,neither,0.03945320844208391,0.33037608806864915,0.630170703489267
Awesome. back and watching,neither,0.03865099959815083,0.2897183633105069,0.6716306370913423
what about KICK PUNCHER,neither,0.04444073184286522,0.359988088524213,0.5955711796329218
"Dude, I know someone who would ace this easily with JCVD movies!",neither,0.03226417152964838,0.3913944620268179,0.5763413664435337
REFRESH,neither,0.03945320844208391,0.33037608806864915,0.630170703489267
"lol, sam makes up the best stuff",neither,0.030245128447921973,0.393594004070319,0.5761608674817591
gandsLessthanthree gandsLessthanthree gandsLessthanthree,neither,0.03945320844208391,0.33037608806864915,0.630170703489267
JCVD is a good movie,neither,0.05379752973812825,0.27409705276056745,0.6721054175013043
"I just feel bad for the pit crew, you guys got it bad.",neither,0.034657849485321274,0.37129868630123997,0.5940434642134387
Marisha looking nice,neither,0.03945320844208391,0.33037608806864915,0.630170703489267
It's up but frozen,neither,0.03168068735756931,0.4015393096626657,0.5667800029797649
Refreshed 5 times....still frozen,neither,0.03857528271222634,0.34527677890791003,0.6161479383798636
We should all send the crew cake,neither,0.05037730911916294,0.40940308192886293,0.5402196089519741
"oh, no, it looks like they were all practicing ventriloquism and we have offended them.",neither,0.06214275711870284,0.32101640609129584,0.6168408367900013
every.time.,neither,0.03754065921207648,0.36283703985762417,0.5996223009302993
xD,neither,0.03945320844208391,0.33037608806864915,0.630170703489267
gandsLessthanthree,neither,0.03945320844208391,0.33037608806864915,0.630170703489267
JCVD,neither,0.03945320844208391,0.33037608806864915,0.630170703489267
jcvd is really good,neither,0.05227161178784342,0.3259672513624336,0.621761136849723
lmaoooo Sam,neither,0.03945320844208391,0.33037608806864915,0.630170703489267
she is looking nice!,neither,0.05195414842420627,0.43286995000723016,0.5151759015685634
good work crew,neither,0.038745975432395684,0.33061933793127674,0.6306346866363277
Sweet,neither,0.03945320844208391,0.33037608806864915,0.630170703489267
thanks pit crew you guys ROCK,neither,0.04889928653750763,0.3485132934069115,0.6025874200555809
working for me,neither,0.023831560452784367,0.34347096778613884,0.6326974717610768
Bloodsport is my jam,neither,0.033558963455606924,0.4341278189808811,0.532313217563512
"like I've told Mr. Rothfuss, take the time to get it right. 😊",neither,0.027783591034979696,0.34743969791693796,0.6247767110480824
bodoo from Milwaukee!,neither,0.04066490145509902,0.30981049537100724,0.6495246031738937
Refresh! It works!,neither,0.038155667063297934,0.33082237204835535,0.6310219608883467
cant see Tal without seeing the Master,neither,0.03885898658495809,0.3195947388472083,0.6415462745678335
refresh worked for me,neither,0.028894968916771492,0.3375675355028762,0.6335374955803522
hello!,neither,0.03945320844208391,0.33037608806864915,0.630170703489267
Dolph ftw,neither,0.03945320844208391,0.33037608806864915,0.630170703489267
#TheCrewAreWizards,neither,0.03945320844208391,0.33037608806864915,0.630170703489267
Sam is too much of a genius for his own good,neither,0.07571412832318976,0.30544335612955054,0.6188425155472598
TPK......,neither,0.03945320844208391,0.33037608806864915,0.630170703489267
lol,neither,0.020706217963973744,0.4882283491876925,0.4910654328483337
pit crew best crew,neither,0.03887882738205829,0.3255662950210051,0.6355548775969366
lol,neither,0.020706217963973744,0.4882283491876925,0.4910654328483337
Thanks pit crew!,neither,0.037528256182875766,0.31425678567909415,0.64821495813803
Im glad to be a subscriber now,neither,0.046796058276933186,0.36790451834149357,0.5852994233815733
bloodsport and lionheart are my fav JCVD movies.,neither,0.04746227634961344,0.329512688294823,0.6230250353555635
matt's mic was off,neither,0.03934688875158446,0.33218061068870647,0.6284725005597092
just hit f5 ppl :),neither,0.03387173148452811,0.35698983899642645,0.6091384295190454
Bidet y'all,offensive_language,0.046917543854519406,0.6277741405869331,0.3253083155585475
ooh we've got two skypes,neither,0.01931316853295895,0.3445099835224556,0.6361768479445854
fix mercers mic,neither,0.03945320844208391,0.33037608806864915,0.630170703489267
More JCVD movies,neither,0.04192257441069721,0.3175659311899219,0.6405114943993809
"Absinthe, Hamilton, and Critical Role. What a beautiful world we live in",neither,0.04558604112639069,0.30181302994784875,0.6526009289257605
has this just started?,neither,0.03448514704272888,0.34940546689919577,0.6161093860580754
gandsPitCrew gandsPitCrew gandsPitCrew gandsPitCrew,neither,0.03945320844208391,0.33037608806864915,0.630170703489267
Talisan has Ginger snaps...,neither,0.039907371817731706,0.3226677503119453,0.6374248778703231
ok back,neither,0.039375461320109606,0.3316956596323729,0.6289288790475176
jesus christ is that a dice bag?,neither,0.04460035534035601,0.3228607854709744,0.6325388591886696
matt's mic,neither,0.03945320844208391,0.33037608806864915,0.630170703489267
Matt is quiet,neither,0.04750803317477744,0.32760566448423445,0.6248863023409881
@GeekandSundry Matts mIC,neither,0.03945320844208391,0.33037608806864915,0.630170703489267
Matt no osund again NotLikeThis,neither,0.036675805462012406,0.3775158650846407,0.5858083294533469
BUY SHIT,offensive_language,0.042092317521255626,0.9578935004891902,1.4181989554251776e-05
his mic,neither,0.07574693566583383,0.331937993245536,0.5923150710886302
Matt's Mic is out,neither,0.04233572919860349,0.3429866991343054,0.6146775716670911
Crew hrpgLoveyousortof,neither,0.03945320844208391,0.33037608806864915,0.630170703489267
That commercial with JCVD doing splits between semi-trucks is pretty crazy,neither,0.029361964016486268,0.4300448410674315,0.5405931949160822
Marisha has antlers! love the set,neither,0.0355953700647766,0.31894504202281704,0.6454595879124064
"I love that Laura and Travis get to sit next to each other, and Travis isn't stuck on the edge like he usually is",neither,0.04877790526261997,0.32822207218754285,0.6230000225498372
Turn Laura's mic up,neither,0.03662482798603032,0.38788313553210796,0.5754920364818616
that's a really cool monitor setup!!!,neither,0.03589874724842837,0.3689797083136985,0.5951215444378732
DOUBLE SKYPE,neither,0.03945320844208391,0.33037608806864915,0.630170703489267
buffering really bad tonight. might have to just come back for replay/vod,neither,0.03190552824256015,0.3327400542005531,0.6353544175568868
Matt Mic - off,neither,0.03945320844208391,0.33037608806864915,0.630170703489267
i'm playing marvel puzzle quest as i watch critical role,neither,0.041404588288868505,0.3491762578477448,0.6094191538633867
Oh no,neither,0.04751210705993949,0.26629718932274826,0.6861907036173122
Matt's audio is kind of low,neither,0.04512977041908078,0.3284236581025902,0.626446571478329
So cool! It's like they're paintings!,neither,0.06514433091181485,0.35810179268224995,0.5767538764059351
something,neither,0.03945320844208391,0.33037608806864915,0.630170703489267
That's quite a dice bag.,neither,0.03860506365756682,0.3241552135180222,0.637239722824411
when does it ship?,neither,0.01972755981824183,0.48372101463011596,0.49655142555164233
ooh pit crew,neither,0.03945320844208391,0.33037608806864915,0.630170703489267
matts not wearing his mic,neither,0.06395637605076593,0.3371963663412032,0.5988472576080308
Refresh refresh,neither,0.03945320844208391,0.33037608806864915,0.630170703489267
matt's mic needs work,neither,0.03945320844208391,0.33037608806864915,0.630170703489267
Hahahahahahahaha,neither,0.03945320844208391,0.33037608806864915,0.630170703489267
Lauras dice bag XD,neither,0.04263289310052515,0.2764085410992028,0.6809585658002721
It feels so wrong seeing Travis to the left of Laura!,neither,0.042091352289715014,0.346055452172259,0.6118531955380259
Micthew Mercer is off my dudes.,neither,0.03361852511586362,0.433046612033695,0.5333348628504413
@waywardfrantz it's a dice bag of holding,neither,0.040641067737642776,0.28955304301342616,0.669805889248931
"oh sweet, they just started recently?",neither,0.039724445031229016,0.3074969660158535,0.6527785889529175
Suddenly in the mood for strawberries and cream,neither,0.03481819727557175,0.2787403522388619,0.6864414504855664
Think matts mic cut off,neither,0.039965488794138464,0.3216813535491005,0.6383531576567611
Is that just a dice bag?,neither,0.0412845346618689,0.3410485620255616,0.6176669033125696
"REFRESH, AN ANSWER FROM THE HEAVENS!",neither,0.03975587435295203,0.3028914762221739,0.657352649424874
Laura's dice finally have their space. Liam and Ashley are never getting those seats back.,neither,0.057620363729550636,0.3129463028046489,0.6294333334658005
really good shot of Laura's dice 🎲... yeah she's got a problem gandsLessthanthree gandsLessthanthree,offensive_language,0.02744465191875616,0.494801846342624,0.47775350173861975
Wiggle wiggle wiggle,neither,0.03945320844208391,0.33037608806864915,0.630170703489267
So excited!,neither,0.03940839469474773,0.3948270312238364,0.565764574081416
MAtt's mic is jacked off,neither,0.04680557057769188,0.3278472735832178,0.6253471558390903
that swooshy hair!,neither,0.03301149395749379,0.4011829429291309,0.5658055631133754
Oh thank god! I still really need a Gilmore shirt!,neither,0.042385676541448654,0.30685836849508996,0.6507559549634614
Those remote monitors suck...need to brighten up the images!,neither,0.07925243228999801,0.30404703101929687,0.6167005366907052
Critical Role Merch https://shop.geekandsundry.com/collections/critical-role,neither,0.03945320844208391,0.33037608806864915,0.630170703489267
lol,neither,0.020706217963973744,0.4882283491876925,0.4910654328483337
Biddet from Korea!,neither,0.04228451509352876,0.2823214250720796,0.6753940598343917
I like seeing them sitting next to each other <3,neither,0.06601420991239279,0.34160203822910284,0.5923837518585043
laura waifu gandsLessthanthree,neither,0.03945320844208391,0.33037608806864915,0.630170703489267
ty tech crew for all your hard work!,offensive_language,0.045632992264164264,0.4985689317205432,0.4557980760152925
"noooo, i love that Laura and Travis get to sit together tonight! <3<3<3",neither,0.03690723053613743,0.32922703225849587,0.6338657372053668
someone taze her. its the only sure for acute valeey girl attacks.,offensive_language,0.020143341993305332,0.5467626921521187,0.43309396585457605
bzzzzzzzzzzzzzz,neither,0.03945320844208391,0.33037608806864915,0.630170703489267
Laura is too adorable for this world. She can narrate a phone book and I'd buy it.,neither,0.03936295889937352,0.3331627252820348,0.6274743158185916
sbzyIce,neither,0.03945320844208391,0.33037608806864915,0.630170703489267
Ripmercer,neither,0.03945320844208391,0.33037608806864915,0.630170703489267
Bidet from Alabama!!!,neither,0.04078317879478948,0.307803020237201,0.6514138009680096
"Bought alpha sub, cant watch CR on it lol",neither,0.03528337833682138,0.3702164666450961,0.5945001550180825
Love you Laura!,offensive_language,0.079837142191777,0.5038574454704381,0.4163054123377849
Matt's Mic,neither,0.03945320844208391,0.33037608806864915,0.630170703489267
matt's mic,neither,0.03945320844208391,0.33037608806864915,0.630170703489267
its cute to see Luara and Travis sit next to each other :),neither,0.04363004646010417,0.2907330658519222,0.6656368876879736
gandsLessthanthree,neither,0.03945320844208391,0.33037608806864915,0.630170703489267
I love how she poses,neither,0.037886085936940914,0.4317878716855494,0.5303260423775098
oh nuu matt where is your voice?!,neither,0.0877531834199682,0.2495819309326852,0.6626648856473466
ya bro these skype sessions really take you out of the experience,offensive_language,0.03959707687758182,0.5708991329026328,0.38950379021978543
Matt's MIC!,neither,0.03945320844208391,0.33037608806864915,0.630170703489267
Yay for Merch! :-D,neither,0.03427790899524726,0.3045224703883994,0.6611996206163534
matts mic,neither,0.03945320844208391,0.33037608806864915,0.630170703489267
wheres my apron! i got bking to do!?,neither,0.03368658371646553,0.4571274616669031,0.5091859546166314
Fix the Mic!,neither,0.038583835671459406,0.3144857083423298,0.6469304559862107
Matt's mic,neither,0.03945320844208391,0.33037608806864915,0.630170703489267
mercer mic,neither,0.03945320844208391,0.33037608806864915,0.630170703489267
Laura has a dice of holding,neither,0.03981179861994725,0.3242898769045179,0.6358983244755348
Matt has no mic?,neither,0.03907717170400247,0.3367584128915755,0.624164415404422
@GeekandSundry matt's mic is low or not working,neither,0.044116793737804465,0.3319248369630064,0.623958369299189
20,neither,0.03945320844208391,0.33037608806864915,0.630170703489267
Hi guys,neither,0.03930687933907141,0.3328596748352989,0.6278334458256297
yep sounds Matt's mic is disconnected,neither,0.044452153617743496,0.3286567215930968,0.6268911247891596
can't hear matt,neither,0.03973844087075633,0.3255349493567575,0.6347266097724863
#WEKNOW,neither,0.03945320844208391,0.33037608806864915,0.630170703489267
Matts mic,neither,0.03945320844208391,0.33037608806864915,0.630170703489267
Beep beep from Chicago!,neither,0.04078317879478948,0.307803020237201,0.6514138009680096
matts mic,neither,0.03945320844208391,0.33037608806864915,0.630170703489267
Matt's quiet,neither,0.03945320844208391,0.33037608806864915,0.630170703489267
Matts Mic!,neither,0.03945320844208391,0.33037608806864915,0.630170703489267
matt mic low?,neither,0.03945320844208391,0.33037608806864915,0.630170703489267
matt's mic,neither,0.03945320844208391,0.33037608806864915,0.630170703489267
oh no matt,neither,0.044248521573698345,0.2912511713426899,0.6645003070836117
mats voice is gone,neither,0.04655731047487182,0.32925473333380606,0.6241879561913221
Matts Mic #TheyKnow i hope,neither,0.08725181872077298,0.19672861528019953,0.7160195659990275
Matts super low,neither,0.03945320844208391,0.33037608806864915,0.630170703489267
MATT'S JACKED OFF,neither,0.03945320844208391,0.33037608806864915,0.630170703489267
+,neither,0.03945320844208391,0.33037608806864915,0.630170703489267
I really wish the lighting was kinder to Matt's complexion :(,neither,0.043571147351703,0.3170573753039185,0.6393714773443786
Matt is super quiet!,neither,0.046320331164893994,0.3280141696682247,0.6256654991668814
did laura change her hair colordid laura change her hair color,offensive_language,0.03044689533947845,0.5700678008723801,0.39948530378814145
"MATT""S MIC",neither,0.03945320844208391,0.33037608806864915,0.630170703489267
Denise plz fix matt's mic,neither,0.03945320844208391,0.33037608806864915,0.630170703489267
Matts mic,neither,0.03945320844208391,0.33037608806864915,0.630170703489267
Not again!,neither,0.03439052528572246,0.38949277640131136,0.5761166983129662
They Know,neither,0.03945320844208391,0.33037608806864915,0.630170703489267
wooo,neither,0.03945320844208391,0.33037608806864915,0.630170703489267
Matt's mic is DUNZO,neither,0.04735918634380264,0.3276568597348678,0.6249839539213295
#THEYKNOW,neither,0.03945320844208391,0.33037608806864915,0.630170703489267
Matts mic,neither,0.03945320844208391,0.33037608806864915,0.630170703489267
#WEKNOW,neither,0.03945320844208391,0.33037608806864915,0.630170703489267
Mercer Mic,neither,0.03945320844208391,0.33037608806864915,0.630170703489267
screen shot Matt's screens! we can enhance! gandsMatt,neither,0.03955135942711841,0.32871020969895465,0.631738430873927
Matts mic died.,neither,0.03945320844208391,0.33037608806864915,0.630170703489267
@GeekandSundry No audio on Matt gandsPitCrew,neither,0.036399925544874555,0.35358219381382594,0.6100178806412995
mic mercer,neither,0.03945320844208391,0.33037608806864915,0.630170703489267
First episode as a sub happens to be my second episode that I'm watching live!!,neither,0.04137541742156524,0.40396018055621463,0.5546644020222201
mats mick,neither,0.03945320844208391,0.33037608806864915,0.630170703489267
Bidet from U.K.,neither,0.04228451509352876,0.2823214250720796,0.6753940598343917
can't wait to get my dice and Scanlan tee!,neither,0.034299445366727556,0.3632400621467804,0.602460492486492
her shirt is a FRUITS BASKET.....ANYONE!?!?!,offensive_language,0.037518771966564196,0.5037828434641971,0.4586983845692387
Matt Mercers MicroPhone is no working!,neither,0.04499014401928736,0.3390784385118378,0.6159314174688748
guys i wonder if they know,neither,0.022293173873040213,0.388563514998708,0.5891433111282519
"I built this stream up from nothing. When I started, all I had was weak stream! Other streamers said I was daft to build a stream on dial-up, but I built it all the same, just to show 'em! It crashed into the void, so I built a second one. That sank into the void. I built a third one. It burned down, fell over, and then it sank into the void. But the fourth one stayed up! And that's what you're going to get, lad--the strongest stream on these lands!",neither,0.040881191015081024,0.42514870355082884,0.5339701054340902
Finally working! Thanks crew!,neither,0.03766998316522102,0.31544358918253385,0.6468864276522451
@GeekandSundry is it possible to up the brightness on the Vex & Pike's monitors?,neither,0.044899995944412976,0.35459691452189346,0.6005030895336936
Matt sounds pretty distant there,neither,0.03939328968419001,0.30014026984961684,0.6604664404661933
MATT JACKED OFF,neither,0.03945320844208391,0.33037608806864915,0.630170703489267
matt's mic,neither,0.03945320844208391,0.33037608806864915,0.630170703489267
#WeKnow,neither,0.03945320844208391,0.33037608806864915,0.630170703489267
Yay!,neither,0.03945320844208391,0.33037608806864915,0.630170703489267
anneQA,neither,0.03945320844208391,0.33037608806864915,0.630170703489267
Matt's mic panicBasket,neither,0.03945320844208391,0.33037608806864915,0.630170703489267
#TheyKnow,neither,0.03945320844208391,0.33037608806864915,0.630170703489267
Turn up Mercer mic,neither,0.03662482798603032,0.38788313553210796,0.5754920364818616
#DontWorryCritters,neither,0.03945320844208391,0.33037608806864915,0.630170703489267
Matt and Marishas mic seem low,neither,0.03884295219860968,0.30022386434305354,0.6609331834583367
Vecna has been pretending to be Serenrae this whole time. They go to see her on the island and he TPKs them all,neither,0.05062904199533962,0.4704955486507532,0.4788754093539072
Jack on matt! jack on!,neither,0.035953819843916296,0.3472916634047399,0.6167545167513439
Matt Micer,neither,0.03945320844208391,0.33037608806864915,0.630170703489267
i want to see an aboleht,neither,0.05031190084801786,0.31145434009199985,0.6382337590599823
I can see behind the screen! I feel like my face may melt like in Raiders!!!,neither,0.043920112275870615,0.3694136621891036,0.5866662255350258
20,neither,0.03945320844208391,0.33037608806864915,0.630170703489267
"Sam riegel is in focus, but marisha is a little unfocused :)",neither,0.04990559461073,0.3377509311238218,0.6123434742654481
kinda low mics jack them up not off,neither,0.046819016674411226,0.36995737967711934,0.5832236036484694
xD,neither,0.03945320844208391,0.33037608806864915,0.630170703489267
"I feel bad for Tal, spent so much energy boosting Alpha, and it immediately crashes as soon as it can.",neither,0.031661547797386225,0.3454553538691016,0.6228830983335122
JUST CANCEL THIS SHIT SHOW FailFish,offensive_language,0.05395792502511885,0.9440898808777504,0.0019521940971308318
They are listening to it too; they know.,neither,0.06813240907792475,0.2908579883083391,0.6410096026137361
Matt's jacked back in.,neither,0.03945320844208391,0.33037608806864915,0.630170703489267
we can't dp much more with those monitors,neither,0.04492345234235852,0.29505460253458726,0.6600219451230541
#everyoneknows,neither,0.03945320844208391,0.33037608806864915,0.630170703489267
#Bruno,neither,0.03945320844208391,0.33037608806864915,0.630170703489267
Saved!,neither,0.03945320844208391,0.33037608806864915,0.630170703489267
