text,top_class,hate_speech,offensive_language,neither
@JayWenT Holy shit I'm from Oshawa!,offensive_language,0.04350418068879491,0.9562211061745663,0.00027471313663877505
!whenistm,neither,0.03945320844208391,0.33037608806864915,0.630170703489267
"Talks Machina is on at 7 PM PST, it is currently 6:44 PM PST. There is 16 minutes until the next episode of Talks Machina. This has command has been run 64 times but has probably been asked about way more.",neither,0.043008315453157246,0.33671132246904467,0.6202803620777981
"Refresh, pre-show is up.",neither,0.05731066405685468,0.30724288336273947,0.6354464525804059
in some universes Vecna is a god. h,neither,0.03775010416404898,0.34681361951830864,0.6154362763176423
usuallly start in about 15mins,neither,0.037954235308556905,0.35581757415274834,0.6062281905386947
The clipboard.,neither,0.03613032604487659,0.2619290779399786,0.7019405960151449
refresh folks vid is up,neither,0.043173830670103296,0.3661838488400564,0.5906423204898402
Guess I got here in time haha,neither,0.07410724542355603,0.4233601105879289,0.502532643988515
bwahaha that clipboard,neither,0.026110925149043836,0.4791292047641166,0.4947598700868395
hahaha that is actually very funny clipboard !,neither,0.04176674400566069,0.37769188732862347,0.5805413686657158
For a second I thought someone shaved Bryan's head,neither,0.036467633083314216,0.2642660594396954,0.6992663074769904
xD,neither,0.03945320844208391,0.33037608806864915,0.630170703489267
that clipboard is great,neither,0.04282374351010199,0.3509192519777347,0.6062570045121632
Clipboard is great,neither,0.05061484561512324,0.2864395912068406,0.6629455631780362
#SorryTravis,neither,0.03945320844208391,0.33037608806864915,0.630170703489267
"well they were given two options kill or imprison , so they have options",neither,0.15210440517497115,0.28235000833784324,0.5655455864871856
Bidet!,neither,0.03945320844208391,0.33037608806864915,0.630170703489267
#SorryTravis,neither,0.03945320844208391,0.33037608806864915,0.630170703489267
We have a subscriber-only Discord server! Join here: https://discord.gg/geekandsundry (you'll need to sub and link it to your Twitch) and be a part of the fun!...Warning: It can take up to an hour for the server to update and give you access to the channels,neither,0.08464076273808444,0.286394834032893,0.6289644032290227
hahaha public apologies thats awesome !!!,neither,0.03945320844208391,0.33037608806864915,0.630170703489267
#SorryTravis,neither,0.03945320844208391,0.33037608806864915,0.630170703489267
#SorryTravis,neither,0.03945320844208391,0.33037608806864915,0.630170703489267
He doesnt look apologetic,neither,0.048612763116840194,0.327225697199102,0.6241615396840579
#sorrytravis,neither,0.03945320844208391,0.33037608806864915,0.630170703489267
#PutTravisBackInTheJersey,neither,0.03945320844208391,0.33037608806864915,0.630170703489267
LMFAO,neither,0.05470637918084239,0.32512982320825545,0.6201637976109021
haha Its not like he put him in a Redskins jersey :P,neither,0.040985807247437875,0.23934973568606577,0.7196644570664964
#SorryTravis,neither,0.03945320844208391,0.33037608806864915,0.630170703489267
#NotSorryTravis,neither,0.03945320844208391,0.33037608806864915,0.630170703489267
#sorryTravis,neither,0.03945320844208391,0.33037608806864915,0.630170703489267
lol,neither,0.020706217963973744,0.4882283491876925,0.4910654328483337
#SorryTravis,neither,0.03945320844208391,0.33037608806864915,0.630170703489267
Awee #SorryTravis,neither,0.03945320844208391,0.33037608806864915,0.630170703489267
#EagleGate,neither,0.03945320844208391,0.33037608806864915,0.630170703489267
Bidet from an Arizonan in NH! #SorryTravis,neither,0.04084594358259683,0.3067377379850669,0.6524163184323363
HTTR,neither,0.03945320844208391,0.33037608806864915,0.630170703489267
I feel like the apology was not sincere enough.,neither,0.04586089658130328,0.334764215796635,0.6193748876220617
"""I'm a bad man""",neither,0.033856019647518325,0.4529105728555587,0.513233407496923
"Liam twitter.com/VoiceOfOBrien , Laura twitter.com/LauraBaileyVO , Marisha twitter.com/Marisha_Ray and Sam twitter.com/samriegel with Host Brian Wayne Foster twitter.com/BrianWFoster",neither,0.035853824817937044,0.45865134699175036,0.5054948281903127
#REDSKINSNEXT,neither,0.03945320844208391,0.33037608806864915,0.630170703489267
#NotSorryTravis,neither,0.03945320844208391,0.33037608806864915,0.630170703489267
put him in a pats jersey so he might win more often,neither,0.04373092193079307,0.3516403311539857,0.6046287469152212
Go Niners!,neither,0.04276165647058889,0.34190019769565555,0.6153381458337556
"Help G&S make great content! $4.99/month gets you emotes, Minecraft server access, Sub Only Q&As, VODs, and more! Every sub keeps the channel alive! twitch.tv/geekandsundry/subscribe",neither,0.043092924924402844,0.32365565443818894,0.6332514206374082
Bidet from Ohio,neither,0.040754399270683486,0.3082914838698526,0.650954116859464
"remember people, this is pre-godhood vecna, so he is still killable as long as they find his phylactery and destroy it.",neither,0.08608140817775035,0.31973004741236105,0.5941885444098887
new set?,neither,0.04427046440042074,0.2083113095955835,0.7474182260039958
# sorry Travis,neither,0.03945320844208391,0.33037608806864915,0.630170703489267
\I Am Sam Riegel AMA link At 9.30pm Pacific time after Talks Machina tonighthttps://www.reddit.com/r/criticalrole/comments/6mkaze/spoilers_e104_i_am_sam_riegel_ama/,neither,0.038426559847362596,0.35135033109946223,0.6102231090531753
"also, he's not even a demi-lich yet he's still the weak ass lich.",offensive_language,0.1158013785705369,0.853063754946338,0.031134866483125072
#NoRegrets,neither,0.03945320844208391,0.33037608806864915,0.630170703489267
WHOOO!! finally able to watch a live show.,neither,0.06974992645897608,0.26353454173501734,0.6667155318060065
not quite Lich enough???,neither,0.03809500786766228,0.3354806747397148,0.626424317392623
@nondriphelmet No the camera is just at a different angle it seems,neither,0.03875616284767763,0.35641346102748994,0.6048303761248324
Bidet!,neither,0.03945320844208391,0.33037608806864915,0.630170703489267
bidet guys :),neither,0.03922184957078739,0.3343028519130907,0.6264752985161218
Bidet from Watermelon Capital of Texas!!!!,neither,0.040252249503531165,0.31681427592489064,0.6429334745715782
Bidet from NYC!,neither,0.04081748366884477,0.3072207769958956,0.6519617393352596
"somehow I don't trust the ""it will never happen again"" part....",neither,0.035188462599731525,0.35102012132757304,0.6137914160726955
#notquitelich,neither,0.03945320844208391,0.33037608806864915,0.630170703489267
bidet from england,neither,0.04071751644889743,0.3089174816120565,0.6503650019390461
bidet from the UK,neither,0.039613273355342184,0.2892653269430044,0.6711213997016535
bidet from denver,neither,0.04069404815304118,0.30931579984010865,0.6499901520068502
Bidet from Pennsylvania,neither,0.04069404815304118,0.30931579984010865,0.6499901520068502
bidet from NY!,neither,0.04084513770590474,0.30675141581570226,0.6524034464783931
bidet from Canadia,neither,0.04228451509352876,0.2823214250720796,0.6753940598343917
"Bidet from BC, Canada",neither,0.04052303010603489,0.3122184224193425,0.6472585474746226
hi all!,neither,0.0423466876598404,0.4436528871510691,0.5140004251890904
"Bidet from Adelaide, Australia :D",neither,0.04062582848913359,0.31047366557575606,0.6489005059351104
Bidet fromvthe ATL,neither,0.03945320844208391,0.33037608806864915,0.630170703489267
Travis in an Eagles jersey... are there pics?,neither,0.055343022520184505,0.2705825496926286,0.6740744277871867
3am squad with elimor51,neither,0.02932734149490368,0.3654362273631922,0.6052364311419042
Bidet from Ohio and Beep Beep,neither,0.039681603862927066,0.26414184792613987,0.6961765482109331
Nova Scotia here.,neither,0.22097653003277068,0.2221615150675793,0.55686195489965
Bidet from New Mexico,neither,0.04441189881032757,0.21402420332822164,0.7415638978614508
s,neither,0.03945320844208391,0.33037608806864915,0.630170703489267
picks or not true,neither,0.038227231652692165,0.33497773824040367,0.6267950301069042
hello from tennessee,neither,0.04045433588424679,0.3133843426407197,0.6461613214750337
Bidet from Oklahoma,neither,0.04066490145509902,0.30981049537100724,0.6495246031738937
bidet from PHX AZ :D,neither,0.04078317879478948,0.307803020237201,0.6514138009680096
Bailey in da house!,neither,0.07017321991978498,0.4387415996091941,0.49108518047102073
Laura!!!!!!,neither,0.03945320844208391,0.33037608806864915,0.630170703489267
gandsNatTwenty,neither,0.03945320844208391,0.33037608806864915,0.630170703489267
#SorryLaura,neither,0.03945320844208391,0.33037608806864915,0.630170703489267
Champion of Pelor on Set!,neither,0.03664561327553684,0.343858152757962,0.6194962339665012
There are pics,neither,0.07609779526243643,0.21944985019723195,0.7044523545403315
Laura Bailey <3,neither,0.03945320844208391,0.33037608806864915,0.630170703489267
Bidet from Colorado,neither,0.04066490145509902,0.30981049537100724,0.6495246031738937
"Maryland, checking in.",neither,0.03945320844208391,0.33037608806864915,0.630170703489267
lauraaaaaaaa <3,neither,0.03945320844208391,0.33037608806864915,0.630170703489267
Talks Machina is on every Tuesday 7pm - 8pm PDT http://www.wheniscriticalrole.com/talksmachina,neither,0.04000392966313582,0.27734818689170626,0.6826478834451579
bidet from indiana,neither,0.0408364874901429,0.30689823255244486,0.6522652799574122
bidet from ok,neither,0.04104157946423444,0.3034172865047108,0.6555411340310547
Bidet from Tx... glad travis getting some love after the eagle jersey pic.... lol,neither,0.027479087062913864,0.41589975644036953,0.5566211564967166
Maine checking in - Bidet all!,neither,0.0410300064782319,0.39410700585684333,0.5648629876649247
Bidet from QC Canada!,neither,0.04071751644889743,0.3089174816120565,0.6503650019390461
Bidet from Australia,neither,0.04062582848913359,0.31047366557575606,0.6489005059351104
Laura Bailey blowing her nose <3,offensive_language,0.0323632445338301,0.4985138440930578,0.4691229113731121
We see you blowing your nose. :D,neither,0.09140697253765065,0.3662367337811564,0.5423562936811929
beep beep from Missouri,neither,0.04071751644889743,0.3089174816120565,0.6503650019390461
yo finally can talk in this ting,neither,0.02580550287588032,0.39057698561377024,0.5836175115103494
Bidet from Florida,neither,0.0408948396164547,0.30590784468201904,0.6531973157015263
gandsRaid gandsNatTwenty gandsClassic gandsGandsVaxSigil gandsGandsBeardedMen,neither,0.03945320844208391,0.33037608806864915,0.630170703489267
greetings and salutations fellow critters. bidet from alberta Canada,neither,0.03958346202430956,0.2891306229341317,0.6712859150415587
dance laura dance!!! :D,neither,0.03945320844208391,0.33037608806864915,0.630170703489267
Laura dance!,neither,0.03945320844208391,0.33037608806864915,0.630170703489267
bidet from Alabama,neither,0.04078317879478948,0.307803020237201,0.6514138009680096
Someone should really be keeping track of this to see how many states and countries we represent,neither,0.04858556038330228,0.32765274092707425,0.6237616986896235
#VecnanotquiteLichenough,neither,0.03945320844208391,0.33037608806864915,0.630170703489267
"Yep, that's about all we needed to see",neither,0.04124725059213362,0.44009843686454353,0.5186543125433228
Go Laura!,neither,0.04276165647058889,0.34190019769565555,0.6153381458337556
ROFL Laura,neither,0.03945320844208391,0.33037608806864915,0.630170703489267
too cute,neither,0.04201493120975064,0.2868969671376672,0.6710881016525821
"Go, Go, GO, GO, Go!!!!",neither,0.04276165647058889,0.34190019769565555,0.6153381458337556
Bidet from Portage IN.,neither,0.041809934750563944,0.290376292048192,0.667813773201244
what music is this?,neither,0.06053581956958716,0.32244589226693143,0.6170182881634815
:),neither,0.03945320844208391,0.33037608806864915,0.630170703489267
Lmfao who did Travis have to threaten to have an official apology made up?,neither,0.048486025837810594,0.38879333664683857,0.5627206375153508
Go Laura!,neither,0.04276165647058889,0.34190019769565555,0.6153381458337556
claps,neither,0.03945320844208391,0.33037608806864915,0.630170703489267
<3,neither,0.03945320844208391,0.33037608806864915,0.630170703489267
Bidet from MA,neither,0.031816597323666866,0.4599893087150652,0.5081940939612679
"Yay, Laura!",neither,0.03945320844208391,0.33037608806864915,0.630170703489267
hi pols did it start yet,neither,0.03814025349648519,0.3308276734807807,0.6310320730227341
"Bidet from Ann Arbor, Michigan",neither,0.04042374769943318,0.3139035039658076,0.6456727483347593
love the apology note haha,neither,0.03352510623456276,0.38291958963420053,0.5835553041312367
Heyooo!!,neither,0.03945320844208391,0.33037608806864915,0.630170703489267
Go Laura <3,neither,0.04276165647058889,0.34190019769565555,0.6153381458337556
have i missed something? why sorrytravis?,neither,0.027669588970971784,0.3560183703211246,0.6163120407079036
When Bailey gonna announce she prego?,neither,0.03309281106106078,0.44824104660750175,0.5186661423314375
Bidet from Orlando,neither,0.04062582848913359,0.31047366557575606,0.6489005059351104
got a clip!!!!,neither,0.03790642832521664,0.3860908159513413,0.576002755723442
cute,neither,0.04322311181158326,0.266390989224455,0.6903858989639619
@owifig I wonder if they'll publish the results of the CR survey,neither,0.028013833506760556,0.34318185953050095,0.6288043069627385
can i summit a gif of the week gif now of laura dancing? https://clips.twitch.tv/MoralZealousGoldfishUWot,neither,0.039194257707879536,0.32188937918351024,0.6389163631086102
"The song is ""Electric Hell"" from the Syrinscape playlisthttps://twitter.com/TalksMachina",offensive_language,0.045076693074576464,0.6468034428903415,0.30811986403508196
@Serfalquast Crazy weather eh?,neither,0.02962823266898405,0.4292025191769038,0.541169248154112
bidet from canada,neither,0.04071751644889743,0.3089174816120565,0.6503650019390461
probably when she gets pregnant...,neither,0.030251569763991865,0.4756477616360346,0.49410066859997365
Greetings and salutations from the uk,neither,0.03883052284840478,0.24930660204459335,0.7118628751070019
Bidet from Australia,neither,0.04062582848913359,0.31047366557575606,0.6489005059351104
"hey...respect, please",neither,0.03945320844208391,0.33037608806864915,0.630170703489267
thanks @Dragonchrome,neither,0.035884468650613,0.3004919205142699,0.6636236108351171
Hello everyone!,neither,0.03269494828970791,0.4450814005079928,0.5222236512022994
oohh note i understand now,neither,0.03945320844208391,0.33037608806864915,0.630170703489267
Love Laura and any moves she makes...,neither,0.037157572369061934,0.376183281521837,0.5866591461091012
so many in the 3am party,neither,0.03856539010496058,0.3544204167283286,0.6070141931667109
Wait someone's pregers?,neither,0.03945320844208391,0.33037608806864915,0.630170703489267
@VorpalHare np,neither,0.03945320844208391,0.33037608806864915,0.630170703489267
bidet from connecticut,neither,0.04062582848913359,0.31047366557575606,0.6489005059351104
Someone done goofed and invited the goliath to rage,neither,0.0425947754081658,0.2964189252589225,0.6609862993329116
"bidet from Ypsilanti, MI y'all",neither,0.04324940744025782,0.3982080527344978,0.5585425398252444
Helo Everyone!,offensive_language,0.02988896790634741,0.4927062106388782,0.4774048214547744
bidet from Houston,neither,0.040875471929787875,0.3062365648703896,0.6528879631998226
Bidet!,neither,0.03945320844208391,0.33037608806864915,0.630170703489267
Ok.. Laura's just messing with us now,neither,0.051821955763278166,0.3762841339159366,0.5718939103207852
bidet from newyork,neither,0.04062582848913359,0.31047366557575606,0.6489005059351104
First TM I've caught live.. 3am hype,neither,0.023959305488070393,0.31884420876833586,0.6571964857435938
mango mango mango mango.. same ad for daaays,neither,0.03769708466080166,0.322657331266799,0.6396455840723992
bidet from ABQ,neither,0.04228451509352876,0.2823214250720796,0.6753940598343917
Bidet from Victoria BC Canada!,neither,0.04030504097628521,0.31591826685748914,0.6437766921662256
gandsTrinket gandsTrinket gandsTrinket,neither,0.03945320844208391,0.33037608806864915,0.630170703489267
"Bidet from Pearland, TX!",neither,0.04081748366884477,0.3072207769958956,0.6519617393352596
anyone mine to explaing further about the sorry travis line besides the sign on the screen.....,neither,0.039142220116051146,0.32504597430283055,0.6358118055811183
Bidet from Norway,neither,0.04228451509352876,0.2823214250720796,0.6753940598343917
gands2YearHype gands2YearHype @BaronEvilSatan,neither,0.03945320844208391,0.33037608806864915,0.630170703489267
Bidet from North Carolina,neither,0.04040057148408362,0.31429686482539193,0.6453025636905245
Tweet your Guest name suggestions @TalksMachina ! #CriticalRole#tweetmyguests,neither,0.061479140072698044,0.32426920873176146,0.6142516511955406
I'm so confused is someone having a baby,neither,0.04682150642632379,0.3685169052934957,0.5846615882801807
bidet from the capital of MI,neither,0.039561125928854954,0.3016864005898166,0.6587524734813285
Is Talks Machina going to be on tonight?,neither,0.046735689650337614,0.3434323663472532,0.6098319440024093
"@crunchyferrett I mean, yeah - that'd be cool. But I was also kinds wondering about right now",neither,0.025757001803779232,0.4457862193192596,0.5284567788769611
!song,neither,0.038601720699969956,0.3448280572582511,0.616570222041779
Trinket is pregnant from the sun tree,neither,0.046395676020511825,0.2997351966558844,0.6538691273236037
an all out war between vex pike and kiki i wounder who would win,neither,0.036792434865103495,0.40367230392945425,0.5595352612054423
ATL representing,neither,0.03945320844208391,0.33037608806864915,0.630170703489267
@balthir66 yep,neither,0.03945320844208391,0.33037608806864915,0.630170703489267
lol,neither,0.020706217963973744,0.4882283491876925,0.4910654328483337
Which remids me... Any buy VIP tickets to the live show that they're willing to sell?,neither,0.06049021883496006,0.3046048578225669,0.634904923342473
"Laura, I saw you.",neither,0.07479404404104097,0.4236051269769241,0.501600828982035
"Liam twitter.com/VoiceOfOBrien , Laura twitter.com/LauraBaileyVO , Marisha twitter.com/Marisha_Ray and Sam twitter.com/samriegel with Host Brian Wayne Foster twitter.com/BrianWFoster",neither,0.035853824817937044,0.45865134699175036,0.5054948281903127
should start soonish,neither,0.061802247900733256,0.39455221934302354,0.5436455327562433
Hi all!,neither,0.0423466876598404,0.4436528871510691,0.5140004251890904
Good morning from the UK,neither,0.045921331169112956,0.17314151918169884,0.7809371496491881
"bidet from hamburg, germany. yes the city is still standing",neither,0.04455109069939155,0.31497105310358553,0.6404778561970229
HI!!!,neither,0.03945320844208391,0.33037608806864915,0.630170703489267
j,neither,0.03945320844208391,0.33037608806864915,0.630170703489267
bidet from bidet,neither,0.04228451509352876,0.2823214250720796,0.6753940598343917
rofl @ that sign,neither,0.03587375999815614,0.369255553885473,0.5948706861163707
liam!!,neither,0.03945320844208391,0.33037608806864915,0.630170703489267
no pregnancy has been announced. some people can't mind their own business,neither,0.06464080831076902,0.3362558258591575,0.5991033658300734
i see liam,neither,0.03945320844208391,0.33037608806864915,0.630170703489267
Don't they usually have a behind the scenes thing going on with music by now?,neither,0.030605855263593818,0.39553978963938896,0.5738543550970172
bidet from Kentucky,neither,0.04071751644889743,0.3089174816120565,0.6503650019390461
twin fight!,neither,0.03945320844208391,0.33037608806864915,0.630170703489267
Liam What are you doing!,neither,0.0981692042417758,0.3217604422269848,0.5800703535312394
HEY! its the twins!!,neither,0.032665360756312656,0.3161484522429966,0.6511861870006908
wheniscriticalrole.com/talksmachina @balthir66 if you do not see the behind the escenes camera shot refresh,neither,0.03484202625530965,0.3703114869088974,0.594846486835793
@balthir66 refresh. It's going.,neither,0.03639906642362221,0.35905833559393247,0.6045425979824455
Beep beep bidet from Springfield OR,neither,0.040539275964481786,0.3119426878031867,0.6475180362323315
What does the clipboard say?,neither,0.02693766681302164,0.4615423615303,0.5115199716566784
oh my god the twins are committing fratricide,neither,0.05307857931288794,0.305930435964099,0.6409909847230131
Liam! be nice to your twinnie!,neither,0.08018818320359299,0.32073876729297374,0.5990730495034334
that sign tho,neither,0.030733208817332252,0.38972611391514717,0.5795406772675206
@balthir66 Refresh,neither,0.03945320844208391,0.33037608806864915,0.630170703489267
he's taking back his boots,neither,0.07106803971250888,0.3295088149001014,0.5994231453873897
Can we get some sword guy before it begins?,neither,0.030712419139832744,0.38983440755822746,0.5794531733019397
"@balthir66 refresh if you cnnot see it, it's runnin",neither,0.03303494859274927,0.4095328481731574,0.5574322032340933
Liam!!!!!,neither,0.03945320844208391,0.33037608806864915,0.630170703489267
comfy on the couch,neither,0.036221758389337624,0.32788237764510025,0.6358958639655622
!wallet,neither,0.03945320844208391,0.33037608806864915,0.630170703489267
"I believe that would be a ""mia culpa""",neither,0.03572833650641603,0.36733540170288115,0.5969362617907028
"...soooo, who put Travis in an Eagles jersey?",neither,0.04002854104761555,0.3668294216207122,0.5931420373316724
bidet from canada,neither,0.04071751644889743,0.3089174816120565,0.6503650019390461
Thanks @Torgle !,neither,0.035884468650613,0.3004919205142699,0.6636236108351171
Refreshed twice now....nothing,neither,0.03662612589437534,0.37835905700078176,0.5850148171048429
why are people insisting that Laura is pregnant?,neither,0.10005622318172908,0.33261410734009417,0.5673296694781768
so much gif material!,neither,0.03611614293658759,0.3698530083976699,0.5940308486657425
some poor dudes regretting his choices,neither,0.05073979985141296,0.34434372536673585,0.6049164747818512
"Bidet ya'll from Bay area, Cali",offensive_language,0.029641455024122975,0.49904103489143764,0.4713175100844395
Support the Boots 4 Vax foundation,neither,0.07374650974742981,0.30191860560824757,0.6243348846443225
lol,neither,0.020706217963973744,0.4882283491876925,0.4910654328483337
How do you refresh on PS4?,neither,0.05089899473705554,0.3781177442081194,0.5709832610548251
!wallet,neither,0.03945320844208391,0.33037608806864915,0.630170703489267
gandsLessthanthree gandsLessthanthree gandsLessthanthree,neither,0.03945320844208391,0.33037608806864915,0.630170703489267
@balthir66 really? cause it's working for me.,neither,0.024977546649465217,0.3690471697885007,0.6059752835620341
Bidet from NY,neither,0.04084513770590474,0.30675141581570226,0.6524034464783931
twin mischief!,neither,0.03945320844208391,0.33037608806864915,0.630170703489267
:D,neither,0.03945320844208391,0.33037608806864915,0.630170703489267
Help Vax get a new set of boots,neither,0.04202234088655233,0.2637420949424416,0.694235564171006
What does the clipboard say?,neither,0.02693766681302164,0.4615423615303,0.5115199716566784
"@balthir66 If you are having buffering issues try the following 1) refreshing first always, 2) try dropping video quality to medium, low or mobile (mobile quality is pants but you can still hear) , 3) try a browser like firefox 6) check for updates",neither,0.05183103369910463,0.34268092385135035,0.6054880424495449
how much do you wanna bet that they will be waiting for sam today?,neither,0.0402271884128903,0.33548616590608943,0.6242866456810203
"Damn, somebody got punished...",offensive_language,0.0430780694795866,0.8934027999058862,0.0635191306145271
Hey all fron sunny San Diego!,neither,0.0406704599883297,0.38022232434043157,0.5791072156712388
cheeky Laura,neither,0.03945320844208391,0.33037608806864915,0.630170703489267
bidet from colorado!,neither,0.04066490145509902,0.30981049537100724,0.6495246031738937
revlo ended a month ago @sudakushi nothing to replace it as of yet,neither,0.03961512525649044,0.37550901195533853,0.584875862788171
@GeekandSundry Last Minute Question for Cabbage Boy.. will any of the data from the CR survey be published?,neither,0.03674500243383308,0.27797328403061766,0.6852817135355493
bidet,neither,0.03945320844208391,0.33037608806864915,0.630170703489267
bidet from salinas calif. Nor Cal,neither,0.040408207780639874,0.31416725694368625,0.6454245352756738
Keep the boots Laura!,neither,0.03844204223177602,0.3118184837574286,0.6497394740107955
are we on the internet?,neither,0.06455044260466253,0.27765074222486363,0.6577988151704739
"chilling, watching Talks Machina, and eating purple ice cream. today is a good day.",neither,0.04244345231698958,0.28773447953314507,0.6698220681498654
hey critters!,neither,0.03945320844208391,0.33037608806864915,0.630170703489267
I feel a wet willy coming,neither,0.03945320844208391,0.33037608806864915,0.630170703489267
::reads the crew note:: ::falls off her chair laughing::,neither,0.03372331282131432,0.4371900375243172,0.5290866496543685
bidet from wyoming,neither,0.04069404815304118,0.30931579984010865,0.6499901520068502
!clock,neither,0.03945320844208391,0.33037608806864915,0.630170703489267
It is currently 6:53 PM at the Geek & Sundry studio in California.,neither,0.05188962470415607,0.32956799778566287,0.618542377510181
who's the guy with the beard? ha ha Brian,neither,0.03201992460674837,0.37262077232556384,0.5953593030676878
#bootgate,neither,0.03945320844208391,0.33037608806864915,0.630170703489267
ah purple my favorite flavor,neither,0.03093277569558087,0.3947464036120051,0.5743208206924141
hey all,neither,0.04285346742239823,0.46255625023407465,0.49459028234352725
Nope... Not on the interweb...,neither,0.03340722319956842,0.33314021461082505,0.6334525621896064
this going to be a lo gg episode?,neither,0.04396574131212082,0.35511148698972633,0.6009227716981529
Logging out and back in again always works for me,neither,0.02650758250314602,0.37523458598881815,0.5982578315080359
"@Xtrevorsx0420 , they're apologizing to Trav for putting his face on Eagle last week",neither,0.061634708889037264,0.304530190117435,0.6338351009935277
roughly 7 mins til go time folks,neither,0.03945331794894217,0.3496647469922387,0.6108819350588192
yaaay i'm so glad liam is here tonight!,neither,0.08129101067849757,0.312513729391839,0.6061952599296634
Purple is a fruit,neither,0.047793765900448995,0.3275073878974297,0.6246988462021212
"Bidet from Knoxville, Tennessee! <3",neither,0.040354386843928725,0.3150807387011266,0.6445648744549448
and its 2:53 in england :(,neither,0.03403018231657415,0.3000534624311668,0.6659163552522591
LOL @ the eagles jersey,neither,0.031460590901936536,0.365784229865588,0.6027551792324755
he stick the leggy out real far,neither,0.03407847288595346,0.4150507054213979,0.5508708216926487
Bidet from sweden (3:54 AM),neither,0.04092242090983727,0.2997063323249504,0.6593712467652123
i feel sorry for the critters even further east than me,neither,0.02942436703976903,0.341792387782044,0.628783245178187
haha Travis as an Eagle! that was great,neither,0.03237264139790201,0.40243993279259177,0.5651874258095062
Bidet from Michigan!,neither,0.040769555981420263,0.3080342349327864,0.6511962090857933
England is my city.,neither,0.034855677737385085,0.41075291908762884,0.554391403174986
"Bidet everyone from the Heart of Silicon Valley, CA and it's 7/11 so that means it's my biiiiirfday!",neither,0.026984397119512723,0.4347357709577697,0.5382798319227176
Who's leg was that?,neither,0.03549609427591691,0.45510391421998697,0.5093999915040962
who's sign is that?,neither,0.044845937238585085,0.453514800516282,0.5016392622451328
europe's got it rough,neither,0.037141973445712524,0.37061447041579654,0.5922435561384909
this song is so epic,neither,0.046854105714504934,0.38049762094054024,0.5726482733449549
bidet from Critical Vapors!,neither,0.040754399270683486,0.3082914838698526,0.650954116859464
bidet from Fairview TN! Beep beep!,neither,0.040769555981420263,0.3080342349327864,0.6511962090857933
Happy birthday,neither,0.03945320844208391,0.33037608806864915,0.630170703489267
Greetings from Mars.,neither,0.04066490145509902,0.30981049537100724,0.6495246031738937
to be fair you only need an intelligence of 8 to be an eagle,neither,0.05881869658170487,0.34860767581584323,0.5925736276024519
"No, the color of the ice cream is purple",neither,0.04430781917449615,0.3155213254663856,0.6401708553591182
hahahahahahaha,neither,0.03945320844208391,0.33037608806864915,0.630170703489267
ROFL,neither,0.03945320844208391,0.33037608806864915,0.630170703489267
brollFLOAT kaypikeFLOAT,neither,0.03945320844208391,0.33037608806864915,0.630170703489267
LMAO,neither,0.03705015143476208,0.3711622369619404,0.5917876116032975
do it again next week,neither,0.03683431781131607,0.3741818437772908,0.5889838384113931
ROFLMAO,neither,0.03945320844208391,0.33037608806864915,0.630170703489267
Came to see it be almost Thursday yet... the music's cool..,neither,0.04247236079839168,0.3197116709179758,0.6378159682836324
lol,neither,0.020706217963973744,0.4882283491876925,0.4910654328483337
lol,neither,0.020706217963973744,0.4882283491876925,0.4910654328483337
lol,neither,0.020706217963973744,0.4882283491876925,0.4910654328483337
