text,top_class,hate_speech,offensive_language,neither
42?,neither,0.03945320844208391,0.33037608806864915,0.630170703489267
@geekandsundry that joke can't end well,neither,0.03601204569984687,0.3661159174624072,0.5978720368377459
happy Wednesdallen!,neither,0.03945320844208391,0.33037608806864915,0.630170703489267
@ADHammy1668 any time now,neither,0.03788988024180191,0.35690984758892125,0.6052002721692767
i wonder what powers i have here. am i like Q?,neither,0.09924795242756519,0.3123630756802569,0.5883889718921779
PogChamp,neither,0.03945320844208391,0.33037608806864915,0.630170703489267
Ion Storm planet side..communications down,neither,0.035569138250785295,0.35798214556549446,0.6064487161837201
"Ten minutes ago,must be a time fluctuation",neither,0.039627198860892734,0.33624993911270334,0.624122862026404
"@GeekandSundry Depends, how much you willing to pay?",neither,0.05402666305239073,0.3635313909266802,0.582441946020929
gandsSubHype gandsSubHype gandsSubHype gandsSubHype,neither,0.03945320844208391,0.33037608806864915,0.630170703489267
getting off chat for now.,neither,0.03061629917421843,0.3674390096340164,0.6019446911917651
IT STARTED !! :D,neither,0.03722561258674393,0.3311422604310507,0.6316321269822054
@GeekandSundry Depends on how many Rules of Acquisition are involved,neither,0.0531691947848882,0.30933714340324775,0.637493661811864
Boo @BrianWFoster ! Stand by your hate convictions! :P ...and I use to love you,neither,0.18542054301596633,0.39394574839749213,0.4206337085865416
Hailing frequencies are open! fmgNICE,neither,0.08644556988337024,0.2581296959519982,0.6554247341646315
@brianwfoster I'm really loving your jokes on talks lately btw,neither,0.055501971457689585,0.33400430025694644,0.610493728285364
yessss!,neither,0.03945320844208391,0.33037608806864915,0.630170703489267
hi everyone.,neither,0.032490659208996964,0.4485487193596734,0.5189606214313296
Yaaaaahhhhh,neither,0.03945320844208391,0.33037608806864915,0.630170703489267
Hey hey!,neither,0.03945320844208391,0.33037608806864915,0.630170703489267
"@GeekandSundry All of them. Rom will do it, and all the others will try to get paid for it.",neither,0.04864530545840353,0.3252697599438903,0.6260849345977061
yaaaay,neither,0.03945320844208391,0.33037608806864915,0.630170703489267
"@GeekandSundry One, to pay negotiate a deal for somebody else to fdo it. :P",neither,0.042660287867448,0.3252170090115491,0.6321227031210028
@GeekandSundry The Rules of Acquisition clearly state they must acquire the lightbulb.,neither,0.05757127118532126,0.23718838611813833,0.7052403426965403
gandsSubHype gandsSubHype gandsSubHype,neither,0.03945320844208391,0.33037608806864915,0.630170703489267
Is that command red or Host Burnt Sienna? Jebaited,neither,0.04233179411408678,0.3598870006212671,0.5977812052646461
gandsClassic gandsSubHype gandsHecBird,neither,0.03945320844208391,0.33037608806864915,0.630170703489267
Any of the writers in chat?,neither,0.03873804769507253,0.3173594092864016,0.6439025430185259
oh it's hecthor!,neither,0.04645105364853955,0.23725436791492924,0.7162945784365312
we love the crew crew and the crew!,neither,0.03693340920942512,0.30456834685832845,0.6584982439322464
I love this iteration of the Star Fleet uniform,neither,0.03602766793331358,0.32901405443732673,0.6349582776293596
@GeekandSundry just change the chronlogical constant of the universe ;-),neither,0.03492673945836533,0.32230065698762256,0.6427726035540121
Yes!!,neither,0.03945320844208391,0.33037608806864915,0.630170703489267
Romulan Ale PogChamp,neither,0.03945320844208391,0.33037608806864915,0.630170703489267
@captaintalon447 whatup?,neither,0.03945320844208391,0.33037608806864915,0.630170703489267
At last!,neither,0.03807717139906596,0.37214844857801177,0.5897743800229223
PogChamp PogChamp PogChamp PogChamp,neither,0.03945320844208391,0.33037608806864915,0.630170703489267
yay!,neither,0.03945320844208391,0.33037608806864915,0.630170703489267
jcvimLove gandsPitCrew gandsGnSLadders gandsRyanHype gandsSaxHype gands2YearHype,neither,0.03945320844208391,0.33037608806864915,0.630170703489267
loving those blue lights 😁,neither,0.060420372388741206,0.27011844529721735,0.6694611823140414
"no label, it is poison!",neither,0.043963538001223004,0.33994089578239695,0.6160955662163801
Save it for GYP on Friday! :),neither,0.03178287993797252,0.31748233556761984,0.6507347844944077
oh yay i'm on time,neither,0.04046832931922325,0.31335275493511605,0.6461789157456607
@ripkveld Ah just wanted to say hi :D,neither,0.040940351723975005,0.345523355622392,0.6135362926536331
BlessRNG BlessRNG BlessRNG,neither,0.03945320844208391,0.33037608806864915,0.630170703489267
wow! awesome lol,neither,0.0313083014789201,0.3897415613004794,0.5789501372206004
Doctor Boyce is a good bartender.,neither,0.04573924414748004,0.32821403213960865,0.6260467237129113
hi CaptainTalon447 :),neither,0.03945320844208391,0.33037608806864915,0.630170703489267
"yea thatd be awesome, mix it with lemonaid and a spritz",neither,0.030850629899021056,0.33278971848582783,0.6363596516151511
You can power the starship in an emergency with that.,neither,0.037616318750094475,0.40775368905489745,0.5546299921950081
Mix it with cream soda,neither,0.029756891928904045,0.36065184294126773,0.6095912651298282
Synthehol,neither,0.03945320844208391,0.33037608806864915,0.630170703489267
*Geek&Sundry does not condone the totally awesome crime of breaking import laws to acquire Romulan Ale fmgSUP,neither,0.0342400223496696,0.38553220831386026,0.5802277693364702
Are we going to get some music with this game?,neither,0.042532077241197085,0.331609885059453,0.6258580376993499
@PipersTwin gandsLessthanthree,neither,0.03945320844208391,0.33037608806864915,0.630170703489267
PogChamp PogChamp PogChamp PogChamp,neither,0.03945320844208391,0.33037608806864915,0.630170703489267
PROPS! omg *flail*,neither,0.03945320844208391,0.33037608806864915,0.630170703489267
A PHASER!,neither,0.03945320844208391,0.33037608806864915,0.630170703489267
Pipeerrr!!,neither,0.03945320844208391,0.33037608806864915,0.630170703489267
Oh Sam,neither,0.0461327075271576,0.2673899063118408,0.6864773861610016
Awesome!,neither,0.03945320844208391,0.33037608806864915,0.630170703489267
lol,neither,0.020706217963973744,0.4882283491876925,0.4910654328483337
Sam can be blasty if they recover,neither,0.022159116326420238,0.3892193772068909,0.5886215064666889
XD,neither,0.03945320844208391,0.33037608806864915,0.630170703489267
Or prunejuice? I hear it's a warrior's drink.,neither,0.038270071959632945,0.33078302295840034,0.6309469050819668
niiiiice,neither,0.03945320844208391,0.33037608806864915,0.630170703489267
Sam needs an inhaler.....i think?,neither,0.040292467411946184,0.3161316730587108,0.6435758595293432
they broke sam,neither,0.03945320844208391,0.33037608806864915,0.630170703489267
lol sam,neither,0.029540262777559372,0.4042772064154116,0.5661825308070291
"ok, she's getting way too excited over that phazer",neither,0.032047854541614254,0.48226365418247075,0.485688491275915
It's a Trekmas Miracle,neither,0.03769120445960379,0.3309821220359783,0.6313266735044178
Who's excited?,neither,0.040365990721257405,0.4213153960163801,0.5383186132623626
NotLikeThis TPK,neither,0.03945320844208391,0.33037608806864915,0.630170703489267
Sam don't die 😂,neither,0.22584113406343007,0.11513029511531743,0.6590285708212524
o NO,neither,0.036918905254960256,0.37338982715841207,0.5896912675866277
"nooooo, don't give the XO phasers!",neither,0.03853135153454535,0.31350134012288783,0.6479673083425669
lmao,neither,0.03705015143476208,0.3711622369619404,0.5917876116032975
@captaintalon447 nothing wrong with that. Hi!,neither,0.024564218044206575,0.44118934485152894,0.5342464371042643
"Remember Sam, with great power comes great responsibility",neither,0.0315183549375651,0.32299161762150136,0.6454900274409335
is this set in the voyager era?,neither,0.04616314220928735,0.3141294526647997,0.6397074051259128
Hector. HECTOR.,neither,0.03945320844208391,0.33037608806864915,0.630170703489267
Security is hyperventilating,neither,0.05026584871334308,0.3266571252592286,0.6230770260274283
though i'd say the red tip is way too big toy wise,neither,0.03275527714633075,0.3586989319092821,0.6085457909443872
I'm stunned,neither,0.03945320844208391,0.33037608806864915,0.630170703489267
@neandersen yup,neither,0.03945320844208391,0.33037608806864915,0.630170703489267
@neandersen S3/4 DS9,neither,0.03945320844208391,0.33037608806864915,0.630170703489267
piperstwin u rock,neither,0.03945320844208391,0.33037608806864915,0.630170703489267
gandsHooman,neither,0.03945320844208391,0.33037608806864915,0.630170703489267
531 people in chat :D,neither,0.0789121206582236,0.3258163667090946,0.5952715126326819
Sam has their I Am Excited moment yay,neither,0.03958870538912392,0.32592731080477017,0.6344839838061059
"Wow, I didn't think anyone could match Erika Ishii's level of excitement.",neither,0.030719573266780927,0.3513943183896354,0.6178861083435837
https://clips.twitch.tv/AgreeableHonestTapirGOWSkull,neither,0.03945320844208391,0.33037608806864915,0.630170703489267
DS9 @neandersen,neither,0.03945320844208391,0.33037608806864915,0.630170703489267
RaccAttack RaccAttack RaccAttack RaccAttack,neither,0.03945320844208391,0.33037608806864915,0.630170703489267
Resub gandsSubHype gandsSubHype,neither,0.03945320844208391,0.33037608806864915,0.630170703489267
Wait we can send gifts?,neither,0.03955225521860416,0.3286950057796119,0.6317527390017839
amazing,neither,0.03945320844208391,0.33037608806864915,0.630170703489267
@JeffM0307 +1,neither,0.03945320844208391,0.33037608806864915,0.630170703489267
Hey everyone!,neither,0.031959242684595296,0.4575682446653829,0.5104725126500218
"Earl Grey, Hot",neither,0.03945320844208391,0.33037608806864915,0.630170703489267
Force of yesterday?,neither,0.03945320844208391,0.33037608806864915,0.630170703489267
Announcement...Sam has opinions on these things.,neither,0.044349410761825164,0.39334299616873364,0.5623075930694412
I still have one of the old Kenner type II phasers; it is a little less toy-ish,neither,0.04089664114213995,0.3523498828459315,0.6067534760119285
is DS9 before or after Voyager? sorry for the questions :(,neither,0.03709853167170459,0.34380405779662015,0.6190974105316752
!pobox,neither,0.03945320844208391,0.33037608806864915,0.630170703489267
@rbudd Hiii! hrpgSharky,neither,0.03945320844208391,0.33037608806864915,0.630170703489267
"PO Box 11149 Burbank, CA 91510",neither,0.03945320844208391,0.33037608806864915,0.630170703489267
http://www.drivethrurpg.com/product/214552/Star-Trek-Adventures-Core-Rulebook?src=hottest_filtered&filters=0_0_0_44499_0&manufacturers_id=4329,neither,0.037633121026848036,0.27298453241268045,0.6893823465604716
We need to get them HoloLens for the HoloDeck,neither,0.05530055618830651,0.27936892848467676,0.6653305153270167
Hey @rbudd,neither,0.03945320844208391,0.33037608806864915,0.630170703489267
Ds9 is before Voyager,neither,0.04720498412928093,0.4324649026178587,0.5203301132528604
!pobox,neither,0.03945320844208391,0.33037608806864915,0.630170703489267
"DS9 started before Voyager, but they overlapped in time",neither,0.03179669769665704,0.4192328492617906,0.5489704530415523
@neandersen before,neither,0.03234611550329437,0.4510020032744584,0.5166518812222473
Before Voyager,neither,0.03234611550329437,0.4510020032744584,0.5166518812222473
is someone actually sending amy an Ushaan-tor?,neither,0.045776750647511306,0.3242522763581205,0.6299709729943682
@neandersen I think S3/4 DS9 is roughly 1 year before Voy. Don't quote me.,neither,0.03701948626404652,0.39367585031344915,0.5693046634225044
somewhat,neither,0.03945320844208391,0.33037608806864915,0.630170703489267
"@kenfromchicag0 excitement yes, volume never",neither,0.03640306080526729,0.3612918112005282,0.6023051279942044
thanks buddies,neither,0.03720690075296959,0.3115657966821442,0.6512273025648863
"In the first episode of Voyager, they stop at DS9",neither,0.03172857264788708,0.4053033415850796,0.5629680857670334
Was anyone else in chat ever lucky enough to visit Quark's Bar/Star Trek Experience in Vegas? Random question but I'm just curious because it was so awesome doogRIP,neither,0.038214603574435575,0.3575234509433745,0.6042619454821899
@neandersen Concurrent I believe,neither,0.03945320844208391,0.33037608806864915,0.630170703489267
@neandersen They overlapped by 4 seasons.,neither,0.04072238925080549,0.378491370768865,0.5807862399803295
"Ohh nice, nameplates",neither,0.03945320844208391,0.33037608806864915,0.630170703489267
We got names guys!,neither,0.03781519359277617,0.3836916665396751,0.5784931398675486
oh rank too,neither,0.044573124007552686,0.2834887100907448,0.6719381659017025
Is Tal on this show?,neither,0.06034027753603463,0.2694193357828265,0.6702403866811389
What are the dots for?,neither,0.08749510073423779,0.1904360675834392,0.722068831682323
Ooooh love this overlay with the names!,neither,0.02448118615460413,0.369684687458655,0.6058341263867408
also hai wildbronco38 :),neither,0.03945320844208391,0.33037608806864915,0.630170703489267
awww aki,neither,0.03945320844208391,0.33037608806864915,0.630170703489267
PIPS!!!,neither,0.03945320844208391,0.33037608806864915,0.630170703489267
yay @shidareaki !!!!,neither,0.03945320844208391,0.33037608806864915,0.630170703489267
What do those dots mean?,neither,0.08777010299872795,0.2361724066144089,0.6760574903868631
@neandersen Quark had a cameo in Voyager pilot since the ship left the DS9 station,neither,0.03849668762484241,0.3128493551194008,0.6486539572557567
Nice. It's get-ting better all the tiiiiime.,neither,0.0383197805601637,0.3831579545480149,0.5785222648918215
how cool is that!?,neither,0.04478675375169034,0.3819322073081706,0.573281038940139
"what, LCARs too not good enough for ya",offensive_language,0.02415565411680577,0.5218816092129152,0.45396273667027903
Dots = Rank,neither,0.03945320844208391,0.33037608806864915,0.630170703489267
No way!,neither,0.03814847073940352,0.35698458620139334,0.6048669430592032
ooh so awesome,neither,0.039411332362474134,0.3753789791765646,0.5852096884609613
A ship plate?! OMG fmgASM,neither,0.03945320844208391,0.33037608806864915,0.630170703489267
...that looks awesome! love the new layout!,neither,0.03584141363477627,0.28288185317835324,0.6812767331868704
gandsNatTwenty,neither,0.03945320844208391,0.33037608806864915,0.630170703489267
But where's the fish tank? Jebaited,neither,0.038093953824953,0.27919703024075276,0.6827090159342943
@Doordox Ranks.,neither,0.03945320844208391,0.33037608806864915,0.630170703489267
"Nice, this is a helpful interface..",neither,0.04719163692845608,0.3291914294161034,0.6236169336554405
SO COOL,neither,0.03941094976918481,0.4067560025575799,0.5538330476732353
i love the rank pips!,neither,0.03535573287644789,0.32702902194732975,0.6376152451762223
@Doordox That's their Rank,neither,0.035356080103610715,0.3749828213849922,0.589661098511397
WOW,neither,0.03945320844208391,0.33037608806864915,0.630170703489267
where you gonna put it though,neither,0.05705405798439391,0.4029764184077497,0.5399695236078564
How does this happen so fast,neither,0.027384252844385473,0.47660952569776804,0.49600622145784645
What are the ranks?,neither,0.1246363935064811,0.20364017110835947,0.6717234353851594
Sweeeeeet.,neither,0.03945320844208391,0.33037608806864915,0.630170703489267
All of these things are amazing :D,neither,0.08693522465981009,0.4456677699461332,0.4673970053940567
aww,neither,0.03945320844208391,0.33037608806864915,0.630170703489267
AWESOME!,neither,0.03945320844208391,0.33037608806864915,0.630170703489267
NIIIICE dedication plaque.,neither,0.03945320844208391,0.33037608806864915,0.630170703489267
Amazing <3,neither,0.03945320844208391,0.33037608806864915,0.630170703489267
"(Forgive me, I'm new to Star Trek",neither,0.04108978072732898,0.29143257838408543,0.6674776408885856
Awww,neither,0.03945320844208391,0.33037608806864915,0.630170703489267
that's impressive,neither,0.0349751205147877,0.3792120518198444,0.5858128276653679
eric showed the plaque to the discord a couple days ago,neither,0.04279431058986685,0.3057824564574062,0.651423232952727
"Awwww, so awesome",neither,0.03941225001007298,0.3731298173099076,0.5874579326800193
I was basically never going to remember their names otherwise.,neither,0.03975137991501365,0.3737182085959957,0.5865304114889907
was hype as heck,neither,0.03762488323598159,0.3614075383647676,0.6009675783992509
What's Sally Ride's mission statement?,neither,0.04399322290180949,0.3271034738747759,0.6289033032234147
gandsLessthanthree,neither,0.03945320844208391,0.33037608806864915,0.630170703489267
woaaaah,neither,0.03945320844208391,0.33037608806864915,0.630170703489267
A.K.I reporting for duty!,neither,0.03215927892586973,0.29398794818614704,0.6738527728879832
"cheer100 Some bits in anticipation of a great show which I'll have to watch tomorrow, because now I have to experience the voyages of the starship Sleepytime.",neither,0.050080336949590104,0.27382565499139777,0.6760940080590121
"@Doordox no worries, everyone is new to something sometime",neither,0.047248468049878166,0.34712138195656567,0.6056301499935562
every USS had it's own 'phrase',neither,0.06046010788108301,0.32315085206754635,0.6163890400513706
seumHi @neandersen,neither,0.03945320844208391,0.33037608806864915,0.630170703489267
ooh nice,neither,0.03945320844208391,0.33037608806864915,0.630170703489267
https://clips.twitch.tv/AgileSaltyCoffeeHoneyBadger,neither,0.03945320844208391,0.33037608806864915,0.630170703489267
@shidareaki all hail the All Knowing Interface,neither,0.04173560827679594,0.4416370538898665,0.5166273378333376
@Dexter2015 Yup! You can send gifts. G&S has let fans do that for a good while now : ),neither,0.032743760498587786,0.37110439328608125,0.5961518462153309
TwitchUnity TwitchUnity TwitchUnity,neither,0.03945320844208391,0.33037608806864915,0.630170703489267
Bits gandsSubHype @starpilotsix gandsLessthanthree,neither,0.03945320844208391,0.33037608806864915,0.630170703489267
Matt Colville is the man,neither,0.04769186705212638,0.3764562931056905,0.5758518398421831
We have a subscriber-only Discord server! Join here: https://discord.gg/geekandsundry (you'll need to sub and link it to your Twitch) and be a part of the fun!...Warning: It can take up to an hour for the server to update and give you access to the channels,neither,0.08464076273808444,0.286394834032893,0.6289644032290227
Can we pretend its the other John Cambell?,neither,0.03399015133699934,0.3172416589000503,0.6487681897629504
Eric is in proper starfleet regulation this week,neither,0.04471692738844338,0.3295985725508908,0.6256845000606658
woohoohoo,neither,0.03945320844208391,0.33037608806864915,0.630170703489267
oh amy dallen is on here?! rad :),neither,0.08571895298731726,0.2723813203254674,0.6418997266872154
^.^,neither,0.03945320844208391,0.33037608806864915,0.630170703489267
"@Doordox The circles next to the character names represent their ranks, which can be found on Google.",neither,0.04027920464656207,0.32480759641669565,0.6349131989367423
fmgSUP,neither,0.03945320844208391,0.33037608806864915,0.630170703489267
Doctor Dallen FTW!,neither,0.03945320844208391,0.33037608806864915,0.630170703489267
@shidareaki i saw you reporting lol ;-),offensive_language,0.05036313668163326,0.5045167407774402,0.4451201225409264
I acctually yes,neither,0.03945320844208391,0.33037608806864915,0.630170703489267
Hi @rbudd How's it going? : ),neither,0.03607406336900345,0.3621717441197875,0.601754192511209
"Help G&S make great content! $4.99/month gets you emotes, Minecraft server access, Sub Only Q&As, VODs, and more! Every sub keeps the channel alive! twitch.tv/geekandsundry/subscribe",neither,0.043092924924402844,0.32365565443818894,0.6332514206374082
the pips are roughly equivalent to the stripes on a US Navy dress blue uniform,neither,0.08169808168420409,0.2864110480052706,0.6318908703105254
hehehe,neither,0.03945320844208391,0.33037608806864915,0.630170703489267
"the blue glow on amy's hair is so fitting, seeing as she's andorian",neither,0.0410122601283214,0.4152062227155408,0.5437815171561377
^^,neither,0.03945320844208391,0.33037608806864915,0.630170703489267
Bangarang! fmgASM,neither,0.03945320844208391,0.33037608806864915,0.630170703489267
Fun fact: The Blue coat was added to Dr. Crusher's wardrobe to hide the fact that Gates McFadden was pregnant at the time.,neither,0.04105957721187825,0.34268104017904966,0.616259382609072
LIbrary Bards!!!,neither,0.03945320844208391,0.33037608806864915,0.630170703489267
All cool stuff is in CA 😢,neither,0.04840555651487106,0.39044295623108116,0.5611514872540477
Going well @ricky_galletti ! Excited about the show. Glad you can make it.,neither,0.0593032241779927,0.330404812226586,0.6102919635954213
Also Prince Zuko,neither,0.03945320844208391,0.33037608806864915,0.630170703489267
nice,neither,0.03945320844208391,0.33037608806864915,0.630170703489267
I've never wanted to be anywhere more,neither,0.023438903663863555,0.33939485732701635,0.63716623900912
nice transition bonnie,neither,0.03945320844208391,0.33037608806864915,0.630170703489267
What happened to her antenna?,offensive_language,0.04164740522912263,0.5813162934646934,0.37703630130618404
And all the Library Bard Love!,neither,0.03617148435391085,0.35240510279003934,0.6114234128560497
should I be here or on alpha? whats the difference?,neither,0.0790921974420862,0.32673637225753477,0.5941714303003791
Eric has the correct undershirt on this week lol,neither,0.03153990126776648,0.3637903718273014,0.604669726904932
Who is the young lady with the very short hair?,neither,0.033619767032268814,0.40680589208020007,0.5595743408875311
@starpilotsix Honor?,neither,0.03945320844208391,0.33037608806864915,0.630170703489267
lol,neither,0.020706217963973744,0.4882283491876925,0.4910654328483337
there was one picture of Amy where they digitally drew some andorian antennae on there,neither,0.03358766513779857,0.29785760975566444,0.668554725106537
Has this just started,neither,0.03448514704272888,0.34940546689919577,0.6161093860580754
The bards were on my blog this week!,neither,0.02768996364474544,0.38165911284487597,0.5906509235103786
Wait Dante Basco is guesting on the show?! :O,neither,0.05707354465597734,0.26061543798757875,0.682311017356444
He made Rufio cool. Not the other way around.,neither,0.04212752000487404,0.31988192321943776,0.6379905567756883
yes they are still doing announcements,neither,0.06744756428234165,0.2965249763414882,0.6360274593761702
Bonnie plug your Stan Lee Birthday party event!! :D,neither,0.05881275057093434,0.3250105222818839,0.6161767271471817
dr crusher!,neither,0.03945320844208391,0.33037608806864915,0.630170703489267
Panel HYPE,neither,0.03945320844208391,0.33037608806864915,0.630170703489267
Dr. Crusher HYPE,neither,0.03945320844208391,0.33037608806864915,0.630170703489267
Star Trek Discovery could win over a lot of fans if they had a Caitian onboard.,neither,0.027335357109677487,0.3638718636488063,0.6087927792415162
"@CaptainTalon447 While that would be awesome, I think he's at a SDCC show they're talking about",neither,0.06383532700982016,0.3126681813865615,0.6234964916036183
"its only 4hrs to vegas, 30min flight",neither,0.03936161288621637,0.32894769898288223,0.6316906881309015
Bonnie is a world class traveler!,neither,0.05025030099317004,0.3266624728331462,0.6230872261736838
It wasn't until after TNG ended I found out Gates McFadden first name was actually Cheryl.,neither,0.03245696583368519,0.3423271545944881,0.6252158795718268
Hmmm https://roomstyler.com/rooms/20279894/mess-hall-kitchen Is this like... modern scifi?,neither,0.048881025523593497,0.3373909595802269,0.6137280148961795
hard time hearing Eric,offensive_language,0.031229911504993962,0.5252856737323891,0.4434844147626168
I wonder if they are going to have Wil on the show?,neither,0.05412431619065088,0.29935076156950946,0.6465249222398396
Star Trek Discovery could win over Trek fans if it was more like The Orville... LOL,neither,0.03017441614646427,0.37695790175018107,0.5928676821033545
"The Bards should come to Bartlett, Tn.",neither,0.057484753741203425,0.37153867346751945,0.5709765727912771
I like it Cho,neither,0.05070679394975275,0.35032706952385756,0.5989661365263896
Damn RIGHT you're ignighting imaginations! you wonderful people,offensive_language,0.155747860333078,0.760009191519957,0.08424294814696492
:D,neither,0.03945320844208391,0.33037608806864915,0.630170703489267
BlessRNG BlessRNG BlessRNG BlessRNG,neither,0.03945320844208391,0.33037608806864915,0.630170703489267
it takes 6 hours to get from LA to Vegas if you are trying to save gas,neither,0.06101906566717774,0.3482072092126216,0.5907737251202008
The erotic fan fiction will sure follow the fan art Eric,neither,0.03635030538742644,0.37076419310176395,0.5928855015108097
Of course it's at Stark Masnion fmgSUP,neither,0.03754379661497997,0.3518100788805621,0.6106461245044581
A real life place,neither,0.030879205323772942,0.4841902664233751,0.4849305282528519
@CaptainTalon447 That would be awesome!!,neither,0.03490430551499995,0.375691734795222,0.5894039596897781
@Saraphys Orville's costume design is a major boost for it.,neither,0.03932543952642878,0.31012559696831976,0.6505489635052515
Celebrate Stan Lee surviving the great celebrity massacre of 2016 :P,neither,0.037730197767846266,0.3046382229756391,0.6576315792565147
"Wait, this show had an episode already? Did I miss anything important?",neither,0.042871114240921424,0.29443801984440143,0.6626908659146771
Andorian Amy: https://twitter.com/enthusiamy/status/883771889994186754,neither,0.03893095488631649,0.4139231541027187,0.5471458910109648
My daughter got her picture taken with Stan Lee at AwesomeCon earlier this month.,offensive_language,0.023004170343117608,0.5519503540063674,0.42504547565051504
Engage,neither,0.03945320844208391,0.33037608806864915,0.630170703489267
"oh man, strep is awful ):",neither,0.055081086735507816,0.34032286315550625,0.604596050108986
Well that all sounds too cool not to be made up,neither,0.03967206711798109,0.4676402023162839,0.4926877305657349
I think Stan Lee and Betty White are the oldest living celebrities,hate_speech,0.39381433864926346,0.35342170457577676,0.2527639567749597
Name of episode and writer.,neither,0.03879973905792107,0.2979145415541588,0.66328571938792
Send Xander Dr Dallen,neither,0.03945320844208391,0.33037608806864915,0.630170703489267
wait is Xander on this show too?,neither,0.06363799878706268,0.265241570965503,0.6711204302474343
Sam is excited? Take a shot!,neither,0.04628924862617554,0.32802486037859846,0.6256858909952259
Hey Sam,neither,0.03945320844208391,0.33037608806864915,0.630170703489267
Two new Library Bards songs!!! OH no Xander is sick :(,neither,0.05186048760682447,0.2339599113902646,0.7141796010029109
@rbudd Thanks and same! I've pretty much decided I'm gonna be here each and every week to see this wonderful show for the long haul as long as my body/health will hold out staying up so late every week that is : ) Have fun with the show Rick!,neither,0.036839465166713804,0.3336654755586431,0.6294950592746431
please tell me there's either romulan ale or cream soda in those bottles and cups with straws sticking out,neither,0.037487698708828295,0.30343043336902115,0.6590818679221506
hearts out to Xander to get better,neither,0.047277319195839565,0.3465415557464217,0.6061811250577388
Get well soon Xander Panda!,neither,0.038986295159827815,0.33830082501510056,0.6227128798250716
yellow alert time :D,neither,0.009724662923478488,0.028860206220488856,0.9614151308560327
"Sam's excited, everyone the game can now begin!",neither,0.03476684682524523,0.3594642990029458,0.6057688541718089
they are still on the same scene,neither,0.058667059463216424,0.3061246124496724,0.6352083280871114
"Sending you some positive vibes, Xander!",neither,0.04388282616349633,0.3769718867351451,0.5791452871013585
PogChamp PogChamp,neither,0.03945320844208391,0.33037608806864915,0.630170703489267
Can we have the name plates back?,neither,0.038025181834104464,0.3200757824609771,0.6418990357049185
...but does any of the cast speak Klingon? :P,neither,0.026519801890318932,0.42315723846893133,0.5503229596407496
Captain! Yellow Alert!,neither,0.01173292736139787,0.03656201300259321,0.9517050596360089
What race is Amy?,neither,0.3561644098638588,0.047658870092063016,0.5961767200440783
And me!,neither,0.021842538611734925,0.3332263909790645,0.6449310704092006
the universal language translator is on the frits,neither,0.042069098960385354,0.3132185583728247,0.6447123426667899
And Norwegian! :),neither,0.03763944115734239,0.1918412352459551,0.7705193235967025
"Ok, I'm closing the chat so I can pay attention to them! lol",neither,0.04612031657062937,0.37247374173812287,0.5814059416912478
I'm trying to explain this show to a friend.,neither,0.06689127867494976,0.26170677574552054,0.6714019455795297
ADD people represent!!,neither,0.06825893185920931,0.32752715491064077,0.60421391323015
@DecafToaster Andorian,neither,0.03945320844208391,0.33037608806864915,0.630170703489267
I love learning things about the cast this way!,neither,0.035996093053341345,0.3475550315743953,0.6164488753722632
Yellow Alert!,neither,0.00841647372281025,0.018543404022331428,0.9730401222548584
Amy is playing an Andorian,neither,0.04768225876402814,0.3225106407087042,0.6298071005272677
"ok, closing chat",neither,0.0394097418323363,0.331113829874878,0.6294764282927857
who in chat has ADD? /raises hand,neither,0.0402840414986675,0.37665226237160093,0.5830636961297315
talk to y'all later,neither,0.026415663358478093,0.4283444256793233,0.5452399109621986
@Jzalias Thank you!,neither,0.07325166854587051,0.43632638485078484,0.49042194660334476
"""Previously on ..."" Shield of Tomorrow ....",neither,0.03538208236684771,0.35016383215316943,0.6144540854799828
Hand raises,neither,0.03945320844208391,0.33037608806864915,0.630170703489267
ADD people repre...ooh shiny!,neither,0.06924312915892991,0.32737994496059314,0.603376925880477
@crthemighty *Raises Hand*,neither,0.03945320844208391,0.33037608806864915,0.630170703489267
raises hand,neither,0.03945320844208391,0.33037608806864915,0.630170703489267
Klingons buddying up with the Dominion,neither,0.02574386963571354,0.40287790773181903,0.5713782226324674
this is the perfect time period for a 24th century game,neither,0.038835128757896464,0.28636350554646417,0.6748013656956394
@CaptainTalon447 Silly dragon :),neither,0.03945320844208391,0.33037608806864915,0.630170703489267
