text,top_class,hate_speech,offensive_language,neither
Art is up,neither,0.045991427074099804,0.39187272382964855,0.5621358490962516
beep beep from Michigan,neither,0.040769555981420263,0.3080342349327864,0.6511962090857933
YEA,neither,0.03908133164861177,0.3366878077749653,0.624230860576423
WOOO,neither,0.03945320844208391,0.33037608806864915,0.630170703489267
here we go,neither,0.13156755280784707,0.2765461283225309,0.5918863188696221
art,neither,0.03945320844208391,0.33037608806864915,0.630170703489267
@Lanfear_1988 NOICE,neither,0.03945320844208391,0.33037608806864915,0.630170703489267
"@drifty1076 I was thinking that same thing, #EarthbreakerGrog",neither,0.03619998631064964,0.38400684054764334,0.579793173141707
fan art is up,neither,0.044655013674224156,0.3798475357813299,0.575497450544446
And it starts.... kinda,neither,0.03718964076339906,0.28974770069645345,0.6730626585401476
Bidet and Beep Beep from Northern California,neither,0.05668060496062114,0.27534695494653233,0.6679724400928466
ARRRRRRT,neither,0.03945320844208391,0.33037608806864915,0.630170703489267
please start the beautiful music,neither,0.038629202488449595,0.31533394174619195,0.6460368557653584
\,neither,0.03945320844208391,0.33037608806864915,0.630170703489267
yeaaaaah,neither,0.03945320844208391,0.33037608806864915,0.630170703489267
2 people have the blessings of Gods,neither,0.06762722677004258,0.31992223400746234,0.612450539222495
refresh if you can't see the fanart,neither,0.033216841467585065,0.4058841133028065,0.5608990452296083
yay art time,neither,0.038394814503521627,0.34833979539412296,0.6132653901023555
Bidet from TN!,neither,0.040769555981420263,0.3080342349327864,0.6511962090857933
Bidet from Vegas,neither,0.040853311764050625,0.30661268071637476,0.6525340075195746
Haven't caught a stream live in ages. Bidet and beep beep to all you lovely critters :),neither,0.05728427386813493,0.36916149790206054,0.5735542282298045
yessss :) <3,neither,0.03945320844208391,0.33037608806864915,0.630170703489267
wonder if mine is gonna be there,neither,0.028755801580915997,0.38239371829345464,0.5888504801256293
This is my first time able to watch the show live.,neither,0.05184642540849814,0.33454584883352984,0.613607725757972
ohai,neither,0.03945320844208391,0.33037608806864915,0.630170703489267
hehe,neither,0.03945320844208391,0.33037608806864915,0.630170703489267
All though I'm probably not known well in the Crit Role commuinity I am doing commissions atm to save for a visa I do D&D characters and fan art traditional and digital art alike if anyone is interested PM me for prices or to chat about it,neither,0.032677496001160385,0.34206956784045706,0.6252529361583826
PogChamp,neither,0.03945320844208391,0.33037608806864915,0.630170703489267
@tovroth East Lansing here!,neither,0.08095603240731637,0.296434436639064,0.6226095309536195
So! Let's talk blessing correspondences. Name a god that isn't Kord that could bless Grog! Go!,neither,0.019584335760757153,0.4281629786181422,0.5522526856211006
bide from hamilton canada!,neither,0.04071751644889743,0.3089174816120565,0.6503650019390461
Yaaas fanart time,neither,0.038173762391091964,0.3520916266420968,0.6097346109668113
fan art intiated,neither,0.03945320844208391,0.33037608806864915,0.630170703489267
Bidet from Arkansas,neither,0.04066490145509902,0.30981049537100724,0.6495246031738937
<3 art,neither,0.03945320844208391,0.33037608806864915,0.630170703489267
boop,neither,0.03945320844208391,0.33037608806864915,0.630170703489267
"Broadcast is up, refresh if you need to",neither,0.043261167687857684,0.44495256829998087,0.5117862640121614
@tovroth beep beep from farmington :D,neither,0.04228451509352876,0.2823214250720796,0.6753940598343917
WOOOOOOOOOOOO,neither,0.03945320844208391,0.33037608806864915,0.630170703489267
Yay! The art is one of my fav parts!,neither,0.03534985665919098,0.3914620858772852,0.5731880574635236
bidet from blue springs,neither,0.04044086616013502,0.31361295901207487,0.6459461748277902
bidet from springfield il :),neither,0.040334677536117594,0.315415257091876,0.6442500653720065
Bidet from NC!,neither,0.04066490145509902,0.30981049537100724,0.6495246031738937
AHHHHHHHHHH!!,neither,0.03945320844208391,0.33037608806864915,0.630170703489267
art :D,neither,0.03945320844208391,0.33037608806864915,0.630170703489267
bidet from lapeer mi.,neither,0.04081748366884477,0.3072207769958956,0.6519617393352596
fanart hype,neither,0.03945320844208391,0.33037608806864915,0.630170703489267
Bidet from Azusa CA,neither,0.04084513770590474,0.30675141581570226,0.6524034464783931
@bublegum211 he defeated groon though,neither,0.048728957490322425,0.32718573262589845,0.6240853098837792
YES]\\,neither,0.03945320844208391,0.33037608806864915,0.630170703489267
gandsNatTwenty gandsNatTwenty gandsNatTwenty gandsNatTwenty gandsNatTwenty gandsNatTwenty gandsNatTwenty gandsNatTwenty gandsNatTwenty gandsNatTwenty gandsNatTwenty gandsNatTwenty gandsNatTwenty gandsNatTwenty gandsNatTwenty gandsNatTwenty,neither,0.03945320844208391,0.33037608806864915,0.630170703489267
I'm crazy excited. =o,neither,0.027362465325705354,0.4528221641582325,0.5198153705160622
@jofran10 congrats on 28 months man!,neither,0.03729767668857012,0.3899471548233331,0.5727551684880968
lol IITY,neither,0.020706217963973744,0.4882283491876925,0.4910654328483337
need the tons of art from last week please,neither,0.03942268000572045,0.3067468115613393,0.6538305084329403
ITS HAOPPENING PogChamp,neither,0.02700859978372578,0.3346563596412867,0.6383350405749875
I wonder if they are gonna fight vekna tonight,neither,0.03658009205054626,0.35809113205095194,0.6053287758985018
bidet from kenosha,neither,0.04066490145509902,0.30981049537100724,0.6495246031738937
Bidet from Gatineau Canada!,neither,0.04071751644889743,0.3089174816120565,0.6503650019390461
Bidet from PA! It's Thursday Critters!!,neither,0.039111631017169926,0.3147591827262721,0.646129186256558
one day i'll end up having my fanart there :(,neither,0.02791085601373373,0.42257697842009034,0.5495121655661759
Bidet everyone!,offensive_language,0.02988896790634741,0.4927062106388782,0.4774048214547744
LOVE THE,neither,0.03145119199065299,0.32476063973837394,0.643788168270973
o no my headphones are dead in 1 ear,neither,0.045806903919136846,0.37258922288220314,0.5816038731986601
!sound still none i just see video,neither,0.03931516850208066,0.279922876751562,0.6807619547463573
aaa,neither,0.03945320844208391,0.33037608806864915,0.630170703489267
I ran my 1st d &d session on sunday and the wizard complained it was rigged because I gave the boss the ability to create an antimagic field,neither,0.0345906171327608,0.33135280476986034,0.6340565780973787
DOTY! XD,neither,0.03945320844208391,0.33037608806864915,0.630170703489267
yeah,offensive_language,0.013968601452186464,0.5182923869769311,0.4677390115708824
where is my backup pair,neither,0.03696546094478092,0.37450219765068865,0.5885323414045305
Bidet Everyone!!,offensive_language,0.02988896790634741,0.4927062106388782,0.4774048214547744
Fit time seeing this live. So excited!,neither,0.04176732815361703,0.37811095624702895,0.5801217155993541
o/ hallooo,neither,0.03945320844208391,0.33037608806864915,0.630170703489267
was that doty? aww,neither,0.03486832495461938,0.38124436262162487,0.5838873124237557
I have to say Matt made me a way better Dm,neither,0.03811374172962238,0.36271630954732925,0.5991699487230483
Hype!,neither,0.03945320844208391,0.33037608806864915,0.630170703489267
CRITICAL ROLE!!!!!!!!!!!!!!!!,neither,0.03945320844208391,0.33037608806864915,0.630170703489267
I am soooo excitedddddddd,neither,0.03921430164560519,0.33045825907117327,0.6303274392832215
"That's some good art, that is",neither,0.031017022742985567,0.41704252382206325,0.5519404534349511
terry,neither,0.03945320844208391,0.33037608806864915,0.630170703489267
Bidet,neither,0.03945320844208391,0.33037608806864915,0.630170703489267
"the Crit Art is up, Refreah if ypu do not see it",neither,0.026042127239643692,0.40878797247058835,0.565169900289768
finally caught up to watch a live show!,neither,0.06707838968897091,0.3029228715041178,0.6299987388069114
wheee.,neither,0.03945320844208391,0.33037608806864915,0.630170703489267
bidet!,neither,0.03945320844208391,0.33037608806864915,0.630170703489267
don't wait for one day,neither,0.03252079294241251,0.3155020837586074,0.65197712329898
"Oh man, so excited. Spent the last 6 weeks catching up and this is my first live show",neither,0.04290872709827966,0.36262116170537895,0.5944701111963413
Bidet!,neither,0.03945320844208391,0.33037608806864915,0.630170703489267
Bidet from SE New Hampshire,neither,0.04317258404026327,0.24417836436940998,0.7126490515903268
is so excited for Darin Paul,neither,0.04048078962552108,0.3389363386485909,0.620582871725888
Bidet and Beep Beep!!!!,neither,0.03763944115734239,0.1918412352459551,0.7705193235967025
Today is my birthday and CR is on too!!!!,neither,0.03757768429620311,0.35513416787877355,0.6072881478250234
The artwork submitted to the show is pretty amazing stuff!,neither,0.06026105342424325,0.25462862679445836,0.6851103197812983
DOOOO IIIIIT!,neither,0.03945320844208391,0.33037608806864915,0.630170703489267
how do you refresh?,neither,0.05904940717517289,0.37896005877843036,0.5619905340463967
Bidet all!,offensive_language,0.046917543854519406,0.6277741405869331,0.3253083155585475
I need to shower first.... but I dun wannnnnna,neither,0.03574057715401951,0.3359835217677216,0.6282759010782588
bidet from the UK,neither,0.039613273355342184,0.2892653269430044,0.6711213997016535
"wooo, it's been sooo long since I've been able to watch live!",neither,0.03154843696225009,0.3211304235140825,0.6473211395236674
gandsFail gandsFail gandsFail gandsFail gandsFail gandsFail gandsFail gandsFail gandsFail gandsFail gandsFail gandsFail,neither,0.03945320844208391,0.33037608806864915,0.630170703489267
Bidet from the UK. It's almost 3AM here...,neither,0.07072651726843086,0.27840414406147135,0.6508693386700978
Where are all the players in Southern Illinois!!!??? It's lonely here!,neither,0.09022419822537346,0.2882164060970554,0.621559395677571
Darin de Paul for the win tonight!,neither,0.03277541752179859,0.2833547338555151,0.6838698486226863
This is what I look forward to all week,neither,0.0637995982443359,0.38141813881229364,0.5547822629433704
(5am) Bidet from Finland'!,neither,0.04069404815304118,0.30931579984010865,0.6499901520068502
rog Strongjaw Champion of Kord,neither,0.03945320844208391,0.33037608806864915,0.630170703489267
Yay! <y first live one in awhile!,neither,0.03652507890651681,0.3546495241848491,0.608825396908634
@alphapocalypse High Five! First time too!,neither,0.029586164791841153,0.4246068896427563,0.5458069455654025
All though I'm probably not known well in the Crit Role commuinity I am doing commissions atm to save for a visa I do D&D characters and fan art traditional and digital art alike if anyone is interested PM me for prices or to chat about it,neither,0.032677496001160385,0.34206956784045706,0.6252529361583826
gandsMatt,neither,0.03945320844208391,0.33037608806864915,0.630170703489267
I hope Grog gets to meet Kord!,neither,0.09585588154583224,0.20227701211551766,0.70186710633865
Bidet from the state of overwhelming heat,neither,0.07302267612280573,0.1967039680081639,0.7302733558690303
same,neither,0.04148851938089603,0.3488915597363099,0.609619920882794
Yay! Hello everyone!,neither,0.034117347883358885,0.42093956723660414,0.5449430848800368
"hey guys, whos the guy who wrote the music?? I cannot remember",neither,0.03836338178597912,0.351861838324783,0.609774779889238
wooo maybe i wont pass out half way through this week!,neither,0.03655477448765873,0.34298202459172283,0.6204632009206185
bidet to all from mexico,neither,0.05142954980570191,0.38828683740436193,0.5602836127899363
Bidet from Wisconsin. Running my first D&D campaign tomorrow. So excited!,neither,0.029210112527243072,0.40169462765919406,0.5690952598135629
I'm soooo hyped!!!! First time live!!!!,neither,0.03624991524620569,0.3459626516401686,0.6177874331136257
et dansk godaw,neither,0.03945320844208391,0.33037608806864915,0.630170703489267
Bidet everyone!,offensive_language,0.02988896790634741,0.4927062106388782,0.4774048214547744
bidet!,neither,0.03945320844208391,0.33037608806864915,0.630170703489267
BIDET FROM INDIANA,neither,0.0408364874901429,0.30689823255244486,0.6522652799574122
this will only be my second live show,neither,0.04637560779112484,0.32141043764892474,0.6322139545599506
Bidet!,neither,0.03945320844208391,0.33037608806864915,0.630170703489267
All of these artists are always so talented.,offensive_language,0.06969446700345705,0.5059440180815944,0.4243615149149486
"Bidet from the DK aswell, Time to the the party going yal!!",neither,0.041235613694938944,0.31465125419206125,0.6441131321129998
"@myeyesache shower after CR, it is the only option, and the right one",neither,0.0406514890692293,0.31618843366160554,0.6431600772691652
they better do melora and kord,neither,0.0404359986944662,0.2740079353357621,0.6855560659697717
HAMMER DOWN!!!11,neither,0.03945320844208391,0.33037608806864915,0.630170703489267
Holy shit cant wait for de pauls character,offensive_language,0.045870366923408554,0.933329616541582,0.020800016535009472
BIDET FROM PHILLY,neither,0.040769555981420263,0.3080342349327864,0.6511962090857933
cant wait first watching live,neither,0.03671011132223691,0.3313195649545357,0.6319703237232273
Early?,neither,0.042215779998293526,0.28348803902252573,0.6742961809791808
Bidet from Maryland! Let's kill some gods!,neither,0.25146300163885676,0.24636929536007512,0.502167703001068
"I really need a Grog, Champion of Kord in my lyfef right naow",neither,0.02870586630667871,0.4205148416165647,0.5507792920767567
@Raikutai2 Welcome! It's a blast :),neither,0.03797019352897697,0.33088616490180905,0.6311436415692141
@PoetAssassin pause> play of restart the player,neither,0.034227506894320796,0.39580641984589865,0.5699660732597805
I hope they never stop,neither,0.08175181874234821,0.3279345841126182,0.5903135971450337
Bidet from Kansas!,neither,0.04071751644889743,0.3089174816120565,0.6503650019390461
bidet in sa,neither,0.03945320844208391,0.33037608806864915,0.630170703489267
in before the sub mode Kappa,neither,0.036342506696023735,0.36275421393870044,0.6009032793652759
Bidet from norway.,neither,0.04228451509352876,0.2823214250720796,0.6753940598343917
bidet from Panama City Fl,neither,0.04025031866220509,0.3168470473412884,0.6429026339965065
#EarhtbreakerGrog,neither,0.03945320844208391,0.33037608806864915,0.630170703489267
Bidet from minnesota,neither,0.04071751644889743,0.3089174816120565,0.6503650019390461
Bidet from Indy o/,neither,0.04062582848913359,0.31047366557575606,0.6489005059351104
#EarthbreakerGrog,neither,0.03945320844208391,0.33037608806864915,0.630170703489267
Bidet!,neither,0.03945320844208391,0.33037608806864915,0.630170703489267
gandsSCANLAN,neither,0.03945320844208391,0.33037608806864915,0.630170703489267
bidet from bowling green!,neither,0.04157153321422922,0.28725778581029854,0.6711706809754723
Bidet from Scotland,neither,0.04062582848913359,0.31047366557575606,0.6489005059351104
woot my first live episode,neither,0.028915191048338642,0.39629455812254966,0.5747902508291117
#EarthbreakerGrog,neither,0.03945320844208391,0.33037608806864915,0.630170703489267
Bidet from Portugal,neither,0.04062582848913359,0.31047366557575606,0.6489005059351104
why dont they ever showcase bad art FeelsBadMan,neither,0.027415829335232466,0.34484943174252114,0.6277347389222465
bidet from atlanta!,neither,0.04078317879478948,0.307803020237201,0.6514138009680096
im scared,neither,0.038256595597773745,0.3757511155271296,0.5859922888750968
TriHard,neither,0.03945320844208391,0.33037608806864915,0.630170703489267
I envy the artists' work in these,neither,0.045653638574555656,0.3713219841984117,0.5830243772270325
Bidet everybody!,neither,0.03945320844208391,0.33037608806864915,0.630170703489267
"Bidet from Austin, TX",neither,0.0404991143919742,0.31262433450199256,0.6468765511060333
Bidet from Hartford!,neither,0.04228451509352876,0.2823214250720796,0.6753940598343917
THIS SARANRAE FANART IS AMAZEBALLS.,neither,0.06444388513749441,0.32581973129223984,0.6097363835702658
#EarthbreakerGrog,neither,0.03945320844208391,0.33037608806864915,0.630170703489267
"bidet from perry, ohio",neither,0.04042481989400276,0.31388530602575704,0.6456898740802403
Bidet from Paris,neither,0.04071751644889743,0.3089174816120565,0.6503650019390461
Bidet from Oklahoma!!,neither,0.04066490145509902,0.30981049537100724,0.6495246031738937
"Bidet from Arizona my CR fam! Hope all are having a great evening (or morning, depending on where you are)!",neither,0.09621016856765151,0.22894838246005764,0.6748414489722908
"@dervish3 yeah from my understanding D&D5 is good for people starting out not knowing to much, tried to get my gf to play and she was exausted just from charter creation with pthfinder",neither,0.030143066270935905,0.4540788312660531,0.515778102463011
Bidet from Oregon,neither,0.04071751644889743,0.3089174816120565,0.6503650019390461
"Any AUSSIES interested in joining the AUSSIE CRITTERS CHAT Group, PM me before the show starts and I'll send you the INVITE.",neither,0.045293342905910174,0.3209011791554151,0.6338054779386747
"bidet from Opp, Al.",neither,0.04485541347140012,0.23868657008949085,0.7164580164391091
Seeing a LOT of Reinhart fans tonight. HAMMERRR... DOWN!!! 😆,neither,0.03722151659162336,0.3116881878333065,0.6510902955750701
@Marc4360 Bidet from Farmington!,neither,0.04228451509352876,0.2823214250720796,0.6753940598343917
#EarthbreakerGrog,neither,0.03945320844208391,0.33037608806864915,0.630170703489267
!soon,neither,0.03945320844208391,0.33037608806864915,0.630170703489267
all that lovely Saranae art,neither,0.03730942381160731,0.43564897217585424,0.5270416040125384
Be pleases from Hawaii!,neither,0.040696208663279346,0.3187860730305994,0.6405177183061214
"@bromerott Cheers, *High five*",neither,0.036399035665908304,0.4027027288625463,0.5608982354715454
Actually home & awake to watch live tonight!,neither,0.05028533143744483,0.3084889367564738,0.6412257318060814
First time catching live,neither,0.03546075061880452,0.3499498067714455,0.61458944260975
OOO special guest makes sense they gonna need some help with this fool but then he dies what happens to VEX???,neither,0.058680968079780925,0.36130541948259987,0.5800136124376193
soooooon!!!!!,neither,0.03945320844208391,0.33037608806864915,0.630170703489267
"for anyone out there that has tried it in WWE 2K17, any suggestions on how to make Grog's head and shoulder markings?",neither,0.03312508534839756,0.3206018639212908,0.6462730507303116
Hi all New here to Sub,neither,0.10259220467067359,0.2690600306329648,0.6283477646963617
Bidet from Australia,neither,0.04062582848913359,0.31047366557575606,0.6489005059351104
Omg this is the first time I've ever been able to make it Live BIDET FROM NZ,neither,0.028342021415302454,0.31223123901316485,0.6594267395715327
"Bidet from Anderson, CA",neither,0.04041758291270955,0.31400813648531894,0.6455742806019715
Bidet from sunny Germany! Having an absolute mess of a breakfast/post-midnight snack over here,neither,0.0563309965316336,0.30430550310757376,0.6393635003607926
wheniscriticalrole.com,neither,0.03945320844208391,0.33037608806864915,0.630170703489267
@icedragon2021 Critcal Role for a 1000 YEARS!,neither,0.03449822483765329,0.3056208296071547,0.6598809455551921
"\Hi Chat, we have a few minutes before Critical Role ep 105 starts. Please take the opportunity to visit the restroom, grab some drinks and snacks. Pull up a comfy chair, and get ready to watch tonight’s episode.",neither,0.03821537078750125,0.3316655438781948,0.630119085334304
#DarinKord,neither,0.03945320844208391,0.33037608806864915,0.630170703489267
"Bidet from Edmonton, Canada]\",neither,0.04071751644889743,0.3089174816120565,0.6503650019390461
!clock,neither,0.03945320844208391,0.33037608806864915,0.630170703489267
It is currently 6:48 PM at the Geek & Sundry studio in California.,neither,0.05222923246758284,0.32953419271766676,0.6182365748147505
"bidet from UK, two weeks in a row watching live WOOP!",neither,0.04352108901056206,0.31089112496597815,0.6455877860234597
@Lanfear_1988 Grand Blanc!,neither,0.03945320844208391,0.33037608806864915,0.630170703489267
I'm so excited,neither,0.03940839469474773,0.3948270312238364,0.565764574081416
Anyone know if we get Ashley tonight?,neither,0.024320667840490806,0.3618444106795248,0.6138349214799844
@manicsourdrop Same here. =D,neither,0.14187967449237004,0.2733123625359359,0.584807962971694
Bidet from Illinois.,neither,0.04069404815304118,0.30931579984010865,0.6499901520068502
Don't wory my friends! I will be your shield,neither,0.05961992150652015,0.40303639478698994,0.5373436837064898
11 mins,neither,0.03945320844208391,0.33037608806864915,0.630170703489267
@zifenoper same here :D,neither,0.14187967449237004,0.2733123625359359,0.584807962971694
it is time!!!,neither,0.04957552498532811,0.36090464428914903,0.5895198307255228
bidet from Raleigh. First time in 3 months I get to catch it live!,neither,0.04025952907260322,0.33662371300377114,0.6231167579236258
"Bidet from Lubbock, Texas!",neither,0.040937266849991,0.30518774380265185,0.6538749893473571
Life Lesson #28: Never let the guard live. Never...,neither,0.026848418645823394,0.4138439562933769,0.5593076250607997
I'm feeling this is gonna be a Scanlan episode.,neither,0.04613859985617593,0.3756964287746954,0.5781649713691288
"Bidet from Newfoundland, Canada",neither,0.04071751644889743,0.3089174816120565,0.6503650019390461
@Marc4360 Noice!!,neither,0.03945320844208391,0.33037608806864915,0.630170703489267
All though I'm probably not known well in the Crit Role commuinity I am doing commissions atm to save for a visa I do D&D characters and fan art traditional and digital art alike if anyone is interested PM me for prices or to chat about it,neither,0.032677496001160385,0.34206956784045706,0.6252529361583826
I SHALL BE YOUR SHIELD!,neither,0.08344467685582893,0.3234480501890008,0.5931072729551703
i wonder if my art is gonna make it in :0,neither,0.02195314087007705,0.4711116125285241,0.5069352466013988
also excited for ardyn to play tonight,neither,0.03768593125304885,0.2875827630459267,0.6747313057010244
Hype! Hype! Hype! Hype!,neither,0.03945320844208391,0.33037608806864915,0.630170703489267
"Bidet from Knoxville, TN!!!!!!!!!!",neither,0.04037273474496936,0.3147693269362608,0.6448579383187697
"Dammit, why is the 720p stream missing???",neither,0.03537089375997038,0.32798665536542343,0.6366424508746061
Why is everyone quoting Reinhardt?,neither,0.026522129562149457,0.4756371120621498,0.4978407583757008
bidet from akron!,neither,0.04228451509352876,0.2823214250720796,0.6753940598343917
NightmareTrigger -> Squeal piggy! Squeal [stop spamming caps] [warning],neither,0.03941024641806144,0.3685767198235837,0.5920130337583549
so look foward to this every week,neither,0.04896650165852993,0.37563043953154235,0.5754030588099278
TableHere riPepperonis TableHere riPepperonis,neither,0.03945320844208391,0.33037608806864915,0.630170703489267
Beep beep!,neither,0.03945320844208391,0.33037608806864915,0.630170703489267
Wait who is the special guest?,neither,0.07671778289577048,0.34688921995330363,0.5763929971509258
good evening from san diego,neither,0.03975303093427194,0.3173293430214356,0.6429176260442925
"Bidet from Kelowna, BC, Canada!",neither,0.04052303010603489,0.3122184224193425,0.6472585474746226
yay!!! I get to watch my first ever full live broadcast! I am still on episode 32 trying to catch up.,neither,0.04516081711858303,0.4023330063144829,0.5525061765669341
so freaking excited!!! although I am every thursday,neither,0.039298392254296856,0.3587039999225503,0.6019976078231528
Hi there critters,neither,0.039369405442012055,0.27395600237499595,0.686674592182992
Bidet from Maryland,neither,0.04066490145509902,0.30981049537100724,0.6495246031738937
bidet from California,neither,0.06971251856910227,0.2972619859879888,0.633025495442909
I hope all of them get a blessing,neither,0.10161152154068999,0.28211499819588914,0.6162734802634208
Bidet from the Watermelon Capital of TX,neither,0.03954511153283957,0.3056649646598511,0.6547899238073094
biidet,neither,0.03945320844208391,0.33037608806864915,0.630170703489267
What if Rhien is Kord :0,neither,0.02700711423300635,0.4169970354193384,0.5559958503476552
@Boltwan Bidet fellow Illinoisian! Where abouts?,neither,0.04171756636279955,0.2919440246508366,0.6663384089863639
On the subject of fan art: Let me just say that Vox Machina in the style of Darkest Dungeon by @mathilde_draws from last week was AWESOME.,neither,0.025857038600851347,0.39120732728110863,0.5829356341180401
R E I N H D A R T at your service,neither,0.08015059288304535,0.3484215568648905,0.5714278502520641
Bidet from Sydney AUS,neither,0.04062582848913359,0.31047366557575606,0.6489005059351104
"Bidet and Beep Beep from Nashville, TN",neither,0.039618715792848265,0.27971990106412287,0.6806613831430289
"Tonight, we go after Vecna!!",neither,0.03748810347268229,0.3119109315342821,0.6506009649930357
Darin De Paul is the guest,neither,0.04507378580566734,0.3154576750858404,0.6394685391084923
"I can't lie, I watched ep 104 like 7 times last weekend. Enjoyed that episode quite a bit",neither,0.042435189302765415,0.3553517075647153,0.6022131031325193
"Bidet from Sturgeon County, Canada! Hopefully our power doesn't get knocked out by that storm brewing",neither,0.036464503571745695,0.3730145087156708,0.5905209877125835
Devo got it,neither,0.033384131469087024,0.4408120912412251,0.525803777289688
me too,neither,0.025456656249999262,0.41690574403459846,0.5576375997154023
bidet from england,neither,0.04071751644889743,0.3089174816120565,0.6503650019390461
BIDET YALL,neither,0.03639464868045676,0.3822878294283694,0.5813175218911739
Bidet from New Zealand!,neither,0.046710622032705686,0.1542697019613409,0.7990196760059534
wow,neither,0.03945320844208391,0.33037608806864915,0.630170703489267
That's my art! (The Vex one) :D,neither,0.02342058269574936,0.47153717825770164,0.505042239046549
Hello from Nova Scotia!!!,neither,0.040875471929787875,0.3062365648703896,0.6528879631998226
DO I have YOUR ATTENTION,neither,0.0848619059337749,0.32834531260357075,0.5867927814626543
Hello everyone hope everyone is doing well!,neither,0.05785082724309039,0.38948295308792885,0.5526662196689807
@socialanxietyembodied CATCHPHRASE!,neither,0.03945320844208391,0.33037608806864915,0.630170703489267
Bidet from Texas!,neither,0.040937266849991,0.30518774380265185,0.6538749893473571
#EarthbreakerGrog,neither,0.03945320844208391,0.33037608806864915,0.630170703489267
Bidet and beep beep from Washington,neither,0.03969132069848763,0.2618528895185084,0.6984557897830039
Bidet and beep beep from Alberta Canada!,neither,0.03960751895258097,0.2826498521922526,0.6777426288551665
Gooooood representation of that armor.,neither,0.03499971800778291,0.3789386228378645,0.5860616591543527
yea England woo,neither,0.03929130219354641,0.33312405964796843,0.6275846381584851
bidet,neither,0.03945320844208391,0.33037608806864915,0.630170703489267
bidet,neither,0.03945320844208391,0.33037608806864915,0.630170703489267
"Its bad how many things I turn down, or reschedual to keep Thursday clear",neither,0.03735454866447132,0.33009175989868883,0.6325536914368398
I feel like Ioun will be giving Percy her blessing.,offensive_language,0.04083697498119847,0.4830874314734434,0.47607559354535817
"@RegalNoodle The Voice actor for Reinhardt, Darin De Paul is in tonights episode",neither,0.03977629344037687,0.3005732225822013,0.6596504839774219
Bidet from Brazil,neither,0.04079557052152802,0.30759270029461827,0.6516117291838538
Yay my first live!,neither,0.026637453894884332,0.41286808689921795,0.5604944592058977
so excited cant wait for the show to start,neither,0.05021574734035868,0.2670842347019968,0.6827000179576445
Howdy folks,neither,0.03945320844208391,0.33037608806864915,0.630170703489267
Bidet from Ohio,neither,0.040754399270683486,0.3082914838698526,0.650954116859464
Bidet all! Wish me luck in getting a nom before the show starts!,neither,0.0384606641832049,0.4177852901609405,0.5437540456558546
Bidet from Chattanooga TN,neither,0.040769555981420263,0.3080342349327864,0.6511962090857933
Bidet from NJ,neither,0.04069404815304118,0.30931579984010865,0.6499901520068502
@CaptainGregarious I think you're the only other Maryland person I've seen in here,neither,0.06752537322252025,0.2851735539310675,0.6473010728464121
Bidet from Colorado!,neither,0.04066490145509902,0.30981049537100724,0.6495246031738937
"Bidet, Castle Rock, Colorado",neither,0.03945320844208391,0.33037608806864915,0.630170703489267
Bideit from New Zealand,neither,0.046710622032705686,0.1542697019613409,0.7990196760059534
bidget from Tennessee,neither,0.04071751644889743,0.3089174816120565,0.6503650019390461
I always though a mashup of Vox Machina and the Judge Dredd universe would be interesting (art wise),neither,0.03751811072104088,0.3283936482730245,0.6340882410059346
Rein is the only character in overwatch i enjoy,neither,0.04602385718256612,0.3131982955572689,0.640777847260165
Bidet from Ft. Lauderdale Florida,neither,0.04024006823300726,0.31702102387626396,0.6427389078907287
Bidet from New Mexico!!,neither,0.04441189881032757,0.21402420332822164,0.7415638978614508
@alucard_riisa Darin De Paul voeice actor (Reinhart in Overwatch ) and friend of the channel,neither,0.03843239185995694,0.29567253745166444,0.6658950706883787
Bidet from Ontario!,neither,0.04062582848913359,0.31047366557575606,0.6489005059351104
what to make of the title?,neither,0.05202685283559442,0.3055840106580874,0.6423891365063182
hey yo merry doll bombadil a dillo,neither,0.03955621376321969,0.38859608423112607,0.5718477020056542
Bidet from alabama,neither,0.04078317879478948,0.307803020237201,0.6514138009680096
First live as well!,neither,0.03408405898417736,0.36831547653928276,0.5976004644765399
"Bidet and beep, beep from Colorado!",neither,0.039665017157423446,0.26811748049299106,0.6922175023495856
"Bidet from Lakebay, Washington <3 xo",neither,0.04080695066346891,0.3073995495860776,0.6517934997504536
"bidet from brazil, rio de janeiro! <3",neither,0.04027801985547311,0.31637688579717654,0.6433450943473503
"they're essentially going on a Celestial Blessing tour, right?",neither,0.04671784145610765,0.35093413477646784,0.6023480237674245
That Vex in dragon armor looked eerily like Laura Bailey physically,neither,0.0429612935726484,0.3636693024456002,0.5933694039817514
:),neither,0.03945320844208391,0.33037608806864915,0.630170703489267
Bidet from New Zealand,neither,0.046710622032705686,0.1542697019613409,0.7990196760059534
"Bidet from Moncton, Canada",neither,0.04071751644889743,0.3089174816120565,0.6503650019390461
Bidet from Houston!,neither,0.040875471929787875,0.3062365648703896,0.6528879631998226
Celebrating 21 months of sub and 22 months watching live.,neither,0.04123125086799436,0.30960333572942084,0.6491654134025848
sontar-claus anyone?,neither,0.03945320844208391,0.33037608806864915,0.630170703489267
Bidet!,neither,0.03945320844208391,0.33037608806864915,0.630170703489267
Bidet from Nashvegas!,neither,0.04228451509352876,0.2823214250720796,0.6753940598343917
@skyleralise mine also ^-^ enjoy,neither,0.03945320844208391,0.33037608806864915,0.630170703489267
"Bidet everyone, I JUST CAUGHT UP! This is my first live stream all the way form Australia!!",neither,0.02976478565781255,0.4849162143102898,0.48531900003189776
bidet from alabama,neither,0.04078317879478948,0.307803020237201,0.6514138009680096
"bidet from Grand Rapids, MI",neither,0.04049294468390485,0.3127290505495843,0.6467780047665108
bidet from toronto!,neither,0.04066490145509902,0.30981049537100724,0.6495246031738937
Bidet everyone!,offensive_language,0.02988896790634741,0.4927062106388782,0.4774048214547744
I hope he does tne ardyn voice,neither,0.0613846145005255,0.35387076170737447,0.5847446237921
Bidet from NJ,neither,0.04069404815304118,0.30931579984010865,0.6499901520068502
Sorry League of Legends doper stuff is on right now,neither,0.041687669326446686,0.34745214392966733,0.610860186743886
"Bidet from Vancouver, WA.",neither,0.04071751644889743,0.3089174816120565,0.6503650019390461
Bidet from Florida!,neither,0.0408948396164547,0.30590784468201904,0.6531973157015263
Bidet and Beep Beep from Iowa!,neither,0.039670422827289976,0.26681207269915463,0.6935175044735555
Bidet from Seattle,neither,0.040754399270683486,0.3082914838698526,0.650954116859464
"@xaulete Huzah, NZ... Its a bit rainy today though",neither,0.0323413529388198,0.3106606470138293,0.6569980000473509
"Wow, you guysa are here early",neither,0.20575562872312597,0.24150350600696696,0.5527408652699072
Bidet from the UK,neither,0.039613273355342184,0.2892653269430044,0.6711213997016535
bidet from Italy,neither,0.04066490145509902,0.30981049537100724,0.6495246031738937
bidet,neither,0.03945320844208391,0.33037608806864915,0.630170703489267
@webgoof why you live so close to me,offensive_language,0.044502274080650654,0.4792931292220458,0.47620459669730353
Bidet from Wisconsin,neither,0.04071751644889743,0.3089174816120565,0.6503650019390461
who is the obnoxious one and who makes the titles ?,neither,0.042705090057442725,0.37921439909315036,0.5780805108494068
Guys can you please send me the link to the discord server for sub and non-sub?,neither,0.041320474912459944,0.3152781378958567,0.6434013871916833
@decalia Welcome to the party!,neither,0.04623376366483136,0.3075971944901993,0.6461690418449695
bidet from ny!,neither,0.04084513770590474,0.30675141581570226,0.6524034464783931
so much fan art! I wish I was good enough to do any of that.,neither,0.038738697169873285,0.38414693364756136,0.5771143691825653
bidet from florida,neither,0.0408948396164547,0.30590784468201904,0.6531973157015263
Bidet from North Carolina,neither,0.04040057148408362,0.31429686482539193,0.6453025636905245
bidet from aus,neither,0.04228451509352876,0.2823214250720796,0.6753940598343917
Bidet from Utah,neither,0.04066490145509902,0.30981049537100724,0.6495246031738937
bidet from Las vegas,neither,0.040400041164603724,0.3143058657309893,0.6452940931044071
bidet from Baltimore everyone!,neither,0.0342864829384187,0.41806890394491947,0.5476446131166619
bidet from western KY,neither,0.040334677536117594,0.315415257091876,0.6442500653720065
Bidet from Germany,neither,0.04069404815304118,0.30931579984010865,0.6499901520068502
"Bidet @decalia and welcome to live, from Portland OR. USA",neither,0.047445009954445734,0.28779410274147993,0.6647608873040743
Bidet from Friday :P,neither,0.04096711208200099,0.30468119232559365,0.6543516955924055
10 ish minutes folks,neither,0.03945320844208391,0.33037608806864915,0.630170703489267
Can we blaim Brian?,neither,0.03959564226635382,0.3279586143481285,0.6324457433855176
Greetings gandsTrinket,neither,0.03945320844208391,0.33037608806864915,0.630170703489267
Bidet from itay,neither,0.04228451509352876,0.2823214250720796,0.6753940598343917
I do love that Keyleth painting beholder fanart.,neither,0.034339446479738786,0.3830393096913801,0.5826212438288811
How is Darin gonna be worked in?,neither,0.047056183401955234,0.37919280044049836,0.5737510161575464
Bidet from Florida,neither,0.0408948396164547,0.30590784468201904,0.6531973157015263
beep beep from calgary canada,neither,0.04071751644889743,0.3089174816120565,0.6503650019390461
bidet from Virginia,neither,0.04079557052152802,0.30759270029461827,0.6516117291838538
BIdet from Maryland,neither,0.04066490145509902,0.30981049537100724,0.6495246031738937
=o Not sure who that character was but she was amazing.,offensive_language,0.031655452989108976,0.55210299581538,0.416241551195511
Beep Beep !,neither,0.03945320844208391,0.33037608806864915,0.630170703489267
this will be interesting,neither,0.04151479016321771,0.30893451261100674,0.6495506972257755
this is my first time actually being able to watch the show live can't wait gandsGrogSigil,neither,0.04615416557357619,0.34787032225199166,0.6059755121744321
"Bidet from College Station, TX!!",neither,0.04032017338852271,0.31566143032936994,0.6440183962821073
bidet,neither,0.03945320844208391,0.33037608806864915,0.630170703489267
bidet from Texas,neither,0.040937266849991,0.30518774380265185,0.6538749893473571
bidet from nj,neither,0.04069404815304118,0.30931579984010865,0.6499901520068502
Bidet from Hawaii,neither,0.04062582848913359,0.31047366557575606,0.6489005059351104
bidet from spain!!,neither,0.04228451509352876,0.2823214250720796,0.6753940598343917
@Sequorem http://discord.gg/criticalrole !,neither,0.03307501839776496,0.06708073835978728,0.8998442432424477
bidet from NSW,neither,0.04228451509352876,0.2823214250720796,0.6753940598343917
i think the O one is gonna be Reinheart's character,neither,0.04511351329780032,0.3802154144863265,0.5746710722158732
Bidet from Virginia,neither,0.04079557052152802,0.30759270029461827,0.6516117291838538
rbzGoldfish,neither,0.03945320844208391,0.33037608806864915,0.630170703489267
#FirstLiveParty,neither,0.03945320844208391,0.33037608806864915,0.630170703489267
bidet from Vegas!,neither,0.040853311764050625,0.30661268071637476,0.6525340075195746
bidet from austin tx,neither,0.0404991143919742,0.31262433450199256,0.6468765511060333
Bidet From Ohio,neither,0.040754399270683486,0.3082914838698526,0.650954116859464
sup,neither,0.03945320844208391,0.33037608806864915,0.630170703489267
hello fellow critters be pleased,neither,0.03981498167915518,0.3334055305791865,0.6267794877416584
"Bidet from Denver, Colorado!",neither,0.04036266062233628,0.31494031108870923,0.6446970282889545
"Bidet everyone, I JUST CAUGHT UP! This is my first live stream all the way form Australia!!",neither,0.02976478565781255,0.4849162143102898,0.48531900003189776
I can't see the fanart,neither,0.038388215151137266,0.29347674711743926,0.6681350377314236
"Bidet from Mesa,Az",neither,0.04078317879478948,0.307803020237201,0.6514138009680096
"man, I wish I hadn't flunked drawing stick people in kindergarten....",neither,0.05637867550857735,0.36678336221294666,0.576837962278476
"bidet from West Sussex, England",neither,0.04044648707165817,0.31351755747411714,0.6460359554542249
@Alphapocalypse so rainy that I took today off work just so I could stay inside where my heater and CR is,neither,0.02939629465205405,0.277580960550638,0.693022744797308
Darin is scanlans dad!,neither,0.05349780000852888,0.3255455090057402,0.6209566909857309
Bidet from sweden!,neither,0.04228451509352876,0.2823214250720796,0.6753940598343917
biget from Indian,neither,0.04069404815304118,0.30931579984010865,0.6499901520068502
Bidet from Montreal,neither,0.04062582848913359,0.31047366557575606,0.6489005059351104
Bidet from TEXAS,neither,0.040937266849991,0.30518774380265185,0.6538749893473571
"bidet from toledo, ohio",neither,0.040754399270683486,0.3082914838698526,0.650954116859464
Bidet from Philly!,neither,0.040769555981420263,0.3080342349327864,0.6511962090857933
"Bidet from Ann Arbor, Michigan",neither,0.04042374769943318,0.3139035039658076,0.6456727483347593
"@ttime9777 Ayyyy, Hawaii bros xD",neither,0.03945320844208391,0.33037608806864915,0.630170703489267
Bidet from Ohio,neither,0.040754399270683486,0.3082914838698526,0.650954116859464
musid is a bit wonky because they are broadcasting from Elysium.,neither,0.08222578282003029,0.26094850170861134,0.6568257154713584
