text,top_class,hate_speech,offensive_language,neither
thanks @WOMStv,neither,0.035884468650613,0.3004919205142699,0.6636236108351171
"We have art, soon Matt",neither,0.03891197116552589,0.3395622971685727,0.6215257316659014
ahh there he us,neither,0.08949632900434083,0.27879737178643244,0.6317062992092266
refresh fan art is playing,neither,0.04537043039964007,0.32834088409966744,0.6262886855006925
is*,neither,0.081172750358939,0.3160268245287109,0.60280042511235
the REBROACAST of CR #105 is beginning,neither,0.044417126052889846,0.31705931225657785,0.6385235616905323
@WOMStv howdy howdy =),neither,0.03945320844208391,0.33037608806864915,0.630170703489267
!spoilers,neither,0.03945320844208391,0.33037608806864915,0.630170703489267
wowowowow,neither,0.03945320844208391,0.33037608806864915,0.630170703489267
Spoilers suck. Please don't post them in chat for those who haven't experienced this yet. Spoilers will be mercilessly smited.,neither,0.07732520287282776,0.2928998020957186,0.6297749950314536
hyyype :D,neither,0.03945320844208391,0.33037608806864915,0.630170703489267
cr is already here,neither,0.0969873997586769,0.30591434874905726,0.5970982514922658
@billykidd007 just ask your mom for $5 once a month :p,neither,0.05213795463283451,0.3155918251691274,0.632270220198038
i was totally not expecting that,neither,0.0349435822620924,0.37253302416170336,0.5925233935762042
"Help G&S make great content! $4.99/month gets you emotes, Minecraft server access, Sub Only Q&As, VODs, and more! Every sub keeps the channel alive! twitch.tv/geekandsundry/subscribe",neither,0.043092924924402844,0.32365565443818894,0.6332514206374082
yea @Nortemshine no spoils,neither,0.03781360874933967,0.3582043738687392,0.6039820173819211
"good night all, this is a good one.",neither,0.03849523298680553,0.42602349009996393,0.5354812769132306
i would never,neither,0.0320789353817552,0.38829279590393034,0.5796282687143145
Quidd App link bit.ly/CRQuidd,neither,0.03945320844208391,0.33037608806864915,0.630170703489267
Now I can stay up for another 4 and a half hours! :D,neither,0.0640435314186068,0.2563534697560247,0.6796029988253687
@slyborg777 at least I think thats how it works.,neither,0.03806835680390955,0.34334767592696647,0.618583967269124
AHHHH HOORRAYYY,neither,0.03945320844208391,0.33037608806864915,0.630170703489267
Darin de Paul is a gift to all Mankind,neither,0.0542651741307844,0.3822447356797075,0.5634900901895082
"episode was incredible tonight, chat not so much",neither,0.034082961041390754,0.34841124238556515,0.617505796573044
"this is one of the best CR so sit back and enjoy one of the funniest, cleverest, CRs! no spoilers please =D just enjoy",neither,0.038018886283129584,0.35572022239743595,0.6062608913194345
vacation Sam xD,neither,0.03945320844208391,0.33037608806864915,0.630170703489267
All though I'm probably not well known in the Crit Role community I am doing commissions atm to save for a visa I do D&D characters and fan art tradition art and digital alike if anyone is interested PM me for prices or to chat about it,neither,0.03262871085604302,0.34217264483891285,0.6251986443050441
This is a great episode everyone! You'll be sure to enjoy it!,offensive_language,0.048820248270936985,0.48481804587326116,0.4663617058558018
@danielbittencourt_ I agree. Can never look at chat for too long during the stream,neither,0.033838855804581354,0.33906114786623465,0.627099996329184
This. Ad. Is. Amazing.,neither,0.04738217208941555,0.3291591027958621,0.6234587251147223
ahhh first sam ad read i've caught in weeks. epic. lol,neither,0.021529854516122,0.3477222324449474,0.6307479130389305
Sam does the best ads. Love it,neither,0.025582939588274598,0.4202300139100726,0.5541870465016528
LUL,neither,0.03945320844208391,0.33037608806864915,0.630170703489267
sam the best LUL,neither,0.03800429740731439,0.3109215534796237,0.651074149113062
lol,neither,0.020706217963973744,0.4882283491876925,0.4910654328483337
Give Sam all the jobs. All of them.,neither,0.05308211797141145,0.4257255832929912,0.5211922987355974
Hi everyone joining the rebroadcast here at 8:30 AM in the Netherlands,neither,0.05607489728687021,0.3645938288731852,0.5793312738399445
"@Magiclarke so much pointless arguing and negativity, its a shame, chat used to be fun",neither,0.03707373230071744,0.33342165784959804,0.6295046098496845
Quidd link bit.ly/CRQuidd,neither,0.03945320844208391,0.33037608806864915,0.630170703489267
All though I'm probably not well known in the Crit Role community I am doing commissions atm to save for a visa I do D&D characters and fan art tradition art and digital alike if anyone is interested PM me for prices or to chat about it,neither,0.03262871085604302,0.34217264483891285,0.6251986443050441
Oh so glad I made it back in time for the start of this replay!,neither,0.03638160992662544,0.31055734036375876,0.6530610497096158
makes me proud to be a Brit!,neither,0.03832311501886699,0.3735187812470091,0.588158103734124
lmao,neither,0.03705015143476208,0.3711622369619404,0.5917876116032975
i siriously dont know who sam always comes up with such great ways of advertisement.. i'm once anew amazed :D,neither,0.030891158537534318,0.42095885829649,0.5481499831659759
@DanielBittencourt_ i know theres no reason for them to do and say what they did tonight it was ridiculous in chat,neither,0.04734136215283602,0.2858135020179644,0.6668451358291996
Critical Role Merch https://shop.geekandsundry.com/collections/critical-role,neither,0.03945320844208391,0.33037608806864915,0.630170703489267
Every week Sam gets more intricate and Laura gets less so. :D,neither,0.0399970832894077,0.32588505279325425,0.6341178639173379
Tal’Dorei campaign book pre-orders available Monday 17/07/17CAMPAIGN PRE ORDER PAGE http://greenronin.com/critical-role/,neither,0.038159063315234894,0.2903136327170411,0.671527303967724
great episode enjoy the rebroadcast,neither,0.03708582150531659,0.29438906007270677,0.6685251184219767
Ashley not here tonight,neither,0.07710127470114882,0.28051290470990814,0.642385820588943
That was incredible,neither,0.034820129407937585,0.38178929000573214,0.5833905805863304
Well this morning,neither,0.049623024015846035,0.15776777667821387,0.7926091993059401
"Darin is here, thats all I need!",neither,0.12804187862419017,0.3534438206779489,0.5185143006978609
!pike,neither,0.03945320844208391,0.33037608806864915,0.630170703489267
"Ashley Johnson, who plays Pike Trickfoot, is currently away shooting a tv show. It's called Blindspot and airs Mondays at 10/9 on NBC. The show shoots July-April/May, and is scheduled for a second season as well. But don't worry, she'll make special appearances here and there.",neither,0.06970870604897991,0.2616797601525288,0.6686115337984914
All though I'm probably not well known in the Crit Role community I am doing commissions atm to save for a visa I do D&D characters and fan art tradition art and digital alike if anyone is interested PM me for prices or to chat about it,neither,0.03262871085604302,0.34217264483891285,0.6251986443050441
Blindspot is filming again so not likely to get much Ashley until mid-season filming break.,neither,0.04300991366509572,0.3737932906096349,0.5831967957252694
Critical Role Podcasts ! The first 20 episodes up now also available on Google or Itunes http://criticalrolepodcast.geekandsundry.com/,neither,0.03266047266689413,0.301978395606735,0.6653611317263708
"@Ripartist I know right? these people work so hard to give us free awesome content and people can only complain and nit pick their ""mistakes"" its annoying",neither,0.08075614519616743,0.41131081652330154,0.507933038280531
^,neither,0.03945320844208391,0.33037608806864915,0.630170703489267
aaaah yes! rebroadcast! i missed the first 30 minutes,neither,0.033342332531354664,0.3195929224602318,0.6470647450084136
Critical Role Podcasts on ITunes link https://itunes.apple.com/us/podcast/critical-role/id1243705452?mt=2,neither,0.048981895334174595,0.33319009010555783,0.6178280145602676
I'm just happy that Critical Role has somehow managed to crossover with Comedy Bang Bang now,neither,0.03354119262597536,0.37037075504657224,0.5960880523274523
Critical Role Podcasts on GooglePlayhttps://play.google.com/music/listen?t=Critical_Role&view=/ps/Iaetoalxxbx7vyig7yigcyuqkdm,neither,0.03803816007389899,0.33708206453393574,0.6248797753921652
"@Art_forArts_Sake at little too fast on that one, at least let some time pass before reposting :)",neither,0.02076667718465935,0.4766975247783335,0.5025357980370073
D:,neither,0.03945320844208391,0.33037608806864915,0.630170703489267
Talks Machina is LIVE every Tuesday 7pm - 8pm PDT on twitch.tv/geekandsundryhttp://www.wheniscriticalrole.com/talksmachina where they talk about the weeks previous episode,neither,0.0348878340107482,0.3284287052940962,0.6366834606951556
Lol sorry I can never judge chat spees,neither,0.030703367288865288,0.4018002940201865,0.5674963386909482
@DanielBittencourt_ next time im adding them to ignore,neither,0.052546806707900545,0.38026310874943337,0.5671900845426662
it goes by so fast!,neither,0.039296881155615825,0.4273902848895806,0.5333128339548037
@Art_forArts_Sake doing it every minute is a bit much,neither,0.04115632342890446,0.3297903087273177,0.6290533678437779
The Wednesday Club : Wednesdays 7pm - 9pm PDT Where they talk about everything comic book related. Hosted by Amy twitter.com/enthusiamy Matt twitter.com/themattkey and Taliesin twitter.com/executivegoth #WednesdayClub,neither,0.03303287235775625,0.4301036238140017,0.5368635038282419
"same friend, same",neither,0.04118506446675522,0.3461380633572643,0.6126768721759805
You can turn on timestamps,neither,0.06161854431319346,0.42194746426252455,0.516433991424282
"FYI - No CR or GnS programming next Thursday and Friday due to SDCC , Geek & Sundry will be at SDCC doing all the things",neither,0.042021483726292344,0.34608693627973586,0.6118915799939718
What was chat doing that was so bad tonight?,neither,0.03567159364685237,0.3744584071764691,0.5898699991766785
I missed it did they say no CR next week?,neither,0.03745723848603184,0.3487096074360193,0.6138331540779489
San Diego Comic Con Critter meet up at Conival linkhttps://www.facebook.com/events/490821451260385/,neither,0.029963853606276826,0.38920845390066156,0.5808276924930617
usually the chat goes by I can barely get one message in before they turn on sub only chat,neither,0.036195960640313975,0.3908161574547134,0.5729878819049725
"Honestly, if you're watching the live show, it's best to just minimize the chat. The only thing you'll miss out on is the group ""lol"" stuff.",neither,0.05013598378583517,0.3578063925651509,0.5920576236490138
I watch fullscreen and the chat's usually moving too fast to read anyway,neither,0.04559596872329013,0.2972381042497608,0.6571659270269491
No CR next week due to SDCC.,neither,0.043133858656512945,0.34726235111403475,0.6096037902294522
"1) i love CR. 2) they aren't doing it for free. they get paid for this and moreover they co-own Critical Role Productions, LLC. don't pretend this is a charity thing :( ...",neither,0.043911636178111085,0.29932033788505963,0.6567680259368293
spams and complaints,neither,0.03763944115734239,0.1918412352459551,0.7705193235967025
CR LIVE SHOW AT GENCON https://www.eventbrite.com/e/critical-role-live-tickets-35991259827,neither,0.050582180898475965,0.3046104938203243,0.6448073252811998
thats a big dude,neither,0.022169927336075906,0.4030753030259947,0.5747547696379294
mostly,neither,0.03945320844208391,0.33037608806864915,0.630170703489267
@Highbear1991 Correct. Off for Comicon,neither,0.03281660761119837,0.2972501806982823,0.6699332116905193
"Highbear1991 thats right, its Comic Con",neither,0.03295845919502539,0.3499457266456354,0.6170958141593392
Critters going to SDCC there is a meet up being planned: https://twitter.com/commandercait/status/885685793385103360,neither,0.04156867253802133,0.4263422396445837,0.5320890878173952
ok thanks,neither,0.036679458346100965,0.30877397624175834,0.6545465654121406
I really hate the new version of Twitch app on android,neither,0.12490547593753402,0.20916982707723608,0.6659246969852299
"Talks Machina at San Diego Comic Con Saturday, July 22, 201710:30a.m. – 11:30a.m. Talks Machina with the Cast of Critical Role – Join Brian W. Foster (Host of Talks Machina) as he moderates a special episode of Talks Machina Room 6BCF",neither,0.04345858316488556,0.3448829710285811,0.6116584458065333
@danielbittencourt_ @ripartist everyone thinks their opinion is the most important when in reality no one really cares.,neither,0.03354150061387023,0.4209716258454832,0.5454868735406465
awesome episode,neither,0.03945320844208391,0.33037608806864915,0.630170703489267
San Diego ComiCon next weekend so no Critical Role stream until two weeks from tonight,neither,0.03811645479855522,0.33832866094475883,0.6235548842566859
is there going to be a rebroadcast soon ?,neither,0.05523441269973836,0.310984041765933,0.6337815455343287
Thanks @Dragonchrome I'm going to add that to a timer.,neither,0.04457492667411451,0.36797098689984953,0.587454086426036
Rebroadcast is starting now TetraRay!,neither,0.05034974862691509,0.32662826823167007,0.6230219831414149
"I missed the episode to GM a 1shot, guess I'll be staying up late?",neither,0.04104710676890493,0.3535819428684983,0.6053709503625968
"i would fight matt for his hair, but i already have great hair, so i think we need to just have our hair fight",neither,0.04298029852801201,0.34500471611935796,0.6120149853526301
@TetraRay is is rb ing now,neither,0.053521748969146875,0.3255372718599896,0.6209409791708634
"rebroadcast is starting right now, they just got through announcements",neither,0.03997076021222843,0.3990499136392036,0.560979326148568
how long is the episode,neither,0.04665097722278407,0.30950574353887006,0.643843279238346
They remove the side chat in horizon mode,neither,0.035882948288073126,0.34242929400123995,0.621687757710687
"it's right now TetraRay, you may need to refresh",neither,0.057987218243440886,0.3579590020773339,0.5840537796792252
@TetraRay refresh,neither,0.03945320844208391,0.33037608806864915,0.630170703489267
Rebroadcast is playing now. refresh if you don't see it.,neither,0.03929340633600309,0.4102498687383441,0.5504567249256527
Is this just a replay of tonight's episode?,neither,0.039528791652683845,0.32807024422970515,0.6324009641176109
@danoba np,neither,0.03945320844208391,0.33037608806864915,0.630170703489267
Yes!!!,neither,0.03945320844208391,0.33037608806864915,0.630170703489267
lmfao,neither,0.05470637918084239,0.32512982320825545,0.6201637976109021
"oh shit, thank you for telling me to refresh!",offensive_language,0.058005726808233946,0.9302516395694926,0.011742633622273376
rebroadcast iis happening please refresh if you cannot see,neither,0.035510461436401075,0.39731330036372275,0.5671762381998763
It looked like this episode is around 4 hours I would guess,neither,0.0506925836944534,0.34029831853567416,0.6090090977698724
How are y'all lovely critters doing tonight?,neither,0.06012994578235254,0.3261974164712203,0.6136726377464271
@Dragonchrome Do ou know if Con badges will be required?,neither,0.029571487300484384,0.35241908660397897,0.6180094260955366
id smash,neither,0.03945320844208391,0.33037608806864915,0.630170703489267
@tyruku this is the usual rebroadcast of CR that follows the live,neither,0.0435033879880288,0.3343788624955573,0.6221177495164139
"@Magiclarke exactly, everyone so annoyed and trying their best to protect their right to be rude to marisha :/",neither,0.04484483285739574,0.38300186371932765,0.5721533034232767
literally starting right now... refresh,neither,0.038730035183229525,0.3444923805244801,0.6167775842922903
@VolleyBallerAZ for which event?,neither,0.03378352080901239,0.3020594260068607,0.664157053184127
@postdataest Thank you :),neither,0.07325166854587051,0.43632638485078484,0.49042194660334476
@Magiclarke bingo,neither,0.03945320844208391,0.33037608806864915,0.630170703489267
Critical Role Live 2017 info link http://geekandsundry.com/buy-your-tickets-for-critical-role-live-now/,neither,0.04857843898239224,0.2749966353616471,0.6764249256559607
If you don't see the reply Smash that Refresh button!,neither,0.03293894690906872,0.40620050215120745,0.5608605509397236
"I believe this year, they're in the Con proper, so likely would need badges. As opposed to previous years where they were off-site at Petco",neither,0.04800958226372759,0.3281226845699141,0.6238677331663582
"@Dragonchrome The one you linked, critter meetup.",neither,0.05494240222910565,0.3959619008048801,0.5490956969660143
people arc up at her again this episode? joy -_-,offensive_language,0.0451419269644392,0.5339508379139053,0.42090723512165557
Ticket Link for Critical Role LIVE 2017! https://www.eventbrite.com/e/critical-role-live-tickets-35991259827,neither,0.04027069474477758,0.3183633484801309,0.6413659567750915
"@tyruku just as it played including the break, followed by the other Thursday shows from",neither,0.03539259536262049,0.3562541045554399,0.6083533000819396
Replay even :|,neither,0.03845673388650829,0.34728886186812674,0.614254404245365
gnS,neither,0.03945320844208391,0.33037608806864915,0.630170703489267
@VolleyBallerAZ one moment checking,neither,0.03861937874204175,0.3610112445017936,0.6003693767561645
"this is the REBROADCAST of Critical Role episode #105, the intro just ended",neither,0.040009926149858696,0.3240576649791782,0.635932408870963
"when will people learn that kiki is always a doofus, marisha has said this",neither,0.05488279886757956,0.41617554329354356,0.5289416578388769
"Awesome! I was sad that I missed the live, glad that I dont have to wait until Monday",neither,0.0401978122981404,0.36796130964572166,0.591840878056138
Vox Machina!,neither,0.03945320844208391,0.33037608806864915,0.630170703489267
Kiki is a doofus and we love her for it,offensive_language,0.02485219819630551,0.49082172521521217,0.4843260765884823
remember guys taldorei setting book available monday through green ronin :),neither,0.04002522048281205,0.3166141939320216,0.6433605855851663
"@missceeara yes, and then people tried to defend her and got called white knights, chat was toxic today unfortunately",offensive_language,0.24558064874478744,0.511390482495012,0.24302886876020047
"Say, do we have to start calling her Saint Pike?",offensive_language,0.037278498556568715,0.49438787073003565,0.4683336307133956
@tyruku there are always severlal rebroadcast of CR before it goes on the web site noon ish Monday Pacific time,neither,0.04373389296458568,0.3518403199758207,0.6044257870595936
"guys this god arc is so awesome, it makes me wanna work on my own pantheon",neither,0.04179724360270117,0.42757230858239115,0.5306304478149078
I love the way she fails at things as well as the others it makes the game more interesting... it wuld suck if they were always rolling good or always winning or never ever madea mistake,neither,0.03286901349962518,0.41752888093902374,0.549602105561351
How long before someone in VM name drops Pelor in a bar in Vasselhiem? :-),neither,0.03699372685283851,0.36871116745434895,0.5942951056928126
"i've never seen CR before, i have no idea what's going on 4Head",neither,0.021544040519129077,0.41309686787058086,0.5653590916102901
"@VolleyBallerAZ it's outside the conventions centre area, so you do not need a badge for the Crittter meetup, have fun",neither,0.04164918594063377,0.35000925129794114,0.6083415627614253
Fruit...made from souls! Kappa,neither,0.04017823846028092,0.3180704364822785,0.6417513250574406
"I love how telling people not to be a holes over something that's subjective means they're white knights lol They have to make quick decisions under pressure on a live show, people need to cut them some slack",offensive_language,0.24306998063847443,0.40264222210109546,0.3542877972604301
@Dragonchrome Thanks for checking!,neither,0.03201276055375515,0.2876170266426074,0.6803702128036374
"@systemofadingus really? pls stay, you're in for a ride",neither,0.062307663629395285,0.31396961766764697,0.6237227187029578
"@systemofadingus The old episodes are up on YouTube, go watch it for your own sake. Hundreds of hours well spent :P",neither,0.07579261059625847,0.30874747250516554,0.615459916898576
how far in is it guys(morning all),neither,0.0567159154506342,0.26556387267002896,0.6777202118793368
@VolleyBallerAZ https://twitter.com/commandercait/status/885685793385103360,neither,0.038839322835287696,0.43150949317999215,0.5296511839847202
!rbschedule updated,neither,0.03945320844208391,0.33037608806864915,0.630170703489267
Find the rebroadcast schedule for today here: http://bit.ly/ThurRebroadcast,neither,0.05993176898675194,0.16282973960513905,0.7772384914081091
cr is right here. hello!,neither,0.08755823767213,0.3101610948896758,0.6022806674381942
!runtime,neither,0.03945320844208391,0.33037608806864915,0.630170703489267
So is Vox Machina now all level 20 and playing epic games,neither,0.04528289232060352,0.3761286729189139,0.5785884347604825
KKOOORRDDD,neither,0.03945320844208391,0.33037608806864915,0.630170703489267
"this is the REBROADCAST of Critical Role episode #105, just a brief time after the intro",neither,0.03941856369184165,0.333725073619266,0.6268563626888924
@Dragonchrome I had just heard that some things at one of the hotels were going to also be badge required.,neither,0.03170220250219804,0.3988469605718959,0.5694508369259059
12 mins in,neither,0.03945320844208391,0.33037608806864915,0.630170703489267
justrecapping,neither,0.03945320844208391,0.33037608806864915,0.630170703489267
ahhh so oi can watch then,neither,0.04383414202724657,0.35928071742227174,0.5968851405504816
@systemofadingus this is a dungeons and dragons game acted out by those you see please stay and watch it truly is entertaining,neither,0.06884884739156122,0.2806710482092247,0.6504801043992141
ty,neither,0.03945320844208391,0.33037608806864915,0.630170703489267
how long was the episode?,neither,0.038254209143368155,0.31462326760889,0.6471225232477419
4 hours,neither,0.03945320844208391,0.33037608806864915,0.630170703489267
Are they all playing Epic campaigns now they are level 20,neither,0.07757954694788706,0.31404731495206933,0.6083731381000436
"@VolleyBallerAZ the stuff outside the conventions centres do not need a badge , but anything inside the conventions centres badge is required unless stated",neither,0.03709203881278044,0.22638298150297767,0.7365249796842419
@Dashiva7 just over 4 hours,neither,0.030862416018997516,0.35815196660177173,0.6109856173792307
Thank you!,neither,0.07325166854587051,0.43632638485078484,0.49042194660334476
did he say dongfather instead of dawnfather,neither,0.045341502206201485,0.3283508338319107,0.6263076639618879
Dawn father :P,neither,0.03945320844208391,0.33037608806864915,0.630170703489267
"Oh man, I still haven't got the time to watch last weeks episode. But I'm so looking forward to Darin as special guest! All my dreams came true <3",neither,0.052959828202271374,0.4485039700336533,0.4985362017640752
