text,top_class,hate_speech,offensive_language,neither
greyland Washington,neither,0.03945320844208391,0.33037608806864915,0.630170703489267
!sub,neither,0.03945320844208391,0.33037608806864915,0.630170703489267
Help support the #GnSLive twitch channel! $4.99/month gets you exclusive sub-only benefits and helps keep the channel alive! Thanks! twitch.tv/geekandsundry/subscribe or for MOBILE https://secure.twitch.tv/products/geekandsundry/ticket/new,neither,0.047564760200365624,0.28780811278399754,0.6646271270156369
"morning, all",neither,0.061967905254982546,0.21215969689978753,0.7258723978452299
Bidet from Australia. :),neither,0.04062582848913359,0.31047366557575606,0.6489005059351104
gandsSCANLAN Bidet,neither,0.03945320844208391,0.33037608806864915,0.630170703489267
Are we ready? I don't think we're rready... Going in anyways!,neither,0.07304797348675669,0.29339348362427004,0.6335585428889733
Bidet and beep beep from Ontario!,neither,0.03965776716412151,0.26988353053137865,0.6904587023044999
test,neither,0.03945320844208391,0.33037608806864915,0.630170703489267
special guest: Tommy Wiseau,neither,0.06608420208211886,0.31447754928398364,0.6194382486338975
gandsSubHype gandsSubHype gandsSubHype,neither,0.03945320844208391,0.33037608806864915,0.630170703489267
Bidet from VA tonight! Hope everyone enjoys the show tonight! Thanks for being an amazing community everyone!,neither,0.04555405489959309,0.30183321241553296,0.6526127326848739
I'm always hesitant and scared that I'll click into the stream and just see in big letters FINALE. I'm super not ready for that,neither,0.024601756895341997,0.3712802870787741,0.604117956025884
Bidet from NY,neither,0.04084513770590474,0.30675141581570226,0.6524034464783931
bidet pa,neither,0.03945320844208391,0.33037608806864915,0.630170703489267
gandsMatt !,neither,0.03945320844208391,0.33037608806864915,0.630170703489267
Its weird knowing any episode could be the last,neither,0.034975975220506494,0.3230144439243821,0.6420095808551114
DAD!!,neither,0.03945320844208391,0.33037608806864915,0.630170703489267
@Galderman started in a town where the common greeting was G'day. Grog misheard and said bidet,neither,0.039787553657693514,0.2605405507713635,0.699671895570943
yusss,neither,0.03945320844208391,0.33037608806864915,0.630170703489267
yay,neither,0.03945320844208391,0.33037608806864915,0.630170703489267
LIVE,neither,0.04891340716200846,0.3271222919257548,0.6239643009122369
Wooo,neither,0.03945320844208391,0.33037608806864915,0.630170703489267
Bidet from Los Santos!,neither,0.04037735807595538,0.31469085694349574,0.6449317849805489
Bidet from CO!,neither,0.04181741232017598,0.2902493781769742,0.6679332095028498
hi lads,neither,0.03945320844208391,0.33037608806864915,0.630170703489267
gandsSubHype gandsSubHype gandsSubHype gandsSubHype gandsSubHype gandsSubHype gandsSubHype gandsSubHype,neither,0.03945320844208391,0.33037608806864915,0.630170703489267
"Bidet from Athens, AL",neither,0.04724196013466046,0.19818064482348735,0.7545773950418522
Love love love the PODCAST!!!!! Thank you and please KEEP it up!,neither,0.03869354553021408,0.38547759048086955,0.5758288639889163
WOOOOOOOO!,neither,0.03945320844208391,0.33037608806864915,0.630170703489267
hello!,neither,0.03945320844208391,0.33037608806864915,0.630170703489267
hi FeelGoodMan,neither,0.03945320844208391,0.33037608806864915,0.630170703489267
@dmtbassist you must have never seen a discussion about Kelith.,neither,0.04692238097351594,0.4148385098153189,0.5382391092111652
hype,neither,0.03945320844208391,0.33037608806864915,0.630170703489267
Woot here we go uber 1337,neither,0.07545824982789405,0.30601395084448735,0.6185277993276187
Grog's trial would be to fight 20 Groons lol,neither,0.03777597665454691,0.36950982900552504,0.5927141943399281
PogChamp,neither,0.03945320844208391,0.33037608806864915,0.630170703489267
yay,neither,0.03945320844208391,0.33037608806864915,0.630170703489267
@dmtbassist wait til keyleth does something stupid or they do something regarding homosexuality.,neither,0.06809899916941442,0.34504005531718107,0.5868609455134044
"Bidet, beep beep and bee's knees from Endicott, NY, USA, Earth, Milky Way Galaxy.",neither,0.039602130610074185,0.2989332860203632,0.6614645833695626
HEEYYY!,neither,0.03945320844208391,0.33037608806864915,0.630170703489267
Yay,neither,0.03945320844208391,0.33037608806864915,0.630170703489267
@Northwatch Darin De Paul voice actor and friend of the channel,neither,0.03847459739395485,0.2972200824104446,0.6643053201956006
@Galderman Grog's mispronunciation of Good Day,neither,0.039211276773356424,0.3074407507774837,0.6533479724491599
Thursday hype gandsLessthanthree gandsLessthanthree gandsLessthanthree,neither,0.03945320844208391,0.33037608806864915,0.630170703489267
woo!,neither,0.03945320844208391,0.33037608806864915,0.630170703489267
time for full VOLUME!,neither,0.048767021443514094,0.3159384557728161,0.6352945227836698
YES!,neither,0.03945320844208391,0.33037608806864915,0.630170703489267
YES,neither,0.03945320844208391,0.33037608806864915,0.630170703489267
gandsSubHype gandsSubHype gandsSubHype,neither,0.03945320844208391,0.33037608806864915,0.630170703489267
it has begun Refresh if you do not see Matt gandsMatt,neither,0.034579255720525115,0.40239304893494193,0.563027695344533
gandshype,neither,0.03945320844208391,0.33037608806864915,0.630170703489267
Yah,neither,0.03945320844208391,0.33037608806864915,0.630170703489267
"WE""RE LIVE!",neither,0.07702019449600846,0.29035571652515796,0.6326240889788335
<3,neither,0.03945320844208391,0.33037608806864915,0.630170703489267
gandsSubHype gandsSubHype gandsSubHype gandsSubHype gandsSubHype,neither,0.03945320844208391,0.33037608806864915,0.630170703489267
woo!,neither,0.03945320844208391,0.33037608806864915,0.630170703489267
Woohoo - first time live,neither,0.035809960981031994,0.34817805097968235,0.6160119880392856
OMG just saw the DdP guest star!!!!!!!!!!!!!!,neither,0.03542355885301838,0.3338767040761239,0.6306997370708577
YAASS!,neither,0.03945320844208391,0.33037608806864915,0.630170703489267
wooo!!,neither,0.03945320844208391,0.33037608806864915,0.630170703489267
Sounds like someone got a good one :P,neither,0.04702509651981871,0.4253634972240463,0.5276114062561349
Squid1 gandsSCANLAN Squid3 gandsDrink Squid4,neither,0.03945320844208391,0.33037608806864915,0.630170703489267
WooT,neither,0.03945320844208391,0.33037608806864915,0.630170703489267
and it begins yay!!!,neither,0.03755143172942489,0.29633991284532646,0.6661086554252488
<3,neither,0.03945320844208391,0.33037608806864915,0.630170703489267
yay,neither,0.03945320844208391,0.33037608806864915,0.630170703489267
Must be technical difficulties,neither,0.041866631280162006,0.3098879997726791,0.6482453689471588
yay,neither,0.03945320844208391,0.33037608806864915,0.630170703489267
you are,neither,0.3074667772907956,0.2930344039624175,0.399498818746787
gandsSubHype gandsSubHype gandsSubHype,neither,0.03945320844208391,0.33037608806864915,0.630170703489267
Shhh It's starting!,neither,0.03813282146202229,0.3308302296982329,0.6310369488397448
FYI Critter Map https://www.zeemaps.com/map?group=1585854,neither,0.03945320844208391,0.33037608806864915,0.630170703489267
Bidet from VA,neither,0.04066490145509902,0.30981049537100724,0.6495246031738937
ITS THE SPECIAL BOY,neither,0.06605426223343432,0.29441905932626966,0.639526678440296
And it has BEGUN!!!,neither,0.0363918441966716,0.25272108248325803,0.7108870733200704
bidet from Norway :D,neither,0.04228451509352876,0.2823214250720796,0.6753940598343917
BIDET !!,neither,0.03945320844208391,0.33037608806864915,0.630170703489267
yeah starting !,neither,0.021092913487655095,0.4603155022651394,0.5185915842472055
mercer #weknow,neither,0.03945320844208391,0.33037608806864915,0.630170703489267
its happening!!!,neither,0.03309144916294284,0.33256418880705063,0.6343443620300065
:DDDD,neither,0.03945320844208391,0.33037608806864915,0.630170703489267
UNCLE DARIN!,neither,0.3078799783341611,0.10855700816098336,0.5835630135048555
"back just in time, woot",neither,0.034365689788111733,0.36734528923010423,0.5982890209817842
Sweet.,neither,0.03945320844208391,0.33037608806864915,0.630170703489267
Is it possible to get a link to the fan art?,neither,0.05258243958635381,0.31852835410823127,0.628889206305415
Bidet from Victoria BC!!!,neither,0.04052303010603489,0.3122184224193425,0.6472585474746226
HOLY SHIT what if @Danalds,offensive_language,0.02913907491527533,0.9704414948616464,0.0004194302230781639
AYYYY,neither,0.03945320844208391,0.33037608806864915,0.630170703489267
CATCHPHRASE,neither,0.03945320844208391,0.33037608806864915,0.630170703489267
Hello,neither,0.03945320844208391,0.33037608806864915,0.630170703489267
SO QUI,neither,0.03940934168832202,0.38195233036853654,0.5786383279431415
<3,neither,0.03945320844208391,0.33037608806864915,0.630170703489267
im trying to lipread him!,neither,0.04660928626836444,0.3686579800265984,0.5847327337050371
GUEST!!!!!,neither,0.03945320844208391,0.33037608806864915,0.630170703489267
DARIN,neither,0.03945320844208391,0.33037608806864915,0.630170703489267
gandsSubHype SPECIAL GUEST gandsSubHype,neither,0.074917375545421,0.3098007757950765,0.6152818486595026
hey guys! gands2YearHype gandsSubHype,neither,0.03929207127355727,0.33311100635304525,0.6275969223733975
WAT,neither,0.03945320844208391,0.33037608806864915,0.630170703489267
Matt's hair are so pretty,neither,0.06304738462091677,0.32910633913824355,0.6078462762408396
guest yay,neither,0.03945320844208391,0.33037608806864915,0.630170703489267
Yieeewww,neither,0.03945320844208391,0.33037608806864915,0.630170703489267
Bidet from Kennesaw Georgia,neither,0.04066490145509902,0.30981049537100724,0.6495246031738937
yeeeey!,neither,0.03945320844208391,0.33037608806864915,0.630170703489267
YAS,neither,0.03945320844208391,0.33037608806864915,0.630170703489267
YAY ITS TIME,neither,0.0320256679651053,0.3534266279335836,0.6145477041013111
gandsApplaud Yayyyyyy,neither,0.03945320844208391,0.33037608806864915,0.630170703489267
Matt i effing love you,neither,0.055862912231628745,0.40714652175344074,0.5369905660149304
"the toxic side is in the character hate and YouTube comments, you must not travel much friend @dmtbassist",neither,0.12000400118812267,0.27117575842758673,0.6088202403842906
always glorious hair,neither,0.036851825393383185,0.4114294457899922,0.5517187288166245
"Holy shit though, i never realised how many watch this, current viewers, +23.000",offensive_language,0.05355606633647465,0.8674424791936609,0.07900145446986435
A GUEST!!!!!!,neither,0.03945320844208391,0.33037608806864915,0.630170703489267
darin tonight!,neither,0.03498084806025125,0.2929251180277183,0.6720940339120305
=o I get to see live announcements. Excite!,neither,0.049605937161682365,0.33310113906343486,0.6172929237748827
wooooo whoooooo!!!!,neither,0.03945320844208391,0.33037608806864915,0.630170703489267
QUIDD,neither,0.03945320844208391,0.33037608806864915,0.630170703489267
quid,neither,0.03945320844208391,0.33037608806864915,0.630170703489267
DARIIN,neither,0.03945320844208391,0.33037608806864915,0.630170703489267
YEEEEEEEEEEEEEAAAAAAAAAAAAAAAAAAAAHHHH,neither,0.03945320844208391,0.33037608806864915,0.630170703489267
Announcements!,neither,0.03945320844208391,0.33037608806864915,0.630170703489267
BIDET!,neither,0.03945320844208391,0.33037608806864915,0.630170703489267
Bidet from Colorado!,neither,0.04066490145509902,0.30981049537100724,0.6495246031738937
Mercer has entered the building!,neither,0.03887284205542139,0.3034844621172926,0.6576426958272861
ZARA!!!,neither,0.03945320844208391,0.33037608806864915,0.630170703489267
Audio is so low again,neither,0.0444364125015831,0.3911724151472532,0.5643911723511637
THE SAME SHIRT,neither,0.03934287911147964,0.3188464771349386,0.6418106437535817
yay bye bye chat,neither,0.03945320844208391,0.33037608806864915,0.630170703489267
Beep Beep! Bidet!,neither,0.03945320844208391,0.33037608806864915,0.630170703489267
Maaaaatttt,neither,0.03945320844208391,0.33037608806864915,0.630170703489267
Man this is who they got to pick to play Matt Mercer? The book was so much better.,neither,0.05234192590251959,0.40315192635763303,0.5445061477398474
quid!,neither,0.03945320844208391,0.33037608806864915,0.630170703489267
YES!!!!!!!!!!!!!!!!!!!!!!!!!!,neither,0.03945320844208391,0.33037608806864915,0.630170703489267
LUL,neither,0.03945320844208391,0.33037608806864915,0.630170703489267
The shirt is back! :D,neither,0.04890097035911138,0.3067402675263157,0.644358762114573
vacay sam,neither,0.03945320844208391,0.33037608806864915,0.630170703489267
gandsSubHype gandsSubHype gandsSubHype,neither,0.03945320844208391,0.33037608806864915,0.630170703489267
YUS!,neither,0.03945320844208391,0.33037608806864915,0.630170703489267
gandsSubHype,neither,0.03945320844208391,0.33037608806864915,0.630170703489267
"Do you think that Darren will, in a loud boooming voice of his super ancient character yell at the goth emo kid and the other goth teenage asshole to get off his lawn and find their Gods already?",neither,0.0633564035014545,0.333247707757745,0.6033958887408005
LUL,neither,0.03945320844208391,0.33037608806864915,0.630170703489267
RIP guest might see them for like 5 mins at the end,neither,0.049051644125420416,0.3199875094855369,0.6309608463890426
THE SHIRT IS BACK,neither,0.04890097035911138,0.3067402675263157,0.644358762114573
lmfao hes wearing the same clothes,neither,0.04316473262712966,0.2297922189651915,0.7270430484076787
VACATION SAM!,neither,0.03945320844208391,0.33037608806864915,0.630170703489267
DARREN!!!,neither,0.03945320844208391,0.33037608806864915,0.630170703489267
gandsSubHype gandsSubHype gandsSubHype gandsSubHype gandsSubHype gandsSubHype gandsSubHype gandsSubHype,neither,0.03945320844208391,0.33037608806864915,0.630170703489267
Vacation sam! yay!,neither,0.03945320844208391,0.33037608806864915,0.630170703489267
DARIN!!!!!!!!!!!!! SO ECCCIIIIDID!,offensive_language,0.039501631330860744,0.48329170807269783,0.4772066605964413
gandsSCANLAN gandsSCANLAN gandsSCANLAN gandsSCANLAN gandsSCANLAN,neither,0.03945320844208391,0.33037608806864915,0.630170703489267
QUIDDDDDDD,neither,0.03945320844208391,0.33037608806864915,0.630170703489267
You're good!,neither,0.13765547900451902,0.35712851260497763,0.5052160083905034
A guest???,neither,0.03945320844208391,0.33037608806864915,0.630170703489267
is that the SHIRT?,neither,0.04365682163588721,0.36038905436217117,0.5959541240019416
bidet sweden 4am,neither,0.03945320844208391,0.33037608806864915,0.630170703489267
He's still doing it?,neither,0.043322418942431204,0.3479419794486878,0.6087356016088811
so many critters from CO <3 :),neither,0.040991285055658654,0.3691843685527096,0.5898243463916317
guest PogChamp,neither,0.03945320844208391,0.33037608806864915,0.630170703489267
"oh christ, hes wearing that shrit again",neither,0.038889296003193116,0.3482254395977174,0.6128852643990895
Vacation Sam,neither,0.03945320844208391,0.33037608806864915,0.630170703489267
Hahaha Vacation Sam,neither,0.03945320844208391,0.33037608806864915,0.630170703489267
same shirt!!!,neither,0.040655904234947436,0.3413314049561987,0.6180126908088539
omg the shirt,neither,0.038401890118652936,0.31105857981924223,0.6505395300621049
goddamnit vacation sam,neither,0.03945320844208391,0.33037608806864915,0.630170703489267
THE SHIRT,neither,0.038105020366543174,0.30537083896881156,0.6565241406646452
dat shirt,neither,0.03945320844208391,0.33037608806864915,0.630170703489267
the gross shirt!,neither,0.03852221683896376,0.3133296718959612,0.648148111265075
i hope he washed that shirt....,neither,0.07529530557796485,0.26133824248043885,0.6633664519415963
sound is low,neither,0.04954270316553612,0.32690584817339424,0.6235514486610697
NOT AGAIN XD,neither,0.03439052528572246,0.38949277640131136,0.5761166983129662
bidet from netherlands!!,neither,0.04066490145509902,0.30981049537100724,0.6495246031738937
Same shirt?!?!? hahaha,neither,0.04039656932877347,0.3389730292805423,0.6206304013906843
turn up sam,neither,0.03651627325632201,0.3902574062045365,0.5732263205391415
NO NOT AGAIN,neither,0.03389705028777885,0.40152574022494686,0.5645772094872744
Omg he brought the outfit,neither,0.04335302906907389,0.31470630293623725,0.6419406679946887
Jajajajaja omg vacation Sam,neither,0.03945320844208391,0.33037608806864915,0.630170703489267
He's still in that shirt!!!,neither,0.03986608148243234,0.3910406369152823,0.5690932816022855
Catchphrase!,neither,0.03945320844208391,0.33037608806864915,0.630170703489267
Vacation Same is wearing that damn shirt,offensive_language,0.04817275532466665,0.7184516467641651,0.23337559791116838
Live!,neither,0.04891340716200846,0.3271222919257548,0.6239643009122369
Still on vacation,neither,0.03548619538625093,0.36121491827858204,0.603298886335167
VACATION SHIRT,neither,0.03945320844208391,0.33037608806864915,0.630170703489267
Still vacation Sam LUL,neither,0.038811455640043895,0.3412683079606199,0.6199202363993361
Vacation Sam,neither,0.03945320844208391,0.33037608806864915,0.630170703489267
vacation sam,neither,0.03945320844208391,0.33037608806864915,0.630170703489267
I don't think they let Sam leave the studio since Tuesday...,neither,0.029544726296453685,0.3343139778316981,0.6361412958718483
So excited for the guest,neither,0.033465341317699966,0.32730265687329485,0.6392320018090052
I love vacation Sam,neither,0.036814286349889036,0.34263378167876046,0.6205519319713505
@cuzcats I would die happy,neither,0.24691024730865518,0.09907102509333575,0.654018727598009
Fire the sound guy!,neither,0.03811784239607815,0.32177171121135406,0.6401104463925676
It's the shirt!!!!,neither,0.03619171951145389,0.30788874191205534,0.6559195385764909
Yay!!! Vacation Sam is the Best!!!!!,neither,0.04393269802310318,0.3116352404022879,0.6444320615746089
YESSS vacation Sam is in the house gandsSCANLAN,neither,0.0444483785829523,0.31698232093545525,0.6385693004815925
Sams mike could use a boost.,neither,0.017077420133939165,0.4053330096709052,0.5775895701951557
wish they would fix their audio problems,neither,0.039027194973271895,0.3268087061281594,0.6341640988985687
why is sam still in vacation mode??,neither,0.03561992637327016,0.34969540098086394,0.614684672645866
HES WEARING THE SHIRT AGAIN,neither,0.03718812878861518,0.3429630042722102,0.6198488669391746
so happy VaCa Sam is back,neither,0.04570521592154633,0.363059737070632,0.5912350470078217
return of vacation sam,neither,0.03945320844208391,0.33037608806864915,0.630170703489267
Aaaand he is sticking with it,neither,0.03864508878726977,0.36299469547330016,0.5983602157394302
Vacation Sam and his fleece fucking shirt,offensive_language,0.1411817217484296,0.833152150515534,0.025666127736036343
Bidet from Co. Chill Dara Ireland. at 03:12 😊,neither,0.039672096590584856,0.33525530052325786,0.6250726028861574
This might be the only time I've seen him wear a shirt a second time,neither,0.024434731821201514,0.33645922403567907,0.6391060441431194
love the shirt,neither,0.034557700561271866,0.3264798306674017,0.6389624687713265
ZHARA??!,neither,0.03945320844208391,0.33037608806864915,0.630170703489267
someday i'll figure out why CR is much lower volume than other shows/channels...,neither,0.033725768006445944,0.3473440874421636,0.6189301445513904
"sam and his shirts man, just legendary",neither,0.05238676741492526,0.360932405511849,0.5866808270732258
WEARIN THE SAME FUCKIN SHIT,offensive_language,0.05904738031870547,0.9409390693915984,1.3550289696193426e-05
oh my god he's wearing the white privilege shirt again,offensive_language,0.33505545707043255,0.4970484767611395,0.16789606616842787
Could someone Jack Sam?,neither,0.03945320844208391,0.33037608806864915,0.630170703489267
i hate the new mic system,neither,0.20259211591534435,0.14908453606838687,0.6483233480162687
that's a great shirt,neither,0.03314936193798386,0.34889670225266706,0.6179539358093491
ohh fuck here we go,offensive_language,0.3056616641732403,0.6927205589243683,0.0016177769023911581
hi,neither,0.03945320844208391,0.33037608806864915,0.630170703489267
Hawaiian shirt ftw,neither,0.03945320844208391,0.33037608806864915,0.630170703489267
gandsSCANLAN gandsSCANLAN gandsSCANLAN gandsSCANLAN,neither,0.03945320844208391,0.33037608806864915,0.630170703489267
Can barely hear him,neither,0.03958840941524928,0.32808137470760984,0.632330215877141
"Has the ""BBC Archives""",neither,0.039043435754818286,0.3117169841569396,0.6492395800882421
tgit,neither,0.03945320844208391,0.33037608806864915,0.630170703489267
!whodat,neither,0.03945320844208391,0.33037608806864915,0.630170703489267
"Matt ( twitter.com/matthewmercer ), Liam ( twitter.com/VoiceOfOBrien ), Laura ( twitter.com/LauraBaileyVO ), Travis ( twitter.com/WillingBlam ), Taliesin ( twitter.com/executivegoth ), Marisha ( twitter.com/Marisha_Ray ), Ashley ( twitter.com/thevulcansalute ) and Sam ( twitter.com/samriegel )",neither,0.038497284057339126,0.4631245699676006,0.49837814597506036
Is there a guest today?,neither,0.045874210495066424,0.2695087685795841,0.6846170209253495
oh dear!,neither,0.0461327075271576,0.2673899063118408,0.6864773861610016
why is sam wearing that dumb shirt again?!,neither,0.03216642788869678,0.39234094754588333,0.57549262456542
omfg Sam...... here we go!,neither,0.08100776477504734,0.3027919920663657,0.6162002431585869
his mic souns like its off,neither,0.07155386437107703,0.3507939493274671,0.5776521863014559
LOL,neither,0.020706217963973744,0.4882283491876925,0.4910654328483337
wot?,neither,0.03945320844208391,0.33037608806864915,0.630170703489267
sound is a lil on low side on stream,neither,0.0369526434071561,0.3728662245368276,0.5901811320560162
Woo!,neither,0.03945320844208391,0.33037608806864915,0.630170703489267
buckle in,neither,0.03945320844208391,0.33037608806864915,0.630170703489267
Laura's mic is hot,neither,0.04873343524048498,0.32718419252228764,0.6240823722372275
Sam's mic doesn't sound turned on,neither,0.0374159170560556,0.3400878132646214,0.6224962696793231
Bring Sam up bring Laura down,neither,0.03746695988501803,0.36989177564426595,0.592641264470716
"Yeah I don't think Sams mic is on, someone elses is picking him up",neither,0.03435089923622666,0.42405399664533416,0.5415951041184393
oh no sam is still in vacation mode,neither,0.047343526978728,0.3147368971071243,0.6379195759141476
lmfao that wheezing laugh,neither,0.04307649281187612,0.37658160801024826,0.5803418991778757
LUL,neither,0.03945320844208391,0.33037608806864915,0.630170703489267
Holy Jimmy Buffet shirt!,neither,0.03945320844208391,0.33037608806864915,0.630170703489267
"Sam, you are a national treasure, sir.",neither,0.0735746958123675,0.3283067401477794,0.5981185640398532
LUL LUL LUL,neither,0.03945320844208391,0.33037608806864915,0.630170703489267
Haha,neither,0.03186685585600258,0.45913629025701075,0.5089968538869867
LOL,neither,0.020706217963973744,0.4882283491876925,0.4910654328483337
"lol, I love when tal snorts",neither,0.02265999221471865,0.4382663107511395,0.5390736970341419
NIGEL J. CREAMHUTCH?!,neither,0.03945320844208391,0.33037608806864915,0.630170703489267
when u wear the same shirt twice in one week,neither,0.03179453442675356,0.38119037368537095,0.5870150918878754
#WeKnow,neither,0.03945320844208391,0.33037608806864915,0.630170703489267
his mic isnt on,neither,0.05973254076645628,0.34479291953705116,0.5954745396964927
gandsSCANLAN gandsSCANLAN gandsSCANLAN gandsSCANLAN,neither,0.03945320844208391,0.33037608806864915,0.630170703489267
CREAMHUTCH!,neither,0.03945320844208391,0.33037608806864915,0.630170703489267
lol Sam in his most first world problem shirt.,neither,0.04338311911484266,0.372948072812476,0.5836688080726813
"eventually there will be a week where the sound actually works properly, also the guest is not Zhara it was already announced on Talks Machina",neither,0.040525188712141114,0.29329734866216534,0.6661774626256936
EVERYONE DOWN,neither,0.031439593689376516,0.46638804429005487,0.5021723620205687
HERE WE GO!! BegWan,neither,0.13156755280784707,0.2765461283225309,0.5918863188696221
SAM is amazing,neither,0.04813891911843835,0.3273886738785544,0.6244724070030072
Sam hasn't been home since Talks Machina,neither,0.03922860079393661,0.3341882660369601,0.6265831331691033
lmaoo,neither,0.03945320844208391,0.33037608806864915,0.630170703489267
You kill me Sam,hate_speech,0.5504750717261591,0.21662388495587398,0.23290104331796702
Stickers... What a great app concept.,neither,0.042188979379559836,0.3066907845376291,0.651120236082811
cream hutch?,neither,0.03945320844208391,0.33037608806864915,0.630170703489267
i love when sam breaks taliesin,neither,0.028534291870894592,0.38635226030009995,0.5851134478290054
he sounds like the narrator on legend of korra,neither,0.05085891563323334,0.3393233741814754,0.6098177101852913
I never handle this well lol,neither,0.028352377372467274,0.4260156954765875,0.5456319271509451
LMAO HE HASN'T CHANGED CLOTHES gandsSCANLAN,neither,0.041066719971700916,0.2481217122944152,0.7108115677338839
RareParrot RareParrot RareParrot,neither,0.03945320844208391,0.33037608806864915,0.630170703489267
Is Sam still on vacation?!?,neither,0.04287809889448971,0.35246009734247524,0.604661803763035
bidet from Buffalo NY,neither,0.04043211762049359,0.3137614445616591,0.6458064378178473
LOL,neither,0.020706217963973744,0.4882283491876925,0.4910654328483337
nice shirt. it'd be cooler with a waterproof pocket incase you get pushed into the pool,neither,0.03924332082241712,0.3667152016652384,0.5940414775123445
iTS VACATION sAM!,neither,0.0339852882448704,0.3322567565592461,0.6337579551958835
Now going silent until the break. Much love to you my fellow Critters.,neither,0.03843303621284604,0.42447886823724684,0.537088095549907
gandsLessthanthree gandsLessthanthree gandsLessthanthree gandsLessthanthree,neither,0.03945320844208391,0.33037608806864915,0.630170703489267
Why is there no Ashley?,neither,0.03426109867695416,0.31569547656059044,0.6500434247624554
WE DONT SAY MARCH 23rd,neither,0.03930102022529112,0.3329591192872191,0.6277398604874899
lol,neither,0.020706217963973744,0.4882283491876925,0.4910654328483337
Why do I always believe Sam?!?!?,neither,0.029091834563688145,0.39445676680726494,0.576451398629047
nope,neither,0.03945320844208391,0.33037608806864915,0.630170703489267
gandsSCANLAN gandsSCANLAN gandsSCANLAN gandsSCANLAN gandsSCANLAN,neither,0.03945320844208391,0.33037608806864915,0.630170703489267
creamhutch LMAO,neither,0.03705015143476208,0.3711622369619404,0.5917876116032975
He's wearing the sweet shirt again,neither,0.041582197352796016,0.34120465258501004,0.6172131500621938
Sams mic isn't on or is rather low,neither,0.043217573475762106,0.33868966832994185,0.6180927581942961
gandsSCANLAN gandsSCANLAN gandsSCANLAN,neither,0.03945320844208391,0.33037608806864915,0.630170703489267
I was worried I was late but I didn't miss Sam!,neither,0.0244120577964062,0.36976706171426055,0.6058208804893332
god that SHIRT,neither,0.03481560965396861,0.3809863719037872,0.5841980184422442
Sam must be really liking his vacation shirt,neither,0.05638774552750692,0.3243986895623891,0.619213564910104
LUL,neither,0.03945320844208391,0.33037608806864915,0.630170703489267
gandsSCANLAN gandsSCANLAN gandsSCANLAN gandsSCANLAN,neither,0.03945320844208391,0.33037608806864915,0.630170703489267
"The funny thing is, this is actually a kind of american accent",neither,0.05144093490873569,0.290331275765008,0.6582277893262563
LOL,neither,0.020706217963973744,0.4882283491876925,0.4910654328483337
OMG that Samnesssss,neither,0.0332560015254347,0.3984332467342911,0.568310751740274
Clearly Sam is playtesting some accents for next campaign,neither,0.034498089120235484,0.3262303335646321,0.6392715773151324
gandsSCANLAN gandsSCANLAN gandsSCANLAN gandsSCANLAN gandsSCANLAN gandsSCANLAN gandsSCANLAN gandsSCANLAN gandsSCANLAN gandsSCANLAN gandsSCANLAN gandsSCANLAN gandsSCANLAN gandsSCANLAN gandsSCANLAN gandsSCANLAN gandsSCANLAN gandsSCANLAN gandsSCANLAN gandsSCANLAN gandsSCANLAN gandsSCANLAN gandsSCANLAN,neither,0.03945320844208391,0.33037608806864915,0.630170703489267
lmao,neither,0.03705015143476208,0.3711622369619404,0.5917876116032975
god I love sam,neither,0.03628761500046148,0.3451549208082231,0.6185574641913154
gandsSCANLAN,neither,0.03945320844208391,0.33037608806864915,0.630170703489267
Sam needs to work on that english accent,neither,0.03912055178113685,0.3648126318101302,0.5960668164087329
gandsSCANLAN,neither,0.03945320844208391,0.33037608806864915,0.630170703489267
gandsCrit gandsCrit gandsCrit gandsCrit gandsCrit gandsCrit,neither,0.03945320844208391,0.33037608806864915,0.630170703489267
Sam=Genius!!!!,neither,0.03945320844208391,0.33037608806864915,0.630170703489267
Sweet Christ,neither,0.03945320844208391,0.33037608806864915,0.630170703489267
Sam promos are the best promos,neither,0.0670293241349776,0.2554151169265692,0.6775555589384532
roflmao,neither,0.03945320844208391,0.33037608806864915,0.630170703489267
"Oh God my sides, hahaha",neither,0.033661272999314686,0.36136784149209045,0.6049708855085949
lol sam,neither,0.029540262777559372,0.4042772064154116,0.5661825308070291
Oh sam,neither,0.0461327075271576,0.2673899063118408,0.6864773861610016
what is that link again?,neither,0.0470044756543738,0.3923515274083027,0.5606439969373235
"o,o'' oh my word.",neither,0.030623903740390156,0.38031295566480583,0.5890631405948039
OMG SAM AWESOME!,neither,0.03945320844208391,0.33037608806864915,0.630170703489267
lol,neither,0.020706217963973744,0.4882283491876925,0.4910654328483337
ahhhhhhh yay,neither,0.03945320844208391,0.33037608806864915,0.630170703489267
Haha,neither,0.03186685585600258,0.45913629025701075,0.5089968538869867
"the gunshots for a sec, i swear there were",neither,0.03436680421030877,0.24615470146272458,0.7194784943269666
oh jeez,neither,0.051363287716059566,0.22255663153133606,0.7260800807526044
LOL,neither,0.020706217963973744,0.4882283491876925,0.4910654328483337
Lesser known British history there.,neither,0.03939471615942905,0.30112583065833337,0.6594794531822376
what...,neither,0.057770773616808734,0.3180719994247239,0.6241572269584672
Obby!,neither,0.03945320844208391,0.33037608806864915,0.630170703489267
WTF Sam?,offensive_language,0.04283577888130723,0.6241470523812551,0.3330171687374376
IM FINALLY A SUB,neither,0.038575964427406385,0.36366873393163535,0.5977553016409582
I love this,neither,0.033354624610487035,0.36213039408674813,0.6045149813027648
OBBY!!!!,neither,0.03945320844208391,0.33037608806864915,0.630170703489267
xDD We've been lied to. Tis helped us win WWII.,neither,0.04421018680714861,0.3177199587493502,0.6380698544435011
haha,neither,0.03186685585600258,0.45913629025701075,0.5089968538869867
hahaha,neither,0.03945320844208391,0.33037608806864915,0.630170703489267
oh my god,neither,0.030266422441093326,0.38268872444249025,0.5870448531164164
LOL,neither,0.020706217963973744,0.4882283491876925,0.4910654328483337
OBI THE RAT,neither,0.03833268284400528,0.3097437752947421,0.6519235418612527
OMG SAM IS SO AWESOME,neither,0.04655829588189549,0.36723992558327245,0.5862017785348321
hes a fucking genius,offensive_language,0.10598557408067977,0.8920882453589922,0.0019261805603280125
"Make sure you insult as many Brits as you can, Sam",offensive_language,0.05133641188774612,0.4982323002142249,0.4504312878980289
gandsSCANLAN gandsSCANLAN gandsSCANLAN gandsSCANLAN gandsSCANLAN gandsLessthanthree gandsLessthanthree,neither,0.03945320844208391,0.33037608806864915,0.630170703489267
Sam is life,neither,0.04466939424625034,0.3954473539425762,0.5598832518111736
XD XD,neither,0.03945320844208391,0.33037608806864915,0.630170703489267
hhahahaha,neither,0.03945320844208391,0.33037608806864915,0.630170703489267
gandsSCANLAN gandsSCANLAN gandsSCANLAN gandsSCANLAN gandsSCANLAN,neither,0.03945320844208391,0.33037608806864915,0.630170703489267
lol,neither,0.020706217963973744,0.4882283491876925,0.4910654328483337
omg Sam lmfao,neither,0.046873305892025985,0.3278239763025747,0.6253027178053994
gandsSCANLAN gandsSCANLAN gandsSCANLAN gandsSCANLAN,neither,0.03945320844208391,0.33037608806864915,0.630170703489267
gandsSCANLAN gandsSCANLAN gandsSCANLAN,neither,0.03945320844208391,0.33037608806864915,0.630170703489267
ITS OBBY THE RATTTTT,neither,0.026706422716135464,0.30199434054308116,0.6712992367407834
oh em gee,neither,0.04444541460453606,0.28272480590713744,0.6728297794883265
"This, is, awesome.",neither,0.050512911114032236,0.32860941969445295,0.6208776691915148
wow Sam,neither,0.03945320844208391,0.33037608806864915,0.630170703489267
so good,neither,0.03814044697628118,0.4245687317089837,0.5372908213147352
omg,neither,0.03945320844208391,0.33037608806864915,0.630170703489267
Sam is killing me hahahaha,neither,0.03927268644937831,0.3610641320397142,0.5996631815109075
Marry me Sam,neither,0.032130244591625896,0.3700769123814303,0.5977928430269438
great god sam,neither,0.03753158362092647,0.30477173168658717,0.6576966846924864
amazing,neither,0.03945320844208391,0.33037608806864915,0.630170703489267
Sam reds,neither,0.03945320844208391,0.33037608806864915,0.630170703489267
sam riegal is a god,neither,0.04931045219390922,0.32698572993254493,0.6237038178735458
No Ashley :(,neither,0.038465455673613855,0.34714083037889465,0.6143937139474915
gandsSCANLAN gandsSCANLAN gandsSCANLAN gandsSCANLAN gandsSCANLAN gandsSCANLAN gandsSCANLAN,neither,0.03945320844208391,0.33037608806864915,0.630170703489267
I love this!!,neither,0.033354624610487035,0.36213039408674813,0.6045149813027648
imdead xD,neither,0.03945320844208391,0.33037608806864915,0.630170703489267
gandsSCANLAN gandsSCANLAN gandsSCANLAN gandsSCANLAN,neither,0.03945320844208391,0.33037608806864915,0.630170703489267
10/10 will be downloading quidd now,neither,0.04077953035287261,0.3160582330853948,0.6431622365617325
tpAIYIYI tpAIYIYI tpAIYIYI tpAIYIYI tpAIYIYI tpAIYIYI,neither,0.03945320844208391,0.33037608806864915,0.630170703489267
LUL,neither,0.03945320844208391,0.33037608806864915,0.630170703489267
lol,neither,0.020706217963973744,0.4882283491876925,0.4910654328483337
XD sam,neither,0.03945320844208391,0.33037608806864915,0.630170703489267
gandsSCANLAN gandsSCANLAN gandsSCANLAN gandsSCANLAN gandsSCANLAN,neither,0.03945320844208391,0.33037608806864915,0.630170703489267
this is all time one of the best,neither,0.04530472379836557,0.42799525265334143,0.526700023548293
Obbey?,neither,0.03945320844208391,0.33037608806864915,0.630170703489267
is it out of sync for everyone else,neither,0.03015921209298166,0.4113739833018664,0.558466804605152
gandsSCANLAN gandsSCANLAN gandsSCANLAN gandsSCANLAN gandsSCANLAN gandsSCANLAN gandsSCANLAN gandsSCANLAN gandsSCANLAN gandsSCANLAN gandsSCANLAN gandsSCANLAN gandsSCANLAN gandsSCANLAN gandsSCANLAN,neither,0.03945320844208391,0.33037608806864915,0.630170703489267
SAM IS AMAZEBALLS,neither,0.05168731681365222,0.326168217197256,0.6221444659890917
oh no gandsSCANLAN gandsSCANLAN gandsSCANLAN,neither,0.04751210705993949,0.26629718932274826,0.6861907036173122
lmfao,neither,0.05470637918084239,0.32512982320825545,0.6201637976109021
gandsSCANLAN gandsSCANLAN gandsSCANLAN gandsSCANLAN gandsSCANLAN gandsSCANLAN,neither,0.03945320844208391,0.33037608806864915,0.630170703489267
ninjaaHa ninjaaHa,neither,0.03945320844208391,0.33037608806864915,0.630170703489267
hahahahhahaha,neither,0.03945320844208391,0.33037608806864915,0.630170703489267
I LOVE YOU SAM!,neither,0.05753627528866802,0.4144735716221656,0.5279901530891664
gandsSCANLAN gandsSCANLAN gandsSCANLAN gandsSCANLAN gandsSCANLAN gandsSCANLAN,neither,0.03945320844208391,0.33037608806864915,0.630170703489267
Sam is my spirit animal,neither,0.035568457869190065,0.39804369261010797,0.566387849520702
Sam wrote this just to try out all of his accents,neither,0.05448944741190672,0.4012481785410946,0.5442623740469986
SURFER SAM,neither,0.03945320844208391,0.33037608806864915,0.630170703489267
God Bless Sam,neither,0.03945320844208391,0.33037608806864915,0.630170703489267
God dammit Sam...,neither,0.03945320844208391,0.33037608806864915,0.630170703489267
SOUND?????,neither,0.03945320844208391,0.33037608806864915,0.630170703489267
gandsSCANLAN gandsSCANLAN gandsSCANLAN gandsSCANLAN gandsSCANLAN gandsSCANLAN gandsSCANLAN gandsSCANLAN,neither,0.03945320844208391,0.33037608806864915,0.630170703489267
omg,neither,0.03945320844208391,0.33037608806864915,0.630170703489267
lol,neither,0.020706217963973744,0.4882283491876925,0.4910654328483337
gandsSCANLAN gandsSCANLAN gandsSCANLAN gandsSCANLAN,neither,0.03945320844208391,0.33037608806864915,0.630170703489267
omg I forgot about Obbey,neither,0.03765926203108419,0.3608240404903708,0.601516697478545
CRYING,neither,0.03945320844208391,0.33037608806864915,0.630170703489267
gandsSCANLAN gandsSCANLAN gandsSCANLAN gandsSCANLAN gandsSCANLAN gandsSCANLAN gandsSCANLAN gandsSCANLAN gandsSCANLAN,neither,0.03945320844208391,0.33037608806864915,0.630170703489267
lmfao,neither,0.05470637918084239,0.32512982320825545,0.6201637976109021
This is classic Sam,neither,0.047543825454076934,0.3291315708215105,0.6233246037244126
OH MY GOD SAM. OH. MY. GOD.,neither,0.03101009168775509,0.37778292909569866,0.5912069792165462
gandsSCANLAN gandsSCANLAN gandsSCANLAN gandsSCANLAN,neither,0.03945320844208391,0.33037608806864915,0.630170703489267
gandsSCANLAN,neither,0.03945320844208391,0.33037608806864915,0.630170703489267
nice fake american accent,neither,0.042458677168857484,0.27936544012695397,0.6781758827041886
sam in the AMA about his ads: https://www.reddit.com/r/criticalrole/comments/6mkaze/spoilers_e104_i_am_sam_riegel_ama/dk2vdtx/,neither,0.051504603702686516,0.33755973275412215,0.6109356635431914
I,neither,0.03945320844208391,0.33037608806864915,0.630170703489267
jcvimLove jcvimLove jcvimLove jcvimLove,neither,0.03945320844208391,0.33037608806864915,0.630170703489267
Blindspot,neither,0.03945320844208391,0.33037608806864915,0.630170703489267
gandsSCANLAN gandsSCANLAN,neither,0.03945320844208391,0.33037608806864915,0.630170703489267
Sam is legit,neither,0.047688004607717674,0.3275437640557478,0.6247682313365345
*slow claps*,neither,0.03945320844208391,0.33037608806864915,0.630170703489267
Sam is gonna kill Tali one of these days,hate_speech,0.39538935494810995,0.31428955168900946,0.2903210933628807
gandsSCANLAN gandsSCANLAN gandsSCANLAN gandsSCANLAN gandsSCANLAN gandsSCANLAN gandsCrit gandsCrit gandsCrit gandsCrit gandsCrit,neither,0.03945320844208391,0.33037608806864915,0.630170703489267
gandsSCANLAN gandsSCANLAN gandsSCANLAN,neither,0.03945320844208391,0.33037608806864915,0.630170703489267
I love Sam,neither,0.035714521531851555,0.34792756620297893,0.6163579122651696
how is his American accent the worst one? it's brilliant,neither,0.0638036257279377,0.2885459124776177,0.6476504617944445
gandsSCANLAN gandsSCANLAN gandsSCANLAN gandsSCANLAN gandsSCANLAN,neither,0.03945320844208391,0.33037608806864915,0.630170703489267
Oh my god I love sam,neither,0.030545544342228483,0.3785862514382797,0.5908682042194919
gandsSCANLAN gandsSCANLAN gandsSCANLAN gandsSCANLAN gandsSCANLAN gandsSCANLAN gandsSCANLAN gandsSCANLAN gandsSCANLAN gandsSCANLAN gandsSCANLAN gandsSCANLAN gandsSCANLAN gandsSCANLAN gandsSCANLAN,neither,0.03945320844208391,0.33037608806864915,0.630170703489267
"bidet from Calgary, Alberta, CANADA",neither,0.040354386843928725,0.3150807387011266,0.6445648744549448
REINHART!,neither,0.03945320844208391,0.33037608806864915,0.630170703489267
is this some kind of bad american accent?,neither,0.03852807417395599,0.2947690748698208,0.6667028509562233
