text,top_class,hate_speech,offensive_language,neither
thanks @WOMStv,neither,0.035884468650613,0.3004919205142699,0.6636236108351171
"This episode was great, kudos for the writers",neither,0.03339498221578902,0.2852323824118542,0.6813726353723568
"Prepare for sound issues, huzzah!",neither,0.03463515220749928,0.3063036753212709,0.6590611724712299
writers Kappa,neither,0.03945320844208391,0.33037608806864915,0.630170703489267
it's started if yoyu can not see please refresh,neither,0.02530833532271205,0.370827278342917,0.6038643863343709
yay! Quidd!,neither,0.03945320844208391,0.33037608806864915,0.630170703489267
*up the volume and let the popping begin*,neither,0.026490077730342194,0.3360681069236967,0.6374418153459611
Quidd App link bit.ly/CRQuidd,neither,0.03945320844208391,0.33037608806864915,0.630170703489267
"@Celunx itd be better to eat the popcorn, wearing it seems a little gaga :P",neither,0.042091396137925965,0.3234831559876308,0.6344254478744433
"to those who havent seen this critical role episode, its a great one! be prepared to be amazed ;)",neither,0.0523614456021813,0.32935166493422935,0.6182868894635893
Not British! We're in Brooklyn!,neither,0.053169989472566716,0.31250527181232474,0.6343247387151086
I think this is Sam's best,neither,0.0473885079104052,0.3124715952853617,0.6401398968042331
oh my god sam,neither,0.03246323788688348,0.36858732269662386,0.5989494394164926
how is it that they always have some sort of tech issue,neither,0.0342238021164178,0.40173054502119726,0.5640456528623851
i fell asleep after the quid add XD i wasn't strong enough,neither,0.037075018463513305,0.3536630684386053,0.6092619130978815
Sam Riegel 20/10,neither,0.03945320844208391,0.33037608806864915,0.630170703489267
:O spoilers.. now i wont be amazed Dx hahaha,neither,0.039809968318874844,0.3333635493456468,0.6268264823354783
it would not be CR without the tech issues,neither,0.03706092216162708,0.3223793347635353,0.6405597430748377
:D,neither,0.03945320844208391,0.33037608806864915,0.630170703489267
Ample stickers would have probably stopped the Nazis sooner #Truth,neither,0.03775264068711991,0.33432535692285886,0.6279220023900214
!spoilers,neither,0.03945320844208391,0.33037608806864915,0.630170703489267
Spoilers suck. Please don't post them in chat for those who haven't experienced this yet. Spoilers will be mercilessly smited.,neither,0.07732520287282776,0.2928998020957186,0.6297749950314536
is the volume going to go up suddenly or can i safely put this on 100 volume,neither,0.04278049792372236,0.36183581340178883,0.5953836886744889
LUL,neither,0.03945320844208391,0.33037608806864915,0.630170703489267
so i can hear,neither,0.0398238998260662,0.3890092645522904,0.5711668356216434
obby the rat endorses quidd. da,neither,0.0652434711160831,0.4097133628865408,0.5250431659973761
"It will go up, but not explosively",neither,0.03252173728366338,0.3912928905231015,0.5761853721932352
!uptime,neither,0.03945320844208391,0.33037608806864915,0.630170703489267
"Draconis_Maximus volume is pretty much sconsistent troughout, but be careful on the breaks, the commercials are like 500% higher volume",neither,0.051199706667987496,0.3155486216016549,0.6332516717303576
Sam doing an impression of a generic british impression doing an american impression,neither,0.04088355402327977,0.3060993906512487,0.6530170553254714
Quidd App link bit.ly/CRQuidd,neither,0.03945320844208391,0.33037608806864915,0.630170703489267
jesus holy heck,neither,0.03945320844208391,0.33037608806864915,0.630170703489267
2 mins in grab a seaty,neither,0.03945320844208391,0.33037608806864915,0.630170703489267
pip pip,neither,0.03945320844208391,0.33037608806864915,0.630170703489267
<3 Laura <3,neither,0.03945320844208391,0.33037608806864915,0.630170703489267
Critical Role Merch https://shop.geekandsundry.com/collections/critical-role,neither,0.03945320844208391,0.33037608806864915,0.630170703489267
"obby the rat, scanlan shorthalt, taryon darrington, sam regal, his multiple personalities like surfer dude saying to buy lootcrate",neither,0.056088838664538065,0.3303318389302101,0.6135793224052518
Tal’Dorei campaign book pre-orders available Monday 17/07/17CAMPAIGN PRE ORDER PAGE http://greenronin.com/critical-role/,neither,0.038159063315234894,0.2903136327170411,0.671527303967724
I'm totally buying that Monday,neither,0.03619387170493556,0.36572597970182785,0.5980801485932367
Super excited,neither,0.03945320844208391,0.33037608806864915,0.630170703489267
to refresh?,neither,0.04754392689132449,0.32567743738237265,0.6267786357263028
"FYI - No CR or GnS programming next Thursday and Friday due to SDCC , Geek & Sundry will be at SDCC doing all the things",neither,0.042021483726292344,0.34608693627973586,0.6118915799939718
"If you guys download Quidd, be sure to friend me! @quidd-falen",offensive_language,0.030399952551022107,0.5316338317625867,0.4379662156863912
quidd-Falen,neither,0.03945320844208391,0.33037608806864915,0.630170703489267
"Hey Critters! Are you going to SDCC? If so, come join us at the Official Critical Role Meet Up! Hosted by Commander Cait. More information here: twitter.com/commandercait/status/885685793385103360",neither,0.08248777617508563,0.45260187880049424,0.46491034502442014
refreshed :),neither,0.03945320844208391,0.33037608806864915,0.630170703489267
I love the Wednesday Club topic. How to have fun at SDCC: don't go!,neither,0.040938084394812065,0.34872671741651956,0.6103351981886683
Critical Role Podcasts ! The first 20 episodes up now also available on Google or Itunes http://criticalrolepodcast.geekandsundry.com/,neither,0.03266047266689413,0.301978395606735,0.6653611317263708
Critical Role Podcasts on ITunes link https://itunes.apple.com/us/podcast/critical-role/id1243705452?mt=2,neither,0.048981895334174595,0.33319009010555783,0.6178280145602676
"Aaah, has CR been on for long?",neither,0.03235970074675871,0.31425015888157015,0.6533901403716711
WOOHOO I DIDNT MISS IT THIS TIME,neither,0.03236841494126942,0.3488738137136277,0.618757771345103
How far in are we?,neither,0.07067569308541627,0.28055576223056783,0.648768544684016
or are they still doing the introductions and news stuff?,neither,0.05669777300817593,0.2644740288364029,0.6788281981554212
Critical Role Podcasts on GooglePlayhttps://play.google.com/music/listen?t=Critical_Role&view=/ps/Iaetoalxxbx7vyig7yigcyuqkdm,neither,0.03803816007389899,0.33708206453393574,0.6248797753921652
no we're at the literal start,neither,0.05715929013872676,0.3249946633626612,0.6178460464986121
We have a subscriber-only Discord server! Join here: https://discord.gg/geekandsundry (you'll need to sub and link it to your Twitch) and be a part of the fun!...Warning: It can take up to an hour for the server to update and give you access to the channels,neither,0.08464076273808444,0.286394834032893,0.6289644032290227
few minutes,neither,0.03945320844208391,0.33037608806864915,0.630170703489267
Monktrist nhavent really started yet,neither,0.03945320844208391,0.33037608806864915,0.630170703489267
how does sam drink from that big tankard? whats the inside look like,neither,0.02383866696748452,0.32508854570431045,0.6510727873282051
Yeah nice i caught the start,neither,0.024381566204380756,0.4157434892260888,0.5598749445695305
Talks Machina is LIVE every Tuesday 7pm - 8pm PDT on twitch.tv/geekandsundryhttp://www.wheniscriticalrole.com/talksmachina where they talk about the weeks previous episode,neither,0.0348878340107482,0.3284287052940962,0.6366834606951556
"thanks, missed the first half last night",neither,0.02731222392127951,0.30699739964430445,0.6656903764344161
!timer,neither,0.03945320844208391,0.33037608806864915,0.630170703489267
will we be able to watch the panel from comicon ?,neither,0.050040762042088724,0.28934668333288,0.6606125546250314
The Wednesday Club : Wednesdays 7pm - 9pm PDT Where they talk about everything comic book related. Hosted by Amy twitter.com/enthusiamy Matt twitter.com/themattkey and Taliesin twitter.com/executivegoth #WednesdayClub,neither,0.03303287235775625,0.4301036238140017,0.5368635038282419
San Diego Comic Con Critter meet up at Conival linkhttps://www.facebook.com/events/490821451260385/,neither,0.029963853606276826,0.38920845390066156,0.5808276924930617
Oh wait did they do a comicon episode?,neither,0.04530619876979999,0.2867956910061886,0.6678981102240114
"Help G&S make great content! $4.99/month gets you emotes, Minecraft server access, Sub Only Q&As, VODs, and more! Every sub keeps the channel alive! twitch.tv/geekandsundry/subscribe",neither,0.043092924924402844,0.32365565443818894,0.6332514206374082
CR LIVE SHOW AT GENCON https://www.eventbrite.com/e/critical-role-live-tickets-35991259827,neither,0.050582180898475965,0.3046104938203243,0.6448073252811998
Critters going to SDCC there is a meet up being planned: https://twitter.com/commandercait/status/885685793385103360,neither,0.04156867253802133,0.4263422396445837,0.5320890878173952
"Talks Machina at San Diego Comic Con Saturday, July 22, 201710:30a.m. – 11:30a.m. Talks Machina with the Cast of Critical Role – Join Brian W. Foster (Host of Talks Machina) as he moderates a special episode of Talks Machina Room 6BCF",neither,0.04345858316488556,0.3448829710285811,0.6116584458065333
"Time's up, let's do this!",neither,0.02025212703371801,0.45700603065064266,0.5227418423156392
"Talks Machina Panel Saturday at San Diego Comic Con, July 22, 201710:30a.m. – 11:30a.m. with the Cast of Critical Role hosted by Brian W Foster",neither,0.035118401183807386,0.3620920072352256,0.6027895915809669
"It's true! Live #TalksMachina panel at GenCon on Friday, August 18th from 4-5pm! https://www.gencon.com/events/112900",neither,0.03957765479668186,0.338167533379654,0.6222548118236642
"so, 9:00 every thursday night, 10:30 every friday morning and monday night 9:00 at youtube",neither,0.03576242316473626,0.28620661194923297,0.6780309648860308
Ticket Link for Critical Role LIVE 2017! https://www.eventbrite.com/e/critical-role-live-tickets-35991259827,neither,0.04027069474477758,0.3183633484801309,0.6413659567750915
!ip,neither,0.03945320844208391,0.33037608806864915,0.630170703489267
"Sub Minecraft Server IP: 162.244.167.141:42944 To be whitelisted, go to http://whitelist.twitchapps.com/geekandsundry , can take up to ten minutes. For more information: bit.ly/sundrycraft",neither,0.043886162152106035,0.281406546421295,0.674707291426599
Critical Role is LIVE every Thursday 7pm - 10pm ish PDT http://www.wheniscriticalrole.com/,neither,0.04356895539477528,0.27382237913603247,0.6826086654691924
Good morning!,neither,0.04970930963283925,0.13564577574880146,0.8146449146183593
stream a bit laggy by someone else ?,neither,0.040394528592728116,0.3665172509782387,0.5930882204290333
i'm fine,neither,0.03945320844208391,0.33037608806864915,0.630170703489267
"FYI - No CR or GnS programming next Thursday and Friday due to SDCC , Geek & Sundry will be at SDCC doing all the things",neither,0.042021483726292344,0.34608693627973586,0.6118915799939718
this is the start?,neither,0.05097475655081335,0.3044581179924789,0.6445671254567077
"going fullscreen, have fun guys and ladies",neither,0.036816068644018124,0.3299311700120012,0.6332527613439807
yup,neither,0.03945320844208391,0.33037608806864915,0.630170703489267
a few mins ago grab a seat,neither,0.03945320844208391,0.33037608806864915,0.630170703489267
Yessssss <3 thanks,neither,0.03723749806499989,0.31182201463381787,0.6509404873011824
Is the whole episode going to be shown?,neither,0.04945140500161722,0.3363111179438408,0.614237477054542
popcorns time :),neither,0.036668274527354654,0.377643684699956,0.5856880407726893
yes full ep,neither,0.0578533297106723,0.32404744261573426,0.6180992276735934
all 4 hrs and 2 mons,neither,0.040243885543491224,0.360534929385746,0.5992211850707627
I lost internet last night so I only saw the first part,neither,0.029733959226713135,0.3497626741864831,0.6205033665868038
!spoilers,neither,0.03945320844208391,0.33037608806864915,0.630170703489267
Spoilers suck. Please don't post them in chat for those who haven't experienced this yet. Spoilers will be mercilessly smited.,neither,0.07732520287282776,0.2928998020957186,0.6297749950314536
Awesome. I only saw the first half before passing out last night,neither,0.02678688353611429,0.36959375474369294,0.6036193617201928
Hai chat has this just started?,neither,0.035556291937523396,0.3451383361698386,0.619305371892638
Yes just started,neither,0.03411284412465646,0.35577956535358785,0.6101075905217558
not everyone has seen this episode please be kind,neither,0.03481256742682728,0.4052944030487111,0.5598930295244617
yeye,neither,0.03945320844208391,0.33037608806864915,0.630170703489267
4 hours and 2 months would be a serious marathon!!! lol,neither,0.033509358954265926,0.3379103666595119,0.6285802743862221
just started grab a seat,neither,0.035433379212519774,0.34925193843608926,0.6153146823513909
\o/ Yay,neither,0.03945320844208391,0.33037608806864915,0.630170703489267
"Matt twitter.com/matthewmercer , Liam twitter.com/VoiceOfOBrien , Laura twitter.com/LauraBaileyVO , Ashley twitter.com/thevulcansalute , Travis twitter.com/WillingBlam , Sam twitter.com/samriegel , Taliesin twitter.com/executivegoth , Marisha twitter.com/Marisha_Ray",neither,0.03866296021969206,0.47062417181049043,0.4907128679698176
that Q is so attention grabbing,neither,0.04282396566326026,0.4058986682838542,0.5512773660528856
"sorry no Ashley, she is back doing Blindspot",neither,0.046487075243575295,0.40776862129805075,0.5457443034583741
i missed about the last hour last night. #EastCoastProblems Kappa,neither,0.03358641066074112,0.336634773986479,0.6297788153527799
"no ashley today, although a lot of space left of sam",neither,0.03819435566786789,0.3256148053248421,0.63619083900729
is this yesterdays part?,neither,0.051445650277930736,0.32843927539453466,0.6201150743275345
start of yesterday,neither,0.03945320844208391,0.33037608806864915,0.630170703489267
yes it is,neither,0.0504428408951861,0.3265962495318096,0.6229609095730043
this is ht3e rebroadcast of ep 105,neither,0.04605650324278343,0.3293811715152304,0.6245623252419863
i hate that i missed this,neither,0.3046295678979671,0.2464428190319379,0.448927613070095
thank you!,neither,0.07325166854587051,0.43632638485078484,0.49042194660334476
awesome! just turned in,neither,0.03492740977314571,0.3517330842647585,0.6133395059620959
"Hey guys, I missed the last 45 mins of the live show, will this be a full broadcast?",neither,0.060646336828643725,0.2630796142873668,0.6762740488839895
had to leave room for Darin Daameer,neither,0.03960419406914171,0.2965963047793577,0.6637995011515005
they changed twitch for Android so can't find this episode so I can pause it,neither,0.0378058678423096,0.30772912980875045,0.65446500234894
