text,top_class,hate_speech,offensive_language,neither
stream has gone live refresh browser,neither,0.042930280936760254,0.3254920591267963,0.6315776599364434
"@Israfil93 Again, the Key of Iun probably comes with perks. And yes he did mentioned the names of his old party. Right before they went to the Library of Iun.",neither,0.043407193287154755,0.35958341418366324,0.597009392529182
we have stream,neither,0.038708156471488654,0.3430215644403498,0.6182702790881616
i can see TINY FEET on the Couch ! whos that ?!,neither,0.03484042079045384,0.35231094876876023,0.612848630440786
"thanks Dragonchrome, i was wondering when that was happening",neither,0.02919457873407314,0.38016706199851336,0.5906383592674136
No CR this thursday = sadness,neither,0.03879409845575567,0.3415629046766325,0.6196429968676118
"""We miss you Ashley!"" hiding there under ""Coming Up:"" gandsSCANLAN",neither,0.04218065077775482,0.3686146428832563,0.5892047063389889
interesting set up,neither,0.03674232057215572,0.3853276429599924,0.5779300364678519
the behind the scenes camera is now on REFRESH if you do not see it,neither,0.03666776152122476,0.3748475648973479,0.5884846735814274
Are they doing anything special during the CR time slot?,neither,0.0748623353168817,0.29375867047912996,0.6313789942039884
who are the guests tonoght?,neither,0.10172581369659722,0.326204531694529,0.5720696546088738
No CR thursday. I think I am gonna die,neither,0.12816804299378257,0.21892928346118182,0.6529026735450357
there will probably be vodcast goodness,neither,0.03995423383897929,0.2920690772131694,0.6679766889478512
Bidget,neither,0.03945320844208391,0.33037608806864915,0.630170703489267
same,neither,0.04148851938089603,0.3488915597363099,0.609619920882794
no new shows this week after Wednesday as 'everyone' will be in San Diego,neither,0.037535191952129836,0.35504122828077567,0.6074235797670946
kind of the reason why im here. i need my weekly fix,neither,0.04421467951201623,0.38648679961488375,0.5692985208731001
"FYI - No CR or GnS programming this Thursday and Friday due to SDCC , Geek & Sundry will be at SDCC, doing all the things.",neither,0.042392269183105,0.341217635670081,0.616390095146814
Same here,neither,0.14187967449237004,0.2733123625359359,0.584807962971694
"Yeah, so are they putting up Comicon stuff or doing reruns or anything fun?",neither,0.03879871142498755,0.4297383527917661,0.5314629357832465
I NEEDS MAH VOX MAN GIMMIE!,neither,0.03957309841704461,0.38996411899182065,0.5704627825911347
@postdataest are there shows wednesday?,neither,0.06231878639543687,0.25309031279585453,0.6845909008087085
@postdataest So lots of rebroadcasting then?,neither,0.03940952277712326,0.3811784263675378,0.5794120508553389
I'll still be watching... trying to help a friend catch up. He's on episode 44.,neither,0.042581177409244546,0.3735702942774959,0.5838485283132596
"@Vance1982 Travis, Taliesin and Darin De Paul.",neither,0.03881725654799461,0.2988542727034579,0.6623284707485475
usual shows on Wednesday,neither,0.037316015658973606,0.3405736887291665,0.6221102956118599
thanks for the refresh message,neither,0.03301860666352677,0.2855099680100082,0.6814714253264649
"nice, thanka",neither,0.03945320844208391,0.33037608806864915,0.630170703489267
@M3LK0R333 have fun! (watching people's reactions when you know what's next & they don't is gloriously fun),neither,0.06678221685535701,0.38853112286916636,0.5446866602754766
Seriously! So fun,neither,0.03940903377258347,0.3834378327948604,0.577153133432556
the ajinspace poster :D :(,neither,0.038372653207642965,0.3105039192898759,0.6511234275024811
"omg no new shows this week, pfft who said you could have lives aderTroll seriously have fun who ever is going",neither,0.05149644303910057,0.3976142449963786,0.5508893119645208
wait is bidet not allowed in the chat anymore?? I just got a notice saying bidet was in conflict with mod settings :O,neither,0.028811559705753945,0.3820985676779065,0.5890898726163395
can we keep dePaul please? cynicalAlfalfa,neither,0.03959910482208992,0.3278998457407364,0.6325010494371736
When does the show start??,neither,0.02693298394490751,0.4244986335392342,0.5485683825158582
Be pleased from Hawaii,neither,0.040723071547400645,0.3185391020804167,0.6407378263721828
hey everyone,neither,0.031959242684595296,0.4575682446653829,0.5104725126500218
ramaWow ramaWee ramaWee ramaWow,neither,0.03945320844208391,0.33037608806864915,0.630170703489267
!clock wheniscriticalrole.com/talksmachina at 7pm Pacific,neither,0.038851653723478305,0.3487039458222676,0.6124444004542541
It is currently 6:42 PM at the Geek & Sundry studio in California.,neither,0.051991185132496114,0.32955794337183575,0.6184508714956681
I'm really glad Darin agreed to come back for the next episode.,neither,0.03754108498210373,0.3242536732986009,0.6382052417192955
"This is one of my friends who got me into d&d back in high school, so fun",offensive_language,0.02966462926713901,0.5660546091941222,0.4042807615387388
dePaul forever!!,neither,0.03945320844208391,0.33037608806864915,0.630170703489267
Bidet!!,neither,0.03945320844208391,0.33037608806864915,0.630170703489267
Beep Beep from Escondido -),neither,0.04228451509352876,0.2823214250720796,0.6753940598343917
"mostly cuz I enjoy watching them going through the excitement with no idea of tragedies to come, but that's not the point! @M3LK0R333",neither,0.035921750203293336,0.38475181859297,0.5793264312037366
"Beep Beep from Beijing, though I'll be heading back to Canada todat",neither,0.04442419803834864,0.3194445611805082,0.6361312407811431
ramaWow ramaWee,neither,0.03945320844208391,0.33037608806864915,0.630170703489267
Cheers,neither,0.03945320844208391,0.33037608806864915,0.630170703489267
bidet,neither,0.03945320844208391,0.33037608806864915,0.630170703489267
"Tonight’s guests Taliesin twitter.com/executivegoth, Travis twitter.com/WillingBlam and Darin De Paul twitter.com/DarinDePaul",neither,0.03721685550651956,0.4263660446506471,0.5364170998428334
bidet from Pennsylvania,neither,0.04069404815304118,0.30931579984010865,0.6499901520068502
Bidet,neither,0.03945320844208391,0.33037608806864915,0.630170703489267
shit darin de paul?! we are blessed,offensive_language,0.07043239762223472,0.9196772428657933,0.009890359511971923
I'm in England and it's 2:43 in the morning here,neither,0.07434814979045644,0.17899152570126517,0.7466603245082784
i have been yawning all day wish i could stop,neither,0.040826002907670876,0.47173805846977473,0.4874359386225543
hey,neither,0.03945320844208391,0.33037608806864915,0.630170703489267
@helmit03 Nice long flight! Like 14 hours? Business Class? -),neither,0.045947283683088605,0.33904195859500424,0.6150107577219072
early appearance of Sword Guy. Do we have his name yet?,neither,0.05523373843877524,0.3278669196958241,0.6168993418654007
here comes the sword dude,neither,0.07693517937416398,0.2854678825897869,0.637596938036049
@dragonchrome really darin ramaOhGawd,neither,0.03945320844208391,0.33037608806864915,0.630170703489267
Yes!! Darin will be here!!,neither,0.11018008482084411,0.25613017820449274,0.6336897369746632
"@JC_Wijma i just rewatched the part before the go to the Lib. he eveen said ""i cant remember their names"" and that he wants VM to remember him",neither,0.0434511269477002,0.3447655735134378,0.611783299538862
yeah sword guy you do your thing,neither,0.05897101388247249,0.4582768412581478,0.4827521448593798
bidoop,neither,0.03945320844208391,0.33037608806864915,0.630170703489267
bidet,neither,0.03945320844208391,0.33037608806864915,0.630170703489267
"literally only here cause I can't sleep, UK represent",neither,0.0664667162822468,0.32293028834455934,0.6106029953731938
Bidet from canby Oregon,neither,0.04071751644889743,0.3089174816120565,0.6503650019390461
blindspot goes to space spoiler,neither,0.04678181523838174,0.3261057092967401,0.6271124754648781
woah look at that ashtronaut,neither,0.036474783269604544,0.39584149540569863,0.5676837213246968
Anyone else got the campaign guide PDF???,neither,0.03786595917404813,0.35106140065599595,0.611072640169956
who released Denise out of the dungeon?,neither,0.03434508409065025,0.3984941102548046,0.5671608056545452
Hello England 😃,neither,0.03945320844208391,0.33037608806864915,0.630170703489267
I see RenFaire skilled Sword Man is at it again...Who Let Him Out Of His Cage?! -),neither,0.04109365772384247,0.4551735560952332,0.5037327861809244
yay sword guy! missed him last week :(,neither,0.03908112353149023,0.33669134006566037,0.6242275364028494
@AngusGibson i did,neither,0.03945320844208391,0.33037608806864915,0.630170703489267
Hello Peoples <3,neither,0.03945320844208391,0.33037608806864915,0.630170703489267
Bidet,neither,0.03945320844208391,0.33037608806864915,0.630170703489267
"@Israfil93 He said he can't remember their names, and then starts remembering their names right after.",neither,0.043554339807485236,0.31680695377733614,0.6396387064151786
@Critternation3000 Yes,neither,0.03945320844208391,0.33037608806864915,0.630170703489267
@Cahnis she escaped,offensive_language,0.04464246123220158,0.6296812740735797,0.32567626469421873
Is it tuesday yet?,neither,0.04622963414751951,0.32804536453146615,0.6257250013210144
Bidet Critters,neither,0.03945320844208391,0.33037608806864915,0.630170703489267
good day @Leigh574,neither,0.039184892391848775,0.3050917618113163,0.6557233457968349
Hola from Texas!,neither,0.040937266849991,0.30518774380265185,0.6538749893473571
Bidet from Oklahoma!,neither,0.04066490145509902,0.30981049537100724,0.6495246031738937
We have a subscriber-only Discord server! Join here: https://discord.gg/geekandsundry (you'll need to sub and link it to your Twitch) and be a part of the fun!...Warning: It can take up to an hour for the server to update and give you access to the channels,neither,0.08464076273808444,0.286394834032893,0.6289644032290227
Grand doobah ber doink of all duh and duh...,neither,0.039820624959717436,0.34468318581246155,0.615496189227821
b,neither,0.03945320844208391,0.33037608806864915,0.630170703489267
@postdataest Hi :),neither,0.03945320844208391,0.33037608806864915,0.630170703489267
I want Trinket as a guest...,neither,0.0376186749769507,0.3615129087227868,0.6008684163002624
All This and That -),neither,0.033355092160796115,0.4578886335819886,0.5087562742572153
well at least twitch is working on my S8,neither,0.03357674619934448,0.4163424907388386,0.5500807630618167
bidet from canada,neither,0.04071751644889743,0.3089174816120565,0.6503650019390461
LoL,neither,0.020706217963973744,0.4882283491876925,0.4910654328483337
Bidet from Houston,neither,0.040875471929787875,0.3062365648703896,0.6528879631998226
"trinket is there, i bit dead though",neither,0.04704252566793629,0.2886286184943684,0.6643288558376952
I love how grog barely made it into the campaign guide xDDD @AngusGibson,neither,0.03653809261641158,0.3287946743308633,0.6346672330527251
"@ellibeth22, i second that!!",neither,0.0338091185299295,0.39222650183379953,0.573964379636271
Hello America.,neither,0.2806930992707186,0.19347245991074807,0.5258344408185333
gandsTrinket gandsTrinket he's always there,neither,0.044581657757274434,0.3442910819804046,0.611127260262321
Bidet from Australia! Hope everyone is having a good day today!,neither,0.06413929982107346,0.2865333188223421,0.6493273813565844
"Help G&S make great content! $4.99/month gets you emotes, Minecraft server access, Sub Only Q&As, VODs, and more! Every sub keeps the channel alive! twitch.tv/geekandsundry/subscribe",neither,0.043092924924402844,0.32365565443818894,0.6332514206374082
Welcome Ancient Gamer....from another Old Fart -),neither,0.06704547021681896,0.2752496621965537,0.6577048675866273
is that bear taxidermy or is it synthetic?,neither,0.05075503460785613,0.36658082027895655,0.5826641451131873
gandsLessthanthree gandsLessthanthree gandsLessthanthree gandsLessthanthree gandsLessthanthree,neither,0.03945320844208391,0.33037608806864915,0.630170703489267
Hello Northern neighbor,neither,0.03945320844208391,0.33037608806864915,0.630170703489267
😜,neither,0.03945320844208391,0.33037608806864915,0.630170703489267
Bidet from Finland.,neither,0.04228451509352876,0.2823214250720796,0.6753940598343917
Bidet from Philly!,neither,0.040769555981420263,0.3080342349327864,0.6511962090857933
Bidet from Rhode Island <3,neither,0.04039476597904064,0.31439539939713196,0.6452098346238274
Brian Wayne Foster twitter.com/BrianWFoster,neither,0.038966140418835477,0.40750834328415053,0.5535255162970141
\&lt\;3,neither,0.03945320844208391,0.33037608806864915,0.630170703489267
<3 Darin De Paul <3 best Guest by FAR in my Opinion until now <3,neither,0.03308485716098233,0.39880896067092997,0.5681061821680877
ladies and gentlefolks,neither,0.03824461173919081,0.27188752967208496,0.6898678585887242
"Bidet from Fairview TN, beep beep!",neither,0.040769555981420263,0.3080342349327864,0.6511962090857933
Yes Brian Foster...Hit That Mark! -),neither,0.03690719000296952,0.35789543707971183,0.6051973729173187
What ya drinking behind that card there Brian? :D,offensive_language,0.030087615058729186,0.4902515037010669,0.4796608812402039
Bidet from Sweden,neither,0.04228451509352876,0.2823214250720796,0.6753940598343917
Bidet from Norway!,neither,0.04228451509352876,0.2823214250720796,0.6753940598343917
Bidet,neither,0.03945320844208391,0.33037608806864915,0.630170703489267
Way to dress up Brian!,neither,0.043096567817777875,0.3758814516202401,0.581021980561982
hello fellow scandis,neither,0.03945320844208391,0.33037608806864915,0.630170703489267
Something smells like cabbage 😳,neither,0.05228327253900593,0.34872599712411634,0.5989907303368777
i realy thing that Darin De Paul put a damn high Bar for new guests ;P,offensive_language,0.03668710526332705,0.6188969112339248,0.3444159835027481
"oh Brian, that shirt is doing all the right things at all the right places",neither,0.04350461936381685,0.4133572309581155,0.5431381496780676
lot of scandis!,neither,0.03945320844208391,0.33037608806864915,0.630170703489267
great brian wears a shirt that screws up exposure,neither,0.033328328762083734,0.37801798596253544,0.5886536852753809
TALKS MACHINA!!!!!!!!!!!!!!!!,neither,0.03945320844208391,0.33037608806864915,0.630170703489267
"@Israfil93 he certainly didn't let us down, that's for sure!",neither,0.029990779542486027,0.46222534560976275,0.5077838748477512
"Darin the paul watches CR, plays D&D and has a history with Matt's family",neither,0.0331492840629194,0.31723139361660424,0.6496193223204764
Using the Cards to hide the hooch -),neither,0.040138277864760194,0.3556293839563456,0.6042323381788942
Yep...,neither,0.03945320844208391,0.33037608806864915,0.630170703489267
du skal ikkje sova bort sumarnatta,neither,0.03945320844208391,0.33037608806864915,0.630170703489267
B - is a low-key badass!!!,neither,0.04664147507378267,0.32790371355171044,0.6254548113745069
So sad to see Brian trying to pull off the James Dean look. ;) So not an old fart.,neither,0.04576944386952338,0.3603005927862541,0.5939299633442225
itte faen om je sæv når det er Critical role!,neither,0.03945320844208391,0.33037608806864915,0.630170703489267
so more of a reason for him to become a permanent member of vox machina?,neither,0.040386046910818825,0.33069312737013673,0.6289208257190444
Are we in the internet?,neither,0.07011339179228812,0.2614007192522692,0.6684858889554427
Briand should be paid in bread crumbs,neither,0.049997094365651494,0.3556252215870738,0.5943776840472748
#thenewratpack,neither,0.03945320844208391,0.33037608806864915,0.630170703489267
Bidet from PA,neither,0.04069404815304118,0.30931579984010865,0.6499901520068502
"@Israfil93 It was shortly after the battle, and before they went to the library. He first says he can't remember his old party, and then mentions 3 or 4 of them by name. I'm sure of it.",neither,0.05177198823409282,0.37474921352056195,0.5734787982453452
"@SpeedDemonStar dude, ""didn´t let us down"" was damn close to a verbal abuse to that top notch oscar worthy peformance ;P <3",offensive_language,0.04403748054443916,0.5771295336596377,0.37883298579592306
about 12 mins till go time,neither,0.03815601038053879,0.37097593052338856,0.5908680590960727
more or les,neither,0.04287759214415707,0.31276181244054624,0.6443605954152967
i thought he already was @Cahnis :P,neither,0.04875831262889269,0.23622578699986255,0.7150159003712447
it is obvious Darin will be bringing the class to the show tonight,neither,0.05740087094010961,0.23236701769266468,0.7102321113672257
Anyone here catch GoT last night?? 😮,neither,0.06583780892463424,0.33786147066132627,0.5963007204140394
"@akiwidm I think the main problem would be scheduling because I mean, look how long it took them to get him on the show in the first place",neither,0.0518133649787163,0.24522789325561414,0.7029587417656694
If you came across Matt Mercer tied up in a dungeon would you make him DM for you once before letting him free?,neither,0.04315998676915574,0.45567331260128807,0.5011667006295561
Old is new again...been waiting for Seersucker and Pinstriped Suits to come back into fashion! -),neither,0.04365749793376978,0.2756324675128121,0.6807100345534182
yea!,neither,0.03908133164861177,0.3366878077749653,0.624230860576423
@Israfil93 pretty much,neither,0.03384839909176227,0.33230383901613453,0.6338477618921031
no GoT spoilers here please!,neither,0.10078221707411246,0.3525918584038278,0.5466259245220598
I wish Darin was my dad,neither,0.027136179553766033,0.42866210532814686,0.5442017151180871
Bidet frin NZ :>,neither,0.03945320844208391,0.33037608806864915,0.630170703489267
@Arborhawk is he wearing a sweater vest???,neither,0.05410103292906745,0.3253380295427579,0.6205609375281745
Winter has come for the....,neither,0.03195176673148905,0.3073217785692845,0.6607264546992264
As a book reader I ll fight you if you spoil,offensive_language,0.044383308450655114,0.47850046734535656,0.4771162242039883
@MalSpaceguy No I'd let him free immediately and DM for him. :D,neither,0.025675287007441906,0.3184962342300313,0.6558284787625267
@NonDripHelmet everyone with a sane Mind wants that Kappa,neither,0.02711410439970428,0.44176620922497295,0.5311196863753228
"@MalSpaceguy nah, release him from the dungeon, take him to my own dungeon, THEN make him DM.",neither,0.04765574750876126,0.3530084174776334,0.5993358350136052
No spoilers from me. But gods was it good!,neither,0.026627222825904604,0.38416420775579385,0.5892085694183016
@Dragonchrome if not we RIOT!,neither,0.02207911025346493,0.39116616250469344,0.5867547272418415
"@MalSpaceguy but if you set him free, he might run for it",neither,0.030873045652591944,0.3854127677232688,0.5837141866241393
Bidet from Colorado Springs KappaPride,neither,0.040334677536117594,0.315415257091876,0.6442500653720065
The show might not have anything to do with the books at this point,neither,0.04269305910898297,0.30725309560146563,0.6500538452895515
Darin is the guy to wear a suit in 90 degree weather,neither,0.047873441393454376,0.3209422543428019,0.6311843042637438
gandsApplaud gandsApplaud gandsApplaud gandsApplaud,neither,0.03945320844208391,0.33037608806864915,0.630170703489267
bidet from canada,neither,0.04071751644889743,0.3089174816120565,0.6503650019390461
"Bidet from Boulder, CO!",neither,0.04181741232017598,0.2902493781769742,0.6679332095028498
Bidet from canada,neither,0.04071751644889743,0.3089174816120565,0.6503650019390461
@Arborhawk XD,neither,0.03945320844208391,0.33037608806864915,0.630170703489267
"@MalSpaceguy cuz let's face it, he'd likely be in league with a dragon hidden nearby if he were locked up somewhere :P",neither,0.023520326450267984,0.3995132260339048,0.5769664475158272
@jammercer when you're that cool u can,neither,0.06256933523780529,0.4558048782896743,0.48162578647252036
how big is the staff for talks machina?,neither,0.027375250661534185,0.3423397964945463,0.6302849528439195
