text,top_class,hate_speech,offensive_language,neither
Here we go!,neither,0.13156755280784707,0.2765461283225309,0.5918863188696221
gandsSubHype gandsSubHype gandsSubHype gandsSubHype gandsSubHype gandsSubHype gandsSubHype gandsSubHype,neither,0.03945320844208391,0.33037608806864915,0.630170703489267
Hello,neither,0.03945320844208391,0.33037608806864915,0.630170703489267
HALLO ERIC,neither,0.03945320844208391,0.33037608806864915,0.630170703489267
EYYYY,neither,0.03945320844208391,0.33037608806864915,0.630170703489267
Hey hey!,neither,0.03945320844208391,0.33037608806864915,0.630170703489267
Going to miss part of work so i can get my fix of Shields of Tomorrow and especially my Amy fix since it is her day after all,offensive_language,0.029106791694741865,0.5096348162601496,0.46125839204510855
"@FlavahText Yeah, in the TNG episode, The Game.",neither,0.02373412193472286,0.3688694103909135,0.6073964676743636
WOOT!!!,neither,0.03945320844208391,0.33037608806864915,0.630170703489267
eriiiic,neither,0.03945320844208391,0.33037608806864915,0.630170703489267
wooooooooooooooooooooooooooooo,neither,0.03945320844208391,0.33037608806864915,0.630170703489267
Yay,neither,0.03945320844208391,0.33037608806864915,0.630170703489267
<Hailing Frequencies Open>,neither,0.03945320844208391,0.33037608806864915,0.630170703489267
I'm trying to subscribe using my free prime and it won't let me PrimeUWot,neither,0.020280044551768114,0.43969503592530285,0.5400249195229291
...,neither,0.03945320844208391,0.33037608806864915,0.630170703489267
Hellooooo!,neither,0.03945320844208391,0.33037608806864915,0.630170703489267
lol :D,neither,0.020706217963973744,0.4882283491876925,0.4910654328483337
wtg,neither,0.03945320844208391,0.33037608806864915,0.630170703489267
OH MY GOD,neither,0.030266422441093326,0.38268872444249025,0.5870448531164164
100% understandable,neither,0.03945320844208391,0.33037608806864915,0.630170703489267
eDAMIT ERIC,neither,0.03945320844208391,0.33037608806864915,0.630170703489267
@Critternation3000 Talked about comic con.,neither,0.03791017129228745,0.35656545550676,0.6055243732009526
wow... thanks for the tip on Theatre Mode...,neither,0.03266824303409074,0.301855506785276,0.6654762501806332
That guy!,neither,0.032320111450793595,0.41345824141993653,0.5542216471292698
How long does it take a Taliesin Jaffe to pick a lock?,neither,0.03429611899358551,0.3754709209034174,0.5902329601029971
I mean come on,neither,0.033456829448177954,0.3866856001393823,0.5798575704124397
bwahahahahaha,neither,0.03945320844208391,0.33037608806864915,0.630170703489267
Talisien doesn't know how to pick a lock????,neither,0.04977091119305845,0.2601847796104868,0.6900443091964548
omg her blue hair,offensive_language,0.03059910689800083,0.5487893649766301,0.42061152812536906
Eric deserves 30 lashings with a limp noodle for that!,neither,0.028167549109873496,0.3572483344360771,0.6145841164540495
Mfing doors!,neither,0.03945320844208391,0.33037608806864915,0.630170703489267
Keys open doors!? TELL VM NOW!,neither,0.03945320844208391,0.33037608806864915,0.630170703489267
"In fairness, doors in the future pretty much open automatically.",neither,0.03636177188368906,0.3206938902921675,0.6429443378241435
Shaaaame,neither,0.03945320844208391,0.33037608806864915,0.630170703489267
I hope that was filmed,neither,0.09770055525664183,0.21716863559162142,0.6851308091517367
I see Doors have become our enemies in this realm as well,neither,0.0379855345083318,0.3552863450481662,0.6067281204435021
AMY'S HAAAAIR,neither,0.03945320844208391,0.33037608806864915,0.630170703489267
HAHAHAHA,neither,0.03945320844208391,0.33037608806864915,0.630170703489267
@cinphoria ikr,neither,0.03945320844208391,0.33037608806864915,0.630170703489267
Lockpicking fail shame ;),neither,0.03945320844208391,0.33037608806864915,0.630170703489267
*cue Mission Impossible music*,neither,0.03945320844208391,0.33037608806864915,0.630170703489267
"@Kol_Drake Well, electronic door locks are a bit more difficult.",neither,0.05624443366247285,0.29569740763291225,0.6480581587046149
CAN TALISIEN PLEASE GUEST STAR??,neither,0.03968961875425763,0.32636358808931115,0.6339467931564312
"Hi, Eric the amazing!",neither,0.03869456778944033,0.31655190387038257,0.6447535283401771
Eric remember to announce the episode name,neither,0.04330636977019128,0.31673516697391035,0.6399584632558982
Wooohooohoooo =/\= Hailing frequencies open =/\=,neither,0.03945320844208391,0.33037608806864915,0.630170703489267
That's gonna cost Eric some cookies ☺,neither,0.030403151866768813,0.4044292113700174,0.5651676367632138
I have totally picked a lock at work before,neither,0.03601724304717363,0.3955313936115407,0.5684513633412857
@derrath22 he's planning on,neither,0.04201914710744106,0.3432085497525634,0.6147723031399956
@Derrath22 he will absolutely be guesting someday,neither,0.045794493084978176,0.31148568742670646,0.6427198194883154
"hey team, love this show and tbd aswell",neither,0.04982721670538781,0.2333847000263381,0.716788083268274
fun fact i can pick locks,neither,0.04428374431583833,0.2483892875969837,0.707326968087178
i'm shocked tal doesnt pick locks. that seems like one of his most interesting nerd things,neither,0.05688001682822497,0.3379550980318877,0.6051648851398873
"Taliesin ""Has ideas"" about guesting",neither,0.038175219081515326,0.3520669028039534,0.6097578781145314
Hey everyone,neither,0.031959242684595296,0.4575682446653829,0.5104725126500218
STAR TREK!! YAY!,neither,0.03945320844208391,0.33037608806864915,0.630170703489267
looking forward to it :),neither,0.04505748290179047,0.32668397205134037,0.6282585450468692
How's everyone doing?,neither,0.03249185739593141,0.4485283830003772,0.5189797596036915
Re Sub HYPE!!!,neither,0.05796738926929811,0.3016950255183242,0.6403375852123776
:D,neither,0.03945320844208391,0.33037608806864915,0.630170703489267
one good thing about still being awake in pain... LIVE SoT 💜,neither,0.036463793785579096,0.3942763692140431,0.5692598370003779
@FlavahText :D,neither,0.03945320844208391,0.33037608806864915,0.630170703489267
@crthemighty electronic lock apparently,neither,0.03945320844208391,0.33037608806864915,0.630170703489267
more Amy please,neither,0.04130973635539704,0.3206923071729933,0.6379979564716097
We accidentally locked a door at work while working the night shift and couldn't reach anyone so I picked it with a bobby pin and a ballpoint pen cap,neither,0.031213236518399433,0.33376304969339,0.6350237137882105
what did I miss watching Stef?,neither,0.03730580816324748,0.32891913579749793,0.6337750560392545
I'm sorry you're in pain @Leigh574,neither,0.08398704369737357,0.3460745054318958,0.5699384508707306
"""Lady Blue LIps"" was my nickname in college... its not what you think",neither,0.039277580969394016,0.4085314568568321,0.552190962173774
I think Liam actually has a lockpick set from a fan. Whether he knows how to use it is another matter.,neither,0.04663070510478237,0.32510426383899255,0.628265031056225
@danoba thanks <3,neither,0.035884468650613,0.3004919205142699,0.6636236108351171
At which time I voiced my concerns that our security is shit because I picked it in under 20 seconds,offensive_language,0.045045301240436646,0.8898460886843641,0.06510861007519918
"oh fie, that's an easy one, use a credit card *have totally opened doors that way*",neither,0.02312888890986119,0.40655568405094494,0.570315427039194
Lady Blue Lips *phrasing* ?,neither,0.03945320844208391,0.33037608806864915,0.630170703489267
Amy's hair looks awesome,neither,0.03945320844208391,0.33037608806864915,0.630170703489267
@Leigh574 At least you can see the bright side of the pain!,neither,0.04395076676649873,0.3754571528141138,0.5805920804193875
@Leigh574 Not the best compromise.,neither,0.03660489087608034,0.31305431687962504,0.6503407922442945
lol #LBL,neither,0.020706217963973744,0.4882283491876925,0.4910654328483337
A strange door lock should've taken me AT LEAST 3 minutes,neither,0.026600055874371253,0.372424110212014,0.6009758339136148
cream soda?,neither,0.03945320844208391,0.33037608806864915,0.630170703489267
Amy is Apocalypse! *hides*,neither,0.0451798584337813,0.3284064305375186,0.6264137110287001
!!!!,neither,0.03945320844208391,0.33037608806864915,0.630170703489267
@chaoticloony I try:),neither,0.03945320844208391,0.33037608806864915,0.630170703489267
OMGosh,neither,0.03945320844208391,0.33037608806864915,0.630170703489267
"Oh sorry about the mic crackle, we're working on that a bit",neither,0.04763957877408975,0.32415024600497533,0.6282101752209348
mic is pop'ing,neither,0.047827796960210986,0.30752407722982367,0.6446481258099652
WutFace,neither,0.03945320844208391,0.33037608806864915,0.630170703489267
Thanks @GeekandSundry <3,neither,0.035884468650613,0.3004919205142699,0.6636236108351171
fmgNICE,neither,0.03945320844208391,0.33037608806864915,0.630170703489267
@zismarith not really but working with what I got ;),neither,0.02832657958640794,0.4205670601569846,0.5511063602566074
WooHooHoo!! Amy the awesome Andorian,neither,0.038603023386085594,0.3148447607397522,0.6465522158741622
ma earsss,offensive_language,0.02959681466293397,0.497664813638812,0.47273837169825395
"@GeekandSundry feels like classic TBD RPG, it's fun",neither,0.04749482819819022,0.34493300337319355,0.6075721684286163
#theyknew gandsGnSLadders,neither,0.03945320844208391,0.33037608806864915,0.630170703489267
What does a Romulan frog use for camouflage?,neither,0.011039080420755762,0.4691659154188532,0.519795004160391
Mike Crackle shall be my new pen name,neither,0.03416582342343206,0.3292964836483995,0.6365376929281684
I just dropped a Frito and I cant find it...,neither,0.037348265383226276,0.24774911266372893,0.7149026219530449
ooo,neither,0.03945320844208391,0.33037608806864915,0.630170703489267
!!!! that's all so cool!,offensive_language,0.036543865026023754,0.5572254589641752,0.4062306760098011
Woot :D,neither,0.03945320844208391,0.33037608806864915,0.630170703489267
A croaking device.,neither,0.03945320844208391,0.33037608806864915,0.630170703489267
Oh Bonnie XD <3,neither,0.051363287716059566,0.22255663153133606,0.7260800807526044
hugs @Leigh574,neither,0.03945320844208391,0.33037608806864915,0.630170703489267
love the small community here right now x) not such a flood in chat :D,neither,0.05834928023100315,0.3189480217541911,0.6227026980148057
@tarobb1 Personal portable cloaking device,neither,0.03945320844208391,0.33037608806864915,0.630170703489267
@tarobb1 just the right amount of cringe,neither,0.0346618207721828,0.34805337845908707,0.6172848007687302
dammit taro :D,neither,0.03945320844208391,0.33037608806864915,0.630170703489267
"HerUniverse, woot!",neither,0.03945320844208391,0.33037608806864915,0.630170703489267
I knew :3,neither,0.03945320844208391,0.33037608806864915,0.630170703489267
"you may be able to find a lone sock you thought you've lost, @FlavahText",neither,0.062223219723236765,0.2622914242040153,0.675485356072748
Hec is good man,neither,0.05291920236632584,0.43145534960134824,0.515625448032326
!whodat,neither,0.03945320844208391,0.33037608806864915,0.630170703489267
"Amy Dallen ( twitter.com/enthusiamy ), Taliesin Jaffe ( twitter.com/executivegoth ), and Erika Ishii ( twitter.com/erikaishii ). Chalk art by Ken Nguyen ( twitter.com/minhwind ).",neither,0.03876674638686222,0.46085595500109733,0.5003772986120404
I'm scared to start searching...,neither,0.04561730895715716,0.3267653540203289,0.6276173370225139
"Look at hectors instagram, hes got some of his work on there, I think",neither,0.045505982028722705,0.379879886893613,0.5746141310776643
Amy's hair is so preeeetty,neither,0.047595101690543554,0.3722356544358727,0.5801692438735838
"Nightbit, dont tell lies",neither,0.03945320844208391,0.33037608806864915,0.630170703489267
uhm....wrong whodat?,neither,0.03945320844208391,0.33037608806864915,0.630170703489267
Hector is awesome as well as Captain Martinez!,neither,0.04177390330469868,0.3719369168194326,0.5862891798758687
cause your bald?,neither,0.07593428163035135,0.3552836963061624,0.5687820220634863
"""Ask for hugs""... guess I have to go to SDCC",neither,0.04503931566811246,0.314641753033853,0.6403189312980345
Whodat just hasn't been updated yet,neither,0.03570134009388156,0.3510211370391268,0.6132775228669917
@Haviseverett wheelchair,neither,0.03945320844208391,0.33037608806864915,0.630170703489267
Sam's smile will show everyone where they are!,neither,0.06951776165403374,0.27879905325860155,0.6516831850873647
wheelchair,neither,0.03945320844208391,0.33037608806864915,0.630170703489267
Sam's excited :o,neither,0.03945320844208391,0.33037608806864915,0.630170703489267
"cheer100 Some bits in anticipation of another great show that I'll have to watch tomorrow on VOD, because right now it's time for me to explore strange new worlds in my dreams.",neither,0.0496113599908593,0.30501792351499235,0.6453707164941482
#StarTrekDnDRPG WoooHoooo,neither,0.03945320844208391,0.33037608806864915,0.630170703489267
Sam is excited to open fire this episode..,neither,0.04998792023135923,0.326694739656022,0.6233173401126187
"GM Eric Campbell ( twitter.com/16BitEric ), with Amy Dallen ( twitter.com/enthusiamy ), Hector Navarro ( twitter.com/Hectorisfunny ), Sam de Leve ( twitter.com/ChaiKovsky ), Bonnie Gordon ( twitter.com/BonnieBellG ), and Aliza Pearl ( twitter.com/AlizaPearl )",neither,0.03628824144144594,0.4603238889791243,0.5033878695794297
"wanted to see hectors drawing, does someone have the link?",neither,0.03251205956857245,0.41147285299932856,0.5560150874320989
tiger balm is actually really great!,neither,0.04458975796875419,0.30644957774007237,0.6489606642911735
because Sam brings sweet relief,neither,0.03945320844208391,0.33037608806864915,0.630170703489267
tnks @postdataest,neither,0.03945320844208391,0.33037608806864915,0.630170703489267
"One day I'll go to america and I will find Sam and get a hug from them, it's on the bucket list",neither,0.1297073907623683,0.18768447248479583,0.6826081367528357
@davecom3 i see what you did there,neither,0.07057372687368293,0.3232712178238467,0.6061550553024704
@Davecom3 grooooooan :),neither,0.03945320844208391,0.33037608806864915,0.630170703489267
#SmugSam,neither,0.03945320844208391,0.33037608806864915,0.630170703489267
"Thanks @postdataest and those who caught it, !whodat is updated.",neither,0.06200382914141396,0.27576362919717157,0.6622325416614144
#RightNotParanoid,neither,0.03945320844208391,0.33037608806864915,0.630170703489267
https://twitter.com/AlizaPearl/status/887334764406915072 Hector Artist Hype,neither,0.038970015996141215,0.40681177486723297,0.5542182091366258
@Adrian_Miruman Just click on Aliza's twitter,offensive_language,0.0314556047553323,0.48612629051509765,0.48241810472957003
CRAP! I'm Late!!,neither,0.03945320844208391,0.33037608806864915,0.630170703489267
it's the first photo on her page,offensive_language,0.023478906467503082,0.5121576902257894,0.46436340330670756
Just in time fmgSUP,neither,0.030301954458447782,0.39891765189907363,0.5707803936424786
Did I miss anything?,neither,0.03184965714655773,0.3329912980246066,0.6351590448288357
not very late at all @Rinvaran your good,neither,0.06700050134851504,0.4178234239188387,0.5151760747326465
"@Rinvaran Just the recap, youre good",neither,0.04218011712732071,0.33196202465438207,0.6258578582182972
definitely gonna be a shoot out today :D,neither,0.04948499943840538,0.31247446561968467,0.6380405349419099
i officially nominate my baby for spaniel of tomorrow,neither,0.025520146307956654,0.37554781686800365,0.5989320368240397
@Rinvaran You're just in time! They're just starting,neither,0.07661202297816566,0.36715664189092984,0.5562313351309044
https://twitter.com/captain_tiny/status/887898617884946435,neither,0.038839322835287696,0.43150949317999215,0.5296511839847202
no just 30 secs into recap,neither,0.03492415042173571,0.3604786769785891,0.6045971725996752
Woo! Thanks Guys!,neither,0.037398546148722275,0.31575324764897744,0.6468482062023003
late start still on recap,neither,0.03639537668378043,0.3539891881535999,0.6096154351626197
Wait...who give body rubs? I missed.,neither,0.039887670754354496,0.3769255148006851,0.5831868144449603
What do you call it when that Strategic Operations Officer on DS9 runs as fast as he can?,neither,0.04123282174815267,0.445217358763993,0.5135498194878543
"Its not paranoia if everyone is out to get you- Commander Rue, at some point probably :)",neither,0.028552155291593256,0.4819008272729579,0.48954701743544893
sam is gonna be using that phaser they got last week,neither,0.03794166388658984,0.46648891704178963,0.4955694190716205
@captaintiny_ cute puppers,neither,0.04322311181158326,0.266390989224455,0.6903858989639619
@captaintiny_ seconded,neither,0.03945320844208391,0.33037608806864915,0.630170703489267
*petpetpetpetpetpetpetpetpet puppers*,neither,0.03945320844208391,0.33037608806864915,0.630170703489267
hehehe is martinez the only earthling?,neither,0.045097719703350914,0.3153999276862517,0.6395023526103975
Tiger Balm does NOT contain any tiger. It's mind and camphor and menthol and clove oils.,neither,0.03049627473652287,0.34346754524064,0.6260361800228371
"well, pupper",neither,0.03945320844208391,0.33037608806864915,0.630170703489267
Worf Speed,neither,0.03945320844208391,0.33037608806864915,0.630170703489267
i love him so much,neither,0.03127668791485196,0.40862550312592794,0.5600978089592201
@Sprinklers_ yes he keeps trying to make human pop culture references for secret comm codes,neither,0.10619890035068377,0.21585791974410592,0.6779431799052104
@Sprinklers_ Technically the bajoran is earth raised,neither,0.0452499606890889,0.31503362164194315,0.639716417668968
it's pretty great,neither,0.035407606207137704,0.2997006117396316,0.6648917820532307
What's up with the weapons?,neither,0.029586015636321798,0.4000782327850737,0.5703357515786045
and there are a lot more going on here as well.,neither,0.10002208317088214,0.25302068289064095,0.646957233938477
Yeah I always forget she's Bajoran,offensive_language,0.023192897127414368,0.5704374657040456,0.40636963716853997
Zac-dorn... soon... Hector-arians.,neither,0.03945320844208391,0.33037608806864915,0.630170703489267
ooooh @cinphoria @derrath,neither,0.03945320844208391,0.33037608806864915,0.630170703489267
no one else gets them except Rue :P,neither,0.04998059682688808,0.36332255076063785,0.586696852412474
What do you think about Star Trek Online y'all ?,neither,0.05733483396164897,0.42573304996542616,0.5169321160729248
WARNING: as a stupid teenage prank do not accept bets that involve keeping your eyes open as long as possible while putting tigerbalm under them and then standing in cold wind,neither,0.07569683336712497,0.3103446797569033,0.6139584868759717
