text,top_class,hate_speech,offensive_language,neither
I think Travis is constantly looking for werewolves IRL,neither,0.04060901455195364,0.30340184309118123,0.655989142356865
Oh shit,offensive_language,0.04652059265363964,0.9534729203614298,6.486984930600159e-06
refresah folks something is happening,neither,0.046415303987747715,0.3279815041594093,0.6256031918528431
"Awww, thanks, Trinket! :D",neither,0.03723749806499989,0.31182201463381787,0.6509404873011824
Bear upon bear upon bear.,neither,0.03945320844208391,0.33037608806864915,0.630170703489267
LOL,neither,0.020706217963973744,0.4882283491876925,0.4910654328483337
Bidet,neither,0.03945320844208391,0.33037608806864915,0.630170703489267
I think he just might @BecauseMonks,neither,0.04072722329464963,0.34344094444989665,0.6158318322554537
I hope Travi uses his werewolf blood hunter,neither,0.08588310253697079,0.25467203160414054,0.6594448658588886
Bearception!,neither,0.03945320844208391,0.33037608806864915,0.630170703489267
It's Bearception,neither,0.034373745257138544,0.33212314837979673,0.6335031063630647
Bidet.,neither,0.03945320844208391,0.33037608806864915,0.630170703489267
Bearception!!!!,neither,0.03945320844208391,0.33037608806864915,0.630170703489267
I kind of think Travis would love to play a Clasp leader.,neither,0.041669550670576656,0.3271887814731063,0.631141667856317
It's actually bear on bear on bear,neither,0.03613419283017606,0.34345630168350494,0.6204095054863189
Bidet from Oklahoma!,neither,0.04066490145509902,0.30981049537100724,0.6495246031738937
Bidet!!!,neither,0.03945320844208391,0.33037608806864915,0.630170703489267
Trinket-ception,neither,0.03945320844208391,0.33037608806864915,0.630170703489267
oh ueah,neither,0.051363287716059566,0.22255663153133606,0.7260800807526044
bidet from paraguay,neither,0.04228451509352876,0.2823214250720796,0.6753940598343917
Bidet from Vancouver Canada!!,neither,0.04071751644889743,0.3089174816120565,0.6503650019390461
Greetings and Salutations,neither,0.03763944115734239,0.1918412352459551,0.7705193235967025
Bidet,neither,0.03945320844208391,0.33037608806864915,0.630170703489267
i just hope he has regular to high int,neither,0.06896717234052857,0.31274392491851505,0.6182889027409563
Bidet for Toronto,neither,0.032764864206104964,0.296993156639892,0.670241979154003
lol,neither,0.020706217963973744,0.4882283491876925,0.4910654328483337
you know some druids are lycanthropic...he could be a druid that way,neither,0.07815292208146853,0.39001200523699664,0.5318350726815347
lol,neither,0.020706217963973744,0.4882283491876925,0.4910654328483337
A wild Percy!!!,neither,0.03945320844208391,0.33037608806864915,0.630170703489267
damn taliesin sctartled me!,offensive_language,0.03173449731312644,0.9541570005247996,0.014108502162074075
Percy!,neither,0.03945320844208391,0.33037608806864915,0.630170703489267
bidet,neither,0.03945320844208391,0.33037608806864915,0.630170703489267
bidet from ABQ,neither,0.04228451509352876,0.2823214250720796,0.6753940598343917
LUL,neither,0.03945320844208391,0.33037608806864915,0.630170703489267
"Bidet, drive-by Taliesin.",offensive_language,0.03217710876387065,0.5313633094423845,0.4364595817937447
A wild Percy appears,neither,0.03945320844208391,0.33037608806864915,0.630170703489267
taliesin!!,neither,0.03945320844208391,0.33037608806864915,0.630170703489267
do you think this will be on vod tomorrow?,neither,0.058177241590032985,0.36501332538661785,0.5768094330233492
probs,neither,0.03945320844208391,0.33037608806864915,0.630170703489267
Probably?,neither,0.037248874780404465,0.3677893831597844,0.5949617420598112
Bidet,neither,0.03945320844208391,0.33037608806864915,0.630170703489267
When's it supposed to start?,neither,0.03362070972877848,0.3789530484228273,0.5874262418483942
Now I just keep looking back at the red dragon on the shelf lol,neither,0.029561234451639724,0.3758592503571737,0.5945795151911865
@Snickrdoodle I feel it probably will be,neither,0.03862321482167203,0.33066165492766747,0.6307151302506604
I think it is supposed to be on Yotube sometime this week,neither,0.047898704359800426,0.33308575590026174,0.6190155397399378
!clock .......the panel from SDCC will be shown in the 7pm (Pacific) Talks Machina time slot .,neither,0.0394135759906128,0.30560346116069426,0.654982962848693
It is currently 6:50 PM at the Geek & Sundry studio in California.,neither,0.052549267492962806,0.329501858400024,0.6179488741070132
about 10 mins folks,neither,0.038014441684774046,0.35479571482222255,0.6071898434930035
"when, I need my fix",neither,0.0202812688498716,0.4645998814686061,0.5151188496815223
cool :) thought I'd check just in case! thank you!,neither,0.05012667886332571,0.3068305405071098,0.6430427806295645
"wait, why is Percy there if there is no Talks Machina today?",neither,0.029231760695354516,0.3154272918667507,0.6553409474378947
bidet🍌,neither,0.03945320844208391,0.33037608806864915,0.630170703489267
lol,neither,0.020706217963973744,0.4882283491876925,0.4910654328483337
Is that denise!!!!,neither,0.05154613418987003,0.42924314326430335,0.5192107225458266
"also, HI TALIESIN! *waves stupidly at the screen*",neither,0.038251100630402234,0.33564293589070404,0.6261059634788938
gandsSubHype gandsSubHype gandsSubHype gandsSubHype gandsSubHype gandsSubHype gandsSubHype gandsSubHype gandsSubHype gandsSubHype gandsSubHype gandsSubHype gandsSubHype gandsSubHype gandsSubHype,neither,0.03945320844208391,0.33037608806864915,0.630170703489267
lol,neither,0.020706217963973744,0.4882283491876925,0.4910654328483337
lol,neither,0.020706217963973744,0.4882283491876925,0.4910654328483337
Oh boy the Selineness begins,neither,0.043344348417701795,0.2692377426846165,0.6874179088976817
not denise,neither,0.03554889144452836,0.3454295093440936,0.619021599211378
magic candle!!!!!!!!!!!!,neither,0.03945320844208391,0.33037608806864915,0.630170703489267
gandsSubHype gandsSubHype,neither,0.03945320844208391,0.33037608806864915,0.630170703489267
bidet from jersey,neither,0.0408364874901429,0.30689823255244486,0.6522652799574122
Candle magic,neither,0.03945320844208391,0.33037608806864915,0.630170703489267
bidet!,neither,0.03945320844208391,0.33037608806864915,0.630170703489267
bidet from PA,neither,0.04069404815304118,0.30931579984010865,0.6499901520068502
sIT,neither,0.03945320844208391,0.33037608806864915,0.630170703489267
shave his head! shave it!,neither,0.05269947768985382,0.3501990975628004,0.5971014247473458
Denise BRR https://www.twitch.tv/denisebrr,neither,0.03945320844208391,0.33037608806864915,0.630170703489267
travis! shave his head!,neither,0.05820783017315086,0.35433795678741836,0.5874542130394307
Travis shave his head!!!!,neither,0.05820783017315086,0.35433795678741836,0.5874542130394307
SHAVE HIS HEAD DO IT!,neither,0.06283417621237035,0.35887462986560414,0.5782911939220254
kk cool!,neither,0.03945320844208391,0.33037608806864915,0.630170703489267
"Awww, poor guy lol",neither,0.032499515794829015,0.3840751584374763,0.5834253257676948
HI DANI,neither,0.03945320844208391,0.33037608806864915,0.630170703489267
DO IT,neither,0.039361844991312706,0.33040751214889547,0.6302306428597919
SHAVE HIS HEAD! LOL,neither,0.05239888127919031,0.4150326095193541,0.5325685092014557
Bidet~,neither,0.03945320844208391,0.33037608806864915,0.630170703489267
"Bidet from Ypsilanti, MI y'all",neither,0.04324940744025782,0.3982080527344978,0.5585425398252444
The shaving...is now...inevitable...,neither,0.047372298950297514,0.3101027023380353,0.6425249987116672
@BrianWFoster you should join us in the CR discord tonight! ;) http://discord.gg/criticalrole,neither,0.08766351985953356,0.2599989948512536,0.6523374852892128
DOOOOIIIIIT,neither,0.03945320844208391,0.33037608806864915,0.630170703489267
@BrianWFoster !! Excitement is real.,neither,0.03964103967898625,0.45748158226643065,0.5028773780545832
"@BrianWFoster So, when can we expect more from your singing career? I actually enjoyed your song, and added it to my playlist.",neither,0.05666866607648858,0.3734286256298151,0.5699027082936963
Hey guys! Where are my okies at?!,neither,0.0478145116690104,0.3590107614341302,0.5931747268968595
Bidet from Kansas!,neither,0.04071751644889743,0.3089174816120565,0.6503650019390461
nice vet,neither,0.03945320844208391,0.33037608806864915,0.630170703489267
lol,neither,0.020706217963973744,0.4882283491876925,0.4910654328483337
vest,neither,0.03945320844208391,0.33037608806864915,0.630170703489267
gandsRage gandsRage gandsRage,neither,0.03945320844208391,0.33037608806864915,0.630170703489267
"Yeah, shave Travis' head!",neither,0.02602863035569773,0.43350342736335223,0.5404679422809501
Hello Everyone. <3,neither,0.03269494828970791,0.4450814005079928,0.5222236512022994
aww shy brian,neither,0.0416428783232562,0.1290271268967611,0.8293299947799827
here!,neither,0.22097653003277068,0.2221615150675793,0.55686195489965
"if he does end up with a shaved head, always remember hats and sunblock so you don't get a burnt scalp",offensive_language,0.024708726129341604,0.5160785757432814,0.45921269812737703
PogChamp PogChamp PogChamp PogChamp,neither,0.03945320844208391,0.33037608806864915,0.630170703489267
lol,neither,0.020706217963973744,0.4882283491876925,0.4910654328483337
lol taliesin,neither,0.020706217963973744,0.4882283491876925,0.4910654328483337
LOL Taliesin,neither,0.020706217963973744,0.4882283491876925,0.4910654328483337
Making fun of Cowboy fans is a public service!,neither,0.04519838846447626,0.3203419779086611,0.6344596336268626
#StayingTurnt,neither,0.03945320844208391,0.33037608806864915,0.630170703489267
yaaaaaas,neither,0.03945320844208391,0.33037608806864915,0.630170703489267
@Shiny_Noivern travis got pranked and that was the joke about him getting him back was to shave his head,neither,0.046417318317576756,0.4048962686358924,0.5486864130465309
Taliesin is the best,neither,0.05135998456280659,0.2889087219359037,0.6597312935012896
lol,neither,0.020706217963973744,0.4882283491876925,0.4910654328483337
<3 Love Taliesan,neither,0.03217296676969875,0.3657703709031763,0.602056662327125
This is the absolute best.,neither,0.04611919483912491,0.3053638848126496,0.6485169203482254
Is everyone ready?,neither,0.041262036450053476,0.4450965041340042,0.5136414594159423
lol love this,neither,0.023600127124158547,0.44760990791338723,0.5287899649624542
Taliesin is the best,neither,0.05135998456280659,0.2889087219359037,0.6597312935012896
Nobody I think will DM better then Matt but i would like to see him play more then just oneshot.,neither,0.04114812951199297,0.4079694789961306,0.5508823914918765
<3 taliesin,neither,0.03945320844208391,0.33037608806864915,0.630170703489267
@TigerRadley Thank you. More will be out this year. :),neither,0.05391716518769872,0.3720427345117017,0.5740401003005995
rofl,neither,0.03945320844208391,0.33037608806864915,0.630170703489267
TAL!!!!!!!!!!!!!!!,neither,0.03945320844208391,0.33037608806864915,0.630170703489267
kek,neither,0.03945320844208391,0.33037608806864915,0.630170703489267
Somebody's having fun.,neither,0.03945320844208391,0.33037608806864915,0.630170703489267
LOL,neither,0.020706217963973744,0.4882283491876925,0.4910654328483337
Sign waver T,neither,0.03945320844208391,0.33037608806864915,0.630170703489267
Without @BrianWFoster Talks Machina has fallen apart!!! ITS MADNESS,neither,0.03596670966771566,0.32753664130208787,0.6364966490301964
yeee,neither,0.03945320844208391,0.33037608806864915,0.630170703489267
"Ah, I love Taliesin",neither,0.03533599066063528,0.34977588993518133,0.6148881194041834
gandsLessthanthree gandsLessthanthree,neither,0.03945320844208391,0.33037608806864915,0.630170703489267
Lol,neither,0.020706217963973744,0.4882283491876925,0.4910654328483337
*giggles,neither,0.03945320844208391,0.33037608806864915,0.630170703489267
do we know how long is QA ?,neither,0.04700981126541651,0.3282331614966346,0.6247570272379488
solid AD talisen,neither,0.03945320844208391,0.33037608806864915,0.630170703489267
When the sign flip doesn't go as planned,neither,0.031700966455914865,0.37745794220146844,0.5908410913426166
Taliesin sucks at sign spinning. :D,neither,0.038826509231929145,0.3494672066868334,0.6117062840812374
Daniiii,neither,0.03945320844208391,0.33037608806864915,0.630170703489267
Lol,neither,0.020706217963973744,0.4882283491876925,0.4910654328483337
lol,neither,0.020706217963973744,0.4882283491876925,0.4910654328483337
I literally just left the office and look what is happening,neither,0.04537958939935098,0.30312633515213505,0.6514940754485139
no sounds?,neither,0.038228578188551604,0.35116125950137517,0.6106101623100733
"also, I don't know why, but all the studio lights are making Talieson's pink hair look firetruck red",neither,0.0442374010802634,0.3398115346657755,0.6159510642539611
"this turns into a silent movie, and I love it! :D",neither,0.037277712951085826,0.28474340700645073,0.6779788800424634
Travis should shaved Brian's head since it was his idea and not the other guys,neither,0.05507479660915156,0.3373385039377546,0.607586699453094
@TheDiMono like that's even a question... lol :D,neither,0.03591398962448857,0.4663246963573937,0.4977613140181178
Taliesin has lost weight a bit,neither,0.039811351459938915,0.3242974663768539,0.6358911821632072
didn't sam say he had an idea for a one-sho?,neither,0.02927337851889217,0.3527147040891511,0.6180119173919566
"This is clearly your fault, Brian.",neither,0.07414549653559574,0.3213176515705049,0.6045368518938994
Hi @BrianWFoster sup?!,neither,0.03945320844208391,0.33037608806864915,0.630170703489267
HEYYYY,neither,0.03945320844208391,0.33037608806864915,0.630170703489267
LOL Talsin trying to make out he's a fool. not buying it,neither,0.03650184500492674,0.3829720741935253,0.580526080801548
@BrianWFoster it's madness without you to keep em in check!,neither,0.05613539810588451,0.3615367629280957,0.5823278389660197
Sup Eric,neither,0.03945320844208391,0.33037608806864915,0.630170703489267
A wild Ercic,neither,0.03945320844208391,0.33037608806864915,0.630170703489267
ERIC! <3,neither,0.03945320844208391,0.33037608806864915,0.630170703489267
YO,offensive_language,0.04010381111145228,0.5271105317972344,0.4327856570913131
eric!!,neither,0.03945320844208391,0.33037608806864915,0.630170703489267
Eric!!!!!!!!,neither,0.03945320844208391,0.33037608806864915,0.630170703489267
ERIIIIC!,neither,0.03945320844208391,0.33037608806864915,0.630170703489267
LUL,neither,0.03945320844208391,0.33037608806864915,0.630170703489267
HAHAHAHAH,neither,0.03945320844208391,0.33037608806864915,0.630170703489267
lol,neither,0.020706217963973744,0.4882283491876925,0.4910654328483337
LUL,neither,0.03945320844208391,0.33037608806864915,0.630170703489267
Bring that sign back,neither,0.03548455581404712,0.3735592840252824,0.5909561601606705
I wonder when they shot all this,neither,0.031192914135182694,0.4515541440345797,0.5172529418302377
is there any sound for anyone?,neither,0.040890395710281226,0.26656506779153566,0.6925445364981833
Shiny_Noivern -> No! Come on! No! [stop spamming caps] [warning],neither,0.03518148876091251,0.4289648358776294,0.535853675361458
"I just hope nobody got the ""Con Crud""",neither,0.05367404567304016,0.4034336702545518,0.5428922840724081
Erik no,neither,0.036918905254960256,0.37338982715841207,0.5896912675866277
lol,neither,0.020706217963973744,0.4882283491876925,0.4910654328483337
*snerk*,neither,0.03945320844208391,0.33037608806864915,0.630170703489267
is this live or pre recorded,neither,0.04979862527848063,0.3280305336138324,0.6221708411076871
bidet from Owosso MI,neither,0.04081748366884477,0.3072207769958956,0.6519617393352596
"knew it, I knew someone was gonna pinch something from the set",neither,0.037974855343247856,0.3395031997279232,0.622521944928829
This isn't Star Trek... he must be lost.,neither,0.04404508259152123,0.3220150889175576,0.6339398284909211
I don't have any sound,neither,0.03883740348016977,0.3408279053952175,0.6203346911246128
@aurice_heartly sound just started,neither,0.0343045361427033,0.35482146270839127,0.6108740011489053
no no it's crooked!,neither,0.03649245157449863,0.3583278627338914,0.6051796856916101
I just started getting music,neither,0.03115667639228367,0.42015352265055056,0.5486898009571657
BlessRNG BlessRNG BlessRNG BlessRNG,neither,0.03945320844208391,0.33037608806864915,0.630170703489267
"can y'all give is some sound, music playing? I just want to make sure our end is getting something :)",offensive_language,0.03942746584093651,0.4803465594981218,0.4802259746609417
Is this live hijinks - or something they recorded to play in this spot?,neither,0.05272569747200455,0.32674542962260383,0.6205288729053917
Wowee,neither,0.03945320844208391,0.33037608806864915,0.630170703489267
100% if you like Star Trek even casually and you're not watching Shield of Tomorrow you're missing out,neither,0.0752364156009308,0.4027743249578362,0.521989259441233
Oh! can we steal stuff form the set now? Because I want that Pike portrait.,neither,0.03978620243663288,0.3119079536987815,0.6483058438645857
"there is sound, just music though",neither,0.04217067285935884,0.30849679813112085,0.6493325290095203
love this,neither,0.033354624610487035,0.36213039408674813,0.6045149813027648
lol love all these people so much <3,offensive_language,0.06468057426412827,0.6554786405899096,0.27984078514596233
"wait, is the plea to have Travis not shave his head, a plea for Travis to shave his head?",neither,0.0586419647187153,0.33449030957212667,0.606867725709158
Bidet from Ottawa!,neither,0.04228451509352876,0.2823214250720796,0.6753940598343917
Music is up guys,neither,0.04561264089873563,0.3922490160373005,0.5621383430639638
Eric was beamed to the wrong show,neither,0.06027092448083742,0.24510383665772706,0.6946252388614355
My body is ready!,neither,0.03405984045513004,0.42505863100050806,0.540881528544362
Hi @BrianWFoster,neither,0.03945320844208391,0.33037608806864915,0.630170703489267
Bidet from Atlanta GA,neither,0.04042918616695488,0.31381119897869514,0.6457596148543501
bidet everyone,offensive_language,0.02988896790634741,0.4927062106388782,0.4774048214547744
"btw, if these things weren't fan made, id totally be the guy to pinch props from a set after a show's finished and wrapped",neither,0.04215675786501435,0.3175407873388438,0.6403024547961419
This music is good,neither,0.04945066019180385,0.3289756193440129,0.6215737204641834
LOL,neither,0.020706217963973744,0.4882283491876925,0.4910654328483337
So good to be here with you guys on a Tuesday night,neither,0.07000692251007544,0.4151502913283258,0.5148427861615988
WutFace WutFace WutFace WutFace,neither,0.03945320844208391,0.33037608806864915,0.630170703489267
"noooo, put it baaack",neither,0.03789022414068197,0.3309136700414881,0.6311961058178298
ahhhhhhhhhh no,neither,0.036918905254960256,0.37338982715841207,0.5896912675866277
"different music ok , fine time to search for the track",neither,0.03828037100175179,0.3124156564632944,0.6493039725349539
Fix it now!,neither,0.037769547682378404,0.33095517620919046,0.6312752761084311
Finally! Been waiting all week for this!,neither,0.03511581437083181,0.3642861314510057,0.6005980541781625
Hey guys,neither,0.03929207127355727,0.33311100635304525,0.6275969223733975
There's always that one guy....,neither,0.032347725192113305,0.42480364469362514,0.5428486301142615
bidet,neither,0.03945320844208391,0.33037608806864915,0.630170703489267
"you guys know there is a critters twitch community, right? G&S is streaming to it right now - https://www.twitch.tv/communities/critters",neither,0.05279890231542031,0.3404635336536906,0.6067375640308892
Nooooooooooooo fix it!!,neither,0.03757232367337081,0.33102301058971395,0.6314046657369153
Oh no!!!,neither,0.04751210705993949,0.26629718932274826,0.6861907036173122
Isnt the song super low?,neither,0.03837899111945943,0.3232476218452273,0.6383733870353133
is the panel on Critical Scope on youtube yet???,neither,0.039981197336091075,0.33496029181126935,0.6250585108526395
maze arcana is on thier own channel?,neither,0.06513609680084796,0.3310299201501819,0.60383398304897
somebody steal Trinket and see how long it takes to incur the wraith of Laura,neither,0.04177961089225182,0.2874560320735219,0.6707643570342263
"I agree with @highvoltage988, Shield of Tomorrow is shockingly good. I've only watched this new season, but it's a really great show.",neither,0.02919507246259562,0.2497489902787537,0.7210559372586507
That's our producer Max,neither,0.0356837122358631,0.3713553975265372,0.5929608902375998
Love you Brian!,neither,0.056463496504501894,0.40978653667953996,0.533749966815958
Glad to have you Brian!!,neither,0.06493478031991287,0.3823165875652818,0.5527486321148055
Brian! :D,neither,0.03945320844208391,0.33037608806864915,0.630170703489267
Bidet !!!,neither,0.03945320844208391,0.33037608806864915,0.630170703489267
@brianwfoster Hey :) good to see you.,neither,0.07353497757049571,0.38595403401778333,0.5405109884117211
@BrianWFoster And we're glad to have you here with us crazy people. :D,neither,0.1939870520009107,0.3573939215872422,0.4486190264118471
THANKEE,neither,0.03945320844208391,0.33037608806864915,0.630170703489267
Hello @brianwfoster !,neither,0.03945320844208391,0.33037608806864915,0.630170703489267
if you cannot see current on screen shenanigans please refresh,neither,0.034082672145685146,0.4017509684717375,0.5641663593825773
can barely hear the music,neither,0.0388783012037228,0.3111728366489414,0.6499488621473357
@BrianWFoster Glad to hear it. I look forward to listening to it when it releases.,neither,0.04265805762089366,0.35048411681633634,0.6068578255627699
ayyy brian,neither,0.03945320844208391,0.33037608806864915,0.630170703489267
music is maybe a little quiet,neither,0.046400520385894525,0.3323714321451021,0.6212280474690034
YouTube is tomorrow,neither,0.04902719303093851,0.32708315574771013,0.6238896512213513
That's Dani,neither,0.0349751205147877,0.3792120518198444,0.5858128276653679
There was a crooked picture that lived on a crooked set...,neither,0.036010320626809325,0.3375091769790534,0.6264805023941372
Bidet!,neither,0.03945320844208391,0.33037608806864915,0.630170703489267
THANK YOU,neither,0.07325166854587051,0.43632638485078484,0.49042194660334476
LMAO,neither,0.03705015143476208,0.3711622369619404,0.5917876116032975
Thank you Dani!,neither,0.056569537053094594,0.387589590314071,0.5558408726328344
hai tal,neither,0.03945320844208391,0.33037608806864915,0.630170703489267
@BrianWFoster Save us! it's chaos without you on set,neither,0.07765288433607762,0.3671087547765639,0.5552383608873585
A true hero,neither,0.03945320844208391,0.33037608806864915,0.630170703489267
Hi Tal!,neither,0.03945320844208391,0.33037608806864915,0.630170703489267
rofl,neither,0.03945320844208391,0.33037608806864915,0.630170703489267
!!!!!!!!!!,neither,0.03945320844208391,0.33037608806864915,0.630170703489267
ahahahah,neither,0.03945320844208391,0.33037608806864915,0.630170703489267
XD,neither,0.03945320844208391,0.33037608806864915,0.630170703489267
lol,neither,0.020706217963973744,0.4882283491876925,0.4910654328483337
LUL,neither,0.03945320844208391,0.33037608806864915,0.630170703489267
LOL,neither,0.020706217963973744,0.4882283491876925,0.4910654328483337
bidet y'all!,offensive_language,0.046917543854519406,0.6277741405869331,0.3253083155585475
hi Talison,neither,0.03945320844208391,0.33037608806864915,0.630170703489267
PogChamp PogChamp,neither,0.03945320844208391,0.33037608806864915,0.630170703489267
Hello Tal,neither,0.03945320844208391,0.33037608806864915,0.630170703489267
yo @buyin rain water how was the trip?,neither,0.03877521986554162,0.36650418416771313,0.5947205959667453
Dani is great,neither,0.04557869218621507,0.30268284104521176,0.6517384667685732
Love the pre show stuff...,neither,0.048866477386601756,0.26091697233849354,0.6902165502749046
HI,neither,0.03945320844208391,0.33037608806864915,0.630170703489267
HI!!!!,neither,0.03945320844208391,0.33037608806864915,0.630170703489267
omg,neither,0.03945320844208391,0.33037608806864915,0.630170703489267
Hi Tal!!!!,neither,0.03945320844208391,0.33037608806864915,0.630170703489267
its still not 100%,neither,0.030676312676440706,0.3550055160830466,0.6143181712405128
lol,neither,0.020706217963973744,0.4882283491876925,0.4910654328483337
Is this live?,neither,0.06264826366348325,0.3248039992423424,0.6125477370941744
owifig?,neither,0.03945320844208391,0.33037608806864915,0.630170703489267
hi tali!!,neither,0.03945320844208391,0.33037608806864915,0.630170703489267
@owifig screen shot that and save it forever Kappa,neither,0.03564207734187052,0.3313145099668119,0.6330434126913176
LMAO,neither,0.03705015143476208,0.3711622369619404,0.5917876116032975
hello Mt Jaffe! :),neither,0.03945320844208391,0.33037608806864915,0.630170703489267
gandsCrit,neither,0.03945320844208391,0.33037608806864915,0.630170703489267
I need a map of Vasselheim please,neither,0.03928315947684704,0.3289521199268046,0.6317647205963484
HI taliesin,neither,0.03945320844208391,0.33037608806864915,0.630170703489267
:O @owifig OMG!,neither,0.03945320844208391,0.33037608806864915,0.630170703489267
Hello @BrianWFoster,neither,0.03945320844208391,0.33037608806864915,0.630170703489267
Live shenanigans lol,neither,0.033488536212627824,0.41664531463645943,0.5498661491509127
this is so silly fun!,neither,0.047783017059587145,0.3752983288676275,0.5769186540727854
That's just what a taped Taliesin would say,neither,0.03606904685862307,0.3758507083423033,0.5880802447990736
lol Hi Talisan!!!,neither,0.029068264864247538,0.40827028370723706,0.5626614514285154
tal isnt at sdcc?,neither,0.03876067574139564,0.35146471080706254,0.6097746134515419
Hi Taliesin!!,neither,0.03945320844208391,0.33037608806864915,0.630170703489267
"It's only live, Taliesin, if you put a shoe on head. You know the rules of the internet.",neither,0.041931080531712996,0.41907355808952695,0.53899536137876
"What's good in the hood, fellas denise1Hat",neither,0.10475304676708366,0.31539069748592324,0.5798562557469932
ladder!,neither,0.03945320844208391,0.33037608806864915,0.630170703489267
That's pretty much how TM works. Max messes something up and Dani fixes it.,neither,0.03306649791690334,0.3579220654445898,0.6090114366385069
@BrianWFoster are you going to be carrying pins at gencon? if so do we HAVE to insult you cause thats not really my jam :(,offensive_language,0.053188845688226016,0.4926328281659415,0.4541783261458326
@owifig eyy,neither,0.03945320844208391,0.33037608806864915,0.630170703489267
of course they knew in advance that we ask that,neither,0.03441863607882222,0.3860086281144109,0.5795727358067669
people be watching the VoD like DansGame,neither,0.10613922337389954,0.32437306270888305,0.5694877139172174
DO NOT FALL,neither,0.03954572622208302,0.3361870827191356,0.6242671910587814
will the panel be on youtube on critical scope?,neither,0.03664321409493002,0.3244117919012825,0.6389449940037876
Now KICK the ladder!,neither,0.03827627064261044,0.30866720775205564,0.6530565216053339
stop looking at his butt,offensive_language,0.07361422405521159,0.49089770498796986,0.4354880709568185
@Nukoyam SDCC ended Sunday,neither,0.03945320844208391,0.33037608806864915,0.630170703489267
@BrianWFoster does this happen every time you leave?,offensive_language,0.036586899770263775,0.4945386284408675,0.4688744717888687
gandsGnSLadders gandsGnSLadders gandsGnSLadders,neither,0.03945320844208391,0.33037608806864915,0.630170703489267
Bidet from Canada,neither,0.04071751644889743,0.3089174816120565,0.6503650019390461
why isn't Tal at comic con? =/,neither,0.030461081077407068,0.360333726619352,0.609205192303241
Lol,neither,0.020706217963973744,0.4882283491876925,0.4910654328483337
JUMP! Take the fashion risk...fly! Go for it1,neither,0.03563754106909454,0.30284749922639487,0.6615149597045106
how many did it take?,neither,0.03789219060182867,0.33091299368532656,0.6311948157128447
"STar Trek DM, that guy is great!",neither,0.04037378692536838,0.34398888689473267,0.6156373261798989
gets her hard hat,offensive_language,0.02635657930994464,0.6841869583529411,0.28945646233711425
i didn't see,neither,0.019747775409695623,0.39719823707226476,0.5830539875180395
well at least this is working,neither,0.04626711655240419,0.3518094466782817,0.6019234367693141
hey percy,neither,0.03945320844208391,0.33037608806864915,0.630170703489267
put your shoe on your head if live,neither,0.0668157624880161,0.3893392077079739,0.54384502980401
Excellent ladder work Chief,neither,0.03945320844208391,0.33037608806864915,0.630170703489267
"@mandaX31 I will have pins and you don't have to sass me! At SDCC the code word was simply ""Hot Dog""",neither,0.045135960745198225,0.3505785288787139,0.6042855103760879
Tricks! Sleight of Hand! There is no possible way this is live! Owifig is a plant!,neither,0.056408132240100654,0.3101459501556457,0.6334459176042535
....... oh. doy.,neither,0.051363287716059566,0.22255663153133606,0.7260800807526044
hi eric!!!!!,neither,0.03945320844208391,0.33037608806864915,0.630170703489267
"Wait, those LED bulbs are supposed to last forever...",neither,0.0866009200465698,0.24646070993842623,0.666938370015004
Bidet from Louisiana!,neither,0.04062582848913359,0.31047366557575606,0.6489005059351104
gandsGnSLadders gandsGnSLadders gandsGnSLadders gandsGnSLadders gandsGnSLadders,neither,0.03945320844208391,0.33037608806864915,0.630170703489267
LOL - amazing,neither,0.029494930075611017,0.4046586088410035,0.5658464610833854
Gooood EVENING everyones!,neither,0.03945320844208391,0.33037608806864915,0.630170703489267
why on earth is there a ladder emote? O.o gandsGnSLadders,neither,0.031784298625522095,0.313205034347579,0.6550106670268989
Hope you're enjoying the night off @BrianWFoster You found a way to get out of work once again lol,neither,0.08516350273585907,0.3503837516280128,0.5644527456361282
How many gamers does it take to change a lightbulb?,neither,0.030420921529193345,0.44283439758409204,0.5267446808867146
@7gryphons I sure as hell hope not,offensive_language,0.06762633986236695,0.7479816476557417,0.18439201248189133
Be careful on that ladder!,neither,0.03266834498689612,0.39646082706403096,0.570870827949073
LOL...the staff are to become the Stars of the show -),neither,0.06362538042116236,0.2538942375109145,0.6824803820679232
Yay! #TeamBrian4Life,neither,0.03945320844208391,0.33037608806864915,0.630170703489267
@BrianWFoster Any word of CR shenanigans at TwitchCon?,neither,0.038766660674824295,0.35128316797954345,0.6099501713456322
my LED bulbs never last. Scam!,neither,0.02600203952342203,0.4464986305710635,0.5274993299055144
alright folks Talks Machina SDCC panel going up in about 5 mins,neither,0.036005882945198686,0.3929500080224407,0.5710441090323606
Fun fact @brianwfoster is currently watching this from a jail cell in San Diego,neither,0.04419466660516384,0.32029352005201506,0.6355118133428211
Bidet from Arkansas btw,neither,0.04041758291270955,0.31400813648531894,0.6455742806019715
gandsGnSLadders gandsGnSLadders gandsGnSLadders gandsGnSLadders gandsGnSLadders,neither,0.03945320844208391,0.33037608806864915,0.630170703489267
look at all those bears,neither,0.06773945362124342,0.3504150395236855,0.581845506855071
for this occasion :P,neither,0.03314787649978923,0.30098041190898334,0.6658717115912274
Bidet from VA,neither,0.04066490145509902,0.30981049537100724,0.6495246031738937
gandsGnSLadders gandsGnSLadders gandsGnSLadders,neither,0.03945320844208391,0.33037608806864915,0.630170703489267
<3 thanks changed my output device and now I hear shit. y'all perfect that k you gandsDrink,offensive_language,0.0459893008733978,0.9362230641750838,0.017787634951518354
They only have about 10 light bulbs that thye move from room to room as needed,neither,0.03908214052350029,0.37703636565154425,0.5838814938249555
Hey everyone from UK who are sitting watching with me at 3AM,neither,0.036888579183720176,0.44597280453860916,0.5171386162776705
"for all your ladder needs, of course",neither,0.06426796758612242,0.35671801510082835,0.5790140173130492
Bidet from Tennessee!,neither,0.04071751644889743,0.3089174816120565,0.6503650019390461
Bear on bear on bear action,neither,0.036794636179904985,0.3431244329729997,0.6200809308470954
"Bidet from Dayton, OH",neither,0.0457407696024908,0.2631350616736989,0.6911241687238103
O/,neither,0.03945320844208391,0.33037608806864915,0.630170703489267
Beep Beep from Houston,neither,0.040875471929787875,0.3062365648703896,0.6528879631998226
BIDET FROM WISCONSIN!,neither,0.04071751644889743,0.3089174816120565,0.6503650019390461
lols,neither,0.03945320844208391,0.33037608806864915,0.630170703489267
"that's not a ladder, it's a stepladder.",neither,0.02766325977460638,0.4213476454529256,0.550989094772468
aww lovely,neither,0.03945320844208391,0.33037608806864915,0.630170703489267
@BrianWFoster I am hooked on your music. Will you ever return to singing?,neither,0.07752605076789965,0.3439087585903267,0.5785651906417737
Yes it's true this is another way for me to have a night off work. How wonderful.,neither,0.05676689754324591,0.2966433834596176,0.6465897189971365
This is a rebrodcast,neither,0.06444388513749441,0.32581973129223984,0.6097363835702658
Who's ready to freak out again the CR comic book announcement 🙌🏻,neither,0.03912518479590377,0.3878392050517653,0.573035610152331
LOL,neither,0.020706217963973744,0.4882283491876925,0.4910654328483337
awww! Eric and Tal,neither,0.038860200402757575,0.3011374582572131,0.6600023413400293
"gandsGnSLadders gandsGnSLadders Wow, there is a ladder emote",neither,0.05111290527912081,0.2699441624282396,0.6789429322926396
lmao,neither,0.03705015143476208,0.3711622369619404,0.5917876116032975
Kiss!!,neither,0.03945320844208391,0.33037608806864915,0.630170703489267
Gif that!,neither,0.03486124774340957,0.38047850944979694,0.5846602428067935
lol,neither,0.020706217963973744,0.4882283491876925,0.4910654328483337
*puts on his wizard robe and hat*,neither,0.05245740637391417,0.3140797356900873,0.6334628579359984
brilliant,neither,0.03945320844208391,0.33037608806864915,0.630170703489267
Squid1 PogChamp Squid4,neither,0.03945320844208391,0.33037608806864915,0.630170703489267
oh lordy,neither,0.051363287716059566,0.22255663153133606,0.7260800807526044
This is the best prestream ever.,neither,0.04770391783539831,0.3006671627159139,0.6516289194486877
who's leading?,neither,0.04021871941671664,0.4081113561057909,0.5516699244774925
ur a God taliesin,neither,0.081847922154451,0.31579460198782483,0.602357475857724
I ship it,neither,0.037770165237438216,0.33095496380368705,0.6312748709588748
Is trinket multiplying or have those@always been there?,neither,0.07241982713151647,0.28272218306655283,0.6448579898019308
a match made in heaven,neither,0.03945320844208391,0.33037608806864915,0.630170703489267
VASTly good dancing!,neither,0.03889818277432075,0.3305669868468293,0.6305348303788499
"so, that happened.",neither,0.03443141687954042,0.4415382829672175,0.524030300153242
Beautiful!,neither,0.03945320844208391,0.33037608806864915,0.630170703489267
can anyone on set do a handstand?,neither,0.03849083930165595,0.3370417526419265,0.6244674080564176
KATYAKE from australia,neither,0.04062582848913359,0.31047366557575606,0.6489005059351104
Eric and Taliesin waltzing is now my religion,neither,0.03498536224010082,0.3635175704206619,0.6014970673392372
is it technically live for you @BrianWFoster even though there is a delay?,neither,0.061451119866522574,0.31106510830178097,0.6274837718316966
giggle,neither,0.03945320844208391,0.33037608806864915,0.630170703489267
Bidet from Katy Texas,neither,0.04048565456685946,0.312852782861534,0.6466615625716066
lol,neither,0.020706217963973744,0.4882283491876925,0.4910654328483337
"hey talesin, just fyi, he was looking at that other guys butt, you have competition",neither,0.04779710504887864,0.43709878324501544,0.515104111706106
now I'm jelly,neither,0.03945320844208391,0.33037608806864915,0.630170703489267
"Bidet from Phoenix, AZ!",neither,0.04039617012658628,0.31437156734874944,0.6452322625246643
So many gifs to make already lol,neither,0.03698139355680727,0.423826436886449,0.5391921695567438
Who is leading!?,neither,0.04971854177815337,0.40065178000254403,0.5496296782193026
@buyinrainwater how was SDCC?,neither,0.03920842303404325,0.3345307352821077,0.6262608416838491
MOBIUS! GIF IT,neither,0.03772653554390317,0.33096997005595963,0.6313034944001372
"Bidet & Beep Beep from Madisonville, TX",neither,0.04081748366884477,0.3072207769958956,0.6519617393352596
I ship it,neither,0.037770165237438216,0.33095496380368705,0.6312748709588748
Now the Tango!,neither,0.037578686282608534,0.29492857658294147,0.6674927371344499
@BrianWFoster I am very excited for gen con. my first CR episode live was last year's Gen Con show,neither,0.03645168081980998,0.32339445010116924,0.6401538690790208
TalEric,neither,0.03945320844208391,0.33037608806864915,0.630170703489267
<3 <3 <3,neither,0.03945320844208391,0.33037608806864915,0.630170703489267
"weird question, is this week the live show?",neither,0.06253642701701637,0.2578921723104291,0.6795714006725546
it's like that scene in Ansastasia,neither,0.04488955535119557,0.3981644244950007,0.5569460201538038
I ship it!,neither,0.037770165237438216,0.33095496380368705,0.6312748709588748
kiss kiss kiss!,neither,0.03945320844208391,0.33037608806864915,0.630170703489267
Amazing,neither,0.03945320844208391,0.33037608806864915,0.630170703489267
bidet from FL,neither,0.04066490145509902,0.30981049537100724,0.6495246031738937
Bidet from NYC!!!,neither,0.04081748366884477,0.3072207769958956,0.6519617393352596
Dancing while the world burns.,neither,0.03875637051282349,0.31769907653159407,0.6435445529555825
@BrianWFoster are you going to ask critrole stats to start counting all the stupid questions you get asked? (including this one...),neither,0.1484456442613161,0.34429093639011255,0.5072634193485713
10/10 dancing skills,neither,0.03945320844208391,0.33037608806864915,0.630170703489267
Lol who is leading I wonder....,neither,0.03937827392669301,0.4376922802192896,0.5229294458540173
MOCK THE WEEK,neither,0.04248671744651017,0.038419869121293644,0.9190934134321962
Bears on bears on bears! They must have relocated to San Francisco,neither,0.03979630632008212,0.3363187589930735,0.6238849346868444
@rasnac_khan Yes Ashley and I are writing an album right now but no one knows that so shhhhhhhhh,neither,0.04549170099853964,0.3664566946518631,0.5880516043495972
Ugh Taliesin. <333,neither,0.03945320844208391,0.33037608806864915,0.630170703489267
Beautiful,neither,0.03945320844208391,0.33037608806864915,0.630170703489267
2 much 5 me,neither,0.022062525236397568,0.40329814596756963,0.5746393287960329
Bidet from Australia!,neither,0.04062582848913359,0.31047366557575606,0.6489005059351104
Bidet!!,neither,0.03945320844208391,0.33037608806864915,0.630170703489267
I think I've found my kink,neither,0.011423378808970664,0.38701254960264997,0.6015640715883794
Tallyho!,neither,0.03945320844208391,0.33037608806864915,0.630170703489267
Or is it the rhumba?,neither,0.050019337605228614,0.2988575418339721,0.6511231205607992
@brianwfoster just don't drop the soap buddy ;),neither,0.04193399302088298,0.3317520518463774,0.6263139551327397
DoritosChip DoritosChip DoritosChip,neither,0.03945320844208391,0.33037608806864915,0.630170703489267
"oh man, i just noticed the tower of trinkets",neither,0.039077956303793314,0.34257388296405133,0.6183481607321553
Their late! Their late! Give them a White Rabbit!,offensive_language,0.3100126039896305,0.44236850190927024,0.24761889410109927
