text,top_class,hate_speech,offensive_language,neither
Beep Beep from Upstate New York,neither,0.0434230435812576,0.23816394028302149,0.7184130161357208
its today! its today! its today!,neither,0.028721755728129256,0.29994395050544354,0.6713342937664273
Bidet from Minneapolis,neither,0.04228451509352876,0.2823214250720796,0.6753940598343917
Bidet from MAssachusetts,neither,0.04069404815304118,0.30931579984010865,0.6499901520068502
Bidet!,neither,0.03945320844208391,0.33037608806864915,0.630170703489267
BIDET FROM OR by way of orlando!!!,neither,0.04155445734582193,0.35507834358340973,0.6033671990707683
critter from denmark represent,neither,0.040737273169946825,0.30858215849491494,0.6506805683351382
Bidet from upstate NY,neither,0.04041758291270955,0.31400813648531894,0.6455742806019715
bidet from Michigan,neither,0.040769555981420263,0.3080342349327864,0.6511962090857933
CR WILL START AS SOON AS THEY ARE AL SET UP,neither,0.05308161897502463,0.3145529328447744,0.6323654481802009
Bidet from Seattle,neither,0.040754399270683486,0.3082914838698526,0.650954116859464
bidet frim Texas,neither,0.03945320844208391,0.33037608806864915,0.630170703489267
OMG HAVE THEY DONE THE GIVE AWAY YET?,neither,0.03882305211590776,0.31570872391416666,0.6454682239699256
Bidet from Vermont!,neither,0.04228451509352876,0.2823214250720796,0.6753940598343917
#LATE,neither,0.03945320844208391,0.33037608806864915,0.630170703489267
bidet from Michigan,neither,0.040769555981420263,0.3080342349327864,0.6511962090857933
bidet from vancouver bc,neither,0.041095261662497835,0.30250615950080734,0.6563985788366947
Did it just start,neither,0.032280300364216544,0.3576880729513608,0.6100316266844227
tiefling if desktop should be an arrow to minimize chat glgl,neither,0.037843246133853675,0.3992239337521169,0.5629328201140296
gandsscanlan,neither,0.03945320844208391,0.33037608806864915,0.630170703489267
bidet from nova scotia,neither,0.04228451509352876,0.2823214250720796,0.6753940598343917
woot woot Calgary represent ... former cowtown resident ... go flames go!,neither,0.040516832241171884,0.33406622613520276,0.6254169416236254
"@tieflingfighter go to theatre mode, cuts outchat, or you can click on the hide chat button",neither,0.04922498109139686,0.3477396684022537,0.6030353505063495
beep beep from the pokemon go test....oh wait. :p,neither,0.04438409260414837,0.26949447086503314,0.6861214365308185
when you realize some people need a website because timezones are too complicated...:-(,neither,0.07705557306707188,0.39455425188140486,0.5283901750515232
i got some pizza and some MaCallan lets do this,neither,0.026773054715123857,0.36545475387193455,0.6077721914129416
bidet from ohio,neither,0.040754399270683486,0.3082914838698526,0.650954116859464
Plano tx what what,neither,0.04916990928781794,0.3235718107571962,0.6272582799549858
Bidet from Saskatoon,neither,0.04228451509352876,0.2823214250720796,0.6753940598343917
Hvem er fra Danmark,neither,0.03945320844208391,0.33037608806864915,0.630170703489267
slamming fists on keyboard trying to fix streaming issues that only i'm having.,neither,0.039220372773242806,0.354624040254148,0.6061555869726093
Bidet from Texas <3,neither,0.040937266849991,0.30518774380265185,0.6538749893473571
You guys know much about breps? I've been messin' with Rhino and Grasshopper lately,neither,0.022089066327224578,0.3630812000992796,0.6148297335734959
Guys actually the show is over,neither,0.059379841340254945,0.2420729477312365,0.6985472109285085
Bidet from Massachusetts,neither,0.04069404815304118,0.30931579984010865,0.6499901520068502
Is this them meeting ioun or a few eps after that?,neither,0.05427188753563143,0.35551714006493573,0.5902109723994328
FADE OUT,neither,0.03416884982230153,0.3508666987208244,0.6149644514568741
"over 15,000 people watching Critical Role",neither,0.05477544956048818,0.3304284605673899,0.614796089872122
gandsFail gandsMatt gandsDrink gandsSCANLAN gandsTrinket,neither,0.03945320844208391,0.33037608806864915,0.630170703489267
This music. Full volume. Through headphones. Absolutely Magical,neither,0.0497455910350237,0.3277012879482064,0.6225531210167699
Kord's strength to you all,offensive_language,0.07813227768356938,0.4891741586472554,0.43269356366917516
Bidet from Utah!!!,neither,0.04066490145509902,0.30981049537100724,0.6495246031738937
my body is Ready,neither,0.03405984045513004,0.42505863100050806,0.540881528544362
bidet from Michigan!!,neither,0.040769555981420263,0.3080342349327864,0.6511962090857933
"Help G&S make great content! $4.99/month gets you emotes, Minecraft server access, Sub Only Q&As, VODs, and more! Every sub keeps the channel alive! twitch.tv/geekandsundry/subscribe",neither,0.043092924924402844,0.32365565443818894,0.6332514206374082
bidet from Philadelphia PA!,neither,0.04036266062233628,0.31494031108870923,0.6446970282889545
bidet from Plymouth Ma,neither,0.031816597323666866,0.4599893087150652,0.5081940939612679
Painting minis for customers and ready for some D&D,neither,0.026962897350054128,0.27787497379997533,0.6951621288499705
hi all,neither,0.0423466876598404,0.4436528871510691,0.5140004251890904
Bidet from Virginia,neither,0.04079557052152802,0.30759270029461827,0.6516117291838538
yaaaass,neither,0.03945320844208391,0.33037608806864915,0.630170703489267
"Bidet from Raleigh, North Carolina",neither,0.04040057148408362,0.31429686482539193,0.6453025636905245
Bidet from Philadelphia!,neither,0.04066490145509902,0.30981049537100724,0.6495246031738937
Wow there are a lot of Michiganders here,neither,0.1325547048639255,0.2089495690542654,0.6584957260818092
thursday =D,neither,0.03945320844208391,0.33037608806864915,0.630170703489267
Bidet from Pennsylvania!,neither,0.04069404815304118,0.30931579984010865,0.6499901520068502
HEY PLANO,neither,0.03945320844208391,0.33037608806864915,0.630170703489267
bidet from Tennesseee!!,neither,0.04228451509352876,0.2823214250720796,0.6753940598343917
gandsSubHype doogMagical gandsTrinket doogMagical gandsSubHype doogMagical gandsLessthanthree doogMagical gandsSubHype doogMagical gandsTrinket doogMagical gandsSubHype doogMagical gandsLessthanthree doogMagical gandsSubHype doogMagical gandsTrinket doogMagical gandsSubHype doogMagical gandsLessthanthree doogMagical,neither,0.03945320844208391,0.33037608806864915,0.630170703489267
bidet from alberta!,neither,0.04062582848913359,0.31047366557575606,0.6489005059351104
we fot played,neither,0.03923445212063598,0.33408895375212616,0.626676594127238
Bidet from WA.,neither,0.04071751644889743,0.3089174816120565,0.6503650019390461
such great fan art,neither,0.038005602129191574,0.30514444463419793,0.6568499532366104
anyone have a good drinking game for criticalrole,neither,0.03313472379867378,0.27987957026528265,0.6869857059360436
Bidet from Upstate N.Y.,neither,0.04066490145509902,0.30981049537100724,0.6495246031738937
Start,neither,0.03945320844208391,0.33037608806864915,0.630170703489267
0nly 14000 so far it usually up to 24000 by nou,neither,0.042838033684405606,0.46467008621073486,0.49249188010485956
bidet from Tasmania,neither,0.04228451509352876,0.2823214250720796,0.6753940598343917
What time is it for you right now? 10:00 pm for me,neither,0.04112986449263305,0.3596836773192015,0.5991864581881654
BIDET,neither,0.03945320844208391,0.33037608806864915,0.630170703489267
Bidet from upstate NY,neither,0.04041758291270955,0.31400813648531894,0.6455742806019715
gandsSubHype gandsSubHype gandsSubHype gandsSubHype gandsSubHype,neither,0.03945320844208391,0.33037608806864915,0.630170703489267
Danmark whooooooooo gandsMatt gandsMatt gandsMatt,neither,0.03945320844208391,0.33037608806864915,0.630170703489267
Bidet from Japan,neither,0.04069404815304118,0.30931579984010865,0.6499901520068502
gandsMatt !,neither,0.03945320844208391,0.33037608806864915,0.630170703489267
"Bidet from Houston, TX",neither,0.040501953574932,0.3125761461575217,0.6469219002675464
Bidet from the Florida keys!,neither,0.0395760200605727,0.29805869076639957,0.6623652891730276
Bidet from Vancouver! Second live episode :),neither,0.04465170124069763,0.312605741821469,0.6427425569378334
Beep beep from Arkansas!,neither,0.04066490145509902,0.30981049537100724,0.6495246031738937
bidet from Portland,neither,0.04066490145509902,0.30981049537100724,0.6495246031738937
@Planbkiller360 Where are you in Ohio? I'm up in Toledo,neither,0.08722698715718327,0.350906296113534,0.5618667167292827
Bidet from Philadelphia! And I encourage violence on which one of you scared away Deborah Ann Woll from guesting! It makes me want to rage!,neither,0.044125654695366584,0.3382779190780015,0.6175964262266319
Bidet,neither,0.03945320844208391,0.33037608806864915,0.630170703489267
YAY,neither,0.03945320844208391,0.33037608806864915,0.630170703489267
"Bidet from Waco, Texas!",neither,0.04042489113558478,0.3138840968701843,0.6456910119942308
Bidet... FROM HELL,offensive_language,0.04282387748247523,0.8742163882703163,0.08295973424720841
<3,neither,0.03945320844208391,0.33037608806864915,0.630170703489267
yeet,neither,0.03945320844208391,0.33037608806864915,0.630170703489267
"@DerVikingTron @bweldon OOOH lol I have seen the episodes all previous ones, I just didn't get it I guess.",neither,0.024401131935568875,0.4400746051536609,0.5355242629107704
bidet from alabama!,neither,0.04078317879478948,0.307803020237201,0.6514138009680096
how long people been watching this show and haven't realised they never start on time,neither,0.05818137837364735,0.3077156470505487,0.6341029745758039
yay,neither,0.03945320844208391,0.33037608806864915,0.630170703489267
HYPE AF KappaPride,neither,0.03945320844208391,0.33037608806864915,0.630170703489267
aaahhh,neither,0.03945320844208391,0.33037608806864915,0.630170703489267
WOOOO,neither,0.03945320844208391,0.33037608806864915,0.630170703489267
WOOOHOOO,neither,0.03945320844208391,0.33037608806864915,0.630170703489267
WoO!,neither,0.03945320844208391,0.33037608806864915,0.630170703489267
Bidet from Edmonton!,neither,0.04228451509352876,0.2823214250720796,0.6753940598343917
It begins!,neither,0.037828236809968684,0.3309349903269868,0.6312367728630445
sbzyChicken sbzyManleee,neither,0.03945320844208391,0.33037608806864915,0.630170703489267
gandsSubHype gandsSubHype gandsSubHype gandsSubHype gandsSubHype gandsSubHype,neither,0.03945320844208391,0.33037608806864915,0.630170703489267
Woooo!,neither,0.03945320844208391,0.33037608806864915,0.630170703489267
Wow starting early!,neither,0.040977473290108334,0.3045053355834136,0.6545171911264781
yay!!!!,neither,0.03945320844208391,0.33037608806864915,0.630170703489267
Tonight is going to be awesome!,neither,0.05030952901534707,0.3313623682722807,0.6183281027123723
"Bidet from Tucson! Ooo, just in time! YAY!",neither,0.03577578198810799,0.348534058049553,0.6156901599623391
rooHappy,neither,0.03945320844208391,0.33037608806864915,0.630170703489267
Bidet from Boston,neither,0.040769555981420263,0.3080342349327864,0.6511962090857933
Beep Beep from California,neither,0.06971251856910227,0.2972619859879888,0.633025495442909
"Bidet from Seattle, WA!!",neither,0.04040912852695437,0.3141516294757728,0.6454392419972729
WOOOOO!!!!,neither,0.03945320844208391,0.33037608806864915,0.630170703489267
Bidet from STL,neither,0.04228451509352876,0.2823214250720796,0.6753940598343917
Woooooooooooooooooooooooo!!!,neither,0.03945320844208391,0.33037608806864915,0.630170703489267
pike and zara get some of the best fan art,neither,0.03088294360306429,0.29931609407459503,0.6698009623223408
okiii,neither,0.03945320844208391,0.33037608806864915,0.630170703489267
Woot!,neither,0.03945320844208391,0.33037608806864915,0.630170703489267
LETS GOOOO,neither,0.03868305123800957,0.34344766577192837,0.6178692829900622
YAY,neither,0.03945320844208391,0.33037608806864915,0.630170703489267
Bidet from ATX,neither,0.04228451509352876,0.2823214250720796,0.6753940598343917
WOOOOOO,neither,0.03945320844208391,0.33037608806864915,0.630170703489267
hello from Oz,neither,0.04045433588424679,0.3133843426407197,0.6461613214750337
WWWOOOTT!,neither,0.03945320844208391,0.33037608806864915,0.630170703489267
WOOOOOOOOO,neither,0.03945320844208391,0.33037608806864915,0.630170703489267
yaaaay,neither,0.03945320844208391,0.33037608806864915,0.630170703489267
Bidet from Missouri!,neither,0.04071751644889743,0.3089174816120565,0.6503650019390461
eep! :D,neither,0.03945320844208391,0.33037608806864915,0.630170703489267
Hello,neither,0.03945320844208391,0.33037608806864915,0.630170703489267
Bidet from ohio,neither,0.040754399270683486,0.3082914838698526,0.650954116859464
so it begins,neither,0.037879336342691194,0.38030240068653764,0.5818182629707711
Bidet from Melbourne!,neither,0.04228451509352876,0.2823214250720796,0.6753940598343917
Is everyone ready to nerd out over percy nerding out over ioun,neither,0.03533095704807777,0.4040589752904335,0.5606100676614887
Hello!,neither,0.03945320844208391,0.33037608806864915,0.630170703489267
IT HAS BEGUN!,neither,0.037466634629501894,0.31789117281524343,0.6446421925552547
My first live critical role. I've been catching up on youtube and im on ep 25 there,neither,0.02033755928305137,0.37216776366920373,0.607494677047745
YESSSSS,neither,0.03945320844208391,0.33037608806864915,0.630170703489267
"Bidet from liberty, MO",neither,0.040439121677047545,0.3136425674428074,0.6459183108801451
Woo!,neither,0.03945320844208391,0.33037608806864915,0.630170703489267
Darin!!!,neither,0.03945320844208391,0.33037608806864915,0.630170703489267
Papi Mercer,neither,0.03945320844208391,0.33037608806864915,0.630170703489267
Bidet! It's Sprigg time!,neither,0.034389982057555904,0.3710596410554468,0.5945503768869974
Woooo!,neither,0.03945320844208391,0.33037608806864915,0.630170703489267
@dragoncas Heeeey! Bidet from Long Island!,neither,0.040132260162126766,0.3139957200132333,0.6458720198246399
woooooo darin!,neither,0.03945320844208391,0.33037608806864915,0.630170703489267
SPRIGG!,neither,0.03945320844208391,0.33037608806864915,0.630170703489267
PogChamp,neither,0.03945320844208391,0.33037608806864915,0.630170703489267
Yay Sprigg!,neither,0.03945320844208391,0.33037608806864915,0.630170703489267
bidet from Iceland,neither,0.04228451509352876,0.2823214250720796,0.6753940598343917
YAY!,neither,0.03945320844208391,0.33037608806864915,0.630170703489267
FRONT PAGE gandsSubHype gandsSubHype gandsSubHype gandsSubHype gandsSubHype (Though not surprising),neither,0.038473077583133564,0.3340460962930051,0.6274808261238614
YAAY,neither,0.03945320844208391,0.33037608806864915,0.630170703489267
Bidet from Bedford mi,neither,0.04081748366884477,0.3072207769958956,0.6519617393352596
WOOO,neither,0.03945320844208391,0.33037608806864915,0.630170703489267
Bidet from perthAustralia,neither,0.04228451509352876,0.2823214250720796,0.6753940598343917
gandsSubHype gandsSubHype gandsSubHype gandsSubHype gandsSubHype gandsSubHype gandsSubHype gandsSubHype,neither,0.03945320844208391,0.33037608806864915,0.630170703489267
woooh welcome back,neither,0.03945320844208391,0.33037608806864915,0.630170703489267
HYPE,neither,0.03945320844208391,0.33037608806864915,0.630170703489267
SPRIGG,neither,0.03945320844208391,0.33037608806864915,0.630170703489267
That raishan piece is bananas,neither,0.043142923389790575,0.3673749973093306,0.5894820793008789
Yay!,neither,0.03945320844208391,0.33037608806864915,0.630170703489267
YAY SPRIG,neither,0.03945320844208391,0.33037608806864915,0.630170703489267
yay!,neither,0.03945320844208391,0.33037608806864915,0.630170703489267
YAY!!!!!,neither,0.03945320844208391,0.33037608806864915,0.630170703489267
Hurray!!,neither,0.03945320844208391,0.33037608806864915,0.630170703489267
gandsSubHype gandsSubHype,neither,0.03945320844208391,0.33037608806864915,0.630170703489267
WOOO SPRIGG,neither,0.03945320844208391,0.33037608806864915,0.630170703489267
WOOOOT!!!,neither,0.03945320844208391,0.33037608806864915,0.630170703489267
Hi matt!,neither,0.03945320844208391,0.33037608806864915,0.630170703489267
SO WELL DRESSED,neither,0.03940905518601988,0.3833257557079481,0.5772651891060321
gandsMatt gandsMatt gandsMatt,neither,0.03945320844208391,0.33037608806864915,0.630170703489267
Let's hear it for Critical Role starting (more or less) on time! Hype!,neither,0.02683367697130833,0.3429834252492948,0.6301828977793968
gandsSubHype gandsSubHype gandsSubHype gandsSubHype,neither,0.03945320844208391,0.33037608806864915,0.630170703489267
yay Depaul!!,neither,0.03945320844208391,0.33037608806864915,0.630170703489267
DARIN,neither,0.03945320844208391,0.33037608806864915,0.630170703489267
SPRIGG,neither,0.03945320844208391,0.33037608806864915,0.630170703489267
YEasssssssssssssssssssssssh,neither,0.03945320844208391,0.33037608806864915,0.630170703489267
NEW MICS!!!!,neither,0.04660400397451208,0.1401930676750457,0.8132029283504423
DARIINNNNNN <3,neither,0.03945320844208391,0.33037608806864915,0.630170703489267
DARIN,neither,0.03945320844208391,0.33037608806864915,0.630170703489267
Bidet from FL,neither,0.04066490145509902,0.30981049537100724,0.6495246031738937
YAY DARIN,neither,0.03945320844208391,0.33037608806864915,0.630170703489267
MATTS BEEN HITTING THE GYM,neither,0.0382678306766966,0.31968639974322166,0.6420457695800817
he is so dapper!,neither,0.0713712218793152,0.40474187524699334,0.5238869028736917
gandsRaid gandsRaid gandsRaid,neither,0.03945320844208391,0.33037608806864915,0.630170703489267
SPRIGG!!!!gandsLessthanthree gandsLessthanthree gandsLessthanthree gandsLessthanthree,neither,0.03945320844208391,0.33037608806864915,0.630170703489267
fullscreen powers activate!,neither,0.03945320844208391,0.33037608806864915,0.630170703489267
One day...they will let us hear what they yell at matt at the beginning of the show.,neither,0.055629195481129434,0.30838341358464716,0.6359873909342234
Yayyyy! <3 Darren!,neither,0.03945320844208391,0.33037608806864915,0.630170703489267
"Bidet from Portland, Or!!",neither,0.040570124267008914,0.3114191116016469,0.6480107641313441
Yaaaay!,neither,0.03945320844208391,0.33037608806864915,0.630170703489267
Yes! I need this episode So Much...,neither,0.03568754139404226,0.37206445669164157,0.5922480019143161
good to have you back,neither,0.07846454330867662,0.4080085767670732,0.5135268799242502
YAY DARIN!,neither,0.03945320844208391,0.33037608806864915,0.630170703489267
yaaaaaay!!,neither,0.03945320844208391,0.33037608806864915,0.630170703489267
wooooooooooooooooooooooooooooooooooooooooooooooo,neither,0.03945320844208391,0.33037608806864915,0.630170703489267
"bidet from ireland, enjoy everyone",neither,0.035254595528231396,0.40163750672327125,0.5631078977484975
gandsSubHype DADDY REINHARDT,neither,0.03945320844208391,0.33037608806864915,0.630170703489267
YAAAAAY,neither,0.03945320844208391,0.33037608806864915,0.630170703489267
HYPE,neither,0.03945320844208391,0.33037608806864915,0.630170703489267
Mercer Dragon Daddy,neither,0.03945320844208391,0.33037608806864915,0.630170703489267
yayayayayayaya,neither,0.03945320844208391,0.33037608806864915,0.630170703489267
YEAHHHHHHH!,neither,0.03945320844208391,0.33037608806864915,0.630170703489267
WOOOOOOOOOOOOOOOOOOOOOOOO,neither,0.03945320844208391,0.33037608806864915,0.630170703489267
Darin is so dapper,neither,0.06287845562653366,0.4363549250209663,0.5007666193525001
WOOOOO!,neither,0.03945320844208391,0.33037608806864915,0.630170703489267
darin,neither,0.03945320844208391,0.33037608806864915,0.630170703489267
FullScreen view now,neither,0.03945320844208391,0.33037608806864915,0.630170703489267
"Bidet. A lot has changed, and I'm more thankful than ever for this show. Looking forward to experiencing it with y'all. Less than three.",neither,0.04028465693010019,0.308034048618439,0.6516812944514608
"16,000 viewers \o/",neither,0.03945320844208391,0.33037608806864915,0.630170703489267
so sharply dressed,neither,0.03941298526076284,0.3715115021764448,0.5890755125627923
Dariiinnnn!!!,neither,0.03945320844208391,0.33037608806864915,0.630170703489267
gandsSubHype gandsSubHype gandsSubHype gandsSubHype,neither,0.03945320844208391,0.33037608806864915,0.630170703489267
He looks so dapper,neither,0.04758913929125642,0.39390192985855077,0.5585089308501928
gandsLessthanthree <3,neither,0.03945320844208391,0.33037608806864915,0.630170703489267
Yayy,neither,0.03945320844208391,0.33037608806864915,0.630170703489267
Bidet :),neither,0.03945320844208391,0.33037608806864915,0.630170703489267
"Okay guys, full screen time!",neither,0.05452327312428555,0.34258431633849834,0.6028924105372161
YAY! SPRIGG!,neither,0.03945320844208391,0.33037608806864915,0.630170703489267
I thought this week episode supposed to be the live one?,neither,0.04929087879673226,0.2706230784840688,0.680086042719199
SPRIGG!!!!!,neither,0.03945320844208391,0.33037608806864915,0.630170703489267
Whooooo!,neither,0.03945320844208391,0.33037608806864915,0.630170703489267
yay,neither,0.03945320844208391,0.33037608806864915,0.630170703489267
TABLE MIC HYPE,neither,0.03945320844208391,0.33037608806864915,0.630170703489267
Woooooooo!,neither,0.03945320844208391,0.33037608806864915,0.630170703489267
Holy crap we could hear him!,neither,0.039229560263805086,0.33417198132927545,0.6265984584069196
HELL YEAH,offensive_language,0.024014075456083226,0.8806496383571902,0.0953362861867266
YAY NEW MICS,neither,0.043697716434837254,0.22368356517679006,0.7326187183883727
ConFlu!,neither,0.03945320844208391,0.33037608806864915,0.630170703489267
some SDCC Stubble going on here,neither,0.07563301326879947,0.35326860023719214,0.5710983864940085
gandsSubHype,neither,0.03945320844208391,0.33037608806864915,0.630170703489267
No Ashley :(,neither,0.038465455673613855,0.34714083037889465,0.6143937139474915
woot woot,neither,0.03945320844208391,0.33037608806864915,0.630170703489267
He's always so dapper,offensive_language,0.04509048717216029,0.48228620274099326,0.4726233100868465
gandsSubHype,neither,0.03945320844208391,0.33037608806864915,0.630170703489267
wo0o0o - Sprigg!,neither,0.03945320844208391,0.33037608806864915,0.630170703489267
I miss anything?,neither,0.030700291696427434,0.33338661750775167,0.6359130907958209
This week’s Guest is Darin De Paul twitter.com/DarinDePaul,neither,0.04385608189695909,0.40109591310785336,0.5550480049951875
hello very one,neither,0.038540746666554826,0.3638895625180753,0.5975696908153698
"Bidet from Victoria, BC!!!!",neither,0.04052303010603489,0.3122184224193425,0.6472585474746226
Yay Darin! gandsLessthanthree gandsSCANLAN gandsMatt,neither,0.03945320844208391,0.33037608806864915,0.630170703489267
WOO,neither,0.03945320844208391,0.33037608806864915,0.630170703489267
daren maiii dooooood!!!!,neither,0.03945320844208391,0.33037608806864915,0.630170703489267
Bidet from Barbados!,neither,0.04228451509352876,0.2823214250720796,0.6753940598343917
Yay mics!,neither,0.03945320844208391,0.33037608806864915,0.630170703489267
Darin,neither,0.03945320844208391,0.33037608806864915,0.630170703489267
heck ye,neither,0.03945320844208391,0.33037608806864915,0.630170703489267
hello fellow Critters all the way from Jersey,neither,0.040848650398493634,0.35582837874763823,0.6033229708538682
Yeah!,offensive_language,0.013968601452186464,0.5182923869769311,0.4677390115708824
It was a pleasure meeting you darin!,neither,0.052275246939674495,0.3742884646867709,0.5734362883735546
Bidet from Utah,neither,0.04066490145509902,0.30981049537100724,0.6495246031738937
DAPPER DADDY DARIN HYPE!,neither,0.03945320844208391,0.33037608806864915,0.630170703489267
Love the Dread shirts.,neither,0.03622947567908138,0.32767300495419727,0.6360975193667214
"Yesssss no more lav mics, hopefully! Thank you!",neither,0.052561202096764376,0.3750756426584281,0.5723631552448075
SO excited for Darin!,neither,0.03181580832259494,0.34544536915846974,0.6227388225189353
Bidet from Brazil,neither,0.04079557052152802,0.30759270029461827,0.6516117291838538
It's 3 am in England and I am awake xD,neither,0.03766586500120929,0.30317912885930387,0.6591550061394869
gandsSubHype gandsSubHype gandsSubHype gandsSubHype gandsSubHype gandsSubHype,neither,0.03945320844208391,0.33037608806864915,0.630170703489267
Bidet from Straya,neither,0.04228451509352876,0.2823214250720796,0.6753940598343917
gandsLessthanthree gandsLessthanthree gandsLessthanthree,neither,0.03945320844208391,0.33037608806864915,0.630170703489267
What are they?,neither,0.11745044363921367,0.23805706711083835,0.6444924892499481
Kord???,neither,0.03945320844208391,0.33037608806864915,0.630170703489267
I think Darin need to be a new full time member of CR... he's seriously great at RP.,neither,0.059028463243409726,0.2789540552347121,0.6620174815218781
"Bidet from Denver, CO wonderful critters!",neither,0.04037642505453753,0.31470669275194857,0.644916882193514
Beep beep,neither,0.03945320844208391,0.33037608806864915,0.630170703489267
Hello from Illinois!,neither,0.04044253611397438,0.3135846155371888,0.645972848348837
Darin looking so dapper!,neither,0.03941257375902282,0.4108446139455377,0.5497428122954395
MERCH LINK https://shop.geekandsundry.com/collections/critical-role,neither,0.03945320844208391,0.33037608806864915,0.630170703489267
Pike gone agian FeelsBadMan,neither,0.039260305037624,0.3336501622801024,0.6270895326822736
*HAD them in the store lol,neither,0.07489674349516369,0.3489302000910706,0.5761730564137657
probly,neither,0.03945320844208391,0.33037608806864915,0.630170703489267
Sold out,neither,0.033688189908004054,0.35284345510995857,0.6134683549820374
Sound is fantastic this week!,neither,0.04648129941433251,0.32931074331625493,0.6242079572694126
Sold out,neither,0.033688189908004054,0.35284345510995857,0.6134683549820374
I give them 5 minutes,neither,0.05687987286748543,0.32079652153495986,0.6223236055975547
desk mics!,neither,0.03945320844208391,0.33037608806864915,0.630170703489267
sweet Darin is back by far the best guest the show has had on.,neither,0.05097800833748763,0.2884899518072648,0.6605320398552477
bidet from trinidad&tobago,neither,0.04066490145509902,0.30981049537100724,0.6495246031738937
bidet from Denver!,neither,0.04069404815304118,0.30931579984010865,0.6499901520068502
ooooohhh,neither,0.03945320844208391,0.33037608806864915,0.630170703489267
beep beep from South Dakota!!,neither,0.04041079298828133,0.31412337922315653,0.6454658277885622
@giraffegiraffegiraffe she is back in NYC filming her show,offensive_language,0.05365697686294516,0.5600849421620958,0.38625808097495906
Bidey from Utah!,neither,0.04066490145509902,0.30981049537100724,0.6495246031738937
darin de paul? more like DAPPER DE PAUL,neither,0.04599632338513288,0.3334355990417584,0.6205680775731087
needs more pike,neither,0.04224736481176074,0.3159228868246697,0.6418297483635697
!ashley,neither,0.03945320844208391,0.33037608806864915,0.630170703489267
oh yes! i forgot he was going to be in this episode. THis is going to be delicious,neither,0.05634546760744637,0.3329765013699026,0.6106780310226511
gg,neither,0.03945320844208391,0.33037608806864915,0.630170703489267
Bidet from Maine,neither,0.04069404815304118,0.30931579984010865,0.6499901520068502
PENCILS,neither,0.03945320844208391,0.33037608806864915,0.630170703489267
I'm trying to write papers but crit role,neither,0.041664994262284254,0.334701834693818,0.6236331710438978
Wooo,neither,0.03945320844208391,0.33037608806864915,0.630170703489267
I bet they're GONE,neither,0.061961303064593534,0.2980456053788437,0.6399930915565627
*teirs up* im way to emotional today,neither,0.040640804303926206,0.381265932145954,0.5780932635501199
bidet,neither,0.03945320844208391,0.33037608806864915,0.630170703489267
lol,neither,0.020706217963973744,0.4882283491876925,0.4910654328483337
Yes!!!!!,neither,0.03945320844208391,0.33037608806864915,0.630170703489267
Laura is the cutest thing,neither,0.04698014554248488,0.3109899890068755,0.6420298654506396
lol pencils,neither,0.031120645729857982,0.3912535864736078,0.5776257677965343
hahaha,neither,0.03945320844208391,0.33037608806864915,0.630170703489267
she's so stoked about the pencil pack BAHA,neither,0.03847701623951728,0.4278840150388881,0.5336389687215946
PENCIL PACK! YAY!,neither,0.03945320844208391,0.33037608806864915,0.630170703489267
Laura is so excited for pencils!,neither,0.04037775487689154,0.33814602207568967,0.6214762230474188
lol laura,neither,0.020706217963973744,0.4882283491876925,0.4910654328483337
Pencils!,neither,0.03945320844208391,0.33037608806864915,0.630170703489267
<3 you Laura! ;-),offensive_language,0.21217306638279385,0.6099082758190073,0.17791865779819876
THATS AWESOME,neither,0.03945320844208391,0.33037608806864915,0.630170703489267
omg what a huge adorable nerd! ilu laura bailey,neither,0.04282911434780494,0.32792550956071703,0.6292453760914781
Pencils!,neither,0.03945320844208391,0.33037608806864915,0.630170703489267
"Sooo nerdy, and I love it",neither,0.035199486965672905,0.30750553961111426,0.6572949734232127
ADORABLE,neither,0.03945320844208391,0.33037608806864915,0.630170703489267
wait no im always needing pencils for game night!!!,neither,0.029443635322754364,0.3469978496736995,0.6235585150035461
Grog doesn't know what that is...,neither,0.052197951597220946,0.3723629836719601,0.575439064730819
"You get a pencil, and you get a pencil, everyone gets a pencil!",neither,0.04826083872160882,0.40016519285746593,0.5515739684209252
holy crap that completely changed my mind,neither,0.029752531325913937,0.4128357582037078,0.5574117104703783
omg need,neither,0.03918571717764633,0.3281361506585611,0.6326781321637927
"Oooo, those are actually nice pencils.",neither,0.08823888082717445,0.2350257894165447,0.6767353297562808
the camera is off ;P,neither,0.04818576018452182,0.3082947584021262,0.643519481413352
"EVERY DAY, I""M REMINDED OF BACK TO SCHOOL",neither,0.04554450252383785,0.3148488169039474,0.6396066805722147
MERCH LINK https://shop.geekandsundry.com/collections/critical-role,neither,0.03945320844208391,0.33037608806864915,0.630170703489267
Say all of them!!!,neither,0.06780865301020421,0.4330687881382479,0.4991225588515479
i need the pencils,neither,0.038355912701094605,0.31199876377600716,0.6496453235228983
SAY ALL THE THINGS!,neither,0.040393208108281516,0.4015128081142795,0.558093983777439
Love the pencils!,neither,0.03555699629442515,0.32717354069833376,0.637269463007241
NEEED!!!! I AM PENCIL WHORE,neither,0.0759879486034727,0.3178101156046243,0.606201935791903
SHUTUP AND TAKE MY MONEY,neither,0.028135504542225704,0.37211710019494576,0.5997473952628285
total getting those,neither,0.06164246536009492,0.3291607828257496,0.6091967518141554
yay!!!,neither,0.03945320844208391,0.33037608806864915,0.630170703489267
Say it!! SAY THE THINGS!!!,neither,0.03721102375484253,0.31494722450059687,0.6478417517445606
neeeeeeeeed!,neither,0.03945320844208391,0.33037608806864915,0.630170703489267
SAY THE THINGS!,neither,0.038225058988466266,0.3076859889637055,0.6540889520478281
Life needs things to live?,neither,0.04699740961526177,0.380498884742175,0.5725037056425633
https://clips.twitch.tv/VibrantBigSwordMoreCowbell,neither,0.03945320844208391,0.33037608806864915,0.630170703489267
"""Life needs things to live"" For Percy.",neither,0.04024555045416359,0.34701124028078795,0.6127432092650484
LIVE NEEDS THINGS TO LIVE,neither,0.05287940289594689,0.3244925758238231,0.62262802128023
I need to get PAID so I can get pencils! :D,neither,0.043538739906789824,0.36859534469560906,0.5878659153976011
That's actually pretty sweet,neither,0.03558321220450415,0.3724671113821488,0.5919496764133472
Life needs things to live,neither,0.04699740961526177,0.380498884742175,0.5725037056425633
bidet from Kansas,neither,0.04071751644889743,0.3089174816120565,0.6503650019390461
Bless the mike placemenr,neither,0.03854745558481622,0.31380373466857425,0.6476488097466094
yay!!!,neither,0.03945320844208391,0.33037608806864915,0.630170703489267
Life needs things to live,neither,0.04699740961526177,0.380498884742175,0.5725037056425633
I am very glad of the Terry pencil!,neither,0.038582889195117036,0.3173984769522632,0.6440186338526198
"Dammit, i'm so poor but I want them...",neither,0.048173821061610514,0.3675830671444544,0.5842431117939352
Bidet all,offensive_language,0.046917543854519406,0.6277741405869331,0.3253083155585475
Life needs things to live for sure,neither,0.03587554654131408,0.4451334871248522,0.5189909663338338
I bet Talesins is life needs things to live,neither,0.05382289414402232,0.37137627997218714,0.5748008258837904
gandsSCANLAN,neither,0.03945320844208391,0.33037608806864915,0.630170703489267
@GeekandSundry lav mics too much of a pain in the backside?,neither,0.0345613339135324,0.3198918213539354,0.6455468447325321
is there any update on when the posters will be shipped?,neither,0.03544289666976501,0.31457791029200205,0.6499791930382329
it says them all on the store,neither,0.08145690773287075,0.37400827186530483,0.5445348204018243
Those are AWESOME! <3,neither,0.12161937021898744,0.19396221454156265,0.68441841523945
IVE NEVER BEEN EXCITED FOR PENCILS,neither,0.03256287284925286,0.3409304056122124,0.6265067215385347
Dem microphones,neither,0.03945320844208391,0.33037608806864915,0.630170703489267
it is life needs things to live lol,neither,0.04408481385757148,0.4180371985410354,0.5378779876013933
Sprigg for the win!,neither,0.030459681658036572,0.27089736810521176,0.6986429502367517
YUS,neither,0.03945320844208391,0.33037608806864915,0.630170703489267
HAHAH,neither,0.03945320844208391,0.33037608806864915,0.630170703489267
YOUR SOUL IS FORFEIT,neither,0.11377937029053845,0.3080036060368835,0.578217023672578
clever,neither,0.03945320844208391,0.33037608806864915,0.630170703489267
LUL,neither,0.03945320844208391,0.33037608806864915,0.630170703489267
Now imagine John Wick killing someone with them.,neither,0.03969667603949175,0.34914042403831164,0.6111628999221965
waaaant,neither,0.03945320844208391,0.33037608806864915,0.630170703489267
yes please make money off of not telling us what they are,neither,0.09809682089509754,0.2911248683312959,0.6107783107736066
This?,neither,0.03911427663316333,0.3361286454075671,0.6247570779592696
them mics turning me on,neither,0.041686786150603374,0.38354221026359986,0.5747710035857968
haha I need it,neither,0.03176998736597677,0.4259853193381576,0.5422446932958656
MERCH LINK https://shop.geekandsundry.com/collections/critical-role,neither,0.03945320844208391,0.33037608806864915,0.630170703489267
"PERCY'S IS ""LIFE NEEDS THINGS TO LIVE""",neither,0.051859361131585374,0.36676523051065457,0.58137540835776
@sirtibbett Welcome :),neither,0.03945320844208391,0.33037608806864915,0.630170703489267
"@TiJoGar, where in Kansas",neither,0.041548036389824836,0.2948213907301909,0.6636305728799844
omg almost missed it,neither,0.0380924548261795,0.3308441136353356,0.6310634315384849
aaah they started on time,neither,0.034732778640894836,0.3702826383909244,0.5949845829681808
LOL,neither,0.020706217963973744,0.4882283491876925,0.4910654328483337
Percy's says Life needs things to live,neither,0.044808556839637775,0.3674418442539163,0.5877495989064458
Do this?,neither,0.04245520842404164,0.33280284470227517,0.6247419468736832
OMG loving the pencils!,neither,0.03872351927108923,0.3170898211846414,0.6441866595442693
Anyone is,neither,0.053665021620892706,0.3254879938252005,0.6208469845539069
I need a life needs things to live pencil,neither,0.045047723041636685,0.3686352159042931,0.5863170610540701
yoyoyo,neither,0.03945320844208391,0.33037608806864915,0.630170703489267
so it's an exopencil,neither,0.0375285689392409,0.4036045495230449,0.5588668815377142
id like to pencil,neither,0.05891759897650099,0.3415927177893635,0.5994896832341355
LOOKING FOR A VIP TICKET!!!,neither,0.03465693614874118,0.3064123242648562,0.6589307395864027
Cool. They're back!,neither,0.06347177883722609,0.2945016775082646,0.6420265436545093
I don't use wood pencils. I want the pencils.,neither,0.02285701819531134,0.3697482993846068,0.6073946824200818
SPECIAL MERCH? O_O,neither,0.07376532625072836,0.31039924253253937,0.6158354312167323
NOT FAIR!,neither,0.03771151193020697,0.336946833686696,0.6253416543830971
Darin De Paul...such a classy man,neither,0.03974265893609675,0.3756142995713821,0.5846430414925211
Bidet from Germany!,neither,0.04069404815304118,0.30931579984010865,0.6499901520068502
damn,offensive_language,0.042479326866149344,0.9516554255713155,0.005865247562535126
oooooo yesss i want it no matter what,neither,0.04175368435066391,0.3351434910316508,0.6231028246176854
IM GOING,neither,0.03542763263470379,0.42695928847237835,0.5376130788929178
has anyone had any luck buying tickets? the link on geek and sundry isn't really working,neither,0.03751277393676873,0.30693292937267724,0.6555542966905539
BibleThump BibleThump BibleThump,neither,0.03945320844208391,0.33037608806864915,0.630170703489267
Next time they will be at a stadium,neither,0.03869925100098315,0.36308775206333044,0.5982129969356864
hi peter,neither,0.03945320844208391,0.33037608806864915,0.630170703489267
Doty take this down. DOty take this.... Doty take.... Doty,neither,0.03932568074454247,0.33254056591669673,0.6281337533387608
Ugh why must I have a job. I'd love to go to a live Critical Role show.,neither,0.05006324394435574,0.29657606567100214,0.6533606903846422
NOOO MUST GO TO LIVE SHOW,neither,0.06730695337444868,0.25205838067188163,0.6806346659536698
oh so glad i'm going to that,neither,0.04574897276044902,0.39247992157568434,0.5617711056638665
yeah that sucks to hear,neither,0.02589944301690482,0.46381938368475917,0.5102811732983361
Birthday stream! FeelsAmazingMan Bidet everyone!!!,neither,0.034008971481017974,0.4227789976242011,0.5432120308947809
bidet from buffalo buffa,neither,0.04069404815304118,0.30931579984010865,0.6499901520068502
i wish i could go. seeing CR live would rank higher than hamilton tickets for me,neither,0.034872099832121285,0.33665807921655183,0.628469820951327
*sob* I canna get there . . . :(,neither,0.038854571567274065,0.2946101369900191,0.6665352914427067
gandsRyanHype,neither,0.03945320844208391,0.33037608806864915,0.630170703489267
Damn it,offensive_language,0.04002844476305787,0.9453293414076719,0.01464221382927025
"Ahh! After catching up watching 105 episodes, I'm finally at this moment",neither,0.03763336257677668,0.3705531894851612,0.5918134479380621
LUL,neither,0.03945320844208391,0.33037608806864915,0.630170703489267
UNPRECEDENTED,neither,0.03945320844208391,0.33037608806864915,0.630170703489267
no fair👊👊👊,neither,0.038346372756906874,0.34916197825705986,0.6124916489860334
"ok, that's it. Road Trip to Indy!",neither,0.04011456911087558,0.35799469002105355,0.6018907408680709
CR LIVE TICKETS https://www.eventbrite.com/e/critical-role-live-tickets-35991259827,neither,0.04323139602390854,0.3290765961081916,0.6276920078678998
Can someone post a link to buy a ticket to the show???,neither,0.05914013446652491,0.26326413724848724,0.6775957282849878
hopefully they won't have mics pointing at the crowd this time....,neither,0.03726567551311603,0.35418138113250935,0.6085529433543746
ILL Be There,neither,0.0399087556028347,0.277879511878421,0.6822117325187443
wish it wasnt a friday :(,neither,0.038132442225539326,0.33083036013504946,0.6310371976394111
"Ugh, I hate that stuff. It's not fair to those of us who, you know, can't be there.",neither,0.2766284664969348,0.2641282713140951,0.45924326218897016
ack Im so broke already!,neither,0.03719083984461783,0.43980523660667264,0.5230039235487095
Rip matt,neither,0.03945320844208391,0.33037608806864915,0.630170703489267
