text,top_class,hate_speech,offensive_language,neither
Channel still offline or my Twitch just being dodgy?,neither,0.02553897087469249,0.43363334943151227,0.5408276796937951
Hear that @voidwalker052,neither,0.033398878724606805,0.3968281174789189,0.5697730037964744
Bidet everyone. First live episode in like 6 months. So excited,neither,0.03943873174575715,0.4398623454398116,0.5206989228144312
is there a CR tonight I can't remember?,neither,0.043980272816917854,0.2750013781264902,0.681018349056592
Art!,neither,0.03945320844208391,0.33037608806864915,0.630170703489267
@inconsistentidiosyncracy super excited!,neither,0.03945320844208391,0.33037608806864915,0.630170703489267
@ZombieKat89 I would be down,neither,0.039142232349617244,0.32777201430712405,0.6330857533432587
r,neither,0.03945320844208391,0.33037608806864915,0.630170703489267
then percy is the best choice,neither,0.04425613426665768,0.3104585874801037,0.6452852782532387
EUROPEANS UNITE (early in the morning XD) !!!!,neither,0.045310850612138694,0.20512278334870482,0.7495663660391565
Bidet everyone!,offensive_language,0.02988896790634741,0.4927062106388782,0.4774048214547744
aaand hype,neither,0.03945320844208391,0.33037608806864915,0.630170703489267
im SO EXCITED been waiting for this,neither,0.03323716477358297,0.37268839243792795,0.594074442788489
REFRESH,neither,0.03945320844208391,0.33037608806864915,0.630170703489267
excitement is real,neither,0.03964103967898625,0.45748158226643065,0.5028773780545832
please vecna fight tonight.. everyone becoming a god is kinda.. boring,neither,0.0386246612035096,0.3769824787409189,0.5843928600555716
F5,neither,0.03945320844208391,0.33037608806864915,0.630170703489267
my mistake action action action action action action action action action action action action action action action action action action action action action action action action,neither,0.03867312189252074,0.3357945601821154,0.6255323179253639
Bidet,neither,0.03945320844208391,0.33037608806864915,0.630170703489267
Reload,neither,0.03945320844208391,0.33037608806864915,0.630170703489267
woo crit art!,neither,0.03945320844208391,0.33037608806864915,0.630170703489267
Bidet everyone!,offensive_language,0.02988896790634741,0.4927062106388782,0.4774048214547744
yay art,neither,0.03945320844208391,0.33037608806864915,0.630170703489267
lunch time for Aussies,neither,0.03138000443903135,0.318880755584839,0.6497392399761296
BIDET From NC,neither,0.04066490145509902,0.30981049537100724,0.6495246031738937
"Refresh, it's live",neither,0.042454907287989174,0.3293436661908331,0.6282014265211776
woot,neither,0.03945320844208391,0.33037608806864915,0.630170703489267
bidet from toronto,neither,0.04066490145509902,0.30981049537100724,0.6495246031738937
#Morningcrew,neither,0.03945320844208391,0.33037608806864915,0.630170703489267
"Midday in Straya, keeping it real",neither,0.030742096729871292,0.46266416759406076,0.506593735676068
bidet from canada,neither,0.04071751644889743,0.3089174816120565,0.6503650019390461
bidet from tennessee,neither,0.04071751644889743,0.3089174816120565,0.6503650019390461
dagger dagger dagger dagger dagger dagger dagger dagger dagger dagger dagger dagger MUSHROOM! MUSHROOM!,neither,0.03945320844208391,0.33037608806864915,0.630170703489267
@bublegum211 Netherlands here gandsSCANLAN,neither,0.09607790202741834,0.28656612893178507,0.6173559690407966
Plot Twitch: Vecna is The Black Powder Merchant,neither,0.06002468570999582,0.3039102925825608,0.6360650217074433
@Eldotpipilo can you make it to toronti,neither,0.08518342400175419,0.3962648645067689,0.5185517114914769
woooooo!!!! first live show :D,neither,0.053439449784434545,0.24088029485424947,0.7056802553613161
@cybearredpanda yeppers,neither,0.03945320844208391,0.33037608806864915,0.630170703489267
plus they should all be bearing the mark of ioun from their induction into the slayers take,neither,0.047410521975104696,0.36374373695714196,0.5888457410677533
It's Showtime! Art is on...,neither,0.04229033585594351,0.3399772062518466,0.6177324578922099
it is live,neither,0.05968954295342926,0.3234158846808855,0.6168945723656852
almost 3am! CR time!,neither,0.038570060573679954,0.34536541222773787,0.6160645271985822
chaboi,neither,0.03945320844208391,0.33037608806864915,0.630170703489267
Heyooooo,neither,0.03945320844208391,0.33037608806864915,0.630170703489267
Excited this is my first time watching live!,neither,0.032524664787038755,0.41246447865080443,0.5550108565621568
Ashley please <3,neither,0.03945320844208391,0.33037608806864915,0.630170703489267
This chat is gonna get out of hand really quickly :D,neither,0.040399793308889896,0.3787541282950435,0.5808460783960665
"The channel has gone live, if you cannot see the FanArt please refresh",neither,0.03737030499864528,0.36316604058772056,0.5994636544136341
bidet from iowa,neither,0.04069404815304118,0.30931579984010865,0.6499901520068502
its up,neither,0.02540825348022648,0.4347329232452923,0.5398588232744811
when they met the sphinx,neither,0.026830217494292995,0.37097397673154264,0.6021958057741644
bidet from brazil,neither,0.04079557052152802,0.30759270029461827,0.6516117291838538
Bidet from NZ =D,neither,0.04228451509352876,0.2823214250720796,0.6753940598343917
I think Tal said in Talks that the Ioun library was enough to make him start believing in Her,neither,0.03546674758117559,0.4390925741722657,0.5254406782465586
Who got married??????,neither,0.03869888777526906,0.47434333842271675,0.4869577738020141
art,neither,0.03945320844208391,0.33037608806864915,0.630170703489267
bidet from Dallas TX,neither,0.040477971317663786,0.312983187652067,0.6465388410302692
Bidet from VA!,neither,0.04066490145509902,0.30981049537100724,0.6495246031738937
Bidet to all!,offensive_language,0.07037653542857761,0.5454179388470466,0.3842055257243759
Bidet from Ohio!,neither,0.040754399270683486,0.3082914838698526,0.650954116859464
Biddet from Michigan!,neither,0.040769555981420263,0.3080342349327864,0.6511962090857933
almost 10 PM here. finally i'm in a place (Miami) at the time of streaming when i'm normally asleep (norway) :),neither,0.051415752901056835,0.3249329919872246,0.6236512551117186
bidet from canada!,neither,0.04071751644889743,0.3089174816120565,0.6503650019390461
#keepTwig,neither,0.03945320844208391,0.33037608806864915,0.630170703489267
bidet,neither,0.03945320844208391,0.33037608806864915,0.630170703489267
"I'm watching live for the first time, tonight",neither,0.02939868903615976,0.2973469068374469,0.6732544041263934
@chimichangakj hello neighbor,neither,0.03945320844208391,0.33037608806864915,0.630170703489267
"first live episode, 3am but the hype is real!!!!!!!!!!",neither,0.03482724434450515,0.4019044476366633,0.5632683080188315
Don't let them put you in a... blind spot,neither,0.04759263058581758,0.39078024498267844,0.5616271244315041
4 AM stream LEZZGO!,neither,0.03923542281563193,0.3304509945322771,0.630313582652091
Bidet from Newfoundland!!,neither,0.04228451509352876,0.2823214250720796,0.6753940598343917
croll,neither,0.03945320844208391,0.33037608806864915,0.630170703489267
"every time you say ""Some jokes are never funny"" Trump gains another Vote",neither,0.08693789956739834,0.3380940158742971,0.5749680845583046
sweet! fan art!!,neither,0.03945320844208391,0.33037608806864915,0.630170703489267
good I need some Taliesin :D,neither,0.02708668334089162,0.3491217839094126,0.6237915327496958
are you insane vekna fight?,neither,0.09726177820397687,0.3266380036405203,0.5761002181555028
ooo fanart,neither,0.03945320844208391,0.33037608806864915,0.630170703489267
Bidet from Vegas,neither,0.040853311764050625,0.30661268071637476,0.6525340075195746
Bidet,neither,0.03945320844208391,0.33037608806864915,0.630170703489267
bidet from alabama critters!,neither,0.04078317879478948,0.307803020237201,0.6514138009680096
Bidet from WA,neither,0.04071751644889743,0.3089174816120565,0.6503650019390461
bidet from the darkness,neither,0.03960389069642851,0.29144428978213127,0.6689518195214403
its on like donkey kong,neither,0.03981300314488327,0.355871415053348,0.6043155818017687
BIDET FROM MARYLAND,neither,0.04066490145509902,0.30981049537100724,0.6495246031738937
Bidet y'all from Indiana!!!,neither,0.04330404745915935,0.3991570390715336,0.5575389134693071
maybe mine will make it in,neither,0.0394245316190955,0.3071990993303243,0.65337636905058
love for my depressing best friend who's basically a brother to me the Vax to my Vex,neither,0.0245727293960323,0.44923870279514166,0.5261885678088261
bidet from Florida,neither,0.0408948396164547,0.30590784468201904,0.6531973157015263
@ZombieKat89 Unfortunately I live no where close XP,neither,0.04326408311410526,0.3172979111111322,0.6394380057747624
bidet from Brazil,neither,0.04079557052152802,0.30759270029461827,0.6516117291838538
Bidet from Florida! It's hot as balls here!,neither,0.08327746263714446,0.4385831191096232,0.4781394182532323
bidet from guyana!!,neither,0.04228451509352876,0.2823214250720796,0.6753940598343917
bidet from Chicago!,neither,0.04078317879478948,0.307803020237201,0.6514138009680096
YAY ART,neither,0.03945320844208391,0.33037608806864915,0.630170703489267
Is this the live show tonight?,neither,0.06871836745617582,0.21689958412308194,0.7143820484207422
Bidet from 10am in Perth WA,neither,0.040362493171218816,0.31494315317118515,0.644694353657596
Bidet and beep beep from Memphis!,neither,0.03967843299723475,0.26489508746062856,0.6954264795421368
Bidet from Las Vegas!,neither,0.040400041164603724,0.3143058657309893,0.6452940931044071
ioun time!,neither,0.036668274527354654,0.377643684699956,0.5856880407726893
Bidet from Omaha!,neither,0.04228451509352876,0.2823214250720796,0.6753940598343917
bidet from calgary,neither,0.04228451509352876,0.2823214250720796,0.6753940598343917
yay,neither,0.03945320844208391,0.33037608806864915,0.630170703489267
CritArt is playing REFRESh if you do not see it and hear the music,neither,0.03804085976119671,0.35724844772905806,0.6047106925097452
@Talamara13 yay another from washington!,neither,0.08295212696733531,0.2514702574587738,0.665577615573891
"Bidet from Ireland! 4 in the morning, so Iprobably won't make it all the way =P",neither,0.04516045245723831,0.275462977578589,0.6793765699641727
"Damn... these artists, man. I'm always blown away.",offensive_language,0.0486190603897565,0.8011948661027386,0.15018607350750487
bidet I am SO READY FOR THIS EPISODE,neither,0.033711350944778104,0.3422932081774058,0.623995440877816
bidet from Iowa,neither,0.04069404815304118,0.30931579984010865,0.6499901520068502
CritRoll,neither,0.03945320844208391,0.33037608806864915,0.630170703489267
Vecna can SUCK MY DICK,offensive_language,0.06338041538684439,0.9224065995108596,0.014212985102295938
Bidet from Alabama,neither,0.04078317879478948,0.307803020237201,0.6514138009680096
@Jadpk Congrats!!,neither,0.03945320844208391,0.33037608806864915,0.630170703489267
this will be live yes,neither,0.04678839660946054,0.30768104058361,0.6455305628069293
I FORGOT WE WERE AT THE LIBRARY,neither,0.03823937113342584,0.32124800147206095,0.6405126273945132
I've been watching the whole critical role episodes. Currently on episode 16 😊,neither,0.025899833984360996,0.32218648422269824,0.6519136817929407
refresh,neither,0.03945320844208391,0.33037608806864915,0.630170703489267
gandsSCANLAN gandsSCANLAN,neither,0.03945320844208391,0.33037608806864915,0.630170703489267
"Bidet from Melbourne, Australia",neither,0.04062582848913359,0.31047366557575606,0.6489005059351104
"Bidet from Anderson, CA",neither,0.04041758291270955,0.31400813648531894,0.6455742806019715
is it just starting??,neither,0.041307575112954964,0.35397024194877996,0.604722182938265
oooo I want that pic of Matt,neither,0.033128059691046444,0.41745221795999476,0.5494197223489588
@magicalanimecat thanks!,neither,0.035884468650613,0.3004919205142699,0.6636236108351171
Bidet,neither,0.03945320844208391,0.33037608806864915,0.630170703489267
Bidet from NC,neither,0.04066490145509902,0.30981049537100724,0.6495246031738937
action E+28,neither,0.03945320844208391,0.33037608806864915,0.630170703489267
bidet from cali,neither,0.04079557052152802,0.30759270029461827,0.6516117291838538
Bidet,neither,0.03945320844208391,0.33037608806864915,0.630170703489267
"Bidet from Israel, 5 am!",neither,0.05936802568155966,0.30452053228264137,0.6361114420357988
Bidet from Adelaide Australia <3,neither,0.04062582848913359,0.31047366557575606,0.6489005059351104
such amazing arts,neither,0.03975573996486892,0.3252413385826288,0.6350029214525024
wooohoooo,neither,0.03945320844208391,0.33037608806864915,0.630170703489267
Percy champion of Ioun PLEASE PLEASE PLEASE,neither,0.03945320844208391,0.33037608806864915,0.630170703489267
Who got married????? wait wait wait who got married???,neither,0.03886700333535847,0.4323499331103272,0.5287830635543144
Question: Has it already started?,neither,0.03761758176490086,0.34076916089901355,0.6216132573360856
i c stream on pc but not on ps4,neither,0.03294136628597649,0.3579871833121674,0.609071450401856
Time for some Darin De Paul!!!!,neither,0.02715223108859032,0.3328479383008759,0.6399998306105338
So much mama pike art <3 <3 <3,neither,0.035768756577069016,0.3742929234337938,0.5899383199891373
who else is blasting the CR theme song for the last 20 mins XD,neither,0.039166131059734925,0.33131365708481114,0.6295202118554539
Bidet from Virginia everyone! Hope everyone had a good two weeks!,neither,0.05047676396026101,0.3708966465223867,0.5786265895173521
@postdataest Thank you.,neither,0.07325166854587051,0.43632638485078484,0.49042194660334476
@dragonchrome thanks,neither,0.035884468650613,0.3004919205142699,0.6636236108351171
first cr livestream with a computer that doesnt shut itself off randomly during important moments :),neither,0.035143637866975906,0.3560167963488213,0.6088395657842027
"bidet from Knoxville, TN, so hype",neither,0.04022393474409499,0.3501906869562176,0.6095853782996875
11 mins,neither,0.03945320844208391,0.33037608806864915,0.630170703489267
bidet from Houston,neither,0.040875471929787875,0.3062365648703896,0.6528879631998226
I have drunk about 5 Red Bulls LET's DO THIS!!!!,neither,0.027234607426802688,0.38110664564371816,0.5916587469294792
Bidet from Cali,neither,0.04079557052152802,0.30759270029461827,0.6516117291838538
Bidet fellow Aussies and all,neither,0.04029631923276026,0.3624615723487766,0.5972421084184633
I marathoned nearly 20 eps in the last week to be caught up for this,neither,0.037280595001773074,0.3328273263346861,0.6298920786635408
bidet,neither,0.03945320844208391,0.33037608806864915,0.630170703489267
"@Eldotpipilo damn, i'll take a pic with your handle, whisper me",offensive_language,0.045340296083954616,0.7210739108443766,0.2335857930716687
bidet from claremont ontario!,neither,0.04062582848913359,0.31047366557575606,0.6489005059351104
"Hi Chat, we have 10 mins before Critical Role ep 106 starts. Please take the opportunity to visit the restroom, grab some drinks and snacks. Pull up a comfy chair, and get ready to watch tonight’s episode.",neither,0.03821614828240193,0.3316632124181227,0.6301206392994754
@Lady_Mayhem Vex and Percy. Eloped.,neither,0.03857111107789432,0.2851340175310554,0.6762948713910502
oh god I just remembered that Darren De Paul is going to be on again tonight.,neither,0.04041142405053197,0.3621646549557511,0.5974239209937169
whoever did a grog portrait in the last episodes......IT WAS AMAZING !,neither,0.03780260107781472,0.320956251386458,0.6412411475357273
Bidet from tempe az,neither,0.04078317879478948,0.307803020237201,0.6514138009680096
online and ready to go!!,neither,0.04663973460265896,0.29042779266254753,0.6629324727347935
@Lady_Mayhem Vex and Vax duh,neither,0.038422865211103545,0.27621000835571474,0.6853671264331818
stream is up,neither,0.045475273565137704,0.38726277146109006,0.5672619549737722
How is everyone?,neither,0.04174190257704939,0.4592949296925435,0.49896316773040705
WHAT!,neither,0.057770773616808734,0.3180719994247239,0.6241572269584672
Beep bep critters!,neither,0.03945320844208391,0.33037608806864915,0.630170703489267
you're welcome @Szorrin,neither,0.10626763448287628,0.35096606821718634,0.5427662972999374
the art hasstarted,neither,0.03827813141413388,0.3087027896769399,0.6530190789089262
sweet,neither,0.03945320844208391,0.33037608806864915,0.630170703489267
Yay!,neither,0.03945320844208391,0.33037608806864915,0.630170703489267
Bidet from VA,neither,0.04066490145509902,0.30981049537100724,0.6495246031738937
Bidet from The Burgh,neither,0.039779025773403386,0.2539611253407979,0.7062598488857987
Bidet from the Big Apple!!!,neither,0.023328877317441456,0.3613364497967864,0.6153346728857721
bidet yo,offensive_language,0.04010381111145228,0.5271105317972344,0.4327856570913131
we are online,neither,0.07280606263752223,0.2778216824054384,0.6493722549570393
Bidet from Canada. Can't wait for this,neither,0.035104453023603974,0.2855505692681588,0.6793449777082373
This is my first time watching live!!,neither,0.03149054315349041,0.4253585666815433,0.5431508901649664
OMG,neither,0.03945320844208391,0.33037608806864915,0.630170703489267
Bidet from Florida! <3,neither,0.0408948396164547,0.30590784468201904,0.6531973157015263
Bidet,neither,0.03945320844208391,0.33037608806864915,0.630170703489267
do you think Percy or Scanlan will get Ioun's patronage?,neither,0.05710796302601972,0.34876181155495395,0.5941302254190263
Bidet,neither,0.03945320844208391,0.33037608806864915,0.630170703489267
"Yaaaas, dat artwork",neither,0.03945320844208391,0.33037608806864915,0.630170703489267
Sorry but omg!!! Serisously?! I am only on episode 22..... lol,neither,0.030439277133655972,0.38305732059662745,0.5865034022697166
@ellza303 excited you?,neither,0.06831604575415924,0.4082687268014507,0.5234152274443901
bidet from cleveland,neither,0.04079557052152802,0.30759270029461827,0.6516117291838538
what's bidet,neither,0.057770773616808734,0.3180719994247239,0.6241572269584672
THE BEHLDER MATT!,neither,0.03831673657550799,0.3094399058884286,0.6522433575360634
"Got drinks, got snacks, got spit towel...",neither,0.037237687761965274,0.41067954326865846,0.5520827689693764
"Beep Beep and Bidet from Dixon, MO!!!",neither,0.039710681526375816,0.2573753227072934,0.7029139957663308
hype,neither,0.03945320844208391,0.33037608806864915,0.630170703489267
my first ever live stream 😊 being in the UK makes it hard to watch these live...,offensive_language,0.0346253079766629,0.5277658076415571,0.43760888438178003
best art LOL,neither,0.03042980842309689,0.3804538521156185,0.5891163394612846
glad to see I remembered right that there would be Critical Role tonight :o,neither,0.038709778774855826,0.32448418192829087,0.6368060392968532
Bidet,neither,0.03945320844208391,0.33037608806864915,0.630170703489267
"Tonight is the night, everyone in the house is quietly waiting",neither,0.037632559821716344,0.359226341611113,0.6031410985671708
Bidet from Pittsburgh,neither,0.04066490145509902,0.30981049537100724,0.6495246031738937
Is Pike still in critical role?,neither,0.04568227323752009,0.34082667535545347,0.6134910514070265
My body is ready regie,neither,0.03405984045513004,0.42505863100050806,0.540881528544362
Bideeeeeeeeeeet,neither,0.03945320844208391,0.33037608806864915,0.630170703489267
Bidet friends,neither,0.03945320844208391,0.33037608806864915,0.630170703489267
"i'm only on episode 13 but Darin's here, sooo",neither,0.06502653373815383,0.3203178008284219,0.6146556654334243
10mnutesTo midnightAnd also critcial role :v,neither,0.03945320844208391,0.33037608806864915,0.630170703489267
bidet from texas,neither,0.040937266849991,0.30518774380265185,0.6538749893473571
gandsSubHype gandsSubHype gandsSubHype gandsSubHype gandsSubHype gandsSubHype gandsSubHype gandsSubHype gandsSubHype gandsSubHype gandsSubHype gandsSubHype gandsSubHype gandsSubHype gandsSubHype gandsSubHype gandsSubHype gandsSubHype gandsSubHype gandsSubHype gandsSubHype gandsSubHype gandsSubHype gandsSubHype,neither,0.03945320844208391,0.33037608806864915,0.630170703489267
bidet from italy,neither,0.04066490145509902,0.30981049537100724,0.6495246031738937
I always love seeing all the amazing fanart :D,neither,0.035883623661163426,0.43898878308644407,0.5251275932523926
:o,neither,0.03945320844208391,0.33037608806864915,0.630170703489267
@truthinaims welcome to live stream!,neither,0.050013410286442885,0.32530121877821894,0.624685370935338
bidet from LA,neither,0.04094187055022747,0.3051096069949388,0.6539485224548338
Bidet! Love ya'll! Texas/Plano is really nice this summer.,offensive_language,0.032076473412232194,0.5030176638660484,0.4649058627217194
no art yet for me,neither,0.02723154911660147,0.3516271158737657,0.6211413350096329
Bidet from Oklahoma!!,neither,0.04066490145509902,0.30981049537100724,0.6495246031738937
It's so good to be back here!,neither,0.11070999870434027,0.33346611137255205,0.5558238899231077
so we are fairly close to the end of this campaign... What do you think people are going to roll in the next one? should they choose to continue CR,neither,0.1113052822104096,0.3417648299813927,0.5469298878081978
Bidey my friends,neither,0.022077970793004758,0.4757527544997119,0.5021692747072832
"The channel has gone live, if you cannot see the FanArt please refresh",neither,0.03737030499864528,0.36316604058772056,0.5994636544136341
DARIN DARIN DARIN DARIN,neither,0.03945320844208391,0.33037608806864915,0.630170703489267
"Bidet and Beep Beep, Chat!",neither,0.038434791122928746,0.27695075939240005,0.6846144494846712
Tonight is the night everyone dies,neither,0.03199795449707514,0.3820735085593219,0.5859285369436029
@Lady_Mayhem I'm just kidding ;),neither,0.033568885735065467,0.35851818951207876,0.6079129247528559
Bidet From SC!,neither,0.040737273169946825,0.30858215849491494,0.6506805683351382
Is Critical Role airing tonight?,neither,0.0429455764594044,0.31268189965373916,0.6443725238868563
Bidet from the desert wasteland of west texas,neither,0.039553560381294296,0.3035555804299878,0.6568908591887178
bidet from whats left of Critical Vapors,neither,0.04033305678964652,0.3154427653893014,0.6442241778210522
er mer gerd,neither,0.03945320844208391,0.33037608806864915,0.630170703489267
i finally get to say this...BIDET!!!!,neither,0.04663749630855153,0.3377578751200481,0.6156046285714002
Refresh if you can't see the art,neither,0.03417995494731837,0.39281924957325814,0.5730007954794234
bidet from latvia,neither,0.04228451509352876,0.2823214250720796,0.6753940598343917
@kolbedanielson try refreshing,neither,0.03945320844208391,0.33037608806864915,0.630170703489267
bidet from oklahoma!,neither,0.04066490145509902,0.30981049537100724,0.6495246031738937
bidet from Minnesota fellow critters!,neither,0.04041510871920598,0.31405013000620496,0.645534761274589
ive watched all episodes,neither,0.04088059541177343,0.38836643730705667,0.5707529672811699
Bidet from Pittsburgh,neither,0.04066490145509902,0.30981049537100724,0.6495246031738937
Percy Gonna Be A Champion,neither,0.03897908779945342,0.3731842014224417,0.587836710778105
@kolbedanielson refresh or switch internet browsers,neither,0.03945320844208391,0.33037608806864915,0.630170703489267
gandsTrinketArmor gandsTrinketArmor gandsGrogSigil gandsGrogSigil gandsAJinSpace gandsAJinSpace gandsSCANLAN gandsSCANLAN gandsDrink gandsDrink gandsNatTwenty gandsNatTwenty,neither,0.03945320844208391,0.33037608806864915,0.630170703489267
Tonight will be great!,neither,0.036767518774640476,0.26068763304380943,0.70254484818155
beep beep,neither,0.03945320844208391,0.33037608806864915,0.630170703489267
Bidet from North Korea!,neither,0.04079557052152802,0.30759270029461827,0.6516117291838538
bidet from ABQ,neither,0.04228451509352876,0.2823214250720796,0.6753940598343917
BIDET!,neither,0.03945320844208391,0.33037608806864915,0.630170703489267
refresh if u don't see art yet,neither,0.026612087237541385,0.37026728291935473,0.603120629843104
bidet from bidet,neither,0.04228451509352876,0.2823214250720796,0.6753940598343917
Bidet from NY!,neither,0.04084513770590474,0.30675141581570226,0.6524034464783931
Is it Thursday yet?,neither,0.04651135664277627,0.32794846724679255,0.6255401761104311
BIDET!,neither,0.03945320844208391,0.33037608806864915,0.630170703489267
bidet from UK 😊,neither,0.04079557052152802,0.30759270029461827,0.6516117291838538
Dkiwell yes,neither,0.03945320844208391,0.33037608806864915,0.630170703489267
Bidet from Plano TX!,neither,0.040473471510038425,0.31305956113103167,0.64646696735893
wheniscriticalrole.com,neither,0.03945320844208391,0.33037608806864915,0.630170703489267
I finally get to watch live!! - Hello from Japan,neither,0.052251437493715865,0.3188701423710678,0.6288784201352163
bidet from Toronto,neither,0.04066490145509902,0.30981049537100724,0.6495246031738937
Sprigg!!!,neither,0.03945320844208391,0.33037608806864915,0.630170703489267
bidet from my office in Florida!,neither,0.029858738221282776,0.3946731100607584,0.575468151717959
gandsRaid gandsRaid gandsRaid gandsRaid gandsRaid,neither,0.03945320844208391,0.33037608806864915,0.630170703489267
idk how on ps4,neither,0.03674395357725719,0.34337373719900227,0.6198823092237407
Hello and Bidet from St. Louis,neither,0.0396007729128621,0.28444087319731454,0.6759583538898234
i hope they vox machina gets to meet victor in vasselheim again,neither,0.07164433338892036,0.26385925635218754,0.6644964102588922
"bidet from wichita, kansas",neither,0.04071751644889743,0.3089174816120565,0.6503650019390461
@Dartasan Er ma gerd!,neither,0.0324397138324897,0.4494133953558397,0.5181468908116706
last time was the one with Sprigg? Or whatever his name was,neither,0.04393097393445225,0.38533844479030893,0.5707305812752388
@Dkidwell Ashley is back in New York for blindspot but pike is still in the group,neither,0.044288060647248634,0.2619679985445954,0.6937439408081559
bidet from,neither,0.04228451509352876,0.2823214250720796,0.6753940598343917
@critvapes whats critical vapers?,neither,0.03945320844208391,0.33037608806864915,0.630170703489267
hello all,neither,0.04217753453783664,0.43734383323855475,0.5204786322236087
bidet from scranton pa!,neither,0.04069404815304118,0.30931579984010865,0.6499901520068502
Bidet,neither,0.03945320844208391,0.33037608806864915,0.630170703489267
I caught up in a matter of weeks,neither,0.03716528366901541,0.37625022616236525,0.5865844901686194
Darin hype!!,neither,0.03945320844208391,0.33037608806864915,0.630170703489267
Thanks you @bobthemagnific,neither,0.0664133987082807,0.37195394430624734,0.5616326569854719
Bidet from Nebraska!,neither,0.04062582848913359,0.31047366557575606,0.6489005059351104
first timer bidet from the netherlandd,neither,0.029192874756390427,0.28092355500977323,0.6898835702338365
bidet from Alabama!,neither,0.04078317879478948,0.307803020237201,0.6514138009680096
Bidet from North Carolina!,neither,0.04040057148408362,0.31429686482539193,0.6453025636905245
gandsSubHype gandsSubHype gandsSubHype gandsSubHype gandsSubHype,neither,0.03945320844208391,0.33037608806864915,0.630170703489267
!critmusic,neither,0.03945320844208391,0.33037608806864915,0.630170703489267
The Critical Role theme song is written by Jason Charles Miller (bit.ly/CRsong ). The fan art music is Twin Elms from the Pillars of Eternity Soundtrack (youtu.be/WYMLvmilS24 ),neither,0.04451672980050135,0.3243004653192533,0.6311828048802453
Bidet,neither,0.03945320844208391,0.33037608806864915,0.630170703489267
rola,neither,0.03945320844208391,0.33037608806864915,0.630170703489267
Bidet from the UK,neither,0.039613273355342184,0.2892653269430044,0.6711213997016535
oh this is finally happening im actually watching CR LIVE AAAAAAAAAAAA,neither,0.04971494430553014,0.3188436236732519,0.6314414320212179
Yay,neither,0.03945320844208391,0.33037608806864915,0.630170703489267
cheer 85,neither,0.03945320844208391,0.33037608806864915,0.630170703489267
Squid1 gandsSCANLAN Squid3 gandsDrink Squid4,neither,0.03945320844208391,0.33037608806864915,0.630170703489267
bidet!,neither,0.03945320844208391,0.33037608806864915,0.630170703489267
It was alot of sleepless nights,neither,0.03802655676954459,0.3327324706788954,0.6292409725515601
@blondie014 yea toronto represent,neither,0.039290108990340473,0.33314431142038553,0.6275655795892741
gandsSubHype,neither,0.03945320844208391,0.33037608806864915,0.630170703489267
bidet from minnesota,neither,0.04071751644889743,0.3089174816120565,0.6503650019390461
"bidet from Conyers, GA!!!",neither,0.040737273169946825,0.30858215849491494,0.6506805683351382
Bidet from SLC!!,neither,0.04228451509352876,0.2823214250720796,0.6753940598343917
Hola,neither,0.03945320844208391,0.33037608806864915,0.630170703489267
bidet frum,neither,0.03945320844208391,0.33037608806864915,0.630170703489267
bidet critters lets get hype for some darin and some god quests!! Hopefully kord is next!!,neither,0.02917895134809869,0.32487943014392123,0.64594161850798
"Bidet from Edmonton, Canada!",neither,0.04071751644889743,0.3089174816120565,0.6503650019390461
"Tonight will be fun, fingers crossed it's a shopping montage with Ioun",neither,0.031077697293434237,0.3261190737570024,0.6428032289495633
DO IT!!!!,neither,0.039361844991312706,0.33040751214889547,0.6302306428597919
Bidet from Delaware!,neither,0.04228451509352876,0.2823214250720796,0.6753940598343917
"Bidet from Atlanta, GA!",neither,0.04042918616695488,0.31381119897869514,0.6457596148543501
Morning from the UK,neither,0.04705955606034625,0.16287965855453254,0.7900607853851213
close and re launch?,neither,0.06448235303197913,0.2415799652014273,0.6939376817665935
Bidet from Japan,neither,0.04069404815304118,0.30931579984010865,0.6499901520068502
Bidet,neither,0.03945320844208391,0.33037608806864915,0.630170703489267
Darin De Paul is back again for this episode right?,neither,0.0384187235731672,0.34220060694055615,0.6193806694862766
Bidet from Germany,neither,0.04069404815304118,0.30931579984010865,0.6499901520068502
welcome @RangerTrinketBear,neither,0.03945320844208391,0.33037608806864915,0.630170703489267
"Guess i forgot my manners. Bidet from Ann Arbor, Michigan",neither,0.03247135136786019,0.37728909629607776,0.5902395523360621
Bidet from NYC,neither,0.04081748366884477,0.3072207769958956,0.6519617393352596
RangerTrinketBear Congrats on catching up! FutureMan,neither,0.03442302130221512,0.3928616551330004,0.5727153235647845
Bidet from Gatesville TX,neither,0.04081748366884477,0.3072207769958956,0.6519617393352596
bidet from a first time live viewer!,neither,0.03585842407811999,0.3334262581833095,0.6307153177385705
bidet from PA 🙂,neither,0.04069404815304118,0.30931579984010865,0.6499901520068502
Are they on break?,neither,0.07100745846234739,0.2872067240630284,0.6417858174746242
Beep Beep from ORLANDO!,neither,0.04062582848913359,0.31047366557575606,0.6489005059351104
bidet from Charlotte,neither,0.04071751644889743,0.3089174816120565,0.6503650019390461
Australia represent!!,neither,0.03945320844208391,0.33037608806864915,0.630170703489267
hi its my first stream from the philippines,neither,0.023130910445478204,0.3722894535051133,0.6045796360494085
Bidet,neither,0.03945320844208391,0.33037608806864915,0.630170703489267
is there no prestream tonight?,neither,0.045904283269996085,0.2711292132104131,0.6829665035195909
Kappa,neither,0.03945320844208391,0.33037608806864915,0.630170703489267
#TheGuild10,neither,0.03945320844208391,0.33037608806864915,0.630170703489267
When is the live show supposed to air?,neither,0.0593119862895897,0.28872493065778876,0.6519630830526215
The fan art music is Twin Elms from the Pillars of Eternity Soundtrack youtu.be/WYMLvmilS24 by Justin Bell,neither,0.0435165631043723,0.3272970796444994,0.6291863572511284
first live episode ive seen in months,neither,0.03727172388622913,0.3311264006406964,0.6316018754730747
got a big fat blunt ready for this,neither,0.07956955650633477,0.29713437407131854,0.6232960694223467
Bidet from sweden,neither,0.04228451509352876,0.2823214250720796,0.6753940598343917
beep beep,neither,0.03945320844208391,0.33037608806864915,0.630170703489267
@fleskarino Yes he is!!!,neither,0.06356978563790174,0.3220812912908292,0.614348923071269
@fleskarino yep,neither,0.03945320844208391,0.33037608806864915,0.630170703489267
bidet!,neither,0.03945320844208391,0.33037608806864915,0.630170703489267
@fleskarino he sure is,offensive_language,0.051454345003153254,0.4984417241046829,0.4501039308921638
Please tell me Darin is back this week? I absolutely love that man's mind.,neither,0.03485507125460094,0.43116687749728333,0.5339780512481157
beep beep!,neither,0.03945320844208391,0.33037608806864915,0.630170703489267
Bidet from Sweden !,neither,0.04228451509352876,0.2823214250720796,0.6753940598343917
@Guitarberserker Haven't started yet.,neither,0.03945320844208391,0.33037608806864915,0.630170703489267
"Bidet from a hospital bed in, Nashville TN. My iv pole goes beep beep",neither,0.033917546033958273,0.36559152953019275,0.600490924435849
moon23 moon24 hey there,neither,0.039367870622775906,0.26767823129172763,0.6929538980854965
good morning and bidet,neither,0.046144305530408644,0.11018069781320122,0.8436749966563901
Australia HeyGuys,neither,0.03945320844208391,0.33037608806864915,0.630170703489267
there we go,neither,0.04083933629015207,0.27628362646603744,0.6828770372438104
we should be close to art,neither,0.0589062697033178,0.36632762623654186,0.5747661040601403
@Eldotpipilo haha I had to scroll back to see what you said. I cannot wait to catch up and see what transpires between vex and percy!,neither,0.05744637010729058,0.35630282128523283,0.5862508086074766
PogChamp DDP PogChamp,neither,0.03945320844208391,0.33037608806864915,0.630170703489267
GOOD MORNING ALL,neither,0.05617101603540504,0.22990603281931743,0.7139229511452775
Bidet-Bidet froom OH!!!,neither,0.051363287716059566,0.22255663153133606,0.7260800807526044
does anyone know where can i get the tiles for flying minies?,neither,0.02583723548053239,0.3787410378859754,0.5954217266334924
Bidet from the desert of AZ,neither,0.03956564134093451,0.3005794157249549,0.6598549429341105
Darinnnnnn,neither,0.03945320844208391,0.33037608806864915,0.630170703489267
anyone else feel like they were missing something last week?,neither,0.04654095676743302,0.3262105090997471,0.6272485341328199
"bidet from FT Worth, Texas",neither,0.04033249563664878,0.3154522896201657,0.6442152147431857
beep beep,neither,0.03945320844208391,0.33037608806864915,0.630170703489267
legend,neither,0.03945320844208391,0.33037608806864915,0.630170703489267
SPRIGG,neither,0.03945320844208391,0.33037608806864915,0.630170703489267
so awesome to see how creative some ppl are,neither,0.0544186795873432,0.33694401874401014,0.6086373016686466
Bidet from San Francisco!,neither,0.040391840503121675,0.31444505235836057,0.6451631071385178
@Szorrin yep!!,neither,0.03945320844208391,0.33037608806864915,0.630170703489267
Where's that tavern chatroom? i lost my old account that had the link for it?,neither,0.02496867537272343,0.3850619347223789,0.5899693899048978
Greetings and salutations from va!!!!,neither,0.039665017157423446,0.26811748049299106,0.6922175023495856
knock knock.... right,neither,0.03875078821631061,0.3440878440072791,0.6171613677764103
@Szorrin yes he is back,neither,0.05946508991805008,0.3234930843721816,0.6170418257097683
Bidet!,neither,0.03945320844208391,0.33037608806864915,0.630170703489267
Bidet from Oregon!!,neither,0.04071751644889743,0.3089174816120565,0.6503650019390461
Bidet from Seattle! It's Thursday!,neither,0.03910220125085397,0.31433012380199565,0.6465676749471504
bidet from DC. welcome all 1st timers,neither,0.04146939919546575,0.36703412512377626,0.591496475680758
Bidet,neither,0.03945320844208391,0.33037608806864915,0.630170703489267
my prestream keeps closing the twitch app,neither,0.031512861314693226,0.37443477740458164,0.5940523612807252
bidet from,neither,0.04228451509352876,0.2823214250720796,0.6753940598343917
anyone know if ash is skyping in tonight?,neither,0.028764444943673285,0.35206272035376973,0.619172834702557
gandsMatt,neither,0.03945320844208391,0.33037608806864915,0.630170703489267
Hi from Kansas,neither,0.04047678480113211,0.313003325934171,0.6465198892646968
"Many thanks to Darin DePaul for coming back, love him",neither,0.035711823721954306,0.3039990552827653,0.6602891209952805
hey everyone,neither,0.031959242684595296,0.4575682446653829,0.5104725126500218
beep beep,neither,0.03945320844208391,0.33037608806864915,0.630170703489267
they going till 4 in the morning wow hope I don't fall asleep,neither,0.06627175879984806,0.18022195606653882,0.7535062851336131
NonDripHelmet <3 <3 <3,neither,0.03945320844208391,0.33037608806864915,0.630170703489267
bidet from the UK,neither,0.039613273355342184,0.2892653269430044,0.6711213997016535
OH shout out!,neither,0.04003913851332967,0.29092257441488817,0.6690382870717821
Bidet from Arrack,neither,0.04228451509352876,0.2823214250720796,0.6753940598343917
bidet from northwest florida~,neither,0.0408948396164547,0.30590784468201904,0.6531973157015263
what is bidet?,neither,0.08191733112755817,0.31109320414220176,0.6069894647302402
"awritey, all thats missing is pizza, brb",neither,0.046907151710250436,0.38076856206116144,0.5723242862285882
Bidet from San Diego,neither,0.040446282760733435,0.31352102516371877,0.6460326920755478
Bidet from Norcal!,neither,0.04228451509352876,0.2823214250720796,0.6753940598343917
good to see Darin back for this!,neither,0.038806372640091576,0.29402744972726974,0.6671661776326386
tentative episode title: the endless library. Doesn't bode well for Grog^^,neither,0.03544177097272078,0.3038197234762771,0.660738505551002
bidet from Phoenix AZ,neither,0.04039617012658628,0.31437156734874944,0.6452322625246643
woot UK,neither,0.03945320844208391,0.33037608806864915,0.630170703489267
Bidet Canada!,neither,0.03945320844208391,0.33037608806864915,0.630170703489267
Bidet from Dallas!,neither,0.04081748366884477,0.3072207769958956,0.6519617393352596
bidet form cali,neither,0.03945320844208391,0.33037608806864915,0.630170703489267
@Dantar12 @ohgodnotemily Yay!,neither,0.03945320844208391,0.33037608806864915,0.630170703489267
Hello everyone!,neither,0.03269494828970791,0.4450814005079928,0.5222236512022994
"Gilmore has a nice butt, apparently",neither,0.04447577145893754,0.3621195520718231,0.5934046764692393
"after all these years i am here, first time Sub",neither,0.07442509588366358,0.4337445557786376,0.4918303483376989
Bidet from Australia,neither,0.04062582848913359,0.31047366557575606,0.6489005059351104
"REFRESH your page, Art is playing",neither,0.06874843672710546,0.32169444317618473,0.6095571200967097
"It would be cool if percy got the ability to have ultra forsight, He gains the ability to know every thing about his suroundings for a few seconds letting him calculate the near future.",neither,0.04100534032616909,0.34687010369595783,0.612124555977873
"Bidet from Poughkeepsie, New York! Beep beep!",neither,0.044690599332616286,0.20708884905532376,0.7482205516120599
Bidet from Michigan!,neither,0.040769555981420263,0.3080342349327864,0.6511962090857933
"whoot, Bidet from Newfoundland, Canada",neither,0.04071751644889743,0.3089174816120565,0.6503650019390461
"Arts started, refresh if you don't see it.",neither,0.03349166190456869,0.4172160346956303,0.5492923033998011
Hi,neither,0.03945320844208391,0.33037608806864915,0.630170703489267
Bidet from down under gandsSubHype gandsSubHype gandsSubHype gandsRaid,neither,0.04076143500190697,0.30817206914919465,0.6510664958488983
