text,top_class,hate_speech,offensive_language,neither
PogChamp,neither,0.03945320844208391,0.33037608806864915,0.630170703489267
LIVE,neither,0.04891340716200846,0.3271222919257548,0.6239643009122369
"The channel was gone live. If you cannot see the behind the scenes studio shenanigans , please refresh.",neither,0.037123216220422695,0.35268685963643964,0.6101899241431378
\ FeelsGoodMan /,neither,0.03945320844208391,0.33037608806864915,0.630170703489267
zxhjfkl,neither,0.03945320844208391,0.33037608806864915,0.630170703489267
@Risingexodus Nice! :D,neither,0.03945320844208391,0.33037608806864915,0.630170703489267
no behind the scenes camera this week? sadness,neither,0.038356269661119234,0.3299223834389785,0.6317213468999022
its raining in la! the gang's gonna drown!,neither,0.034393053059075335,0.3510244922156172,0.6145824547253075
hi again,neither,0.037150207243185115,0.36946402876814954,0.5933857639886654
BTS cam is up,neither,0.04569466712916702,0.38922757391519713,0.5650777589556358
BTS Cam is <---- RIGHT THERE,neither,0.04676043054909867,0.3033210590232984,0.6499185104276028
"The channel was gone live. If you cannot see the behind the scenes studio shenanigans , please refresh.",neither,0.037123216220422695,0.35268685963643964,0.6101899241431378
bidet from Alaska yalls,neither,0.04036266062233628,0.31494031108870923,0.6446970282889545
Bidet from pittsburgh,neither,0.04066490145509902,0.30981049537100724,0.6495246031738937
"so we have a ""Cold Open"" in the future i see",neither,0.038120847300298646,0.3609389169275445,0.6009402357721568
@mhairithewitch maybe when the queen passes away britian mightrule the world again... probably not XD,neither,0.031121690483301382,0.35900504860079985,0.6098732609158989
"Bidet from San Pedro, CA",neither,0.040274207321372275,0.3164415944507888,0.6432841982278389
"lotsa folks from PA, woop woop",neither,0.040450977099085385,0.31344134999063933,0.6461076729102754
"Can you scroll the script, please? I'm here for spoilers.",neither,0.08048077420332764,0.2930572545372979,0.6264619712593744
*reading the teleprompter xD,neither,0.03820879748569189,0.3073736225777452,0.6544175799365629
How is summer in Alaska?,neither,0.046772309356312936,0.3278587136424634,0.6253689770012236
This music rocks,neither,0.03935361087003737,0.3320665187952291,0.6285798703347335
"@Rogue_13 not a proper geordie, i am geordie adjacent",neither,0.03783926323590385,0.3357506043962501,0.6264101323678462
lol,neither,0.020706217963973744,0.4882283491876925,0.4910654328483337
7pm PST ?,neither,0.03945320844208391,0.33037608806864915,0.630170703489267
lol turntsday,neither,0.020706217963973744,0.4882283491876925,0.4910654328483337
start time?,neither,0.03765918851439628,0.36082528826042787,0.6015155232251759
#StayingTurnt,neither,0.03945320844208391,0.33037608806864915,0.630170703489267
The turnt is over 9000,neither,0.043751494678702124,0.3112654136142199,0.6449830917070778
lmfao,neither,0.05470637918084239,0.32512982320825545,0.6201637976109021
@samoht21 yes,neither,0.03945320844208391,0.33037608806864915,0.630170703489267
"what's with the lights,",neither,0.031033336671834548,0.35069274509186316,0.6182739182363024
"ah, cool, mhairithewitch - Originally from Durham, but now just North of the Toon now",neither,0.03539921915801222,0.3284357789740115,0.6361650018679763
!starttime,neither,0.03945320844208391,0.33037608806864915,0.630170703489267
who are the guests today? havent been checking twitter that much,neither,0.04660767015675184,0.4217297795712794,0.5316625502719688
"nice, very rainy @thundron2 avg temp is 70 with highs at 98",neither,0.036622633888620366,0.36231779813161263,0.6010595679797671
18 mis to go folks,neither,0.04568784045932929,0.3304295952150364,0.6238825643256344
@Quiceri only if haha,neither,0.0159615072511298,0.4820090270611046,0.5020294656877657
lolz,neither,0.03945320844208391,0.33037608806864915,0.630170703489267
We saw nothing! :),neither,0.036199813766763,0.38559468639235867,0.5782054998408783
@Dragonchrome Thank you.,neither,0.07325166854587051,0.43632638485078484,0.49042194660334476
Turnt for initiative,neither,0.03421235147414839,0.30419572543635764,0.6615919230894939
uhh matt,neither,0.03945320844208391,0.33037608806864915,0.630170703489267
!uptime,neither,0.03945320844208391,0.33037608806864915,0.630170703489267
Who's on tonight other than Darin?,neither,0.03351504065641025,0.39101968141049276,0.575465277933097
I have a present for the first 500 Critters who find me at Gencon: https://www.facebook.com/groups/CriticalRoleFanClub/permalink/724462534422191/,neither,0.02495541786608767,0.3481058931582512,0.6269386889756612
Talks Machina is on every Tuesday 7pm - 8pm PDT http://www.wheniscriticalrole.com/talksmachina,neither,0.04000392966313582,0.27734818689170626,0.6826478834451579
Bidet from New Jerset,neither,0.046710622032705686,0.1542697019613409,0.7990196760059534
M and M,neither,0.03763944115734239,0.1918412352459551,0.7705193235967025
Me. Im on tonight,neither,0.024351234330703398,0.4034752444426444,0.5721735212266523
"On The show tonightMatt twitter.com/matthewmercer, Marisha twitter.com/Marisha_Ray , Darin De Paul twitter.com/DarinDePaul, and Brian Wayne Foster twitter.com/BrianWFoster",neither,0.04116295283611829,0.4237627306115057,0.535074316552376
Bidet,neither,0.03945320844208391,0.33037608806864915,0.630170703489267
"@mhairithewitch britain would turn the world into a fantasy land tho, I swear... XD",neither,0.03634546667045614,0.32303676813985144,0.6406177651896925
Bidet from Canada,neither,0.04071751644889743,0.3089174816120565,0.6503650019390461
gands2YearHype gandsLessthanthree,neither,0.03945320844208391,0.33037608806864915,0.630170703489267
Ahh @ShandraVdeG I will try to find you!,neither,0.0715488652980047,0.25695944715539615,0.6714916875465992
I only just got what bidet means,neither,0.03857359241856509,0.3998685397681481,0.5615578678132868
Bidet from Connecticut,neither,0.04062582848913359,0.31047366557575606,0.6489005059351104
super excited for GenCon,neither,0.03325929314808761,0.29945058954793624,0.6672901173039761
bidet from sweden gandsLessthanthree,neither,0.04228451509352876,0.2823214250720796,0.6753940598343917
@akalien pretty warm actually I was expecting it would be a bit chilly there :),neither,0.03841661302933609,0.30649460502648684,0.655088781944177
Oooo~ Mercer,neither,0.03945320844208391,0.33037608806864915,0.630170703489267
bidet,neither,0.03945320844208391,0.33037608806864915,0.630170703489267
@Dragon33657 welcome to the family then,neither,0.045469701666177004,0.3098925569384913,0.6446377413953316
You mean America 2 @bobthemagnificent,hate_speech,0.40677167884367205,0.19733256997461893,0.395895751181709
bidet from houston tx,neither,0.040501953574932,0.3125761461575217,0.6469219002675464
Beep Beep from Orlando,neither,0.04062582848913359,0.31047366557575606,0.6489005059351104
"Critical Role Discord, anyone? Asbestos free! http://discord.gg/criticalrole",neither,0.036866132921595,0.24608673446781437,0.7170471326105906
bidet :D,neither,0.03945320844208391,0.33037608806864915,0.630170703489267
Bidet from Canada o/,neither,0.04071751644889743,0.3089174816120565,0.6503650019390461
what's this?,neither,0.05282537120001614,0.3246287851332521,0.6225458436667317
"@Quiceri britain would fuck the world up, i mean it has already fucked it self pretty badly",offensive_language,0.08317198830013861,0.8959081029585048,0.020919908741356616
@AlyMccART Hope to see you there!,neither,0.15870353125940467,0.17415410163250514,0.6671423671080902
Bidet from Hong Kong,neither,0.040334677536117594,0.315415257091876,0.6442500653720065
Beep Beep from England <3,neither,0.04071751644889743,0.3089174816120565,0.6503650019390461
Beep boop bidet from Michigan,neither,0.04037273474496936,0.3147693269362608,0.6448579383187697
Bidet from France!!!,neither,0.04071751644889743,0.3089174816120565,0.6503650019390461
Bidet from Minnesota,neither,0.04071751644889743,0.3089174816120565,0.6503650019390461
Bidet from Maryland,neither,0.04066490145509902,0.30981049537100724,0.6495246031738937
Bidet from Vegas,neither,0.040853311764050625,0.30661268071637476,0.6525340075195746
"@thundron2 that's the winter, at thanksgiving and in Feb we can see -50 worst I have seen is -55",neither,0.040437854151248315,0.32755777512893614,0.6320043707198155
@Dragon33657 Heheehe! Love it. Glad you're in on the joke. Bidet from AZ,neither,0.05950293264273828,0.3352572546612024,0.6052398126960593
Bidet from Mass!,neither,0.04078317879478948,0.307803020237201,0.6514138009680096
bidet from tulsa!!!,neither,0.04228451509352876,0.2823214250720796,0.6753940598343917
Bidet from Kansas City,neither,0.04050054910234117,0.3125999837227694,0.6468994671748894
bidet from Torrance California,neither,0.06971251856910227,0.2972619859879888,0.633025495442909
This show will be a welcome respite from the madness that was tonight's episode of Dice Camera Action,neither,0.0438878794754275,0.27746329028810784,0.6786488302364647
Bidet from Maine!,neither,0.04069404815304118,0.30931579984010865,0.6499901520068502
Bidet from Georgia,neither,0.04066490145509902,0.30981049537100724,0.6495246031738937
"@mhairithewitch Nah, I think the whole world has fucked itself up... XD",offensive_language,0.03915682103516891,0.6053772083590552,0.3554659706057758
Bidet from CA,neither,0.04084513770590474,0.30675141581570226,0.6524034464783931
Go Maine Go!,neither,0.04170971143854952,0.33822290419946477,0.6200673843619856
Bidet from Houston!,neither,0.040875471929787875,0.3062365648703896,0.6528879631998226
bidet from belgum,neither,0.04228451509352876,0.2823214250720796,0.6753940598343917
bidet from DC,neither,0.0408364874901429,0.30689823255244486,0.6522652799574122
@Quiceri true that XD,neither,0.033388572507466706,0.39694385908644536,0.569667568406088
"Talks Machina is where some of the people who have been on Critical Role , talk about eth previous weeks episode , in this case episode 106",neither,0.03853767495579642,0.36554807336308487,0.5959142516811187
Tis it turntsday yet,neither,0.03709237510317365,0.33118808691133556,0.6317195379854906
has a present for the first 500 Critters who find me at Gencon: https://twitter.com/shandravdeg/status/892553810849267712,neither,0.030339887202199864,0.37886369160427186,0.5907964211935282
bidet from Lake Forest CA,neither,0.040252367988660484,0.31681226492302444,0.642935367088315
@GeekandSundry Is this Sax?,neither,0.06444388513749441,0.32581973129223984,0.6097363835702658
"anyone happen to know 2 quick things? what time and day the live CR from GenCon will be, I know its not at the normal Thursday, I think its on a sunday or somthing",neither,0.038778554561894565,0.3017162404484247,0.6595052049896808
i love how the board flashed as if it were a quest object,neither,0.024208917005371436,0.3729535345820111,0.6028375484126175
"They capitaized ""Stay"" but not ""turntsday"" ....",neither,0.03348971196736802,0.35010670827208723,0.6164035797605447
@owifig of course,neither,0.03945320844208391,0.33037608806864915,0.630170703489267
@glados131 otal emotional roller coaster on DCA,neither,0.035719117494545226,0.3484668974771979,0.6158139850282569
Bidet from south Dakota.,neither,0.04041079298828133,0.31412337922315653,0.6454658277885622
"A wild Eric Campbell, Hi @Eric",neither,0.03945320844208391,0.33037608806864915,0.630170703489267
bidet from Maine,neither,0.04069404815304118,0.30931579984010865,0.6499901520068502
Lets see what Thursday brings,neither,0.04305375104224826,0.3377131016337773,0.6192331473239744
@ToonEzon I think it's gonna be Friday at 8... eastern??? central??,neither,0.037917167320280075,0.37678411320467364,0.5852987194750463
Bidet from Ottawa,neither,0.04228451509352876,0.2823214250720796,0.6753940598343917
GenCon live show is on Friday,neither,0.0692078200393145,0.2614793311512434,0.6693128488094421
anyone have a good drinking game for TM?,neither,0.03418924748627359,0.2884029742173554,0.6774077782963711
More Mainers. Hey @Cloudx7x,neither,0.042320989197984944,0.31555176322204403,0.6421272475799709
bidet from Oregon,neither,0.04071751644889743,0.3089174816120565,0.6503650019390461
!uptime,neither,0.03945320844208391,0.33037608806864915,0.630170703489267
Bidet from Michigan!,neither,0.040769555981420263,0.3080342349327864,0.6511962090857933
"@GeekandSundry Sax Carr: Born in Maine, Living in exile",neither,0.03945320844208391,0.33037608806864915,0.630170703489267
It will start on time today? Or earlier?,neither,0.035239772264474285,0.3200080028317432,0.6447522249037826
I like it here.,neither,0.20535386018809643,0.26888708804075423,0.5257590517711495
bidet from CO,neither,0.04181741232017598,0.2902493781769742,0.6679332095028498
bidet from texas!,neither,0.040937266849991,0.30518774380265185,0.6538749893473571
@geekandsundry excited to watch TM live for the first time,neither,0.039657588156204994,0.3104591234998328,0.6498832883439623
@Toon Friday at 8pm Eastern I think???,neither,0.03926454774391317,0.3413633374938423,0.6193721147622446
@isaluteya the quest is to always be Turnt,neither,0.04994770400833883,0.358117687698652,0.5919346082930091
@ToonEzon http://geekandsundry.com/buy-your-tickets-for-critical-role-live-now/,neither,0.05232133827254565,0.24453324823283776,0.7031454134946166
"Bidet from NC , just off work. did I make it on time?",neither,0.033347658944492715,0.35659345336663245,0.6100588876888748
TM Drinking Game: Drink whenever Brian makes a terrible joke,neither,0.03907053204252944,0.3083811603267356,0.652548307630735
"so, anyone else happy that Vex helped Scanlan with his challenge (cause he helped Vex in hers?) cause I know I was :D",neither,0.0422952610758919,0.40861133495314955,0.5490934039709585
how long?,neither,0.03908934559293424,0.3273291474155956,0.6335815069914702
Bidet from Kansas!,neither,0.04071751644889743,0.3089174816120565,0.6503650019390461
lol @GeekandSundry,neither,0.020706217963973744,0.4882283491876925,0.4910654328483337
Ya @caleoondamen,offensive_language,0.017331157930923866,0.7872544665869478,0.19541437548212848
"I still have not figure out what ""Bidet"" is.",neither,0.04494303519941247,0.3656645164286352,0.5893924483719525
"and second, I was dumb enugh of a procrastinator to have missed the preorder, anyone happen to know if/when regular sale o the Taldorei guide will be back, and it it'll be the same price? thanks all",neither,0.03116562388124539,0.33614185817224873,0.6326925179465058
about 13 misn to go,neither,0.046989767163938156,0.3620394846840549,0.5909707481520069
@danteblackwater we'd have to get our stomachs pumped,neither,0.044158575072598676,0.3445915412938798,0.6112498836335214
Who is on this week?,neither,0.04641613762051184,0.4272984989902929,0.5262853633891953
"New Talks Machina anthem : ""Turnt Down for What""",neither,0.04116551392638108,0.24531184422937674,0.7135226418442422
@danteblackwater i would be gone in the first 10 mins,neither,0.032803610295102384,0.31894142873524134,0.6482549609696562
"@GeekandSundry I beg of you... capitalize ""Turntsday."" It is killing me",neither,0.05244326909042646,0.4070109387500223,0.5405457921595512
@techwolf_lupindo you need to watch the show more lol,neither,0.08593263029852118,0.3159511614171741,0.5981162082843047
Talks Machina is on every Tuesday 7pm - 8pm PDT http://www.wheniscriticalrole.com/talksmachina,neither,0.04000392966313582,0.27734818689170626,0.6826478834451579
#Turntsday,neither,0.03945320844208391,0.33037608806864915,0.630170703489267
@raijunkain No Kappa,neither,0.03852177801590115,0.3461848932406789,0.6152933287434199
@techwolf_lupindo when grog was In the desert place. he said bidday,neither,0.03670701646912669,0.31426976432336007,0.6490232192075133
thanks @AlyMccART thanks @Dasbif,neither,0.035884468650613,0.3004919205142699,0.6636236108351171
You won't find out about bidet until they visit the desert.,neither,0.04808980690643514,0.31397775702435554,0.6379324360692092
LOL,neither,0.020706217963973744,0.4882283491876925,0.4910654328483337
"@ToonEzon it will be the same price, no date on when preorders go up again yet. Follow greenronin for updates.",neither,0.027229477246025372,0.38870235515177454,0.5840681676022002
LOL,neither,0.020706217963973744,0.4882283491876925,0.4910654328483337
"Our guests this Tuesday are Matt twitter.com/matthewmercer, Marisha twitter.com/Marisha_Ray and Darin De Paul twitter.com/DarinDePaul and Hosted by Brian Wayne Foster twitter.com/BrianWFoster to discuss episode 106.",neither,0.04572581083787058,0.4228923855194153,0.5313818036427141
LUL,neither,0.03945320844208391,0.33037608806864915,0.630170703489267
Bidet from New York,neither,0.044690599332616286,0.20708884905532376,0.7482205516120599
whoa language,neither,0.03945320844208391,0.33037608806864915,0.630170703489267
"""Brian is a pee pee face""",neither,0.04435245569175706,0.328691012281552,0.626956532026691
Brian is apparently a pee pee face,neither,0.04401840336284367,0.3288059081956361,0.6271756884415202
Brian most definitely is a pee pee face,neither,0.04384892953732266,0.3288641980155572,0.6272868724471202
hey now,neither,0.03945320844208391,0.33037608806864915,0.630170703489267
#BrianIsAPeePeeFace,neither,0.03945320844208391,0.33037608806864915,0.630170703489267
Bidet from Bethlehem PA,neither,0.04069404815304118,0.30931579984010865,0.6499901520068502
@Dragonchrome Why am I not a guest on talks? ::thinking face::,neither,0.02928677532389599,0.35346209423427183,0.6172511304418323
"Srsly alpha sucks, can't watch live on app or my phone's browser",neither,0.03616053567849053,0.3869914953868456,0.576847968934664
pee pee face brian,neither,0.03945320844208391,0.33037608806864915,0.630170703489267
KappaHD,neither,0.03945320844208391,0.33037608806864915,0.630170703489267
#BrianIsAPeePeeFace,neither,0.03945320844208391,0.33037608806864915,0.630170703489267
Bidet from Ioway,neither,0.04228451509352876,0.2823214250720796,0.6753940598343917
"ok, thanks again @Dasbif",neither,0.03526563543273795,0.34553912949854887,0.6191952350687132
bidet everyone!! where are my fellow Aussie critters,neither,0.043348255587733135,0.43277926001427747,0.5238724843979894
#BrianIsAPeePeeFaceWhoSmellsLikeCabage,neither,0.03945320844208391,0.33037608806864915,0.630170703489267
turnttt,neither,0.03945320844208391,0.33037608806864915,0.630170703489267
"...does this mean Hemsworth is now playing ""The Almighty Turnts"" in the MCU?",neither,0.03261023407319837,0.4023283302454011,0.5650614356814005
#Briansfacesmellsfaintlyofurine,neither,0.03945320844208391,0.33037608806864915,0.630170703489267
@Dasbif good question ;),neither,0.038603349900201235,0.3306683933919781,0.6307282567078207
Why watch live on Alpha when you can watch here and talk to other nerds,neither,0.0525190391476063,0.35038262569567674,0.5970983351567171
Brian the Foster parent,neither,0.03877810038986545,0.3181014321262636,0.6431204674838711
"So Grog is the smith, Percy the engineer, does Kiki need a ""god bean"" or should she just become a goddess?",neither,0.03776120805110138,0.4664926722903106,0.495746119658588
"Bidet from Spokane, WA. :D o/",neither,0.04071751644889743,0.3089174816120565,0.6503650019390461
#BrianisAPeePeeFace!!,neither,0.03945320844208391,0.33037608806864915,0.630170703489267
"the time they pst for the sow, is that central or passific?",neither,0.035593037349524195,0.3307373881370558,0.63366957451342
#CabbagePee,neither,0.03945320844208391,0.33037608806864915,0.630170703489267
Alpha has a chat too,neither,0.039578782748430824,0.32824476436711736,0.6321764528844518
Bday everyone,neither,0.03269494828970791,0.4450814005079928,0.5222236512022994
hello my fellow nerds,neither,0.030568026154346346,0.39777516339299024,0.5716568104526635
"yeah, but not THIS chat",neither,0.020995162421802747,0.45112616177762443,0.5278786758005729
Bidet from Houston Tx,neither,0.040501953574932,0.3125761461575217,0.6469219002675464
you're welcome @ToonEzon <3,neither,0.10626763448287628,0.35096606821718634,0.5427662972999374
bidet critters,neither,0.03945320844208391,0.33037608806864915,0.630170703489267
Turnt,neither,0.03945320844208391,0.33037608806864915,0.630170703489267
i think Pacific,neither,0.04078787600207219,0.3077232963708793,0.6514888276270485
Morning guys and girls,neither,0.029536709019267908,0.23349954101488568,0.7369637499658465
I vote goddess @ladysanrio,neither,0.03945320844208391,0.33037608806864915,0.630170703489267
@Jayplussilentbob All time Pacific,offensive_language,0.04076203391786154,0.5255519094537736,0.4336860566283649
;) @Dragonchrome XD XD,neither,0.03945320844208391,0.33037608806864915,0.630170703489267
I always have both on in case one dies,neither,0.03511859322567974,0.4102091930302682,0.5546722137440521
"I want the after dark segment and I can ask questions in alpha chat, that's why",neither,0.031078181449060667,0.3261741763212971,0.6427476422296423
This chat is probably the worst one. The discord is probably the best one,neither,0.04447093509206382,0.3428749425331991,0.6126541223747372
Bidet from Oklahoma!,neither,0.04066490145509902,0.30981049537100724,0.6495246031738937
Though u guys are cool too,neither,0.06513590433668029,0.29115316339887876,0.643710932264441
Bidet,neither,0.03945320844208391,0.33037608806864915,0.630170703489267
Am I cool,neither,0.03917014212920311,0.3304734475538252,0.6303564103169718
Sword guy!,neither,0.03897224588460658,0.3385392778812917,0.6224884762341019
And both are working fine for me right nopw,neither,0.04443569557302203,0.2867346347089448,0.6688296697180331
what is this song :O,neither,0.05996683045653229,0.33256274023851656,0.6074704293049512
#WeHaveSwordGuy,neither,0.03945320844208391,0.33037608806864915,0.630170703489267
Sounds like something from Avatar,neither,0.04983790996691926,0.32838279473242993,0.6217792953006508
hey this chat's all i know,neither,0.041162123273672246,0.4048169910871508,0.5540208856391771
"I've actually never watched live before, but you have to watch CR on Twitch for giveaways right?",neither,0.029914748251384595,0.3966624322945845,0.5734228194540308
Hi CHat,neither,0.03945320844208391,0.33037608806864915,0.630170703489267
#swordguy,neither,0.03945320844208391,0.33037608806864915,0.630170703489267
That man loves that sword,neither,0.033253185304840054,0.44871470619723147,0.5180321084979285
The intro music (before Brian's intro and before the theme song) is on Syrinscape -- Electric Hell from the Hells Rebels sound set.,neither,0.03760500092664066,0.46518992096487677,0.4972050781084827
darude sandstorm,neither,0.03945320844208391,0.33037608806864915,0.630170703489267
#swordguy!!,neither,0.03945320844208391,0.33037608806864915,0.630170703489267
Bidet from NYC fellow critters,neither,0.04045712835854078,0.31333694706417314,0.646205924577286
BIDET ALL! gandsSubHype gandsSubHype gandsSubHype gandsSubHype,offensive_language,0.046917543854519406,0.6277741405869331,0.3253083155585475
sworddddd,neither,0.03945320844208391,0.33037608806864915,0.630170703489267
Bidet,neither,0.03945320844208391,0.33037608806864915,0.630170703489267
@Dridden you have to switch over to twitch chat for giveaways,neither,0.05216441663063877,0.3383144321975231,0.6095211511718381
Kill Brian foster sword dude!!!!,neither,0.22920926990437732,0.24134960822389445,0.5294411218717282
Bidet from michigan,neither,0.040769555981420263,0.3080342349327864,0.6511962090857933
#Whatmandoesn'tlovehissword;),neither,0.03945320844208391,0.33037608806864915,0.630170703489267
"its so weird going from an internet speed where I could only stream in 360p, to one where I can stream in 720p... I can read peoples shirts! :D",neither,0.04058147834999997,0.3326197091279307,0.6267988125220694
1st time watching live! no more vodsquad!!!,neither,0.04324898480577056,0.3494484687123051,0.6073025464819244
@Dridden or submit fan art / gif of the week from last show,neither,0.04882108486559558,0.26134781445545996,0.6898311006789445
NO BRIAN! HE WILL CUT YOU,neither,0.06303063402620451,0.36280855160420195,0.5741608143695934
sword guy!!,neither,0.03897224588460658,0.3385392778812917,0.6224884762341019
Bidet from nyc also,neither,0.04057131983137493,0.31139881975418143,0.6480298604144437
"Bidet from Atlanta, GA",neither,0.04042918616695488,0.31381119897869514,0.6457596148543501
Slay him for the exp,neither,0.034052406458517016,0.29705929426895095,0.668888299272532
@dridden yes during the break is a giveaway,neither,0.04656230769880002,0.31194697909028696,0.6414907132109131
"Beep Beep from Sydney, Australia",neither,0.04031924518627951,0.315677184343852,0.6440035704698686
bidet from Brisbane Australia,neither,0.04062582848913359,0.31047366557575606,0.6489005059351104
hahaha,neither,0.03945320844208391,0.33037608806864915,0.630170703489267
#consulewoes,neither,0.03945320844208391,0.33037608806864915,0.630170703489267
