text,top_class,hate_speech,offensive_language,neither
hey @Fatty_Melt,neither,0.03945320844208391,0.33037608806864915,0.630170703489267
Greetings from NYC,neither,0.04081748366884477,0.3072207769958956,0.6519617393352596
Raw Crab Battle,neither,0.03945320844208391,0.33037608806864915,0.630170703489267
Hello!!,neither,0.03945320844208391,0.33037608806864915,0.630170703489267
!twc,neither,0.03945320844208391,0.33037608806864915,0.630170703489267
Here are some handy The Wednesday Club resources! TWC Reddit: reddit.com/r/WednesdayClub/ Discord: https://discord.gg/6QK9fVB,neither,0.07776393184591858,0.2774359134481101,0.6448001547059714
It's a Hector!,neither,0.034373745257138544,0.33212314837979673,0.6335031063630647
Yay Hector!,neither,0.03945320844208391,0.33037608806864915,0.630170703489267
woohoo!,neither,0.03945320844208391,0.33037608806864915,0.630170703489267
PogChamp PogChamp PogChamp PogChamp,neither,0.03945320844208391,0.33037608806864915,0.630170703489267
"Hello, Wednesday Clubbers",neither,0.03945320844208391,0.33037608806864915,0.630170703489267
"no dallansday is away in the middle of the week, where we honor/Give are praises and most humble salutations to our wonderful goddess of knowlage a",neither,0.05789259124344141,0.2588395257370122,0.6832678830195464
Yaaay!,neither,0.03945320844208391,0.33037608806864915,0.630170703489267
Woooo!!!!,neither,0.03945320844208391,0.33037608806864915,0.630170703489267
ahoy there everyone,neither,0.03390750623165693,0.38837109626692684,0.5777213975014162
Greetings!,neither,0.03945320844208391,0.33037608806864915,0.630170703489267
TwitchUnity,neither,0.03945320844208391,0.33037608806864915,0.630170703489267
this was Hector's fault,neither,0.03918229043436685,0.3349742736992665,0.6258434358663666
Helllooooo,neither,0.03945320844208391,0.33037608806864915,0.630170703489267
Amy dallen,neither,0.03945320844208391,0.33037608806864915,0.630170703489267
@acevexahlia *waves*,neither,0.03945320844208391,0.33037608806864915,0.630170703489267
"Hola, friendos!!",neither,0.03945320844208391,0.33037608806864915,0.630170703489267
<3 #EnthusiArmy,neither,0.03945320844208391,0.33037608806864915,0.630170703489267
hello wednesdaisies,neither,0.03945320844208391,0.33037608806864915,0.630170703489267
Hi Daisies,neither,0.03945320844208391,0.33037608806864915,0.630170703489267
oh my gawd hector it's like the Pull again!,neither,0.03796692930468774,0.383707263156482,0.5783258075388302
hey everyone,neither,0.031959242684595296,0.4575682446653829,0.5104725126500218
#TeamHooman,neither,0.03945320844208391,0.33037608806864915,0.630170703489267
"Hi, Hector!!",neither,0.03945320844208391,0.33037608806864915,0.630170703489267
"@Ricky_Galletti Aw, I hope things get better for you as well! I understand I'm having a rough week as well. My beloved dog passed away on Friday.",neither,0.04750076263401517,0.350098022775315,0.6024012145906699
Stef Woodburn would make a good Cassandra Cain.,neither,0.03827961237562888,0.32566314648373795,0.6360572411406331
#TeamHooman,neither,0.03945320844208391,0.33037608806864915,0.630170703489267
OSsloth OSsloth OSsloth OSsloth,neither,0.03945320844208391,0.33037608806864915,0.630170703489267
Wow,neither,0.03945320844208391,0.33037608806864915,0.630170703489267
Hey Chat and @GeekandSundry,neither,0.038589712668144205,0.2862141593850597,0.6751961279467961
XD,neither,0.03945320844208391,0.33037608806864915,0.630170703489267
@Critternation3000 where's Whitney? ;),neither,0.04154867888085444,0.2948104859806505,0.663640835138495
Coffee: The swill will make to stay alive.,neither,0.051449850379094005,0.1884962081703846,0.7600539414505215
Matt i didn't get any coffee,neither,0.03365259387995637,0.23310791147222132,0.7332394946478223
Shade. So much shade.,neither,0.036827470855843356,0.3609637126146126,0.602208816529544
hey guys!,neither,0.03929207127355727,0.33311100635304525,0.6275969223733975
"SMOrc ""TEAM HOOMIES!""",neither,0.03945320844208391,0.33037608806864915,0.630170703489267
...'cause Amy really needs extra caffeine...,neither,0.03803979109691236,0.35436546914154116,0.6075947397615464
niiiight,neither,0.03945320844208391,0.33037608806864915,0.630170703489267
gandsHooman gandsLessthanthree,neither,0.03945320844208391,0.33037608806864915,0.630170703489267
Hello all!,neither,0.04217753453783664,0.43734383323855475,0.5204786322236087
:D,neither,0.03945320844208391,0.33037608806864915,0.630170703489267
C'mon Twitch...,neither,0.03945320844208391,0.33037608806864915,0.630170703489267
gandsLessthanthree gandsLessthanthree gandsLessthanthree gandsLessthanthree,neither,0.03945320844208391,0.33037608806864915,0.630170703489267
Why won't you function?!,neither,0.041594623334228545,0.39862242065752135,0.5597829560082502
Hector talk comics? on the internet? never,neither,0.021706696264596474,0.36446516441660604,0.6138281393187974
the fact that its Matt wearing a Dear Devil shirt a long way round reference to Murder Matt from Spider Gwen?,neither,0.03801000588160991,0.33205344676080445,0.6299365473575858
Ugh. had to refresh. didnt start on time. Oh well,neither,0.04429565951879994,0.3175106619949231,0.6381936784862771
gandsGrogSigil,neither,0.03945320844208391,0.33037608806864915,0.630170703489267
!questions,neither,0.03945320844208391,0.33037608806864915,0.630170703489267
"To make it easier to read questions in chat, please preface your questions with the word question in all caps. For example, QUESTION: How are you today?",neither,0.06209713493468228,0.3342013724685751,0.6037014925967426
KBTibbs -> Only those that we deem worthy shall possess the power of the Hyperlink [warning],neither,0.048140585852785724,0.2990817588418225,0.6527776553053918
Well said,neither,0.03945320844208391,0.33037608806864915,0.630170703489267
lol hector,neither,0.020706217963973744,0.4882283491876925,0.4910654328483337
I'm convinced Hector is secretly spiderman,neither,0.04522188507957094,0.3283919756468744,0.6263861392735547
"Taliesin is love, Taliesin is life",neither,0.05247176940595793,0.41022926955768524,0.5372989610363567
"Okay, lets see if twitch will work now",neither,0.027728507097501735,0.3602609747312125,0.6120105181712856
"Can I have permission to post a link, please?",neither,0.04404902589436696,0.33067617954445544,0.6252747945611775
Genius comic goth boy Taliesin.,neither,0.03945320844208391,0.33037608806864915,0.630170703489267
"ok ok fine, i'll do the alpha",neither,0.03971742021357713,0.32038200158112584,0.6399005782052971
Shows need Taliesin to live,neither,0.05218835082837346,0.32263042067108655,0.6251812285005399
PogChamp PogChamp PogChamp PogChamp,neither,0.03945320844208391,0.33037608806864915,0.630170703489267
Lone Wolf and Cub is so damn good,offensive_language,0.05188419711497359,0.7675428955171341,0.18057290736789236
!allow KBTibbs,neither,0.03945320844208391,0.33037608806864915,0.630170703489267
danoba -> KBTibbs has been granted permission to post a link for 60 seconds.,neither,0.03948094283137336,0.31126035666296836,0.6492587005056583
so say we all @Slippydude so say we all,offensive_language,0.04218846115961932,0.5230800739010243,0.4347314649393562
jcvimHi wednesdaisies,neither,0.03945320844208391,0.33037608806864915,0.630170703489267
I miss the pull. wed club is amazing oo...but i miss hetcor and whit,neither,0.03364586140942433,0.30767881760157806,0.6586753209889976
@tulip_valley23 to be fair we've never seen Hector and Spider-Man in the same place at the same time,neither,0.027799388834005345,0.3379908916694312,0.6342097194965634
Thanks Chief!,neither,0.0370810009996598,0.3105115283569621,0.6524074706433781
BabyRage BlessRNG,neither,0.03945320844208391,0.33037608806864915,0.630170703489267
@tulip_valley23 he'd make a great spidey,neither,0.044178236549202644,0.29571843375689266,0.6601033296939046
Hot scoop: Hector's REAL name is Miles Morales,neither,0.0395523492142251,0.41791450405926756,0.5425331467265074
Samurai Assassin,neither,0.03945320844208391,0.33037608806864915,0.630170703489267
Did Hector ever talk Comics? And How! http://i.imgur.com/tYhDpmh.gif,neither,0.02654923202427147,0.2434234329182009,0.7300273350575276
@undercovergoth exactly,neither,0.03945320844208391,0.33037608806864915,0.630170703489267
luv u chief,neither,0.03945320844208391,0.33037608806864915,0.630170703489267
@Slippydude Taliesin needs Taliesin to live,neither,0.055822315720051696,0.3226342855248772,0.6215433987550709
"Okay, sorry all",neither,0.041837089248137636,0.4246202213166417,0.5335426894352208
Twitch is now working on a different browser,neither,0.043269910628254575,0.33879856914026135,0.6179315202314839
The super production values too!,neither,0.038419735838062,0.3195307079746574,0.6420495561872807
we all need Taliesin to live,neither,0.057045648832114826,0.4125690012763415,0.5303853498915438
@ToonEzon we ALL need Taliesin to live,neither,0.057045648832114826,0.4125690012763415,0.5303853498915438
Hey @japenrose Hope your Twitch issues resolve them selves,neither,0.09484159963804659,0.25359254969141115,0.6515658506705423
may have cackled,neither,0.04084010049204715,0.30683691048094613,0.6523229890270067
taliesin must know from experience,neither,0.04145458295048882,0.2964075394897648,0.6621378775597465
@japenrose YAY,neither,0.03945320844208391,0.33037608806864915,0.630170703489267
"@RMutt1917 If only Twitch would respond to my emails, sigh",neither,0.02477323153392992,0.41295169132222515,0.562275077143845
sneaks into chat.,neither,0.03945320844208391,0.33037608806864915,0.630170703489267
yes @Slippydude yes we do,neither,0.040570640282883916,0.33225943287239085,0.6271699268447253
Sub gandsSubHype gandsSubHype gandsSubHype,neither,0.03945320844208391,0.33037608806864915,0.630170703489267
cheer1 cheer100 cheer100 cheer1 cheer1 cheer1 Wednesday is the best day!,neither,0.04604312375288374,0.2926788754817235,0.6612780007653927
"the book being read right now on Alpha isn't something I can get a printed copy of, so I guess I'm not going to read it.",neither,0.03593766475675349,0.38212705370309274,0.5819352815401538
@Ricky_Galleti I hope things get better friend,neither,0.07535069810763362,0.22803233334213827,0.6966169685502281
We also all need Taliesin to Taliesin,neither,0.04973217835879698,0.41314702790059615,0.537120793740607
Bits gandsSubHype,neither,0.03945320844208391,0.33037608806864915,0.630170703489267
And Sara (it won't let me tag you) hope things warm up a bit for you!,neither,0.052014955296843135,0.34165731667140137,0.6063277280317555
^,neither,0.03945320844208391,0.33037608806864915,0.630170703489267
"No Hector, Taliesin is the Flash",neither,0.04722543485278737,0.3246121621898358,0.6281624029573767
We....are Spider-Man.,neither,0.06811563857453197,0.34995337792493586,0.5819309835005321
i'm glad Hectors on he needs to be back on more GnS shows,neither,0.04565318808268803,0.3414232820409058,0.6129235298764062
*Crashes ship*,neither,0.03945320844208391,0.33037608806864915,0.630170703489267
I think that's why I like Spiderman,neither,0.03399459619840834,0.39172710085823653,0.574278302943355
@japenrose try @TwitchSupport on Twitter. might be more responsive,neither,0.03821995580099632,0.4553398213039123,0.5064402228950914
Happy Dallen's Day!,neither,0.04023417877537722,0.3072658275026805,0.6524999937219423
!twc,neither,0.03945320844208391,0.33037608806864915,0.630170703489267
Here are some handy The Wednesday Club resources! TWC Reddit: reddit.com/r/WednesdayClub/ Discord: https://discord.gg/6QK9fVB,neither,0.07776393184591858,0.2774359134481101,0.6448001547059714
Thanks @lark7911,neither,0.035884468650613,0.3004919205142699,0.6636236108351171
Agreed on the everyman aspect for Spider-Man.,neither,0.031690788500048375,0.35095792021343786,0.6173512912865138
Wow. That was DEFINITELY worse.,neither,0.04297709982815424,0.2457306639179068,0.711292236253939
OSsloth OSsloth OSsloth OSsloth,neither,0.03945320844208391,0.33037608806864915,0.630170703489267
Taliesin needs Taliesin to Taliesin,neither,0.05197711652019748,0.3232356497727067,0.6247872337070958
ooh that sounds fun,neither,0.03599398516702112,0.3679288494382014,0.5960771653947775
Thanks @japenrose :),neither,0.035884468650613,0.3004919205142699,0.6636236108351171
@RMutt1917 Noted. I'll message them until they help,neither,0.051289959932349076,0.32372666549496687,0.6249833745726842
We'll spider-man now,neither,0.03941835311379413,0.3922858651027758,0.56829578178343
I'm not brave enough to be Captain America but I am sarcastic enough to be Spiderman...,neither,0.10869159177070624,0.2877263180591073,0.6035820901701866
spiderman flash mob in twitch chat!!!!!!!!!!!!,neither,0.03945320844208391,0.33037608806864915,0.630170703489267
gandsSubHype gandsSubHype gandsSubHype gandsSubHype,neither,0.03945320844208391,0.33037608806864915,0.630170703489267
"amazing adult fantasy, I love that title",neither,0.034956339874504916,0.3677199310818761,0.5973237290436191
OMG! I love Amy's shirt!,neither,0.03701869573412995,0.3416621457291994,0.6213191585366705
BlessRNG BlessRNG BlessRNG BlessRNG,neither,0.03945320844208391,0.33037608806864915,0.630170703489267
sounds like fun,neither,0.05289921068692755,0.34952207733838453,0.597578711974688
"Amazing Adult Fantasy has a whole new meaning, now. :P",neither,0.041945724220737994,0.2707928871994662,0.6872613885797958
...is that a spiderman / David Bowie shirt... I need it!!!!,neither,0.04094380778874037,0.35744230675453154,0.6016138854567281
Fin Fang Foo -- classic old monster,neither,0.03945320844208391,0.33037608806864915,0.630170703489267
sounds like a harlequinn novel,neither,0.05776902341798489,0.3555857992240617,0.5866451773579534
same @ChocoBunny3,neither,0.04148851938089603,0.3488915597363099,0.609619920882794
I love how Hector isp laying with the figure as he speaks,neither,0.031714717718315105,0.37337996618033437,0.5949053161013507
@japenrose Thank you and I'm so sorry :( [2 of my dogs passed a few years ago. I know how it is] Hope things get better for you soon too,neither,0.0645545533800368,0.351115557149564,0.5843298894703993
Whats the topic of tonight??,neither,0.03665916332599671,0.2999218066945245,0.6634190299794788
"Spider man, spider man does whatever a spider pig can!",neither,0.03356950886253536,0.4297576768714005,0.5366728142660643
I just read the new spectacular run since it seems to be all you see is hate towards slot,neither,0.15915525445509393,0.2891982334879674,0.5516465120569386
oh wow. I never knew those weren't their birth names O_O,neither,0.05462451952257063,0.281404566201086,0.6639709142763434
!twc,neither,0.03945320844208391,0.33037608806864915,0.630170703489267
Here are some handy The Wednesday Club resources! TWC Reddit: reddit.com/r/WednesdayClub/ Discord: https://discord.gg/6QK9fVB,neither,0.07776393184591858,0.2774359134481101,0.6448001547059714
TIL Stan Lee isn't his real name.,neither,0.051512552564628424,0.4261171165227353,0.5223703309126363
I never heard Jack Kirby's real name before.,offensive_language,0.02891197230365185,0.49353466635545534,0.4775533613408928
"@Ricky_Galletti gandsLessthanthree Thanks. And same to you, friend",neither,0.06280985965166412,0.31253614372361965,0.6246539966247161
Hector is such a comic book treasure! I never knew!,neither,0.04233485133695119,0.35579997746097625,0.6018651712020726
So I've avoided the main book,neither,0.018776683653953578,0.33658473280560147,0.644638583540445
"spidey is our everyman. he has wacky powers, but he also has a low paying job with a crap boss and has to find time to hang out with his girlfriend",neither,0.04712429342544039,0.34056616210963603,0.6123095444649237
Wow,neither,0.03945320844208391,0.33037608806864915,0.630170703489267
So happy we have Hector here on our show to talk Spiderman,neither,0.06408641052939028,0.30326801314716173,0.632645576323448
@cinphoria He's great!,neither,0.045191142154958744,0.2903263632450124,0.6644824946000287
I feel like I knew his real name but immediately forgot it,neither,0.05420204984929462,0.43370928338080417,0.5120886667699011
"I feel like when you put Amy and Hector together it's like, MEGA SUPER COMIC BOOK ENCYCLOPEDIA",neither,0.05281821643283254,0.37831007973573205,0.5688717038314354
I love comic history lessons. <3,neither,0.036860559896558356,0.3424134918713223,0.6207259482321194
@chix_with_joystix jcvimHi,neither,0.03945320844208391,0.33037608806864915,0.630170703489267
"@Chix_with_Joystix Indeed, the best person to get.",neither,0.04331305745260076,0.31442618478953505,0.6422607577578643
@cinphoria and they're super charming too boot,neither,0.05088146921821187,0.2857601967187242,0.663358334063064
!questions,neither,0.03945320844208391,0.33037608806864915,0.630170703489267
"To make it easier to read questions in chat, please preface your questions with the word question in all caps. For example, QUESTION: How are you today?",neither,0.06209713493468228,0.3342013724685751,0.6037014925967426
o shit im late what did i miss,offensive_language,0.043252068537528165,0.9533170928683217,0.0034308385941501673
@danoba Hey Danoba! Hope you're surviving this awful weather,neither,0.11773002738869544,0.24458167605119432,0.6376882965601103
yep ^_^,neither,0.03945320844208391,0.33037608806864915,0.630170703489267
"So weird he was even back then calling it ""the silver age""",neither,0.04051467285634605,0.3580502681251644,0.6014350590184896
"ok chat, and hopefully TWC Table, thoughts on the conspericy to bring the Clone Saga to the big screen by constantly re-booting the Spider-Man movies",neither,0.04083738772205409,0.34516420391312647,0.6139984083648193
What I like the most about SpiderMan is that it's the base of the look of how Spawn uses is Chains in when McFarland was drawing it,neither,0.04383833611017213,0.360717087650223,0.5954445762396049
I hope we get into the freakishness that is the inner mind of Steve Ditko.,neither,0.06385145385312863,0.26697126695143397,0.6691772791954376
QUESTION: Fav spidey.,neither,0.03945320844208391,0.33037608806864915,0.630170703489267
"@japenrose Hey, well I'm inside so that definitely does help.",neither,0.02491155755322093,0.32442390766035,0.650664534786429
Comic history is definitely my jam.,neither,0.035557879451406864,0.3982316176233963,0.5662105029251969
Professional wallflower. Oh Amy <3,neither,0.04382581602992573,0.28845751281463883,0.6677166711554354
!twc,neither,0.03945320844208391,0.33037608806864915,0.630170703489267
Here are some handy The Wednesday Club resources! TWC Reddit: reddit.com/r/WednesdayClub/ Discord: https://discord.gg/6QK9fVB,neither,0.07776393184591858,0.2774359134481101,0.6448001547059714
Wonder if they'll touch on the general feelings toward slott,neither,0.026742162071942268,0.3614671500952023,0.6117906878328555
Wow,neither,0.03945320844208391,0.33037608806864915,0.630170703489267
"Also to chat, fav Spidey.",neither,0.04547500887647296,0.3268464086352355,0.6276785824882916
HEY! Don't talk smack about spiders. Spiders are our friends.,neither,0.0388416575716873,0.3253963507019072,0.6357619917264054
:P,neither,0.03945320844208391,0.33037608806864915,0.630170703489267
I too am a professional wallflower,neither,0.039001582364802403,0.33480021746223576,0.6261982001729618
PogChamp PogChamp PogChamp PogChamp,neither,0.03945320844208391,0.33037608806864915,0.630170703489267
The writers and artists did pitches to DC and Marvel all the time... to see what might stick. Hence X-Men / Doom Patrol (both heads in wheelchairs and odd powers),neither,0.04500131149462325,0.3011289696479953,0.6538697188573815
BlessRNG BlessRNG BlessRNG BlessRNG,neither,0.03945320844208391,0.33037608806864915,0.630170703489267
@danoba Ah thats good. Huzzah for AC,neither,0.033988087396101443,0.3056219605243819,0.6603899520795167
That Spider-Cod Piece,neither,0.036357016208451665,0.36393076771269994,0.5997122160788483
A friend of mine owns a copy of Amazing Fantasy #15. :D,neither,0.03945320844208391,0.33037608806864915,0.630170703489267
anywhere we can find the collected amazing adult fantasy stories?,neither,0.04145765738260604,0.2657662462982374,0.6927760963191566
@japenrose Indeed!,neither,0.03945320844208391,0.33037608806864915,0.630170703489267
@kol_drake Fancy seeing you here from the afancy corner,neither,0.09559874436111705,0.3042000765247839,0.600201179114099
"Um, isn't that a remaster with the Andrew Garfield costume?",neither,0.03040464388986589,0.3668519689803272,0.6027433871298069
Don't forget to visit Star Trek Online and support Shield of Tomorrow! www.StarTrekOnline.com/ShieldofTomorrow,neither,0.05687602105656693,0.30425729811326435,0.6388666808301687
i love this show. I am the kind of person that can talk comics for HOURS. I love learning new things about characters that I have loved for a long time,neither,0.02821856676981096,0.30274133032024675,0.6690401029099423
"Wait a sec, that's the Amazing Spider-Man movie costume...",neither,0.03797682989838647,0.35834983381002217,0.6036733362915915
NotLikeThis Uncle Ben,neither,0.16874230667642962,0.18450004978329754,0.6467576435402729
"QUESTION: Would you four consider the creation of Spider-Man having as much impact if not more than ""The Great American Novel"" Stan Lee wanted to write?",neither,0.03673673114062614,0.355613997782672,0.6076492710767017
6youi,neither,0.03945320844208391,0.33037608806864915,0.630170703489267
:D I collected comics from around '63 thru to 2000,neither,0.04420405900296441,0.3170026090328332,0.6387933319642023
@Haveamagicalday Caught that too...,neither,0.03425592543859325,0.38918259452858117,0.5765614800328256
We have a subscriber-only Discord server! Join here: https://discord.gg/geekandsundry (you'll need to sub and link it to your Twitch) and be a part of the fun!...Warning: It can take up to an hour for the server to update and give you access to the channels,neither,0.08464076273808444,0.286394834032893,0.6289644032290227
so.. ya.. very much a comicbook nerd,offensive_language,0.025523519733228767,0.57192772336008,0.4025487569066912
Not spidery enough.,neither,0.03743218789540644,0.33802178300147173,0.6245460291031218
Hey everyone :),neither,0.031959242684595296,0.4575682446653829,0.5104725126500218
How are we doing?,neither,0.07587006718983247,0.2739928415678252,0.6501370912423424
!twc,neither,0.03945320844208391,0.33037608806864915,0.630170703489267
Here are some handy The Wednesday Club resources! TWC Reddit: reddit.com/r/WednesdayClub/ Discord: https://discord.gg/6QK9fVB,neither,0.07776393184591858,0.2774359134481101,0.6448001547059714
"@Chix_with_Joystix Just don't let Hector see you spell Spider-Man without the - though [He has a weird, personal thing about that going back to an episode of 'The Pull.' It's kinda hilarious actually]",neither,0.03688818090391668,0.408990937370885,0.5541208817251982
QUESTION: how do the members of our panel feel about spiders?,neither,0.03885815345077418,0.3358869862014893,0.6252548603477364
Thank you Off-Camera Man!,neither,0.055946903914858855,0.45379391261838503,0.49025918346675623
"Hey @CaptainTalon447, doing well thanks, how are you?",neither,0.08042904134363782,0.3071976633706721,0.6123732952856901
Hello @CaptainTalon447 !,neither,0.03945320844208391,0.33037608806864915,0.630170703489267
Mystery Cover!,neither,0.03945320844208391,0.33037608806864915,0.630170703489267
"I'm making a declaration that ""Off-Camera Man"" is the official superhero mascot of G&S",neither,0.04151319055831457,0.370532055957504,0.5879547534841814
It's Hector's Almost-Portable Book Club.,neither,0.038395060190179436,0.3307400337745047,0.6308649060353158
hector the collector!,neither,0.03839939302560993,0.311011251109799,0.6505893558645911
"Help G&S make great content! $4.99/month gets you emotes, Minecraft server access, Sub Only Q&As, VODs, and more! Every sub keeps the channel alive! twitch.tv/geekandsundry/subscribe",neither,0.043092924924402844,0.32365565443818894,0.6332514206374082
oh I just noticed Hector's AWESOME shirt,neither,0.039725055950958085,0.3074427039280429,0.652832240120999
@cinphoria Seconded!,neither,0.03945320844208391,0.33037608806864915,0.630170703489267
Hector is West Coast spider-Man,neither,0.04576987633427139,0.3759733853592657,0.578256738306463
Lol @super390,neither,0.020706217963973744,0.4882283491876925,0.4910654328483337
*I knew it. Hectors collection,neither,0.038097381841677186,0.3308424190087747,0.6310601991495481
@cinphoria he hosts an Agents of SHIELD aftershow ;),neither,0.049869625739161184,0.31780212749207226,0.6323282467687666
hector the comic bone collector,neither,0.038604808048476394,0.31487813433453943,0.6465170576169842
lol,neither,0.020706217963973744,0.4882283491876925,0.4910654328483337
lol @Ricky_Galletti I typed to fast and didn't hit the - hard enough,offensive_language,0.0236705479516805,0.49283861531328693,0.48349083673503257
BloodTrail,neither,0.03945320844208391,0.33037608806864915,0.630170703489267
Col-Hector Navarro,neither,0.03945320844208391,0.33037608806864915,0.630170703489267
nailed it crew,neither,0.038109902736352896,0.3308381124989425,0.6310519847647046
BlessRNG BlessRNG,neither,0.03945320844208391,0.33037608806864915,0.630170703489267
I had never noticed the uniform looked a little different,neither,0.036073764971395236,0.349620593621886,0.6143056414067187
is it thursday yet?,neither,0.04651135664277627,0.32794846724679255,0.6255401761104311
damn editing keyboard cover,offensive_language,0.04465306139895119,0.7485641600772764,0.20678277852377228
Good job Wednesday Crew,neither,0.03891800201689653,0.33056017010048416,0.6305218278826192
"spidey is also an interesting analogue for introversion. peter parker is shy, but spidey is snarky. the mask lets him be his true self",neither,0.05908897045868354,0.20439439294239475,0.7365166365989219
SwiftRage Uncle Ben died?!,neither,0.1373247403289813,0.2082404687700101,0.6544347909010086
My first Spiderman comic was #7,neither,0.023881881369545985,0.4150727675636598,0.5610453510667941
"Aww man, I was waiting for the reboot movie",neither,0.036147151833315815,0.3141464330003456,0.6497064151663385
