text,top_class,hate_speech,offensive_language,neither
7,neither,0.03945320844208391,0.33037608806864915,0.630170703489267
Hello!,neither,0.03945320844208391,0.33037608806864915,0.630170703489267
yaaay,neither,0.03945320844208391,0.33037608806864915,0.630170703489267
Hector was already there for the last show.,neither,0.044851478788903464,0.20729831864169412,0.7478502025694025
PogChamp PogChamp PogChamp PogChamp,neither,0.03945320844208391,0.33037608806864915,0.630170703489267
I'm guessing 1 Kappa,neither,0.03945320844208391,0.33037608806864915,0.630170703489267
yes :),neither,0.03945320844208391,0.33037608806864915,0.630170703489267
0,neither,0.03945320844208391,0.33037608806864915,0.630170703489267
Woot!,neither,0.03945320844208391,0.33037608806864915,0.630170703489267
Music stopped so... Quite on time,neither,0.0362682199998996,0.3917523576107032,0.5719794223893973
wooooo!,neither,0.03945320844208391,0.33037608806864915,0.630170703489267
<Hailing Frequencies Open>,neither,0.03945320844208391,0.33037608806864915,0.630170703489267
REFRESH if you do not see Eric,neither,0.034933038492875025,0.4125255559672931,0.5525414055398319
gandsSubHype gandsSubHype gandsSubHype gandsSubHype gandsSubHype gandsSubHype,neither,0.03945320844208391,0.33037608806864915,0.630170703489267
@Mac417 yeah,offensive_language,0.013968601452186464,0.5182923869769311,0.4677390115708824
Shield of Tomorrow HYPE!!!!!!!!,neither,0.03945320844208391,0.33037608806864915,0.630170703489267
Ruby Rod hype. <3,neither,0.03945320844208391,0.33037608806864915,0.630170703489267
Ruby Rhod <3,neither,0.03945320844208391,0.33037608806864915,0.630170703489267
from Phlostoooooooooon Paradise,neither,0.04069404815304118,0.30931579984010865,0.6499901520068502
"Help G&S make great content! $4.99/month gets you emotes, Minecraft server access, Sub Only Q&As, VODs, and more! Every sub keeps the channel alive! twitch.tv/geekandsundry/subscribe",neither,0.043092924924402844,0.32365565443818894,0.6332514206374082
gandsBrickBattle gandsOwl gandsJesstatorship gandsSCANLAN gandsGnSLadders < need more appropriate emote!,neither,0.041123823590302956,0.31921728624398144,0.6396588901657158
the grey uniforms are my fav,neither,0.045457089880884635,0.3478249193836804,0.606717990735435
"sam, your com badge is sideways!",neither,0.0668312668957224,0.3222684243897207,0.6109003087145568
"OMG, I want a 5th Element RPG now",neither,0.03963480390737965,0.3272939390961813,0.633071256996439
@Vance1982 Agreed,neither,0.03945320844208391,0.33037608806864915,0.630170703489267
!!,neither,0.03945320844208391,0.33037608806864915,0.630170703489267
Holy shit! 1 minute late! [I think they did this on purpose just to spite me lol! :D ],offensive_language,0.040893620131687826,0.9166225266861271,0.04248385318218509
Sam's excited OK we're ready,neither,0.053167880186447594,0.3107986490303389,0.6360334707832135
eyyyy,neither,0.03945320844208391,0.33037608806864915,0.630170703489267
D: Com badge is sideways,neither,0.04557231304687793,0.3282714473998319,0.6261562395532901
Caocao Energy Bars Kreygasm,neither,0.03945320844208391,0.33037608806864915,0.630170703489267
98%? I got some about that and penutbutter treats frozen in my bridge,neither,0.025496985816097346,0.424478428947959,0.5500245852359438
Aliza's hair is lookin' extra rad today,neither,0.0440901966065008,0.31236866902792754,0.6435411343655717
I have a confession to make: II'm early in my DS9 rewatch but already beginning to think I might like Sisko more than Picard OhGod,neither,0.044331120381675714,0.3823327156825275,0.5733361639357967
Rue is drunk,neither,0.053881947745982164,0.32541338298350403,0.6207046692705137
ALIZA'S HAIR,neither,0.03945320844208391,0.33037608806864915,0.630170703489267
dungeon & dragons,neither,0.03945320844208391,0.33037608806864915,0.630170703489267
The Sisko,neither,0.03613032604487659,0.2619290779399786,0.7019405960151449
The Sisko is of Bajor....,neither,0.058922478301378194,0.28780900938167886,0.6532685123169429
@highvoltage988 Welcome to #TeamSisko,neither,0.05036155158341772,0.3241161757817237,0.6255222726348585
Her hair is indeed fabulous.,offensive_language,0.037532975658018504,0.5021706802114091,0.4602963441305724
Such good hair,neither,0.038954167315393626,0.3254643628324085,0.6355814698521979
Her hair is rad man,offensive_language,0.037737026740618275,0.5790600465357622,0.38320292672361955
"@highvoltage988 Sisko is pretty great, but not even Janeway can top Picard. :P",neither,0.03972522301922663,0.32807873288450357,0.6321960440962698
I miss the stars behind Eric,neither,0.03363551466544506,0.3197115506034833,0.6466529347310717
"@highvoltage988 I feel ya buddy, Sisko is the bomb-diggity",offensive_language,0.03158118452841553,0.5240872524157996,0.444331563055785
hair is great,neither,0.0474980631750351,0.29596329377585867,0.6565386430491064
"Love the hair, Bonnie!!",neither,0.034106748506421425,0.326187191929967,0.6397060595636116
stefFremen STEFLING STAMPEDE stefFremen,neither,0.03945320844208391,0.33037608806864915,0.630170703489267
ahhhhhhhhhh I don't want dread to eeeend,neither,0.0468893530069627,0.32206652116379964,0.6310441258292377
Bonnies hair looks amazing!,neither,0.03945320844208391,0.33037608806864915,0.630170703489267
I will be binging Dread this weekend!!!!!!,neither,0.04074829544958532,0.31681361994233437,0.6424380846080803
stefFremen STEFLING STAMPEDE stefFremen,neither,0.03945320844208391,0.33037608806864915,0.630170703489267
stefFremen STEFLING STAMPEDE stefFremen,neither,0.03945320844208391,0.33037608806864915,0.630170703489267
Raid! Batten down the hatches!,neither,0.038533032879245394,0.31353292645778574,0.6479340406629688
stefRepresent stefFremen stefMacaron stefHighFive stefGoldSWSword,neither,0.03945320844208391,0.33037608806864915,0.630170703489267
hrpgDefend hrpgDart hrpgDart hrpgDart,neither,0.03945320844208391,0.33037608806864915,0.630170703489267
Hi Steflings!,neither,0.03945320844208391,0.33037608806864915,0.630170703489267
I still have yet to join alpha. I hope its gonna stay on the vod for a while,neither,0.04974610709740575,0.2843045258113677,0.6659493670912264
why is there romulan ale on their desk :P,neither,0.0328207408127074,0.31561642997039724,0.6515628292168952
Hey Steflings!,neither,0.03945320844208391,0.33037608806864915,0.630170703489267
@StefWoodburn Hi Stef :),neither,0.03945320844208391,0.33037608806864915,0.630170703489267
Hullo Steflings!,neither,0.03945320844208391,0.33037608806864915,0.630170703489267
hi,neither,0.03945320844208391,0.33037608806864915,0.630170703489267
Justin time,neither,0.03799297869980471,0.35515999769107937,0.606847023609116
But lets see how long the combadge stays sideways,neither,0.036062121903525576,0.33356821447751556,0.6303696636189587
welcome Lady Stef and friends gandsMasterStef gandsMasterStef gandsMasterStef,neither,0.03867640562569549,0.29114785151411093,0.6701757428601935
Hia guys!,neither,0.03922184957078739,0.3343028519130907,0.6264752985161218
the stephlings are here! run! run for the hills!,neither,0.0833434252654894,0.2395637019757713,0.6770928727587393
OH GOSH steflings!,neither,0.04522550427656808,0.27558419280407476,0.6791903029193572
GivePLZ,neither,0.03945320844208391,0.33037608806864915,0.630170703489267
Welcome Stef and Steflings.,neither,0.038364781541636334,0.272536905496441,0.6890983129619228
May I ask what this is,neither,0.058011285265913565,0.2973614408349256,0.6446272738991609
stefFremen STEFLING STAMPEDE stefFremen,neither,0.03945320844208391,0.33037608806864915,0.630170703489267
Already happpened that Episode is out,neither,0.03753378728456268,0.402083975953468,0.5603822367619692
hrpgSharky hrpgDefend hrpgDart hrpgDart,neither,0.03945320844208391,0.33037608806864915,0.630170703489267
All hail Martok !,neither,0.04167083427717469,0.4183849112737958,0.5399442544490295
Nimoy ; ; \\//,neither,0.03945320844208391,0.33037608806864915,0.630170703489267
!wtfisthis,neither,0.03945320844208391,0.33037608806864915,0.630170703489267
"This is Shield of Tomorrow, join our crew aboard the USS Sally Ride for adventures and exploration in space! Playing the STAR TREK Adventures RPG by Modiphius",neither,0.03932222945167215,0.30238585689052805,0.6582919136577997
stefFremen STEFLING STAMPEDE stefFremen,neither,0.03945320844208391,0.33037608806864915,0.630170703489267
Dabo Girls Kregasm Kreygasm,offensive_language,0.014938720450747482,0.493388144510736,0.4916731350385164
stefHeart stefRepresent,neither,0.03945320844208391,0.33037608806864915,0.630170703489267
<3 STEFLING STAMPEDE <3,neither,0.03945320844208391,0.33037608806864915,0.630170703489267
Tuvok's mission was quite good.,neither,0.03879187294636314,0.3323471546727511,0.6288609723808857
"oh jeez, I missed the beginning. What did I miss?",neither,0.04089791393399501,0.2807640014454487,0.6783380846205563
I have the Holo Leeta Bridge Officer. :D,neither,0.03822052539555804,0.3239902595355832,0.6377892150688588
i still dont know how to play Dabo,neither,0.04570685026640675,0.3419532285748266,0.6123399211587667
Martok is currently running for Congress,neither,0.04051348159172141,0.3046305609045414,0.6548559575037372
and shes voiced by chase masterson? so cool,neither,0.03955787553041096,0.3627930355364321,0.5976490889331569
temporal... he makes it sounds like cooking.. tempera.,neither,0.052495337858715845,0.3422773088053428,0.6052273533359414
"woot, home just in time to catch live :D",neither,0.04316637711252634,0.3557398338296289,0.6010937890578448
Cool,neither,0.03945320844208391,0.33037608806864915,0.630170703489267
Chase Masterson is awesome,neither,0.0481861475407337,0.3273724298584393,0.624441422600827
@cinphoria Just the info section.,neither,0.034721024174470205,0.3345689254306115,0.6307100503949182
stefFremen STEFLING STAMPEDE stefFremen,neither,0.03945320844208391,0.33037608806864915,0.630170703489267
"water, theres a holo-Leta?",neither,0.03945320844208391,0.33037608806864915,0.630170703489267
@Zismarith OH! Yes! Indeed!,neither,0.04469968767613839,0.2803878028615775,0.6749125094622842
"You didn't miss anything yet, opening hasn't even shown nor have they rehashed the previous events.",neither,0.03386283598064599,0.3785299028737702,0.5876072611455838
Welcome Stef and Raiders,neither,0.038684903632370565,0.2916231220829233,0.6696919742847062
STEFLING STAMPEDE,neither,0.03945320844208391,0.33037608806864915,0.630170703489267
playalong???,neither,0.03945320844208391,0.33037608806864915,0.630170703489267
Bonnie was on The Quest right?,neither,0.03495244892574589,0.3473514487878835,0.6176961022863706
Woot!!,neither,0.03945320844208391,0.33037608806864915,0.630170703489267
feliciaRaid STEFLING STAMPEDE feliciaRaid,neither,0.03945320844208391,0.33037608806864915,0.630170703489267
Joining,neither,0.03945320844208391,0.33037608806864915,0.630170703489267
Did I make it in time?,neither,0.036365169448178566,0.35484425643750694,0.6087905741143144
yeeeees,neither,0.03945320844208391,0.33037608806864915,0.630170703489267
playalooong,neither,0.03945320844208391,0.33037608806864915,0.630170703489267
PlayTogether!,neither,0.03945320844208391,0.33037608806864915,0.630170703489267
OH MAN i might have to patch ST:O i havent played in ages,neither,0.04591242877005526,0.33963602853173813,0.6144515426982065
Is that his old Star Fleet senior year tee shirt?,neither,0.05853373764194937,0.35599967200674965,0.585466590351301
Aweome,neither,0.03945320844208391,0.33037608806864915,0.630170703489267
PogChamp playing with the crew of the Sally Ride! Kreygasm,neither,0.02918818014888283,0.334653272087965,0.6361585477631522
WooHooHoo!!!,neither,0.03945320844208391,0.33037608806864915,0.630170703489267
Holo-Leta is amazing,neither,0.051766257226869686,0.3261410659692903,0.62209267680384
@Bazag Yup! Right on time,neither,0.0344435614847349,0.38358537102678636,0.5819710674884788
"Ok, I may download STO just for this",neither,0.03200995695542638,0.3046078973036283,0.6633821457409453
WONDERFUL,neither,0.03945320844208391,0.33037608806864915,0.630170703489267
gandsLessthanthree,neither,0.03945320844208391,0.33037608806864915,0.630170703489267
"@Bazag As the Prophets would say ""What is this... time?""",neither,0.04876112826731028,0.3567392971692863,0.5944995745634034
I have reinstalled it and done the original series stuff already.,neither,0.03599946174679367,0.3199967833952088,0.6440037548579974
ooh yea thatd be waesome,neither,0.039658690547932744,0.3361752006093955,0.6241661088426718
"True Fact, I have a lifetime sub for STO...and haven't played in years",neither,0.0353338309798998,0.29634009370051684,0.6683260753195834
let's do the time warp agaaain (Love you Sam),neither,0.03301247193234117,0.4194202099001469,0.5475673181675118
"Borion, is that you""?",offensive_language,0.11555166227198248,0.5480332132037015,0.336415124524316
@ShandraVdeG Best space combat in the scifi game business.,neither,0.037647193922398375,0.27900638334594396,0.6833464227316577
Viva Lad vegas!,neither,0.03945320844208391,0.33037608806864915,0.630170703489267
Ohhhh I love beverly crusher,neither,0.037088605390832786,0.3413307117081081,0.6215806829010591
@Bazag Maybe...,neither,0.03945320844208391,0.33037608806864915,0.630170703489267
Rick Schwartz?,neither,0.03945320844208391,0.33037608806864915,0.630170703489267
"""Aliza has a panel with Gates McFadden"" one of the most awesome sentences possible :D",neither,0.03283260606112013,0.35425357162664667,0.6129138223122331
The Las Vegas Away Mission XD <3,neither,0.039781335328291006,0.30191122245066004,0.658307442221049
I so wish I was at STLV now,neither,0.03831336981232201,0.4150840818501495,0.5466025483375285
:(,neither,0.03945320844208391,0.33037608806864915,0.630170703489267
"so cool, its a shame they tore down the Star Trek Experience, I went to Quarks once, it was so awesome",neither,0.038243688585443525,0.3630379184835124,0.5987183929310441
"@thegreatlukeski Oh, Hi, Luke",neither,0.044409222753653534,0.2830581840241406,0.6725325932222058
I need to find Amy Dallen!!!!!,neither,0.0507618513791544,0.23464810612173273,0.7145900424991127
"Live CR at Gencon as well, it will be amazing.",neither,0.040828161492176766,0.3560928345861944,0.6030790039216287
naughty naughty having romulan ale on set,neither,0.03779253233471207,0.3382643559631207,0.6239431117021672
:P,neither,0.03945320844208391,0.33037608806864915,0.630170703489267
Why didn't you come to Supercon last weekend,neither,0.031081360229776905,0.4505155470544097,0.5184030927158135
Amy gets to play with Nerdarchist Dave!,neither,0.03530356771327935,0.3555898550055142,0.6091065772812064
"I went to the Star Trek Experience like 3 times when I was a kid, I miss it",neither,0.03685665361436447,0.3613714557696948,0.6017718906159407
"This is not VAST! We will not ""Blame Gilman"" for things that happen here! For shame on you all!",neither,0.061574878947822015,0.3547661919256974,0.5836589291264805
"they had a mobile star trek experience at the natural history museum when i was a kid, it was RAD",neither,0.03388297406875302,0.35786451673647107,0.6082525091947759
@ShandraVdeG Make it so! :P ;),neither,0.036954900997372996,0.4128228953284452,0.5502222036741818
"Dragoncon I've been to, I used to live in Atlanta. It is truly amazing.",neither,0.03595781706371012,0.3159616323297403,0.6480805506065497
"Eric keeps saying ""Amy Dallen"" without the preceding ""Internet Sensation...""",neither,0.033756816036427356,0.3217978959390977,0.644445288024475
:O FOSSILS!!! :D,neither,0.03945320844208391,0.33037608806864915,0.630170703489267
how late am i,neither,0.039219368528491595,0.33045651633780365,0.6303241151337047
@ShandraVdeG STO,neither,0.03945320844208391,0.33037608806864915,0.630170703489267
for years I really want to play the borg storyline just to fly a borg cube,neither,0.04028435081140298,0.30728571736044075,0.6524299318281563
@BigBalla5412 Haven't started yet.,neither,0.03945320844208391,0.33037608806864915,0.630170703489267
that's so cool!,neither,0.03370500952970764,0.45829613352409315,0.5079988569461991
thegreatlukeski -> Only those that we deem worthy shall possess the power of the Hyperlink [warning],neither,0.048140585852785724,0.2990817588418225,0.6527776553053918
"""Amy Dallen"" and ""Internet Sensation"" are synonymous",neither,0.06274459052323207,0.25188037013900594,0.6853750393377621
@astrophysixmen Dun Dun Dun *rewinds tape*,neither,0.03945320844208391,0.33037608806864915,0.630170703489267
"@Zismarith thanks, right on time",neither,0.03182306421780106,0.36792790642163997,0.600249029360559
"Hes got his own piccard fascination with the past, so lovely",neither,0.06437230714551498,0.4012684774950737,0.5343592153594114
Hi @JeffM0307 ! :),neither,0.03945320844208391,0.33037608806864915,0.630170703489267
@Bigun03 Borg are offlimits. Sorry! :P,neither,0.09103778924651074,0.2528814987558301,0.656080711997659
"Like Mike Ross, Amy Dallen will now be forever known as Amy ""Internet Sensation"" Dallen.",neither,0.04396798604170323,0.3438211175636807,0.612210896394616
Sounds like Nerdarchists Dave and Ted enjoyed the tour of your studios!,neither,0.06301032146894862,0.30015617446542453,0.636833504065627
I know put a man can dream can he,neither,0.04475760131160976,0.37437732972631527,0.5808650689620748
<3 to Helen!!!!!,neither,0.04754392689132449,0.32567743738237265,0.6267786357263028
i literally just finished watching the last episode a second ago,neither,0.03611740253436832,0.3332187702063108,0.6306638272593209
but not put*,neither,0.03257142186716965,0.35337544220885586,0.6140531359239746
you can play a liberated borg of various species,neither,0.05824177390742354,0.3766070392527749,0.5651511868398016
@Quesocucuy perfect timing!,neither,0.03945320844208391,0.33037608806864915,0.630170703489267
Can we get a link to the Sally Ride Discord?,neither,0.04419340288237873,0.3186221832601093,0.6371844138575119
INTRO,neither,0.03945320844208391,0.33037608806864915,0.630170703489267
Intro Engage!,neither,0.03945320844208391,0.33037608806864915,0.630170703489267
INTRO HYPE gandsSubHype gandsSubHype gandsSubHype gandsSubHype gandsSubHype,neither,0.03945320844208391,0.33037608806864915,0.630170703489267
oh snap,neither,0.04610041286253887,0.2676795543969371,0.6862200327405242
Re hrpgSub hrpgHyperHype,neither,0.10802165902134243,0.2484119200751343,0.6435664209035233
there's a discord? anyone know where to get an invite?,neither,0.046138117219719714,0.2712301902632996,0.6826316925169807
NICE.,neither,0.03945320844208391,0.33037608806864915,0.630170703489267
INTRO INTRO INTRO!,neither,0.03945320844208391,0.33037608806864915,0.630170703489267
"Same, discord?",neither,0.04148851938089603,0.3488915597363099,0.609619920882794
This intro will never get old :D,neither,0.036682165781114905,0.3537178504001783,0.6095999838187067
!discord,neither,0.03945320844208391,0.33037608806864915,0.630170703489267
We have a subscriber-only Discord server! Join here: https://discord.gg/geekandsundry (you'll need to sub and link it to your Twitch) and be a part of the fun!...Warning: It can take up to an hour for the server to update and give you access to the channels,neither,0.08464076273808444,0.286394834032893,0.6289644032290227
"Missed the last ep, totally missed it sadly. I'll watch it after seeing the live show now. Ha ha",neither,0.047489811750285334,0.2862958435582543,0.6662143446914603
!sotwiki,neither,0.03945320844208391,0.33037608806864915,0.630170703489267
"Go on an adventure, and explore the Shield of Tomorrow Wiki! - http://shield-of-tomorrow.wikia.com/wiki/Shield_of_Tomorrow_Wiki",neither,0.03697831220660964,0.2705621833882883,0.692459504405102
BlessRNG BlessRNG BlessRNG,neither,0.03945320844208391,0.33037608806864915,0.630170703489267
"I am so ""trill""ed that Sam is excited!",neither,0.04169057498880003,0.3845796424778527,0.5737297825333472
"Internet Sensation Amy Dallen influenced my choice for my new ST:O relearn character, I made an Andorian scientist",neither,0.02769287962811185,0.35099369196123464,0.6213134284106535
the sally is the same model as voyager right?,neither,0.043038788097339804,0.3525009686550329,0.6044602432476273
"oh man, last episode was so good dot jpeg",neither,0.04288906742214331,0.3755331613425947,0.5815777712352621
#awesome!,neither,0.03945320844208391,0.33037608806864915,0.630170703489267
"I still think Eric's ""race"" could be ""Q Continuum""...",neither,0.2636857337468407,0.07383106189784792,0.6624832043553114
@highvoltage988 i got lucky they hadnt started yet but definetly gonna re watch the announcments,neither,0.04935682283356623,0.36430607105489443,0.5863371061115393
"@Timenight113 Yup, Intrepid-class",neither,0.03945320844208391,0.33037608806864915,0.630170703489267
@chaoticloony I'm going to 'join' you in being trill'd.,neither,0.05236589156602899,0.4106550759460455,0.5369790324879257
Does anyone mind if I update that Sally Ride pic on the wiki? I have an Intrepid in STO.,neither,0.020061782298467366,0.46901974463263807,0.5109184730688946
"@Timenight113 yes, Intrepid class",neither,0.03945320844208391,0.33037608806864915,0.630170703489267
wooo,neither,0.03945320844208391,0.33037608806864915,0.630170703489267
Invite link to the SoT Discord server: https://discord.gg/aypkBQ,neither,0.04447342842073432,0.31297839247219583,0.6425481791070699
Re hrpgSub hrpgHyperHype,neither,0.10802165902134243,0.2484119200751343,0.6435664209035233
@ShandraVdeG thanks! :D,neither,0.035884468650613,0.3004919205142699,0.6636236108351171
@SFC100 I also own an Intrepid class starship.,neither,0.0669886405369986,0.3157869899898326,0.6172243694731689
gandsLessthanthree,neither,0.03945320844208391,0.33037608806864915,0.630170703489267
Thanks @ShandraVdeG,neither,0.035884468650613,0.3004919205142699,0.6636236108351171
^stabs @Akira62497 for that trill pun*,neither,0.03164583161722995,0.3396133811043375,0.6287407872784326
@ShandraVdeG do you have to be a sub to join the SoT discord?,neither,0.068895038142975,0.35526549171764876,0.5758394701393762
PUPPY TARG!!!,neither,0.03945320844208391,0.33037608806864915,0.630170703489267
Ahhh yes he puppy that half the Aux crew wants to adopt,neither,0.042994675696607976,0.34008794235317585,0.6169173819502162
"Oh guys, sorry, that was my Targ",neither,0.02906109106491599,0.4129095308374092,0.5580293780976748
I was wondering where he went.,neither,0.04637387829654095,0.30064865895612763,0.6529774627473315
"Yes Jody, massive.",neither,0.03945320844208391,0.33037608806864915,0.630170703489267
Targ pupper!,neither,0.03945320844208391,0.33037608806864915,0.630170703489267
idk how long i can watch to night. i have a phone interview with nc state,neither,0.04954560661348081,0.2926989948064536,0.6577553985800656
I made it woot!,neither,0.03801613068430404,0.33087036500761613,0.6311135043080799
omg,neither,0.03945320844208391,0.33037608806864915,0.630170703489267
@ShandraVdeG ahh... the trill of the pun... gets ya every time,neither,0.029030376233480464,0.4681707645707903,0.5027988591957293
Eric does love the mind bender stories,neither,0.028534423885315244,0.4113148105358309,0.5601507655788539
i think i missed an episode,neither,0.040236519928896194,0.3170812478573648,0.6426822322137391
"You're welcome, All. Be sure to check out the Rules and Mess Hall first. It's a fan-run server, so no G&S sub required.",neither,0.04748027866391215,0.44550745093276606,0.5070122704033219
in the am,neither,0.037617937040837934,0.3025905800596712,0.6597914828994909
Hi everyone!,neither,0.032490659208996964,0.4485487193596734,0.5189606214313296
I'm so hype for this setting as an rpg.,neither,0.033346882365187576,0.36279688795073395,0.6038562296840785
puppy targ is mascot must keep it,neither,0.04492197477905144,0.3172088893865046,0.6378691358344438
"good thing about giant targ, think of the bacon you can get out of it",neither,0.043038872828204795,0.37451858037664604,0.5824425467951492
Hello @rbudd,neither,0.03945320844208391,0.33037608806864915,0.630170703489267
I approve of all this CHAOS on the ship!,neither,0.03789159764752692,0.3746880729970026,0.5874203293554706
Hey @danoba !,neither,0.03945320844208391,0.33037608806864915,0.630170703489267
@countextreme did you watch last week? maybe went away after the break maybe?,neither,0.052172312182363255,0.33034377522766173,0.617483912589975
"Greetings & Sundry, all",offensive_language,0.046917543854519406,0.6277741405869331,0.3253083155585475
Hi @rbudd,neither,0.03945320844208391,0.33037608806864915,0.630170703489267
@Bazag How did you get that Dk' tahg in here??,neither,0.1259583717457423,0.3881524009446498,0.48588922730960776
I Just saw this https://twitter.com/BonnieBellG/status/892922673067511808,neither,0.03548641434891574,0.4327197896414821,0.5317937960096022
Hey @Deathstar_Taco,neither,0.03945320844208391,0.33037608806864915,0.630170703489267
@rbudd Hi Rick! How's it going?,neither,0.036635090092733066,0.3568043780983471,0.6065605318089199
Hey @chaoticloony !,neither,0.03945320844208391,0.33037608806864915,0.630170703489267
