text,top_class,hate_speech,offensive_language,neither
bidet from Oklahoma,neither,0.04066490145509902,0.30981049537100724,0.6495246031738937
Is it sunday yet Kappa,neither,0.04472497828960849,0.32856288467790273,0.6267121370324888
@yawgmothswill79 Bidet from Bethlehem PA,neither,0.04069404815304118,0.30931579984010865,0.6499901520068502
Happy Birthday Travis!!! <3,neither,0.03945320844208391,0.33037608806864915,0.630170703489267
"Bidet from Lexington, North Carolina",neither,0.04040057148408362,0.31429686482539193,0.6453025636905245
"Bidet my fellow Critters from a fairly wet Tempe, Arizona!",neither,0.032449268743569806,0.37576383695891896,0.5917868942975113
Art's up. Refresh.,neither,0.03714074598947189,0.37677164015065956,0.5860876138598686
Bidet from Kaua'i,neither,0.04228451509352876,0.2823214250720796,0.6753940598343917
Seattle* even haha,neither,0.03444222818208667,0.4154255006971773,0.5501322711207359
neat,neither,0.03945320844208391,0.33037608806864915,0.630170703489267
refresh yo,neither,0.0396125210663535,0.40881389182064354,0.551573587113003
Critters in VA should do a meet up,neither,0.049140675895753945,0.4110376368992954,0.5398216872049506
Bidet from Plano TX!,neither,0.040473471510038425,0.31305956113103167,0.64646696735893
"HAPPY ""BIDET"" TRAVIS!!!",neither,0.03945320844208391,0.33037608806864915,0.630170703489267
the screen flickered is it a sign,neither,0.044987179577353716,0.31233952286815675,0.6426732975544894
uh,neither,0.03945320844208391,0.33037608806864915,0.630170703489267
Art is up!,neither,0.045991427074099804,0.39187272382964855,0.5621358490962516
Bidet,neither,0.03945320844208391,0.33037608806864915,0.630170703489267
"bidet from scotland , only 02:50am here",neither,0.07396305085794393,0.2889086475958138,0.6371283015462423
the fanart is up,neither,0.04923303386644168,0.39856850739706007,0.5521984587364982
it's up,neither,0.03047729369400715,0.4651098659401513,0.5044128403658414
"First time on the live stream, from Columbus, OH here.",neither,0.06458552473723629,0.27564973414532074,0.6597647411174429
and the art is on!,neither,0.043514656695970676,0.281948535423127,0.6745368078809023
bidet from ohio,neither,0.040754399270683486,0.3082914838698526,0.650954116859464
art started...refresh if you don't have it.,neither,0.03380858353954523,0.41208728214167545,0.5541041343187793
Did I miss something? There is going to be an episode tonight right?,neither,0.0408893437538888,0.31482129198721576,0.6442893642588955
Refresh for fan art,neither,0.034771637128892204,0.3069844656162302,0.6582438972548776
;D,neither,0.03945320844208391,0.33037608806864915,0.630170703489267
Bidet!,neither,0.03945320844208391,0.33037608806864915,0.630170703489267
bidet from Iowa,neither,0.04069404815304118,0.30931579984010865,0.6499901520068502
bidet from ohio!,neither,0.040754399270683486,0.3082914838698526,0.650954116859464
"The channel has gone live, if you cannot see the FanArt please refresh",neither,0.03737030499864528,0.36316604058772056,0.5994636544136341
refresh for fanart. IT IS STARTING,neither,0.039347727354486356,0.30309644508428574,0.657555827561228
bidet from Portland,neither,0.04066490145509902,0.30981049537100724,0.6495246031738937
GivePLZ Happy Birthday gandsRage Travis TakeNRG,neither,0.03945320844208391,0.33037608806864915,0.630170703489267
Beep Beeb,neither,0.03945320844208391,0.33037608806864915,0.630170703489267
Wooooooo,neither,0.03945320844208391,0.33037608806864915,0.630170703489267
BEEP BEEP,neither,0.03945320844208391,0.33037608806864915,0.630170703489267
"Bidet from Knoxville, TN!!!!!!!",neither,0.04037273474496936,0.3147693269362608,0.6448579383187697
HYPED,neither,0.03945320844208391,0.33037608806864915,0.630170703489267
Bidet from Massachusetts,neither,0.04069404815304118,0.30931579984010865,0.6499901520068502
"@g_c_productions ayyy seattle critters, represent! <3",neither,0.03945320844208391,0.33037608806864915,0.630170703489267
Refresh! Art is on,neither,0.04372907974899236,0.3397465949231246,0.616524325327883
Stream is live,neither,0.05380992942542735,0.3254381533863863,0.6207519171881862
Bidet,neither,0.03945320844208391,0.33037608806864915,0.630170703489267
ooh,neither,0.03945320844208391,0.33037608806864915,0.630170703489267
Bidet!,neither,0.03945320844208391,0.33037608806864915,0.630170703489267
bidet from Lindon Utah,neither,0.04066490145509902,0.30981049537100724,0.6495246031738937
refresh for art,neither,0.03423199466188209,0.30429362477271343,0.6614743805654044
happy bday travis,neither,0.03945320844208391,0.33037608806864915,0.630170703489267
Bidet from Raleigh NC!,neither,0.04066490145509902,0.30981049537100724,0.6495246031738937
let it begin,neither,0.0225531212913532,0.3659027818397748,0.611544096868872
"Fanart is a go-go. Oh yeah, this is the stuff.",neither,0.04117211679064744,0.3704787605929759,0.5883491226163766
Preroll is live,neither,0.06612417478258875,0.321202719730918,0.6126731054864932
"art is up, time to refresh!",neither,0.04833280946604105,0.3815962641937745,0.5700709263401844
HYPE,neither,0.03945320844208391,0.33037608806864915,0.630170703489267
"Bidet from Nova Scotia, Canada!",neither,0.04071751644889743,0.3089174816120565,0.6503650019390461
Bidet from NY. Happy BDay Travis,neither,0.04022117747644645,0.3173416493160471,0.6424371732075065
"Bidet from Winchester, KY cherry4Love",neither,0.04062582848913359,0.31047366557575606,0.6489005059351104
Happy Birthday Travis!,neither,0.03945320844208391,0.33037608806864915,0.630170703489267
bidet from Northern ny,neither,0.04039749100449293,0.314349148603457,0.6452533603920501
bidet from aus,neither,0.04228451509352876,0.2823214250720796,0.6753940598343917
beep beep!,neither,0.03945320844208391,0.33037608806864915,0.630170703489267
wow i can hardly read this chat its so fast,neither,0.035564940230107235,0.358945391434015,0.6054896683358778
Welcome Critters!!!!!!!!!!!!!!!!!!!!,neither,0.03945320844208391,0.33037608806864915,0.630170703489267
for the king of Jerky Travis happy birthday!!!!,neither,0.034525793667612215,0.2977547945066078,0.66771941182578
bidet from ohio!,neither,0.040754399270683486,0.3082914838698526,0.650954116859464
Sweet finally getting to see it live after catching up,neither,0.04100696579577098,0.40697712349943443,0.5520159107047945
YAS,neither,0.03945320844208391,0.33037608806864915,0.630170703489267
Art!,neither,0.03945320844208391,0.33037608806864915,0.630170703489267
huzzah,neither,0.03945320844208391,0.33037608806864915,0.630170703489267
bidet from the uk,neither,0.039613273355342184,0.2892653269430044,0.6711213997016535
Bidet!,neither,0.03945320844208391,0.33037608806864915,0.630170703489267
Bidet,neither,0.03945320844208391,0.33037608806864915,0.630170703489267
Bidet and beep beep from Houston,neither,0.03970395313777956,0.2589191817643996,0.7013768650978207
I wanna watch so bad but 4 episodes behind,neither,0.03823954776999949,0.37230146938081193,0.5894589828491886
What's on todays agenda?,neither,0.041488387167857896,0.33861579305989414,0.619895819772248
streaming!,neither,0.03945320844208391,0.33037608806864915,0.630170703489267
bidet from mexico,neither,0.040769555981420263,0.3080342349327864,0.6511962090857933
fan art is so cute AAAAAAAAAA,neither,0.04882291686471783,0.3399776865716467,0.6111993965636355
art is up refresh,neither,0.043906135791190806,0.372982888581566,0.5831109756272432
"Awww, I love the art parts.",neither,0.03672677415704938,0.3280580229168548,0.6352152029260958
Bidet!,neither,0.03945320844208391,0.33037608806864915,0.630170703489267
Hype,neither,0.03945320844208391,0.33037608806864915,0.630170703489267
CRITICAL ROLE!!!!!!!!!!!!!!!!,neither,0.03945320844208391,0.33037608806864915,0.630170703489267
bounces in,neither,0.03945320844208391,0.33037608806864915,0.630170703489267
gandsSubHype,neither,0.03945320844208391,0.33037608806864915,0.630170703489267
Bidet,neither,0.03945320844208391,0.33037608806864915,0.630170703489267
That music always gets me,neither,0.02733893097858203,0.46225577860947026,0.5104052904119477
music!,neither,0.03945320844208391,0.33037608806864915,0.630170703489267
any other NE Ohio folks in here?,neither,0.06904718541338493,0.3048886621100124,0.6260641524766027
happy happy happy bday,neither,0.03945320844208391,0.33037608806864915,0.630170703489267
bidet from Philadelphia,neither,0.04066490145509902,0.30981049537100724,0.6495246031738937
"Bidet from Rockford, IL!",neither,0.04066490145509902,0.30981049537100724,0.6495246031738937
Happy B-Day Travis!,neither,0.039931018019821476,0.3162769729298149,0.6437920090503635
@gemdragyn Woo! Reading area for me :),neither,0.029922476154303927,0.3366140646130338,0.6334634592326623
Bidet from Germany!,neither,0.04069404815304118,0.30931579984010865,0.6499901520068502
who's going to Critical Role live? MEEEEEEEEE,neither,0.047547746827950856,0.3966338590596448,0.5558183941124043
Bidet everybody!!!!!,neither,0.03945320844208391,0.33037608806864915,0.630170703489267
Happy Birthday Travis!,neither,0.03945320844208391,0.33037608806864915,0.630170703489267
bidet from brockville ontario,neither,0.04062582848913359,0.31047366557575606,0.6489005059351104
bidet from Cincinnati,neither,0.04228451509352876,0.2823214250720796,0.6753940598343917
Bidet,neither,0.03945320844208391,0.33037608806864915,0.630170703489267
Bidet from Eugene Oregon!,neither,0.040354386843928725,0.3150807387011266,0.6445648744549448
bidet,neither,0.03945320844208391,0.33037608806864915,0.630170703489267
Bidet from Georgia USA!,neither,0.04037932620557306,0.31465745264747463,0.6449632211469523
Bidet from Anderson California,neither,0.05869407133616058,0.3079413983338991,0.6333645303299403
Bidet from Minneapolis!,neither,0.04228451509352876,0.2823214250720796,0.6753940598343917
How is there already a title for it? Lol,neither,0.0322673983440648,0.32814422838406965,0.6395883732718655
A quick thanks to all the dm's out there. unsung heroes,neither,0.03949168969900512,0.33011044268063444,0.6303978676203604
Happy birthday Willingblam!,neither,0.03945320844208391,0.33037608806864915,0.630170703489267
"oh yeah, Happy Birthday Travis!",neither,0.029653927838089376,0.38153584291698217,0.5888102292449284
wohoo here we go,neither,0.13156755280784707,0.2765461283225309,0.5918863188696221
happy bidet Travis!,neither,0.03945320844208391,0.33037608806864915,0.630170703489267
"I'm gonna hide from chat for now, beep beep critters!",neither,0.03442936447447386,0.32824325438687735,0.6373273811386487
bidet,neither,0.03945320844208391,0.33037608806864915,0.630170703489267
I love warching the artwork roll by,neither,0.036267766972113716,0.37910026378395933,0.5846319692439271
Happy birthday to Travis!!!,neither,0.04553362894875635,0.3268130064272404,0.6276533646240032
gandsSubHype gandsSubHype gandsSubHype gandsSubHype gandsSubHype gandsSubHype gandsSubHype gandsSubHype gandsSubHype gandsSubHype gandsSubHype,neither,0.03945320844208391,0.33037608806864915,0.630170703489267
bidet from Oregon,neither,0.04071751644889743,0.3089174816120565,0.6503650019390461
I was from NE Ohio originally.. in Oklahoma now though heh,neither,0.03993617230699391,0.3221789308458782,0.637884896847128
bidet from chicago,neither,0.04078317879478948,0.307803020237201,0.6514138009680096
"Argh, I keep losing connection",neither,0.03945320844208391,0.33037608806864915,0.630170703489267
grog no 5 Yay,neither,0.038402593806060877,0.3482077603276699,0.6133896458662692
bidet from Japan!,neither,0.04069404815304118,0.30931579984010865,0.6499901520068502
HAPPY BIRTHDAY TRAVIS,neither,0.03945320844208391,0.33037608806864915,0.630170703489267
Bidet from Kansas!,neither,0.04071751644889743,0.3089174816120565,0.6503650019390461
first time i get to be active in live chat ^^,neither,0.04081879898116728,0.3514418427625831,0.6077393582562496
Bidet everyone!,offensive_language,0.02988896790634741,0.4927062106388782,0.4774048214547744
this is my first live show in over 6 weeks and right now i am grateful for having a cold,neither,0.03633823330156349,0.3080434799060748,0.6556182867923617
where is the artwork,neither,0.05801350487136781,0.24015946523463783,0.7018270298939943
Bidet from York,neither,0.040882199174905286,0.30612238596403646,0.6529954148610584
bidet from asheville,neither,0.04228451509352876,0.2823214250720796,0.6753940598343917
Grog's B-day!!!!!!!!!!,neither,0.04062343770405816,0.29560591037067285,0.663770651925269
happy birthmas travis,neither,0.03945320844208391,0.33037608806864915,0.630170703489267
"Biddet from Dallas, Tx",neither,0.040477971317663786,0.312983187652067,0.6465388410302692
Travis B-Day guys,neither,0.039817380216294246,0.3182779181996045,0.6419047015841012
"This will be ep 107, welcome back regulars and welcome first time live watchers",neither,0.037870568795337824,0.3122790465980584,0.6498503846066039
pum pum pum,neither,0.03945320844208391,0.33037608806864915,0.630170703489267
Happy Birthday Travis,neither,0.03945320844208391,0.33037608806864915,0.630170703489267
yo yo yo yoooooooooooo Bidet from South Dakota!,neither,0.040576529564885375,0.4586680310457119,0.5007554393894026
"every once in a while i'll dab, to remind myself im still a young man.",neither,0.0403426119465635,0.41723587258622,0.5424215154672166
woooo happy birthday Travis hope it was a great one,neither,0.059793767910382885,0.25501912129665366,0.6851871107929633
Hi chat. bye chat!,neither,0.03945320844208391,0.33037608806864915,0.630170703489267
Hello all!,neither,0.04217753453783664,0.43734383323855475,0.5204786322236087
bidet🍌,neither,0.03945320844208391,0.33037608806864915,0.630170703489267
hype,neither,0.03945320844208391,0.33037608806864915,0.630170703489267
As a fellow DM I'd just like to say that Matt Mercer is DM god!,neither,0.04706606495699707,0.38626919919829217,0.5666647358447108
gandsDrink kaypikeHB,neither,0.03945320844208391,0.33037608806864915,0.630170703489267
"Beidet from Philly, and Happy Birthday Travis!",neither,0.03958564843535923,0.288530564726306,0.6718837868383347
bidget is my city,neither,0.032765035923943336,0.4486136009440261,0.5186213631320307
I'm so excited to watch live for the first time. I started watching last October and finished last week's episode about ten minutes ago!,neither,0.03853413845250202,0.329568834526263,0.631897027021235
My first live stream! gandsLessthanthree,neither,0.02702823566611067,0.40995572389303825,0.5630160404408512
hell yeah Happy birthday Travis =D,offensive_language,0.028696361883647332,0.6917791776909415,0.2795244604254113
happy birthday Travis!,neither,0.03945320844208391,0.33037608806864915,0.630170703489267
As ALWAYS <3 THE FANART,neither,0.032675715418974925,0.4357264116902745,0.5315978728907506
"Yay, made it home in time to use the desktop :D",neither,0.01832719244759965,0.40310040576837475,0.5785724017840257
@Neyla_Fae Bidet from NYC! What part of NY are you in?,neither,0.08469777538502783,0.31001367352454956,0.6052885510904226
bidet,neither,0.03945320844208391,0.33037608806864915,0.630170703489267
"Bidet from Tennessee, USA",neither,0.040402255548430084,0.3142682818583747,0.6453294625931952
its like we all get to hang with travis for his b day,neither,0.049791537704162385,0.3891493879679745,0.5610590743278632
bidet all,offensive_language,0.046917543854519406,0.6277741405869331,0.3253083155585475
Mid Ohio here,neither,0.0821007574087654,0.2956568781256208,0.6222423644656139
here's a better question... will travis play his birthday as an actually birthday for grog in game?,neither,0.06985726349630063,0.28072037967630004,0.6494223568273995
bidet from New York,neither,0.044690599332616286,0.20708884905532376,0.7482205516120599
"Well, looks like I can't see chat when on the big screen so goodbye for now",neither,0.025374552942283787,0.4022258696803119,0.5723995773774044
"grogs birthday, grog is now 5",neither,0.05167803522626697,0.3261714095607706,0.6221505552129624
Bidet from NC,neither,0.04066490145509902,0.30981049537100724,0.6495246031738937
gandsSubHype gandsSubHype gandsSubHype gandsSubHype gandsSubHype gandsSubHype gandsSubHype,neither,0.03945320844208391,0.33037608806864915,0.630170703489267
Just me or is there no music?,neither,0.034003219713224925,0.35912288815794896,0.6068738921288263
@loicibiki nice...dont be shy...we all love CR,neither,0.04055417891830645,0.19089536729680825,0.7685504537848853
@yawgmothswill79 getting storms there?,neither,0.03344335806800295,0.3739050852116076,0.5926515567203894
Bidet from El Paso Tx and Happy Birtday Grog (Travis),neither,0.03958022702152394,0.29002271305389343,0.6703970599245825
Bidet and beep beep from the Florida keys!,neither,0.03891302527692789,0.2647315738247522,0.6963554008983199
bidet from los angeles,neither,0.04078317879478948,0.307803020237201,0.6514138009680096
Should I hit the dab family?,neither,0.04924349967890725,0.34533593433800613,0.6054205659830867
bidet and beep beep from AZ,neither,0.03968692788310135,0.26288412776704095,0.6974289443498578
bidet from Michigan,neither,0.040769555981420263,0.3080342349327864,0.6511962090857933
Beep beep from Sydney Australia!,neither,0.04031924518627951,0.315677184343852,0.6440035704698686
almost there,neither,0.039368480865965706,0.27103003965495426,0.6896014794790801
gandsNatTwenty Happy Bday Travis gandsNatTwenty,neither,0.03945320844208391,0.33037608806864915,0.630170703489267
Happy Birthday Travis,neither,0.03945320844208391,0.33037608806864915,0.630170703489267
Holy fuck Dread is good,offensive_language,0.17328707783194774,0.8219655717190887,0.004747350448963701
Think if Grog gets to meet Kord?,neither,0.027128636913496502,0.37421464931809606,0.5986567137684075
Happy birthday Travis,neither,0.03945320844208391,0.33037608806864915,0.630170703489267
Bidet from Oklahoma!,neither,0.04066490145509902,0.30981049537100724,0.6495246031738937
got my beer and chips...let start this thing,neither,0.021124300708800815,0.41624037504091427,0.562635324250285
gandsSubHype gandsSubHype gandsSubHype gandsSubHype gandsSubHype gandsSubHype gandsSubHype,neither,0.03945320844208391,0.33037608806864915,0.630170703489267
Bidet from (5am) Finland,neither,0.04069404815304118,0.30931579984010865,0.6499901520068502
PogChamp PogChamp PogChamp PogChamp,neither,0.03945320844208391,0.33037608806864915,0.630170703489267
"Happy Birthday, Travis!",neither,0.03945320844208391,0.33037608806864915,0.630170703489267
salt squad tuning in,neither,0.03945320844208391,0.33037608806864915,0.630170703489267
Bidet from SC and happy bday Travis.,neither,0.03957953853162408,0.2902132334375387,0.6702072280308372
@Shadowcatjen Refresh,neither,0.03945320844208391,0.33037608806864915,0.630170703489267
unlimitedsalt -> You are the missing link. Goodbye. [stop spamming caps] [warning],neither,0.06483609371776416,0.36413924671633163,0.5710246595659042
OSsloth,neither,0.03945320844208391,0.33037608806864915,0.630170703489267
HAPPY CRIT DAY,neither,0.04023417877537722,0.3072658275026805,0.6524999937219423
beep beep from Tulsa,neither,0.04228451509352876,0.2823214250720796,0.6753940598343917
Bidet from Mass,neither,0.04078317879478948,0.307803020237201,0.6514138009680096
"same here Hi chat, bye chat! Sub mode activated soon danWave",neither,0.05930357416710495,0.31651650407295695,0.6241799217599382
bidet my dudes,neither,0.02356582543508756,0.46096478612711306,0.5154693884377993
OMG this is it- first time watching live xD,neither,0.040852594409873697,0.3470632391136906,0.6120841664764357
"Bidet, from Monatan!",neither,0.04228451509352876,0.2823214250720796,0.6753940598343917
HeyGuys HeyGuys HeyGuys HeyGuys,neither,0.03945320844208391,0.33037608806864915,0.630170703489267
hype,neither,0.03945320844208391,0.33037608806864915,0.630170703489267
Bidet,neither,0.03945320844208391,0.33037608806864915,0.630170703489267
Bidet from sweltering California. And happy Bday Grog.,neither,0.056970539077175426,0.274588413429733,0.6684410474930916
first time watching live in months so excited!,neither,0.036306832524146924,0.3781508425957412,0.5855423248801119
Bidet from Mexico City,neither,0.04052962443717398,0.3121064994100792,0.6473638761527468
Bidet from Rochester NY,neither,0.04084513770590474,0.30675141581570226,0.6524034464783931
Birthdays aren't something they've ever really celebrated in game,neither,0.023432659951260173,0.2905781642120096,0.6859891758367302
Bidet from Ontario,neither,0.04062582848913359,0.31047366557575606,0.6489005059351104
@shadowcatjen just you,offensive_language,0.07766585983551075,0.5548444567350452,0.3674896834294441
Nevermind,neither,0.03945320844208391,0.33037608806864915,0.630170703489267
I hope Travis isn't mad he is missing a football game! tonight :D,neither,0.06777817237741884,0.22582068983192924,0.7064011377906518
First time watching live!,neither,0.03513206370154816,0.3516282956383994,0.6132396406600524
Bidet from Kansas City!,neither,0.04050054910234117,0.3125999837227694,0.6468994671748894
Hi @TheDiMono,neither,0.03945320844208391,0.33037608806864915,0.630170703489267
happy 5th birthday grog,neither,0.03945320844208391,0.33037608806864915,0.630170703489267
woah the ioun art!,neither,0.03862348701351305,0.31522721105087215,0.6461493019356147
ayyy,neither,0.03945320844208391,0.33037608806864915,0.630170703489267
Bidet!!,neither,0.03945320844208391,0.33037608806864915,0.630170703489267
"First on the live, love this series!!!!",neither,0.03140768419462255,0.3416131753280553,0.6269791404773222
"happy birthday travis, heres hoping you read your card from the deck today haha",neither,0.05819806991449792,0.35313005136508463,0.5886718787204174
Happy Birthday Travis!,neither,0.03945320844208391,0.33037608806864915,0.630170703489267
rawr,neither,0.03945320844208391,0.33037608806864915,0.630170703489267
Woooo!!!,neither,0.03945320844208391,0.33037608806864915,0.630170703489267
ready to be Mad Online about people treating my favourite fictional character poorly :(,neither,0.04967328349064335,0.392429345989817,0.5578973705195397
who /sprigg/ here,neither,0.16178518231880298,0.3627386350754509,0.47547618260574603
Bidet and happy birthday Travis!,neither,0.038746338156684636,0.29501818061848883,0.6662354812248265
HeyGuys Hi!,neither,0.03945320844208391,0.33037608806864915,0.630170703489267
"Bidet from my bidet, and happy bidet to Travis!",neither,0.03445015520283937,0.3499972849413443,0.6155525598558164
Bidet from Cali-et,neither,0.04079557052152802,0.30759270029461827,0.6516117291838538
CHOD!,neither,0.03945320844208391,0.33037608806864915,0.630170703489267
yeeeeee,neither,0.03945320844208391,0.33037608806864915,0.630170703489267
bidet from the bidet,neither,0.039779025773403386,0.2539611253407979,0.7062598488857987
Bidet from Scotland,neither,0.04062582848913359,0.31047366557575606,0.6489005059351104
Hi @Dragonchrome,neither,0.03945320844208391,0.33037608806864915,0.630170703489267
Bdt,neither,0.03945320844208391,0.33037608806864915,0.630170703489267
Happy Birthday Travis! What'd you get?,neither,0.058694275601181053,0.3734774445362072,0.5678282798626118
A titan-sized birthday wish to Travis!!!,neither,0.0443880404326637,0.32746887631158955,0.6281430832557467
"Bidet from Norfolk,VA",neither,0.04066490145509902,0.30981049537100724,0.6495246031738937
bidet from Texas,neither,0.040937266849991,0.30518774380265185,0.6538749893473571
Happy Birthday Travis,neither,0.03945320844208391,0.33037608806864915,0.630170703489267
Happy Birthday Travis! gandsDrink,neither,0.03945320844208391,0.33037608806864915,0.630170703489267
rawrr,neither,0.03945320844208391,0.33037608806864915,0.630170703489267
Happy Birthday Travis gandsDrink gandsDrink gandsDrink gandsDrink gandsDrink,neither,0.03945320844208391,0.33037608806864915,0.630170703489267
GENCON is in another continent :( :( :(,neither,0.19047810588140981,0.19336939949849388,0.6161524946200964
Bidet everybody,neither,0.03945320844208391,0.33037608806864915,0.630170703489267
bidet,neither,0.03945320844208391,0.33037608806864915,0.630170703489267
Howdy folks!,neither,0.03945320844208391,0.33037608806864915,0.630170703489267
It's travis' bday...woohoo,neither,0.038410619620924784,0.33073468217278434,0.6308546982062909
Bidet from cincinnati oh,neither,0.050416241482135554,0.21698369937451742,0.732600059143347
Hello,neither,0.03945320844208391,0.33037608806864915,0.630170703489267
Greetings and salutations from Kent in England,neither,0.03966494390212976,0.26813523690895824,0.6921998191889122
!rules,neither,0.03945320844208391,0.33037608806864915,0.630170703489267
ia lways feel weird seeing art ont he stream cause i follow like MOST of these artists and see it before it ends up here and like oh hEY its this again,neither,0.06244137693357985,0.36991812941460483,0.5676404936518152
"Bidet from San Antonio, Texas!",neither,0.04031505647017286,0.3157482777878597,0.6439366657419674
rawr,neither,0.03945320844208391,0.33037608806864915,0.630170703489267
If grog has to go back to vasselhiem he better go incogcheeto!,neither,0.039444928127226137,0.36892177605475984,0.5916332958180139
KappaHD,neither,0.03945320844208391,0.33037608806864915,0.630170703489267
Bidet from early morning UK,neither,0.04886500523056531,0.1706333337358167,0.780501661033618
"Bidet from Winnipeg, Manitoba, Canada and Happy Birthday Travis",neither,0.03958357572043259,0.28909936242057166,0.6713170618589958
Bidet and Beep-Beep!,neither,0.03763944115734239,0.1918412352459551,0.7705193235967025
@Valiantmincer92 grats...get ready and get comfy,neither,0.03821777307619708,0.3148463452838209,0.646935881639982
woo woo!,neither,0.03945320844208391,0.33037608806864915,0.630170703489267
yay! I subscribed! :),neither,0.03945320844208391,0.33037608806864915,0.630170703489267
bidet from Netherlands,neither,0.04066490145509902,0.30981049537100724,0.6495246031738937
"Happy Thursday, everyone! :)",neither,0.03355760225671494,0.4304399113404305,0.5360024864028545
"I am also a dirty, excited n00b to the live game.",neither,0.04677339902562017,0.2845259582403407,0.6687006427340391
The sound is jumping,neither,0.046736514230857645,0.3115465165314376,0.6417169692377048
"Travis will likely track the Cowboys on his phone during game, lol",neither,0.04513240246714843,0.32332376477029195,0.6315438327625595
Happy birthday Willingham!,neither,0.03945320844208391,0.33037608806864915,0.630170703489267
"Bidet from Beaumont Tx, and happy birthday Travis",neither,0.0395874244651643,0.288044818107761,0.6723677574270747
I dont remember how the last episode left off...I dont know if I just cant remember it or if I dint watch it... o.O,neither,0.02324862169985269,0.3804292781130813,0.5963221001870661
Bidet!,neither,0.03945320844208391,0.33037608806864915,0.630170703489267
Helooo Stream.,neither,0.03945320844208391,0.33037608806864915,0.630170703489267
bidet from Rochester ny,neither,0.04084513770590474,0.30675141581570226,0.6524034464783931
Happy Bidet Travis!,neither,0.03945320844208391,0.33037608806864915,0.630170703489267
Bidet and beep beep from Chicago!,neither,0.03968692788310135,0.26288412776704095,0.6974289443498578
RAWRRRR,neither,0.03945320844208391,0.33037608806864915,0.630170703489267
"Oh, and Happy Birthday, Travis!!!!!!",neither,0.04289397125019855,0.25694357323692757,0.7001624555128739
cant wait xD,neither,0.03945320844208391,0.33037608806864915,0.630170703489267
Grog's birth,neither,0.03945320844208391,0.33037608806864915,0.630170703489267
Bidet from Bidet!,neither,0.04228451509352876,0.2823214250720796,0.6753940598343917
Bidet from Québec !,neither,0.04228451509352876,0.2823214250720796,0.6753940598343917
Happy Birthday Travis!,neither,0.03945320844208391,0.33037608806864915,0.630170703489267
Bidet!,neither,0.03945320844208391,0.33037608806864915,0.630170703489267
gandsFail,neither,0.03945320844208391,0.33037608806864915,0.630170703489267
Happy Friday,neither,0.03945320844208391,0.33037608806864915,0.630170703489267
GivePLZ gandsGandsPoo TakeNRG gandsSCANLAN,neither,0.03945320844208391,0.33037608806864915,0.630170703489267
Bidet from Boston,neither,0.040769555981420263,0.3080342349327864,0.6511962090857933
Bidet from arkansas!!!!,neither,0.04066490145509902,0.30981049537100724,0.6495246031738937
BIDET FROM COLORADO!,neither,0.04066490145509902,0.30981049537100724,0.6495246031738937
"@gemdragyn Yep, for the past hours we've had some pretty good lightning and rain",neither,0.019669050825932687,0.28475852504994675,0.6955724241241206
Birthday chat! Also Happy Bidet Travis!!! .....wait,neither,0.03945320844208391,0.33037608806864915,0.630170703489267
"Any Aug 3, Birthdays out there tonight besides Travis and my self???? gandsGandsRobotParty gandsGandsRobotParty gandsGandsRobotParty gandsGandsRobotParty gandsGandsRobotParty gandsGandsRobotParty gandsGandsRobotParty gandsSubHype gandsSubHype gandsSubHype gandsSubHype gandsSubHype",neither,0.02818476297497341,0.3283716804117491,0.6434435566132776
bah always forget that i need to reload to see that its gone live,neither,0.03997921740518691,0.4193123557398999,0.5407084268549132
"Happy birthday Travis, from Oxford, UK",neither,0.04024036882206283,0.3170159220955161,0.6427437090824211
happy birthday Travis!!,neither,0.03945320844208391,0.33037608806864915,0.630170703489267
bidet from titusville,neither,0.04228451509352876,0.2823214250720796,0.6753940598343917
@Fembot_ArtsyPantS grats....welcome,neither,0.03945320844208391,0.33037608806864915,0.630170703489267
Bidet from LA,neither,0.04094187055022747,0.3051096069949388,0.6539485224548338
Bidet from Oakville Ontario,neither,0.04062582848913359,0.31047366557575606,0.6489005059351104
Bidet from NC!,neither,0.04066490145509902,0.30981049537100724,0.6495246031738937
"Beep Beep and Bidet from Dixon, MO! Got my ale and ready for some CR!",neither,0.023465324287987786,0.3398830365314235,0.6366516391805888
Happy Birthday Grog,neither,0.03945320844208391,0.33037608806864915,0.630170703489267
"yaaaaasssssss, first time watching live for my roommates",neither,0.02220517114645539,0.3956969662322707,0.5820978626212739
Bidet from TD,neither,0.040737273169946825,0.30858215849491494,0.6506805683351382
Bidet from San Diego,neither,0.040446282760733435,0.31352102516371877,0.6460326920755478
Grats Old to Travis ;-p,neither,0.04471891966380076,0.3272787627400426,0.6280023175961568
gandsDrink gandsDrink gandsDrink gandsDrink gandsDrink gandsDrink gandsDrink gandsDrink gandsDrink gandsDrink gandsDrink gandsDrink Happy Birthday Travis!,neither,0.03945320844208391,0.33037608806864915,0.630170703489267
happy b'dat Travis,neither,0.03945320844208391,0.33037608806864915,0.630170703489267
Late,neither,0.03945320844208391,0.33037608806864915,0.630170703489267
gandsClassic gandsRaid,neither,0.03945320844208391,0.33037608806864915,0.630170703489267
Happy Birthday Travis,neither,0.03945320844208391,0.33037608806864915,0.630170703489267
Happy birthday Travis,neither,0.03945320844208391,0.33037608806864915,0.630170703489267
Bidet!,neither,0.03945320844208391,0.33037608806864915,0.630170703489267
I LOVE YOU ALL <3,offensive_language,0.07693210972157016,0.6561782186763016,0.26688967160212834
Bidet from Florida,neither,0.0408948396164547,0.30590784468201904,0.6531973157015263
Happy birthday Travis!,neither,0.03945320844208391,0.33037608806864915,0.630170703489267
Happy Birthday Grand Poobah!!!!,neither,0.03945320844208391,0.33037608806864915,0.630170703489267
Bidet from Brisbane Australia,neither,0.04062582848913359,0.31047366557575606,0.6489005059351104
Happy Birthday to Travis!,neither,0.04553362894875635,0.3268130064272404,0.6276533646240032
Woot,neither,0.03945320844208391,0.33037608806864915,0.630170703489267
They should try to get Vecna to draw from the deck,neither,0.059753929113568804,0.32926395832982247,0.6109821125566088
beep beep from Maryland yall. happy B day to the grandest poobah around,neither,0.0431985829635741,0.31238075842791274,0.6444206586085132
Bidet from Chicago,neither,0.04078317879478948,0.307803020237201,0.6514138009680096
that one of darrin was so good,neither,0.03289821435846785,0.4759886517659869,0.49111313387554517
Bidet from South Carolina,neither,0.04043176250036363,0.31376747187705417,0.6458007656225822
did they broadcast the live show?,neither,0.05644731162298416,0.2508547415771809,0.692697946799835
it is the day of our Grogs birth,neither,0.04517894707509837,0.299930640097342,0.6548904128275597
Bidet from West Virginia!!! And Happy Birthmas Travis!!!!,neither,0.03958092586964414,0.28982956469364823,0.6705895094367076
"Aww, Darin De Paul art. gandsLessthanthree",neither,0.03945320844208391,0.33037608806864915,0.630170703489267
happy birthday Travis!,neither,0.03945320844208391,0.33037608806864915,0.630170703489267
Bidet from San Diego!,neither,0.040446282760733435,0.31352102516371877,0.6460326920755478
The art makes me look forward to the 64 episodes I have yet to watch...,neither,0.044946134540210944,0.33306616819156926,0.6219876972682198
Happy Grog Dayt!,neither,0.03945320844208391,0.33037608806864915,0.630170703489267
at gencon?,neither,0.037091946445510025,0.40193141593839976,0.5609766376160902
Bidet from kansas!,neither,0.04071751644889743,0.3089174816120565,0.6503650019390461
I love Critters!!,neither,0.03217296676969875,0.3657703709031763,0.602056662327125
gandsMatt,neither,0.03945320844208391,0.33037608806864915,0.630170703489267
bidet from az,neither,0.04078317879478948,0.307803020237201,0.6514138009680096
Bidet from NYC,neither,0.04081748366884477,0.3072207769958956,0.6519617393352596
HAPPY BIRTHDAY TRAVIS,neither,0.03945320844208391,0.33037608806864915,0.630170703489267
Happy birthday poobah!,neither,0.03945320844208391,0.33037608806864915,0.630170703489267
Happy Birthday Travis!,neither,0.03945320844208391,0.33037608806864915,0.630170703489267
Where can we get that music?,neither,0.03688318460647107,0.34837433156946973,0.614742483824059
hoi,neither,0.03945320844208391,0.33037608806864915,0.630170703489267
Happy Birthday Travis/Grog from australia,neither,0.04020128655092259,0.31767925023336596,0.6421194632157115
dekarChad,neither,0.03945320844208391,0.33037608806864915,0.630170703489267
and Bidet from Vancouver!,neither,0.03993872663407561,0.2110020514151397,0.7490592219507847
Bidet from Florida,neither,0.0408948396164547,0.30590784468201904,0.6531973157015263
Beep beep,neither,0.03945320844208391,0.33037608806864915,0.630170703489267
Bidet from Michigan!,neither,0.040769555981420263,0.3080342349327864,0.6511962090857933
Wishing Travis a very Happy birthday!!!!!,neither,0.03945320844208391,0.33037608806864915,0.630170703489267
"Bidet from Tampa, Florida!!",neither,0.0404490119039584,0.3134747044806948,0.6460762836153469
Bidet!,neither,0.03945320844208391,0.33037608806864915,0.630170703489267
Happy Birthday Travis!,neither,0.03945320844208391,0.33037608806864915,0.630170703489267
Happy Birthday to the Big Giant,neither,0.02924922818118412,0.36786163251416265,0.6028891393046533
"Bidet from PA, baby!",neither,0.040535252454847966,0.31201097726219607,0.647453770282956
I WOULD LIKE TO AGGGEEEEEEEE,neither,0.0804027491700186,0.33844784643662373,0.5811494043933576
happy b day travis and grog !!!!!!,neither,0.039161430672098,0.2803735003885576,0.6804650689393444
I love all the wonderful fan art.,neither,0.03767058470337715,0.38140867976532256,0.5809207355313003
"bidet, and happy birthday travis",neither,0.038746338156684636,0.29501818061848883,0.6662354812248265
Bidet from Texas. Sam should sing Travis an alternate non-royalty birthday song.,neither,0.04547702460752236,0.33902157484795864,0.615501400544519
"Bidet fellow Critters, from the ""wilds"" of southern Pierce County, WA, in the small(ish) town of Frederickson.",neither,0.03912739931596233,0.30887907469980797,0.6519935259842298
Happy biday Travis,neither,0.03945320844208391,0.33037608806864915,0.630170703489267
MY FIRST STREAM I'M SO HAPPY,neither,0.024586567539986882,0.45024138139874087,0.5251720510612722
first live show,neither,0.053439449784434545,0.24088029485424947,0.7056802553613161
happy birthday travis,neither,0.03945320844208391,0.33037608806864915,0.630170703489267
Happy Birthday Travis! May your Cowboys do you proud this year!,neither,0.07257495585112328,0.33801799856886167,0.589407045580015
bidet from florida,neither,0.0408948396164547,0.30590784468201904,0.6531973157015263
Happy Birthday to Mr. Travis Willingham! (I put your birthday card in a certain deck) ;),neither,0.05735893506640306,0.3243338841635957,0.6183071807700012
Happy birthday Travis!,neither,0.03945320844208391,0.33037608806864915,0.630170703489267
beep beep from the middle of nowhere,neither,0.03957562280662489,0.2981545773626414,0.6622697998307338
Bidet from sweden,neither,0.04228451509352876,0.2823214250720796,0.6753940598343917
Chat thoughts on balancing edgyness/fun in D&D,neither,0.037052469866755595,0.3418598788914346,0.6210876512418099
"Bidet from Madison, Wisconsin",neither,0.040394171658393964,0.31440548656955947,0.6452003417720467
Happy Birthday Grand Poobah!!,neither,0.03945320844208391,0.33037608806864915,0.630170703489267
This is my first time watching live.,neither,0.03149054315349041,0.4253585666815433,0.5431508901649664
Bidet and Happy Birthday to Travis,neither,0.04459424201441615,0.29238293938762305,0.6630228185979608
Ioun PogChamp,neither,0.03945320844208391,0.33037608806864915,0.630170703489267
Happy Birthday Travis!,neither,0.03945320844208391,0.33037608806864915,0.630170703489267
Aye,neither,0.03945320844208391,0.33037608806864915,0.630170703489267
sent Travis a Redskins jersey for his birthday. Sam told me it's his favorite team. I don't know anything about sports.,neither,0.051451970321439416,0.2506592798939861,0.6978887497845744
Happy birthday Travis!!!!,neither,0.03945320844208391,0.33037608806864915,0.630170703489267
Let's go Groggering,neither,0.01806316484133749,0.39391011985298136,0.5880267153056813
happy bday travis!,neither,0.03945320844208391,0.33037608806864915,0.630170703489267
HAPPY B-DAY GROG,neither,0.04023417877537722,0.3072658275026805,0.6524999937219423
Happy Birthmasween Travis!,neither,0.03945320844208391,0.33037608806864915,0.630170703489267
Beepbeep from the Netherlands!,neither,0.0395975487247086,0.2929303761973238,0.6674720750779677
BIdet and G'day to all!,neither,0.05402119536298057,0.341280509621693,0.6046982950153265
Happy Birthday Travis =D,neither,0.03945320844208391,0.33037608806864915,0.630170703489267
first live show whooo,neither,0.053439449784434545,0.24088029485424947,0.7056802553613161
Happy Bday Travis! I just had mine 2 days ago! Birthday Buddies unite!!,neither,0.037184520026678186,0.3408504398963246,0.6219650400769973
!Criticalrole,neither,0.03945320844208391,0.33037608806864915,0.630170703489267
happy bday travis,neither,0.03945320844208391,0.33037608806864915,0.630170703489267
HAPPY BIRTHDAY GROG!!,neither,0.03945320844208391,0.33037608806864915,0.630170703489267
herpy birthder Travis!!!,neither,0.03945320844208391,0.33037608806864915,0.630170703489267
Bidet from Buffalo NY!!!!,neither,0.04043211762049359,0.3137614445616591,0.6458064378178473
Question: Does anyones character have a birthday that is celebrated in game?,neither,0.03255158006247242,0.4051687646505068,0.562279655287021
beep beep and bidet from the oregon coast. Happy bday Grog| This calls for a major frenzied rage,neither,0.0359790856825897,0.27865273210922864,0.6853681822081816
Happy Birthday Travis!!,neither,0.03945320844208391,0.33037608806864915,0.630170703489267
hullo all,offensive_language,0.046917543854519406,0.6277741405869331,0.3253083155585475
wow,neither,0.03945320844208391,0.33037608806864915,0.630170703489267
bidet from aus,neither,0.04228451509352876,0.2823214250720796,0.6753940598343917
