text,top_class,hate_speech,offensive_language,neither
@Bazag Cool. I lived in Sydney before we moved.,neither,0.03694469369375593,0.3729521300495873,0.5901031762566568
TaS also had an episode written by Larry Niven. I've got to consider it canon on that account. :P,neither,0.02693980411811865,0.3837415727593598,0.5893186231225216
Martinez had his..,neither,0.06748672033168643,0.33214947689473207,0.6003638027735816
tg,neither,0.03945320844208391,0.33037608806864915,0.630170703489267
Hailing frequencies open from the 617 strong. STO captain synn'malache of the USS Rafael Peralta.,neither,0.03896021919074382,0.2968601877785952,0.6641795930306611
Hey!,neither,0.03945320844208391,0.33037608806864915,0.630170703489267
XD,neither,0.03945320844208391,0.33037608806864915,0.630170703489267
lol,neither,0.020706217963973744,0.4882283491876925,0.4910654328483337
noooooooo,neither,0.03945320844208391,0.33037608806864915,0.630170703489267
<Hailing Frequencies Open>,neither,0.03945320844208391,0.33037608806864915,0.630170703489267
no ooooooooo,neither,0.036918905254960256,0.37338982715841207,0.5896912675866277
Yay! My first live episode!,neither,0.028421506478132755,0.3998060845666109,0.5717724089552564
NOOOO Eric! NOOOO,neither,0.03945320844208391,0.33037608806864915,0.630170703489267
w000ttt!,neither,0.03945320844208391,0.33037608806864915,0.630170703489267
@ripartist good! better now!,neither,0.03853387251129219,0.3306922898519514,0.6307738376367563
NO NOT ENTERPRISE Kappa,neither,0.03776454598883777,0.34544580562700283,0.6167896483841593
Enterprise!!!1,neither,0.03945320844208391,0.33037608806864915,0.630170703489267
THEY STARTED ON TIME OMG,neither,0.03547501551462449,0.3638425358423804,0.600682448642995
i want give commander rue a pair of crutches i made ....,neither,0.03960430509437564,0.32781158354841866,0.6325841113572057
"Ah, the Patch Adams song. :D",neither,0.038276374495929376,0.32257261836948103,0.6391510071345895
yaaaaaaay,neither,0.03945320844208391,0.33037608806864915,0.630170703489267
what,neither,0.057770773616808734,0.3180719994247239,0.6241572269584672
Yes,neither,0.03945320844208391,0.33037608806864915,0.630170703489267
"Help G&S make great content! $4.99/month gets you emotes, Minecraft server access, Sub Only Q&As, VODs, and more! Every sub keeps the channel alive! twitch.tv/geekandsundry/subscribe",neither,0.043092924924402844,0.32365565443818894,0.6332514206374082
Wooot!,neither,0.03945320844208391,0.33037608806864915,0.630170703489267
Enterprise had the best theme song,neither,0.03794814047184852,0.3193579507306116,0.64269390879754
@Geekouts mee too =D,neither,0.03914416629995756,0.33562133975625463,0.6252344939437878
"Lol, Nicely done Eric!",neither,0.03282740992393622,0.383510957127539,0.5836616329485248
hailing frequencies open sbzyManleee,neither,0.03945320844208391,0.33037608806864915,0.630170703489267
ooooooo I want that't hoodie,neither,0.035393652922490276,0.37297064966608934,0.5916356974114203
drat. subscribers only.,neither,0.03945320844208391,0.33037608806864915,0.630170703489267
Yes Sam!,neither,0.03945320844208391,0.33037608806864915,0.630170703489267
=/\= \\// Greetings Captains! \\// =/\=,neither,0.03945320844208391,0.33037608806864915,0.630170703489267
:-),neither,0.03945320844208391,0.33037608806864915,0.630170703489267
Hey everyone,neither,0.031959242684595296,0.4575682446653829,0.5104725126500218
...and we're off! :D,neither,0.06646119575208412,0.23915676221503715,0.6943820420328788
Sam is excited,neither,0.0481926345985822,0.32737019866177725,0.6244371667396406
Gina!,neither,0.03945320844208391,0.33037608806864915,0.630170703489267
Yay Gina!,neither,0.03945320844208391,0.33037608806864915,0.630170703489267
oh man she is about to explode,neither,0.05976533070634656,0.4384230584777893,0.501811610815864
Yay Gina!,neither,0.03945320844208391,0.33037608806864915,0.630170703489267
GINA,neither,0.03945320844208391,0.33037608806864915,0.630170703489267
I think I'm just an ensign but greetings,neither,0.030377376557175564,0.3533324921929795,0.6162901312498449
GINA! PogChamp,neither,0.03945320844208391,0.33037608806864915,0.630170703489267
@ElfGiftSpeaks They're actually 2 minutes late but yeah I'm shocked they started this soon too! :D,neither,0.03557827034843336,0.3858678730388984,0.5785538566126682
GINA!!!!,neither,0.03945320844208391,0.33037608806864915,0.630170703489267
"oooh, guests!",neither,0.03945320844208391,0.33037608806864915,0.630170703489267
Gina yaaay,neither,0.03945320844208391,0.33037608806864915,0.630170703489267
yay ! gina!,neither,0.03945320844208391,0.33037608806864915,0.630170703489267
Hi @hoobuk,neither,0.03945320844208391,0.33037608806864915,0.630170703489267
WTF Gina is here! Woo!,offensive_language,0.10590607417342242,0.5036459779857659,0.3904479478408116
They are so far away,neither,0.07071288799132339,0.3029582692072918,0.6263288428013848
Yaay! Gina's here!,neither,0.22097653003277068,0.2221615150675793,0.55686195489965
Yay gina!,neither,0.03945320844208391,0.33037608806864915,0.630170703489267
Sam and Gina must be togeher. This is wrong. How dare,neither,0.0459169431781086,0.28991109315638613,0.6641719636655051
Hi Gina!,neither,0.03945320844208391,0.33037608806864915,0.630170703489267
"also, YUS amy has a headband",neither,0.03976040790984053,0.32516211137409495,0.6350774807160646
not fair,neither,0.03771151193020697,0.336946833686696,0.6253416543830971
This is going to be GOOD,neither,0.057775912178623476,0.36289904617119056,0.579325041650186
sam's never excited,neither,0.03552375576389056,0.37038700811412933,0.5940892361219801
sam is excited gandsSubHype,neither,0.0481926345985822,0.32737019866177725,0.6244371667396406
fmgLOVE,neither,0.03945320844208391,0.33037608806864915,0.630170703489267
that hoodie... AWESOME!,neither,0.03576409079668016,0.3704669015516613,0.5937690076516586
Yay for Gina!,neither,0.0322289169994526,0.29433324177559567,0.6734378412249518
Amy's headband!! I love it!,neither,0.03595587243047804,0.3417921265673247,0.6222520010021971
@Ricky_Galletti after starting 15 minutes late all the time,neither,0.0390581738556093,0.3802205237986635,0.5807213023457273
Who's Dina?,offensive_language,0.04159901189299763,0.525362713080101,0.4330382750269014
"Wow, they start late, totally stumbled into this stream after seeing some of their replays",neither,0.0348077337324774,0.3389957718560042,0.6261964944115184
"Digging Amy's antennae. Also, hey, everybody.",neither,0.03945320844208391,0.33037608806864915,0.630170703489267
"""We should really start the show"" -Darin DePaul 2k17",neither,0.0714680378090685,0.26957792398685987,0.6589540382040716
this is gonna be SO AWESOMMMME,neither,0.050404481888085266,0.46728022905939365,0.48231528905252113
!who,offensive_language,0.04159901189299763,0.525362713080101,0.4330382750269014
Hi Eric!!!,neither,0.03945320844208391,0.33037608806864915,0.630170703489267
Good evening folks and know I love the show,neither,0.046150236537225574,0.24244300231114646,0.7114067611516279
yo mac,neither,0.03964697252438172,0.41977036366237525,0.5405826638132432
hey @Mac417 =D,neither,0.03945320844208391,0.33037608806864915,0.630170703489267
STLV fmgHYPE,neither,0.03945320844208391,0.33037608806864915,0.630170703489267
"Hello everyone! I usually have to watch vod, but this is my first time live! :D",neither,0.03484003178720274,0.4584687018781431,0.5066912663346541
"hello gang, welcome back!",neither,0.03945320844208391,0.33037608806864915,0.630170703489267
wow :o,neither,0.03945320844208391,0.33037608806864915,0.630170703489267
Hi @jmprice03,neither,0.03945320844208391,0.33037608806864915,0.630170703489267
Amy singing 'Now you got the bridge Spock' fmgSINBOT,neither,0.04919961448598615,0.38535869077226054,0.5654416947417533
loved all the twitter content from STLV from our cast <3,neither,0.040836256058404706,0.4110292373148078,0.5481345066267874
YES! That was amazing,neither,0.035260632078474866,0.37681543169871384,0.5879239362228112
sweeet!,neither,0.03945320844208391,0.33037608806864915,0.630170703489267
@CameraGeek Welcome Friend!,neither,0.03945320844208391,0.33037608806864915,0.630170703489267
"ah yes, twas glorious",neither,0.03945320844208391,0.33037608806864915,0.630170703489267
Who's Gina?,offensive_language,0.04159901189299763,0.525362713080101,0.4330382750269014
@Phosph0rescence7991 where was it i missed where to see it =(,neither,0.04507180120595448,0.28127489625358054,0.673653302540465
Gina is on Mines & Crafts,neither,0.04564096654264235,0.3435559444226455,0.610803089034712
"@ElfGiftSpeaks In their defense they did start only one minute late last week, but yeah, these past two week they have been crazy good on time! :D",neither,0.0278852888613417,0.4748847642029565,0.4972299469357019
Does Amy have a transmitter in her antenna?,offensive_language,0.0240301148020602,0.5640610548144269,0.4119088303835129
MakeItSew fmgSUP,neither,0.03945320844208391,0.33037608806864915,0.630170703489267
We dont know yet :),neither,0.039272434992735084,0.33344428528520714,0.6272832797220578
She's on Amy's right,neither,0.036899475264022014,0.4514444105587951,0.5116561141771829
@frankiedoospace gina is on mines and crafts and Vast along with Amy dallen,neither,0.03443512935579457,0.3118416457149573,0.6537232249292482
cool,neither,0.03945320844208391,0.33037608806864915,0.630170703489267
@Ricky_Galletti I'm so proud of them. its hard to start on time,offensive_language,0.0384970329103668,0.545292368759776,0.41621059832985713
"Now, Amy is a real Andorian. :D",neither,0.039613841795095604,0.4481796387481294,0.5122065194567749
Tribbles!,neither,0.03945320844208391,0.33037608806864915,0.630170703489267
:D,neither,0.03945320844208391,0.33037608806864915,0.630170703489267
Awwwww,neither,0.03945320844208391,0.33037608806864915,0.630170703489267
PogChamp,neither,0.03945320844208391,0.33037608806864915,0.630170703489267
Awesome!,neither,0.03945320844208391,0.33037608806864915,0.630170703489267
Aww!,neither,0.03945320844208391,0.33037608806864915,0.630170703489267
<3,neither,0.03945320844208391,0.33037608806864915,0.630170703489267
Awwwww,neither,0.03945320844208391,0.33037608806864915,0.630170703489267
ahhh i got one of those from SDCC,neither,0.06172717826039803,0.3185815666692655,0.6196912550703364
"Gays in Space, lol",neither,0.032586039768592104,0.37963310764228414,0.5877808525891238
commence meltdown!!!,neither,0.03945320844208391,0.33037608806864915,0.630170703489267
omg that is sooo cute!,neither,0.045100392201367606,0.33770653834487696,0.6171930694537555
Don't get it wet or feed it after midnight,neither,0.03712601319071705,0.33727318778664017,0.6256007990226428
aww,neither,0.03945320844208391,0.33037608806864915,0.630170703489267
lol,neither,0.020706217963973744,0.4882283491876925,0.4910654328483337
Death by Tribble Joy,neither,0.040664169175063,0.37638131637337136,0.5829545144515658
Sam squeequeed!,neither,0.03945320844208391,0.33037608806864915,0.630170703489267
That's amazing,neither,0.03413659802039229,0.3885612680816893,0.5773021338979183
Sam is Broke!,neither,0.049263820967424356,0.3270017685496361,0.6237344104829396
Sam is so cute squeeing,neither,0.05116982318787691,0.3422414186637765,0.6065887581483466
Awwww,neither,0.03945320844208391,0.33037608806864915,0.630170703489267
"In fact, just don't feed it. at all.",neither,0.034931146119676335,0.4372475068926397,0.527821346987684
Soon the whole set will be covered in tribbles!,neither,0.04012718239524508,0.3032120301189355,0.6566607874858195
NOICE!,neither,0.03945320844208391,0.33037608806864915,0.630170703489267
love her reactions lol,offensive_language,0.02336459185333477,0.5978236934016021,0.37881171474506314
Lmao a rainbow tribble.,neither,0.038332321439096796,0.3494004657913142,0.6122672127695891
awe,neither,0.03945320844208391,0.33037608806864915,0.630170703489267
Death by SnuSnu,neither,0.041207042200317096,0.39583904097191963,0.5629539168277633
i also got one that makes noise when you sneeze too loud teehee,neither,0.03770180344291656,0.46300886480899434,0.49928933174808915
"""took another one home so hahaha"" LOL",neither,0.06711716698944684,0.3806404792841891,0.552242353726364
@arborhawk Howdy!,neither,0.03945320844208391,0.33037608806864915,0.630170703489267
don't leave tribbles near food unattended,neither,0.03945320844208391,0.33037608806864915,0.630170703489267
It's going to be a double rainbow soon...,neither,0.04235517347981636,0.3517351638604173,0.6059096626597662
We need one in game.,neither,0.037324229603350634,0.3188855830539201,0.6437901873427292
@Kevtor13 Their*,neither,0.03945320844208391,0.33037608806864915,0.630170703489267
Nice!,neither,0.03945320844208391,0.33037608806864915,0.630170703489267
GAYS... IN... SPAAAAAACE!!!,neither,0.03945320844208391,0.33037608806864915,0.630170703489267
Khaaaaaaaan manGRY,neither,0.03945320844208391,0.33037608806864915,0.630170703489267
Awwwwwwwwwww,neither,0.03945320844208391,0.33037608806864915,0.630170703489267
eric! PogChamp,neither,0.03945320844208391,0.33037608806864915,0.630170703489267
@Simidavid95 yes pls!!,neither,0.03945320844208391,0.33037608806864915,0.630170703489267
"@AtmaPrime nah that's Gremlins, it's already too late with a tribble, born pregnant LUL",neither,0.029306834450518595,0.3909731987172041,0.5797199668322774
oh my god so precious,neither,0.033100965929182546,0.4089265949114508,0.5579724391593668
GIFT NITE!,neither,0.03945320844208391,0.33037608806864915,0.630170703489267
best crew,neither,0.03837379700083035,0.3213372356290209,0.6402889673701487
"that bait and switch, Eric!!",neither,0.035980263838688936,0.33127120080990324,0.6327485353514077
@babykangaD Ah! Okay. Cool,neither,0.03945320844208391,0.33037608806864915,0.630170703489267
@highvoltage988 Couldn't hurt fmgSUP,neither,0.03945320844208391,0.33037608806864915,0.630170703489267
stefFremen STEFLING STAMPEDE stefFremen,neither,0.03945320844208391,0.33037608806864915,0.630170703489267
stefRepresentHeirloom STEFLING STAMPEDE stefRepresentHeirloom,neither,0.03945320844208391,0.33037608806864915,0.630170703489267
"I think a ST: Insurrection ""Perfect Moment"" happened with that tribble. :)",neither,0.029443864597768887,0.38061942573258783,0.5899367096696432
Welcome Stef and Steflings.,neither,0.038364781541636334,0.272536905496441,0.6890983129619228
Hey Steflings!,neither,0.03945320844208391,0.33037608806864915,0.630170703489267
stefFremen STEFLING STAMPEDE stefFremen,neither,0.03945320844208391,0.33037608806864915,0.630170703489267
Hi Stef and Raiders!,neither,0.03868284165753408,0.29150793163893735,0.6698092267035286
Hey! Gina's here!,neither,0.12797588815053723,0.2678996819590237,0.6041244298904391
Welcome Steflings!,neither,0.03945320844208391,0.33037608806864915,0.630170703489267
"guys, Critical Role has Critmas, SoT should have something similar.",neither,0.04693032180361629,0.35548192596832356,0.59758775222806
It's canon fmgSUP,neither,0.034373745257138544,0.33212314837979673,0.6335031063630647
@StefWoodburn hiya =D,neither,0.03945320844208391,0.33037608806864915,0.630170703489267
incoming steflings! take cover!,neither,0.03945320844208391,0.33037608806864915,0.630170703489267
haha,neither,0.03186685585600258,0.45913629025701075,0.5089968538869867
Oh Gina's here!! Yeah!!,neither,0.07201864298310984,0.3669381113982833,0.561043245618607
oh man I am fanboying so hard and I'm only watching people who met Star Trek stars <3,offensive_language,0.04851344567846753,0.48680449914232754,0.46468205517920497
AHH! steflings!,neither,0.03945320844208391,0.33037608806864915,0.630170703489267
"Legit geeking out stories, lol",neither,0.031249416921753134,0.38049981045349257,0.5882507726247543
wow - they really know how to rock a con,neither,0.04456424525453338,0.327367564505795,0.6280681902396715
Heya guys,neither,0.03922184957078739,0.3343028519130907,0.6264752985161218
Resupply?,neither,0.03945320844208391,0.33037608806864915,0.630170703489267
stefGoldSWSword stefRepresent stefHeart,neither,0.03945320844208391,0.33037608806864915,0.630170703489267
stefFremen STEFLING STAMPEDE stefFremen,neither,0.03945320844208391,0.33037608806864915,0.630170703489267
lag stream,neither,0.03945320844208391,0.33037608806864915,0.630170703489267
Hi @ElfGiftSpeaks,neither,0.03945320844208391,0.33037608806864915,0.630170703489267
"Head to the hills folks, or you'll be up to the armpits with Steflings!",neither,0.0458885434814564,0.41381541033437264,0.540296046184171
Hiya @ElfGiftSpeaks =),neither,0.03945320844208391,0.33037608806864915,0.630170703489267
They should have their critmas on first contact day,neither,0.04013996124099627,0.3693994912469215,0.5904605475120823
Wow! That sounds awesome :),neither,0.03591648424646726,0.36878393559416656,0.5952995801593662
Next year is 25years of DS9 too,neither,0.04767490098415428,0.3464781803893685,0.6058469186264772
Kirk hates PeKhan Pie.,neither,0.03945320844208391,0.33037608806864915,0.630170703489267
i think the camander broke,neither,0.03890938394887963,0.29331909956119234,0.6677715164899282
"Bweh, I can only watch half an hour and then I have to go to work :(((",neither,0.05369579226514522,0.2983409459392203,0.6479632617956345
I love all these nerdy people!,offensive_language,0.08297598736667643,0.503407028189498,0.4136169844438256
Hey@chaoticloony hows it goin tonight,neither,0.03620508326131016,0.31266055988572505,0.6511343568529648
stefFremen STEFLING STAMPEDE stefFremen,neither,0.03945320844208391,0.33037608806864915,0.630170703489267
who knew Sinéad O'Connor was a trekkie Kappa,neither,0.03979912325786827,0.378877870842085,0.5813230059000468
i can't play STO :( i have a mac :/,neither,0.03918703433715816,0.33489375728829834,0.6259192083745435
Cream Soda as STO drink,neither,0.037750383149497184,0.35927747730373316,0.6029721395467696
that's a brilliant idea bane :O,neither,0.03578667229906097,0.3702173907892608,0.5939959369116782
Alt-tabbing between this and STO right now :P,neither,0.03799247938486895,0.31391840429154155,0.6480891163235896
"@Ripartist ok, and yourself?",neither,0.03845405930435375,0.28266133942546956,0.6788846012701767
STO play along PogChamp,neither,0.03945320844208391,0.33037608806864915,0.630170703489267
Awesome,neither,0.03945320844208391,0.33037608806864915,0.630170703489267
woot!,neither,0.03945320844208391,0.33037608806864915,0.630170703489267
"This weekend, as in the weekend I am camping. out of wifi",neither,0.0353721672422138,0.3500539867001714,0.6145738460576149
sweet!,neither,0.03945320844208391,0.33037608806864915,0.630170703489267
gasp! eeee hype,neither,0.03945320844208391,0.33037608806864915,0.630170703489267
stop lag please,neither,0.039401569131739526,0.4027611438493169,0.5578372870189435
awesome,neither,0.03945320844208391,0.33037608806864915,0.630170703489267
oh im going to get sto again,neither,0.04660604021089912,0.37756972077452794,0.575824239014573
Re hrpgSub hrpgHyperHype,neither,0.10802165902134243,0.2484119200751343,0.6435664209035233
Which reminds me I need to finish that Martok mission.,neither,0.035887043904031864,0.37967176581483864,0.5844411902811295
soooo awesom,neither,0.03945320844208391,0.33037608806864915,0.630170703489267
I was doing so well fighting off my insta-crushing on the cast... then the add a guest star... dang it...,neither,0.03183981652218657,0.3790413987311563,0.5891187847466572
O.O,neither,0.03945320844208391,0.33037608806864915,0.630170703489267
ok going to have to clear my weekend lol,neither,0.03231048788145484,0.45309636906502027,0.5145931430535249
gandsSubHype,neither,0.03945320844208391,0.33037608806864915,0.630170703489267
oh please,neither,0.04736696991941085,0.25643514393749434,0.6961978861430947
wow,neither,0.03945320844208391,0.33037608806864915,0.630170703489267
Sweet!,neither,0.03945320844208391,0.33037608806864915,0.630170703489267
oh damn!,offensive_language,0.05096471030591599,0.9063512536062347,0.04268403608784929
"...I play STO... My main character is captain of a Wells-class Timeship called the ""One More Time"" :D haha",neither,0.03431682192075518,0.42067540262057235,0.5450077754586725
@chaoticloony not bad not bad better now that im watching this finally been biting nails all week lol,neither,0.02998155763794247,0.4381235950007429,0.5318948473613146
STO! Shoutout to my boy Jesse Heinig!,neither,0.034548105133126006,0.3987414239866228,0.5667104708802511
La Forge Holo PogChamp,neither,0.03945320844208391,0.33037608806864915,0.630170703489267
ooh,neither,0.03945320844208391,0.33037608806864915,0.630170703489267
cool,neither,0.03945320844208391,0.33037608806864915,0.630170703489267
hrpgHyperHype hrpgHyperHype hrpgHyperHype hrpgHyperHype,neither,0.03945320844208391,0.33037608806864915,0.630170703489267
Sweet,neither,0.03945320844208391,0.33037608806864915,0.630170703489267
PogChamp,neither,0.03945320844208391,0.33037608806864915,0.630170703489267
Rofl that's absolutely Fantastic ! ! !,neither,0.03653556319657086,0.36196894026377086,0.6014954965396582
when did LaForge ever get promoted to Captain?,neither,0.0359776627648795,0.37010004724930556,0.593922289985815
Nice! Best fix the ship extra quick!,neither,0.03832361628590832,0.31529015796413945,0.6463862257499523
I want that!!!,neither,0.032007867239017905,0.4096419018032045,0.5583502309577777
What. Geordi. Um okay I'm winning this one. Sorry folks.,neither,0.04245801370119236,0.35036783947647054,0.6071741468223371
Ooooohh STO Can't wait to play with you!,neither,0.051121777893221095,0.4227991584861773,0.5260790636206016
Awesome. He'll be hanging out with my Holo TOS crew.,neither,0.025529904931799085,0.42821428028657127,0.5462558147816297
Really want that Geordi,neither,0.03376482338024043,0.3905081995572759,0.5757269770624837
@Saraphys One more Time :P haha nice,neither,0.035225138610041055,0.43635406768231727,0.5284207937076417
thought he was Lt. Commandare,neither,0.04969403128130466,0.21941985315562892,0.7308861155630665
"STO takes play in 2410, he's moved up fmgYUP",neither,0.041601318715404824,0.3728095520066356,0.5855891292779595
fmgNICE,neither,0.03945320844208391,0.33037608806864915,0.630170703489267
"between sto and overwatch, I'm okay with my twisted ankle lol",neither,0.021644341721181355,0.4177676123652602,0.5605880459135584
O.O,neither,0.03945320844208391,0.33037608806864915,0.630170703489267
"Can you hug him, though kiarabLove",neither,0.056269869572307285,0.3748377882722794,0.5688923421554132
Wow,neither,0.03945320844208391,0.33037608806864915,0.630170703489267
ship codes?,neither,0.03945320844208391,0.33037608806864915,0.630170703489267
@Zismarith you gots competition =D,neither,0.05508883155214336,0.3745711248078349,0.5703400436400218
All Galaxy class?! Wow,neither,0.041066764632307545,0.3955136728832985,0.5634195624843941
But you don't have to take HIS word for it...,neither,0.07777791695700176,0.35385034866500875,0.5683717343779895
"wow! again, fantastic lootz!",neither,0.03772396432381641,0.3597258737231767,0.6025501619530068
all the ships? wow,neither,0.04011086043858536,0.3815372277065521,0.5783519118548625
HYPE!!!,neither,0.03945320844208391,0.33037608806864915,0.630170703489267
can Geordi teach me to read doe?,neither,0.04459359732310054,0.25405448242773726,0.7013519202491623
....0_o,neither,0.03945320844208391,0.33037608806864915,0.630170703489267
how do giveaways?,neither,0.04229663383404011,0.32939810368937084,0.6283052624765891
Family outings in the saucer section,neither,0.03858628018306004,0.3145314758200237,0.6468822439969163
lmao the andorian antennae,neither,0.03572934627888461,0.3334060805607223,0.6308645731603931
lol,neither,0.020706217963973744,0.4882283491876925,0.4910654328483337
wait there's a person.,neither,0.03937328974218879,0.28127345364086265,0.6793532566169486
So clearly halo Jordy needs the halo tribble!,neither,0.03890345926896808,0.34529065719982777,0.6158058835312042
who's the new person?,neither,0.0437632791577737,0.2724321097985918,0.6838046110436345
@ExitPursuedByABear just be here and chatting during the break,neither,0.07454463456366735,0.2686764214352636,0.6567789440010691
QUESTION: Will future Geordi hum the Reading Rainbow tune while he tinkers with the injector flow ratio?,neither,0.03633896059982429,0.32117069523497316,0.6424903441652026
"Hehhehe, great job Bonnie!",neither,0.03704547722858212,0.29796293611582825,0.6649915866555896
"cheer100 Just dropping some bits in anticipation of another great show which I'll have to watch tomorrow on VOD because I must disappear into cryosleep. No, wait, I just checked, it's just regular sleep. (Also I never skip forward!)",neither,0.049648249254763625,0.31641659932369925,0.6339351514215372
"lady in the middle, keeper",neither,0.038686258308766416,0.3163973412121141,0.6449164004791196
"whoa, theres a Gina",neither,0.03945320844208391,0.33037608806864915,0.630170703489267
@ExitPursuedByABear A member from chat will be chosen at random during the break.,neither,0.04013084452706153,0.3127670773076825,0.647102078165256
Intro! fmgHYPE,neither,0.03945320844208391,0.33037608806864915,0.630170703489267
That blue Andorian lipstick is rad.,neither,0.04229504903387612,0.35938820180271547,0.5983167491634085
INTRO hype,neither,0.03945320844208391,0.33037608806864915,0.630170703489267
best intro,neither,0.03849321189567543,0.3223372005843162,0.6391695875200085
Holo Geordi?!?!?! Omg want! I missed out on Holo Leeta but my gf got one.,neither,0.024540093138296002,0.4679605822792467,0.5074993245824573
https://clips.twitch.tv/ProtectiveCharmingHumanTwitchRaid,neither,0.03945320844208391,0.33037608806864915,0.630170703489267
fmgHype,neither,0.03945320844208391,0.33037608806864915,0.630170703489267
thanks @highvoltage988 and @danoba!,neither,0.03587472669513313,0.24850901565449843,0.7156162576503685
hello hello,neither,0.03945320844208391,0.33037608806864915,0.630170703489267
@starpilotsix Have a good night!,neither,0.028108463526649634,0.3429764107688966,0.6289151257044537
I wouldnt know what to do with whatever they are giving away...,neither,0.05892526319120456,0.3023149404193541,0.6387597963894414
@starpilotsix awww sorry to see you go sleep well =D,neither,0.060014992013593706,0.36655930147845256,0.5734257065079537
Galaxy class is my favorite,neither,0.03533999161759618,0.40210699043604353,0.5625530179463604
I love this intro so much!,neither,0.03326023162260421,0.3876025863833219,0.5791371819940739
will charge phone until break. See y'all next time for the thrilling conclusion,neither,0.035776929322779746,0.34529438083903435,0.6189286898381859
Engage! fmgSUP,neither,0.03945320844208391,0.33037608806864915,0.630170703489267
Hi @syradin_draconis,neither,0.03945320844208391,0.33037608806864915,0.630170703489267
yes this intro is one of the best ive seen in awhile,neither,0.042378598955500835,0.33400274939972524,0.6236186516447738
@simidavid95 right?! its amazing,neither,0.0318557637927569,0.3535619882761018,0.6145822479311414
im a definant fan,neither,0.03824227701905851,0.37629302133523346,0.5854647016457082
"i had an....akira, i think? i was always in tac ships",neither,0.038597193715261185,0.3657776796016088,0.5956251266831301
Hailing freq opened!,neither,0.03945320844208391,0.33037608806864915,0.630170703489267
should have spelled Human Hu`man like the fergengai would pronounce it,neither,0.15193922649645308,0.27880452048888865,0.5692562530146584
1!,neither,0.03945320844208391,0.33037608806864915,0.630170703489267
Hi everyone! :D,neither,0.032490659208996964,0.4485487193596734,0.5189606214313296
Clipz or it didnt happen,neither,0.03801425985813172,0.33087100847052464,0.6311147316713437
@RIPKveld It is! :D,neither,0.059603583318096655,0.32344545014120724,0.616950966540696
Hi @CaptainTalon447,neither,0.03945320844208391,0.33037608806864915,0.630170703489267
Oh who is the guest?,neither,0.0530642423243251,0.323470207155174,0.6234655505205008
!commands,neither,0.03945320844208391,0.33037608806864915,0.630170703489267
Lefty79 -> The bot commands for this channel are available at https://beta.nightbot.tv/t/geekandsundry/commands,neither,0.04695462833040224,0.29561718809185006,0.6574281835777477
Hey @CaptainTalon447 :),neither,0.03945320844208391,0.33037608806864915,0.630170703489267
We totally keep track,neither,0.039313776313585395,0.33274261517812737,0.6279436085082872
@caviar_liberta hoo-man or hew-mon,neither,0.03955436785429917,0.38308027574832054,0.5773653563973802
@Dltate2003 Definite or Defiant?,neither,0.03945320844208391,0.33037608806864915,0.630170703489267
I prefer my manticore class heavy destroyer..,neither,0.03026195774029652,0.40033540909475507,0.5694026331649483
@CaptainTalon447 hey there,neither,0.039367870622775906,0.26767823129172763,0.6929538980854965
