text,top_class,hate_speech,offensive_language,neither
@AdrenalineUnlimited There is an arrow (right facing triangle) at the right side of subscribe button above the stream to hide chat,neither,0.04142689579613857,0.3349093709667767,0.6236637332370847
"ooh, Ecuador. :)",neither,0.03945320844208391,0.33037608806864915,0.630170703489267
aw yeah sub only,neither,0.025386156715751108,0.4267461351921259,0.5478677080921229
Bidet from Indiana!,neither,0.0408364874901429,0.30689823255244486,0.6522652799574122
Hello,neither,0.03945320844208391,0.33037608806864915,0.630170703489267
Paul from indy here,neither,0.07899614579864321,0.28407059628140247,0.6369332579199544
@N00dlen00b1337 we love you too,neither,0.05987235140481781,0.439487593510106,0.5006400550850761
Bidet from Tucson!!!! gandsCrit gandsCrit,neither,0.04228451509352876,0.2823214250720796,0.6753940598343917
"Bidet from Watertown, Ny",neither,0.04084513770590474,0.30675141581570226,0.6524034464783931
bidet from Atlanta!,neither,0.04078317879478948,0.307803020237201,0.6514138009680096
"Hey hey , Florida checking in",neither,0.03945320844208391,0.33037608806864915,0.630170703489267
bidet from nc,neither,0.04066490145509902,0.30981049537100724,0.6495246031738937
HELL YEAH GEORGIA,offensive_language,0.027302490430456437,0.7541681485251603,0.21852936104438328
bidet from sandy or!,neither,0.040539275964481786,0.3119426878031867,0.6475180362323315
Whose excited for Gen Con Critters?,neither,0.03535093456085204,0.3098755197718709,0.654773545667277
Bidet from NYC!,neither,0.04081748366884477,0.3072207769958956,0.6519617393352596
@DapperDoneProperly Bidet from Denver as well!!,neither,0.03853111044664915,0.34602649753518194,0.615442392018169
gandsMatt !,neither,0.03945320844208391,0.33037608806864915,0.630170703489267
bidet from Ottawa,neither,0.04228451509352876,0.2823214250720796,0.6753940598343917
Bidet from Detroit,neither,0.04080695066346891,0.3073995495860776,0.6517934997504536
:D,neither,0.03945320844208391,0.33037608806864915,0.630170703489267
Bidet everyone!,offensive_language,0.02988896790634741,0.4927062106388782,0.4774048214547744
:D,neither,0.03945320844208391,0.33037608806864915,0.630170703489267
Hair cut :0,neither,0.03945320844208391,0.33037608806864915,0.630170703489267
The eyes!,neither,0.0407823418615831,0.25332241888635454,0.7058952392520624
"All hail lord Vecna, the only true god. #teamvecna",neither,0.03993009502596253,0.3682647564892787,0.5918051484847587
omg!,neither,0.03945320844208391,0.33037608806864915,0.630170703489267
Short hair?!?!,neither,0.03945320844208391,0.33037608806864915,0.630170703489267
YAAAAAAY,neither,0.03945320844208391,0.33037608806864915,0.630170703489267
YES!!!,neither,0.03945320844208391,0.33037608806864915,0.630170703489267
bidet from PA,neither,0.04069404815304118,0.30931579984010865,0.6499901520068502
Bidet from Victoria B.C.!,neither,0.04071751644889743,0.3089174816120565,0.6503650019390461
"MATTHEW MERCER, YOU BEAUTIFUL BATSTERD",neither,0.05627941497665406,0.37773971265958783,0.5659808723637582
bidet!!!,neither,0.03945320844208391,0.33037608806864915,0.630170703489267
HAIRCUT,neither,0.03945320844208391,0.33037608806864915,0.630170703489267
:D,neither,0.03945320844208391,0.33037608806864915,0.630170703489267
Woo!,neither,0.03945320844208391,0.33037608806864915,0.630170703489267
,neither,0.03945320844208391,0.33037608806864915,0.630170703489267
FeelsGoodMan /,neither,0.03945320844208391,0.33037608806864915,0.630170703489267
Wish Ashley Johnson (Pike) a Happy Birthday!,neither,0.03945320844208391,0.33037608806864915,0.630170703489267
ITS SO SHORT!!!,neither,0.032172305478207736,0.38954738668709554,0.5782803078346966
woo!,neither,0.03945320844208391,0.33037608806864915,0.630170703489267
yaaaaaasssssss,neither,0.03945320844208391,0.33037608806864915,0.630170703489267
Drngns n Drgns!,neither,0.03945320844208391,0.33037608806864915,0.630170703489267
Hello Matt,neither,0.03945320844208391,0.33037608806864915,0.630170703489267
Haircut!,neither,0.03945320844208391,0.33037608806864915,0.630170703489267
OMG on time!,neither,0.034180402231092186,0.37511323930174406,0.5907063584671637
Bidet from nc!,neither,0.04066490145509902,0.30981049537100724,0.6495246031738937
gandsMatt gandsMatt gandsMatt gandsMatt gandsMatt gandsMatt,neither,0.03945320844208391,0.33037608806864915,0.630170703489267
gandsDrink,neither,0.03945320844208391,0.33037608806864915,0.630170703489267
THE HAIR,neither,0.03793482152290453,0.3020491449720566,0.6600160335050389
"@petunya_girl BTTV can let you blacklist keywords like beep beep, bidet, and the giveaway keywords so they don't show in chat",neither,0.05778660700639078,0.3278613751485376,0.6143520178450717
gandsTrinket gandsTrinket gandsTrinket gandsTrinket,neither,0.03945320844208391,0.33037608806864915,0.630170703489267
"Bidet from Santa Fe, y'all",neither,0.04195522749382684,0.3756089251630801,0.5824358473430931
looooool,neither,0.03945320844208391,0.33037608806864915,0.630170703489267
haircut!!!,neither,0.03945320844208391,0.33037608806864915,0.630170703489267
oh shit,offensive_language,0.04652059265363964,0.9534729203614298,6.486984930600159e-06
lol,neither,0.020706217963973744,0.4882283491876925,0.4910654328483337
Might have to watch this on my PlayStation for the first time,neither,0.02760262579788385,0.3806480721537182,0.591749302048398
Wooo!,neither,0.03945320844208391,0.33037608806864915,0.630170703489267
theyre on time?!?!,neither,0.03515911165535002,0.36657629439006933,0.5982645939545806
I'm supposed to go to bed at a reasonable hour for an early workday but obviously Critical Role is more important than sleep.,neither,0.04581322069544571,0.3145303892811588,0.6396563900233954
YOUR HAIR,neither,0.10649067825054252,0.3115341996892072,0.5819751220602503
BIDET,neither,0.03945320844208391,0.33037608806864915,0.630170703489267
@woodbean We don't like your kind around these parts. ;p,neither,0.09173410971752213,0.4013305573441602,0.5069353329383177
,neither,0.03945320844208391,0.33037608806864915,0.630170703489267
aw,neither,0.03945320844208391,0.33037608806864915,0.630170703489267
Hello I just tuned in just in time,neither,0.0323756525393284,0.37467255042045366,0.5929517970402179
Yay! MATT!! WHOOO!,neither,0.03945320844208391,0.33037608806864915,0.630170703489267
Was there a TalksMachina this week?,neither,0.03912748615463976,0.2831079312354473,0.677764582609913
"The man, the Mercer, the DM.",neither,0.036728765622210655,0.3415147405936962,0.6217564937840931
bidet bidet bidet bidet bidet bidet bidet bidet bidet bidet bidet bidet... bidet bidet bidet bidet bidet,neither,0.03945320844208391,0.33037608806864915,0.630170703489267
nice hair cut PogChamp,neither,0.03945320844208391,0.33037608806864915,0.630170703489267
lol,neither,0.020706217963973744,0.4882283491876925,0.4910654328483337
HAHAHAHA,neither,0.03945320844208391,0.33037608806864915,0.630170703489267
Bidet from PEI Canada,neither,0.04071751644889743,0.3089174816120565,0.6503650019390461
beep beep,neither,0.03945320844208391,0.33037608806864915,0.630170703489267
lol that haior,offensive_language,0.018496535933431132,0.5293998466691625,0.4521036173974064
LUL,neither,0.03945320844208391,0.33037608806864915,0.630170703489267
awwww,neither,0.03945320844208391,0.33037608806864915,0.630170703489267
hair cut,neither,0.03945320844208391,0.33037608806864915,0.630170703489267
poor matt,neither,0.03945320844208391,0.33037608806864915,0.630170703489267
LMAO poor matt,neither,0.038476727159472174,0.346949523847645,0.6145737489928829
lmaooo,neither,0.03391848853660531,0.42431472933255177,0.541766782130843
hair cut! beautiful!,neither,0.03945320844208391,0.33037608806864915,0.630170703489267
HAIRCUT!!!!!,neither,0.03945320844208391,0.33037608806864915,0.630170703489267
Bidet from Spain!,neither,0.04228451509352876,0.2823214250720796,0.6753940598343917
Bidet from Toronto,neither,0.04066490145509902,0.30981049537100724,0.6495246031738937
Hey,neither,0.03945320844208391,0.33037608806864915,0.630170703489267
OH GOD,neither,0.047523175703714664,0.25506489023357065,0.6974119340627147
Woah.. Haircut!,neither,0.03945320844208391,0.33037608806864915,0.630170703489267
it's live!,neither,0.04484927957380506,0.32852013176635725,0.6266305886598378
OMG,neither,0.03945320844208391,0.33037608806864915,0.630170703489267
gandsNatTwenty gandsNatTwenty gandsNatTwenty gandsNatTwenty gandsNatTwenty gandsNatTwenty,neither,0.03945320844208391,0.33037608806864915,0.630170703489267
The haircut will terrify us.,neither,0.08410348625841493,0.2809107064917887,0.6349858072497965
Hair!,neither,0.03945320844208391,0.33037608806864915,0.630170703489267
Bidet from Dallas!,neither,0.04081748366884477,0.3072207769958956,0.6519617393352596
LOL,neither,0.020706217963973744,0.4882283491876925,0.4910654328483337
NOOOOOO,neither,0.03945320844208391,0.33037608806864915,0.630170703489267
hahahaa,neither,0.03945320844208391,0.33037608806864915,0.630170703489267
awwwww,neither,0.03945320844208391,0.33037608806864915,0.630170703489267
OH Matt,neither,0.0456283565223502,0.2719307315164877,0.6824409119611621
TV Sam!,neither,0.03945320844208391,0.33037608806864915,0.630170703489267
lol,neither,0.020706217963973744,0.4882283491876925,0.4910654328483337
"Yo, I feel you Matt",neither,0.058433610170171145,0.46817876886639753,0.47338762096343134
unlucky,neither,0.03945320844208391,0.33037608806864915,0.630170703489267
lmao xD,neither,0.03705015143476208,0.3711622369619404,0.5917876116032975
holy shit,offensive_language,0.04257650662097627,0.9573463282193174,7.716515970639687e-05
was going to say bad haircut,neither,0.04052654988456106,0.35535537829212643,0.6041180718233126
AHHH HAIR CUUUUUUT,neither,0.03945320844208391,0.33037608806864915,0.630170703489267
bidet,neither,0.03945320844208391,0.33037608806864915,0.630170703489267
!sub,neither,0.03945320844208391,0.33037608806864915,0.630170703489267
Hair,neither,0.03945320844208391,0.33037608806864915,0.630170703489267
Help support the #GnSLive twitch channel! $4.99/month gets you exclusive sub-only benefits and helps keep the channel alive! Thanks! twitch.tv/geekandsundry/subscribe or for MOBILE https://secure.twitch.tv/products/geekandsundry/ticket/new,neither,0.047564760200365624,0.28780811278399754,0.6646271270156369
#leaveitlong,neither,0.03945320844208391,0.33037608806864915,0.630170703489267
First time watching live!,neither,0.03513206370154816,0.3516282956383994,0.6132396406600524
No Sam! :(,neither,0.03831935863823471,0.34962047835215815,0.6120601630096072
gandsNatTwenty gandsNatTwenty,neither,0.03945320844208391,0.33037608806864915,0.630170703489267
sam in the box,neither,0.038539219835061804,0.3136491270223683,0.64781165314257
lmao,neither,0.03705015143476208,0.3711622369619404,0.5917876116032975
sams on tv?,neither,0.035299563765243555,0.3505809825420846,0.6141194536926718
LoL,neither,0.020706217963973744,0.4882283491876925,0.4910654328483337
Wow... hairNOT...,neither,0.03945320844208391,0.33037608806864915,0.630170703489267
"Bidet from Phoenix, AZ!",neither,0.04039617012658628,0.31437156734874944,0.6452322625246643
ohhhhsnap,neither,0.03945320844208391,0.33037608806864915,0.630170703489267
hair needs life to grow,neither,0.044326703770460586,0.3744295354624995,0.5812437607670399
WHAAAT????,neither,0.03945320844208391,0.33037608806864915,0.630170703489267
gandsSCANLAN gandsSCANLAN gandsSCANLAN,neither,0.03945320844208391,0.33037608806864915,0.630170703489267
Bidet,neither,0.03945320844208391,0.33037608806864915,0.630170703489267
Holy shit someone else from Rhode Island?,offensive_language,0.05078614816465512,0.9267783924375161,0.02243545939782881
awwwwwww,neither,0.03945320844208391,0.33037608806864915,0.630170703489267
HI from Euskadi!,neither,0.04094187055022747,0.3051096069949388,0.6539485224548338
I thought he got a hiarcut,neither,0.051292470232288306,0.24658133176143435,0.7021261980062774
Sam lookin PIMPIN,neither,0.03945320844208391,0.33037608806864915,0.630170703489267
lol,neither,0.020706217963973744,0.4882283491876925,0.4910654328483337
lol poor matt. still handsome,neither,0.032955683387339674,0.38325438716217103,0.5837899294504895
nice haircut matt,neither,0.03945320844208391,0.33037608806864915,0.630170703489267
🤔 hair cut?,neither,0.03945320844208391,0.33037608806864915,0.630170703489267
Whoa! Scanlan at real size,neither,0.032637461893507844,0.45932510679351113,0.5080374313129811
SO CUTE,neither,0.04296880691731001,0.35555683390548976,0.6014743591772002
"Bidet from Olympia, WA",neither,0.04071751644889743,0.3089174816120565,0.6503650019390461
Television-ione sam,neither,0.03945320844208391,0.33037608806864915,0.630170703489267
Matt rolled a 1 for haircut....,neither,0.034825744024845215,0.3072543922603814,0.6579198637147733
G'evening,neither,0.03945320844208391,0.33037608806864915,0.630170703489267
gandsRaid,neither,0.03945320844208391,0.33037608806864915,0.630170703489267
"Awwwwww, RIP Matt's hair!!! :(",neither,0.03945320844208391,0.33037608806864915,0.630170703489267
Nat 20 on that hair cut Matt gandsSCANLAN,neither,0.034991645115796416,0.3677749780064675,0.5972333768777361
!hair,neither,0.03945320844208391,0.33037608806864915,0.630170703489267
Yesss! Matts hair,neither,0.03945320844208391,0.33037608806864915,0.630170703489267
Pobre Matt,neither,0.03945320844208391,0.33037608806864915,0.630170703489267
feliciaCreep,neither,0.03945320844208391,0.33037608806864915,0.630170703489267
#Taldoreiday,neither,0.03945320844208391,0.33037608806864915,0.630170703489267
gandsSubHype gandsSubHype gandsSubHype gandsSubHype gandsSubHype gandsSubHype gandsSubHype,neither,0.03945320844208391,0.33037608806864915,0.630170703489267
Oh nooooo,neither,0.04546305824073122,0.2734269899288309,0.6811099518304378
"I'm in the same boat, DM",neither,0.03937412900456913,0.3221862291205046,0.6384396418749263
he looks even younger,neither,0.04375387014759565,0.34370932093556533,0.612536808916839
SHOOOOOORTTTT!!!!!!,neither,0.03945320844208391,0.33037608806864915,0.630170703489267
Holy Haircut,neither,0.03945320844208391,0.33037608806864915,0.630170703489267
HOLY SHIT HAIR,offensive_language,0.043774902611758926,0.9556584699584175,0.0005666274298234817
gandsFail gandsFail for haircutting,neither,0.023896577328981292,0.2538532852897668,0.7222501373812519
did matt cut his hair??,neither,0.061609828633209344,0.33213913861627187,0.6062510327505188
"hey! if there is anyone needing a place to stay for GENCON, message me! I live south of the city and have a room to rent out!",neither,0.034031258829831115,0.300542547536916,0.665426193633253
"it's a wig, right? He's actually bald",neither,0.04165332003390207,0.34367553702707176,0.6146711429390262
oh I get it bidet!,neither,0.044622702311489716,0.26402501244314497,0.6913522852453654
gandsSubHype gandsSubHype,neither,0.03945320844208391,0.33037608806864915,0.630170703489267
NotLikeThis #LeaveItLong,neither,0.03945320844208391,0.33037608806864915,0.630170703489267
rooScared Matt cut his hair.,neither,0.06383947848932782,0.3321604446539207,0.6040000768567515
Durgons n durgons rryeah,neither,0.03945320844208391,0.33037608806864915,0.630170703489267
"you look very elven, we love it :)",neither,0.054137427409510865,0.4011629015042572,0.544699671086232
RIP Hair,neither,0.03945320844208391,0.33037608806864915,0.630170703489267
Shorthart and hart,neither,0.03848376057163518,0.2799481601138674,0.6815680793144975
"We still love you, Matt.",neither,0.05130917387532214,0.4112783513440148,0.537412474780663
bidet from los angeles critters!,neither,0.04078317879478948,0.307803020237201,0.6514138009680096
rolled a 3 on barber check,neither,0.0371285065998844,0.3414881347063173,0.6213833586937983
@lordranilin thank you,neither,0.07325166854587051,0.43632638485078484,0.49042194660334476
Matt's looking crisp.,neither,0.03945320844208391,0.33037608806864915,0.630170703489267
Matt looks like my 6th grade math teacher Kappa,neither,0.037986922183267706,0.3871516812273827,0.5748613965893496
"Thats why I go to stylists, not barbers.",neither,0.03436705015506347,0.3483761840687421,0.6172567657761945
So short! He looks so young now!,neither,0.04104946579895997,0.4399270660513705,0.5190234681496696
...Matt's hair...n-n-NOOOOOO!!!,neither,0.03945320844208391,0.33037608806864915,0.630170703489267
still beautiful matt,neither,0.03858727853325004,0.34507317851853986,0.6163395429482103
Bidet from North Texas,neither,0.04051530955006381,0.31234946040321715,0.647135230046719
wow that audio quality is dank,neither,0.04191512794006305,0.3557059936202804,0.6023788784396564
"as someone with long hair, thats why i dont get it cut :)",neither,0.023240530626111124,0.3946378310251638,0.5821216383487252
when will ma ashly bae be backman??,offensive_language,0.024586170602338166,0.49611936730282796,0.47929446209483384
tbis is the first live eo where I'm genuinely caught up instead of 1 ep behind,neither,0.040941287142026404,0.3307822641846899,0.6282764486732836
"think thats the most ""hockey"" anyone from Florida has ever looked",neither,0.04007438387564488,0.30024772102400454,0.6596778951003507
OH NO THE LACK OF HAIR IS ALREADY TAKING A TOLL,neither,0.04730156401076061,0.3035722717999163,0.649126164189323
Shartheart gandsSCANLAN gandsGandsPoo,neither,0.03945320844208391,0.33037608806864915,0.630170703489267
is it not playing for some people,neither,0.05605446107187817,0.3143141203938383,0.6296314185342834
WOOOOHHOOO,neither,0.03945320844208391,0.33037608806864915,0.630170703489267
Bidet from Attleboro Massachusetts,neither,0.04069404815304118,0.30931579984010865,0.6499901520068502
i am,neither,0.03902346103501681,0.3305238979082658,0.6304526410567174
lol,neither,0.020706217963973744,0.4882283491876925,0.4910654328483337
I AM!,neither,0.03902346103501681,0.3305238979082658,0.6304526410567174
Iknow!,neither,0.03945320844208391,0.33037608806864915,0.630170703489267
I think his hair looks nice.,neither,0.06600566781889171,0.32359081415915875,0.6104035180219496
I know!!! <3,neither,0.03945320844208391,0.33037608806864915,0.630170703489267
woohoo,neither,0.03945320844208391,0.33037608806864915,0.630170703489267
CRAZY FROG,neither,0.028715929867286424,0.43870760410265136,0.5325764660300621
What,neither,0.057770773616808734,0.3180719994247239,0.6241572269584672
Wtf show us the other side of the table!,neither,0.07913604878169722,0.4333512450478725,0.4875127061704304
show scanlan....,neither,0.07685697407988158,0.17767316758924298,0.7454698583308754
OF COURSE THERE IS,neither,0.049593848392510805,0.2766606548883858,0.6737454967191034
Beverly hills cop!,neither,0.03945320844208391,0.33037608806864915,0.630170703489267
I UNDERSTOOD THAT REFERENCE!,neither,0.035890846566760504,0.36906692145914594,0.5950422319740936
plenty of people!,neither,0.07759966666604286,0.3260401745929558,0.5963601587410013
Beverly Hills Cop!,neither,0.03945320844208391,0.33037608806864915,0.630170703489267
LMAO,neither,0.03705015143476208,0.3711622369619404,0.5917876116032975
hey i'm old enough...,neither,0.03945320844208391,0.33037608806864915,0.630170703489267
i do,neither,0.04358573029058539,0.32895472430567013,0.6274595454037444
lies i get it,neither,0.03693729973308094,0.34265750194063804,0.6204051983262809
BH Cop,neither,0.03945320844208391,0.33037608806864915,0.630170703489267
That was my favorite song as a kid!,neither,0.025527906949179002,0.47100834589070206,0.5034637471601189
"Please, we know",neither,0.03923639736413945,0.33405593789319127,0.6267076647426693
I know that theme!,neither,0.035314324596717614,0.3754457825019858,0.5892398929012966
Lowell Oakplume,neither,0.03945320844208391,0.33037608806864915,0.630170703489267
I am old,neither,0.039152002670786626,0.3304796865453704,0.630368310783843
I am,neither,0.03902346103501681,0.3305238979082658,0.6304526410567174
BEVERLY HILLS COP????,neither,0.03945320844208391,0.33037608806864915,0.630170703489267
lol,neither,0.020706217963973744,0.4882283491876925,0.4910654328483337
bing bing,neither,0.03945320844208391,0.33037608806864915,0.630170703489267
Crazy Frog!!!,neither,0.028715929867286424,0.43870760410265136,0.5325764660300621
That barber is probably sweating buckets right now lol,neither,0.035393184171309613,0.4100766360044404,0.5545301798242501
aww its crazy frog,neither,0.027288292011667718,0.41510989370744633,0.5576018142808858
oh axle foley,neither,0.045551730371242716,0.27262385067210176,0.6818244189566555
crazy frog PogChamp,neither,0.028715929867286424,0.43870760410265136,0.5325764660300621
Untrue Matt!,neither,0.03945320844208391,0.33037608806864915,0.630170703489267
will sam still do an ad read?,neither,0.041149318092055895,0.31923155411988613,0.6396191277880581
"ok, this is taking Vacation Scanlan to a whole new level",neither,0.05290220045736271,0.26644988461525865,0.6806479149273786
crazy frog Kappa,neither,0.031059487752076155,0.41434505204481076,0.554595460203113
I KNOW THAT SHIT,offensive_language,0.03884215722794832,0.9611549914310129,2.851341038711331e-06
I know!,neither,0.03945320844208391,0.33037608806864915,0.630170703489267
i am,neither,0.03902346103501681,0.3305238979082658,0.6304526410567174
that's the beverly hills cop theme,neither,0.036447590787873754,0.3464750959223514,0.6170773132897748
Bidet from germany,neither,0.04069404815304118,0.30931579984010865,0.6499901520068502
we got u matt,neither,0.037824045812171476,0.38555688927811343,0.576619064909715
I am lol!,neither,0.026765707494041426,0.4263797282852576,0.546854564220701
#weknow,neither,0.03945320844208391,0.33037608806864915,0.630170703489267
Love Beverly Hills Cop....,neither,0.03730059637145148,0.3403283944647658,0.6223710091637829
aww...,neither,0.03945320844208391,0.33037608806864915,0.630170703489267
AXEL F,neither,0.03945320844208391,0.33037608806864915,0.630170703489267
i do,neither,0.04358573029058539,0.32895472430567013,0.6274595454037444
https://clips.twitch.tv/SmoothSarcasticHornetCeilingCat,neither,0.03945320844208391,0.33037608806864915,0.630170703489267
we all know,neither,0.042570989211102576,0.4687332401907504,0.4886957705981469
I DO,neither,0.04358573029058539,0.32895472430567013,0.6274595454037444
Axel F! BHC!,neither,0.03945320844208391,0.33037608806864915,0.630170703489267
Axel F maaaan,neither,0.03945320844208391,0.33037608806864915,0.630170703489267
Bidet!,neither,0.03945320844208391,0.33037608806864915,0.630170703489267
I am,neither,0.03902346103501681,0.3305238979082658,0.6304526410567174
im 12 btw,neither,0.038572944470929786,0.3637829821878642,0.597644073341206
FROG,neither,0.03945320844208391,0.33037608806864915,0.630170703489267
"I know, sadly.",neither,0.03945320844208391,0.33037608806864915,0.630170703489267
hey i got it :P,neither,0.035512700415696305,0.40030312675773444,0.5641841728265693
I'm old enough... yikes.,neither,0.03945320844208391,0.33037608806864915,0.630170703489267
CRAZY FROG,neither,0.028715929867286424,0.43870760410265136,0.5325764660300621
fucking crazy frog omg,offensive_language,0.07720692383670011,0.9197099470359403,0.003083129127359534
THAT SONG lol,neither,0.02417917095728038,0.47320775247724983,0.5026130765654697
BEVERLY HILLS COP!!,neither,0.03945320844208391,0.33037608806864915,0.630170703489267
CRAZY FROG,neither,0.028715929867286424,0.43870760410265136,0.5325764660300621
woot beverly hills cop,neither,0.03945320844208391,0.33037608806864915,0.630170703489267
Many of us are!,neither,0.16766205379355148,0.2512761261160692,0.5810618200903793
I am more than old enough,neither,0.04061251508819877,0.32848872054406764,0.6308987643677336
CR just called me Old,neither,0.02960804605988112,0.3829343627797208,0.5874575911603981
"I'm actually 43, Axel",neither,0.03945320844208391,0.33037608806864915,0.630170703489267
Bidet from Rome ga,neither,0.040402255548430084,0.3142682818583747,0.6453294625931952
beverly hills matt?!,neither,0.03945320844208391,0.33037608806864915,0.630170703489267
"you liar Matt, I totally recognize that song",neither,0.046143756148906576,0.3911161254265898,0.5627401184245036
AXEL FOLEY,neither,0.03945320844208391,0.33037608806864915,0.630170703489267
most of this audience is mid 20's or more lol,neither,0.04016516320446094,0.3595939251239019,0.6002409116716371
Beverly hills cop!,neither,0.03945320844208391,0.33037608806864915,0.630170703489267
Mat ....,neither,0.03945320844208391,0.33037608806864915,0.630170703489267
is crazyfrog that old?,neither,0.0462384409073938,0.3937620888653907,0.5599994702272155
axel rose you kids lmao not crazy frog lol,offensive_language,0.03395497392025362,0.4900662410099548,0.47597878506979147
axle f,neither,0.03945320844208391,0.33037608806864915,0.630170703489267
Beverly Hills Cop!!!!,neither,0.03945320844208391,0.33037608806864915,0.630170703489267
I GET IT,neither,0.03490679507544832,0.35300313020848223,0.6120900747160695
"34, OF COURSE I KNOW THAT SONG",neither,0.03605526194646297,0.36940074931818756,0.5945439887353495
CRAZY FROG!! LOL,neither,0.02365389799488021,0.4776034863590661,0.4987426156460537
bring on the crazy frog!,neither,0.02779747334922951,0.41857115249556714,0.5536313741552032
ALEX F! Bev Cop!,neither,0.03945320844208391,0.33037608806864915,0.630170703489267
I am VERY old enough.,neither,0.0392639013231531,0.3304411994676414,0.6302948992092053
beverly hills cop?,neither,0.03945320844208391,0.33037608806864915,0.630170703489267
Axel F,neither,0.03945320844208391,0.33037608806864915,0.630170703489267
I do,neither,0.04358573029058539,0.32895472430567013,0.6274595454037444
not true,neither,0.037422356481539874,0.33805972735972806,0.6245179161587321
Not true at all Mercer!,neither,0.03899833061589948,0.46567651984916736,0.4953251495349332
bidet from Fort wayne IN,neither,0.0408070459003957,0.3073979331668813,0.6517950209327231
Beverly Hills Cop!,neither,0.03945320844208391,0.33037608806864915,0.630170703489267
Oh.. we know,neither,0.047082013655567155,0.260639145353747,0.6922788409906858
i know,neither,0.03945320844208391,0.33037608806864915,0.630170703489267
sexy elf matt is back baby,neither,0.04516898405482395,0.3284101707350932,0.6264208452100829
haha Beverly Hills Cop,neither,0.036411552471751624,0.3820009279747157,0.5815875195535327
Beverly Hills Cop!!!,neither,0.03945320844208391,0.33037608806864915,0.630170703489267
Oh yes I am old enough to know what that theme,neither,0.048805549589094215,0.31961196597934005,0.6315824844315657
I R OLD,neither,0.03945320844208391,0.33037608806864915,0.630170703489267
Eddie Murphy yo,neither,0.0395700733155746,0.3939119677599738,0.5665179589244517
I get it!!!,neither,0.03490679507544832,0.35300313020848223,0.6120900747160695
"Jam Hammer, yo",neither,0.03956979150133305,0.39380644353314326,0.5666237649655237
I log into the theme from Beverly Hills Cop,neither,0.03952385326524315,0.3110804902218273,0.6493956565129296
BANANA IN THE TAILPIPE!,neither,0.03835789103365107,0.3102234286798537,0.6514186802864952
crazy frog!,neither,0.028715929867286424,0.43870760410265136,0.5325764660300621
Bidet from Norton Mass :D,neither,0.04078317879478948,0.307803020237201,0.6514138009680096
Axel F,neither,0.03945320844208391,0.33037608806864915,0.630170703489267
Beveryly hills cop was awesome,neither,0.039355950313292525,0.33202681233772896,0.6286172373489786
Crazy frog,neither,0.028715929867286424,0.43870760410265136,0.5325764660300621
I am old enough,neither,0.03922420425840965,0.3304548531085395,0.6303209426330507
Axel F,neither,0.03945320844208391,0.33037608806864915,0.630170703489267
Booo live shows,neither,0.045078090899392444,0.3284414330592065,0.626480476041401
I am,neither,0.03902346103501681,0.3305238979082658,0.6304526410567174
Beverly Hills Cop!!!,neither,0.03945320844208391,0.33037608806864915,0.630170703489267
bigjRIP for matts hair,neither,0.030327766151151615,0.2849378321932468,0.6847344016556016
"Oh yeah, D&D is an old person's game. We know.",neither,0.03428076222051996,0.34498489155642975,0.6207343462230502
Cmooon frog,neither,0.03945320844208391,0.33037608806864915,0.630170703489267
Beverly Hills Cop!,neither,0.03945320844208391,0.33037608806864915,0.630170703489267
I am old.,neither,0.039152002670786626,0.3304796865453704,0.630368310783843
gandsSubHype gandsSubHype gandsSubHype gandsSubHype,neither,0.03945320844208391,0.33037608806864915,0.630170703489267
Beverly hills cop bro.,neither,0.03945320844208391,0.33037608806864915,0.630170703489267
axel folly,neither,0.03945320844208391,0.33037608806864915,0.630170703489267
that song was also covered by the stupid crazy frog thing,neither,0.06787791761985253,0.37454200442336405,0.5575800779567833
Axel F maaaaaan,neither,0.03945320844208391,0.33037608806864915,0.630170703489267
Saw it in the theater,neither,0.037289868856290966,0.3154920429643518,0.6472180881793573
lol we old,neither,0.028611285405503253,0.41421932546843987,0.557169389126057
Axel F,neither,0.03945320844208391,0.33037608806864915,0.630170703489267
Haircut!,neither,0.03945320844208391,0.33037608806864915,0.630170703489267
Axel FTW,neither,0.03945320844208391,0.33037608806864915,0.630170703489267
ive heard dont know it,neither,0.038137583836400035,0.3308285916993028,0.6310338244642971
hey i know crazy frog XP,neither,0.031843429253050066,0.4062498937155999,0.56190667703135
CRAZY FROG PogChamp,neither,0.028715929867286424,0.43870760410265136,0.5325764660300621
"I agree, the hair looks good Matt!",neither,0.03827356111578119,0.3179852903174131,0.6437411485668058
"Not crazy frog, Axle F from Beverly Hills Cop",neither,0.032788688619562203,0.3880051878888845,0.5792061234915532
Lol @ people saying it's crazy frog,neither,0.03438075999807207,0.4583019774993094,0.5073172625026185
I'M SO EXCITED TO GO TO GEN CON!,neither,0.05054395133284663,0.35974418033627964,0.5897118683308736
bidet fam,neither,0.03945320844208391,0.33037608806864915,0.630170703489267
totally not true!! I'm 31 :P,neither,0.03839774797047756,0.3343310818420454,0.627271170187477
"Hey now, 28 year old in your demographic. WE KNOW SONGZ :-P",neither,0.058560709742927174,0.3267542528999194,0.6146850373571534
Come on Mercer- Beverly Hills cop! Lol,neither,0.03130112552197032,0.39609974035248974,0.5725991341255399
Beverly Hills Cop! 3rd one sucked tho lol,neither,0.03248491832355801,0.3846956381582562,0.5828194435181857
What are you talking about Matt you all are the young ones.....,neither,0.12454768165557994,0.4142849087674194,0.4611674095770006
Love that movie!!!,neither,0.03354180002771713,0.3530856004880629,0.6133725994842198
Crazy Frog is old? Where did the time go?,neither,0.03722959179967027,0.3885544609002136,0.574215947300116
"Bidet from Loma Linda, California",neither,0.05869407133616058,0.3079413983338991,0.6333645303299403
"I'm 41, I know that theam",neither,0.031216222672775646,0.4214616369307194,0.547322140396505
Matt thinks we're all babies BabyRage,neither,0.0553646195243067,0.36515815430532894,0.5794772261703645
I am too old enough!!,neither,0.038973574345558384,0.33507538296192274,0.6259510426925189
"44, hell yeah I know what that is",offensive_language,0.034988383714334055,0.7133260436331572,0.2516855726525088
"you're only in your 30s matt, don't worry about it!",neither,0.09007715810672694,0.35172896319910896,0.5581938786941639
Beverly Hills cop?,neither,0.03945320844208391,0.33037608806864915,0.630170703489267
??? that was a thing in my middle school days like ??? i'm young but sheesh matt lolol,neither,0.032905074886614046,0.43628617828355526,0.5308087468298306
BHC!!!!,neither,0.03945320844208391,0.33037608806864915,0.630170703489267
I'm not gonna fall for a banana the tailpipe,neither,0.03192815919375563,0.33466117738461065,0.6334106634216338
Will there be a Thursday show as well as Friday?,neither,0.04767721090564244,0.2832450991515437,0.6690776899428139
bidet,neither,0.03945320844208391,0.33037608806864915,0.630170703489267
Bidet all you wondergul critters,offensive_language,0.11713568322928106,0.7458927592248179,0.1369715575459011
Not old enough? Really? XD Come on,neither,0.03411950450734807,0.37379766340020015,0.5920828320924518
Old enough here,neither,0.10245857258412135,0.28262976442284915,0.6149116629930296
Bidet from NYC,neither,0.04081748366884477,0.3072207769958956,0.6519617393352596
,neither,0.03945320844208391,0.33037608806864915,0.630170703489267
matt i luv you but your hair my man,offensive_language,0.06211331658836268,0.4962087167873354,0.4416779666243018
"wait, is crazy frog old now?",neither,0.03628176672918601,0.41209425639705854,0.5516239768737554
46,neither,0.03945320844208391,0.33037608806864915,0.630170703489267
just got back from the bidet!,neither,0.03220223459224036,0.37252243488265746,0.5952753305251022
"carp, i missed the first part",neither,0.031853617111671374,0.31675186544954,0.6513945174387887
"Matt, looks like he's ready to RP a gnome.",neither,0.06254257003031473,0.3379163129623461,0.599541117007339
I wasn't on the PC for a sec. Why is Sam on the PC today?,neither,0.031155071574548717,0.3115401970480456,0.6573047313774056
I have that soundtrack on vinyl here somewhere,neither,0.062097613673586356,0.3491287907172278,0.5887735956091859
so now its Beverly Hill Gnome,neither,0.03469647440965514,0.36722382417811533,0.5980797014122295
"Makes me so sad they people only know that as the ""Crazy Frog"", also.. get off my lawn",offensive_language,0.03236601074604066,0.4852866863062611,0.4823473029476982
@thedomha still intros,neither,0.03727668703704674,0.36731733658035887,0.5954059763825943
GI<MORE,neither,0.041596361393762056,0.31922582178203746,0.6391778168242005
o...m....g,neither,0.03945320844208391,0.33037608806864915,0.630170703489267
omg,neither,0.03945320844208391,0.33037608806864915,0.630170703489267
TAROT?,neither,0.03945320844208391,0.33037608806864915,0.630170703489267
Yers!!!!,neither,0.03945320844208391,0.33037608806864915,0.630170703489267
Ticket Link for Critical Role at GenCon LIVE 2017! https://www.eventbrite.com/e/critical-role-live-tickets-35991259827,neither,0.03998416181319744,0.32662628140016997,0.6333895567866327
WOW,neither,0.03945320844208391,0.33037608806864915,0.630170703489267
You don't know me Matt! You don't know how old I am!,neither,0.05648993217695416,0.42825486687117115,0.5152552009518747
"26. Beverly Hills cop. Watch yourself Matt, lolol.",neither,0.04227710235579485,0.32940482146036704,0.6283180761838381
This ain't Crazy Frog and shame on you for suggesting it!,offensive_language,0.02002736571492646,0.524251030585426,0.4557216036996476
a tarrot card deck!?,neither,0.03945320844208391,0.33037608806864915,0.630170703489267
SHUT UP NO WAY,neither,0.05354285261007538,0.38758177643433656,0.558875370955588
Link link link,neither,0.03945320844208391,0.33037608806864915,0.630170703489267
"Yo I like the vest, Mercer!",offensive_language,0.06198757234868429,0.47399792570640115,0.46401450194491445
WHAT.,neither,0.057770773616808734,0.3180719994247239,0.6241572269584672
woooooo,neither,0.03945320844208391,0.33037608806864915,0.630170703489267
Hahahahhhahahahaha,neither,0.03945320844208391,0.33037608806864915,0.630170703489267
i need it,neither,0.03621015316760346,0.3282563737061715,0.6355334731262251
what,neither,0.057770773616808734,0.3180719994247239,0.6241572269584672
YES YES YES YES YES YES YES YES,neither,0.03945320844208391,0.33037608806864915,0.630170703489267
OH MY GOD,neither,0.030266422441093326,0.38268872444249025,0.5870448531164164
lol,neither,0.020706217963973744,0.4882283491876925,0.4910654328483337
,neither,0.03945320844208391,0.33037608806864915,0.630170703489267
poor Matt.,neither,0.03945320844208391,0.33037608806864915,0.630170703489267
WHATTTTTT,neither,0.03945320844208391,0.33037608806864915,0.630170703489267
beware thr banana in the tailpipe,neither,0.03881060313960779,0.31870231809680444,0.6424870787635879
OMG Loving this!,neither,0.03935023820966259,0.33212376164373153,0.6285260001466059
Tarot cards nice,neither,0.03945320844208391,0.33037608806864915,0.630170703489267
OH MY GOSH!!,neither,0.03236932916326653,0.3691666553057533,0.59846401553098
AAAAAAAAAAAAA,neither,0.03945320844208391,0.33037608806864915,0.630170703489267
gasp! it came out!,neither,0.03427765843937149,0.3460486343168857,0.6196737072437428
OMG THIS IS WONDERFUL,neither,0.047798620130563976,0.32908798050022914,0.623113399369207
oh god,neither,0.047523175703714664,0.25506489023357065,0.6974119340627147
OMG I NEED THAT,neither,0.034055116458957604,0.3849288718237973,0.5810160117172452
HOLY CRAP,neither,0.03945320844208391,0.33037608806864915,0.630170703489267
GILMORE,neither,0.03945320844208391,0.33037608806864915,0.630170703489267
Oh hey they published those tarot cards that guy made,neither,0.05866916156215337,0.27603206388493706,0.6652987745529096
omg,neither,0.03945320844208391,0.33037608806864915,0.630170703489267
LMAO dead,neither,0.03796803480099439,0.3555833607522789,0.6064486044467267
I WANT IT,neither,0.03693847881756577,0.3228418168721069,0.6402197043103274
GILLLMOORRE,neither,0.03945320844208391,0.33037608806864915,0.630170703489267
Bidet from South Carolina! Just got home from work UCKFAY EAHYAY!,neither,0.03699171156876738,0.3509678056322623,0.6120404827989703
is the Scanlan table camera not working?,neither,0.044110225898589706,0.318878600210713,0.6370111738906974
gandsMatt gandsMatt gandsMatt gandsMatt,neither,0.03945320844208391,0.33037608806864915,0.630170703489267
Aaaaaaaaaaaaa,neither,0.03945320844208391,0.33037608806864915,0.630170703489267
AAAANNNNND,neither,0.03945320844208391,0.33037608806864915,0.630170703489267
whaaaaaaaat?,neither,0.03945320844208391,0.33037608806864915,0.630170703489267
LMAO,neither,0.03705015143476208,0.3711622369619404,0.5917876116032975
YEESSSSSS,neither,0.03945320844208391,0.33037608806864915,0.630170703489267
TAKE MY MONEY,neither,0.02430022541757826,0.45385440265664767,0.521845371925774
oh my,neither,0.02748693229954249,0.40236076101129065,0.5701523066891669
lol,neither,0.020706217963973744,0.4882283491876925,0.4910654328483337
I NEED IT!!!,neither,0.03621015316760346,0.3282563737061715,0.6355334731262251
wooooow :{O,neither,0.03945320844208391,0.33037608806864915,0.630170703489267
Oh shit! So glad this is finished!,offensive_language,0.05827724913039836,0.9372586429219026,0.004464107947698989
I need it!!!!!!!,neither,0.03621015316760346,0.3282563737061715,0.6355334731262251
TAKE MY MONEY!!!!,neither,0.02430022541757826,0.45385440265664767,0.521845371925774
NEED!,neither,0.03901008956310134,0.32666546762563675,0.6343244428112619
"oh gods my wallet, there it goes",neither,0.03248856913456112,0.32392807151218106,0.6435833593532578
OMG yes!!!!,neither,0.03945320844208391,0.33037608806864915,0.630170703489267
Cards? I'm already interested...!,neither,0.038516146502437384,0.34628047472123813,0.6152033787763246
IM DYING,neither,0.038299600927222684,0.3741237093903723,0.587576689682405
Oh... my... God.,neither,0.030266422441093326,0.38268872444249025,0.5870448531164164
omg!,neither,0.03945320844208391,0.33037608806864915,0.630170703489267
I need this now!!!,neither,0.039012832628503295,0.33053023539594906,0.6304569319755476
This is great,neither,0.049196619522103385,0.2924512674041193,0.6583521130737773
oh gods yes!,neither,0.047325668310698794,0.256798057524554,0.6958762741647472
You got me at teh start of the video! :D,neither,0.05033457155930387,0.38157946378034935,0.5680859646603469
waaaaaaaaaaaaattttt,neither,0.03945320844208391,0.33037608806864915,0.630170703489267
AAAAAAH I NEED THEM,neither,0.06912093491625378,0.3116743134094715,0.6192047516742746
RIP MY WALLET,neither,0.028928918208007266,0.41168966351837427,0.5593814182736184
<3,neither,0.03945320844208391,0.33037608806864915,0.630170703489267
