text,top_class,hate_speech,offensive_language,neither
6 minutes!!!!!!!,neither,0.03945320844208391,0.33037608806864915,0.630170703489267
where is fan art,neither,0.049486604739368514,0.2969335907728856,0.6535798044877459
Bidet from Tal'dorei!,neither,0.04062582848913359,0.31047366557575606,0.6489005059351104
Streams up!,neither,0.036430276030438996,0.392147313945874,0.571422410023687
no art today?,neither,0.03704218115411833,0.32159063686457173,0.64136718198131
art's up,neither,0.0360976390209736,0.39953272178554616,0.5643696391934803
bidet from Spain,neither,0.04228451509352876,0.2823214250720796,0.6753940598343917
the CritArt has begun REFRESH if you do not see it,neither,0.033149429283687144,0.3970549559371433,0.5697956147791695
"I was just on vacation in BC and Oregon, two beautful places (BUT THEY MADE ME MISS LIVE CR BECAUSE OF THEIR BEAUTY) so I am excitebike for today",neither,0.02871535225600586,0.34043468740816624,0.630849960335828
@navelwarfare what? Lol,neither,0.03348641322023753,0.43558119648426563,0.5309323902954968
bidet from Portland. glad i could catch it live,neither,0.04239352899633406,0.3167459286891109,0.6408605423145551
is it offline for everyone?,neither,0.03226084856991224,0.41975088154024104,0.5479882698898467
hey calgary! Bidet!,neither,0.03945320844208391,0.33037608806864915,0.630170703489267
PogChamp,neither,0.03945320844208391,0.33037608806864915,0.630170703489267
refresh,neither,0.03945320844208391,0.33037608806864915,0.630170703489267
arrrt!,neither,0.03945320844208391,0.33037608806864915,0.630170703489267
Refresh,neither,0.03945320844208391,0.33037608806864915,0.630170703489267
Hello from Texas! :D,neither,0.040553695508357114,0.31169795051161153,0.6477483539800314
REFRESH,neither,0.03945320844208391,0.33037608806864915,0.630170703489267
stream is up,neither,0.045475273565137704,0.38726277146109006,0.5672619549737722
"The channel has gone live, if you cannot see the FanArt please refresh",neither,0.03737030499864528,0.36316604058772056,0.5994636544136341
Buenas noches desde Chile! / Good night from Chile,neither,0.03519021278793537,0.3198109618999484,0.644998825312116
Art!,neither,0.03945320844208391,0.33037608806864915,0.630170703489267
!wheniscr,neither,0.03945320844208391,0.33037608806864915,0.630170703489267
Refresh your stream,neither,0.06625418162306627,0.32293847416776733,0.6108073442091664
Bidet from Michigan,neither,0.040769555981420263,0.3080342349327864,0.6511962090857933
Bidet,neither,0.03945320844208391,0.33037608806864915,0.630170703489267
it's up,neither,0.03047729369400715,0.4651098659401513,0.5044128403658414
what is the discord?,neither,0.07361277284457059,0.28255123200191234,0.6438359951535172
How much longer just got here,neither,0.06774994159477017,0.35925505399817614,0.5729950044070538
Midday Bidet fellow east coast Aussie critters,neither,0.03945320844208391,0.33037608806864915,0.630170703489267
ARTTTT,neither,0.03945320844208391,0.33037608806864915,0.630170703489267
yay art,neither,0.03945320844208391,0.33037608806864915,0.630170703489267
Bidet from Bethlehem PA,neither,0.04069404815304118,0.30931579984010865,0.6499901520068502
bidet,neither,0.03945320844208391,0.33037608806864915,0.630170703489267
nevermind,neither,0.03945320844208391,0.33037608806864915,0.630170703489267
hey fan art,neither,0.03945320844208391,0.33037608806864915,0.630170703489267
a stream is earned,neither,0.04690607540476405,0.3278127053644783,0.6252812192307576
So much Alberta. Much <3,neither,0.03346726656932058,0.3682444678984738,0.5982882655322056
It's upppp,neither,0.037828236809968684,0.3309349903269868,0.6312367728630445
YAs,neither,0.03945320844208391,0.33037608806864915,0.630170703489267
Bidet from Eberron,neither,0.04228451509352876,0.2823214250720796,0.6753940598343917
BIDET FROM EL PASO TEXAS!,neither,0.040520933838602655,0.3122540015484896,0.6472250646129077
REFRESH IT,neither,0.037828236809968684,0.3309349903269868,0.6312367728630445
bidet from michigan,neither,0.040769555981420263,0.3080342349327864,0.6511962090857933
did I join just as the stream started?,neither,0.0342783856957317,0.35801402950625094,0.6077075847980173
woo critart!,neither,0.03945320844208391,0.33037608806864915,0.630170703489267
bidet!,neither,0.03945320844208391,0.33037608806864915,0.630170703489267
Bidet from Iowa,neither,0.04069404815304118,0.30931579984010865,0.6499901520068502
oh my god,neither,0.030266422441093326,0.38268872444249025,0.5870448531164164
refresh for art,neither,0.03423199466188209,0.30429362477271343,0.6614743805654044
~5 min,neither,0.03945320844208391,0.33037608806864915,0.630170703489267
bidet!,neither,0.03945320844208391,0.33037608806864915,0.630170703489267
Some really talented artists!,neither,0.03266881447667054,0.34206315863597353,0.6252680268873559
"@Yashichan You missed the c in excited, so you exited. I can't help myself sometimes :D",neither,0.06386790328779755,0.4166029911789428,0.5195291055332597
bidet from Dallas!,neither,0.04081748366884477,0.3072207769958956,0.6519617393352596
Bidet from Winchester CA!,neither,0.04084513770590474,0.30675141581570226,0.6524034464783931
a fellow NEBRASKAN!!!! thats both of us,neither,0.07410252100457049,0.32399276821054085,0.6019047107848886
Woof Alberta!,neither,0.03945320844208391,0.33037608806864915,0.630170703489267
"Alternatively, just hit Play instead of refresh.. :P",neither,0.035908058169751955,0.3469463684487991,0.6171455733814489
bidet from the florida keys gandsGandsPoo,neither,0.0395760200605727,0.29805869076639957,0.6623652891730276
@kossowan_kenobi heeyyyy! alberta! <3,neither,0.03945320844208391,0.33037608806864915,0.630170703489267
@iblizzard there's actually quite a few Calgary critters!,neither,0.039384206555462986,0.2931186143770327,0.6674971790675043
Kudos to the artsy peeps,neither,0.04689218753706737,0.3056664330267638,0.647441379436169
im on!!!,neither,0.032290909397829554,0.4234555896086957,0.5442535009934747
And so it begins!,neither,0.03702075117330028,0.3334064572415291,0.6295727915851705
aaaah ads,neither,0.03945320844208391,0.33037608806864915,0.630170703489267
bidet from Nashville,neither,0.04071751644889743,0.3089174816120565,0.6503650019390461
bidet all,offensive_language,0.046917543854519406,0.6277741405869331,0.3253083155585475
Bidet from St Louis!,neither,0.040470992782370326,0.313101631608523,0.6464273756091067
Bidet from Upstate NY!,neither,0.04041758291270955,0.31400813648531894,0.6455742806019715
Hypetrain!,neither,0.03945320844208391,0.33037608806864915,0.630170703489267
bidet from saskatoon,neither,0.04228451509352876,0.2823214250720796,0.6753940598343917
"KiKi with moose antlers, awesome!",neither,0.029301727374807553,0.3655355501187468,0.6051627225064456
bidet from cali,neither,0.04079557052152802,0.30759270029461827,0.6516117291838538
Bidet from southern california,neither,0.05973421983411923,0.3068804373496683,0.6333853428162125
Refresh if you're not watching art,neither,0.0458268752052617,0.3894912512612822,0.5646818735334561
And its live!! Hurray!! ARTWORK!!!,neither,0.03566633724285578,0.27726407577955864,0.6870695869775856
Bidet from New Brunswick Canada.,neither,0.04427516225640692,0.21740380486553929,0.7383210328780537
Red Deer ALberta!! FTW,neither,0.03934145466325262,0.3294402763125186,0.6312182690242287
Bidet from Cincinnati Ohio,neither,0.040754399270683486,0.3082914838698526,0.650954116859464
"bidet from Fort Collins, CO",neither,0.04181741232017598,0.2902493781769742,0.6679332095028498
Bidet,neither,0.03945320844208391,0.33037608806864915,0.630170703489267
Bidet from Germany!,neither,0.04069404815304118,0.30931579984010865,0.6499901520068502
yay it's thursday!!!,neither,0.038068455102288457,0.3308523682409035,0.631079176656808
bidet from chicago,neither,0.04078317879478948,0.307803020237201,0.6514138009680096
"Oh wow, loving this art!",neither,0.04359573098979127,0.2911592835066926,0.6652449855035161
hi,neither,0.03945320844208391,0.33037608806864915,0.630170703489267
"Bidet from Scranton, PA",neither,0.04069404815304118,0.30931579984010865,0.6499901520068502
"WOOHOO, FAN ART! Critters, follow the Critter twitch community to meet and support other critters! https://www.twitch.tv/communities/critters",neither,0.0513359729994814,0.30570612453079193,0.6429579024697267
Bidet!,neither,0.03945320844208391,0.33037608806864915,0.630170703489267
Bidet from Ohio,neither,0.040754399270683486,0.3082914838698526,0.650954116859464
Bidet from Vegas!,neither,0.040853311764050625,0.30661268071637476,0.6525340075195746
"Refresh, Hyppppe",neither,0.03945320844208391,0.33037608806864915,0.630170703489267
gandsLessthanthree gandsLessthanthree gandsLessthanthree hrpgSharky hrpgSharky hrpgSharky,neither,0.03945320844208391,0.33037608806864915,0.630170703489267
Bidet from California!,neither,0.06971251856910227,0.2972619859879888,0.633025495442909
bidet from IOWA,neither,0.04069404815304118,0.30931579984010865,0.6499901520068502
BIDET from Seattle,neither,0.040754399270683486,0.3082914838698526,0.650954116859464
up,offensive_language,0.031680140546704795,0.5091262166492487,0.45919364280404645
Beep Beep and Bidet my dudes,neither,0.023670715539868464,0.3915769144401421,0.5847523700199894
"just thought I'd stop ion and say hello, only up to episode 64",neither,0.04027964176177885,0.32961176618436544,0.6301085920538557
"I love it when cool stuff is on the west side, it's actually in my time zone:)",neither,0.024790332935549705,0.4346872136392798,0.5405224534251705
My DnD group killed its first drgon tonight,neither,0.023479491995815987,0.3725812616039286,0.6039392464002554
"bidet from PA, Usa",neither,0.040392180697499655,0.3144392783719297,0.6451685409305706
idaho represent,neither,0.03945320844208391,0.33037608806864915,0.630170703489267
bidret,neither,0.03945320844208391,0.33037608806864915,0.630170703489267
Bidet from NY,neither,0.04084513770590474,0.30675141581570226,0.6524034464783931
Refresh if you don't see it,neither,0.03277806589008819,0.4296889665098736,0.5375329676000382
Hello friends :),neither,0.03945320844208391,0.33037608806864915,0.630170703489267
"Bidet from Littleton, CO!",neither,0.04181741232017598,0.2902493781769742,0.6679332095028498
Bidet from NJ.,neither,0.04069404815304118,0.30931579984010865,0.6499901520068502
Bidet from Ontario!,neither,0.04062582848913359,0.31047366557575606,0.6489005059351104
Bidet from California,neither,0.06971251856910227,0.2972619859879888,0.633025495442909
refresh,neither,0.03945320844208391,0.33037608806864915,0.630170703489267
bidet from ABQ,neither,0.04228451509352876,0.2823214250720796,0.6753940598343917
@Kray_K I sent you a whisper.,neither,0.05659871767812974,0.3785848513497046,0.5648164309721657
Thursday!!! <# <3,neither,0.03945320844208391,0.33037608806864915,0.630170703489267
bidet from FL,neither,0.04066490145509902,0.30981049537100724,0.6495246031738937
Bidet!!!,neither,0.03945320844208391,0.33037608806864915,0.630170703489267
"Bideep Bideep from Lake Orion, Michigan",neither,0.04044317782059623,0.3135737241010953,0.6459830980783086
Bidet from Chile :D,neither,0.04069404815304118,0.30931579984010865,0.6499901520068502
bidet from Boston!,neither,0.040769555981420263,0.3080342349327864,0.6511962090857933
good evening to all,neither,0.048442047061346936,0.40578051057406284,0.5457774423645902
"Bidet from Boston, Critters! g33kSalute gandsMatt gandsNatTwenty",neither,0.040769555981420263,0.3080342349327864,0.6511962090857933
@caputmortem HEY! Red deer! <3!! Same here! Bidet,neither,0.07702903995749454,0.3046536759464869,0.6183172840960187
GivePLZ gandsGandsPoo TakeNRG,neither,0.03945320844208391,0.33037608806864915,0.630170703489267
#Taldoreiday guys!!!!,neither,0.03922184957078739,0.3343028519130907,0.6264752985161218
Bidet from Massachusetts,neither,0.04069404815304118,0.30931579984010865,0.6499901520068502
hello @Thantoss80 !!! gandsLessthanthree gandsLessthanthree,neither,0.03945320844208391,0.33037608806864915,0.630170703489267
Bidet from NC,neither,0.04066490145509902,0.30981049537100724,0.6495246031738937
Bidet from Niagara Falls!,neither,0.04078317879478948,0.307803020237201,0.6514138009680096
We have an art!,neither,0.039063928902418645,0.336983177795411,0.6239528933021703
@Grimcall Woot!!,neither,0.03945320844208391,0.33037608806864915,0.630170703489267
Bidet from sunny southern California. :-),neither,0.05474617922325973,0.31208491350021267,0.6331689072765276
bidet from Atlanta,neither,0.04078317879478948,0.307803020237201,0.6514138009680096
Bidet from ANN ARBOR,neither,0.040737273169946825,0.30858215849491494,0.6506805683351382
gandsTrinketArmor gandsTrinketArmor gandsTrinketArmor gandsTrinketArmor,neither,0.03945320844208391,0.33037608806864915,0.630170703489267
Beep Beep everyone!,offensive_language,0.02988896790634741,0.4927062106388782,0.4774048214547744
@jamiemorrow @Garliah It's always exciting to see Calgary critters.,neither,0.04244680258295121,0.3783363422148719,0.5792168552021769
Bidet from WIsconsin,neither,0.04071751644889743,0.3089174816120565,0.6503650019390461
Fanart Gallery update http://geekandsundry.com/critical-role-fan-art-gallery-wish-you-were-here/,neither,0.06057927318275576,0.27543605745002825,0.6639846693672159
@Isoliat Bidet from the Hamilton county side of Ohio,neither,0.035442603542459095,0.3326414280065102,0.6319159684510307
"Hello from Crossett, Arkansas!",neither,0.04042754080715299,0.31383912502858,0.6457333341642669
Bidet from TEXAS,neither,0.040937266849991,0.30518774380265185,0.6538749893473571
Go Blue!,neither,0.04119326984409889,0.3364213125592802,0.6223854175966209
Bidet. Fan art yet?,neither,0.03945320844208391,0.33037608806864915,0.630170703489267
Bidet from England <3,neither,0.04071751644889743,0.3089174816120565,0.6503650019390461
wish i had the time,neither,0.037031245058742675,0.3345003696974296,0.6284683852438279
bidet from CA,neither,0.04084513770590474,0.30675141581570226,0.6524034464783931
Thursday Best Day,neither,0.039023586500796154,0.3068667752747248,0.654109638224479
Bidet,neither,0.03945320844208391,0.33037608806864915,0.630170703489267
Cr artwork is life...,neither,0.043980689660012076,0.3879889972935062,0.5680303130464818
bidet from minnesotw,neither,0.04228451509352876,0.2823214250720796,0.6753940598343917
"Bidet from Houston, TX",neither,0.040501953574932,0.3125761461575217,0.6469219002675464
Bidet from Alaska!,neither,0.04066490145509902,0.30981049537100724,0.6495246031738937
Are they running late?,neither,0.06816545655224815,0.2814257476253588,0.6504087958223931
"Bidet from Kansas City, Kansas!",neither,0.040095117957638336,0.319481208339349,0.6404236737030127
Bidet from Springfield IL :),neither,0.040334677536117594,0.315415257091876,0.6442500653720065
"@Isoliat Side of cincinnati, rather",neither,0.0329939748805312,0.3772105906759937,0.5897954344434752
vecna needs to uleash tarasque,neither,0.05197711652019748,0.3232356497727067,0.6247872337070958
Bidet form New Jersey,neither,0.04278732909010475,0.24747538080954176,0.7097372901003536
Happy Birthday to Ashley!,neither,0.045776962422655776,0.32667453251436707,0.6275485050629772
minnesota*,neither,0.03945320844208391,0.33037608806864915,0.630170703489267
Bidet from Mount Horeb,neither,0.04066490145509902,0.30981049537100724,0.6495246031738937
bidet,neither,0.03945320844208391,0.33037608806864915,0.630170703489267
REFRESH,neither,0.03945320844208391,0.33037608806864915,0.630170703489267
bidet bidet from houston,neither,0.040875471929787875,0.3062365648703896,0.6528879631998226
Kiki with the serious high waisted pants,neither,0.028768929126495705,0.40435388400322286,0.5668771868702813
Refresh guys~,neither,0.039333895611238866,0.33240113818976524,0.628264966198996
:D,neither,0.03945320844208391,0.33037608806864915,0.630170703489267
"@xander_920 It's rolling now, yeah",neither,0.02309610243219582,0.43783246001478837,0.5390714375530159
Bidetfrom Arkansas,neither,0.03945320844208391,0.33037608806864915,0.630170703489267
still offline for me even after a refresh,neither,0.02805940943552542,0.36155440881565604,0.6103861817488186
are they live today?,neither,0.07986978828775942,0.2473540714105845,0.6727761403016561
bidet from Glasgow,neither,0.04228451509352876,0.2823214250720796,0.6753940598343917
Hello from NC!,neither,0.04042754080715299,0.31383912502858,0.6457333341642669
wish i hand the time to draw more,neither,0.044793495012273005,0.3219214822947401,0.633285022692987
Bidet from Portland :),neither,0.04066490145509902,0.30981049537100724,0.6495246031738937
got my 5 overwatch loot boxes. They're not event loot boxes though. Bummer.,neither,0.039707305868948876,0.38199879445018975,0.5782938996808613
"Bidet from Kennesaw, Georgia.",neither,0.04066490145509902,0.30981049537100724,0.6495246031738937
Sean?,neither,0.03945320844208391,0.33037608806864915,0.630170703489267
If you aren't seeing the stream then refresh,neither,0.034814297080346585,0.3853306006392002,0.5798551022804532
"fan art is running now, refresh your stream",neither,0.06374877389840805,0.32318956028683316,0.6130616658147587
Bidet from the UK,neither,0.039613273355342184,0.2892653269430044,0.6711213997016535
art show is up! Calgary Bidet!,neither,0.06477367215605699,0.2992296146239775,0.6359967132199655
SUHHHH from WIsconsin,neither,0.04071751644889743,0.3089174816120565,0.6503650019390461
Bidet from Ohio!!,neither,0.040754399270683486,0.3082914838698526,0.650954116859464
bidet everyone,offensive_language,0.02988896790634741,0.4927062106388782,0.4774048214547744
Anyone else still not getting anything,neither,0.034271626915702,0.4048550058581331,0.560873367226165
bidet,neither,0.03945320844208391,0.33037608806864915,0.630170703489267
bidet,neither,0.03945320844208391,0.33037608806864915,0.630170703489267
Bidet from New Yawk,neither,0.046710622032705686,0.1542697019613409,0.7990196760059534
Bidet from South Korea,neither,0.04088864702710942,0.3060129490845789,0.6530984038883118
#Taldoreiday !,neither,0.03945320844208391,0.33037608806864915,0.630170703489267
Let's hear it for our mods: RavagerAcev_doobasDanobaGeekandsundryGradingLargosenseiNightbotNominalbotPostdataestShidareakiStreamelements,neither,0.019565015532748357,0.3316491955175486,0.648785788949703
I don't see any crit role,neither,0.03945320844208391,0.33037608806864915,0.630170703489267
Bidet from Denver,neither,0.04069404815304118,0.30931579984010865,0.6499901520068502
"just got here, what did I miss?",neither,0.0734813985140964,0.3576259046005138,0.5688926968853898
Bidet from NJ,neither,0.04069404815304118,0.30931579984010865,0.6499901520068502
bidet from England,neither,0.04071751644889743,0.3089174816120565,0.6503650019390461
Bidet from LONDON ON!!,neither,0.03745828888110202,0.32542855050193775,0.6371131606169601
omg grog on a dopphin,neither,0.034866530652325096,0.35278097129718144,0.6123524980504934
I got my first custom mini from heroforge can't wait to use it in my next game,neither,0.012254260920282752,0.47834182751312304,0.5094039115665943
bidet f3im d3nmark 4am,neither,0.03945320844208391,0.33037608806864915,0.630170703489267
Bidet from Chicago,neither,0.04078317879478948,0.307803020237201,0.6514138009680096
Bidet from Michigan,neither,0.040769555981420263,0.3080342349327864,0.6511962090857933
"Bidet from Denison, TX!",neither,0.04081748366884477,0.3072207769958956,0.6519617393352596
the art is going on,neither,0.04190647422996957,0.3534408387308881,0.6046526870391423
Bidet from Victoria Australia,neither,0.040354386843928725,0.3150807387011266,0.6445648744549448
bidet from Springfield MO,neither,0.04041768713400279,0.3140063675779768,0.6455759452880205
Bidet,neither,0.03945320844208391,0.33037608806864915,0.630170703489267
STREAM IS LIVE< REFESH,neither,0.05380992942542735,0.3254381533863863,0.6207519171881862
Refresh your browser. That might help,neither,0.060590929245875266,0.35825544841586054,0.5811536223382642
"Bidet from Sydney, Australia!",neither,0.04031924518627951,0.315677184343852,0.6440035704698686
im so excited!!!,neither,0.03835248773688177,0.42672104618676693,0.5349264660763514
beep beep and bidet from astoria oregon,neither,0.039674772959784124,0.26576846215513467,0.6945567648850811
yay!,neither,0.03945320844208391,0.33037608806864915,0.630170703489267
Bidet from Brooklyn,neither,0.04079557052152802,0.30759270029461827,0.6516117291838538
bidet from ny,neither,0.04084513770590474,0.30675141581570226,0.6524034464783931
bidet from seattle!,neither,0.040754399270683486,0.3082914838698526,0.650954116859464
"Bidet from Norman, OK!",neither,0.04104157946423444,0.3034172865047108,0.6555411340310547
just started for me,neither,0.021103211462498928,0.36682314122884313,0.612073647308658
bidet from Texas!,neither,0.040937266849991,0.30518774380265185,0.6538749893473571
love the art,neither,0.035061522170994064,0.3268220444054327,0.6381164334235732
TPK in 20 min. enjoy,neither,0.03945320844208391,0.33037608806864915,0.630170703489267
Bidet from Greenville NC,neither,0.04066490145509902,0.30981049537100724,0.6495246031738937
HAPPY BIRTHDAY ASHLEY!!!,neither,0.03945320844208391,0.33037608806864915,0.630170703489267
first time watching Critical Role live :) Bidet from Maryland,neither,0.03748697342091938,0.3320235242870779,0.6304895022920027
"There are many touching and talent filled pictures, but my favorite still is the ""Favored Terrain"" one of Vex on a pile of gold",neither,0.04251933569013381,0.33356882124345727,0.623911843066409
"Bidet from Butte, mt",neither,0.04084513770590474,0.30675141581570226,0.6524034464783931
Bidet & Noms from CT! Happy Birthday Ashley!!!!,neither,0.04022876912358315,0.3172127992515171,0.6425584316248998
MI love!!!,neither,0.03584429986939642,0.34729699581772777,0.6168587043128758
If you aren't seeing the art refresh the page.,neither,0.03451344807531067,0.37032569486112205,0.5951608570635673
"Bidet from Victoria, BC, Canada!",neither,0.04030504097628521,0.31591826685748914,0.6437766921662256
Bidet!!,neither,0.03945320844208391,0.33037608806864915,0.630170703489267
Bidet from texas,neither,0.040937266849991,0.30518774380265185,0.6538749893473571
Bidet from OHIO,neither,0.040754399270683486,0.3082914838698526,0.650954116859464
Bidet from Portugal,neither,0.04062582848913359,0.31047366557575606,0.6489005059351104
Bidet from St Paul MN,neither,0.04030865756951101,0.3158568838318911,0.6438344585985978
Bidet from Oakville Ontario!!,neither,0.04062582848913359,0.31047366557575606,0.6489005059351104
I am so glad when i can catch this live I realy wish i could swap days off so i didnt have to work at 4 am on fridays so i could watch more often lol,neither,0.03741478336738566,0.42573597004105107,0.5368492465915632
Bidet from St Louis,neither,0.040470992782370326,0.313101631608523,0.6464273756091067
"Bidet from Plano, TX!",neither,0.040473471510038425,0.31305956113103167,0.64646696735893
AHHHHHH ITS THURSDAY!,neither,0.032172426933007474,0.33288028269424347,0.634947290372749
Refresh the stream if u cant see the art,neither,0.02741393971945,0.3439760345548014,0.6286100257257486
Bidet from MA,neither,0.031816597323666866,0.4599893087150652,0.5081940939612679
someone give me a TL;DR for the second half of last weeks episode pls,neither,0.032415388728262315,0.32660529053243675,0.6409793207393011
,neither,0.03945320844208391,0.33037608806864915,0.630170703489267
Bidet!,neither,0.03945320844208391,0.33037608806864915,0.630170703489267
HYPE,neither,0.03945320844208391,0.33037608806864915,0.630170703489267
Bidet from (5am) Finland,neither,0.04069404815304118,0.30931579984010865,0.6499901520068502
bidet from ny,neither,0.04084513770590474,0.30675141581570226,0.6524034464783931
Bidet from Arkansas,neither,0.04066490145509902,0.30981049537100724,0.6495246031738937
"bidet from Lindon, Utah",neither,0.04066490145509902,0.30981049537100724,0.6495246031738937
Up on ALPHA,neither,0.03330476137534157,0.4080426369771416,0.5586526016475168
bidet!,neither,0.03945320844208391,0.33037608806864915,0.630170703489267
"Bidet from Auburn, Washington! <3",neither,0.04038525337528278,0.3145568531088204,0.6450578935158968
bidet from South Dakota,neither,0.04041079298828133,0.31412337922315653,0.6454658277885622
good fan art,neither,0.03880752975072031,0.33059816657859453,0.6305943036706853
bidet from Utah,neither,0.04066490145509902,0.30981049537100724,0.6495246031738937
Biddet from El Paso Texas,neither,0.040520933838602655,0.3122540015484896,0.6472250646129077
bidet from saskatchewan,neither,0.04228451509352876,0.2823214250720796,0.6753940598343917
,neither,0.03945320844208391,0.33037608806864915,0.630170703489267
Bidet from Delaware!,neither,0.04228451509352876,0.2823214250720796,0.6753940598343917
Bidet from Phoenix AZ,neither,0.04039617012658628,0.31437156734874944,0.6452322625246643
"Bidet from Stafford, VA",neither,0.04036266062233628,0.31494031108870923,0.6446970282889545
for some reason I thought there wasnt a CR tonight... it made me sad,neither,0.028019893152066242,0.2561729714264929,0.7158071354214409
Woo Thursday!!!!,neither,0.03945320844208391,0.33037608806864915,0.630170703489267
Bidet from NJ,neither,0.04069404815304118,0.30931579984010865,0.6499901520068502
"Bidet, from Savannah, GA!",neither,0.040737273169946825,0.30858215849491494,0.6506805683351382
bidet from portland!,neither,0.04066490145509902,0.30981049537100724,0.6495246031738937
bidet from the OK!,neither,0.0395817642342062,0.28176558341017327,0.6786526523556206
Don't they usually start the art roll by now?,neither,0.03956758674062833,0.34967101277736334,0.6107614004820083
Vecna is stream sniping...,neither,0.04981691255257763,0.32681153499115395,0.6233715524562684
REFRESH TO START ART!,neither,0.045037392277923624,0.3270963025005637,0.6278663052215127
,neither,0.03945320844208391,0.33037608806864915,0.630170703489267
"Whoo, SK!",neither,0.03945320844208391,0.33037608806864915,0.630170703489267
bidet indiana,neither,0.03945320844208391,0.33037608806864915,0.630170703489267
"Bidet from Springfield, MO! =D",neither,0.04041768713400279,0.3140063675779768,0.6455759452880205
Much to all you talented artistic types,neither,0.05824515316996082,0.43559430858899323,0.506160538241046
hello!,neither,0.03945320844208391,0.33037608806864915,0.630170703489267
Bidet from Austin!!,neither,0.04086843745212,0.30635595831493706,0.6527756042329429
bidet from Cencali,neither,0.04228451509352876,0.2823214250720796,0.6753940598343917
BIDET from AUSTIN,neither,0.04086843745212,0.30635595831493706,0.6527756042329429
bidet from FWB,neither,0.04228451509352876,0.2823214250720796,0.6753940598343917
There we go!,neither,0.04083933629015207,0.27628362646603744,0.6828770372438104
Evening Fellow Critters! Excited for tonight :D,neither,0.03356806415772183,0.29538186144844625,0.6710500743938319
hi everyone,neither,0.032490659208996964,0.4485487193596734,0.5189606214313296
CT represent wooo hooo,neither,0.03945320844208391,0.33037608806864915,0.630170703489267
Bidet from minnesota,neither,0.04071751644889743,0.3089174816120565,0.6503650019390461
aaaaahahahahaha #LavaFoot,neither,0.03945320844208391,0.33037608806864915,0.630170703489267
"my body is ready.. bidet from San Diego, CA",neither,0.03700835206609578,0.37306444539036276,0.5899272025435414
hi,neither,0.03945320844208391,0.33037608806864915,0.630170703489267
"Bidet from Phoenix, AZ",neither,0.04039617012658628,0.31437156734874944,0.6452322625246643
bidet from atlanta,neither,0.04078317879478948,0.307803020237201,0.6514138009680096
bidet!,neither,0.03945320844208391,0.33037608806864915,0.630170703489267
bidet from new york!,neither,0.044690599332616286,0.20708884905532376,0.7482205516120599
What is this song from?,neither,0.05909572088556292,0.31069919877728,0.630205080337157
TPK incoming,neither,0.03945320844208391,0.33037608806864915,0.630170703489267
REFRESH,neither,0.03945320844208391,0.33037608806864915,0.630170703489267
bidet from Illinois!,neither,0.04069404815304118,0.30931579984010865,0.6499901520068502
Happy Birthday Ashley,neither,0.03945320844208391,0.33037608806864915,0.630170703489267
bidet from the underdark,neither,0.039779025773403386,0.2539611253407979,0.7062598488857987
Bidet from Alabama,neither,0.04078317879478948,0.307803020237201,0.6514138009680096
Happy Thursday everybody :),neither,0.03945320844208391,0.33037608806864915,0.630170703489267
Bidet from NC,neither,0.04066490145509902,0.30981049537100724,0.6495246031738937
Bidet from NY :D,neither,0.04084513770590474,0.30675141581570226,0.6524034464783931
Bidet from Las Vegas,neither,0.040400041164603724,0.3143058657309893,0.6452940931044071
bidet from Fla! <3,neither,0.04228451509352876,0.2823214250720796,0.6753940598343917
Art up,neither,0.0360976390209736,0.39953272178554616,0.5643696391934803
"i just realised i share a birthday with Ashley! Thats so cool, she's amazing!",neither,0.03160862996143009,0.4344019477655256,0.5339894222730445
,neither,0.03945320844208391,0.33037608806864915,0.630170703489267
can't wait for the gen con show,neither,0.04447438039350614,0.240956187729721,0.7145694318767729
tldr from last episode. they got to the core anvil.,neither,0.04366153800641917,0.3355500129802414,0.6207884490133395
bidet from Gibraltar (03:57),neither,0.04228451509352876,0.2823214250720796,0.6753940598343917
The art is up,neither,0.04444648115789067,0.3676958129792404,0.5878577058628688
bidet from MO,neither,0.040912083971464244,0.30561516297332675,0.653472753055209
hey all,neither,0.04285346742239823,0.46255625023407465,0.49459028234352725
Bidet all!,offensive_language,0.046917543854519406,0.6277741405869331,0.3253083155585475
!theme,neither,0.03945320844208391,0.33037608806864915,0.630170703489267
Bidet from Arkansas y'all,neither,0.042808078011918105,0.39053103227606023,0.5666608897120217
finalllly the anvil,neither,0.03613032604487659,0.2619290779399786,0.7019405960151449
bidet from Northern California,neither,0.058218649711469915,0.3084304411370911,0.6333509091514389
BIdet from Boston! Here on time this week!,neither,0.07313038062047146,0.3129862573960299,0.6138833619834986
"Happy Thursday, everyone!",neither,0.03355760225671494,0.4304399113404305,0.5360024864028545
!sub,neither,0.03945320844208391,0.33037608806864915,0.630170703489267
bidet from chicago,neither,0.04078317879478948,0.307803020237201,0.6514138009680096
Help support the #GnSLive twitch channel! $4.99/month gets you exclusive sub-only benefits and helps keep the channel alive! Thanks! twitch.tv/geekandsundry/subscribe or for MOBILE https://secure.twitch.tv/products/geekandsundry/ticket/new,neither,0.047564760200365624,0.28780811278399754,0.6646271270156369
Bidet from Halifax,neither,0.04228451509352876,0.2823214250720796,0.6753940598343917
Bidet from Belguim,neither,0.04228451509352876,0.2823214250720796,0.6753940598343917
bidet from GI Nebraska,neither,0.04034574383703774,0.31522743308451706,0.6444268230784452
BIDET BITCHES,offensive_language,1.8102608101511593e-05,0.9999818973918986,1.9545890535218035e-21
"Bidet from Orlando, FL",neither,0.040334677536117594,0.315415257091876,0.6442500653720065
Bidet from AXENSHIELD !!!!,neither,0.04228451509352876,0.2823214250720796,0.6753940598343917
Bidet from Arkansas,neither,0.04066490145509902,0.30981049537100724,0.6495246031738937
"@LafferCrv they went deeper into the volcano, made it through a scary door into the forge room, there were metal reliefs which animated and are probably attacking. that's where we are picking up.",neither,0.05185278569791728,0.2821943105683593,0.6659529037337233
bidet from edmonton alberta,neither,0.04062582848913359,0.31047366557575606,0.6489005059351104
Bidet from 4am Sweden!,neither,0.04228451509352876,0.2823214250720796,0.6753940598343917
Sup Critters,neither,0.03945320844208391,0.33037608806864915,0.630170703489267
Bidet from Texas!,neither,0.040937266849991,0.30518774380265185,0.6538749893473571
OHH OHHOHHHOHH OHHH OHHH OHHHHH,neither,0.03945320844208391,0.33037608806864915,0.630170703489267
bidet from NJ,neither,0.04069404815304118,0.30931579984010865,0.6499901520068502
Hello everyone!,neither,0.03269494828970791,0.4450814005079928,0.5222236512022994
mini pike and grog!,neither,0.038428644398388646,0.276569515771455,0.6850018398301564
Bidet from Socal!,neither,0.04062582848913359,0.31047366557575606,0.6489005059351104
last time I missed catching live but was watching the instant recording like an hour behind it!,neither,0.043474579868513046,0.34253640071393154,0.6139890194175556
Bidet Fort Worth here,neither,0.11648761738542061,0.2743534109244841,0.6091589716900953
AHH,neither,0.03945320844208391,0.33037608806864915,0.630170703489267
bidet from denver,neither,0.04069404815304118,0.30931579984010865,0.6499901520068502
Bidet from Turkey,neither,0.04069404815304118,0.30931579984010865,0.6499901520068502
Bidet friends,neither,0.03945320844208391,0.33037608806864915,0.630170703489267
Bidet from Indiana! GenCon Hype!,neither,0.0404978553206453,0.3126457042283583,0.6468564404509964
"bidet, OHIO",neither,0.03945320844208391,0.33037608806864915,0.630170703489267
BIDET,neither,0.03945320844208391,0.33037608806864915,0.630170703489267
Bidet from Sydney!,neither,0.04062582848913359,0.31047366557575606,0.6489005059351104
Bidet from Pittsburgh!,neither,0.04066490145509902,0.30981049537100724,0.6495246031738937
"BEEP BEEP, MY FRIENDS!",neither,0.022077970793004758,0.4757527544997119,0.5021692747072832
Bidet from Arizona,neither,0.04078317879478948,0.307803020237201,0.6514138009680096
beep beep,neither,0.03945320844208391,0.33037608806864915,0.630170703489267
bidet from ky,neither,0.04062582848913359,0.31047366557575606,0.6489005059351104
Are they only going to roll art for Alpha now?,neither,0.05449157910278268,0.2963526923337789,0.6491557285634383
can we win?,neither,0.039620304987541294,0.3275400236050036,0.632839671407455
Bidet from Ohio,neither,0.040754399270683486,0.3082914838698526,0.650954116859464
Happy late birthday Ashley!,neither,0.03945320844208391,0.33037608806864915,0.630170703489267
bidet from Baltimore! glad I haven't missed anything!,neither,0.040204455355981245,0.31762546734159836,0.6421700773024204
Bidet from Nova Scotia,neither,0.04228451509352876,0.2823214250720796,0.6753940598343917
bidet from TX,neither,0.04081748366884477,0.3072207769958956,0.6519617393352596
"Bidet, from Mississippi!",neither,0.040754399270683486,0.3082914838698526,0.650954116859464
Bidet from OKC,neither,0.04069404815304118,0.30931579984010865,0.6499901520068502
bidet from riverside california,neither,0.058218649711469915,0.3084304411370911,0.6333509091514389
Bidet from Northern California!,neither,0.058218649711469915,0.3084304411370911,0.6333509091514389
bidet from sheman tx,neither,0.04081748366884477,0.3072207769958956,0.6519617393352596
Bidet from Oklahoma,neither,0.04066490145509902,0.30981049537100724,0.6495246031738937
"Bidet,Where are my Buffalo Criters?",neither,0.051683144606675765,0.34004811969355236,0.6082687356997718
ALL MY GEORGIA CRITTERS SAY HELL YEAH,offensive_language,0.023314089397290093,0.805140158047911,0.17154575255479904
bidet from NYC,neither,0.04081748366884477,0.3072207769958956,0.6519617393352596
feelsbad,neither,0.03945320844208391,0.33037608806864915,0.630170703489267
bidet,neither,0.03945320844208391,0.33037608806864915,0.630170703489267
Bidet from Kansas,neither,0.04071751644889743,0.3089174816120565,0.6503650019390461
nothing in twitch oh hey,neither,0.04151781769200196,0.32575902125749057,0.6327231610505074
bidet from Texas,neither,0.040937266849991,0.30518774380265185,0.6538749893473571
Bidet from Upstate New York,neither,0.0434230435812576,0.23816394028302149,0.7184130161357208
@bellowgrainet01 Bidet fellow albertan! <3,neither,0.03945320844208391,0.33037608806864915,0.630170703489267
Bidet from NH,neither,0.04066490145509902,0.30981049537100724,0.6495246031738937
bidet from OS on,neither,0.03755627544803699,0.32567911166405483,0.6367646128879082
ooo i got SNACKS and im READY,neither,0.03718477551285842,0.3579132010847823,0.6049020234023592
gandsCrit gandsCrit gandsCrit,neither,0.03945320844208391,0.33037608806864915,0.630170703489267
bidet friends,neither,0.03945320844208391,0.33037608806864915,0.630170703489267
"bidet from Charlotte, NC",neither,0.040371808140217125,0.31478505383715205,0.6448431380226308
Bidet from Florida,neither,0.0408948396164547,0.30590784468201904,0.6531973157015263
Bidet from Lloydminster Canada,neither,0.04071751644889743,0.3089174816120565,0.6503650019390461
"Bidet from slc, utah",neither,0.04066490145509902,0.30981049537100724,0.6495246031738937
bidet from Quebec,neither,0.04228451509352876,0.2823214250720796,0.6753940598343917
HELL YEAH,offensive_language,0.024014075456083226,0.8806496383571902,0.0953362861867266
Bidet from Cali,neither,0.04079557052152802,0.30759270029461827,0.6516117291838538
Critical role when URF is out ripp,neither,0.03331795251616441,0.3836410710861863,0.5830409763976493
either tarasque or break undeasd seals in vasselhiem,neither,0.03945320844208391,0.33037608806864915,0.630170703489267
hello all,neither,0.04217753453783664,0.43734383323855475,0.5204786322236087
Refresh if you do not see art!,neither,0.0348836582554994,0.4135539092857367,0.5515624324587639
bidet from toronto,neither,0.04066490145509902,0.30981049537100724,0.6495246031738937
It's so nice when watching live I finally get to see the art instead of skipping to reach the episode.,neither,0.04066241755192265,0.3577212818415495,0.6016163006065277
lol,neither,0.020706217963973744,0.4882283491876925,0.4910654328483337
Wooo Bidey everyone,offensive_language,0.02988896790634741,0.4927062106388782,0.4774048214547744
bidet from Kansas city MO,neither,0.04034418574738135,0.315253877932276,0.6444019363203426
Bidet from England <3,neither,0.04071751644889743,0.3089174816120565,0.6503650019390461
"bidet from Guam, Happy Birthday Ashley!",neither,0.040405803161189004,0.3142080696113242,0.6453861272274868
Bidet from Azsuna,neither,0.04228451509352876,0.2823214250720796,0.6753940598343917
bidet from virginia,neither,0.04079557052152802,0.30759270029461827,0.6516117291838538
Bidet from Ohio,neither,0.040754399270683486,0.3082914838698526,0.650954116859464
Bidet from Wisconsin!,neither,0.04071751644889743,0.3089174816120565,0.6503650019390461
Bidet from Quebec!,neither,0.04228451509352876,0.2823214250720796,0.6753940598343917
@friedrichgaterau Bidet from the Decatur area!,neither,0.039564857372743,0.3007711560440365,0.6596639865832207
gandsSCANLAN hello everyone,neither,0.03269494828970791,0.4450814005079928,0.5222236512022994
"Bidet from Ontario, Canada!",neither,0.040354386843928725,0.3150807387011266,0.6445648744549448
Bidet from Texas.,neither,0.040937266849991,0.30518774380265185,0.6538749893473571
fellow nj here!,neither,0.08061054736075782,0.2966702071921372,0.622719245447105
2k joining every 15 secs,neither,0.03945320844208391,0.33037608806864915,0.630170703489267
"bidet from Prestonsburg, KY!",neither,0.04062582848913359,0.31047366557575606,0.6489005059351104
bidet from Arizona,neither,0.04078317879478948,0.307803020237201,0.6514138009680096
Bidet from Oregon,neither,0.04071751644889743,0.3089174816120565,0.6503650019390461
Bidet from Florida!,neither,0.0408948396164547,0.30590784468201904,0.6531973157015263
oh wow chat is unreadable,neither,0.05374548056822223,0.2781300283635692,0.6681244910682085
"Bidet from Prattville, AL.",neither,0.04724196013466046,0.19818064482348735,0.7545773950418522
Bidet from Nevada,neither,0.04066490145509902,0.30981049537100724,0.6495246031738937
Bidet from Canada Quebec <3,neither,0.04071751644889743,0.3089174816120565,0.6503650019390461
Bidet from Vancity!,neither,0.04228451509352876,0.2823214250720796,0.6753940598343917
