text,top_class,hate_speech,offensive_language,neither
with added chocolate,neither,0.02888409627395668,0.36716387206710693,0.6039520316589363
"The channel was gone live. If you cannot see the folks in the studio , please refresh.",neither,0.036974951648040155,0.35413151110078345,0.6088935372511763
"repeat studio has gone live, if you cannot see please refresh",neither,0.0385440287028919,0.3820304802197802,0.579425491077328
"ok Brian, you still have time to snag Darin from somewhere in the studio",neither,0.05090070530266915,0.3579597419012461,0.5911395527960848
I missed the Cabbage man. It's been a while.,neither,0.03698245811482578,0.3781119113775547,0.5849056305076196
At we all suitably Turnt?,neither,0.040363585377213636,0.4438088684676204,0.5158275461551659
"Who is on this week, do we know?",neither,0.04625575167394697,0.4084540651796057,0.5452901831464473
Liam Sam and Travis I believe,neither,0.038895302748209515,0.302982993790402,0.6581217034613885
"On tonight’s show are Travis, Liam & Sam with Host Brian Wayne Foster",neither,0.04785227219573381,0.28755781606368297,0.6645899117405831
"yep, as always it is tweeted out",neither,0.03764974260275916,0.41294806376077053,0.5494021936364704
so we can send in #ThankMyGuest suggestions,neither,0.03952127497644978,0.3672167234094669,0.5932620016140834
Is it Sam or Vacation Sam,neither,0.04344578064639587,0.32900285940578217,0.6275513599478219
Bidet from Seattle! <3 (any critters coming to {Pax West?!),neither,0.04556056737125576,0.3133930954681677,0.6410463371605766
#SurpriseVex,neither,0.03945320844208391,0.33037608806864915,0.630170703489267
bidet from nj,neither,0.04069404815304118,0.30931579984010865,0.6499901520068502
Where is Vex?,neither,0.06245822111259904,0.2612427577458543,0.6762990211415466
ish,neither,0.03945320844208391,0.33037608806864915,0.630170703489267
Bidet from Orlando,neither,0.04062582848913359,0.31047366557575606,0.6489005059351104
YEAH! Sword guy is back!,neither,0.030238450421569165,0.4273842369910048,0.542377312587426
lol nice sword moves.,neither,0.03324741709860145,0.3745255067123088,0.5922270761890899
again ... does he not have a job?,neither,0.02796970040180588,0.4768809974935906,0.4951493021046036
10/10,neither,0.03945320844208391,0.33037608806864915,0.630170703489267
SwordGuy has been achieved,neither,0.03958486941941946,0.32814145767549463,0.6322736729050858
Bidet from Brazil,neither,0.04079557052152802,0.30759270029461827,0.6516117291838538
That is the sword dude's job.,neither,0.041970890032033394,0.34946861510040744,0.608560494867559
That's Cait Friedlander she cosplays as Vex.,offensive_language,0.03245819098382376,0.589670468532319,0.37787134048385723
hey hey....glasses lady......do you not realize you are on Lord Brian's throne of awesomeness?,neither,0.06772736669136017,0.3741434790945171,0.5581291542141227
whos missing?,neither,0.03945320844208391,0.33037608806864915,0.630170703489267
"yes, hence the ""SurpriseVex"" ""ish"" :)",neither,0.038503382960424534,0.3129754021079544,0.6485212149316211
Who is missing?,neither,0.051155395342328124,0.4097143570772257,0.5391302475804464
Denise?,neither,0.03945320844208391,0.33037608806864915,0.630170703489267
the missing poster has a fold in it...I cant make out the face,neither,0.03534284431345379,0.317433957005555,0.6472231986809912
is that denise?,neither,0.05154613418987003,0.42924314326430335,0.5192107225458266
glasses lady? lol,neither,0.03155877932760382,0.3877344419103397,0.5807067787620565
whats good in the hood denise1Hat,neither,0.0996663719127246,0.31976920420578814,0.5805644238814873
And Liz is the one on right who is a producer at G&S.,neither,0.04875168269044515,0.41056347174381724,0.5406848455657377
"thats Liz, a producer",neither,0.03945320844208391,0.33037608806864915,0.630170703489267
"Ah, Thank you.",neither,0.06116923237557951,0.401673632741374,0.5371571348830465
@goldarrak2 denise doesn't work here anymore,neither,0.08842589911294739,0.2914555894238546,0.620118511463198
No the poster,neither,0.03754077342615103,0.32801315340537984,0.6344460731684691
When will Denise be a guest?,neither,0.03139931847252119,0.3595090427566794,0.6090916387707994
hence the missing poster,neither,0.038603023386085594,0.3148447607397522,0.6465522158741622
Is that Matt Mercer in a suit?,neither,0.042832426281148236,0.3644875120900622,0.5926800616287895
shes really hot...,neither,0.03945320844208391,0.33037608806864915,0.630170703489267
you just don't realize its Liz since she usually has a coat on to look really producery,neither,0.04514015440942665,0.445898347489633,0.5089614981009404
hi liz,neither,0.03945320844208391,0.33037608806864915,0.630170703489267
hello 2 pretty ladies!!,neither,0.03939175124169667,0.33141917714973274,0.6291890716085706
oh no Max is missing LOL,neither,0.04235562536092962,0.34351541398695457,0.6141289606521158
omg its sword guy,neither,0.03393416461941312,0.3387626916845544,0.6273031436960325
"the missing poster is not Denise, it's Max, because Travis has him",neither,0.04182265939559804,0.3203745990572458,0.6378027415471562
lirikLEWD,neither,0.03945320844208391,0.33037608806864915,0.630170703489267
"Oh, oh, i see some Liam",neither,0.040316745359242755,0.2659799266602647,0.6937033279804925
Get it sword guy!,neither,0.03716124823858526,0.3468663191373259,0.6159724326240887
@danoba who's the swordsman?,neither,0.0385056899712525,0.443793236948424,0.5177010730803235
who's on tonight?,neither,0.03219449630939791,0.40065554799937175,0.5671499556912303
"You can find Denise, and follow her adventures on https://www.twitch.tv/denisebrr where she roams free",neither,0.0445319034931718,0.43486575822989587,0.5206023382769324
Sword guy is Chris... I beleive he is the social person for GnS,neither,0.048581488074610255,0.30216963833852506,0.6492488735868647
"On tonight’s show are Travis, Liam & Sam with Host Brian",neither,0.04917087666895575,0.2816403285887144,0.6691887947423298
Show starts at 9 right?,neither,0.053546827723257105,0.2952136821562009,0.651239490120542
ooh nice line up,neither,0.03702901750404566,0.37915389707026464,0.5838170854256897
at 9 what?,neither,0.04980475422852607,0.37182658658446716,0.5783686591870068
7pm pacific,neither,0.03945320844208391,0.33037608806864915,0.630170703489267
@rasnac_khan: going to be a LONG while till we even see Denise since she is East Coast right now,neither,0.04637230561614246,0.4081647825451446,0.5454629118387128
Talks Machina is on every Tuesday 7pm - 8pm PDT http://www.wheniscriticalrole.com/talksmachina,neither,0.04000392966313582,0.27734818689170626,0.6826478834451579
10 est,neither,0.03945320844208391,0.33037608806864915,0.630170703489267
Sam is actually going to show up... nice!!,neither,0.062212150253630735,0.3263995012233852,0.6113883485229842
@mrny2cali she is?,offensive_language,0.06838151157248105,0.5467478077670651,0.384870680660454
Good to be back where I have good enough internet to watch this,neither,0.05335362962975113,0.31236698381571154,0.6342793865545373
"Who was the woman who was just on screen, she looked familiar but I cant place from where?",neither,0.036733731315193814,0.42542992838142724,0.5378363403033789
Ripartist -> Looks like the crap has hit the fan. [stop spamming caps] [warning],neither,0.04441850848854802,0.35834189128824345,0.5972396002232085
welcome back,neither,0.03945320844208391,0.33037608806864915,0.630170703489267
@Leigh574 That is correc.,neither,0.05154613418987003,0.42924314326430335,0.5192107225458266
correct*,neither,0.03945320844208391,0.33037608806864915,0.630170703489267
dam caps lock srry grr,neither,0.03945320844208391,0.33037608806864915,0.630170703489267
Bidet from Hungary! Hey Chat!,neither,0.040598694481202645,0.31093420050446186,0.6484671050143355
Folks keep in mind the next new episode #109 during GenCon will be at 6pm Pacific time on FRIDAY August 18th . wheniscriticalrole.com,neither,0.03905192845323637,0.30560180907701184,0.6553462624697517
"@Critternation3000 I believe so, why her streams are earlier",offensive_language,0.03851071026054059,0.507509453290968,0.4539798364484914
"@sgtjak Cait, CommanderCait and Commander_Cait on Twitch and Twitter.",neither,0.034730984115617085,0.36755653472226796,0.597712481162115
I can't see the sign,neither,0.03873174059713885,0.30603717536046543,0.6552310840423958
"On-screen were Cait and Liz, Vex Cosplayer and GYP Dancer, and Producer and GYP Dancer",neither,0.037005453452424855,0.25458214066724955,0.7084124058803256
Bidet from Australia,neither,0.04062582848913359,0.31047366557575606,0.6489005059351104
Sword guy!,neither,0.03897224588460658,0.3385392778812917,0.6224884762341019
"@danoba thanks.. couldn't remember his actual ""title""",neither,0.055258521143529846,0.3183927712222053,0.6263487076342648
i am going to miss the live show :(,neither,0.054082330190385115,0.27085120508809785,0.6750664647215171
Hey everyone! Hope you've had a great day! =D god to see you all again! Bidet from PA!,neither,0.05717995944410781,0.3832241361298674,0.5595959044260248
Bidet from Georgia,neither,0.04066490145509902,0.30981049537100724,0.6495246031738937
"Brian isn't weaing flannel OR Punisher merch, what a day to be alive",neither,0.04827669287246288,0.3181259664188915,0.6335973407086455
Hi @Ripartist,neither,0.03945320844208391,0.33037608806864915,0.630170703489267
Poor Max :(,neither,0.03945320844208391,0.33037608806864915,0.630170703489267
is it to late to submit questions?,neither,0.06144077108857547,0.31974528281842496,0.6188139460929997
"Ah, thank you, Selina. We were wondering about this. :)",neither,0.05002589335871826,0.3783460837796631,0.5716280228616186
evening hoomans <3,neither,0.03945320844208391,0.33037608806864915,0.630170703489267
Bidet from Georgia,neither,0.04066490145509902,0.30981049537100724,0.6495246031738937
who's max?,neither,0.0401687548053114,0.4035523871359183,0.5562788580587704
bidet from independence KS,neither,0.04228451509352876,0.2823214250720796,0.6753940598343917
Bidet fromArkansas,neither,0.03945320844208391,0.33037608806864915,0.630170703489267
hi @danaclay,neither,0.03945320844208391,0.33037608806864915,0.630170703489267
Noooo! Not Max!,neither,0.038319950518211146,0.33462584716538263,0.6270542023164062
what music is this,neither,0.06053581956958716,0.32244589226693143,0.6170182881634815
,neither,0.03945320844208391,0.33037608806864915,0.630170703489267
Bidet from California!,neither,0.06971251856910227,0.2972619859879888,0.633025495442909
"@Rodcrunker 9am pacific is the cutoff, yes",neither,0.04650524252254617,0.3120786207698329,0.6414161367076209
draw a goatee moustache and glasses,neither,0.03883177542567735,0.2996294117323907,0.6615388128419318
Don't forget to visit Star Trek Online and support Shield of Tomorrow! www.StarTrekOnline.com/ShieldofTomorrow,neither,0.05687602105656693,0.30425729811326435,0.6388666808301687
Max was invited to a Dallas Cowboys game and never seen again,neither,0.03893895421031776,0.3242286568793581,0.6368323889103242
hey leigh :),neither,0.03945320844208391,0.33037608806864915,0.630170703489267
Is there a reward for finding Max?,neither,0.040429946705046,0.28046514903250536,0.6791049042624486
uuugh. im not gonna be able to watch live this week.. it'll be Saturday morning and i do chores then x),neither,0.05228022748326786,0.27909961184124604,0.6686201606754861
good day @danaclay gandsHooman,neither,0.039184892391848775,0.3050917618113163,0.6557233457968349
Draw a mustache on him!,neither,0.03684551733632587,0.3443521018373341,0.6188023808263401
@goldarrak2 producer who photoshopped Travis' face on a Philly Eagles player,neither,0.034994588594465664,0.4257985967788108,0.5392068146267236
inved20,neither,0.03945320844208391,0.33037608806864915,0.630170703489267
Bidet from MS,neither,0.040769555981420263,0.3080342349327864,0.6511962090857933
ty,neither,0.03945320844208391,0.33037608806864915,0.630170703489267
hi post!,neither,0.03945320844208391,0.33037608806864915,0.630170703489267
"""Vacation""",neither,0.03945320844208391,0.33037608806864915,0.630170703489267
LOL thz,neither,0.020706217963973744,0.4882283491876925,0.4910654328483337
"lol ""vacation"" love it",neither,0.028086422410374613,0.4006311489824516,0.5712824286071738
