text,top_class,hate_speech,offensive_language,neither
woot,neither,0.03945320844208391,0.33037608806864915,0.630170703489267
@eric198029 in addition to today's episode I recommend watching the previous six... they are pretty good about explaining game mechanics as they come up,neither,0.04699955114267367,0.3338673135732976,0.6191331352840287
what time does critical roll go on?,neither,0.029967798330546944,0.45239066248047144,0.5176415391889816
"Isn't that 8PM central, @Orphy225 ?",neither,0.036455649422517916,0.36284663788978744,0.6006977126876946
woop woop hey all,neither,0.04285346742239823,0.46255625023407465,0.49459028234352725
Hi everyone,neither,0.032490659208996964,0.4485487193596734,0.5189606214313296
Hype gandsNatTwenty gandsSubHype,neither,0.03945320844208391,0.33037608806864915,0.630170703489267
How are we doing?,neither,0.07587006718983247,0.2739928415678252,0.6501370912423424
wooooha!,neither,0.03945320844208391,0.33037608806864915,0.630170703489267
And we're off!!,neither,0.06646119575208412,0.23915676221503715,0.6943820420328788
hey guys ! ! ! ! !,neither,0.03929207127355727,0.33311100635304525,0.6275969223733975
wtg crew!,neither,0.03945320844208391,0.33037608806864915,0.630170703489267
stefFremen stefFremen gandsClassic gandsSubHype,neither,0.03945320844208391,0.33037608806864915,0.630170703489267
"nooo, a 20 is bad in this system!",neither,0.04272688582261209,0.33046528979642403,0.6268078243809638
:D :D :D,neither,0.03945320844208391,0.33037608806864915,0.630170703489267
JCM! PogChamp,neither,0.03945320844208391,0.33037608806864915,0.630170703489267
Nooooo No 20s @jpsynergy,neither,0.03874216445188565,0.34244436025925656,0.6188134752888579
:o,neither,0.03945320844208391,0.33037608806864915,0.630170703489267
lol,neither,0.020706217963973744,0.4882283491876925,0.4910654328483337
Transport succesful,neither,0.03945320844208391,0.33037608806864915,0.630170703489267
Hey Jason!,neither,0.03945320844208391,0.33037608806864915,0.630170703489267
haHAA,neither,0.03945320844208391,0.33037608806864915,0.630170703489267
Omg! They have such good tech now!,neither,0.03872516890252141,0.33438837224214035,0.6268864588553383
hrpgFail hrpgFail hrpgFail,neither,0.03945320844208391,0.33037608806864915,0.630170703489267
huzzah!,neither,0.03945320844208391,0.33037608806864915,0.630170703489267
JCM hype :D,neither,0.03945320844208391,0.33037608806864915,0.630170703489267
i made it in time yay,neither,0.0369643324318579,0.35001123152687547,0.6130244360412666
JCM! HYPE!,neither,0.03945320844208391,0.33037608806864915,0.630170703489267
I was expecting the ST1 movie transporter accident,neither,0.040421650782623206,0.2872953895350082,0.6722829596823687
Good night! :D,neither,0.027408777718339543,0.3300282295872874,0.6425629926943731
Woo fancy!,neither,0.03945320844208391,0.33037608806864915,0.630170703489267
JASON!!!!!!!!,neither,0.03945320844208391,0.33037608806864915,0.630170703489267
sweet it jason,neither,0.037994881831113415,0.3308776734626073,0.6311274447062792
that was amazing!,neither,0.03448697269778191,0.38556091698872963,0.5799521103134886
<Hailing Frequencies Open>,neither,0.03945320844208391,0.33037608806864915,0.630170703489267
Heya JCM!,neither,0.03945320844208391,0.33037608806864915,0.630170703489267
the link went away before i could finish it,neither,0.036270868864654734,0.3476394525999228,0.6160896785354225
so delightful to see you guys hehe -- although after the live play at least it didnt seem quite so long a separation,neither,0.049526328863231724,0.3893612735052954,0.5611123976314728
Aahh! I was refreshing and missed JCM awesomness!,neither,0.038335784725438186,0.28218711739750213,0.6794770978770596
"welcome Jason you are an amazing talent, sir",neither,0.06795083173978432,0.32521356102295434,0.6068356072372614
Hi gang!,neither,0.03945320844208391,0.33037608806864915,0.630170703489267
RIP to the missing crew who were not so lucky setting up the transporter.,neither,0.04013831874132406,0.3896887274478395,0.5701729538108364
#garthock,neither,0.03945320844208391,0.33037608806864915,0.630170703489267
just like TOS Kreygasm,neither,0.05429137799516933,0.4259550070329759,0.5197536149718549
Huge kudos to Chief for getting that working!,neither,0.03377154017158298,0.3870120179863073,0.5792164418421097
@bitgod I was expecting that scene in Galaxy Quest where that creature was turned inside out,neither,0.031569382261422245,0.2553680092744229,0.7130626084641549
I got my hardcopy in the mail two days ago...,neither,0.029684610653692056,0.4096471959117436,0.5606681934345643
STARFINDER IS TOMORROW GUYS! hrpgSharky hrpgSharky hrpgSharky,neither,0.049926889973606614,0.32916116332030193,0.6209119467060915
@FlavahText Jelly.,neither,0.03945320844208391,0.33037608806864915,0.630170703489267
AmyCon,neither,0.03945320844208391,0.33037608806864915,0.630170703489267
All the Amy's that matter are currently at GenCon,neither,0.05404044500668157,0.3837171286624962,0.5622424263308222
i picture jason as grumpy engineer.,neither,0.03788773303475106,0.35694629129633815,0.6051659756689107
heck yea!,neither,0.03924693984562397,0.33387700446871466,0.6268760556856614
I would go to Amy Con,neither,0.04552860709498616,0.3258958673540678,0.6285755255509462
remind Eric to say the title of the episode...,neither,0.04254016397013745,0.30744226374054745,0.6500175722893151
invasion of the Amy's lol,neither,0.032592225297085185,0.36042695705173805,0.6069808176511768
No doctor tonight?,neither,0.03588352487909967,0.321801448047368,0.6423150270735324
Still waiting for Tal to guest,neither,0.038882402542506606,0.31687148967798684,0.6442461077795066
i'd love some codes...aww no codes,neither,0.03295940776387602,0.3533773397381389,0.613663252497985
gandsFail,neither,0.03945320844208391,0.33037608806864915,0.630170703489267
"she is at Gencon, I think",offensive_language,0.05509292134640595,0.48511952049234713,0.4597875581612468
"Hey all, got up early just to watch. Its 5:40 am here in the UK!",neither,0.06335702974182705,0.39416419421273946,0.5424787760454335
yeah she's at gencon,offensive_language,0.019702814043555623,0.6113605558613097,0.36893663009513467
Still waiting for Wil to guest.,neither,0.03880346917065356,0.3141449757938956,0.647051555035451
Amy D. is at GenCon,neither,0.047877760265862664,0.35421455059494045,0.5979076891391969
"All your Amy are belong to us, Amy, Amy, Amy, all your Amy, Amy, Amy All your Amy are belong to us Kappa",neither,0.08056888105545112,0.33944280079925687,0.579988318145292
Dr. Shi'shirros is at away at a medical conference,neither,0.04401797800650875,0.3430706695065519,0.6129113524869393
I'm so excited for this.,neither,0.03212783406476069,0.34639812932111586,0.6214740366141234
no any :(,neither,0.038015963868975,0.354769879383748,0.6072141567472771
now that will be funny having him there,neither,0.036664359229187454,0.3287177844940657,0.6346178562767467
if anyone wants a low key fleet in star trek timelines rjs sentinals,neither,0.028405614857777883,0.3639273598336967,0.6076670253085255
congrats Eliza!!!,neither,0.03945320844208391,0.33037608806864915,0.630170703489267
https://clips.twitch.tv/BrightPrettyWheelBrainSlug,neither,0.03945320844208391,0.33037608806864915,0.630170703489267
"If Wheaton guest start, I only want him to play Wesley...",neither,0.031272927427957384,0.3618053248944414,0.6069217476776013
Her hair is amazing tonight!,offensive_language,0.03439723882051505,0.4932800091668273,0.47232275201265767
@caviar_liberta read that in perfect meter,neither,0.03622583156212833,0.36537410400132825,0.5984000644365434
Sam's positivity is so dam contagious,neither,0.04463922143618623,0.35774573442542035,0.5976150441383935
"Hah, had a weird thing. Had to reload the channel",neither,0.04304988617320738,0.31758237135473605,0.6393677424720564
i need the discord link,neither,0.03825509613672394,0.31025756735533244,0.6514873365079435
"When and if Wil Wheaton guests, his rolls will somehow destroy the Sally Ride.",neither,0.033658365109464156,0.34587926759047705,0.6204623673000589
lol,neither,0.020706217963973744,0.4882283491876925,0.4910654328483337
bout time they did a star trek show,neither,0.045604170371226674,0.3494260928187247,0.6049697368100486
lol,neither,0.020706217963973744,0.4882283491876925,0.4910654328483337
!whodat,neither,0.03945320844208391,0.33037608806864915,0.630170703489267
"GM Eric Campbell ( twitter.com/16BitEric ), with Hector Navarro ( twitter.com/Hectorisfunny ), Sam de Leve ( twitter.com/ChaiKovsky ), Bonnie Gordon ( twitter.com/BonnieBellG ), and Aliza Pearl ( twitter.com/AlizaPearl ) with special guest Jason Charles Miller ( twitter.com/jasoncmiller ).",neither,0.03883977033606347,0.4578004624607069,0.5033597672032297
lol,neither,0.020706217963973744,0.4882283491876925,0.4910654328483337
@RIPKveld heyo,neither,0.03945320844208391,0.33037608806864915,0.630170703489267
Make it so,neither,0.036954900997372996,0.4128228953284452,0.5502222036741818
Sucks that youtube took down your video @ZEFilms,neither,0.06538935213840855,0.28325323351470116,0.6513574143468902
every time Aliza announces something it makes me wish I lived on the west coast so I could see it,neither,0.0317823310366847,0.38291661966668195,0.5853010492966334
Sam's mood brightens my day,neither,0.029585783438759013,0.3959722603385893,0.5744419562226517
ooo i wish i lived on the west coast!,neither,0.03706941051188265,0.3284864631361428,0.6344441263519746
Wil will roll nat 20s on a game that needs nat 1s,neither,0.03659280420216073,0.32473766846952395,0.6386695273283153
Library Bards!,neither,0.03945320844208391,0.33037608806864915,0.630170703489267
Is this a time travel episode?,neither,0.04515233440450606,0.34573494715470376,0.6091127184407903
Is that Rufus?,neither,0.05154613418987003,0.42924314326430335,0.5192107225458266
a Hawaii con sounds awesome,neither,0.03945320844208391,0.33037608806864915,0.630170703489267
"Gosh I wish I were in Hawaii . . . OH, right, that's permanent.",neither,0.03973585957112504,0.3239955715882404,0.6362685688406344
@CaptainTalon447 Sounds about right lol,neither,0.028661426534745373,0.43962385027798495,0.5317147231872698
bag of holding not so great for breathing though,neither,0.035110810284801945,0.29315325492572764,0.6717359347894704
when is the rebroadcast of sot?,neither,0.03287865637941817,0.38346550138201196,0.5836558422385697
That's the Wheaton curse for you.,neither,0.04260115370749919,0.36848785770867737,0.5889109885838234
lol good luck Eric,neither,0.03208074524300167,0.3799589583437704,0.5879602964132278
"Eric at Burning Man, oh my XD",neither,0.033546277506691605,0.4304094961573794,0.536044226335929
Jason? any word on the next album??? @danoba could you pass that on good sir?,neither,0.04053644994892327,0.3901284160348914,0.5693351340161853
Geek and Sundry does the amazing magic of making me want to live in LA,neither,0.032462274293466216,0.3834925970877143,0.5840451286188195
oh man hes gonna love burning man,neither,0.040567723156228384,0.4302370931662654,0.5291951836775062
I as able to get them the link from my Facebook group page @Bazag I'm in contact with Youtube as we speak via email to get that Sally Ride video sorted out,neither,0.03273709095143208,0.2945942327958304,0.6726686762527374
"So, Holodeck episode that week? ;)",neither,0.03539933070088661,0.4195462827530785,0.5450543865460349
"Burning Man was mentioned, everybody do a shot!",neither,0.04043196896903654,0.3750192604358898,0.5845487705950736
So next week no CR?,neither,0.03802399316760722,0.39154461432570337,0.5704313925066895
"This week's Critical Role , episode #109. is on FRIDAY August 18th, at 6pm Pacific time. wheniscriticalrole.com",neither,0.04065481480545733,0.35550834708323675,0.603836838111306
I was able**,neither,0.03929755412933351,0.3330179479814092,0.6276844978892573
@highvoltage988 You can be the next Steve!,neither,0.05601972321662936,0.37359104899608303,0.5703892277872876
Dick Rider becomes the Captain of the Sally Ride,offensive_language,0.057176773443458916,0.6824808835871832,0.260342342969358
Sax GMing? Prepare for Chew Bubble Gum... in space!,neither,0.03594008739080109,0.3128178215077434,0.6512420911014556
@CaptainTalon447 week after next I think,neither,0.03921285690865936,0.33445548085838167,0.6263316622329591
Oh maaan,neither,0.04535734983354261,0.27438591475104485,0.6802567354154126
Yeahhhhhh!,neither,0.03945320844208391,0.33037608806864915,0.630170703489267
"Hopefully, @ZEFilms",neither,0.03945320844208391,0.33037608806864915,0.630170703489267
"On your mark, get set....",neither,0.06428225997361782,0.34344602898494836,0.5922717110414338
Sax helming SoT will be fun,neither,0.04213643795589638,0.3017424841683178,0.6561210778757859
"@CaptainTalon447 You mentioned Starfinder, is it the official release of the game, GenCon debut or something else?",neither,0.05115283777917199,0.3078552154529113,0.6409919467679168
@Zismarith I could never be as cool as Steve,neither,0.033998292299470656,0.4114490006740914,0.554552707026438
GO!,neither,0.04276165647058889,0.34190019769565555,0.6153381458337556
Sax HYPE,neither,0.03945320844208391,0.33037608806864915,0.630170703489267
i see sax strangling him lol,neither,0.02869480529765793,0.4132703998534893,0.5580347948488529
@ricky_galletti Official,neither,0.03945320844208391,0.33037608806864915,0.630170703489267
LOL,neither,0.020706217963973744,0.4882283491876925,0.4910654328483337
It was fun!!,neither,0.037237402215095756,0.334064229749274,0.6286983680356303
"""I'm excited""",neither,0.03945320844208391,0.33037608806864915,0.630170703489267
lol,neither,0.020706217963973744,0.4882283491876925,0.4910654328483337
so no episode next week or in two weeks?,neither,0.0387154547209965,0.3737967303479331,0.5874878149310704
:D,neither,0.03945320844208391,0.33037608806864915,0.630170703489267
@highvoltage988 You can if you THINK you can!!,offensive_language,0.0740130514918233,0.56132354899913,0.36466339950904675
Don't forget to visit Star Trek Online and support Shield of Tomorrow! www.StarTrekOnline.com/ShieldofTomorrow,neither,0.05687602105656693,0.30425729811326435,0.6388666808301687
yay thanks it was fun,neither,0.03626991187005991,0.3167776222954448,0.6469524658344953
<3,neither,0.03945320844208391,0.33037608806864915,0.630170703489267
Sunday was so much fuuun,neither,0.03504607362729294,0.38428080826549277,0.5806731181072143
"Sam excitment level is not an announcement, rather it's her State of BEING",neither,0.05143285742822146,0.4285839360486188,0.5199832065231598
<3,neither,0.03945320844208391,0.33037608806864915,0.630170703489267
Sunday was great fmgSUP,neither,0.03727955595225892,0.3051594426461469,0.6575610014015942
"Didn't play, but watched them try to figure it out for 3 hours, which was awesome",neither,0.03272588247152351,0.34607896023220236,0.6211951572962741
Eric! Starbase is online and operational!,neither,0.046375303623082675,0.29063767821111974,0.6629870181657976
yeah it was,neither,0.01702827980745501,0.4864087427552499,0.49656297743729505
that was so fun! doing pushups for Commander Rue and dancing with Doctor Shi'shirros made my week,neither,0.02470233616180846,0.3950508876748061,0.5802467761633855
@Gryphon_oFH their*,neither,0.03945320844208391,0.33037608806864915,0.630170703489267
Live from deep space 9,neither,0.04452277224106485,0.3130262012634825,0.6424510264954526
yes yes yes and yes,neither,0.03904023505974164,0.31042394459482453,0.6505358203454339
i'm a badass on star trek online,neither,0.0374821927125702,0.33976598475733577,0.622751822530094
lol Hector,neither,0.020706217963973744,0.4882283491876925,0.4910654328483337
Live from International Space Station,neither,0.043540578043482124,0.31626162076311587,0.6401978011934021
We have a subscriber-only Discord server! Join here: https://discord.gg/geekandsundry (you'll need to sub and link it to your Twitch) and be a part of the fun!...Warning: It can take up to an hour for the server to update and give you access to the channels,neither,0.08464076273808444,0.286394834032893,0.6289644032290227
Hector just wants a paid vacation to Hawaii haha,neither,0.03775295772330092,0.38708439663067434,0.5751626456460248
gandsHecBird,neither,0.03945320844208391,0.33037608806864915,0.630170703489267
"Sam, not the character @Fu4ow :P",neither,0.037353396057636094,0.3194463344457561,0.6432002694966078
I'm trying my best :D,neither,0.024568281416382173,0.43030573371192515,0.5451259848716926
I will donate for a live episode from the I.S.S,neither,0.03916767397667971,0.2648785496567473,0.695953776366573
KDF!!!!,neither,0.03945320844208391,0.33037608806864915,0.630170703489267
wish I could get into STO but I don't have the capability at the moment... annoyed!,neither,0.03513061560410535,0.34242681769521505,0.6224425667006795
INTRO HYPE!,neither,0.03945320844208391,0.33037608806864915,0.630170703489267
I mean who wouldn't @Aztechnology21 :D,neither,0.040265183882651066,0.41231296526923467,0.5474218508481142
@Gryphon_oFH Sam also uses they pronouns,neither,0.03945320844208391,0.33037608806864915,0.630170703489267
i love this intro!!!,neither,0.03628345066429029,0.34642748610713625,0.6172890632285736
@Gryphon_oFH both Sam and Rue use they/them pronouns,neither,0.02310536898078979,0.3661482458872962,0.6107463851319139
come to comiket in japan and do a live show here XD,neither,0.10876485524377551,0.22952590421259264,0.6617092405436318
fair enough,neither,0.03945320844208391,0.33037608806864915,0.630170703489267
@gryphon_ofh sam is their,neither,0.049745998814254094,0.32683592547755563,0.6234180757081903
I used to like Tim Allen but then I found out he's a Trump supporter :/,neither,0.0472577578571565,0.3498011057551568,0.6029411363876866
Ensign Lark Sage rules!!!! She's my FAV!,neither,0.031971115797760886,0.4564887951855745,0.5115400890166646
"Help G&S make great content! $4.99/month gets you emotes, Minecraft server access, Sub Only Q&As, VODs, and more! Every sub keeps the channel alive! twitch.tv/geekandsundry/subscribe",neither,0.043092924924402844,0.32365565443818894,0.6332514206374082
ENGAGE fmgSUP,neither,0.03945320844208391,0.33037608806864915,0.630170703489267
Daw Eric is so cute with his little smile there,neither,0.05473058645594798,0.33876900072533095,0.6065004128187211
Wow! Cool intro,neither,0.03945320844208391,0.33037608806864915,0.630170703489267
"cheer50 Possibly by last bit donation for the forseeable future, not because of any dwindling enthusiasm, I'm just all out! But if the bit mines start producing again, I'll be back. In the meantime, I hope the show lives long and prospers!",neither,0.038652670188774524,0.3022171942569815,0.6591301355542439
Eric's smile is life-affirming,neither,0.04336350753420323,0.38099477397449216,0.5756417184913046
ENT Hee Hee :D,neither,0.03945320844208391,0.33037608806864915,0.630170703489267
