text,top_class,hate_speech,offensive_language,neither
@senpai_shadow_ Bidet from Maine as well!!!,neither,0.03853111044664915,0.34602649753518194,0.615442392018169
my command and r keys are getting tired of this,neither,0.04247689921729595,0.3874763922447356,0.5700467085379685
Maine here too,neither,0.09047149760929549,0.2942284921711071,0.6153000102195973
Subscribe,neither,0.03945320844208391,0.33037608806864915,0.630170703489267
Is it still down for other people,neither,0.07021851189845797,0.3088482775055016,0.6209332105960406
"it's always a live stream, but this one is in front of an audience",neither,0.04239456365985679,0.38449461624994935,0.5731108200901938
ANYONE AT THE THEATRE: please tell us what's happening?,neither,0.06536926820404014,0.32805078621792483,0.6065799455780351
"Got my beer, now they can start",neither,0.028374940283440616,0.44810054172846464,0.5235245179880947
Bidet from Waukesha. This is gonna be a big one!,neither,0.028880302164610027,0.4603105551700343,0.5108091426653557
refresh,neither,0.03945320844208391,0.33037608806864915,0.630170703489267
we live???,neither,0.04675156173251523,0.3319383047908141,0.6213101334766706
this is just for this week because of gen con its not a new day and time,neither,0.034678008059527095,0.26246591166344846,0.7028560802770244
TWITCH UP,neither,0.03652901740313922,0.3899780138970196,0.5734929686998411
it's live!,neither,0.04484927957380506,0.32852013176635725,0.6266305886598378
ITS LIVE,neither,0.03646146549147045,0.3314050856575407,0.6321334488509888
,neither,0.03945320844208391,0.33037608806864915,0.630170703489267
this'll be my first livestream,neither,0.024983978766400808,0.4135089443799146,0.5615070768536847
It's LIT,neither,0.03748292270080534,0.33105375968371464,0.63146331761548
woo,neither,0.03945320844208391,0.33037608806864915,0.630170703489267
Refresh,neither,0.03945320844208391,0.33037608806864915,0.630170703489267
HYPE,neither,0.03945320844208391,0.33037608806864915,0.630170703489267
WOOOO!!!!,neither,0.03945320844208391,0.33037608806864915,0.630170703489267
:DDDD,neither,0.03945320844208391,0.33037608806864915,0.630170703489267
crendorSleeper,neither,0.03945320844208391,0.33037608806864915,0.630170703489267
REFRESH,neither,0.03945320844208391,0.33037608806864915,0.630170703489267
are they only broadcasting on alpha?,neither,0.06206586123222063,0.2977306554677857,0.6402034832999938
You're not missing anything.,neither,0.08109411745720252,0.3516673229589506,0.567238559583847
it's ON,neither,0.029359548185187243,0.36677741506693295,0.6038630367478798
WOOOO,neither,0.03945320844208391,0.33037608806864915,0.630170703489267
Online now,neither,0.03945320844208391,0.33037608806864915,0.630170703489267
gandsGrogSigil gandsMatt gandsGandsVaxSigil gandsSCANLAN gandsGandSKiki,neither,0.03945320844208391,0.33037608806864915,0.630170703489267
WE LIVE,neither,0.04675156173251523,0.3319383047908141,0.6213101334766706
LIVE,neither,0.04891340716200846,0.3271222919257548,0.6239643009122369
WOOOOO,neither,0.03945320844208391,0.33037608806864915,0.630170703489267
YEAH,offensive_language,0.013968601452186464,0.5182923869769311,0.4677390115708824
refresh,neither,0.03945320844208391,0.33037608806864915,0.630170703489267
yesss im ready,neither,0.038594367368423,0.3629725159540979,0.598433116677479
Refresh,neither,0.03945320844208391,0.33037608806864915,0.630170703489267
stream not up yet?,neither,0.03575206414522665,0.38546636357491537,0.5787815722798579
here we go!!!!!,neither,0.13156755280784707,0.2765461283225309,0.5918863188696221
Art reel is live,neither,0.050364617226166745,0.32662315423857885,0.6230122285352544
It's on. Refresh.,neither,0.03493935459237593,0.3456775951428696,0.6193830502647545
woot woot,neither,0.03945320844208391,0.33037608806864915,0.630170703489267
Maine here three,neither,0.08373074090718732,0.2945591288456264,0.6217101302471862
PogChamp,neither,0.03945320844208391,0.33037608806864915,0.630170703489267
let's get it on!,neither,0.015617604768654076,0.41058626351272065,0.5737961317186252
Art is up,neither,0.045991427074099804,0.39187272382964855,0.5621358490962516
gandsCrit gandsCrit gandsCrit gandsCrit gandsCrit,neither,0.03945320844208391,0.33037608806864915,0.630170703489267
It's up,neither,0.03047729369400715,0.4651098659401513,0.5044128403658414
live Kreygasm,neither,0.04891340716200846,0.3271222919257548,0.6239643009122369
Art is up!,neither,0.045991427074099804,0.39187272382964855,0.5621358490962516
where are you supposed to watch it,neither,0.119025000098223,0.2851463179265799,0.5958286819751971
Wooooo! PogChamp,neither,0.03945320844208391,0.33037608806864915,0.630170703489267
Wioooooo!!!!,neither,0.03945320844208391,0.33037608806864915,0.630170703489267
tick tock tick tock,neither,0.03945320844208391,0.33037608806864915,0.630170703489267
here we go :D,neither,0.13156755280784707,0.2765461283225309,0.5918863188696221
Here we go!!!,neither,0.13156755280784707,0.2765461283225309,0.5918863188696221
live,neither,0.04891340716200846,0.3271222919257548,0.6239643009122369
appears to be down for all of us,neither,0.0747404786461095,0.35183923156919017,0.5734202897847003
swwetness!,neither,0.03945320844208391,0.33037608806864915,0.630170703489267
refresh,neither,0.03945320844208391,0.33037608806864915,0.630170703489267
\ FeelsGoodMan /,neither,0.03945320844208391,0.33037608806864915,0.630170703489267
refresh,neither,0.03945320844208391,0.33037608806864915,0.630170703489267
,neither,0.03945320844208391,0.33037608806864915,0.630170703489267
REFRESH FOR FAN ART,neither,0.034771637128892204,0.3069844656162302,0.6582438972548776
ayyyyyyy booooi,neither,0.03945320844208391,0.33037608806864915,0.630170703489267
Ehhhhhhhhhh,neither,0.03945320844208391,0.33037608806864915,0.630170703489267
stream is up on Alpha,neither,0.04116260583453806,0.38364122271834833,0.5751961714471135
ART,neither,0.03945320844208391,0.33037608806864915,0.630170703489267
We are on OhMyDog,neither,0.08650426600125942,0.27513970232437945,0.6383560316743611
REFRESH,neither,0.03945320844208391,0.33037608806864915,0.630170703489267
pics up,neither,0.03549184033625395,0.4132922973177118,0.5512158623460343
LIVE,neither,0.04891340716200846,0.3271222919257548,0.6239643009122369
hey waukesha! chilton!,neither,0.03945320844208391,0.33037608806864915,0.630170703489267
"H,kccnnafi",neither,0.03945320844208391,0.33037608806864915,0.630170703489267
i thought the crit role for this week was on friday?,neither,0.03465616025040295,0.24059039119444658,0.7247534485551504
yaaaaaas,neither,0.03945320844208391,0.33037608806864915,0.630170703489267
did it just start?,neither,0.032280300364216544,0.3576880729513608,0.6100316266844227
,neither,0.03945320844208391,0.33037608806864915,0.630170703489267
bidet from Vegas,neither,0.040853311764050625,0.30661268071637476,0.6525340075195746
ARTWORK! HYPE HYPE HYPE. Î¦wÎ¦,neither,0.03945320844208391,0.33037608806864915,0.630170703489267
wooooo!,neither,0.03945320844208391,0.33037608806864915,0.630170703489267
"Wow, are these images being drawn live? That must be hard on the artist's wrists.",offensive_language,0.045536278287024216,0.5028426017137624,0.4516211199992134
Bidet from SC,neither,0.040737273169946825,0.30858215849491494,0.6506805683351382
gandsSubHype gandsSubHype gandsSubHype gandsSubHype gandsSubHype,neither,0.03945320844208391,0.33037608806864915,0.630170703489267
F5 F5 F5 F5 F5 F5 F5 F5 F5 F5 F5 F5,neither,0.03945320844208391,0.33037608806864915,0.630170703489267
,neither,0.03945320844208391,0.33037608806864915,0.630170703489267
Art is up! Refresh!,neither,0.043906135791190806,0.372982888581566,0.5831109756272432
finally!,neither,0.03945320844208391,0.33037608806864915,0.630170703489267
refreshhhhhh,neither,0.03945320844208391,0.33037608806864915,0.630170703489267
PogChamp,neither,0.03945320844208391,0.33037608806864915,0.630170703489267
HYYYYYYYYYYYYPE,neither,0.03945320844208391,0.33037608806864915,0.630170703489267
REFRESH,neither,0.03945320844208391,0.33037608806864915,0.630170703489267
,neither,0.03945320844208391,0.33037608806864915,0.630170703489267
Wooo!,neither,0.03945320844208391,0.33037608806864915,0.630170703489267
Hello from Serbia. :D,neither,0.040875471929787875,0.3062365648703896,0.6528879631998226
Yay,neither,0.03945320844208391,0.33037608806864915,0.630170703489267
we live,neither,0.04675156173251523,0.3319383047908141,0.6213101334766706
"Whoot! Here we go, refresh people!",neither,0.12964095468219106,0.29275044268390776,0.5776086026339012
stream offline.. does it auto update??,neither,0.0285980969058214,0.4239756317341243,0.5474262713600544
OMIGOD,neither,0.03945320844208391,0.33037608806864915,0.630170703489267
art is up,neither,0.045991427074099804,0.39187272382964855,0.5621358490962516
bidet,neither,0.03945320844208391,0.33037608806864915,0.630170703489267
"Bidet from Scotland! Get their butts on their seats, tell them to shush and lets dive in",neither,0.04734431460984431,0.31346695917043427,0.6391887262197214
weeeeewt,neither,0.03945320844208391,0.33037608806864915,0.630170703489267
bidet from the OK!,neither,0.0395817642342062,0.28176558341017327,0.6786526523556206
hype!!!,neither,0.03945320844208391,0.33037608806864915,0.630170703489267
REFRESH,neither,0.03945320844208391,0.33037608806864915,0.630170703489267
Bidet from the Netherlands,neither,0.0395975487247086,0.2929303761973238,0.6674720750779677
Apparently it's live on alpha already??,neither,0.03863586930711787,0.3542998299299188,0.6070643007629634
YASS,neither,0.03945320844208391,0.33037608806864915,0.630170703489267
Hype!,neither,0.03945320844208391,0.33037608806864915,0.630170703489267
REFRESH,neither,0.03945320844208391,0.33037608806864915,0.630170703489267
Yessss,neither,0.03945320844208391,0.33037608806864915,0.630170703489267
Hooray!,neither,0.03945320844208391,0.33037608806864915,0.630170703489267
oooooooooooooo ya,offensive_language,0.017331157930923866,0.7872544665869478,0.19541437548212848
HAI DOMO,neither,0.03945320844208391,0.33037608806864915,0.630170703489267
REFRESH,neither,0.03945320844208391,0.33037608806864915,0.630170703489267
gandsSubHype gandsSubHype,neither,0.03945320844208391,0.33037608806864915,0.630170703489267
artwork!!!!,neither,0.03945320844208391,0.33037608806864915,0.630170703489267
wooooooooo,neither,0.03945320844208391,0.33037608806864915,0.630170703489267
WE LIVE!,neither,0.04675156173251523,0.3319383047908141,0.6213101334766706
for a moment i was worried it was alpha only or something,neither,0.03457736112538522,0.3137254140568718,0.651697224817743
Yeah!,offensive_language,0.013968601452186464,0.5182923869769311,0.4677390115708824
art is up,neither,0.045991427074099804,0.39187272382964855,0.5621358490962516
YAAAAAAAAAAAAAS,neither,0.03945320844208391,0.33037608806864915,0.630170703489267
FeelsGoodMan FeelsGoodMan FeelsGoodMan FeelsGoodMan FeelsGoodMan,neither,0.03945320844208391,0.33037608806864915,0.630170703489267
whoot whoot!,neither,0.03945320844208391,0.33037608806864915,0.630170703489267
wHOO,neither,0.03945320844208391,0.33037608806864915,0.630170703489267
yay,neither,0.03945320844208391,0.33037608806864915,0.630170703489267
ART HYPE!,neither,0.03945320844208391,0.33037608806864915,0.630170703489267
Bidet and huzzah!!!!,neither,0.03763944115734239,0.1918412352459551,0.7705193235967025
LIVEEEEE,neither,0.03945320844208391,0.33037608806864915,0.630170703489267
YEET YEET,neither,0.03945320844208391,0.33037608806864915,0.630170703489267
no sound?,neither,0.03817021587683215,0.3521518202447505,0.6096779638784173
Longest 3 minutes of my life,neither,0.0276599602814535,0.44797417333060013,0.5243658663879462
Bidet,neither,0.03945320844208391,0.33037608806864915,0.630170703489267
HERE WE GO BOYS,neither,0.1027770141199493,0.2909222680250213,0.6063007178550294
seems so quiet,neither,0.039411015321655925,0.37623378086336245,0.5843552038149816
woot woot,neither,0.03945320844208391,0.33037608806864915,0.630170703489267
"woot its up.... bidet from miami, fl",neither,0.03437020595109521,0.3548022641297509,0.6108275299191539
YAAAAAAA,neither,0.03945320844208391,0.33037608806864915,0.630170703489267
gandsSubHype gandsSubHype gandsCrit gandsCrit,neither,0.03945320844208391,0.33037608806864915,0.630170703489267
gandsSCANLAN,neither,0.03945320844208391,0.33037608806864915,0.630170703489267
woot!,neither,0.03945320844208391,0.33037608806864915,0.630170703489267
Bidet,neither,0.03945320844208391,0.33037608806864915,0.630170703489267
what time is it starting,neither,0.05233768159558191,0.3444928170393266,0.6031695013650914
Texas here!! first time getting to watch live. finally caught up!!!,neither,0.06637454912759018,0.3898238285639269,0.543801622308483
YEEEEAAAAHHH,neither,0.03945320844208391,0.33037608806864915,0.630170703489267
woooooooooo,neither,0.03945320844208391,0.33037608806864915,0.630170703489267
BIDET FROM MAINE,neither,0.04069404815304118,0.30931579984010865,0.6499901520068502
Yasss,neither,0.03945320844208391,0.33037608806864915,0.630170703489267
not live...,neither,0.04477699219392431,0.33587163227049843,0.6193513755355773
yeah,offensive_language,0.013968601452186464,0.5182923869769311,0.4677390115708824
woot,neither,0.03945320844208391,0.33037608806864915,0.630170703489267
wooo art,neither,0.03945320844208391,0.33037608806864915,0.630170703489267
YESSSSSSSSSSSSSSSss,neither,0.03945320844208391,0.33037608806864915,0.630170703489267
bidet people!!!!,neither,0.14951785572896326,0.3104819409446625,0.5400002033263742
is the live stream on G&S's channel ? i cant see it,neither,0.04436407132409864,0.3258267122469755,0.6298092164289257
we live,neither,0.04675156173251523,0.3319383047908141,0.6213101334766706
REFRESH!,neither,0.03945320844208391,0.33037608806864915,0.630170703489267
Thanks crew!,neither,0.03704741878065195,0.31023031517855193,0.6527222660407961
CR!!!!!!!!!!,neither,0.03945320844208391,0.33037608806864915,0.630170703489267
Bidet from Michigan!,neither,0.040769555981420263,0.3080342349327864,0.6511962090857933
Can a mod please just tell me if the channel is offline for everyone. I don't wanna miss anything and it's offline for me.,neither,0.01662095906686611,0.39921123673414666,0.5841678041989873
Refresh!,neither,0.03945320844208391,0.33037608806864915,0.630170703489267
@GaeaCa congrats on the 2 yr mod anniversary gandsLessthanthree,neither,0.03661249715351467,0.32815597553791304,0.6352315273085724
sweet,neither,0.03945320844208391,0.33037608806864915,0.630170703489267
Heyyy,neither,0.03945320844208391,0.33037608806864915,0.630170703489267
woot woot,neither,0.03945320844208391,0.33037608806864915,0.630170703489267
,neither,0.03945320844208391,0.33037608806864915,0.630170703489267
This is going to be crazy,neither,0.041054977989629385,0.4702320493453445,0.4887129726650261
Bidet from North Carolina,neither,0.04040057148408362,0.31429686482539193,0.6453025636905245
bidet all!!,offensive_language,0.046917543854519406,0.6277741405869331,0.3253083155585475
yay,neither,0.03945320844208391,0.33037608806864915,0.630170703489267
bidet from reyakvik,neither,0.04228451509352876,0.2823214250720796,0.6753940598343917
"Bidet from Toronto, Canada!",neither,0.040371808140217125,0.31478505383715205,0.6448431380226308
BIDET!,neither,0.03945320844208391,0.33037608806864915,0.630170703489267
Ya'll ready for this?,offensive_language,0.020473018144207513,0.5428613635682566,0.43666561828753575
bidet from the UK,neither,0.039613273355342184,0.2892653269430044,0.6711213997016535
game on!!,neither,0.03352651174515338,0.2809944789225395,0.6854790093323072
WE GOT ART!!!,neither,0.037779647821856145,0.3870751745003581,0.5751451776777857
LEZ GO BOIZ,neither,0.04076545527285137,0.334931166163354,0.6243033785637945
Artwork is up~ Hype time~,neither,0.04388437689542221,0.40785987416028735,0.5482557489442904
thanks @Luap82517,neither,0.035884468650613,0.3004919205142699,0.6636236108351171
hype\,neither,0.03945320844208391,0.33037608806864915,0.630170703489267
Yyyyaaaayyyyyy!!!!!,neither,0.03945320844208391,0.33037608806864915,0.630170703489267
yisss,neither,0.03945320844208391,0.33037608806864915,0.630170703489267
Bidet from Chicago!,neither,0.04078317879478948,0.307803020237201,0.6514138009680096
"@danoba you survived the drive back, or the power walk back",neither,0.042446568934397154,0.40905773545630286,0.5484956956093001
Bidet from North Korea,neither,0.04079557052152802,0.30759270029461827,0.6516117291838538
HYPE!,neither,0.03945320844208391,0.33037608806864915,0.630170703489267
"BIDET FROM AUSTRALIA, MATE!",neither,0.04037735807595538,0.31469085694349574,0.6449317849805489
maluF5 maluF5 maluF5,neither,0.03945320844208391,0.33037608806864915,0.630170703489267
Finally! ClappyHype,neither,0.03945320844208391,0.33037608806864915,0.630170703489267
It's Tiem,neither,0.034373745257138544,0.33212314837979673,0.6335031063630647
i seriously wouldn't mind watching setup/people being seated. too hype!,neither,0.05185866325298502,0.3483967674783314,0.5997445692686836
yass,neither,0.03945320844208391,0.33037608806864915,0.630170703489267
I'm so excited! and I just can't role a high steath check!,neither,0.033351885051835006,0.4032158688971674,0.5634322460509976
yay art,neither,0.03945320844208391,0.33037608806864915,0.630170703489267
"u dont need to sub, just refresh",neither,0.04063183135448314,0.3426733582685428,0.616694810376974
REFRESH!,neither,0.03945320844208391,0.33037608806864915,0.630170703489267
WE LIVE,neither,0.04675156173251523,0.3319383047908141,0.6213101334766706
"yay, stream's up",neither,0.03708318951937921,0.3779971941214568,0.5849196163591639
WOOOOO,neither,0.03945320844208391,0.33037608806864915,0.630170703489267
nothing on ps4,neither,0.033984185112098324,0.3893323325839225,0.5766834823039793
pls don't fight vecna...,neither,0.03945320844208391,0.33037608806864915,0.630170703489267
a stream exists!!!,neither,0.03945320844208391,0.33037608806864915,0.630170703489267
Bidet!,neither,0.03945320844208391,0.33037608806864915,0.630170703489267
biday,neither,0.03945320844208391,0.33037608806864915,0.630170703489267
REFRESH IF YOU'RE NOT SEEING IT,neither,0.045263864295574205,0.3972353825013895,0.5575007532030363
Bidet from NC,neither,0.04066490145509902,0.30981049537100724,0.6495246031738937
when does it start?,offensive_language,0.016657143906209267,0.5095962980709364,0.4737465580228543
"Watching in Seaside, NJ!",neither,0.03945320844208391,0.33037608806864915,0.630170703489267
bIDET FROM tORONTO!,neither,0.04066490145509902,0.30981049537100724,0.6495246031738937
hey critters <3 <3,neither,0.03945320844208391,0.33037608806864915,0.630170703489267
bidet from minnesota!!!,neither,0.04071751644889743,0.3089174816120565,0.6503650019390461
AAART!,neither,0.03945320844208391,0.33037608806864915,0.630170703489267
"Checking in from Toronto, Canada",neither,0.04021415873422413,0.31746077568901726,0.6423250655767586
ARE YOU READY,neither,0.14196501922155708,0.32214780876379107,0.5358871720146519
refresh,neither,0.03945320844208391,0.33037608806864915,0.630170703489267
@GaeaCa thanks for everything dear!!!,neither,0.03246396911951921,0.2901166943781525,0.6774193365023283
Bidet!!!! Art!!!!,neither,0.03945320844208391,0.33037608806864915,0.630170703489267
YES! Bidet all!,neither,0.042905209400095394,0.4644893902169385,0.49260540038296613
Bidet from Edmonton of Canukia.,neither,0.041767598695790324,0.291094845385999,0.6671375559182107
the art is up program to follow... Hopefully.,neither,0.047328555902618044,0.34940430247077225,0.6032671416266097
bidet!,neither,0.03945320844208391,0.33037608806864915,0.630170703489267
Yeah it's crashing on ps4 for me,neither,0.019201233692501166,0.4210114661351936,0.5597873001723054
bidet from romania!,neither,0.04228451509352876,0.2823214250720796,0.6753940598343917
Happy Saturday my fellow Aussie critters,neither,0.029465143463171216,0.4070821192941291,0.5634527372426996
PogChamp,neither,0.03945320844208391,0.33037608806864915,0.630170703489267
grog has nice teeth,neither,0.039893707260394894,0.32289967351160387,0.6372066192280013
,neither,0.03945320844208391,0.33037608806864915,0.630170703489267
Bidet!,neither,0.03945320844208391,0.33037608806864915,0.630170703489267
bidet from Vancouver fellow critters!,neither,0.040769555981420263,0.3080342349327864,0.6511962090857933
Bidet internet people!,neither,0.08552055763965599,0.3246407934328519,0.5898386489274922
bidet,neither,0.03945320844208391,0.33037608806864915,0.630170703489267
Bidet from the lovely state of Washington!,neither,0.06449685205413112,0.22347680944600415,0.7120263384998646
Let's do it!,neither,0.018317745205705904,0.38103375345781354,0.6006485013364806
hrpgHeyo everyone,offensive_language,0.02988896790634741,0.4927062106388782,0.4774048214547744
Live show fomo :<,neither,0.07345740116200915,0.2193923237613238,0.7071502750766671
Bbidet,neither,0.03945320844208391,0.33037608806864915,0.630170703489267
same here had to close n reopen twich,neither,0.10562679659965898,0.29172146195832427,0.6026517414420168
"@MRny2CALI Lyft, haha.",neither,0.03186685585600258,0.45913629025701075,0.5089968538869867
"Something's wrong, usually the music nearly blows out my speakers during this part",neither,0.03120911178402281,0.3735833302597286,0.5952075579562486
is there a hard stop for when they have to be done with this session?,offensive_language,0.02567163770113072,0.5188489489364905,0.45547941336237885
"Bidet from Florence, Alabama",neither,0.04037735807595538,0.31469085694349574,0.6449317849805489
Bidet from Massachusetts!,neither,0.04069404815304118,0.30931579984010865,0.6499901520068502
Where the ps4 stream at,neither,0.03958087237658328,0.31056070393330987,0.6498584236901069
refresh!!,neither,0.03945320844208391,0.33037608806864915,0.630170703489267
bidet from Michigan!,neither,0.040769555981420263,0.3080342349327864,0.6511962090857933
just in time! bidet critters,neither,0.030301954458447782,0.39891765189907363,0.5707803936424786
bidet from vancouver bc,neither,0.041095261662497835,0.30250615950080734,0.6563985788366947
"Bidet from Houston, Texas everyone!",neither,0.034919688652567345,0.4073217504405869,0.5577585609068457
This music is so damn soothing...which is hilarious given where things are in the series right now,offensive_language,0.06891922902141984,0.5659705502879883,0.3651102206905921
bidet,neither,0.03945320844208391,0.33037608806864915,0.630170703489267
A STREAM IS EARNED!,neither,0.04690607540476405,0.3278127053644783,0.6252812192307576
refresh. it's up,neither,0.03521391832526667,0.38794051302947463,0.5768455686452587
Bidet for australia,neither,0.03296554473014691,0.29799019813725613,0.669044257132597
it just went out on chrome cast.,neither,0.03073959739057097,0.3668405148949904,0.6024198877144387
bidet,neither,0.03945320844208391,0.33037608806864915,0.630170703489267
Hey all,neither,0.04285346742239823,0.46255625023407465,0.49459028234352725
Thanks for hangin during our hang stream,neither,0.03455818784665031,0.30192215723007204,0.6635196549232778
I'M NOT READY!!,neither,0.03741288854270606,0.3380962759290845,0.6244908355282094
Bidet from Iowa,neither,0.04069404815304118,0.30931579984010865,0.6499901520068502
Bidet from Orlando!,neither,0.04062582848913359,0.31047366557575606,0.6489005059351104
"I'm seeing artwork, has it started?",neither,0.03839408966231154,0.3238180595650641,0.6377878507726245
refresh,neither,0.03945320844208391,0.33037608806864915,0.630170703489267
yeah!!!!,offensive_language,0.013968601452186464,0.5182923869769311,0.4677390115708824
ok so i finally resubbed to realize my icon reset.,neither,0.034142161522551555,0.439013353062564,0.5268444854148845
This music gets me going every time!,neither,0.030912771653954955,0.40525390138107187,0.5638333269649732
@annavoigm <3,neither,0.03945320844208391,0.33037608806864915,0.630170703489267
Bidet from Seattle WA!!,neither,0.04040912852695437,0.3141516294757728,0.6454392419972729
bidet!,neither,0.03945320844208391,0.33037608806864915,0.630170703489267
Yayayayaya,neither,0.03945320844208391,0.33037608806864915,0.630170703489267
OH IO,neither,0.04522550427656808,0.27558419280407476,0.6791903029193572
Bidet from Australia,neither,0.04062582848913359,0.31047366557575606,0.6489005059351104
Meep meep from austin,neither,0.04086843745212,0.30635595831493706,0.6527756042329429
bidet live,neither,0.04891340716200846,0.3271222919257548,0.6239643009122369
Bidet from the uk,neither,0.039613273355342184,0.2892653269430044,0.6711213997016535
Woot!!!,neither,0.03945320844208391,0.33037608806864915,0.630170703489267
Bidet from Michigan!,neither,0.040769555981420263,0.3080342349327864,0.6511962090857933
"Beep beep, everybody!",neither,0.03945320844208391,0.33037608806864915,0.630170703489267
bidet!,neither,0.03945320844208391,0.33037608806864915,0.630170703489267
"Can't wait to see the live audience screaming ""Hunter's Mark"" and ""Enlarge damage"" at the cast. /s",neither,0.04297604648474651,0.30513471452770524,0.6518892389875481
Refresh guys!,neither,0.039333895611238866,0.33240113818976524,0.628264966198996
beep beep from vancouver washington,neither,0.04080695066346891,0.3073995495860776,0.6517934997504536
Bidet,neither,0.03945320844208391,0.33037608806864915,0.630170703489267
"@GaeaCa Mmmhmm, look at that nice looking art.",neither,0.036949413219860935,0.38546787205269967,0.5775827147274393
whew! didn't miss the start,neither,0.019268687662090892,0.3610230110845094,0.6197083012533996
feelsdrewman1 -> No! Come on! No! [stop spamming emotes] [warning],neither,0.0343617778228749,0.44852370742218445,0.5171145147549407
non sub can chat bless,neither,0.0396526227499964,0.32699150683350153,0.633355870416502
here we go,neither,0.13156755280784707,0.2765461283225309,0.5918863188696221
Bidet from Atlanta!,neither,0.04078317879478948,0.307803020237201,0.6514138009680096
bidet from the early hours of a uk morning ;),neither,0.04640849469412797,0.18384571174933773,0.7697457935565343
Bidet from Pennsylvania!!,neither,0.04069404815304118,0.30931579984010865,0.6499901520068502
Bidet,neither,0.03945320844208391,0.33037608806864915,0.630170703489267
Bidet from Ohio,neither,0.040754399270683486,0.3082914838698526,0.650954116859464
bidet from kentucky!,neither,0.04071751644889743,0.3089174816120565,0.6503650019390461
gandsSCANLAN gandsSCANLAN gandsSCANLAN,neither,0.03945320844208391,0.33037608806864915,0.630170703489267
Bidet from Maryland!!,neither,0.04066490145509902,0.30981049537100724,0.6495246031738937
bidet from Montreal~~,neither,0.04062582848913359,0.31047366557575606,0.6489005059351104
Eyyy!!!,neither,0.03945320844208391,0.33037608806864915,0.630170703489267
bidet from lapeer mi.,neither,0.04081748366884477,0.3072207769958956,0.6519617393352596
beday,neither,0.03945320844208391,0.33037608806864915,0.630170703489267
what did I miss?,neither,0.03686804772469507,0.32860615125000875,0.6345258010252961
So many Vancouverites!,neither,0.039413129245513115,0.4120595004619746,0.5485273702925123
AGHHHHHH,neither,0.03945320844208391,0.33037608806864915,0.630170703489267
Bidet from Crit Role Live!!,neither,0.04554375186552332,0.30972300687497,0.6447332412595068
Bidet all!,offensive_language,0.046917543854519406,0.6277741405869331,0.3253083155585475
pillars music?,neither,0.03945320844208391,0.33037608806864915,0.630170703489267
Bidet from Wisconsin!,neither,0.04071751644889743,0.3089174816120565,0.6503650019390461
i want an mp3 file of this song/music,neither,0.03946683212655647,0.33014485858816667,0.630388309285277
EVRYONE REFRESH YOUR PAGE,neither,0.06857041110548205,0.32229138137405233,0.6091382075204657
123,neither,0.03945320844208391,0.33037608806864915,0.630170703489267
Yo,offensive_language,0.04010381111145228,0.5271105317972344,0.4327856570913131
there we go... jeez,neither,0.04083933629015207,0.27628362646603744,0.6828770372438104
"to all the artists out there you are amazing, and I wish I had that kind of skill.",neither,0.06250591578112363,0.3385901595717877,0.5989039246470886
"bidet Deon gencon,!!",neither,0.03945320844208391,0.33037608806864915,0.630170703489267
Bidet (I hope?) from what looks like a very rickety link in NE England!,neither,0.07069853047988477,0.26327980765636677,0.6660216618637483
did i miss anything :O,neither,0.03184965714655773,0.3329912980246066,0.6351590448288357
Bidet from California!,neither,0.06971251856910227,0.2972619859879888,0.633025495442909
Bidet from Illinois!!,neither,0.04069404815304118,0.30931579984010865,0.6499901520068502
good bye chat enjoy the show,neither,0.04997761088418451,0.2575904083645456,0.6924319807512699
Bidet from Critical Role Live!,neither,0.04422448953466872,0.3140026975236675,0.6417728129416638
How many are in audience?,neither,0.06508574945277276,0.2858114056829649,0.6491028448642622
@Chix_with_Joystix That was the best.,neither,0.031815514758988625,0.36044952872140257,0.6077349565196088
So excited for this,neither,0.03212783406476069,0.34639812932111586,0.6214740366141234
@IamtheNeverman Bidet from Iowa bud!,neither,0.04043495871604492,0.3137132237554846,0.6458518175284705
i'm so excited!,neither,0.03940839469474773,0.3948270312238364,0.565764574081416
i refreshed no change,neither,0.038153316208820565,0.35243865171552613,0.6094080320756533
I hope we get some good fighting in quick! I wanna see some stuff go down,neither,0.04629632913545961,0.28786368264470913,0.6658399882198313
heeeeey dattoA dattoA dattoA dattoA dattoA,neither,0.03945320844208391,0.33037608806864915,0.630170703489267
finally,neither,0.03945320844208391,0.33037608806864915,0.630170703489267
bidet to the awesome critter at gencon that gave me a critter ribbon for my badge,neither,0.026069428654742304,0.4093030106054944,0.5646275607397633
"Bidet from Charlotte, NC!",neither,0.040371808140217125,0.31478505383715205,0.6448431380226308
"twitch is up on pc, but my ps4 is showing a stream timetable",neither,0.03615116878345765,0.41275515188021855,0.5510936793363238
Bidet fom texas!!!,neither,0.03945320844208391,0.33037608806864915,0.630170703489267
alpha is up yay,neither,0.04411639110203339,0.3749192732547038,0.5809643356432628
Bidet,neither,0.03945320844208391,0.33037608806864915,0.630170703489267
"See, all those fools at the live show are missing the art. HA!",neither,0.08794967110679003,0.249406429262866,0.6626438996303439
lit,neither,0.03945320844208391,0.33037608806864915,0.630170703489267
bidet,neither,0.03945320844208391,0.33037608806864915,0.630170703489267
Greetings,neither,0.03945320844208391,0.33037608806864915,0.630170703489267
Bidet from Grand Rapids MI,neither,0.04049294468390485,0.3127290505495843,0.6467780047665108
ayyoooooooo,neither,0.03945320844208391,0.33037608806864915,0.630170703489267
I'm still getting nothing on my Amazon Fire.,offensive_language,0.02291874219395144,0.5091725098196273,0.46790874798642135
bidet from Virginia!,neither,0.04079557052152802,0.30759270029461827,0.6516117291838538
Bidet from Wisconsin!,neither,0.04071751644889743,0.3089174816120565,0.6503650019390461
Old man Percy !,neither,0.03957906085947985,0.39206917756718324,0.568351761573337
Beep beep from Fresyes!,neither,0.04228451509352876,0.2823214250720796,0.6753940598343917
woohoo,neither,0.03945320844208391,0.33037608806864915,0.630170703489267
Beep beep and Bidet from Portland!!!!,neither,0.039665017157423446,0.26811748049299106,0.6922175023495856
BIDET,neither,0.03945320844208391,0.33037608806864915,0.630170703489267
bidet,neither,0.03945320844208391,0.33037608806864915,0.630170703489267
"this isn't late, this is advanced late.",neither,0.04419720383412822,0.33064035110271833,0.6251624450631534
I'm so excited! Bidet!!!!!,neither,0.03940839469474773,0.3948270312238364,0.565764574081416
bidet everyone! much love to you all gandsLessthanthree,offensive_language,0.05109312371420916,0.5913862335477877,0.35752064273800316
Bidet!,neither,0.03945320844208391,0.33037608806864915,0.630170703489267
here we go,neither,0.13156755280784707,0.2765461283225309,0.5918863188696221
Bidet from New York,neither,0.044690599332616286,0.20708884905532376,0.7482205516120599
Bidet,neither,0.03945320844208391,0.33037608806864915,0.630170703489267
It's lit in the pit,neither,0.03728203946472182,0.31543794944877024,0.6472800110865079
They're lucky I love this show. because they're always late.,neither,0.07397343677523602,0.28808681053107593,0.637939752693688
Good day Critters!,neither,0.039184892391848775,0.3050917618113163,0.6557233457968349
BIDET FELLOW ADVENTURERS!,neither,0.03945320844208391,0.33037608806864915,0.630170703489267
Yay! I can see it now! :D,neither,0.03829344979236115,0.32614997062962003,0.6355565795780188
bidet from kcmo,neither,0.04228451509352876,0.2823214250720796,0.6753940598343917
trying to subscribe but my link won't work,neither,0.03218579866078188,0.4052164991517032,0.5625977021875148
"I need 50 CC""S of DnD! STAT!!",neither,0.03933692128768784,0.32940231440919115,0.6312607643031211
Bidet all you lovely Critters! gandsSCANLAN With <3 from Toronto feliciaToronto,neither,0.04425862952833914,0.4560949677483197,0.49964640272334115
bidet critters,neither,0.03945320844208391,0.33037608806864915,0.630170703489267
bidet o/,neither,0.03945320844208391,0.33037608806864915,0.630170703489267
Ayo,neither,0.03945320844208391,0.33037608806864915,0.630170703489267
Bidet from Minnesota!,neither,0.04071751644889743,0.3089174816120565,0.6503650019390461
IT'S HAPPENING!!!! gandsSubHype gandsNatTwenty gandsTrinketArmor gandsCrit gandsSCANLAN gandsGandsVaxSigil gandsGrogSigil,neither,0.037828236809968684,0.3309349903269868,0.6312367728630445
I hope the live Gencon stream performs better than last year,neither,0.06833784231748284,0.24080874598622126,0.6908534116962959
hello from Portugal !!,neither,0.04040683511112239,0.31419055472777996,0.6454026101610977
feralYes feralYes,neither,0.03945320844208391,0.33037608806864915,0.630170703489267
Bidet from Florida!!!!,neither,0.0408948396164547,0.30590784468201904,0.6531973157015263
Bidet from New Zealand!,neither,0.046710622032705686,0.1542697019613409,0.7990196760059534
bidet from Denver!,neither,0.04069404815304118,0.30931579984010865,0.6499901520068502
bidet from Maryland,neither,0.04066490145509902,0.30981049537100724,0.6495246031738937
gandsSubHype,neither,0.03945320844208391,0.33037608806864915,0.630170703489267
bidet from El paso,neither,0.04080695066346891,0.3073995495860776,0.6517934997504536
gandsSCANLAN gandsSCANLAN gandsSCANLAN,neither,0.03945320844208391,0.33037608806864915,0.630170703489267
Bidet from Florida!!!,neither,0.0408948396164547,0.30590784468201904,0.6531973157015263
bidet,neither,0.03945320844208391,0.33037608806864915,0.630170703489267
Bidet!!,neither,0.03945320844208391,0.33037608806864915,0.630170703489267
BIDET IOWA!!,neither,0.03945320844208391,0.33037608806864915,0.630170703489267
Bidet!,neither,0.03945320844208391,0.33037608806864915,0.630170703489267
where is GenCon located??,neither,0.06245822111259904,0.2612427577458543,0.6762990211415466
bidet critters,neither,0.03945320844208391,0.33037608806864915,0.630170703489267
bidet from jersey,neither,0.0408364874901429,0.30689823255244486,0.6522652799574122
Yay!!!,neither,0.03945320844208391,0.33037608806864915,0.630170703489267
,neither,0.03945320844208391,0.33037608806864915,0.630170703489267
So ready!,neither,0.03940999150142386,0.4037259204934871,0.556864088005089
bidet from Vancouver!,neither,0.04228451509352876,0.2823214250720796,0.6753940598343917
Bidet from GenCon!!!!,neither,0.04228451509352876,0.2823214250720796,0.6753940598343917
Bidet from Boston,neither,0.040769555981420263,0.3080342349327864,0.6511962090857933
,neither,0.03945320844208391,0.33037608806864915,0.630170703489267
WOOT!!!,neither,0.03945320844208391,0.33037608806864915,0.630170703489267
Bidet from Michigan,neither,0.040769555981420263,0.3080342349327864,0.6511962090857933
has it started yet?,neither,0.03835165097085306,0.32355061781166217,0.6380977312174848
Bidet from DC,neither,0.0408364874901429,0.30689823255244486,0.6522652799574122
time to change this music,neither,0.04528077261182932,0.3485338770080534,0.6061853503801174
Bidet from Knoxville!,neither,0.04062582848913359,0.31047366557575606,0.6489005059351104
bidet from WA,neither,0.04071751644889743,0.3089174816120565,0.6503650019390461
bidet,neither,0.03945320844208391,0.33037608806864915,0.630170703489267
Bidet from North Carolina!,neither,0.04040057148408362,0.31429686482539193,0.6453025636905245
Wish I was there,neither,0.039219558448889726,0.27641357218754686,0.6843668693635633
Bidet!,neither,0.03945320844208391,0.33037608806864915,0.630170703489267
Bidet from Fayetteville Ark,neither,0.04228451509352876,0.2823214250720796,0.6753940598343917
HYPE!!!,neither,0.03945320844208391,0.33037608806864915,0.630170703489267
bidet from arizona,neither,0.04078317879478948,0.307803020237201,0.6514138009680096
guys its a live production every week dont freeak out because its not exacty at the time they said give it a couple minutes,neither,0.030946684666862706,0.35688512570315395,0.6121681896299833
Bidet from Commiskey IN,neither,0.041809934750563944,0.290376292048192,0.667813773201244
Bidet!,neither,0.03945320844208391,0.33037608806864915,0.630170703489267
are they having issues getting it live?,neither,0.0591175369401531,0.3497679018098122,0.5911145612500347
bidet,neither,0.03945320844208391,0.33037608806864915,0.630170703489267
Bidet from OK,neither,0.04104157946423444,0.3034172865047108,0.6555411340310547
the stream is frozen for me hahaha,neither,0.034392738207624694,0.3241964006304066,0.6414108611619687
Bidet from FL,neither,0.04066490145509902,0.30981049537100724,0.6495246031738937
Bidet!,neither,0.03945320844208391,0.33037608806864915,0.630170703489267
Bidet from NY,neither,0.04084513770590474,0.30675141581570226,0.6524034464783931
Bidet,neither,0.03945320844208391,0.33037608806864915,0.630170703489267
Hello from Maryland!,neither,0.04042754080715299,0.31383912502858,0.6457333341642669
Oh! It's happening! May have just peed a little.,neither,0.03912912805941327,0.3051489630173086,0.6557219089232781
no video,neither,0.046848757063929526,0.2048543271120338,0.7482969158240367
Bidet from Maine!,neither,0.04069404815304118,0.30931579984010865,0.6499901520068502
Finally! I've waited for 4 weeks to be able to catch my first live CRIT ROLE,neither,0.0239385754662241,0.3455018221536164,0.6305596023801595
YAY!,neither,0.03945320844208391,0.33037608806864915,0.630170703489267
Yes!,neither,0.03945320844208391,0.33037608806864915,0.630170703489267
"If Vecna just conjures a door, VM is done for",neither,0.02056442784382765,0.38240782052372857,0.5970277516324438
HYPE HYPE HYPE,neither,0.03945320844208391,0.33037608806864915,0.630170703489267
ðŸ‘,neither,0.03945320844208391,0.33037608806864915,0.630170703489267
we have so many incredible artists in this comunity,neither,0.03880990548191252,0.37431781539429987,0.5868722791237876
BIDET FROM THE ROAD!,neither,0.03962111800299795,0.2874610269872443,0.6729178550097578
Bidet from the live show!!,neither,0.06697199380920514,0.19849201136233918,0.7345359948284557
bidet from NJ,neither,0.04069404815304118,0.30931579984010865,0.6499901520068502
Got so confused when it wasn't on yesterday then remembered about gencon,neither,0.027866209989914667,0.45928099407513684,0.5128527959349485
yaaaasssss,neither,0.03945320844208391,0.33037608806864915,0.630170703489267
Bidet!!!,neither,0.03945320844208391,0.33037608806864915,0.630170703489267
Do we know if Ashley is attending?,neither,0.02976412594263063,0.38009149054965785,0.5901443835077116
bidet from Minnesota!,neither,0.04071751644889743,0.3089174816120565,0.6503650019390461
