text,top_class,hate_speech,offensive_language,neither
"wow, so late",neither,0.039409094501216914,0.3831238964586725,0.5774670090401105
WHPOOOOOOOOOOO,neither,0.03945320844208391,0.33037608806864915,0.630170703489267
I love that so many people showed up to this 4 hour art show BibleThump really means a lot to me,neither,0.06106095050382126,0.38758581681641163,0.5513532326797671
Lights out at the theater!!!,neither,0.03440677045737216,0.3506906207687921,0.6149026087738357
@Pzycho1101 starting soon,neither,0.03945320844208391,0.33037608806864915,0.630170703489267
"apparently the lights are off at gen con, it'll start soon!",neither,0.05069997721087646,0.3095004519108582,0.6397995708782652
"Audience is sitting as fast as possible.... doors only opened an hour before start, security is tight, and not assigned seating.... they'll start as soon as they can",neither,0.0400089543460566,0.37559560959858185,0.5843954360553616
YO CAN ANYONE CATCH ME UP,offensive_language,0.03056930972143685,0.4858060582567992,0.483624632021764
Damn. Thought something was happening.,offensive_language,0.04840201336267548,0.6707887487520658,0.28080923788525863
"Bidet from Carterville, Illinois!",neither,0.04069404815304118,0.30931579984010865,0.6499901520068502
gandsMatt gandsDrink gandsSCANLAN gandsGandSKiki gandsGandsVaxSigil gandsTrinket gandsSubHype,neither,0.03945320844208391,0.33037608806864915,0.630170703489267
gandsTrinket gandsTrinket gandsTrinket,neither,0.03945320844208391,0.33037608806864915,0.630170703489267
"Everyone needs to calm down, it will start when it starts",neither,0.032449736860946786,0.4081753165564817,0.5593749465825715
"@iamtheomegaman I am not, perhaps next year though.",neither,0.03769273915261658,0.344313415929635,0.6179938449177484
why pick now of all days to buffer! :(,neither,0.03998698195411043,0.33634242342755183,0.6236705946183377
Bidet from Arizona!,neither,0.04078317879478948,0.307803020237201,0.6514138009680096
Beeee Peeeezed!!!!,neither,0.03945320844208391,0.33037608806864915,0.630170703489267
ready for this since yesterday,neither,0.0338336504332943,0.3041519994694116,0.662014350097294
@GaeaCa how long is the show?,neither,0.0698445977176376,0.21920623528133062,0.7109491670010317
,neither,0.03945320844208391,0.33037608806864915,0.630170703489267
PoGChamp,neither,0.03945320844208391,0.33037608806864915,0.630170703489267
gandsHecThor,neither,0.03945320844208391,0.33037608806864915,0.630170703489267
YAY,neither,0.03945320844208391,0.33037608806864915,0.630170703489267
"Bidet from Adelaide, South Australia",neither,0.04041079298828133,0.31412337922315653,0.6454658277885622
yrahh,neither,0.03945320844208391,0.33037608806864915,0.630170703489267
are we starting anytime soon,neither,0.0602406497110075,0.29492322066118326,0.6448361296278092
yaaaaaaaaaaas,neither,0.03945320844208391,0.33037608806864915,0.630170703489267
PogChamp,neither,0.03945320844208391,0.33037608806864915,0.630170703489267
"People, you have to understand that this is not the audience's fault. They want to watch the show as much as we do so please, chat, calm your tits",neither,0.09415705894489629,0.3582386436513738,0.54760429740373
HYPE,neither,0.03945320844208391,0.33037608806864915,0.630170703489267
yay!!!,neither,0.03945320844208391,0.33037608806864915,0.630170703489267
\ FeelsGoodMan /,neither,0.03945320844208391,0.33037608806864915,0.630170703489267
AAAAHHH,neither,0.03945320844208391,0.33037608806864915,0.630170703489267
YAAAAAA,neither,0.03945320844208391,0.33037608806864915,0.630170703489267
WOOOO!,neither,0.03945320844208391,0.33037608806864915,0.630170703489267
WOOOOHOOOOOO,neither,0.03945320844208391,0.33037608806864915,0.630170703489267
LOOOL!!!!1,neither,0.03945320844208391,0.33037608806864915,0.630170703489267
HYPE,neither,0.03945320844208391,0.33037608806864915,0.630170703489267
gandsSubHype,neither,0.03945320844208391,0.33037608806864915,0.630170703489267
wooo,neither,0.03945320844208391,0.33037608806864915,0.630170703489267
YES,neither,0.03945320844208391,0.33037608806864915,0.630170703489267
YESSSS,neither,0.03945320844208391,0.33037608806864915,0.630170703489267
wat,neither,0.03945320844208391,0.33037608806864915,0.630170703489267
"Monster check, Ruffles check, excitement growing",neither,0.03945320844208391,0.33037608806864915,0.630170703489267
Hello from Japan and France every one,neither,0.03900329845104981,0.31161228315154793,0.6493844183974024
WOOOOOOO,neither,0.03945320844208391,0.33037608806864915,0.630170703489267
YEEE,neither,0.03945320844208391,0.33037608806864915,0.630170703489267
oh god foster...,neither,0.04441447604646756,0.28300978232753726,0.6725757416259951
live =D,neither,0.04891340716200846,0.3271222919257548,0.6239643009122369
ayeeeee,neither,0.03945320844208391,0.33037608806864915,0.630170703489267
Yay!,neither,0.03945320844208391,0.33037608806864915,0.630170703489267
AAAAAAAAAAAAAAHHHHH,neither,0.03945320844208391,0.33037608806864915,0.630170703489267
They're also sitting 2500 people,neither,0.08071821232192167,0.3050904108522094,0.6141913768258689
It's been a hell of a week. Glad to be hanging out with you all.,offensive_language,0.044017261435624934,0.7480149938741047,0.20796774469027018
lmao,neither,0.03705015143476208,0.3711622369619404,0.5917876116032975
Yay!,neither,0.03945320844208391,0.33037608806864915,0.630170703489267
gandsSubHype gandsSubHype gandsSubHype gandsSubHype gandsSubHype gandsSubHype gandsSubHype gandsSubHype,neither,0.03945320844208391,0.33037608806864915,0.630170703489267
YESSSSS!,neither,0.03945320844208391,0.33037608806864915,0.630170703489267
YEEEAAH,neither,0.03945320844208391,0.33037608806864915,0.630170703489267
gandsSubHype gandsSubHype gandsSubHype gandsSubHype gandsSubHype,neither,0.03945320844208391,0.33037608806864915,0.630170703489267
yaaasssss,neither,0.03945320844208391,0.33037608806864915,0.630170703489267
WOOOOOOOOOOOOOOOOO,neither,0.03945320844208391,0.33037608806864915,0.630170703489267
WOOOOOOOO,neither,0.03945320844208391,0.33037608806864915,0.630170703489267
"Bidet from Tamworth, NSW, Australia.I love you all, even the redheads.",neither,0.05216382681851545,0.4364037246799463,0.5114324485015382
what am i looking at,neither,0.04495005284211848,0.35491862630723403,0.6001313208506476
PogChamp,neither,0.03945320844208391,0.33037608806864915,0.630170703489267
woooo,neither,0.03945320844208391,0.33037608806864915,0.630170703489267
"Little do we know, every audience member has to roll a D20 for the ability to sit down",neither,0.043204504452762825,0.3031330614593498,0.6536624340878874
BLBLBLSBLBLLSSLDLB,neither,0.03945320844208391,0.33037608806864915,0.630170703489267
yay,neither,0.03945320844208391,0.33037608806864915,0.630170703489267
WOOOOOO,neither,0.03945320844208391,0.33037608806864915,0.630170703489267
gandsSubHype gandsSubHype gandsSubHype gandsSubHype gandsSubHype gandsSubHype gandsSubHype gandsSubHype gandsSubHype gandsSubHype gandsSubHype gandsSubHype,neither,0.03945320844208391,0.33037608806864915,0.630170703489267
PogChamp,neither,0.03945320844208391,0.33037608806864915,0.630170703489267
YESHHHHHHHHHHHHHH,neither,0.03945320844208391,0.33037608806864915,0.630170703489267
AAAAAAAAAA,neither,0.03945320844208391,0.33037608806864915,0.630170703489267
PogChamp LETS GOO,neither,0.0381375099945381,0.3527069244228318,0.6091555655826302
WOOO,neither,0.03945320844208391,0.33037608806864915,0.630170703489267
OMG,neither,0.03945320844208391,0.33037608806864915,0.630170703489267
omg the fanny pack,neither,0.03870693268458231,0.3167817571781396,0.6445113101372782
YAAAAASSSSSS,neither,0.03945320844208391,0.33037608806864915,0.630170703489267
gandsRaid gandsRaid gandsRaid gandsRaid gandsRaid,neither,0.03945320844208391,0.33037608806864915,0.630170703489267
yoooooooo,neither,0.03945320844208391,0.33037608806864915,0.630170703489267
whoop,neither,0.03945320844208391,0.33037608806864915,0.630170703489267
finally,neither,0.03945320844208391,0.33037608806864915,0.630170703489267
WutFace,neither,0.03945320844208391,0.33037608806864915,0.630170703489267
PogChamp,neither,0.03945320844208391,0.33037608806864915,0.630170703489267
oh no,neither,0.04751210705993949,0.26629718932274826,0.6861907036173122
YAAAA,neither,0.03945320844208391,0.33037608806864915,0.630170703489267
gandsSubHype gandsSubHype gandsSubHype,neither,0.03945320844208391,0.33037608806864915,0.630170703489267
GENCON HYPE,neither,0.03945320844208391,0.33037608806864915,0.630170703489267
LITTY,neither,0.03945320844208391,0.33037608806864915,0.630170703489267
oh FOSTER,neither,0.0450478101092574,0.2772031091301225,0.6777490807606199
gandsGandsEars gandsGandsEars gandsGandsEars gandsGandsEars gandsGandsEars gandsGandsEars gandsGandsEars gandsGandsEars,neither,0.03945320844208391,0.33037608806864915,0.630170703489267
yeeeeeee,neither,0.03945320844208391,0.33037608806864915,0.630170703489267
hype,neither,0.03945320844208391,0.33037608806864915,0.630170703489267
WOO!!!,neither,0.03945320844208391,0.33037608806864915,0.630170703489267
gandsGandsEars gandsGandsEars gandsGandsEars,neither,0.03945320844208391,0.33037608806864915,0.630170703489267
Mister Cabbage himself,neither,0.03945320844208391,0.33037608806864915,0.630170703489267
welp im out,neither,0.03388905441579151,0.3841180482926824,0.581992897291526
Goddamn haha,neither,0.034654542261726484,0.41182197667009557,0.553523481068178
that momo has a fanny pack,neither,0.03650329314946944,0.3602227934860365,0.603273913364494
wwwooooo,neither,0.03945320844208391,0.33037608806864915,0.630170703489267
CRING WutFace,neither,0.03945320844208391,0.33037608806864915,0.630170703489267
gandsGandsEars,neither,0.03945320844208391,0.33037608806864915,0.630170703489267
pogchamp,neither,0.03945320844208391,0.33037608806864915,0.630170703489267
"omfg, those pants",neither,0.06426773697089982,0.261065210430967,0.6746670525981332
And so it begins.,neither,0.03702075117330028,0.3334064572415291,0.6295727915851705
HAIPUUUUUU,neither,0.03945320844208391,0.33037608806864915,0.630170703489267
gandsNatTwenty gandsNatTwenty gandsNatTwenty gandsNatTwenty,neither,0.03945320844208391,0.33037608806864915,0.630170703489267
LOUD WutFace,neither,0.03945320844208391,0.33037608806864915,0.630170703489267
Ow.,neither,0.03945320844208391,0.33037608806864915,0.630170703489267
Bidet from Ohio!,neither,0.040754399270683486,0.3082914838698526,0.650954116859464
WOOOOOOOOOOOO,neither,0.03945320844208391,0.33037608806864915,0.630170703489267
Oh My loud,neither,0.03125738477080307,0.37618234206256246,0.5925602731666344
my ears!!!!!,neither,0.02549807631544042,0.4425136705936049,0.5319882530909548
lmao brian,neither,0.03821826888723959,0.35133623524977253,0.6104454958629879
@epixxfish not sure,offensive_language,0.029776164442631387,0.5255371837704355,0.4446866517869332
rip me fkin ears jesus,neither,0.03320747866071084,0.36389185909932487,0.6029006622399643
Aww yisssss,neither,0.03945320844208391,0.33037608806864915,0.630170703489267
rip headphone users,neither,0.03945320844208391,0.33037608806864915,0.630170703489267
PogChamp,neither,0.03945320844208391,0.33037608806864915,0.630170703489267
RIP my effing ears.,neither,0.02851945783278837,0.4152450417476901,0.5562355004195216
Are we on the internet?,neither,0.06455044260466253,0.27765074222486363,0.6577988151704739
Wooooooooo,neither,0.03945320844208391,0.33037608806864915,0.630170703489267
my ears,neither,0.02549807631544042,0.4425136705936049,0.5319882530909548
Who's this guy? Does he smell of cabbage?,offensive_language,0.0307193769057795,0.49878853542367724,0.4704920876705433
rip headphone users,neither,0.03945320844208391,0.33037608806864915,0.630170703489267
RIP HEADPHONES,neither,0.03945320844208391,0.33037608806864915,0.630170703489267
Did twitch release an update since Tuesday? It used to not work in chrome but worked in Firefox. Now it crashes Firefox and works in chrome.,neither,0.038849931868343256,0.318737675666655,0.6424123924650017
gandsSubHype gandsSubHype,neither,0.03945320844208391,0.33037608806864915,0.630170703489267
I thought he said what's up tampa?,neither,0.05011636299914634,0.28144040312942936,0.6684432338714243
GET TURNT!!!!,neither,0.038769288876050516,0.34198398799207247,0.619246723131877
RIP ears,neither,0.03945320844208391,0.33037608806864915,0.630170703489267
woooooooooo,neither,0.03945320844208391,0.33037608806864915,0.630170703489267
gandsSubHype gandsSubHype gandsSubHype gandsSubHype gandsSubHype gandsSubHype gandsSubHype gandsSubHype gandsSubHype gandsSubHype gandsSubHype gandsSubHype,neither,0.03945320844208391,0.33037608806864915,0.630170703489267
yay jenkin!,neither,0.03945320844208391,0.33037608806864915,0.630170703489267
gandsSubHype gandsSubHype gandsSubHype gandsSubHype gandsSubHype gandsSubHype gandsSubHype gandsSubHype gandsSubHype gandsSubHype,neither,0.03945320844208391,0.33037608806864915,0.630170703489267
feedback thread: https://www.reddit.com/r/criticalrole/comments/6um06i/spoilers_e109_megathread_criticism_praise/,neither,0.03945320844208391,0.33037608806864915,0.630170703489267
:),neither,0.03945320844208391,0.33037608806864915,0.630170703489267
I know that guyt,neither,0.031216222672775646,0.4214616369307194,0.547322140396505
ARE WE ON THE INTERNET???,neither,0.06455044260466253,0.27765074222486363,0.6577988151704739
why is Brian all hip hoppy?,neither,0.03716712090531353,0.3914620526458977,0.5713708264487887
rip headphone users,neither,0.03945320844208391,0.33037608806864915,0.630170703489267
WHOOOOOOOOOOOOOOOOOOOOOOOOOOOO,neither,0.03945320844208391,0.33037608806864915,0.630170703489267
Who let Foster on stage?,neither,0.025747492790045415,0.4202200119856061,0.5540324952243484
gandsGandsEars gandsGandsEars gandsGandsEars gandsGandsEars gandsGandsEars gandsGandsEars gandsGandsEars gandsGandsEars gandsGandsEars,neither,0.03945320844208391,0.33037608806864915,0.630170703489267
"Never change, Brian",neither,0.03542900534209709,0.37137150445670125,0.5931994902012017
Finally!! AHHH!,neither,0.03945320844208391,0.33037608806864915,0.630170703489267
immafireingmahlazor,neither,0.03945320844208391,0.33037608806864915,0.630170703489267
YEAAAA,neither,0.03945320844208391,0.33037608806864915,0.630170703489267
The audience is now deaf.,neither,0.04555621605192111,0.3143020283899315,0.6401417555581473
Those pants,neither,0.07497147016884886,0.23825202155298808,0.6867765082781631
gandsSCANLAN gandsSCANLAN gandsSCANLAN gandsSCANLAN gandsSCANLAN gandsSCANLAN gandsSCANLAN gandsSCANLAN gandsSCANLAN gandsSCANLAN gandsSCANLAN gandsSCANLAN gandsSCANLAN gandsSCANLAN gandsSCANLAN gandsSCANLAN gandsSCANLAN,neither,0.03945320844208391,0.33037608806864915,0.630170703489267
oh no,neither,0.04751210705993949,0.26629718932274826,0.6861907036173122
gandsSubHype gandsSubHype gandsSubHype,neither,0.03945320844208391,0.33037608806864915,0.630170703489267
SWEET!!!!,neither,0.03945320844208391,0.33037608806864915,0.630170703489267
Dear god my ears,neither,0.02946457052107948,0.4070870132241289,0.5634484162547917
@newmoneyoldmagic Solid screen name.,neither,0.03945320844208391,0.33037608806864915,0.630170703489267
LUL,neither,0.03945320844208391,0.33037608806864915,0.630170703489267
brian,neither,0.03945320844208391,0.33037608806864915,0.630170703489267
Spent the last 6+ months catching up with Critical Role. So excited to see them live for the first time!!!!!,neither,0.035545366479064866,0.36495773532662823,0.5994968981943068
just made it,neither,0.030598463871816552,0.3647224530537287,0.6046790830744548
Did BWF lose a bet?,neither,0.03945320844208391,0.33037608806864915,0.630170703489267
"outsch, not headphone friendly",neither,0.03766037975176782,0.3371431636422078,0.6251964566060244
So excited,neither,0.03940839469474773,0.3948270312238364,0.565764574081416
gandsSubHype gandsSubHype gandsSubHype gandsSubHype gandsSubHype gandsSubHype gandsSubHype gandsSubHype,neither,0.03945320844208391,0.33037608806864915,0.630170703489267
,neither,0.03945320844208391,0.33037608806864915,0.630170703489267
wow it's Brian Bro Foster,neither,0.03838700568790113,0.3307428040871823,0.6308701902249165
"daaang man, who let Brian outta the halfway house LOL :P",neither,0.02525004259150482,0.4581346097041535,0.5166153477043417
Wtf is going on.,offensive_language,0.04774363239393513,0.6689481009601181,0.28330826664594677
RAGE,neither,0.03945320844208391,0.33037608806864915,0.630170703489267
the fucking track pants and fanny pack on the back with a flex hat and die shirt,offensive_language,0.20178646732019542,0.6481812789197133,0.1500322537600912
gandsGandsEars gandsGandsEars gandsGandsEars gandsGandsEars gandsGandsEars gandsGandsEars gandsGandsEars gandsGandsEars gandsGandsEars gandsGandsEars gandsGandsEars gandsGandsEars,neither,0.03945320844208391,0.33037608806864915,0.630170703489267
god ole Bryan,neither,0.03945320844208391,0.33037608806864915,0.630170703489267
That's quite the get up.,neither,0.03131960016018727,0.4197904075796158,0.5488899922601969
yh!!!!!!,neither,0.03945320844208391,0.33037608806864915,0.630170703489267
Bidet boooiiis,neither,0.03945320844208391,0.33037608806864915,0.630170703489267
BWF hypeman HYYYPPPEEE,neither,0.03945320844208391,0.33037608806864915,0.630170703489267
gandsGandsEars gandsGandsEars gandsGandsEars gandsGandsEars gandsGandsEars gandsGandsEars gandsGandsEars,neither,0.03945320844208391,0.33037608806864915,0.630170703489267
gandsSubHype gandsSubHype gandsSubHype,neither,0.03945320844208391,0.33037608806864915,0.630170703489267
shove the microphone further into your mouth,neither,0.05805573101693879,0.3139088306884033,0.6280354382946578
And so it begins hahaha,neither,0.03735860110066087,0.332966686200445,0.6296747126988942
Volume is good,neither,0.04739370440372601,0.3276449873912138,0.6249613082050604
Woot! Sup BWF!,neither,0.03945320844208391,0.33037608806864915,0.630170703489267
At least BWf dressed up,neither,0.03601397646469112,0.4090727759664188,0.55491324756889
"What the fuck are you wearing, manchild",offensive_language,0.38586939724115105,0.6139413096734185,0.000189293085430419
they hired kfed for the live show nice!,neither,0.04882497575205595,0.2361231044633656,0.7150519197845786
Chav alert,neither,0.03945320844208391,0.33037608806864915,0.630170703489267
gandsSubHype gandsSubHype gandsSubHype gandsSubHype gandsSubHype gandsSubHype gandsSubHype gandsSubHype gandsSubHype gandsSubHype gandsSubHype gandsSubHype gandsSubHype gandsSubHype gandsSubHype gandsSubHype gandsSubHype gandsSubHype,neither,0.03945320844208391,0.33037608806864915,0.630170703489267
Did he hurt himself? Why is he walking like that?,neither,0.04798882492960264,0.3763507950471838,0.5756603800232135
There's Larkin! -),neither,0.03938975662112344,0.2339556726221167,0.7266545707567599
track pants lul,neither,0.03945320844208391,0.33037608806864915,0.630170703489267
What is this hype man???,neither,0.05577907273162376,0.39182874355840525,0.552392183709971
what a looser,neither,0.045915666119560924,0.3257693565681219,0.6283149773123172
gandsGandsEars,neither,0.03945320844208391,0.33037608806864915,0.630170703489267
,neither,0.03945320844208391,0.33037608806864915,0.630170703489267
gandsTrinket gandsTrinket gandsTrinket gandsTrinket gandsTrinket gandsTrinket gandsTrinket gandsTrinket,neither,0.03945320844208391,0.33037608806864915,0.630170703489267
this guy is high af,neither,0.04316836566967738,0.41946903906292077,0.5373625952674019
WHYYYYY DOO PEEEOOOPLEEE ALLLLWAAAYYYSSS DDDDEEEEEEPTHRROOOAAATTTT THEEEEEIIRRRRR MIIICCCCCCCSSSSS?,neither,0.03945320844208391,0.33037608806864915,0.630170703489267
Brian double u foster what on earth...,neither,0.04106491318236733,0.3369449584188447,0.6219901283987879
oh jeez,neither,0.051363287716059566,0.22255663153133606,0.7260800807526044
PogChamp,neither,0.03945320844208391,0.33037608806864915,0.630170703489267
WOOOOOO,neither,0.03945320844208391,0.33037608806864915,0.630170703489267
is it just just starting????,neither,0.03618769399117389,0.3713990424783598,0.5924132635304663
YAY,neither,0.03945320844208391,0.33037608806864915,0.630170703489267
oh it's ridiculous,neither,0.04339745305430177,0.27718356164020547,0.6794189853054927
Big Wig Factory!,neither,0.026145533190950997,0.3835799872680476,0.5902744795410013
Ewww,neither,0.03945320844208391,0.33037608806864915,0.630170703489267
He might be high LUL,neither,0.04117678873187108,0.40207213511595546,0.5567510761521733
Woop!,neither,0.03945320844208391,0.33037608806864915,0.630170703489267
ARE WE ON THE INTERNET?,neither,0.06455044260466253,0.27765074222486363,0.6577988151704739
are we watching a beastie boyz concert?,neither,0.05911158537232689,0.2965876390896707,0.6443007755380025
are they playing in costume??,neither,0.06570779936967436,0.2849129400750324,0.6493792605552933
#BrianFosterSmellsLikeCabbage,neither,0.03945320844208391,0.33037608806864915,0.630170703489267
,neither,0.03945320844208391,0.33037608806864915,0.630170703489267
looks like I arrived just in time! Bidet from Barbados!,neither,0.04385044667759045,0.36303586201505933,0.5931136913073501
is that a fanny pack?,neither,0.04288728073990354,0.3650007874175488,0.5921119318425476
Thanks for that howard dean scream moment brian foster. ow my poor speakers.,neither,0.02991510263007748,0.36211096557114514,0.6079739317987773
"Oh, please tell me they're playing in full costume...",neither,0.06558293482107026,0.298049089989277,0.6363679751896528
Spice,neither,0.03945320844208391,0.33037608806864915,0.630170703489267
@fallencoder Muscle memory,neither,0.03945320844208391,0.33037608806864915,0.630170703489267
lol he is always hilarious,neither,0.04229975756438618,0.43567125337233953,0.5220289890632744
!ears,neither,0.03945320844208391,0.33037608806864915,0.630170703489267
𝐖𝐀𝐑𝐍𝐈𝐍𝐆! Incoming LOUD NOISES. Adjust your volume and protect your ears!,neither,0.08369346292336456,0.2909372434945657,0.6253692935820697
MIGHT be?,neither,0.040257947011883836,0.337114865245637,0.6226271877424793
so high,offensive_language,0.034115854747969264,0.5299309399603379,0.4359532052916927
O.O,neither,0.03945320844208391,0.33037608806864915,0.630170703489267
totally high...,neither,0.0354100266894606,0.426102669891442,0.5384873034190972
live from Brazil!,neither,0.0455864228183843,0.30958625502794035,0.6448273221536753
Spice?!,neither,0.03945320844208391,0.33037608806864915,0.630170703489267
"Oh hay, Vanilla ice",neither,0.043414719478419114,0.2922905437107624,0.6642947368108185
how many people are in that theatre,neither,0.08958193067450733,0.3217619227243921,0.5886561466011007
there goes my ears again,neither,0.02841378528694182,0.3924083915204191,0.5791778231926391
gandsGandsEars WutFace,neither,0.03945320844208391,0.33037608806864915,0.630170703489267
LOL,neither,0.020706217963973744,0.4882283491876925,0.4910654328483337
my ears are dying,neither,0.04870204241476892,0.370643186434458,0.5806547711507731
WutFace Volume,neither,0.03945320844208391,0.33037608806864915,0.630170703489267
CRINGE,neither,0.03945320844208391,0.33037608806864915,0.630170703489267
RIP,neither,0.03945320844208391,0.33037608806864915,0.630170703489267
FUCK YOU BRIAN!,offensive_language,0.22415961297070713,0.775749700244712,9.068678458096148e-05
!whodat,neither,0.03945320844208391,0.33037608806864915,0.630170703489267
yes they are playing in costume,neither,0.06239832811644046,0.2897704332089712,0.6478312386745884
"Everybody, all of your friends are here!",neither,0.22746278227968147,0.2799111220596365,0.49262609566068194
BRUH PLEASE dont scream,neither,0.03945320844208391,0.33037608806864915,0.630170703489267
He's like a fuckboy gopnik,neither,0.060193923566198626,0.34564278979436985,0.5941632866394315
wooooooooooooooo rip ers,neither,0.03945320844208391,0.33037608806864915,0.630170703489267
This guy looks like he's about to breakdance,neither,0.06417058551497169,0.3758073799863025,0.5600220344987258
OMG brian is loving it,neither,0.04499389984846538,0.3284703902222517,0.626535709929283
hahahahaha,neither,0.03945320844208391,0.33037608806864915,0.630170703489267
NEEERDDDSSSS,neither,0.03945320844208391,0.33037608806864915,0.630170703489267
RIP ears,neither,0.03945320844208391,0.33037608806864915,0.630170703489267
RIP my eardrums,neither,0.024985982894059355,0.44732365358011106,0.5276903635258295
oh dear,neither,0.0461327075271576,0.2673899063118408,0.6864773861610016
my fucking speakers,offensive_language,0.07337363092893373,0.9262418961690233,0.0003844729020430823
Too much spice,neither,0.0351451769665035,0.3363334300379687,0.6285213929955278
goodbye hearing.,neither,0.03945320844208391,0.33037608806864915,0.630170703489267
jesus,neither,0.03945320844208391,0.33037608806864915,0.630170703489267
lmao KWF,neither,0.03705015143476208,0.3711622369619404,0.5917876116032975
STOP YELLING,neither,0.03941205306110095,0.42751657376466434,0.5330713731742348
lord have mercy percy,neither,0.039062600579645126,0.3370057228995238,0.623931676520831
OW,neither,0.03945320844208391,0.33037608806864915,0.630170703489267
So much Vanilla Ice,neither,0.03591410207140445,0.37242728716780243,0.5916586107607932
Jesus Christ,neither,0.03945320844208391,0.33037608806864915,0.630170703489267
Der n Der Ermahgerd!!!,neither,0.03945320844208391,0.33037608806864915,0.630170703489267
RIP headphones,neither,0.03945320844208391,0.33037608806864915,0.630170703489267
D:,neither,0.03945320844208391,0.33037608806864915,0.630170703489267
@Rasinete a few thousand,neither,0.03945320844208391,0.33037608806864915,0.630170703489267
Please PLEASE don't let there be any cringey people in the audience who make shit awkward.,offensive_language,0.055862446270003176,0.8942653209512399,0.0498722327787569
good god hahaha,neither,0.03869481684931201,0.3306369337139068,0.6306682494367811
bwf got a peanut,neither,0.03790642832521664,0.3860908159513413,0.576002755723442
gandsGandsEars,neither,0.03945320844208391,0.33037608806864915,0.630170703489267
"Bryan, very loud. Very loud Bryan.",neither,0.03945320844208391,0.33037608806864915,0.630170703489267
OWW,neither,0.03945320844208391,0.33037608806864915,0.630170703489267
This guy sucks!!!,neither,0.03880237263278685,0.3414224702985321,0.619775157068681
Dude please jesus,neither,0.03945320844208391,0.33037608806864915,0.630170703489267
gandsGandsEars gandsGandsEars gandsGandsEars gandsGandsEars gandsGandsEars gandsGandsEars gandsGandsEars gandsGandsEars gandsGandsEars gandsGandsEars gandsGandsEars gandsGandsEars,neither,0.03945320844208391,0.33037608806864915,0.630170703489267
HOW!?,neither,0.03945320844208391,0.33037608806864915,0.630170703489267
as if the tables arent circular,neither,0.02607904299137546,0.3780696556994131,0.5958513013092114
whoop!,neither,0.03945320844208391,0.33037608806864915,0.630170703489267
Stadium?,neither,0.03945320844208391,0.33037608806864915,0.630170703489267
gandsFail gandsFail gandsFail,neither,0.03945320844208391,0.33037608806864915,0.630170703489267
True,neither,0.03945320844208391,0.33037608806864915,0.630170703489267
gandsGandsEars gandsGandsEars gandsGandsEars gandsGandsEars gandsGandsEars gandsGandsEars gandsGandsEars,neither,0.03945320844208391,0.33037608806864915,0.630170703489267
Glad I'm not on my headset,neither,0.022412317321266438,0.45853957862527833,0.5190481040534553
its true,neither,0.03119883042707529,0.33321514717748796,0.6355860223954367
Kappa,neither,0.03945320844208391,0.33037608806864915,0.630170703489267
CRINGE,neither,0.03945320844208391,0.33037608806864915,0.630170703489267
BWF needs to tone it down :),neither,0.044365918502603456,0.3271275231457107,0.6285065583516859
Glad I'm not wearing headphones this time,neither,0.037433818034275916,0.3510787387041323,0.6114874432615919
that is the question foster,neither,0.0420236914340212,0.3498320258430825,0.6081442827228964
Hahahaha,neither,0.03945320844208391,0.33037608806864915,0.630170703489267
ahahahh so true,neither,0.03941189247952998,0.37397138435943317,0.5866167231610369
Shit i didn't realize that as really him,offensive_language,0.03010674615123524,0.9663791331662938,0.0035141206824709985
I was just going to say that,neither,0.034898689620318904,0.42991777935180137,0.5351835310278796
thank you sound people for turning down for what,neither,0.06730612028804762,0.3131570292777204,0.619536850434232
"really only 13k watcing, where did the other 20k go?",neither,0.040828603915480745,0.3012569438249173,0.657914452259602
gandsFail gandsFail,neither,0.03945320844208391,0.33037608806864915,0.630170703489267
brian is a dweeb,neither,0.04680936299740092,0.3278459691961762,0.6253446678064228
,neither,0.03945320844208391,0.33037608806864915,0.630170703489267
Please stop yelling! You're being annoying!,neither,0.06528044004657932,0.4342847361466214,0.5004348238067994
so glad I don't have headphones on lol,neither,0.03056126902218345,0.4325782838365008,0.5368604471413156
true definitely thinking that. please ashley why,neither,0.029396942843064874,0.36968912553053046,0.6009139316264046
"holy crow, what am i watching",neither,0.04829932383538817,0.08455464439005989,0.867146031774552
"No one is allowed to hate on Brian, like ever.",neither,0.22097750110863332,0.29750605894884447,0.4815164399425222
Good lord. ears bleeding. get him off,neither,0.03856610102659138,0.33818062327409176,0.6232532756993169
Please please stop screaming into that mic,neither,0.03686685704826704,0.40545161581478795,0.557681527136945
stop collaborate and listen,neither,0.03807437365734239,0.37269955973458985,0.5892260666080678
!respect,neither,0.03945320844208391,0.33037608806864915,0.630170703489267
"If you would like to share opinions on our hosts, guests or fellow viewers, please do so in a respectful manner. Don't make them feel uncomfortable.",neither,0.04843323757214918,0.39559142321184637,0.5559753392160044
WHY ASHLEY WHY,neither,0.02173529124743749,0.3578505299599701,0.6204141787925924
Back on script plz,neither,0.036981495881515794,0.3422073556580887,0.6208111484603955
"Oh good, a warm up act",neither,0.039748696047694126,0.35723507379284225,0.6030162301594635
I had my volume down in preperation,neither,0.02932776660877242,0.40825733388013097,0.5624148995110966
rip my ears,neither,0.02851945783278837,0.4152450417476901,0.5562355004195216
At least Brian is VERY self-aware. LOL.,neither,0.03847031213534031,0.38035423390307727,0.5811754539615824
HYPE MAN TOO HYPE,neither,0.039345091375900636,0.37656630164046784,0.5840886069836315
Good thing I never use headphones,neither,0.014375536467342487,0.4395558832483453,0.5460685802843123
dear lord my ears,neither,0.03006436177180468,0.4019974544730156,0.5679381837551798
All these people complaining about their ears. Just turn it down,offensive_language,0.06164041681867906,0.4720217410312911,0.4663378421500299
excited BWF is excited,neither,0.045647322924764984,0.3282456480632034,0.6261070290120315
Does Brian's attorney know he's wearing that?,neither,0.030095151958680642,0.44629661696815937,0.5236082310731599
He's so happy,neither,0.04792345471965908,0.39633351568462766,0.5557430295957132
It's 2am and you're making my laugh too loudly BWF,neither,0.05093008512085027,0.36453990612080195,0.5845300087583477
gandsSubHype gandsSubHype gandsSubHype gandsLessthanthree gandsLessthanthree,neither,0.03945320844208391,0.33037608806864915,0.630170703489267
Brian what is with those pants dude.....,neither,0.0599056744331331,0.29783123988982146,0.6422630856770454
This isn't going to start until the regular time slot at this rate,neither,0.04039379136689746,0.35950859495221754,0.6000976136808851
It's like a Dreamsicle became a hipster truck driver,neither,0.045571599838186275,0.3415948966259468,0.612833503535867
Dear God.. he's high!,neither,0.04101981194102206,0.4086205513635279,0.55035963669545
gandsGandsEars gandsGandsEars gandsGandsEars gandsGandsEars gandsGandsEars gandsGandsEars gandsGandsEars,neither,0.03945320844208391,0.33037608806864915,0.630170703489267
,neither,0.03945320844208391,0.33037608806864915,0.630170703489267
omg Brian is HELLA TURNT,neither,0.04096086742991772,0.3989119097813948,0.5601272227886874
HE'S GONE MAD,neither,0.046838300404076105,0.32985861641625897,0.623303083179665
DEAR GOD MY EARS!!!! lol,neither,0.02475426847567678,0.4485717654586478,0.5266739660656753
jeez,neither,0.03945320844208391,0.33037608806864915,0.630170703489267
How DID Ashley let him wear that?,neither,0.025437766791553684,0.3878755288554667,0.5866867043529795
he's freaking out :p,neither,0.04017482150634149,0.3468052085113824,0.6130199699822761
can we skip this.....,neither,0.039481548190523755,0.3298950885767752,0.6306233632327011
Yeah! How could Ashley let him go out in public in that outfit?!?,neither,0.020190467688592013,0.4438257061692997,0.5359838261421084
dont be mean to bwm please <3,neither,0.047835719624498604,0.33010161647283454,0.6220626639026668
"Seriously, Ashley, DID YOU KNOW ABIUT THOSE PANTS?!?!",neither,0.07398094946621704,0.30830333300268625,0.6177157175310968
The other 20 k are there....or didn't get it off work...lol.,neither,0.03483771656835812,0.33269916618155754,0.6324631172500844
omg I just saw the fanny pack,neither,0.03550641935016311,0.33379681253368276,0.6306967681161542
lmao,neither,0.03705015143476208,0.3711622369619404,0.5917876116032975
gandsFail gandsFail gandsFail gandsFail gandsFail gandsFail gandsFail gandsFail gandsFail gandsFail gandsFail gandsFail gandsFail gandsFail gandsFail gandsFail gandsFail gandsFail gandsFail gandsFail gandsFail gandsFail gandsFail,neither,0.03945320844208391,0.33037608806864915,0.630170703489267
that's a good question. those are definitely. pants.,neither,0.0786466366997656,0.2714871070578478,0.6498662562423867
"@Theturtlemage02 yes, because Brian is reading chat...",neither,0.04534331782978688,0.3283502093557032,0.6263064728145099
did he loose a bet?,neither,0.04487653911607286,0.3285107559597686,0.6266127049241585
is he high or something?,neither,0.05099250941153252,0.41448464468972346,0.5345228458987441
omg hes so high,neither,0.03603477770757502,0.45255029510128914,0.5114149271911357
hoky shit that outfit!! hes so right!!!,offensive_language,0.04294916011354253,0.9534646302757775,0.0035862096106799224
YARRR... ARE WE ON THE INTERWEBS? #hype,neither,0.06329573495903056,0.2797944752308419,0.6569097898101275
This is Brian's calling.,neither,0.04803809950066286,0.32904679475060183,0.6229151057487354
He's on drugs or something.,neither,0.04187509821919384,0.342516361785996,0.6156085399948102
BWF is the fucking man.,offensive_language,0.14481416089061816,0.855177782541102,8.056568279954934e-06
She wasn't there to see it... else the Monsta would have spoken,neither,0.04182963185335292,0.34170623323208715,0.61646413491456
,neither,0.03945320844208391,0.33037608806864915,0.630170703489267
Ashley get this guy some new pants!!!,neither,0.035011293294700443,0.28578771603017705,0.6792009906751225
Speaking of mushrooms,neither,0.03945320844208391,0.33037608806864915,0.630170703489267
Brain is high yall,neither,0.04217325282479568,0.43174264564674,0.5260841015284644
Bidet all,offensive_language,0.046917543854519406,0.6277741405869331,0.3253083155585475
whats in that fanny pack?,neither,0.03650154812022208,0.3623424554221319,0.6011559964576462
He's 100% popped an addy,neither,0.04509845427695939,0.3233122701347924,0.6315892755882482
brians laugh is awesome lmao,neither,0.04646094214572544,0.34442004141851673,0.6091190164357577
HI BRIAN!,neither,0.03945320844208391,0.33037608806864915,0.630170703489267
lol brian looks nervous as fuck,offensive_language,0.10885528095420703,0.883318081707382,0.007826637338410936
lets go critters,neither,0.039984317429425154,0.35542799280679366,0.6045876897637812
full costume I'm betting,neither,0.05622800218083089,0.32460646728361986,0.6191655305355491
is he really high or what,neither,0.05803694646214089,0.40676715124487617,0.535195902292983
wait this is BRIAN??,neither,0.048105901158582945,0.32903509654419866,0.6228590022972184
make eye contact with the crowd holy crap,neither,0.03636011836756018,0.34182455578096405,0.6218153258514758
Is he drunk?,neither,0.06208509182760462,0.3225919455737196,0.6153229625986758
Brian :D Stop laughing at your own jokes man xD Haha,offensive_language,0.07605275585506037,0.4665211098327082,0.45742613431223134
pull yourself together Foster lol,neither,0.033548270630644514,0.3722295091605997,0.5942222202087558
!respect,neither,0.03945320844208391,0.33037608806864915,0.630170703489267
"If you would like to share opinions on our hosts, guests or fellow viewers, please do so in a respectful manner. Don't make them feel uncomfortable.",neither,0.04843323757214918,0.39559142321184637,0.5559753392160044
"No,high",neither,0.03292539368035131,0.4772172504309158,0.4898573558887328
what is going on?,neither,0.053652426185914176,0.3789212265798947,0.5674263472341913
my thoughts exactly odd lol,neither,0.026054952747452242,0.4363865747380789,0.537558472514469
such a hype hype man,neither,0.03970302915995405,0.3700015332502261,0.5902954375898198
HE'S HYPED BITCHES,offensive_language,0.006124031620632845,0.9938722909663772,3.677412989992879e-06
He's on something lmfao,neither,0.05193714193469693,0.3410074012066371,0.6070554568586659
what did he take? I want some of that,neither,0.037417881604995686,0.37496095260743095,0.5876211657875734
@gaeaca did Brian lose a bet? hopefully clips him with boy band music lol,neither,0.02989163330065035,0.3793797208283188,0.5907286458710308
Stop walking around,neither,0.03940741802319861,0.4199988247304608,0.5405937572463405
ayy bited from Brazil,neither,0.040425153047635734,0.31387965153914377,0.6456951954132206
tonight we witness a dungeons and dragons talk show host peaking in life.,neither,0.03187626080459203,0.2907543210583298,0.6773694181370782
"he's NERVOUS guys, the crowd is HUGE",neither,0.048877780278359664,0.31657268681529666,0.6345495329063437
stand still dude wtf,offensive_language,0.04125335017656702,0.5876484363491935,0.3710982134742394
lol,neither,0.020706217963973744,0.4882283491876925,0.4910654328483337
That nervous pacing tho,neither,0.03341417393090504,0.37058554061015,0.5960002854589451
the opposite of hype,neither,0.03862345161957383,0.3152265499865505,0.6461499983938758
DansGame,neither,0.03945320844208391,0.33037608806864915,0.630170703489267
I don't think is alright,neither,0.05016071764193135,0.31638521542892367,0.6334540669291451
who is this idiot,neither,0.05026585884119249,0.4069034859021383,0.5428306552566692
ear warning lol,neither,0.032335121557402306,0.38159284591434817,0.5860720325282496
Brian isn't sober and shit? Was that a schitck?,offensive_language,0.04549128612840458,0.9441467932769053,0.010361920594690018
ahaha lol,neither,0.03027887083479381,0.3981251484381287,0.5715959807270774
OKay. Brian is drunk.,neither,0.047126506405652115,0.32773688903527654,0.6251366045590713
@Golmultarn SeemsGood,neither,0.03945320844208391,0.33037608806864915,0.630170703489267
gandsSubHype gandsSubHype gandsSubHype gandsSubHype gandsSubHype gandsSubHype gandsSubHype gandsSubHype gandsSubHype gandsSubHype gandsSubHype gandsSubHype gandsSubHype gandsSubHype gandsSubHype gandsSubHype gandsSubHype gandsSubHype gandsSubHype,neither,0.03945320844208391,0.33037608806864915,0.630170703489267
What has Brian been up to tonight? He is wilding out.,neither,0.04977662905834819,0.3480426130350335,0.6021807579066184
SO AWKWARD LOL,neither,0.030723442447510105,0.4485798005039476,0.5206967570485423
"who cares, this is going to be amazing",neither,0.05220671079570729,0.40702892652520595,0.5407643626790867
he must be so nervous,neither,0.046091644614747414,0.3604840426349244,0.5934243127503281
