text,top_class,hate_speech,offensive_language,neither
Later @odoTV,neither,0.03945320844208391,0.33037608806864915,0.630170703489267
ok thankyou,neither,0.03935517884257045,0.3320399062092607,0.6286049149481688
YES :D,neither,0.03945320844208391,0.33037608806864915,0.630170703489267
Captain on the bridge o7,neither,0.03605037525226982,0.32776509212981264,0.6361845326179175
@odoTV aww man .... cu later =D bsafe,neither,0.039582239424921124,0.3931760247308323,0.5672417358442466
YAAAAY,neither,0.03945320844208391,0.33037608806864915,0.630170703489267
ADMIRAL ON DECK!,neither,0.03582950867507171,0.34791347289591373,0.6162570184290146
What a beautiful way to bein,neither,0.05198620451813549,0.3234044822390079,0.6246093132428566
I'd argue that the problem was that Enterprise was more or less more of the same/ Planet/alien of the week.,neither,0.03686697829412914,0.3416265184421264,0.6215065032637443
WoooooHOOO Welcome back you all ! ! !,offensive_language,0.06668187831600013,0.5063139003625095,0.4270042213214905
gandsSubHype gandsSubHype gandsSubHype gandsSubHype gandsSubHype gandsSubHype gandsSubHype gandsSubHype gandsSubHype gandsSubHype gandsSubHype,neither,0.03945320844208391,0.33037608806864915,0.630170703489267
<Hailing Frequencies Open>,neither,0.03945320844208391,0.33037608806864915,0.630170703489267
@odoTV Oh! Nooo,neither,0.0456283565223502,0.2719307315164877,0.6824409119611621
Yay!,neither,0.03945320844208391,0.33037608806864915,0.630170703489267
o7,neither,0.03945320844208391,0.33037608806864915,0.630170703489267
Captain/Admiral on Deck!,neither,0.036693161314918045,0.3436238221355668,0.6196830165495151
...and we on! :),neither,0.03286146768780846,0.287504370650897,0.6796341616612945
booom bang booom!,neither,0.03945320844208391,0.33037608806864915,0.630170703489267
Yaaaaayy,neither,0.03945320844208391,0.33037608806864915,0.630170703489267
WB Amy ^_^,neither,0.03945320844208391,0.33037608806864915,0.630170703489267
got our doctor back,neither,0.03818238769331712,0.37605629760282144,0.5857613147038614
The genetics convention,neither,0.03843498882663835,0.31168514531390124,0.6498798658594604
ADMIRAL ON DECK!,neither,0.03582950867507171,0.34791347289591373,0.6162570184290146
Yeeeessss.,neither,0.03945320844208391,0.33037608806864915,0.630170703489267
Yaaaay Amy is back!,neither,0.04866475569084044,0.3272078145687525,0.6241274297404071
The Book PogChamp,neither,0.03822330179312246,0.3076522537423983,0.6541244444644794
ADMIRAL ON DECK!!,neither,0.03582950867507171,0.34791347289591373,0.6162570184290146
that was an awesome Tweet from Amy :P,neither,0.03747594559691018,0.3458276243444463,0.6166964300586436
lol,neither,0.020706217963973744,0.4882283491876925,0.4910654328483337
oh my god I want that book,neither,0.030238589376598488,0.39875298057008596,0.5710084300533156
*gasp* pretty booook I want it,neither,0.03834392527006557,0.327127469084317,0.6345286056456174
Yay! I can see the show at work!!,neither,0.05110102150222063,0.2677633413089824,0.6811356371887969
lol,neither,0.020706217963973744,0.4882283491876925,0.4910654328483337
I have the PDF and I want the book,neither,0.037040594009200206,0.26761414619033086,0.6953452598004689
The Book exists!!,neither,0.03822330179312246,0.3076522537423983,0.6541244444644794
I'm new on this stream @GeekandSundry,neither,0.04004121331351156,0.252411338830683,0.7075474478558055
PogChamp,neither,0.03945320844208391,0.33037608806864915,0.630170703489267
kik,neither,0.03945320844208391,0.33037608806864915,0.630170703489267
Oooohhhh.,neither,0.03945320844208391,0.33037608806864915,0.630170703489267
Autographed copies? oh snap,neither,0.044013036211149846,0.2867196433589253,0.669267320429925
jj,neither,0.03945320844208391,0.33037608806864915,0.630170703489267
hh,neither,0.03945320844208391,0.33037608806864915,0.630170703489267
fmgASM,neither,0.03945320844208391,0.33037608806864915,0.630170703489267
ST: Enterprise wasn't primitive enough to be interesting to me. I wanted them to have to deal with interstellar problems with technology hardly advanced from today.,neither,0.041550479761197426,0.3539137738194794,0.6045357464193231
kissing up to the captain,neither,0.04212123711126121,0.3591552782091523,0.5987234846795866
lmao,neither,0.03705015143476208,0.3711622369619404,0.5917876116032975
OMG,neither,0.03945320844208391,0.33037608806864915,0.630170703489267
"Oh awesome, they're personalized",neither,0.06773232110015581,0.24608574622883134,0.6861819326710127
That is awesome,neither,0.044625028035607146,0.38055477549368516,0.5748201964707076
Merry Trekmas everypony,neither,0.03945320844208391,0.33037608806864915,0.630170703489267
"OMG, that's awesome",neither,0.035216499723190346,0.37653098157913223,0.5882525186976775
Amy is a hero,neither,0.047019245081505436,0.3277737811231832,0.6252069737953113
that looks like a nice book,neither,0.04536695838479874,0.38503675504061463,0.5695962865745867
what! haha she got them alll one!,offensive_language,0.051229693521561426,0.5053613841864385,0.4434089222920001
I actually wanted to get the STA RPG so I could DM a 29th Century Starfleet story; but i get the feeling I wouldn't be able to do that :(,neither,0.041242098809520206,0.36083568983374437,0.5979222113567355
"Awww, so cute",neither,0.04146496241617945,0.34472997512470166,0.6138050624591189
awwwww,neither,0.03945320844208391,0.33037608806864915,0.630170703489267
one for the crew,neither,0.031224957216663383,0.3155480506026492,0.6532269921806875
Amy is all our heroes,neither,0.04726544836186744,0.38309521717065437,0.569639334467478
well done Modipheus well done,neither,0.03835210096346887,0.34906475564227485,0.6125831433942563
I wish I had a book,neither,0.03945320844208391,0.33037608806864915,0.630170703489267
this is amazing,neither,0.050638740814203484,0.3285866302672563,0.6207746289185402
"Like, no transporters, no artificial gravity, no phasers.",neither,0.044488147770593386,0.36842881974153946,0.5870830324878671
Heya @Akira62497,neither,0.03945320844208391,0.33037608806864915,0.630170703489267
Amy you are so amazing!,neither,0.08657310068902839,0.37321369245179814,0.5402132068591735
Cheers!,neither,0.03945320844208391,0.33037608806864915,0.630170703489267
@saraphys dont give up,neither,0.035772003823733745,0.40687908488137026,0.5573489112948959
"@Saraphys you can, absolutely",neither,0.06487306102953243,0.3916104507316162,0.5435164882388513
Savage Garden,neither,0.03945320844208391,0.33037608806864915,0.630170703489267
AMY IS AWESOME,neither,0.04732197751537738,0.32766965755719646,0.6250083649274261
indeed,neither,0.03945320844208391,0.33037608806864915,0.630170703489267
AMY <3,neither,0.03945320844208391,0.33037608806864915,0.630170703489267
Eric looks so mad XD,neither,0.0394120333692824,0.37363496264641943,0.5869530039842983
heh,neither,0.03945320844208391,0.33037608806864915,0.630170703489267
It's Bonnie's now!,neither,0.036445672953093554,0.33141051743566485,0.6321438096112415
@bazag *waves*,neither,0.03945320844208391,0.33037608806864915,0.630170703489267
LOL,neither,0.020706217963973744,0.4882283491876925,0.4910654328483337
looks like an expensive book,neither,0.04881151670477862,0.3390877816949773,0.6121007016002441
Bonnie deserves it!,neither,0.037554805750496786,0.33102903580668525,0.6314161584428181
Fight! Fight! Fight! ;-p,neither,0.03945320844208391,0.33037608806864915,0.630170703489267
Amy wanted that one :),neither,0.03504934822313309,0.39895683295031126,0.5659938188265556
wgar an u warxgubf,neither,0.040261943038949574,0.3166497513307286,0.6430883056303218
Too late to regift now XD,neither,0.047388819126895944,0.33073573017691926,0.6218754506961848
haha,neither,0.03186685585600258,0.45913629025701075,0.5089968538869867
lol,neither,0.020706217963973744,0.4882283491876925,0.4910654328483337
XD :D,neither,0.03945320844208391,0.33037608806864915,0.630170703489267
lol,neither,0.020706217963973744,0.4882283491876925,0.4910654328483337
LUL,neither,0.03945320844208391,0.33037608806864915,0.630170703489267
Dayummmm,neither,0.03945320844208391,0.33037608806864915,0.630170703489267
roll for it!,neither,0.030146323493638067,0.2924653952065759,0.677388281299786
lol,neither,0.020706217963973744,0.4882283491876925,0.4910654328483337
Hey \,neither,0.03945320844208391,0.33037608806864915,0.630170703489267
oh it looks thiiiiiiiiiick,neither,0.04449110904104302,0.2627398508651258,0.6927690400938313
That's awesome!,neither,0.03419525192306799,0.38790559219732307,0.5778991558796089
BAD WOED,neither,0.03134487231026809,0.3331649166770195,0.6354902110127125
https://clips.twitch.tv/PerfectEnchantingCaribouPlanking,neither,0.03945320844208391,0.33037608806864915,0.630170703489267
reverse rank has it's priviledges,neither,0.038624692958713985,0.32526499142412346,0.6361103156171626
You know he will,neither,0.08783452634889448,0.36412891174325135,0.5480365619078542
:-),neither,0.03945320844208391,0.33037608806864915,0.630170703489267
Bonnie asks for security during the break. :),neither,0.03449219842697838,0.2975324039675164,0.6679753976055053
:D,neither,0.03945320844208391,0.33037608806864915,0.630170703489267
:D,neither,0.03945320844208391,0.33037608806864915,0.630170703489267
^_^ I love seeing these guys geek out.,neither,0.039947331549977635,0.4142171393084294,0.5458355291415931
:D,neither,0.03945320844208391,0.33037608806864915,0.630170703489267
<3,neither,0.03945320844208391,0.33037608806864915,0.630170703489267
Love her hair,offensive_language,0.02513992278012551,0.642094385655478,0.33276569156439645
lol,neither,0.020706217963973744,0.4882283491876925,0.4910654328483337
"First night here, excited!",neither,0.06063322814068768,0.298221291716914,0.6411454801423984
Vulcan!,neither,0.03945320844208391,0.33037608806864915,0.630170703489267
oh this is so amazing,neither,0.05530125568087235,0.32339924544867726,0.6212994988704503
Greetings and Felicitations Biological Organisms,neither,0.03857111107789432,0.2851340175310554,0.6762948713910502
A rare moment of geekdom... wait... no... this always happens,neither,0.05241566289724249,0.37427173627019894,0.5733126008325585
Wanna see all the messages so bad,neither,0.03706885698332188,0.4217718302933195,0.5411593127233586
Hello hello!,neither,0.03945320844208391,0.33037608806864915,0.630170703489267
mostly bag of water here,neither,0.08371039717094854,0.25580054604198144,0.6604890567870699
See Eric...Your getting that bad karma from trying to keep the cookies from Amy earlier during Mines N Crafts and wanting to see her pouty face. You kinda had this coming ;),neither,0.05182676029871338,0.4261549067316442,0.5220183329696424
@GeekandSundry The awesoming must never end.,neither,0.03515506824394601,0.34017335301314844,0.6246715787429056
Hey ZEFilms,neither,0.03945320844208391,0.33037608806864915,0.630170703489267
we invented red dwarf the youg ones and bottom british comedy rules,neither,0.03848890107076202,0.3035921652541644,0.6579189336750736
"see ! The guys at Modiphius are just fantastic! I fell in love with them with Mutant Chronicles, and their Star Trek Game is (as we get to see here on SoT) equally superb",neither,0.05565514959253345,0.35060393223395153,0.5937409181735149
this is Geek & Sundry,neither,0.0484976811701294,0.3289671781834557,0.6225351406464149
PogChamp,neither,0.03945320844208391,0.33037608806864915,0.630170703489267
"@GeekandSundry It's in your title, after all.",neither,0.07292885076573695,0.39689037355431867,0.5301807756799444
What a fantastic gift for the whole crew.,neither,0.038184433320271494,0.29678488747403037,0.6650306792056981
Hi @ZEFilms,neither,0.03945320844208391,0.33037608806864915,0.630170703489267
PogChamp,neither,0.03945320844208391,0.33037608806864915,0.630170703489267
Aaahh!!,neither,0.03945320844208391,0.33037608806864915,0.630170703489267
all day err day is geekdom,neither,0.048945288805016404,0.36163592388992566,0.5894187873050579
Oh that looks cool!,neither,0.04071702442037009,0.3215744051822284,0.6377085703974016
:D,neither,0.03945320844208391,0.33037608806864915,0.630170703489267
that's so cool eric,neither,0.03550361135157537,0.4171970509152597,0.5472993377331647
HECK yes nice screen!,neither,0.03945320844208391,0.33037608806864915,0.630170703489267
lol bonnie beware you may be attacked by a borg during the game and secreeetedaway,neither,0.043517337287384994,0.34187980892753767,0.6146028537850774
"Gonna try to hang in there as long as I can, bu it's late! Hi all!",neither,0.04008574575838656,0.3984493359088221,0.5614649183327912
Sup Mic!,neither,0.03945320844208391,0.33037608806864915,0.630170703489267
@Phosph0rescence7991 I'll ask the cast if they can tweet out pictures on the break.,neither,0.024766500199788648,0.35816318217058474,0.6170703176296265
Mike surprise!,neither,0.03945320844208391,0.33037608806864915,0.630170703489267
Times when you wish your disposable income was alot more then it was.,neither,0.05824232979527217,0.3765885762207795,0.5651690939839482
ooh nice,neither,0.03945320844208391,0.33037608806864915,0.630170703489267
"Testing testing, 1-2-3",neither,0.03945320844208391,0.33037608806864915,0.630170703489267
I'm literally doing the PogChamp face IRL,neither,0.038729210835308676,0.31719546097524115,0.6440753281894501
I adore these folks geeking out!,neither,0.043043033102251695,0.4122657401442352,0.5446912267535131
"This is such a great way to start this stream, everyone's so happy and new things are here!",neither,0.08980086636886972,0.2784285301307094,0.6317706035004209
A great cover.My favorite starship on bonnie's book!,neither,0.02776016978315283,0.38400224123659876,0.5882375889802484
I'd do this show for free... they get free stuff...,neither,0.045216047439783,0.2652966681868963,0.6894872843733207
Cheers to Modiphius for this great system!,neither,0.038212181359966436,0.28790937238619874,0.6738784462538349
Snort count: 1,neither,0.03945320844208391,0.33037608806864915,0.630170703489267
"I wish my gaming group was as into Star Trek as O a,",neither,0.031210556270707127,0.41282888375434657,0.5559605599749462
One,neither,0.037120114141193455,0.4161101105580569,0.5467697753007497
*as I am,neither,0.03586144015839847,0.38632281469595064,0.5778157451456509
You keeping count Cin?,neither,0.05744073095254862,0.3808041253751135,0.5617551436723379
lol,neither,0.020706217963973744,0.4882283491876925,0.4910654328483337
anyone got a link to where they got their uniforms?,neither,0.043334708931398035,0.3671061412989863,0.5895591497696159
booooo,neither,0.03945320844208391,0.33037608806864915,0.630170703489267
So glad I got the PDF version of the book. $140 Canadian for a total of 9 source books over the next year.,neither,0.033842311113701215,0.33980772193970693,0.6263499669465917
"I wanted to get the Trek 2009 uniform, they actually had the black shirt separate but never happened, bleh.",neither,0.04696624294556748,0.3327340642786471,0.6202996927757854
Gorn 4 EVER!!!!!!!,neither,0.03945320844208391,0.33037608806864915,0.630170703489267
!sotlaugh,neither,0.03945320844208391,0.33037608806864915,0.630170703489267
"Yes, the joke was funny, so funny that Bonnie Gordon snort-laughed! She's done this 1 times so far this episode! Awww...",neither,0.03675773569344037,0.4271653187335094,0.5360769455730502
Where can we get this book?,neither,0.04082905648789837,0.307024356053905,0.6521465874581965
Shield of Tomorrow is an RPG based on Star Trek Adventures by Modiphius http://www.modiphius.com/star-trek.html @FrankieDooSpace,neither,0.04026185048711129,0.3026026754782974,0.6571354740345913
Always Gotta keep count,neither,0.0360168250727109,0.41290876738071514,0.551074407546574
@frankenstein1912 I try but I usually get distracted,neither,0.0363939434620226,0.34533918793686164,0.6182668686011158
also it's almost 1am and I have work >.>,neither,0.03737466336842196,0.3068171838813729,0.655808152750205
Tales of the Loop is a great system,neither,0.04286784362614699,0.30143587307748915,0.6556962832963639
"I'd say sleep, but you'd probably say no",neither,0.04758555737259311,0.4080491410998916,0.5443653015275154
"the doc has romulan ale, look out!",neither,0.03640012562366978,0.3234403841387971,0.6401594902375332
omg that's adorable,neither,0.03530930243974621,0.37550147519374477,0.589189222366509
Just finishing up now,neither,0.03232040413134428,0.4069324488784497,0.5607471469902059
@Zismarith Cool!!!,neither,0.03945320844208391,0.33037608806864915,0.630170703489267
"Hey cool, thumbs up devs of STO!",neither,0.03637006902081946,0.3934751936871169,0.5701547372920637
their still streaming it,neither,0.03728614453856188,0.3450657180331061,0.6176481374283319
@techiecarer Is that one the same system as STA?,neither,0.039952886857321984,0.3986892928505787,0.5613578202920994
"Jesse Heinig, the GM is awesome",neither,0.04490650013644456,0.3158625232468637,0.6392309766166917
where is that other site?,neither,0.04521617930444728,0.3373811706798113,0.6174026500157412
Its literally ending rignt now,neither,0.033875419596900894,0.33229454542537584,0.6338300349777233
YAAAAAAAAAAAAS,neither,0.03945320844208391,0.33037608806864915,0.630170703489267
:),neither,0.03945320844208391,0.33037608806864915,0.630170703489267
Yay,neither,0.03945320844208391,0.33037608806864915,0.630170703489267
im super excited!!!,neither,0.03856020708158511,0.3642648449335632,0.5971749479848517
YESSS codes,neither,0.03945320844208391,0.33037608806864915,0.630170703489267
yay,neither,0.03945320844208391,0.33037608806864915,0.630170703489267
hrpgSharky BegWan,neither,0.03945320844208391,0.33037608806864915,0.630170703489267
Yes!,neither,0.03945320844208391,0.33037608806864915,0.630170703489267
"I'm just saying if they don't want them to be klingon, why call them klingons?",neither,0.029831072418277142,0.38720965269297974,0.5829592748887431
So excite!,neither,0.03940934168832202,0.38195233036853654,0.5786383279431415
oooohhhh,neither,0.03945320844208391,0.33037608806864915,0.630170703489267
Woohoo!!!!,neither,0.03945320844208391,0.33037608806864915,0.630170703489267
so excited,neither,0.03940839469474773,0.3948270312238364,0.565764574081416
Yaaas,neither,0.03945320844208391,0.33037608806864915,0.630170703489267
OMFG I LOVE THAT GAME,neither,0.03231064652448099,0.3433109720320906,0.6243783814434285
Lasers and Feelings,neither,0.03831466876766074,0.2692728797458999,0.6924124514864394
I forgot Eric was being dragged to Burning Man lol,neither,0.03531042464072103,0.4180255664213784,0.5466640089379005
Nimbus III,neither,0.03945320844208391,0.33037608806864915,0.630170703489267
just startef playinf sto. pretty great,neither,0.032007983561791055,0.32531014621062726,0.6426818702275816
that could be amazing,neither,0.03563013414568461,0.3814688294311964,0.5829010364231189
That's cool :),neither,0.0331105145141573,0.4000689531361105,0.5668205323497322
don't you just hate it when your computer decides to restart when you're in the middle of something,neither,0.2095324691070068,0.35901974227071287,0.4314477886222803
Also known as Burning Man,neither,0.03786507351758952,0.40738600520845997,0.5547489212739505
No Cookie Goblin next week?,neither,0.03793666845032612,0.3561157295827715,0.6059476019669023
"Right, Eric got the book, so Sax is up to bat next.",neither,0.04441928828370741,0.42621044689008186,0.5293702648262109
hes going to the deserts of vulcan,neither,0.04411545162415603,0.3388389250407368,0.6170456233351072
Doubleclicks shout out?,neither,0.033587545375606404,0.35325993089694885,0.6131525237274448
@roribeedm I think it's a different system that they've used in some of their other products,neither,0.020750975277816205,0.3449084525630527,0.6343405721591311
@Science112095 omg yes my stoopid tab keeps restarting im getting so frustrated right now!,neither,0.030829541711504815,0.45472559971350923,0.514444858574986
The Doubleclicks are great!,neither,0.0782931033092387,0.2104935364989817,0.7112133601917796
Sam has some high standards of success,neither,0.032047011359511705,0.39150908767472653,0.5764439009657618
Have fun Eric!,neither,0.03890445042740455,0.3396899437220543,0.6214056058505412
Are we doing a burning man count here too? :P,neither,0.10175575241154153,0.31495705494919185,0.5832871926392665
cuz 1,neither,0.03945320844208391,0.33037608806864915,0.630170703489267
Oh that'll be a culture shock lol,neither,0.034690294876156234,0.36903941875236984,0.5962702863714738
Is the terrible buffering just me?,neither,0.03348724295449052,0.374848249628737,0.5916645074167723
anyone link to other ST show online ?,neither,0.055262232983032795,0.2753647900666961,0.6693729769502712
"yeah, it's constant for me",neither,0.01643847709375832,0.4343566072826786,0.549204915623563
I'm getting no blips.,neither,0.031688652880967796,0.46216085981605604,0.5061504873029761
Aw Bonnie,neither,0.03945320844208391,0.33037608806864915,0.630170703489267
awww Bonnie,neither,0.03945320844208391,0.33037608806864915,0.630170703489267
I mean I'm not buffering,neither,0.03720885475443861,0.33888558018171216,0.6239055650638492
Hopefully better than in the game Bonnie! :D,neither,0.037774724491461346,0.286250116419051,0.6759751590894877
perfectworld twitch channel,neither,0.03945320844208391,0.33037608806864915,0.630170703489267
Hawaii,neither,0.03945320844208391,0.33037608806864915,0.630170703489267
https://twitter.com/AlizaPearl/status/900575223505760258,neither,0.038839322835287696,0.43150949317999215,0.5296511839847202
Don't forget to visit Star Trek Online and support Shield of Tomorrow! www.StarTrekOnline.com/ShieldofTomorrow,neither,0.05687602105656693,0.30425729811326435,0.6388666808301687
"... I always wondered, how do you improv star trek?",neither,0.04991817395778076,0.4002300653950569,0.5498517606471625
I wondered when Amy was going to gain her Andorian antenna.,offensive_language,0.03012989292414421,0.5098620729765496,0.4600080340993062
Hey everyone!,neither,0.031959242684595296,0.4575682446653829,0.5104725126500218
Eclipse The Webseries: https://twitter.com/AlizaPearl/status/900575851284058112,neither,0.03798107134293994,0.41251714312318205,0.549501785533878
Hey Rick!,neither,0.03945320844208391,0.33037608806864915,0.630170703489267
:o,neither,0.03945320844208391,0.33037608806864915,0.630170703489267
Hi @rbudd,neither,0.03945320844208391,0.33037608806864915,0.630170703489267
wow!,neither,0.03945320844208391,0.33037608806864915,0.630170703489267
WOW!,neither,0.03945320844208391,0.33037608806864915,0.630170703489267
Hi hi @rbudd,neither,0.03945320844208391,0.33037608806864915,0.630170703489267
Hello,neither,0.03945320844208391,0.33037608806864915,0.630170703489267
@danoba hey danoba. How is you ??,neither,0.0854412828126283,0.3953167460802555,0.5192419711071162
"@dradcon logs of commentaries about the ""Captains log"" :D lol",neither,0.029305865621358534,0.3967261004596923,0.5739680339189491
