text,top_class,hate_speech,offensive_language,neither
Bidet from Canton Ohio,neither,0.040754399270683486,0.3082914838698526,0.650954116859464
Michigan critters what's up!!!,neither,0.0425583996741479,0.38742828602225954,0.5700133143035926
there we go,neither,0.04083933629015207,0.27628362646603744,0.6828770372438104
bidet from Idaho,neither,0.04066490145509902,0.30981049537100724,0.6495246031738937
"Bidet from VIctoria, Canada!",neither,0.040394171658393964,0.31440548656955947,0.6452003417720467
bidet from sw wisconsin!,neither,0.04071751644889743,0.3089174816120565,0.6503650019390461
"@ObsidianLiger Yes, it's not up yet. they are 15 min behind tonight.",neither,0.0482338485593267,0.32167210964620707,0.6300940417944662
@Szorrin goedemorgen deze morgen!!,neither,0.03945320844208391,0.33037608806864915,0.630170703489267
Bidet from the Watermelon Capital of Texas!!!!!,neither,0.03954759513296356,0.30504244495931904,0.6554099599077173
live now,neither,0.04690879655657297,0.3278117694355912,0.6252794340078359
refresh,neither,0.03945320844208391,0.33037608806864915,0.630170703489267
refresh all,neither,0.041581534396601456,0.41502748495485636,0.5433909806485423
Will our heroes defeat Vecna? Will Grog ever learn to read? Will Vox Machina ever find Larkin? Find out next time on Critical Role Z!,neither,0.043226711305719825,0.254484407628787,0.7022888810654931
ART IS ON,neither,0.04577223284314942,0.34380959361810587,0.6104181735387448
"Bidet from Bangor, Maine!",neither,0.04069404815304118,0.30931579984010865,0.6499901520068502
During the live show i was hoping for sam to come out with a large sign with the works TPK on it.,neither,0.031634108008239646,0.32635996319911886,0.6420059287926415
@SirElghinn its almost the best lol,neither,0.025095078730099505,0.36295050382491745,0.6119544174449829
bidet from Utah <3,neither,0.04066490145509902,0.30981049537100724,0.6495246031738937
wooooot,neither,0.03945320844208391,0.33037608806864915,0.630170703489267
Rock Chalk!,neither,0.03945320844208391,0.33037608806864915,0.630170703489267
Bidet from Nova Scotia,neither,0.04228451509352876,0.2823214250720796,0.6753940598343917
Anyone here from NE?,neither,0.0850139401443955,0.2785445211569196,0.6364415386986849
"Channel is live, refresh for fanart!",neither,0.04409263308303771,0.3042751930458975,0.6516321738710649
there we are,neither,0.08607954336065433,0.20195040804986608,0.7119700485894797
hi cabiekills,neither,0.03945320844208391,0.33037608806864915,0.630170703489267
HGCROLL2 Bidet HGCROLL2,neither,0.03945320844208391,0.33037608806864915,0.630170703489267
It's happening,neither,0.037828236809968684,0.3309349903269868,0.6312367728630445
a little late BibleThump,neither,0.039045956263895044,0.3372882203760056,0.6236658233600995
i hope the stream breaks 40k tonight!!!,neither,0.06336326139956096,0.21530470301878074,0.7213320355816584
artwork has started,neither,0.04001462074307284,0.3208474561515149,0.6391379231054122
refresh,neither,0.03945320844208391,0.33037608806864915,0.630170703489267
any know how late?,neither,0.03945320844208391,0.33037608806864915,0.630170703489267
Swamp Ratz,neither,0.03945320844208391,0.33037608806864915,0.630170703489267
bidet from Huntington Beach CA!!!!! so hyped for this game tonight!!!,neither,0.03435889161368177,0.29039733697443865,0.6752437714118795
Bidet from Newtown Pa,neither,0.04069404815304118,0.30931579984010865,0.6499901520068502
got my tarot cards in the mail today. squeeeee,neither,0.028132707553726856,0.39991318846263035,0.5719541039836428
"Last week was half Grog and Vex pranking Scanlan, half making their way to Vecna's city on top of an undead Titan.",neither,0.04147944103791756,0.3053709315490908,0.6531496274129917
Bidet from Indiana,neither,0.0408364874901429,0.30689823255244486,0.6522652799574122
Bidet from Washington DC!,neither,0.040481371650474204,0.3129254751301128,0.646593153219413
i'm from Niagara Falls :D,neither,0.04078317879478948,0.307803020237201,0.6514138009680096
"@brekarius made plans to attack then Vecna showed up in an illusion, now theyre flying towards a reanimated titan",neither,0.04158594549496289,0.3524650965377067,0.6059489579673304
Bidet and Beep Beep from San Jose,neither,0.039622768031503004,0.2786722138101555,0.6817050181583416
````````````````````````````,neither,0.03945320844208391,0.33037608806864915,0.630170703489267
F5,neither,0.03945320844208391,0.33037608806864915,0.630170703489267
This is my first week watching live,neither,0.0327227671733381,0.405165971185551,0.5621112616411109
when will it start?,neither,0.02745205628400021,0.36334686761260804,0.6092010761033918
bidet from central Texas,neither,0.04047527847633896,0.31302889219710534,0.6464958293265558
First time live! Eeeeeee!,neither,0.035809960981031994,0.34817805097968235,0.6160119880392856
"Bidet & BEEP BEEP, from the pacific nw!",neither,0.039592831552487315,0.29404284713077855,0.6663643213167342
15 miinutes,neither,0.03945320844208391,0.33037608806864915,0.630170703489267
Bidet from Seattle,neither,0.040754399270683486,0.3082914838698526,0.650954116859464
They're starting late? like an hour from now?,neither,0.063870400086584,0.3028042057752146,0.6333253941382015
Who imagines a death tonight?,neither,0.03667226824553295,0.3714816662395963,0.5918460655148707
on twitch I mean,neither,0.03662771319639589,0.34394642455430524,0.6194258622492987
there we go!!!,neither,0.04083933629015207,0.27628362646603744,0.6828770372438104
"This will be a cakewalk. For the real end of the campaign, Tarrasque or nothing.",neither,0.029297258116314975,0.3832015269837221,0.5875012148999629
Bidet from England~,neither,0.04071751644889743,0.3089174816120565,0.6503650019390461
bidet from Brazil!,neither,0.04079557052152802,0.30759270029461827,0.6516117291838538
Bidget from Florida,neither,0.0408948396164547,0.30590784468201904,0.6531973157015263
@Azanori Just moved from there 3 years ago,neither,0.036568590462648494,0.2986155880139835,0.6648158215233679
"Hey, ya'll and bidet from Prattville, Alabama.",offensive_language,0.02711710676413698,0.49556296591717375,0.4773199273186891
bidet from Sydney Australia,neither,0.04031924518627951,0.315677184343852,0.6440035704698686
Bidet from Montana!!!,neither,0.04078317879478948,0.307803020237201,0.6514138009680096
@travissim0 15 minutes or so,neither,0.03941116295721035,0.37582986626468917,0.5847589707781006
"Personally, I expect at least 3 more eps of this campaign. Get through the titan in one, fight vecna in another, then wrap up in the third.",neither,0.05462795799781063,0.3307970528494177,0.6145749891527716
@dropoutjohn yes,neither,0.03945320844208391,0.33037608806864915,0.630170703489267
How late is a little late?,neither,0.045203991451882815,0.3320779845367435,0.6227180240113738
@soulsplitter187 Een goede morgen inderdaad! Bijna niet te doen zonder een goed kop koffie of 3!,neither,0.03945320844208391,0.33037608806864915,0.630170703489267
hihihihih,neither,0.03945320844208391,0.33037608806864915,0.630170703489267
Bidet from Canada,neither,0.04071751644889743,0.3089174816120565,0.6503650019390461
any purdue hype in the chat??,neither,0.038658400962528976,0.3158786042845775,0.6454629947528935
"First Crit role tonight, super exited",neither,0.03139793744520918,0.31306098458807075,0.6555410779667201
Bidet from Attleboro Massachusetts,neither,0.04069404815304118,0.30931579984010865,0.6499901520068502
Yakima?,neither,0.03945320844208391,0.33037608806864915,0.630170703489267
first,neither,0.02604892428726219,0.3349864360510187,0.6389646396617191
Gamer hugs from CA,neither,0.040252367988660484,0.31681226492302444,0.642935367088315
budet from Iowa!,neither,0.04069404815304118,0.30931579984010865,0.6499901520068502
bidet from colorado,neither,0.04066490145509902,0.30981049537100724,0.6495246031738937
I'm going to be casting this from my tablet to my tv in the bedroom. Need a stream to be active i think before it will send the video properly,neither,0.03728826721811423,0.36325214600978983,0.5994595867720959
Late? Outrageous,neither,0.03945320844208391,0.33037608806864915,0.630170703489267
15 minutes late,neither,0.03945320844208391,0.33037608806864915,0.630170703489267
Bidet from Omaha,neither,0.04228451509352876,0.2823214250720796,0.6753940598343917
how late we talkin? do i have time to make food?,neither,0.0440523093654288,0.34989595888711805,0.6060517317474532
God-tier fight in 8 minutes!,neither,0.03945320844208391,0.33037608806864915,0.630170703489267
I am so worried we are gonna lose some NPC's we've come to love in this weeks session Q____Q,neither,0.031480216319342516,0.3730513880451898,0.5954683956354677
bidet from new york,neither,0.044690599332616286,0.20708884905532376,0.7482205516120599
"@TheDiMono thank you, 15 minutes it is",neither,0.062035882618306754,0.37704642738498845,0.5609176899967048
starting late today!,neither,0.03800851483403826,0.3081593852298702,0.6538320999360915
pit crew is working on some tech issues and the show will start 15 mins late,neither,0.04395371942833851,0.2686972495503265,0.6873490310213349
Bidet from Tacoma,neither,0.04228451509352876,0.2823214250720796,0.6753940598343917
@jpcguy89 thats if he's still alive even now... its been a while since we've seen him (maybe his mine is now a fallout shelter),neither,0.02979283236511524,0.36381311987801385,0.6063940477568709
I love watching the live viewers number goo up by hundreds at a time,neither,0.03768072234643225,0.408478279458765,0.5538409981948027
bidet from New Brunswick,neither,0.046710622032705686,0.1542697019613409,0.7990196760059534
"Bidet from Kansas City, Missouri",neither,0.04029353944143336,0.3161134779205393,0.6435929826380274
15 mins,neither,0.03945320844208391,0.33037608806864915,0.630170703489267
Bidet from...the car driving home from vacation in upstate Maine,neither,0.04008236310026341,0.30202950858137373,0.6578881283183629
bidet from AZ! got time off to watch my first live show!!,neither,0.04558617288091961,0.36703858191649363,0.5873752452025868
"Bidet from Millcreek, UT!",neither,0.04071751644889743,0.3089174816120565,0.6503650019390461
,neither,0.03945320844208391,0.33037608806864915,0.630170703489267
bidet from tulsa,neither,0.04228451509352876,0.2823214250720796,0.6753940598343917
"@dropoutjohn there will be at least one death, even if they all survive",neither,0.02814122479648682,0.4168511265975301,0.5550076486059831
Hi,neither,0.03945320844208391,0.33037608806864915,0.630170703489267
bidet,neither,0.03945320844208391,0.33037608806864915,0.630170703489267
when they say 'a little late' how late are we talking?,neither,0.04612974665901611,0.3378420679529778,0.6160281853880061
Bidet from Canada,neither,0.04071751644889743,0.3089174816120565,0.6503650019390461
Bidet from California,neither,0.06971251856910227,0.2972619859879888,0.633025495442909
betit from halifax nova scoita,neither,0.04228451509352876,0.2823214250720796,0.6753940598343917
@szorrin of een halve liter sterke thee! haha,neither,0.03586414262808379,0.39129190164760935,0.5728439557243069
I like this method of warning us,neither,0.08330273811623488,0.3367880277134831,0.5799092341702822
Hail and well met my dudes,neither,0.030242789504408663,0.3635875707739033,0.606169639721688
they tweeted out 15 min delay,neither,0.03590850619816556,0.3438766464142394,0.620214847387595
Michigan critter master race :p,neither,0.27708558674205236,0.06427925987062301,0.6586351533873246
Bidet from CO,neither,0.04181741232017598,0.2902493781769742,0.6679332095028498
bidet from Cali!,neither,0.04079557052152802,0.30759270029461827,0.6516117291838538
gandsSubHype gandsSubHype gandsSubHype gandsSubHype gandsLessthanthree gandsLessthanthree gandsLessthanthree,neither,0.03945320844208391,0.33037608806864915,0.630170703489267
fan art up,neither,0.03676639129956834,0.384805925231397,0.5784276834690346
Bidet from Cedar Rapids,neither,0.04228451509352876,0.2823214250720796,0.6753940598343917
bidet,neither,0.03945320844208391,0.33037608806864915,0.630170703489267
"Bidet from Syracuse, NY",neither,0.04084513770590474,0.30675141581570226,0.6524034464783931
first time watching cr live,neither,0.03608106975898162,0.34681067995093967,0.6171082502900788
Hes' my husband and I will cut you!!!!,neither,0.041393763425228866,0.38480757197113535,0.5737986646036356
ah dimono preempted :p,neither,0.03945320844208391,0.33037608806864915,0.630170703489267
bidet from vienna,neither,0.04062582848913359,0.31047366557575606,0.6489005059351104
Bidet from Missouri!,neither,0.04071751644889743,0.3089174816120565,0.6503650019390461
"Question chat, any canadien order some stuff at geek&sundry? how much time it usually take? :O",neither,0.03204459510990137,0.35989294927972637,0.6080624556103723
Hello y'all,neither,0.04217753453783664,0.43734383323855475,0.5204786322236087
What an age to be living in..... where thousands of people tune and cheer on people playing D&D... What a beautiful world.,neither,0.07754435630571564,0.2945112759872563,0.627944367707028
"""Starting a little late""? ... meaning",neither,0.03920459773528383,0.3345956605852893,0.626199741679427
"I won't be able to see all of the stream, but I'll enjoy what I see.",neither,0.04511926403150175,0.3632951115946153,0.591585624373883
bidet and beep beep from buffalo NY,neither,0.03962185880556339,0.27890671615001783,0.6814714250444189
HIIIIIII,neither,0.03945320844208391,0.33037608806864915,0.630170703489267
bidet from AZ,neither,0.04078317879478948,0.307803020237201,0.6514138009680096
"man, i do love this song....",neither,0.037208356883170264,0.4270119580301094,0.5357796850867205
Still blank,neither,0.03842896217742916,0.3477602202495847,0.6138108175729862
its finally the night where they wipe :( RIP,neither,0.030968557993644043,0.2979611007852568,0.6710703412210991
beep beep from Utah! ! ! ! !,neither,0.04066490145509902,0.30981049537100724,0.6495246031738937
bidet from UK,neither,0.04079557052152802,0.30759270029461827,0.6516117291838538
bidet from california!!!,neither,0.06971251856910227,0.2972619859879888,0.633025495442909
bidet from fla <3,neither,0.04228451509352876,0.2823214250720796,0.6753940598343917
"Here we go peops, into the titan",neither,0.1033223594440088,0.2713027520702206,0.6253748884857706
Bidet from Arizona,neither,0.04078317879478948,0.307803020237201,0.6514138009680096
Bidet from Bako CA,neither,0.04084513770590474,0.30675141581570226,0.6524034464783931
Vox vs. Vecna,neither,0.03945320844208391,0.33037608806864915,0.630170703489267
@SirElghinn honestly i've been thinking of moving too just for a change of scenery and better internet lol. glad to know there was a fellow Critter here,neither,0.035395163296681804,0.2964328662788581,0.6681719704244602
Atx bidet,neither,0.03945320844208391,0.33037608806864915,0.630170703489267
Refresh,neither,0.03945320844208391,0.33037608806864915,0.630170703489267
What is bidet?,neither,0.08191733112755817,0.31109320414220176,0.6069894647302402
@soulsplitter187 Oh ja dat werkt ook goed! gansSCANLAN,neither,0.042912719542243065,0.2970025877551908,0.6600846927025662
gandsLessthanthree,neither,0.03945320844208391,0.33037608806864915,0.630170703489267
"Bdet from Centralia, Wa.",neither,0.04071751644889743,0.3089174816120565,0.6503650019390461
Bidet From Orlando Florida!,neither,0.040412632663812495,0.31409215512822203,0.6454952122079655
"Bidet from Weymouth, MA",neither,0.031816597323666866,0.4599893087150652,0.5081940939612679
cube,neither,0.03945320844208391,0.33037608806864915,0.630170703489267
how long until critical role,neither,0.03927810744174978,0.3289098148353273,0.6318120777229229
Bidet from Ontario,neither,0.04062582848913359,0.31047366557575606,0.6489005059351104
"Let me guess, sam is late? ;)",neither,0.026286114536658432,0.3918466697337827,0.5818672157295589
@des101199 I'm tired. Are you tired?,neither,0.08356357030224695,0.3276586671405539,0.588777762557199
they're starting about 15 minutes late tonight,neither,0.04787518410567834,0.31398808707110665,0.638136728823215
bidet from albania,neither,0.04228451509352876,0.2823214250720796,0.6753940598343917
Bidet from CT!,neither,0.04066490145509902,0.30981049537100724,0.6495246031738937
"I just hope we get an encounter in tonight, I'd love to see some of the stuff their up against",neither,0.04831414991692023,0.28183572605025775,0.669850124032822
ARTWORK <3,neither,0.03945320844208391,0.33037608806864915,0.630170703489267
bidet from Minnesota,neither,0.04071751644889743,0.3089174816120565,0.6503650019390461
Oh god today could be the very last,neither,0.041902265227073,0.26370932063360636,0.6943884141393206
Bidet from Ohio!! :),neither,0.040754399270683486,0.3082914838698526,0.650954116859464
Bidet my firends,offensive_language,0.011017215557639733,0.6062201221254095,0.3827626623169507
Hello everybody!!!,neither,0.03945320844208391,0.33037608806864915,0.630170703489267
@farbrorblue yep,neither,0.03945320844208391,0.33037608806864915,0.630170703489267
bidet from red deer alberta Canada,neither,0.04004103149568212,0.3175345349467389,0.6424244335575789
Bidet means good day but in grog speak,neither,0.03627857550409665,0.32596842691164957,0.6377529975842539
Bidet from NYC,neither,0.04081748366884477,0.3072207769958956,0.6519617393352596
Bidet from Rome ga,neither,0.040402255548430084,0.3142682818583747,0.6453294625931952
"@Moleking82uk idc if Matt has to make him a god. He NEEDS to be in the next campaign. Even if it just so happens to be an identical, unrelated, exactly the same character who just so happens to be named Victor as well.",neither,0.043918945972841725,0.425020048385185,0.5310610056419733
ART HYPE,neither,0.03945320844208391,0.33037608806864915,0.630170703489267
Bidet everyone,offensive_language,0.02988896790634741,0.4927062106388782,0.4774048214547744
bidet from uk,neither,0.04079557052152802,0.30759270029461827,0.6516117291838538
I love watching everyones art,neither,0.036487122858239816,0.344196880068671,0.6193159970730893
Bidet from CT!,neither,0.04066490145509902,0.30981049537100724,0.6495246031738937
"@RearmedDreamer i imagine a ""swayze ghost"" moment when vax is leaving xD",neither,0.03731696679882197,0.36287373600553835,0.5998092971956398
bidet from Chicago,neither,0.04078317879478948,0.307803020237201,0.6514138009680096
bidet,neither,0.03945320844208391,0.33037608806864915,0.630170703489267
Time for some CR and Skyrim: SE <3,neither,0.029798022948141475,0.30782174638818416,0.6623802306636744
just finished with the last episode. this timing! wish you all a wonderful evening.!,neither,0.03841969591595359,0.41606580920650854,0.545514494877538
bidet from an east coast Canadian out west this week!,neither,0.03752200666022716,0.32718160931073553,0.6352963840290372
"Question chat, any canadien order some stuff at geek&sundry? how much time it usually take? :O",neither,0.03204459510990137,0.35989294927972637,0.6080624556103723
"I was horribly sick earlier, glad its over and Im here with my family!!! <3 bidet from Red Deer Alberta!",neither,0.03856235577652269,0.36206080049521877,0.5993768437282585
"Bidet from Rocky Mount, VA!",neither,0.040204914280420834,0.31761767819616116,0.6421774075234179
Beep beep,neither,0.03945320844208391,0.33037608806864915,0.630170703489267
Bidet from SLC!,neither,0.04228451509352876,0.2823214250720796,0.6753940598343917
"there about to sneak inside an UNDEAD EARTH TITAN ,, what could go wrong????",neither,0.04288603486626153,0.19191448621218307,0.7651994789215555
Bidet Critters!!! <3,neither,0.03945320844208391,0.33037608806864915,0.630170703489267
Pleasure to be here,neither,0.11124373559026698,0.2844292768267194,0.6043269875830135
"Define ""starting late""",neither,0.03945320844208391,0.33037608806864915,0.630170703489267
Oh Hai critters,neither,0.051363287716059566,0.22255663153133606,0.7260800807526044
love potion lol,neither,0.021988244645683455,0.4606841293023231,0.5173276260519934
"wonders how late ""a little late"" is",neither,0.04439921840723799,0.33186972853290747,0.6237310530598545
they are late because they are waiting for Ashley to land??,neither,0.07206822385948929,0.2572061900423398,0.6707255860981709
bidet from texas!,neither,0.040937266849991,0.30518774380265185,0.6538749893473571
that sam art gandsNatTwenty gandsNatTwenty,neither,0.035649772124131535,0.37173073847126004,0.5926194894046084
Shocking :o,neither,0.03945320844208391,0.33037608806864915,0.630170703489267
perfect im late too.,neither,0.03833787007429954,0.3672537041277861,0.5944084257979144
Bidet,neither,0.03945320844208391,0.33037608806864915,0.630170703489267
"The channel has gone live, if you cannot see fanart please refresh.",neither,0.03788756642177899,0.3746723586437661,0.5874400749344549
bidet from utah,neither,0.04066490145509902,0.30981049537100724,0.6495246031738937
Bidet from Virginia,neither,0.04079557052152802,0.30759270029461827,0.6516117291838538
Bidet from Eureka Springs,neither,0.04062582848913359,0.31047366557575606,0.6489005059351104
Bidet from CT,neither,0.04066490145509902,0.30981049537100724,0.6495246031738937
griffith D:,neither,0.03945320844208391,0.33037608806864915,0.630170703489267
"Anyone know how late ""late"" is mods/chat?",neither,0.04448533771670265,0.32864530805978787,0.6268693542235094
Bidet from Minnesota! gandsLessthanthree gandsLessthanthree gandsLessthanthree gandsSubHype gandsSubHype gandsSubHype,neither,0.04071751644889743,0.3089174816120565,0.6503650019390461
bidet from Wisconsin!,neither,0.04071751644889743,0.3089174816120565,0.6503650019390461
,neither,0.03945320844208391,0.33037608806864915,0.630170703489267
bidet,neither,0.03945320844208391,0.33037608806864915,0.630170703489267
bidet,neither,0.03945320844208391,0.33037608806864915,0.630170703489267
@BIGstevooo What did you order and when?,neither,0.048353828606237534,0.3791879828900278,0.5724581885037348
Bidet from Northern California,neither,0.058218649711469915,0.3084304411370911,0.6333509091514389
Do y'all think they'll fight Vecna today?,neither,0.04132070251589736,0.3635106499330877,0.5951686475510151
"@Azanori We now live in Southern CA, like an hour from where they live stream from",neither,0.05169779376038622,0.30209230807662585,0.6462098981629878
Beep beep from Arkansas!,neither,0.04066490145509902,0.30981049537100724,0.6495246031738937
so excited!!!!,neither,0.03940839469474773,0.3948270312238364,0.565764574081416
do we have an espimated start ime?,neither,0.04065078667273955,0.336940611035828,0.6224086022914325
15 mnutes late,neither,0.03945320844208391,0.33037608806864915,0.630170703489267
Bidet from Fiji,neither,0.04066490145509902,0.30981049537100724,0.6495246031738937
They tweeted,neither,0.03945320844208391,0.33037608806864915,0.630170703489267
Bidet from UK,neither,0.04079557052152802,0.30759270029461827,0.6516117291838538
bidet is critterese for good day,neither,0.041471288983014505,0.268712287216825,0.6898164238001605
That eclipse looked very Berserk-esque,neither,0.03519165909880678,0.3768066726824314,0.5880016682187618
"Greetings, Critters! <3 from Edmonton!",neither,0.04228451509352876,0.2823214250720796,0.6753940598343917
hello every one be pleased,neither,0.03910481934396045,0.3607829156713227,0.6001122649847168
15 minutes late,neither,0.03945320844208391,0.33037608806864915,0.630170703489267
So excited and scared for tonight's episode!,neither,0.032924370431754585,0.29741017362912514,0.6696654559391202
bidet from tejas,neither,0.04228451509352876,0.2823214250720796,0.6753940598343917
bidet from germany,neither,0.04069404815304118,0.30931579984010865,0.6499901520068502
@Azanori Internet is soooo much better,neither,0.04263065115411132,0.3292832198164329,0.6280861290294558
bidet from Australia,neither,0.04062582848913359,0.31047366557575606,0.6489005059351104
Bidet from TX - Been a while since I've been able to make a live stream!,neither,0.03103545926848765,0.31395058339633597,0.6550139573351763
Bidet from Orlando!,neither,0.04062582848913359,0.31047366557575606,0.6489005059351104
Bidet from Lubbock Texas!!!,neither,0.040937266849991,0.30518774380265185,0.6538749893473571
beep beep,neither,0.03945320844208391,0.33037608806864915,0.630170703489267
damn I loved that titan one,offensive_language,0.0404873091516729,0.8495243368809372,0.10998835396738989
bidet from Maryland,neither,0.04066490145509902,0.30981049537100724,0.6495246031738937
"I'm going to try to stay up as long as I can, but I have school tomorrow, decisions, decisions.",neither,0.039590058128501845,0.3971304649722091,0.5632794768992889
Bidet from Tennessee!,neither,0.04071751644889743,0.3089174816120565,0.6503650019390461
WOOOOH,neither,0.03945320844208391,0.33037608806864915,0.630170703489267
bidet everyone,offensive_language,0.02988896790634741,0.4927062106388782,0.4774048214547744
"I shall be working on my campaign setting, getting it ever closer to publishing, while watching CR",neither,0.03311050423727628,0.4097135690711331,0.5571759266915907
bidet yall!,neither,0.03639464868045676,0.3822878294283694,0.5813175218911739
Plano tx what what,neither,0.04916990928781794,0.3235718107571962,0.6272582799549858
Bidet!,neither,0.03945320844208391,0.33037608806864915,0.630170703489267
Bidet from Saskatoon!,neither,0.04228451509352876,0.2823214250720796,0.6753940598343917
watch him be late next week when he DMs lol,neither,0.033782182551427904,0.4089737366412534,0.5572440808073187
Bidet from Atlanta,neither,0.04078317879478948,0.307803020237201,0.6514138009680096
Bidet from the Internet!,neither,0.03962906368967614,0.2856492492074696,0.6747216871028543
Bidet from Montreal!,neither,0.04062582848913359,0.31047366557575606,0.6489005059351104
I get to watch on time today!!! Bidet from Ontario Canada!! :),neither,0.04416985367025524,0.3273685305689146,0.62846161576083
"First time watching live, soooo hype!!!!",neither,0.036333381104127385,0.34554444941406104,0.6181221694818115
Bidet from U.K.,neither,0.04228451509352876,0.2823214250720796,0.6753940598343917
Bidet from New Jersey,neither,0.04458029923653559,0.209841401288464,0.7455782994750004
Bidet from Iowa,neither,0.04069404815304118,0.30931579984010865,0.6499901520068502
bidet from Leander TX,neither,0.04081748366884477,0.3072207769958956,0.6519617393352596
buckle in boys its going to be a late night,neither,0.03232943051092839,0.35503753056749077,0.6126330389215809
starting late? how late!?!?!,neither,0.03945320844208391,0.33037608806864915,0.630170703489267
bidet,neither,0.03945320844208391,0.33037608806864915,0.630170703489267
ads,neither,0.03945320844208391,0.33037608806864915,0.630170703489267
BIDET FROM BUFFALO!,neither,0.04069404815304118,0.30931579984010865,0.6499901520068502
bidet from New Orleans,neither,0.04450700662299174,0.21166473641774403,0.7438282569592642
It's just starting right?,neither,0.0319376166230072,0.37614958062708287,0.59191280274991
Bidet from Launceston Tasmania,neither,0.04228451509352876,0.2823214250720796,0.6753940598343917
How late is late?,neither,0.04580707162212051,0.32819070316081,0.6260022252170694
I can't see nothing on the screen,neither,0.033905549627393526,0.3648487965471541,0.6012456538254525
Bidet from the netherlands fbzHey,neither,0.0395975487247086,0.2929303761973238,0.6674720750779677
Bidet from Wisconsin,neither,0.04071751644889743,0.3089174816120565,0.6503650019390461
Bidet from new jersy!,neither,0.046710622032705686,0.1542697019613409,0.7990196760059534
@jeroforusall congrats,neither,0.03945320844208391,0.33037608806864915,0.630170703489267
"I'm at work ""working hard""",offensive_language,0.030508069304310534,0.5593128303840503,0.41017910031163907
Bidet from Las Vegas,neither,0.040400041164603724,0.3143058657309893,0.6452940931044071
Much better,neither,0.033464116335600605,0.3324360114774959,0.6340998721869036
Will Sam be wearing another Game of Death jumpsuit tonight,neither,0.06880181200364555,0.22658090010595314,0.7046172878904012
Bidet all you lovely Critters! gandsSCANLAN With <3 from Toronto feliciaToronto,neither,0.04425862952833914,0.4560949677483197,0.49964640272334115
Bidet from Southern Ontario!,neither,0.04036750444974338,0.31485809869622855,0.644774396854028
This music always makes me wanna watch LoTR when the shows over,neither,0.029406312486903056,0.40368510115839196,0.566908586354705
What is Bidet?,neither,0.08191733112755817,0.31109320414220176,0.6069894647302402
whats all this bidet nonsense>?,neither,0.04103538486921134,0.3995986035135486,0.5593660116172402
Bidet from ohio,neither,0.040754399270683486,0.3082914838698526,0.650954116859464
Alright 15 mins enough time to grab some snacks,neither,0.037332108033784436,0.34831301864816383,0.6143548733180517
bidet from croatia,neither,0.04228451509352876,0.2823214250720796,0.6753940598343917
@jpcguy89 victor has a very special (somewhat charred) place in our hearts,neither,0.05918870711466297,0.286946124378071,0.653865168507266
@danoba tarot card and a shirt,neither,0.038610292603896104,0.2873999884095812,0.6739897189865227
Bidit from England,neither,0.04071751644889743,0.3089174816120565,0.6503650019390461
Bidet from San Jose <3,neither,0.04043703551170087,0.3136779751131982,0.645884989375101
Bidet from Iowa! I just caught up on CR today and am so excited to watch it live for the first time!,neither,0.033522751921510864,0.3379120782874576,0.6285651697910316
@SirElghinn i bet it is lol.,neither,0.03657477140423422,0.4026641866712888,0.5607610419244771
bidet from Dallas Texas,neither,0.040526092357498496,0.3121664480201657,0.6473074596223359
Bidet from VA,neither,0.04066490145509902,0.30981049537100724,0.6495246031738937
@bevrat I guess you don't have work tomorrow haha,neither,0.04786005012386032,0.4463441296219962,0.5057958202541434
bidet from southwestern Ontario,neither,0.04062582848913359,0.31047366557575606,0.6489005059351104
!uptime,neither,0.03945320844208391,0.33037608806864915,0.630170703489267
!uptime,neither,0.03945320844208391,0.33037608806864915,0.630170703489267
Welcome to all the newbies! :D,neither,0.05013611847795245,0.39644451201006675,0.5534193695119809
,neither,0.03945320844208391,0.33037608806864915,0.630170703489267
bidet from dallas texas,neither,0.040526092357498496,0.3121664480201657,0.6473074596223359
"tpk ep, i'm ready for this roller coaster ride of emotions",neither,0.035150192715687804,0.3102650412846866,0.6545847659996256
Bidet from Germany.,neither,0.04069404815304118,0.30931579984010865,0.6499901520068502
Bidet from North Texas <3,neither,0.04051530955006381,0.31234946040321715,0.647135230046719
@robbyroo381 w007,neither,0.03945320844208391,0.33037608806864915,0.630170703489267
I'm even less prepared for this than Vox Machina,neither,0.03355165814832412,0.32608528305837886,0.640363058793297
Bidet from SF Bay Area,neither,0.04023579307962318,0.31709358438645313,0.6426706225339237
Bidet from Arkansas!,neither,0.04066490145509902,0.30981049537100724,0.6495246031738937
bidet,neither,0.03945320844208391,0.33037608806864915,0.630170703489267
Is it the end ?,neither,0.04776167459571861,0.30461945192793743,0.6476188734763438
wow chat is crazy,neither,0.03569626958585108,0.4272840746379381,0.5370196557762108
bidet from california,neither,0.06971251856910227,0.2972619859879888,0.633025495442909
Bidet from Ontario!,neither,0.04062582848913359,0.31047366557575606,0.6489005059351104
Bidet from PA,neither,0.04069404815304118,0.30931579984010865,0.6499901520068502
so excited! gandsTrinket gandsTrinket gandsTrinket gandsTrinket,neither,0.03940839469474773,0.3948270312238364,0.565764574081416
bidet is grog's mispronunciation of good day,neither,0.05179803107759089,0.30505738170637775,0.6431445872160314
Bidet from NYC,neither,0.04081748366884477,0.3072207769958956,0.6519617393352596
gandsTrinket gandsTrinket gandsTrinket gandsTrinket,neither,0.03945320844208391,0.33037608806864915,0.630170703489267
Bidet from Kentucky!,neither,0.04071751644889743,0.3089174816120565,0.6503650019390461
woooo,neither,0.03945320844208391,0.33037608806864915,0.630170703489267
@taveria w007,neither,0.03945320844208391,0.33037608806864915,0.630170703489267
hello Lubbock from another Lubbock critter and hello you all the rest of you,neither,0.10142931725043981,0.3323945594153286,0.5661761233342316
Bidet from Ottawa,neither,0.04228451509352876,0.2823214250720796,0.6753940598343917
"Where my Tennessee critters!? Bidet, and BEEP BEEP!",neither,0.02888192190718239,0.34270990171396687,0.6284081763788507
The notification is nice. :),neither,0.04662772907047275,0.3117963414964945,0.6415759294330327
It does not feel like it has been a week since the last episode.,neither,0.03277565802807355,0.4154864719652999,0.5517378700066267
Bidet from New Jersey,neither,0.04458029923653559,0.209841401288464,0.7455782994750004
Bidet from DFW!,neither,0.04228451509352876,0.2823214250720796,0.6753940598343917
Bidet from Garland TX,neither,0.04038868291416263,0.3144986448836462,0.6451126722021913
"Bidet from Lake Jackson, Texas",neither,0.040303797370773116,0.31593937408858136,0.6437568285406455
"@BIGstevooo How long ago was it, I think it can take upwards of two weeks in general.",neither,0.03848161013064382,0.3178053068670757,0.6437130830022805
how can anyone ask about the bidet and not know??,neither,0.035947058197588276,0.3063928912203009,0.6576600505821109
Bidet,neither,0.03945320844208391,0.33037608806864915,0.630170703489267
Bidet from Virginia,neither,0.04079557052152802,0.30759270029461827,0.6516117291838538
Bidet from the UK,neither,0.039613273355342184,0.2892653269430044,0.6711213997016535
gandsSCANLAN gandsDrink gandsSCANLAN gandsDrink gandsSCANLAN gandsDrink gandsSCANLAN gandsDrink,neither,0.03945320844208391,0.33037608806864915,0.630170703489267
@geekandsundry how late is late do I have time to make a sandwich?,neither,0.04857161695194422,0.34299946030025796,0.6084289227477978
bidet from austin texas!,neither,0.04055041785557119,0.31175358083338084,0.6476960013110479
My body is ready,neither,0.03405984045513004,0.42505863100050806,0.540881528544362
"I'm not even caught up with the episodes-- i just can't let the last episode air live without watching it! also, bidet from washington state!",neither,0.03452841225888639,0.33231797259278995,0.6331536151483237
@Zumacalis Same here!,neither,0.14187967449237004,0.2733123625359359,0.584807962971694
The art work from you guys is amazing,neither,0.06016333471755342,0.33582866123686334,0.6040080040455832
@evolvepeace Welcome to live! Where in Iowa are you? I'm in Ottumwa.,neither,0.09312349976594436,0.29730866610467066,0.609567834129385
@horseman342 w007,neither,0.03945320844208391,0.33037608806864915,0.630170703489267
"@CosmicVoyagerX Feels like it's only been 6 days, right? Keepo",neither,0.046057040750820864,0.3657065114389008,0.5882364478102783
Bidet from Maryland :),neither,0.04066490145509902,0.30981049537100724,0.6495246031738937
Bidet everyone else in the final stretch,neither,0.03424781089038048,0.397011458214619,0.5687407308950005
i thought it was bu-day,neither,0.04124177337242806,0.23102432224927513,0.7277339043782968
Bidet,neither,0.03945320844208391,0.33037608806864915,0.630170703489267
Bidet from Florida!,neither,0.0408948396164547,0.30590784468201904,0.6531973157015263
Bidet,neither,0.03945320844208391,0.33037608806864915,0.630170703489267
Bidet. From Arizona,neither,0.04078317879478948,0.307803020237201,0.6514138009680096
Tennessee Bidet!,neither,0.03945320844208391,0.33037608806864915,0.630170703489267
gandsLessthanthree gandsLessthanthree gandsLessthanthree gandsLessthanthree gandsLessthanthree gandsLessthanthree gandsLessthanthree gandsLessthanthree gandsLessthanthree gandsLessthanthree gandsLessthanthree gandsLessthanthree,neither,0.03945320844208391,0.33037608806864915,0.630170703489267
Will we have pike here today?,neither,0.0951011326508537,0.250655569204412,0.6542432981447343
doctorWARCRY,neither,0.03945320844208391,0.33037608806864915,0.630170703489267
ah thats such a good title name,neither,0.03914456009731077,0.32734789988832746,0.6335075400143619
tennessee checking in,neither,0.03945320844208391,0.33037608806864915,0.630170703489267
bidet from Michigan,neither,0.040769555981420263,0.3080342349327864,0.6511962090857933
Bidet from Ottawa!,neither,0.04228451509352876,0.2823214250720796,0.6753940598343917
Still missing 10k viewers,neither,0.03881847723774281,0.3411491331227598,0.6200323896394975
!uptime,neither,0.03945320844208391,0.33037608806864915,0.630170703489267
Bidet from Montreal!,neither,0.04062582848913359,0.31047366557575606,0.6489005059351104
"Bidet, and happy Thursday, all!",neither,0.04019550191008921,0.35875057150886325,0.6010539265810476
Bidet from Finland,neither,0.04228451509352876,0.2823214250720796,0.6753940598343917
@Stefaniemitf immernoch wach oder schon?,neither,0.03945320844208391,0.33037608806864915,0.630170703489267
@Avenger1735 15 minutes,neither,0.03945320844208391,0.33037608806864915,0.630170703489267
"Bidet from Sherwood Park, Alberta, Canada!!!",neither,0.04025746053800831,0.3167258310700972,0.6430167083918945
Bidet from Springfield IL :D,neither,0.040334677536117594,0.315415257091876,0.6442500653720065
bidet,neither,0.03945320844208391,0.33037608806864915,0.630170703489267
do we know if Ashley is videoing in?!,neither,0.029991155187088985,0.37881512116888977,0.5911937236440211
"""a little late""?",neither,0.039045956263895044,0.3372882203760056,0.6236658233600995
"Also, am scared of Vecna wipe",neither,0.039290930066048065,0.33043190304354053,0.6302771668904114
who else thinks there first course of action should be to take out one of the giants legs to stop it,neither,0.04436265867369104,0.41208392984336617,0.5435534114829428
"@Moleking82uk I've lost many people in my life, far too many for my age, and their age. I don't take loss well. Even if its fictional characters I've grown attached too. :/",neither,0.015783719817268012,0.4236037380024013,0.5606125421803306
Bidet from Michigan!!,neither,0.040769555981420263,0.3080342349327864,0.6511962090857933
hi guys,neither,0.03930687933907141,0.3328596748352989,0.6278334458256297
I'm proud of the fellow nj/ east coast critters signing in,neither,0.03894501830576405,0.32117567469411457,0.6398793070001213
TPK tonight right?,neither,0.034525689478625735,0.3260728116924468,0.6394014988289275
Bidet from Florida,neither,0.0408948396164547,0.30590784468201904,0.6531973157015263
,neither,0.03945320844208391,0.33037608806864915,0.630170703489267
What is bidet?,neither,0.08191733112755817,0.31109320414220176,0.6069894647302402
could this be the last episode?,neither,0.03891185191076971,0.3196350695577878,0.6414530785314425
Pike is with the group,neither,0.03299931801216353,0.35388055327810986,0.6131201287097267
I think it's close to the end. Next week sam has a one shot i think.,neither,0.041693514260612075,0.33017785967478636,0.6281286260646016
hm...,neither,0.03945320844208391,0.33037608806864915,0.630170703489267
Bidet from Norway,neither,0.04228451509352876,0.2823214250720796,0.6753940598343917
is the giant a walking construct? cause grog can total break constructs,neither,0.04336185679610328,0.33538128334185374,0.6212568598620429
but i don't know f ashley is here,neither,0.09158563877400562,0.2997312547055888,0.6086831065204056
Bidet from Finland.,neither,0.04228451509352876,0.2823214250720796,0.6753940598343917
heard a rumor we'll have pike today? is that true?,neither,0.04056058583592889,0.349169431164129,0.6102699829999421
Bidet from Minnesota,neither,0.04071751644889743,0.3089174816120565,0.6503650019390461
Sind Sie das Essen und wir sind die Jäger!,neither,0.23897654876329089,0.10784160908949782,0.6531818421472112
Crit role time yooooo,neither,0.038468019404256135,0.3470973171790915,0.6144346634166525
