text,top_class,hate_speech,offensive_language,neither
@Highfarm73 Which one?,neither,0.03818709358741248,0.3768323283672056,0.584980578045382
YAY,neither,0.03945320844208391,0.33037608806864915,0.630170703489267
Don't forget to visit Star Trek Online and support Shield of Tomorrow! www.StarTrekOnline.com/ShieldofTomorrow,neither,0.05687602105656693,0.30425729811326435,0.6388666808301687
jcvimHi,neither,0.03945320844208391,0.33037608806864915,0.630170703489267
gandsSubHype gandsSubHype gandsSubHype,neither,0.03945320844208391,0.33037608806864915,0.630170703489267
also isn't owlbear from like australia? coming to visit from that far deserves a guest spot i think,neither,0.046808854388464986,0.33430049964078085,0.6188906459707543
Hey Chat and @GeekandSundry,neither,0.038589712668144205,0.2862141593850597,0.6751961279467961
beccaWIN beccaWIN beccaWIN beccaWIN beccaWIN,neither,0.03945320844208391,0.33037608806864915,0.630170703489267
gandsSubHype gandsSubHype gandsSubHype gandsSubHype gandsSubHype,neither,0.03945320844208391,0.33037608806864915,0.630170703489267
hrpgSub hrpgHyperHype,neither,0.03945320844208391,0.33037608806864915,0.630170703489267
do you spice?,neither,0.06340458516664035,0.38876294420848057,0.5478324706248792
Hi Traitor and Cheater!,neither,0.03882546425470081,0.299292879107338,0.6618816566379612
Re hrpgSub hrpgHyperHype,neither,0.10802165902134243,0.2484119200751343,0.6435664209035233
did I hear spice?,neither,0.03945320844208391,0.33037608806864915,0.630170703489267
Anyone spice?,neither,0.03945320844208391,0.33037608806864915,0.630170703489267
Hello Ivan and Becca,neither,0.03840264189818727,0.2749437060729204,0.6866536520288923
this episode is going to get spicy,neither,0.05013298492312869,0.3553566812495992,0.5945103338272721
We have a subscriber-only Discord server! Join here: https://discord.gg/geekandsundry (you'll need to sub and link it to your Twitch) and be a part of the fun!...Warning: It can take up to an hour for the server to update and give you access to the channels,neither,0.08464076273808444,0.286394834032893,0.6289644032290227
You spice?,neither,0.06371933836109143,0.39692838513161777,0.5393522765072908
I spice,neither,0.03945320844208391,0.33037608806864915,0.630170703489267
@ryzeapc You Spice?,neither,0.06371933836109143,0.39692838513161777,0.5393522765072908
spice,neither,0.03945320844208391,0.33037608806864915,0.630170703489267
The spice must flow.,neither,0.039457192583255536,0.30329766068655645,0.657245146730188
Spice?,neither,0.03945320844208391,0.33037608806864915,0.630170703489267
Chaotic evil because... because what???,neither,0.04432159922300637,0.3268735698065954,0.6288048309703982
Spicing,neither,0.03945320844208391,0.33037608806864915,0.630170703489267
Spice?,neither,0.03945320844208391,0.33037608806864915,0.630170703489267
?,neither,0.03945320844208391,0.33037608806864915,0.630170703489267
"Hi Jessica and Darryl, kick host butts!",neither,0.03892766996288579,0.3046690052600226,0.6564033247770916
"@starpilotsix Yes, I made that joke in the title, haha.",neither,0.03319965407373269,0.399361270872745,0.5674390750535224
@FuffyButt 50 points,neither,0.03945320844208391,0.33037608806864915,0.630170703489267
those cards look so pretty jcvimLove,neither,0.06581087581140686,0.3034544901549087,0.6307346340336843
lick on all the meebles :D,neither,0.03651732247288288,0.4197646076914095,0.5437180698357075
The sleeper must awaken,neither,0.03948495748025155,0.27559059877057634,0.6849244437491722
do you spice?,neither,0.06340458516664035,0.38876294420848057,0.5478324706248792
cinnamon is anhydrous as well,neither,0.04548020949413241,0.3618488575814486,0.592670932924419
why did Becca have to taste the spice?,neither,0.033593835205605646,0.3340733087767801,0.6323328560176142
"Help G&S make great content! $4.99/month gets you emotes, Minecraft server access, Sub Only Q&As, VODs, and more! Every sub keeps the channel alive! twitch.tv/geekandsundry/subscribe",neither,0.043092924924402844,0.32365565443818894,0.6332514206374082
@Perry_J Because she spice's,neither,0.04107473551192968,0.4263078148559746,0.5326174496320958
we should pepper out the puns for this episode,neither,0.0384717082902749,0.33294999926517205,0.628578292444553
We all scream for Spice!... cream...er...,neither,0.036022620403745466,0.35532128539165836,0.6086560942045962
hrpgSub hrpgHyperHype,neither,0.03945320844208391,0.33037608806864915,0.630170703489267
gandsSubHype gandsSubHype gandsSubHype gandsSubHype gandsSubHype,neither,0.03945320844208391,0.33037608806864915,0.630170703489267
lol,neither,0.020706217963973744,0.4882283491876925,0.4910654328483337
@fuffybutt careful or people will get salty,neither,0.0641148344581773,0.3160314524328563,0.6198537131089664
@FuffyButt 20 points,neither,0.03945320844208391,0.33037608806864915,0.630170703489267
the spice must flow!,neither,0.039457192583255536,0.30329766068655645,0.657245146730188
@trystis 10 points,neither,0.03945320844208391,0.33037608806864915,0.630170703489267
Greetings everyone!,offensive_language,0.02988896790634741,0.4927062106388782,0.4774048214547744
RE hrpgSub hrpgHyperHype,neither,0.10802165902134243,0.2484119200751343,0.6435664209035233
Hi @nazcagames,neither,0.03945320844208391,0.33037608806864915,0.630170703489267
Becca doesn't stand a chance with Owlbear playing,neither,0.030117597563504166,0.36240222312765336,0.6074801793088426
Important question: did Ivan bake his sandworm bread for this game?,neither,0.04966991336825441,0.2837118068891266,0.6666182797426189
i love you guys,neither,0.06167918433826641,0.4366455781003419,0.5016752375613917
"Saw you guys at the panel at GenCon, so cool to meet you both",neither,0.06385835570040216,0.4359435785751237,0.5001980657244741
:(,neither,0.03945320844208391,0.33037608806864915,0.630170703489267
Welcome to cooking with cheaters and traitors,neither,0.03547386373443405,0.32589823767985554,0.6386278985857103
gandsOwl gandsOwl gandsOwl gandsOwl gandsOwl gandsOwl,neither,0.03945320844208391,0.33037608806864915,0.630170703489267
gandsOwl,neither,0.03945320844208391,0.33037608806864915,0.630170703489267
I wonder if they are going to have thyme to finish this game,neither,0.047719792721555666,0.32914339000241877,0.6231368172760257
Becca always has all the chance @UselessRogue,neither,0.03870003450053864,0.43778042223599717,0.5235195432634643
@FuffyButt We need to As-Salt the chat room with pun-ishment,neither,0.034281909365393284,0.361787958244654,0.6039301323899526
gandsLessthanthree,neither,0.03945320844208391,0.33037608806864915,0.630170703489267
he does kinda looks like an owlbear,neither,0.03847038372868324,0.45570189323264976,0.5058277230386669
@trystis Well. Played.,neither,0.03945320844208391,0.33037608806864915,0.630170703489267
#TeamTabletopOwlbear,neither,0.03945320844208391,0.33037608806864915,0.630170703489267
Hello!,neither,0.03945320844208391,0.33037608806864915,0.630170703489267
"HI BECCA, HI IVAN",neither,0.03945320844208391,0.33037608806864915,0.630170703489267
HeyGuys,neither,0.03945320844208391,0.33037608806864915,0.630170703489267
hi!! so good to meet becca and ivan at gencon!,neither,0.04329332925585036,0.3511227734574624,0.6055838972866873
still not a ginger,neither,0.037131591799713884,0.3515886096785908,0.6112797985216954
@trystis 40 points,neither,0.03945320844208391,0.33037608806864915,0.630170703489267
How's it going Dazza?,neither,0.034827248517943006,0.3742167478469281,0.5909560036351289
beccaWIN beccaWIN beccaWIN beccaWIN beccaWIN beccaWIN,neither,0.03945320844208391,0.33037608806864915,0.630170703489267
"OOooooo, I love beautiful play mats!",neither,0.03702389225065375,0.3416374943308807,0.6213386134184655
gandsSubHype gandsSubHype gandsSubHype,neither,0.03945320844208391,0.33037608806864915,0.630170703489267
Re hrpgSub hrpgHyperHype,neither,0.10802165902134243,0.2484119200751343,0.6435664209035233
Hey @TheOnlyRyann,neither,0.03945320844208391,0.33037608806864915,0.630170703489267
I dune-o if we can keep the spice puns going all night,neither,0.021603161230733383,0.42972098475297577,0.5486758540162909
I forgot Jess was playing. she easily has the best chance to win because utter awesome.,neither,0.042355662517979904,0.35239211462163667,0.6052522228603834
Cinnamon is both savory and sweet,neither,0.045917164105020246,0.2929302523056204,0.6611525835893592
I think we can keep the puns cumin,neither,0.0392170242326732,0.30633042527219456,0.6544525504951323
jcvimHi becca jcvimHi ivan jcvimHi guests,neither,0.03945320844208391,0.33037608806864915,0.630170703489267
Hey @danoba how have you been man?,offensive_language,0.05741736295610336,0.4771625095959631,0.46542012744793343
"@TheOnlyRyann Good but busy, thanks, how are you?",neither,0.07411805361080964,0.3170092796913845,0.6088726666978057
ever eat so much you need to pass out,neither,0.051204802797169505,0.4259388894328715,0.5228563077699591
just racking up those spice points,neither,0.05259471152914219,0.33123628470836286,0.6161690037624948
@trystis 20 points,neither,0.03945320844208391,0.33037608806864915,0.630170703489267
dill we have the nutmeg to keep the pun oregano all night,neither,0.037337351577896465,0.3620784903572956,0.6005841580648079
@FuffyButt 10 points,neither,0.03945320844208391,0.33037608806864915,0.630170703489267
cumin sutra?,neither,0.03945320844208391,0.33037608806864915,0.630170703489267
@Mousegsm 50 points,neither,0.03945320844208391,0.33037608806864915,0.630170703489267
It's for 4+ players. but it doesn't say it has to be an even number of players,neither,0.03580871112041188,0.3219559558959338,0.6422353329836542
"So Dazza, me and my mate Jezza went to maccas then went home by the bottle-o to pick up some tinnies and darts",neither,0.03181112497312715,0.3785842879205162,0.5896045871063567
"yeah, i'm a bit sad i didn't get to meet more gandsians at gencon. i kind of unplugged from my phone so i missed the tweet about the party. next year hopefully!",neither,0.023739933512994995,0.4499354858460377,0.5263245806409673
time to curry some favor from the hosts,neither,0.03687044835888438,0.3269007036469033,0.6362288479942124
"favorite Green lantern character, Star Saffron",neither,0.04021202138664377,0.31265368118159775,0.6471342974317584
"Insert ""Dune"" reference here",neither,0.07878994100109818,0.29792128559228154,0.6232887734066203
its G S M,neither,0.02700859978372578,0.3346563596412867,0.6383350405749875
Too many deserved points for me to give out!,neither,0.031163223548438326,0.3485271646152361,0.6203096118363256
Well played sir...well played,neither,0.03945320844208391,0.33037608806864915,0.630170703489267
I'm getting incensed by all these spice puns,offensive_language,0.04687058522348061,0.6147099659954549,0.33841944878106445
@Will_Avery Well done,neither,0.03835210096346887,0.34906475564227485,0.6125831433942563
Too many puns for me to give out points for!,neither,0.027278590531561415,0.3298465727497725,0.6428748367186662
"@Mousegsm to be fair, mispronounced names is a longstanding Team Hooman/G&S tradition",neither,0.053921760056144206,0.3273841912924537,0.6186940486514021
hrpgSub hrpgHyperHype,neither,0.03945320844208391,0.33037608806864915,0.630170703489267
gandsSubHype gandsSubHype gandsSubHype gandsSubHype gandsSubHype,neither,0.03945320844208391,0.33037608806864915,0.630170703489267
"hahahahaha I'm from the Central Coast NSW, near Gosford",neither,0.03953730991836966,0.30763403621982155,0.6528286538618088
Allspice puns are evil.,neither,0.07893955557340156,0.26718863153946965,0.6538718128871287
who is winning?,neither,0.05149674472565617,0.4118407383484704,0.5366625169258734
"The Goal should be, to BEAT BECCA!!!!!!",neither,0.05989941343520747,0.3476051416931679,0.5924954448716245
the guests have won a few as well,neither,0.03629491773480988,0.3556826017400174,0.6080224805251726
I may of fennel-ly ran out of spice puns,neither,0.03747995023047795,0.3251894892407766,0.6373305605287455
"Becca, right?",neither,0.03719022913728602,0.3744360956046963,0.5883736752580178
keep the spice puns cumin,neither,0.03871072000621762,0.3168521262921337,0.6444371537016488
Playing a game is the Zest of life,neither,0.04277967234301606,0.3309346308596671,0.6262856967973168
Ivan has won a lot but on the other hand beccaWIN beccaWIN beccaWIN beccaWIN beccaWIN,neither,0.03412084455145591,0.3303867985789723,0.6354923568695718
beccaWIN beccaWIN will be 2018,neither,0.043533480531657086,0.28737302760548816,0.6690934918628548
