text,top_class,hate_speech,offensive_language,neither
The Week and Sundry Studio It is the same as that of Nerdist?,neither,0.03856836710453902,0.33772167156300936,0.6237099613324515
or just slap the name Prometheus on it and call it a day,neither,0.0313328440058961,0.30396070036771533,0.6647064556263886
is that Sam in the red wig? Looks good on them if it is,neither,0.037700740049834924,0.3791384633169078,0.5831607966332573
I am sure this is just a temporary camera angle during set-up.,neither,0.03609488105194002,0.4442718630148836,0.5196332559331764
#Team🥛milk before ☄️cereal,neither,0.036481731972489835,0.38080979869328613,0.582708469334224
"@RMutt1917 Yeah, I own the movie, but Jaegering is the term that people are using. Not just that show.",neither,0.07812665738155285,0.3791226955145523,0.5427506471038948
ouch,neither,0.03945320844208391,0.33037608806864915,0.630170703489267
Because it is 'Burning Man' Week ... during the Shield of Tomorrow slot a one shot of Lazers and Feelings GMed by Sax Carr.,neither,0.041794307265673375,0.3681292930664907,0.5900763996678359
hi,neither,0.03945320844208391,0.33037608806864915,0.630170703489267
gandsTrinketArmor gandsTrinketArmor gandsTrinketArmor,neither,0.03945320844208391,0.33037608806864915,0.630170703489267
"yeah, same building @Humberto_Now",neither,0.024016562968486716,0.4504494145398131,0.5255340224917001
HI,neither,0.03945320844208391,0.33037608806864915,0.630170703489267
Don't call me out like this Sax,neither,0.036150194389036376,0.42339625311941465,0.5404535524915488
Hello again :D Always great to see you!,neither,0.053829648384226846,0.4118877793711702,0.5342825722446031
low key making fun of twitch lol,neither,0.03465604474221801,0.3588870581020971,0.6064568971556847
Now for some crazy Sax,neither,0.016344635129989467,0.43304234105439604,0.5506130238156145
I'm hoping Sam is roleplaying David Bowie.,neither,0.045966929311078236,0.32813572077120684,0.625897349917715
Two disembodied hands is more an Adams Family ftp than Galaxy Quest,neither,0.04593755446596272,0.31764108055970836,0.6364213649743289
Hello (^v^)/),neither,0.03945320844208391,0.33037608806864915,0.630170703489267
lasers and feelings! exciting,neither,0.038696809332186756,0.292286609052163,0.6690165816156503
Resub gandsSubHype gandsLessthanthree,neither,0.03945320844208391,0.33037608806864915,0.630170703489267
@Vance1982 it IS! And it is a great wig for them!,neither,0.05422965700827345,0.2569567693378177,0.6888135736539088
gandsSaxHype gandsSaxHype gandsSaxHype,neither,0.03945320844208391,0.33037608806864915,0.630170703489267
*orange I should say,neither,0.05469989865269608,0.37466359618000533,0.5706365051672987
the hull crew? lol,neither,0.032074360644324784,0.3628633925864016,0.6050622467692737
@RMutt1917 thanks!!,neither,0.035884468650613,0.3004919205142699,0.6636236108351171
"Lasers and Feelings , link to game http://www.onesevendesign.com/laserfeelings/",neither,0.040924835721697556,0.21400756132796223,0.7450676029503402
Lasers AND Feelings?,neither,0.03831466876766074,0.2692728797458999,0.6924124514864394
SabaPing They know our Secrets run!!!,neither,0.03945320844208391,0.33037608806864915,0.630170703489267
I love the dorky hair-glasses-beard club that's going on right now,neither,0.0325035682584494,0.3843458090845746,0.583150622656976
G&S uses HUMANS?,neither,0.03945320844208391,0.33037608806864915,0.630170703489267
Can we hear the Doubleclicks' song of the same name? ;),neither,0.03841704730277824,0.314497890145756,0.6470850625514658
rpg not ftp auto correct....rpg,neither,0.03825329923127515,0.3348787403389192,0.6268679604298056
Re Sub HYPE!!!,neither,0.05796738926929811,0.3016950255183242,0.6403375852123776
Resub gandsSubHype gandsLessthanthree,neither,0.03945320844208391,0.33037608806864915,0.630170703489267
That's inhumane,neither,0.026110925149043836,0.4791292047641166,0.4947598700868395
Sam.....,neither,0.03945320844208391,0.33037608806864915,0.630170703489267
@chaoticloony technically Hoomans Kappa,neither,0.03945320844208391,0.33037608806864915,0.630170703489267
so will bubble gum be involved,neither,0.040853113159033574,0.3485708763570076,0.6105760104839588
who isn't excited,neither,0.04016162592875495,0.4028982692982779,0.5569401047729672
omg Sax's shirt is adorable,neither,0.04703968422041834,0.3277667511660621,0.6251935646135196
OMG SAM'S PINS,neither,0.03945320844208391,0.33037608806864915,0.630170703489267
I have no idea why Sam shaves there head. They look good with long hair.,neither,0.027033137776334377,0.36145334485103003,0.6115135173726356
jesus didnt even recognise her,offensive_language,0.029919350686251883,0.5585191891293926,0.41156146018435547
"@chaoticloony Except for D.E.N.I.S.E., Danoba, and A.K.I. yes.",neither,0.032702033133810114,0.2608858126262063,0.7064121542399836
"Orange you glad for that hair, Sam!",neither,0.04228925842737463,0.3698646951646445,0.587846046407981
I mean,neither,0.03945320844208391,0.33037608806864915,0.630170703489267
Resub gandsSubHype gandsLessthanthree,neither,0.03945320844208391,0.33037608806864915,0.630170703489267
@deathstar_taco just checked and it is not on Netflix,neither,0.03671993448062326,0.3279637091627164,0.6353163563566603
shaved heads are so much easier :P,neither,0.05426638811681214,0.33092108150779376,0.6148125303753941
Re Sub HYPE!!!,neither,0.05796738926929811,0.3016950255183242,0.6403375852123776
How long does this go for?,neither,0.022557039551645782,0.43035499339019834,0.5470879670581559
for EVERYTHING. including changing your hair,neither,0.055767858480985324,0.30043516192754344,0.6437969795914711
:P,neither,0.03945320844208391,0.33037608806864915,0.630170703489267
"@Comp_gamer101 I'll take a stab at ""it's her preference""",offensive_language,0.029877536686127658,0.5446759969746974,0.42544646633917504
@Comp_gamer101 gender presentation is a complicated thing,neither,0.04574362409040909,0.3282125256763904,0.6260438502332005
@sinisterplank their*,neither,0.03945320844208391,0.33037608806864915,0.630170703489267
*their,neither,0.03945320844208391,0.33037608806864915,0.630170703489267
@Lefty79 You forgot EKbot and Stefatron,neither,0.0646026788707358,0.3313998383097999,0.6039974828194642
"I'll be tabling at LBCC if you're there, come say hi!",neither,0.044537841775952575,0.3864394812451068,0.5690226769789406
@Slippydude sent you a whisper with a link for the lasers and feelings link,neither,0.03630304298193161,0.32479642130952474,0.6389005357085437
ALL TEH CONS,neither,0.041581534396601456,0.41502748495485636,0.5433909806485423
San rocks the shaved look but that hair really does look crazy good on them,neither,0.029044171470118545,0.4616766224722046,0.5092792060576768
"@littlemousethatjumps thanks a lot, I need to see that movie",neither,0.04159568868552429,0.31320690193784995,0.6451974093766258
"This usually goes for around 3 hours including the break, but no idea how long this 1 shot will be.",neither,0.03478169367752934,0.3099334715473207,0.6552848347751499
Lasers and Feeling Wednesday 9:30 pm – 12:30 am | –,neither,0.038896095508052196,0.30846749903071163,0.6526364054612361
Sam*,neither,0.03945320844208391,0.33037608806864915,0.630170703489267
^^,neither,0.03945320844208391,0.33037608806864915,0.630170703489267
NotLikeThis Comic con get me when I have no money again lol,neither,0.021096875281384608,0.4756182278438498,0.5032848968747657
Too many cons!,neither,0.03920539270954738,0.3345821677973192,0.6262124394931334
the Lasers and Feelings rules are a single page pfd,neither,0.05652872488838838,0.2566107044101979,0.6868605707014137
pdf*,neither,0.03945320844208391,0.33037608806864915,0.630170703489267
"ummm, they are non binary, kindly use the proper pronouns around them please",neither,0.035658498311160386,0.3465948206076013,0.6177466810812382
@Cons 2 Furiius,neither,0.03945320844208391,0.33037608806864915,0.630170703489267
"@chaoticloony Those are bots though, not A.I.s",neither,0.09063913850623344,0.232656076914306,0.6767047845794606
if you randomly end up in long beach....you might have been drinking heavily,neither,0.0419504362367601,0.4515716044917879,0.506477959271452
there's a link out there for free,neither,0.03213357259223603,0.2612048558348145,0.7066615715729494
*knocks on wood*,neither,0.03695837095624211,0.34232067260383103,0.6207209564399268
Let the writers know we love their writing.,neither,0.026756529249298736,0.35150336918410685,0.6217401015665943
"Lasers and Feelings , link to game http://www.onesevendesign.com/laserfeelings/",neither,0.040924835721697556,0.21400756132796223,0.7450676029503402
@Ripartist I didnt get a link but I was mostly making a snarky comment,neither,0.03736549754550176,0.33554762329778953,0.6270868791567088
YES!! Too many cons NotLikeThis,neither,0.03923061600321896,0.33415406267616155,0.6266153213206196
2 Cons 2 Furious,neither,0.03945320844208391,0.33037608806864915,0.630170703489267
john harper huzzah,neither,0.03945320844208391,0.33037608806864915,0.630170703489267
Anyone else love the princess on Sax's tshirt? I mean .. dude,neither,0.03542240286087011,0.3367442766796858,0.627833320459444
"Does Sam do a deaf applause? I know in the UK and Aus, the hand-shaking in the air is the sign of a deaf applause (because, they cant hear an applause)",neither,0.03571353634305234,0.3410846221424215,0.6232018415145262
"Yeah, the writers are killing it on Shield of Tomorrow, it's now my second favorite show on the internet. Behind only Critical Role.",neither,0.036396632008951456,0.3619154280373658,0.6016879399536827
"@Vance1982 My bad, thanks for calling it out",neither,0.018426086275738007,0.37828287841640384,0.6032910353078581
John Harper is great,neither,0.04662341915313528,0.2989346014787545,0.6544419793681102
I have run Honey Heist for my 5E group!,neither,0.02602122613564778,0.3794296190990477,0.5945491547653045
@Saraphys yep ^_^,neither,0.03945320844208391,0.33037608806864915,0.630170703489267
only one page instreuctions so you can't Cox it up,neither,0.04779702201691678,0.4730810331565862,0.47912194482649717
uma rodada de suco pra galera,neither,0.03945320844208391,0.33037608806864915,0.630170703489267
fun while queueing,neither,0.03945320844208391,0.33037608806864915,0.630170703489267
#goi ngfullGalaxyQuest,neither,0.03945320844208391,0.33037608806864915,0.630170703489267
this plot sounds great,neither,0.03765443767454588,0.3089498288662597,0.6533957334591943
I super <3 Galaxy Quest. One of my favorite comedies.,neither,0.031222738942397833,0.40941819519493317,0.5593590658626691
"@cinphoria oh kool, thanks :)",neither,0.04210572738342612,0.2667036317808669,0.6911906408357069
"Wait, so Sam is Gates McFadden?!?",neither,0.04617109791562125,0.36535049831597033,0.5884784037684085
oh my,neither,0.02748693229954249,0.40236076101129065,0.5701523066891669
@Deathstar_Taco (Jesse) Cox it up?,neither,0.03614354962691527,0.3744471895874476,0.5894092607856372
"Galaxy Quest? Cool, by Grabthar's hammer!",neither,0.04024143214778215,0.36084014570807194,0.598918422144146
#SamHasOneJob,neither,0.03945320844208391,0.33037608806864915,0.630170703489267
@Dragonchrome be excited?,neither,0.04011564015987711,0.3359232059883078,0.6239611538518149
Galaxy quest is a better Star Trek movie than half of the Star Trek movies,neither,0.04276357401036067,0.3115025256599989,0.6457339003296403
eh who cares about free will,neither,0.03979612911240719,0.3858486877455666,0.5743551831420263
@cinphoria that is automatic,neither,0.04384559497543054,0.3737484569973207,0.5824059480272488
Sam's job is to be the badass first officer gandsDrink,neither,0.04360862039081403,0.31904528386234576,0.6373460957468403
:o,neither,0.03945320844208391,0.33037608806864915,0.630170703489267
Shield of Tomorrow isn't real BibleThump,neither,0.03213358313436947,0.460012553853632,0.5078538630119985
oh Hector :P,neither,0.051363287716059566,0.22255663153133606,0.7260800807526044
"@highvoltage988 Definatley better Star Trek than the new Star Trek movies, for sure.",neither,0.0354737619538616,0.334628467674132,0.6298977703720064
And Sherlock Holmes.,neither,0.03763944115734239,0.1918412352459551,0.7705193235967025
@sinisterplank I'll defend Beyond but otherwise agreed,neither,0.037277370424331366,0.3367753681142623,0.6259472614614062
only Gilgamesh,neither,0.03945320844208391,0.33037608806864915,0.630170703489267
old dusty volumes are the best,neither,0.05640042071059637,0.27963382733920494,0.6639657519501987
"Oh, the papercuts! :P",neither,0.047787162185831934,0.2047922699163975,0.7474205678977706
Books in DTF are best!,neither,0.06702751666636694,0.2735442985743327,0.6594281847593004
only the real old good books,neither,0.03199353592496258,0.4217359146722383,0.5462705494027992
"Lasers and Feelings , link to game http://www.onesevendesign.com/laserfeelings/",neither,0.040924835721697556,0.21400756132796223,0.7450676029503402
What was the SHOW Called Sax??????,neither,0.06567109683189465,0.221448476270442,0.7128804268976635
Conveniently public domain books.,neither,0.03945320844208391,0.33037608806864915,0.630170703489267
nice and dusty,neither,0.038617729681505494,0.28782620484676874,0.6735560654717258
Queue Intro!,neither,0.03945320844208391,0.33037608806864915,0.630170703489267
"well to be fair, why the hell would you need TV when you have the holodeck?",offensive_language,0.047077951078955765,0.6816198520092396,0.2713021969118047
"To be fair, I do have Gilgamesh sitting right next to me, lol.",neither,0.03681712516856102,0.4197896342182391,0.5433932406131998
Been studying Mesopotamian mythology.,neither,0.03917640073044309,0.33507423734575525,0.6257493619238017
Want to introduce Picard to Tom Clancy lol,neither,0.043551667820447906,0.36624204171393354,0.5902062904656186
Re Sub HYPE!!!,neither,0.05796738926929811,0.3016950255183242,0.6403375852123776
Resub gandsSubHype gandsLessthanthree,neither,0.03945320844208391,0.33037608806864915,0.630170703489267
must get Galaxy Quest quotes ready,neither,0.03971752025008118,0.325890026888084,0.6343924528618349
@stargazer1977 Picard would like you,offensive_language,0.11986908267748987,0.45472646866857375,0.42540444865393645
Sub HYPE!!!,neither,0.03945320844208391,0.33037608806864915,0.630170703489267
"@Vance1982 what's the use of a holodeck if you're not casting yourself as an intern on House, MD? Kappa",neither,0.024376607560730276,0.43725722044736204,0.5383661719919077
"Never Give Up, Never Surrender",neither,0.03165538328157464,0.4302827007141312,0.5380619160042941
does the color seem a bit off?,neither,0.02869443529434511,0.420317832431093,0.550987732274562
ENGAGE fmgSUP,neither,0.03945320844208391,0.33037608806864915,0.630170703489267
"@highvoltage988 It's a great movie, I love all the new star trek movies, they're amazing space action movies with great characters. They're just not Trekkie for me. Entirely personal and somewhat nostalgia-locked oppinion though.",neither,0.038407121704741,0.2883602697911552,0.6732326085041038
if you were on a spaceship would you watch soaps?,neither,0.048321297487609605,0.441190759202296,0.5104879433100945
"@Fu4ow the feeling is mutual, Picard is my favorite Captain.",neither,0.04068768841078019,0.373102649243387,0.5862096623458327
Don't forget to visit Star Trek Online and support Shield of Tomorrow! www.StarTrekOnline.com/ShieldofTomorrow,neither,0.05687602105656693,0.30425729811326435,0.6388666808301687
"Hey, chat-- is there still a Shield of Tomorrow discord?",neither,0.0452251820869075,0.30581730955543773,0.6489575083576548
@Dragonchrome Im doing my part,neither,0.027032081011413817,0.4560487494705022,0.5169191695180839
New custom LCARS fmgSINBOT,neither,0.04660400397451208,0.1401930676750457,0.8132029283504423
that guy Ector is mexican?,neither,0.04777176621150378,0.37987073008899186,0.5723575036995044
<3,neither,0.03945320844208391,0.33037608806864915,0.630170703489267
Is the intro bluer than normal? or is it just me?,neither,0.03941626999406188,0.35822703115317006,0.6023566988527681
"""Sally Forth!""",neither,0.03945320844208391,0.33037608806864915,0.630170703489267
Hearts :D,neither,0.03945320844208391,0.33037608806864915,0.630170703489267
Nice serifs.,neither,0.03945320844208391,0.33037608806864915,0.630170703489267
@WoodenMonkeyGod :),neither,0.03945320844208391,0.33037608806864915,0.630170703489267
wait they're playing actors,neither,0.054800209787156946,0.3060635381267278,0.6391362520861154
@ExitPursuedByABear Yes.,neither,0.03945320844208391,0.33037608806864915,0.630170703489267
Janeway got up to Victorian romances so I'd assume it depends on the person,neither,0.03729079762280952,0.428948893648188,0.5337603087290025
lol,neither,0.020706217963973744,0.4882283491876925,0.4910654328483337
"Lasers and Feelings , link to game http://www.onesevendesign.com/laserfeelings/",neither,0.040924835721697556,0.21400756132796223,0.7450676029503402
oh lol i just realized who that is,neither,0.036138048000159004,0.4525012632636527,0.5113606887361885
!wtfisthis,neither,0.03945320844208391,0.33037608806864915,0.630170703489267
Shield of Tomorrow one shot of Lazers and Feelings GMed by Sax Carr. More info: http://www.onesevendesign.com/laserfeelings/,neither,0.03808007494032025,0.2804762499372184,0.6814436751224613
Where would G&S find actors in LA! :),neither,0.04361762663367139,0.2303783934229581,0.7260039799433706
BONNIE YES,neither,0.03945320844208391,0.33037608806864915,0.630170703489267
@sociologygeek how does one join?,neither,0.025590703257591465,0.4797369134890561,0.4946723832533525
:D,neither,0.03945320844208391,0.33037608806864915,0.630170703489267
Chip Harddunk?!,neither,0.03945320844208391,0.33037608806864915,0.630170703489267
BLAST HARDCHEESE.,neither,0.03945320844208391,0.33037608806864915,0.630170703489267
"""Not that kind of a movie, guys"" :P",neither,0.036658981467631795,0.339831626661227,0.6235093918711411
"Bonnie is going full Mary Elizabeth, lol.",neither,0.0518326800663584,0.3845615591284938,0.5636057608051478
We have a subscriber-only Discord server! Join here: https://discord.gg/geekandsundry (you'll need to sub and link it to your Twitch) and be a part of the fun!...Warning: It can take up to an hour for the server to update and give you access to the channels,neither,0.08464076273808444,0.286394834032893,0.6289644032290227
"Bonnie in a ""I'm too good for this"" role",neither,0.03291839921042941,0.307699810695195,0.6593817900943756
Big McLargehuge,neither,0.013558625667907201,0.4542814836427737,0.532159890689319
A bit hard to hear some people on the mic.,offensive_language,0.044963340010345465,0.49459389957952093,0.46044276041013354
Alexander Dane would be proud,neither,0.03927002173607469,0.3288421061770027,0.6318878720869227
Chunk Hugejaw,neither,0.03945320844208391,0.33037608806864915,0.630170703489267
Sam with the ASoIaF reference SeemsGood,neither,0.028844209844574982,0.34945715263091937,0.6216986375245056
Sounds like Chip strayed into adult films with a name like that,neither,0.041542224375660616,0.3961661189195023,0.562291656704837
@atmaprime always love a mst3k reference!,neither,0.03473348704570114,0.40131019979741767,0.5639563131568812
