text,top_class,hate_speech,offensive_language,neither
spice? spice?,neither,0.03945320844208391,0.33037608806864915,0.630170703489267
"Please, tell me we aren't going to have musical episode ;)",neither,0.03711596048700036,0.3767580142589425,0.5861260252540571
Good luck Sam!,neither,0.03881151517783205,0.3305967958074566,0.6305916890147113
welcome to the newbies! :D,neither,0.04828521949961754,0.3017179234363179,0.6499968570640645
#SpiceLife,neither,0.03945320844208391,0.33037608806864915,0.630170703489267
@perryhawthorn never this is it!,neither,0.04269629748316035,0.39265380465837724,0.5646498978584624
Sam is actually not the one late for once.....,neither,0.03824076948628336,0.3214493573106217,0.640309873203095
bidet form austin tx!,neither,0.03945320844208391,0.33037608806864915,0.630170703489267
FUCK HARVEY.,offensive_language,0.34803241646388117,0.6519675835059184,3.0200377847433446e-11
Bidet from Boston!!,neither,0.040769555981420263,0.3080342349327864,0.6511962090857933
bidet from canada!,neither,0.04071751644889743,0.3089174816120565,0.6503650019390461
"bidet. sam riegel one-shot, woot!",neither,0.038767286291225375,0.35559449145133043,0.6056382222574442
ETA 1 MINUTE,neither,0.03945320844208391,0.33037608806864915,0.630170703489267
yay got art page now.,neither,0.03847020973034515,0.36564457991257854,0.5958852103570764
Bidet from Toledo ohio!,neither,0.040754399270683486,0.3082914838698526,0.650954116859464
gandsSCANLAN gandsSCANLAN gandsSCANLAN gandsSCANLAN gandsSCANLAN,neither,0.03945320844208391,0.33037608806864915,0.630170703489267
I'm ready anytime...,neither,0.03945320844208391,0.33037608806864915,0.630170703489267
gandsSCANLAN !,neither,0.03945320844208391,0.33037608806864915,0.630170703489267
are you ready???,neither,0.14196501922155708,0.32214780876379107,0.5358871720146519
Shocker GnS is late freaking late again. Its clear the crew is either understaffed/overworked/ or just bad,neither,0.03842797730363805,0.3465161085875861,0.6150559141087759
GivePLZ gandsHR,neither,0.03945320844208391,0.33037608806864915,0.630170703489267
つ ◕_◕ ༽つ SAM TAKE MY ENERGY ༼つ ◕_◕ ༽つ,neither,0.029294655033600937,0.4085411268708666,0.5621642180955324
SAM,neither,0.03945320844208391,0.33037608806864915,0.630170703489267
Bidet from MD,neither,0.04062582848913359,0.31047366557575606,0.6489005059351104
hey!,neither,0.03945320844208391,0.33037608806864915,0.630170703489267
xD,neither,0.03945320844208391,0.33037608806864915,0.630170703489267
@rearmeddreamer 100%,neither,0.03945320844208391,0.33037608806864915,0.630170703489267
yayyyy,neither,0.03945320844208391,0.33037608806864915,0.630170703489267
yayy!!!,neither,0.03945320844208391,0.33037608806864915,0.630170703489267
HERE WE GO,neither,0.13156755280784707,0.2765461283225309,0.5918863188696221
bidet from New Zealand,neither,0.046710622032705686,0.1542697019613409,0.7990196760059534
yay!!!!,neither,0.03945320844208391,0.33037608806864915,0.630170703489267
Sam!,neither,0.03945320844208391,0.33037608806864915,0.630170703489267
your not matt!,neither,0.07690368649783459,0.32533375979381973,0.5977625537083456
HI SAM RIEGEL,neither,0.03945320844208391,0.33037608806864915,0.630170703489267
OMG YES,neither,0.03945320844208391,0.33037608806864915,0.630170703489267
"Right I got some Cumin, some Cinnamon, some Chilli Powder and some nice Fire Peppers. Spice Anyone?",neither,0.02705181287624314,0.3595653000469811,0.6133828870767757
:D :D,neither,0.03945320844208391,0.33037608806864915,0.630170703489267
obby the dm,neither,0.03813307558640432,0.30591389464133,0.6559530297722658
gandsOwl Hey Sam,neither,0.03945320844208391,0.33037608806864915,0.630170703489267
gandsSCANLAN,neither,0.03945320844208391,0.33037608806864915,0.630170703489267
yay!,neither,0.03945320844208391,0.33037608806864915,0.630170703489267
AHHHHHHHH,neither,0.03945320844208391,0.33037608806864915,0.630170703489267
yeeees,neither,0.03945320844208391,0.33037608806864915,0.630170703489267
YESSSSSSSS,neither,0.03945320844208391,0.33037608806864915,0.630170703489267
YAY!,neither,0.03945320844208391,0.33037608806864915,0.630170703489267
gandsSCANLAN gandsSCANLAN gandsSCANLAN gandsSCANLAN gandsSCANLAN,neither,0.03945320844208391,0.33037608806864915,0.630170703489267
yaaaasaaaas,neither,0.03945320844208391,0.33037608806864915,0.630170703489267
wooooo,neither,0.03945320844208391,0.33037608806864915,0.630170703489267
SAM gandsSCANLAN gandsSCANLAN gandsSCANLAN gandsSCANLAN gandsSCANLAN gandsSCANLAN,neither,0.03945320844208391,0.33037608806864915,0.630170703489267
gandsSCANLAN gandsSCANLAN gandsSCANLAN gandsSCANLAN gandsSCANLAN gandsSCANLAN gandsSCANLAN gandsSCANLAN gandsSCANLAN,neither,0.03945320844208391,0.33037608806864915,0.630170703489267
gandsSCANLAN gandsSCANLAN gandsSCANLAN,neither,0.03945320844208391,0.33037608806864915,0.630170703489267
HI SAM!!!! this is adorable!,neither,0.046225018095955805,0.3293533168260418,0.6244216650780023
YAAAAYYYY!!!!,neither,0.03945320844208391,0.33037608806864915,0.630170703489267
gandsSCANLAN gandsSCANLAN gandsSCANLAN gandsSCANLAN gandsSCANLAN gandsSCANLAN,neither,0.03945320844208391,0.33037608806864915,0.630170703489267
WutFace,neither,0.03945320844208391,0.33037608806864915,0.630170703489267
hyyyype,neither,0.03945320844208391,0.33037608806864915,0.630170703489267
yaaaaaay,neither,0.03945320844208391,0.33037608806864915,0.630170703489267
gandsSCANLAN gandsSCANLAN gandsSCANLAN gandsSCANLAN gandsSCANLAN gandsSCANLAN gandsSCANLAN,neither,0.03945320844208391,0.33037608806864915,0.630170703489267
gandsSCANLAN gandsSCANLAN gandsSCANLAN gandsSCANLAN gandsSCANLAN,neither,0.03945320844208391,0.33037608806864915,0.630170703489267
bidet from AZ,neither,0.04078317879478948,0.307803020237201,0.6514138009680096
yooo,neither,0.03945320844208391,0.33037608806864915,0.630170703489267
\ FeelsGoodMan /,neither,0.03945320844208391,0.33037608806864915,0.630170703489267
Hi!,neither,0.03945320844208391,0.33037608806864915,0.630170703489267
gandsSubHype gandsSubHype gandsSubHype gandsSubHype gandsSubHype gandsSubHype gandsSCANLAN gandsSCANLAN gandsSCANLAN gandsSCANLAN gandsSCANLAN gandsSCANLAN gandsSCANLAN gandsSCANLAN,neither,0.03945320844208391,0.33037608806864915,0.630170703489267
wat?,neither,0.03945320844208391,0.33037608806864915,0.630170703489267
Haha,neither,0.03186685585600258,0.45913629025701075,0.5089968538869867
WUT?,neither,0.03945320844208391,0.33037608806864915,0.630170703489267
OMG,neither,0.03945320844208391,0.33037608806864915,0.630170703489267
gandsSCANLAN gandsSCANLAN gandsSCANLAN gandsSCANLAN gandsSCANLAN gandsSCANLAN gandsNopeNopeNope gandsSCANLAN gandsSCANLAN gandsSCANLAN,neither,0.03945320844208391,0.33037608806864915,0.630170703489267
gandsSCANLAN gandsSCANLAN gandsSCANLAN gandsSCANLAN gandsSCANLAN gandsSCANLAN gandsSCANLAN gandsSCANLAN gandsSCANLAN gandsSCANLAN gandsSCANLAN,neither,0.03945320844208391,0.33037608806864915,0.630170703489267
woa weird,neither,0.03945320844208391,0.33037608806864915,0.630170703489267
YAAAAASSS SAM!!!,neither,0.03945320844208391,0.33037608806864915,0.630170703489267
Bidet Sam!,neither,0.03945320844208391,0.33037608806864915,0.630170703489267
Yay!!,neither,0.03945320844208391,0.33037608806864915,0.630170703489267
I'm SO EXCITED!,neither,0.03940839469474773,0.3948270312238364,0.565764574081416
gandsSCANLAN gandsSCANLAN gandsSCANLAN gandsSCANLAN gandsSCANLAN gandsSCANLAN gandsSCANLAN,neither,0.03945320844208391,0.33037608806864915,0.630170703489267
Sammm!!!!!!!!!!!!,neither,0.03945320844208391,0.33037608806864915,0.630170703489267
gandsSubHype gandsSubHype gandsSubHype gandsSubHype gandsSubHype gandsSubHype,neither,0.03945320844208391,0.33037608806864915,0.630170703489267
I FORGOT THIS WAS A THING,neither,0.039209263613138555,0.33451646846112354,0.6262742679257379
Look at that adorable man KappaPride,neither,0.0365735463601681,0.45718265586249324,0.5062437977773386
gandsSCANLAN gandsSCANLAN gandsSCANLAN gandsSCANLAN gandsSCANLAN gandsSCANLAN gandsSCANLAN gandsSCANLAN gandsSCANLAN,neither,0.03945320844208391,0.33037608806864915,0.630170703489267
gandsSCANLAN gandsSCANLAN gandsSCANLAN gandsSCANLAN gandsSCANLAN gandsSCANLAN gandsSCANLAN gandsSCANLAN,neither,0.03945320844208391,0.33037608806864915,0.630170703489267
gandsSCANLAN gandsSCANLAN gandsSCANLAN,neither,0.03945320844208391,0.33037608806864915,0.630170703489267
YUS!!!!!!!!!!!!!!!,neither,0.03945320844208391,0.33037608806864915,0.630170703489267
Whoop! :),neither,0.03945320844208391,0.33037608806864915,0.630170703489267
gandsSCANLAN gandsSCANLAN gandsSCANLAN gandsSCANLAN gandsSCANLAN gandsSCANLAN gandsSCANLAN gandsSCANLAN,neither,0.03945320844208391,0.33037608806864915,0.630170703489267
oh no,neither,0.04751210705993949,0.26629718932274826,0.6861907036173122
gandsSCANLAN gandsSCANLAN gandsSCANLAN gandsSCANLAN gandsSCANLAN gandsSCANLAN gandsSCANLAN gandsSCANLAN gandsSCANLAN gandsSCANLAN gandsSCANLAN gandsSCANLAN gandsSCANLAN gandsSCANLAN gandsSCANLAN,neither,0.03945320844208391,0.33037608806864915,0.630170703489267
YAAAAAYY SAAAAMMMM,neither,0.03945320844208391,0.33037608806864915,0.630170703489267
AWE,neither,0.03945320844208391,0.33037608806864915,0.630170703489267
awww sam looks nervous,neither,0.03945320844208391,0.33037608806864915,0.630170703489267
YES,neither,0.03945320844208391,0.33037608806864915,0.630170703489267
gandsSCANLAN gandsSCANLAN gandsLessthanthree gandsLessthanthree,neither,0.03945320844208391,0.33037608806864915,0.630170703489267
i'm not ready!!!,neither,0.03741288854270606,0.3380962759290845,0.6244908355282094
show time!,neither,0.06421964423691781,0.2395865376180287,0.6961938181450534
gandsSCANLAN gandsSCANLAN gandsSCANLAN gandsSCANLAN gandsSCANLAN,neither,0.03945320844208391,0.33037608806864915,0.630170703489267
yeah!!!,offensive_language,0.013968601452186464,0.5182923869769311,0.4677390115708824
Bidet!,neither,0.03945320844208391,0.33037608806864915,0.630170703489267
yay!,neither,0.03945320844208391,0.33037608806864915,0.630170703489267
good luck to Sam's one shot,neither,0.04356790751612726,0.3530652656536014,0.6033668268302713
WOOOOOT!!!,neither,0.03945320844208391,0.33037608806864915,0.630170703489267
gandsSCANLAN gandsSCANLAN gandsSCANLAN gandsSCANLAN gandsSCANLAN gandsSCANLAN,neither,0.03945320844208391,0.33037608806864915,0.630170703489267
gandsSCANLAN gandsSCANLAN gandsSCANLAN gandsSCANLAN,neither,0.03945320844208391,0.33037608806864915,0.630170703489267
oh god it's strange seeing him there,neither,0.041902661193586675,0.26378753351312545,0.6943098052932878
gandsSCANLAN gandsSCANLAN gandsSCANLAN gandsSCANLAN gandsSCANLAN gandsSCANLAN gandsGandsPoo gandsGandsPoo gandsGandsPoo gandsGandsPoo gandsSCANLAN gandsSCANLAN gandsSCANLAN gandsGandsPoo gandsGandsPoo gandsSCANLAN gandsGandsPoo,neither,0.03945320844208391,0.33037608806864915,0.630170703489267
woo!!,neither,0.03945320844208391,0.33037608806864915,0.630170703489267
Beep beep from mn,neither,0.040737273169946825,0.30858215849491494,0.6506805683351382
Never Sam...,neither,0.03441343596577686,0.3819747193693067,0.5836118446649163
Look at that handsome bastard,neither,0.037019804053201814,0.3839286249530792,0.579051570993719
WOOOOOOOOO,neither,0.03945320844208391,0.33037608806864915,0.630170703489267
closest to on time ever,neither,0.041749218872930455,0.3584237241816476,0.5998270569454219
gandsSCANLAN gandsSCANLAN gandsSCANLAN gandsSCANLAN gandsSCANLAN,neither,0.03945320844208391,0.33037608806864915,0.630170703489267
gandsSCANLAN gandsSCANLAN gandsSCANLAN gandsSCANLAN gandsSCANLAN,neither,0.03945320844208391,0.33037608806864915,0.630170703489267
gandsSCANLAN gandsSCANLAN gandsSCANLAN gandsSCANLAN gandsSCANLAN gandsSCANLAN gandsSCANLAN gandsSCANLAN gandsSCANLAN gandsSCANLAN gandsSCANLAN,neither,0.03945320844208391,0.33037608806864915,0.630170703489267
OMG,neither,0.03945320844208391,0.33037608806864915,0.630170703489267
???????!!!!!!!,neither,0.03945320844208391,0.33037608806864915,0.630170703489267
gandsSubHype gandsSubHype gandsSubHype gandsSubHype gandsSubHype gandsSubHype gandsSubHype gandsSubHype gandsSubHype gandsSubHype gandsSubHype,neither,0.03945320844208391,0.33037608806864915,0.630170703489267
gandsSubHype gandsSCANLAN gandsSubHype gandsSCANLAN gandsSubHype gandsSCANLAN gandsSubHype gandsSCANLAN,neither,0.03945320844208391,0.33037608806864915,0.630170703489267
Dis guna be weird,neither,0.04001075546484357,0.33504491505553563,0.6249443294796209
gandsSCANLAN gandsSCANLAN gandsSCANLAN gandsSCANLAN gandsSCANLAN gandsSCANLAN gandsSCANLAN gandsSCANLAN gandsSCANLAN,neither,0.03945320844208391,0.33037608806864915,0.630170703489267
gandsSCANLAN gandsSCANLAN gandsSCANLAN gandsSCANLAN gandsSCANLAN gandsSCANLAN gandsSCANLAN gandsSCANLAN gandsSCANLAN gandsSCANLAN gandsSCANLAN,neither,0.03945320844208391,0.33037608806864915,0.630170703489267
HERE WE GO,neither,0.13156755280784707,0.2765461283225309,0.5918863188696221
woot,neither,0.03945320844208391,0.33037608806864915,0.630170703489267
SAM!,neither,0.03945320844208391,0.33037608806864915,0.630170703489267
gandsSCANLAN gandsSCANLAN gandsSCANLAN gandsSCANLAN gandsSCANLAN gandsSCANLAN gandsSCANLAN gandsSCANLAN gandsSCANLAN gandsSCANLAN gandsSCANLAN gandsSCANLAN gandsSCANLAN gandsSCANLAN,neither,0.03945320844208391,0.33037608806864915,0.630170703489267
Bidet from Boston! And just in time for NotCriticalRole with NotMattMercer!,neither,0.0228308761249992,0.32356542929398596,0.6536036945810149
adeo,neither,0.03945320844208391,0.33037608806864915,0.630170703489267
AHHHH! It's already fuckin weird!!!!,offensive_language,0.07326705354180948,0.8819986938769194,0.044734252581271255
gandsSCANLAN gandsSCANLAN gandsSCANLAN gandsSCANLAN,neither,0.03945320844208391,0.33037608806864915,0.630170703489267
It's Showtime!,neither,0.037828236809968684,0.3309349903269868,0.6312367728630445
Not Critical Role,neither,0.038225090359916204,0.3349858725765289,0.6267890370635549
they're all going to die,neither,0.3273384920596333,0.1480222188964714,0.5246392890438953
xD saaaammmmmm <3,neither,0.03945320844208391,0.33037608806864915,0.630170703489267
Bidet from SC.... HOLY BALLS I GOT HERE JUST IN TIME!!!!!!!,neither,0.07127154173677033,0.4642875583082413,0.46444089995498844
!!!!!!!,neither,0.03945320844208391,0.33037608806864915,0.630170703489267
OMG OUR BOI HAS GROWN UP,neither,0.03272880360080314,0.4497498095101067,0.5175213868890901
I LOVE YOU SAME,neither,0.06641118765201096,0.4617734362097589,0.4718153761382301
gandsSCANLAN gandsMatt gandsSCANLAN gandsMatt,neither,0.03945320844208391,0.33037608806864915,0.630170703489267
gandsSCANLAN gandsSCANLAN gandsSCANLAN gandsSCANLAN gandsSCANLAN gandsSCANLAN,neither,0.03945320844208391,0.33037608806864915,0.630170703489267
He looks terrified,neither,0.044902800904532865,0.3285017233264671,0.6265954757690001
Yay Sam!,neither,0.03945320844208391,0.33037608806864915,0.630170703489267
gandsSCANLAN gandsSCANLAN gandsSCANLAN gandsSCANLAN gandsSCANLAN gandsSCANLAN gandsSCANLAN,neither,0.03945320844208391,0.33037608806864915,0.630170703489267
gandsSCANLAN gandsSCANLAN gandsSCANLAN gandsSCANLAN,neither,0.03945320844208391,0.33037608806864915,0.630170703489267
watching w my bf,neither,0.02714980749920671,0.42737661484510997,0.5454735776556834
SAM'S IN THE DM SEAT!!! gandsSCANLAN gandsSCANLAN gandsSCANLAN gandsSCANLAN gandsSCANLAN gandsSCANLAN gandsSCANLAN gandsSCANLAN gandsSCANLAN,neither,0.03867304216898237,0.31615135069256706,0.6451756071384506
gandsGandsPoo gandsGnSBigsby gandsGandsPoo gandsGnSBigsby,neither,0.03945320844208391,0.33037608806864915,0.630170703489267
Good luck sam!! <3,neither,0.03881151517783205,0.3305967958074566,0.6305916890147113
This is exciting!!! :D,neither,0.0484976811701294,0.3289671781834557,0.6225351406464149
SAM! I love you gandsLessthanthree gandsSCANLAN,neither,0.05753627528866802,0.4144735716221656,0.5279901530891664
gandsSubHype gandsSubHype gandsSubHype,neither,0.03945320844208391,0.33037608806864915,0.630170703489267
gandsSCANLAN gandsSCANLAN gandsSCANLAN gandsSCANLAN,neither,0.03945320844208391,0.33037608806864915,0.630170703489267
gandsSCANLAN gandsSCANLAN gandsSCANLAN gandsLessthanthree gandsLessthanthree gandsLessthanthree gandsLessthanthree gandsSCANLAN gandsSCANLAN gandsSCANLAN gandsSCANLAN gandsSCANLAN gandsLessthanthree gandsLessthanthree gandsLessthanthree gandsSubHype gandsSubHype gandsSubHype gandsSubHype,neither,0.03945320844208391,0.33037608806864915,0.630170703489267
gandsSCANLAN gandsSCANLAN gandsSCANLAN gandsSCANLAN gandsSCANLAN gandsSCANLAN gandsSCANLAN,neither,0.03945320844208391,0.33037608806864915,0.630170703489267
gandsSCANLAN gandsSCANLAN gandsSCANLAN gandsSCANLAN gandsSCANLAN gandsSCANLAN gandsSCANLAN gandsSCANLAN gandsSCANLAN gandsSCANLAN gandsSCANLAN gandsSCANLAN gandsSCANLAN gandsSCANLAN gandsSCANLAN gandsSCANLAN gandsSCANLAN gandsSCANLAN gandsSCANLAN gandsSCANLAN gandsSCANLAN gandsSCANLAN gandsSCANLAN gandsSCANLAN gandsSCANLAN gandsSCANLAN gandsSCANLAN gandsSCANLAN gandsSCANLAN,neither,0.03945320844208391,0.33037608806864915,0.630170703489267
I. AM. SO. EXCITED!!!,neither,0.03917801114949071,0.3845679826575241,0.5762540061929852
wow look at the bags under his eyes @GeekandSundry,neither,0.06017879129308895,0.31469023916706557,0.6251309695398456
WOOOOOOOOO,neither,0.03945320844208391,0.33037608806864915,0.630170703489267
gandsSCANLAN gandsSCANLAN gandsSCANLAN gandsSCANLAN gandsSCANLAN gandsSCANLAN gandsSCANLAN gandsApplaud gandsSCANLAN gandsSCANLAN gandsSCANLAN gandsSCANLAN gandsSCANLAN gandsSCANLAN gandsSCANLAN,neither,0.03945320844208391,0.33037608806864915,0.630170703489267
BEAUTIFUL SAM!,neither,0.03945320844208391,0.33037608806864915,0.630170703489267
You got this Sam,neither,0.05969788425847014,0.4601959822399647,0.4801061335015651
YAY SAM!!!,neither,0.03945320844208391,0.33037608806864915,0.630170703489267
1 year woooo,neither,0.03945320844208391,0.33037608806864915,0.630170703489267
gandsSCANLAN gandsSCANLAN gandsSCANLAN,neither,0.03945320844208391,0.33037608806864915,0.630170703489267
so gently....,neither,0.03940934168832202,0.38195233036853654,0.5786383279431415
DO IT SAM! YOU GOT THIS!,neither,0.05659742949540284,0.4421941681389319,0.5012084023656651
"The first always hurts, Sam",neither,0.03148838178301534,0.36481035547898494,0.6037012627379997
SAM! OMG,neither,0.03945320844208391,0.33037608806864915,0.630170703489267
gandsSCANLAN gandsSCANLAN gandsSCANLAN gandsSCANLAN gandsSCANLAN gandsSCANLAN gandsSCANLAN gandsSCANLAN gandsSCANLAN gandsSCANLAN gandsSCANLAN gandsSCANLAN gandsSCANLAN,neither,0.03945320844208391,0.33037608806864915,0.630170703489267
Cool missed nothing,neither,0.036820704495567895,0.3750565503288603,0.5881227451755718
Wooo,neither,0.03945320844208391,0.33037608806864915,0.630170703489267
gandsSCANLAN gandsSCANLAN gandsSCANLAN gandsSCANLAN gandsSCANLAN gandsSCANLAN,neither,0.03945320844208391,0.33037608806864915,0.630170703489267
SAM!!!,neither,0.03945320844208391,0.33037608806864915,0.630170703489267
gandsSCANLAN gandsSCANLAN gandsSCANLAN gandsSCANLAN gandsSCANLAN gandsSCANLAN gandsSCANLAN gandsSCANLAN,neither,0.03945320844208391,0.33037608806864915,0.630170703489267
Go Sam!!!,neither,0.04104503810563369,0.3359047500671089,0.6230502118272574
gandsSCANLAN gandsSCANLAN gandsSCANLAN gandsSCANLAN,neither,0.03945320844208391,0.33037608806864915,0.630170703489267
Hi Sam,neither,0.03945320844208391,0.33037608806864915,0.630170703489267
gandsSCANLAN gandsSCANLAN gandsSCANLAN gandsSCANLAN gandsSCANLAN gandsSCANLAN,neither,0.03945320844208391,0.33037608806864915,0.630170703489267
gandsSCANLAN gandsSCANLAN gandsSCANLAN gandsSCANLAN gandsSCANLAN gandsSCANLAN gandsSCANLAN gandsSCANLAN,neither,0.03945320844208391,0.33037608806864915,0.630170703489267
already proud of you sam,neither,0.05400449256672271,0.39294460005053267,0.5530509073827445
SAM I LOVE YOU,neither,0.05753627528866802,0.4144735716221656,0.5279901530891664
you can do eet sam!,neither,0.055791400017783134,0.36644174593654405,0.577766854045673
lol sam!,neither,0.029540262777559372,0.4042772064154116,0.5661825308070291
"Bidet from Eau Claire, Wisconsin!",neither,0.04071751644889743,0.3089174816120565,0.6503650019390461
gandsSCANLAN gandsSCANLAN gandsSCANLAN gandsSCANLAN LET IT BEGIN gandsSCANLAN gandsSCANLAN gandsSCANLAN gandsSCANLAN gandsSCANLAN gandsSCANLAN gandsSCANLAN gandsSCANLAN gandsSCANLAN,neither,0.0225531212913532,0.3659027818397748,0.611544096868872
Aaaaarrrrgghhh!!! Buffering!,neither,0.03945320844208391,0.33037608806864915,0.630170703489267
Hello everybody!!!,neither,0.03945320844208391,0.33037608806864915,0.630170703489267
gandsSCANLAN,neither,0.03945320844208391,0.33037608806864915,0.630170703489267
gandsSCANLAN gandsSCANLAN gandsSCANLAN gandsSCANLAN,neither,0.03945320844208391,0.33037608806864915,0.630170703489267
TybDasbif,neither,0.03945320844208391,0.33037608806864915,0.630170703489267
gandsSCANLAN gandsSCANLAN gandsSCANLAN,neither,0.03945320844208391,0.33037608806864915,0.630170703489267
hi sam!,neither,0.03945320844208391,0.33037608806864915,0.630170703489267
"Rock on your bad self, Sam!!!! brownHYPE brownROSE",neither,0.0578409943710267,0.3363801155636953,0.605778890065278
gandsSCANLAN gandsSCANLAN gandsSCANLAN gandsSCANLAN,neither,0.03945320844208391,0.33037608806864915,0.630170703489267
gandsSubHype gandsSubHype gandsSubHype gandsSubHype gandsLessthanthree gandsLessthanthree gandsLessthanthree gandsLessthanthree gandsLessthanthree,neither,0.03945320844208391,0.33037608806864915,0.630170703489267
sam is nervous,neither,0.04745371670396489,0.3276243464092614,0.6249219368867738
bidet!!!!!,neither,0.03945320844208391,0.33037608806864915,0.630170703489267
BAE FOSTER!!!!,neither,0.03648966560400845,0.38067514426128674,0.5828351901347048
"You got this, Sam.",neither,0.05969788425847014,0.4601959822399647,0.4801061335015651
gandsSCANLAN,neither,0.03945320844208391,0.33037608806864915,0.630170703489267
gandsSCANLAN gandsSCANLAN gandsSCANLAN,neither,0.03945320844208391,0.33037608806864915,0.630170703489267
gandsMatt gandsMatt gandsMatt gandsMatt,neither,0.03945320844208391,0.33037608806864915,0.630170703489267
omg i love him,neither,0.03570792329262365,0.35009993191387506,0.6141921447935014
omg such cool people,neither,0.07186902967761696,0.3228158810247393,0.6053150892976439
gandsSCANLAN gandsSCANLAN gandsSCANLAN gandsSCANLAN,neither,0.03945320844208391,0.33037608806864915,0.630170703489267
aww yeah! gandsSCANLAN,neither,0.022346728609887307,0.4503409749825554,0.5273122964075573
ASHLY BURCH!,neither,0.03945320844208391,0.33037608806864915,0.630170703489267
"oh man, Brian Foster. I'm looking forward to seeing him play.",neither,0.04648950601487976,0.33618454545640797,0.6173259485287121
'Orendi!!,neither,0.03945320844208391,0.33037608806864915,0.630170703489267
!whodat,neither,0.03945320844208391,0.33037608806864915,0.630170703489267
"Sam Riegel ( twitter.com/samriegel ), Brian Wayne Foster ( twitter.com/BrianWFoster ), Liam O'Brien ( twitter.com/VoiceOfOBrien ), Mary E McGlynn ( twitter.com/MaryEMcGlynn ), Ashly Burch ( twitter.com/ashly_burch ) and Eric Bauza ( twitter.com/bauzilla )",neither,0.03848524705436364,0.4539889494455074,0.5075258035001289
Go Sam!!,neither,0.04104503810563369,0.3359047500671089,0.6230502118272574
taveriSub taveriSub taveriSub,neither,0.03945320844208391,0.33037608806864915,0.630170703489267
Yay Ashly,neither,0.03945320844208391,0.33037608806864915,0.630170703489267
ASHLEY!!!,neither,0.03945320844208391,0.33037608806864915,0.630170703489267
"lol, I'm so excited to see Foster play",neither,0.037975382995320134,0.4036953772850869,0.5583292397195928
ferociously handsome people? sounds like all the critters in http://discord.gg/criticalrole <3 gandsLessthanthree,neither,0.07365535754370145,0.2786086162347251,0.6477360262215733
I'm so happy right now!!!!! This is so exciting!!,neither,0.04457435666613534,0.4119083500413023,0.5435172932925624
oh my he has Sam as a DM for his first game,neither,0.04132348205220933,0.32579048137885197,0.6328860365689387
what is this,neither,0.07282678549990032,0.31792604547631814,0.6092471690237815
ASHLEY BIRCH gandsCrit gandsCrit gandsCrit gandsCrit gandsCrit gandsCrit,neither,0.03945320844208391,0.33037608806864915,0.630170703489267
Just like Sam,neither,0.04665045042833917,0.3795277942968024,0.5738217552748585
AYYYYYYYY,neither,0.03945320844208391,0.33037608806864915,0.630170703489267
"Good luck Sam, you'll be great! gandsTrinketArmor",neither,0.050058122524412024,0.3458378181734275,0.6041040593021605
Bidet from Ohio,neither,0.040754399270683486,0.3082914838698526,0.650954116859464
About damned time there was a Canadian on Crit Role!,neither,0.03574633565588768,0.3429316510641719,0.6213220132799405
Eric's first time be gentle KappaPride,neither,0.03333544718015796,0.35091817249680907,0.615746380323033
Awwww he is doing what Sam did,neither,0.05524526415988801,0.32340768712076395,0.621347048719348
Shit. I forgot Foster's playing. This will be amazing.,offensive_language,0.05068252778145069,0.9303033034490107,0.019014168769538656
Good luck Sam!,neither,0.03881151517783205,0.3305967958074566,0.6305916890147113
HAVE FUN!!!!,neither,0.03861966649650238,0.34452347025629904,0.6168568632471987
YES YES so excited for this episode!,neither,0.03515764446596888,0.3393007298576417,0.6255416256763894
Forgive and teach!,neither,0.044526023012729524,0.18710001422317427,0.7683739627640962
what i miss?,neither,0.036306666459524344,0.32819641805645544,0.6354969154840202
Holy fuck Samns eyes LUL,offensive_language,0.16249434530771073,0.8301093262350573,0.007396328457231928
wow a person of colour,neither,0.03945320844208391,0.33037608806864915,0.630170703489267
You got this Sam!!!!,neither,0.05969788425847014,0.4601959822399647,0.4801061335015651
omg,neither,0.03945320844208391,0.33037608806864915,0.630170703489267
SAM YOU GOT THIS!! :D,neither,0.05969788425847014,0.4601959822399647,0.4801061335015651
"Nice T-shirt, Liam! :D",neither,0.03945320844208391,0.33037608806864915,0.630170703489267
lol Sam looks so tired. he must of been up late working hard on this game session ^_^ <3,offensive_language,0.03065277064658917,0.49982105612220357,0.4695261732312073
gandsTrinket,neither,0.03945320844208391,0.33037608806864915,0.630170703489267
gandsSCANLAN gandsSCANLAN gandsSCANLAN,neither,0.03945320844208391,0.33037608806864915,0.630170703489267
Humping you say ;),neither,0.058264326221952184,0.3829617249453902,0.5587739488326576
sbzySuure,neither,0.03945320844208391,0.33037608806864915,0.630170703489267
just introductions @juliomorales489,neither,0.02667013123193722,0.39600456006212814,0.5773253087059346
@juliomorales489 Just introductions,neither,0.02667013123193722,0.39600456006212814,0.5773253087059346
YOU GOT THIS SAM!,neither,0.05969788425847014,0.4601959822399647,0.4801061335015651
Sam <3,neither,0.03945320844208391,0.33037608806864915,0.630170703489267
good luck Sam! We all love ya,offensive_language,0.02702987213458345,0.6002852188752742,0.3726849089901424
I could hear Sam all night,neither,0.03413131100249615,0.3944826153538174,0.5713860736436863
Aww he seems nervous :(,neither,0.04366097480085828,0.32892884426820496,0.6274101809309368
Let's go Sam!,neither,0.023922175279277348,0.37204769550830463,0.6040301292124179
Hope Matt took a mouth guard this year,neither,0.06344455265657224,0.2520999243632523,0.6844555229801754
#HumpMachina,neither,0.03945320844208391,0.33037608806864915,0.630170703489267
Go Sam Go!,neither,0.04190575900363539,0.33890751382314493,0.6191867271732198
I heard that burning man was blocked off from everything because of a fire... irony?,neither,0.037867608633940286,0.37844700594850167,0.5836853854175581
Is Sam gonna give a whisper tonight?,neither,0.04237698629006584,0.3450227706916317,0.6126002430183025
GO SAM!,neither,0.04104503810563369,0.3359047500671089,0.6230502118272574
gandsSCANLAN gandsSCANLAN gandsSCANLAN gandsSCANLAN,neither,0.03945320844208391,0.33037608806864915,0.630170703489267
Go Sam!,neither,0.04104503810563369,0.3359047500671089,0.6230502118272574
CHAT can HELP,neither,0.03974631294768233,0.3254013396668395,0.6348523473854781
this is going to be fantastic!,neither,0.05381555536388826,0.35551031351705076,0.590674131119061
Liam's Shirt is dope,neither,0.04618843666384057,0.3280595342352387,0.6257520291009206
*gasp!* :D,neither,0.03945320844208391,0.33037608806864915,0.630170703489267
Whooo! Sam!,neither,0.03945320844208391,0.33037608806864915,0.630170703489267
Glad to see that my streak of 'having-just-stopped-playing-lis' just before seeing ashley burch is on crit role isn't broken,neither,0.03213309976536238,0.4283699619039405,0.5394969383306971
That's a cool shirt,neither,0.03493326485544209,0.3796774368504223,0.5853892982941357
gandsHR gandsHR gandsHR gandsHR gandsHR gandsHR,neither,0.03945320844208391,0.33037608806864915,0.630170703489267
#sleevesarebullshit,neither,0.03945320844208391,0.33037608806864915,0.630170703489267
is it weird for anyone else to see him behind the dm screen,neither,0.042748426100487916,0.3014080034746457,0.6558435704248664
I'm so excited for tonight,neither,0.030933360112281538,0.3223542421246248,0.6467123977630935
Sleeves are so bullshit!,offensive_language,0.1142685258820919,0.5849922778573265,0.3007391962605815
Sleeves are bullshit,offensive_language,0.1293857167777684,0.5204335633349481,0.3501807198872836
I want the tank yo,neither,0.03872426299109826,0.38469501629358466,0.5765807207153171
That's a great shirt.,neither,0.03314936193798386,0.34889670225266706,0.6179539358093491
Are Sam's\ palms sweaty? Knees weak? Arms heavy? Is there vomit on his sweater already? Mom's spaghetti?,neither,0.06181554580604681,0.30706291828053117,0.6311215359134221
SHAMONE,neither,0.03945320844208391,0.33037608806864915,0.630170703489267
oh god I'm late,neither,0.04538048544501036,0.274175904486216,0.6804436100687736
Liam in a Kingkiller Chronicle shirt :D,neither,0.03945320844208391,0.33037608806864915,0.630170703489267
the color is so pretty!,neither,0.048894893946159514,0.35592075491894715,0.5951843511348933
https://shop.geekandsundry.com/collections/critical-role,neither,0.03945320844208391,0.33037608806864915,0.630170703489267
SLEEVES ARE INDEED BULLSHIT,neither,0.08737566122642766,0.4455183060788183,0.46710603269475404
Just bought my first Crit role merch today!,neither,0.024912430940619477,0.38585360377780004,0.5892339652815806
SAM SAM SAM SAM SAM SAM,neither,0.03945320844208391,0.33037608806864915,0.630170703489267
YES sleeves really are bullshit,offensive_language,0.09275692374754428,0.45649381363939173,0.45074926261306403
i thought this show only allowed white people Kappa,hate_speech,0.5568823812188343,0.2648685229764678,0.17824909580469805
Critical Role Merch https://shop.geekandsundry.com/collections/critical-role,neither,0.03945320844208391,0.33037608806864915,0.630170703489267
I like that I could wear that and my non-nerd friends wouldn't call me out,neither,0.02767480646211122,0.43727835618346345,0.5350468373544254
Greetings. gandsTrinket,neither,0.03945320844208391,0.33037608806864915,0.630170703489267
I'm so excited to see Brian play!,neither,0.045075195901723486,0.36481581680550645,0.5901089872927701
https://shop.geekandsundry.com/collections/critical-role/products/critical-role-visit-dalens-closet-t-shirt,neither,0.03945320844208391,0.33037608806864915,0.630170703489267
aaand its gone,neither,0.030408834691771316,0.33586039152350106,0.6337307737847275
https://shop.geekandsundry.com/collections/critical-role/products/critical-role-visit-dalens-closet-tank-top,neither,0.03945320844208391,0.33037608806864915,0.630170703489267
,neither,0.03945320844208391,0.33037608806864915,0.630170703489267
gandsSCANLAN gandsSCANLAN gandsSCANLAN gandsSCANLAN,neither,0.03945320844208391,0.33037608806864915,0.630170703489267
haiku girl bugged the hell out of me. hopefully the new character is better,offensive_language,0.03489536534814704,0.547511211823056,0.41759342282879713
Waiting on those dice!,neither,0.05950039483673505,0.2757302519345492,0.6647693532287157
Gilmore shirts come back,neither,0.037719841002527614,0.35979585724645863,0.6024843017510138
i love liams shirt i have a eolian shirt myself,neither,0.03703577968235611,0.3462684989657013,0.6166957213519426
dagger dagger dagger!,neither,0.03945320844208391,0.33037608806864915,0.630170703489267
This is so fucking strange. Sam behind the Dm Screen is a concept I'm having a hard time wrapping my head around. Anything could happen. ANYTHING! I LOVE IT!,offensive_language,0.0642174333571846,0.8457653531900222,0.09001721345279327
"Oh sweet, just in time",neither,0.038601523406046646,0.320759201434771,0.6406392751591823
DRAGONCON HYPE,neither,0.03945320844208391,0.33037608806864915,0.630170703489267
Sacramento represent!!,neither,0.03945320844208391,0.33037608806864915,0.630170703489267
"oh, sac anime is tomorrow? I should go",neither,0.06067519541212462,0.32056926464330265,0.6187555399445727
bidet all :),offensive_language,0.046917543854519406,0.6277741405869331,0.3253083155585475
wooo you;'re coming to Sac,neither,0.08908168304983761,0.3387281643517782,0.572190152598384
are they gonna release another AWNP in SacAnime?,neither,0.1257888863498378,0.2587262585547633,0.615484855095399
Audio is outta sync for,neither,0.040738832705565185,0.3007996803834655,0.6584614869109693
Why won't they come to Chicago!?! BibleThump,neither,0.03295858690998274,0.3652781327770035,0.6017632803130137
lol this is awesome #SamTheDm,neither,0.03849886627100912,0.3944410221335899,0.5670601115954009
but I'm here now :D,neither,0.11859741935872385,0.2823640166260213,0.5990385640152548
sam seems very reserved right now. hehe. i wonder how nervous he is,neither,0.045766830372572544,0.33724814103794926,0.6169850285894781
Lol love the Waystone inn shirt he's wearing,neither,0.03319834634632334,0.37667475134831624,0.5901269023053605
Atlanta Represent!,neither,0.03945320844208391,0.33037608806864915,0.630170703489267
Ashley Burch is so cute how does she do it,offensive_language,0.03525672515148209,0.5024712660066788,0.46227200884183905
"@kallsar well, that's ironic Kappa",neither,0.03649151009978677,0.3624527027245121,0.6010557871757011
are marry and steve a thing,neither,0.061346818764001526,0.2556528417159147,0.6830003395200839
I wish I still lived there ;-;,neither,0.038584785344457306,0.30398310382132593,0.6574321108342168
audio is fine here,neither,0.0954378693802145,0.29147657824798395,0.6130855523718015
916,neither,0.03945320844208391,0.33037608806864915,0.630170703489267
sacramento sacramento,neither,0.03945320844208391,0.33037608806864915,0.630170703489267
"@jennfriend71 that's just you, it's not out of sync",offensive_language,0.03721587583530708,0.5088803165346993,0.45390380762999344
gandsOwl,neither,0.03945320844208391,0.33037608806864915,0.630170703489267
Bidet from Michigan,neither,0.040769555981420263,0.3080342349327864,0.6511962090857933
artbook PogChamp,neither,0.03945320844208391,0.33037608806864915,0.630170703489267
@jennfriend71 In sync for me!,neither,0.018597531693220627,0.3525628738392607,0.6288395944675187
I CANT WAIT!,neither,0.03945320844208391,0.33037608806864915,0.630170703489267
"@jennfriend71 Try refreshing, it looks in sync for me still. How out of sync is it for you?",neither,0.03436322623090681,0.36315310026795417,0.602483673501139
@isaluteya yep! they're recording one there.,neither,0.05707957043680032,0.2899572161320427,0.652963213431157
Sam looks ragged. Hopefully he didnt stress too much prepping for this.,neither,0.03614200985843682,0.31508275990568096,0.6487752302358822
I'm in Sacramento and I'm not going to be there. T_T,neither,0.04218934820479159,0.28998316513494293,0.6678274866602654
gands2YearHype gands2YearHype gands2YearHype gands2YearHype gands2YearHype,neither,0.03945320844208391,0.33037608806864915,0.630170703489267
"@jpcguy89 i know, 😭 im here in portage park waiting lol",neither,0.06604520228934825,0.3734338256888285,0.5605209720218233
CRITICAL SCOPE NEEDS VOLUNTEERS TO FILM THE SACANIME PANELS!!! https://twitter.com/CriticalScope/status/903066364923056128,neither,0.04182829065564008,0.3764831417129945,0.5816885676313653
I believe so,neither,0.039410295509965804,0.4047617245327211,0.5558279799573133
go sam!,neither,0.04104503810563369,0.3359047500671089,0.6230502118272574
gandsCrit gandsCrit gandsSCANLAN gandsCrit gandsCrit,neither,0.03945320844208391,0.33037608806864915,0.630170703489267
bidet Lakeview )Regon,neither,0.03945320844208391,0.33037608806864915,0.630170703489267
CT represent!,neither,0.03945320844208391,0.33037608806864915,0.630170703489267
biget from dallas,neither,0.04081748366884477,0.3072207769958956,0.6519617393352596
Bidet from a slightly less damp Houston!,neither,0.040327646543173376,0.3155345913915688,0.6441377620652579
Bidet from Toronto,neither,0.04066490145509902,0.30981049537100724,0.6495246031738937
"Hey, could anyone tell me what's up with the show? Just got in",neither,0.03235491210016424,0.40066574561328383,0.566979342286552
gandsSubHype gandsSubHype gandsSubHype,neither,0.03945320844208391,0.33037608806864915,0.630170703489267
i gotta go to burning man at some point -- to be naked in the desert,neither,0.04070028789939426,0.3965630968828592,0.5627366152177466
Im pumped for Brian,neither,0.03384332017677774,0.3314312254897148,0.6347254543335075
Bidet from NYC,neither,0.04081748366884477,0.3072207769958956,0.6519617393352596
#HumpMachina,neither,0.03945320844208391,0.33037608806864915,0.630170703489267
you always stress out the first time you DM,neither,0.0505368696026689,0.47093117032849513,0.47853196006883597
OH COME ON BRIAN,neither,0.04000790574755006,0.32116516342483176,0.6388269308276182
Hype for the comic book,neither,0.03315550153527256,0.28868855448965347,0.6781559439750738
happy dragoncon eve!,neither,0.03945320844208391,0.33037608806864915,0.630170703489267
"Who all is ""naked in the desert""? Is it laura travis talisen or are matt and marisha there too?",neither,0.0628301635963969,0.3186856221307037,0.6184842142728995
Nothing's happened yet besides announcements,neither,0.03730384440987981,0.3668564050882864,0.5958397505018339
"Google ""mary elizabeth mcglynn quantum leap""",neither,0.03945320844208391,0.33037608806864915,0.630170703489267
So epic #samthedm,neither,0.03940840016725221,0.3881618993133147,0.5724297005194332
"Damnit, Brian.",neither,0.03945320844208391,0.33037608806864915,0.630170703489267
Right I'm in!,neither,0.03751545652766037,0.36812142664767167,0.5943631168246679
whooooooo this looks like so much fun,neither,0.04559058450750593,0.39792043133176147,0.5564889841607327
Frying Brain Wanton,neither,0.03945320844208391,0.33037608806864915,0.630170703489267
I love D&D your guys are awesome.,neither,0.10813095976949155,0.2866106949277913,0.6052583453027173
Damn it brian. come on you didnt even ask if you were on the internet!,offensive_language,0.04158398762431027,0.720422726652875,0.23799328572281478
bidet fellow critters,neither,0.03945320844208391,0.33037608806864915,0.630170703489267
This lineup is amazing. SOOOOO EXCITED!!!!,neither,0.04493537796500847,0.3295636170188132,0.6255010050161783
DUCK TALES WOOHOO,neither,0.03945320844208391,0.33037608806864915,0.630170703489267
Hey!,neither,0.03945320844208391,0.33037608806864915,0.630170703489267
whyyy can't they out size charts on women's shirts,neither,0.039747445730173615,0.39547415260419866,0.5647784016656278
Hey Critters! Just caught up on CR. What a great first episode to watch live,neither,0.0401725936242426,0.3576396171526793,0.602187789223078
yaaaasss,neither,0.03945320844208391,0.33037608806864915,0.630170703489267
