text,top_class,hate_speech,offensive_language,neither
Are we getting turnt tonight my friends?,neither,0.04069020388307483,0.3976991327326252,0.5616106633843
and it has begun!,neither,0.0363918441966716,0.25272108248325803,0.7108870733200704
videoooo,neither,0.03945320844208391,0.33037608806864915,0.630170703489267
the 'behind the scenes' camera is up REFRESH if you do not see it.,neither,0.03673792399991568,0.3983036840941052,0.5649583919059791
shenanigan time!,neither,0.036668274527354654,0.377643684699956,0.5856880407726893
"The channel was gone live. If you cannot see the folks in the studio , please refresh.",neither,0.036974951648040155,0.35413151110078345,0.6088935372511763
"haha, nice picture today",neither,0.03435031327542072,0.3762678507578812,0.589381835966698
oh that is beqautiful,neither,0.05736250417891535,0.3114681234344429,0.6311693723866418
lol sam should of said that,neither,0.03854900698842403,0.4675558093348007,0.49389518367677543
XD,neither,0.03945320844208391,0.33037608806864915,0.630170703489267
lord have mercer that is horrifying,neither,0.043490339917234354,0.38713836349310715,0.5693712965896583
#BWMWYCTAT! lol,neither,0.020706217963973744,0.4882283491876925,0.4910654328483337
"""if you cannot see video you may have stared directly into the photoshop""",neither,0.04750524486501585,0.3420620981323097,0.6104326570026745
Hind sight is 20/20,neither,0.04540207585946121,0.3283299997749133,0.6262679243656254
:),neither,0.03945320844208391,0.33037608806864915,0.630170703489267
Hi @Brian,neither,0.03945320844208391,0.33037608806864915,0.630170703489267
Refreshed and still got no video.,neither,0.04124447085061688,0.25958474421535715,0.699170784934026
snerk,neither,0.03945320844208391,0.33037608806864915,0.630170703489267
"SOooo Im not caught up with critical role, should I not be watching this? What do they usually talk about>",neither,0.029885159238359424,0.4309636172135306,0.53915122354811
DM Regal ;),neither,0.03945320844208391,0.33037608806864915,0.630170703489267
hehe haha,neither,0.035224814546691206,0.40214296770217667,0.5626322177511323
That's Steven Tyler,neither,0.03596779883877096,0.3682177086988586,0.5958144924623704
have taken liberties with spelling for effect,neither,0.027309224599804772,0.34151917886571453,0.6311715965344807
"they usually talk about last ep, but you are safe because they should be talking about sams one shot",neither,0.05026448905319145,0.40822546726937964,0.5415100436774288
sams face photoshoped into some fancy new hair,neither,0.03538800576521771,0.26702401986095436,0.6975879743738278
@DemiDemonn you will get massive spoilers on this show. probably not a good idea to watch.,neither,0.06818669077709417,0.320577403072988,0.611235906149918
LUL,neither,0.03945320844208391,0.33037608806864915,0.630170703489267
@DemiDemonn last thursday was a one shot,neither,0.03857613600654336,0.36043954534496947,0.6009843186484872
or is it? 0.o,neither,0.052911789443946325,0.32574706491076766,0.621341145645286
Don't forget to visit Star Trek Online and support Shield of Tomorrow! www.StarTrekOnline.com/ShieldofTomorrow,neither,0.05687602105656693,0.30425729811326435,0.6388666808301687
#TheDM with the good hair,neither,0.02446228590621009,0.3578884099460376,0.6176493041477523
@Dragonchrome yeayea!,neither,0.03945320844208391,0.33037608806864915,0.630170703489267
"Mmmm I probably shouldnt watch then, but I want to so bad since I happened to catch this going live DX",neither,0.04617785834343928,0.3736850974286269,0.580137044227934
@DemiDemonn so i think they'll be talking about how the one shot went,neither,0.037608008430000645,0.3898759439985875,0.572516047571412
We have a subscriber-only Discord server! Join here: https://discord.gg/geekandsundry (you'll need to sub and link it to your Twitch) and be a part of the fun!...Warning: It can take up to an hour for the server to update and give you access to the channels,neither,0.08464076273808444,0.286394834032893,0.6289644032290227
Proof: Matts hair looks amazing on anyone.,neither,0.037342796634415074,0.34044334794282444,0.6222138554227604
this mic check is getting kind of personal Kappa,neither,0.04143806965804448,0.3712241338231927,0.587337796518763
"@DemiDemonn THey'll probably be talking about the one shot from last week but you might catch some spoilers anyway, YOU HAVE BEEN WARNED> :)",neither,0.04589669476886677,0.41932102925963094,0.5347822759715023
Best kind of mic check ;),neither,0.03870651433156336,0.32412336772070044,0.6371701179477363
sword guyyyy,neither,0.03945320844208391,0.33037608806864915,0.630170703489267
"@DemiDemonn a good portion of this episode will be about the one-shot Sam did, but there is an extremely good chance they will talk about events in the main game as well.",neither,0.03166621346566426,0.3187995194483616,0.6495342670859742
Unleash the Baldbarian!,neither,0.03613032604487659,0.2619290779399786,0.7019405960151449
"Help G&S make great content! $4.99/month gets you emotes, Minecraft server access, Sub Only Q&As, VODs, and more! Every sub keeps the channel alive! twitch.tv/geekandsundry/subscribe",neither,0.043092924924402844,0.32365565443818894,0.6332514206374082
phone call at an inopportune time,neither,0.03771490670887352,0.37107993232927494,0.5912051609618516
Oh yeah this was a thing,neither,0.026326230049248164,0.40381769866207634,0.5698560712886754
lol,neither,0.020706217963973744,0.4882283491876925,0.4910654328483337
backround barbarian,neither,0.03945320844208391,0.33037608806864915,0.630170703489267
"we have SwordGuy, repeat we have SwordGuy",neither,0.038341338835774175,0.34924741703616885,0.6124112441280569
"Lol, sword guy is back!",neither,0.03841306022398116,0.38377810227924986,0.577808837496769
"@Escapee334 yeaaah, I fgured theyd probably like have references to episodes past and bring stuff up potentially even if its mainly about the one shot X0",neither,0.03144940010833682,0.3985885252571423,0.5699620746345209
bidet from atlanta!,neither,0.04078317879478948,0.307803020237201,0.6514138009680096
what is the mine craft server address,neither,0.05313245853729439,0.3075124976567298,0.6393550438059759
Bidet from Iowa.,neither,0.04069404815304118,0.30931579984010865,0.6499901520068502
those face is that?,neither,0.08689687527799618,0.28358970328857946,0.6295134214334244
Sams,neither,0.03945320844208391,0.33037608806864915,0.630170703489267
@BloodinWORM Sam's. :p,neither,0.03945320844208391,0.33037608806864915,0.630170703489267
bidet from iowa as well,neither,0.03853111044664915,0.34602649753518194,0.615442392018169
bidet from ABQ,neither,0.04228451509352876,0.2823214250720796,0.6753940598343917
Sam Riegel on Mathew Mercer's body,neither,0.036325791627145894,0.34543985625322393,0.6182343521196301
Bidet from Florida!,neither,0.0408948396164547,0.30590784468201904,0.6531973157015263
Bidet from NYC!,neither,0.04081748366884477,0.3072207769958956,0.6519617393352596
123?,neither,0.03945320844208391,0.33037608806864915,0.630170703489267
Wassup homies B),neither,0.2090392861063836,0.14710774773131316,0.6438529661623034
bidet from Blackpool England,neither,0.04071751644889743,0.3089174816120565,0.6503650019390461
beep beep from England,neither,0.04071751644889743,0.3089174816120565,0.6503650019390461
bidet from belgium,neither,0.04228451509352876,0.2823214250720796,0.6753940598343917
gandsGandsPoo gandsGandsPoo,neither,0.03945320844208391,0.33037608806864915,0.630170703489267
"First time tuning in live, finally caught up, like today! Super excited :D",neither,0.04012608235076465,0.36986289661830357,0.5900110210309317
gandsMatt gandsSCANLAN,neither,0.03945320844208391,0.33037608806864915,0.630170703489267
"bidet from ottawa, canada!",neither,0.04071751644889743,0.3089174816120565,0.6503650019390461
bidet from the Twin Citites,neither,0.03960832842252772,0.2904108208265176,0.6699808507509547
holy hera that photoshop skill x) if Sam ever decided to join a band,neither,0.031074745731261295,0.3769905849056164,0.5919346693631223
Bidet from Utah~,neither,0.04066490145509902,0.30981049537100724,0.6495246031738937
Bidet from Pittsburgh PA!,neither,0.04036266062233628,0.31494031108870923,0.6446970282889545
Beep Beep from Southern San Francisco Bay!,neither,0.04014161891810651,0.3186919656823677,0.6411664153995258
"On tonight’s show are Sam, Liam, Mary and Ashly with Host Brian",neither,0.04893630934154786,0.26092852515997655,0.6901351654984756
northern ireland here,neither,0.07676543985183615,0.29933010087399275,0.6239044592741712
Bidet from california...,neither,0.06971251856910227,0.2972619859879888,0.633025495442909
Bidet from Wisconsin,neither,0.04071751644889743,0.3089174816120565,0.6503650019390461
Bidet from Bethlehem PA,neither,0.04069404815304118,0.30931579984010865,0.6499901520068502
Hype for Ashly Burch being on Talks,neither,0.02837774743289001,0.3396619353611616,0.6319603172059485
@Passable_Failure Whereabouts? I'm in Ottumwa.,neither,0.03945320844208391,0.33037608806864915,0.630170703489267
"Bidet from Gulfport, MS",neither,0.040769555981420263,0.3080342349327864,0.6511962090857933
tonight's Guests?,neither,0.03498084806025125,0.2929251180277183,0.6720940339120305
bidet from the uk. ha that rhymes,neither,0.03664576670601962,0.3360535938237188,0.6273006394702616
sam-you did awesome!,neither,0.055848802751877716,0.37659684908140223,0.5675543481667201
bidet from smoky western colorado cough cough,neither,0.039998814640650845,0.3211157269602565,0.6388854583990927
"On tonight’s show are Sam, Liam, Mary and Ashly with Host Brian",neither,0.04893630934154786,0.26092852515997655,0.6901351654984756
"@TheDiMono Oooooo, didn't know that. The hype is now real!",neither,0.026781411913242664,0.45275282162840397,0.5204657664583533
"Bidet from Grantsville, Utah.",neither,0.04066490145509902,0.30981049537100724,0.6495246031738937
damnit i want to watch this but im also watching the h3 stream,neither,0.04373379600283355,0.3410263891198281,0.6152398148773384
Beep beep from Hong Kong!,neither,0.040334677536117594,0.315415257091876,0.6442500653720065
@wahayne You can watch h3 whenever you want. Talks doesn't get rebroadcast ;),neither,0.07346277623011735,0.4026235136688131,0.5239137101010696
@Dragonchrome - Thank you so much. ^_^ \,offensive_language,0.054628503582362625,0.47454195832596063,0.47082953809167677
"bidet from port orange florida, where the storm will never break us",neither,0.05823940089556249,0.3006176318787081,0.6411429672257294
np,neither,0.03945320844208391,0.33037608806864915,0.630170703489267
Sam's face imposed on Matt's intro body... LOVE IT,neither,0.03500135772333678,0.3478696094819851,0.617129032794678
@ChupdeCode I used to live near Grantsville!,neither,0.05164975891994559,0.32454240335324497,0.6238078377268095
"Also, some personal hype for me having been a mod for 6 months :D",neither,0.024834395224415877,0.3297783994591622,0.6453872053164219
good luck in Florida,neither,0.038824751607648804,0.3305922431922782,0.630583005200073
What's h3?,neither,0.057770773616808734,0.3180719994247239,0.6241572269584672
beep beep ima sheep,neither,0.03945320844208391,0.33037608806864915,0.630170703489267
This photo is wrong in so many level,neither,0.04591865288044952,0.36583140318336355,0.5882499439361869
Oops. @ChumpdeCode,neither,0.03945320844208391,0.33037608806864915,0.630170703489267
Bidet,neither,0.03945320844208391,0.33037608806864915,0.630170703489267
Gratz @TheDiMono,neither,0.03945320844208391,0.33037608806864915,0.630170703489267
thank you f_day-fan,neither,0.06072816183046565,0.40034517001553294,0.5389266681540015
@TheDiMono Mod gandsSubHype gandsLessthanthree,neither,0.03945320844208391,0.33037608806864915,0.630170703489267
"@ProngsAedan h3h3 Productions, a youtube personality.",neither,0.03945320844208391,0.33037608806864915,0.630170703489267
bidet from FL,neither,0.04066490145509902,0.30981049537100724,0.6495246031738937
Bidet from Finland VoHiYo,neither,0.04228451509352876,0.2823214250720796,0.6753940598343917
Would you buy a car from this man,neither,0.05681179650353496,0.4218452781451758,0.5213429253512892
no,neither,0.036918905254960256,0.37338982715841207,0.5896912675866277
Yes,neither,0.03945320844208391,0.33037608806864915,0.630170703489267
@TheDiMono congrats congrats congrats!,neither,0.03945320844208391,0.33037608806864915,0.630170703489267
lmao,neither,0.03705015143476208,0.3711622369619404,0.5917876116032975
bidet coldwithin,neither,0.03945320844208391,0.33037608806864915,0.630170703489267
bidet from FL also :D,neither,0.04048244718769107,0.3129072204566142,0.6466103323556948
Bidet from Orlando FL,neither,0.040334677536117594,0.315415257091876,0.6442500653720065
I would trust implicitly,neither,0.03850467287061634,0.3224331733129218,0.6390621538164619
@stevenwroten where at? Tooele valley?,neither,0.040636765056144185,0.3220528575204325,0.6373103774234234
@Escapee334 - A very curious case. ^_^ /,neither,0.03945320844208391,0.33037608806864915,0.630170703489267
#BWMWYCTAT,neither,0.03945320844208391,0.33037608806864915,0.630170703489267
This looks well done,neither,0.03851060241485833,0.3463745723563701,0.6151148252287716
"Sam looks like some grunge metal singer in that photo, LOL",neither,0.03300458854843235,0.40822467084777614,0.5587707406037914
"Bidet from Ypsilanti, MI y'all",neither,0.04324940744025782,0.3982080527344978,0.5585425398252444
!mods,neither,0.03945320844208391,0.33037608806864915,0.630170703489267
"The majority of the G&S moderators are community volunteers and fans just like you! They're always happy to help as best they can! More importantly, they have a THEME SONG https://soundcloud.com/elizabeth-lain/mermods by Liz ""LizardEatsFlies"" Lain of http://duetband.com/",neither,0.06015465981255248,0.3073978896193335,0.632447450568114
"I can now safely say that Sam should never, ever grow his hair out.",neither,0.056845717317112306,0.4144064196259377,0.5287478630569499
is that young Sam PogChamp ?,neither,0.040252379260038725,0.4214248144973695,0.5383228062425918
PogChamp PogChamp PogChamp PogChamp,neither,0.03945320844208391,0.33037608806864915,0.630170703489267
@ColdWithin are you going to evacuate like me and my family?,neither,0.08018808751826612,0.4525624118536549,0.4672495006280791
everyone in Florida stay safe,neither,0.03443662397620505,0.41552061869680046,0.5500427573269945
Bidet from FL as well....be safe with Irma on the way,neither,0.03060464404321459,0.3631266265571492,0.6062687293996362
@ViroValkyrie it looks a little like bon jovi actually...,neither,0.04526754743513448,0.3449442194273496,0.609788233137516
stay safe Florida,neither,0.03945320844208391,0.33037608806864915,0.630170703489267
Shout out to team 04:00am gandsGrogSigil,neither,0.040959080080298416,0.34062788766241586,0.6184130322572857
Lots of Floridians haha,neither,0.03600602876329062,0.38888372363984364,0.5751102475968658
I'm heading to Atlanta so i'll be safe from Irma,neither,0.04441923909065644,0.34658076125334636,0.6089999996559972
Hopefully,neither,0.03945320844208391,0.33037608806864915,0.630170703489267
we gonna die xDDD jk,neither,0.14311162022786103,0.20543191827288584,0.6514564614992532
"Dozens of us, lol",neither,0.08850682085209942,0.4022275618149867,0.5092656173329139
what else are the Floridians going to do?,neither,0.07318181773881322,0.2952366826396223,0.6315814996215644
If you guys haven't seen Sam's yearbook photo check it out. It is literally everything. It is on his website!,neither,0.04827420319641839,0.38921712238724687,0.5625086744163348
"sword guy, woo!",neither,0.039085378456643054,0.3366191228813471,0.62429549866201
that image is....something....,neither,0.04351960416620184,0.37081950457222296,0.5856608912615753
hey its sword guy,neither,0.033891006997861566,0.3388320780525782,0.6272769149495604
oh yea sword guy!,neither,0.04333557781160954,0.29711995378028067,0.6595444684081098
I think Sword Guy is starting to get a big head.,neither,0.035041971230779664,0.39210029817378883,0.5728577305954317
What song is this?,neither,0.05996683045653229,0.33256274023851656,0.6074704293049512
stay safe florida and puerto rico cuba ect ect ect,neither,0.03916867462280331,0.3168065934251501,0.6440247319520466
i only came here because dasbif hosted this Kappa,neither,0.07537800779817087,0.3014768650715446,0.6231451271302846
Gas and Water is already gone here,neither,0.08553158082942394,0.28024683381423404,0.634221585356342
Bidet from Brisbane Australia,neither,0.04062582848913359,0.31047366557575606,0.6489005059351104
"So it turns out Oregon is on fire. Anyone watching from Mordor, please stay safe and take care of yourself. Even Talks is not worth your well-being <3",neither,0.050223146684550524,0.35058787986372314,0.5991889734517264
the storm is a few days away actually and from the current projections im seeing we wont be hit as bad as feared,neither,0.03921210718895227,0.32652264729765335,0.6342652455133944
@galadriel2262 howdy,neither,0.03945320844208391,0.33037608806864915,0.630170703489267
Hello all,neither,0.04217753453783664,0.43734383323855475,0.5204786322236087
bidet y'all,offensive_language,0.046917543854519406,0.6277741405869331,0.3253083155585475
that is a burt reynolds reference!,neither,0.04405202138229576,0.37557809385780416,0.5803698847599001
oh KonCha,neither,0.051363287716059566,0.22255663153133606,0.7260800807526044
"OMG, now I know who Sam looks like in the photo... Dave Grohl",neither,0.04513556725455189,0.3658947696155955,0.5889696631298527
XD,neither,0.03945320844208391,0.33037608806864915,0.630170703489267
:),neither,0.03945320844208391,0.33037608806864915,0.630170703489267
"Bidet from Ann Arbor, MI",neither,0.040442547282471694,0.31358442597864195,0.6459730267388865
guys i wanna know - how many of you are in uni or college right now. im in my dorm sick as hell,offensive_language,0.051765579811957604,0.6305900380427922,0.3176443821452501
"yeah, puerto rico and cuba are basically getting direct hits",neither,0.037906846512567045,0.379728494527642,0.582364658959791
Hahaha that picture,neither,0.03503542166242285,0.37854182337152803,0.5864227549660491
Who is that person with the sword and a skull cap /s Kappa,neither,0.03435143274842572,0.3736602153441884,0.5919883519073857
"Hmm, yup, his fellow bard",neither,0.05960917229585704,0.33210059324248703,0.6082902344616559
bidet,neither,0.03945320844208391,0.33037608806864915,0.630170703489267
@Myzfit13 omg yes,neither,0.03945320844208391,0.33037608806864915,0.630170703489267
gandsGandsPoo gandsGandsPoo,neither,0.03945320844208391,0.33037608806864915,0.630170703489267
Are we on the internet?,neither,0.06455044260466253,0.27765074222486363,0.6577988151704739
Oh shit your right it totally does,offensive_language,0.06120370973165882,0.9347564761943407,0.004039814074000541
"On tonight’s show are Sam, Liam, Mary and Ashly with Host Brian",neither,0.04893630934154786,0.26092852515997655,0.6901351654984756
