text,top_class,hate_speech,offensive_language,neither
I might download sto on my ps4,neither,0.02861834387674396,0.4090198980121292,0.5623617581111269
i wonder what the USS Sally Ride will be assigned to do during the Dominion war,neither,0.04702117276021366,0.2976177255433223,0.655361101696464
"man, I love this show, but Lasers an Feelings was pretty great too...",neither,0.043286339749776796,0.3177096087620515,0.6390040514881716
unfortunately STO is not cross platform compatible,neither,0.04413777523481229,0.33193101771924327,0.6239312070459445
here we gooooooo!,neither,0.15579607761817918,0.2572279575342963,0.5869759648475245
It is a little clunky on console,neither,0.042373303673477455,0.34606978690687196,0.6115569094196507
gandsSubHype gandsSubHype gandsSubHype gandsSubHype gandsSubHype gandsSubHype gandsSubHype gandsSubHype gandsSubHype gandsSubHype gandsSubHype,neither,0.03945320844208391,0.33037608806864915,0.630170703489267
YAAAAY! :D,neither,0.03945320844208391,0.33037608806864915,0.630170703489267
YAY,neither,0.03945320844208391,0.33037608806864915,0.630170703489267
Eric got a bit of sun.....,neither,0.03842576912713671,0.3672489667653192,0.594325264107544
Woot!,neither,0.03945320844208391,0.33037608806864915,0.630170703489267
yay,neither,0.03945320844208391,0.33037608806864915,0.630170703489267
HELLS YEAH !! WElcome home Eric!,neither,0.027998239003355876,0.407215416970145,0.5647863440264993
good question,neither,0.038603349900201235,0.3306683933919781,0.6307282567078207
wooo,neither,0.03945320844208391,0.33037608806864915,0.630170703489267
Yeah!,offensive_language,0.013968601452186464,0.5182923869769311,0.4677390115708824
I JUST FINISHED editing the TWC mentions list for the episode and there are 66 comics and other media mentions,neither,0.04286758220552717,0.24764862114242234,0.7094837966520504
gandsSubHype gandsSubHype gandsSubHype gandsSubHype gandsSubHype gandsSubHype,neither,0.03945320844208391,0.33037608806864915,0.630170703489267
TOR's pretty great. so is STO. at least they were the last time i played,neither,0.041529201566412904,0.3432426578969585,0.6152281405366286
Woooooooooooo,neither,0.03945320844208391,0.33037608806864915,0.630170703489267
Woot!,neither,0.03945320844208391,0.33037608806864915,0.630170703489267
Yay (\(^v^)/),neither,0.03945320844208391,0.33037608806864915,0.630170703489267
welcome home eric,neither,0.03945320844208391,0.33037608806864915,0.630170703489267
welcome back Eric!,neither,0.03945320844208391,0.33037608806864915,0.630170703489267
\\ //,neither,0.03945320844208391,0.33037608806864915,0.630170703489267
awwwww Eric,neither,0.03945320844208391,0.33037608806864915,0.630170703489267
that's adorable,neither,0.0343714251695459,0.38593769553176943,0.5796908792986846
"yay the DM didn't Transcend during Burning Man, yay for us anyway",neither,0.04222950247770182,0.3539791370811389,0.6037913604411593
omg,neither,0.03945320844208391,0.33037608806864915,0.630170703489267
:o,neither,0.03945320844208391,0.33037608806864915,0.630170703489267
heh....just noticed the stream title. #CreamSoda,neither,0.03601321066949244,0.33331598719293837,0.6306708021375691
"That's kind of absolutely awesome, lol",neither,0.03041922565307029,0.4079656351475522,0.5616151391993774
@cinphoria BloodTrail,neither,0.03945320844208391,0.33037608806864915,0.630170703489267
haha,neither,0.03186685585600258,0.45913629025701075,0.5089968538869867
= / \ =,neither,0.03945320844208391,0.33037608806864915,0.630170703489267
He was playing Lasers and fingers while they were doing lasers and feelings,neither,0.04208131836742275,0.2673376769421917,0.6905810046903855
:D,neither,0.03945320844208391,0.33037608806864915,0.630170703489267
Nooo lag tonight twich mobile!,neither,0.03759831977845398,0.31484348920808936,0.6475581910134567
oh Matt *patpat*,neither,0.0456283565223502,0.2719307315164877,0.6824409119611621
Woot,neither,0.03945320844208391,0.33037608806864915,0.630170703489267
Matt is a bloody saint.,neither,0.045581460177212034,0.32826830128226286,0.6261502385405252
ooh yay codes :D,neither,0.03945320844208391,0.33037608806864915,0.630170703489267
Needs to happen on the Sally Ride's holodeck,neither,0.04191958323861717,0.32430242414610466,0.6337779926152782
haha bit,neither,0.034341320247081454,0.4171381717029409,0.5485205080499775
:o,neither,0.03945320844208391,0.33037608806864915,0.630170703489267
matt planning should make us scared,neither,0.07903747773526322,0.3498302922058931,0.5711322300588437
yaaaaaay playalong!,neither,0.03945320844208391,0.33037608806864915,0.630170703489267
oooh yay playalong :D :D,neither,0.03945320844208391,0.33037608806864915,0.630170703489267
"Whooo, crew playalong!!!",neither,0.03945320844208391,0.33037608806864915,0.630170703489267
"Yeay, codes and play alongs... today is a great day =p",neither,0.04322420565487672,0.25643675800886134,0.700339036336262
Fleet Starbase is already up to level 11.,neither,0.04989625076318267,0.3876527401522782,0.5624510090845393
"Matt is like A Beautiful Mind-ing it, if that movie was DnD instead of Math",neither,0.03632350458164048,0.3675782222818554,0.5960982731365041
Yay level syncing,neither,0.03945320844208391,0.33037608806864915,0.630170703489267
Re Sub HYPE!!!,neither,0.05796738926929811,0.3016950255183242,0.6403375852123776
I've been throwing a bunch of stuff into the fleet,neither,0.0227235803917679,0.3931872048942873,0.5840892147139448
"If anyone needs help with leveling up, feel free to poke me in STO",neither,0.0214530144433122,0.4382055480358391,0.5403414375208487
crew play PC or ps4,neither,0.03945320844208391,0.33037608806864915,0.630170703489267
"*note to self, join SoT fleet*",neither,0.045419546577602915,0.32687802705699515,0.627702426365402
V'ger,neither,0.03945320844208391,0.33037608806864915,0.630170703489267
Don't you mean V'ger,neither,0.056400330653856766,0.37805998609895325,0.56553968324719
wow 40?! PogChamp,neither,0.03945320844208391,0.33037608806864915,0.630170703489267
"you know, somewhat guilty admission -- I get more hyped to see SOT, than I do for Crit Role now-a-days :O",neither,0.047821244697154756,0.3357371464474374,0.6164416088554079
thats amazing,neither,0.03945320844208391,0.33037608806864915,0.630170703489267
the furthest reach of humanity into space,neither,0.03880911192584919,0.3186747741793335,0.6425161138948172
#salute,neither,0.03945320844208391,0.33037608806864915,0.630170703489267
yaaay voyager! let's hope it doesnt gain sentience!,neither,0.04804847183747207,0.2599608835447269,0.691990644617801
And no bathroom stops,neither,0.03806900178884541,0.3076327401378285,0.6542982580733261
"Nah that was Voyager VI folks, gotta get that one launched still MVGame",neither,0.03217746136956136,0.43580577524411324,0.5320167633863254
my birthday is next friday,neither,0.034136995393700346,0.4229595261553639,0.5429034784509357
@Gryphon_oFH I think I'm with you there,neither,0.04355646521266572,0.37639638000115594,0.5800471547861785
@Gryphon_oFH Same.,neither,0.04148851938089603,0.3488915597363099,0.609619920882794
I remember the launches,neither,0.038573113340481316,0.3142848748704237,0.6471420117890949
there's still good hoomans left!,neither,0.0377158989057283,0.29940494977848553,0.6628791513157862
same here,neither,0.14187967449237004,0.2733123625359359,0.584807962971694
"""The last message says...Drink....more....Ovaltine""",neither,0.040228443596156786,0.30892420069376947,0.6508473557100737
curse the twich Mobile App!,neither,0.03877615837332255,0.318065493961484,0.6431583476651934
'Mostly harmless',neither,0.03945320844208391,0.33037608806864915,0.630170703489267
I hate when it lagss,hate_speech,0.4896973972267958,0.2025959382945743,0.3077066644786298
@Bitgod A commercial?! Son of a....,neither,0.03945320844208391,0.33037608806864915,0.630170703489267
"LOL, I think I've watched every episode 2+ times already !",neither,0.020151787512136456,0.35763537387615535,0.6222128386117082
:D thats awesome,neither,0.03945320844208391,0.33037608806864915,0.630170703489267
PogChamp,neither,0.03945320844208391,0.33037608806864915,0.630170703489267
I like this segment,neither,0.05240319574029017,0.35094955664055255,0.5966472476191572
this sounds like a fun segment,neither,0.04857901801838786,0.3452956073259064,0.6061253746557057
Is it a batleth?,neither,0.059603583318096655,0.32344545014120724,0.616950966540696
wth twitch app load!,neither,0.03945320844208391,0.33037608806864915,0.630170703489267
hahahahah,neither,0.03945320844208391,0.33037608806864915,0.630170703489267
Sam has the BEST reactions!,neither,0.038384904284411915,0.3066881303115305,0.6549269654040576
ACCURATE NAME,neither,0.03945320844208391,0.33037608806864915,0.630170703489267
Best segment ever,neither,0.038567882966817305,0.32296248652048953,0.6384696305126932
WOW,neither,0.03945320844208391,0.33037608806864915,0.630170703489267
I like this segment! :D,neither,0.05240319574029017,0.35094955664055255,0.5966472476191572
no one send sam a bat'leth,neither,0.03806131659670441,0.36781487905404553,0.5941238043492502
"Watch out Hector, proximity is dangerous.",neither,0.04871365798796741,0.34203113808061997,0.6092552039314126
doctorBANGS,neither,0.03945320844208391,0.33037608806864915,0.630170703489267
this is weekly gold,neither,0.05105253251817329,0.32851132545576917,0.6204361420260575
damn :o,offensive_language,0.042479326866149344,0.9516554255713155,0.005865247562535126
"Hehhehehheh, best segment!",neither,0.03847344575149463,0.3221716814377495,0.6393548728107559
Like this segment already! :D,neither,0.049042678271768704,0.36608098673651135,0.5848763349917201
sam lost her shit,offensive_language,0.03372182888264033,0.9657726440003558,0.0005055271170038532
What frequency was that?,neither,0.041736715604486524,0.40105550120025046,0.557207783195263
It is very aptly named segent,neither,0.04650665297701452,0.3279500850531375,0.6255432619698481
doctorPERFECT,neither,0.03945320844208391,0.33037608806864915,0.630170703489267
Happiest I've seen anyone over dice and pencils.,neither,0.023991253930723898,0.29764556886224985,0.6783631772070263
Awesome,neither,0.03945320844208391,0.33037608806864915,0.630170703489267
sam <3,neither,0.03945320844208391,0.33037608806864915,0.630170703489267
Welcome to #SamLosesTheirShit,neither,0.05036155158341772,0.3241161757817237,0.6255222726348585
I just caught up on vast,neither,0.03131244400389479,0.40506284836215334,0.5636247076339519
It's all fun and games until Sam passes out,neither,0.03600730592353963,0.35897007441268225,0.6050226196637781
hahahahahahah,neither,0.03945320844208391,0.33037608806864915,0.630170703489267
Sam <3,neither,0.03945320844208391,0.33037608806864915,0.630170703489267
5000 megasams frequency,neither,0.03945320844208391,0.33037608806864915,0.630170703489267
Wow! That's almost half an episode of pencils!,neither,0.0371419193056098,0.3540508452105371,0.6088072354838532
"""Sam loses their shit"" must be weekly",offensive_language,0.04858177138501482,0.942178718855827,0.009239509759158122
That's only a one week supply of pencils if Admiral Nashole shows up.,neither,0.025288630469547484,0.43618558538761315,0.5385257841428394
I will happily contribute to future installments of this segment,neither,0.04447188698722137,0.31392902290307134,0.6415990901097073
"Hahaha, so many pencil, so kind. <3",neither,0.03940881409526008,0.39838420385478934,0.5622069820499507
Sam is adorable!!!!!! <3,neither,0.047896297104405836,0.3274721227147589,0.6246315801808354
Is there a paper bag in the box?,neither,0.047929639058105156,0.24106038008870492,0.71100998085319
sam is quickly becoming the laura bailey of SoT,neither,0.04392115219411825,0.31829161350111945,0.6377872343047624
i love this segment,neither,0.036216690539557936,0.3467758508576156,0.6170074586028266
Oh how I love Sam,neither,0.04169363861838265,0.2916250214990428,0.6666813398825745
"Ok that's just Priceless -- good plan guys, looks like you were right, they LOVE's it !!!",neither,0.04544249825305707,0.41297614357663043,0.5415813581703125
"Damn, I need to make a bigger bag for Sam's dice.",offensive_language,0.04560671856475454,0.5868291481998016,0.3675641332354438
they are so delightful,neither,0.09981980027196381,0.32508703802914746,0.5750931616988887
yay!,neither,0.03945320844208391,0.33037608806864915,0.630170703489267
huzzah aux crew,neither,0.03945320844208391,0.33037608806864915,0.630170703489267
"According to a late '70s Saturday Night Live episode, the return message from the aliens is ""Send more Chuck Berry.""",neither,0.0444379106655971,0.30222225902944194,0.653339830304961
I see a tribble sticking out from behind the counter,neither,0.03652828300959083,0.3180814781721319,0.6453902388182774
@angelus2141 Sam makes Laura look like a Vulcan,neither,0.05352259366514472,0.3462078186422484,0.600269587692607
Roll like Ashly Burch did when given a CR dice last week.,neither,0.038917775138488306,0.368610432509305,0.5924717923522067
"Sam is gone pass out. Don't die, Sam friend.",neither,0.1100760364431041,0.22081657829730827,0.6691073852595876
They have so many dice,neither,0.038876034132581394,0.3829576170498121,0.5781663488176065
Aux Crew FTW,neither,0.03945320844208391,0.33037608806864915,0.630170703489267
"yeah, Ashly was pretty dangerous with her rolls last week!",offensive_language,0.019961999535668143,0.5417475103054317,0.4382904901589003
keep fidgeting with stuff infront of the mic... ugh,neither,0.031634055554952654,0.343962325071925,0.6244036193731225
https://clips.twitch.tv/BoxySpookyHamburgerPRChase,neither,0.03945320844208391,0.33037608806864915,0.630170703489267
Yes to SoT artwork!,neither,0.0527016778443644,0.3228439940512669,0.6244543281043687
eric is reading harry potter? :o,neither,0.04489881669422443,0.32850309367909053,0.6265980896266852
Firefly! Browncoats Unite!,neither,0.03945320844208391,0.33037608806864915,0.630170703489267
"Well, happy birthday Voyager 1. I turned 36 Saturday.",neither,0.03945320844208391,0.33037608806864915,0.630170703489267
whoo FireFly,neither,0.03945320844208391,0.33037608806864915,0.630170703489267
lol,neither,0.020706217963973744,0.4882283491876925,0.4910654328483337
I aim to misbehave.,neither,0.04851259896297312,0.32513685469998826,0.6263505463370387
thestarsaredown -> Only those that we deem worthy shall possess the power of the Hyperlink [warning],neither,0.048140585852785724,0.2990817588418225,0.6527776553053918
"Having recently taken up drawing after over a decade without, I can relate",neither,0.03640325540489039,0.3584640628834734,0.6051326817116361
Woot!!!!,neither,0.03945320844208391,0.33037608806864915,0.630170703489267
sam with her giant bag of dice lol,offensive_language,0.024221653818426236,0.5106982127616503,0.4650801334199234
Ill see you there :D,neither,0.06100641818536746,0.3293425541525633,0.6096510276620692
@Nightbot I bite my thumb at thee,neither,0.03048324965924161,0.41192946271546754,0.5575872876252908
@enca24 *their,neither,0.03945320844208391,0.33037608806864915,0.630170703489267
i can't draw at all unfortunately,neither,0.04051623609533557,0.4097442613705682,0.5497395025340963
"oh Firefly, 15 hours of bliss, a lifetime of withdrawal BibleThump",neither,0.04273538454405417,0.29867533226284576,0.6585892831931002
sam vs laura on the dice love,neither,0.03444923870043318,0.3384099198272798,0.6271408414722871
but so worth it highvoltage988,neither,0.03362637774536493,0.4016720646817303,0.5647015575729047
I wonder what kind of conversation Hermoine and Shepard Book would have,neither,0.04181286282484409,0.30305990392159876,0.6551272332535573
I love this happy joyful geeky crew.,neither,0.03635320756180878,0.34606394908047794,0.6175828433577132
"@NitemarePhoenix indeed, no regrets",neither,0.03873646734677236,0.3425410550012885,0.6187224776519391
@shidareAKI no i meant her... not their,offensive_language,0.028638109125589787,0.570095099467914,0.40126679140649624
It's almost a bad thing that I watched Firefly. It ruined me for 90% of all TV after.,neither,0.028457912485625778,0.3927466692176333,0.578795418296741
!uptime,neither,0.03945320844208391,0.33037608806864915,0.630170703489267
What is the fleet name in the online game?,neither,0.04982192751192236,0.2656332814130407,0.6845447910750371
@enca24 Sam is not a her. Sam is a their. They are nonbinary.,neither,0.05805039360792762,0.4367469584599141,0.5052026479321581
Do they usually dress up?,neither,0.038235949837869744,0.3805673458140036,0.5811967043481266
Improvised Generation: https://www.youtube.com/channel/UCyZ9Wra9UGMkBwoDcR16b7w,neither,0.03945320844208391,0.33037608806864915,0.630170703489267
Re Sub HYPE!!!,neither,0.05796738926929811,0.3016950255183242,0.6403375852123776
aliza please! i didnt know this,neither,0.03934990634232712,0.332129394298519,0.6285206993591538
I just posted Hector's drawing of T'Lan on twitter - https://twitter.com/Guru_Mat/status/905652213610979328,neither,0.036149504083180566,0.4499240997112027,0.5139263962056166
@enca24 Sam uses they/their. Not respecting that is rude,neither,0.04093884742102409,0.3578021653830089,0.601258987195967
"Yes, they always wear uniforms",neither,0.0379750923525307,0.37647187997078746,0.5855530276766817
I saw Serenity before I saw Firefly actually,neither,0.037029561025516515,0.37151170994352367,0.5914587290309599
woot ! THANKS @danoba :),neither,0.037328737276664754,0.31258604004565615,0.6500852226776791
I'll watch stuff... I have no activities outdoors...,neither,0.04216941248966697,0.344454187683352,0.613376399826981
though they may wear blue jeans @yungkeys,neither,0.040548172531214066,0.31179168984755085,0.6476601376212351
is sam,neither,0.05168731681365222,0.326168217197256,0.6221444659890917
OH. Hi Bonnie!,neither,0.04645180976672622,0.26453612080258093,0.689012069430693
