text,top_class,hate_speech,offensive_language,neither
it's up!,neither,0.03047729369400715,0.4651098659401513,0.5044128403658414
"it did a second ago, not anymore",neither,0.037175598401562225,0.33493885974540116,0.6278855418530366
I see something!,neither,0.03945320844208391,0.33037608806864915,0.630170703489267
refresh should help,neither,0.051371141950343244,0.36512811606177314,0.5835007419878836
f5 time everyone,offensive_language,0.03030337124192975,0.4856727045275208,0.48402392423054935
"It was, I now have the schedule after I reloaded",neither,0.03683558938465839,0.32609059073474195,0.6370738198805997
,neither,0.03945320844208391,0.33037608806864915,0.630170703489267
So what are they going to talk about tonight I wonder,neither,0.04426009295273368,0.35276298003267115,0.6029769270145952
ah yes there we go,neither,0.040357021420426596,0.29438708418911874,0.6652558943904547
thank you\,neither,0.07325166854587051,0.43632638485078484,0.49042194660334476
i dunno.,neither,0.03945320844208391,0.33037608806864915,0.630170703489267
life,neither,0.03238624993753793,0.45143259807257424,0.5161811519898878
for me title card of Talks Machina is up,neither,0.03293336102829783,0.3704553703769827,0.5966112685947194
vacation scanlan,neither,0.03945320844208391,0.33037608806864915,0.630170703489267
TalieSin - that is awesome....,neither,0.044625028035607146,0.38055477549368516,0.5748201964707076
i'm gonna guess something about d&d :P,neither,0.03608726708966275,0.4167981451220137,0.5471145877883234
"Episode 110 is tonight's topic, since the TM right after it was Brian and Liam's Free For all and friends",neither,0.03743581136495169,0.30281397518541747,0.6597502134496307
you should hear the music and see the 'behind the scenes' camera,neither,0.05420858609835797,0.3191860515012069,0.626605362400435
there was no critical role last week right?,neither,0.03814152056133526,0.32467233159957226,0.6371861478390924
Thanks Danoba,neither,0.035884468650613,0.3004919205142699,0.6636236108351171
"Matt was ill and unavailable on last Thursday, the 7th, the most recent regular campaign episode was #110 on the 24th of August, Sam's one-shot was the 31st",neither,0.035616204997176375,0.31650129491306,0.6478825000897636
@xPapaShade on talks machina??? are you mad?!,neither,0.09398881280512299,0.3430089500816069,0.5630022371132701
"Bidet from Ottawa, ON, Canada!",neither,0.03742496319051217,0.3253431501724291,0.6372318866370588
@orcress There was not.,neither,0.03715448673122822,0.2750141503703429,0.6878313628984288
"ooo Tailspin, Man that game was awesome on the Genisis",neither,0.033325545763742886,0.37329622277636665,0.5933782314598903
Np @f_day_fan,neither,0.03945320844208391,0.33037608806864915,0.630170703489267
i know right? but i think it'll work :P,neither,0.03452570064156912,0.3499884218832118,0.6154858774752192
"Bidet from Bonney Lake, WA.",neither,0.04042040287069546,0.31396027443879415,0.6456193226905105
BIDET FROM AVON INDIANAAAAAAA,neither,0.04228451509352876,0.2823214250720796,0.6753940598343917
no this is Talie Sin...LOLOLOL.,neither,0.04570641600311577,0.34161233662445584,0.6126812473724284
"bidet from Minneapolis, MN!",neither,0.040737273169946825,0.30858215849491494,0.6506805683351382
Bidet from Bothell. WA,neither,0.04071751644889743,0.3089174816120565,0.6503650019390461
Bidet from Denmark,neither,0.04228451509352876,0.2823214250720796,0.6753940598343917
percy need's an airship now,neither,0.03958164216034698,0.3239122895695914,0.6365060682700616
Ow-E-ow!,neither,0.03945320844208391,0.33037608806864915,0.630170703489267
Bidet from Brisbane Australia,neither,0.04062582848913359,0.31047366557575606,0.6489005059351104
just got in - who is the line up tonight?,neither,0.035447379312966085,0.44736320615910125,0.5171894145279325
Will matt be well enough to dm this thursday? I don't want him to push himself if he isnt well,neither,0.039074391397819104,0.3417929332637049,0.6191326753384759
"Bidet from Gold Coast, Australia",neither,0.04026316863007075,0.3166289498508645,0.6431078815190648
"Percy's Airship Services, Flying the skys to adventure, for YOU!",neither,0.04810057407940152,0.3231213093251791,0.6287781165954195
Bidet from Osan Korea,neither,0.04228451509352876,0.2823214250720796,0.6753940598343917
Does anyone make DnD characters they want to play but can't cause they have no one to play with?,neither,0.030060435442838665,0.44151492302425244,0.5284246415329089
Or is that just me?,neither,0.0282206701507622,0.4621201661014334,0.5096591637478043
"After all those weeks,",neither,0.07208429399387696,0.32701207975741475,0.6009036262487083
"get on roll20, son",neither,0.034556543679777056,0.3637862520607982,0.6016572042594247
I do but I'm afraid to join someone's group,neither,0.04285911935404198,0.33443664869335454,0.6227042319526036
@FedorakJ I do that…,neither,0.033986068051969624,0.42013211884701246,0.545881813101018
I hope in the next campaign they have to use an airship and it is provided by the de Rolo company.,neither,0.03832494362881078,0.3115654179064681,0.6501096384647211
@FedorakJ have you tried to find people online? A lot of people play through roll20,neither,0.112802051223078,0.2943278757647985,0.5928700730121235
I now right we want Matt back but we want him to stay well so it is kind of a hard to say do we want him back if he is not well enough yet,neither,0.03798671108004661,0.4523894693117614,0.509623819608192
@FedorakJ I do that but becuase I have to DM instead lol,neither,0.03254901253663485,0.4248843408310712,0.542566646632294
"I tried Roll20, like Poker it is a game I like playing in person. Online loses something for me",neither,0.04538969206348039,0.32634705223552074,0.6282632557009988
"On this Talks: How they brought down the DM, winning D&D.",neither,0.03690214042528178,0.32947399097741337,0.6336238685973049
"@FedorakJ I haven't made complete characters, but my head is full of backstories",neither,0.04395306264041821,0.4017800081653304,0.5542669291942514
"Our airship destroys to much?? That is just how we, De Rolo...",neither,0.04037715392853961,0.37985236737852274,0.5797704786929375
Bidet from Oregon,neither,0.04071751644889743,0.3089174816120565,0.6503650019390461
@TheTygur lol!,neither,0.020706217963973744,0.4882283491876925,0.4910654328483337
Bidet from Oklahoma,neither,0.04066490145509902,0.30981049537100724,0.6495246031738937
After all those weeks it feels so great to be able to watch something about Critical Role.,neither,0.06100788318883866,0.3464215909846142,0.5925705258265471
"TheTygur the trick, cough in your dm's snacks when theyre not looking",neither,0.04659509806431923,0.34726080510977003,0.6061440968259107
"Bidet from Tempe, Arizona!",neither,0.04078317879478948,0.307803020237201,0.6514138009680096
Bidet from Oklahoma,neither,0.04066490145509902,0.30981049537100724,0.6495246031738937
I tried setting up a game with me DMing. My players all suck and don't want to agree on a day to play so I just gave up,neither,0.03366029766529207,0.46566092994010044,0.5006787723946073
"@FedorakJ I DM and am looking for players. Roll20 is ok, but a better service is just helping groups form.",neither,0.039392721361166054,0.31057344426031447,0.6500338343785195
wait? Is that old school trinket?,neither,0.043633519312660345,0.3718485056016326,0.5845179750857072
Don't forget to visit Star Trek Online and support Shield of Tomorrow! www.StarTrekOnline.com/ShieldofTomorrow,neither,0.05687602105656693,0.30425729811326435,0.6388666808301687
I made this character I called Harry Potter and wrote an entire backstory for him. I found that Word was getting too cluttered to I broke his story apart into 7 books,neither,0.04446358824114548,0.34701455796623293,0.6085218537926216
bidet from texas,neither,0.040937266849991,0.30518774380265185,0.6538749893473571
Bidet from Utah~,neither,0.04066490145509902,0.30981049537100724,0.6495246031738937
Bidet everyone!,offensive_language,0.02988896790634741,0.4927062106388782,0.4774048214547744
i would love to join a group. I know nothing about actually playing DnD tho.,neither,0.03648019511200352,0.37595895793641826,0.5875608469515782
bidet from Florida,neither,0.0408948396164547,0.30590784468201904,0.6531973157015263
bidet from kansas,neither,0.04071751644889743,0.3089174816120565,0.6503650019390461
@samtheraptor hows the hurricane going for you?,neither,0.04367037528509316,0.3466300280622854,0.6096995966526215
bidet from NJ,neither,0.04069404815304118,0.30931579984010865,0.6499901520068502
I wonder what kind of shenanigans we're going to see tonight...,neither,0.060262977145131714,0.3084116140109493,0.631325408843919
We have a subscriber-only Discord server! Join here: https://discord.gg/geekandsundry (you'll need to sub and link it to your Twitch) and be a part of the fun!...Warning: It can take up to an hour for the server to update and give you access to the channels,neither,0.08464076273808444,0.286394834032893,0.6289644032290227
Post-burning man VM will be chill as fuck...,offensive_language,0.12877695445086165,0.8626888072950034,0.008534238254134964
Shenanigans are alright. I prefer tomfoolery.,neither,0.0654334846866838,0.285308342325055,0.6492581729882614
@JTiffGames i got lucky and only lost power feel bad for those who lost more :(,neither,0.046060649825601055,0.304346714320092,0.6495926358543069
"Help G&S make great content! $4.99/month gets you emotes, Minecraft server access, Sub Only Q&As, VODs, and more! Every sub keeps the channel alive! twitch.tv/geekandsundry/subscribe",neither,0.043092924924402844,0.32365565443818894,0.6332514206374082
Beep beep from Seattle !,neither,0.040754399270683486,0.3082914838698526,0.650954116859464
is this also a rebroadcast?,neither,0.052310463521383806,0.32827906932482187,0.6194104671537943
Bidet!,neither,0.03945320844208391,0.33037608806864915,0.630170703489267
No this isn't a rebroadcast,neither,0.038113555758143236,0.3531134903300279,0.6087729539118288
"@Shiny_Noivern you can find the basic players guide for DnD on the Wizards of the Coast website for basic character creation. D&D & its variants are what you make of it & no two games are the same. Very easy to pickup, its just using your imagination",neither,0.06371045856877208,0.2922746885684995,0.6440148528627284
Different intro,neither,0.03945320844208391,0.33037608806864915,0.630170703489267
Combining shenanigans and tomfoolery to get Vox Machina,neither,0.04519885771378465,0.2940418667292752,0.6607592755569403
That TalieSin picture is gold,neither,0.043627588833941945,0.37179508095676006,0.5845773302092979
pure gold.\,neither,0.03945320844208391,0.33037608806864915,0.630170703489267
I can hear the theme song now.,neither,0.0385917369500591,0.31945621147901526,0.6419520515709257
"so is this talking Sam one shot, or talking Burning Man stories to make up for Mercer underweather thursday?",neither,0.04127868422047722,0.40344707628633014,0.5552742394931927
*waves*,neither,0.03945320844208391,0.33037608806864915,0.630170703489267
cheetos?,neither,0.03945320844208391,0.33037608806864915,0.630170703489267
It's too small - can't see it.,neither,0.03676471911261819,0.3309933872808706,0.6322418936065113
*om...nom*,neither,0.03945320844208391,0.33037608806864915,0.630170703489267
So it turns out my chicken broccoli casserole recipe is quickly improving. I approve of this.,neither,0.034822668659584645,0.3948050688476068,0.5703722624928086
Is that Dante from Clerks?,neither,0.04454778959420512,0.3516808080848592,0.6037714023209356
episode 110,neither,0.03945320844208391,0.33037608806864915,0.630170703489267
@MrNY2CALI I think its gonna be a combo of everything tbh,neither,0.03499863938381793,0.3631972436906887,0.6018041169254933
Bidet,neither,0.03945320844208391,0.33037608806864915,0.630170703489267
Judging by the title below looks like they are talking the last story episode. So 110 where they climb into the titan,neither,0.05538569770626267,0.31947066442163685,0.6251436378721006
Talespin Jeffe!,neither,0.03945320844208391,0.33037608806864915,0.630170703489267
a detailed report on matts condition,neither,0.03737955954691022,0.340264533495255,0.6223559069578349
"If he got lots of rest and saw a specialist he should be good, but maybe not 100%",neither,0.03601378929851758,0.39165209547382274,0.5723341152276596
Sciatica can take a while if it's bad,neither,0.019308716370317357,0.38433041769357984,0.5963608659361028
hi everyone,neither,0.032490659208996964,0.4485487193596734,0.5189606214313296
:( I hope Matt is ok for his wedding,neither,0.09658768810618756,0.2221712361336563,0.6812410757601561
hello @Endeecom,neither,0.03945320844208391,0.33037608806864915,0.630170703489267
Hello @endeecom,neither,0.03945320844208391,0.33037608806864915,0.630170703489267
Bidet from AZ,neither,0.04078317879478948,0.307803020237201,0.6514138009680096
Bidet all.,offensive_language,0.046917543854519406,0.6277741405869331,0.3253083155585475
how's everyone doing today?,neither,0.032176697035418235,0.41194499961914127,0.5558783033454404
Bidet from NJ,neither,0.04069404815304118,0.30931579984010865,0.6499901520068502
Bidet!,neither,0.03945320844208391,0.33037608806864915,0.630170703489267
THe whole eps is just gonna be medical updates.,neither,0.04067092537107496,0.37614109630799303,0.583187978320932
"Bidet from Ypsilanti, MI y'all",neither,0.04324940744025782,0.3982080527344978,0.5585425398252444
