text,top_class,hate_speech,offensive_language,neither
@JodyHouser awww glad to hear,neither,0.04541914742068588,0.32687825466663584,0.6277025979126784
I think Admiral Nash would make an excellent drone,neither,0.039624980833663476,0.3129835653656951,0.6473914538006413
"@JodyHouser welcome back Jody, glad you are feeling a little better.",neither,0.0693093649746228,0.33197333045500904,0.5987173045703682
lol You don't get stars on your shoulders by being nice,neither,0.05842713263050794,0.4659230090893682,0.4756498582801239
is the !uptime for jody? :),neither,0.04034763639663224,0.2826854075632624,0.6769669560401053
Is there ship-to-ship combat in this one?,neither,0.04743299603565353,0.32074094087153165,0.6318260630928147
@Science112095 Admiral Nacheyev ..... enough said on the issue. Re: Admirals being douches.,neither,0.045722322721880405,0.3275420581943835,0.6267356190837361
yay glad you're still around @jodyhouser :D,neither,0.07258844483892418,0.3564785705352657,0.5709329846258101
hello @jodyhouser,neither,0.03945320844208391,0.33037608806864915,0.630170703489267
@JodyHouser That's awesome! Glad you're felling better :),neither,0.06363735043682286,0.3736530061559249,0.5627096434072524
hailing frequencies open !,neither,0.03945320844208391,0.33037608806864915,0.630170703489267
gandsSubHype gandsSubHype gandsSubHype gandsSubHype,neither,0.03945320844208391,0.33037608806864915,0.630170703489267
Hi,neither,0.03945320844208391,0.33037608806864915,0.630170703489267
Hail Hydra,neither,0.03945320844208391,0.33037608806864915,0.630170703489267
"Thanks Eric,",neither,0.03715961981072129,0.3111698721589682,0.6516705080303106
I just had to throw up everything I ate today ^^;;,neither,0.0373716187112721,0.36599289155084236,0.5966354897378857
Hello all,neither,0.04217753453783664,0.43734383323855475,0.5204786322236087
How about those admirals who got taken over by bluegills? :D,neither,0.056373624921528004,0.4342601736799387,0.5093662013985333
aaaand... Eric just officially MADE MY WEEK,neither,0.02802042767707671,0.41085711308925876,0.5611224592336644
!sotauxdiscord,neither,0.03945320844208391,0.33037608806864915,0.630170703489267
USS Sally Ride Aux Crew Discord: https://discord.gg/DtMm5FQ,neither,0.03945320844208391,0.33037608806864915,0.630170703489267
lol,neither,0.020706217963973744,0.4882283491876925,0.4910654328483337
zero fun,neither,0.03945320844208391,0.33037608806864915,0.630170703489267
Woo! No fun!,neither,0.038636077705714436,0.34424492920612726,0.6171189930881583
Eric with the Grog shirt. <3,neither,0.028339639599294145,0.3504952706198907,0.6211650897808152
@JodyHouser Yipes!,neither,0.03945320844208391,0.33037608806864915,0.630170703489267
"@Jodoyodo yeah there's rules for it, however it has only barely happened on the show so far",neither,0.03111758378080754,0.3313840119223714,0.637498404296821
helloooooo aux crew,neither,0.03945320844208391,0.33037608806864915,0.630170703489267
that one adm in the spock TNG crossover wasn't too bad,neither,0.030580180824811128,0.39303690514438666,0.5763829140308022
"Just admit that this show is about a bunch of ""Space Cases""!",neither,0.048417442240810724,0.41789048623247704,0.5336920715267122
#CreamSodaIsLife,neither,0.03945320844208391,0.33037608806864915,0.630170703489267
Stupid sexy Zazrit!,neither,0.20554688138092644,0.16084400376255492,0.6336091148565187
That feeling when you dream about waking up in time for this...,neither,0.03150218747713612,0.46085597726717625,0.5076418352556877
"@jodyhouser wait, for real? are you okay?\",neither,0.06771535704089977,0.42064413918903615,0.5116405037700641
oh awesome,neither,0.04610041286253887,0.2676795543969371,0.6862200327405242
video is slightly lagged behind the audio :/,neither,0.048726093217724274,0.2511144925538455,0.7001594142284302
Picard Action Jacket,neither,0.03945320844208391,0.33037608806864915,0.630170703489267
Re Sub HYPE!!!,neither,0.05796738926929811,0.3016950255183242,0.6403375852123776
Did they just start,neither,0.03396286035112087,0.35653173622152823,0.6095054034273508
@JodyHouser keep hydrated.,neither,0.03945320844208391,0.33037608806864915,0.630170703489267
:-( That usually means there was something very wrong with what you ate though...,neither,0.0413012141332705,0.37710888055492187,0.5815899053118077
"@jodyhouser if you have digestive stuff: BRAT diet: Bananas, Rice, Applesauce, Toast!",neither,0.0383270229869832,0.34794091881340833,0.6137320581996086
PogChamp what?! Darmok is my favorite!,neither,0.039875769477493814,0.43347044698593346,0.5266537835365728
"@shidareAKI Yeah, antibiotics",offensive_language,0.013968601452186464,0.5182923869769311,0.4677390115708824
"Gotta be careful with ordering from Anovos, their preorders take forever",neither,0.0320625402233859,0.36464275202403656,0.6032947077525777
@Timenight113 yep!,neither,0.03945320844208391,0.33037608806864915,0.630170703489267
do we have a link to this site?,neither,0.04541784831011631,0.3373244054453258,0.6172577462445579
That jacket is soooo coool. Love the black leather shoulder design. XD,neither,0.04908512449190717,0.3392825479353899,0.6116323275727028
strongjaw shirt,neither,0.03945320844208391,0.33037608806864915,0.630170703489267
LOL Sam xD,neither,0.029540262777559372,0.4042772064154116,0.5661825308070291
Awesome Set!!!!!,neither,0.03945320844208391,0.33037608806864915,0.630170703489267
Shaka when the walls fell,neither,0.027766947819779772,0.40786391576654574,0.5643691364136745
"@JodyHouser oh no, is it for the cough?",neither,0.0425452841475859,0.25807343523965337,0.6993812806127607
And the twitch phone app doesn't want to give me video,neither,0.040957671238705674,0.25754395189456913,0.7014983768667251
Picards smoking Jacket,neither,0.03945320844208391,0.33037608806864915,0.630170703489267
"sax gone, everyone party!",neither,0.032944937078113544,0.44083843835000003,0.5262166245718863
gasp,neither,0.03945320844208391,0.33037608806864915,0.630170703489267
talking to yourself,neither,0.048886399510417164,0.324929345226511,0.6261842552630718
Patrick Stewart absolutely hated that rubber shouldered jacket because of the smell of the shoulders.,neither,0.03695206449365654,0.3344434786534516,0.6286044568528919
Sweet,neither,0.03945320844208391,0.33037608806864915,0.630170703489267
YES my own Sax Carr,neither,0.052688098972865534,0.4264110131370865,0.520900887890048
LOL,neither,0.020706217963973744,0.4882283491876925,0.4910654328483337
lol amy...,neither,0.03067274384572663,0.3948916229673822,0.5744356331868913
"Oooo, my very own Sax!",neither,0.05173236287869399,0.42082671375865943,0.5274409233626466
I'd love to win a Sax Carr <3,neither,0.04469551619605576,0.34376674231241655,0.6115377414915277
The new 2017 Sax Carr :),neither,0.043872536494141245,0.13515747036698622,0.8209699931388725
Also @jodyhouser if you are having big trouble keeping down fluids: 1 ounce of Gatorade every hour,neither,0.03747289631607536,0.3915656705826197,0.570961433101305
A brand new Carr!,neither,0.043825246739557455,0.220290948419491,0.7358838048409515
"There is no Dana, there is only Zuul.",neither,0.0516209646481672,0.27502892253609634,0.6733501128157365
"@JodyHouser If you're having trouble keeping down fluid, try a tablespoon of water or Gatorade every 15 minutes. Just the tablespoon.",neither,0.04123628968368552,0.3678137949053929,0.5909499154109216
"Ooh, fun.",neither,0.03945320844208391,0.33037608806864915,0.630170703489267
just me or is video choppy?,neither,0.04014377413044424,0.28636022196819744,0.6734960039013583
Can I pre-order a half-dozen Sax Carrs???,neither,0.03965315063534844,0.3269825472414064,0.6333643021232451
@JodyHouser I'm so sorry that happened to you :( I hope things get better for you soon,neither,0.09309729025739122,0.34907316105047886,0.55782954869213
YES - how do you join that fleet?,neither,0.05248475016451488,0.4174751850462499,0.5300400647892352
@fu4ow it's fine for me,neither,0.02309784500780759,0.34322173772717457,0.6336804172650179
Sword of Tomorrow is KDF side,neither,0.04137174226852058,0.35995982432928564,0.5986684334021937
can i get a ryan and a @danoba with my sax carr,neither,0.019656010340891424,0.4124652584246901,0.5678787312344185
Looking forward to the play along @GeekandSundry!,neither,0.04413089811192712,0.31406468161790607,0.6418044202701669
"Featuring automatic transmission, leather bucket seats and a cap. :)",neither,0.03903495706506063,0.31015765430565145,0.6508073886292879
I already had a fleet :/,neither,0.03785513306721353,0.3574995978245856,0.6046452691082007
Can we play along on Ps4?,neither,0.03726986204179593,0.3396141923066465,0.6231159456515576
Happy Birthday RICK ! ! ! ! ! !,neither,0.03945320844208391,0.33037608806864915,0.630170703489267
stupid saxy carr,neither,0.388707924852463,0.08068529603932446,0.5306067791082125
I'm drinking ginger tea and feeling okay,neither,0.03889168417169169,0.3027935775669038,0.6583147382614046
"i still want to get a Shield of Tomorrow Fleet on PS4 STO, but im still not able to get on there",neither,0.03877255243174128,0.36434111344144166,0.5968863341268171
lol,neither,0.020706217963973744,0.4882283491876925,0.4910654328483337
happy birthday rick,neither,0.03945320844208391,0.33037608806864915,0.630170703489267
I'm on ps4 and I can't find the fleet,neither,0.039100400654711924,0.20396644339023245,0.7569331559550557
HAPPY BIRTHDAY!,neither,0.03945320844208391,0.33037608806864915,0.630170703489267
oh sweet Rick and I share a birthday week!,neither,0.04242342826005254,0.2666723629286402,0.6909042088113074
He's a vulcan :P,neither,0.057568607992634975,0.3241453714706532,0.6182860205367118
HBRick!,neither,0.03945320844208391,0.33037608806864915,0.630170703489267
he's a shapeshifter obviously,neither,0.046611222423217774,0.32791411882549326,0.625474658751289
The play along is PC.,neither,0.04561354161150777,0.31416586398975044,0.6402205943987418
I'm here... everyone can relax...,neither,0.07562169961649003,0.38811117659473865,0.5362671237887714
"Happy Birthday Budd, we love ya!",offensive_language,0.023835023022683307,0.5842026149451549,0.3919623620321617
Yes. Finally get to plug this!,neither,0.04455418710231746,0.33579368922319264,0.6196521236744899
"@JodyHouser I was about to ask, I was worried. Digital hugs to feel better!",neither,0.046276969112246165,0.3437645678460338,0.6099584630417201
jakegor its not on there,neither,0.027141166287071413,0.30047708868806106,0.6723817450248676
@JodyHouser I'm sorry your body still hates you,neither,0.09021230344127956,0.37773816041972597,0.5320495361389945
YES THE RETURN OF GINA,neither,0.03851583391300098,0.313209656686443,0.648274509400556
Re Sub HYPE!!!,neither,0.05796738926929811,0.3016950255183242,0.6403375852123776
i can't wait! i've been wanting to learn fate core and this is a great way to do it :D,neither,0.03384063747078474,0.28454678029326874,0.6816125822359466
ohhhhhhhh,neither,0.03945320844208391,0.33037608806864915,0.630170703489267
OMG TRON !!!,neither,0.03945320844208391,0.33037608806864915,0.630170703489267
Fight for the users PogChamp,neither,0.03329620543779616,0.289618965556651,0.6770848290055528
in for ton rpg,neither,0.03287313359432868,0.29753100342025635,0.669595862985415
whaaa!! i was just thinking about a tron rpg,neither,0.03422846563354365,0.37304078416676795,0.5927307501996885
<3 TRON,neither,0.03945320844208391,0.33037608806864915,0.630170703489267
"you are in great company :) @highvoltage988 - my nephew was this last weekend, you & rick this week, me this monday LOL -- busy season",neither,0.048650880192141775,0.4222077703995279,0.5291413494083302
the master control program rules all,neither,0.03990963842602811,0.3667332754435516,0.5933570861304203
Changeling?,neither,0.03945320844208391,0.33037608806864915,0.630170703489267
all the Christmas Season Babies heheh,neither,0.040275229537726234,0.3733227698524338,0.58640200060984
,neither,0.03945320844208391,0.33037608806864915,0.630170703489267
"@Gryphon_oFH yeah my family is chock full of September birthdays, best month :D",neither,0.03436612215676854,0.44167400029918114,0.5239598775440504
Re Sub HYPE!!!,neither,0.05796738926929811,0.3016950255183242,0.6403375852123776
The piece was stolen from Shatner's head,neither,0.03834803943644043,0.3274824290376533,0.6341695315259063
pheonixblue when in sto look up shieldoftommorrow in chat channel or jon discord and ask to join,neither,0.03614158715877513,0.36013701997607106,0.6037213928651538
https://twitter.com/16BitEric/status/893878323675226112,neither,0.038839322835287696,0.43150949317999215,0.5296511839847202
Hey all <3 I has returned,neither,0.04275051657915319,0.4245165272547555,0.5327329561660914
"GM Eric Campbell ( twitter.com/16BitEric ), with Amy Dallen ( twitter.com/enthusiamy ), Hector Navarro ( twitter.com/Hectorisfunny ), Sam de Leve ( twitter.com/ChaiKovsky ), Bonnie Gordon ( twitter.com/BonnieBellG ), and Aliza Pearl ( twitter.com/AlizaPearl )",neither,0.03628824144144594,0.4603238889791243,0.5033878695794297
Whats the Shield Discord stuff?,neither,0.03851981060523562,0.3132844344957729,0.6481957548989914
dragon48Hype,neither,0.03945320844208391,0.33037608806864915,0.630170703489267
@PipersTwin you're a really high level paladin!,neither,0.07639327065383773,0.436219822600747,0.4873869067454153
In the Library Bards i LOVE!!!!!,neither,0.03550366294753325,0.32713501598919087,0.6373613210632758
aliza <3,neither,0.03945320844208391,0.33037608806864915,0.630170703489267
@gryphon_ofh and me in two days,neither,0.0309479310782195,0.31696492460806536,0.6520871443137151
I was honored to meet Aliza at #STLV,neither,0.047160034125873815,0.3589270357934486,0.5939129300806777
IMPROV?!?!?!?!,neither,0.03945320844208391,0.33037608806864915,0.630170703489267
love her hair,offensive_language,0.02513992278012551,0.642094385655478,0.33276569156439645
Evening @Chovexani :),neither,0.03945320844208391,0.33037608806864915,0.630170703489267
how do you join the Shield of tomorrow fleet? I have the a lifetime sub for STO I should try playing again,neither,0.048741532720266906,0.3563722613046599,0.5948862059750732
Improv and SCIENCE!,neither,0.03847354642549547,0.27932863474708153,0.682197818827423
everything's a science if you make it one,neither,0.03247500870917788,0.4524361926992537,0.5150887985915683
oohhh that makes me want an x-files rpg!,neither,0.030920822814266037,0.3892018160242944,0.5798773611614396
!sotauxdiscord,neither,0.03945320844208391,0.33037608806864915,0.630170703489267
USS Sally Ride Aux Crew Discord: https://discord.gg/DtMm5FQ,neither,0.03945320844208391,0.33037608806864915,0.630170703489267
https://twitter.com/xfilesimprov,neither,0.038722702202301396,0.4563523929286256,0.504924904869073
"I watched Tron a while back but... I honestly didn't feel the appeal as much. It might've been a little before my time, I grew up on computers from a later era.",neither,0.017554144606959494,0.4284705114684968,0.5539753439245436
"I wrote X-Files comics, I need to check this out.",neither,0.04043754889503892,0.33834668019344605,0.621215770911515
The real science was the friends we made along the way,neither,0.033282825150600964,0.37686919100308985,0.5898479838463092
so awesome !!! @Gamerprince333 :),neither,0.03940831064796619,0.39344133035444445,0.5671503589975895
i just copy what pike does :D @shidareAKI,neither,0.02647942522471323,0.4681566762494165,0.5053638985258703
"Glad I didn't miss anything, I had to reboot cause new tablet is being shite :O",neither,0.03339729524474807,0.33430956442052806,0.6322931403347238
hahaha,neither,0.03945320844208391,0.33037608806864915,0.630170703489267
:D,neither,0.03945320844208391,0.33037608806864915,0.630170703489267
only use lay on hands if it's consensual!,neither,0.009252837043155658,0.45434126985752943,0.536405893099315
GLOAW,neither,0.03945320844208391,0.33037608806864915,0.630170703489267
F YEAH,offensive_language,0.013968601452186464,0.5182923869769311,0.4677390115708824
Glam that's dope,neither,0.03379184532521521,0.39242003170086004,0.5737881229739247
another streamer Chocolate Rahne just celebreated hers as well :P,neither,0.0681058132658368,0.31619093669737547,0.6157032500367878
"I'm a lot older, I was young when Tron came out. It was amazing for us.",neither,0.041355910768728826,0.37383816756063176,0.5848059216706395
GLOAW lol,neither,0.020706217963973744,0.4882283491876925,0.4910654328483337
"Over The Top is so cheesy, but it's great to watch.",neither,0.04584064729816718,0.33331247047023177,0.620846882231601
"""Winner takes it all, loser takes a fall, time to make it over the TOPPPPPPPP!"" :)",neither,0.03933701803177843,0.3660207130820843,0.5946422688861374
Hey @Chovexani so did you give in...?? did you get it ??,neither,0.06638170459181145,0.4588889316362289,0.47472936377195957
:o,neither,0.03945320844208391,0.33037608806864915,0.630170703489267
#KHAAAAAN,neither,0.03945320844208391,0.33037608806864915,0.630170703489267
After show i will be in STO and can invite people to fed fleet.,neither,0.08352210248094992,0.22736991945986704,0.6891079780591831
massive,neither,0.03945320844208391,0.33037608806864915,0.630170703489267
is it a cube?,neither,0.04677099400442381,0.32785916605229437,0.6253698399432819
"I thought Hector wasn't supposed to be here tonight, so excited he's here!!!",neither,0.12381086218624786,0.23134847567228112,0.644840662141471
stay turnt?,neither,0.03945320844208391,0.33037608806864915,0.630170703489267
surprise. this could be very good or very bad,neither,0.03721547880153266,0.3345595334864692,0.6282249877119982
,neither,0.03945320844208391,0.33037608806864915,0.630170703489267
we likes soooprises!,neither,0.048293569575062034,0.41152852444548704,0.540177905979451
it's a brand new sax carr!,neither,0.04180951107519231,0.2259166703171549,0.7322738186076527
"Critical Role crossover episode, calling it now Kappa",neither,0.038579380565675975,0.3306766375452496,0.6307439818890744
Next week Michael Dorn and Brent Spiner co-star on SoT! Probably confirmed!,neither,0.03599351324326218,0.33387525127333667,0.6301312354834012
Shields of Tomorrow live show? PogChamp,neither,0.06326949038598843,0.2465582698110887,0.6901722398029227
Sam Dancing with Gina?,neither,0.02898665287593772,0.3667624480559269,0.6042508990681353
"@Gryphon_oFH I just got a commission so I think I might, if it stays on sale long enough *crosses fingers*",neither,0.026177071307324846,0.4160580679275272,0.5577648607651479
,neither,0.03945320844208391,0.33037608806864915,0.630170703489267
gandsSubHype gandsSubHype gandsSubHype gandsSubHype gandsSubHype,neither,0.03945320844208391,0.33037608806864915,0.630170703489267
@highvoltage988 yes!,neither,0.03945320844208391,0.33037608806864915,0.630170703489267
Sad I'll miss it! I'll be in the UK.,neither,0.033447493674019245,0.32327884152141523,0.6432736648045654
LOLOL,neither,0.03945320844208391,0.33037608806864915,0.630170703489267
The horses are in the starting gate and...,neither,0.054857539212745554,0.25069195595401245,0.694450504833242
@PipersTwin don't tempt me,neither,0.02406747285352416,0.4205910818353343,0.5553414453111417
"wait, what did sam say?",neither,0.044552608522937076,0.3267123434176302,0.6287350480594327
omg SOT and CR cross EP HAAAAAA,neither,0.038893132879663665,0.3028694335775504,0.658237433542786
Jonathan frakes guest star?,neither,0.03945320844208391,0.33037608806864915,0.630170703489267
annnndddd now we can start,neither,0.039607974998890995,0.3277492956911054,0.6326427293100035
Congrats @Chovexani !,neither,0.03945320844208391,0.33037608806864915,0.630170703489267
"shit, i'd watch gina and sam dancing",offensive_language,0.05305010376623164,0.9406706759815491,0.006279220252219322
They're off. :),neither,0.07285916964243917,0.28321586425604295,0.6439249661015178
i missed it aah,neither,0.03742755396072793,0.3310728035323942,0.6314996425068778
yay sam,neither,0.03945320844208391,0.33037608806864915,0.630170703489267
Wil Wheaton guests?,neither,0.03945320844208391,0.33037608806864915,0.630170703489267
Roll that beautiful intro footage,neither,0.03623808405664756,0.3652392300697149,0.5985226858736377
"@John_Sparks_Jr ya the original Tron was released July 9, 1982, I watch it 2 or 3 times at $1 matinee when it came out.",neither,0.02665237039810516,0.48150095067133364,0.49184667893056117
"Okay, wouldn't an actual announcement be Sam NOT excited? Sam's ALWAYS excited. XD",neither,0.0384120855108304,0.3568769092140108,0.6047110052751588
@crthemighty I was so close yet so far from Sam's performance this past wknd,neither,0.03991739329167807,0.3742407057416738,0.5858419009666481
@JodyHouser im in the uk too the trick is to wake up stupidly early to watch lol,neither,0.04806382953840201,0.37176467682880543,0.5801714936327925
Thanks! I'm excited about it @Gryphon_oFH *bounces*,neither,0.03436737126766895,0.34006361519820394,0.625569013534127
"I watch Gina craft for a few hours every week, needless to say, I'd watch her do about anything. Kappa",neither,0.03934882568868957,0.42742442215267973,0.5332267521586307
"When Wil Wheaton guest stars, his rolls will destroy the Sally Ride.",neither,0.0462488172765755,0.3368215164261651,0.6169296662972594
hmmm getting weird vhs audo from the intro,neither,0.036659193183167266,0.3563156459801946,0.6070251608366382
this show is just what i need to make it to Friday,neither,0.07568773262704165,0.2723171513209367,0.6519951160520215
I love this intro- my first time seeing it!!! <3,neither,0.02378093148876266,0.4205253381040643,0.5556937304071731
I'm going to be traveling and going to a con though!,neither,0.045709671539546165,0.336852262387271,0.6174380660731827
ENGAGE fmgSUP,neither,0.03945320844208391,0.33037608806864915,0.630170703489267
"@Caviar_Liberta Oh shit, yeah I was born May 17, 1988. XD",offensive_language,0.038483558545023194,0.9502903567989441,0.01122608465603264
Eric's smile gives me so much joy,neither,0.03213144789372546,0.3872849899844969,0.5805835621217776
Pooor WIl Wheaton's dice,neither,0.03945320844208391,0.33037608806864915,0.630170703489267
wow. this intro is amazeballs,neither,0.047318946013853114,0.329169844835679,0.6235112091504679
@JodyHouser When are they having you guest star on SoT?,neither,0.060154929229691914,0.3803363265640315,0.5595087442062767
titles!,neither,0.03945320844208391,0.33037608806864915,0.630170703489267
Going to London ain't bad though,offensive_language,0.02270612878686482,0.5206823178420639,0.45661155337107123
The Game Master looks a lot like the Mines N Crafts Cookie Goblin!,neither,0.044400367239199844,0.2926593309748101,0.6629403017859901
"ooooooh, title graphic!",neither,0.03945320844208391,0.33037608806864915,0.630170703489267
"LMAO, I love the cold opens.",neither,0.0353318553945255,0.3427685483253769,0.6218995962800976
Ooooo fancy,neither,0.03945320844208391,0.33037608806864915,0.630170703489267
Title on screen! PogChamp,neither,0.036642564780704774,0.3438731838682927,0.6194842513510025
Sub HYPE!!!,neither,0.03945320844208391,0.33037608806864915,0.630170703489267
"""You've got the touch! You've got the power!""",neither,0.021933386672450095,0.39339802144001823,0.5846685918875316
"@adventuresoftoni You actually didn't miss it. Eric kinda cut them off while they said it but they said ""I'm excited"" :)",neither,0.037860456705999156,0.37682274483900163,0.5853167984549992
"One shall stand, one shall fall MrDestructoid",neither,0.03848759532579156,0.36583481766583303,0.5956775870083754
"@Caviar_Liberta I honestly think it was a bit before my time. Honestly, I... have a same bit of that vibe with Star Trek TOS. It's REALLY hard to overlook the gender imbalance, considering what Star Trek is.",neither,0.03192935093712696,0.4632331360624397,0.5048375130004333
@chaoticloony i think you may be right! lol,neither,0.0491130608215979,0.4410071873046064,0.5098797518737956
@GuruMat Hopefully soon! Up to the writers and Eric.,neither,0.040731968556961186,0.32322625108196934,0.6360417803610694
Like the new episode title screen,neither,0.050191073476888365,0.2589149285653516,0.6908939979577601
Speaking of ST main titles have you guys heard the Discovery theme yet cause amagad,neither,0.04546212021087566,0.36648003214848557,0.5880578476406386
@Ricky_Galletti thank youu!,neither,0.03901970068836411,0.3377338460143572,0.6232464532972787
"lol ""orson welles gives you disadvantage""",offensive_language,0.048874048743550835,0.48126203337166534,0.469863917884784
Don't forget to visit Star Trek Online and support Shield of Tomorrow! www.StarTrekOnline.com/ShieldofTomorrow,neither,0.05687602105656693,0.30425729811326435,0.6388666808301687
ooooo episode title on the screen!!!,neither,0.036961872724654773,0.32840768250436125,0.6346304447709838
@chaoticloony *Gasp* you're right,neither,0.08010279143788364,0.3649856993180481,0.5549115092440684
I wonder if Ashly Burch might want to guest-star on SOT ?,neither,0.028906899107454004,0.3729984161220962,0.5980946847704497
Re Sub HYPE!!!,neither,0.05796738926929811,0.3016950255183242,0.6403375852123776
morally grey is always more interesting.,neither,0.04495355884320207,0.35934867179382074,0.5956977693629772
@shidareAKI No! Did they finally release it?,neither,0.03756728363301042,0.3427187117857193,0.6197140045812702
Time to start lobbying Rick/Nick/Eric - all the ick's!,neither,0.043836202754174027,0.37850754800322767,0.5776562492425984
Are they out of syc for anyone else,neither,0.05043237701496287,0.27593409098721233,0.6736335319978248
YOU CALM DOWN HECTOR,neither,0.06142820482906545,0.3911304252399706,0.5474413699309639
