text,top_class,hate_speech,offensive_language,neither
Bidet from Pyongyang!,neither,0.04228451509352876,0.2823214250720796,0.6753940598343917
No Sound!,neither,0.03817021587683215,0.3521518202447505,0.6096779638784173
bidet from Kingston Pennsylvania,neither,0.04034574383703774,0.31522743308451706,0.6444268230784452
Too nervous.,neither,0.03915275432269686,0.3354755785974154,0.6253716670798878
Bidet from Seattle,neither,0.040754399270683486,0.3082914838698526,0.650954116859464
So can someone please make some fan art of rick from rick and Morty as Pike screaming I'm pickle rick since I cannot draw,neither,0.035688908193740494,0.3409844629456757,0.6233266288605838
Detroit HYPPPPPPPPPE,neither,0.03945320844208391,0.33037608806864915,0.630170703489267
OK the character in the while with Whip and flames? who is that?,neither,0.0334811598862785,0.3681041538475466,0.598414686266175
gandsMatt !,neither,0.03945320844208391,0.33037608806864915,0.630170703489267
yay!,neither,0.03945320844208391,0.33037608806864915,0.630170703489267
tpk! tpk!,neither,0.03945320844208391,0.33037608806864915,0.630170703489267
SHAVE,neither,0.03945320844208391,0.33037608806864915,0.630170703489267
BEARD!,neither,0.03945320844208391,0.33037608806864915,0.630170703489267
HEYYYYYYYY,neither,0.03945320844208391,0.33037608806864915,0.630170703489267
Heyoo :D :D,neither,0.03945320844208391,0.33037608806864915,0.630170703489267
Bearded Mercer?,neither,0.03945320844208391,0.33037608806864915,0.630170703489267
Bidet from Plymouth Michigan!,neither,0.040769555981420263,0.3080342349327864,0.6511962090857933
Yay!!,neither,0.03945320844208391,0.33037608806864915,0.630170703489267
HI,neither,0.03945320844208391,0.33037608806864915,0.630170703489267
YAY!!!!,neither,0.03945320844208391,0.33037608806864915,0.630170703489267
Bidet from Chicago,neither,0.04078317879478948,0.307803020237201,0.6514138009680096
IT BEGINS!!!,neither,0.037828236809968684,0.3309349903269868,0.6312367728630445
BEARDMATT,neither,0.03945320844208391,0.33037608806864915,0.630170703489267
BEARD,neither,0.03945320844208391,0.33037608806864915,0.630170703489267
yay!!!,neither,0.03945320844208391,0.33037608806864915,0.630170703489267
The facial hair!!!!,neither,0.03856893306140889,0.3142065393501814,0.6472245275884096
I HEREBY DECLARE TODAY MERCER APPRECIATION DAY! gandsLessthanthree gandsMatt gandsLessthanthree gandsMatt gandsLessthanthree gandsMatt gandsLessthanthree gandsMatt,neither,0.03871838052982995,0.3028583933058048,0.6584232261643653
MAtt mercer!!!!!!!,neither,0.03945320844208391,0.33037608806864915,0.630170703489267
HI,neither,0.03945320844208391,0.33037608806864915,0.630170703489267
YAY,neither,0.03945320844208391,0.33037608806864915,0.630170703489267
woot!!!!,neither,0.03945320844208391,0.33037608806864915,0.630170703489267
Nice beard Matt,neither,0.03945320844208391,0.33037608806864915,0.630170703489267
WHO IS THAT,offensive_language,0.04890640013261156,0.5245279313106093,0.4265656685567792
He's... fuzzy..,neither,0.0510829809459706,0.028482417083741073,0.9204346019702885
yay,neither,0.03945320844208391,0.33037608806864915,0.630170703489267
BEARDDDDD,neither,0.03945320844208391,0.33037608806864915,0.630170703489267
The beard,neither,0.03826739049100925,0.3084973326782542,0.6532352768307366
Yay!,neither,0.03945320844208391,0.33037608806864915,0.630170703489267
KonCha,neither,0.03945320844208391,0.33037608806864915,0.630170703489267
@Rockagainstemo howdy. hope you and yours made it thru okay,neither,0.08562317204947908,0.23595589086452542,0.6784209370859955
yay!!,neither,0.03945320844208391,0.33037608806864915,0.630170703489267
WOOT!,neither,0.03945320844208391,0.33037608806864915,0.630170703489267
FACIAL HAIR?!,neither,0.03945320844208391,0.33037608806864915,0.630170703489267
holy fuck a beard,offensive_language,0.16336986009583565,0.8352110468381335,0.0014190930660308019
LOOK AT THAT FACE,neither,0.035654158176530795,0.41377607695595303,0.5505697648675162
i dig the beard!,neither,0.038602261925757005,0.3148305201159101,0.6465672179583328
Beard,neither,0.03945320844208391,0.33037608806864915,0.630170703489267
facial hair!,neither,0.03945320844208391,0.33037608806864915,0.630170703489267
Bearded Matt! :D,neither,0.03945320844208391,0.33037608806864915,0.630170703489267
FINALLY!!,neither,0.03945320844208391,0.33037608806864915,0.630170703489267
BEARD,neither,0.03945320844208391,0.33037608806864915,0.630170703489267
Bidet bitches!,offensive_language,1.8102608101511593e-05,0.9999818973918986,1.9545890535218035e-21
"Bidet from Québec, Canada",neither,0.04071751644889743,0.3089174816120565,0.6503650019390461
#mattbeard!,neither,0.03945320844208391,0.33037608806864915,0.630170703489267
amazing art,neither,0.03945320844208391,0.33037608806864915,0.630170703489267
YAaaaaaay,neither,0.03945320844208391,0.33037608806864915,0.630170703489267
That beard!!,neither,0.03441373728318629,0.3854653984740369,0.5801208642427768
Facial hair!,neither,0.03945320844208391,0.33037608806864915,0.630170703489267
Mercer has a beard!,neither,0.03994576661462504,0.3220160904062302,0.6380381429791447
He had the beard sickness.,neither,0.04447064398963583,0.3107025445881583,0.6448268114222059
beardy,neither,0.03945320844208391,0.33037608806864915,0.630170703489267
Welcome back Matt!,neither,0.03945320844208391,0.33037608806864915,0.630170703489267
glad your better! <3,neither,0.08419671232109947,0.3178960850074993,0.5979072026714013
what is this beard?,neither,0.05699894535107343,0.3237578011943912,0.6192432534545353
RUGGED,neither,0.03945320844208391,0.33037608806864915,0.630170703489267
WOOT BEARD,neither,0.03945320844208391,0.33037608806864915,0.630170703489267
beard!,neither,0.03945320844208391,0.33037608806864915,0.630170703489267
YAY,neither,0.03945320844208391,0.33037608806864915,0.630170703489267
YES!!!,neither,0.03945320844208391,0.33037608806864915,0.630170703489267
gandsMatt gandsMatt gandsMatt gandsMatt,neither,0.03945320844208391,0.33037608806864915,0.630170703489267
beeeaaarrrddd,neither,0.03945320844208391,0.33037608806864915,0.630170703489267
It's Showtime!,neither,0.037828236809968684,0.3309349903269868,0.6312367728630445
BEARD Kreygasm,neither,0.03945320844208391,0.33037608806864915,0.630170703489267
Beardy Matt!!! I like it!!!,neither,0.05107983577977344,0.35093955756978173,0.597980606650445
MATTBEARD,neither,0.03945320844208391,0.33037608806864915,0.630170703489267
BEARD,neither,0.03945320844208391,0.33037608806864915,0.630170703489267
Goatee Matt is best Matt!,neither,0.043963970169525406,0.3237676086813737,0.6322684211491009
Beard?,neither,0.03945320844208391,0.33037608806864915,0.630170703489267
glad you're feeling better matt!,neither,0.07112187095150475,0.34245276467293523,0.58642536437556
Bidet from Ohio!,neither,0.040754399270683486,0.3082914838698526,0.650954116859464
Matt! <3,neither,0.03945320844208391,0.33037608806864915,0.630170703489267
He can grow facial hair,neither,0.04603484344920505,0.3187576329374019,0.635207523613393
YAAAAAAAAAY,neither,0.03945320844208391,0.33037608806864915,0.630170703489267
Nice bearrrddddd,neither,0.03945320844208391,0.33037608806864915,0.630170703489267
bu,neither,0.03945320844208391,0.33037608806864915,0.630170703489267
EEEEEYYYY,neither,0.03945320844208391,0.33037608806864915,0.630170703489267
breadmatt,neither,0.03945320844208391,0.33037608806864915,0.630170703489267
dat beard doe,neither,0.03945320844208391,0.33037608806864915,0.630170703489267
BEARD MATT!!,neither,0.03945320844208391,0.33037608806864915,0.630170703489267
Welcome back Matt!,neither,0.03945320844208391,0.33037608806864915,0.630170703489267
doodCrazy,neither,0.03945320844208391,0.33037608806864915,0.630170703489267
gandsSubHype gandsSubHype gandsSubHype gandsSubHype gandsSubHype gandsSubHype gandsSubHype gandsSubHype gandsSubHype gandsSubHype gandsSubHype gandsSubHype,neither,0.03945320844208391,0.33037608806864915,0.630170703489267
BEARD!,neither,0.03945320844208391,0.33037608806864915,0.630170703489267
gandsSubHype gandsSubHype gandsSubHype gandsSubHype gandsSubHype,neither,0.03945320844208391,0.33037608806864915,0.630170703489267
OMG THAT BEARD!!,neither,0.03533210221178699,0.3752486565291441,0.5894192412590689
AYYY BIDET,neither,0.03945320844208391,0.33037608806864915,0.630170703489267
scruffs!,neither,0.03945320844208391,0.33037608806864915,0.630170703489267
Yay,neither,0.03945320844208391,0.33037608806864915,0.630170703489267
BROKE him,neither,0.03924432180601907,0.3339214394333488,0.6268342387606322
dig the beard!,neither,0.038602261925757005,0.3148305201159101,0.6465672179583328
Wooooohooooooooooo,neither,0.03945320844208391,0.33037608806864915,0.630170703489267
facial hair,neither,0.03945320844208391,0.33037608806864915,0.630170703489267
FACE HAIR!,neither,0.03945320844208391,0.33037608806864915,0.630170703489267
It's Time Bitches!!!!,offensive_language,0.0011761872509822864,0.9988238122161759,5.32841867957828e-10
yay!!!!!!!!!!!!!!!!!!!!!!!!,neither,0.03945320844208391,0.33037608806864915,0.630170703489267
#BEARDET!,neither,0.03945320844208391,0.33037608806864915,0.630170703489267
its friggin littttt,neither,0.03266664412200374,0.33271029874032065,0.6346230571376755
YES!!!!!! gandsSubHype gandsSubHype gandsSubHype,neither,0.03945320844208391,0.33037608806864915,0.630170703489267
GivePLZ gandsMatt TakeNRG,neither,0.03945320844208391,0.33037608806864915,0.630170703489267
Mercer beard!,neither,0.03945320844208391,0.33037608806864915,0.630170703489267
ORGY TENT,neither,0.03945320844208391,0.33037608806864915,0.630170703489267
Beard!!!,neither,0.03945320844208391,0.33037608806864915,0.630170703489267
BEARD! woooooo,neither,0.03945320844208391,0.33037608806864915,0.630170703489267
Bidet from New Zealand,neither,0.046710622032705686,0.1542697019613409,0.7990196760059534
sigh *unzips*,neither,0.03945320844208391,0.33037608806864915,0.630170703489267
LOVE THE BEARD!!,neither,0.035028937849030266,0.3267994398547809,0.6381716222961887
MEEEEERRRRRRRCCCCCCEEEEERRRRRR,neither,0.03945320844208391,0.33037608806864915,0.630170703489267
Matt is lookin' hawwwwt!,neither,0.04818848627765976,0.3273716254595662,0.6244398882627741
Yay Matt!!!!!,neither,0.03945320844208391,0.33037608806864915,0.630170703489267
Beard Matt PogChamp,neither,0.03945320844208391,0.33037608806864915,0.630170703489267
\sick beard...,neither,0.03945320844208391,0.33037608806864915,0.630170703489267
Yayyyyyyyyyyy :),neither,0.03945320844208391,0.33037608806864915,0.630170703489267
ooohhh beardy mercer,neither,0.03945320844208391,0.33037608806864915,0.630170703489267
Glad you feel better Matt,neither,0.05425236814454466,0.37232859039356647,0.5734190414618888
We love you Matt!,neither,0.054016701715747274,0.4030239041055505,0.5429593941787022
@jhawk92 good luck with dm'ing gandsSCANLAN,neither,0.030295438537593613,0.36032915061444387,0.6093754108479624
what is that?,neither,0.06192082320891666,0.3949353930334496,0.5431437837576337
BEARD!,neither,0.03945320844208391,0.33037608806864915,0.630170703489267
BEARDED MATT,neither,0.03945320844208391,0.33037608806864915,0.630170703489267
"ooooh, mercer beard",neither,0.03945320844208391,0.33037608806864915,0.630170703489267
We missed you!,neither,0.06355723892297856,0.4010499899950155,0.5353927710820059
Mercer Beard,neither,0.03945320844208391,0.33037608806864915,0.630170703489267
oh my god,neither,0.030266422441093326,0.38268872444249025,0.5870448531164164
SCRUFFFFFY,neither,0.03945320844208391,0.33037608806864915,0.630170703489267
#beardmatt,neither,0.03945320844208391,0.33037608806864915,0.630170703489267
yay,neither,0.03945320844208391,0.33037608806864915,0.630170703489267
it has begun :D,neither,0.037466634629501894,0.31789117281524343,0.6446421925552547
+2 RIIIIINGGG,neither,0.03945320844208391,0.33037608806864915,0.630170703489267
Mercer beard! gandsSubHype gandsSubHype gandsSubHype gandsSubHype gandsSubHype,neither,0.03945320844208391,0.33037608806864915,0.630170703489267
beep beep,neither,0.03945320844208391,0.33037608806864915,0.630170703489267
gandsSCANLAN gandsDrink gandsSCANLAN gandsDrink gandsSCANLAN gandsDrink gandsSCANLAN gandsDrink,neither,0.03945320844208391,0.33037608806864915,0.630170703489267
scruffy nerf herder!,neither,0.03945320844208391,0.33037608806864915,0.630170703489267
gandsMatt MY LEG gandsMatt,neither,0.02491628944361842,0.4479826587563781,0.5271010518000034
he has a beard wow,neither,0.04514706729221134,0.3220036691389273,0.6328492635688613
THAT FACIAL HAIR,neither,0.035698375239333835,0.3711932718187421,0.5931083529419241
Ayyyyyyy,neither,0.03945320844208391,0.33037608806864915,0.630170703489267
Yahoo!,neither,0.03945320844208391,0.33037608806864915,0.630170703489267
yayyyyy,neither,0.03945320844208391,0.33037608806864915,0.630170703489267
Beard for Halloween - I'm calling it,neither,0.03313016316597937,0.30467644058118787,0.6621933962528328
"Glad you're feeling better, Matt!",neither,0.07112187095150475,0.34245276467293523,0.58642536437556
beard matt?,neither,0.03945320844208391,0.33037608806864915,0.630170703489267
FINNALY,neither,0.03945320844208391,0.33037608806864915,0.630170703489267
Matt looks like he is in the walking dead,neither,0.05901436553672979,0.32490034605391,0.6160852884093602
Echoes,neither,0.03945320844208391,0.33037608806864915,0.630170703489267
THE MERCER BEARD?,neither,0.03826739049100925,0.3084973326782542,0.6532352768307366
gandsLessthanthree gandsLessthanthree gandsLessthanthree gandsSubHype,neither,0.03945320844208391,0.33037608806864915,0.630170703489267
BEARD CRIT!,neither,0.03945320844208391,0.33037608806864915,0.630170703489267
Yay Matt's back! Glad he's feeling better.,neither,0.04305636167201967,0.32913679844811183,0.6278068398798684
yay! showtime,neither,0.03945320844208391,0.33037608806864915,0.630170703489267
BIDET,neither,0.03945320844208391,0.33037608806864915,0.630170703489267
beeeeeaaaaaarrrrrd!!!,neither,0.03945320844208391,0.33037608806864915,0.630170703489267
<3,neither,0.03945320844208391,0.33037608806864915,0.630170703489267
We Were Actually,neither,0.039651952981935065,0.30699644840063534,0.6533515986174295
Beardet Matt!,neither,0.03945320844208391,0.33037608806864915,0.630170703489267
beard game strong,neither,0.03879083148234622,0.28991347218953856,0.6712956963281153
welcome back Mat and crew.,neither,0.038838518346645035,0.2999882762154351,0.6611732054379199
WOOOOOOOOOOOO!!!,neither,0.03945320844208391,0.33037608806864915,0.630170703489267
HIS FACE IS WEARING HAIR CLOTHING,neither,0.07024881531763437,0.32872521985477254,0.601025964827593
gandsDrink gandsDrink,neither,0.03945320844208391,0.33037608806864915,0.630170703489267
beard <3,neither,0.03945320844208391,0.33037608806864915,0.630170703489267
MERCER BEARDDDD,neither,0.03945320844208391,0.33037608806864915,0.630170703489267
#BEARDET,neither,0.03945320844208391,0.33037608806864915,0.630170703489267
"Oh man, is that a +2 beard",neither,0.049476356253841426,0.3835897661864983,0.5669338775596603
heck yes!!,neither,0.03945320844208391,0.33037608806864915,0.630170703489267
"matt has a beard, y'all, we are not ready",neither,0.05843625399438208,0.34838459528051885,0.5931791507250991
Great Beard!!,neither,0.0373468635068956,0.302205941464075,0.6604471950290294
glad you're doing well matt!,neither,0.07257235567087149,0.34289390555357563,0.5845337387755528
We missed you Matt!,neither,0.055564352262127,0.37901457419486984,0.5654210735430031
Matt i thought you died BibleThump,neither,0.05942354379707404,0.2740993614804649,0.666477094722461
HOPE you feel better?,neither,0.13760789707371132,0.2328597445753102,0.6295323583509785
facial hair?,neither,0.03945320844208391,0.33037608806864915,0.630170703489267
missed you all!,offensive_language,0.07070061034640265,0.5299392742493825,0.3993601154042148
Looks better w/ beard,neither,0.03945320844208391,0.33037608806864915,0.630170703489267
gandsGandsBeardedMen,neither,0.03945320844208391,0.33037608806864915,0.630170703489267
go to bed bluat,neither,0.051518210713321855,0.33031360261504533,0.6181681866716328
HYPE,neither,0.03945320844208391,0.33037608806864915,0.630170703489267
that beard matt,neither,0.03581178296728462,0.3699399875718047,0.5942482294609108
Thats my boy,neither,0.025259974561593276,0.44474307435338484,0.5299969510850219
Why is McCree DMing?,neither,0.03455745660248098,0.34423331573512067,0.6212092276623983
recovery beard,neither,0.03945320844208391,0.33037608806864915,0.630170703489267
gandsSubHype gandsSubHype gandsSubHype gandsSubHype gandsSubHype gandsSubHype,neither,0.03945320844208391,0.33037608806864915,0.630170703489267
gandsCrit gandsCrit gandsCrit gandsCrit,neither,0.03945320844208391,0.33037608806864915,0.630170703489267
"We're happy to have you back, Matt. <3",neither,0.08325414912202919,0.34863627425144766,0.5681095766265232
woooo!!,neither,0.03945320844208391,0.33037608806864915,0.630170703489267
Mercer BEARd,neither,0.03945320844208391,0.33037608806864915,0.630170703489267
YAY MATTS BETTERING!!!,neither,0.03945320844208391,0.33037608806864915,0.630170703489267
WE OUTCHEA,neither,0.03925423629670447,0.33375316465165866,0.6269925990516368
gandsCrit BEARD!!!!,neither,0.03945320844208391,0.33037608806864915,0.630170703489267
WELCOME BACK MATTTTTTT,neither,0.03945320844208391,0.33037608806864915,0.630170703489267
D&D Jesus,neither,0.03945320844208391,0.33037608806864915,0.630170703489267
Delicious Matt Kreygasm,neither,0.03945320844208391,0.33037608806864915,0.630170703489267
THE BEARD,neither,0.03826739049100925,0.3084973326782542,0.6532352768307366
Whoa nice beard,neither,0.03945320844208391,0.33037608806864915,0.630170703489267
nice beard Matt,neither,0.03945320844208391,0.33037608806864915,0.630170703489267
Bearded Matt!,neither,0.03945320844208391,0.33037608806864915,0.630170703489267
Matt Beard Kreygasm Kreygasm Kreygasm Kreygasm Kreygasm Kreygasm Kreygasm Kreygasm Kreygasm,neither,0.03945320844208391,0.33037608806864915,0.630170703489267
Beard!!!!!!!!!!!!!!! gandsGandsBeardedMen gandsGandsBeardedMen gandsGandsBeardedMen gandsGandsBeardedMen gandsGandsBeardedMen gandsGandsBeardedMen gandsGandsBeardedMen gandsGandsBeardedMen gandsGandsBeardedMen gandsGandsBeardedMen gandsGandsBeardedMen gandsGandsBeardedMen gandsGandsBeardedMen gandsGandsBeardedMen,neither,0.03945320844208391,0.33037608806864915,0.630170703489267
"He wasn't sick, he was growing that out?",neither,0.04075550428447348,0.37105618493169906,0.5881883107838275
Yay! I'm glad you're felling better.,neither,0.06830466261484858,0.34157073146526956,0.5901246059198818
geralt making a return? please say yes,neither,0.04008437762437338,0.3196634998248916,0.640252122550735
Handsome matt,neither,0.03945320844208391,0.33037608806864915,0.630170703489267
gandsMatt gandsMatt gandsMatt gandsMatt gandsMatt gandsMatt gandsMatt gandsMatt gandsMatt gandsMatt gandsMatt,neither,0.03945320844208391,0.33037608806864915,0.630170703489267
PowerUpL gandsGandsBeardedMen PowerUpR,neither,0.03945320844208391,0.33037608806864915,0.630170703489267
Dragon my preorder just made it to my house today if u preodered u can read the pdf,neither,0.0171745687616928,0.44903320945595704,0.5337922217823502
"Behold, a Bearded Mercer!",neither,0.03945320844208391,0.33037608806864915,0.630170703489267
shadow of war comes out on my birthday!!!,neither,0.027325097573689915,0.41089078985023475,0.5617841125760753
hey its shaggy,neither,0.03369577081789662,0.3323563348783784,0.633947894303725
does it sound a bit lower than normal to anyone?,neither,0.0326716867421339,0.4156919140506622,0.5516363992072038
15k,neither,0.03945320844208391,0.33037608806864915,0.630170703489267
gandsSubHype gandsSubHype gandsSubHype,neither,0.03945320844208391,0.33037608806864915,0.630170703489267
bidet from CO,neither,0.04181741232017598,0.2902493781769742,0.6679332095028498
am i still subbed?,neither,0.03841152125588234,0.344952958029183,0.6166355207149347
"Hey look, it's McCree!",neither,0.039928574501658924,0.3302125878825642,0.6298588376157769
gandsSubHype gandsSubHype gandsSubHype gandsSubHype gandsSubHype,neither,0.03945320844208391,0.33037608806864915,0.630170703489267
O SNAP!,neither,0.03945320844208391,0.33037608806864915,0.630170703489267
"nice scruffy beard there, Matt",neither,0.039394833175861045,0.3012055630429149,0.659399603781224
gandsGandsBeardedMen gandsGandsBeardedMen gandsGandsBeardedMen gandsGandsBeardedMen gandsGandsBeardedMen gandsGandsBeardedMen gandsGandsBeardedMen gandsGandsBeardedMen,neither,0.03945320844208391,0.33037608806864915,0.630170703489267
Omg that beard is making me want to kiss a man,neither,0.04181432251509054,0.41437916776151495,0.5438065097233944
#Fuzzy!Matt,neither,0.04239008443511945,0.06142237294663087,0.8961875426182496
I didn't think it was possible but Matt is even hotter,neither,0.03111540866431944,0.3686761747343072,0.6002084166013734
Someone tell Matt he has some dirt on hit lip,neither,0.03578470144001717,0.34224995945561665,0.6219653391043661
We love you Matt! get well!!,neither,0.05084491862862021,0.3995543399542013,0.5496007414171785
Feels like it has been forever!,neither,0.04758045848404768,0.3437244722979336,0.6086950692180187
That beard is a +2,neither,0.044407268322661377,0.3786811855950748,0.5769115460822638
Matt finally looks like he plays D&D.,neither,0.05235804768849829,0.34062757315210174,0.6070143791593999
"Bless you, sir!",neither,0.057456114186863305,0.38084454418551106,0.5616993416276257
holy bleep! shadow!,neither,0.03945320844208391,0.33037608806864915,0.630170703489267
HAPPY TO SEE YOU BACK ON YOUR FEET MATT :),neither,0.08780137856727424,0.365971942626547,0.5462266788061789
I still can't get over Laura's dice bag,neither,0.038307996780044415,0.30605663817201634,0.6556353650479392
Yay beard,neither,0.03945320844208391,0.33037608806864915,0.630170703489267
YAY!! Thanks for being here Matt,neither,0.05756327649614056,0.2922741915008946,0.6501625320029649
Matt passed his gandsGandsBeardedMen check,neither,0.061233199494921724,0.3321333205333912,0.6066334799716872
+2 BEARD y'all!,neither,0.042007796308410617,0.4310059871578024,0.526986216533787
:o,neither,0.03945320844208391,0.33037608806864915,0.630170703489267
A beard is earned,neither,0.047329964383745225,0.3276669105069222,0.6250031251093326
woot,neither,0.03945320844208391,0.33037608806864915,0.630170703489267
bidet from denver,neither,0.04069404815304118,0.30931579984010865,0.6499901520068502
glad to hear ur well Matt!,neither,0.06541234711269579,0.32019301121568755,0.6143946416716166
"Here in denmark it is 4 in the morning, but fuck sleep",offensive_language,0.4071532213145032,0.5851377525503179,0.0077090261351790935
"Welcome back Matt! Hope you're feeling better. Game on, everyone!",neither,0.08172241061535437,0.3121340849643933,0.6061435044202523
LUL,neither,0.03945320844208391,0.33037608806864915,0.630170703489267
Bidet from Columbus!,neither,0.040737273169946825,0.30858215849491494,0.6506805683351382
google search spike lol,neither,0.033645880195516176,0.37148822560402245,0.5948658942004614
LUL,neither,0.03945320844208391,0.33037608806864915,0.630170703489267
that beard is awesome,neither,0.043177164362891124,0.3676907632696313,0.5891320723674776
orc 4 LUL,neither,0.03945320844208391,0.33037608806864915,0.630170703489267
"Bidet all, and glad to see Matt is better.",neither,0.053300599974881395,0.3452297200404611,0.6014696799846576
gandsGandsBeardedMen gandsGandsBeardedMen gandsGandsBeardedMen gandsGandsBeardedMen gandsGandsBeardedMen gandsGandsBeardedMen,neither,0.03945320844208391,0.33037608806864915,0.630170703489267
BEARD well met,neither,0.03945320844208391,0.33037608806864915,0.630170703489267
Wait... Matt has a what? A berd? Of course he has a bird. It's named Dagon and poops on his and Marisha's shoulders :),neither,0.015283580183122413,0.1310418943146304,0.8536745255022472
cool,neither,0.03945320844208391,0.33037608806864915,0.630170703489267
anyone else have sound issues?,neither,0.039020283215442646,0.3377239590095601,0.6232557577749973
comanding orc 1 :D,neither,0.03945320844208391,0.33037608806864915,0.630170703489267
gandsGnSMinesCrafts,neither,0.03945320844208391,0.33037608806864915,0.630170703489267
gandsSubHype gandsSubHype,neither,0.03945320844208391,0.33037608806864915,0.630170703489267
Long live Orc 4,neither,0.04562300510104399,0.32551386500966817,0.6288631298892878
Grizzly Mercer,neither,0.03945320844208391,0.33037608806864915,0.630170703489267
"""oh and the witch king""",neither,0.04234473941420494,0.24028418118618733,0.7173710793996076
"""Orc 4 to Orc 1, you're cleared to attack...""",neither,0.12461895291401855,0.3312135196763616,0.5441675274096198
M gandsLessthanthreeA gandsLessthanthreeT gandsLessthanthreeT,neither,0.03945320844208391,0.33037608806864915,0.630170703489267
Nooooooo the video keeps freezing :'(,neither,0.04256187110880966,0.2534259855225271,0.7040121433686631
that's fucking awesome,offensive_language,0.09782691102269574,0.9020200230885181,0.00015306588878610168
orc 4 best orc,neither,0.03765011267139979,0.31527719622551265,0.6470726911030876
"90% of the voice work in Shadows of War/Mordor is crazy Orc monologues, its AMAZING",neither,0.03361257283312164,0.38031140544999575,0.5860760217168827
Matt's the Witch King?! Awesome!,neither,0.03881528525171449,0.318788785259521,0.6423959294887644
sexy sexy Mercer,neither,0.03945320844208391,0.33037608806864915,0.630170703489267
orc 4 has very compelling writing,neither,0.039833093448981054,0.323928448080739,0.6362384584702799
"he can now do a whole other type of personality, The Hreaded Matt!!!",neither,0.04353176166002987,0.3151117295446566,0.6413565087953136
SOMETHINGS ATTACKING MATTS FACE. KILL IT.,neither,0.26319655504204215,0.2290337815673073,0.5077696633906505
@sailorjay42 and down the back,neither,0.037452135251650115,0.25397478744499624,0.7085730773033537
"ah, that was a fun game though totally unrelated to any of Tolkien's ideas :D",neither,0.040495196597490034,0.3286919482200068,0.6308128551825032
Orc fluffer?,neither,0.03945320844208391,0.33037608806864915,0.630170703489267
bidet from fort worth!,neither,0.04097097592422819,0.30461561283917343,0.6544134112365985
"Oh my god... I'm now gay for Matt's beard. Not Matt, just his beard. It's fantastic.",neither,0.09378605895649336,0.2886467739637294,0.6175671670797772
she was the wife in the first one too,neither,0.0316046594875871,0.40884290945853574,0.5595524310538772
"Ohh, Bidet from Australia",neither,0.04037735807595538,0.31469085694349574,0.6449317849805489
Bidet from ATX,neither,0.04228451509352876,0.2823214250720796,0.6753940598343917
wahoo -- WELCOME home MATT :) and hello all !!!!,neither,0.03995567755231105,0.3498044652234287,0.6102398572242602
"Matt, that scuffy look is so hawt",neither,0.04385141027357994,0.39489081063896403,0.561257779087456
@Schillers1 Esben?,neither,0.03945320844208391,0.33037608806864915,0.630170703489267
Laura = craven edge!!,neither,0.03945320844208391,0.33037608806864915,0.630170703489267
'That sounds like a lot of info,neither,0.04487384053170809,0.380758757750331,0.574367401717961
Bidet from Memphis,neither,0.040737273169946825,0.30858215849491494,0.6506805683351382
DLC before the game is out!? WOW!,neither,0.037940219962855105,0.3460082310532329,0.616051548983912
noice,neither,0.03945320844208391,0.33037608806864915,0.630170703489267
that seems like tmi,neither,0.044991935639548,0.3817881260702216,0.5732199382902303
spoiler alert,neither,0.03945320844208391,0.33037608806864915,0.630170703489267
Look at Matts scruff!,neither,0.041370415080699,0.3752591042909611,0.5833704806283398
waaaant,neither,0.03945320844208391,0.33037608806864915,0.630170703489267
Doc confirmed,neither,0.03945320844208391,0.33037608806864915,0.630170703489267
"will she give Liam his dice, or Travis??",neither,0.057317933457951,0.36972064944362676,0.5729614170984223
"Do not support Shadow Of War, absolute scumbaggery all around",neither,0.06024809227422968,0.37057046571149255,0.5691814420142778
Galadriel <3 <3,neither,0.03945320844208391,0.33037608806864915,0.630170703489267
Laura = Umbra,neither,0.03945320844208391,0.33037608806864915,0.630170703489267
gandsDrink gandsDrink gandsDrink gandsDrink gandsDrink,neither,0.03945320844208391,0.33037608806864915,0.630170703489267
https://clips.twitch.tv/MushyBrightBarracudaTBCheesePull,neither,0.03945320844208391,0.33037608806864915,0.630170703489267
is the audio off?,neither,0.046896040214869865,0.3111816489686297,0.6419223108165004
stealth archer,neither,0.03945320844208391,0.33037608806864915,0.630170703489267
Vux?,neither,0.03945320844208391,0.33037608806864915,0.630170703489267
Wow great DLC ready before the game is even out,neither,0.036693252124803476,0.3384602400674077,0.6248465078077888
YES,neither,0.03945320844208391,0.33037608806864915,0.630170703489267
@Christhemainman In what way?,neither,0.0488874853417443,0.3252306148174634,0.6258818998407925
"Laura rocks!,,,,",neither,0.03945320844208391,0.33037608806864915,0.630170703489267
"ummmm, they do know about the controversy surrounding Shadow of War dlc right now, right?",neither,0.03794294075351626,0.35409481273827187,0.6079622465082118
OMG BEARD,neither,0.03945320844208391,0.33037608806864915,0.630170703489267
vix?,neither,0.03945320844208391,0.33037608806864915,0.630170703489267
"@Christhemainman no, reload",neither,0.036918905254960256,0.37338982715841207,0.5896912675866277
Vaex?,neither,0.03945320844208391,0.33037608806864915,0.630170703489267
Matt has that Aragorn/Boromir look going on.,neither,0.03409728181786121,0.39624548583141495,0.5696572323507237
Vlex,neither,0.03945320844208391,0.33037608806864915,0.630170703489267
@oreov1 like what?,neither,0.0930136579451813,0.355425617874717,0.5515607241801017
"Oh no, Vox Machina is going to have to buy allie sfor the Vecna fight now :(",neither,0.06028895315444588,0.30939559537395667,0.6303154514715975
Laura and Travis are so cute aaa,neither,0.06465393412218494,0.2619494047531739,0.6733966611246412
awww,neither,0.03945320844208391,0.33037608806864915,0.630170703489267
first time watching live with Vox Machina,neither,0.02588936078268556,0.38593252034108866,0.5881781188762257
I can't play Diablo demonhunter without picturing Laura Bailey,neither,0.03969538011798597,0.3262658027108802,0.634038817171134
Kewl,neither,0.03945320844208391,0.33037608806864915,0.630170703489267
"Vix, Vax, Vox, Vex, and Vux.",neither,0.03763944115734239,0.1918412352459551,0.7705193235967025
I was watching a Rick and Morty episode (I think episode 2 of this season) and I saw the name Laura Bailey! Did she do a voice in that episode?,neither,0.03823123637518976,0.33438753307559205,0.6273812305492181
Vex as Vax,neither,0.03452293158275801,0.4140557533686924,0.5514213150485496
Laura = Fi confirmed,neither,0.03945320844208391,0.33037608806864915,0.630170703489267
I love Travis's shirt,neither,0.03682702935562388,0.34257309780080947,0.6205998728435667
THE FEAR OF LAWYERS,neither,0.0386224443134247,0.3152077355842819,0.6461698201022934
laura testing her die :P,neither,0.1725239760973806,0.3267202243289418,0.5007557995736776
I'm going to kill the shit out of orc #4,offensive_language,0.3675765731505871,0.6322580111727928,0.00016541567662011814
"@italiantwin1981 yeah. at the very end of the episode where they were all civilized, she was the girl who reprimanded summer for not recycling",neither,0.02632581953965243,0.4587472493720638,0.5149269310882838
Improved as in Pay to win,neither,0.04440864242116676,0.3627819374820405,0.5928094200967928
sweet!,neither,0.03945320844208391,0.33037608806864915,0.630170703489267
Got that Collectors Edition on pre-order ;D,neither,0.033800199242371494,0.4031794607486561,0.5630203400089724
I love Sam,neither,0.035714521531851555,0.34792756620297893,0.6163579122651696
can't wait,neither,0.03991073413903658,0.3226106829444422,0.6374785829165213
"I made it to a live Critical Role, finally!",neither,0.046545884355351,0.3267749197817484,0.6266791958629007
gandsGandsVaxSigil gandsGandsVaxSigil gandsGandsVaxSigil,neither,0.03945320844208391,0.33037608806864915,0.630170703489267
WutFace Lootboxes in single player game,neither,0.03349007675015011,0.3848227592478146,0.5816871640020352
Oh shit really? PoChamp,offensive_language,0.046659643474918217,0.953268191785395,7.21647396867455e-05
non disclosure agreements no joke,neither,0.03858824324619932,0.3450568048220902,0.6163549519317104
Well... dang... another game to buy because... reasons.,neither,0.0838143553005367,0.23929172848716565,0.6768939162122977
"Lawyers have a natural ability of Terrifying Aura. If you fail your save, you can only move away from a lawyer.",neither,0.05851785093713062,0.37961562694978784,0.5618665221130815
oh cool i may get this game,neither,0.0440822074123479,0.23514452205198358,0.7207732705356686
i love that everyone is doing well professionally.,neither,0.035511244060627827,0.44060534616953845,0.5238834097698337
love that they keep saying my birthday,neither,0.019757754033690452,0.4563148691212737,0.5239273768450358
Dude I will find them all and make them all my homies I swear,neither,0.05565773564620909,0.36553809007394167,0.5788041742798492
Orc #4... Fourc?,neither,0.03945320844208391,0.33037608806864915,0.630170703489267
,neither,0.03945320844208391,0.33037608806864915,0.630170703489267
Hey everyone. See you in two minutes.,neither,0.04694014431296479,0.44812786835239565,0.5049319873346396
any of them voice for divinity: original sin 2?,neither,0.04344678588339979,0.3066160135249206,0.6499372005916796
This game has been on my list for so long,neither,0.025136716755077868,0.3779503546627555,0.5969129285821667
i will have general Travis,neither,0.040209506909066495,0.3175397293022387,0.6422507637886948
"@italiantwin1981 Yeah, she played the pregnant lady towards the end",neither,0.028091670102566735,0.4318691041530477,0.5400392257443856
"as tempted as I am to play it, I'm skipping this due to the microtransaction practices",neither,0.04302135343870889,0.3559835010142614,0.6009951455470297
I was already hyped for this game but now.... DAMN,offensive_language,0.03493692867943233,0.6262621955919163,0.3388008757286513
ooooooooooooohhhhh Awesome!!!!!,neither,0.03945320844208391,0.33037608806864915,0.630170703489267
"It drops 10/10, and it's 10/10 gandsSCANLAN",neither,0.03783486136612442,0.3127878697305911,0.6493772689032845
https://i.ytimg.com/vi/M17yXQYkhYg/maxresdefault.jpg,neither,0.03945320844208391,0.33037608806864915,0.630170703489267
bing bong,neither,0.03945320844208391,0.33037608806864915,0.630170703489267
"Preordered the game months ago, this makes me more hyped for it!",neither,0.03080355413441487,0.2969335858933824,0.6722628599722028
CHALLENGE ACCEPTED,neither,0.03945320844208391,0.33037608806864915,0.630170703489267
im probs gonna buy it even tho i agree they are doing shitty things,offensive_language,0.055237365999455806,0.6001469048765373,0.34461572912400684
Too bad WB forced lootboxes into the game,neither,0.03526210308836592,0.28706515279856853,0.6776727441130657
"I know it's her process but I have to say, God bless her but Laura's dice selection is annoying.",offensive_language,0.032865875963310136,0.5497064553770593,0.41742766865963055
challenge accepted,neither,0.03945320844208391,0.33037608806864915,0.630170703489267
i'm so doing that,neither,0.03351923559893173,0.46262208004871025,0.5038586843523579
He got a beard!,neither,0.04433137168478752,0.3825423669865183,0.5731262613286942
someone is totally going to do that,neither,0.04948740142891413,0.3849360931523706,0.5655765054187153
Not doing that.,neither,0.031936246843846584,0.4004627139977067,0.5676010391584467
Lol,neither,0.020706217963973744,0.4882283491876925,0.4910654328483337
The fact that this game is their sponsor tonight makes me a little queasy though. Profiting off the sudden death of a dev is pretty gross.,neither,0.038823610314831926,0.3252074399965271,0.635968949688641
CHALLENGE ACCEPTED!!!,neither,0.03945320844208391,0.33037608806864915,0.630170703489267
He looks like that guy who just got back from leave,neither,0.04457943735205871,0.4678316416336312,0.48758892101430995
YES CHALLENGE ACCEPTED,neither,0.03945320844208391,0.33037608806864915,0.630170703489267
Challenge accepted!,neither,0.03945320844208391,0.33037608806864915,0.630170703489267
challenge accepted,neither,0.03945320844208391,0.33037608806864915,0.630170703489267
Is there microtransactions in tonight's game then? Kappa,neither,0.04335270586125357,0.25309111338568435,0.7035561807530621
bing bong!,neither,0.03945320844208391,0.33037608806864915,0.630170703489267
Ranger is my last name :D,neither,0.03521506396549458,0.40433295286547094,0.5604519831690346
WutFace,neither,0.03945320844208391,0.33037608806864915,0.630170703489267
Challange accepted,neither,0.03945320844208391,0.33037608806864915,0.630170703489267
gandsNopeNopeNope gandsNopeNopeNope,neither,0.03945320844208391,0.33037608806864915,0.630170703489267
Bidet from AZ!,neither,0.04078317879478948,0.307803020237201,0.6514138009680096
I was going to do that anyway!,neither,0.04169538533754668,0.397447178414808,0.5608574362476452
Critical Role: Forces of Mordor,neither,0.03945320844208391,0.33037608806864915,0.630170703489267
I was playing Diablo the other day with some friends and there was a random voice that sounded like Matt... and it was him!,neither,0.03166973715186269,0.31433445627628137,0.6539958065718559
"I don't know that I was interested in the game, but now I'll probably have to grab it!!",neither,0.03612828173697221,0.3428867890194943,0.6209849292435335
too bad WB is profitting off the death of an employee who died to cancer,neither,0.04598493720550401,0.35377218589684833,0.6002428768976477
Challenge Accepted,neither,0.03945320844208391,0.33037608806864915,0.630170703489267
YES,neither,0.03945320844208391,0.33037608806864915,0.630170703489267
just incredible VO,neither,0.03385382169014356,0.35707996827140936,0.6090662100384471
what game??? what's the name of it?,neither,0.047294652914297804,0.2712856285125076,0.6814197185731946
as you slay them you should buy some slayer's cake,neither,0.0764926930429126,0.4533617802838316,0.47014552667325576
Challenge Accepted,neither,0.03945320844208391,0.33037608806864915,0.630170703489267
Did Matt just say shit-talk?,offensive_language,0.026336043580052773,0.9694449747571404,0.004218981662806847
Nemesis system only really works if you die or let them get away though. I didn't encounter the nemesis system really,neither,0.05934174911902328,0.3053432435349175,0.6353150073460591
I will do this thing,neither,0.04314339212837964,0.3000758918854977,0.6567807159861226
it WILL be done,neither,0.03903795057743109,0.32081082448745246,0.6401512249351166
yay,neither,0.03945320844208391,0.33037608806864915,0.630170703489267
aye aye captain,neither,0.03945320844208391,0.33037608806864915,0.630170703489267
Reddit gold to the first person who posts proof,neither,0.038326426477398166,0.36097412925076355,0.6006994442718384
We have heard you.... and we obey!,neither,0.05004408553499237,0.34182327440047605,0.6081326400645315
!,neither,0.03945320844208391,0.33037608806864915,0.630170703489267
gandsMatt,neither,0.03945320844208391,0.33037608806864915,0.630170703489267
Am I still subbed? LuL,neither,0.03864135203912209,0.3417301319374988,0.6196285160233791
REALLY hope WB doesn't ruin the game,neither,0.06740625661463286,0.1938697606411439,0.7387239827442234
!redcross,neither,0.03945320844208391,0.33037608806864915,0.630170703489267
Help support hurricane relief through the Red Cross here: http://rdcrss.org/2h32U5s,neither,0.08196356248160501,0.23558801447946978,0.6824484230389253
