text,top_class,hate_speech,offensive_language,neither
"The channel was gone live. If you cannot see the folks in the studio , please refresh.",neither,0.036974951648040155,0.35413151110078345,0.6088935372511763
nice sign today :),neither,0.03796274688251827,0.3074303429610692,0.6546069101564126
refresh,neither,0.03945320844208391,0.33037608806864915,0.630170703489267
"repeat channel has gone live, please refresh if you cannot see the nice folks on the couch texting",neither,0.03662224573579512,0.36148011007103525,0.6018976441931696
"man, I sure can relate to that sign",offensive_language,0.03714864021672565,0.4997466708667639,0.4631046889165105
Bidet from Norway,neither,0.04228451509352876,0.2823214250720796,0.6753940598343917
bidet from New Hampshire,neither,0.04402155579737495,0.2236345274837781,0.7323439167188469
Adorable pre-show sign,neither,0.05160340850440604,0.2694685798907665,0.6789280116048275
Resub gandsSubHype andsLessthanthree,neither,0.03945320844208391,0.33037608806864915,0.630170703489267
bidet from philly,neither,0.040769555981420263,0.3080342349327864,0.6511962090857933
Sub gandsSubHype gandsLessthanthree,neither,0.03945320844208391,0.33037608806864915,0.630170703489267
Talks Machina is on every Tuesday 7pm - 8pm Pacific http://www.wheniscriticalrole.com/talksmachina,neither,0.04000392966313582,0.27734818689170626,0.6826478834451579
Resub gandsSubHype gandsLessthanthree,neither,0.03945320844208391,0.33037608806864915,0.630170703489267
"@danoba stop working, your on the magical couch, relax for a sec",neither,0.048539528003506756,0.34747889438795,0.6039815776085433
Is the whole crew coming tonight?,neither,0.04317015604703181,0.2978312484795734,0.6589985954733949
oh man this past episode of game engine is fantastic. I love BWF. He's the best!,neither,0.046656578966872725,0.30526479506162846,0.6480786259714987
🌊,neither,0.03945320844208391,0.33037608806864915,0.630170703489267
"On tonight’s show are Liam, Matt and Host Brian, discussing episode 111",neither,0.05547612201114126,0.24867637298105127,0.6958475050078075
Sub gandsSubHype gandsLessthanthree,neither,0.03945320844208391,0.33037608806864915,0.630170703489267
what time does this actually start,neither,0.02963087665414026,0.45947611784974013,0.5108930054961197
7pm,neither,0.03945320844208391,0.33037608806864915,0.630170703489267
Cool. Thanks Dragon,neither,0.03737901414085002,0.3130070520334206,0.6496139338257293
!clock,neither,0.03945320844208391,0.33037608806864915,0.630170703489267
It is currently 6:39 PM at the Geek & Sundry studio in California.,neither,0.051991185132496114,0.32955794337183575,0.6184508714956681
7pm PDT,neither,0.03945320844208391,0.33037608806864915,0.630170703489267
Bidet all,offensive_language,0.046917543854519406,0.6277741405869331,0.3253083155585475
oh hi Matt,neither,0.04445058242241131,0.28267721804984886,0.6728721995277398
a wild Dm appears,neither,0.03945320844208391,0.33037608806864915,0.630170703489267
"I'm starting to get more and more nervous for Thursdays. They are really close to Vecna now, and one way or the other, the end of Vox Machina's story.",neither,0.052823631087755014,0.25983586060886044,0.6873405083033846
Have Mercer,neither,0.03788192279475323,0.35704490623261964,0.6050731709726273
Bidet,neither,0.03945320844208391,0.33037608806864915,0.630170703489267
run Matt save your self!,neither,0.06420931788571078,0.3235088729008747,0.6122818092134145
Vecna is current deciding what bad guy outfit to wear,neither,0.052209955113999416,0.32877261061751023,0.6190174342684903
stargazer1977 I do look forward to a new low level campaign,neither,0.049214374894169764,0.26613132913389,0.6846542959719403
lies time moves slower or faster in the fey wild of GeekNSundry studios,neither,0.03827712169911028,0.33214810073539947,0.6295747775654903
lay your ass back down mercer,offensive_language,0.1903586389270452,0.8071019572734786,0.002539403799476255
the stream arrives precisely when it means to,neither,0.03488735045530066,0.3512973070270108,0.6138153425176887
just matt and liam this week?,neither,0.035455834043057764,0.31706596050557195,0.6474782054513701
HI Dani HI Danoba <3 <3,neither,0.03945320844208391,0.33037608806864915,0.630170703489267
It'll be sad to see the PCs go and at the same time very interested to see the new PCs,neither,0.046290699022111054,0.2644790240773717,0.6892302769005172
"On tonight’s show are Liam, Matt and Host Brian, discussing episode 111",neither,0.05547612201114126,0.24867637298105127,0.6958475050078075
@Highfarm73 agree same here. ive been what seems a whole year for this to happen,neither,0.06773635442190308,0.2958014469349012,0.6364621986431958
lets see of Brian keeps is fancy suit outfit from Game Engine,neither,0.043107699264307846,0.3058709092263413,0.6510213915093509
"Yeah, I'll definitely be very on board for an all new story. But being very invested in these characters leads to that sorrow at the end of any journey.",neither,0.03148688293248004,0.41247614457619136,0.5560369724913284
"Bye, have fun storming the Titan! Think they'll make it? It would take a miracle. Bye!",neither,0.03717578600350424,0.31957359517244,0.6432506188240559
Resub gandsSubHype gandsLessthanthree,neither,0.03945320844208391,0.33037608806864915,0.630170703489267
Nice Princess Bride reference.,neither,0.03945320844208391,0.33037608806864915,0.630170703489267
@stargazer1977 yea but there adventures live on through the comic & campaign guide,neither,0.03755359530074146,0.3089872868541974,0.653459117845061
Morning all from Kent in England,neither,0.05166660120335979,0.24419955315552525,0.7041338456411149
Totally agree Stargazer,neither,0.03945320844208391,0.33037608806864915,0.630170703489267
talks in 20 right?,neither,0.03849778778281445,0.34901750470196613,0.6124847075152194
"The song is ""Electric Hell"" from the Syrinscape playlist",offensive_language,0.045190462429372046,0.5721370076931069,0.3826725298775211
"Me and my friends are starting a new Starfinder campaign, that looks like it coould be fun and different",neither,0.04416934269994577,0.31208021475944614,0.643750442540608
Talks in 18 mins ...ish,neither,0.03945320844208391,0.33037608806864915,0.630170703489267
Bidet from Oklahoma!,neither,0.04066490145509902,0.30981049537100724,0.6495246031738937
hi @danoba,neither,0.03945320844208391,0.33037608806864915,0.630170703489267
Resub gandsSubHype gandsLessthanthree,neither,0.03945320844208391,0.33037608806864915,0.630170703489267
they are normally a lil late,neither,0.061717422721308174,0.29079423291894,0.6474883443597518
"bedet from MN, where my north critters at?",neither,0.03193127729854708,0.37938068561240235,0.5886880370890506
"Hey guys, how goes it?",neither,0.037937138828572164,0.33280149182250834,0.6292613693489195
Beep beep,neither,0.03945320844208391,0.33037608806864915,0.630170703489267
Bidet from Ottawa!,neither,0.04228451509352876,0.2823214250720796,0.6753940598343917
GivePLZ gandsGandsPoo TakeNRG TehePelo,neither,0.03945320844208391,0.33037608806864915,0.630170703489267
Iron range native living in Seattle,neither,0.03945320844208391,0.33037608806864915,0.630170703489267
"They are usually a bit late, but they also usually don't go up with the prestream this early. So they might actually be on time today, depending on if Liam gets there in time.\",neither,0.0315015219773184,0.3703048909024589,0.5981935871202227
Resub gandsSubHype gandsLessthanthree x2,neither,0.03945320844208391,0.33037608806864915,0.630170703489267
How is Matt feeling? Last thursday was painfull to watch,neither,0.05450249570603681,0.3254382310763539,0.6200592732176093
Bidet from Denver!,neither,0.04069404815304118,0.30931579984010865,0.6499901520068502
bidet from Seattle!,neither,0.040754399270683486,0.3082914838698526,0.650954116859464
TM on time? that must be a joke :D,neither,0.03465763607986953,0.3776900887634709,0.5876522751566596
@leviws831 a fellow ranger huh? what city was your origin?,neither,0.061177039496945286,0.3240209549644867,0.614802005538568
bidet from Florida!,neither,0.0408948396164547,0.30590784468201904,0.6531973157015263
"@Mgete I know, I just wanted to offer him a heatpack all episode",neither,0.041862383828580846,0.3976540873050677,0.5604835288663514
Sub gandsSubHype gandsLessthanthree,neither,0.03945320844208391,0.33037608806864915,0.630170703489267
"Subtember link to all the info, if you want to know more https://blog.twitch.tv/subtember-is-here-this-month-get-half-off-the-first-month-of-a-new-sub-b4c2e9a6df68",neither,0.0597698559463111,0.32762343720328424,0.6126067068504046
All the way from the UK my first time live after watching CR religiously for nearly 16 months!,neither,0.029924469938900793,0.37183183468734293,0.5982436953737563
Bidet from Philly!,neither,0.040769555981420263,0.3080342349327864,0.6511962090857933
@wahlebear I would have waited another week if it ment he was more comfortable,neither,0.05268458617402108,0.31675454558582655,0.6305608682401523
Chisholm,neither,0.03945320844208391,0.33037608806864915,0.630170703489267
Critical Role - Vox Machina : Origins comic info link . http://geekandsundry.com/critical-role-from-dark-horse-comics/,neither,0.038416276916154846,0.28081117498341185,0.6807725481004333
PowerUpL gandsRage PowerUpR,neither,0.03945320844208391,0.33037608806864915,0.630170703489267
yeah they all have other things going on and anyone that has lived in L.A. traffic is a mother F'er,neither,0.030535717053195122,0.4367708259337609,0.532693457013044
Bidet from TD,neither,0.040737273169946825,0.30858215849491494,0.6506805683351382
Bidet from PA!,neither,0.04069404815304118,0.30931579984010865,0.6499901520068502
"Anyone in chat today, living in Oklahoma?",neither,0.03846868314299771,0.31538962610558297,0.6461416907514194
Resub gandsSubHype gandsLessthanthree,neither,0.03945320844208391,0.33037608806864915,0.630170703489267
alabama,neither,0.03945320844208391,0.33037608806864915,0.630170703489267
Don't forget to visit Star Trek Online and support Shield of Tomorrow! www.StarTrekOnline.com/ShieldofTomorrow,neither,0.05687602105656693,0.30425729811326435,0.6388666808301687
Yes Brian we are on the internet,neither,0.05594383651114609,0.293197083662336,0.6508590798265179
"Hi Brian, he be blockin'",neither,0.045285605756753236,0.3322305680052255,0.6224838262380212
"Yeah, how is Matt? Feeling any better? I hope so. That was a lot of goats to sacrifice for ep. 111!",neither,0.046269800105105965,0.35437832615593085,0.5993518737389631
Mississippi,neither,0.03945320844208391,0.33037608806864915,0.630170703489267
I'm getting the comics from iBooks and then going to get the physical copy of the trade.,neither,0.03852663364165814,0.33040655731909774,0.6310668090392442
@Insanegamer5577 Or let him Skype in from a plush fireside armchair,neither,0.027139409475762762,0.3442940475009418,0.6285665430232955
Spring 2018.,neither,0.03945320844208391,0.33037608806864915,0.630170703489267
behold the mercer locks,neither,0.03613032604487659,0.2619290779399786,0.7019405960151449
hi Matt again,neither,0.03775286346377378,0.35923537989735477,0.6030117566388714
Resub gandsSubHype gandsLessthanthree,neither,0.03945320844208391,0.33037608806864915,0.630170703489267
We have a subscriber-only Discord server! Join here: https://discord.gg/geekandsundry (you'll need to sub and link it to your Twitch) and be a part of the fun!...Warning: It can take up to an hour for the server to update and give you access to the channels,neither,0.08464076273808444,0.286394834032893,0.6289644032290227
ew matt still limping,neither,0.038642968898783034,0.3441279676751724,0.6172290634260446
oh man he's limping B(,neither,0.05795790814809553,0.34703506984786836,0.5950070220040361
awwww poor matt is limping :'(,neither,0.045971754905346884,0.32813406102805737,0.6258941840665958
Critters going to salt lake comiccon we are doing a meet up Saturday at 2 outside the grand ballroom,neither,0.05112660686163492,0.3493899905313532,0.5994834026070119
oh no :( He is still hurting <3<3<3,neither,0.057108778444981204,0.30647524619744493,0.6364159753575738
that damn sciatica,offensive_language,0.038916747049980986,0.9492042669516203,0.011878985998398756
Shit. Matt looks really hurt.,offensive_language,0.04671701666588398,0.9480761183953607,0.005206864938755397
Bless Matt still limping :(,neither,0.038636628869197526,0.34423557452339726,0.6171277966074052
this hurts my heart ;n;,neither,0.02820262938410858,0.418855057825377,0.5529423127905143
Matt has a cool beard now.,neither,0.03977038856259916,0.3249927136493529,0.635236897788048
It can take a while to recover.,neither,0.04643425469901811,0.32022310790023406,0.6333426374007479
sciatica SUX :(,neither,0.03945320844208391,0.33037608806864915,0.630170703489267
He better get a comfy spot,neither,0.043401098614010016,0.3360412454981263,0.6205576558878636
Sciatica is awful! I know that limp well :(,neither,0.042448396709183545,0.360856450256552,0.5966951530342643
"Help G&S make great content! $4.99/month gets you emotes, Minecraft server access, Sub Only Q&As, VODs, and more! Every sub keeps the channel alive! twitch.tv/geekandsundry/subscribe",neither,0.043092924924402844,0.32365565443818894,0.6332514206374082
"Someone get Tony Stank on the line, Mercer needs an exo-walker",neither,0.03704790057370285,0.33066902184237434,0.6322830775839229
I used to get sciatica and it suuuuuuuuuuuuuuuucks.,neither,0.044668676508229574,0.28607834576549057,0.6692529777262799
Mercer man crush intensifies ..that beard.,neither,0.03667396580911403,0.4056946986605849,0.557631335530301
@GeekandSundry Send Matt ALL OF THE pillows,neither,0.040118097089858445,0.38205972415188105,0.5778221787582606
