text,top_class,hate_speech,offensive_language,neither
"hate the schedule, hrmph",neither,0.31152089723510207,0.17491861295865796,0.51356048980624
"Well, on Ubuntu or any Linux system, you are pretty much supposed to do anything you want, hence the appeal. ;)",neither,0.0723047542560957,0.3462280145482974,0.581467231195607
Wednesday Club is same time too right?,neither,0.044449629893262614,0.36731600982369,0.5882343602830474
@halfaringcircus I know right? Glad that I can be here and next week for the last of them.,neither,0.0687374301551338,0.29355779621352507,0.6377047736313411
\o/,neither,0.03945320844208391,0.33037608806864915,0.630170703489267
yay!,neither,0.03945320844208391,0.33037608806864915,0.630170703489267
@halfaringcircus Is TWC moving times?,neither,0.04871299285636788,0.32719122359558334,0.6240957835480488
!twc,neither,0.03945320844208391,0.33037608806864915,0.630170703489267
gandsLessthanthree gandsLessthanthree gandsLessthanthree,neither,0.03945320844208391,0.33037608806864915,0.630170703489267
Here are some handy The Wednesday Club resources! TWC Reddit: reddit.com/r/WednesdayClub/ | Discord: https://discord.gg/6QK9fVB | Wednesday Club Fanclub on Facebook: facebook.com/groups/1945232949091586/,neither,0.041287213005686295,0.3375124748912654,0.6212003121030484
Is Wednesday Club chaning time? Do we know?,neither,0.046237216368360645,0.3456559982937375,0.608106785337902
@misssunflower94 yup!,neither,0.03945320844208391,0.33037608806864915,0.630170703489267
@misssunflower94 Yes. :),neither,0.03945320844208391,0.33037608806864915,0.630170703489267
Woooo!!!,neither,0.03945320844208391,0.33037608806864915,0.630170703489267
Hey Chat!,neither,0.03945320844208391,0.33037608806864915,0.630170703489267
Hello guys!,neither,0.0393123287649956,0.33276718385549703,0.6279204873795073
helloo!,neither,0.03945320844208391,0.33037608806864915,0.630170703489267
woo wednesday club,neither,0.03945320844208391,0.33037608806864915,0.630170703489267
http://geekandsundry.com/check-out-our-new-fall-twitch-schedule/ <<< New Fall Schedule begins in October,neither,0.03887918897350446,0.23011132184156358,0.731009489184932
Yeah my Wednesday night thing is spreading out.,neither,0.02053871512178619,0.4636994449900375,0.5157618398881764
no,neither,0.036918905254960256,0.37338982715841207,0.5896912675866277
"@japenrose Wed Club stays, but Shield and Crafts are going to Monday iirc.",neither,0.058945269921628574,0.2916122040188474,0.6494425260595239
that's a good thousand-yard stare,neither,0.036162991493000944,0.3613060914508779,0.6025309170561212
I could stare at these nerds forever,neither,0.04527219722426952,0.4016941022534795,0.553033700522251
"Ah, gotcha",neither,0.03945320844208391,0.33037608806864915,0.630170703489267
@japenrose Nope. The Wednesday Club is staying on the same time it is now :),neither,0.04496504151821461,0.33200356046270674,0.6230313980190787
i thot that was an image,neither,0.036147532081996954,0.3651419197580903,0.5987105481599126
I thought the screen froze,neither,0.041436241022874555,0.23093554203928748,0.7276282169378379
sassy,neither,0.03945320844208391,0.33037608806864915,0.630170703489267
I think Critical Role should be done this way so that Matt's back will be more comfortable.,neither,0.04570610547201153,0.3856256430753893,0.5686682514525991
hi everyone,neither,0.032490659208996964,0.4485487193596734,0.5189606214313296
He likes to Nightcourt?,neither,0.07239944731658884,0.3913584942668536,0.5362420584165576
"Awesome, thanks all!",neither,0.03850936125594896,0.38344269028779526,0.5780479484562557
trying to look pissed in a picture is the best way to end up laughin,neither,0.051211380199637384,0.33924887382439384,0.6095397459759688
Golden Age Wednesday Club,neither,0.03945320844208391,0.33037608806864915,0.630170703489267
Loopy hosts are fun,neither,0.088328174310882,0.25595287300579694,0.655718952683321
"Hi Amy, Matt, Taliesin :)",neither,0.03945320844208391,0.33037608806864915,0.630170703489267
"Talks Machina, The Wednesday Club, and CR all all staying at the same times. Actors have to work around their schedules well ahead of time.",neither,0.04143107123707132,0.3754009302086574,0.5831679985542713
<3 #EnthusiArmy,neither,0.03945320844208391,0.33037608806864915,0.630170703489267
"Evening, all!!!",neither,0.041793358651534496,0.4229818652092969,0.5352247761391685
Loopy...as usual? :P,neither,0.037277106537437626,0.3673102165639169,0.5954126768986455
I love the She-Ra shirt,neither,0.03718942106253565,0.3986773322664629,0.5641332466710015
I love Talesin's jacket,neither,0.03587115980076533,0.3471666862074725,0.6169621539917622
@ShandraVdeG evening,neither,0.03945320844208391,0.33037608806864915,0.630170703489267
They got cushy chair and couch. The table seems so much less vital.,neither,0.035805978853334745,0.3472456095642963,0.6169484115823689
https://digital.darkhorse.com/books/6b32956929574a67892bba8bf7480a2b/critical-role-1,neither,0.03945320844208391,0.33037608806864915,0.630170703489267
I'm not loopy...just tired! ;),neither,0.03177228869874888,0.3663292173000471,0.601898494001204
As opposed to when you guys aren't loopy?,neither,0.046128888555510866,0.4337592151402847,0.5201118963042043
It's sew gewd,neither,0.037828236809968684,0.3309349903269868,0.6312367728630445
"@super390 Problem would be moving the minis around a board, and I think that would be MORE uncomfortable.",neither,0.03764075801288801,0.31171983541679005,0.6506394065703219
Yay!!!!! BloodTrail,neither,0.03945320844208391,0.33037608806864915,0.630170703489267
https://clips.twitch.tv/DullHeartlessOkapiImGlitch,neither,0.03945320844208391,0.33037608806864915,0.630170703489267
ramaHype ramaHype ramaHype ramaHype,neither,0.03945320844208391,0.33037608806864915,0.630170703489267
and its amazing,neither,0.0314873017896029,0.28499466622564473,0.6835180319847524
how much for a voiced version of the CR comic?,neither,0.0327718036665244,0.30216899361440874,0.6650592027190669
oh man ...i know i'm gonna end up wanting to buy EVERYTHING they'll mention,neither,0.044534885665095364,0.39788805591549675,0.557577058419408
"If you haven't gotten the CR comic book, I highly recommend it, it's absolutely amazing!",neither,0.03476445511287644,0.3705188887412514,0.5947166561458721
It has been unleashed!,neither,0.03745381179184786,0.32905383490591816,0.6334923533022341
aw he's so happy,neither,0.04529398417963136,0.3768288998224508,0.5778771159979177
i love fantasy shit,offensive_language,0.04073150072430397,0.9587631637419393,0.0005053355337567577
Its dang good!!!!,neither,0.028901295535216566,0.334005374781645,0.6370933296831385
its also available on Kindle,neither,0.03138103190017028,0.34518508229519956,0.6234338858046301
It is great!,neither,0.04675920588380996,0.29067208507503317,0.662568709041157
Digital version,neither,0.03945320844208391,0.33037608806864915,0.630170703489267
macheena,neither,0.03945320844208391,0.33037608806864915,0.630170703489267
Vox Mah Keen Ah,neither,0.03945320844208391,0.33037608806864915,0.630170703489267
I'm waiting for the trade cos I want it in paper from my store... I'm trying to justify both,neither,0.04396122719826884,0.3324561261107727,0.6235826466909584
... i'm just already broke so i don't have any money to buy the new comic that just came out,neither,0.03351799845767319,0.3669350207470092,0.5995469807953177
Vox macarena,neither,0.03945320844208391,0.33037608806864915,0.630170703489267
"great thing, you can't run out",neither,0.04779042723597245,0.35722033967212924,0.5949892330918982
I want a paper copy,neither,0.03968354496412987,0.32646667615910835,0.6338497788767617
I struggle to find it too. Needed to use a direct link.,neither,0.027188050190202876,0.3332073719264176,0.6396045778833795
A real paper copy,neither,0.0328266520548774,0.44674525685492333,0.5204280910901993
"Topic: Weave the origin story of new hero team--cushy chair, love seat and table.",neither,0.03898285380807496,0.27050277025976044,0.6905143759321647
!twc,neither,0.03945320844208391,0.33037608806864915,0.630170703489267
Here are some handy The Wednesday Club resources! TWC Reddit: reddit.com/r/WednesdayClub/ | Discord: https://discord.gg/6QK9fVB | Wednesday Club Fanclub on Facebook: facebook.com/groups/1945232949091586/,neither,0.041287213005686295,0.3375124748912654,0.6212003121030484
spring 18,neither,0.03945320844208391,0.33037608806864915,0.630170703489267
I had to go through all the recent realeases for today to find it,neither,0.04640276358065615,0.2610153320235772,0.6925819043957666
gands2YearHype gands2YearHype gands2YearHype gands2YearHype gands2YearHype,neither,0.03945320844208391,0.33037608806864915,0.630170703489267
Matt's pronunciation of Vox Mox just makes me SO happy!,neither,0.02987096872590093,0.4183396072318484,0.5517894240422506
aw he's so happy and I love him,neither,0.04048686613902676,0.3445728866923176,0.6149402471686557
Matt Keyes - speaks Latin and you can tell :),neither,0.04987255831716053,0.32735654517537327,0.6227708965074662
search on Comixol still doesn't find it - I went to all in alphabetical order - scrolled to Critical role,neither,0.04765468852594565,0.3281055943573114,0.6242397171167429
:D,neither,0.03945320844208391,0.33037608806864915,0.630170703489267
#InternetSensationAmyDallen!,neither,0.03945320844208391,0.33037608806864915,0.630170703489267
It is really good. Amazing that CR has come this far.,neither,0.03961942223956208,0.36956460132085217,0.5908159764395858
cant wait for more!!,neither,0.03479852094005807,0.2878416120398932,0.6773598670200487
it's fannnntaaastic,neither,0.034373745257138544,0.33212314837979673,0.6335031063630647
https://digital.darkhorse.com/books/6b32956929574a67892bba8bf7480a2b/critical-role-1,neither,0.03945320844208391,0.33037608806864915,0.630170703489267
"If you needed to know, you'd know, Matt.",neither,0.05219308985245665,0.44982623731268156,0.49798067283486164
i'm definitely gonna buy the paperback but i'm also tempted to just buy the digital issues too,neither,0.03716308229677414,0.3519673011631165,0.6108696165401094
i am here to learn more about comic's. I love the characters and the creative story's and how you can say some much with so little but stupidly I always want them to be longer.,neither,0.0579334197741756,0.3574040297852463,0.584662550440578
Don't think I don't see that great Conan art on the board behind you all! It's really good :),neither,0.04167831025423128,0.39020093723316435,0.5681207525126044
"The artwork is amazing, but... why isn't it Percy?",neither,0.03223865261475305,0.33536257146808174,0.6323987759171652
LOVE the colors,neither,0.035061522170994064,0.3268220444054327,0.6381164334235732
Vox Makina!!!,neither,0.03945320844208391,0.33037608806864915,0.630170703489267
I hope there will be a version with voiceover,neither,0.058590345758381006,0.2054834831172641,0.7359261711243549
It's perfect!!!,neither,0.03724568914859857,0.331135355180806,0.6316189556705953
Just read it was a fun one.,neither,0.03294995670833652,0.38423131649218684,0.5828187267994768
first digital comic i have ever bought,neither,0.033476329571885996,0.33945724177254905,0.6270664286555648
@tortugadelmar Heeeeeey Vox Macarena,neither,0.03945320844208391,0.33037608806864915,0.630170703489267
when is physical copy?,neither,0.036774091470496165,0.37116029580101106,0.5920656127284927
Its amazing! I love it so much!,neither,0.02744600350843169,0.3891506857242754,0.5834033107672929
vix machinima,neither,0.03945320844208391,0.33037608806864915,0.630170703489267
on the black-board this is,neither,0.06584651379766955,0.3079105932485034,0.6262428929538272
<3 #EnthusiArmy,neither,0.03945320844208391,0.33037608806864915,0.630170703489267
Vix Moochina,neither,0.03945320844208391,0.33037608806864915,0.630170703489267
Voks Makina!!!,neither,0.03945320844208391,0.33037608806864915,0.630170703489267
I love comic!!! SWAMP SHARKS,neither,0.036234544398670354,0.3454103886020359,0.6183550669992937
"Mach as in speed, in as in...in...and ah as in ""open your mouth and say."" ;)",neither,0.04781989922449798,0.3362957912780687,0.6158843094974333
<3 Amy,neither,0.03945320844208391,0.33037608806864915,0.630170703489267
GREATNESS!!!,neither,0.03945320844208391,0.33037608806864915,0.630170703489267
"Off-topic; Update: New comic book store opened nearby. Thanks for the recommendation, I've just purchased BatGirl -Stephanie Brown #1-#12 started reading today.",neither,0.033099474428330444,0.26640422354806187,0.7004963020236077
Hi Tangy!,neither,0.03945320844208391,0.33037608806864915,0.630170703489267
Physical copy is a collected edition in Spring 2018,neither,0.044640134636007855,0.32859206630093285,0.6267677990630593
Keyleth is amazing in the comic XD,neither,0.04910992149834541,0.3062921228378802,0.6445979556637744
That Red Sonja on the chalkboard got Ripped!,neither,0.031531589591636384,0.40473843705699103,0.5637299733513725
I don't think I like them sitting away from the table when it's just the 3 of them,neither,0.05297118124577067,0.32193334063425805,0.6250954781199712
Such a good gift!,neither,0.03901793292158955,0.3260964990943121,0.6348855679840985
im waiting for the hard copy but im not sure im going to hold out,offensive_language,0.027492857574246563,0.5246183569322892,0.44788878549346434
Volks Wagonia,neither,0.03945320844208391,0.33037608806864915,0.630170703489267
"@LatinH3at a collected edition is due next year, possibly spring",neither,0.043705452479468006,0.3363243748656768,0.6199701726548552
@LatinH3at It's unknown right now sadly,neither,0.03710173909697032,0.34948885275917135,0.6134094081438584
I will always <3 Kiki.,neither,0.038882835346708354,0.3841494048422412,0.5769677598110504
"also, after binging on this all week to catch up, so nice to watch live again - even if it is 3am.",neither,0.03989320617559244,0.45699843632594433,0.5031083574984632
so much love to Matt Colville & Olivia Samson for this comic,neither,0.03430133899790233,0.3481702084209441,0.6175284525811535
!questions,neither,0.03945320844208391,0.33037608806864915,0.630170703489267
"How did it take me until this moment to notice Vax, Vex, Vox.",neither,0.03738969164508848,0.3567484348548163,0.6058618735000952
"To make it easier to read questions in chat, please preface your questions with the word question in all caps. For example, QUESTION: How are you today?",neither,0.06209713493468228,0.3342013724685751,0.6037014925967426
gandsHecBird gandsHecBird gandsHecBird,neither,0.03945320844208391,0.33037608806864915,0.630170703489267
Hector cameo!,neither,0.03945320844208391,0.33037608806864915,0.630170703489267
SHOW US THE SHIRT (I can't really see it....),neither,0.09270975342662151,0.24039806160160931,0.6668921849717692
Hector!,neither,0.03945320844208391,0.33037608806864915,0.630170703489267
did they talk about the new CR comic?,neither,0.02603065959341087,0.2700855150980019,0.7038838253085873
gandsHecBird gandsHecBird gandsHecBird gandsHecBird gandsHecBird gandsHecBird gandsHecBird,neither,0.03945320844208391,0.33037608806864915,0.630170703489267
How frequently will Crit role comics be released?,neither,0.04061899681177187,0.3177745038616277,0.6416064993266004
I just melted when Amy noticed me >(,neither,0.02580923247628103,0.4044867632725589,0.5697040042511601
QUESTION: Amy have you shown your co-hosts the shirts I sent? or are you hoarding them?,neither,0.12177466366249212,0.33515960696722646,0.5430657293702814
all the wonderful twinsies moments,neither,0.0400396839118731,0.3763637296953077,0.5835965863928192
STATEMENT: Original Amy is amazing <3,neither,0.04504912020646539,0.3284513974089727,0.6264994823845619
gandsLessthanthree,neither,0.03945320844208391,0.33037608806864915,0.630170703489267
Wax Moochina!,neither,0.03945320844208391,0.33037608806864915,0.630170703489267
@math_zachis21 They did mention it already,neither,0.037094295824931615,0.34815314780570933,0.614752556369359
Hector! TwitchUnity,neither,0.03945320844208391,0.33037608806864915,0.630170703489267
@rasnac_khan #accurate,neither,0.03945320844208391,0.33037608806864915,0.630170703489267
Hardcover makes an encyclopedia twice as accurate.,neither,0.038069115707271554,0.3535873793518172,0.6083435049409114
I think Hector should only appear with food in hand and mouth,neither,0.038485830584684015,0.3440512373571555,0.6174629320581606
Hector!!!,neither,0.03945320844208391,0.33037608806864915,0.630170703489267
I hit up the library today and got sooooo many comics,neither,0.035320155044093915,0.33933118095125064,0.6253486640046554
How many marbles can he fit in mouth?,neither,0.04438432400750711,0.32476157898624225,0.6308540970062506
@tortugadelmar Yeah...that happens. Reconstitution will occur in 3-5 business days :-P,neither,0.03720115719187983,0.4261649589774763,0.5366338838306438
hector,neither,0.03945320844208391,0.33037608806864915,0.630170703489267
first comic for VM and its Team Half-Elves,neither,0.02643440084369974,0.28400297829745064,0.6895626208588497
lol,neither,0.020706217963973744,0.4882283491876925,0.4910654328483337
:D,neither,0.03945320844208391,0.33037608806864915,0.630170703489267
I mught have bought a multi-region DVD player so I could get the JL animated series' in season box-set form years ago.,neither,0.0363807424642673,0.38643821033515013,0.5771810472005825
Ask Liam for thief tips.,neither,0.03542717852190348,0.31025618650586495,0.6543166349722315
@meaningofnightt What did you get?,neither,0.07998225521942175,0.41223503337425865,0.5077827114063195
Comic was great!,neither,0.03651284666800121,0.295851487150842,0.6676356661811568
does Hector do behind the scenes work? he must be jumping up and down everytime he wants to say something,neither,0.03881574817641472,0.3815962099033909,0.5795880419201944
I've just read first issue and it is sooo good!,neither,0.020638630892610504,0.30586336512511353,0.6734980039822761
gandsHecBird gandsHecBird gandsHecBird gandsHecBird,neither,0.03945320844208391,0.33037608806864915,0.630170703489267
Lots of love for the comic. SO good. <3,neither,0.03020881776043093,0.33948548067487183,0.6303057015646972
"Matt, it's pronounced MOO kin uh",neither,0.038350297053330824,0.3307554298699076,0.6308942730767616
"Is uh, tiberius getting retconned out?",neither,0.03823708716805837,0.42019933427848,0.5415635785534617
This is exactly what I was just about to ask.,neither,0.052161459029967855,0.365120950173967,0.5827175907960652
"@meaningofnightt that is me, every week ;)",neither,0.034794387790129055,0.4185509777302646,0.5466546344796063
Taliesin is lying. He was a dragonborn paladin for the first game,neither,0.03761254336683403,0.2603910218706613,0.7019964347625046
Thanks Chief!,neither,0.0370810009996598,0.3105115283569621,0.6524074706433781
lorrreeeeee,neither,0.03945320844208391,0.33037608806864915,0.630170703489267
vox matt-key-nuh,neither,0.03945320844208391,0.33037608806864915,0.630170703489267
@ArgentumFlare Nope!,neither,0.03945320844208391,0.33037608806864915,0.630170703489267
@meaningofnightt post your haul in the discord?,neither,0.08644317669820811,0.2937261557032792,0.6198306675985126
the first npc sounded like matt in my head,neither,0.030755319202681656,0.41458152021643524,0.554663160580883
I had high high expectations and the comic even exceeded that.,neither,0.0314669311999642,0.43040765452593394,0.5381254142741019
"Talesin, off topic but if Percy encountered Starfleet How would percy react to a standard phaser rifle?",neither,0.032535676003970136,0.35301440660978634,0.6144499173862435
@GeekandSundry But will Tal's 1st character appear in the comic?,neither,0.037611464912897664,0.31053853566687495,0.6518499994202274
Tiberius is in the comic @ArgentumFlare,neither,0.059454156212600334,0.28692828069719517,0.6536175630902045
"Well, now I have to go look that up lol",neither,0.03394965443219066,0.47612559426034623,0.4899247513074631
Matt's current beard looks excellent,neither,0.03945320844208391,0.33037608806864915,0.630170703489267
The shade Taliesin!,neither,0.03828979202080666,0.3089256540924729,0.6527845538867204
The scruff is adorable.,neither,0.049246825553826,0.30599994472827247,0.6447532297179016
@japenrose Oh okay rad,neither,0.04429108500184877,0.2841476820585755,0.6715612329395756
Naration card tease?,neither,0.03945320844208391,0.33037608806864915,0.630170703489267
"Yup, I read the ENTIRE comic in everyone's voices......",neither,0.034837879474507186,0.389342825193999,0.5758192953314939
"matt made a full chain mail outfit, he is witcher every year",neither,0.0594895267820824,0.3234846794140738,0.6170257938038438
talesin will we see your Dragonborn Paladin in the comic?,neither,0.08375772958113696,0.2708172835073021,0.6454249869115608
Matt said he won't cut his beard until the wedding.,neither,0.057799799562419214,0.3203283050155691,0.6218718954220117
@Ricky_Galletti it's on my twitter with the same handle if you'd like to see!,offensive_language,0.026483171818670572,0.6124065756597488,0.3611102525215808
Shandra Same,neither,0.04148851938089603,0.3488915597363099,0.609619920882794
Matt's beard is dead sexy right now,neither,0.044405313661027186,0.3414665385360559,0.6141281478029168
Is Tibs really in there?,neither,0.05204978384033587,0.26594301333287435,0.6820072028267897
"Be careful when watching Talks Machina from yesterday, the ending that Matt Mercer says may make you pregnant just from watching it. Even if you are genetically male.",neither,0.04346675043862506,0.3896446237586527,0.5668886258027223
Thank you for you all DOING this comic!,offensive_language,0.07327295283159692,0.4968939494830237,0.42983309768537936
Maw-Kin-Ah,neither,0.03945320844208391,0.33037608806864915,0.630170703489267
I want to read all of it in print right now and I'm dying,neither,0.042940632137728196,0.35576577688147104,0.6012935909808008
There is totally a cow level Kappa,neither,0.044626493369542615,0.3008399044939183,0.6545336021365391
"Matt said on Talks Machina that the characters had already met before the original one-shot, right? So they could avoid the whole ""you meet in a tavern"" thing?",neither,0.0384623632606808,0.41653664344409075,0.5450009932952286
"Matt doesn't realize Vox Moochina is a real thing (""Cows & Consequences"" & GenCon cosplay)",neither,0.03865281442139954,0.4119125748101746,0.5494346107684257
Your DnD game got a COMIC BOOK,neither,0.06185834383244086,0.3247562531798871,0.6133854029876721
Some one needs to tell Matt the cow episode...,neither,0.03681816186397831,0.34641303334921136,0.6167688047868103
Taliesin's joy is palpable,neither,0.05075285117343298,0.3264896227814124,0.6227575260451547
"I can't tell, is Taliesin excited?",neither,0.04947040816807347,0.3217158432017855,0.6288137486301411
"Yes, Taliesin, there will be comics of your D&D character, get used to it.",neither,0.06383745516703491,0.28752820160320963,0.6486343432297554
it's pretty damn sweet,offensive_language,0.04313639298478365,0.8246604425142471,0.13220316450096928
@larilyon He is!,neither,0.0817087036342036,0.3158424856208871,0.6024488107449093
@meaningofnightt Nice. I'll check it out after the show :),neither,0.04539170715441906,0.2676530310552989,0.6869552617902821
i really wish there were individual issues,neither,0.039658191304549964,0.2753384818550258,0.6850033268404242
I can't wait until the physical copies come out,neither,0.0344148954063029,0.3480025298806115,0.6175825747130856
will therr be a digital collected edition?,neither,0.040963555729328006,0.31409660073090734,0.6449398435397646
:D,neither,0.03945320844208391,0.33037608806864915,0.630170703489267
partly because i want blank sketch cover variants to get artists to work on them,neither,0.05348074189952998,0.33153118302956447,0.6149880750709056
Will there be a live read by the cast at some point? that be amazing,neither,0.035772617214996895,0.3559949087053872,0.608232474079616
Great!,neither,0.03629809395026052,0.28705760395740076,0.6766443020923386
next... a Future Girl comic? <3 #EnthusiArmy,neither,0.031920520129765526,0.41057799953415414,0.5575014803360803
taliesin geeking out about the comic is adorable,neither,0.039958274317902644,0.34988312917385783,0.6101585965082396
just think how many cool covers would happen with that,neither,0.02768610855668048,0.38497241062016435,0.5873414808231551
I mean... is it not a genre?,neither,0.044160898922906415,0.3328896050789618,0.6229494959981318
I think HP fic is a genre,neither,0.04636472889947727,0.3210803419029235,0.6325549291975991
@stargazer1977 Oh you mean this? https://clips.twitch.tv/FineAbrasiveDootPunchTrees,neither,0.05445761378939558,0.32778385231253016,0.6177585338980742
ELFQUEST - Richard & Wendy Pini,neither,0.03945320844208391,0.33037608806864915,0.630170703489267
i read the whole thing twice this morning after I brought it,neither,0.042948359127909674,0.23014030150611905,0.7269113393659713
I cannot begin to fathom the notion of my D&D game being in a comic book that people pay money to read. Even if gnome rangers are the best.,neither,0.044278289060642115,0.36450880061741064,0.5912129103219472
@RMutt1917 I would definitely support a Future Girl comic,neither,0.05690241088324267,0.3668124106432095,0.5762851784735479
"@danoba Most definitely, everyone should check that out. <3",neither,0.03651564594588725,0.48112622116495657,0.48235813288915613
"So I DM for a great group of ladies and we are also a comic book club, passing around trades with each other. I'm looking forward to buying the CR trade and it getting passed around too.",neither,0.03910039626079566,0.3182934032877145,0.6426062004514898
"@danoba Always on the spot with the clips! Happy Wednesday, hope your week has been going well!",neither,0.060560328070381954,0.31717231616391023,0.6222673557657077
Tolkien invented different languages for goodness sake,neither,0.035461455656369455,0.3104273345568984,0.6541112097867321
"@stargazer1977 Haha, it was too good.",neither,0.03225457924868097,0.41789584601369867,0.5498495747376203
Tolkien is the reason for my existence!!! My parents meet at a Tolkien literature class in college!!!,neither,0.026969640916130147,0.40784552260352785,0.565184836480342
Hey Taliesin I'm sorry but fantasy genre is older than Tolkien. Robert E.Howard was writing his Conan and Kull stories before LOTR.,neither,0.048074664419625636,0.34669498589124903,0.6052303496891254
@danoba #thatzoomthough,neither,0.03945320844208391,0.33037608806864915,0.630170703489267
BloodTrail,neither,0.03945320844208391,0.33037608806864915,0.630170703489267
i agree we need a future girl comic and jody should write for it,neither,0.03666087540202399,0.3434052977919957,0.6199338268059803
yay i made it. i was like #TrafficRAGE where's WC?... 😋,neither,0.047630739023261176,0.32012040251319374,0.632248858463545
"build my own mythology, several languages, centuries of history... ;)",neither,0.04467768477691505,0.37317228130514135,0.5821500339179437
