text,top_class,hate_speech,offensive_language,neither
Title Card and music for anyone else?,neither,0.03482878115485133,0.2832947980523871,0.6818764207927617
he was eating I think a hot dog earlier,neither,0.04394976239411621,0.32364159234959966,0.6324086452562842
This won't be as crazy an Vanquished was!,neither,0.02849249925327449,0.4589474185436416,0.5125600822030839
music ended for me,neither,0.027168574121083283,0.33933751406133356,0.6334939118175832
@historian90 Correct,neither,0.03945320844208391,0.33037608806864915,0.630170703489267
i have nachos,neither,0.038859812706122966,0.3404475623473723,0.6206926249465048
we're on,neither,0.06734333114039553,0.3079375621219045,0.6247191067377
It should be going to video any second now,neither,0.05987722680005361,0.30568109180284775,0.6344416813970987
@Chovexani **hugs from ComfortKitty**,neither,0.04078317879478948,0.307803020237201,0.6514138009680096
<3,neither,0.03945320844208391,0.33037608806864915,0.630170703489267
YAY,neither,0.03945320844208391,0.33037608806864915,0.630170703489267
gandsSubHype gandsSubHype gandsSubHype,neither,0.03945320844208391,0.33037608806864915,0.630170703489267
Woooo!,neither,0.03945320844208391,0.33037608806864915,0.630170703489267
ðŸŽ€ ï¼¼(^o^)ï¼ ðŸŽ€,neither,0.03945320844208391,0.33037608806864915,0.630170703489267
<Hailing Frequencies Open>,neither,0.03945320844208391,0.33037608806864915,0.630170703489267
woot HIYA Eric!,neither,0.03945320844208391,0.33037608806864915,0.630170703489267
Hey Eric,neither,0.03945320844208391,0.33037608806864915,0.630170703489267
YAY!,neither,0.03945320844208391,0.33037608806864915,0.630170703489267
Hi Eric the Cookie Goblin!,neither,0.038699213545687984,0.3166382847205622,0.6446625017337498
stefFremen STEFLING STAMPEDE stefFremen,neither,0.03945320844208391,0.33037608806864915,0.630170703489267
*returns hugses* thnx @GuruMat,neither,0.03945320844208391,0.33037608806864915,0.630170703489267
"@highvoltage988 Ah, good to know. Still need to grab my copy of The Wild Storm #7... and sorry to admit this, but I haven't seen any CR episodes yet...",neither,0.03933961596152175,0.34581918991910976,0.6148411941193686
"I'm all set. Got dessert, hot chocolate, a cuddly pet, and a sewing project! Can't wait!",neither,0.03927496284554381,0.36475729472119234,0.5959677424332639
: stefFremen STEFLING STAMPEDE stefFremen,neither,0.03945320844208391,0.33037608806864915,0.630170703489267
weren't their supposed to be a couple of special guests tonight?,neither,0.06529290964585545,0.3012506936635759,0.6334563966905686
stefFremen STEFLING STAMPEDE stefFremen,neither,0.03945320844208391,0.33037608806864915,0.630170703489267
temporal timeline?! is this tbd rpg? PogChamp,neither,0.050512911114032236,0.32860941969445295,0.6208776691915148
stefFremen stefFremen stefFremen,neither,0.03945320844208391,0.33037608806864915,0.630170703489267
@StefWoodburn hi stef!,neither,0.03945320844208391,0.33037608806864915,0.630170703489267
Hi Stef and Raiders!,neither,0.03868284165753408,0.29150793163893735,0.6698092267035286
What day is it!,neither,0.06170261557173012,0.2979087531826145,0.6403886312456554
"oh nooooo, steflings!",neither,0.04546305824073122,0.2734269899288309,0.6811099518304378
stefFremen STEFLING STAMPEDE stefFremen,neither,0.03945320844208391,0.33037608806864915,0.630170703489267
Hey @stefwoodburn,neither,0.03945320844208391,0.33037608806864915,0.630170703489267
stefFremen STEFLING STAMPEDE stefFremen,neither,0.03945320844208391,0.33037608806864915,0.630170703489267
"Hello, Stef and Steflings",neither,0.03840264189818727,0.2749437060729204,0.6866536520288923
Re Sub HYPE!!!,neither,0.05796738926929811,0.3016950255183242,0.6403375852123776
Hi and welcome raiders!,neither,0.0387804359465615,0.2968731780758213,0.6643463859776171
Welcome Steflings,neither,0.03945320844208391,0.33037608806864915,0.630170703489267
stefFremen STEFLING STAMPEDE stefFremen,neither,0.03945320844208391,0.33037608806864915,0.630170703489267
<3 STEFLING STAMPEDE <3,neither,0.03945320844208391,0.33037608806864915,0.630170703489267
stefFremen stefling stampede stefFremen,neither,0.03945320844208391,0.33037608806864915,0.630170703489267
Welcome Stef and the Steflings!,neither,0.03751245267132006,0.25704464224013296,0.705442905088547
they should have gotten multiple of those tribbles,neither,0.07191538261229852,0.3067274591462333,0.6213571582414682
Hey everyone! Hey Stef and Steflings!,neither,0.03398990552146211,0.38341395847994697,0.582596135998591
...suspicious space next to Amy... guest tonight?!,neither,0.04110487378806652,0.32204625726685965,0.6368488689450739
Amy will always be The Doctor to me!,neither,0.03772475526827295,0.37097990125708424,0.5912953434746429
2 WEEKS (face malfunctions),neither,0.03945320844208391,0.33037608806864915,0.630170703489267
Hi Stef people! :D,neither,0.08609671943452742,0.32453468451780987,0.5893685960476628
"So looking forward to the time-shift! I'm here at 12:38am drinking a vat of black tea. Sleep is overrated but I still miss it sometimes, lol.",neither,0.0610372030774753,0.370238325565931,0.5687244713565937
#TwelveAndAHalfDoctor,neither,0.03945320844208391,0.33037608806864915,0.630170703489267
stefFremen STEFLING STAMPEDE stefFremen,neither,0.03945320844208391,0.33037608806864915,0.630170703489267
Nice that its earlier at least :D,neither,0.031095718009379516,0.38556148833265236,0.5833427936579682
wow ok,neither,0.03938552636061058,0.33152482962740876,0.6290896440119806
"oh good, better time",neither,0.043434828501203365,0.2946283521152305,0.6619368193835662
nooooooo,neither,0.03945320844208391,0.33037608806864915,0.630170703489267
Hello Steflings!,neither,0.03945320844208391,0.33037608806864915,0.630170703489267
http://geekandsundry.com/check-out-our-new-fall-twitch-schedule/ <<<New Schedule begins in October,neither,0.03881660848975329,0.22283603868417706,0.7383473528260697
much better time =D,neither,0.03300802378162269,0.3580148545412645,0.6089771216771127
<3 Stef N'Sundry <3,neither,0.03945320844208391,0.33037608806864915,0.630170703489267
Best time shift ever! :) [I can finally get sleep again and not go to bed at 4am after the show ends :D],neither,0.04645599481949255,0.3032173394817319,0.6503266656987755
its 2:30pm here!,neither,0.07489138064836558,0.29639853311571596,0.6287100862359185
That time will probably work better for me.,neither,0.025657774211791502,0.38446486320878104,0.5898773625794274
RIP Me watching Wrestling,neither,0.033332228595863246,0.36318363687926974,0.6034841345248669
Anovos is very slow I heard,neither,0.04742878861860817,0.32763292032090796,0.6249382910604839
welcome back over to the G&S side Stef,neither,0.036564369479349615,0.3485063965133858,0.6149292340072646
gandsSubHype gandsSubHype,neither,0.03945320844208391,0.33037608806864915,0.630170703489267
Burn Hector,neither,0.04811058060817789,0.1834378884691025,0.7684515309227197
gandsNatTwenty stefFremen,neither,0.03945320844208391,0.33037608806864915,0.630170703489267
OUCH! :),neither,0.03945320844208391,0.33037608806864915,0.630170703489267
"Aww, Bonnie <3",neither,0.03945320844208391,0.33037608806864915,0.630170703489267
"@Bazag @Ripartist That is so cool. I also imagine that in my head. *Actually, more like on STO with the Party popper balloons Enterprise and Bird of preys*",neither,0.009211648179523005,0.2545239111545785,0.7362644406658985
"We still love you, Bonnie!",neither,0.05813132291245476,0.45386647280487474,0.4880022042826703
I see a guest spot set up!,neither,0.03741009139915574,0.37108305472320846,0.5915068538776357
Lark's out of Uniform!!!!,neither,0.03428276076368403,0.35040117385762626,0.6153160653786897
Awwww Bonnie,neither,0.03945320844208391,0.33037608806864915,0.630170703489267
Civilian Lark,neither,0.03945320844208391,0.33037608806864915,0.630170703489267
KHAN!,neither,0.03945320844208391,0.33037608806864915,0.630170703489267
Reduced two steps in rank and return to your station,neither,0.05990570399342422,0.2950464341240404,0.6450478618825354
"dont upset the helmsman, she'll fly into a star",neither,0.03967079523661855,0.377727493892843,0.5826017108705384
KHAAAAAANNN!,neither,0.03945320844208391,0.33037608806864915,0.630170703489267
you guys should invite Vic Mignogna as a guest one of these days because he is a massive Star Trek fan,neither,0.06413702027357769,0.43533811122520877,0.5005248685012135
Civilian Lark representing a Field commission :P,neither,0.03945320844208391,0.33037608806864915,0.630170703489267
Great shot of the Citadel.,neither,0.036600377644475435,0.28629964856053947,0.6770999737949852
@danfan69 :D,neither,0.03945320844208391,0.33037608806864915,0.630170703489267
"@darkhalfelf284 I saw one of Vic's Star Trek Continues episodes, pretty cool stuff",neither,0.03903271632564086,0.345859658284018,0.6151076253903413
Citadel HYpe!,neither,0.03945320844208391,0.33037608806864915,0.630170703489267
yay!,neither,0.03945320844208391,0.33037608806864915,0.630170703489267
"Hot episode, full of dead planets and 30 minutes of argung about patient/doctors rights",neither,0.04692435262748845,0.3208508038978654,0.6322248434746461
I'm Commander Shepard and Shield of Tomorrow is my favorite stream on the Citadel,neither,0.0336024397674331,0.35533276029003813,0.6110647999425286
This is my favorite postcard on the citadel,neither,0.02968271657665929,0.4258885610823129,0.5444287223410278
Hey guys do they have VODs for these vids? Can ne link me please? <3,neither,0.0363108176071578,0.37179914712954326,0.591890035263299
@highvoltage988 NICE.,neither,0.03945320844208391,0.33037608806864915,0.630170703489267
Infinite Diversity in Infinite Combinations is at the heart of what Star Trek represents. <3,neither,0.04626417525845618,0.33068594416031993,0.6230498805812239
Geek and Sundry is my favorite store on the Citadel.,neither,0.050370094332401756,0.3523130873945499,0.5973168182730484
:D,neither,0.03945320844208391,0.33037608806864915,0.630170703489267
Shout out @tboyce!,neither,0.033587545375606404,0.35325993089694885,0.6131525237274448
oh really?,neither,0.048280584962888,0.24847299132217243,0.7032464237149395
"I love ""Sam loses their shit!!!!""",offensive_language,0.04455021283431275,0.9492890644460302,0.00616072271965705
wooohooo ! ! ! !,neither,0.03945320844208391,0.33037608806864915,0.630170703489267
!vod,neither,0.03945320844208391,0.33037608806864915,0.630170703489267
VODs are subscriber-only. Subscribe now to unlock access to past videos and highlights at twitch.tv/geekandsundry/videos/all,neither,0.055189305111973244,0.3283360580916387,0.6164746367963879
Sam CHAOS HYPE!!!!!,neither,0.03945320844208391,0.33037608806864915,0.630170703489267
@pstrawberrie only Twitch VODs which are sub only,neither,0.05620988077725152,0.2994105187865379,0.6443796004362105
"hello Sam, goodbye sh*t",neither,0.03945320844208391,0.33037608806864915,0.630170703489267
drum roll!,neither,0.03945320844208391,0.33037608806864915,0.630170703489267
YUS,neither,0.03945320844208391,0.33037608806864915,0.630170703489267
ha,neither,0.03945320844208391,0.33037608806864915,0.630170703489267
greetings all we are live on sto as well atm if people want to join,neither,0.06385631685080581,0.40267569542968235,0.5334679877195116
i wanted to also thank the cast for including sam and how they are the xo with diability not a disability attached to XO,neither,0.045038077085949035,0.2851484422089536,0.6698134807050973
"Captain, I believe I'm experiencing a strong emotional reaction.",neither,0.03945320844208391,0.33037608806864915,0.630170703489267
nice :D,neither,0.03945320844208391,0.33037608806864915,0.630170703489267
they're gonna break the mug in their excitement LUL,neither,0.0481418799325947,0.33142181107894103,0.6204363089884642
wooo! thats the best ever!,neither,0.03749588589277904,0.30383940175865753,0.6586647123485634
Nice,neither,0.03945320844208391,0.33037608806864915,0.630170703489267
:D,neither,0.03945320844208391,0.33037608806864915,0.630170703489267
yay!!!!!!,neither,0.03945320844208391,0.33037608806864915,0.630170703489267
Ahh ok!,neither,0.03939643191035136,0.3313397339870908,0.6292638341025578
"we have to be careful with giving Sam present, they might just vibrate out of existence from sheer excitement energy~!",neither,0.03343936790490031,0.36153352449252385,0.6050271076025757
LUL,neither,0.03945320844208391,0.33037608806864915,0.630170703489267
Gods bless Sam and their enthusiasm.,neither,0.038843479867621,0.30025188123037927,0.6609046389019997
Sam is adorable when they aren't angry,neither,0.03725950273381542,0.3637504286207203,0.5989900686454641
Nice mug :D,neither,0.03945320844208391,0.33037608806864915,0.630170703489267
ya mug arrived.. shirt as well ??,offensive_language,0.02859442441897791,0.5159011672935034,0.45550440828751865
Sam is so adorable,neither,0.047420091300937856,0.37139882409815267,0.5811810846009094
and they're so amazing!,neither,0.05916591718320454,0.3011527795499403,0.639681303266855
Hehheheh,neither,0.03945320844208391,0.33037608806864915,0.630170703489267
Huh?,neither,0.03945320844208391,0.33037608806864915,0.630170703489267
Sam is precious,neither,0.04754366957731329,0.3275934074912737,0.6248629229314131
LOL,neither,0.020706217963973744,0.4882283491876925,0.4910654328483337
does Sam get angry alot,neither,0.028106542853441052,0.4386029657728918,0.5332904913736671
love it lol,neither,0.022055634306850848,0.4469456750562876,0.5309986906368616
So Much Exicite,neither,0.03263919147166354,0.4173937179957508,0.5499670905325856
"omg the fans are amazing, they know Sam so well <3",neither,0.05559326705455971,0.31772965915711066,0.6266770737883296
:D,neither,0.03945320844208391,0.33037608806864915,0.630170703489267
hey guys!,neither,0.03929207127355727,0.33311100635304525,0.6275969223733975
That's just perfect!,neither,0.02876944588609163,0.4149224364320581,0.5563081176818503
Vance1982 My PRECIOUS! *grabs ring*,neither,0.0305483656464438,0.39793910625493384,0.5715125280986224
@highvoltage988 Now I want to see a Mass Effect RPG show! They're doing Star Trek...anything's possible at this point! :D,neither,0.05953104276927704,0.2883398613447915,0.6521290958859314
@Paladin356 Only when the doctors wants probes,neither,0.029947798073269,0.3598491223576898,0.6102030795690413
Sam is a delight. <3,neither,0.04720808704795166,0.3277088297114602,0.6250830832405881
"Hi, @Impossiblegirl11",neither,0.03945320844208391,0.33037608806864915,0.630170703489267
Hi @Impossiblegirl11,neither,0.03945320844208391,0.33037608806864915,0.630170703489267
@Ricky_Galletti that'd be amazing!,neither,0.0349841331563607,0.3902795804458678,0.5747362863977716
^_^,neither,0.03945320844208391,0.33037608806864915,0.630170703489267
hi Impossiblegirl11 (again),neither,0.037150207243185115,0.36946402876814954,0.5933857639886654
hrpgHeyo @Impossiblegirl11,neither,0.03945320844208391,0.33037608806864915,0.630170703489267
"""i love treasure"" =D",neither,0.035931821726329985,0.34687263741275637,0.6171955408609137
@ricky_galletti id wafch that. sorry doing my nails,neither,0.02778168111571994,0.43129294701191134,0.5409253718723689
Hey @Impossiblegirl11,neither,0.03945320844208391,0.33037608806864915,0.630170703489267
"i love that sam is always like ""EEEEEE"" while rue is like ""i will kill you""",hate_speech,0.39225421319318615,0.30967653143956375,0.2980692553672501
Project Break Sam is relentless.,neither,0.04518597325173183,0.32840432737122677,0.6264096993770415
heya impossiblegirl :),neither,0.03945320844208391,0.33037608806864915,0.630170703489267
Sam please don't have a heart attack please,neither,0.039108490463008114,0.33622685181580186,0.6246646577211901
@Impossiblegirl11 Hello :),neither,0.03945320844208391,0.33037608806864915,0.630170703489267
I love that dice tower,neither,0.033882804385374485,0.37696774457218085,0.5891494510424448
good. I didn't miss much,neither,0.017855151634771884,0.37840623889108044,0.6037386094741476
OMFG ... Sam <3,neither,0.03945320844208391,0.33037608806864915,0.630170703489267
and its SO Effective!,neither,0.032589162023267684,0.3348598808813382,0.6325509570953941
Who is guy in middle? Name,neither,0.04743923954106354,0.3966049870069079,0.5559557734520286
Ooohh Woooww,neither,0.03945320844208391,0.33037608806864915,0.630170703489267
"Haha, Sam is going to die before the story even starts.",neither,0.12084799005974883,0.29379835066751553,0.5853536592727357
KATIE KABOOM,neither,0.03945320844208391,0.33037608806864915,0.630170703489267
"@crthemighty indeed, Sam and Rue are paradoxically so alike and so very different",neither,0.052251826885368384,0.3067130687816062,0.6410351043330255
Oh Sam...,neither,0.0461327075271576,0.2673899063118408,0.6864773861610016
All the hugs for Sam!!!!!!,neither,0.034231160486064005,0.34609415914071257,0.6196746803732235
it's like a contestant on price is right,neither,0.054120228543776426,0.37785589398681185,0.5680238774694116
Awwwww teehee,neither,0.03945320844208391,0.33037608806864915,0.630170703489267
is it Sam's bday?,neither,0.046093118082137834,0.3280923186663773,0.6258145632514848
i heart Sam!,neither,0.03945320844208391,0.33037608806864915,0.630170703489267
@Trekkie313 Hector Navarro,neither,0.03945320844208391,0.33037608806864915,0.630170703489267
dat's so cute,neither,0.042196161076841286,0.34998641087032345,0.6078174280528353
@Trekkie313 with the glasses? Hector,neither,0.025564641176845565,0.3564792729091765,0.6179560859139779
I wish I could be excited as Sam for like anything.,neither,0.04068022496776857,0.3451619553163329,0.6141578197158986
Perfect!,neither,0.03945320844208391,0.33037608806864915,0.630170703489267
i want them to get gifts all the time :D,neither,0.05774864576248384,0.3840931157750422,0.5581582384624739
@Impossiblegirl11 Nope. She just got gifts.,neither,0.035666327526451894,0.4611716147923817,0.5031620576811664
"Dude, you broke Sam",neither,0.057400805262346644,0.38069920114192285,0.5618999935957306
hahah,neither,0.03945320844208391,0.33037608806864915,0.630170703489267
"LMAO, poor Sam xD",neither,0.038425763054933,0.3478145177073889,0.6137597192376781
Don't forget to visit Star Trek Online and support Shield of Tomorrow! www.StarTrekOnline.com/ShieldofTomorrow,neither,0.05687602105656693,0.30425729811326435,0.6388666808301687
"ok, so i'm a bit lost as to why Sam is reffered to as they",neither,0.04170741923651613,0.4030162867043732,0.5552762940591108
@JeffM0307 They*,neither,0.03945320844208391,0.33037608806864915,0.630170703489267
Hector is so non-plussed when things get crazy around him LUL,neither,0.030658520889880254,0.4551484911555802,0.5141929879545397
"omg is this LIVE??? Im so confused, I thought the new schedule was already in play",neither,0.049654685556457905,0.2643858540582209,0.6859594603853212
@CriticalGoal XD IKR though I dunno I kinda was for my latest commission,neither,0.028160545555965363,0.3669728602464706,0.6048665941975641
"They're non-binary, @KizunaV.",neither,0.06306178604997187,0.2950214300085404,0.6419167839414878
Geek and Sundry is entirely green and runs only on Sam-Energy,neither,0.04175660031016048,0.28131361137857197,0.6769297883112677
@DragonSparkz October.,neither,0.03945320844208391,0.33037608806864915,0.630170703489267
@KizunaV she is non-binary,neither,0.05267672185669291,0.4383676854478366,0.5089555926954704
any scheduling ideas on the STO playalong?,neither,0.03563985477947539,0.32749112129667274,0.636869023923852
@dragonSparkz not until the first week in Oct,neither,0.03244199562609821,0.32330857475407465,0.6442494296198271
surely we have a command for Sam and Rue's pronouns?,neither,0.034557842176984675,0.2923539569726562,0.6730882008503591
"@danoba Yes, yes. They got gifts.",neither,0.03853079428753192,0.36345910933006476,0.5980100963824034
@jaredshane fail,neither,0.03945320844208391,0.33037608806864915,0.630170703489267
new schedule starts at the begining of October,neither,0.04086875286731783,0.2707558165658711,0.688375430566811
Thanks @danoba !!!,neither,0.035884468650613,0.3004919205142699,0.6636236108351171
The is live,neither,0.06215683843504112,0.2969372971301994,0.6409058644347595
I'm gonna have to look that up,offensive_language,0.03952237288267567,0.49734908623506824,0.4631285408822561
More Bards!,neither,0.044084690295906365,0.306805713525994,0.6491095961780997
@Fu4ow LOL I KNOW,neither,0.025426707347054857,0.44080850221105544,0.5337647904418897
and thanks @ShandraVdeG !,neither,0.03587472669513313,0.24850901565449843,0.7156162576503685
@Fu4ow such a bad mistake,neither,0.03614498153828776,0.32710611280495483,0.6367489056567573
"Sam is non-binary, so it's just a respect thing to use the pronouns they prefer is all.",neither,0.02832685684271132,0.43671373418272275,0.534959408974566
"OH YEAH. where were you, ALIZA?",neither,0.04202320516424197,0.39693799305587757,0.5610388017798804
We have a subscriber-only Discord server! Join here: https://discord.gg/geekandsundry (you'll need to sub and link it to your Twitch) and be a part of the fun!...Warning: It can take up to an hour for the server to update and give you access to the channels,neither,0.08464076273808444,0.286394834032893,0.6289644032290227
@KizunaV Sam and their character are non-binary. They use they/them/theirs pronouns,neither,0.03558516652284132,0.33459132095830557,0.6298235125188533
Something with Nerdist??? :P,neither,0.022432672684897008,0.3947341243380243,0.5828332029770786
http://geekandsundry.com/check-out-our-new-fall-twitch-schedule/ <<<New Schedule begins in October,neither,0.03881660848975329,0.22283603868417706,0.7383473528260697
whats the new schdule?,neither,0.04249586593683533,0.2063006738024447,0.75120346026072
Wow that's so awesome,neither,0.03535248303446415,0.42060286022049054,0.5440446567450453
Was Aliza at the ST Discovery launch event? Did I see that pic?,neither,0.03346869496657039,0.40353263903299486,0.5629986660004349
Nichelle Nichols is awesome,neither,0.051604876223397336,0.3261965722966076,0.622198551479995
RoFL!,neither,0.03945320844208391,0.33037608806864915,0.630170703489267
whaaaaaaaaaat,neither,0.03945320844208391,0.33037608806864915,0.630170703489267
"@Fu4ow I'm still getting used to it, I don't know anyone who is non-binary so it is not something I am used to",neither,0.04986526547553078,0.4211225923179291,0.5290121422065401
so cool that Aliza met Mae Jemison! I named my latest ship in Star Trek Online the Jemison :D,neither,0.03159059742843325,0.4052482948919746,0.5631611076795922
:O,neither,0.03945320844208391,0.33037608806864915,0.630170703489267
"Help G&S make great content! $4.99/month gets you emotes, Minecraft server access, Sub Only Q&As, VODs, and more! Every sub keeps the channel alive! twitch.tv/geekandsundry/subscribe",neither,0.043092924924402844,0.32365565443818894,0.6332514206374082
:o,neither,0.03945320844208391,0.33037608806864915,0.630170703489267
I'm so thrilled for Aliza!!!!!,neither,0.026758777361964418,0.35807160292279583,0.6151696197152398
"@Zismarith Yes, Aliza was there :)",neither,0.03921925957843934,0.276314194063727,0.6844665463578337
That's so awesome she did that!,offensive_language,0.0335976628449806,0.5284433179717924,0.43795901918322705
"@jaredshane I just found it hilarious, no meanness there",neither,0.03357079811257425,0.32393927018624175,0.642489931701184
oh man that is so cool!,neither,0.050283700496181756,0.44006019007613917,0.5096561094276791
if only discovery wasn't on a cash grab streaming sight,neither,0.02717618879431262,0.3716496114754047,0.6011741997302827
Did she tell them about Shield of Tomorrow I wonder?,neither,0.05094430620435546,0.417188481614034,0.5318672121816106
site,neither,0.03945320844208391,0.33037608806864915,0.630170703489267
"@Fu4ow oh it definitely was, super facepalm for me hahaha",neither,0.031875026519199434,0.30081001695642284,0.6673149565243778
Doug Jones said some bad things on Twitter,neither,0.029835486025366776,0.4283856583061133,0.5417788556685199
"SoT on monday? noooooooo, i need my mid week fix to hold me up untiil my D&D on the weekend :(",neither,0.024777232929434616,0.4553157602606833,0.519907006809882
Doug Jones has been on camera here at G&S a few times,neither,0.06056261396895965,0.330055902296954,0.6093814837340864
"Not ""Sam"" excited, but excited.",neither,0.03642441913877942,0.3400903766933428,0.6234852041678778
WAIT eric was an extra in that?!,neither,0.03656994784323214,0.36063507757826957,0.6027949745784983
I'm the Huggernaut Buddy!,neither,0.038215876222912545,0.3075096453319408,0.6542744784451466
Oh wait I confused the captain of the new show,neither,0.05528742855142342,0.1642359139375214,0.7804766575110551
