text,top_class,hate_speech,offensive_language,neither
any info on whether or not matt's feeling better this week?,neither,0.037037380490159304,0.34185983312735907,0.6211027863824815
"utah critter.... hope to be going, iffy for now",neither,0.06355836524038955,0.2469004507382537,0.6895411840213568
#LarkinIsStillAlive,neither,0.03945320844208391,0.33037608806864915,0.630170703489267
TPK TPK TPK,neither,0.03945320844208391,0.33037608806864915,0.630170703489267
refresh its LIVE!,neither,0.03754293201318581,0.33103311972942384,0.6314239482573903
"Lol, that goddamn shark.",neither,0.029648804618902663,0.4151571334489483,0.555194061932149
woo art,neither,0.03945320844208391,0.33037608806864915,0.630170703489267
bidet from westerville ohio,neither,0.040754399270683486,0.3082914838698526,0.650954116859464
refreash,neither,0.03945320844208391,0.33037608806864915,0.630170703489267
when does stream start,neither,0.02120383521134657,0.47699353556439783,0.5018026292242556
Buffett from kansas city,neither,0.04050054910234117,0.3125999837227694,0.6468994671748894
Critical Role Discord https://discordapp.com/invite/criticalrole,neither,0.03945320844208391,0.33037608806864915,0.630170703489267
live yet?,neither,0.045813176201558704,0.32818860351601215,0.6259982202824292
Hit Play now,neither,0.03945320844208391,0.33037608806864915,0.630170703489267
refresh,neither,0.03945320844208391,0.33037608806864915,0.630170703489267
Doot Doot,neither,0.03945320844208391,0.33037608806864915,0.630170703489267
Go Team Vecna,neither,0.04131192095826213,0.336834971603905,0.621853107437833
hey its the preroll art,neither,0.032665360756312656,0.3161484522429966,0.6511861870006908
art is up,neither,0.045991427074099804,0.39187272382964855,0.5621358490962516
Bidet :),neither,0.03945320844208391,0.33037608806864915,0.630170703489267
time for a shopping episode with a group of Nothics,neither,0.027065324715111628,0.34895771207505966,0.6239769632098288
BIDET!!!!,neither,0.03945320844208391,0.33037608806864915,0.630170703489267
REFRESH!,neither,0.03945320844208391,0.33037608806864915,0.630170703489267
Beep beep I'm a sheep,neither,0.03945320844208391,0.33037608806864915,0.630170703489267
greetings from the uk,neither,0.039613273355342184,0.2892653269430044,0.6711213997016535
refresh for preroll art all!,neither,0.03530871424317705,0.3594589751233219,0.6052323106335009
Art is live.,neither,0.05486507015050367,0.3250752421069189,0.6200596877425775
"Bidet from Auburn, Washington! <3 Much love to everybody,",neither,0.03974329103051529,0.3252661196249679,0.6349905893445169
I love savannah ga,neither,0.03604913326827992,0.3463049680281636,0.6176458987035566
yis i love the art,neither,0.035061522170994064,0.3268220444054327,0.6381164334235732
bidet I mean,neither,0.03945320844208391,0.33037608806864915,0.630170703489267
WOOO!,neither,0.03945320844208391,0.33037608806864915,0.630170703489267
"Ah, excellent.",neither,0.03945320844208391,0.33037608806864915,0.630170703489267
refresh!!!,neither,0.03945320844208391,0.33037608806864915,0.630170703489267
YAY ART,neither,0.03945320844208391,0.33037608806864915,0.630170703489267
Art is on gandsSubHype gandsSubHype,neither,0.04577223284314942,0.34380959361810587,0.6104181735387448
guys.... what if Larkin is controlling Vecna?,neither,0.03271774149727383,0.3762220663702928,0.5910601921324333
Bidet from Australia,neither,0.04062582848913359,0.31047366557575606,0.6489005059351104
refresh boiis!!,neither,0.03945320844208391,0.33037608806864915,0.630170703489267
cute pike there,neither,0.041889544265954676,0.21977996059579624,0.7383304951382491
Bidet from Florida <3,neither,0.0408948396164547,0.30590784468201904,0.6531973157015263
LAST EPISODE!!!!!!!!,neither,0.03945320844208391,0.33037608806864915,0.630170703489267
Beautiful art if you hit play!,neither,0.034402841197334395,0.41938302660326127,0.5462141321994044
Yasss,neither,0.03945320844208391,0.33037608806864915,0.630170703489267
Hail from canton ga or atlanta,neither,0.04021323491131156,0.3174764553748294,0.642310309713859
"@imaginaryideals He's off the back brace now, according to this week's Talks",neither,0.04637992633066463,0.3178320462572632,0.6357880274120722
Bidet from Kentucky!,neither,0.04071751644889743,0.3089174816120565,0.6503650019390461
bidet from montana!,neither,0.04078317879478948,0.307803020237201,0.6514138009680096
bidet everyone!,offensive_language,0.02988896790634741,0.4927062106388782,0.4774048214547744
"bidet from sheboygan, wi!",neither,0.040737273169946825,0.30858215849491494,0.6506805683351382
Aw the twinsies!,neither,0.038215876222912545,0.3075096453319408,0.6542744784451466
Spoiler Vecna wins,neither,0.03945320844208391,0.33037608806864915,0.630170703489267
bidet from Atlanta!!!,neither,0.04078317879478948,0.307803020237201,0.6514138009680096
gandsSubHype gandsSubHype,neither,0.03945320844208391,0.33037608806864915,0.630170703489267
YIII THE ART,neither,0.03827813141413388,0.3087027896769399,0.6530190789089262
critical role has been on for just over two years and it has been a good two years,neither,0.032135872576426666,0.3057801706339479,0.6620839567896255
bidet from the heart of civilization philadelphia,neither,0.03957104619410603,0.2992626491093675,0.6611663046965265
Bidet from MARS!!!,neither,0.04066490145509902,0.30981049537100724,0.6495246031738937
bidet from Sydney!,neither,0.04062582848913359,0.31047366557575606,0.6489005059351104
"Bidet, fellow critters from the Watermelon Capital of Texas!!!",neither,0.03953600120383286,0.3079663976190482,0.652497601177119
bidet from ohii,neither,0.04228451509352876,0.2823214250720796,0.6753940598343917
Stop guys all the Vax art will Kill. Me.,neither,0.3015199993777585,0.33965042343173085,0.35882957719051073
"it's possible they all end up dying, and the next party has to adventure in the aftermath",neither,0.03974908656363584,0.3528171762196913,0.6074337372166729
bidet from Alabama!,neither,0.04078317879478948,0.307803020237201,0.6514138009680096
damn soooooo sleepy XO,offensive_language,0.04464099087668529,0.7466517540021893,0.20870725512112542
sbzyNom sbzyManleee,neither,0.03945320844208391,0.33037608806864915,0.630170703489267
salt n pepper twins are my fave ngl,neither,0.045455993979252075,0.35736504274831327,0.5971789632724346
WHEEZE,neither,0.03945320844208391,0.33037608806864915,0.630170703489267
"The channel has gone live, if you cannot see the fanart please refresh.",neither,0.03737030499864528,0.36316604058772056,0.5994636544136341
bidet from new Zealand,neither,0.046710622032705686,0.1542697019613409,0.7990196760059534
bidet from BC!,neither,0.041095261662497835,0.30250615950080734,0.6563985788366947
There we go,neither,0.04083933629015207,0.27628362646603744,0.6828770372438104
bidet from Florida!,neither,0.0408948396164547,0.30590784468201904,0.6531973157015263
So question!!! Will they be rolling their new characters tonight!?!? (KIDDING!),neither,0.04086096081092514,0.2781159354655922,0.6810231037234825
bidet from brazil,neither,0.04079557052152802,0.30759270029461827,0.6516117291838538
omg its a JB piece!,neither,0.03445259877165757,0.3320960270402782,0.6334513741880643
@mastermaffy Hey NZ represent! :) <-- Wellington,neither,0.03945320844208391,0.33037608806864915,0.630170703489267
"Bidet, fellow critters",neither,0.03945320844208391,0.33037608806864915,0.630170703489267
thanks for the refresh notice!,neither,0.03317999553600848,0.2866194030952655,0.680200601368726
Bidet from south west florida!!!!,neither,0.04035404341159524,0.31508656764411264,0.6445593889442921
JB!,neither,0.03945320844208391,0.33037608806864915,0.630170703489267
bidet from Utah! Here is to hoping our loved party members don't go out without a good fight <3 Die bravely,neither,0.14232680214181992,0.20955802166860346,0.6481151761895766
"repeat The channel has gone live, if you cannot see the fanart please refresh.",neither,0.03752675891112267,0.36062836519433056,0.6018448758945468
gl hf,neither,0.03945320844208391,0.33037608806864915,0.630170703489267
Bidet From Lloydminster Canada,neither,0.04071751644889743,0.3089174816120565,0.6503650019390461
The meat man will be victorious,neither,0.04062200652970624,0.35685014071772875,0.602527852752565
bidet from nor calif,neither,0.04081748366884477,0.3072207769958956,0.6519617393352596
bidet from houston,neither,0.040875471929787875,0.3062365648703896,0.6528879631998226
Bidet from germany,neither,0.04069404815304118,0.30931579984010865,0.6499901520068502
I see it WOOT,neither,0.03797190087890125,0.3308855776658785,0.6311425214552202
bidet from central florida!,neither,0.04046104702925519,0.31327043699523416,0.6462685159755107
Bidet from LA!,neither,0.04094187055022747,0.3051096069949388,0.6539485224548338
Bidet everybody,neither,0.03945320844208391,0.33037608806864915,0.630170703489267
bidet,neither,0.03945320844208391,0.33037608806864915,0.630170703489267
First live stream,neither,0.03645072026845664,0.33140878143246383,0.6321404982990795
bidet from PA!,neither,0.04069404815304118,0.30931579984010865,0.6499901520068502
Oi Oi Oi,neither,0.03945320844208391,0.33037608806864915,0.630170703489267
bidet,neither,0.03945320844208391,0.33037608806864915,0.630170703489267
Bidet,neither,0.03945320844208391,0.33037608806864915,0.630170703489267
I can't post during the show because I don't have prime yet. XD,neither,0.048388901061058046,0.2723914234319944,0.6792196755069475
Bidet from Daytona Beach baby!,neither,0.04059293455022745,0.31103196156533297,0.6483751038844396
"Bidet from Houston, Texas! <3 Texas strong!!!!!",neither,0.040137820496109575,0.31875643481674737,0.6411057446871431
Yea Percy!,neither,0.03925259164124674,0.3337810787469851,0.6269663296117682
My Rams or Critical Role... how bout both,neither,0.029743196865997978,0.4343430993521016,0.5359137037819005
Bidet from Baltimore!,neither,0.04079557052152802,0.30759270029461827,0.6516117291838538
ohbothEr,neither,0.03945320844208391,0.33037608806864915,0.630170703489267
Bidet from St Louis Missouri!,neither,0.040278014386681806,0.31637697861683733,0.6433450069964808
beep beep,neither,0.03945320844208391,0.33037608806864915,0.630170703489267
Auckland here,neither,0.22097653003277068,0.2221615150675793,0.55686195489965
BIDET from Florida!,neither,0.0408948396164547,0.30590784468201904,0.6531973157015263
yesss,neither,0.03945320844208391,0.33037608806864915,0.630170703489267
bidet from sweden,neither,0.04228451509352876,0.2823214250720796,0.6753940598343917
Bidet from NY,neither,0.04084513770590474,0.30675141581570226,0.6524034464783931
Very excite,neither,0.03945320844208391,0.33037608806864915,0.630170703489267
Bidet from Ottawa!,neither,0.04228451509352876,0.2823214250720796,0.6753940598343917
a n g e r y percy by sailorhannibal,neither,0.040801955922138,0.38136495630670453,0.5778330877711574
Beep Beep,neither,0.03945320844208391,0.33037608806864915,0.630170703489267
doot doot,neither,0.03945320844208391,0.33037608806864915,0.630170703489267
i dont get the bidet thing. o_o,neither,0.037648893811308336,0.32082258105921097,0.6415285251294807
Bidet from New Mexico!,neither,0.04441189881032757,0.21402420332822164,0.7415638978614508
o god its starting,neither,0.03290063454664621,0.33262981870351427,0.6344695467498396
BOOOOOYYYYYYYY,neither,0.03945320844208391,0.33037608806864915,0.630170703489267
anybody know if they use personalized minis for their characters?,neither,0.010770261473759552,0.4093926549988394,0.579837083527401
dragon!!!,neither,0.03945320844208391,0.33037608806864915,0.630170703489267
Happy hour in Iowa!!,neither,0.03945320844208391,0.33037608806864915,0.630170703489267
"bidet from chicago, though i must leave 😭😭",neither,0.04111505829834452,0.30217015892538673,0.6567147827762688
these are so fucking beautiful,offensive_language,0.17687851475366692,0.8229893752011578,0.00013211004517533296
"Bidet from Norman, OK!",neither,0.04104157946423444,0.3034172865047108,0.6555411340310547
Bidet from Kansas City!,neither,0.04050054910234117,0.3125999837227694,0.6468994671748894
bidet from Thunder Bay. beep beep.,neither,0.040402255548430084,0.3142682818583747,0.6453294625931952
Bidet from Canada Quebec,neither,0.04071751644889743,0.3089174816120565,0.6503650019390461
Bidet from North Korea,neither,0.04079557052152802,0.30759270029461827,0.6516117291838538
@megavore waves at you from the Island,neither,0.05236209884466031,0.35881793992957295,0.5888199612257667
aaaah it sthat keyleth peice thats rad af,neither,0.03843702108271186,0.3307256014994208,0.6308373774178673
Bidet from your closet....,neither,0.08082535248215926,0.29865153469643746,0.6205231128214032
i should be studying....,neither,0.055602112654227015,0.3809475467662961,0.5634503405794768
bidet everyone!,offensive_language,0.02988896790634741,0.4927062106388782,0.4774048214547744
"I totally forgot it's Thursday! Bidet from Fort Worth, TX!",neither,0.039200507030492895,0.31881148400067,0.6419880089688371
bidet and beep beep everyone,neither,0.029752341624462542,0.4278807541485688,0.5423669042269688
Be pleased!,neither,0.04002562477733436,0.33516942876397554,0.6248049464586901
Bidet from Burbank! Vox Machina is so close I can almost feel it,neither,0.04637304530643414,0.3477584709150477,0.6058684837785183
bidet from the culinary institute of america!,neither,0.32553192736177533,0.1455704465941669,0.5288976260440577
what happened to 111 D:,neither,0.05760574859169443,0.31930944110771653,0.623084810300589
Bidet from PEI Canada.,neither,0.04071751644889743,0.3089174816120565,0.6503650019390461
bidet from utah!,neither,0.04066490145509902,0.30981049537100724,0.6495246031738937
Bidet from Michigan!,neither,0.040769555981420263,0.3080342349327864,0.6511962090857933
Why is everyone saying Bidet LuL ?,neither,0.025697550747715105,0.42615029599118565,0.5481521532610993
Bidet from Sacramento,neither,0.04062582848913359,0.31047366557575606,0.6489005059351104
Bidet from TD,neither,0.040737273169946825,0.30858215849491494,0.6506805683351382
"Ok, if you had to pick two PCs to die tonight, who would they be and why?",neither,0.11011083051865732,0.20696075867329772,0.682928410808045
I cant waait for tonight,neither,0.03038131695776819,0.277477465150634,0.6921412178915978
Doors: Enemies of Idiots.,neither,0.03945320844208391,0.33037608806864915,0.630170703489267
Bidet from Portugal,neither,0.04062582848913359,0.31047366557575606,0.6489005059351104
Grog's way of saying goode day!,neither,0.03080076466525096,0.3170159240985849,0.6521833112361641
Bidet from Cincinnati,neither,0.04228451509352876,0.2823214250720796,0.6753940598343917
Bidet!,neither,0.03945320844208391,0.33037608806864915,0.630170703489267
what we need is for them to turn into flying cows again,neither,0.059901210247404336,0.3177315273267006,0.6223672624258951
PowerUpL DarkMode PowerUpR,neither,0.03945320844208391,0.33037608806864915,0.630170703489267
Bigblueworld: hope you are safe and dry.!!!!1,neither,0.14613695258221404,0.18027834411360616,0.6735847033041799
bidet ya'll! it's been so long since I could watch live!,offensive_language,0.03355162011226124,0.5393199378885183,0.4271284419992204
bidet from North Carolina,neither,0.04040057148408362,0.31429686482539193,0.6453025636905245
hey guy's Bidet from Ontario Canada,neither,0.039890737921908295,0.32295007093507727,0.6371591911430144
Hopefully they get to him,neither,0.045827389172203005,0.3378206926230884,0.6163519182047087
Bidet from Virginia Beach,neither,0.040454134749990676,0.3133877564139642,0.6461581088360451
Bidet!,neither,0.03945320844208391,0.33037608806864915,0.630170703489267
Yes they use personalized minis,neither,0.01006293690771184,0.4443350773555114,0.5456019857367768
French toilet from Portland Oregon!,neither,0.0401561809306256,0.31844481032609456,0.6413990087432799
They do use personal minis,neither,0.014264976447587993,0.4219126912766251,0.5638223322757868
@Alecoz2 It was a Grog mispronunciation that kept getting used in the show :D,neither,0.04206861341468592,0.3485171670245291,0.609414219560785
five minutes to showtime,neither,0.044788670759762395,0.3272387569683595,0.6279725722718781
Woohoo,neither,0.03945320844208391,0.33037608806864915,0.630170703489267
@JittycusMaximus BIDET,neither,0.03945320844208391,0.33037608806864915,0.630170703489267
Bidet from Brazil! #énoiscarai,neither,0.04079557052152802,0.30759270029461827,0.6516117291838538
+3,neither,0.03945320844208391,0.33037608806864915,0.630170703489267
@wahlebear hey you're pretty close!,neither,0.08163160454770252,0.34545887479027,0.5729095206620275
bidet from mi!,neither,0.04081748366884477,0.3072207769958956,0.6519617393352596
I am sofa king we Todd did,neither,0.039214465872624414,0.3322125637501814,0.6285729703771942
B),neither,0.03945320844208391,0.33037608806864915,0.630170703489267
"Good luck Vox Machina, may all your rolls be gandsNatTwenty",neither,0.06717597272165818,0.36518302494229093,0.5676410023360509
DarkMode,neither,0.03945320844208391,0.33037608806864915,0.630170703489267
Bidet from Saskatoon Saskatchewan! gandsLessthanthree gandsLessthanthree gandsLessthanthree,neither,0.04228451509352876,0.2823214250720796,0.6753940598343917
Bidet friends,neither,0.03945320844208391,0.33037608806864915,0.630170703489267
Bidet from Iowa,neither,0.04069404815304118,0.30931579984010865,0.6499901520068502
Bidet from Quebec,neither,0.04228451509352876,0.2823214250720796,0.6753940598343917
@eastpole15 It aired last week,neither,0.038193533271630935,0.33080934812293183,0.6309971186054372
bidet from Spokane,neither,0.04228451509352876,0.2823214250720796,0.6753940598343917
bidet from buffalo NY fellow critters!,neither,0.04026982456489286,0.31651598126632763,0.6432141941687796
Come on Vecna! You can do it!,neither,0.05491649812582654,0.44438837234404377,0.5006951295301297
"@JittycusMaximus Watch the live at Gen Con episode, Grog makes it a thing",neither,0.04353619576486496,0.33290601665215896,0.6235577875829762
Bidet from OKC,neither,0.04069404815304118,0.30931579984010865,0.6499901520068502
Bidet all,offensive_language,0.046917543854519406,0.6277741405869331,0.3253083155585475
Bidet from Washington State!,neither,0.07569869260918143,0.20816383471815325,0.7161374726726654
bidet from wisconsin!,neither,0.04071751644889743,0.3089174816120565,0.6503650019390461
gands2YearHype gands2YearHype gands2YearHype,neither,0.03945320844208391,0.33037608806864915,0.630170703489267
"Bidet from Weymouth, MA",neither,0.031816597323666866,0.4599893087150652,0.5081940939612679
Bidet from Maryland!,neither,0.04066490145509902,0.30981049537100724,0.6495246031738937
jayne the death cleric! noice,neither,0.038128783186032335,0.3058308871275024,0.6560403296864652
Bidet from Wisconsin,neither,0.04071751644889743,0.3089174816120565,0.6503650019390461
bidet from North Carolina,neither,0.04040057148408362,0.31429686482539193,0.6453025636905245
bidet from the east bay,neither,0.03957263153971705,0.2988781002318461,0.6615492682284368
beep beep from dc,neither,0.0408364874901429,0.30689823255244486,0.6522652799574122
Bidet from Potsdam,neither,0.04228451509352876,0.2823214250720796,0.6753940598343917
"Finally caught up and live, woohoo!",neither,0.04003787656783795,0.3359678171130024,0.6239943063191596
Bidet from stl,neither,0.04228451509352876,0.2823214250720796,0.6753940598343917
PowerUpL DarkMode PowerUpR,neither,0.03945320844208391,0.33037608806864915,0.630170703489267
bidet from Minnesota!,neither,0.04071751644889743,0.3089174816120565,0.6503650019390461
@dodgerthirteen thanks! that's good to hear.,neither,0.0392006380071492,0.35098799769611844,0.6098113642967323
Bidet from Western Australia,neither,0.040334677536117594,0.315415257091876,0.6442500653720065
bizzare states,neither,0.03945320844208391,0.33037608806864915,0.630170703489267
beep beep and bidet from oregon,neither,0.039674772959784124,0.26576846215513467,0.6945567648850811
Beep beep from Utah!,neither,0.04066490145509902,0.30981049537100724,0.6495246031738937
bidet from melbourne,neither,0.04228451509352876,0.2823214250720796,0.6753940598343917
bidet from VA,neither,0.04066490145509902,0.30981049537100724,0.6495246031738937
Bidet from Australia.,neither,0.04062582848913359,0.31047366557575606,0.6489005059351104
what is bidet?,neither,0.08191733112755817,0.31109320414220176,0.6069894647302402
Bidet from Maine!,neither,0.04069404815304118,0.30931579984010865,0.6499901520068502
5 min,neither,0.03945320844208391,0.33037608806864915,0.630170703489267
Bidet from NorCal!!,neither,0.04228451509352876,0.2823214250720796,0.6753940598343917
Salutations!,neither,0.03945320844208391,0.33037608806864915,0.630170703489267
Bidet from Tulsa!,neither,0.04228451509352876,0.2823214250720796,0.6753940598343917
bidet from calgary,neither,0.04228451509352876,0.2823214250720796,0.6753940598343917
Bidet from phoenix,neither,0.04066490145509902,0.30981049537100724,0.6495246031738937
gandsSCANLAN gandsSCANLAN,neither,0.03945320844208391,0.33037608806864915,0.630170703489267
ARISE CHICKUN,neither,0.03945320844208391,0.33037608806864915,0.630170703489267
All the art is so good,neither,0.048191057365406964,0.43244248680918007,0.519366455825413
@Alexanderbrowning Washington wooot!,neither,0.03945320844208391,0.33037608806864915,0.630170703489267
bIDET FROM kcmo,neither,0.04228451509352876,0.2823214250720796,0.6753940598343917
Bidet Critters from Missery,neither,0.04228451509352876,0.2823214250720796,0.6753940598343917
5 minute warning,neither,0.03945320844208391,0.33037608806864915,0.630170703489267
Bidet from Calgary,neither,0.04228451509352876,0.2823214250720796,0.6753940598343917
FIRST LIVE STREAM WOOOOOOOOOO,neither,0.03645072026845664,0.33140878143246383,0.6321404982990795
bidet from montreal,neither,0.04062582848913359,0.31047366557575606,0.6489005059351104
Bidet from Wisconsin,neither,0.04071751644889743,0.3089174816120565,0.6503650019390461
Bidet from Michigan,neither,0.040769555981420263,0.3080342349327864,0.6511962090857933
Bidet from england,neither,0.04071751644889743,0.3089174816120565,0.6503650019390461
Bidet everyone! Hope everyone has had a good thursday,neither,0.050898052261383935,0.3880720204817726,0.5610299272568436
"Bidet Critters!!! Love and hugs from Hamilton, ON Canada!!!",neither,0.035120360923700036,0.30472583736505654,0.6601538017112434
@JittycusMaximus Grog finds a way to eff-up how to say certain things. Gohan = Yohan Bidet = Good Day. Beep beep = be pleased. Katiyake = kamekameha,neither,0.04529668300543033,0.3482262212636036,0.6064770957309661
#TBT with Clarota haha,neither,0.02442671500735673,0.44401926773013584,0.5315540172625074
Bidet from St Louis!,neither,0.040470992782370326,0.313101631608523,0.6464273756091067
Bidet from TX!!!,neither,0.04081748366884477,0.3072207769958956,0.6519617393352596
Bide from Oregon!,neither,0.04071751644889743,0.3089174816120565,0.6503650019390461
+,neither,0.03945320844208391,0.33037608806864915,0.630170703489267
Bidet from Indiana,neither,0.0408364874901429,0.30689823255244486,0.6522652799574122
bidet from scotland,neither,0.04062582848913359,0.31047366557575606,0.6489005059351104
Bidet from West Texas!,neither,0.04054330446898447,0.3118743135682172,0.6475823819627985
PA here,neither,0.0979213125458446,0.2854165492562083,0.6166621381979471
My first live view...woot woot,neither,0.03207182873409357,0.3748211576956618,0.5931070135702445
Bidet from Edmonton Canada!,neither,0.04071751644889743,0.3089174816120565,0.6503650019390461
Bidet from Saskatoon,neither,0.04228451509352876,0.2823214250720796,0.6753940598343917
bidet from KY,neither,0.04062582848913359,0.31047366557575606,0.6489005059351104
bidet from atl,neither,0.04078317879478948,0.307803020237201,0.6514138009680096
bidet Maryland,neither,0.03945320844208391,0.33037608806864915,0.630170703489267
yay oregon rules!,neither,0.03945320844208391,0.33037608806864915,0.630170703489267
BIDET!,neither,0.03945320844208391,0.33037608806864915,0.630170703489267
bidet from columbus oh,neither,0.046217305438488294,0.25826826087262716,0.6955144336888845
well time to fullscreen it's getting to that crazy point when reading chat gives me a headache lol,offensive_language,0.024759214440199812,0.4928857624374719,0.48235502312232825
I'm nervous for tonight BibleThump,neither,0.03165591458724249,0.28450540611283653,0.6838386792999209
Good Luck VM! Kick some undead butt!,neither,0.03561937323626817,0.37832012206271026,0.5860605047010216
beep beep Tennessee chiming in,neither,0.03945320844208391,0.33037608806864915,0.630170703489267
bidet from oklahoma! it's 9 pm but that won't keep me from iced coffee,neither,0.03698159489384171,0.26805975205419086,0.6949586530519675
Bidet from MO,neither,0.040912083971464244,0.30561516297332675,0.653472753055209
TristanSartoris -> Who wants some? [stop spamming caps] [warning],neither,0.033863184611588826,0.4467891452146634,0.5193476701737477
Bidet from NorCal also!,neither,0.04106389839533116,0.30303847599623085,0.655897625608438
@tangokilo421 It's great to be caught up! Just a few weeks ago I caught up. This chat can be hilarious,neither,0.03665710571972654,0.37484220000904406,0.5885006942712294
"@CFHistory Cool, Bidet !",neither,0.03945320844208391,0.33037608806864915,0.630170703489267
"@Scanadore From and episode with Grog, and the official way to greet a critter",neither,0.035203772258881105,0.28087793314785137,0.6839182945932676
Gooood bloody morning from Sweden.,neither,0.048685271911958844,0.173683877219152,0.7776308508688892
Bidet from traveling salesman Bret,neither,0.040737273169946825,0.30858215849491494,0.6506805683351382
bidet from the 'sippi,neither,0.039779025773403386,0.2539611253407979,0.7062598488857987
#vecna wins!,neither,0.03945320844208391,0.33037608806864915,0.630170703489267
Bidet everyone!,offensive_language,0.02988896790634741,0.4927062106388782,0.4774048214547744
bidet from NYC,neither,0.04081748366884477,0.3072207769958956,0.6519617393352596
Bidet from RI!,neither,0.04069404815304118,0.30931579984010865,0.6499901520068502
<3 <3 bideeeeet,neither,0.03945320844208391,0.33037608806864915,0.630170703489267
Bidet from Indiana,neither,0.0408364874901429,0.30689823255244486,0.6522652799574122
Bidet from Wisconsin!,neither,0.04071751644889743,0.3089174816120565,0.6503650019390461
Bidet from Tennessee!,neither,0.04071751644889743,0.3089174816120565,0.6503650019390461
my own dnd game is right after CR. lol,neither,0.043827261428130274,0.39391206781091714,0.5622606707609527
"No, he is legend",neither,0.05538296021917443,0.34036555258986295,0.6042514871909628
Bidet from Vancouver BC!,neither,0.041095261662497835,0.30250615950080734,0.6563985788366947
Bidet from Detroit!,neither,0.04080695066346891,0.3073995495860776,0.6517934997504536
bidet,neither,0.03945320844208391,0.33037608806864915,0.630170703489267
Hype for vecna!!!!!!,neither,0.03184277879193261,0.2924196068565854,0.675737614351482
Bidet from Kansas City,neither,0.04050054910234117,0.3125999837227694,0.6468994671748894
Bidet from Andersonvile Chicago!,neither,0.04078317879478948,0.307803020237201,0.6514138009680096
"Weird thought just occurred to me: Darin De Paul is here with us. Watching this, b/c he's a critter as well. That tickles me :)",neither,0.07399408432127788,0.36121651944995264,0.5647893962287694
Bidet from Ottawa!,neither,0.04228451509352876,0.2823214250720796,0.6753940598343917
3 min and still not online!!!!,neither,0.03691658620374632,0.31259231499968293,0.6504910987965709
Finally caught up and can watch a stream,neither,0.040965530700018134,0.3323059663523114,0.6267285029476705
Bidet from work,neither,0.041217964622732944,0.30042357003640935,0.6583584653408577
"@LordOfAzzagrat Bidet from MN as well,",neither,0.03851021732522768,0.3463811083324062,0.6151086743423662
Beep Beep to everyone watching live for the first time,neither,0.031246815430383778,0.39031874157855606,0.5784344429910602
Bidet from Oklahoma !!!,neither,0.04066490145509902,0.30981049537100724,0.6495246031738937
Bidet from Oregon,neither,0.04071751644889743,0.3089174816120565,0.6503650019390461
Bidet from Australia,neither,0.04062582848913359,0.31047366557575606,0.6489005059351104
gandsNatTwenty gandsNatTwenty gandsNatTwenty MAY THE ODDS EVER BE IN YOUR FAVOUR gandsNatTwenty gandsNatTwenty gandsNatTwenty,neither,0.06691731566273344,0.29135968051310296,0.6417230038241636
Bidet from Memphis!,neither,0.040737273169946825,0.30858215849491494,0.6506805683351382
"Bidet from Trail, BC",neither,0.040465664783706466,0.31319206165081714,0.6463422735654764
Bidet from Southern California!,neither,0.05973421983411923,0.3068804373496683,0.6333853428162125
Bidet from the Philippines!,neither,0.039779025773403386,0.2539611253407979,0.7062598488857987
Bill Burr loves Saskatoon,neither,0.03945320844208391,0.33037608806864915,0.630170703489267
Bidet from NYC,neither,0.04081748366884477,0.3072207769958956,0.6519617393352596
,neither,0.03945320844208391,0.33037608806864915,0.630170703489267
Bidet from New York,neither,0.044690599332616286,0.20708884905532376,0.7482205516120599
@Terron79 ME TOO!!!,neither,0.025456656249999262,0.41690574403459846,0.5576375997154023
"Bidet from Plano, TX!!",neither,0.040473471510038425,0.31305956113103167,0.64646696735893
bidet from newfoundland,neither,0.04228451509352876,0.2823214250720796,0.6753940598343917
Bidet from Cincinnati Ohio,neither,0.040754399270683486,0.3082914838698526,0.650954116859464
bidet from arvada!,neither,0.04228451509352876,0.2823214250720796,0.6753940598343917
Bidet from California,neither,0.06971251856910227,0.2972619859879888,0.633025495442909
Did I win yet?,neither,0.03945320844208391,0.33037608806864915,0.630170703489267
Bidet from Montreal,neither,0.04062582848913359,0.31047366557575606,0.6489005059351104
bidet from ontario!,neither,0.04062582848913359,0.31047366557575606,0.6489005059351104
Bidet from Toronto,neither,0.04066490145509902,0.30981049537100724,0.6495246031738937
bidet critters,neither,0.03945320844208391,0.33037608806864915,0.630170703489267
hey @GeekandSundry are we still on time? or few min late?,neither,0.05163114646790282,0.33388007777227713,0.61448877575982
Sorry nightbot. I didn't know that was a thing.,neither,0.023244323759066918,0.4124058139997448,0.5643498622411883
Today is my bday! CR night is the perfect gift,neither,0.03500562948977096,0.3544406626954041,0.6105537078148249
4,neither,0.03945320844208391,0.33037608806864915,0.630170703489267
Bidet from moon?,neither,0.04081748366884477,0.3072207769958956,0.6519617393352596
Bidet is how Grog says 'good day.',neither,0.04861752769210431,0.3110576272058926,0.640324845102003
Bidet from Cincinnati,neither,0.04228451509352876,0.2823214250720796,0.6753940598343917
Thanks for the Beep beep,neither,0.02905261070821692,0.2587373578241054,0.7122100314676776
@Beezus_qui Nice-uu Bidet !,neither,0.03945320844208391,0.33037608806864915,0.630170703489267
Bidet from Texas,neither,0.040937266849991,0.30518774380265185,0.6538749893473571
PowerUpL VaultBoy PowerUpR,neither,0.03945320844208391,0.33037608806864915,0.630170703489267
gandsSubHype gandsSubHype gandsSubHype,neither,0.03945320844208391,0.33037608806864915,0.630170703489267
bidet from Tempe AZ,neither,0.04078317879478948,0.307803020237201,0.6514138009680096
bidet from va,neither,0.04066490145509902,0.30981049537100724,0.6495246031738937
bidet from Buffalo,neither,0.04069404815304118,0.30931579984010865,0.6499901520068502
Almost show time,neither,0.05696672789750617,0.26238706525130884,0.680646206851185
Bidet from Colorado!!,neither,0.04066490145509902,0.30981049537100724,0.6495246031738937
,neither,0.03945320844208391,0.33037608806864915,0.630170703489267
bidet from portland,neither,0.04066490145509902,0.30981049537100724,0.6495246031738937
bidet from Greenville north carolina,neither,0.04040057148408362,0.31429686482539193,0.6453025636905245
refresh the stream if you cant see it. its up,neither,0.029002102175377346,0.42439392208583115,0.5466039757387914
Bidet from Saskatoon!,neither,0.04228451509352876,0.2823214250720796,0.6753940598343917
"Hey people in Oregon, I'm moving to Klamath next month. Any advice?",neither,0.06073347889994379,0.3338666037830037,0.6053999173170526
"Vecna turns to Liam and say ""You are not prepared!""",neither,0.07552682671513035,0.298323777576281,0.6261493957085887
BeepBeep & Bidet from Madisonville TX!!,neither,0.04081748366884477,0.3072207769958956,0.6519617393352596
Bidet from Houston,neither,0.040875471929787875,0.3062365648703896,0.6528879631998226
Bidet from somewhere in the middle of a zombo titan.,neither,0.03957725896390369,0.2977599524717677,0.6626627885643287
"Bidet from the UK, anyone know if matt's feeling any better?",neither,0.028387191880308756,0.34278316204967063,0.6288296460700206
Bidet from Chicago!,neither,0.04078317879478948,0.307803020237201,0.6514138009680096
beep beep from Melbourne Australia,neither,0.04062582848913359,0.31047366557575606,0.6489005059351104
gandsTrinket,neither,0.03945320844208391,0.33037608806864915,0.630170703489267
Beep Beep from Kansas,neither,0.04071751644889743,0.3089174816120565,0.6503650019390461
beep beep and bidet from Northern California,neither,0.05668060496062114,0.27534695494653233,0.6679724400928466
yay its thursday yet,neither,0.034416544368714524,0.3321084278027467,0.6334750278285388
gods i am so hype for this episode. work was so bad today ;~; im looking forward to this,neither,0.036064282118799064,0.3651118404429528,0.5988238774382482
,neither,0.03945320844208391,0.33037608806864915,0.630170703489267
Beep beep from Brasil! :),neither,0.04228451509352876,0.2823214250720796,0.6753940598343917
Vecna wont let me down!,neither,0.018894425136632795,0.40502367453257726,0.5760819003307899
Bidet from Minnesota! gandsLessthanthree gandsLessthanthree gandsLessthanthree gandsSubHype gandsSubHype gandsSubHype,neither,0.04071751644889743,0.3089174816120565,0.6503650019390461
@Thandarrian Yay another Canadian!,neither,0.08329251581020636,0.26434863856091784,0.6523588456288758
"Hey guys! There's a gun in Destiny 2 called Bad News, so if you enjoy Destiny and would like to role play Percival it's possible!",neither,0.04062847315705112,0.3571124513407401,0.6022590755022088
Bidet from Michigan,neither,0.040769555981420263,0.3080342349327864,0.6511962090857933
#TEXASCRITTERS,neither,0.03945320844208391,0.33037608806864915,0.630170703489267
bidet from lawrence ks!,neither,0.04069404815304118,0.30931579984010865,0.6499901520068502
Bidet from Tucson,neither,0.04228451509352876,0.2823214250720796,0.6753940598343917
Bidet and beep beep from San Francisco!,neither,0.03961442055833876,0.2808376962075625,0.6795478832340988
Bidet From South Carolina!,neither,0.04043176250036363,0.31376747187705417,0.6458007656225822
bidet from ID,neither,0.04097845174991622,0.304488728566897,0.6545328196831867
Hello everybody gandsLessthanthree,neither,0.03945320844208391,0.33037608806864915,0.630170703489267
Bidet from Australia!,neither,0.04062582848913359,0.31047366557575606,0.6489005059351104
I had a mini heart attacking thinking I missed Critical Role. Bidet from Southern Ontario! #Canada,neither,0.03991687423925152,0.32250646941940997,0.6375766563413385
bidet from connecticut,neither,0.04062582848913359,0.31047366557575606,0.6489005059351104
Bidet from Arkansas y'all,neither,0.042808078011918105,0.39053103227606023,0.5666608897120217
Bidet from CO,neither,0.04181741232017598,0.2902493781769742,0.6679332095028498
"Bidet from Harrisburg, PA",neither,0.04069404815304118,0.30931579984010865,0.6499901520068502
@JittycusMaximus Bidet. You're welcome. :D,neither,0.10626763448287628,0.35096606821718634,0.5427662972999374
Bidet from Nova Scotia Canada,neither,0.04071751644889743,0.3089174816120565,0.6503650019390461
Bidet!,neither,0.03945320844208391,0.33037608806864915,0.630170703489267
Bidet from Texas,neither,0.040937266849991,0.30518774380265185,0.6538749893473571
hi Thursday!,neither,0.03945320844208391,0.33037608806864915,0.630170703489267
First time catching this live as well,neither,0.034506159886418454,0.37493909754546906,0.5905547425681126
!sub,neither,0.03945320844208391,0.33037608806864915,0.630170703489267
Normal il here,neither,0.08081111026381345,0.2965332737130024,0.6226556160231842
gandsSubHype,neither,0.03945320844208391,0.33037608806864915,0.630170703489267
Bidet from South Carolina,neither,0.04043176250036363,0.31376747187705417,0.6458007656225822
Help support the #GnSLive twitch channel! $4.99/month gets you exclusive sub-only benefits and helps keep the channel alive! Thanks! twitch.tv/geekandsundry/subscribe or for MOBILE https://secure.twitch.tv/products/geekandsundry/ticket/new,neither,0.047564760200365624,0.28780811278399754,0.6646271270156369
bidet and beep beep from Montana!,neither,0.03968692788310135,0.26288412776704095,0.6974289443498578
Bidet from ottawa!,neither,0.04228451509352876,0.2823214250720796,0.6753940598343917
Bidet from Iceland !,neither,0.04228451509352876,0.2823214250720796,0.6753940598343917
beep beep from Denver!,neither,0.04069404815304118,0.30931579984010865,0.6499901520068502
Eee! It's officially Thursday ^_^,neither,0.03803203791248787,0.33086489378240813,0.631103068305104
Michigan!,neither,0.03945320844208391,0.33037608806864915,0.630170703489267
Bidet from Washington,neither,0.04080695066346891,0.3073995495860776,0.6517934997504536
Sup @CLohkamp Kansas here too,neither,0.07842480836687535,0.30156721216477833,0.6200079794683463
bye Thursday!,neither,0.03945320844208391,0.33037608806864915,0.630170703489267
Bidet from Houston,neither,0.040875471929787875,0.3062365648703896,0.6528879631998226
bidet from michigan!!!,neither,0.040769555981420263,0.3080342349327864,0.6511962090857933
What does BIDET mean???,neither,0.027815304832343783,0.4783471917130365,0.49383750345461963
Hello from Newfoundland!,neither,0.040875471929787875,0.3062365648703896,0.6528879631998226
Bidet from Massachusetts,neither,0.04069404815304118,0.30931579984010865,0.6499901520068502
#TEXASCRITTERS,neither,0.03945320844208391,0.33037608806864915,0.630170703489267
beep beep from South Dakota!!!,neither,0.04041079298828133,0.31412337922315653,0.6454658277885622
Bidet!,neither,0.03945320844208391,0.33037608806864915,0.630170703489267
bidet from louisiana!,neither,0.04062582848913359,0.31047366557575606,0.6489005059351104
Bidet from Nova Scotia Canada,neither,0.04071751644889743,0.3089174816120565,0.6503650019390461
bidet,neither,0.03945320844208391,0.33037608806864915,0.630170703489267
Bidet from Chattanooga,neither,0.04228451509352876,0.2823214250720796,0.6753940598343917
Bidet from Tucson!,neither,0.04228451509352876,0.2823214250720796,0.6753940598343917
bidet from vermont,neither,0.04228451509352876,0.2823214250720796,0.6753940598343917
#TEXASCRITTERS,neither,0.03945320844208391,0.33037608806864915,0.630170703489267
TBCrunchy,neither,0.03945320844208391,0.33037608806864915,0.630170703489267
Hi everyone!,neither,0.032490659208996964,0.4485487193596734,0.5189606214313296
Bidet!,neither,0.03945320844208391,0.33037608806864915,0.630170703489267
Bidet from New Jersey!,neither,0.04458029923653559,0.209841401288464,0.7455782994750004
Argentina present,neither,0.03945320844208391,0.33037608806864915,0.630170703489267
Bidet from Scappoose,neither,0.04228451509352876,0.2823214250720796,0.6753940598343917
"Wow, seeing so mamy Canadians!!!",neither,0.03940905810276468,0.38331060862020794,0.5772803332770274
Bidet from MN,neither,0.040737273169946825,0.30858215849491494,0.6506805683351382
BEEP BEEEP from Denver,neither,0.04069404815304118,0.30931579984010865,0.6499901520068502
,neither,0.03945320844208391,0.33037608806864915,0.630170703489267
