text,top_class,hate_speech,offensive_language,neither
WOOOOWWWW Becca on the left!,neither,0.033874334643794246,0.3264343638819893,0.6396913014742165
jcvimHi becca jcvimHi ivan,neither,0.03945320844208391,0.33037608806864915,0.630170703489267
The box of the day?,neither,0.03817640093352201,0.28075224470804677,0.6810713543584312
Sub HYPE!!!,neither,0.03945320844208391,0.33037608806864915,0.630170703489267
armagettin outta gere,neither,0.03945320844208391,0.33037608806864915,0.630170703489267
Ivan gandsLessthanthree Becca gandsLessthanthree,neither,0.03945320844208391,0.33037608806864915,0.630170703489267
Hi Cheater and Traitor!,neither,0.03882546425470081,0.299292879107338,0.6618816566379612
"Penultimate Ivan and Becca Game the Game. Soon, Becca will fly solo.",neither,0.03863661685218257,0.23075021588938924,0.7306131672584282
I rather go to soundgarden :P,neither,0.05167645551832956,0.3303084948561054,0.6180150496255651
"So basically a game where both traitors and cheaters have an inherent benefit. Sorry guests, you're not winning this one",neither,0.05571970945763003,0.3208551143831435,0.6234251761592265
Hi @HalfDonut,neither,0.03945320844208391,0.33037608806864915,0.630170703489267
"Hi, BECCA! and IVAN! How are you?",neither,0.10555665140534998,0.27058555163256803,0.623857796962082
@chaoticloony Hello! howa re you?,neither,0.1026594252664406,0.3502804810040282,0.5470600937295312
I like the game set up,neither,0.04608572053758302,0.3367574907708274,0.6171567886915896
"@HalfDonut ok, and yourself?",neither,0.03845405930435375,0.28266133942546956,0.6788846012701767
Becca's on the LEFT?! Is this a Becca-host test?!,neither,0.042600981906770814,0.3272181873680879,0.6301808307251413
I'm a sucker for good artwork,neither,0.032266420236090526,0.29782184894130587,0.6699117308226037
"@chaoticloony Okay, thanks! Looking forward to another GtG!",neither,0.08303628133570178,0.2555873108792478,0.6613764077850504
from dusk till dawn is a thing,neither,0.047947625921534225,0.3116356898119254,0.6404166842665404
"@halfdonut, Ivans chain from the dungeon only reaches to the right side of the table",neither,0.03853624602337149,0.32152454378094986,0.6399392101956787
@Andyinsomnia So it seems!,neither,0.0375903082866719,0.39021004109952123,0.572199650613807
beccaWIN beccaWIN beccaWIN beccaWIN,neither,0.03945320844208391,0.33037608806864915,0.630170703489267
@davidflegel I missed annoucement. Was there a reason?,neither,0.039265416022879786,0.29003402220777835,0.670700561769342
We have a subscriber-only Discord server! Join here: https://discord.gg/geekandsundry (you'll need to sub and link it to your Twitch) and be a part of the fun!...Warning: It can take up to an hour for the server to update and give you access to the channels,neither,0.08464076273808444,0.286394834032893,0.6289644032290227
beccaWIN beccaWIN beccaWIN beccaWIN beccaWIN,neither,0.03945320844208391,0.33037608806864915,0.630170703489267
I see a SAX next to Becca on the table cam!,neither,0.04094056065220642,0.3351171431399319,0.6239422962078616
@ghstchldrn not sure why,offensive_language,0.019692448570968468,0.5179437194853431,0.4623638319436884
@ghstchldrn None was given,neither,0.03932546632018139,0.3325442052577073,0.6281303284221114
!wtfisthis,neither,0.03945320844208391,0.33037608806864915,0.630170703489267
"You are watching #GameTheGame with Ivan Van Norman, Becca Scott Kerns and guests! Today's game is...'Outlive'! More information here: boardgamegeek.com/boardgame/191051/outlive",neither,0.0894496170894008,0.26226516038115283,0.6482852225294463
it's Katers and Sax tonight if twitter was telling the truth,neither,0.022162826312820134,0.3947391668222187,0.5830980068649612
"@ghstchldrn, Ivan is super busy but will still be producing the show I believe",neither,0.05427880662962057,0.2646073376137518,0.6811138557566278
"Help G&S make great content! $4.99/month gets you emotes, Minecraft server access, Sub Only Q&As, VODs, and more! Every sub keeps the channel alive! twitch.tv/geekandsundry/subscribe",neither,0.043092924924402844,0.32365565443818894,0.6332514206374082
bees guns :o,neither,0.03945320844208391,0.33037608806864915,0.630170703489267
I assume Axis and Allies was cancelled because someone kept insisting that we hear the arguments of the Axis powers out fully before attacking them.,neither,0.03852827247930308,0.3484606065974146,0.6130111209232824
this game sounds really cool :),neither,0.03871520298118784,0.29196347083704943,0.6693213261817629
the Becca eating kind,neither,0.03838027614261052,0.3106486454180174,0.6509710784393721
Aww not people pray,neither,0.06448473442021754,0.33237916086587715,0.6031361047139052
"That's a suspiciously specific denial there, Ivan",neither,0.0362826454733336,0.3294298699567075,0.634287484569959
@starpilotsix very topical,neither,0.03945320844208391,0.33037608806864915,0.630170703489267
"@starpilotsix, its next week",neither,0.03172549577519884,0.34787593502526587,0.6203985691995352
"""We didn't eat him!""",neither,0.023863325488004926,0.38465064311684705,0.5914860313951481
Bile is a Becca or Ivan type color!,neither,0.050068781763908304,0.3267249056197629,0.6232063126163289
The extra radiation just gets funneled into the Dungeon.,neither,0.03384831071220728,0.32055567145675645,0.6455960178310364
I can't wait to see how Becca cheats in this game KappaHD KappaHD,neither,0.04421949012241807,0.2925776587377647,0.6632028511398173
gandsBeccasaurus gandsGandsVaxSigil,neither,0.03945320844208391,0.33037608806864915,0.630170703489267
The Cheaters eat there dead.,neither,0.038707523880700395,0.28210117023009923,0.6791913058892004
Becca doesn't cheat! She just finds and exploits creative loopholes!,neither,0.03650236782177701,0.37147700773604453,0.5920206244421786
I feel so sorry for anyone that joins Becca's tribe!,neither,0.03322508426105615,0.3637018492003461,0.6030730665385977
If this game is even slightly realistic its going to be the biggest beccaWIN of all time,neither,0.02995369324237994,0.40748603487969,0.5625602718779301
Becca believes in beccaNoCheating anything else is vicious slander!,neither,0.04436508424276268,0.32868666874377134,0.626948247013466
The bad bleaklands,neither,0.030622536471579597,0.2973530389595653,0.6720244245688551
hi,neither,0.03945320844208391,0.33037608806864915,0.630170703489267
Hi Sax and Kate!,neither,0.03869401354372475,0.29213104977327864,0.6691749366829968
Or vicious mockery? @Critternation3000 :D,neither,0.03945320844208391,0.33037608806864915,0.630170703489267
#TeamSax,neither,0.03945320844208391,0.33037608806864915,0.630170703489267
"Hi, KATE and SAX!",neither,0.03869401354372475,0.29213104977327864,0.6691749366829968
jcvimHi katers jcvimHi sax,neither,0.03945320844208391,0.33037608806864915,0.630170703489267
Hi @wic88,neither,0.03945320844208391,0.33037608806864915,0.630170703489267
You never see Sax and Kate in the same room at the same time. They're clearly the same person and this is just green screened,neither,0.05161845748643575,0.3224004044172037,0.6259811380963607
Sax gandsLessthanthree Katers gandsLessthanthree,neither,0.03945320844208391,0.33037608806864915,0.630170703489267
hey kate and sax,neither,0.0386583911743643,0.29013560352054735,0.6712060053050883
Re Sub HYPE!!!,neither,0.05796738926929811,0.3016950255183242,0.6403375852123776
Welcome to the Blahlands,neither,0.04828521949961754,0.3017179234363179,0.6499968570640645
gandsSubHype 31 gandsSubHype,neither,0.03945320844208391,0.33037608806864915,0.630170703489267
Hey everyone!,neither,0.031959242684595296,0.4575682446653829,0.5104725126500218
Be that guy!,neither,0.03353335460367426,0.4125548630205858,0.5539117823757398
Hi @Aledoonia,neither,0.03945320844208391,0.33037608806864915,0.630170703489267
PogChamp PogChamp PogChamp PogChamp,neither,0.03945320844208391,0.33037608806864915,0.630170703489267
holy shit,offensive_language,0.04257650662097627,0.9573463282193174,7.716515970639687e-05
"Fabulous job, everyone",neither,0.03392545743268697,0.4241964489786765,0.5418780935886365
IVAN! BECCA!,neither,0.03945320844208391,0.33037608806864915,0.630170703489267
beccaWIN beccaWIN beccaWIN beccaWIN beccaWIN,neither,0.03945320844208391,0.33037608806864915,0.630170703489267
What about... GAME?!,neither,0.04434968182641731,0.30440395824107747,0.6512463599325051
that is amazing Paper,neither,0.043392016858683505,0.3696600016527179,0.5869479814885986
The forecast tonight...,neither,0.034567065224943405,0.2749126818630913,0.6905202529119652
Tickle england,neither,0.03945320844208391,0.33037608806864915,0.630170703489267
"When guesting on shows, Sax should turn his hat backwards and call himself Xas. No one will be the wiser.",neither,0.04994703990108008,0.36666336598716986,0.58338959411175
"""Stop rubbing Russia!"" Thats a sentence i thought i'd NEVER hear!!",neither,0.0389518355421195,0.33861603502648224,0.6224321294313981
"A giid start already: ""Becca stop running Russia""",neither,0.03853801799967453,0.4031643617955366,0.5582976202047889
Makes me glad i joined Team Sax this week!,neither,0.03416457504625837,0.35913928888059604,0.6066961360731457
Look at these nerds playing board games :P,neither,0.046348952567493884,0.3972536545680218,0.5563973928644843
"Hey, @tenostark",neither,0.03945320844208391,0.33037608806864915,0.630170703489267
"Huh! The right keys, who needs them!",neither,0.04914325742749183,0.3748181565651783,0.5760385860073298
https://clips.twitch.tv/VenomousVenomousWebCclamChamp,neither,0.03945320844208391,0.33037608806864915,0.630170703489267
@halfdonut hola,neither,0.03945320844208391,0.33037608806864915,0.630170703489267
"""In the meantime let's survive the post apocalypse"" - Ivan 2017",neither,0.027544701911751904,0.32998156508037724,0.6424737330078708
"""Stop rubbing Russia."" - A surprising key phrase now at the State Department -- No reason.",neither,0.05121668967340862,0.32715905210666546,0.621624258219926
I'm going to miss Ivan on Game the Game. BibleThump,neither,0.03403180009175012,0.28677736987766655,0.6791908300305832
Soon it'll just be called Becca the Becca.,neither,0.03337907860365989,0.33889415528243844,0.6277267661139018
oh cool jacket Kate,neither,0.043605613791750805,0.29050776009913276,0.6658866261091164
why ivan can not be on gtg becuse the show going be on a diff day @Chronob64,neither,0.03504391859786844,0.31044059539404634,0.6545154860080853
"But, truthfully, Becca could run Russia and I would have no problem with it",neither,0.027971492739619748,0.3466638268939433,0.6253646803664369
They could always make a cardboard cut-out of Ivan on Mines n Crafts that Becca could use as a co-host.,neither,0.01944371282030243,0.4476695762534821,0.5328867109262155
Nice giant fake Stone blocks Sax,neither,0.03945320844208391,0.33037608806864915,0.630170703489267
Don't forget to visit Star Trek Online and support Shield of Tomorrow! www.StarTrekOnline.com/ShieldofTomorrow,neither,0.05687602105656693,0.30425729811326435,0.6388666808301687
so i cant cheer with bits unless i have 10k bits?,neither,0.031416313640131636,0.39332363696011197,0.5752600493997564
when is critical role next rebroadcast?,neither,0.03636389945022233,0.378491033542776,0.5851450670070016
I would vote for an Ivan-bot :D,neither,0.03446849793030449,0.2986868785760331,0.6668446234936624
Sub HYPE!!!,neither,0.03945320844208391,0.33037608806864915,0.630170703489267
"Hey, guys!",neither,0.03929207127355727,0.33311100635304525,0.6275969223733975
We have a subscriber-only Discord server! Join here: https://discord.gg/geekandsundry (you'll need to sub and link it to your Twitch) and be a part of the fun!...Warning: It can take up to an hour for the server to update and give you access to the channels,neither,0.08464076273808444,0.286394834032893,0.6289644032290227
"No getting wood jokes, please.",neither,0.0355189027499591,0.3971515233836697,0.5673295738663712
Hi @jazzwalgar,neither,0.03945320844208391,0.33037608806864915,0.630170703489267
Ivan Hologram?,neither,0.03945320844208391,0.33037608806864915,0.630170703489267
"@starpilotsix We ""wood""en't do that!",neither,0.0371851296337569,0.3676526728443555,0.5951621975218877
"@hubbs40, its set that high for CR, lets make sure @danoba see its not been changed back",neither,0.02520491003918299,0.4465787620912557,0.5282163278695613
@jolygolo after today live broadcoasts,neither,0.04316447256729938,0.3026649736912135,0.6541705537414872
gandsHR gandsHR gandsHR gandsHR,neither,0.03945320844208391,0.33037608806864915,0.630170703489267
ahhh ty andy,neither,0.03945320844208391,0.33037608806864915,0.630170703489267
"Roger that, thanks.",neither,0.03395176518343407,0.3524185264985482,0.6136297083180178
"Help G&S make great content! $4.99/month gets you emotes, Minecraft server access, Sub Only Q&As, VODs, and more! Every sub keeps the channel alive! twitch.tv/geekandsundry/subscribe",neither,0.043092924924402844,0.32365565443818894,0.6332514206374082
Becca in the post apocalypse all the non broken stuff gets taken real quick. :-p,neither,0.03560310569697262,0.41017946634400243,0.5542174279590248
@chaoticloony I pine for the days we didn't do puns like this.,neither,0.030680776275254864,0.34152358213242107,0.6277956415923241
Re Sub HYPE!!!,neither,0.05796738926929811,0.3016950255183242,0.6403375852123776
gandsHR gandsHR gandsHR,neither,0.03945320844208391,0.33037608806864915,0.630170703489267
"Getting wood is easy, Keeping wood now that is hard",offensive_language,0.0380019065997279,0.48968083309398847,0.4723172603062836
@starpilotsix Just Leaf it alone,neither,0.03406515584715232,0.3505038247835476,0.6154310193693
