text,top_class,hate_speech,offensive_language,neither
@Dragonchrome Hello =D!,neither,0.03945320844208391,0.33037608806864915,0.630170703489267
!clock NEXT Talks Machina simulcast at 7pm >> wheniscriticalrole.com/talksmachina << and later AXYB: 9-11pm.,neither,0.038201835003627393,0.3280529359989397,0.6337452289974329
It is currently 6:38 PM at the Geek & Sundry studio in California.,neither,0.051991185132496114,0.32955794337183575,0.6184508714956681
Hey @Zepaddon I live at canalside and it has been terrible even by the water.,neither,0.039825129081970785,0.345120010924229,0.6150548599938002
"The channel was gone live. If you cannot see the folks in the studio , please refresh.",neither,0.036974951648040155,0.35413151110078345,0.6088935372511763
preview camera is up,neither,0.04408567287473112,0.37463680804970023,0.5812775190755686
woot go cowboys,neither,0.040502175040193336,0.3340152605348819,0.6254825644249247
Yay,neither,0.03945320844208391,0.33037608806864915,0.630170703489267
@BuffaloVal im right on niawanda park area. not too far,neither,0.034999480542310245,0.3843467539262356,0.5806537655314542
time for a another zaney episode of talks machina,neither,0.0690476353265621,0.26270564332789836,0.6682467213455395
Howdy @postdataest =),neither,0.03945320844208391,0.33037608806864915,0.630170703489267
repeat,neither,0.03945320844208391,0.33037608806864915,0.630170703489267
archfey are crazy and i love them,neither,0.06804572613827818,0.363268030293647,0.568686243568075
"The channel was gone live. If you cannot see the folks in the studio , please refresh.",neither,0.036974951648040155,0.35413151110078345,0.6088935372511763
does this start on the hour?,neither,0.02435158848108397,0.44566484099960485,0.5299835705193111
good day @Ripartist,neither,0.039184892391848775,0.3050917618113163,0.6557233457968349
30 minutes,neither,0.03945320844208391,0.33037608806864915,0.630170703489267
Hello,neither,0.03945320844208391,0.33037608806864915,0.630170703489267
Bidet from houston,neither,0.040875471929787875,0.3062365648703896,0.6528879631998226
ty man,neither,0.03961933983461771,0.4054141257912207,0.5549665343741617
wheniscriticalrole.com/talksmachina,neither,0.03945320844208391,0.33037608806864915,0.630170703489267
it should start on the hour @pam__poovey,neither,0.04573685431677304,0.36255421413711275,0.5917089315461141
its normally like 15-20 mins past,neither,0.04173079277269352,0.34247766195206364,0.6157915452752428
it arrive precisley when it means to,neither,0.03376107462255611,0.36892597235847396,0.5973129530189699
bidet from san diego!!,neither,0.040446282760733435,0.31352102516371877,0.6460326920755478
excellent music ... makes me wanna bang on the drums all night long...,neither,0.029344756749890573,0.3927204586788335,0.5779347845712759
"IN Other News... http://geekandsundry.com/check-out-our-new-fall-twitch-schedule/ <<<<The New Fall Schedule begins NEXT Monday, October 2nd, with a launch party (in what will be the new Mines N Crafts time slot) .",neither,0.03763483767673302,0.2324539082170104,0.7299112541062567
i just wanna know wtf the sword does,offensive_language,0.02679109663800172,0.5837212254054646,0.38948767795653383
@Dragonchrome and not a moment sooner eh? =D,neither,0.03784963033063511,0.3034552550459249,0.65869511462344
@deuce2850 We're the moderators for this channel.,neither,0.04867145611458678,0.26644040877476904,0.6848881351106442
@Deuce2850 everything,neither,0.03945320844208391,0.33037608806864915,0.630170703489267
howdy y'all a+ picture,neither,0.04254545430803927,0.45106354631645895,0.5063909993755018
"My neighbor was knocking on my door at 2:30 this morning... 2:30 AM, luckily i was up all night playing my drumbs",neither,0.02506836326292503,0.45295089263277305,0.5219807441043021
@Ripartist ;),neither,0.03945320844208391,0.33037608806864915,0.630170703489267
the NEW schedule will NOT affect either Talks Machina not Critical Role,neither,0.040171925676970845,0.2676273805283956,0.6922006937946337
why does this music sounds so familiar NotLikeThis,neither,0.022514319389706636,0.4687332208140849,0.5087524597962084
lol no not the mod saword the sword of cas sorry for the confusion,neither,0.027395658242043597,0.328420920242803,0.6441834215151534
*nor Critical Role,neither,0.03945320844208391,0.33037608806864915,0.630170703489267
Kas*,neither,0.03945320844208391,0.33037608806864915,0.630170703489267
"@Deuce2850 Kas - all the things, looks to be pretty standard from the PHB....",neither,0.04539034840289045,0.34169145211516844,0.612918199481941
Bidet from California,neither,0.06971251856910227,0.2972619859879888,0.633025495442909
"@Deuce2850 Sorry, DMG",neither,0.03945320844208391,0.33037608806864915,0.630170703489267
Bidet!,neither,0.03945320844208391,0.33037608806864915,0.630170703489267
the flute part reminds me of the pokemon movie,neither,0.03531790713239751,0.31168906244343614,0.6529930304241663
"@Deuce2850 +3 Longsword, deals +2d10 to undead, gives +1d10 to INIT",neither,0.05248543696579766,0.32296067616855373,0.6245538868656487
"DMG, actually",neither,0.03945320844208391,0.33037608806864915,0.630170703489267
yea Grogs new sword has awesome stats... at least thats what we are led to believe 0.o,neither,0.060345151915337424,0.27164838231497973,0.6680064657696828
"@Deuce2850 also it can cast Call Lightning, Divine Word and FoD",neither,0.037940156596573134,0.29630539132796146,0.6657544520754655
Hello from KSA it's 04:42 am here :),neither,0.07367398868676828,0.28770657658304355,0.6386194347301882
Bidet from Brisbane Australia,neither,0.04062582848913359,0.31047366557575606,0.6489005059351104
bidet from Owosso mi,neither,0.04081748366884477,0.3072207769958956,0.6519617393352596
@Deuce2850,neither,0.03945320844208391,0.33037608806864915,0.630170703489267
who is on tonight?,neither,0.04263739210545923,0.3923205286799001,0.5650420792146407
"bidet chat, rules question: if i use the Wand of Viscid Globs, can I also bonus action Misty Step in the same turn????",neither,0.019363422390285583,0.3827230710561619,0.5979135065535525
"@Deuce2850 also has 4 random properties, and its a CE sentient weapon",neither,0.035750234947247626,0.30498910084456027,0.659260664208192
@Dragonchrome FoD !? omg ...,neither,0.03945320844208391,0.33037608806864915,0.630170703489267
Just Laura and Travis I believe,neither,0.03464404210845843,0.3126707890265192,0.6526851688650225
Bidet from NJ,neither,0.04069404815304118,0.30931579984010865,0.6499901520068502
Bidet from Oklahoma!,neither,0.04066490145509902,0.30981049537100724,0.6495246031738937
iggles,neither,0.03945320844208391,0.33037608806864915,0.630170703489267
"On tonight’s show are Laura, Travis and Host Brian, discussing episode 112",neither,0.05680197898017137,0.24325761745344057,0.6999404035663882
what team does travis like again?,neither,0.03711822717767034,0.4596323044662951,0.5032494683560345
That explains the Cowgirls schedule,neither,0.03607894926728498,0.34853355665587965,0.6153874940768355
Bidet from OK! Also Go Pack Go!!,neither,0.04211301546910292,0.3234975127730087,0.6343894717578883
The Washington Redskins...,neither,0.03878278320762339,0.12482093456473749,0.8363962822276391
its too bad there is no after dark tonight..i had a non CR question for travis,neither,0.033936244000605555,0.295792235943028,0.6702715200563664
">tfw you got the CR subreddit to see people talk about the sword of Kas, and be generally surprised when people ask ""does anyone have the stats for it?"" lol",neither,0.038333511483127136,0.426420852126663,0.53524563639021
If it doesn't allow him to fly how's he even gonna hit vecna with it,neither,0.026216858234101265,0.4190015670063917,0.5547815747595071
"Week 16, Travis! Were coming for you! Go Sea-Hawks!😋",neither,0.045246376667125277,0.32514645036898127,0.6296071729638935
Just go get an old DMG or the Book of Artifacts,neither,0.0356968453936518,0.3403637918522295,0.6239393627541187
Wait woah woah woah is G&S going back to their old time slots?,neither,0.04374768909590424,0.34523047248542266,0.6110218384186732
I'm new to the chat. Is Talks live on the channel or does this go dark for anyone who isn't on Alpha or subbed?,neither,0.036805794219531,0.35936173273012795,0.6038324730503409
"IN Other News... http://geekandsundry.com/check-out-our-new-fall-twitch-schedule/ <<<<The New Fall Schedule begins NEXT Monday, October 2nd, with a launch party (in what will be the new Mines N Crafts time slot) . The NEW schedule will NOT affect either Talks Machina nor Critical Role.",neither,0.03852141879510541,0.22591816544135468,0.7355604157635398
@Shvvanky D&D Rules question answered in the Sage Advice Compendium link http://media.wizards.com/2017/dnd/downloads/SA-Compendium.pdf,neither,0.037738504581269657,0.28036703965480897,0.6818944557639214
!clock NEXT Talks Machina simulcast at 7pm >> wheniscriticalrole.com/talksmachina << and later AXYB: 9-11pm.,neither,0.038201835003627393,0.3280529359989397,0.6337452289974329
It is currently 6:44 PM at the Geek & Sundry studio in California.,neither,0.051991185132496114,0.32955794337183575,0.6184508714956681
@acespade4 you’re good it’s live here,neither,0.19921954433964012,0.28238106395124796,0.5183993917091119
no they're staying at their normal time slots @Sco____ just switching up some shows,neither,0.037592324232121964,0.39485577542575084,0.5675519003421272
Talks Machina simulcast at 7pm >>,neither,0.03873809723113231,0.3521495033941839,0.6091123993746838
@acespade4 Live on channel,neither,0.04104493720818116,0.34308500297879896,0.61587005981302
"oh yea hey Bidet From Pittsburgh, PA",neither,0.04365254984705438,0.2856978621687268,0.6706495879842188
!clock,neither,0.03945320844208391,0.33037608806864915,0.630170703489267
It is currently 6:45 PM at the Geek & Sundry studio in California.,neither,0.052256995368747255,0.32953140600233183,0.6182115986289209
"Evening chat, bidet from Fort Smith, Arkansas. :D",neither,0.04016438856970791,0.31830550527063667,0.6415301061596554
"@mierdv yeah I've seen it in multiple editions, just shocked at how much of the CR community has no idea what it is or its stats are",neither,0.02736902896188524,0.3645461275375953,0.6080848435005194
Don't forget to visit Star Trek Online and support Shield of Tomorrow! www.StarTrekOnline.com/ShieldofTomorrow,neither,0.05687602105656693,0.30425729811326435,0.6388666808301687
approx 15 mins until TM starts folks,neither,0.03945320844208391,0.33037608806864915,0.630170703489267
!clock,neither,0.03945320844208391,0.33037608806864915,0.630170703489267
"The Sword of Kas, Hand & Eye of Vecna, and Lady Kima's Holy Avenger are all classic weapons from D&D history.",neither,0.05654778225625064,0.3016251217375658,0.6418270960061835
Awesome! I'm so excited this is the first Talks I have EVER seen.,neither,0.03836752836726814,0.3551571664553561,0.6064753051773757
@LeviWS831 Dax is on his Sophomore slump so you're golden but don't let him off the hook..whip his ass.,offensive_language,0.15076023033118346,0.7590359483552063,0.09020382131361036
"@dragonchrome that one isnt in the compendium unfortunately, i tweeted perkins, but no reply",neither,0.034217436783538654,0.37426680083422814,0.5915157623822334
@acespade4 welcome!,neither,0.03945320844208391,0.33037608806864915,0.630170703489267
"Holy hell, never been on talks live. 5 am in my place, hhey chat",offensive_language,0.0336443390176963,0.6214490096624194,0.3449066513198842
"bidet from Ypsilanti, MI y'all",neither,0.04324940744025782,0.3982080527344978,0.5585425398252444
Good morning @TheOneKlisH,neither,0.04970930963283925,0.13564577574880146,0.8146449146183593
"@Shvvanky give it time, Mr Perkins is one busy man",neither,0.04228014600950764,0.4031883031229305,0.5545315508675618
"Root for whoever you want, you're all playing for second place to my Patriots",neither,0.059223881054890966,0.3799800742815602,0.5607960446635488
BIDET.... from the Big Apple!,neither,0.023328877317441456,0.3613364497967864,0.6153346728857721
I think the sword will be a non factor against vecna. Grog won't be able to get to him,neither,0.047913784719504096,0.29824564641700185,0.653840568863494
@TheOneKlisH hey there =D welcome!,neither,0.03937515659565427,0.28381581337524037,0.6768090300291054
@yogibear93 I bet Matt has changed it up due to that wall of text he hit Travis with,neither,0.03326435000948626,0.4269996461106683,0.5397360038798455
We have a subscriber-only Discord server! Join here: https://discord.gg/geekandsundry (you'll need to sub and link it to your Twitch) and be a part of the fun!...Warning: It can take up to an hour for the server to update and give you access to the channels,neither,0.08464076273808444,0.286394834032893,0.6289644032290227
@theoneklish heyy good morning,neither,0.04638486404299651,0.20072574318086445,0.7528893927761391
Bidet,neither,0.03945320844208391,0.33037608806864915,0.630170703489267
Bidet from NJ,neither,0.04069404815304118,0.30931579984010865,0.6499901520068502
Bidet from Edmonton,neither,0.04228451509352876,0.2823214250720796,0.6753940598343917
Bidet from Iowa everyone!,neither,0.03453719590716363,0.4138136505566087,0.5516491535362276
Bidet from Norway,neither,0.04228451509352876,0.2823214250720796,0.6753940598343917
Bidet from the ATL,neither,0.03961178605923053,0.2896091899656305,0.670779023975139
Where is everyone watching from? Bidet from Birmingham (AL),neither,0.04742487805927674,0.3004437024348957,0.6521314195058275
Bidet from Maryland!,neither,0.04066490145509902,0.30981049537100724,0.6495246031738937
why no Bidet emote yet?,neither,0.024593077125347397,0.3701195383652642,0.6052873845093883
@tomservo544 not if Scanlon or keyless cast earthbind,neither,0.022553518138107468,0.38710818041259615,0.5903383014492964
Bidet from Virginia!,neither,0.04079557052152802,0.30759270029461827,0.6516117291838538
Bidey from Iowa!,neither,0.04069404815304118,0.30931579984010865,0.6499901520068502
Wonders if Whitestone is having Octoberfest this week,neither,0.029621916637590676,0.3754441477903382,0.5949339355720711
I'm going to make that spell for my Universalist Wizard... Wall of Text - Save vs Wis or be stunned for 1d10 rounds,neither,0.02753230162479676,0.4097260550104879,0.5627416433647153
bidet from jersey,neither,0.0408364874901429,0.30689823255244486,0.6522652799574122
Thx guys <3 How's everyone doing? @SzetaPrime bidet from Moscow,neither,0.0354192790567899,0.398842397453872,0.565738323489338
Bidet from Just outside Edmonton!,neither,0.03480942458535632,0.33464369427187074,0.6305468811427729
@Muntface Because it's a played out joke...,neither,0.03412307541538539,0.3465437648338637,0.6193331597507509
"Help G&S make great content! $4.99/month gets you emotes, Minecraft server access, Sub Only Q&As, VODs, and more! Every sub keeps the channel alive! twitch.tv/geekandsundry/subscribe",neither,0.043092924924402844,0.32365565443818894,0.6332514206374082
Bidet from Lubbock Texas!,neither,0.040937266849991,0.30518774380265185,0.6538749893473571
@adenknight02 Always good to see another Iowan!,neither,0.11222562503260687,0.2993586797249122,0.5884156952424809
"@yogibear93 I have full confidence that vecna will save, but it could happen",neither,0.04557949623611557,0.35038605140354523,0.604034452360339
Bidet from Maryland!,neither,0.04066490145509902,0.30981049537100724,0.6495246031738937
@Muntface you really want pictures of bidets in chat?,neither,0.05471385181154212,0.36911066758682887,0.5761754806016289
"goddammn autocorrect, scanlan and keyleth*",neither,0.03846438058034846,0.2787701933039564,0.6827654261156952
@darkofnate ...true ...true,neither,0.03945320844208391,0.33037608806864915,0.630170703489267
americans dont use bidets. we wipe with tree bark,neither,0.017016450987480784,0.41074245358226613,0.5722410954302531
@MierDv nice thats sounds like a grand idea for a spell =D,neither,0.04167984972687642,0.3193771059642267,0.638943044308897
Bidet my dudes!,neither,0.02356582543508756,0.46096478612711306,0.5154693884377993
"@Muntface I think because if there was an emote for Bidet, it would end up looking too much like a toylet",neither,0.025407768795715224,0.3518186794840903,0.6227735517201946
bidet from long island ny,neither,0.04017944379920894,0.3128524409485844,0.6469681152522065
"@tomservo544 Grog can't jump super high he should be able to get to him, and if the group is smart & learned from last encounter they will counter act hold spells & other flying factors",neither,0.04421423220054208,0.36739166838607284,0.588394099413385
Bidet from Wininpeg,neither,0.04228451509352876,0.2823214250720796,0.6753940598343917
so who do you think will win the fight chat??,neither,0.05540533801695986,0.41822272884641465,0.5263719331366254
@tomservo544 just gotta burn his saves on spells that seem big at first like disintegrate,neither,0.03747696463295329,0.40334277380921224,0.5591802615578345
@SpeedDemonStar yes! generally I see very few of the G&S emotes being used. Room to imrove them I reckon!,neither,0.04922896245959674,0.32989397302542284,0.6208770645149804
Jebaited Travis,neither,0.03945320844208391,0.33037608806864915,0.630170703489267
bidet from Minnesota!,neither,0.04071751644889743,0.3089174816120565,0.6503650019390461
"The ad currently taking up most of my chat window says ""HAPPY HOUR EVERY THURSDAY"" -7PM PST",neither,0.03274961821206891,0.3839671799627895,0.5832832018251416
Bidet from australia!,neither,0.04062582848913359,0.31047366557575606,0.6489005059351104
Bidet from Wyoming!,neither,0.04069404815304118,0.30931579984010865,0.6499901520068502
"Bidet from Weymouth, MA",neither,0.031816597323666866,0.4599893087150652,0.5081940939612679
gandsGandsPoo gandsSCANLAN gandsGandsPoo,neither,0.03945320844208391,0.33037608806864915,0.630170703489267
it wont let me watch the stream because the ad before the stream wont play. refreshing my broswer and stream have not worked. any help,neither,0.028032018594724404,0.37270677336642666,0.5992612080388491
@ToonEzon a classy european one ;),neither,0.03863948560778694,0.3602751063145206,0.6010854080776926
"@Muntface for bathroom breaks or greetings, nobody will ever know xD",neither,0.03144371958088524,0.39471548069905976,0.5738407997200551
doesn't Grog have boots of feral leaping? might help with jumping?,neither,0.031687166558476525,0.3614035883286284,0.606909245112895
Crikey!,neither,0.03945320844208391,0.33037608806864915,0.630170703489267
Bidet from Hurricane Capital of the World,neither,0.03955017559468431,0.3043978186494045,0.6560520057559112
@Muntface They're not actively used here because folks seem to rather converse than jsut emote at each other,neither,0.07784736644410559,0.3113204626789619,0.6108321708769325
@littlemadster try another browser,neither,0.12935522115795517,0.21943984091192487,0.6512049379301198
is talks tonight Or is it Monday (he said ironically),neither,0.05309534200050155,0.30857406979579066,0.6383305882037077
Damn they only play the packers once,offensive_language,0.04353400741752274,0.6869006768308086,0.26956531575166864
Hello all,neither,0.04217753453783664,0.43734383323855475,0.5204786322236087
bidet from Arkansas,neither,0.04066490145509902,0.30981049537100724,0.6495246031738937
grabbing a quick snack brb,neither,0.03945320844208391,0.33037608806864915,0.630170703489267
@ShandraVdeG FeelsGoodMan,neither,0.03945320844208391,0.33037608806864915,0.630170703489267
Close the browser and clear the cache. Should bring you back fresh.,neither,0.05847476738473476,0.330060770971812,0.6114644616434532
"@littlemadster ublock origin, if you can't access it because of ad problems",neither,0.035163757439745744,0.3895804808966234,0.5752557616636308
Bidet from Arkansas,neither,0.04066490145509902,0.30981049537100724,0.6495246031738937
@onetearfalls it's tomight,neither,0.034373745257138544,0.33212314837979673,0.6335031063630647
Bidet from canadaland,neither,0.04228451509352876,0.2823214250720796,0.6753940598343917
wheniscriticalrole.com/talksmachina,neither,0.03945320844208391,0.33037608806864915,0.630170703489267
@Lbim31 only 20ft horizontally though,neither,0.03945320844208391,0.33037608806864915,0.630170703489267
@yogibear93 are you talking about the not so sunshiny shunshine state lel,neither,0.11227456357189029,0.28993455867272255,0.5977908777553872
Go Texans,neither,0.040946396405737426,0.33556114362930417,0.6234924599649584
gandsSubHype gandsMatt gandsSubHype,neither,0.03945320844208391,0.33037608806864915,0.630170703489267
lol what is this propoganda,neither,0.047373874940387396,0.4102114008407796,0.542414724218833
@Lbim31 And 15 vertically,neither,0.03835564764860013,0.2719488624526182,0.6896954898987816
"so considering the prominant use of the sphere of anihilaton last Thursday, I kinda wanna bring Rover into DnD, any tips on how to stat it?",neither,0.02638697255335252,0.37586349985555273,0.5977495275910947
bidet from Worthing UK. 02:45AM here,neither,0.0792787382009392,0.28380505382283633,0.6369162079762245
or origins etc,neither,0.03945320844208391,0.33037608806864915,0.630170703489267
