text,top_class,hate_speech,offensive_language,neither
maybe travis plays wizard in next campaign? Pogchamp,neither,0.038998918711383355,0.3380865704003588,0.622914510888258
Just realized I haven't fixed my drink yet. BRB !grappleaway,neither,0.030233909667921808,0.39372933830501755,0.5760367520270606
@ShandraVdeG aside from people just emoting at each other... there's defeintely room to improve the emotes - for example is bearded improve still on the schedule? gandsGandsBeardedMen,neither,0.04820256554013213,0.3095001486250154,0.6422972858348525
"Chili, cornbread, beer, Talks...perfect evening",neither,0.03945320844208391,0.33037608806864915,0.630170703489267
@theoneklish ohhh darn.. :/,neither,0.03945320844208391,0.33037608806864915,0.630170703489267
"@littlemadster sw? gross lol I live in Broward county, I got off with like one panel of fence coming down lol",neither,0.03250274250245511,0.4379507251670746,0.5295465323304702
"Oh god, I was wrong! It's too much! Too much! Aawwwww!",neither,0.03616821046870487,0.3064726110088736,0.6573591785224215
https://clips.twitch.tv/RamshackleZanyNightingaleJonCarnage,neither,0.03945320844208391,0.33037608806864915,0.630170703489267
bidet everyone,offensive_language,0.02988896790634741,0.4927062106388782,0.4774048214547744
karaTongue karaTongue2 karaTongue3,neither,0.03945320844208391,0.33037608806864915,0.630170703489267
"@onetearfalls don't worry, you didn't miss it, Talks is turntnight",neither,0.03681554225352444,0.4045364731877037,0.5586479845587718
Bidet!,neither,0.03945320844208391,0.33037608806864915,0.630170703489267
bidet from wisconsin :),neither,0.04071751644889743,0.3089174816120565,0.6503650019390461
karaRekt,neither,0.03945320844208391,0.33037608806864915,0.630170703489267
Good days to everyone from Utah,neither,0.039758145319881935,0.39716904832835914,0.5630728063517589
"got 9 mins left before we start, grab your drinks and snacks , Stary Turnt",neither,0.05058707623951393,0.3636823356921553,0.5857305880683308
@narafan I'm in Eureka. Nice to have a fellow Arkansan in the critter group.,neither,0.04348590900498217,0.32168771348835734,0.6348263775066605
"I live in Bronco land, Travis would not be enjoying himself here the past couple weeks.",neither,0.06112446588057473,0.30485837669346133,0.634017157425964
*Stay Turnt,neither,0.03945320844208391,0.33037608806864915,0.630170703489267
WutFace,neither,0.03945320844208391,0.33037608806864915,0.630170703489267
Travis FFS :D,neither,0.03945320844208391,0.33037608806864915,0.630170703489267
BIDET TRAVIS,neither,0.03945320844208391,0.33037608806864915,0.630170703489267
do you wish that Laura and Liam still twins in the new camping?,neither,0.04755273759112174,0.299769808754833,0.6526774536540453
Travis WutFace,neither,0.03945320844208391,0.33037608806864915,0.630170703489267
I got no video or audio,neither,0.042579518361724,0.3005964027450238,0.6568240788932522
Could anyone read that?,neither,0.03551678753267098,0.3732023713983331,0.5912808410689958
hhehehe so creepy,neither,0.03940826874161735,0.3912694754451444,0.5693222558132381
:),neither,0.03945320844208391,0.33037608806864915,0.630170703489267
wow I love him,neither,0.03573053724911776,0.34997670824501687,0.6142927545058653
bidet Travis!,neither,0.03945320844208391,0.33037608806864915,0.630170703489267
HAHAHA,neither,0.03945320844208391,0.33037608806864915,0.630170703489267
"""Bidet all"" was it?",offensive_language,0.040184005550373665,0.4900555718354245,0.4697604226142019
2spooky4me,neither,0.03945320844208391,0.33037608806864915,0.630170703489267
For their sake someone needs to play a wizard. I would be nice to have someone Identify their magic items without all the guessing,neither,0.04179339155546318,0.33660180704368714,0.6216048014008496
BIDET TRAVIS!!!,neither,0.03945320844208391,0.33037608806864915,0.630170703489267
o.0,neither,0.03945320844208391,0.33037608806864915,0.630170703489267
lmao bidet travis!!,neither,0.038366739388735124,0.3488163033622609,0.6128169572490041
white balance y'all,hate_speech,0.5750380002434574,0.406209866233471,0.018752133523071677
BIDET!,neither,0.03945320844208391,0.33037608806864915,0.630170703489267
LOL,neither,0.020706217963973744,0.4882283491876925,0.4910654328483337
danCreep,neither,0.03945320844208391,0.33037608806864915,0.630170703489267
Bidet Travis!,neither,0.03945320844208391,0.33037608806864915,0.630170703489267
Beep Beep!,neither,0.03945320844208391,0.33037608806864915,0.630170703489267
https://clips.twitch.tv/NastyVastSalamanderSeemsGood,neither,0.03945320844208391,0.33037608806864915,0.630170703489267
@yogibear93 bet you got a lot of storm surge,neither,0.0497189216541221,0.39744493410853843,0.5528361442373395
BIDET!,neither,0.03945320844208391,0.33037608806864915,0.630170703489267
@GaamacTV I think so?,neither,0.040564643702812306,0.4056013163067219,0.5538340399904659
"""bidet y'all""",offensive_language,0.046917543854519406,0.6277741405869331,0.3253083155585475
PowerUpL gandsRage PowerUpR,neither,0.03945320844208391,0.33037608806864915,0.630170703489267
bidet from brazil travis,neither,0.04038150078596344,0.3146205443430473,0.6449979548709892
BIDET TRAVIS!,neither,0.03945320844208391,0.33037608806864915,0.630170703489267
bidet!!,neither,0.03945320844208391,0.33037608806864915,0.630170703489267
BIDET,neither,0.03945320844208391,0.33037608806864915,0.630170703489267
The twins relation ship was the best but it has been decided that they will not do that again.,neither,0.03203675875862792,0.3636012281889809,0.6043620130523911
"evening, folks!",neither,0.03945320844208391,0.33037608806864915,0.630170703489267
my friend got so mad over the bills taking a knee. i was like. well if are tard president had kept his mouth shut this wouldnt have happened,neither,0.051803881126722844,0.40645763468398655,0.5417384841892906
Bidet Everyone!,offensive_language,0.02988896790634741,0.4927062106388782,0.4774048214547744
Bidet friends,neither,0.03945320844208391,0.33037608806864915,0.630170703489267
bidet everyone,offensive_language,0.02988896790634741,0.4927062106388782,0.4774048214547744
Bidet back atcha,neither,0.03945320844208391,0.33037608806864915,0.630170703489267
bidet from the culinary institute,neither,0.039779025773403386,0.2539611253407979,0.7062598488857987
bidet from kansas,neither,0.04071751644889743,0.3089174816120565,0.6503650019390461
dayHeart,neither,0.03945320844208391,0.33037608806864915,0.630170703489267
https://clips.twitch.tv/AbstemiousSavageAsteriskEleGiggle,neither,0.03945320844208391,0.33037608806864915,0.630170703489267
"silly travis, everyone knows the kansas city chiefs are the best",neither,0.04623573464469209,0.3420846488899396,0.6116796164653684
back,neither,0.03945320844208391,0.33037608806864915,0.630170703489267
"Man, I would love to see one of them be an orc/half-orc",neither,0.053870718551271804,0.4024043872454037,0.5437248942033244
What time is Talks?,neither,0.05495853345976944,0.3440964639244081,0.6009450026158225
Booooo Dak Prescott Booooooo,neither,0.03945320844208391,0.33037608806864915,0.630170703489267
evening peoples how is everyone?,neither,0.04041569431932964,0.4070960665256682,0.5524882391550022
wheniscriticalrole.com/talksmachina,neither,0.03945320844208391,0.33037608806864915,0.630170703489267
"Bidet from ""dodged a hurricane"" boca",neither,0.04040912852695437,0.3141516294757728,0.6454392419972729
Bidet form,neither,0.03945320844208391,0.33037608806864915,0.630170703489267
"Bidet Eagles Fans. Fly, Eagles Fly!!!!!!!!!!",neither,0.03945320844208391,0.33037608806864915,0.630170703489267
TM is in about 7 mins,neither,0.0448937202775465,0.3509527830086957,0.6041534967137578
@imp_king in 7 m8n,neither,0.03945320844208391,0.33037608806864915,0.630170703489267
@Imp_King in 6 ish min,neither,0.03945320844208391,0.33037608806864915,0.630170703489267
@Imp_King 7 minutes ish,neither,0.03945320844208391,0.33037608806864915,0.630170703489267
min,neither,0.03945320844208391,0.33037608806864915,0.630170703489267
Bidet from Victoria BC Canada,neither,0.04030504097628521,0.31591826685748914,0.6437766921662256
Bidet from Seattle,neither,0.040754399270683486,0.3082914838698526,0.650954116859464
bidet from Colorado,neither,0.04066490145509902,0.30981049537100724,0.6495246031738937
bidet from prince george bc!,neither,0.04032791954490034,0.3155299578397844,0.6441421226153152
@Weeblegrrl until 10 years ago football teams were in the locker room for the anthem doing pre-game prep. It was the NFL trying to promote a relationship with the military that changed that.,neither,0.03192856702518603,0.31951977112664354,0.6485516618481704
Plus if Sam goes down that's GG,neither,0.0235915680063273,0.40499573908066816,0.5714126929130047
@littlemadster I was in my car charging my phone for most of it. it got real windy and wet but nothing more than that. I've lived here 19 years and never freaked out. lost power also but it was all gucci,neither,0.023860154215041642,0.4443519097346475,0.5317879360503108
Bidet from Brazil,neither,0.04079557052152802,0.30759270029461827,0.6516117291838538
i win i said it first lol,neither,0.024437242966806973,0.3914633996467367,0.5840993573864564
@NelValentine hangin in there and yourself?,neither,0.03876771573810328,0.2574936332240191,0.7037386510378777
Bidet! Go Sea-Hawks!,neither,0.040893462716063485,0.3353768039856035,0.623729733298333
I dont get the joke. :(,neither,0.037828908890320666,0.32175003774256067,0.6404210533671186
@Dragon33657 that is so unfortunate,neither,0.04353365069357486,0.4203217914025856,0.5361445579038396
bidet brazil :0,neither,0.03945320844208391,0.33037608806864915,0.630170703489267
@areinstein right? lol soflo life,offensive_language,0.024798299604331876,0.4974228705226085,0.47777882987305964
Bidet from Utah,neither,0.04066490145509902,0.30981049537100724,0.6495246031738937
"@Weeblegrrl even setting aside the whole free speech part of the Constitution, lol.",neither,0.03402956210713907,0.34939756611203365,0.6165728717808273
Small dogs make good heating pads for one's back.,neither,0.034412032195323065,0.3305359575089633,0.6350520102957137
"Hey Travis, want to make this critter happy? Make sure the Cowboys beat the Seachickens in December",neither,0.03878002364695069,0.37962638343566657,0.5815935929173828
@stargazer1977 thats what ive been reading,neither,0.04373759324091267,0.3316215192685589,0.6246408874905284
this bizzid is making me thirsty!,neither,0.039955681167248826,0.3587101414301824,0.6013341774025688
"it is wednesday here in NZ, so bidet bidet bidet from the future!",neither,0.0841933003098695,0.3046836155280192,0.6111230841621113
Damn...Is that a purse or carry-on luggage?,offensive_language,0.045513233739710376,0.7435154178040554,0.21097134845623428
😝,neither,0.03945320844208391,0.33037608806864915,0.630170703489267
hey,neither,0.03945320844208391,0.33037608806864915,0.630170703489267
bidet from bidet,neither,0.04228451509352876,0.2823214250720796,0.6753940598343917
@yogibear93 i can literally see a car under a tree still from my patio,neither,0.03266702289770807,0.3780766966473019,0.5892562804549899
5 mins warning folks,neither,0.03945320844208391,0.33037608806864915,0.630170703489267
"Travis, get this sportsball crap off the screen! Kappa",neither,0.03853226783696818,0.3267006902617393,0.6347670419012926
I want them to win I just don't think they will.,neither,0.05701521793077603,0.30497871425686524,0.6380060678123586
"@MierDv probably her dice bag, lol",offensive_language,0.027497963103421143,0.543236322710745,0.42926571418583387
@jisonx1402 yeah but it would get a bit repetitive and just wouldn't be the same without vex and has.,neither,0.024055504365428425,0.3655812006931193,0.6103632949414524
Bidet ~,neither,0.03945320844208391,0.33037608806864915,0.630170703489267
@yogibear93 the eye was literally 3 miles from the shelter i stayed at. but luckily me nor my friends got any damage,neither,0.03160460355191459,0.39793982193569677,0.5704555745123885
vax*,neither,0.03945320844208391,0.33037608806864915,0.630170703489267
@JollyGreen1881 YES!,neither,0.03945320844208391,0.33037608806864915,0.630170703489267
@areinstein lmfao that sucks for that guy! hahaha!,neither,0.033809816298354,0.3737810034165084,0.5924091802851376
is the screen black for everyone?,neither,0.05229934391320815,0.36518478857964803,0.5825158675071438
"but seriously, its really salt, its great, but its salty",neither,0.0273487394203047,0.32949407363824956,0.6431571869414456
Talks Machina is LIVE every Tuesday 7pm - 8pm Pacific http://www.wheniscriticalrole.com/talksmachina,neither,0.043796799900258934,0.27124812137440135,0.6849550787253398
Hey! No disrespecting the 'Boys!,neither,0.03798176465899692,0.3284637215981119,0.6335545137428912
just got off of ACBC. was a good episode.,neither,0.03355944474575074,0.39413260467646793,0.5723079505777814
bidet from Australia,neither,0.04062582848913359,0.31047366557575606,0.6489005059351104
@akalien no refresh,neither,0.03852177801590115,0.3461848932406789,0.6152933287434199
Poor Travis is going to get his hopes up during another football season and get them dashed again because the Cowboys are going to cowboy.,neither,0.10156092212853439,0.3081307600467103,0.5903083178247552
@pengwiny11 Too late,neither,0.039095774028857416,0.33644268289058776,0.6244615430805548
@littlemadster that's good! glad you made it through unscathed,neither,0.047836182293080676,0.41506615339170266,0.5370976643152167
more like shades of grey,neither,0.05049522804042397,0.33537421577505006,0.614130556184526
bidet from Nantucket!!,neither,0.04228451509352876,0.2823214250720796,0.6753940598343917
@akalien are you using internet explorer?,neither,0.08937381923980196,0.40159830241842054,0.5090278783417774
thanks,neither,0.035884468650613,0.3004919205142699,0.6636236108351171
so just laura and travis yeah?,neither,0.021864227337026018,0.4454050820530396,0.5327306906099344
how long till they on the internet?,neither,0.03610778677087057,0.32640931169196974,0.6374829015371597
"no, chrome",neither,0.03848957175417732,0.3467315175537778,0.6147789106920449
lol,neither,0.020706217963973744,0.4882283491876925,0.4910654328483337
Is everyone ready?,neither,0.041262036450053476,0.4450965041340042,0.5136414594159423
"@akalien if so, I have the same problem, try another browser",neither,0.05282746420137535,0.3548098427429309,0.5923626930556938
Bidet from New Westminster BC!,neither,0.04515703081451045,0.19532669693793347,0.7595162722475561
"@akalien try refreshing or dropping video bit rate to 360 , or 160 p",neither,0.04622337066423707,0.2777248249689226,0.6760518043668404
can someone explain the sports ball message?,neither,0.03900295848809195,0.31545442013796154,0.6455426213739466
This music is great! What is it?,neither,0.05901992108601135,0.2991143064109764,0.6418657725030121
Bidet friendos!,neither,0.03945320844208391,0.33037608806864915,0.630170703489267
@Dragon33657 do you know when the new camping will start?,neither,0.047133279319765936,0.298164419852679,0.654702300827555
"@stargazer1977 and I wholeheartedly support them promoting a relationship with the military. it's all we had to look forward to, was game nights and alcohol",neither,0.059402363052831954,0.30422661762465597,0.636371019322512
@yogibear93 its definitely gonna be a good story later in life when i have kids lol,neither,0.024012663669103783,0.46264082244709115,0.5133465138838051
@broomsticgirl Travis is in studio?,neither,0.046541186284726054,0.3279382074650698,0.6255206062502041
"@akalien If you are having buffering issues, try refreshing, then try dropping the video quality to 360p or 160p , or if you have html5 in video options, try turning that off, try another browser or clearing your cache",neither,0.07282452257675548,0.30299608054112986,0.6241793968821147
@broomsticgirl It's sportsball like Travis likes. That is all.,offensive_language,0.05988446488289276,0.49876202465309494,0.44135351046401233
its called a scedule - somthing critters seem unable to grasp,neither,0.03936863323194123,0.3290573404469986,0.6315740263210602
"Bidet from Takeaknee, USA",neither,0.040737273169946825,0.30858215849491494,0.6506805683351382
lol really Travis??,neither,0.03179187069042997,0.38587793974006507,0.582330189569505
ah k lol,neither,0.02858413982510278,0.4124170744613797,0.5589987857135176
schedule*,neither,0.03945320844208391,0.33037608806864915,0.630170703489267
@bearalze lol,neither,0.020706217963973744,0.4882283491876925,0.4910654328483337
"Listen guys, if you want to support your teams that's all good. If you want to get rude maybe this isn't the right group for you.",offensive_language,0.06986385463211635,0.4690191274883273,0.4611170178795564
"Bidet, everybody!",neither,0.03945320844208391,0.33037608806864915,0.630170703489267
"I have this sinking feeling that Zeke is going to get a final decision come December, and he winds up suspended for the entirety of the Cowboys playoff run.",neither,0.03930820473730553,0.3516029836317756,0.6090888116309189
@leviws831 this is twitch chat lol,neither,0.03878703558909591,0.37539694730611356,0.5858160171047906
Bidet from WA,neither,0.04071751644889743,0.3089174816120565,0.6503650019390461
"Yo,guys, while we at it. Somebody know good soundtracks? I am DMing for my friends, could use some expansion apart from Matt's playlist",neither,0.01758063991751214,0.43153565550060735,0.5508837045818805
@littlemadster I remember playing kickball while the eye from wilma came over my house lol,neither,0.031151775406551934,0.3901803396263664,0.5786678849670815
well the snark was certainly in uncalled for,neither,0.03439603061347621,0.2988941169414594,0.6667098524450644
Bidet from North Dakota !,neither,0.04038150078596344,0.3146205443430473,0.6449979548709892
w00t almost started,neither,0.03945320844208391,0.33037608806864915,0.630170703489267
sword fighting,neither,0.03945320844208391,0.33037608806864915,0.630170703489267
sword guy sighting,neither,0.03897224588460658,0.3385392778812917,0.6224884762341019
bidet from canada yall!,neither,0.039037643197845265,0.3374293148022438,0.623533041999911
Bidet from Wisconsin,neither,0.04071751644889743,0.3089174816120565,0.6503650019390461
:O,neither,0.03945320844208391,0.33037608806864915,0.630170703489267
sword guy! <3,neither,0.03897224588460658,0.3385392778812917,0.6224884762341019
"@darkwingchick My best friend lives in Vancouver! I'm all the way over in Philadelphia, PA USA, though. So, I got excited when I saw ""BC"" from you. :)",neither,0.03433651253033765,0.46473383005957564,0.5009296574100867
The intro music (before Brian's intro and before the theme song) is on Syrinscape -- Electric Hell from the Hells Rebels sound set.,neither,0.03760500092664066,0.46518992096487677,0.4972050781084827
"@jisonx1402 When this one ends, there isn't really is time date, you just have to wait for people to say things and be able to catch it.",neither,0.060659338756944715,0.34866701481850837,0.5906736464245469
bidet,neither,0.03945320844208391,0.33037608806864915,0.630170703489267
bidet from Edmonton,neither,0.04228451509352876,0.2823214250720796,0.6753940598343917
"As someone who grew up in DC, I (regrettably) cheered on the Cowboys this weekend.",neither,0.03462437992112558,0.4209061407711034,0.5444694793077709
Bidet from Plano TX!!,neither,0.040473471510038425,0.31305956113103167,0.64646696735893
"@yogibear93 I find the nationalism rather petty and a little disgusting personally, but I do agree that the rare football games that I was able to see during wartime were nice to watch.",neither,0.043551945918229196,0.2945088974936149,0.6619391565881559
At least the cowboys are free from the romo curse. They got that going for them,neither,0.05127850311581692,0.33232862205877867,0.6163928748254044
"goddamit, what is it with this bidet?",neither,0.038638651348240925,0.36141101674287,0.5999503319088891
Beep beep folks!,neither,0.03945320844208391,0.33037608806864915,0.630170703489267
Bidet from New Jersey,neither,0.04458029923653559,0.209841401288464,0.7455782994750004
Thanks @dragonchrome,neither,0.035884468650613,0.3004919205142699,0.6636236108351171
@theoneklish Elder Scrolls soundtrack,neither,0.03945320844208391,0.33037608806864915,0.630170703489267
"Okay, I'm back with my rum & coke. Let's get started",neither,0.018956708669789303,0.4319905727287786,0.549052718601432
alls i did during high school football was find out where the bad kids were hanging because they had the pot,neither,0.03642537434499021,0.29687611497668315,0.6666985106783266
beep beep,neither,0.03945320844208391,0.33037608806864915,0.630170703489267
i'm not that big into american football,neither,0.024921465441275086,0.3734622856360492,0.6016162489226757
@sebulasenathun np,neither,0.03945320844208391,0.33037608806864915,0.630170703489267
hello friends,neither,0.03945320844208391,0.33037608806864915,0.630170703489267
i love the juxtaposition of a Dallas Cowboys schedule in the foreground and a dude practicing his swordfighting in the background,neither,0.04779741699196989,0.29484330486928306,0.6573592781387472
bidet from ohio,neither,0.040754399270683486,0.3082914838698526,0.650954116859464
@lt_leptien New to the show?,neither,0.08006876225054696,0.10691979927260788,0.8130114384768452
@lt_leptien Episode 60 of Critical Role will explain it,neither,0.039438104871921335,0.3159423354469937,0.6446195596810851
@yogibear93 thats so legit!,neither,0.03940990400989932,0.37971494155697305,0.5808751544331275
good sound tracks look up artist epic score on spotify,neither,0.03686054165923945,0.3690616272679559,0.5940778310728047
I wish Matt was here to explain the Fey-Fuckery he pulled last game.,neither,0.07560799430034149,0.2704677719069497,0.6539242337927088
Bidet from Metro-Detroit,neither,0.04038525337528278,0.3145568531088204,0.6450578935158968
I love you Mods.,offensive_language,0.079837142191777,0.5038574454704381,0.4163054123377849
Laura omg,neither,0.03945320844208391,0.33037608806864915,0.630170703489267
"IN Other News... http://geekandsundry.com/check-out-our-new-fall-twitch-schedule/ <<<<The New Fall Schedule begins NEXT Monday, October 2nd, with a launch party (in what will be the new Mines N Crafts time slot) . The NEW schedule will NOT affect either Talks Machina nor Critical Role.",neither,0.03852141879510541,0.22591816544135468,0.7355604157635398
What class is cowboy? Do they get action surge at lvl 3?,neither,0.04723096060761492,0.3444183036498468,0.6083507357425382
LAURA,neither,0.03945320844208391,0.33037608806864915,0.630170703489267
"@stargazer1977 what branch were you in, my guy?! army infantry here",neither,0.0790732650670188,0.3833579987002813,0.5375687362326999
woahhh creepy laura,neither,0.03945320844208391,0.33037608806864915,0.630170703489267
too scaryyy,neither,0.038798963802794226,0.34148032703984427,0.6197207091573615
LOL,neither,0.020706217963973744,0.4882283491876925,0.4910654328483337
laura WutFace,neither,0.03945320844208391,0.33037608806864915,0.630170703489267
hahaha laura,neither,0.03945320844208391,0.33037608806864915,0.630170703489267
so hot,neither,0.039411574334901334,0.40844414555067826,0.5521442801144204
@icameforchaz same,neither,0.04148851938089603,0.3488915597363099,0.609619920882794
ScaredyCat gandsSpoopy,neither,0.03945320844208391,0.33037608806864915,0.630170703489267
yall talking football?,neither,0.03783835890111318,0.35778429920039384,0.604377341898493
3scary5me,neither,0.03945320844208391,0.33037608806864915,0.630170703489267
Bidet is a toilet that squirts water on your bum if you don't get it watch previous episodes ;-),neither,0.05498421863945849,0.4223749348279722,0.5226408465325691
Cowboys is ...hockeyball?,neither,0.05133238316897197,0.32629029515335767,0.6223773216776702
WutFace,neither,0.03945320844208391,0.33037608806864915,0.630170703489267
"wait what did i miss to not get this joke, i watcged it",neither,0.04013885018101339,0.33867701782920584,0.6211841319897808
laura,neither,0.03945320844208391,0.33037608806864915,0.630170703489267
Laura be like the grudge girl,neither,0.042132173240590515,0.392010203119486,0.5658576236399235
pls,neither,0.03945320844208391,0.33037608806864915,0.630170703489267
hhaha,neither,0.03945320844208391,0.33037608806864915,0.630170703489267
scary,neither,0.03945320844208391,0.33037608806864915,0.630170703489267
look up Adrian von Ziegler for great fantasy music,neither,0.033484773900918585,0.3255486266709701,0.6409665994281114
hahaha!!,neither,0.03945320844208391,0.33037608806864915,0.630170703489267
lol,neither,0.020706217963973744,0.4882283491876925,0.4910654328483337
wowza!,neither,0.03945320844208391,0.33037608806864915,0.630170703489267
Laura doing The Ring.,neither,0.038405636192487116,0.31112956571252287,0.65046479809499
Hi Laura,neither,0.03945320844208391,0.33037608806864915,0.630170703489267
okay got my chocolate milk and fresh chocolate chip cookies. we can be on the internet now,neither,0.03195085429890622,0.36979297331239974,0.5982561723886941
Lol,neither,0.020706217963973744,0.4882283491876925,0.4910654328483337
So apparently Laura always want to star in the Ring?,neither,0.0423928224545102,0.38627236960818334,0.5713348079373065
lol,neither,0.020706217963973744,0.4882283491876925,0.4910654328483337
Seven Days,neither,0.03945320844208391,0.33037608806864915,0.630170703489267
Jayne's twin sister?,neither,0.03945320844208391,0.33037608806864915,0.630170703489267
omg yeah how long until Artagan comes up,neither,0.025060383288140784,0.45265373472282144,0.5222858819890378
spoopy,neither,0.03945320844208391,0.33037608806864915,0.630170703489267
Trinket's mom VoHiYo,neither,0.03945320844208391,0.33037608806864915,0.630170703489267
She's too adorable!!!!!!,neither,0.040863927409017155,0.438635177275041,0.5205008953159419
Laura's the fuckin best,offensive_language,0.08117559252747937,0.9170305427573214,0.0017938647151991309
jeeze creepyface,neither,0.03945320844208391,0.33037608806864915,0.630170703489267
laura being the bomb,neither,0.032482739616170174,0.34480507052020754,0.6227121898636224
@littlemadster i had a fun childhood occasionally lol,neither,0.033802666864275736,0.37030123232373735,0.5958961008119869
LUL,neither,0.03945320844208391,0.33037608806864915,0.630170703489267
any panthers fans here?,neither,0.08026518357677608,0.29690641142044827,0.6228284050027756
Spice?,neither,0.03945320844208391,0.33037608806864915,0.630170703489267
Laura doing her Blair Witch impression,neither,0.03306955039692741,0.4793218038466159,0.4876086457564566
TOO SCARRY LAURA it aint october yet,neither,0.03904913536494479,0.3880751404355716,0.5728757241994836
what's this song...,neither,0.04690711601039935,0.3378179390609756,0.6152749449286251
@Missnovel i was thinking the exact same thing ...,neither,0.03928659481377318,0.32477487875322697,0.6359385264329999
almost time for greek on su days Talks machina,neither,0.03269857453638291,0.3319301210777754,0.6353713043858417
Bidet everyone!! Bidet Laura!!!,offensive_language,0.02988896790634741,0.4927062106388782,0.4774048214547744
"Ahh, Travis in house LOL",neither,0.03345791740398542,0.3729172685904274,0.5936248140055871
Spoopy Laura is spoopy,neither,0.04421650309734292,0.32873777261295917,0.627045724289698
@takeyourpain I must agree to the fullest.,neither,0.0471961942625467,0.29065581492290193,0.6621479908145513
so hot,neither,0.039411574334901334,0.40844414555067826,0.5521442801144204
So adorable,neither,0.03940826874161735,0.3912694754451444,0.5693222558132381
Cousin It!,neither,0.03743769619726978,0.3310693151521691,0.6314929886505611
Seems that the twins enjoy creeping us out,neither,0.05491428365504513,0.35330305067200646,0.5917826656729483
lol she does that to freak out Travis,offensive_language,0.02464773695409628,0.5417666018087846,0.4335856612371192
does anyone know what the music playing is or where i can find it?,neither,0.03987922912255,0.3248619341244556,0.6352588367529944
"@alberthowe93 yeah, have that one too, from Morra to Skyrim. I need some more neutral themes, for exploring and stuff",neither,0.025324605074477594,0.3875611033181408,0.5871142916073817
Happy Anniversary (a bit late)!,neither,0.03945320844208391,0.33037608806864915,0.630170703489267
alright 1 mins warning,neither,0.03945320844208391,0.33037608806864915,0.630170703489267
"I root for 2 football teams, The Bears, and whoever is playing the Packers.",neither,0.039061649895091616,0.2805379975160585,0.68040035258885
@theoneklish no Oblivion?,neither,0.036918905254960256,0.37338982715841207,0.5896912675866277
Creep much Laura?,neither,0.03514890741171864,0.33185653456930897,0.6329945580189724
"Ok, Ice cream time...",neither,0.03832449509661643,0.3495332992483322,0.6121422056550513
bidet from vancouver canada,neither,0.04071751644889743,0.3089174816120565,0.6503650019390461
https://clips.twitch.tv/PrettyTastyGoatDBstyle,neither,0.03945320844208391,0.33037608806864915,0.630170703489267
@stagnantant like the animal,neither,0.053768540868144296,0.32783364403400317,0.6183978150978524
bidet from Hampton VA,neither,0.04066490145509902,0.30981049537100724,0.6495246031738937
The intro music (before Brian's intro and before the theme song) is on Syrinscape -- Electric Hell from the Hells Rebels sound set. @Stepp1nRaz0r,neither,0.03760500092664066,0.46518992096487677,0.4972050781084827
"Bidet from Fargo, all!",neither,0.042694513426253154,0.3885514576687511,0.5687540289049957
Laura being all spoopy and adorable at the same time,neither,0.03508306265957572,0.39135325875352195,0.5735636785869024
bidet from toronto,neither,0.04066490145509902,0.30981049537100724,0.6495246031738937
"Bidet from Aachen, Germany",neither,0.04069404815304118,0.30931579984010865,0.6499901520068502
"bidet from Victoria, Canada!",neither,0.040394171658393964,0.31440548656955947,0.6452003417720467
@TheOneKlisH For music I personally use a mix of final fantasy soundtracks and some elderscrolls plus other game soundtracks sprinkled in,neither,0.018625194871316544,0.33106792958678954,0.6503068755418939
Bidet from DC,neither,0.0408364874901429,0.30689823255244486,0.6522652799574122
"Bidet from Tucson, AZ!",neither,0.04078317879478948,0.307803020237201,0.6514138009680096
I could see Laura doing voice work for a Japanese horror movie. She has done plenty of anime VO work.,neither,0.037923829723850354,0.33678854916955064,0.625287621106599
Don't forget to visit Star Trek Online and support Shield of Tomorrow! www.StarTrekOnline.com/ShieldofTomorrow,neither,0.05687602105656693,0.30425729811326435,0.6388666808301687
all this talk of foozball's reminding me of that skit Matt did about fantasy football,neither,0.025534817458993036,0.42414196553213257,0.5503232170088745
bidet from AZ,neither,0.04078317879478948,0.307803020237201,0.6514138009680096
Bidet from Atlanta!,neither,0.04078317879478948,0.307803020237201,0.6514138009680096
@Shadowsoflife i mean that too lol,neither,0.025607336107480193,0.45675814484482147,0.5176345190476983
"bidet from edinburgh, scotland",neither,0.04062582848913359,0.31047366557575606,0.6489005059351104
bidet from Charlottesville,neither,0.04228451509352876,0.2823214250720796,0.6753940598343917
@Danoba nice one! =S,neither,0.038104981566877257,0.3798387499096277,0.582056268523495
laura is right up there next to becca as my favorites on G&S. hopefully i can get a picture with her some day.,offensive_language,0.022441420261522755,0.5464754065433154,0.4310831731951619
"BTW , happy anniversary Laura and Travis",neither,0.038883889269335045,0.30238490553669745,0.6587312051939676
"@Mysticwater88 Yay, Vancouver! (best friend lives there)",neither,0.03873210590307053,0.29160664323759017,0.6696612508593394
bidet from Toronto,neither,0.04066490145509902,0.30981049537100724,0.6495246031738937
"Bidet from Decatur, IL!!",neither,0.040334677536117594,0.315415257091876,0.6442500653720065
#GOHAWKS,neither,0.03945320844208391,0.33037608806864915,0.630170703489267
"@alberthowe93 sorry for my english) I meant every game from Morrowind up to Skyrim. Matt's playlist had some of them, i got the rest",neither,0.03379170022857634,0.362755746023801,0.6034525537476227
Bidet from Silicon Valley,neither,0.04069404815304118,0.30931579984010865,0.6499901520068502
bidet from Wisconsin,neither,0.04071751644889743,0.3089174816120565,0.6503650019390461
"@Ripartist Haha, thanks.",neither,0.0318652437156674,0.3978350940130248,0.5702996622713078
@Danoba love your clips =D,neither,0.07349769383594647,0.33553972019843314,0.5909625859656203
bidet from Texas,neither,0.040937266849991,0.30518774380265185,0.6538749893473571
*ahem* Is everyone ready?,neither,0.041262036450053476,0.4450965041340042,0.5136414594159423
@dragonchrome thank you so much!,offensive_language,0.054628503582362625,0.47454195832596063,0.47082953809167677
Bidet from Vancouver!,neither,0.04228451509352876,0.2823214250720796,0.6753940598343917
so how long is talks machina? 1 hour? half an hour? I've never seen it before?,neither,0.026594671059981728,0.38696231210950177,0.5864430168305165
bidet for MinnesOta,neither,0.03249517366167782,0.29565414420004343,0.6718506821382788
Bidet from Yavin 4.,neither,0.04228451509352876,0.2823214250720796,0.6753940598343917
bidet from Denmark,neither,0.04228451509352876,0.2823214250720796,0.6753940598343917
Bidet from Costa Rica!,neither,0.04062582848913359,0.31047366557575606,0.6489005059351104
@stagnantant heh,neither,0.03945320844208391,0.33037608806864915,0.630170703489267
bidet from st. petersburg florida!,neither,0.04054450037726239,0.31185401588366884,0.6476014837390688
#GORAVENS,neither,0.03945320844208391,0.33037608806864915,0.630170703489267
@zepaddon Laura > Becca 😛,neither,0.03945320844208391,0.33037608806864915,0.630170703489267
I guess Travis is here today,neither,0.08716876918260182,0.2819642348701354,0.6308669959472627
!whodat,neither,0.03945320844208391,0.33037608806864915,0.630170703489267
"Brian Wayne Foster ( twitter.com/BrianWFoster ), Travis Willingham ( twitter.com/WillingBlam ), and Laura Bailey ( twitter.com/LauraBaileyVO ).",neither,0.038404955223578396,0.4316359723257461,0.5299590724506754
"1 hour or so, @acespade4",neither,0.039408492277229944,0.3871448318072043,0.5734466759155659
Bidet f I'm,neither,0.03945320844208391,0.33037608806864915,0.630170703489267
@acespade4 1 hr,neither,0.03945320844208391,0.33037608806864915,0.630170703489267
"@Ripartist Aww, thanks.",neither,0.03715961981072129,0.3111698721589682,0.6516705080303106
Bidet from Hoth,neither,0.04228451509352876,0.2823214250720796,0.6753940598343917
@Abra107 yay!! i love seeing local critters,neither,0.03706983437044542,0.34141965945234837,0.6215105061772063
"1 hour today, brian has DnD",neither,0.038682867155134776,0.30977308144863464,0.6515440513962305
@TheDiMono Heck yea lets get this party started =D,neither,0.03834563979240331,0.3491744185775702,0.6124799416300265
bidet from Tucson,neither,0.04228451509352876,0.2823214250720796,0.6753940598343917
Never been a big fan of any team or sport. I just like to see a good game.,neither,0.032488201987513995,0.3864166342595339,0.5810951637529521
Talks goes for 1 hour every Tuesday,neither,0.03516002953289803,0.3089225351900259,0.655917435277076
We have a subscriber-only Discord server! Join here: https://discord.gg/geekandsundry (you'll need to sub and link it to your Twitch) and be a part of the fun!...Warning: It can take up to an hour for the server to update and give you access to the channels,neither,0.08464076273808444,0.286394834032893,0.6289644032290227
go go go!,neither,0.04276165647058889,0.34190019769565555,0.6153381458337556
Bidet and Beep Beep from Baltimore...,neither,0.039689218340961965,0.26234570384284134,0.6979650778161967
Bidet from ND!,neither,0.04103702612018923,0.303494568636439,0.6554684052433717
"Bidet from Fort Worth, TX!",neither,0.040538671561945475,0.31195294609159274,0.6475083823464618
"question for the mods, if I wanted to send you guys a link to a related topic, how/to whom would I send it to to post it in chat",neither,0.045032478672756504,0.3397503092810178,0.6152172120462257
"Bidet from Ottawa, Canada",neither,0.04071751644889743,0.3089174816120565,0.6503650019390461
cool thanks guys,neither,0.03702766265334604,0.3131550982338749,0.6498172391127791
@TheDiMono always ready for some Talks Machina.,neither,0.026207095047953415,0.36383525872002975,0.6099576462320168
Talks Machina runs for 1 hr @acespade4,neither,0.034639144904499604,0.3063235888926375,0.6590372662028631
bidet everyone,offensive_language,0.02988896790634741,0.4927062106388782,0.4774048214547744
I heard half the National Sportsball League is going on the medical leave list due to knee injuries. Is that what the sign is about?,neither,0.0489853348670892,0.34723503221041513,0.6037796329224957
Bidet from Maine!,neither,0.04069404815304118,0.30931579984010865,0.6499901520068502
Duvet from California.,neither,0.06971251856910227,0.2972619859879888,0.633025495442909
1 hour is to short,neither,0.05685291183071015,0.3226810702514786,0.6204660179178113
"@Volarrhys Yeah, thanks. I can't find a lot of neutral themes though, for travelling, conversation and such",neither,0.028070631480443472,0.2930610023273878,0.6788683661921687
Bidet from Nova Scotia,neither,0.04228451509352876,0.2823214250720796,0.6753940598343917
bidet from So. Cal! Happy Anniversary to Travis and Laura,neither,0.04370620872217907,0.3181561747847174,0.6381376164931034
Morning my fellow Critters,neither,0.035132225408295734,0.27151697060175584,0.6933508039899485
"bidet from charlotte,nc",neither,0.040371808140217125,0.31478505383715205,0.6448431380226308
@teadrinkerxiii We don't need you to bidet FOR us,neither,0.12463140960546498,0.3207440135307991,0.554624576863736
5 bucks someone gets choked during their intros.,neither,0.03945320844208391,0.33037608806864915,0.630170703489267
Bidet from AZ,neither,0.04078317879478948,0.307803020237201,0.6514138009680096
Bidet from Pittsburgh,neither,0.04066490145509902,0.30981049537100724,0.6495246031738937
are we on the internet?,neither,0.06455044260466253,0.27765074222486363,0.6577988151704739
"Bidet from Orlando, FL",neither,0.040334677536117594,0.315415257091876,0.6442500653720065
Bidet from Washington DC!,neither,0.040481371650474204,0.3129254751301128,0.646593153219413
