text,top_class,hate_speech,offensive_language,neither
!sotauxdiscord,neither,0.03945320844208391,0.33037608806864915,0.630170703489267
USS Sally Ride Aux Crew Discord: https://discord.gg/DtMm5FQ,neither,0.03945320844208391,0.33037608806864915,0.630170703489267
here we go,neither,0.13156755280784707,0.2765461283225309,0.5918863188696221
"@Wadewilson1983 Well the owner is kind of notorious, so any chance to stick it to him is good even though he still gets my money. Just not what he wanted LUL",neither,0.04777929673233325,0.386816036351362,0.5654046669163048
<Hailing Frequencies Open>,neither,0.03945320844208391,0.33037608806864915,0.630170703489267
yay,neither,0.03945320844208391,0.33037608806864915,0.630170703489267
yes!,neither,0.03945320844208391,0.33037608806864915,0.630170703489267
wooo!,neither,0.03945320844208391,0.33037608806864915,0.630170703489267
omg it's on! :),neither,0.033310434099715715,0.351565333082888,0.6151242328173963
Hail Crew of Sally Ride (and hydra),neither,0.03880522135216711,0.29820917682199444,0.6629856018258384
"antagonizing Sam is a terrible idea, Eric!",neither,0.04527234287720477,0.32837462089649533,0.6263530362262998
TFW you cable goes down right at 930 for a minute,neither,0.043868033569590584,0.3685308078043991,0.5876011586260104
@jpsynergy Yeah. It was a good set up though. A lot of shows have a bad Pilot episode. But it didn't feel horrible.,neither,0.021504150171246048,0.43459698134547764,0.5438988684832763
I know it isn't going to happen but since the Klingons (in Discovery) are uber-purists and they are supposed to be more human (because of a virus) what if they are ALL hiding behind Masks. :-p,neither,0.12064057200185056,0.24697049955051695,0.6323889284476324
woowoo ! time to git goin,neither,0.04699393238926085,0.35081269940519116,0.602193368205548
NEW SCHEDULE ( Starting next Monday October 2nd 2017 ): http://bit.ly/GnSScheduleFall2017,neither,0.038936786716767105,0.23521054573610853,0.7258526675471243
i need to dvr orville,neither,0.046501001059630065,0.32457456262127504,0.628924436319095
What is the fate of Ensign Plant?!,neither,0.05405653331960057,0.3061955479728488,0.6397479187075507
dragon48Hype dragon48Hype dragon48Hype,neither,0.03945320844208391,0.33037608806864915,0.630170703489267
Shield of Monday,neither,0.03945320844208391,0.33037608806864915,0.630170703489267
Thank goodness for Mondays and EARLIER !!!,neither,0.03477669739618699,0.2897549094476647,0.6754683931561483
@BreadHax0r The plant died.,neither,0.03857599727210987,0.31433890554240673,0.6470850971854836
"Wow, that hair",neither,0.034704832743492245,0.38221978301069354,0.5830753842458142
Woooooo,neither,0.03945320844208391,0.33037608806864915,0.630170703489267
:O,neither,0.03945320844208391,0.33037608806864915,0.630170703489267
i'm ready for the Monday shift as an east coast viewer,neither,0.034438769522470575,0.3203505106747682,0.6452107198027612
@Gryphon_oFH heck yea!,neither,0.03924693984562397,0.33387700446871466,0.6268760556856614
Did it really though,neither,0.037765010373198564,0.33095673679787846,0.631278252828923
ty,neither,0.03945320844208391,0.33037608806864915,0.630170703489267
I am going to fall asleep in a few mins prolly :c,neither,0.04246766586169063,0.34578827631202347,0.6117440578262858
"aww, Gina still needs a uniform",neither,0.03872910750595962,0.34266597070753474,0.6186049217865057
THey're all foing to die!,neither,0.3976845183828231,0.10291519033245529,0.4994002912847216
They killed a sentient creature too,neither,0.03922077582552699,0.3343210761724115,0.6264581480020615
Season Finale,neither,0.03970109683685264,0.3261687750722654,0.6341301280908821
,neither,0.03945320844208391,0.33037608806864915,0.630170703489267
Yes east coast friendly,neither,0.03945320844208391,0.33037608806864915,0.630170703489267
@Science112095 yea me too,neither,0.029304762951109037,0.3938581441568584,0.5768370928920327
Worried Zhiv is gonna die in this season finale.,neither,0.14804785680163474,0.2072928089825719,0.6446593342157934
Aw yeah,neither,0.02145469153981289,0.4574245217793169,0.5211207866808701
Noice,neither,0.03945320844208391,0.33037608806864915,0.630170703489267
"Oooo, that *is* a good pack.",neither,0.04310973840943971,0.3748895394131762,0.582000722177384
Zhiv will live forever!,neither,0.046479700559876706,0.30119275408721663,0.6523275453529067
oh yea,neither,0.046804910670892125,0.2635056757852452,0.6896894135438627
i did kind of feel like it was a Season Finale kinda episode,neither,0.04485334068243311,0.3389871358881551,0.6161595234294117
sweet,neither,0.03945320844208391,0.33037608806864915,0.630170703489267
That....,neither,0.026110925149043836,0.4791292047641166,0.4947598700868395
ooo ooo the episodes called inquest,neither,0.03894116277200882,0.32110498258899967,0.6399538546389916
Awesome,neither,0.03945320844208391,0.33037608806864915,0.630170703489267
"Damn that's dark, @celticfif3 XD",offensive_language,0.0407756727263553,0.8757016175738044,0.0835227096998403
If Lark dies we riot,neither,0.02502235883561606,0.3779358987182114,0.5970417424461725
thank god for the time change,neither,0.03226431811694322,0.31448398034768654,0.6532517015353702
Amy was flat out amazing on Wed. Club today :) and she and Gina rocked before that hehe,neither,0.031780069516913326,0.3823569798281507,0.585862950654936
yisss,neither,0.03945320844208391,0.33037608806864915,0.630170703489267
Sam makes me smile,neither,0.03273985904031176,0.3663839992155611,0.6008761417441272
YES,neither,0.03945320844208391,0.33037608806864915,0.630170703489267
S.O.T. live on Star Trek Online with 7 crew reporting in. if you want to join us let me know.,neither,0.03619700560099985,0.4355644238444622,0.5282385705545379
"instead of all dying, what if they are all pregnant? :/",neither,0.04697213438611825,0.44729663960594696,0.5057312260079349
Play along gandsSubHype,neither,0.03945320844208391,0.33037608806864915,0.630170703489267
Hello SOT,neither,0.03945320844208391,0.33037608806864915,0.630170703489267
@Gryphon_oFH yea she was she was fantastic,neither,0.04145770165481737,0.4740886870541952,0.48445361129098746
yeah amy has been on fire today,neither,0.025323637470025393,0.4023019245881214,0.5723744379418532
We come in peace! Shoot to kill! Shoot to Kill!,hate_speech,0.5737121607717025,0.10260701684523808,0.32368082238305934
Is the STO thing Federation or Klingon?,neither,0.05046934978421354,0.3034401841801857,0.6460904660356008
We come in peace,neither,0.03750175418943025,0.363497359625949,0.5990008861846208
blowing up stuff in the name of peace. that's human existence right there,neither,0.09349436693136674,0.26864389841044284,0.6378617346581904
i redownloaded sto just for that,neither,0.018450846116479142,0.3916790192312604,0.5898701346522605
We come in peace... BOOM,neither,0.03794099050890964,0.3560423729689352,0.6060166365221552
Here comes the lie!,neither,0.09279799211292748,0.2713634706711503,0.6358385372159221
We come in peace (shoot to kill shoot to kill),hate_speech,0.5737121607717025,0.10260701684523808,0.32368082238305934
"We come in peace, SHOOT TO KILL!",neither,0.41121960908323274,0.16235822741785408,0.42642216349891315
I might need to start playing my other toon heh,neither,0.03513005083330027,0.3874430589959423,0.5774268901707574
We come in peace. Shoot to kill ...,neither,0.41121960908323274,0.16235822741785408,0.42642216349891315
Federation usually,neither,0.03945320844208391,0.33037608806864915,0.630170703489267
"we come in peace, plastered on the side of the photon torpedo",neither,0.030464524068845217,0.3699325363440091,0.5996029395871458
STO is fed and klingon,neither,0.04919712926465757,0.27737049960201254,0.6734323711333299
!sotauxdiscord,neither,0.03945320844208391,0.33037608806864915,0.630170703489267
USS Sally Ride Aux Crew Discord: https://discord.gg/DtMm5FQ,neither,0.03945320844208391,0.33037608806864915,0.630170703489267
Klingons off the starboard bow!,neither,0.03837107594085663,0.3104739641982308,0.6511549598609127
PogChamp,neither,0.03945320844208391,0.33037608806864915,0.630170703489267
"The Temporal Agent pack is for Starfleet characters, but you can play Starfleet, Klingon, or Romulan characters in STO.",neither,0.04510592762966404,0.3277803461960438,0.6271137261742922
"and romulans, kinda",neither,0.03832524475053074,0.2699695955462055,0.6917051597032637
@shidareAKI they say they come in peace but they do not,neither,0.03611372894233859,0.3590673648501282,0.6048189062075332
both and romulan,neither,0.038242817415690626,0.2644169148799086,0.6973402677044008
"STO has Federation, Klingon, and romulans.",neither,0.03879743696634573,0.2427032663141678,0.7184992967194865
"See, this is why we're Shieldie fam, quoting Star Trekkin' fmgSUP",neither,0.04910885982671563,0.32120795767540794,0.6296831824978764
Those new discovery uniforms look really great!,neither,0.06233910346362844,0.18932610077979956,0.7483347957565719
I want one so baaaaad,neither,0.0384082112888662,0.45167137114601935,0.5099204175651145
we have both fed and klingon. im in fed atm,neither,0.0381831262272967,0.3319523849493315,0.6298644888233718
Shows that many of us know a great song!,neither,0.061498653089852494,0.3421554084605567,0.5963459384495909
My main is a klingon affiliated romulan,neither,0.032566734128172785,0.45225401047552766,0.5151792553962996
Engineering is best role!,neither,0.04530714219782789,0.3219599199134866,0.6327329378886855
as someone who loves morally grey characters i love a good shoot first ask questions later mentality,neither,0.04139566585382823,0.3526725959396632,0.6059317382065086
I kinda like the Discovery uniforms,neither,0.049015178567307686,0.3287431629495145,0.6222416584831778
we get to technobabble!,neither,0.0517983216899213,0.3441313269950532,0.6040703513150254
"The first episode of Discovery was pretty, but I can tell that it won't really be for me by the season trailer at the end. It focuses on the war with the Klingons and that's not what I want from my Star Trek, I want science and exploration and discovery.",neither,0.046633269768712265,0.3702021138288509,0.5831646164024369
PogChamp,neither,0.03945320844208391,0.33037608806864915,0.630170703489267
USS Sally was one of the ships in episode 2,neither,0.037938714677538565,0.34398760312433285,0.6180736821981286
I mean Ride,neither,0.03945320844208391,0.33037608806864915,0.630170703489267
Jackson gandsSubHype,neither,0.03945320844208391,0.33037608806864915,0.630170703489267
"my cc said ""Ride""",neither,0.028961167224600563,0.41141101308390843,0.559627819691491
I need more episodes of Discovery to pass judgement,neither,0.045553612141516424,0.3195149208463047,0.6349314670121788
USS Chthulu R'lyeh,neither,0.03945320844208391,0.33037608806864915,0.630170703489267
Want some USS Rye? Course you do!,neither,0.048675660902724224,0.3984337957810939,0.5528905433161818
"It's because Netflix translated it as Rye, but CBS's stream translated it as the Ride.",neither,0.03465253685799734,0.3553748303779009,0.6099726327641017
they meant Ryde ;),neither,0.03945320844208391,0.33037608806864915,0.630170703489267
lol,neither,0.020706217963973744,0.4882283491876925,0.4910654328483337
On CBS All Access the captions say USS Ride,neither,0.038087061503194346,0.36962820657290685,0.5922847319238987
Netflix captions are wrong,neither,0.060142654888646806,0.29319563009377453,0.6466617150175785
The trailer isnt all about the Klinons,offensive_language,0.20176189389190113,0.4148543774038055,0.3833837287042934
Torpedo = First ContactPhasers = Prime Directive,neither,0.031714943249840644,0.3330376323110745,0.6352474244390849
"@stargazer1977 I think, just like DS9, the juxtoposition of war with the stated mission of Starfleet (peaceful exploration) will make for an interesting story",neither,0.033769283920389755,0.31724661089249007,0.64898410518712
hell yea its toattally y'all!,offensive_language,0.035546910503248,0.8403441631768749,0.12410892631987719
"I liked alot of things in the first 2 episodes, giving it a chance",neither,0.03399786528990438,0.3224311137762294,0.6435710209338662
Headcannon... I want to shoot something with a headcannon. XD,neither,0.0540125934497774,0.2917542518747973,0.6542331546754253
And -E and -F. :D,neither,0.03763944115734239,0.1918412352459551,0.7705193235967025
"That's fine, everyone else can love it. It's just not what I want out of Star Trek. That doesn't stop you all from enjoying it, or it shouldn't.",offensive_language,0.035138491275635904,0.494005721017358,0.47085578770700615
And -J!,neither,0.03763944115734239,0.1918412352459551,0.7705193235967025
"I wouldn't think so, like..Defiant doesn't share registry with the Connie-class Defiant",neither,0.03734378826824933,0.38532018857856004,0.5773360231531905
Brain Matter Torpedoes.,neither,0.03945320844208391,0.33037608806864915,0.630170703489267
I am more interested in this show than Discovery.,neither,0.053462750165379255,0.2661155964225888,0.680421653412032
I think it's just the Big E gets that distinction,neither,0.01793055584759302,0.4258117726177361,0.556257671534671
"I try not to think about the -J, @sirboulevard.",neither,0.043298736146809326,0.33380884914788644,0.6228924147053042
don't like the way the klingons look in Disc. Restricts the acting and speaking,neither,0.045132043177910454,0.2849253952529049,0.6699425615691846
Tales from the loop yaaaaaas,neither,0.03954106656654498,0.30668328968689024,0.6537756437465648
lol,neither,0.020706217963973744,0.4882283491876925,0.4910654328483337
Oh! I've seen teh art book for tales from the loop,neither,0.025582972957384507,0.25993163359629795,0.7144853934463175
it looks super cool,neither,0.03800870753942161,0.330872918167534,0.6311183742930445
gandsSubHype gandsSubHype,neither,0.03945320844208391,0.33037608806864915,0.630170703489267
Im not hot on the new Klingon look,neither,0.03890710175485658,0.27403209193601125,0.6870608063091322
"Eric, Don't you know that Cookie Goblins aren't suppose to play!",neither,0.05202483358055493,0.38606315040816674,0.5619120160112784
Shades and leather jackets and Testarossa,neither,0.03839496241795817,0.27445940115676937,0.6871456364252725
so its the story of the flash from the teenagers perspective?,neither,0.03493256160753314,0.31809568724340714,0.6469717511490598
woot so its set in Batavia Illinois! 2 miles from my house :P,neither,0.03012731122705019,0.39831041921367133,0.5715622695592785
ok i need to check this out after that description by Eric,neither,0.03859830779028185,0.39212589625265754,0.5692757959570607
So when does Gina get a uniform?,offensive_language,0.02022707697125645,0.5217557410322504,0.4580171819964931
never build a particle accelerator under a small town. bad things always happen,neither,0.03416120697392952,0.3879273606930326,0.577911432333038
this is my favorite game to watch,neither,0.045838285188257034,0.36358449666052606,0.590577218151217
"@brakor47 I actually like how it restricts speaking, makes Klingon (the language) sound more alien and when they speak English it sounds like a struggle with a foreign tongue",neither,0.03704044346529965,0.35049126970320815,0.6124682868314922
What is this game there talking about?,neither,0.05179758724556548,0.2717017136341431,0.6765006991202914
Gina needs a uniform,neither,0.03945320844208391,0.33037608806864915,0.630170703489267
lol@angelus,neither,0.020706217963973744,0.4882283491876925,0.4910654328483337
hey guys... :/,neither,0.03929207127355727,0.33311100635304525,0.6275969223733975
Tales from the Loop.,neither,0.03955954915901445,0.30207446138921934,0.6583659894517662
@PoorIctrl Tales from the loop,neither,0.03955954915901445,0.30207446138921934,0.6583659894517662
@PoorIctrl,neither,0.03945320844208391,0.33037608806864915,0.630170703489267
we are working on Ginas uniform.,neither,0.059974928837889276,0.30255461951829454,0.6374704516438162
Gina will (hopefully) be equipped with a uniform as soon as they're able to get one for her.,neither,0.034108931907260845,0.4685419690266333,0.49734909906610586
Good Luck Eric!,neither,0.03884219961472356,0.3305862420225563,0.6305715583627202
PogChamp,neither,0.03945320844208391,0.33037608806864915,0.630170703489267
Yay LIGO,neither,0.03945320844208391,0.33037608806864915,0.630170703489267
hrpgHeyo @Impossiblegirl11,neither,0.03945320844208391,0.33037608806864915,0.630170703489267
Cool thanks guys,neither,0.03702766265334604,0.3131550982338749,0.6498172391127791
that new Tmobile merger is crazy,neither,0.03580448064457641,0.3823190955059567,0.5818764238494669
I might fall asleep so I'm telling you guys now: eject the warp corps. It always works and is the best strategy.,neither,0.0476099390791536,0.35973680616215065,0.5926532547586958
@Impossiblegirl11 hey girl :),neither,0.030598286926141412,0.41854428735554666,0.5508574257183118
@geekandsundry haha junx,neither,0.03186685585600258,0.45913629025701075,0.5089968538869867
"Things I learned from watching Star Trek Discovery...Black Vulcans straighten their hair. Burnham's hair in prison is natural. (Having a hard time picturing Vulcans straightening their hair, but you do you, boo.)",neither,0.05565326740624006,0.45020831695072705,0.494138415643033
"Wait, literally huge?",neither,0.03945320844208391,0.33037608806864915,0.630170703489267
Are we going to die?,neither,0.34527069868410193,0.08884078278762418,0.5658885185282739
The Pull is Real!!!!,neither,0.0384424631777362,0.45728343877994404,0.5042740980423197
Jinxs,neither,0.03945320844208391,0.33037608806864915,0.630170703489267
everything dies,neither,0.03945320844208391,0.33037608806864915,0.630170703489267
Cause Black holes are super compressed...,neither,0.08464028515195432,0.3002845821671044,0.6150751326809413
Not for a billion years,neither,0.0326111351086995,0.3064063482883094,0.660982516602991
but the collision happened 1.8 billion years ago,neither,0.03628679760441896,0.325327748204141,0.6383854541914399
Ejecting the warp core never worked in a Galaxy-class ship.,neither,0.036576311934097605,0.3446910877238064,0.618732600342096
It was nice knowing you guys Chat,neither,0.05090822470471718,0.3717923547303191,0.5772994205649638
#Science!,neither,0.03945320844208391,0.33037608806864915,0.630170703489267
Mass Effect collided witht he Mily Way,neither,0.04426615581110094,0.3294843338500004,0.6262495103388985
I didn't know Italy had a gravitational wave detector!,neither,0.02829849404651409,0.36395377511315596,0.60774773084033
so cool :o,neither,0.03941094976918481,0.4067560025575799,0.5538330476732353
science rules,neither,0.03945320844208391,0.33037608806864915,0.630170703489267
"Hi, @Impossiblegirl11",neither,0.03945320844208391,0.33037608806864915,0.630170703489267
"Indeed, Gravitational Waves were predicted by General Relativity in 1922. We have been looking for them for a long time.",neither,0.03885350630537221,0.32380878581024786,0.6373377078843799
Omg,neither,0.03945320844208391,0.33037608806864915,0.630170703489267
the detector is basically a laser interferometer,neither,0.05036393004545945,0.30365749623394406,0.6459785737205964
Sci-Fi game is playing us?,neither,0.07297858557905257,0.29428934086788483,0.6327320735530626
frigging nuts lol,neither,0.0292950143675771,0.4063459126672315,0.5643590729651915
gandsLessthanthree gandsLessthanthree gandsLessthanthree,neither,0.03945320844208391,0.33037608806864915,0.630170703489267
@grading yes that,neither,0.03297852183450943,0.40155400598600677,0.5654674721794839
Nature is weirder than fiction,neither,0.04852739396982959,0.3359014369698534,0.6155711690603171
#yaysciencefact!,neither,0.03945320844208391,0.33037608806864915,0.630170703489267
<3 Team Hooman #lessthanthree,neither,0.03945320844208391,0.33037608806864915,0.630170703489267
@Grading only in Soviet Russia,neither,0.03945320844208391,0.33037608806864915,0.630170703489267
:D @shidareAKI,neither,0.03945320844208391,0.33037608806864915,0.630170703489267
gandsLessthanthree gandsLessthanthree gandsLessthanthree,neither,0.03945320844208391,0.33037608806864915,0.630170703489267
<3,neither,0.03945320844208391,0.33037608806864915,0.630170703489267
gandsLessthanthree gandsLessthanthree gandsLessthanthree,neither,0.03945320844208391,0.33037608806864915,0.630170703489267
gandsHooman,neither,0.03945320844208391,0.33037608806864915,0.630170703489267
gandsClassic gandsClassic,neither,0.03945320844208391,0.33037608806864915,0.630170703489267
gandsSubHype gandsSubHype gandsSubHype gandsSubHype gandsSubHype gandsSubHype gandsHooman gandsHooman gandsHooman gandsHooman gandsHooman,neither,0.03945320844208391,0.33037608806864915,0.630170703489267
gandsSubHype gandsSubHype gandsSubHype gandsSubHype gandsSubHype gandsSubHype gandsSubHype,neither,0.03945320844208391,0.33037608806864915,0.630170703489267
When is Gina getting her Engineer uniform!? :P,offensive_language,0.026177267802189326,0.6119575010346583,0.36186523116315233
gandsLessthanthree gandsLessthanthree gandsLessthanthree gandsLessthanthree gandsLessthanthree gandsLessthanthree gandsLessthanthree gandsLessthanthree gandsLessthanthree gandsLessthanthree gandsLessthanthree gandsHooman gandsHooman gandsHooman gandsHooman,neither,0.03945320844208391,0.33037608806864915,0.630170703489267
tomorrow is my birthday,neither,0.03407569472804868,0.42477240841841857,0.5411518968535326
Happy Birthday Hector,neither,0.03945320844208391,0.33037608806864915,0.630170703489267
Hey @Maxxjenga,neither,0.03945320844208391,0.33037608806864915,0.630170703489267
Happy birthday!,neither,0.03945320844208391,0.33037608806864915,0.630170703489267
feliciaYEAH feliciaRaid gandsLessthanthree,neither,0.03945320844208391,0.33037608806864915,0.630170703489267
"""You live on a space ship."" - Zoe",neither,0.05189072750919701,0.3708215585300187,0.5772877139607843
lol,neither,0.020706217963973744,0.4882283491876925,0.4910654328483337
Only 30? Whippersnapper.,neither,0.03945320844208391,0.33037608806864915,0.630170703489267
Hector is .... younger than me,neither,0.03873070231941294,0.377544560124687,0.5837247375558999
happy birthday hector,neither,0.03945320844208391,0.33037608806864915,0.630170703489267
Don't forget to visit Star Trek Online and support Shield of Tomorrow! www.StarTrekOnline.com/ShieldofTomorrow,neither,0.05687602105656693,0.30425729811326435,0.6388666808301687
<How do you feel?>,neither,0.06939054765577388,0.4016962674974893,0.5289131848467368
@Danoba ayoooo,neither,0.03945320844208391,0.33037608806864915,0.630170703489267
30 -- such a wee little lad Hector is :P,neither,0.045493959973348416,0.3289956657129557,0.625510374313696
Never get old,neither,0.03323096441808594,0.39920115349903224,0.5675678820828819
...and just throwing it out there... Australia has officially announced it will be forming a Space Agency... Im so looking into a position! :),neither,0.03501422605172345,0.3315040564763314,0.6334817174719451
"It's so distinguished though, Eric",neither,0.037965553799072,0.37739233498702934,0.5846421112138985
That's my mentality,neither,0.023439717666426958,0.4739848130635558,0.5025754692700173
I'll be 30 myself in May.,neither,0.04118052699563965,0.3116876299496289,0.6471318430547314
"hector is only like, 9 months older than me",neither,0.04798471232377701,0.38135834771862315,0.5706569399575999
wow i thought he was older,neither,0.04756509484468006,0.24051716590468217,0.7119177392506376
LUL,neither,0.03945320844208391,0.33037608806864915,0.630170703489267
My dad dyes his beard..... but not the hair on his head,neither,0.05470741694249064,0.4134563101705132,0.5318362728869961
RE hrpgSub hrpgHyperHype,neither,0.10802165902134243,0.2484119200751343,0.6435664209035233
Happy bday!!!!! 30 is nothing 😀,neither,0.04404898155103963,0.36572458100547306,0.5902264374434874
Eventually Hector will be Edward James Olmos,neither,0.040831927027972816,0.3154990750562517,0.6436689979157755
im older than hector,neither,0.03796383023452616,0.3758980363742401,0.5861381333912339
LUL,neither,0.03945320844208391,0.33037608806864915,0.630170703489267
lol,neither,0.020706217963973744,0.4882283491876925,0.4910654328483337
We have a subscriber-only Discord server! Join here: https://discord.gg/geekandsundry (you'll need to sub and link it to your Twitch) and be a part of the fun!...Warning: It can take up to an hour for the server to update and give you access to the channels,neither,0.08464076273808444,0.286394834032893,0.6289644032290227
Same with the Japanese,neither,0.027655380320987136,0.36170663847690526,0.6106379812021077
"You are 17 years behind, Hector!",neither,0.088250267735672,0.3273276118519995,0.5844221204123285
lol,neither,0.020706217963973744,0.4882283491876925,0.4910654328483337
25 is pretty much the last birthday that matters,neither,0.038570677154989484,0.34676252697680343,0.6146667958682072
"ya'll were basically my intro to watching rpgs online like this, and I've watched other ones but this one is still my favorite",neither,0.022271782279389002,0.48671918013658877,0.4910090375840222
I started going gray at 10 lol,neither,0.031846059581499185,0.4112830604035101,0.5568708800149906
I'm gray af all through my temples thanks Irish grandpa,neither,0.032743183173099606,0.40235957751383844,0.564897239313062
"Also, Sam is...",neither,0.048859537605873284,0.32714082013633056,0.623999642257796
:(,neither,0.03945320844208391,0.33037608806864915,0.630170703489267
Bonnie's braids are adorable tonight :D,neither,0.057749585706207,0.2741699916277236,0.6680804226660694
#AmyIsATimelord,neither,0.03945320844208391,0.33037608806864915,0.630170703489267
"Help G&S make great content! $4.99/month gets you emotes, Minecraft server access, Sub Only Q&As, VODs, and more! Every sub keeps the channel alive! twitch.tv/geekandsundry/subscribe",neither,0.043092924924402844,0.32365565443818894,0.6332514206374082
