text,top_class,hate_speech,offensive_language,neither
Evil Travis was certainly interesting in the one shot.,neither,0.038355819686168635,0.3401903790674641,0.6214538012463672
"having a monk would be great. Marisha, maybe?",neither,0.03746519558354545,0.30473854100344294,0.6577962634130117
I can see Taliesin playing a warlock or other type of spell-caster,neither,0.039668843165818375,0.32671620404509044,0.6336149527890911
"The channel was gone live. If you cannot see the folks in the studio , please refresh.",neither,0.036974951648040155,0.35413151110078345,0.6088935372511763
the preview cam is up,neither,0.04292576060678319,0.3568823402302221,0.6001918991629948
can anyone else see talisien as a monk?,neither,0.03772826839185835,0.3596528224557826,0.602618909152359
And he would have been even scarier had he not rolled so badly,neither,0.04306016818057406,0.3473887989556092,0.6095510328638168
Monk and a well-done Warlock would be cool.,neither,0.03784086635735084,0.3027229583656638,0.6594361752769855
"repeat The channel was gone live. If you cannot see the folks in the studio , please refresh.",neither,0.03711574705734352,0.3527595669817238,0.6101246859609328
"Nice one, lol.",neither,0.028495818678619597,0.44764950950832516,0.5238546718130553
I can see Taliesin as a monk after the goblin oneshot,neither,0.036398200178897146,0.34650673888211764,0.6170950609389853
But they do need Jocks Machina shirts on that poster.,neither,0.033055711339162366,0.3775013881452095,0.5894429005156281
Larkin's on the poster. lol,neither,0.028019721414038627,0.38461318450397963,0.5873670940819817
Bidet!,neither,0.03945320844208391,0.33037608806864915,0.630170703489267
Hail from Reno Nevada!,neither,0.04018885940553629,0.3178901713228366,0.6419209692716272
I do feel Joe's pain of everyone always assuming I'm not a nerd because I look like an athlete (from playing sports and being in the military). That can get annoying.,neither,0.03711604033892572,0.395664318000706,0.5672196416603683
lol. nice poster,neither,0.03187387951601469,0.3852273359378702,0.5828987845461151
Bidet from Indiana,neither,0.0408364874901429,0.30689823255244486,0.6522652799574122
Bidet from Oklahoma!!,neither,0.04066490145509902,0.30981049537100724,0.6495246031738937
"Bidet from Ontario, canada!",neither,0.040354386843928725,0.3150807387011266,0.6445648744549448
The poster print is hilarious,neither,0.044956555303044606,0.31574115965788657,0.6393022850390687
"I honestly see Marisha playing something very front-line, either a tank-type or melee damage dealer.",neither,0.03945320844208391,0.33037608806864915,0.630170703489267
hahaha travis did look real tiny next to joe !,neither,0.03939144758226123,0.4082364434618789,0.5523721089558599
Bidet from Wales!,neither,0.04228451509352876,0.2823214250720796,0.6753940598343917
Jocks Machina T-Shirts ALL PROCEEDS GO TO AID PUERTO RICO! https://store.359inc.com/collections/tees-others/products/critical-role-jocks-machina-short-sleeve-t-shirt,neither,0.05122973317239651,0.35032385746468625,0.5984464093629173
5 Reddit Silver Laura will play an Aasimar.,neither,0.04116620502769671,0.30130206544595317,0.6575317295263502
"she's Tiefling, I don't know what you're talking about, @Runnerbrax",offensive_language,0.09664345198962405,0.4713235455367316,0.43203300247364435
"I'm thinking Marisha goes Fighter next campaign, but I really would love to have a Monk in the group. 5e Monks are so cool and I think Grog's battles with Earthbreaker may have inspired someone.",neither,0.04237944079946526,0.326336935260996,0.6312836239395387
"Subtember link to all the info, if you want to know more , extended to October 18th https://blog.twitch.tv/subtember-is-here-this-month-get-half-off-the-first-month-of-a-new-sub-b4c2e9a6df68",neither,0.05987469744968856,0.32643639696438626,0.6136889055859251
I could see her going Aasimar Warlock.,offensive_language,0.027823630420844542,0.611700778374613,0.3604755912045424
I agree with jimmy_eat_meatloaf. Laura will likely play a tiefling.,neither,0.031246877175252076,0.3415929981723748,0.627160124652373
"There will be at least one tiefling, for sure.",neither,0.030165824493562136,0.40933623092205895,0.560497944584379
I HOPE Travis goes Wizard. he's by FAR the smartest person in the group.,neither,0.059339284009069404,0.2760074626187007,0.6646532533722299
"Bidet from Finland, hahaa this makes me to want watch twins again :p",neither,0.0415685083709078,0.3585600274515981,0.5998714641774942
"tell me if i have this right: the next episode is the last episode, then the Critical Role cast will be making new characters?",neither,0.032536600324297345,0.3155981547788926,0.6518652448968102
"I know people like speculating, but I'd much rather wait and see what they come up with than what other people THINK they should play...",neither,0.07574894550001286,0.39046448531917016,0.533786569180817
Travis always wanted to be lycan.,neither,0.04410086088582048,0.3791164594034577,0.5767826797107218
"Three I'd like to see are a monk, Wizard and a warlock.",neither,0.08327392451637808,0.2642282401613503,0.6524978353222717
bidet from canada,neither,0.04071751644889743,0.3089174816120565,0.6503650019390461
He can be a lycan wizard,neither,0.046303993016843285,0.3273564957709158,0.626339511212241
Who is on this episode?,neither,0.04562805271491743,0.4169302785244403,0.5374416687606424
Bidet from Canada! My money's on Laura going Aasimar,neither,0.027266191496985885,0.42486047058662285,0.5478733379163913
DaniHartel we THINK this week is the last episode. We know they are facing Vecna this week,neither,0.056219058239129906,0.2968806450765781,0.646900296684292
!who,offensive_language,0.04159901189299763,0.525362713080101,0.4330382750269014
Bidet from Ohio,neither,0.040754399270683486,0.3082914838698526,0.650954116859464
@darkofnate it will be fun to see what they choose ^_^,neither,0.050475168649073476,0.3073081027628411,0.6422167285880853
"Matt, Marisha, Joe.",neither,0.03945320844208391,0.33037608806864915,0.630170703489267
matt marisha and Jo,neither,0.03873792530929075,0.294557366089699,0.6667047086010104
Joe?,neither,0.03945320844208391,0.33037608806864915,0.630170703489267
"@DaniHartel could very well be, looks that way, then there will be a break, followed by a new campaign",neither,0.04117013384621079,0.2958939653969381,0.6629359007568512
"Travis goes monk, cause he doesnt want slow moving character?",neither,0.04151542558715368,0.3444472744047036,0.6140373000081426
I wouldn't be surprised if there was a post-Vecna episode.,neither,0.027183127130507377,0.3421504421865636,0.6306664306829292
Oh,neither,0.051363287716059566,0.22255663153133606,0.7260800807526044
"@KitMarcus ah, so we aren't sure.",offensive_language,0.034134132297463066,0.4913143940331494,0.4745514736693875
"The next episode may be the last episode of Vox Machina, yes. (may not be depending on their actions) Either way, a new campaign will start with all the same cast in different characters. But only after they take some time off with a few one shot episodes.",neither,0.030653302006881024,0.3443402669495081,0.6250064310436109
starts at 10 right?,neither,0.037720267071383484,0.37261248458950186,0.5896672483391147
!clock wheniscriticalrole.com/talksmachina << Talks Machina Tuesdays 7pm Pacific,neither,0.03945320844208391,0.33037608806864915,0.630170703489267
It is currently 6:37 PM at the Geek & Sundry studio in California.,neither,0.051991185132496114,0.32955794337183575,0.6184508714956681
"On tonight’s show are Matt, Marisha special guest Joe Manganiello and Host Brian, discussing episode 113",neither,0.06946907499516156,0.2509470744307053,0.6795838505741332
"@DaniHartel perhaps, but it's d&d so you never know. Also, at one point they said there'd be a q&a episode once campaign was over before new one started. Not sure if still the plan or not, but I hope so!",neither,0.03714123100556543,0.4403958297265671,0.5224629392678676
Joe was the last guest,neither,0.038597867582377376,0.31831354786550353,0.6430885845521191
in 25,neither,0.03945320844208391,0.33037608806864915,0.630170703489267
What time does Talks Machina start?,neither,0.029867976492300278,0.4560850015758538,0.5140470219318459
7pst @nyaveragejoe,neither,0.03945320844208391,0.33037608806864915,0.630170703489267
!clock,neither,0.03945320844208391,0.33037608806864915,0.630170703489267
!clock wheniscriticalrole.com/talksmachina << Talks Machina Tuesdays 7pm Pacific,neither,0.03945320844208391,0.33037608806864915,0.630170703489267
It is currently 6:37 PM at the Geek & Sundry studio in California.,neither,0.051991185132496114,0.32955794337183575,0.6184508714956681
!when,neither,0.016601608815981862,0.4643139322190191,0.519084458964999
in 23 minutes,neither,0.03945320844208391,0.33037608806864915,0.630170703489267
lol dat poster,neither,0.03156412583076175,0.38769173698608334,0.5807441371831548
"oh, @nyaveragejoe, for you, yes, 10.",neither,0.05551836401527071,0.2850801724485134,0.659401463536216
Thanks !!,neither,0.035884468650613,0.3004919205142699,0.6636236108351171
"I am experiencing DaylightSavings, so things are now an hour later",neither,0.0588503761061568,0.3253321615702505,0.6158174623235927
"Nice! I failed at trying to catch up on CR episodes, so I'm excited to be able to start watching again.",neither,0.044707699743497455,0.4002103276748477,0.5550819725816548
thanks @jimmy_eat_meatloaf,neither,0.035884468650613,0.3004919205142699,0.6636236108351171
"Anyone in Oklahoma, in chat today?",neither,0.03838414163670627,0.3140739723447901,0.6475418860185037
!clock,neither,0.03945320844208391,0.33037608806864915,0.630170703489267
It is currently 6:38 PM at the Geek & Sundry studio in California.,neither,0.051991185132496114,0.32955794337183575,0.6184508714956681
who are the guests?,neither,0.10172581369659722,0.326204531694529,0.5720696546088738
"DaniHartel Right. Remember, Matt and Marisha get married later this month, plus they need to do Epilogue stuff for VM, so while we know Vecna is this week's episode, we don't know what's going to happen and how things play out.",neither,0.043450694406047305,0.3288152857414905,0.6277340198524621
@jimmy_eat_meatloaf did you know it was 10 for me because of my name lol,neither,0.025038530370237344,0.47359701495082723,0.5013644546789354
right at the ok border,neither,0.04097010486586453,0.2848821155369913,0.6741477795971441
bidet from montreal,neither,0.04062582848913359,0.31047366557575606,0.6489005059351104
@DaniHartel Careful you may encounter spoilers if not caught up,neither,0.03305206488201798,0.44513483215858535,0.5218131029593966
"On tonight’s show are Matt, Marisha special guest Joe Manganiello and Host Brian, discussing episode 113",neither,0.06946907499516156,0.2509470744307053,0.6795838505741332
holy wow the feed us up hella early tonite,neither,0.055188377431029695,0.3895160189066904,0.5552956036622799
"I took your name as Not Your Average Joe, but I could see it being New York as well @nyaveragejoe :)",neither,0.06323442625902483,0.3326892293945301,0.6040763443464451
"@bettywattson I've given up on catching up, lol",neither,0.01576523942268924,0.43664180554889814,0.5475929550284125
@nyaveragejoe yup!,neither,0.03945320844208391,0.33037608806864915,0.630170703489267
"it's a good name, NYAJ",neither,0.03647414936446967,0.3314007230919896,0.6321251275435407
"never give up on catching up, there is a lot of treasure in dem deere episodes",neither,0.03675052492997778,0.3907309935009912,0.572518481569031
@DaniHartel In that case I'd reccomend watching all Matt's recaps at the beginning of episodes,neither,0.03702524629734897,0.3994732409705646,0.5635015127320865
@DaniHartel you've gotta for this episode!,neither,0.021948763619895027,0.3487139423636405,0.6293372940164643
@stargazer1977 Thats the beauty of it,neither,0.037087245773440226,0.314091583607174,0.6488211706193857
"good evening, friends! gandsSubHype",neither,0.03880077466679726,0.3306004899617141,0.6305987353714887
So much treasure that I've gone back to them twice @Dragonchrome,neither,0.028412018037714946,0.3685586015124518,0.6030293804498333
TRUTH! catching up was great...if time consuming,neither,0.022656897846139896,0.4056835918518987,0.5716595103019615
"everyone's on the couch already? *gasp* might we be starting on time? ...nah, not with Buyin My Foster :P :D hehe",neither,0.025348242817917286,0.44189992914591775,0.532751828036165
"@nyaveragejoe indeed, my name has a couple meanings as well. Always works better that way. :)",neither,0.02921635395481075,0.4485119594682403,0.522271686576949
I binged the entire series on youtube over a few weeks. by the time I was caught up it was around episode 50,neither,0.03408458323680799,0.37677920427642814,0.5891362124867638
"i agree, even if you can't catch up now, just take your time, you will eventually have watched all the episodes :D",offensive_language,0.05447290703219545,0.4857521167728036,0.4597749761950009
Critical Role past episodes at Geek and Sundry http://geekandsundry.com/shows/critical-role/,neither,0.037520069358264595,0.280789245221837,0.6816906854198984
To the Geekandsundry staff: Can we get a bigger shot of that Twins poster on Twitter or something? I'd like to read the whole thing please,neither,0.045409733677780326,0.3953176772101785,0.5592725891120411
its definitely worth the time spent.. if you have the free time,neither,0.02992512426761607,0.3983630784414477,0.5717117972909364
there is always the podcasts for catching up as well,neither,0.03555177730541447,0.3603762458522617,0.6040719768423239
#TeamVecna,neither,0.03945320844208391,0.33037608806864915,0.630170703489267
Critical Role Podcasts ! The first 40 episodes up now also available on Google or Itunes http://criticalrolepodcast.geekandsundry.com/,neither,0.03269949092489859,0.30214657346895285,0.6651539356061484
I second what @jimmy_eat_meatloaf said!,neither,0.04642113199360496,0.3254231769253945,0.6281556910810004
"Also this campaign ends soon, so you won't be behind forever",neither,0.04904207347931003,0.3894933602064868,0.5614645663142033
twins --- could be referred to Vex and Vox too,neither,0.044093461681104715,0.30230579605344693,0.6536007422654483
makes game show model handds,neither,0.05303800468903364,0.22116947926536235,0.7257925160456041
are the podcasts actually shorter at all?,neither,0.05713243735274025,0.3515843486317724,0.5912832140154873
arre they starting right at 9?,neither,0.037498735084313,0.3779823814650612,0.5845188834506257
!clock wheniscriticalrole.com/talksmachina << Talks Machina Tuesdays 7pm Pacific,neither,0.03945320844208391,0.33037608806864915,0.630170703489267
It is currently 6:41 PM at the Geek & Sundry studio in California.,neither,0.0534460154289174,0.3294088346371876,0.617145149933895
"I was so excited to see the bromance happening between Joe and Travis, but I will be happy watching the show none-the-less :D",neither,0.045973306006783864,0.274907511962695,0.6791191820305211
can't wait for thursday its gonna be insane,neither,0.030868976062768182,0.3416890109150137,0.627442013022218
Jocks and Socks and Rocks and Box?,neither,0.03804995622293224,0.25001882935424463,0.7119312144228231
"I'm trying to stay caught up on at least 3 other games currently, I have my job and my own streaming, so there's literally not enough time. lol",neither,0.03315041917483651,0.44914228776851683,0.5177072930566468
LOL Larkin is in the movie guys,neither,0.04005337056790654,0.3286757304577918,0.6312708989743017
Podcasts are SLIGHTLY shorter because no announcements or break,neither,0.05343266067238619,0.31147593038866106,0.6350914089389529
I just want to see what happens if in the next campaign Liam tries to romance Laura. That will be hilariously awkward.,neither,0.0436336930564759,0.3649957000272314,0.5913706069162927
BUT i do plan on staying on schedule with the new campaign. :D,neither,0.03034582437960115,0.31050663815929075,0.659147537461108
ah ok thx,neither,0.03940668290267324,0.3311657478944303,0.6294275692028964
"@yoitisi you can always speed them up, if you put them or the VODs on 1.5x speed it helps alot & doesn't takeaway from being able to understand what they are saying",neither,0.05963341999341631,0.4059134196191747,0.5344531603874089
My only regret is that CR now competes with football on Thursday nights.,neither,0.027997140466913508,0.42383587235533887,0.5481669871777476
"Bidet from Ypsilanti, y'all",neither,0.046953908045590145,0.46253302838538923,0.4905130635690207
"@DaniHartel don't forget if watching on youtube or g&s website, you can up the speed of the video, cutting the time in half",neither,0.0348233766521441,0.3466630475939414,0.6185135757539144
"It can be done, I've watched all the episodes twice so far",neither,0.024491976065082514,0.38152691788989823,0.5939811060450193
@stargazer1977 That would seem so wrong. XD,neither,0.034852507032409906,0.41129123538414775,0.5538562575834424
Eric! read it to us!,neither,0.08480977326613866,0.31908662736484583,0.5961035993690155
!glittereric,neither,0.03945320844208391,0.33037608806864915,0.630170703489267
@bettywattson OMG I see that! We have found Larkin!,neither,0.035187755696171774,0.38077042470655,0.5840418195972782
We have 5 months 23 days 21 hours 17 minutes left until we glitter Eric! Chat never forgets! https://clips.twitch.tv/EasyUglyPlumFailFish,neither,0.03775463864623644,0.34947233839242803,0.6127730229613355
wutface,neither,0.03945320844208391,0.33037608806864915,0.630170703489267
"@Seren_y_Gogledd that actually carves off a lot of footage, maybe more than 24 hours",neither,0.03776734556189411,0.35683733261859074,0.6053953218195152
ERIC!,neither,0.03945320844208391,0.33037608806864915,0.630170703489267
Nicely done sir,neither,0.03881342362932701,0.34123490604644285,0.6199516703242302
"I love watching football, but there is no game I would skip CR for.",neither,0.03580368855569017,0.28552045651592833,0.6786758549283816
Hi Eric!,neither,0.03945320844208391,0.33037608806864915,0.630170703489267
@LadyAnnaura hahaha,neither,0.03945320844208391,0.33037608806864915,0.630170703489267
Bidet from NJ,neither,0.04069404815304118,0.30931579984010865,0.6499901520068502
all the way up to episode 43 in my watching/listening...,neither,0.0345395519550868,0.45258154728904637,0.5128789007558667
"@Themonkeyprincess I'm preparing myself for it mentally already, lol.",neither,0.02873438372209981,0.3585343314511402,0.61273128482676
who's on today?,neither,0.03366466192080893,0.4096401110398999,0.5566952270392913
lmao @ the twins reference!,neither,0.03781713885490389,0.331114141830897,0.6310687193141991
"Evening chat and bidet from Fort Smith, Arkansas. :D",neither,0.03957283395944659,0.2920809007861274,0.6683462652544261
bidet from nj,neither,0.04069404815304118,0.30931579984010865,0.6499901520068502
Color? Nice,neither,0.041110646382361754,0.3298060191581722,0.6290833344594661
hey everyone!,neither,0.031959242684595296,0.4575682446653829,0.5104725126500218
IS THIS THE LAST WEEK OF VOX MACHINA!!??,neither,0.047685751164949226,0.31091786153941875,0.641396387295632
Bidet from Toronto!,neither,0.04066490145509902,0.30981049537100724,0.6495246031738937
bidet from pittsburgh pa,neither,0.04036266062233628,0.31494031108870923,0.6446970282889545
Probably,neither,0.037248874780404465,0.3677893831597844,0.5949617420598112
"Just yesterday I finally am caught up, didnt start watching the youtube version till they were passed episode 100",neither,0.03599825012199583,0.34501738859937203,0.6189843612786321
Maybe second to last,neither,0.04661642023908643,0.32619900740848573,0.6271845723524277
@stargazer1977 laura and travis could in theory start as a couple in-game for he next campaign.,neither,0.03701205024432628,0.298399648994219,0.6645883007614547
I think even if this is the final battle there will be a wrap up week,neither,0.0312484506009264,0.34841463070385686,0.6203369186952167
very likelly,neither,0.03945320844208391,0.33037608806864915,0.630170703489267
boganlanks we'll find out in the actual episode how things go,neither,0.03930539344833011,0.27274865232975126,0.6879459542219187
maybe BibleThump,neither,0.03945320844208391,0.33037608806864915,0.630170703489267
@boganlanks it just might be!,neither,0.03211137784208545,0.3662301267305631,0.6016584954273515
@boganlanks Maybe? Hope not. >.<,neither,0.08863334151293728,0.19355700761501404,0.7178096508720487
Lol I love he twins,neither,0.033366569947147255,0.40078011087252846,0.5658533191803243
"BIDET - hated missing tonight, but I'm flying home for my Mom's 72nd BDAY. Wish her well, dammit!",neither,0.024841641661732743,0.44469541751590164,0.5304629408223657
Hi @Eric,neither,0.03945320844208391,0.33037608806864915,0.630170703489267
Since there will probably be an epilogue or Battle Royale. Or both,neither,0.04001894330614022,0.29888759697545425,0.6610934597184056
i would kill for a shield of tomorrow/critical role crossover one shot,neither,0.19722981194279265,0.2414898132522393,0.561280374804968
they might have an epilogue episode or something,neither,0.03927517275810442,0.33339781826189135,0.6273270089800044
"I don't want them to go, but I'm excited to see the new roles",neither,0.06069050914821789,0.2548251851712362,0.6844843056805459
anyone have the script for the next ep? Kappa,neither,0.03442456246660312,0.3081999321670024,0.6573755053663944
lol the twins poster,neither,0.0319565165651621,0.3634213831148682,0.6046221003199697
gandsSubHype gandsSubHype,neither,0.03945320844208391,0.33037608806864915,0.630170703489267
@first2di3 👀👀,neither,0.03945320844208391,0.33037608806864915,0.630170703489267
maybe they finish final battle on first part and wrap up after break?,neither,0.03261343757921436,0.3435061979825767,0.6238803644382089
@willingblam BIDET Sir!,neither,0.03945320844208391,0.33037608806864915,0.630170703489267
Bidet from a business trip to Atlanta!!!,neither,0.04612823294355524,0.3119079889491489,0.6419637781072959
