text,top_class,hate_speech,offensive_language,neither
I can't get nightbot to respond - may be taking a nap,neither,0.04571815850744428,0.3152971905475403,0.6389846509450153
Yay Monday Club,neither,0.03945320844208391,0.33037608806864915,0.630170703489267
"@AromiaFlyce That was San Diego's tourism motto for awhile: ""Happy happens""",neither,0.04452240887366552,0.3336213165981256,0.6218562745282088
yay!,neither,0.03945320844208391,0.33037608806864915,0.630170703489267
@ImSylien wednesdaisies? how did we come up/get stuck with that?,neither,0.02480987138222692,0.46392120945081683,0.5112689191669563
the audio blips are from something AMAZING,neither,0.0595026431952144,0.2680411090743992,0.6724562477303865
y'all have no idea,neither,0.039833333880614066,0.44610476319581865,0.5140619029235673
Hello Hello!,neither,0.03945320844208391,0.33037608806864915,0.630170703489267
Action time!,neither,0.03797714782373952,0.3554286889732,0.6065941632030606
woot woot yay,neither,0.03945320844208391,0.33037608806864915,0.630170703489267
we're here!,neither,0.19885855983925918,0.22006402196641378,0.581077418194327
HI EVERYONE!,neither,0.032490659208996964,0.4485487193596734,0.5189606214313296
OMG,neither,0.03945320844208391,0.33037608806864915,0.630170703489267
:O Tal's hair omg,neither,0.03945320844208391,0.33037608806864915,0.630170703489267
Hey Everybody,neither,0.03945320844208391,0.33037608806864915,0.630170703489267
HIYA,neither,0.03945320844208391,0.33037608806864915,0.630170703489267
!twc,neither,0.03945320844208391,0.33037608806864915,0.630170703489267
oh my god taliesins shaved his head,neither,0.05127704939336542,0.3889385107194541,0.5597844398871805
Here are some handy The Wednesday Club resources! TWC Reddit: reddit.com/r/WednesdayClub/ | Discord: https://discord.gg/6QK9fVB | Wednesday Club Fanclub on Facebook: facebook.com/groups/1945232949091586/,neither,0.041287213005686295,0.3375124748912654,0.6212003121030484
Hi Dave and Damion!!!!,neither,0.03866059770946288,0.29025994196573374,0.6710794603248034
Hello!,neither,0.03945320844208391,0.33037608806864915,0.630170703489267
woooo yay,neither,0.03945320844208391,0.33037608806864915,0.630170703489267
WHOA Taliesin shaved his head,neither,0.0598365518589135,0.3559595005353106,0.5842039476057759
Whoo!,neither,0.03945320844208391,0.33037608806864915,0.630170703489267
gandsLessthanthree gandsLessthanthree gandsLessthanthree gandsLessthanthree,neither,0.03945320844208391,0.33037608806864915,0.630170703489267
Happy Wednesday!,neither,0.03945320844208391,0.33037608806864915,0.630170703489267
OMG TALISIEN SHAVED HIS HEAD,neither,0.06205398346869185,0.35807683253938893,0.5798691839919193
whooot,neither,0.03945320844208391,0.33037608806864915,0.630170703489267
Tnx all :P it is tusday wher I em,neither,0.047599450877839,0.39643102962222704,0.555969519499934
Guest!,neither,0.03945320844208391,0.33037608806864915,0.630170703489267
Tallesin shaved,neither,0.03945320844208391,0.33037608806864915,0.630170703489267
OMG O.O,neither,0.03945320844208391,0.33037608806864915,0.630170703489267
JAFFE WHAT HAPPEND,neither,0.045915666119560924,0.3257693565681219,0.6283149773123172
HI EVERYBODY!!,neither,0.03945320844208391,0.33037608806864915,0.630170703489267
rip headphone users,neither,0.03945320844208391,0.33037608806864915,0.630170703489267
Talisins hair!?! Where did it go!? Noooo! :(,neither,0.040834993396066145,0.3069643318765833,0.6522006747273505
It's a crossover episode!,neither,0.03750910659539627,0.3310447538416866,0.6314461395629172
TALIESIN CHANGED HIS HAIR AGAIN,neither,0.06248438441168268,0.36177152651727235,0.5757440890710449
Woo-HOO,neither,0.03945320844208391,0.33037608806864915,0.630170703489267
TALIESIN!,neither,0.03945320844208391,0.33037608806864915,0.630170703489267
He bald.,neither,0.04695818294209809,0.3277947831929666,0.6252470338649353
he shaved his head?!?!??!?!,neither,0.07284496635627352,0.35693681887082884,0.5702182147728976
Whoa Taliesin,neither,0.03945320844208391,0.33037608806864915,0.630170703489267
,neither,0.03945320844208391,0.33037608806864915,0.630170703489267
OMG,neither,0.03945320844208391,0.33037608806864915,0.630170703489267
Wednesday!!,neither,0.03945320844208391,0.33037608806864915,0.630170703489267
TAL UR HAIR!!?!,neither,0.06245664747125269,0.32246415054996114,0.6150792019787862
Heyas!,neither,0.03945320844208391,0.33037608806864915,0.630170703489267
I'm just waiting for one day when the table is just covered in glasses,neither,0.029343700867895808,0.36261301001750645,0.6080432891145977
Taliesin's glorious hair,neither,0.03945320844208391,0.33037608806864915,0.630170703489267
RIP hair,neither,0.03945320844208391,0.33037608806864915,0.630170703489267
It's gone,neither,0.036716040172993625,0.3341181497960672,0.6291658100309391
:O,neither,0.03945320844208391,0.33037608806864915,0.630170703489267
Borrowed the couch from the other studio,neither,0.0388716863431803,0.2901151019698071,0.6710132116870126
Hey Hey Hey!!,neither,0.03945320844208391,0.33037608806864915,0.630170703489267
glorious hair ;_;,neither,0.03945320844208391,0.33037608806864915,0.630170703489267
"naw, he's short not bald",neither,0.04289697070810581,0.3330414947649114,0.6240615345269829
"Taliesin, where is the glorious mohawk?",neither,0.04890881469647319,0.2795733213583069,0.6715178639452198
dumb question never watched a live show forCrit role but I need to be there what time is it on est?,neither,0.055343144246583015,0.30510768893612544,0.6395491668172915
we're in mourning until he grows it back out,neither,0.05015003115645615,0.3233895448367822,0.6264604240067617
WHERE A S TALIESINS HAIRRRRRR,neither,0.04379278224195774,0.2567221952996476,0.6994850224583946
Tal has an amazing shaped head,neither,0.03881632442922855,0.3411856719016292,0.6199980036691423
jcvimHi matt jcvimHi amy jcvimHi Taliesin jcvimHi BDAVE and Damion,neither,0.038728671704293754,0.2940490279117623,0.667222300383944
agh i miss taliesins hair,neither,0.03066889284533506,0.3333974170124555,0.6359336901422094
talisen looks like 20 years younger,neither,0.04845205450338127,0.34361491652045967,0.6079330289761591
Farther from beverages,neither,0.04062582848913359,0.31047366557575606,0.6489005059351104
"@japenrose I'm doing alright :) Having trouble sleeping the past few days but otherwise I'm good, plus NYCC is coming and I'm going on Saturday so I'm excited! How are you?",neither,0.05412010912564711,0.3423671103210508,0.603512780553302
omg Talieson shaved his head......,neither,0.06205398346869185,0.35807683253938893,0.5798691839919193
Tal! What happened to your hair?!,neither,0.07904526261422148,0.31546896995666357,0.605485767429115
Taliesin cut his hair!,neither,0.07465092859088128,0.3319796890082992,0.5933693824008196
@Kol_Drake Villians I think,neither,0.04078787600207219,0.3077232963708793,0.6514888276270485
ooo do it lol,neither,0.03144266213145212,0.3883960737073573,0.5801612641611905
You know when a cat gets shaved? This feels like that. #ActualCatTaliesinJaffe,neither,0.046645666188511146,0.4431035416391683,0.5102507921723206
RIP hair,neither,0.03945320844208391,0.33037608806864915,0.630170703489267
Taliesin is a changeable creature,neither,0.0495192247997867,0.32691392345999004,0.6235668517402233
He had to reset to get ready for his new hair,neither,0.07940621208586443,0.2363003462159522,0.6842934416981834
TALIESON YOUR HAIR,neither,0.10649067825054252,0.3115341996892072,0.5819751220602503
Can't wait to see what you do with your hair next Tal!,neither,0.07579825276386926,0.38106482497061356,0.5431369222655171
omg all the beautiful hair,neither,0.04012912600627379,0.3828548338332356,0.5770160401604906
game of thrones comic?,neither,0.03877021472571538,0.288494613913725,0.6727351713605596
@japenrose Her parents are making it official today. Katya is about a year or so old,neither,0.04965965060105244,0.45738032519640703,0.4929600242025405
HE SHAVED HIS HEAD?!?!,neither,0.07284496635627352,0.35693681887082884,0.5702182147728976
wheniscriticalrole.com @chijiko tomorrow 7pm Thursday in the Pacific time zone,neither,0.03821077755640125,0.332260293932811,0.6295289285107878
well there goes the Talisen's hair lol,neither,0.03155813369611151,0.3254372308676008,0.6430046354362877
"@Ricky_Galletti Oh I feel ya on the sleeping issues, I've had those the past few days myself. On NYCC! Gonna be fun! Try and see Tess Fowler if you can, I know she's going to be there!",neither,0.029315069540797174,0.43797426077616647,0.5327106696830364
"@misssunflower94 i agree, but i miss the hair, im not used to this",neither,0.03416437741927907,0.3530448956169753,0.6127907269637456
rasnac_khan -> No disassembling required. [stop spamming caps] [warning],neither,0.0386724858871414,0.4052338946449637,0.5560936194678949
lol,neither,0.020706217963973744,0.4882283491876925,0.4910654328483337
"Oh I see, talk about villains and have black geeks on",neither,0.036568041652778785,0.2915486969442425,0.6718832614029788
So basically the set of the LEGO movie,neither,0.0396830055901068,0.3109486662313597,0.6493683281785335
The wonder twins of AYBGF :),neither,0.0385366878517678,0.3136015781281442,0.647861734020088
!schedule,neither,0.03945320844208391,0.33037608806864915,0.630170703489267
Current Schedule (as of October 2017): http://bit.ly/GnSScheduleFall2017 - more info at: http://geekandsundry.com/check-out-our-new-fall-twitch-schedule/,neither,0.0364215080210808,0.24334668344335023,0.720231808535569
I haven't seen Taliesin without hair dye in a long time,neither,0.03854416481537046,0.3420217345302895,0.61943410065434
!whodat,neither,0.03945320844208391,0.33037608806864915,0.630170703489267
"Amy Dallen ( twitter.com/enthusiamy ), Taliesin Jaffe ( twitter.com/executivegoth ), and Matt Key ( twitter.com/TheMattKey ) with guests Damion Poitier ( twitter.com/DamionPoitier ) and B. Dave Walters ( twitter.com/BDaveWalters ). Chalk art by Ken Nguyen ( twitter.com/minhwind ).",neither,0.03632111164998028,0.46112599070303584,0.502552897646984
Press F to Pay Respects to Taelesins hair,neither,0.052657561230889244,0.32286778502556307,0.6244746537435476
What happened to Taliesin's glorious mane!!! :O,neither,0.05306699071265733,0.3219177669181082,0.6250152423692346
"Jolly good, sirs! :D",neither,0.03875228192880013,0.33061716883797504,0.6306305492332248
*light claps*,neither,0.03945320844208391,0.33037608806864915,0.630170703489267
It's not so ba-BALD. BALD. BALD. BALD.,neither,0.03845934290031957,0.34814839720940466,0.6133922598902757
F,neither,0.03945320844208391,0.33037608806864915,0.630170703489267
Amy's silver hair is beautiful,neither,0.045535119223729034,0.328284240061158,0.626180640715113
with the pinky xD,neither,0.027284591461645778,0.3527138059996461,0.6200016025387082
"Oh wow, Taliesin's hair!",neither,0.04553622702315635,0.272764188875703,0.6816995841011407
"lol omg yea, this stage is sooo segrigated rn",neither,0.03876866777479331,0.3697069540211209,0.5915243782040858
F,neither,0.03945320844208391,0.33037608806864915,0.630170703489267
I think Damion's mic is a little low @GeekandSundry,neither,0.04713112842273323,0.3243354256754117,0.6285334459018551
"Be the most Amy you can be, we ask no more",neither,0.05208492625510777,0.3580433571124918,0.5898717166324005
Amy Dallen's hair looks AMAZING.,neither,0.03945320844208391,0.33037608806864915,0.630170703489267
"sadly, AYBGF will have to be VOD for those of us on the East Coast",neither,0.08852367253927743,0.24287047142080087,0.6686058560399217
What happened to the Pidgeotto hair!?,neither,0.05246640139347057,0.3048399988421922,0.6426935997643374
Taliesin had to cut his hair for a voice acting role.,neither,0.05674420795926449,0.30772275373297986,0.6355330383077556
Amy has amazing hair <3,neither,0.039785714504264436,0.32473259242177266,0.635481693073963
f,neither,0.03945320844208391,0.33037608806864915,0.630170703489267
more like buzz buzz buzz ;D,neither,0.04450709761695358,0.332765004113925,0.6227278982691214
:D,neither,0.03945320844208391,0.33037608806864915,0.630170703489267
WOOOOOOOOOW,neither,0.03945320844208391,0.33037608806864915,0.630170703489267
Indeed sirs (puts on monocle),neither,0.036704210725823444,0.3435693977765421,0.6197263914976345
DUUUUDE,neither,0.03945320844208391,0.33037608806864915,0.630170703489267
Darren DePaul is NOt on this show,neither,0.05757827535837138,0.2766117762397002,0.6658099484019283
xD,neither,0.03945320844208391,0.33037608806864915,0.630170703489267
Hail hydra,neither,0.03945320844208391,0.33037608806864915,0.630170703489267
Thanks Chat! Just remember to blame GILL!!!!!,neither,0.0391077340822064,0.32952258257039535,0.6313696833473982
ugh,neither,0.03945320844208391,0.33037608806864915,0.630170703489267
rip tal's unicorn hair lol,neither,0.03413799060788161,0.3677777954990168,0.5980842138931016
"It's blue, not silver. XD",neither,0.036807720898267185,0.33569569004664734,0.6274965890550855
@CosmicVoyagerX why?,neither,0.016768318525353994,0.3685911158159394,0.6146405656587067
AMY I LOVE YOUR HAIR,neither,0.0659602897789742,0.33504122751334803,0.5989984827076777
Everyone drink!,neither,0.032312569880449886,0.45157136004122866,0.5161160700783214
#BadLivesMatter,neither,0.03945320844208391,0.33037608806864915,0.630170703489267
@Somnium_Umbra i wish he was on this show,neither,0.059959807889369277,0.2638705182192364,0.6761696738913943
his mic is off,neither,0.08399656115744504,0.3269322215195744,0.5890712173229806
The guests' sound is so unbalanced,neither,0.049646323243167964,0.3638900846668291,0.5864635920900029
"@ArgentumFlare He does not look 10 years old now. He looks like 30. He looked 30 before, just a happier 30. (As he likes to say when people ask his age, he moisturizes.)",neither,0.059997547239205626,0.43675514561579737,0.503247307144997
Of course Dave advocates villainy.,neither,0.03945320844208391,0.33037608806864915,0.630170703489267
"because of percy, the hair suits him",neither,0.038745732859510953,0.3207768307974608,0.6404774363430282
Why don't more bald/shave-headed ppl henna their heads? It's unused artistic real estate!,neither,0.029415446376045033,0.4048170256110642,0.5657675280128909
I am glad they keep cutting to the guests. I keep staring at Taliesins' head.....,neither,0.04114333572698387,0.34868089412141684,0.6101757701515992
Taliesin looks good! <3,neither,0.038457139233778734,0.330718681944739,0.6308241788214823
"@danoba Hey Danoba, hope you're doing well this week!",neither,0.12343046523879589,0.24028005873085043,0.6362894760303537
@Shadowsoflife kidding :p,neither,0.03945320844208391,0.33037608806864915,0.630170703489267
"5 min topic. If you were a supervillain what would your look be like, outfit,",neither,0.06815826499858779,0.38281369655500047,0.5490280384464118
I'm really hoping he doesn't lose his powers like Prince Valient? I miss the purple already.,neither,0.05558819087805326,0.34027577476173565,0.6041360343602111
HA!,neither,0.03945320844208391,0.33037608806864915,0.630170703489267
that's aMAZING,neither,0.03413659802039229,0.3885612680816893,0.5773021338979183
LOL,neither,0.020706217963973744,0.4882283491876925,0.4910654328483337
lol what!,neither,0.03348641322023753,0.43558119648426563,0.5309323902954968
well played,neither,0.03945320844208391,0.33037608806864915,0.630170703489267
lol,neither,0.020706217963973744,0.4882283491876925,0.4910654328483337
"noooo, lol",neither,0.030390423329749658,0.3972060592599654,0.5724035174102851
lol,neither,0.020706217963973744,0.4882283491876925,0.4910654328483337
aHA,neither,0.03945320844208391,0.33037608806864915,0.630170703489267
TWC = The White Club Kappa,hate_speech,0.5376919489599497,0.390643712395748,0.07166433864430223
Oh shit.,offensive_language,0.04652059265363964,0.9534729203614298,6.486984930600159e-06
lol,neither,0.020706217963973744,0.4882283491876925,0.4910654328483337
"""Askers?""",neither,0.03945320844208391,0.33037608806864915,0.630170703489267
This is amazing,neither,0.050638740814203484,0.3285866302672563,0.6207746289185402
"there is a big ""W"" in the middle... does it stand for White",offensive_language,0.262671762546799,0.5651789905643677,0.17214924688883326
"""If they're making decisions they need a name"" - #InternetSensationAmyDallen",neither,0.03634209337794545,0.33990488976483163,0.623753016857223
"Hey @japenrose, yup doing better this week, thanks, how are you?",neither,0.06889344426880764,0.3140827659194431,0.6170237898117491
OMG that eyebrow,neither,0.03565394173238324,0.37168462167583394,0.5926614365917828
The Geek Friends :),neither,0.03856339773908097,0.3141027789843723,0.6473338232765468
BGFFs?,neither,0.03945320844208391,0.33037608806864915,0.630170703489267
The Wok'd,neither,0.03613032604487659,0.2619290779399786,0.7019405960151449
"People, they should be called People",neither,0.13754279095980002,0.3543706033247276,0.5080866057154724
Dat brow.,neither,0.03945320844208391,0.33037608806864915,0.630170703489267
love it,neither,0.030831260484157012,0.3601344986151421,0.609034240900701
Inb4 butt hurt,neither,0.0437335783856114,0.3662193548971287,0.5900470667172599
That's rolling a grenade into chat is what that is,neither,0.04978171792322872,0.3823151062275618,0.5679031758492095
Didn't Wednesday Club watchers get called Wednesdaisies? XD,neither,0.02916864295393839,0.3659897006656652,0.6048416563803963
wait I just came in. what happened to taliesin's hair?!,neither,0.045315692257600966,0.34087940060641025,0.6138049071359888
Geek Friends Unite!,neither,0.03945320844208391,0.33037608806864915,0.630170703489267
Kol_Drake -> Only those that we deem worthy shall possess the power of the Hyperlink [warning],neither,0.048140585852785724,0.2990817588418225,0.6527776553053918
@Danoba Pretty good! Glad to hear things are better!,neither,0.06570129424033348,0.29150089385525546,0.6427978119044112
So...Villains?,neither,0.03940934168832202,0.38195233036853654,0.5786383279431415
@John_Sparks_Jr indeed we are ;),neither,0.07039267075891331,0.2809236301030622,0.6486836991380246
That's a wonderful segment,neither,0.03598946276615171,0.36797873123451613,0.5960318059993321
Hi Taliesin!,neither,0.03945320844208391,0.33037608806864915,0.630170703489267
"I'm laughing with you, WITH you",offensive_language,0.04507890299385822,0.5394223707809731,0.41549872622516865
they absolutely should be the 'woked',neither,0.05320930704242261,0.355550041517437,0.5912406514401404
we dubbed our selves wednesdaisies,neither,0.03930385973341523,0.3329109254238271,0.6277852148427576
"I don't know what we should be called, but can we be the old stock photo of Stephen Colbert with the smile next to a POC?",neither,0.041830819248748236,0.35674848784849256,0.6014206929027592
Taliesin sacrificed his hair to dark gods to win the Vecna battle tomorrow.,neither,0.06417719696612047,0.31627309923787233,0.6195497037960073
WOOO,neither,0.03945320844208391,0.33037608806864915,0.630170703489267
YAS! Critters unite!,neither,0.03945320844208391,0.33037608806864915,0.630170703489267
awwwww,neither,0.03945320844208391,0.33037608806864915,0.630170703489267
Hello Taliesin! loving the new look.,neither,0.0434575320380023,0.2376422818715786,0.718900186090419
Critters are awesome,neither,0.07924584549256553,0.2668063008604002,0.6539478536470342
damn,offensive_language,0.042479326866149344,0.9516554255713155,0.005865247562535126
The topic is bald comic book characters.,neither,0.04424518534176388,0.31748428053771266,0.6382705341205234
Please don't die.,neither,0.265304800921828,0.09446985883964615,0.6402253402385257
Woo Critters!,neither,0.03945320844208391,0.33037608806864915,0.630170703489267
Bidet,neither,0.03945320844208391,0.33037608806864915,0.630170703489267
... please don't die Tal,neither,0.16620824221602348,0.15499267704893335,0.6787990807350431
"It'll be ok Tal, Percy will die an ok human being I'm sure of it!",neither,0.1666084229664865,0.21767566040226838,0.615715916631245
"hair ""reset"" lol",neither,0.02779834329208108,0.41926072089737565,0.5529409358105433
Wed nesders there a name for the wednesday club fans,neither,0.03456529225456569,0.2685231638405724,0.6969115439048618
WOOO can't wait for tomorrow,neither,0.03319278031031874,0.29272261499732083,0.6740846046923604
Man I love Critical Role,neither,0.037040819359113505,0.3964409220394178,0.5665182586014689
Beep beep!,neither,0.03945320844208391,0.33037608806864915,0.630170703489267
Hand slipped?,neither,0.03945320844208391,0.33037608806864915,0.630170703489267
"its times like this, I miss super animation game time :/",neither,0.03506345003059182,0.3285467270094521,0.6363898229599562
so its a hair reset?,neither,0.031523774797886074,0.3956391687411977,0.5728370564609162
"""I reset the hair""",neither,0.03793482152290453,0.3020491449720566,0.6600160335050389
Oh no the hair.,neither,0.043746760388230305,0.26515275317728004,0.6911004864344896
NICE Ken,neither,0.03945320844208391,0.33037608806864915,0.630170703489267
lol,neither,0.020706217963973744,0.4882283491876925,0.4910654328483337
Doom's buff af.,neither,0.03945320844208391,0.33037608806864915,0.630170703489267
Ken Nguyen is AMAZING,neither,0.04736730323487076,0.32765406796382457,0.6249786288013046
!twc,neither,0.03945320844208391,0.33037608806864915,0.630170703489267
Here are some handy The Wednesday Club resources! TWC Reddit: reddit.com/r/WednesdayClub/ | Discord: https://discord.gg/6QK9fVB | Wednesday Club Fanclub on Facebook: facebook.com/groups/1945232949091586/,neither,0.041287213005686295,0.3375124748912654,0.6212003121030484
Oh that is sweet art,neither,0.04829034552687283,0.3204708243356297,0.6312388301374974
yes!,neither,0.03945320844208391,0.33037608806864915,0.630170703489267
Upstairs is now Latveria xD,neither,0.048246574882389315,0.3273516461247118,0.624401778992899
Tal looks reminds me even more of James Spader now.,neither,0.03533841021953463,0.35851119247447716,0.6061503973059881
I thought Stan Lee was dr doom,neither,0.042173802103148,0.2449435492151327,0.7128826486817192
Critical Role has been very healing for many many folks.,neither,0.03604505592185783,0.31238709746322313,0.6515678466149192
Drawing that on a chalkboard feels so amazing to me,neither,0.03352351767782937,0.42869512844213703,0.5377813538800337
i've never been upstairs,neither,0.01826852599946269,0.3525511704436396,0.6291803035568978
I'm bummed I couldn't catch up to Crit Role before tomorrow. I'm only on 89. :(,neither,0.03776164738291808,0.3972130571934083,0.5650252954236736
Yeah...,offensive_language,0.013968601452186464,0.5182923869769311,0.4677390115708824
Upstairs is where you go to disappear,neither,0.07081524508418294,0.3375771940337424,0.5916075608820747
I need a tour of this building some time,neither,0.031939749581597295,0.35721816935215317,0.6108420810662495
The building grows when you're not watching it.,neither,0.05238783359417373,0.3695557666092955,0.5780563997965308
"Critical Role is the greatest show on the net. It is our ""Game of Thrones"".",neither,0.05168259990979573,0.26230142241699705,0.6860159776732071
Is your building a TARDIS?,neither,0.10341469472886651,0.311186578860351,0.5853987264107826
"huh, but ive seen stairs in some of the behind the scenes pics here and there",neither,0.050160629533132606,0.26976440391530465,0.6800749665515627
Latveria!,neither,0.03945320844208391,0.33037608806864915,0.630170703489267
We are all Dr. Doom on the inside,neither,0.05116803372642231,0.17305868645867561,0.7757732798149021
Love Damions laugh LOL,neither,0.027140688876984728,0.4163740667201253,0.55648524440289
how did he never look behind him,neither,0.04183872379596587,0.3651936793913665,0.5929675968126678
Sax protects the Hosts from Upstairs,neither,0.039592831552487315,0.29404284713077855,0.6663643213167342
"for what may be the last episode of critical role, good luck, Taliesin!",neither,0.03897658150533235,0.2902009369055141,0.6708224815891536
she WOULD,offensive_language,0.04093955931197796,0.4881747562546536,0.4708856844333685
lol,neither,0.020706217963973744,0.4882283491876925,0.4910654328483337
Bigger on the inside building?,neither,0.033541449747480606,0.1778589954380159,0.7885995548145034
ROFLMAO,neither,0.03945320844208391,0.33037608806864915,0.630170703489267
"Wait, does this make upstairs - STATION MANAGEMENT?",neither,0.030405824038591208,0.41401748777486896,0.5555766881865397
Erika Ishii rappelling in would be EPIC,neither,0.03923168274554172,0.3285210604062544,0.6322472568482038
Please - she lives in a BALL PIT,neither,0.04055952987271404,0.39766678254716287,0.561773687580123
Talisen gets frozen in carbonite and is now just a prop on the show.,neither,0.0501136037915757,0.25267082288067544,0.6972155733277487
She has a web up there.,neither,0.038561599592359296,0.41004104032543764,0.5513973600822032
A bag of potatoes also rains from the ceiling.,neither,0.04128840145424841,0.27849349486891745,0.6802181036768341
#DeployTheIshii,neither,0.03945320844208391,0.33037608806864915,0.630170703489267
shoot it on greenscreen so you can use it as an overlay,neither,0.027672082140799355,0.47452021226539504,0.49780770559380566
"wow, i really like tal's shirt",neither,0.04808328947959121,0.3431078193837456,0.6088088911366631
I would love for them to shoot that. Erika is great.,neither,0.07237153733752369,0.26277472888766196,0.6648537337748144
Love the little mask on the blackboard too!,neither,0.0341140363310824,0.33306864491392857,0.6328173187549889
"Erika, Phantom of the Sundry?",neither,0.03847791057422723,0.31249555729077083,0.649026532135002
"QUESTION: If the upstairs is Latveria, does that mean the G&S studio has diplomatic immunity?",neither,0.024407431024314915,0.42613781573786064,0.5494547532378244
@super390 A bag of TINY potatoes. XD,neither,0.041923876704883345,0.28844239971858676,0.6696337235765298
There are no floors above just stairs like labyrinth.,neither,0.0606754628680721,0.3033201765007539,0.636004360631174
wooooow,neither,0.03945320844208391,0.33037608806864915,0.630170703489267
xD,neither,0.03945320844208391,0.33037608806864915,0.630170703489267
oh lord Tal,neither,0.0440432065372451,0.2864400441664115,0.6695167492963433
omg Taliesin,neither,0.03945320844208391,0.33037608806864915,0.630170703489267
this is a great crossover event,neither,0.045229502503104674,0.3051303411694129,0.6496401563274825
Geek & Sundry. The Sundry is Erika,neither,0.04766640742991612,0.3094440240255625,0.6428895685445215
@Zathyr PHANTOM of the Sundry!!! HAHAHA,neither,0.038622919222436276,0.31521660605286933,0.6461604747246945
So much peanut butter,neither,0.036036541147184194,0.3708646039639272,0.5930988548888887
Why Taliesin.,neither,0.016768318525353994,0.3685911158159394,0.6146405656587067
I don't believe they're in a building. :/,neither,0.056637515613639354,0.30350743469786284,0.6398550496884978
Bunch of people just wandered in :D,offensive_language,0.07314689463303632,0.5117328157701684,0.4151202895967952
Woot! Do we do the Time Warp?,neither,0.03996247257093336,0.33419961600622466,0.6258379114228421
"""Science Fiction Double Feature?",neither,0.03945320844208391,0.33037608806864915,0.630170703489267
I've so missed getting to watch this live. <3,neither,0.027719676782678376,0.39669563593526314,0.5755846872820584
What did we do to deserve a hair shock this early?,neither,0.0574706994067115,0.30783812731934734,0.6346911732739412
"wait, they have SINERGY? so do all these guys also secretly run a halfway house for wayward teens?",neither,0.041249001470674944,0.4072393206370367,0.5515116778922884
game the game feels very left out right now,neither,0.03495260434577899,0.29098975036903474,0.6740576452851862
tinytatoPotato is the Ishii signal,neither,0.04766640742991612,0.3094440240255625,0.6428895685445215
#RIPColorfulHair,neither,0.03945320844208391,0.33037608806864915,0.630170703489267
Don't forget to visit Star Trek Online and support Shield of Tomorrow! www.StarTrekOnline.com/ShieldofTomorrow,neither,0.05687602105656693,0.30425729811326435,0.6388666808301687
rose mcgouen as what?,neither,0.04354503295090705,0.36691444447163857,0.5895405225774544
Taliesin looks like a normal. :(,neither,0.05201368028578199,0.3483753962026254,0.5996109235115926
Magneto Shirt! Best Villain,neither,0.03829208195905975,0.32065296438968255,0.6410549536512578
"I thought Amy said ""Death Poop""",neither,0.04183215459143143,0.2573520144664522,0.7008158309421165
"but, game the game...",neither,0.03465958130085631,0.24967081790566967,0.715669600793474
"Death Proof was second, I'm pretty sure",neither,0.03511997104201422,0.43010759918654895,0.5347724297714367
#weshouldreallystarttheshow,neither,0.03945320844208391,0.33037608806864915,0.630170703489267
#RipThePurple,neither,0.03945320844208391,0.33037608806864915,0.630170703489267
HAIL HYDRA jcvimHype jcvimHype,neither,0.03945320844208391,0.33037608806864915,0.630170703489267
"I know most people prefer the other, but I actually liked Death Proof more, and yes it was 2nd.",neither,0.0497727090133134,0.3030416024634778,0.6471856885232089
Drink,neither,0.03945320844208391,0.33037608806864915,0.630170703489267
Sweet. Take that Marvel.,neither,0.035986941180669314,0.36800654496888946,0.5960065138504413
@dkslurker critical role isn't a soft core porn tho,neither,0.034474205466494455,0.38219300276340007,0.5833327917701054
What happin to Alpha?,neither,0.050417640034190726,0.3234823013211493,0.62610005864466
You can buy Taliesin's hair now in the Critical Role shop!,neither,0.049157433937773776,0.344620489037314,0.6062220770249122
"Oh well, he still looks good. <3",neither,0.04849693426657172,0.29549085458692337,0.6560122111465049
ew,neither,0.03945320844208391,0.33037608806864915,0.630170703489267
stargazer1977 i enjoyed death proof more too,neither,0.04063288767551357,0.32639213177976356,0.6329749805447228
,neither,0.03945320844208391,0.33037608806864915,0.630170703489267
,neither,0.03945320844208391,0.33037608806864915,0.630170703489267
I love that B. Dave says 'interwebs',neither,0.03309739316629784,0.3838095115019037,0.5830930953317986
