text,top_class,hate_speech,offensive_language,neither
With the levels of sleep Oshi gets I am start to think they a just a very odd looking cat...,neither,0.03400868740338306,0.3456451897624189,0.620346122834198
Game the Game is now Beccas fiefdom. Luckily she is a benevolent leader who only demands total loyalty,neither,0.04685100002176622,0.345284966535418,0.6078640334428157
It's only a matter of time until people only watch Becca for Oshi Keepo,neither,0.05579536085797307,0.319906788562749,0.624297850579278
Hi Cheater,neither,0.03945320844208391,0.33037608806864915,0.630170703489267
beccaBeanCanEatingHand beccaBeanCanEatingHand beccaBeanCanEatingHand beccaBeanCanEatingHand beccaBeanCanEatingHand beccaBeanCanEatingHand beccaBeanCanEatingHand beccaBeanCanEatingHand beccaBeanCanEatingHand beccaBeanCanEatingHand beccaOshi beccaOshibaby,neither,0.03945320844208391,0.33037608806864915,0.630170703489267
beccaSprinkles beccaSprinkles beccaSprinkles beccaNoCheating,neither,0.03945320844208391,0.33037608806864915,0.630170703489267
Hi @MattyPick22,neither,0.03945320844208391,0.33037608806864915,0.630170703489267
thx peoples,neither,0.03945320844208391,0.33037608806864915,0.630170703489267
gandsOverlord you say?,offensive_language,0.09087254262289358,0.45857920991606765,0.4505482474610388
We have a subscriber-only Discord server! Join here: https://discord.gg/geekandsundry (you'll need to sub and link it to your Twitch) and be a part of the fun!...Warning: It can take up to an hour for the server to update and give you access to the channels,neither,0.08464076273808444,0.286394834032893,0.6289644032290227
"She's now team leader, I'm sure she'll cheat less. I think so. Right guys? Right? Guys? *everyone's gone*",offensive_language,0.03476629377644804,0.5355963712470609,0.429637334976491
!Oshiwins,neither,0.03945320844208391,0.33037608806864915,0.630170703489267
marry me,neither,0.02984901473345508,0.38359637941321006,0.5865546058533349
!ido,neither,0.03945320844208391,0.33037608806864915,0.630170703489267
where's the Traitor?,neither,0.04049507679838196,0.27573562902442905,0.683769294177189
"We would like to remind everyone that marriage takes communication and work, and is not just about physical appearance. In order to love someone enough to marry them, knowing them in person is important. You can definitely #LessThanThree everyone here classily though, and they will #LessThanThree you back!",neither,0.08160178472055236,0.3814592929677277,0.5369389223117199
!ido,neither,0.03945320844208391,0.33037608806864915,0.630170703489267
reload works,neither,0.03945320844208391,0.33037608806864915,0.630170703489267
the traitor is in your mind muhahaha,neither,0.0818136033155353,0.3014137702565782,0.6167726264278864
"Help G&S make great content! $4.99/month gets you emotes, Minecraft server access, Sub Only Q&As, VODs, and more! Every sub keeps the channel alive! twitch.tv/geekandsundry/subscribe",neither,0.043092924924402844,0.32365565443818894,0.6332514206374082
"@zismarith, As always Becca will not be cheating. Now all games are played by her rules however",offensive_language,0.04597411037007242,0.5401821199887437,0.4138437696411839
"@ravensburgermaster He doesn't hote Game the Game anymore, but he will be a player today",neither,0.03947965985343569,0.3126766372011669,0.6478437029453975
"Haha, Haven't seen the Ido command before",neither,0.032060810578390275,0.4312614551684025,0.5366777342532072
@Andyinsomnia Not sure if improvement.,offensive_language,0.020375285083798513,0.49159259485871326,0.48803212005748814
"wait, what's happening? just tuned in",neither,0.03983927683179326,0.3429717598097275,0.6171889633584794
"there is no Ivan, there only Daddychops",neither,0.04677371382858327,0.2610801893981248,0.6921460967732921
Game The Game is now All Becca All The Time,neither,0.044301257197048916,0.35205450643409286,0.6036442363688581
@quaraxkad1 becca explaining boardgames,neither,0.03945320844208391,0.33037608806864915,0.630170703489267
shidareAKI i'm on board with that,neither,0.022983794159155635,0.4254123264552893,0.5516038793855549
I'm thinking they are going to need to get Becca a chair for this part of the show,neither,0.06955984632537057,0.24756269937998954,0.6828774542946399
@Quaraxkad1 This is the News part of Game the Game,neither,0.04314377332157531,0.25483583868244153,0.7020203879959831
LOL Was wondering who was messing with her behind the camera,offensive_language,0.024361511304696652,0.5404688609362687,0.43516962775903467
"@quaraxkad1, board game news, new format for the show",neither,0.04635077342876527,0.15969028527412432,0.7939589412971103
RIP Bryan Foster,neither,0.03945320844208391,0.33037608806864915,0.630170703489267
@MattyPick22 I'm fairly sure it's been there since day 1. Someone proposed to Stef during the Lupus charity launch stream XD,neither,0.03857159307013597,0.36184746536524093,0.5995809415646232
Becca doesn't CHEAT - But she's just STRATEGIC. I should know - I was once a guest on the show. It was crazy fun.,neither,0.0397962309796157,0.43162603073369976,0.5285777382866845
I’m going to miss Ivan. :(,neither,0.036027635238810786,0.3660755732458542,0.597896791515335
She will Brian...you know it...,neither,0.06038436632040138,0.4598891992457851,0.47972643443381346
Where's he going?,neither,0.04776845931620258,0.322056027446993,0.6301755132368044
Becca not cheating LUL,neither,0.03823675268977618,0.33494157391354773,0.6268216733966762
same here @desertshaddow,neither,0.14187967449237004,0.2733123625359359,0.584807962971694
"@elyssaphillips That's a lie, unless you're a ghost.",neither,0.06850545998051853,0.3807198991079069,0.5507746409115746
#daddychops,neither,0.03945320844208391,0.33037608806864915,0.630170703489267
"Daddy Chops aka Ivan Van Norman, also now an award winning book writer for the ""The ABCs of RPGs"".",neither,0.03629296152810198,0.3022139107534232,0.6614931277184748
Becca murdering Brian is not news. We knew it was inevitable.,neither,0.04308894444663349,0.33604821629386733,0.6208628392594993
Becca believes in beccaNoCheating anything else is vicious slander!,neither,0.04436508424276268,0.32868666874377134,0.626948247013466
i thought Becca was supposed to have a new Winners Throne?,neither,0.05211235740517341,0.16588401025775615,0.7820036323370705
does anyone know why Ivan left?,neither,0.019626828071613908,0.46057514309619657,0.5197980288321894
I've always wanted to be a ghost,neither,0.023025772344079404,0.359036335767751,0.6179378918881696
@ravensburgermaster He was tired of being right all the time,neither,0.03805097793559215,0.43299446760345717,0.5289545544609506
^,neither,0.03945320844208391,0.33037608806864915,0.630170703489267
Hi everyone!,neither,0.032490659208996964,0.4485487193596734,0.5189606214313296
Betrayal is my favorite board game <3,neither,0.0347294663783567,0.36451842973075016,0.6007521038908931
hrpgSharky hrpgSharky hrpgSharky,neither,0.03945320844208391,0.33037608806864915,0.630170703489267
I wish I remembered the game we played!,neither,0.037935127951855864,0.27832305226462095,0.6837418197835232
this game is going to ROCK,neither,0.05302182993372338,0.31097795451964877,0.6360002155466279
hi @CaptainTalon447,neither,0.03945320844208391,0.33037608806864915,0.630170703489267
Hi @CaptainTalon447,neither,0.03945320844208391,0.33037608806864915,0.630170703489267
I kinda dig the new format with having a bit of news before the gameplay starts <3,neither,0.0322433484714516,0.31937098067228087,0.6483856708562676
TheDiMono your jealousy if becca is painfully obvious!,neither,0.050562219751953845,0.3692202129051745,0.5802175673428717
Hey CaptainTalon hrpgSharky hrpgSharky hrpgSharky,neither,0.03945320844208391,0.33037608806864915,0.630170703489267
"Those clips are so annoying, we switched over to writing down our stats when we play Betrayal",neither,0.05858254594760164,0.32046334000336885,0.6209541140490296
Hey Chat and @GeekandSundry !,neither,0.038589712668144205,0.2862141593850597,0.6751961279467961
Hi Becca. Hi Ivan. Hi Guests. Hi Chat. Hi Team Coconut. How is everybody doing this fine Wednesday afternoon?,neither,0.041589102131443643,0.3300763691453747,0.6283345287231816
I think he's just going to be more a behind the scenes production kind of guy.,neither,0.04376219174287618,0.3421617318814439,0.6140760763756798
This is a no cheating zone.,neither,0.04644771079497554,0.34280789483778856,0.6107443943672358
what did i miss from the news,neither,0.03767266718490387,0.2975998675351662,0.66472746527993
"@holrend, jcvimHi",neither,0.03945320844208391,0.33037608806864915,0.630170703489267
Ivan at Balders Game looks like fun!,neither,0.048774437025409165,0.32573482578683527,0.6254907371877556
Happy that Game the Game finally got out of being the pre-CR show,neither,0.03743298167880317,0.29938529220101806,0.6631817261201788
Hi @O_Groupie,neither,0.03945320844208391,0.33037608806864915,0.630170703489267
"sad they didn't rename it strength, dexterity, intelligence and wisdom",neither,0.029354225007181257,0.3321508913477856,0.6384948836450332
Hi @Holrend,neither,0.03945320844208391,0.33037608806864915,0.630170703489267
!wednesday,neither,0.03945320844208391,0.33037608806864915,0.630170703489267
"WEDNESDAY (All Times Pacific) - GAME THE GAME: 4-6pm, Becca and guests play board games. | THE WEDNESDAY CLUB: 7-9pm, Amy, Taliesin and Matt talk about comics old and new. | ASK YOUR BLACK GEEK FRIEND: 9:30-10:30pm, Waking the world, one geek at a time. Damion Poitier and B. Dave Walters create a safe and open forum to ask questions and discuss topics surrounding the need for and spread of diversity in pop culture..",neither,0.04230935170092056,0.24987494075823413,0.7078157075408453
of she gets the unholy items #BeccaCheats,neither,0.039752887218272755,0.3925958200818918,0.5676512926998354
interesting change to the trigger mechanic,neither,0.04431956421990416,0.31346470990573905,0.6422157258743566
This is a lot of exposition to put on ONE person....even Becca....,neither,0.04790653838051101,0.37637690266767815,0.5757165589518107
What was that about Ivan's tomb?,neither,0.03904642031033597,0.39158689252152196,0.5693666871681421
"Aww, I was under the impression that AYBGF was getting more time for some reason. Darn",neither,0.02899270230532857,0.3756206179898948,0.5953866797047765
@CaptainTalon447 CR will still be on in 5 minutes though right?,neither,0.03746575477964261,0.349344491754656,0.6131897534657013
daddychops=traitor,neither,0.03945320844208391,0.33037608806864915,0.630170703489267
Ivan's the traitor.,neither,0.03831673657550799,0.3094399058884286,0.6522433575360634
Does Betrayal do anything to solve for real early game Haunt rolls?,neither,0.02929626905613701,0.4080332095521905,0.5626705213916725
"is ivan in the dungeon, two bumps for yes ivan!",neither,0.04047304512614876,0.2839488183564586,0.6755781365173927
oh good ivan is here,neither,0.1502781143915526,0.20993749128865338,0.6397843943197942
whats her full name?,offensive_language,0.04641996822690318,0.532190500557765,0.4213895312153319
We need Oshi to take over as host of Game the Game!,neither,0.03888046552767745,0.2909348212718386,0.6701847132004839
I like the explaining at the beginning and bit of news,neither,0.04379490694464096,0.3086043625019367,0.6476007305534224
I should get a motorcycle.,neither,0.05216820159443314,0.3790308208838441,0.5688009775217228
But is Oshi there though,neither,0.04521535199937886,0.28548687361577946,0.6692977743848416
There's news? What announcements?,neither,0.04627933917213009,0.27436316787411824,0.6793574929537517
@sodistant becca scott kerns,neither,0.03945320844208391,0.33037608806864915,0.630170703489267
"Ivan is currently perfecting his 'Seriously, I'm not the traitor face.'",neither,0.0631771666468831,0.3209277948819004,0.6158950384712164
What if Ivan betrays you by making you THINK he is the traitor but isn't....,neither,0.06053759771885815,0.4507208271640398,0.4887415751171021
@campbellxl can't happen till at least the third omen now,neither,0.0385780074987573,0.3320560817470027,0.6293659107542401
beccaWIN beccaWIN beccaWIN beccaWIN beccaWIN beccaWIN beccaWIN,neither,0.03945320844208391,0.33037608806864915,0.630170703489267
"@CaptainTalon447 just new games coming out, boardgame news",neither,0.03498754633212384,0.28503482205275965,0.6799776316151166
It felt like information vomit to me but I'm sure i will grow used to the news segment,neither,0.04257699884567788,0.40025750919625697,0.5571654919580652
"@Critternation3000 It has Betrayal in the title, I believe that Ivan is required to participate!",neither,0.047088472801334,0.3406975040478062,0.6122140231508599
!beccawins,neither,0.03945320844208391,0.33037608806864915,0.630170703489267
"No she doesn't Kappa ...Uh, yes she does. Becca totally did not make me say this...",offensive_language,0.028608986014032577,0.5111599622232911,0.4602310517626763
"Yes she does. Becca always wins. You're hearing it from me, a totally impartial robut.",offensive_language,0.042142389953379995,0.5021798930357648,0.4556777170108552
guests PogChamp,neither,0.03945320844208391,0.33037608806864915,0.630170703489267
!whodat,neither,0.03945320844208391,0.33037608806864915,0.630170703489267
"Becca Scott ( twitter.com/thebeccascott ) with guests Ivan Van Norman ( twitter.com/Hydra_Lord ), Brian Wayne Foster ( twitter.com/BrianWFoster ), Katie Molinaro ( twitter.com/getkatiemoed ), Tyler Rhoades ( twitter.com/BoringOldTyler ).",neither,0.036104085345414226,0.4686077134835354,0.4952882011710504
i will feel cheated if Ivan isn't the traitor!!!!,neither,0.026696859773054627,0.34065781295026737,0.6326453272766779
Sliders look like they fit better to the cardboard in this version,neither,0.05026873881502253,0.3275680719199623,0.6221631892650152
@Chronob64 Very nice - still seems too early but prolly keeps the swingy-ness down,neither,0.037371434757498156,0.3233839243350424,0.6392446409074592
Becca wins,neither,0.03945320844208391,0.33037608806864915,0.630170703489267
!beccawins,neither,0.03945320844208391,0.33037608806864915,0.630170703489267
"No she doesn't Kappa ...Uh, yes she does. Becca totally did not make me say this...",offensive_language,0.028608986014032577,0.5111599622232911,0.4602310517626763
doogHi doogEvil,neither,0.03945320844208391,0.33037608806864915,0.630170703489267
LOT of exposition for one persen,neither,0.030924484307771234,0.3317950641462626,0.6372804515459661
@O_Groupie she'll get used to it as well :),neither,0.04293776392148429,0.4453448336680004,0.5117174024105153
yay people,neither,0.0792775150304058,0.3257534606099189,0.5949690243596755
"oh my god, who is this angel",neither,0.040169799166334175,0.42376102487279527,0.5360691759608704
rod throws underwear at stage woot woot,neither,0.03910089700319521,0.34112708141182047,0.6197720215849842
"Hi Tyler, Katie and Traitor!",neither,0.03889734562974273,0.30308984625814284,0.6580128081121144
Beccascottbot did the same to me yesterday . . . how odd.,neither,0.038304924786807235,0.35048844267110163,0.6112066325420912
!respect,neither,0.03945320844208391,0.33037608806864915,0.630170703489267
is Ivan wearing the Traitor shirt?,neither,0.04575421884054482,0.31383274405816647,0.6404130371012886
link to rules?,neither,0.045923053228658854,0.32659153467378216,0.6274854120975589
"If you would like to share opinions on our hosts, guests or fellow viewers, please do so in a respectful manner. Don't make them feel uncomfortable.",neither,0.04843323757214918,0.39559142321184637,0.5559753392160044
jcvimHi tyler jcvimHi katie jcvimHi ivan and brian,neither,0.038842040434255716,0.300175443555324,0.6609825160104204
A lot of people from Saving Throw Show is appearing on GnS huh?,neither,0.074590287981365,0.277032886842085,0.64837682517655
Hi Brian,neither,0.03945320844208391,0.33037608806864915,0.630170703489267
!subfordaddy,neither,0.03945320844208391,0.33037608806864915,0.630170703489267
"Help support the amazing content that G&S makes by subbing to the channel! $4.99/month gets you exclusive sub-only benefits and helps keep the channel alive! Thanks! twitch.tv/geekandsundry/subscribe or for MOBILE https://secure.twitch.tv/products/geekandsundry/ticket/new And if you won't do it for any of that, heck, just sub for this: https://clips.twitch.tv/EphemeralDullPlumberWow",neither,0.04046762003231675,0.3192330855336421,0.6402992944340411
A wild sentient cabbage appears!,neither,0.03945320844208391,0.33037608806864915,0.630170703489267
GO AWAY BRIAN,neither,0.04227713601601334,0.3091337153737704,0.6485891486102162
Hi Becca and Ivan,neither,0.038358606956405694,0.2721397086643902,0.6895016843792041
BWF HYPE,neither,0.03945320844208391,0.33037608806864915,0.630170703489267
daddychops love,neither,0.03217296676969875,0.3657703709031763,0.602056662327125
Hello everybodies!,neither,0.03945320844208391,0.33037608806864915,0.630170703489267
Brian why aren't you wearing green,neither,0.041964300503738006,0.3590866082346906,0.5989490912615713
Hmm. I think I'll vote for Glaringly Bright Orange team.,neither,0.035936329359889135,0.30582529959347216,0.6582383710466386
"Traitor, Angel, Cheater, Gramps, Actor",neither,0.03945320844208391,0.33037608806864915,0.630170703489267
<3 BWF <3,neither,0.03945320844208391,0.33037608806864915,0.630170703489267
@captaintalon447 alot of them are firends,neither,0.10056767925062365,0.2639298894569817,0.6355024312923946
"Enjoy Becca's dungeon after the game, Brian!",neither,0.03821809312587593,0.28253373712203217,0.6792481697520919
Hi @zathyr,neither,0.03945320844208391,0.33037608806864915,0.630170703489267
#daddychops,neither,0.03945320844208391,0.33037608806864915,0.630170703489267
"Daddy Chops aka Ivan Van Norman, also now an award winning book writer for the ""The ABCs of RPGs"".",neither,0.03629296152810198,0.3022139107534232,0.6614931277184748
Brian ruined the matching sides thing,neither,0.0388678249863438,0.3197574995432291,0.6413746754704271
im #TeamOshi all the way,neither,0.039373157531850916,0.45697008542190176,0.5036567570462473
totally sober? Play Game!,neither,0.03886500229774403,0.2949104994975148,0.6662244982047412
Btw Arkhan is an awesome character that's my little CR blurb for the day :P,neither,0.03126193129665814,0.36506083622229846,0.6036772324810433
!oshiWins,neither,0.03945320844208391,0.33037608806864915,0.630170703489267
"wait this is Baldur's Gate, not boulders' gate, aww i was going to make so many rock puns :(",neither,0.04459716477580642,0.364044181169658,0.5913586540545357
Brian and Becca are about to open a stapler factory. gandsHR gandsHR gandsHR gandsHR,neither,0.059106307130878985,0.2896359576694247,0.6512577351996963
"Wassup fellas, I heard things were getting turnt in here?",neither,0.15933285759641752,0.22643502682474975,0.6142321155788328
Geeez I sure miss Ivan. BibleThump,offensive_language,0.025195971309888134,0.497680159435909,0.47712386925420286
I'm all for Team Katie in the bright orange shirt!,neither,0.035863385111720304,0.3409896943838984,0.6231469205043814
,neither,0.03945320844208391,0.33037608806864915,0.630170703489267
Arsequeeeeef,neither,0.03945320844208391,0.33037608806864915,0.630170703489267
#TeamTyler,neither,0.03945320844208391,0.33037608806864915,0.630170703489267
@shidareAKI sup babe B),neither,0.03945320844208391,0.33037608806864915,0.630170703489267
"It changes every game, sometimes Ivan is the Traitor, sometimes Becca is the cheater, you just never know",neither,0.04800031091311461,0.3404205336691039,0.6115791554177815
Whatever happened to Avalon Hill?,neither,0.045178271305337254,0.3270157520578233,0.6278059766368395
Hi guys!,neither,0.03930687933907141,0.3328596748352989,0.6278334458256297
Brian demands it! :D,neither,0.03818201962181624,0.33081330819506843,0.6310046721831153
Hi @ArseQueef,neither,0.03945320844208391,0.33037608806864915,0.630170703489267
@ArseQueef Totally Turnt,neither,0.03945320844208391,0.33037608806864915,0.630170703489267
@arsequeef stay turnt,neither,0.03945320844208391,0.33037608806864915,0.630170703489267
"Ivan, you betrayed everyone by leaving Game the Game!",neither,0.04361900563289466,0.3867104294043098,0.5696705649627956
Betrayal at House on the Hill is legitimately one of the best board games ever made. I am very excited for this.,neither,0.036821277253254014,0.3295920848892129,0.6335866378575332
#TeamCoconut,neither,0.03945320844208391,0.33037608806864915,0.630170703489267
Are they going to change the name of game the game to Becca the Becca?,neither,0.062453886261633125,0.23912769684459342,0.6984184168937735
"Not much, Queefy, how are you?",neither,0.10364960655432597,0.3369857261622698,0.5593646672834042
Nope,neither,0.03945320844208391,0.33037608806864915,0.630170703489267
Not at all,offensive_language,0.0389307286712872,0.527284364978658,0.43378490635005473
Hey arsequeff,neither,0.03945320844208391,0.33037608806864915,0.630170703489267
That was a lot of words,neither,0.03521438880238436,0.3773368583677621,0.5874487528298535
#TeamSmellsLikeCabbage,neither,0.03945320844208391,0.33037608806864915,0.630170703489267
"oh man, I want this game so much",neither,0.03991199830842092,0.3414038924917216,0.6186841091998575
CABBAGE MAN!!!! :D,offensive_language,0.040018442559345856,0.5018538837344726,0.4581276737061815
