text,top_class,hate_speech,offensive_language,neither
Is it Magic lore today?,neither,0.045043438301772466,0.30385830380596907,0.6510982578922585
Lore Than A Feeling,neither,0.03884083511371121,0.34076966161816924,0.6203895032681195
WE'RE LIVE,neither,0.07702019449600846,0.29035571652515796,0.6326240889788335
All we need now is Erika reciting All Star to Ryan while throwing Glitter!,neither,0.0504887289022554,0.4105653859374197,0.5389458851603249
Ha!,neither,0.03945320844208391,0.33037608806864915,0.630170703489267
already live,neither,0.04432029805694322,0.3528845269987822,0.6027951749442747
hrpgSub hrpgHyperHype x2,neither,0.03945320844208391,0.33037608806864915,0.630170703489267
Trolled.,neither,0.03945320844208391,0.33037608806864915,0.630170703489267
lol,neither,0.020706217963973744,0.4882283491876925,0.4910654328483337
@erikaishii do you think geek actor girls are any less susceptible to stereotypical jealousy issues?,neither,0.05612948954690722,0.3704591491549602,0.5734113612981325
OMG,neither,0.03945320844208391,0.33037608806864915,0.630170703489267
"@GeekandSundry lol, you're mean! :P",neither,0.0846773320778228,0.4442802666557468,0.4710424012664303
no lore i love you,offensive_language,0.06581509801237455,0.48844711083178716,0.4457377911558382
"Hi, Ryan!",neither,0.03945320844208391,0.33037608806864915,0.630170703489267
whaaaa!! animated ryan??,neither,0.03945320844208391,0.33037608806864915,0.630170703489267
jcvimHi jcvimHi jcvimHi jcvimHi jcvimHi,neither,0.03945320844208391,0.33037608806864915,0.630170703489267
nice intro,neither,0.03945320844208391,0.33037608806864915,0.630170703489267
woweeeee!,neither,0.03945320844208391,0.33037608806864915,0.630170703489267
I LOVE IT ALREADY,neither,0.0321305707971796,0.37605505309152937,0.5918143761112911
"woah, that's awesome",neither,0.03584397987768462,0.3695843831859397,0.5945716369363756
Hey Ryan,neither,0.03945320844208391,0.33037608806864915,0.630170703489267
Ha! <3,neither,0.03945320844208391,0.33037608806864915,0.630170703489267
That's just part of it.... ;-),neither,0.02867014864913238,0.40490434727623315,0.5664255040746344
nice,neither,0.03945320844208391,0.33037608806864915,0.630170703489267
Hi Ryan,neither,0.03945320844208391,0.33037608806864915,0.630170703489267
waiting for critical role haha,neither,0.0322046660756061,0.3608357830903632,0.6069595508340309
dat eyebrow raise Kreygasm,neither,0.03945320844208391,0.33037608806864915,0.630170703489267
hahahahahahaha,neither,0.03945320844208391,0.33037608806864915,0.630170703489267
his clothing colors are fan friggin' tastic!,neither,0.07952743141250392,0.29904422316142587,0.6214283454260704
Nice Ryan!!,neither,0.03945320844208391,0.33037608806864915,0.630170703489267
We have a subscriber-only Discord server! Join here: https://discord.gg/geekandsundry (you'll need to sub and link it to your Twitch) and be a part of the fun!...Warning: It can take up to an hour for the server to update and give you access to the channels,neither,0.08464076273808444,0.286394834032893,0.6289644032290227
"LOL ""waiting for Critical Role""",neither,0.029277364375702043,0.34744956491763623,0.6232730707066618
just loring around witing for crit role,neither,0.02945002274677092,0.32139450125392766,0.6491554759993015
CoolStoryBob,neither,0.03945320844208391,0.33037608806864915,0.630170703489267
"Don't like the show, disappointing amount of glitter",neither,0.06009560618410914,0.2705671896132563,0.6693372042026345
ooh magic! i don't know anything about magic. this is good for me.,neither,0.03493136337265417,0.3483872548046601,0.6166813818226857
LETS GO VOX MACHINA!!!!,neither,0.039984317429425154,0.35542799280679366,0.6045876897637812
Ravnica was the best MTG world.,neither,0.0372705445277739,0.3050914673759544,0.6576379880962718
Is that a phone in your pocket or do you have square nips?,neither,0.09190344267370953,0.44426960310418395,0.46382695422210657
A show starting on time? @GeekandSundry what is this sorcery?,neither,0.05959085884276363,0.29368848277357673,0.6467206583836596
I still have my Black Lotus and Mox Pearl!,neither,0.04159262404199051,0.36703848170637743,0.591368894251632
sub gandsSubHype gandsSubHype gandsSubHype gandsSubHype,neither,0.03945320844208391,0.33037608806864915,0.630170703489267
"I did the same, except I started in Revised. :)",neither,0.03937513639138074,0.3222928520967229,0.6383320115118964
hrpgSub hrpgHyperHype,neither,0.03945320844208391,0.33037608806864915,0.630170703489267
Not enough All Star either,neither,0.03984108214919547,0.4026732455910615,0.5574856722597431
"I agree, comp. MOAR GLITTAR",neither,0.03945320844208391,0.33037608806864915,0.630170703489267
think this is the 1st time I've watched other shows other than CR on twitch wanna start Wednesday club love comics,neither,0.029373368044014886,0.33356401319562645,0.6370626187603586
the Lore of tapping dat,neither,0.03794333159757889,0.3022163855814212,0.6598402828209999
same!,neither,0.04148851938089603,0.3488915597363099,0.609619920882794
Hello!,neither,0.03945320844208391,0.33037608806864915,0.630170703489267
I also started with Alpha!,neither,0.029919964778528246,0.36315553379178117,0.6069245014296905
gandsRyanHype gandsRyanHype gandsRyanHype,neither,0.03945320844208391,0.33037608806864915,0.630170703489267
"TheDiMono Even better starting on time ""WITH"" open mikes! o_O",neither,0.02900657786003346,0.3887426894380716,0.582250732701895
"Help G&S make great content! $4.99/month gets you emotes, Minecraft server access, Sub Only Q&As, VODs, and more! Every sub keeps the channel alive! twitch.tv/geekandsundry/subscribe",neither,0.043092924924402844,0.32365565443818894,0.6332514206374082
Hi @SuperGimpoMan,neither,0.03945320844208391,0.33037608806864915,0.630170703489267
gandsRyanHype gandsRyanHype gandsRyanHype,neither,0.03945320844208391,0.33037608806864915,0.630170703489267
getting ripped just to be worthy of a Jocks Machina shirt is an aspiration,neither,0.04344750183679932,0.38444346434832727,0.5721090338148733
LUL,neither,0.03945320844208391,0.33037608806864915,0.630170703489267
"QUESTION: I know it isnt MTG related, but how do you fell about all the Star wars EU Lore suddenly being de-canonized and relegated to 'Legends'",neither,0.04229608086466109,0.4030343385781672,0.5546695805571719
black lotus rigth?,neither,0.06302683821814521,0.3113518641627531,0.6256212976191017
nice fur chair but thats gonna get pretty warm and not nice to sit on after long periods of time :P,neither,0.03735942603094737,0.3538722790532423,0.6087682949158103
lol,neither,0.020706217963973744,0.4882283491876925,0.4910654328483337
Yosup,neither,0.03945320844208391,0.33037608806864915,0.630170703489267
same,neither,0.04148851938089603,0.3488915597363099,0.609619920882794
gandsSaxHype gandsRyanHype,neither,0.03945320844208391,0.33037608806864915,0.630170703489267
"Nice one, love using ensorcelled in conversation.",neither,0.033361721873055535,0.42001202509887153,0.5466262530280728
daw that sucks,neither,0.03386352958437558,0.39161700887993156,0.5745194615356929
love the set for this,neither,0.029188606164870692,0.29819883189356966,0.6726125619415597
I remember when my fried bought a full set of Moxen for $10 and the guy threw in a Black Lotus!,neither,0.04084702510929757,0.3448954173099915,0.614257557580711
we love you prince ry-ry!,neither,0.045716758796853475,0.3626134879539144,0.591669753249232
"@SpoonDotlol Oh hey Amir,",neither,0.04724942694866229,0.25746865428102644,0.6952819187703113
RE hrpgSub hrpgHyperHype,neither,0.10802165902134243,0.2484119200751343,0.6435664209035233
DAWH,neither,0.03945320844208391,0.33037608806864915,0.630170703489267
hrpgSub hrpgHyperHype,neither,0.03945320844208391,0.33037608806864915,0.630170703489267
"me too, kaia... looks like a cozy reading nook",neither,0.04079542510820181,0.3764757111034726,0.5827288637883256
OMG You two are SUCH nerds,neither,0.08293727150968969,0.3149238696033589,0.6021388588869514
"Lucky, whenever I wrote creatively for any english class, my teacher would punish me and give me an F :(",neither,0.02470560128608844,0.36946982421320984,0.6058245745007018
Re hrpgSub hrpgHyperHype,neither,0.10802165902134243,0.2484119200751343,0.6435664209035233
resub gandsSubHype gandsSubHype gandsSubHype,neither,0.03945320844208391,0.33037608806864915,0.630170703489267
d'awwww,neither,0.03945320844208391,0.33037608806864915,0.630170703489267
@Saraphys Was it business english? Kappa,neither,0.03826488795098611,0.33233431027625165,0.6294008017727623
@saraphys you must be from texas,neither,0.06232247308107441,0.34997435565056323,0.5877031712683624
I can beat the I started at Antiquities and Burned my collection because that was the only way to stop playing. ;-p,neither,0.032954200723935734,0.4019905139330962,0.5650552853429681
@Somnium_Umbra O__O,neither,0.03945320844208391,0.33037608806864915,0.630170703489267
"@cljedi business necessity. thankfully they can always bring in those characters if they choose, like Thrawn. Sadly Mara Jade seems unlikely...",neither,0.04361222169985934,0.3543628284792918,0.6020249498208489
This is so damn sweet!,offensive_language,0.054974526229299464,0.8553731174727635,0.08965235629793704
flustered?,neither,0.03945320844208391,0.33037608806864915,0.630170703489267
totally adventuresoftoni,neither,0.03945320844208391,0.33037608806864915,0.630170703489267
"Kaladesh has some kind of robots, maybe?",neither,0.03188800812298324,0.33739384611093814,0.6307181457660785
proposing via card game trolling?,neither,0.04225141143631581,0.14613648147820843,0.8116121070854757
"Is wendy here, love some of the accents you helped him pick out for his outfit and secondly, how many times did he rehearse some of this on you :)",neither,0.07359150881791887,0.31033994480259774,0.6160685463794834
"@TheDiMono @cuzimhood Nope, Grade 2-8 english... and no, Im from Australia :P",neither,0.03850861439066643,0.32243788476385954,0.639053500845474
Totally new to twitch. When is the Crit Role stream? Or did I miss it,neither,0.0380392653222633,0.2975465351276789,0.6644141995500576
My best 2 decks were a White Weenie First Strike and a Red/Green Speed Deck with Meekstones!,offensive_language,0.15753933199780404,0.4795281517548363,0.3629325162473596
!critcountdown to episode #114,neither,0.04584502402586862,0.3266358521773535,0.6275191237967779
"The new episode of Critical Role starts in 2 Hours, 54 Minutes, 25 Seconds",neither,0.04083006662177809,0.27668656917091955,0.6824833642073023
LUL,neither,0.03945320844208391,0.33037608806864915,0.630170703489267
confuzzled,neither,0.03945320844208391,0.33037608806864915,0.630170703489267
Ouch! hahaha,neither,0.03945320844208391,0.33037608806864915,0.630170703489267
hahahahahahahaha,neither,0.03945320844208391,0.33037608806864915,0.630170703489267
wheniscriticalrole.com <<< Countdown Clock (also additional links) @Geodaegwyn @TheCodexAstarte,neither,0.03945320844208391,0.33037608806864915,0.630170703489267
@nightbot thank you sir!,neither,0.05897985934550316,0.39503371390534275,0.545986426749154
hehehe,neither,0.03945320844208391,0.33037608806864915,0.630170703489267
lmao,neither,0.03705015143476208,0.3711622369619404,0.5917876116032975
hahahahahah,neither,0.03945320844208391,0.33037608806864915,0.630170703489267
Is this just an hour or Ryan geeking out?,neither,0.03852217532171193,0.35105145980913693,0.6104263648691511
Hehhehe,neither,0.03945320844208391,0.33037608806864915,0.630170703489267
the universe has an amazing sense of humor,neither,0.03932185272892271,0.3118472851374948,0.6488308621335825
Wonderfull!!!,neither,0.03945320844208391,0.33037608806864915,0.630170703489267
yes @TheDiMono I won't look at the current prices of those cards. ;-p,neither,0.05443684558126733,0.2899732987089564,0.6555898557097763
Damn blue deck,offensive_language,0.04484395340023316,0.7899977127178075,0.16515833388195933
You're welcome @TheCodexAstarte,neither,0.10626763448287628,0.35096606821718634,0.5427662972999374
all parts of Exodia... no wait...,neither,0.04028720943156964,0.4133876033899555,0.5463251871784749
@SpoonDotlol yup,neither,0.03945320844208391,0.33037608806864915,0.630170703489267
@SpoonDotlol Hour and a half!,neither,0.03857490047581756,0.28535470989528194,0.6760703896289004
this is my favourite story ever,neither,0.03545629574750284,0.3999758849981806,0.5645678192543166
urza's glasses?,neither,0.03945320844208391,0.33037608806864915,0.630170703489267
Sweet,neither,0.03945320844208391,0.33037608806864915,0.630170703489267
Look at that glow!,neither,0.03652850965895362,0.39466754499885054,0.568803945342196
aaahhahahah!!,neither,0.03945320844208391,0.33037608806864915,0.630170703489267
He's so excited!,neither,0.04645135103425714,0.38552125666116804,0.5680273923045748
no it's 1.5 hours :-),neither,0.03653480562244081,0.3496404279647736,0.6138247664127855
LUL,neither,0.03945320844208391,0.33037608806864915,0.630170703489267
she just took the card....,neither,0.03511205189477753,0.41916192049414885,0.5457260276110736
1.5 hours!?,neither,0.03945320844208391,0.33037608806864915,0.630170703489267
LOL,neither,0.020706217963973744,0.4882283491876925,0.4910654328483337
lmao that's great!,neither,0.031199324378795988,0.37351847920692693,0.595282196414277
XD,neither,0.03945320844208391,0.33037608806864915,0.630170703489267
Hey Dustin!,neither,0.03945320844208391,0.33037608806864915,0.630170703489267
LuL,neither,0.03945320844208391,0.33037608806864915,0.630170703489267
"""thank you!""",neither,0.07325166854587051,0.43632638485078484,0.49042194660334476
That was incredibly sweet! <3,neither,0.03582320810812714,0.3704861351317298,0.5936906567601431
@Danoba Hey!,neither,0.03945320844208391,0.33037608806864915,0.630170703489267
Mini heartattack i imagine!!!,neither,0.03945320844208391,0.33037608806864915,0.630170703489267
"What a Nerd, Thank goodness! :)",neither,0.04337075577574595,0.33271951214921575,0.6239097320750383
gandsPitCrew gandsPitCrew gandsPitCrew,neither,0.03945320844208391,0.33037608806864915,0.630170703489267
omg you adorable nerds BibleThump,neither,0.053889831135620174,0.37135242260497087,0.5747577462594089
That was the best proposal story Iv ever heard! <3,neither,0.036033978885909035,0.3424842859110216,0.6214817352030694
magic is very meta,neither,0.04845449197539618,0.3272801339022631,0.6242653741223407
Magic Arena great book,neither,0.038033152692884396,0.3116257368170849,0.6503411104900307
"Wow, that's both an amazing geek proposal story AND a ""perfect proposal plan gets effed up by fate"" story!",neither,0.03724834627782472,0.3634589097496278,0.5992927439725474
urza's glasses? tap and look at a players hand,neither,0.03957153942659127,0.31836681342286033,0.6420616471505484
jcvimHi jcvimHi jcvimHi,neither,0.03945320844208391,0.33037608806864915,0.630170703489267
"@gamercat88 That was the first one where you could send in part of the back page and they'd send you a card, right?",neither,0.046736524455575766,0.3675962070870862,0.585667268457338
"""I was working at a coffee shop""Ryan *really* is Dream Daddy Mat!",neither,0.04902182452273538,0.2525049915270138,0.6984731839502508
will this be rebroadcasted tomorrow?,neither,0.041774063807615835,0.3062949012615903,0.6519310349307939
I loved reading all the quotes on the cards and figure out (or write my own) lore...,neither,0.039576169175244445,0.38027589260747663,0.5801479382172788
@TheDiMono yes,neither,0.03945320844208391,0.33037608806864915,0.630170703489267
hahaha @Compel_Bast yesss!!,neither,0.03945320844208391,0.33037608806864915,0.630170703489267
@gamercat88 I used to have that book. Don't remember what I did with it,neither,0.03489318516016823,0.38874984240850036,0.5763569724313314
We actually had Richard Garfield visit our Convention the first couple of years,neither,0.03509103377902906,0.32433215204288246,0.6405768141780884
Re hrpgSub hrpgHyperHype,neither,0.10802165902134243,0.2484119200751343,0.6435664209035233
I hope there will be a Witcher episode of this show @GeekandSundry :),neither,0.09029903036383323,0.13814274680220015,0.7715582228339666
Does he have chat in front of him or just a bunch of pictures of magic cards?,neither,0.03267191017030482,0.47064046671463444,0.4966876231150609
New shoooow,neither,0.04660400397451208,0.1401930676750457,0.8132029283504423
@SpoonDotlol Chat's up as well.,neither,0.03474275923961709,0.4187670281590415,0.5464902126013415
Well on the usual TV.,neither,0.03635972960209236,0.32797801243972347,0.6356622579581842
@Iwillgotohell2 all shows are rebroadcast (except for those that are alpha shows and only simulcast TM as an example),neither,0.06858606895246665,0.28633208496341017,0.6450818460841231
"I used to play a lot of Magic, to the point that I traded my Gameboy for a Library of Alexandria. I stopped when I realized I'd have to sink a thousand dollars a year into the game to stay competitive",neither,0.03594803251869978,0.3516523777807787,0.6123995897005216
@TheDiMono i got one at our local used book store... sadly the back had been ripped out but still awesome read and just planes fun (haha yes lame joke),neither,0.0559685893856467,0.3305861466320123,0.613445263982341
"It's like Dark Souls, to me. Most people who play those games don't care about the lore, they play for the mechanics. But for those of us that care about the lore, we care about it deeply and dive very deep inside it.",neither,0.0617220216944106,0.24971266523519714,0.6885653130703923
"I ended up selling my collection for some dollars, and then reinvested all of that money into other people",neither,0.03429734739135735,0.42456185576681205,0.5411407968418306
"i played in college TheDiMono, havnt in a few years",neither,0.03945320844208391,0.33037608806864915,0.630170703489267
Oh man. Dark Souls lore. So good.,neither,0.043378120948002676,0.3787687303345545,0.5778531487174429
YAAAAY RYAN! :D,neither,0.03945320844208391,0.33037608806864915,0.630170703489267
wow this guy is really upset about people who dont know MTG,neither,0.06576370185333247,0.3955396405299521,0.5386966576167155
You have all these places where various members of Vox Machina have expired... Kappa,neither,0.05726949296787892,0.44366410145812557,0.49906640557399545
ryan is a natural with this,neither,0.035328079223629225,0.36396535656771656,0.6007065642086543
Battletech is one game that i played that i also payed so much to the lore!,neither,0.03913470207587019,0.388492708556059,0.5723725893680709
Hey @dayntee,neither,0.03945320844208391,0.33037608806864915,0.630170703489267
10/10 sir,neither,0.03945320844208391,0.33037608806864915,0.630170703489267
hey I'm new here dose critical role come on next? and if I subscribe is it to the whole network or just the show?,neither,0.0560994713249342,0.2628447483631488,0.6810557803119169
Ryan is the best.,neither,0.04643035421413517,0.3030503131719262,0.6505193326139386
"I've always been interested in MtG but have been unable to play it. I did download that game for Xbox to learn, but it crashed too much. :(",neither,0.024846592341115827,0.3474484946280206,0.6277049130308636
