text,top_class,hate_speech,offensive_language,neither
"Not a good sign, I'm dozing. Quick give me fan art.",neither,0.033227527969453545,0.3605596236555032,0.6062128483750432
12 minutes,neither,0.03945320844208391,0.33037608806864915,0.630170703489267
percy has to have the contract to invoke the pact,neither,0.04675664728646466,0.307158036718454,0.6460853159950812
Is Ashley able to come?,neither,0.05125343799272492,0.3470081734575839,0.6017383885496913
i know vax will die so thats a safe bet,neither,0.15434148939867867,0.17979829450024043,0.6658602161010809
Bidet from CT! Who is ready for a TPK?,neither,0.04175499237480093,0.3377663286642081,0.6204786789609911
Bidet,neither,0.03945320844208391,0.33037608806864915,0.630170703489267
"Praise the Undying King, Vecna! Also... bidet from NJ",neither,0.03954290135610632,0.3062206920796479,0.6542364065642458
First time live!!!!!!!!!!!!!!!!!,neither,0.03431649502744929,0.3558392226370607,0.6098442823354902
This is going to be so intense!,neither,0.05282983071719272,0.3958403409490062,0.5513298283338011
"Bidet from East Brunswick, NJ!",neither,0.04044695603955711,0.31350959786496335,0.6460434460954796
yay for another Glasgow critter!,neither,0.08373393144080189,0.2227690715045694,0.6934969970546286
"DO YOUR POTTY BUSINESS, GET FOOD AND DRINKS<, and whatever you do, DON'T BLINK",neither,0.06833326896744048,0.30518674873432605,0.6264799822982335
woo,neither,0.03945320844208391,0.33037608806864915,0.630170703489267
bidet from AZ,neither,0.04078317879478948,0.307803020237201,0.6514138009680096
Wew,neither,0.03945320844208391,0.33037608806864915,0.630170703489267
I kind of want Vecna to win because it will make the second campaign fantastic!,neither,0.042857274331683716,0.3024963225075409,0.6546464031607754
the #thanksVoxMachina tag is a sea of tears,neither,0.044917498149477056,0.3158358409775379,0.6392466608729851
I have the leaked script for this eps if anyone's curious.,neither,0.02509497271355717,0.34139672949528815,0.6335082977911547
Special Guest Orion Acaba????,neither,0.074917375545421,0.3098007757950765,0.6152818486595026
AND THE STREAM IS LIVE!!!,neither,0.05109064161796076,0.2741874216452634,0.6747219367367758
"Taking all bets, both Scanlans die in one single attack, odds 4 to 1",neither,0.13068489120748047,0.25313814805780677,0.6161769607347127
!,neither,0.03945320844208391,0.33037608806864915,0.630170703489267
art!,neither,0.03945320844208391,0.33037608806864915,0.630170703489267
AHHHHHHHHHHHHHHH,neither,0.03945320844208391,0.33037608806864915,0.630170703489267
Maranoiah -> Let's rock! [stop spamming caps] [warning],neither,0.028174277690737534,0.4089510882887139,0.5628746340205486
Can you smeeeeeeeeellllllll what Vecna has cookin,neither,0.06383416569478174,0.3599422393743444,0.5762235949308738
its ONNNNNN,neither,0.02700859978372578,0.3346563596412867,0.6383350405749875
its live,neither,0.03646146549147045,0.3314050856575407,0.6321334488509888
I wonder if they are bringing back kevdak and riley for the final bout,neither,0.03235405367197445,0.3372770868232584,0.6303688595047672
think Sam is gonna remember about Power Word: Kill? propably not xD,neither,0.24277284935533336,0.282360724798079,0.4748664258465876
"If it's short, it's because they all died",neither,0.024786807104416966,0.4340897519029887,0.5411234409925942
live???? live!!!!!!!!!!!,neither,0.04891340716200846,0.3271222919257548,0.6239643009122369
Art time!,neither,0.03804240160507918,0.3543211620050669,0.6076364363898539
art is up,neither,0.045991427074099804,0.39187272382964855,0.5621358490962516
Percy might use the demon army?,neither,0.01914651273482934,0.38349016807963204,0.5973633191855386
And art is onlineeeeee,neither,0.04910210615122155,0.27779488023402454,0.673103013614754
Bidet ladies and gents,neither,0.03824461173919081,0.27188752967208496,0.6898678585887242
Bidet from Brisbane,neither,0.04228451509352876,0.2823214250720796,0.6753940598343917
ahhhhhhhhh,neither,0.03945320844208391,0.33037608806864915,0.630170703489267
REFRESH,neither,0.03945320844208391,0.33037608806864915,0.630170703489267
OMG i hope ashley is here,neither,0.1528468498412368,0.19334539452325417,0.6538077556355091
arts,neither,0.03945320844208391,0.33037608806864915,0.630170703489267
Refresh!,neither,0.03945320844208391,0.33037608806864915,0.630170703489267
YAAAAAAAS!,neither,0.03945320844208391,0.33037608806864915,0.630170703489267
art art art!,neither,0.03945320844208391,0.33037608806864915,0.630170703489267
refresh!,neither,0.03945320844208391,0.33037608806864915,0.630170703489267
"here we go people, see you after the show",neither,0.2090717385819001,0.2356667828418103,0.5552614785762896
Will all of Vecna’s undead army just keep kicking after Vecna is gone? He is still a god after the battle after all.,neither,0.04823276829914904,0.3862859850872826,0.5654812466135682
pics up!,neither,0.03549184033625395,0.4132922973177118,0.5512158623460343
Welcome @YourFellowHuman !!!,neither,0.03945320844208391,0.33037608806864915,0.630170703489267
"@mccainenl indeed they do, i live down the road from the brewery",neither,0.04322582491571091,0.2937516155718439,0.6630225595124453
ALL OF MY HYPE!,offensive_language,0.028140903816389385,0.5265080337476554,0.4453510624359553
"WE'RE LIVE, OH GOD LET US LIVE",neither,0.07837149113589384,0.2933587599561096,0.6282697489079967
"Going full screen. <3 Enjoy the show, everyone!",neither,0.05838869193543841,0.35537399833948585,0.5862373097250757
Yaaaaaa,neither,0.03945320844208391,0.33037608806864915,0.630170703489267
Aaaaaaaaarrrrrrrrt,neither,0.03945320844208391,0.33037608806864915,0.630170703489267
Pregame art is up!,neither,0.043906135791190806,0.372982888581566,0.5831109756272432
Bidet from TN!,neither,0.040769555981420263,0.3080342349327864,0.6511962090857933
Bidet everyone one trash is out pizza rolls are cooking and brewing some tea! Lets get this party started!,neither,0.044131820759104275,0.2871600513528214,0.6687081278880743
this is it!,neither,0.054689012228839526,0.3284676879129209,0.6168432998582396
ITS STARTING,neither,0.0318254011087983,0.33299964078826727,0.6351749581029343
Bidet from CT! AAAAAHHHHHHHHHH,neither,0.04066490145509902,0.30981049537100724,0.6495246031738937
Art started!!!! AAAHHHH,neither,0.03945320844208391,0.33037608806864915,0.630170703489267
"Bidet from Plano, TX!!!",neither,0.040473471510038425,0.31305956113103167,0.64646696735893
Bidet from San Diego.,neither,0.040446282760733435,0.31352102516371877,0.6460326920755478
its starting,neither,0.0318254011087983,0.33299964078826727,0.6351749581029343
fan arrrrrrt,neither,0.03945320844208391,0.33037608806864915,0.630170703489267
Art reel is live :D,neither,0.050364617226166745,0.32662315423857885,0.6230122285352544
art time art time,neither,0.03804240160507918,0.3543211620050669,0.6076364363898539
"this is gonna be a big one boys and girls, GIRD YOUR LOINS",neither,0.035097894583700495,0.4694525099401679,0.49544959547613165
bidet from connecticut,neither,0.04062582848913359,0.31047366557575606,0.6489005059351104
rooVV eat the vecna rooVV,neither,0.03777382874113256,0.2988607965184159,0.6633653747404514
say no to TPK as kayleth once said : we are gods !,neither,0.06898194459632627,0.33032707653466337,0.6006909788690104
"bidet from Cleveland, Critters",neither,0.04079557052152802,0.30759270029461827,0.6516117291838538
gandsNatTwenty,neither,0.03945320844208391,0.33037608806864915,0.630170703489267
Bidet and hugs to all!,neither,0.048828720895359036,0.35647227395366893,0.5946990051509721
Bidet from NC! Hope everyone is having an awesome night <3,neither,0.05708202621004128,0.3085250606158198,0.6343929131741388
10 minutes!,neither,0.03945320844208391,0.33037608806864915,0.630170703489267
Art!! FeelsGoodMan,neither,0.03945320844208391,0.33037608806864915,0.630170703489267
hype,neither,0.03945320844208391,0.33037608806864915,0.630170703489267
bidet from nebgraska,neither,0.04228451509352876,0.2823214250720796,0.6753940598343917
bidet from the end of the world,neither,0.03875147387569116,0.2804063735358807,0.6808421525884282
omg omg omg,neither,0.03945320844208391,0.33037608806864915,0.630170703489267
ahhhhhhhhhhhhhhhhhhhhhhhh,neither,0.03945320844208391,0.33037608806864915,0.630170703489267
panicBasket,neither,0.03945320844208391,0.33037608806864915,0.630170703489267
Oh my god I'm not ready,neither,0.0312356234875995,0.3741312037432748,0.5946331727691258
who do you guys think will be the last man (or woman) standing?,neither,0.05183295961573564,0.4516630932538301,0.4965039471304341
The Hype!,neither,0.03823111495552092,0.3078022189530705,0.6539666660914085
Bidet from Arkansas,neither,0.04066490145509902,0.30981049537100724,0.6495246031738937
iam not a blubbering mess already! shut up!,neither,0.0459597696152814,0.3704912910722179,0.5835489393125006
Ahhhhh so scared,neither,0.03941236196662964,0.37287419970779445,0.587713438325576
i havent watched live since ripley,neither,0.04320690926983431,0.32908501822577263,0.6277080725043931
"The channel has gone live, if you cannot see the fanart please refresh.",neither,0.03737030499864528,0.36316604058772056,0.5994636544136341
Wonder if Percy even remembers he has a demon army,neither,0.03123843073359066,0.36540147444996157,0.6033600948164479
So do you think this is the last vm one or will there be like an epilogue episode?,neither,0.0700096272468307,0.35791853231078186,0.5720718404423875
"T- 10 minutes, Critters.",neither,0.03945320844208391,0.33037608806864915,0.630170703489267
Bidet From Michigan!,neither,0.040769555981420263,0.3080342349327864,0.6511962090857933
aaaahhhh,neither,0.03945320844208391,0.33037608806864915,0.630170703489267
"Bidet from Butte, Montana. Good luck with what might be the final battle.",neither,0.035452476529721305,0.33215494427327147,0.6323925791970071
YAAAAASSSSSSS,neither,0.03945320844208391,0.33037608806864915,0.630170703489267
refresh it!,neither,0.037828236809968684,0.3309349903269868,0.6312367728630445
HYPE,neither,0.03945320844208391,0.33037608806864915,0.630170703489267
Bidet from Atlanta,neither,0.04078317879478948,0.307803020237201,0.6514138009680096
I've already eaten half my snacks out of sheer nervousness.,neither,0.016596014381622653,0.39444877888357976,0.5889552067347975
"Hey @Liolie, Loveland",neither,0.03945320844208391,0.33037608806864915,0.630170703489267
"Bidet from Coppell, TX!",neither,0.04081748366884477,0.3072207769958956,0.6519617393352596
"Ahhh, love the fan art. Thank you talented critters!",neither,0.046200886423543246,0.3604946278409021,0.5933044857355547
We in this boiz,neither,0.039199599377944976,0.33468049575400255,0.6261199048680524
Woooooooooooooot!!!!!!!,neither,0.03945320844208391,0.33037608806864915,0.630170703489267
"bidet from UK, 2:45am",neither,0.04079557052152802,0.30759270029461827,0.6516117291838538
"@MrPurple157 I love that stuff, they even sell it here in Berlin",neither,0.05928960073106014,0.3533351919198761,0.5873752073490638
deck of many things!,neither,0.03945320844208391,0.33037608806864915,0.630170703489267
"win or lose it will be one hell on an ending, but lets hope they win, caues live needs things to live",offensive_language,0.05964738186740051,0.4745700389492458,0.46578257918335364
BOIII,neither,0.03945320844208391,0.33037608806864915,0.630170703489267
BIDET FROM IOWA!!,neither,0.04069404815304118,0.30931579984010865,0.6499901520068502
All hail the deck of many things,neither,0.039932103636888414,0.36841478013522594,0.5916531162278856
Can't wait for the battle to come,neither,0.03787793826893466,0.3084000963740854,0.6537219653569799
GET READY 4 IT,neither,0.036671099725626224,0.34399121704986974,0.6193376832245041
lets goo,neither,0.0381375099945381,0.3527069244228318,0.6091555655826302
*screams. internally.*,neither,0.03945320844208391,0.33037608806864915,0.630170703489267
Bidet from Kansas!,neither,0.04071751644889743,0.3089174816120565,0.6503650019390461
THIS IS NOT A DRILL!,neither,0.0463057751887753,0.3342022275064351,0.6194919973047897
is not mentally prepared for this,neither,0.039374036106249496,0.30911927431398517,0.6515066895797653
ahhhhh I can't wait! nearly 4 am in the Netherlands but amma power through this,neither,0.03717165667923706,0.32512261394328945,0.6377057293774735
ARTARTART,neither,0.03945320844208391,0.33037608806864915,0.630170703489267
This is the song im listening to at the moment. https://www.youtube.com/watch?v=8iwBM_YB1sE,neither,0.048254135189241334,0.3423997448443961,0.6093461199663625
bidet from Ireland!!,neither,0.04066490145509902,0.30981049537100724,0.6495246031738937
SO NERVOUS,neither,0.03940857945358607,0.38636408546123996,0.5742273350851739
I CAN'T DO THIS,neither,0.042433479370718626,0.3238690379911529,0.6336974826381285
yup art time..... o boi,neither,0.03853948797011809,0.34588430909831996,0.6155762029315619
Hi from NZ!! first live show ever and I cant believe its this one,neither,0.04144174269289752,0.26708940353554783,0.6914688537715546
rooAww,neither,0.03945320844208391,0.33037608806864915,0.630170703489267
Vecna night!,neither,0.02550723072422885,0.32941079269047424,0.6450819765852968
F5 all,offensive_language,0.046917543854519406,0.6277741405869331,0.3253083155585475
OMG *fquietly freaking out*,neither,0.03509810395497353,0.3471014129925384,0.6178004830524881
OMG PROBABLY LAST EPISODE,neither,0.03839832749371701,0.3482801707823335,0.6133215017239495
bidet from boise idaho,neither,0.04066490145509902,0.30981049537100724,0.6495246031738937
I agree Percy will invoke the pact,neither,0.039791909963861505,0.30183561552199667,0.6583724745141419
active,neither,0.03945320844208391,0.33037608806864915,0.630170703489267
this music doe,neither,0.039342091197060565,0.3322620377095964,0.628395871093343
123,neither,0.03945320844208391,0.33037608806864915,0.630170703489267
Hello and bidet to all first-time-live viewers!,neither,0.04134751517781069,0.36061934549206903,0.5980331393301204
ew vecnaburger is so yesterday,neither,0.04759704158486791,0.37224491570777957,0.5801580427073526
ahhh,neither,0.03945320844208391,0.33037608806864915,0.630170703489267
I hope Ash will at least Skype in...,neither,0.0640824477556263,0.2510454696917131,0.6848720825526605
art is up,neither,0.045991427074099804,0.39187272382964855,0.5621358490962516
Bidet from DFW! #TexasCritters,neither,0.04228451509352876,0.2823214250720796,0.6753940598343917
"i've been thinking and i'm pretty sure Vecna knows exactly where they are. he had to have been keeping an ""eye"" on Gilmore and once he couldn't see him anymore he knew that VM were there,",neither,0.04291212437587261,0.31776056147404763,0.6393273141500798
"SO STRESS, MUCH PANIC",neither,0.03605081430077844,0.3706829657115794,0.5932662199876422
#ThanksVoxMachina,neither,0.03945320844208391,0.33037608806864915,0.630170703489267
Such a talented fandom. :-),neither,0.03972173376533776,0.32581851253778127,0.634459753696881
Bidet and Beep Beep from Baltimore...,neither,0.039689218340961965,0.26234570384284134,0.6979650778161967
Bidet friends.,neither,0.03945320844208391,0.33037608806864915,0.630170703489267
Bidet from Huntington Beach!,neither,0.04078317879478948,0.307803020237201,0.6514138009680096
ART,neither,0.03945320844208391,0.33037608806864915,0.630170703489267
It Thursday!!!!!,neither,0.03752336384949593,0.3310398501182267,0.6314367860322773
all former stream visitors jump in to fight vecna :p :p :p,neither,0.0456177132167715,0.37814421989418356,0.5762380668890448
"awesomecity, it's from one of the Marquet episodes, Grog completely misunderstood their traditional greeting, and said ""Bidet"" instead, and the fans took it to be their own greeting to each other",neither,0.053189919432711966,0.28561837525980077,0.6611917053074873
gandsSubHype gandsSubHype gandsSubHype,neither,0.03945320844208391,0.33037608806864915,0.630170703489267
THE LAST FAN ART,neither,0.03861174726497601,0.31500786368619693,0.6463803890488271
"BIDET UK PALS!!! Rest in piece, us",neither,0.06473621368714653,0.32600152489256085,0.6092622614202926
Not gonna happen Scanlan has a death ward on...I think,neither,0.03656319978545565,0.364985956042967,0.5984508441715775
How is he going to die when he hasn't been able to die since the thing with the Raven Queen? Is it some kind of 'you'll die when you nobelly sacrifice yourself' kind of thing?,neither,0.20568293525289397,0.19222402842826583,0.6020930363188401
if you're terrified and you know it clap your hands! *clap clap*,neither,0.061524113749717044,0.3566765541159434,0.5817993321343397
Is anyone else equally excited and terrified for tonight?,neither,0.038550883690518574,0.2795372401675151,0.6819118761419664
"Oh man, oh geez oh man",neither,0.04959122149533423,0.3155713809572903,0.6348373975473756
omg omg 10 min,neither,0.03945320844208391,0.33037608806864915,0.630170703489267
yay,neither,0.03945320844208391,0.33037608806864915,0.630170703489267
4 AM and I have work in 5 hours. Still gotta watch,neither,0.04046391346833755,0.33860361977031594,0.6209324667613465
agreed but it is the perfect phrase for the way the critters feel for cr #thanksvoxmachina,neither,0.03380110878101558,0.2838300918534604,0.682368799365524
is this going to be the last one :( ?,neither,0.05291488660242068,0.37243095267044163,0.5746541607271377
THIS IS IT,neither,0.054689012228839526,0.3284676879129209,0.6168432998582396
really wish i had some bud for tonight,neither,0.027481443137546142,0.3028355655236868,0.669682991338767
LAST EPISODE HYPE,neither,0.03945320844208391,0.33037608806864915,0.630170703489267
no worries folks vox machina 2 will kill greater god vecna in three years SeemsGood,neither,0.2175407488072661,0.23993391039147555,0.5425253408012584
Bidet from AZ,neither,0.04078317879478948,0.307803020237201,0.6514138009680096
Bidet.,neither,0.03945320844208391,0.33037608806864915,0.630170703489267
Chat is gonna be insane tonight,neither,0.04283306882988417,0.34828528385946245,0.6088816473106533
"Bidet Springfield, OHIO",neither,0.03945320844208391,0.33037608806864915,0.630170703489267
Last bidet for a while.,neither,0.03190248761779887,0.2927153523224879,0.6753821600597133
bidet from MN,neither,0.040737273169946825,0.30858215849491494,0.6506805683351382
bidet yall,neither,0.03639464868045676,0.3822878294283694,0.5813175218911739
Beep Beep,neither,0.03945320844208391,0.33037608806864915,0.630170703489267
Bidet from SC,neither,0.040737273169946825,0.30858215849491494,0.6506805683351382
Bidet from CT!,neither,0.04066490145509902,0.30981049537100724,0.6495246031738937
We're Live everyone!! REFRESH!,neither,0.051925269649656144,0.39189292749660565,0.5561818028537383
ya,offensive_language,0.017331157930923866,0.7872544665869478,0.19541437548212848
East Coast girl is so nervous 😟 I’m not sleeping tonignt,neither,0.0391418723778903,0.39949167492151494,0.5613664527005948
Ashley needs to be here,neither,0.0959069782381261,0.2927238338374335,0.6113691879244403
AHHHHH,neither,0.03945320844208391,0.33037608806864915,0.630170703489267
Bidet all,offensive_language,0.046917543854519406,0.6277741405869331,0.3253083155585475
eeeeeee!!!!,neither,0.03945320844208391,0.33037608806864915,0.630170703489267
i feel like Liam's going to cry and it's going to make me cry,neither,0.04455175099688248,0.3618766887598474,0.5935715602432701
Hrtr er ho,offensive_language,0.02247391986206834,0.6688745579298914,0.30865152220804026
omg,neither,0.03945320844208391,0.33037608806864915,0.630170703489267
Hype train,neither,0.03945320844208391,0.33037608806864915,0.630170703489267
Yay!!!!! So excited,neither,0.03941136106927814,0.3753038300095998,0.585284808921122
The fan art!,neither,0.03851990960732541,0.31328629588431106,0.6481937945083636
refresh for art btw,neither,0.03489844049978258,0.3076170925704658,0.6574844669297515
"Bidet from Brisbane, Australia!",neither,0.04062582848913359,0.31047366557575606,0.6489005059351104
OMGGGGGGGGGGGG,neither,0.03945320844208391,0.33037608806864915,0.630170703489267
Fun!,neither,0.03945320844208391,0.33037608806864915,0.630170703489267
Bidet from Boston!,neither,0.040769555981420263,0.3080342349327864,0.6511962090857933
ssssooooooooooo ready,neither,0.03945320844208391,0.33037608806864915,0.630170703489267
My body is NOT ready... BibleThump TableHere FlipThis,neither,0.033129299390930525,0.4238986887344223,0.542972011874647
,neither,0.03945320844208391,0.33037608806864915,0.630170703489267
Scanlan will poop on Vecna and Vecna surrenders,neither,0.03691908141419394,0.2742054577452136,0.6888754608405924
Hello from CT also!,neither,0.040324681395524434,0.3155849176855901,0.6440904009188856
I'm scared,neither,0.03945320844208391,0.33037608806864915,0.630170703489267
VIRGINIA REP,neither,0.03945320844208391,0.33037608806864915,0.630170703489267
The hype is real!!,neither,0.038532303013039844,0.4430996072556087,0.5183680897313514
GUYS THIS IS MY FIRST LIVE GAME,neither,0.031823071588166454,0.3698732314246836,0.5983036969871499
"BIDET FROM WICHITA, KS. First time in weeks I've not been working on Thursday night. Feels great to be back.",neither,0.021530610167941007,0.3211063328455721,0.6573630569864868
"@mccainenl damn i didnt know bundy way populare over seas haha, the more you know",offensive_language,0.048998651984420064,0.6844309626139085,0.26657038540167144
Bidet~,neither,0.03945320844208391,0.33037608806864915,0.630170703489267
bidet from South Australia!!!!!!!<3<3<3<3<3<3<3<3<3<3,neither,0.04041079298828133,0.31412337922315653,0.6454658277885622
HYPE,neither,0.03945320844208391,0.33037608806864915,0.630170703489267
this is it,neither,0.054689012228839526,0.3284676879129209,0.6168432998582396
I am stress eating to an insane degree,neither,0.04401950242335473,0.3241505787595866,0.6318299188170586
Bidet from MI,neither,0.04081748366884477,0.3072207769958956,0.6519617393352596
Bidet from work,neither,0.041217964622732944,0.30042357003640935,0.6583584653408577
so nervous :s,neither,0.03940857945358607,0.38636408546123996,0.5742273350851739
HYPE HYPE HYPE,neither,0.03945320844208391,0.33037608806864915,0.630170703489267
"repeat The channel has gone live, if you cannot see the fanart please refresh.",neither,0.03752675891112267,0.36062836519433056,0.6018448758945468
Bidet from Oklahoma ya'll,offensive_language,0.027089523362704076,0.5500372652418303,0.4228732113954657
staying up til 3am had better be worth it..... bidet from the uk,neither,0.037470586116073144,0.3421561646416558,0.620373249242271
beep beep,neither,0.03945320844208391,0.33037608806864915,0.630170703489267
Trinket gets HDYWTDT.,neither,0.03945320844208391,0.33037608806864915,0.630170703489267
is that my baby girl....5 words that made me BAWL!!,offensive_language,0.02240604037398178,0.5132052644206148,0.4643886952054035
bidet from the Netherlands,neither,0.0395975487247086,0.2929303761973238,0.6674720750779677
I hope Percy uses his army. watching on the phone for chat and the streming on the big screen,neither,0.047822896704623495,0.26795764558470886,0.6842194577106676
OH BABY ITS TIME,neither,0.03665153469029118,0.2985684755121167,0.6647799897975922
Jeez the feels on twitter are outrageous.,neither,0.05533692336686945,0.38351627919368797,0.5611467974394425
#ThanksVoxMachina,neither,0.03945320844208391,0.33037608806864915,0.630170703489267
hi hi all,neither,0.04086344614592082,0.38770503474845325,0.5714315191056258
Bidet from HOuston,neither,0.040875471929787875,0.3062365648703896,0.6528879631998226
halloo,neither,0.03945320844208391,0.33037608806864915,0.630170703489267
It's go time,neither,0.037146665722799996,0.36996595602793064,0.5928873782492694
Critical Role finally!!!,neither,0.03945320844208391,0.33037608806864915,0.630170703489267
"Decks and contracts, decks and contracts!",neither,0.03857111107789432,0.2851340175310554,0.6762948713910502
dnd,neither,0.03945320844208391,0.33037608806864915,0.630170703489267
gandsNatTwenty gandsTrinketArmor gandsSubHype gandsSubHype,neither,0.03945320844208391,0.33037608806864915,0.630170703489267
Bidet from Sweden! It's 4 am on my birthday and I am ready for the final hour of the final DAY!,neither,0.029507835026342872,0.3143824014804645,0.6561097634931926
Bidet!,neither,0.03945320844208391,0.33037608806864915,0.630170703489267
#ThanksVoxMachina,neither,0.03945320844208391,0.33037608806864915,0.630170703489267
LETS GO,neither,0.039984317429425154,0.35542799280679366,0.6045876897637812
I AM NOT READY,neither,0.03754373613189338,0.3367536467826124,0.6257026170854941
gandsSubHype gandsSubHype gandsSubHype gandsLessthanthree,neither,0.03945320844208391,0.33037608806864915,0.630170703489267
Rancho Cucamonga California bbys,neither,0.058162020571043825,0.3239412696736471,0.6178967097553091
"Scanlan has to be the last person standing, he's the only person who can read the book after its activated",neither,0.04140668651711376,0.33062257960375874,0.6279707338791275
"""Who lives, who dies, who tells your storyyyyy""",neither,0.05993877298287602,0.45589879887802054,0.48416242813910343
bidet from FL,neither,0.04066490145509902,0.30981049537100724,0.6495246031738937
good thing sleep is overrated....,neither,0.04611993600073711,0.3280830947544192,0.6257969692448436
art,neither,0.03945320844208391,0.33037608806864915,0.630170703489267
beep beep from utah,neither,0.04066490145509902,0.30981049537100724,0.6495246031738937
AND CHAT EXPOLES,neither,0.038434791122928746,0.27695075939240005,0.6846144494846712
rooHappy,neither,0.03945320844208391,0.33037608806864915,0.630170703489267
omg 1st time live for me :),neither,0.030848312274182003,0.35332118915616123,0.6158304985696567
gandsSubHype,neither,0.03945320844208391,0.33037608806864915,0.630170703489267
Bidet from California,neither,0.06971251856910227,0.2972619859879888,0.633025495442909
Bidet,neither,0.03945320844208391,0.33037608806864915,0.630170703489267
Do you guys have audio?,neither,0.055796184225789,0.3838153351104877,0.5603884806637234
"Wow/ ""VECNA, The Ascended"". That sounds bad.",neither,0.031603871944323694,0.35750312809972445,0.6108929999559517
"bidet from south america's biggest piece of land, brazil!",neither,0.13388565963495824,0.25320626570563576,0.6129080746594061
"Bidet from Panama City, FL",neither,0.04025031866220509,0.3168470473412884,0.6429026339965065
hypeeeeee,neither,0.03945320844208391,0.33037608806864915,0.630170703489267
Evening all.,neither,0.041793358651534496,0.4229818652092969,0.5352247761391685
It'll be fine....,neither,0.03822665996774466,0.33587167783307703,0.6259016621991783
liam is definitely gonna cry,neither,0.04486578147392463,0.3650837256734608,0.5900504928526146
Bidet from CT!,neither,0.04066490145509902,0.30981049537100724,0.6495246031738937
"Art goimg, refresh if you need to",neither,0.03930250038019221,0.41017143546715595,0.5505260641526518
So much beautiful artwork!,neither,0.03460636945420187,0.38963583254734435,0.5757577979984538
"@joshuagenal Same, I cry when Liam cries. ;_;",neither,0.032902273663753846,0.3713570870551269,0.5957406392811192
HERE WE GO,neither,0.13156755280784707,0.2765461283225309,0.5918863188696221
:casts guidance on the mods: there! you get a 1d4,neither,0.05032320237276229,0.334131498272849,0.6155452993543886
Bidet from Oregon,neither,0.04071751644889743,0.3089174816120565,0.6503650019390461
Bidet from Kansas,neither,0.04071751644889743,0.3089174816120565,0.6503650019390461
bidet from Scotland!,neither,0.04062582848913359,0.31047366557575606,0.6489005059351104
TPK TPK TPK TPK PLEASE,neither,0.03945320844208391,0.33037608806864915,0.630170703489267
Let's do this. gandsLessthanthree you all.,offensive_language,0.03974585473466223,0.591781571932626,0.36847257333271166
Bidet from Arizona!!,neither,0.04078317879478948,0.307803020237201,0.6514138009680096
My body is ready for this!,neither,0.02906645271055613,0.3822679163612986,0.5886656309281452
Bidet from Buffalo loves,neither,0.040470805615845214,0.31310480831291987,0.6464243860712349
The art is so good oh no,neither,0.049979604243426914,0.3201722850783069,0.6298481106782662
bidet,neither,0.03945320844208391,0.33037608806864915,0.630170703489267
bidet from Minnesota,neither,0.04071751644889743,0.3089174816120565,0.6503650019390461
"Thank you, VM, G&S, & Critters for an amazing ride!",neither,0.04644072136005778,0.33987767532767205,0.6136816033122701
first ever live stream for critical role IM NOT READY,neither,0.033119357566946214,0.33422676924371103,0.6326538731893427
gandsCrit gandsCrit gandsCrit gandsCrit gandsCrit,neither,0.03945320844208391,0.33037608806864915,0.630170703489267
Bidet from Utah,neither,0.04066490145509902,0.30981049537100724,0.6495246031738937
Bidet from Adelaide Australia!,neither,0.04062582848913359,0.31047366557575606,0.6489005059351104
"Bidet from Lakewood, NY",neither,0.04084513770590474,0.30675141581570226,0.6524034464783931
!music,neither,0.03945320844208391,0.33037608806864915,0.630170703489267
THIS IS IT YALL,neither,0.047057646643238214,0.3660074911949088,0.5869348621618531
good luck vox machina we all love you <3,offensive_language,0.055094662329796505,0.48800394206256537,0.45690139560763815
"bidet from sydney. ive got the whiskey out and my fingers crossed. good luck, vm.",neither,0.030631365774719595,0.3653065153850762,0.6040621188402043
I am the most excited for this,neither,0.033011452091670265,0.29083587882462764,0.6761526690837021
"@Liolie, do you go to Gryphons?",neither,0.10532342925511816,0.4173780103473465,0.4772985603975354
Bidet from FL!!!!,neither,0.04066490145509902,0.30981049537100724,0.6495246031738937
ITS NOT LIVE FOR ME AHH GOD HELP,neither,0.028307658794308844,0.3401977306214532,0.6314946105842378
THE BEGINNING OF THE END!!!!! Bidet from Boston!!! May the gods protect Vox Machina.,neither,0.03932566832425287,0.2769601280325434,0.6837142036432037
be pleased lord vecna,neither,0.03989668126955529,0.33408967243073756,0.6260136462997072
"Oh god i am not ready, i am not ready!",neither,0.04063284985491377,0.30674729843805637,0.6526198517070299
is this the last episode for vox machina? find out right now! on critical role!,neither,0.03727902069204836,0.27722971904655797,0.6854912602613936
this fanart though <3,neither,0.03929143328207582,0.3331218347335107,0.6275867319844135
Bidet from australia,neither,0.04062582848913359,0.31047366557575606,0.6489005059351104
I'm only halfway through last weeks. have they started fighting vecna?,neither,0.039128664725586064,0.3358844419292242,0.6249868933451898
bidet,neither,0.03945320844208391,0.33037608806864915,0.630170703489267
Bidet from Orlando Florida!!!!!!!!!!!!!,neither,0.040412632663812495,0.31409215512822203,0.6454952122079655
doesn't grog still have the deck of many things :o,neither,0.03772258100424664,0.3361104792389907,0.6261669397567627
bidet from ATL!,neither,0.04078317879478948,0.307803020237201,0.6514138009680096
i hope ashley is here,neither,0.17545557026876313,0.1769972359192217,0.6475471938120151
bidet all,offensive_language,0.046917543854519406,0.6277741405869331,0.3253083155585475
YESS,neither,0.03945320844208391,0.33037608806864915,0.630170703489267
HYYYPPPEEE,neither,0.03945320844208391,0.33037608806864915,0.630170703489267
VECNA VECNA VECNA,neither,0.03945320844208391,0.33037608806864915,0.630170703489267
refresh,neither,0.03945320844208391,0.33037608806864915,0.630170703489267
Hola,neither,0.03945320844208391,0.33037608806864915,0.630170703489267
GoldenBoy_420 -> You're nothin' but scrap metal. [stop spamming emotes] [warning],neither,0.0606172010205652,0.40001887271074477,0.5393639262686901
Bidet from utah again!,neither,0.038672266627953575,0.343630708750168,0.6176970246218785
i will say this will be a very close fight,neither,0.04183254179909694,0.2987546165441055,0.6594128416567976
CT REPRESENT,neither,0.03945320844208391,0.33037608806864915,0.630170703489267
Bidet from Oregon,neither,0.04071751644889743,0.3089174816120565,0.6503650019390461
⚔⚔⚔,neither,0.03945320844208391,0.33037608806864915,0.630170703489267
Bidet and I am soooo scaaaaared,neither,0.038336962115272,0.28465118070922796,0.6770118571755
Bidet from Louisville Kentucky,neither,0.04038434874462851,0.31457220705192124,0.6450434442034502
Bidet and meep meep*,neither,0.03763944115734239,0.1918412352459551,0.7705193235967025
bidet,neither,0.03945320844208391,0.33037608806864915,0.630170703489267
Refresh,neither,0.03945320844208391,0.33037608806864915,0.630170703489267
"@Botamigo lol good timing, tonights prolly the final episode",neither,0.033354742565487955,0.35531075685846114,0.6113345005760509
#LoveMeLaura,neither,0.03945320844208391,0.33037608806864915,0.630170703489267
Bidet from Marquette (or Marquet),neither,0.04147775179570021,0.2960143037206597,0.66250794448364
"at BARE Minimum Vax will die tonight, we know that at least",neither,0.10036616693721877,0.23499033348325735,0.6646434995795238
OMG!,neither,0.03945320844208391,0.33037608806864915,0.630170703489267
bidet from Michigan!!,neither,0.040769555981420263,0.3080342349327864,0.6511962090857933
OMFG OMFG|,neither,0.03945320844208391,0.33037608806864915,0.630170703489267
I'M NOT READY gandsNopeNopeNope,neither,0.03741288854270606,0.3380962759290845,0.6244908355282094
Bidet from California everybody!!!!,neither,0.06356146953565242,0.3030771455998367,0.633361384864511
Bidet from Brazil,neither,0.04079557052152802,0.30759270029461827,0.6516117291838538
whoo hooo #its finally friday,neither,0.034643689638320645,0.3320303021286459,0.6333260082330334
"Bidet, Everyone!",offensive_language,0.02988896790634741,0.4927062106388782,0.4774048214547744
"oh god I almost dont want to watch tonight....if I never watch it, it never happens... :(",neither,0.04298628639615131,0.35297784134408644,0.6040358722597622
"Bidet, bidet! I've got a bad feeling about this week, so let's do this!",neither,0.014930801938005323,0.4161727280930956,0.5688964699688992
Bidet from Maine!,neither,0.04069404815304118,0.30931579984010865,0.6499901520068502
so many people from Connecticut here tonight,neither,0.10594902918846254,0.29673237462568075,0.5973185961858567
All hail the Undying King,neither,0.040078051860428135,0.3791604341518139,0.5807615139877579
Bidet from San Francisco,neither,0.040391840503121675,0.31444505235836057,0.6451631071385178
I'm excited to hear Matt set the scene at the very top of the tower. I wonder if he has some more torture in store for VM...,neither,0.03830225065076697,0.3248277928646636,0.6368699564845696
Bidet from Northern CA,neither,0.04039749100449293,0.314349148603457,0.6452533603920501
SO MANY FEELINGS,neither,0.0394084997159876,0.38707284660306385,0.5735186536809486
bidet from washington!,neither,0.04080695066346891,0.3073995495860776,0.6517934997504536
@ominominous Grattis!!,neither,0.03945320844208391,0.33037608806864915,0.630170703489267
The fan art always absolutely astounds me,neither,0.03189742983760168,0.389677358931452,0.5784252112309463
reload,neither,0.03945320844208391,0.33037608806864915,0.630170703489267
this is the end. this is where vecna falls. oh boy oh boy,neither,0.056033346716829795,0.24815342616675115,0.6958132271164189
I'm so nervous!!,neither,0.03940857945358607,0.38636408546123996,0.5742273350851739
stream on :),neither,0.03604994862660617,0.3468118372728627,0.617138214100531
thanks Vox Machina!,neither,0.035884468650613,0.3004919205142699,0.6636236108351171
Trinket has the best chance of living if he stays in the necklace,neither,0.029302118100906334,0.3349111730618278,0.6357867088372658
I wonder if there will be any chance of percy using the pact tonight?,neither,0.026588824078960734,0.34239893095729224,0.6310122449637471
yall im guna cry,neither,0.03670898494167406,0.3978164897456318,0.565474525312694
HYPE!!,neither,0.03945320844208391,0.33037608806864915,0.630170703489267
Let them all die.,neither,0.25837370876427296,0.1723511297539421,0.5692751614817849
gandsSubHype gandsSubHype gandsSubHype gandsSubHype gandsSubHype gandsSubHype,neither,0.03945320844208391,0.33037608806864915,0.630170703489267
"It's been one hell of a ride, hasn't it? Can't wait~!",offensive_language,0.03821506341995319,0.6355522954454067,0.32623264113464023
refresh,neither,0.03945320844208391,0.33037608806864915,0.630170703489267
Bidet fellow Critters!!! Refresh!!! We are live for ART! REFRESH!,neither,0.04945197399676302,0.29477143975744835,0.6557765862457886
gandsTrinketArmor gandsTrinketArmor gandsTrinketArmor Bidet to all critters!,offensive_language,0.07037653542857761,0.5454179388470466,0.3842055257243759
"AW SHIT, MAKING SOME POPCORN BABY",offensive_language,0.04092814295365453,0.9494953865398942,0.009576470506451239
I've never watched live I'm in texas. I'm going to be dead tomorrow,neither,0.026803140162594392,0.35945630058617273,0.6137405592512329
WHOS READY 4 IT,neither,0.03797590216001351,0.33088420144182284,0.6311398963981637
Roll for HYPE,neither,0.03336690466857559,0.2999858595578617,0.6666472357735627
soon,neither,0.03945320844208391,0.33037608806864915,0.630170703489267
Hello everyone,neither,0.03269494828970791,0.4450814005079928,0.5222236512022994
bidet!!!!,neither,0.03945320844208391,0.33037608806864915,0.630170703489267
sheepy150 -> Looks like the crap has hit the fan. [stop spamming caps] [warning],neither,0.04441850848854802,0.35834189128824345,0.5972396002232085
Final battle HYPE!!!,neither,0.03945320844208391,0.33037608806864915,0.630170703489267
How long do you think this is going to be?,neither,0.07591612040556034,0.3863625699703689,0.5377213096240707
Bidet!!!!,neither,0.03945320844208391,0.33037608806864915,0.630170703489267
CHAT HAS LOST IT!,neither,0.03843211652711491,0.3240573927696407,0.6375104907032443
Hi guys its 4:00 am in italy i not sleeping tonight to watch the show wish u all a good time HYPE HYPE HYPE HYPE,neither,0.043486017565202484,0.32190858497507313,0.6346053974597244
my ass will not unclench,offensive_language,0.07466605828219719,0.9252687496872394,6.519203056350372e-05
lol catching up is gonna b so hard now,offensive_language,0.030935612767540605,0.630183827565938,0.33888055966652136
bidet from Nebraska,neither,0.04062582848913359,0.31047366557575606,0.6489005059351104
"Someone hold me, Im so nervous T.T",neither,0.032759938803729245,0.4257685802769312,0.5414714809193395
im hyped and scared,neither,0.037963764270600046,0.32286603988763074,0.6391701958417692
Bidet from Michigan,neither,0.040769555981420263,0.3080342349327864,0.6511962090857933
Oh god I'm so scared right now!,neither,0.04338516205710349,0.3432380976089074,0.6133767403339893
Bidet from Texas,neither,0.040937266849991,0.30518774380265185,0.6538749893473571
Bidet from Manila!,neither,0.04228451509352876,0.2823214250720796,0.6753940598343917
"No matter who lives or who dies, there will be tears.",neither,0.04076391394943267,0.3769546612598338,0.5822814247907335
"Looking forward to the next campaign, but first -- to kill a GOD!",neither,0.21376632857792627,0.24519446841355844,0.5410392030085153
gandsNopeNopeNope gandsNopeNopeNope gandsNopeNopeNope gandsNopeNopeNope gandsNopeNopeNope gandsNopeNopeNope gandsNopeNopeNope cryDDOS cryDDOS,neither,0.03945320844208391,0.33037608806864915,0.630170703489267
Over under on who dies first?,neither,0.029909720229197082,0.3990645266326053,0.5710257531381976
gandsSubHype gandsSubHype gandsSubHype gandsSubHype gandsNopeNopeNope gandsNopeNopeNope gandsNopeNopeNope gandsNopeNopeNope gandsSubHype gandsSubHype gandsSubHype gandsSubHype gandsNopeNopeNope gandsNopeNopeNope gandsNopeNopeNope gandsNopeNopeNope,neither,0.03945320844208391,0.33037608806864915,0.630170703489267
"evening my brothers and sisters, BIDET! from Attleboro Massachusetts",neither,0.032138997932675044,0.3470182343846869,0.6208427676826381
