text,top_class,hate_speech,offensive_language,neither
Woot GM Kelly Lynne FTW,neither,0.03945320844208391,0.33037608806864915,0.630170703489267
!rbschedule,neither,0.03945320844208391,0.33037608806864915,0.630170703489267
@Chovexani jeezus. No. I'm ok without the porn.,neither,0.03480298109771179,0.3875509365838668,0.5776460823184215
oh hai there!,neither,0.04731718652628423,0.1888125876055899,0.7638702258681258
gandsSubHype gandsSubHype gandsSubHype,neither,0.03945320844208391,0.33037608806864915,0.630170703489267
@OMGsteveFTW dam that trailer for this is super crazy i can see myself dming it in so many ways,neither,0.09048922873581518,0.43127567293310254,0.47823509833108235
gandsClassic gandsClassic gandsSubHype gandsSubHype,neither,0.03945320844208391,0.33037608806864915,0.630170703489267
lol,neither,0.020706217963973744,0.4882283491876925,0.4910654328483337
Hoody Dancer = Kelly :3,neither,0.03945320844208391,0.33037608806864915,0.630170703489267
!commands,neither,0.03945320844208391,0.33037608806864915,0.630170703489267
halo,neither,0.03945320844208391,0.33037608806864915,0.630170703489267
b00bsnebel -> The bot commands for this channel are available at https://beta.nightbot.tv/t/geekandsundry/commands,neither,0.04695462833040224,0.29561718809185006,0.6574281835777477
"Hi, Kelly",neither,0.03945320844208391,0.33037608806864915,0.630170703489267
"That BttF vest, side pony tail, & rims xD epic",neither,0.03389798763973305,0.3792434100250798,0.5868586023351872
at least to me,neither,0.036508641008798345,0.4078763299134944,0.5556150290777073
We have a subscriber-only Discord server! Join here: https://discord.gg/geekandsundry (you'll need to sub and link it to your Twitch) and be a part of the fun!...Warning: It can take up to an hour for the server to update and give you access to the channels,neither,0.08464076273808444,0.286394834032893,0.6289644032290227
Hi Kelly!,neither,0.03945320844208391,0.33037608806864915,0.630170703489267
lol,neither,0.020706217963973744,0.4882283491876925,0.4910654328483337
whos the tank BibleThump BibleThump,neither,0.03858950175856503,0.3145917810637195,0.6468187171777156
Hey it's Rachel!,neither,0.03798637166751804,0.3308806004981064,0.6311330278343754
whoo this should be fun,neither,0.05125616904445601,0.3693127954267987,0.5794310355287453
"Ooo she says Nevaada instead of NevAda, perfect",neither,0.04035460620782027,0.38596280848453335,0.5736825853076464
Weeee,neither,0.03945320844208391,0.33037608806864915,0.630170703489267
They're playing it at the Wednesday Club. :),neither,0.050523969208860056,0.3142400277213002,0.6352360030698397
rude! bahhahaa,neither,0.03945320844208391,0.33037608806864915,0.630170703489267
haha,neither,0.03186685585600258,0.45913629025701075,0.5089968538869867
ooo she's gonna play a prissy pre-teen,neither,0.03969306584378455,0.42526960448131135,0.535037329674904
hey guys,neither,0.03929207127355727,0.33311100635304525,0.6275969223733975
gandsSubHype gandsSubHype gandsSubHype,neither,0.03945320844208391,0.33037608806864915,0.630170703489267
Nice Ramone,neither,0.03945320844208391,0.33037608806864915,0.630170703489267
Sax as a player too?! coolness!,neither,0.03121100602641234,0.4702677734968192,0.49852122047676845
I'm so excited,neither,0.03940839469474773,0.3948270312238364,0.565764574081416
Hey everyone! Eric shaved!,neither,0.03467016953048496,0.4115567411353426,0.5537730893341725
alt-sci fi ftw,neither,0.03945320844208391,0.33037608806864915,0.630170703489267
Ramone's shirt.*,neither,0.03945320844208391,0.33037608806864915,0.630170703489267
"Help G&S make great content! $4.99/month gets you emotes, Minecraft server access, Sub Only Q&As, VODs, and more! Every sub keeps the channel alive! twitch.tv/geekandsundry/subscribe",neither,0.043092924924402844,0.32365565443818894,0.6332514206374082
"Hi Eric, Sax, Gina, Amy and Rachel!",neither,0.03889664219832892,0.3030530601963738,0.6580502976052972
how do u guys have 600 viewers?,neither,0.03999609909433415,0.3378921919180721,0.6221117089875936
You might say there are...Stranger Things?,neither,0.07936667049065367,0.2895722395074921,0.6310610900018543
strange things? strang...er things one might say,neither,0.03893099330485258,0.34959309382705256,0.6114759128680948
this is gonna be awesome,neither,0.047668577123630027,0.3852174765229665,0.5671139463534034
GM's Gaming Hype,neither,0.03945320844208391,0.33037608806864915,0.630170703489267
stranger things you say?,neither,0.05691431738699909,0.3794182634494186,0.5636674191635823
Hi @chuckytheclown11,neither,0.03945320844208391,0.33037608806864915,0.630170703489267
Help me build the CA loop e'erybody!!,neither,0.03450647264615531,0.34393667229037816,0.6215568550634666
came here from Geeks4Good! give them a visit and a follow sometime!,neither,0.08186101780254666,0.26267571345254886,0.6554632687449043
@Little_Tito hey! =D,neither,0.03945320844208391,0.33037608806864915,0.630170703489267
Hello Everyone. I am connected now.,neither,0.03359353271552803,0.42710726137257937,0.5392992059118926
lol her face,offensive_language,0.02029796723669831,0.7067801007090988,0.2729219320542028
eric shaven means he gets a bonusnto his speed stat,neither,0.05699346461988645,0.33047567535980527,0.6125308600203082
@chaoticloony hey ther!,neither,0.03945320844208391,0.33037608806864915,0.630170703489267
so much coffee,neither,0.04639466339128856,0.18305980910159178,0.7705455275071197
Ello @Ripartist !,neither,0.03945320844208391,0.33037608806864915,0.630170703489267
lol amy,neither,0.03067274384572663,0.3948916229673822,0.5744356331868913
"Gms a true the table!!,",neither,0.0384870297766664,0.31266743691053606,0.6488455333127975
OMG its AMY,neither,0.03366305784443836,0.3323675863700238,0.6339693557855378
Hi @BuffaloVal,neither,0.03945320844208391,0.33037608806864915,0.630170703489267
Erika impersonation is on point,neither,0.04410802035105481,0.3405191022585275,0.6153728773904177
o.o this gal is totally insane,neither,0.04553918392321338,0.3294659834806191,0.6249948325961676
Manergyyyyy!,neither,0.03945320844208391,0.33037608806864915,0.630170703489267
hahahaha,neither,0.03945320844208391,0.33037608806864915,0.630170703489267
when did this start?,neither,0.027811045646038854,0.3921104707509081,0.5800784836030531
and kelly,neither,0.03846438058034846,0.2787701933039564,0.6827654261156952
lololol,neither,0.03945320844208391,0.33037608806864915,0.630170703489267
XD oh lord,neither,0.046192855847311955,0.26685084782252855,0.6869562963301595
gandsSubHype gandsSubHype gandsSubHype,neither,0.03945320844208391,0.33037608806864915,0.630170703489267
Vorphal poooooooower!,neither,0.03945320844208391,0.33037608806864915,0.630170703489267
just started,neither,0.032803472495977,0.36242220823605287,0.6047743192679701
just now @Cteatus,neither,0.030841159258682103,0.3727095342584844,0.5964493064828335
is this like an improv stream?,neither,0.06164852154696296,0.3389369430934524,0.5994145353595847
cocaine is a helluva drug,neither,0.047731558891711705,0.32752878374027433,0.6247396573680138
it's weird seeing sax without a hat,neither,0.038275477382380366,0.33078116378564854,0.6309433588319711
@Cteatus Just now!,neither,0.030841159258682103,0.3727095342584844,0.5964493064828335
"Nailed it, Vorp! :D",neither,0.03772653554390317,0.33096997005595963,0.6313034944001372
O.O,neither,0.03945320844208391,0.33037608806864915,0.630170703489267
"With this crew, their inner 12 years old come out more often then not....so all good. :-)",neither,0.03144136146917988,0.4307898724562665,0.5377687660745537
@omgsteveftw agreed,neither,0.03945320844208391,0.33037608806864915,0.630170703489267
fuck yes. Tales from the loop is the shit,offensive_language,0.09182968648190538,0.9080715474703207,9.876604777392546e-05
Hi @chaoticloony this will be fun tonight,neither,0.03847316752347776,0.29310706870797526,0.6684197637685471
God I hope Erika sees this,neither,0.07645200462368577,0.22041130067610804,0.7031366947002062
where's sax's hat?,neither,0.04192527876261411,0.28841860313981665,0.6696561180975691
I dont recognize this version of sax,neither,0.039373119118123634,0.3317354129127349,0.6288914679691414
o.o girl that knows secrets is scary,neither,0.03719780692905781,0.4068916632253983,0.5559105298455439
oh my god amy is awesome as always,neither,0.0368813767246042,0.4171530383824169,0.5459655848929789
it's even weirder in person,neither,0.0364858034369369,0.35124727850281984,0.6122669180602434
!wtfisthis yes they improv like ya do in rpgs,offensive_language,0.035306166362794454,0.5522321521233453,0.41246168151386037
Meet our mystery-solving '80's kids' in this one-shot playing the Tales from the Loop RPG by Modiphius ( modiphius.net/collections/tales-from-the-loop ),neither,0.039280104622315466,0.32755435884526457,0.6331655365324199
gandsSaxHype gandsSaxHype gandsSaxHype gandsSaxHype gandsSaxHype,neither,0.03945320844208391,0.33037608806864915,0.630170703489267
perfect,neither,0.03945320844208391,0.33037608806864915,0.630170703489267
"@teh_spikey if you're still in chat, it doesn't seem happy to let me whisper you. I'll try again in the morning, might be a new twitch thing",neither,0.04503135860209133,0.3253893245094242,0.6295793168884845
Sax without his cap,neither,0.06759340860589946,0.3321483439871921,0.6002582474069084
gandsSubHype gandsSubHype,neither,0.03945320844208391,0.33037608806864915,0.630170703489267
Erika is in NYCC and probably not going to be able to watch,neither,0.055212299572402576,0.33146727204423926,0.6133204283833582
turner & hooch,neither,0.03945320844208391,0.33037608806864915,0.630170703489267
!whodat,neither,0.03945320844208391,0.33037608806864915,0.630170703489267
"GM Kelly Lynne ( twitter.com/kahlanrock ), Eric Campbell ( twitter.com/16BitEric ), Sax Carr ( twitter.com/SaxCarr ), Gina DeVivo ( twitter.com/PocketGina ), Amy Vorpahl ( twitter.com/vorpahlsword ) and Rachel Seeley ( twitter.com/sunnyseeley )",neither,0.038470445210251114,0.45629469154796065,0.5052348632417881
@BuffaloVal Yes it should be!,neither,0.056258018421592684,0.3920626929540855,0.5516792886243217
I saw Rollplay's Tales from the Loop and I fell in love,neither,0.03526991338439204,0.32912004434988207,0.6356100422657258
o.o,neither,0.03945320844208391,0.33037608806864915,0.630170703489267
haha,neither,0.03186685585600258,0.45913629025701075,0.5089968538869867
I guess,neither,0.0385523511628718,0.3412196875155456,0.6202279613215826
hence the Ramones,neither,0.03613032604487659,0.2619290779399786,0.7019405960151449
lol,neither,0.020706217963973744,0.4882283491876925,0.4910654328483337
hahaha,neither,0.03945320844208391,0.33037608806864915,0.630170703489267
"@damullet14 could be you are on the twitch beta, need to opt out of it up in the rights corner on your account thingie",neither,0.0711432787788313,0.3536509598742208,0.5752057613469478
:D,neither,0.03945320844208391,0.33037608806864915,0.630170703489267
!forbiddenlands,neither,0.03945320844208391,0.33037608806864915,0.630170703489267
Forbidden Lands - Retro Open-World Survival Fantasy RPG by Fria Ligan. More information here: kickstarter.com/projects/1192053011/forbidden-lands-retro-open-world-survival-fantasy,neither,0.05023559137404948,0.33007765787430526,0.6196867507516451
wow hes so clean shavin its like... omg llike wow,neither,0.04161349475986889,0.3709316002300871,0.5874549050100439
HE ROCK,neither,0.04757983230049362,0.32758096947250853,0.6248391982269978
Love this game! Tales is so fun.,neither,0.04258194816722196,0.3404678515589604,0.6169502002738176
Clean shaved Eric.,neither,0.03945320844208391,0.33037608806864915,0.630170703489267
Oo,neither,0.03945320844208391,0.33037608806864915,0.630170703489267
Lookit babyface Eric!,neither,0.03945320844208391,0.33037608806864915,0.630170703489267
"@damullet14 ah, no problem. I'll keep an eye out in chat in future.",neither,0.0412095751968695,0.3436261021483329,0.6151643226547977
@Ripartist yeah I like it,offensive_language,0.025002089703677566,0.5206592285398287,0.45433868175649383
I guess I'm cool...,neither,0.03881431353160617,0.3380579179044351,0.6231277685639587
I like bearded Eric too,neither,0.04822391082572297,0.34731898267349437,0.6044571065007828
@Little_Tito too handsome cannot deal,neither,0.03924574199338338,0.3338973351473826,0.6268569228592339
!glittereric,neither,0.03945320844208391,0.33037608806864915,0.630170703489267
We have 5 months 20 days 18 hours 25 minutes left until we glitter Eric! Chat never forgets! https://clips.twitch.tv/EasyUglyPlumFailFish,neither,0.03772992581912374,0.3497524108717642,0.6125176633091121
omg i didn't even notice until chat mentioned it! wow!,neither,0.02962058705780376,0.3652046994823032,0.6051747134598929
OSR like?,neither,0.10032665912632961,0.39589500941497124,0.5037783314586992
@Fu4ow i like both too they both have a place in my heart =D,neither,0.039278673707438455,0.37373009593982104,0.5869912303527405
@Chovexani - too glam for camera.,neither,0.03237842121515861,0.30134020755340074,0.6662813712314406
Eric is a little too clean shaven imo,neither,0.044132323471918734,0.3345780478226934,0.6212896287053878
Inta it,neither,0.034373745257138544,0.33212314837979673,0.6335031063630647
That sounds wonderful. How about a link in chat?,neither,0.035919321597556245,0.3750859531468657,0.5889947252555779
and eric is already in character perfect,neither,0.043975846542629676,0.3118678506555726,0.6441563028017977
!forbiddenlands,neither,0.03945320844208391,0.33037608806864915,0.630170703489267
Forbidden Lands - Retro Open-World Survival Fantasy RPG by Fria Ligan. More information here: kickstarter.com/projects/1192053011/forbidden-lands-retro-open-world-survival-fantasy,neither,0.05023559137404948,0.33007765787430526,0.6196867507516451
Sax actually looks a lot younger without his cap.,neither,0.056103821701444456,0.33198536068221973,0.6119108176163358
"That was it, @WOMStv, thanks",neither,0.030322725835032684,0.3645060585629145,0.6051712156020528
mechanical trees... 0.olove it!,neither,0.03766131712739339,0.3309924016600271,0.6313462812125794
I want my hovercraft!,offensive_language,0.019724778576149214,0.4969033684939061,0.48337185292994467
"@Little_Tito this is actual Sax, Producer Sax wears the hat",neither,0.04515928667696975,0.3163321523727701,0.6385085609502601
DADD!,neither,0.03945320844208391,0.33037608806864915,0.630170703489267
"sax with no hat, eric with no beard! is this the upside down? hehe",neither,0.030701690314759854,0.37238132194488405,0.5969169877403562
Civvie Sax?,neither,0.03945320844208391,0.33037608806864915,0.630170703489267
My dad has a hovercraft,neither,0.026167791015437734,0.4319478410613449,0.5418843679232175
@Fu4ow Ah! gotcha!,neither,0.03945320844208391,0.33037608806864915,0.630170703489267
who is the dm?,neither,0.04968904493911268,0.38554412418613015,0.5647668308747572
Let's build a new loop guyzzze!,neither,0.02933511598707664,0.28168603575004103,0.6889788482628824
there are tales? from the loop? shocking,neither,0.05517803193269939,0.25344332359978733,0.6913786444675133
!whodat,neither,0.03945320844208391,0.33037608806864915,0.630170703489267
"GM Kelly Lynne ( twitter.com/kahlanrock ), Eric Campbell ( twitter.com/16BitEric ), Sax Carr ( twitter.com/SaxCarr ), Gina DeVivo ( twitter.com/PocketGina ), Amy Vorpahl ( twitter.com/vorpahlsword ) and Rachel Seeley ( twitter.com/sunnyseeley )",neither,0.038470445210251114,0.45629469154796065,0.5052348632417881
is that melissa fumero,neither,0.05154613418987003,0.42924314326430335,0.5192107225458266
My dad has fuck all FeelsBadMan,offensive_language,0.10318672961526106,0.8966379993627107,0.00017527102202827586
Kelly seems legit,neither,0.03945320844208391,0.33037608806864915,0.630170703489267
@adventuresoftoni mirror version of sax and eric lol,neither,0.03313178635131627,0.33981194897964434,0.6270562646690394
Tinker all the way,neither,0.04029333059029399,0.38699930811484196,0.5727073612948641
lol,neither,0.020706217963973744,0.4882283491876925,0.4910654328483337
I didn't quite get that.,neither,0.022290625194830056,0.422761873221384,0.5549475015837859
can you repeat it?,neither,0.05855131781996338,0.3839095821344178,0.5575391000456188
"they most likely do not read chat, as with most rpgs",neither,0.03249027779531236,0.37073564287688016,0.5967740793278075
Most likely recorded,neither,0.03945320844208391,0.33037608806864915,0.630170703489267
:P,neither,0.03945320844208391,0.33037608806864915,0.630170703489267
then we shall MISBEHAVE!!!! j/k,neither,0.03927861547528814,0.33333938636650773,0.6273819981582042
no this is live,neither,0.057978063081413636,0.3450304667815587,0.5969914701370276
"you are BROKEN, child",neither,0.09541762672657941,0.32678495338173186,0.5777974198916888
If erikas character is not amoody teen girl robot who's a rouge then its a real fantasy world,neither,0.02549990914963479,0.4747532573788053,0.49974683347155985
yup this livre,neither,0.0393272292938349,0.33251428299381264,0.6281584877123525
dont be sexist dude,neither,0.03987022258528871,0.3338681108151273,0.6262616665995839
"we borked the kid, bring in the next one",neither,0.036207175639765374,0.34813237055870716,0.6156604538015273
"@rezzanl explaining the rules is clearly too difficult to do live, I agree",neither,0.05088699636612219,0.3188008665362092,0.6303121370976685
great Q,neither,0.03629809395026052,0.28705760395740076,0.6766443020923386
Broken. That seems familiar.,neither,0.0363446632716129,0.36406661003171664,0.5995887266966704
!respect and don't objectify people on screen,neither,0.0628249335749226,0.30268947884801156,0.6344855875770659
"If you would like to share opinions on our hosts, guests or fellow viewers, please do so in a respectful manner. Don't make them feel uncomfortable.",neither,0.04843323757214918,0.39559142321184637,0.5559753392160044
keyleth is the BBEG of this game,neither,0.04961159650256713,0.2526873411425888,0.6977010623548441
ReTweet for justice and getting more people in here https://twitter.com/Mobius___Strip/status/916523291418025984,neither,0.07440246259757904,0.35997097310531284,0.5656265642971081
oh wow ive never seen babyfaces eric before PogChamp,neither,0.03749423989763292,0.3681060355538974,0.5943997245484697
yay therapy van,neither,0.03945320844208391,0.33037608806864915,0.630170703489267
Everybody's noticing Eric's shave.,neither,0.03945320844208391,0.33037608806864915,0.630170703489267
Is this a One-Shot?,neither,0.04879653985201734,0.3688674931573569,0.5823359669906258
? @naruvastu,neither,0.03945320844208391,0.33037608806864915,0.630170703489267
Yes,neither,0.03945320844208391,0.33037608806864915,0.630170703489267
