text,top_class,hate_speech,offensive_language,neither
"What are your papers on, @Science112095 ?",neither,0.12497905167353694,0.27696008519830556,0.5980608631281576
Hopefully about star trek,neither,0.038225474839047015,0.3512139314415648,0.6105605937193882
YAY!!! I'm here for a LIVE SHOW! HELLO,neither,0.09026537870113557,0.2219593732110189,0.6877752480878454
How's everyone doing this evening?,neither,0.034203932740373644,0.41946999624459347,0.5463260710150328
I wonder if SoT will ever encounter the Borg? AAARGH! Hi Eric! :D,neither,0.026599413715990502,0.3407478177340103,0.6326527685499992
Yay,neither,0.03945320844208391,0.33037608806864915,0.630170703489267
wahooo!,neither,0.03945320844208391,0.33037608806864915,0.630170703489267
Yay live show!,neither,0.061429737474425206,0.25192560182057633,0.6866446607049984
hrpgSharky hrpgSharky hrpgSharky,neither,0.03945320844208391,0.33037608806864915,0.630170703489267
IT STARTED!!!,neither,0.03722561258674393,0.3311422604310507,0.6316321269822054
Helllllo!!!!,neither,0.03945320844208391,0.33037608806864915,0.630170703489267
wow perfect timeing,neither,0.03945320844208391,0.33037608806864915,0.630170703489267
history. one's on a pre civil war slave revolt. the other's on Russia in Crimea,neither,0.036051916182897395,0.3497255592765252,0.6142225245405774
noice,neither,0.03945320844208391,0.33037608806864915,0.630170703489267
AWESOME Sauce !!! Hiya Eric :),neither,0.03945320844208391,0.33037608806864915,0.630170703489267
Wheeeee,neither,0.03945320844208391,0.33037608806864915,0.630170703489267
=/\= Greetings! =/\=,neither,0.03945320844208391,0.33037608806864915,0.630170703489267
"Woot, temporal Agent pack!",neither,0.03945320844208391,0.33037608806864915,0.630170703489267
@highvoltage988 I take it you like the new Star Trek Discovery then? weird Klingon gorch's and all,neither,0.06131149514039503,0.31467239799614316,0.6240161068634618
Sweet we are ready to go :),neither,0.07744206531998997,0.28668748928480325,0.6358704453952067
@CaptainTalon447 doin great how are you?,neither,0.0907233793950737,0.2941586854472218,0.6151179351577045
"me: why does it feel like i'm wearing headphones? oh, because i'm wearing headphones",neither,0.029932696051429092,0.40363598080373186,0.566431323144839
yay first live Shield of Tommorow ^^!!!,neither,0.036435813889164795,0.3314139084198433,0.632150277690992
Don't forget to visit Star Trek Online and support Shield of Tomorrow! www.StarTrekOnline.com/ShieldofTomorrow,neither,0.05687602105656693,0.30425729811326435,0.6388666808301687
"@Todasul Welcome, glad you could join us.",neither,0.0906689729868116,0.35894776192717687,0.5503832650860115
"@Dexter2015 as my mom would always tell this young Trekkie when arguing with his SW fan friend: there'd be no SW without Trek, but the Trek franchise would've died without SW",neither,0.024484347144026634,0.40812662659640714,0.5673890262595661
Volume too low again,neither,0.03770392320933248,0.36006602373911,0.6022300530515576
First time live for me! woot,neither,0.02684539958721725,0.35281563457038206,0.6203389658424007
"I haven't played STO in so long, I'd have to roll a new character just to do the tutorial again",neither,0.04536859612321565,0.3234767127039385,0.6311546911728458
Yea! Play along!,neither,0.0392507049397668,0.33381310099499806,0.6269361940652352
!sotwiki,neither,0.03945320844208391,0.33037608806864915,0.630170703489267
"Go on an adventure, and explore the Shield of Tomorrow Wiki! - http://shield-of-tomorrow.wikia.com/wiki/Shield_of_Tomorrow_Wiki",neither,0.03697831220660964,0.2705621833882883,0.692459504405102
do we get to go to DS k-7 in the tos arc? and deal with all the tribbles,neither,0.04020703865180977,0.35166387543678385,0.6081290859114065
"i believe it's ""stay turnt"" eric",neither,0.038334476375995345,0.33076087132631,0.6309046522976948
sci fi is so much larger than star wars and star trek though,neither,0.040349171561856995,0.334110947763369,0.625539880674774
@ToonEzon I'm mixed on Discovery so far but I'm actually a big fan of the Klingons in it,neither,0.024495442574816905,0.404630193439764,0.570874363985419
Yay! I'm here to watch my friend Bonnie do the thing live :),neither,0.07529841107136527,0.34476140394046406,0.5799401849881706
Woo made it!,neither,0.037976528148713294,0.3308839861356039,0.6311394857156828
reminds of checking my bridge officers,neither,0.032108988223700397,0.3851422657748313,0.5827487460014683
did Aliza ever get through the tutorial?,neither,0.03796235159862696,0.3224417542205368,0.6395958941808362
@Ripartist Doing good converting races from VAST from World of Darkness to Starfinder,neither,0.04405354749179766,0.3080465188291756,0.6478999336790269
Trek Check!,neither,0.03945320844208391,0.33037608806864915,0.630170703489267
I'm loving discovery. it's different but I like it.,neither,0.04274033498735508,0.35479605887680016,0.6024636061358447
Treck Checked!,neither,0.03945320844208391,0.33037608806864915,0.630170703489267
Trek*,neither,0.03945320844208391,0.33037608806864915,0.630170703489267
@Gryphon_oFH wasn't it Bonnie still fighting the Borg in the tutorial while the rest were playing with us?,neither,0.04803653712149625,0.3182945575923092,0.6336689052861947
watch Orville,neither,0.05163230021258811,0.32618713992918136,0.6221805598582305
Is it black screen for everyone?,neither,0.05116528580868183,0.37898950831022093,0.5698452058810973
Yep,neither,0.03945320844208391,0.33037608806864915,0.630170703489267
Yes it was,neither,0.037150595117776214,0.33421200138256196,0.6286374034996619
wow,neither,0.03945320844208391,0.33037608806864915,0.630170703489267
lol,neither,0.020706217963973744,0.4882283491876925,0.4910654328483337
how far in are they?,neither,0.07179414599493819,0.2764492444846378,0.651756609520424
40 days and 40 nights on a ship? where have i heard that before,neither,0.03472171122563293,0.35764252243422423,0.6076357663401429
TrekCheck Yourself before you Deck Wreck yourself.,neither,0.04638583455105441,0.3996832157144429,0.5539309497345026
Refresh your screen,neither,0.06865601523442817,0.3222674450282381,0.6090765397373336
"@Avenger1735 No, refresh",neither,0.03852177801590115,0.3461848932406789,0.6152933287434199
"@highvoltage988 i'm also mixed on it, but not a fan of the Klingons in it, the makeup and costumes are way too heavy, t the point of impeding on the proformances",neither,0.040991639431609994,0.288751811942244,0.6702565486261461
"I thought it was both actually, but Bonnie said she'd gotten through it - or so I thought",neither,0.0403620879726577,0.2934376093694788,0.6662003026578635
they are doing announcements,neither,0.08467873698260694,0.260206023622306,0.6551152393950871
!glittereric,neither,0.03945320844208391,0.33037608806864915,0.630170703489267
We have 5 months 17 days 20 hours 54 minutes 28 seconds left until we glitter Eric! Chat never forgets! https://clips.twitch.tv/EasyUglyPlumFailFish,neither,0.03778731240169217,0.34910213822861347,0.6131105493696944
"orville is better than discovery right now, imo",neither,0.04525667225524458,0.3508108109880087,0.6039325167567466
LOL! :D,neither,0.020706217963973744,0.4882283491876925,0.4910654328483337
!uptime,neither,0.03945320844208391,0.33037608806864915,0.630170703489267
hey can you give me a shoutout I love your twitch cannel,neither,0.06503002759280875,0.39326672032534404,0.5417032520818472
Got it thanks,neither,0.03275419548383467,0.36784371976938096,0.5994020847467842
!sotauxdiscord,neither,0.03945320844208391,0.33037608806864915,0.630170703489267
USS Sally Ride Aux Crew Discord: https://discord.gg/DtMm5FQ,neither,0.03945320844208391,0.33037608806864915,0.630170703489267
#glitterEric!,neither,0.03945320844208391,0.33037608806864915,0.630170703489267
the majority of sci fi is better than Discovery right now,neither,0.04282063532192221,0.33460314734234137,0.6225762173357364
"Too bad we can not land ships on planets in STO, maybe some day =D",neither,0.03031626657018962,0.3436570019941791,0.6260267314356313
tru dat,neither,0.03945320844208391,0.33037608806864915,0.630170703489267
can someone remind me where in the time line we are in this episode?,neither,0.04843665004762731,0.3087344285194464,0.6428289214329262
"@ToonEzon yeah the big Xenomorph-style heads are hard to get used to, but I'm actually a big fan of how the mouth prosthetics affect how they speak Klingon, it makes it sound more alien",neither,0.027216219229568937,0.467579026334973,0.505204754435458
<3 <3,neither,0.03945320844208391,0.33037608806864915,0.630170703489267
loved it <3,neither,0.03750910659539627,0.3310447538416866,0.6314461395629172
@CaptainTalon447 wow that sounds like a daunting and tiring task but i bet your loving it,neither,0.05806716430411182,0.3410447996284688,0.6008880360674194
Wow,neither,0.03945320844208391,0.33037608806864915,0.630170703489267
discovery is good,neither,0.057176020302150646,0.32428040037975586,0.6185435793180933
I'm gonna cry....,neither,0.03800683029257416,0.3971509046871336,0.5648422650202923
Mid Season 4 DS9/ Season 1 Voyager,neither,0.039807117035285576,0.3243693356141888,0.6358235473505256
so Excited for whatever form the new campaign takes!,neither,0.03718315605274147,0.27306243193322255,0.689754412014036
"Okay, we know this Thursday is it.",neither,0.045122806205867054,0.3321380962672335,0.6227390975268994
we need Eric guesting on CR and the CR cast showing up on SoT!!,neither,0.03496327571535949,0.339559861589506,0.6254768626951346
is there going to be another critical role series? Are they starting from the beginning again?,neither,0.08931652388176343,0.25855345796153445,0.652130018156702
<3 Feel the love! <3 The love is real! <3,neither,0.03298482730354619,0.4258359668253132,0.5411792058711408
@Ripartist Actually it's not that hard if you follow the rules for creating homebrew races from Pathfinder,offensive_language,0.025695897712183575,0.4945680300633559,0.4797360722244605
"@ToonEzon DS9, halfway, Klingons are pissed cause we hit 'em what with the whole shapeshifter thing.",neither,0.046879012938110434,0.3337330549156583,0.6193879321462313
Critical Role ending BibleThump,neither,0.03945320844208391,0.33037608806864915,0.630170703489267
<3,neither,0.03945320844208391,0.33037608806864915,0.630170703489267
@Gryphon_oFH Matt said a 20 year jump to future.,neither,0.04408757269741007,0.32764200446943326,0.6282704228331567
"new campaign, set 10 years later?",neither,0.042125136078577936,0.2643867900485909,0.6934880738728312
#momstah !,neither,0.03945320844208391,0.33037608806864915,0.630170703489267
The new campign prolly won't start til Matt and Marisha come back from their honeymoon,neither,0.040183244885650025,0.2574217115071148,0.7023950436072353
<3 Pike,neither,0.03945320844208391,0.33037608806864915,0.630170703489267
Just as long as your favorite Trek captain isn't Pike. ;),neither,0.049835031637563296,0.3775451434594548,0.5726198249029818
Sam's sacrificing Scanlan's 9th Lvl spell slot... it was so sad!!!,neither,0.03865529974883477,0.3539488013315398,0.6073958989196254
"Same, Eric!",neither,0.04049176732136689,0.3398389754445551,0.619669257234078
20 years later,neither,0.03945320844208391,0.33037608806864915,0.630170703489267
"indeed, but that's just one little detail lol",neither,0.023996414756242295,0.46627573115857335,0.5097278540851844
sam killed it last week,neither,0.03822434671207391,0.3307987499677946,0.6309769033201315
gandsAJinSpace gandsAJinSpace gandsAJinSpace,neither,0.03945320844208391,0.33037608806864915,0.630170703489267
@DANfan69 well the story of Vox Machina only probably,neither,0.03755356607340433,0.3338422197919288,0.6286042141346669
"@garrettcmb, yes they have new characters planned and a new campaign will begin, but likely it won't be right away",neither,0.04070203311820244,0.2303464050948966,0.728951561786901
"@highvoltage988 also the overly combersom teath and face prosthetics, theyre obviously struggeling, the teeth on top of the Klingon language",neither,0.036500431659773055,0.29453200617656095,0.668967562163666
Where's Amy?,neither,0.041595994268005754,0.2940074203773722,0.6643965853546222
"I think the thing with the albino at the end of the last episode, we may see more familiar looking klingons",neither,0.03373359562417163,0.30999022470928606,0.6562761796665423
Admittedly I'm weird af I want Grog and Arkhan slash fiction :P,neither,0.038971049662468206,0.29419116972866133,0.6668377806088704
thanks @Zismarith,neither,0.035884468650613,0.3004919205142699,0.6636236108351171
Yay Windows to Sky!,neither,0.044751206069279424,0.3272602417932698,0.6279885521374508
no amy?,neither,0.038465455673613855,0.34714083037889465,0.6143937139474915
My tv is maxxed and I can't hear it(:,neither,0.03320188114535377,0.36573877434437635,0.6010593445102699
Sam killed it over at Saving Throw playing 10 Candles yesterday ! ! ! so good!,neither,0.03639681867737151,0.36786050756249994,0.5957426737601286
bonnie is a fantastic singer <3,neither,0.046924146806378506,0.3278064897807881,0.6252693634128333
Dance baby dance,neither,0.03945320844208391,0.33037608806864915,0.630170703489267
that's not weird,neither,0.032661669460431225,0.3934558187789197,0.5738825117606491
@DANfan69 Still coming home from NYCC. She might be here later.,neither,0.0687745478872404,0.35984881062177165,0.5713766414909879
Amy?,neither,0.03945320844208391,0.33037608806864915,0.630170703489267
Wait... where's Amy?,neither,0.041305517842391795,0.2989375634031032,0.659756918754505
Frak Arkhan...anyone who say the episode already knows why,neither,0.030237070075857388,0.38869946732803506,0.5810634625961075
*saw,neither,0.03945320844208391,0.33037608806864915,0.630170703489267
wheres amy,neither,0.03945320844208391,0.33037608806864915,0.630170703489267
@chiplickin Amy was in NY for NYCC.,neither,0.035130406636705906,0.3105618048701582,0.6543077884931358
Doctor is MIA,neither,0.04735918634380264,0.3276568597348678,0.6249839539213295
just business yo,neither,0.033785256901131426,0.4512894849103251,0.5149252581885435
Amy got eaten by the holotarg,neither,0.03852710292234763,0.3924583110646969,0.5690145860129554
Amy is still on the way back from NYCC apparently,neither,0.04208768670875716,0.3255233669718505,0.6323889463193925
"@Zismarith so, season 3? is this still before they exposed changling martok?",neither,0.04183104676307925,0.42235147488120733,0.5358174783557135
Downa Doctor? Sad!,neither,0.03945320844208391,0.33037608806864915,0.630170703489267
@CaptainTalon447 pretty cool =),neither,0.03945320844208391,0.33037608806864915,0.630170703489267
Is this in Cali or New York,neither,0.04971161559705182,0.25410227856802725,0.6961861058349211
the Doctor is Mid-Transport !,neither,0.046277940436053225,0.3126052552418643,0.6411168043220825
she got sucked into the multiverse obviously,neither,0.038642698382660996,0.42508152753481865,0.5362757740825203
I wanna see Mercer on Shield of Tomorrow. Anyone else?,neither,0.03706872872637004,0.3417803441132706,0.6211509271603594
"@ToonEzon agree to disagree I guess, I love how the makeup affects the Klingon pronounciation and causes them to struggle with English (as to them it's an entirely alien tongue)",neither,0.04860065624898299,0.32511735132508734,0.6262819924259296
ehehe that's so cute,neither,0.036211895180498735,0.4189318352015079,0.5448562696179934
Aww,neither,0.03945320844208391,0.33037608806864915,0.630170703489267
Beanie?,neither,0.03945320844208391,0.33037608806864915,0.630170703489267
One of your ships lights are offline behing Bonnie and Chief. Did someone blew out some power relays on the bridge? :P,neither,0.054660397785521536,0.3133377702314213,0.6320018319830571
Star Trek is surprisingly bereft of headgear.,neither,0.04695253071782823,0.3277967272520792,0.6252507420300927
hat? winter? your in LA what is winter?,neither,0.06856976876456855,0.3202903102560502,0.6111399209793813
Well GIVE them quests :-p,neither,0.060168376847622065,0.3191207170586347,0.6207109060937432
@AverageCitizen I want total cast-to-cast crossovers,neither,0.04319878980357631,0.32607113801792315,0.6307300721785004
He'll mess up his hair!,neither,0.06818697826789655,0.37930524957538664,0.5525077721567168
"btw that tales from the loop show, is that going to be regular or was that a one-off",neither,0.046958355178941924,0.36579061681708225,0.5872510280039759
Snort count 1,neither,0.03945320844208391,0.33037608806864915,0.630170703489267
:D,neither,0.03945320844208391,0.33037608806864915,0.630170703489267
lol,neither,0.020706217963973744,0.4882283491876925,0.4910654328483337
:P Hat,neither,0.03945320844208391,0.33037608806864915,0.630170703489267
nice,neither,0.03945320844208391,0.33037608806864915,0.630170703489267
NPC...for extra protection,neither,0.034019499035742994,0.30323476734324095,0.6627457336210161
"no thanks-- I want Mercer to play for me, but I suppose failing that -- sure, he'd be welcome to SoT",neither,0.033575695876292035,0.4214612273634843,0.5449630767602237
pfft lol,neither,0.031120645729857982,0.3912535864736078,0.5776257677965343
"Eh, I prefer the hair Kreygasm",neither,0.038679429968813864,0.3162702707307929,0.6450502993003933
#excited!,neither,0.03945320844208391,0.33037608806864915,0.630170703489267
ANNNNNND CLIPPED,neither,0.03945320844208391,0.33037608806864915,0.630170703489267
eric is amazing,neither,0.047645024103790776,0.32755854702194515,0.624796428874264
Also LOVE IT Eric,neither,0.03536238689727615,0.34381240360448223,0.6208252094982417
"Oh, Sam <3",neither,0.0461327075271576,0.2673899063118408,0.6864773861610016
[Excitement Intensifies],neither,0.03945320844208391,0.33037608806864915,0.630170703489267
we should hook sam up to the power grid,neither,0.05120856966369877,0.3837813228194171,0.5650101075168842
"Sam, I take it, is excited.",neither,0.04553108443337699,0.3282856278105778,0.6261832877560453
!whodat,neither,0.03945320844208391,0.33037608806864915,0.630170703489267
"GM Eric Campbell ( twitter.com/16BitEric ), Hector Navarro ( twitter.com/Hectorisfunny ), Sam de Leve ( twitter.com/ChaiKovsky ), Bonnie Gordon ( twitter.com/BonnieBellG ), Aliza Pearl ( twitter.com/AlizaPearl ) and Gina DeVivo ( twitter.com/PocketGina ).",neither,0.038475366809726956,0.45552546450338066,0.5059991686868923
There's the launch phrase and away we go.,neither,0.04000596420117444,0.23925410732388652,0.720739928474939
Could you imagine a group of people going to conventions in NPC garb and giving out actual quests to people.,neither,0.0962087370181986,0.34343201945143703,0.5603592435303644
Sam is the reason I bought rainbow dice,neither,0.044000203638451224,0.3180938717117441,0.6379059246498047
"Wow, I forgot Sam has that type of voice...",neither,0.037026841576279224,0.35485554493669336,0.6081176134870274
Wait in the vendor line and get me a hotdog....200 xp,neither,0.033150970301161646,0.32499762731814724,0.6418514023806912
"just needs the hat whenever he's talking as another char. so all the time, really",neither,0.06056430194791445,0.3724515078769237,0.5669841901751618
Sam could power a small metropolitan city,neither,0.03945320844208391,0.33037608806864915,0.630170703489267
Sam's excitement announcement every week fuels my Twitter reaction GIF stash,neither,0.032865946503055285,0.4379582422556642,0.5291758112412804
https://clips.twitch.tv/ObedientRepleteSandpiperHotPokket,neither,0.03945320844208391,0.33037608806864915,0.630170703489267
does it matter if I bring back a NQ or HQ Hotdog?,neither,0.01676976138953148,0.4758229884823405,0.507407250128128
"@highvoltage988 its forcing the actors to push into their nostrils and close off the breathing, making the klingonese sound like gibberish",neither,0.042895696668215015,0.289103326035412,0.668000977296373
"Now all we need is for someone to make him a hat that says 'stupid, sexy Eric' in honor of his portrayal of Zazrit! ;)",neither,0.10140014702148378,0.30501483459591067,0.5935850183826056
ENGAGE fmgSUP,neither,0.03945320844208391,0.33037608806864915,0.630170703489267
"@Danoba if for some reason you need to throttle down Sam tonight, tell Eric to just place a TEA Candle where she can see it :P",neither,0.03420846518569998,0.3566243354716302,0.6091671993426698
"Eric needs to fully grow that beard, GO FULL RIKER",neither,0.05527113845186255,0.34660403582745153,0.5981248257206859
"Sam's voice gets an octave higher every week with ""I'm excited!"", and they are so adorable",neither,0.04410591799103406,0.3249292788732878,0.630964803135678
@Gryphon_oFH They*,neither,0.03945320844208391,0.33037608806864915,0.630170703489267
\\// @Danoba \\//,neither,0.03945320844208391,0.33037608806864915,0.630170703489267
lol,neither,0.020706217963973744,0.4882283491876925,0.4910654328483337
"Out Of Bounds, 5 Yard Penalty First Down",neither,0.029180812278303807,0.34854197457301805,0.6222772131486782
lol indeed!,neither,0.030390423329749658,0.3972060592599654,0.5724035174102851
I don't think I have ever been as excited as Sam's reaction... I'm jealous lol,neither,0.03288133800001639,0.4004635582455036,0.5666551037544799
"Thursdays at 7:00pm, Critical Role",neither,0.038944027280936676,0.34589827093468234,0.615157701784381
Where's amy?,neither,0.041595994268005754,0.2940074203773722,0.6643965853546222
@kolbedanielson Coming back from NYCC.,neither,0.040394872495393516,0.3143935915366382,0.6452115359679683
I wouldn't mind seeing Eric guest DM a CR one-shot...,neither,0.038998019518837385,0.34713352756892074,0.6138684529122419
amys prolly just a lil late,neither,0.034990175052346126,0.3514239645564573,0.6135858603911966
Shes on her way back from NYCC,offensive_language,0.031605875069558566,0.4893511342411225,0.47904299068931894
Ahhh,neither,0.03945320844208391,0.33037608806864915,0.630170703489267
Doctor is on an away mission,neither,0.044820428002164577,0.31578974272235794,0.6393898292754774
Hector is telling the truth if someone is watching that moment at 6:55 PM PST,neither,0.03378960512000254,0.38284691175504326,0.5833634831249542
"@highvoltage988 also not a fan of the look over all, though, id tend to like to think t'kuv'ma's isn't Klingon in origin, but hur'q",neither,0.044783464234173044,0.41754236742635964,0.5376741683394674
How far is this campaign into the story? I just joined this one really,neither,0.03999432364709274,0.3512589278229743,0.6087467485299328
Woo hooo. Cr in 5 minutes!,neither,0.03945320844208391,0.33037608806864915,0.630170703489267
Hopefully she doesn't catch something while on the plane. Planes are such breeding grounds for viruses.,neither,0.04555590432212928,0.32768464605341185,0.6267594496244588
Eric should totally guest DM on CR some time in the break between campaigns,neither,0.03808982310172472,0.3630022566655451,0.5989079202327302
"ok, so this takes place around parradice lost",neither,0.0418976186326874,0.32595307866278156,0.632149302704531
LOL much to Rue's chagrin,neither,0.030578563784559715,0.4162601649417562,0.5531612712736841
.. though viruses don't breed outside the body. You know what I mean.,neither,0.055000164030967295,0.34650910785977423,0.5984907281092584
War with the Kardashians,neither,0.02917416704746465,0.34878599096185814,0.6220398419906773
doc's cant get sick!,neither,0.03897754217963423,0.3384493859324438,0.622573071887922
take no prisoners,neither,0.03861523857910614,0.3445986235704567,0.6167861378504372
Battle Of The Foreheads LUL,neither,0.03867666414143507,0.31621878569769435,0.6451045501608705
29?,neither,0.03945320844208391,0.33037608806864915,0.630170703489267
changelings D:,neither,0.03945320844208391,0.33037608806864915,0.630170703489267
Oh hai Kids,neither,0.04726265720079888,0.25735222250098133,0.6953851202982197
who doesn't love military rule,neither,0.03753966307792567,0.3950893782013785,0.5673709587206959
wrf is this shit?,offensive_language,0.06111993175881767,0.9388790337762606,1.0344649217268495e-06
!wtfisthis,neither,0.03945320844208391,0.33037608806864915,0.630170703489267
"This is Shield of Tomorrow, join our crew aboard the USS Sally Ride for adventures and exploration in space! Playing the STAR TREK Adventures RPG by Modiphius",neither,0.03932222945167215,0.30238585689052805,0.6582919136577997
!wtfisthis,neither,0.03945320844208391,0.33037608806864915,0.630170703489267
!wtfisthis,neither,0.03945320844208391,0.33037608806864915,0.630170703489267
"the Klingons are at war with Romulus the Klingons have alwayse been at war with cardassia (idk, erics explination sounded a lot like 1984)",neither,0.04048720040555295,0.36379441531777074,0.5957183842766764
And that was how Rome fell,neither,0.032994921610413695,0.3804908015212899,0.5865142768682965
Worf is this Shit!,offensive_language,0.06111993175881767,0.9388790337762606,1.0344649217268495e-06
never give someone emergency powers,neither,0.03645027374494837,0.3608056187587969,0.6027441074962546
Worf is the shit!,offensive_language,0.0631121798256473,0.9368874154004294,4.0477392329761374e-07
Don't forget to visit Star Trek Online and support Shield of Tomorrow! www.StarTrekOnline.com/ShieldofTomorrow,neither,0.05687602105656693,0.30425729811326435,0.6388666808301687
@Mobius___ *Gasp* I am no kid sir! How dare you! Also Hi! :),neither,0.04758408845261199,0.3692390798078135,0.5831768317395745
Emergency power behind Ensign Sage :P,neither,0.03945320844208391,0.33037608806864915,0.630170703489267
atpButtHash atpButtHash atpButtHash atpButtHash atpButtHash,neither,0.03945320844208391,0.33037608806864915,0.630170703489267
The changling threat it nigh,neither,0.03669420584570019,0.31137187723100834,0.6519339169232915
Kids is relative to my age,neither,0.04064000682315759,0.3943695286194123,0.56499046455743
admiral NORWELL nash,neither,0.03945320844208391,0.33037608806864915,0.630170703489267
"OH MY GOD THAT NEW STAR WARS TRAILER...*whew* okay, back to trek.",neither,0.11887764484869742,0.347615476133751,0.5335068790175516
@Science112095 Star Wars proved that as well.,neither,0.0353398915697683,0.3838037779501587,0.5808563304800729
That's one,neither,0.029980413290024384,0.47974963278230326,0.4902699539276724
start blood testing the crew. can't be too careful,neither,0.03916875528023212,0.3222285864591808,0.638602658260587
do they not know that the red shirts dies first,neither,0.031557372612761,0.3514251189208237,0.6170175084664153
RIP No.2,neither,0.03832560401191842,0.349514478061619,0.6121599179264625
