text,top_class,hate_speech,offensive_language,neither
,neither,0.03945320844208391,0.33037608806864915,0.630170703489267
"@talongothridge I haven't read that in ages. It's a good book, I should get back into it",neither,0.0413301333874879,0.38194953573859103,0.576720330873921
The original Mummy films are brilliant. Loved Brendan Fraser.,neither,0.05449971808436721,0.29067229169118963,0.6548279902244432
mmmm i see no 8 hr stream...,neither,0.038872868650195076,0.3402259689031697,0.6209011624466353
oOoh!! Yaaaaaaaaaas!,neither,0.03945320844208391,0.33037608806864915,0.630170703489267
EYYYYE,neither,0.03945320844208391,0.33037608806864915,0.630170703489267
yaaaaaaaaaaaaa intro music,neither,0.03945320844208391,0.33037608806864915,0.630170703489267
hi,neither,0.03945320844208391,0.33037608806864915,0.630170703489267
Yay!,neither,0.03945320844208391,0.33037608806864915,0.630170703489267
I'm reading volume 2 of the Monstress trade this week. The Wednesday Club got me into that series and it's perfect for October reading.,neither,0.03125735175366225,0.3399747709783141,0.6287678772680237
gandsLessthanthree gandsLessthanthree gandsLessthanthree gandsLessthanthree,neither,0.03945320844208391,0.33037608806864915,0.630170703489267
Wooo!!!,neither,0.03945320844208391,0.33037608806864915,0.630170703489267
"yea, but it will be at end soon",neither,0.03627221670631512,0.3451564645520559,0.618571318741629
I think Depp would make a good Invisible Man,neither,0.038978174430441784,0.36356275931329823,0.5974590662562601
Oh here we go!,neither,0.12379188421561257,0.2271918193553985,0.6490162964289888
NEVER SEEN THIS BEFORE!,neither,0.031098140831235143,0.44412796232574947,0.5247738968430155
gandsLessthanthree,neither,0.03945320844208391,0.33037608806864915,0.630170703489267
HI GUYS!,neither,0.03930687933907141,0.3328596748352989,0.6278334458256297
NICE SHIRT TAL,neither,0.03945320844208391,0.33037608806864915,0.630170703489267
made it just in time!,neither,0.031060641225712168,0.38162676136525026,0.5873125974090375
I am so jealous about that shirt rn,neither,0.03510734879151175,0.4163535720008651,0.5485390792076231
WEREWOLF! OMG That art!,neither,0.036326259858697606,0.3642690145868527,0.5994047255544498
finally! I hate those long ads!,neither,0.24450125562845737,0.17830042828978193,0.5771983160817606
gandsLessthanthree gandsLessthanthree gandsLessthanthree,neither,0.03945320844208391,0.33037608806864915,0.630170703489267
Mr Tan!?!,neither,0.03945320844208391,0.33037608806864915,0.630170703489267
xD <3,neither,0.03945320844208391,0.33037608806864915,0.630170703489267
HOLY SHIT KEN NGYUEN,offensive_language,0.04544055917821188,0.9521340691095151,0.002425371712272974
anyone else stayin #turnt with me?,neither,0.027302220429222996,0.383802924910581,0.588894854660196
"@talongothridge well, there are 3 more volumes available after that ;)",neither,0.05434202955455499,0.2924243183520041,0.653233652093441
Vance1982 I cannot see him being invisible for the majority of the movie.,neither,0.033369755651710534,0.28958017692735855,0.677050067420931
Great underrated movie,neither,0.03961409734333636,0.27475094904686054,0.6856349536098031
that Ken Nguyen drawing is AMAZING,neither,0.04235641610842929,0.3599770182301616,0.5976665656614092
"Dope shirt, Taliesin. <3",neither,0.03945320844208391,0.33037608806864915,0.630170703489267
hi Matt!!!,neither,0.03945320844208391,0.33037608806864915,0.630170703489267
Mike Mignola's monsters are the best in comics!,neither,0.05784924560460139,0.2760610644599809,0.6660896899354176
Tangent,neither,0.03945320844208391,0.33037608806864915,0.630170703489267
Great chalkboard illustration.,neither,0.03629809395026052,0.28705760395740076,0.6766443020923386
HI :D,neither,0.03945320844208391,0.33037608806864915,0.630170703489267
Clap for the Wolfman!,neither,0.0320046646330721,0.28108458262788655,0.6869107527390412
Halo!,neither,0.03945320844208391,0.33037608806864915,0.630170703489267
Hi! <3,neither,0.03945320844208391,0.33037608806864915,0.630170703489267
!twc,neither,0.03945320844208391,0.33037608806864915,0.630170703489267
Here are some handy The Wednesday Club resources! TWC Reddit: reddit.com/r/WednesdayClub/ | Discord: https://discord.gg/6QK9fVB | Wednesday Club Fanclub on Facebook: facebook.com/groups/1945232949091586/,neither,0.041287213005686295,0.3375124748912654,0.6212003121030484
but money,neither,0.03351569302637785,0.3485477249095848,0.6179365820640373
George Harrison?,neither,0.03945320844208391,0.33037608806864915,0.630170703489267
Evening Wednesdaisies! <3,neither,0.03945320844208391,0.33037608806864915,0.630170703489267
How does one refuse to #stayturnt?,neither,0.030483177507174775,0.471818349785932,0.49769847270689316
Hi Matt hi Amy hi Taliesin!,neither,0.03945320844208391,0.33037608806864915,0.630170703489267
"Yes, I bought volume 1 & 2 Monstress too.",neither,0.03924282330992269,0.3339468728228675,0.6268103038672098
"Loving the shirt, Tal <3",neither,0.03873802119235258,0.3173589177153022,0.6439030610923451
jcvimHi amy jcvimHi taliesin jcvimHi matt,neither,0.03945320844208391,0.33037608806864915,0.630170703489267
"Welcome back from NYCC, Amy. <3",neither,0.04021334119041791,0.31747465154102833,0.6423120072685539
HALLOWEEN SEASOOONNNNNN! \o/,neither,0.03945320844208391,0.33037608806864915,0.630170703489267
Hi everyone!,neither,0.032490659208996964,0.4485487193596734,0.5189606214313296
this comic shop is the BEST comic shop,neither,0.043374143197461405,0.31450085878412765,0.6421249980184109
NIIIIIIIIIICE,neither,0.03945320844208391,0.33037608806864915,0.630170703489267
HELLBOY,neither,0.03945320844208391,0.33037608806864915,0.630170703489267
yayyy liam!,neither,0.03945320844208391,0.33037608806864915,0.630170703489267
does Amy have silver hair?,neither,0.02852265516526037,0.4345204435219646,0.536956901312775
finally!!!! Hellboy in Hell!,offensive_language,0.04179082118151176,0.7974029982193941,0.1608061805990941
"@KristynEStart it was money well spent, it has been great so far. :)",neither,0.03627269289847203,0.3421386171919381,0.6215886899095899
Of COURSE Liam would have to be on the Hellboy show.,neither,0.052260992576933125,0.2754479290181244,0.6722910784049424
Noice!,neither,0.03945320844208391,0.33037608806864915,0.630170703489267
Cheers!,neither,0.03945320844208391,0.33037608806864915,0.630170703489267
Hellboy! YAY!,neither,0.03945320844208391,0.33037608806864915,0.630170703489267
Awww yeah!,neither,0.02287963553190815,0.4461415187654656,0.5309788457026263
YES!,neither,0.03945320844208391,0.33037608806864915,0.630170703489267
Nice shirt Taliesin!,neither,0.03945320844208391,0.33037608806864915,0.630170703489267
Leeeeaaaaaam,neither,0.03945320844208391,0.33037608806864915,0.630170703489267
hell yeah,offensive_language,0.024014075456083226,0.8806496383571902,0.0953362861867266
cheer31 HALLOWEEN SEASOOONNNNNN! \o/,neither,0.03945320844208391,0.33037608806864915,0.630170703489267
Nice one Tal.,neither,0.03862912283825218,0.3606545080904993,0.6007163690712485
dammit. there *was* 666 viewers,neither,0.03931756026381734,0.30296782272904876,0.657714617007134
Frick yeahh!!!!!!,neither,0.03945320844208391,0.33037608806864915,0.630170703489267
"got 1 monstrous read it,",neither,0.03701382376056963,0.3729095634370242,0.5900766128024061
Halloween!!,neither,0.03945320844208391,0.33037608806864915,0.630170703489267
Looking forward to seeing Liam!,neither,0.04440194769967312,0.32746087430949244,0.6281371779908345
hellboy DarkMode,neither,0.03945320844208391,0.33037608806864915,0.630170703489267
:O,neither,0.03945320844208391,0.33037608806864915,0.630170703489267
im happy hellboy is in injusice 2,neither,0.0498171303351501,0.37134452989148,0.57883833977337
LIAM!,neither,0.03945320844208391,0.33037608806864915,0.630170703489267
LIAM TALKING HELLBOY! the passion is going to be intoxicating,neither,0.04904050168518986,0.3361094985879778,0.6148499997268324
focus on Hellboy in Hell!,offensive_language,0.038626057092980094,0.7668724221765989,0.1945015207304211
@GeekandSundry 5 min topic: what makes a monster? is it their origins? their actions? both? neither?,neither,0.04544264616294637,0.3272342798923386,0.6273230739447152
Tal looks real good y'all,offensive_language,0.03441505729833152,0.501184703862445,0.4644002388392235
I LOVE EVERYTHING RIGHT NOW,neither,0.035118053135055644,0.367101860934107,0.5977800859308374
@piperstwin a mix of blue silver and vrown,neither,0.03878788444239332,0.29727574531189593,0.6639363702457108
666 Viewers on this episode #3Spoopy5Me,neither,0.03737416856042478,0.3411056212560508,0.6215202101835245
@PipersTwin No. The blue coloring she put on her hair is just washing out making it look silver,offensive_language,0.032147649123590936,0.5167148459358926,0.4511375049405165
I HAVE BEEN SHOUTING SO MUCH TODAY,neither,0.03274459274130592,0.3698093986618267,0.5974460085968674
AOL is now an internet zombie. (Relevant to theme!),neither,0.049258529674503365,0.32271735471050944,0.6280241156149872
@misssunflower94 Tal always looks good :),neither,0.03735438994155668,0.3790481716543906,0.5835974384040528
"Oh, Conqurer worm?",neither,0.04624796364343576,0.2663574282689491,0.6873946080876151
"OMG Taliesin, Hellboy is the perfect comic book for you!",neither,0.05386163188440315,0.3207230043459246,0.6254153637696723
my dad would love that episode. He loves Hellboy,neither,0.029463078328373703,0.42676018802158944,0.5437767336500369
I like Amy's low pigtails.,neither,0.05059926491404837,0.34651395529190165,0.60288677979405
They're on comixology unlimited if you want to catch up,neither,0.04844387462193206,0.4374807814665131,0.5140753439115547
I should have put 'First Appearances' in Matt's lyrics,neither,0.041543560040043115,0.3613938335824494,0.5970626063775074
Min YOLA,neither,0.03945320844208391,0.33037608806864915,0.630170703489267
pissed that Ron pearlman will not be in the new Hellboy,neither,0.03890979253550879,0.26741479748170816,0.6936754099827831
I came here for an awesome chalk drawing. Was not disappointed,neither,0.05638883864346924,0.29495228298723536,0.6486588783692953
I'm into HooperBoy,neither,0.03945320844208391,0.33037608806864915,0.630170703489267
!twc,neither,0.03945320844208391,0.33037608806864915,0.630170703489267
Here are some handy The Wednesday Club resources! TWC Reddit: reddit.com/r/WednesdayClub/ | Discord: https://discord.gg/6QK9fVB | Wednesday Club Fanclub on Facebook: facebook.com/groups/1945232949091586/,neither,0.041287213005686295,0.3375124748912654,0.6212003121030484
The Wasteland comic that Taliesin introduced to me has me in a Halloween mood.,neither,0.03116198337567188,0.3903507349582703,0.5784872816660579
"@rasnac_khan Not sure they'll go that far since 'Hellboy in Hell' is ""technically"" the last story so it might not be a good idea for spoiler reasons",offensive_language,0.03478899302252185,0.5700659830751302,0.3951450239023478
so sad we won't get to see del toro's 3rd hellboy,neither,0.04341099080744484,0.36569389355343795,0.5908951156391172
Is that wolfman in the background?,neither,0.04302825611364453,0.3564786368482369,0.6004931070381185
"Critical Role Origins is Dark Horse, right?",neither,0.04422652179013496,0.3410939262353061,0.6146795519745588
Hellboy 2 is one of my all-time fave movies,offensive_language,0.03542946256053741,0.4930297306812732,0.4715408067581894
@GeekandSundry make sure Matt knows that he has a new song this week. The sequel to Goth Boy is out. :),neither,0.04316191473516492,0.3704286880513337,0.5864093972135013
!questions,neither,0.03945320844208391,0.33037608806864915,0.630170703489267
"To make it easier to read questions in chat, please preface your questions with the word question in all caps. For example, QUESTION: How are you today?",neither,0.06209713493468228,0.3342013724685751,0.6037014925967426
I am SO glad I've given up on mentions,neither,0.02049058618646376,0.3904311045457258,0.5890783092678105
I like the guy from Stranger Things. He'll be a good Hellboy.,neither,0.05157719209224945,0.3229714774411529,0.6254513304665975
right @KristynEStart,neither,0.03719022913728602,0.3744360956046963,0.5883736752580178
@KristynEStart yes,neither,0.03945320844208391,0.33037608806864915,0.630170703489267
Is that the couch with glitter all over it??,neither,0.030910081492430786,0.4265831120938402,0.5425068064137291
@cinphoria it was too ambitious lol,neither,0.03093534860787477,0.3877361896473761,0.5813284617447492
:D,neither,0.03945320844208391,0.33037608806864915,0.630170703489267
wait its wensday dammit,neither,0.0334799928216119,0.3324305508259307,0.6340894563524573
spent 20 on comixology this week,neither,0.03685280188649586,0.3438612452760032,0.6192859528375009
Ron Perlman was such a great Hellboy.,neither,0.037790406644213424,0.3049679113302025,0.657241682025584
He's not Sam.,neither,0.04447792224239176,0.3341580321562346,0.6213640456013737
I'm going to save up my reverence for Ron Perlman until next week and let it all out.,neither,0.020635689692563047,0.4511421023224871,0.5282222079849499
he's moderately acquainted with Hellboy,neither,0.026485630296453136,0.4058753523533635,0.5676390173501833
Hellboy is the best thing happened to comics since Alan Moore.,neither,0.04905178248040913,0.30921435587164253,0.6417338616479484
oh awesome!!!,neither,0.04610041286253887,0.2676795543969371,0.6862200327405242
AHAHAHA,neither,0.03945320844208391,0.33037608806864915,0.630170703489267
oh Taliesin <3,neither,0.051363287716059566,0.22255663153133606,0.7260800807526044
Hahahaha,neither,0.03945320844208391,0.33037608806864915,0.630170703489267
I have the shirt! :D,neither,0.03755563598522529,0.320657959125534,0.6417864048892407
Tal needs sleep,neither,0.03945320844208391,0.33037608806864915,0.630170703489267
hahaha,neither,0.03945320844208391,0.33037608806864915,0.630170703489267
Matt's OUT OF CONTROL! :D,neither,0.035307602071702936,0.34626258776269053,0.6184298101656065
love this,neither,0.033354624610487035,0.36213039408674813,0.6045149813027648
It's MONSTERS!!!,neither,0.034373745257138544,0.33212314837979673,0.6335031063630647
Lol Tal,neither,0.031120645729857982,0.3912535864736078,0.5776257677965343
that's an amazing shirt,neither,0.03596431389965695,0.36633554070336083,0.5977001453969822
I like it!!! <3,neither,0.06953449037813421,0.37815048807863416,0.5523150215432316
!twcshirt,neither,0.03945320844208391,0.33037608806864915,0.630170703489267
The Wednesday Club has a shirt! You can buy it here: https://www.amazon.com/Wednesday-Pride-Wings-Large-Black/dp/B07645WVGG/,neither,0.07009917542343322,0.31493245546632204,0.6149683691102448
"I feel like Tal hasn't recovered from last week's CR, bless him",neither,0.04569183435774224,0.33035627695981973,0.6239518886824381
I'm so confused and Taliesin is at at least 8 cats right now,neither,0.045309146347726,0.2691103826159083,0.6855804710363658
Tal you nerd,neither,0.053939527867295625,0.3714863871547401,0.5745740849779643
He doesn't know when people are dressing him. Needs sleep,neither,0.07588463856395325,0.3298750894193925,0.5942402720166542
THE SHIRT SHOULD BE HOLOGRAPHIC,neither,0.04990968562680807,0.3495274068135594,0.6005629075596326
I have mine,neither,0.03865044732607132,0.34400103924695025,0.6173485134269785
@rookiez78 Fun fact if you didn't know: Hellboy 2 wasn't based on a comic at all (for the most part) it's an original story :),neither,0.02530313616125548,0.4261888445334634,0.548508019305281
"ok, I kinda love amy's shock grey hair",neither,0.03769610622751955,0.33884581898348787,0.6234580747889925
A manifesting shirt is the least suprising thing about Taliesin,neither,0.04458918429947658,0.3377360346114057,0.6176747810891177
LMAO,neither,0.03705015143476208,0.3711622369619404,0.5917876116032975
Someone quick GIF that sick moves from Taliesin! :D,neither,0.0375346007280282,0.3465947545304098,0.6158706447415621
<3 Want that shirt so much! gandsLessthanthree,neither,0.03174220848025329,0.41962806943767816,0.5486297220820685
i'm so pumped to get my shirt,neither,0.03401755737116792,0.44547611968743817,0.5205063229413939
love the grey,neither,0.03528715836971165,0.32698032091238927,0.6377325207178992
This should have been the logo for The CW.,neither,0.04062979384419617,0.31819342357754155,0.6411767825782624
"ok, so I think imma go for it with a physical taldorei",neither,0.02766012709876673,0.36315763400929635,0.6091822388919369
We want them in not the USAAAAAA,neither,0.05478168766287387,0.3043131864436928,0.6409051258934333
Three Amy Dallens could fit in that shirt.,neither,0.03682639440511311,0.3587799135852909,0.604393692009596
I revealed my shirt on our social media,neither,0.028338722750440637,0.4112981458225432,0.5603631314270161
Nice Chief,neither,0.03945320844208391,0.33037608806864915,0.630170703489267
:P,neither,0.03945320844208391,0.33037608806864915,0.630170703489267
"Very nice shirt, I'm tempted. Might be my next shirt after my Jocks Machina shirts show up.",neither,0.0332105694170409,0.40979564600804813,0.556993784574911
we hear u sax,neither,0.03921929927520434,0.3343461370848764,0.6264345636399193
Chief has amazing projection. I heard him great,neither,0.03821278808952554,0.3083994345430507,0.6533877773674237
Good shirt for the day. <3,neither,0.03238773115058141,0.2698689667602084,0.6977433020892102
We can hear you chief!,neither,0.056628327362068104,0.37608704173968066,0.5672846308982513
I freaking love Taliesin,neither,0.03609969109667712,0.3460607163663087,0.6178395925370141
I bought mine. I have issues.,neither,0.03898726634381668,0.33828434148822123,0.622728392167962
#doesntneedamic,neither,0.03945320844208391,0.33037608806864915,0.630170703489267
(which is appropriate for a show about comics),neither,0.049288252153009554,0.27602178315391374,0.6746899646930767
"Yeah, I can't wait to see that movie.",neither,0.028186411852542042,0.4256259505056236,0.5461876376418343
ooh I NEED to see that,neither,0.04186765766630563,0.3673559393990668,0.5907764029346276
i wanna see it,neither,0.0372522141745957,0.3311331109251566,0.6316146749002477
What about Multi-Universal Coming Out Day?,neither,0.03917371676770641,0.3478375023902707,0.6129887808420228
OOOH,neither,0.03945320844208391,0.33037608806864915,0.630170703489267
I'm excited for that movie,neither,0.0318616858664545,0.30309845236251254,0.6650398617710329
I saw the trailer recently,neither,0.206289201807656,0.3406981306641558,0.45301266752818814
can't wait to see it,neither,0.0464532765968161,0.32019700203277984,0.6333497213704041
"Relevant to this, trans and NB artists should check this project out http://powerandmagic.tumblr.com/post/166047105220/heartwood-non-binary-tales-of-sylvan-fantasy-is",neither,0.04595124665824875,0.28419344343136677,0.6698553099103843
I've seen so little ads for it I'm really interested in that!,neither,0.01956936512680343,0.35518473706244136,0.6252458978107552
It looks interesting,neither,0.03788290226253601,0.3309161883711317,0.6312009093663323
"There's been a few reviews for the movie Matt, just not a lot. They've all been positive so far :)",neither,0.02456409487626834,0.3282435526580493,0.6471923524656823
i wonder if James Marsdon is in it (shamefull wink),neither,0.029560349275704206,0.3708085605163104,0.5996310902079854
Tal is increasing to 9 cats,neither,0.058149555695908725,0.19086420954155564,0.7509862347625356
They need to make one based on the Sean Howe book,neither,0.04050289024145833,0.3459645129354451,0.6135325968230966
YES AMY,neither,0.03945320844208391,0.33037608806864915,0.630170703489267
I'll say a few,neither,0.03945320844208391,0.33037608806864915,0.630170703489267
Lee & Kirby - that'll have the conflict folks like,neither,0.04338437082065556,0.3720526748705119,0.5845629543088325
"I've seen 2 different trailers for it, but I'll probably have to travel to see it.",neither,0.02485489033985731,0.32175119063883656,0.6533939190213061
there are all a lot of stuff that I want to buy from the geek and sundry and alpha store but don't have the money for,neither,0.059826386075915075,0.26806691610882766,0.6721066978152573
is there an Eisner biopic in the works?,neither,0.04735131664880775,0.26481491891242853,0.6878337644387638
"I love Kavalier and Clay, Michael Chabon is a great writer.",neither,0.04087484990658666,0.29584828005176916,0.6632768700416442
Need to see it.,neither,0.04725876677941107,0.32286257168134014,0.6298786615392488
Book won the Pulitzer.,neither,0.038426190050275685,0.31151872195264774,0.6500550879970765
"My mother saw the previews, sighed and shook her head. My dad made a face. I am excited for it.....My family. :\",offensive_language,0.018547013327233904,0.5042240484270453,0.47722893824572077
Herbie: Fully Loaded?,neither,0.03945320844208391,0.33037608806864915,0.630170703489267
Directed by Angela Robinson,neither,0.04049096842165082,0.37006365859210116,0.5894453729862481
it's this because sex sells,offensive_language,0.02715552664847726,0.5816654288612864,0.3911790444902363
proof that someone loves us and wants us to be happy?,neither,0.09625126368575729,0.31850593964382934,0.5852427966704133
Don't forget to visit Star Trek Online and support Shield of Tomorrow! www.StarTrekOnline.com/ShieldofTomorrow,neither,0.05687602105656693,0.30425729811326435,0.6388666808301687
Think we’ll ever see a Alan Moore biopic?,neither,0.03986871666168191,0.3233238291920286,0.6368074541462895
the batman fan in me wants a bob kane biopic,neither,0.03439440845110972,0.34426226124297665,0.6213433303059136
"hey got here late, are they actually talking about comics yet :P",neither,0.08454008369526815,0.3217316528805046,0.5937282634242272
@ToonEzon I *think* so. Maybe?,neither,0.040174582904626076,0.38075526721666747,0.5790701498787065
Wednesdaily Planet!,neither,0.03945320844208391,0.33037608806864915,0.630170703489267
honestly I'm a bit dubious - the writing seemed unimpressive in the trailer,neither,0.13232892735535334,0.33258329952558385,0.5350877731190627
"I've already seen some apparent deviation from the actual history of the Marstons just in the trailer, but I'm still looking forward to it.",neither,0.06360514591408925,0.34762312537287543,0.5887717287130353
"So many suggestions on Discord, dears",neither,0.03668334538503675,0.3868492645969312,0.576467390018032
"and bill finger, @chuckytheclown11",neither,0.03860821708366035,0.2872808241695685,0.6741109587467713
Is the color on this camera off?,neither,0.04419888664502853,0.32652323308913384,0.6292778802658376
Taliesin's Lost Mohawk!,neither,0.03945320844208391,0.33037608806864915,0.630170703489267
There won't be an Alan Moore biopic until after he's dead. He won't let it happen until then.,neither,0.03564158069451982,0.3226915338729605,0.6416668854325198
indeed @UncleOok,neither,0.03945320844208391,0.33037608806864915,0.630170703489267
*crossing finger for song*,neither,0.03397176121600695,0.3110584642991289,0.6549697744848643
What's the P.O. Box for letters?,neither,0.037982009454663984,0.2900494031157661,0.67196858742957
what are some of the options for the letter's page so far?,neither,0.045580952022869346,0.29799046287647296,0.6564285851006577
"call it: ""Dear Tally""",neither,0.03774295569859041,0.33096432241180657,0.6312927218896031
WHAAAAAAAAAAT!?,neither,0.03945320844208391,0.33037608806864915,0.630170703489267
"How about simply, ""The Wednesday letter Column""?",neither,0.03793522453185151,0.33690943355697744,0.6251553419111711
needs?,neither,0.03945320844208391,0.33037608806864915,0.630170703489267
aww,neither,0.03945320844208391,0.33037608806864915,0.630170703489267
If you mix straight from the tube acrylic paints with Iridescent medium you can go over the shirt colors to get that crystal/shivering/holographic-ish finish.,neither,0.03747379932277067,0.40204339204073325,0.560482808636496
Oooohhh.,neither,0.03945320844208391,0.33037608806864915,0.630170703489267
We have a subscriber-only Discord server! Join here: https://discord.gg/geekandsundry (you'll need to sub and link it to your Twitch) and be a part of the fun!...Warning: It can take up to an hour for the server to update and give you access to the channels,neither,0.08464076273808444,0.286394834032893,0.6289644032290227
!pobox,neither,0.03945320844208391,0.33037608806864915,0.630170703489267
"PO Box 11149 Burbank, CA 91510",neither,0.03945320844208391,0.33037608806864915,0.630170703489267
Here's the current list of Discord suggestions https://pastebin.com/f5gJnvUi,neither,0.06518717041704052,0.29730589960974907,0.6375069299732105
"@stargazer1977 certainly, but I wonder how long afterward",neither,0.036515989016369446,0.33691533398075135,0.6265686770028792
@Fu4ow If there is then it'll most likely be unofficial since I doubt Alan Moore will ever sign off on a official one,neither,0.032383686697611457,0.3462015372375756,0.621414776064813
"Still like ""Gone Clubbing""",neither,0.04858986021967503,0.36090774954705596,0.5905023902332691
@chuckytheclown11 @UncleOok Have you seen the Batman and Bill doc on Hulu?,neither,0.04592153075108253,0.33431116766622937,0.6197673015826881
The Wednesdaisy Meadow?,neither,0.03843498882663835,0.31168514531390124,0.6498798658594604
!whodat,neither,0.03945320844208391,0.33037608806864915,0.630170703489267
"Amy Dallen ( twitter.com/enthusiamy ), Taliesin Jaffe ( twitter.com/executivegoth ), and Matt Key ( twitter.com/TheMattKey ).Chalk art by Ken Nguyen ( twitter.com/minhwind ).",neither,0.038784789422539157,0.4561496805945848,0.505065529982876
