text,top_class,hate_speech,offensive_language,neither
counterspell........what level........nine?,neither,0.04482061751539245,0.3265258143546742,0.6286535681299332
sam for the win,neither,0.032670169939493364,0.2854804238041962,0.6818494062563105
Don't forget to visit Star Trek Online and support Shield of Tomorrow! www.StarTrekOnline.com/ShieldofTomorrow,neither,0.05687602105656693,0.30425729811326435,0.6388666808301687
hey @chaoticloony :),neither,0.03945320844208391,0.33037608806864915,0.630170703489267
I've been crying all week. Especially after all the tribute videos,neither,0.026476794893616314,0.38768523591972803,0.5858379691866555
its starting,neither,0.0318254011087983,0.33299964078826727,0.6351749581029343
One last time with Vox Machine. And then we begin a new journey with a new party,neither,0.029909915767416133,0.2799827129507896,0.6901073712817942
yeah it started,neither,0.02008114203018456,0.46086346667256395,0.5190553912972515
love that intro,neither,0.032540728688334124,0.3886961533355193,0.5787631179761465
Hi All Star Ryan!,neither,0.04100243210866837,0.39305038281212423,0.5659471850792074
"been there myself, being so emotionally invested in my own and other people's characters, I felt what he was going through",neither,0.05976833564988753,0.37147631586692315,0.5687553484831893
Woooo Ryan!,neither,0.03945320844208391,0.33037608806864915,0.630170703489267
Nice opening.,neither,0.03945320844208391,0.33037608806864915,0.630170703489267
hrpgHeyo gandsRage,neither,0.03945320844208391,0.33037608806864915,0.630170703489267
Marisha has a hard enough time with the just the one character,offensive_language,0.022888444809957092,0.5171224155452154,0.45998913964482757
Whoo! Best lore ever!,neither,0.038602513399008595,0.32325247730114504,0.6381450092998464
That is one dapper man^^,offensive_language,0.04452739679312095,0.5231921441167625,0.43228045909011653
MORROWIND! :D,neither,0.03945320844208391,0.33037608806864915,0.630170703489267
We have a subscriber-only Discord server! Join here: https://discord.gg/geekandsundry (you'll need to sub and link it to your Twitch) and be a part of the fun!...Warning: It can take up to an hour for the server to update and give you access to the channels,neither,0.08464076273808444,0.286394834032893,0.6289644032290227
Re hrpgSub hrpgHyperHype,neither,0.10802165902134243,0.2484119200751343,0.6435664209035233
stefHighFive gandsClassic gandsClassic gandsSubHype gandsSubHype gandsSubHype,neither,0.03945320844208391,0.33037608806864915,0.630170703489267
"check out openmw btw, open source morrowind client (you still need the game files).",neither,0.043463317452755765,0.3367920034328051,0.6197446791144391
"Morrowind is what turned me off the series, i still prefer Daggerfall",neither,0.041846551839287385,0.3518041077724802,0.6063493403882323
My intro was Oblivion,neither,0.02749983445066626,0.42537270768753943,0.5471274578617943
"Help G&S make great content! $4.99/month gets you emotes, Minecraft server access, Sub Only Q&As, VODs, and more! Every sub keeps the channel alive! twitch.tv/geekandsundry/subscribe",neither,0.043092924924402844,0.32365565443818894,0.6332514206374082
The character creation ... so many hours ...,neither,0.03872757009652943,0.35004402557980796,0.6112284043236625
gandsSCANLAN gandsRage gandsNatTwenty gandsNatTwenty,neither,0.03945320844208391,0.33037608806864915,0.630170703489267
i liked morrowind,neither,0.03945320844208391,0.33037608806864915,0.630170703489267
"If this episode was filmed about 4-5 years ago, I would have been super hyped. But after The Witcher 2 and especially The Witcher 3, I'm not much of an Elder Scroll fan any more.",neither,0.02825332250878885,0.3391573835932404,0.6325892938979708
gandsRaid gandsRaid gandsRaid gandsRaid,neither,0.03945320844208391,0.33037608806864915,0.630170703489267
"The games are still good, but they are no where near The Witcher series.",neither,0.06892753100568434,0.2584765013513626,0.672595967642953
"I loved morrowind, actually started playing it again a week ago ^^",neither,0.03732217511264988,0.35130983455377096,0.6113679903335791
Re hrpgSub hrpgHyperHype,neither,0.10802165902134243,0.2484119200751343,0.6435664209035233
Scroll of Icarian Flight.,neither,0.03945320844208391,0.33037608806864915,0.630170703489267
He didn't think about slow fall afterwards.,neither,0.031278668391470844,0.37328409925703776,0.5954372323514914
"Morrowind for me.... but I didnt understand it back then, the open world overwhelmed me and I didnt touch it foor many years",neither,0.02830505414171778,0.33154559892466884,0.6401493469336134
hello,neither,0.03945320844208391,0.33037608806864915,0.630170703489267
Hmm I think I’m the wrong channel :( where’s the critical role chann?,neither,0.039771516889166705,0.2873993795091963,0.6728291036016371
!wheniscr,neither,0.03945320844208391,0.33037608806864915,0.630170703489267
"Critical Role is on at 7 PM PDT on Thursdays, it is currently 4:03 PM PDT on Thursday. There is 2 Hours, 56 Minutes, 2 Seconds until the next episode of Critical Role. This command has been run 517 times but has probably been asked about way more.",neither,0.040984306832191765,0.34448505427000053,0.6145306388978078
Love me some Elder Scrolls :D,neither,0.02338820000974998,0.39627803151787955,0.5803337684723705
hi,neither,0.03945320844208391,0.33037608806864915,0.630170703489267
"this is it, nikobolas, critrole starts in 3 hours",neither,0.045560968997415276,0.329745388983074,0.6246936420195107
Ooh pdt ty,neither,0.03945320844208391,0.33037608806864915,0.630170703489267
This isnt a 24/7 CR channel,neither,0.039388270352192,0.33147825692902483,0.6291334727187833
I started with Morrowind as well.,neither,0.026113066163296225,0.4075675955266364,0.5663193383100673
Destiny could learn from Elder Scrolls,neither,0.04023385097739142,0.31712654692980907,0.6426396020927995
"This honestly sounds just like me with Skyrim, glad im not alone lol",neither,0.026831524891345136,0.44792867572928574,0.5252397993793692
playing skyrim atm,neither,0.03945320844208391,0.33037608806864915,0.630170703489267
What's with the airplane engine in the audio?,neither,0.03434559284563257,0.3311408148246029,0.6345135923297645
Morrowind hype! Tried to play on my parents Pentium 3 cpu. 3FPS and still played for months.,neither,0.030198068184344683,0.3529019975953523,0.6168999342203031
I played so much Morrowind I broke the fight AI of everything. @GeekandSundry,neither,0.03615012066462784,0.3497662420588207,0.6140836372765515
"I came to Morrowind years after it was originally released and even then, with a texture pack, it was incredibly impressive",neither,0.03493464052969594,0.3362881257045153,0.6287772337657889
"Haha ""Kill that person, Why Not??""",neither,0.2866608834507327,0.32946530260149376,0.38387381394777353
The hardest part of any Elder Scrolls game is starting,neither,0.043419302549927374,0.29319539072362105,0.6633853067264516
"morrowing had some pretty clunky combat mechanics, but otherwise it was pretty great",neither,0.030399840704930247,0.33011128754557323,0.6394888717494965
I agree @iccotak,neither,0.03945320844208391,0.33037608806864915,0.630170703489267
morrowind*,neither,0.03945320844208391,0.33037608806864915,0.630170703489267
there's some really cool morrowind speedruns,neither,0.030258073661202554,0.29690589717202287,0.6728360291667745
The clunky combat mechanics are the beautiful part. Background dice rolling.,neither,0.05341516320298461,0.282043385622879,0.6645414511741363
playing skyrim right now hehe thats kind of funny :) i was see that G&S is on and i came see what is on :P,neither,0.04320693886578668,0.35539898438094913,0.6013940767532642
why is someone vacuuming in the background,neither,0.034021116644879716,0.32724483740134447,0.6387340459537758
"The combat in all TES games has not been that interesting to me. The worlds are cool, but the combat has always been lackluster. Skyrim made some improvements but a lot of other series are more my style.",neither,0.041728963616285066,0.3908351953919687,0.5674358409917463
I think it may be the laptop fan.,neither,0.03944827154295235,0.29462118321873887,0.6659305452383087
there's a bit staticky whistling sound,neither,0.03937593852598812,0.2847861975773148,0.6758378638966971
Prince of the Hunt?,neither,0.03867507865167721,0.31618926838681527,0.6451356529615075
Daedric God of the Hunt,neither,0.038528155942542386,0.3134412970534424,0.6480305470040151
cleaning up the glitter,neither,0.03642473548484044,0.35961966186971156,0.603955602645448
Patron of Werewolves,neither,0.03945320844208391,0.33037608806864915,0.630170703489267
!glittereric,neither,0.03945320844208391,0.33037608806864915,0.630170703489267
We have 5 months 14 days 23 hours 53 minutes 40 seconds left until we glitter Eric! Chat never forgets! https://clips.twitch.tv/EasyUglyPlumFailFish,neither,0.03785783701528474,0.34830344713909817,0.613838715845617
schedule?,neither,0.03945320844208391,0.33037608806864915,0.630170703489267
"I was first disappointed with Morrowind because I played Daggerfall before. Though, I was sold with the Art direction.",neither,0.024918673099597922,0.3901252911998921,0.58495603570051
background noise is louder than his mic :-/,neither,0.06127709589709869,0.3343886647922555,0.6043342393106459
Like an evil version of Orion,neither,0.04969136943794418,0.33985051851011816,0.6104581120519376
!schedule,neither,0.03945320844208391,0.33037608806864915,0.630170703489267
Current Schedule (as of October 2017): http://bit.ly/GnSFall2017Schedule - more info at: http://geekandsundry.com/check-out-our-new-fall-twitch-schedule/,neither,0.0364215080210808,0.24334668344335023,0.720231808535569
vacuuming up sam's tears?,neither,0.036886719223420385,0.3822071878972022,0.5809060928793773
"I finished Arena, but never finished Daggerfall, spent too much time exploring",neither,0.033324514082797865,0.36826696273212406,0.5984085231850781
i thuoght that was a vacuum lol,offensive_language,0.021691082988794994,0.4961219477810444,0.4821869692301606
hrpgSub hrpgHyperHype,neither,0.03945320844208391,0.33037608806864915,0.630170703489267
"I know my laptop fan sounds, I guess. :p",neither,0.030783435090053598,0.3975496349448427,0.5716669299651038
Herma Mora is my fave,neither,0.033882632961137304,0.4282613125859576,0.5378560544529051
Mora is very....lovecraft,neither,0.05316448349253936,0.3256601518400187,0.6211753646674419
Uh Oh,neither,0.04643193976314166,0.26471338503087416,0.6888546752059841
oh no,neither,0.04751210705993949,0.26629718932274826,0.6861907036173122
wow,neither,0.03945320844208391,0.33037608806864915,0.630170703489267
oopsies lol,neither,0.020706217963973744,0.4882283491876925,0.4910654328483337
Omg,neither,0.03945320844208391,0.33037608806864915,0.630170703489267
ACK!,neither,0.03945320844208391,0.33037608806864915,0.630170703489267
"oof, dat loss",neither,0.03945320844208391,0.33037608806864915,0.630170703489267
Nooooo That's Horrible,neither,0.035821733877719204,0.369830073140003,0.5943481929822778
And that's the beauty of PC. :P,neither,0.03502317459122565,0.31894891303488865,0.6460279123738857
That's... welp,neither,0.03469116754114899,0.3823720002990532,0.5829368321597979
so 200 days wasted,neither,0.03941397814059989,0.36951674123727357,0.5910692806221266
gandsRage feliciaSoAngry feliciaSoAngry,neither,0.03945320844208391,0.33037608806864915,0.630170703489267
"OMG! Thats so sad, Ryan!!!",neither,0.03941474605719059,0.3680918605503618,0.5924933933924478
"Namira best daedric prince, beggar prince best book",neither,0.03854696568950118,0.3227873279332508,0.638665706377248
that would kill me,hate_speech,0.5177857308008468,0.2066897263980216,0.2755245428011317
2/3 of a year gone,neither,0.03932879590572964,0.3324876935014277,0.6281835105928427
I miss that feature,neither,0.02902283386223321,0.37629974106789743,0.5946774250698693
Yeah Daggerfall was HUGE. I lost several time before understanding that time was ACTUALLY passing storywise.,neither,0.027470785971713298,0.44590274730608326,0.5266264667222034
you cant talk so quiet RyGuy. maybe move the mic up your vest a bit :-D,neither,0.049631797522102936,0.4140164399683816,0.5363517625095154
Sheogorath is best Daedra,neither,0.05398371701739224,0.3116414551347536,0.6343748278478542
"i started with morrowind myself. I hadn't even heard of it before, but my dad has a box of PC games, that he just without looking at it gave to me. In there was Morrowind and The Witcher. He did not see me for days :)",neither,0.024396582091231613,0.4076876528217158,0.5679157650870524
I recently learned that you can sort the journal entries by quest... I've been playing since release. And I just found this out. >_>,neither,0.028616911817698112,0.3673377906433873,0.6040452975389146
Darn those early Xboxes anyway!,neither,0.0611854885507354,0.25182563992972407,0.6869888715195406
the jounral had it's own personal touch,neither,0.058204889727627655,0.31064201552934184,0.6311530947430305
I still sometimes go into Skyrim to just ride back and forth across the map for relaxing,neither,0.036821037409952455,0.307906808533874,0.6552721540561735
"morrowind on PC has the construction set though, so technically it's pretty much as open for modding as oblivion",neither,0.030477041911697852,0.36667302000019264,0.6028499380881096
Volume keeps ging down and up and down,neither,0.03693529095228831,0.3119806154223579,0.6510840936253538
My mom would never have gone for it,neither,0.021466281589033926,0.41326846217380403,0.565265256237162
3 hours!!!!,neither,0.03945320844208391,0.33037608806864915,0.630170703489267
The melody carries so much nostalgia. Even on ESO which I recently got.,neither,0.03385073411478465,0.39023817966402385,0.5759110862211915
I get flashbacks of morrowind when watching CR because Matt uses the music a lot XD,neither,0.03359046731511058,0.35158090031058153,0.6148286323743078
I love the way they maintained the 'feel' of the melody through the ES series.. it's very much in vein with a cinematic series retaining a familiar theme throughout.,neither,0.030845086172608255,0.3259440083288602,0.6432109054985317
when ES6 finally happens and he hears that tune...,neither,0.04546819226135404,0.3558196486664668,0.5987121590721791
This man is an encyclopedia on everything Elder Scrolls.,neither,0.04389516185169661,0.38904091473362934,0.567063923414674
