text,top_class,hate_speech,offensive_language,neither
PogChamp,neither,0.03945320844208391,0.33037608806864915,0.630170703489267
Bidet from NS Canada!,neither,0.04071751644889743,0.3089174816120565,0.6503650019390461
bidet from bowling green!,neither,0.04157153321422922,0.28725778581029854,0.6711706809754723
Lets go boys,neither,0.03987377233651652,0.350189727460353,0.6099365002031304
woot,neither,0.03945320844208391,0.33037608806864915,0.630170703489267
,neither,0.03945320844208391,0.33037608806864915,0.630170703489267
"Beep Beep and Bidet from Dixon, MO!!!",neither,0.039710681526375816,0.2573753227072934,0.7029139957663308
Live,neither,0.04891340716200846,0.3271222919257548,0.6239643009122369
AHHH,neither,0.03945320844208391,0.33037608806864915,0.630170703489267
Bidet from Michigan!,neither,0.040769555981420263,0.3080342349327864,0.6511962090857933
We're live?!,neither,0.07702019449600846,0.29035571652515796,0.6326240889788335
LIVE,neither,0.04891340716200846,0.3271222919257548,0.6239643009122369
"Tonight is labeled ""A Chapter Closes"" which can only mean the next one will be ""A New One Begins.""",neither,0.0430075121201255,0.2914987242627222,0.6654937636171523
gaaaaaah,neither,0.03945320844208391,0.33037608806864915,0.630170703489267
"@lucifermoloch agreed, it would be a perfect ending",neither,0.038202479234465236,0.32943590810375717,0.6323616126617775
Music and aret up,neither,0.03434618746926456,0.3440377796711851,0.6216160328595502
AHHH,neither,0.03945320844208391,0.33037608806864915,0.630170703489267
eeeee preshow,neither,0.03945320844208391,0.33037608806864915,0.630170703489267
It's all over but the cryin',neither,0.03267917283176914,0.39531203352465644,0.5720087936435744
15 minutes more guys,neither,0.04106198494219473,0.3232094102003902,0.6357286048574151
channel is live now,neither,0.053038963430945905,0.32570332394499873,0.6212577126240555
ART!,neither,0.03945320844208391,0.33037608806864915,0.630170703489267
HERE WE GOOOOO gandsCrit gandsCrit gandsCrit,neither,0.09154844660801302,0.2919375864367539,0.6165139669552331
ERMAGERD,neither,0.03945320844208391,0.33037608806864915,0.630170703489267
ITS STARTING,neither,0.0318254011087983,0.33299964078826727,0.6351749581029343
bidet from washington,neither,0.04080695066346891,0.3073995495860776,0.6517934997504536
I think we're live.,neither,0.07221476242512351,0.2847889172885488,0.6429963202863276
bidet from North Korea,neither,0.04079557052152802,0.30759270029461827,0.6516117291838538
What a Fantastic Journey we've been on the last 2 years thank you Matt & crew.,neither,0.031945309668995746,0.3464756444450688,0.6215790458859355
Art!,neither,0.03945320844208391,0.33037608806864915,0.630170703489267
yay music,neither,0.03945320844208391,0.33037608806864915,0.630170703489267
beep beep from Brisbane,neither,0.04228451509352876,0.2823214250720796,0.6753940598343917
PogChamp,neither,0.03945320844208391,0.33037608806864915,0.630170703489267
Ohno Ohgeez. OHMAN,neither,0.03945320844208391,0.33037608806864915,0.630170703489267
SO IT BEGINS,neither,0.037879336342691194,0.38030240068653764,0.5818182629707711
"i think it is a beautiful story element if vax does die, despite how much i care about him living",neither,0.061824216207364474,0.33739849338682504,0.6007772904058104
A wrap up show I would think,neither,0.051074062807298155,0.292069168994833,0.6568567681978689
Ayyyy Art has started.,neither,0.03985491770046964,0.32355803357622004,0.6365870487233103
NotLikeThis NotLikeThis NotLikeThis NotLikeThis NotLikeThis NotLikeThis,neither,0.03945320844208391,0.33037608806864915,0.630170703489267
AAAAAAAAAAAAAAAAAAH!,neither,0.03945320844208391,0.33037608806864915,0.630170703489267
woooo,neither,0.03945320844208391,0.33037608806864915,0.630170703489267
art time!,neither,0.03804240160507918,0.3543211620050669,0.6076364363898539
bidet,neither,0.03945320844208391,0.33037608806864915,0.630170703489267
LET'S DO THIS,neither,0.0195438059392097,0.382678239993645,0.5977779540671454
gandsSubHype gandsSubHype gandsSubHype gandsSubHype gandsSubHype gandsSubHype,neither,0.03945320844208391,0.33037608806864915,0.630170703489267
gands2YearHype gands2YearHype gands2YearHype gands2YearHype,neither,0.03945320844208391,0.33037608806864915,0.630170703489267
Art!!,neither,0.03945320844208391,0.33037608806864915,0.630170703489267
"Enjoy eternity with the Chained Oblivion, you Vecna beeech",neither,0.04104542838524216,0.42241768240038197,0.5365368892143758
Ahhhhhhhhhh,neither,0.03945320844208391,0.33037608806864915,0.630170703489267
Q____Q,neither,0.03945320844208391,0.33037608806864915,0.630170703489267
OH NO THE LAST ART,neither,0.042695821434241665,0.2804489746749734,0.676855203890785
REFRESH,neither,0.03945320844208391,0.33037608806864915,0.630170703489267
@jaypsychotic Also Bidet from NS canada!,neither,0.04051416859766551,0.31236882534306487,0.6471170060592696
I'm not ready to say goodbye BibleThump,neither,0.0444562334497562,0.3313025942897142,0.6242411722605297
Here we go.,neither,0.13156755280784707,0.2765461283225309,0.5918863188696221
IT'S TIMEEEE,neither,0.034373745257138544,0.33212314837979673,0.6335031063630647
"Bidet from Vancouver, Canada",neither,0.04071751644889743,0.3089174816120565,0.6503650019390461
I'M NOT READY.,neither,0.03741288854270606,0.3380962759290845,0.6244908355282094
Bidet from Canada!!!,neither,0.04071751644889743,0.3089174816120565,0.6503650019390461
Bidet!,neither,0.03945320844208391,0.33037608806864915,0.630170703489267
I wounder if they are going to visit the tibbs statue finally since they are ending it out tonight???,neither,0.048667720415787534,0.31425296607946657,0.6370793135047459
heart attack,neither,0.03945320844208391,0.33037608806864915,0.630170703489267
"And so it begins, for the last time.",neither,0.03167745249206414,0.31346381170738224,0.6548587358005535
"Bidet, bidet, bidet from FL!",neither,0.04066490145509902,0.30981049537100724,0.6495246031738937
We're Live refresh everyone!!!,neither,0.051925269649656144,0.39189292749660565,0.5561818028537383
woot!!!,neither,0.03945320844208391,0.33037608806864915,0.630170703489267
HERE WE GO LADS,neither,0.08788874066493838,0.298919475072031,0.6131917842630307
AHHHHHHHH!!!!!,neither,0.03945320844208391,0.33037608806864915,0.630170703489267
here we go....,neither,0.13156755280784707,0.2765461283225309,0.5918863188696221
"Bidet all from Vancouver, BC",neither,0.04403725580322886,0.41187034467305084,0.5440923995237202
:D,neither,0.03945320844208391,0.33037608806864915,0.630170703489267
@dayscotsman Since Tibs is dead no,neither,0.04817569418260363,0.3434538038650308,0.6083705019523655
"YES, I agree, @lucifermoloch. I know exactly what you mean.",neither,0.0583512490852661,0.36423262831138614,0.5774161226033478
Fan art time!,neither,0.03830948161884994,0.34978811714808417,0.6119024012330659
hype,neither,0.03945320844208391,0.33037608806864915,0.630170703489267
LIVE YALL,neither,0.04388540644247383,0.3631782650587446,0.5929363284987815
da music!,offensive_language,0.09695333408608688,0.5091154034190972,0.3939312624948159
PogChamp,neither,0.03945320844208391,0.33037608806864915,0.630170703489267
eeeeeeeeeeeeeeeeeeeeeeeeeeeeeeeee,neither,0.03945320844208391,0.33037608806864915,0.630170703489267
The musical feels have begun!,neither,0.03821498049052558,0.32396210684533033,0.6378229126641441
incoming feels train,neither,0.03945320844208391,0.33037608806864915,0.630170703489267
Ahhhhhhhhhh,neither,0.03945320844208391,0.33037608806864915,0.630170703489267
Oh man!!! AHHHH,neither,0.04503915155897707,0.343007897989222,0.6119529504518008
Im not ready!,neither,0.036615750487804924,0.38017749597190786,0.5832067535402872
NOT READY BibleThump,neither,0.03741288854270606,0.3380962759290845,0.6244908355282094
A thing happened!,neither,0.03945320844208391,0.33037608806864915,0.630170703489267
HYPE,neither,0.03945320844208391,0.33037608806864915,0.630170703489267
Part of me thinks (after the Shadow of War game they played) that Travis and Laura are going to switch character styles.,neither,0.044687360881664265,0.31518780434934746,0.6401248347689883
Hello and Good Evening Everyone!,neither,0.03367341494066261,0.38212096859024813,0.5842056164690892
BIDET,neither,0.03945320844208391,0.33037608806864915,0.630170703489267
It is time!,neither,0.04957552498532811,0.36090464428914903,0.5895198307255228
Here we go!!!,neither,0.13156755280784707,0.2765461283225309,0.5918863188696221
Bidet from NJ!,neither,0.04069404815304118,0.30931579984010865,0.6499901520068502
CR gandsSubHype gandsSubHype gandsSubHype gandsSubHype,neither,0.03945320844208391,0.33037608806864915,0.630170703489267
HOLD ME CHAT.,neither,0.031853988893987294,0.37168333827487726,0.5964626728311354
FEELS 100000% PERCENT,neither,0.03945320844208391,0.33037608806864915,0.630170703489267
Last art,neither,0.03945320844208391,0.33037608806864915,0.630170703489267
aaaaajjhhj,neither,0.03945320844208391,0.33037608806864915,0.630170703489267
yaaay,neither,0.03945320844208391,0.33037608806864915,0.630170703489267
IM NOT READY,neither,0.036615750487804924,0.38017749597190786,0.5832067535402872
bidet motherfuckers,neither,0.03945320844208391,0.33037608806864915,0.630170703489267
I'm dead,neither,0.03945320844208391,0.33037608806864915,0.630170703489267
oh no,neither,0.04751210705993949,0.26629718932274826,0.6861907036173122
HERE WE GOO!,neither,0.15579607761817918,0.2572279575342963,0.5869759648475245
Cowabunga from Orange County!,neither,0.0404610193939263,0.3132709060388878,0.6462680745671858
*starts crying*,neither,0.03945320844208391,0.33037608806864915,0.630170703489267
OH GOD WHY,neither,0.030729694328642653,0.2847320569101743,0.684538248761183
ajsdofjsdfioasdjfsj,neither,0.03945320844208391,0.33037608806864915,0.630170703489267
THE FINALE BEGINS,neither,0.03868342901844291,0.31634469653961944,0.6449718744419376
IM NOT READT D':,neither,0.03538113873388505,0.40243864917510247,0.5621802120910123
"I just hope they have a final wrap up,maybe find out what happened with those dead and the missing Zara and Kash. and do a skip ahead to what panned out for them..maybe have a few guests in to send off vox machine.",neither,0.05985247780092242,0.2324367928931876,0.70771072930589
THE LAST ART,neither,0.03844943908181125,0.3119582459013918,0.6495923150167969
Oh boy...,neither,0.04768565599480007,0.25364348607606696,0.698670857929133
Will we be starting on time today? Im making food,neither,0.03666528759118011,0.3388829214195649,0.6244517909892551
SO HYPE,neither,0.03940828253961077,0.39264520971988554,0.5679465077405037
"The final art, of Vox Machina",neither,0.03859435947916008,0.3146826903192351,0.6467229502016049
Bidet from Canada,neither,0.04071751644889743,0.3089174816120565,0.6503650019390461
BibleThump,neither,0.03945320844208391,0.33037608806864915,0.630170703489267
YAS,neither,0.03945320844208391,0.33037608806864915,0.630170703489267
"its so funny how fast comments go that you cant even read them, like this one!",neither,0.05652753106421242,0.46133444375539406,0.4821380251803936
bidet from scotland,neither,0.04062582848913359,0.31047366557575606,0.6489005059351104
I wish i was somewhat artistic so I could show my love too :'(,neither,0.03801724815409748,0.3852346334355963,0.5767481184103063
"Critical Role Ep115: ""The Chapter Closes"" that episode title D;",neither,0.0366690235553571,0.34524756140519597,0.618083415039447
If vecna won I think the world would have ended up looking like something from the mistborn books,neither,0.031493117055274196,0.36766226615095554,0.6008446167937702
igftr -> Where's a hammer when you need one? [stop spamming caps] [warning],neither,0.04241369387491136,0.44154003064791153,0.516046275477177
Bibet,neither,0.03945320844208391,0.33037608806864915,0.630170703489267
First show I get to watch live (booked off work tomorrow),neither,0.05881987390903982,0.2757296870536865,0.6654504390372736
gandsSaxHype gandsSaxHype gandsSaxHype gandsSaxHype gandsSaxHype,neither,0.03945320844208391,0.33037608806864915,0.630170703489267
"bidet from Montgomery, MO",neither,0.040912083971464244,0.30561516297332675,0.653472753055209
Holy shit what nowwwww,offensive_language,0.050811453506482376,0.9489699938094736,0.00021855268404391554
I'm going to regret this but here we go!,neither,0.08127882722127823,0.33209527066665345,0.5866259021120683
aaaaaand feels trip,neither,0.03945320844208391,0.33037608806864915,0.630170703489267
the CritArt and music has begun REFRESH if you do not see it,neither,0.0331018894163251,0.35732974358839215,0.6095683669952828
bidet from ohio,neither,0.040754399270683486,0.3082914838698526,0.650954116859464
And suddenly the chat goes bugnuts XD,neither,0.03817282749235002,0.28583871387435655,0.6759884586332934
Bidet from smoke engulfed California,neither,0.05723310515963319,0.36621570868047243,0.5765511861598944
Bidet from San Francisco!! First full live show! Only up to end on conclave arc but wanted to be here for this!,neither,0.0773487317186644,0.2839670020397591,0.6386842662415766
beep beep from dayton,neither,0.04062582848913359,0.31047366557575606,0.6489005059351104
sprigg :'(,neither,0.03945320844208391,0.33037608806864915,0.630170703489267
I'M NOT READYYYYY,neither,0.03554889144452836,0.3454295093440936,0.619021599211378
First live show I'm so excited ;_;,neither,0.0501525785286493,0.3017873792324294,0.6480600422389213
BibleThump my heard,neither,0.023207551815674028,0.46447820825005215,0.5123142399342738
AHHHHHHH ITS HAPPENING,neither,0.03309144916294284,0.33256418880705063,0.6343443620300065
I'm not ready for this,neither,0.030549935520490432,0.301682112133291,0.6677679523462187
Anyone else already crying?,neither,0.03848381779309042,0.34682917729006424,0.6146870049168455
OMG why did they make that the first pic ...,neither,0.021758030374350135,0.40810233450548256,0.5701396351201673
IT HAS BEGUN,neither,0.037466634629501894,0.31789117281524343,0.6446421925552547
BibleThump,neither,0.03945320844208391,0.33037608806864915,0.630170703489267
HYPE!!!!!!!,neither,0.03945320844208391,0.33037608806864915,0.630170703489267
Aaaaaaagggggggghhhhhhhh,neither,0.03945320844208391,0.33037608806864915,0.630170703489267
YYYAAYYYYY!!!!!!!!!!!!!,neither,0.03945320844208391,0.33037608806864915,0.630170703489267
WOOT WOOT,neither,0.03945320844208391,0.33037608806864915,0.630170703489267
gandsSCANLAN gandsSCANLAN gandsSCANLAN gandsSCANLAN gandsSCANLAN,neither,0.03945320844208391,0.33037608806864915,0.630170703489267
Art is up!! Reload if you can't see it!,neither,0.037213811773548426,0.4791276421091155,0.48365854611733605
oh shit oh shit oh shit,offensive_language,0.04652059265363964,0.9534729203614298,6.486984930600159e-06
"I DON""T WANT IT TO END",neither,0.04626015967815516,0.32124331285623214,0.6324965274656128
Omg this is my first live episode ughhh not ready,neither,0.03382559282590653,0.386816685052795,0.5793577221212985
Bidet from Australia - PREPARE THE TISSUES AND BOOZE!,neither,0.039028030988185,0.28207130405814385,0.6789006649536711
NOOOO IM NOT READY NotLikeThis,neither,0.03741507380937011,0.3659584695666617,0.5966264566239682
:(,neither,0.03945320844208391,0.33037608806864915,0.630170703489267
Bidet everyone!,offensive_language,0.02988896790634741,0.4927062106388782,0.4774048214547744
We are not PREPARED BibleThump,neither,0.06492746066696227,0.29057337133837,0.6444991679946678
Oh man this episode,neither,0.045441818391175136,0.3460212165738775,0.6085369650349474
Maybe even raise Tibs as well.,neither,0.036902310456245715,0.37367148420157137,0.5894262053421829
Bibet Canada,neither,0.03945320844208391,0.33037608806864915,0.630170703489267
IM NOT READY!!,neither,0.036615750487804924,0.38017749597190786,0.5832067535402872
This is going to be really epic or really sad,neither,0.0490975575153561,0.3482987599518434,0.6026036825328005
art time!,neither,0.03804240160507918,0.3543211620050669,0.6076364363898539
Bidet from Phoenix!,neither,0.04066490145509902,0.30981049537100724,0.6495246031738937
No more after this :(,neither,0.040674601415145464,0.3382881492843224,0.6210372493005321
you cant START with wish feels,neither,0.04144202089826106,0.406663424284957,0.551894554816782
Sam is best girl,neither,0.03965010391251853,0.38241910720380135,0.5779307888836802
Finally... I get to use the tissues next to my PC for something else tonight. :),neither,0.017647855944595073,0.40013255330556524,0.5822195907498396
Er mah gerd,neither,0.03945320844208391,0.33037608806864915,0.630170703489267
I AM NOT READY *cries*,neither,0.03808736780272745,0.3349131208009954,0.6269995113962772
Bidet and beep beep from G-ville FL,neither,0.039665017157423446,0.26811748049299106,0.6922175023495856
this is a sad night but im actually really excited to see whats next,neither,0.03989777367417359,0.36074513756858845,0.5993570887572379
Take me I'm ready!!!!! GivePLZ,neither,0.030213762744581953,0.381395443507216,0.588390793748202
let us go!,neither,0.06139292244690859,0.3739425293586624,0.5646645481944289
Good luck Ladies and Gents. Lets hope our hearts can take the strain for a second week..,neither,0.05102031796752222,0.23230437163570244,0.7166753103967753
ahhhh im already crying i dont wanna say goodbye,neither,0.03823277526724169,0.36243910544315394,0.5993281192896045
AHHHHHHHHHHHHH,neither,0.03945320844208391,0.33037608806864915,0.630170703489267
"Bidet from NS, Canada!",neither,0.04071751644889743,0.3089174816120565,0.6503650019390461
Bidet fro mthe UK all.,neither,0.04117914511646188,0.39980175813118973,0.5590190967523483
ART is up,neither,0.045991427074099804,0.39187272382964855,0.5621358490962516
We have a subscriber-only Discord server! Join here: https://discord.gg/geekandsundry (you'll need to sub and link it to your Twitch) and be a part of the fun!...Warning: It can take up to an hour for the server to update and give you access to the channels,neither,0.08464076273808444,0.286394834032893,0.6289644032290227
Prepare for sads!,neither,0.032764864206104964,0.296993156639892,0.670241979154003
BIDET FROM FLORIDA,neither,0.0408948396164547,0.30590784468201904,0.6531973157015263
"Bidet from Seattle, and I am NOT ready...",neither,0.03832867560614852,0.2849495846605087,0.6767217397333428
So glad my internet is finally good enough for Twitch.,neither,0.03250068401681758,0.387403888951291,0.5800954270318913
ahhhh here we go guys last time i love y'all gandsSCANLAN,neither,0.06891325080089247,0.38297408302027663,0.5481126661788309
oh boy,neither,0.04768565599480007,0.25364348607606696,0.698670857929133
scnlan is bae,neither,0.04774802271121307,0.40523027171091003,0.5470217055778768
Soooon,neither,0.03945320844208391,0.33037608806864915,0.630170703489267
ITS STARTING,neither,0.0318254011087983,0.33299964078826727,0.6351749581029343
Scanman,neither,0.03945320844208391,0.33037608806864915,0.630170703489267
Bidet from Cincinnati,neither,0.04228451509352876,0.2823214250720796,0.6753940598343917
prodigious size alone does not dissuade the sharpened blade,neither,0.029368818689522937,0.40618686691045985,0.5644443144000172
LET'S GOOOOOOOOOO!,neither,0.01259774405356427,0.402817721707079,0.5845845342393566
Be Pleased.,neither,0.04002562477733436,0.33516942876397554,0.6248049464586901
bidet from montana and the noobs guild on discord,neither,0.03589003276542877,0.2674876042552229,0.6966223629793483
CUT THE STREAM NO ONE IS READY,neither,0.04370180162939591,0.3512347551280287,0.6050634432425754
nice,neither,0.03945320844208391,0.33037608806864915,0.630170703489267
Bidet from NYC,neither,0.04081748366884477,0.3072207769958956,0.6519617393352596
this is going to be intense AF,neither,0.051835207722932146,0.35258913454224866,0.5955756577348191
I've got my tissue box ready and dinner on the way. LET'S DO THIS,neither,0.014975796709489533,0.3831890548088643,0.6018351484816462
AAAAAAAAAAAAAAAAAAAAAAAH,neither,0.03945320844208391,0.33037608806864915,0.630170703489267
This isn't the last 'sode theyre doing PSA not the end,neither,0.037537866274351274,0.3146533436867476,0.6478087900389012
Goodbye Vox Machina! <3,neither,0.03945320844208391,0.33037608806864915,0.630170703489267
Bidet,neither,0.03945320844208391,0.33037608806864915,0.630170703489267
Bidet from London!,neither,0.04069404815304118,0.30931579984010865,0.6499901520068502
My first Live stream and its the ending of the game. *sniffle* i just caught up tonight too,neither,0.023996691516671265,0.34402694911386583,0.631976359369463
Bidet from Columbus Ohio. Farewell and Thanks Vox Machina,neither,0.038219487142302416,0.2808671602354384,0.6809133526222592
BIDET,neither,0.03945320844208391,0.33037608806864915,0.630170703489267
gandsNatTwenty gandsCrit VOX MACHINA! gandsNatTwenty gandsCrit,neither,0.03945320844208391,0.33037608806864915,0.630170703489267
one last time...,neither,0.036693396636826775,0.3999981672741537,0.5633084360890196
gandsSubHype gandsSubHype gandsSubHype gandsSubHype,neither,0.03945320844208391,0.33037608806864915,0.630170703489267
WOOOO!,neither,0.03945320844208391,0.33037608806864915,0.630170703489267
"Bidet from the UK, ma critter peeps.",neither,0.03439101511207769,0.39376401666719374,0.5718449682207286
"Bidet from Ontario, Canada",neither,0.040354386843928725,0.3150807387011266,0.6445648744549448
sooooo..... 6 hour stream tonight?,neither,0.037421330121699826,0.3133614006090623,0.6492172692692378
Bidet from Toronto,neither,0.04066490145509902,0.30981049537100724,0.6495246031738937
BIDET FROM THE EAST COAST,neither,0.03957574166208066,0.29812588388908123,0.6622983744488381
Yaaaaaaaaaas!,neither,0.03945320844208391,0.33037608806864915,0.630170703489267
hey guys,neither,0.03929207127355727,0.33311100635304525,0.6275969223733975
gandsLessthanthree gandsLessthanthree gandsLessthanthree gandsLessthanthree,neither,0.03945320844208391,0.33037608806864915,0.630170703489267
"The channel has gone live, if you cannot see fan art please refresh.",neither,0.03806528570573744,0.3693331668636201,0.5926015474306424
"Bidet from Asheville, NC!!!!!!",neither,0.04066490145509902,0.30981049537100724,0.6495246031738937
I'm excited to see what their next characters will be like,neither,0.058501171386994844,0.3300123117950607,0.6114865168179445
bidet from sydney australia! one more for vox machina!,neither,0.036403473724985244,0.3108602206808821,0.6527363055941326
TearGlove FreakinStinkin RuleFive NotLikeThis WutFace BibleThump,neither,0.03945320844208391,0.33037608806864915,0.630170703489267
Bidet!,neither,0.03945320844208391,0.33037608806864915,0.630170703489267
Bedit,neither,0.03945320844208391,0.33037608806864915,0.630170703489267
Bidet From Central Michigan,neither,0.04041510871920598,0.31405013000620496,0.645534761274589
Who's ready? not me lol,offensive_language,0.02372065097705563,0.5152028434323841,0.46107650559056024
"The ironic part is that I found this late, and with this exact episode, I am now caught up, just in time for it to end.",neither,0.031376899707701536,0.3636547530041386,0.6049683472881598
#scantheman,neither,0.03945320844208391,0.33037608806864915,0.630170703489267
Vex is bea,neither,0.081172750358939,0.3160268245287109,0.60280042511235
Imma miss Scanlin,neither,0.031010494810582778,0.3332799244322429,0.6357095807571743
bidet and thanks for all the fishes,neither,0.03260949898463403,0.2987842168186114,0.6686062841967546
this is the earliest I have been for an episode yet,neither,0.039494930923379544,0.3013836101903732,0.6591214588862474
@Lana050513 Bidet from Florida too!!!! :D,neither,0.04041889868587082,0.3139858043808779,0.6455952969332514
so sad that he had to use that 9th level spell :( :(,neither,0.021790744806739395,0.4574870205129795,0.520722234680281
bidet from bright sunny rainy Tampa Florida!,neither,0.04015332710744608,0.3184932471533358,0.641353425739218
<3,neither,0.03945320844208391,0.33037608806864915,0.630170703489267
MY LOVE<3<3,offensive_language,0.016158302851838294,0.5251546595362018,0.45868703761195984
It’s like listening to the end of the adventure zone arc,neither,0.04756100141290888,0.31790873355860105,0.63453026502849
here we go. all of the feels tonight,neither,0.0778450080170919,0.32358577279656053,0.5985692191863475
<3,neither,0.03945320844208391,0.33037608806864915,0.630170703489267
"repeat The channel has gone live, if you cannot see fan art please refresh.",neither,0.038150731619647,0.36679518278224515,0.5950540855981077
Bidet for the last time from WA!!!!!!!!!!!!!!!!!!!!!!!!!!!!!!!!!!!!!!!!!!!!!,neither,0.033567598574143945,0.29330037622198063,0.6731320252038754
"I'm way behind, I should not watch this",neither,0.05644907609143269,0.3707002791905277,0.5728506447180396
bidet from Bahrain,neither,0.04228451509352876,0.2823214250720796,0.6753940598343917
Im SCARED,neither,0.038256595597773745,0.3757511155271296,0.5859922888750968
plot leak* Tonight Nightbot ascends to god hood and the chat is tpk,neither,0.08401845406763249,0.2811697702074577,0.6348117757249098
ONCE MORE UNTO THE BREACH,neither,0.04033521302238338,0.30618005218131167,0.6534847347963051
so pumped,neither,0.03940934168832202,0.38195233036853654,0.5786383279431415
Scanlan is my life,offensive_language,0.02790354359700344,0.5330163948326785,0.43908006157031804
gandsSubHype gandsSubHype gandsSubHype gandsSubHype gandsSubHype gandsSubHype gandsSubHype gandsSubHype gandsSubHype gandsSubHype gandsSubHype,neither,0.03945320844208391,0.33037608806864915,0.630170703489267
I love that art,neither,0.03191973319100901,0.39418299647259,0.5738972703364011
Bidet from Ohio,neither,0.040754399270683486,0.3082914838698526,0.650954116859464
feeeeeeeels,neither,0.03945320844208391,0.33037608806864915,0.630170703489267
I only finished watch 114 yesterday,neither,0.04349475398098089,0.3289860152303167,0.6275192307887025
Vacation tomorrow!! BRING IT!!,neither,0.03818140727611013,0.3308135188088363,0.6310050739150537
*hugs to all*,neither,0.05113588537118638,0.4187451783888502,0.5301189362399633
"Not goodbye Vox Machina, LONG LIVE VOX MACHINA!!!",neither,0.04217146718194926,0.33174547389682696,0.6260830589212237
sobbing bidet from zurich the last time go Vox Machina :(,neither,0.03957466135579119,0.32113271982389235,0.6392926188203164
myh god... its ending... and im still in chap 45...,neither,0.0333765681278592,0.33640316266047693,0.630220269211664
Beep beep,neither,0.03945320844208391,0.33037608806864915,0.630170703489267
bidet from OS ON,neither,0.03755627544803699,0.32567911166405483,0.6367646128879082
I'm not ready for the denouement. My poor heart can't take this,neither,0.026008314182196086,0.3594263562743822,0.6145653295434217
Bidet from Calgary,neither,0.04228451509352876,0.2823214250720796,0.6753940598343917
bidet from Australia!,neither,0.04062582848913359,0.31047366557575606,0.6489005059351104
HYPE,neither,0.03945320844208391,0.33037608806864915,0.630170703489267
Who's ready to cry?,neither,0.04808335687769839,0.39977708914471194,0.5521395539775896
Bidet,neither,0.03945320844208391,0.33037608806864915,0.630170703489267
I'm so ready. No good story doesn't end. It's time.,neither,0.036436583855335034,0.38901444268291674,0.5745489734617483
what is the eta of the start of the show,neither,0.06587754031656844,0.22098135453450304,0.7131411051489285
Bummer I’m almost caught up and I wanted to see a live show,neither,0.054770499841224056,0.28393985382141557,0.6612896463373603
bidet from the uk; first time i've been on for the live stream :),neither,0.01995932292360686,0.2990380248040047,0.6810026522723884
"I was going to create a straw poll for what state people are watching in, and then I remembered this is an international show.",neither,0.12034395847466543,0.1901016407846586,0.689554400740676
"bidet from melbourne, australia!!",neither,0.04062582848913359,0.31047366557575606,0.6489005059351104
this is going to be so hard to watch isn't it,offensive_language,0.05149648146652685,0.5424420883382243,0.4060614301952489
Bidet from Boise,neither,0.04228451509352876,0.2823214250720796,0.6753940598343917
Beep Beep and Bide from UT!,neither,0.039674772959784124,0.26576846215513467,0.6945567648850811
bidet from oregon,neither,0.04071751644889743,0.3089174816120565,0.6503650019390461
Bedet from CR Iowa,neither,0.04036266062233628,0.31494031108870923,0.6446970282889545
"That whole, what's the worst character series of art really hits me.",neither,0.03598318611243313,0.35403646882054024,0.6099803450670266
"i don't know how rap battles work, but is Eminem the new US President now?",neither,0.06828439872599523,0.2663380588749924,0.6653775423990125
YEAH!,offensive_language,0.013968601452186464,0.5182923869769311,0.4677390115708824
goodbye my sweet Vox Machina. we must part ways.,neither,0.032149898142150475,0.3798710393119295,0.58797906254592
SO MAY FEELS!,neither,0.0410947706845179,0.3534702303067253,0.6054349990087569
There will be more right? RIGHT???,neither,0.040988717670410346,0.29812936000315665,0.660881922326433
"BIDET FROM PENSCOLA, FLA~",neither,0.04228451509352876,0.2823214250720796,0.6753940598343917
GET YOUR TISSUES,neither,0.14235985748067603,0.3201761127106659,0.5374640298086582
gandsSCANLAN gandsSCANLAN gandsSCANLAN gandsSCANLAN gandsSCANLAN gandsSCANLAN gandsSCANLAN,neither,0.03945320844208391,0.33037608806864915,0.630170703489267
bidet from denver,neither,0.04069404815304118,0.30931579984010865,0.6499901520068502
lets GO!!!!!!!!!!!!!,neither,0.039984317429425154,0.35542799280679366,0.6045876897637812
"lol ""I guess I could be a Gnome Bard."" And now he's MVP.",neither,0.03635775200344434,0.34651631896991114,0.6171259290266444
Bidet from Japan,neither,0.04069404815304118,0.30931579984010865,0.6499901520068502
IN4 RIDING INTO SUNSET,neither,0.03945320844208391,0.33037608806864915,0.630170703489267
Long live Vox Machina! Hip hip! HUZZAH!!!,neither,0.042250938853997,0.32811028489521493,0.6296387762507881
Luv the magazine cover one,neither,0.038136647400587434,0.3414694079791363,0.6203939446202763
"I'm very excited and sad for tonight. Please hold me, guys. :hug:",neither,0.03059942349017667,0.30429128397191907,0.6651092925379043
it has been a long road i am kind of sad that this is the end of vox machina's adventures yet i am also looking forward to the begining of a new story as well,neither,0.04276805927786762,0.30919072757430094,0.6480412131478315
I'M NOT EMOTIONALLY READY FOR THIS!!!!,neither,0.03313386028565227,0.3098371614221141,0.6570289782922337
Bidet from Rome ga,neither,0.040402255548430084,0.3142682818583747,0.6453294625931952
Hail Vox Machina!,neither,0.03945320844208391,0.33037608806864915,0.630170703489267
"Help G&S make great content! $4.99/month gets you emotes, Minecraft server access, Sub Only Q&As, VODs, and more! Every sub keeps the channel alive! twitch.tv/geekandsundry/subscribe",neither,0.043092924924402844,0.32365565443818894,0.6332514206374082
bidet from OHIO!!!!,neither,0.040754399270683486,0.3082914838698526,0.650954116859464
Thank you Vox Machina! Love all of you at GNS,offensive_language,0.08184476950866443,0.608324417517834,0.3098308129735015
Are we prepared for the vax/scanlan feels?,neither,0.05279939473999597,0.2593092050772377,0.6878914001827663
Bidet from NJ,neither,0.04069404815304118,0.30931579984010865,0.6499901520068502
Bidet from Manitoba,neither,0.04228451509352876,0.2823214250720796,0.6753940598343917
"im not crying, you are",neither,0.1020707646470345,0.3755484363759635,0.5223807989770021
Bidet from Texas!,neither,0.040937266849991,0.30518774380265185,0.6538749893473571
And so It begins,neither,0.03702075117330028,0.3334064572415291,0.6295727915851705
liams tweet,neither,0.03945320844208391,0.33037608806864915,0.630170703489267
Bidet from Regina! I'm nott ready for the tale of Vox Machina to be over. Many tears will be shed tonight. :(,neither,0.03781937029590246,0.28038708303377946,0.6817935466703182
Bidet from south of Indy,neither,0.040384346274280176,0.31457224898017966,0.6450434047455402
I don't think anyone is ready for this episode.,neither,0.04084558395884743,0.29893370959068283,0.6602207064504697
BibleThump BibleThump BibleThump,neither,0.03945320844208391,0.33037608806864915,0.630170703489267
Bidet from Texas,neither,0.040937266849991,0.30518774380265185,0.6538749893473571
Bidet From GA. my first live episode is the last of VM :(,neither,0.0342649854365406,0.36399315726538534,0.6017418572980741
"Bidet from Perry, Iowa",neither,0.040398836182680774,0.31432631741897393,0.6452748463983453
Bidet from Wisconsin,neither,0.04071751644889743,0.3089174816120565,0.6503650019390461
"bidet from austin, tx!",neither,0.0404991143919742,0.31262433450199256,0.6468765511060333
BIDET for the last episode of CR,neither,0.034135735503057645,0.2951730261784912,0.6706912383184511
I wonder if the characters will meet keyleth next campaign?,neither,0.027633523031724942,0.3478354669218951,0.62453101004638
Bidet from Acadiana,neither,0.04228451509352876,0.2823214250720796,0.6753940598343917
"bidet from slc, ut",neither,0.04071751644889743,0.3089174816120565,0.6503650019390461
Always give love to your gnome bard.,neither,0.08605486682141428,0.39590071059695386,0.5180444225816317
All the feels,neither,0.04041261548153874,0.4028587178778677,0.5567286666405936
BIDET!,neither,0.03945320844208391,0.33037608806864915,0.630170703489267
I'm not ready,neither,0.03741288854270606,0.3380962759290845,0.6244908355282094
"New sub! HAD to see this one live. Thank you, Vox Machina!! Looking forward to whatever you wonderful people do next!",neither,0.09391487780734394,0.34767859256246786,0.5584065296301881
BIDET from the PHILIPPINES!,neither,0.039779025773403386,0.2539611253407979,0.7062598488857987
gandsLessthanthree,neither,0.03945320844208391,0.33037608806864915,0.630170703489267
We are all crying,neither,0.07972093182264152,0.3652670693961354,0.5550119987812231
bidet from the bay,neither,0.03960389069642851,0.29144428978213127,0.6689518195214403
I'm... I'm not ready... :(,neither,0.03741288854270606,0.3380962759290845,0.6244908355282094
I hope Ashley is there,neither,0.08955361153041148,0.1813032052540831,0.7291431832155053
Critters are universal!!!,neither,0.07187469396139935,0.27634098980219296,0.6517843162364078
gently weeps,neither,0.03945320844208391,0.33037608806864915,0.630170703489267
nope we are not prepared,neither,0.060126086671271325,0.2970482636414972,0.6428256496872314
I'm not ready for this jelly,neither,0.03301337645240683,0.3094525197465614,0.6575341038010317
Bidet from the east coast!,neither,0.03957574166208066,0.29812588388908123,0.6622983744488381
<< maybe one of the few people super excited for a new campaign and new characters. i like change =),neither,0.057807384084215534,0.22490416882103645,0.7172884470947479
Love these guys and gals. I am definitely not ready to say goodbye to these characters. BibleThump,neither,0.053483903228419734,0.3869955336570357,0.5595205631145446
Much love from Tennessee!,neither,0.034042771231500894,0.32700564875170235,0.6389515800167967
#ThanksVoxMachina,neither,0.03945320844208391,0.33037608806864915,0.630170703489267
"Hi Chat, we have 13 mins before Critical Role ep 115 starts. Please take the opportunity to visit the restroom, grab some drinks and snacks. Pull up a comfy chair, and get ready to watch tonight’s episode. Have tissue and hugs at the ready.",neither,0.037666062231534805,0.3261099405595525,0.6362239972089127
Can't believe this will be the end of Vox Machina,neither,0.04048674602126538,0.29245436986280443,0.6670588841159303
off to the alpha,neither,0.0460526019963515,0.30813601646823147,0.6458113815354171
"""We'll teach them how to say goodbye, say goodbye, say goodbye. One Last time....""",neither,0.048940239350625706,0.3027009866626874,0.6483587739866871
Already usin' those tissues. Stupid feels.,neither,0.145274413467276,0.19364452440013596,0.6610810621325881
guys I'm not ready,neither,0.03770084546916784,0.3388694736665946,0.6234296808642377
Bidet from NY!,neither,0.04084513770590474,0.30675141581570226,0.6524034464783931
Man tonight I'm going to cry like a girl,neither,0.04430845022513995,0.44312377208383025,0.5125677776910298
Bidet from Seattle,neither,0.040754399270683486,0.3082914838698526,0.650954116859464
MY FEEEELLLINGS,offensive_language,0.011017215557639733,0.6062201221254095,0.3827626623169507
I'm not,neither,0.03554889144452836,0.3454295093440936,0.619021599211378
i love it so much when people drawing the entire group keep tiberius in,neither,0.04171082251668261,0.3875380313484346,0.5707511461348829
"This better not be sad, I can’t cry at work",neither,0.03825510756249179,0.35474484798361294,0.6070000444538951
bidet for guyana!,neither,0.023896577328981292,0.2538532852897668,0.7222501373812519
Last Bidet of the show #Bittersweet,neither,0.05223979669657713,0.24811508759354833,0.6996451157098746
I LOVE YOU GUYS,neither,0.06167918433826641,0.4366455781003419,0.5016752375613917
Who else want G&S to make a cologne called COUNTERSPELL?,neither,0.045497709552427844,0.3749421331694976,0.5795601572780746
Bidet from NC USA,neither,0.04037932620557306,0.31465745264747463,0.6449632211469523
@arageth more like and now it enda,neither,0.05448954513560235,0.28076677403404415,0.6647436808303534
bidet from Manitoba!,neither,0.04228451509352876,0.2823214250720796,0.6753940598343917
"Bidet from Houston, TX~",neither,0.040501953574932,0.3125761461575217,0.6469219002675464
"Bidet from AZ, critters!",neither,0.04078317879478948,0.307803020237201,0.6514138009680096
Bidet. It's the final one. At least for our beloved vox machina,neither,0.031821130986121715,0.33757911743251157,0.6305997515813667
"Bidet from Sacramento, CA",neither,0.04039749100449293,0.314349148603457,0.6452533603920501
Bidet,neither,0.03945320844208391,0.33037608806864915,0.630170703489267
I cant wait,neither,0.03945320844208391,0.33037608806864915,0.630170703489267
fanart time :D I love it!,neither,0.03125083858409248,0.3835192179278153,0.5852299434880922
I love you crazy Critters....,offensive_language,0.03919754408171123,0.572050984314492,0.38875147160379686
"Enjoy the view, this train ride is about to reach its destination",neither,0.04220565631203276,0.33462130994855593,0.6231730337394112
bidet from KC.,neither,0.04066490145509902,0.30981049537100724,0.6495246031738937
its amazing how even those who havent been watching for very long are so attached,neither,0.056611224650069646,0.3186296530479543,0.6247591223019762
"You know what, I'm kind of disappointed that Taryon didn't show up to the vecna fight with an upgraded flying Doty... I can still imagine it now... ""Doty, Take him down."" It would have been... Glorious.",neither,0.038735794446892624,0.3861883420201949,0.5750758635329125
i hope ashley at least gets to skype in for this she can't miss the last episode with vox machina!,neither,0.04417564701495641,0.3154818624006684,0.6403424905843753
bidet from cny!,neither,0.04228451509352876,0.2823214250720796,0.6753940598343917
AAAaaaahhh BibleThump,neither,0.03945320844208391,0.33037608806864915,0.630170703489267
READY FOR A TPK,neither,0.030736901247085696,0.28695379466960164,0.6823093040833126
tonight episode BibleThump BibleThump,neither,0.036449411291566806,0.30522267745576115,0.6583279112526721
@tick_tock83 = also bidet from Manitoba!,neither,0.04106389839533116,0.30303847599623085,0.655897625608438
#ThanksVoxMachina,neither,0.03945320844208391,0.33037608806864915,0.630170703489267
Bidet from Western Australia,neither,0.040334677536117594,0.315415257091876,0.6442500653720065
crossed fingers that Ashley is there in person. Also ALL the guests,neither,0.04204206179748866,0.3577781141237357,0.6001798240787757
