text,top_class,hate_speech,offensive_language,neither
"To the cast, thank you for allowing us to journey with you!",neither,0.08728668863341521,0.3708065756174989,0.5419067357490859
gandsTrinketArmor,neither,0.03945320844208391,0.33037608806864915,0.630170703489267
UK crew coming in strong,neither,0.03945320844208391,0.33037608806864915,0.630170703489267
how is matt going to portray the fact that revenants can't be resurrected when their mission is completed,neither,0.04188740898522529,0.37137559317841046,0.5867369978363642
"This is history, right here. Very cool! Remember, just don't be a dick! <3 gandsLessthanthree",offensive_language,0.10180333424845751,0.6924959068008821,0.20570075895066048
So exited for the next campaign,neither,0.03200882514958178,0.33964238063207125,0.6283487942183469
"The Epilogue of Vox Machina, but most certainly not the end of their journey.",neither,0.035125749590935784,0.31820314825926205,0.6466711021498021
bidet from Annapolis md,neither,0.04062582848913359,0.31047366557575606,0.6489005059351104
bidet from ft. Campbell,neither,0.04036266062233628,0.31494031108870923,0.6446970282889545
"Yay, I'm a subscriber now PogChamp",neither,0.03945320844208391,0.33037608806864915,0.630170703489267
gandsLessthanthree gandsLessthanthree,neither,0.03945320844208391,0.33037608806864915,0.630170703489267
@crittybangbang <3,neither,0.03945320844208391,0.33037608806864915,0.630170703489267
"Just remember everyone, we all love the journey. Now we can love a new cast of characters, and we can finally see Travis use his smarts.",neither,0.02819101243502377,0.39816305872326063,0.5736459288417156
anyone know if pike could make it?,neither,0.022172364900389846,0.3842329657958421,0.5935946693037681
https://www.youtube.com/watch?v=BcIjFeWE4fE some brevity,neither,0.03707459745559776,0.3390112988096893,0.6239141037347129
Finally Subbed!! Yay I am free of these shackles!!,neither,0.04532808149210116,0.378478187349512,0.5761937311583868
Almost 30k before it even starts,neither,0.03519990245574794,0.3868668278849605,0.5779332696592916
"Buffalo, Minnesota checking in. I have a six pack of beer ready to go for whatever may happen tonight. Anyone else?",neither,0.03914911433548053,0.30232592328550933,0.6585249623790103
TN CRITTER,neither,0.03945320844208391,0.33037608806864915,0.630170703489267
IM NOT READYYYYY,neither,0.03538113873388505,0.40243864917510247,0.5621802120910123
"Im new here, whats the Bidet thing?",neither,0.08486226868425555,0.2323673311419584,0.6827704001737861
Awh! Tibs was in the background of one of the pictures!,neither,0.03733145088539045,0.33110892368185163,0.6315596254327579
Bidet from Vegas,neither,0.040853311764050625,0.30661268071637476,0.6525340075195746
Bidet from Mississippi,neither,0.040754399270683486,0.3082914838698526,0.650954116859464
ready for the last ep ever of vox mochina,neither,0.03419525946001396,0.2955669662226085,0.6702377743173776
are we ever going to find out more about the rune children,neither,0.05834839317565507,0.2712053381045271,0.6704462687198177
bidet and beep beep from Seattle,neither,0.039681603862927066,0.26414184792613987,0.6961765482109331
"bidet from KC, MO",neither,0.040439121677047545,0.3136425674428074,0.6459183108801451
I hope they intro the new pc’s tonight,neither,0.06335938621903457,0.17197702478782448,0.7646635889931409
and now it ends ...for now,neither,0.033108965058688974,0.2765613804697587,0.6903296544715523
so grateful for the past two years I've spent dedicating my Thursdays to Vox Machina. Made the worst weeks bearable <3,neither,0.024336777809980087,0.33563679646042677,0.6400264257295931
here we go!,neither,0.13156755280784707,0.2765461283225309,0.5918863188696221
TURNT,neither,0.03945320844208391,0.33037608806864915,0.630170703489267
gandsMatt !,neither,0.03945320844208391,0.33037608806864915,0.630170703489267
ahhh,neither,0.03945320844208391,0.33037608806864915,0.630170703489267
its here,neither,0.11304804868039274,0.2693716569310093,0.617580294388598
I should be studying for a chem test BUT DANG IT I AM HERE ANYWAYS,neither,0.0684125078914553,0.3142745637081655,0.6173129284003793
Bidet from Clovis,neither,0.04228451509352876,0.2823214250720796,0.6753940598343917
ahhh too many feelings cant decide wine or coffee,neither,0.045065760929499134,0.23511642476242947,0.7198178143080713
yes,neither,0.03945320844208391,0.33037608806864915,0.630170703489267
Bidet from Seattle!!!,neither,0.040754399270683486,0.3082914838698526,0.650954116859464
AHHHHHHHHHHHHH,neither,0.03945320844208391,0.33037608806864915,0.630170703489267
its been a fun ride friends!!!,neither,0.03376596620132181,0.3371671665089949,0.6290668672896833
Will Liam spend most of the night trying to get Marisha and Laura to cry?,neither,0.04186599471559994,0.2836201304807467,0.6745138748036534
Kreygasm my tear ducks are ready Kreygasm,neither,0.04681315090495787,0.3630214326565381,0.5901654164385042
FINAL EPISODE!,neither,0.03945320844208391,0.33037608806864915,0.630170703489267
bidet from Denver,neither,0.04069404815304118,0.30931579984010865,0.6499901520068502
NOOOOO,neither,0.03945320844208391,0.33037608806864915,0.630170703489267
Been one hell of a ride,offensive_language,0.040657844211154474,0.7604620818031306,0.19888007398571497
!!!,neither,0.03945320844208391,0.33037608806864915,0.630170703489267
"guys, tibs was in the background in one of the pics gandsLessthanthree",neither,0.03736634999786261,0.3324671869204899,0.6301664630816476
gandsMatt gandsMatt gandsMatt gandsMatt gandsMatt gandsMatt gandsMatt,neither,0.03945320844208391,0.33037608806864915,0.630170703489267
MMMMM im not ready,neither,0.036615750487804924,0.38017749597190786,0.5832067535402872
Beep Beep Bidet from Wisconsin!,neither,0.04071751644889743,0.3089174816120565,0.6503650019390461
cant wait,neither,0.03945320844208391,0.33037608806864915,0.630170703489267
IT BEGIN,neither,0.03766131712739339,0.3309924016600271,0.6313462812125794
yay !,neither,0.03945320844208391,0.33037608806864915,0.630170703489267
OH FUCK,offensive_language,0.2962656353347589,0.7037309200541659,3.4446110751798387e-06
AUGHGHGHHHHAGHAH,neither,0.03945320844208391,0.33037608806864915,0.630170703489267
bidet from MD yall,neither,0.03906123926959859,0.3370288278837496,0.6239099328466517
FUCK,offensive_language,0.34803241646388117,0.6519675835059184,3.0200377847433446e-11
"Oh man, so who's ready to get punched right in the heart by the post campaign emotions?",neither,0.04492830921036815,0.41375226240659324,0.5413194283830387
Bidet from upstate New York!,neither,0.0434230435812576,0.23816394028302149,0.7184130161357208
NOPOOOO,neither,0.03945320844208391,0.33037608806864915,0.630170703489267
!!!,neither,0.03945320844208391,0.33037608806864915,0.630170703489267
"Bidet from Ohio! Let's do this, one last time. Thank you for everything Vox Machina.",neither,0.03307564067641564,0.38580235960167875,0.5811219997219056
IT BEGINS,neither,0.037828236809968684,0.3309349903269868,0.6312367728630445
YEAH,offensive_language,0.013968601452186464,0.5182923869769311,0.4677390115708824
May many gandsCrit be rolled tonight,neither,0.038616029470187024,0.29382393497640874,0.6675600355534044
LAST EPISODE,neither,0.03945320844208391,0.33037608806864915,0.630170703489267
YAAAAAAAAAY,neither,0.03945320844208391,0.33037608806864915,0.630170703489267
AH!,neither,0.03945320844208391,0.33037608806864915,0.630170703489267
AHHHHHH,neither,0.03945320844208391,0.33037608806864915,0.630170703489267
NOOOOOOOOO,neither,0.03945320844208391,0.33037608806864915,0.630170703489267
HYPE,neither,0.03945320844208391,0.33037608806864915,0.630170703489267
been hee since the eps 1 such a journey,neither,0.03834439383695124,0.31312270694031025,0.6485328992227386
WOOOO,neither,0.03945320844208391,0.33037608806864915,0.630170703489267
BibleThump,neither,0.03945320844208391,0.33037608806864915,0.630170703489267
i'm not ready!!!!,neither,0.03741288854270606,0.3380962759290845,0.6244908355282094
here we go,neither,0.13156755280784707,0.2765461283225309,0.5918863188696221
gandsSubHype gandsSubHype gandsSubHype gandsSubHype gandsSubHype gandsSubHype gandsSubHype,neither,0.03945320844208391,0.33037608806864915,0.630170703489267
WOOOOOOOOOOOOOO,neither,0.03945320844208391,0.33037608806864915,0.630170703489267
whoooooo!,neither,0.03945320844208391,0.33037608806864915,0.630170703489267
"Can I just give a shout out to all the amazing crew at Geek & Sundry, the moderators who put up with us, CritRoleStats, CRTranscript, and everyone else who works their butts off every week dealing with us and bringing us an amazing show?",neither,0.06349626175403153,0.4058036144679493,0.5307001237780191
AAAAhhhhhhhhhh,neither,0.03945320844208391,0.33037608806864915,0.630170703489267
AAAAAHHHHHHH,neither,0.03945320844208391,0.33037608806864915,0.630170703489267
wwoooooooo,neither,0.03945320844208391,0.33037608806864915,0.630170703489267
BIDET FROM ENGLAND 3AM HYPE!!,neither,0.04026317839970804,0.31662878403462286,0.6431080375656691
AHHH!!,neither,0.03945320844208391,0.33037608806864915,0.630170703489267
AHHH,neither,0.03945320844208391,0.33037608806864915,0.630170703489267
i need to the bathroom,neither,0.0459777900847838,0.30628905319968297,0.6477331567155332
ITS TIME,neither,0.028403263479439233,0.36615975061363926,0.6054369859069215
NYC!!!,neither,0.03945320844208391,0.33037608806864915,0.630170703489267
gandsMatt gandsMatt gandsMatt gandsMatt gandsMatt gandsMatt gandsMatt gandsMatt gandsMatt gandsMatt,neither,0.03945320844208391,0.33037608806864915,0.630170703489267
AAHHHHHH,neither,0.03945320844208391,0.33037608806864915,0.630170703489267
YAS,neither,0.03945320844208391,0.33037608806864915,0.630170703489267
PogChamp,neither,0.03945320844208391,0.33037608806864915,0.630170703489267
Yaaaaas,neither,0.03945320844208391,0.33037608806864915,0.630170703489267
gahhhhhhhh,neither,0.03945320844208391,0.33037608806864915,0.630170703489267
WOOOO last episode!!,neither,0.03945320844208391,0.33037608806864915,0.630170703489267
YAAAAY. NOOOOONNOOOOOOO,neither,0.03945320844208391,0.33037608806864915,0.630170703489267
AHHH],neither,0.03945320844208391,0.33037608806864915,0.630170703489267
woot,neither,0.03945320844208391,0.33037608806864915,0.630170703489267
here we go,neither,0.13156755280784707,0.2765461283225309,0.5918863188696221
AAAAAAAAAAAAAH,neither,0.03945320844208391,0.33037608806864915,0.630170703489267
WOOOOOOO,neither,0.03945320844208391,0.33037608806864915,0.630170703489267
gandsSubHype gandsSubHype gandsSubHype gandsSubHype gandsSubHype,neither,0.03945320844208391,0.33037608806864915,0.630170703489267
How bittersweet this is to everyone.,neither,0.04657452253817866,0.41336630412551406,0.5400591733363073
imma cry,neither,0.03945320844208391,0.33037608806864915,0.630170703489267
aaaaaaaaaaaaaaaaa,neither,0.03945320844208391,0.33037608806864915,0.630170703489267
We doing this!,neither,0.03908254546251578,0.3366672061852124,0.6242502483522718
gandsSubHype gandsSubHype gandsSubHype gandsSubHype gandsSubHype gandsSubHype gandsSubHype gandsSubHype,neither,0.03945320844208391,0.33037608806864915,0.630170703489267
ITS HERE,neither,0.11304804868039274,0.2693716569310093,0.617580294388598
here it goes ...,neither,0.10976422465072284,0.27698570732611416,0.613250068023163
AAAAHHHH,neither,0.03945320844208391,0.33037608806864915,0.630170703489267
PogChamp //,neither,0.03945320844208391,0.33037608806864915,0.630170703489267
YYYEAEAAHH,neither,0.03945320844208391,0.33037608806864915,0.630170703489267
YAY,neither,0.03945320844208391,0.33037608806864915,0.630170703489267
WOOOOO!,neither,0.03945320844208391,0.33037608806864915,0.630170703489267
ahhh <3,neither,0.03945320844208391,0.33037608806864915,0.630170703489267
Feels already!,neither,0.038174604334439324,0.3520773366661952,0.6097480589993656
OH MY GOD,neither,0.030266422441093326,0.38268872444249025,0.5870448531164164
gandsNatTwenty gandsSubHype gandsNatTwenty gandsSubHype gandsCrit gandsSubHype TableHere CurseLit gandsSubHype,neither,0.03945320844208391,0.33037608806864915,0.630170703489267
it begins,neither,0.037828236809968684,0.3309349903269868,0.6312367728630445
yay!,neither,0.03945320844208391,0.33037608806864915,0.630170703489267
gandsSubHype gandsSubHype gandsSubHype gandsSubHype,neither,0.03945320844208391,0.33037608806864915,0.630170703489267
perfect timing,neither,0.03945320844208391,0.33037608806864915,0.630170703489267
here we goooooooooo,neither,0.15579607761817918,0.2572279575342963,0.5869759648475245
oh hell,offensive_language,0.04851296122505437,0.841912910108526,0.10957412866641962
gandsSubHype gandsSubHype gandsSubHype gandsSubHype gandsSubHype gandsSubHype gandsSubHype gandsSubHype gandsSubHype gandsSubHype gandsSubHype gandsSubHype gandsSubHype gandsSubHype,neither,0.03945320844208391,0.33037608806864915,0.630170703489267
IM NOT READY,neither,0.036615750487804924,0.38017749597190786,0.5832067535402872
here we gooooo!,neither,0.09154844660801302,0.2919375864367539,0.6165139669552331
<3,neither,0.03945320844208391,0.33037608806864915,0.630170703489267
Thanks to the artists!,neither,0.043359349152365265,0.29395377287686375,0.6626868779707709
OMG!!!!!,neither,0.03945320844208391,0.33037608806864915,0.630170703489267
OH NO,neither,0.04751210705993949,0.26629718932274826,0.6861907036173122
Yes!,neither,0.03945320844208391,0.33037608806864915,0.630170703489267
WOOOOOOOOOO,neither,0.03945320844208391,0.33037608806864915,0.630170703489267
yeah!,offensive_language,0.013968601452186464,0.5182923869769311,0.4677390115708824
I CANT DO ITTTT,neither,0.04173910929690324,0.32958986194331574,0.6286710287597809
gandsLessthanthree gandsLessthanthree gandsLessthanthree gandsLessthanthree,neither,0.03945320844208391,0.33037608806864915,0.630170703489267
Ahhhhhh!!! Yay!,neither,0.03945320844208391,0.33037608806864915,0.630170703489267
Here we gooooooooooooooo!!!!,neither,0.15579607761817918,0.2572279575342963,0.5869759648475245
The End.....,neither,0.038027216875677346,0.30385830561603894,0.6581144775082837
"Bidet from San Antonio, Texas!",neither,0.04031505647017286,0.3157482777878597,0.6439366657419674
TOO SOOON,neither,0.038798963802794226,0.34148032703984427,0.6197207091573615
gandsSubHype gandsSubHype gandsSubHype gandsSubHype,neither,0.03945320844208391,0.33037608806864915,0.630170703489267
PogChamp,neither,0.03945320844208391,0.33037608806864915,0.630170703489267
AHH HERE WE GO HOLD ME,neither,0.06877064444158118,0.3375450131926535,0.5936843423657654
here it is!,neither,0.18920298618551698,0.2433825668613281,0.5674144469531549
OOOOH GOD,neither,0.03945320844208391,0.33037608806864915,0.630170703489267
Grab your tissues,neither,0.09019807683391844,0.31619390813197223,0.5936080150341094
gandsLessthanthree gandsLessthanthree gandsLessthanthree gandsLessthanthree gandsLessthanthree gandsLessthanthree gandsLessthanthree,neither,0.03945320844208391,0.33037608806864915,0.630170703489267
gandsSubHype gandsSubHype gandsSubHype gandsSubHype gandsSubHype gandsSubHype gandsSubHype gandsSubHype gandsSubHype gandsSubHype gandsSubHype gandsSubHype gandsSubHype gandsSubHype gandsSubHype gandsSubHype gandsSubHype gandsSubHype gandsSubHype gandsSubHype gandsSubHype,neither,0.03945320844208391,0.33037608806864915,0.630170703489267
AHHHHH,neither,0.03945320844208391,0.33037608806864915,0.630170703489267
hi,neither,0.03945320844208391,0.33037608806864915,0.630170703489267
OMFG HERE WE GO,neither,0.09333768535031543,0.29593707237390854,0.6107252422757761
aa,neither,0.03945320844208391,0.33037608806864915,0.630170703489267
omg its starting!!!!,neither,0.03308592528352114,0.33256608872248455,0.6343479859939943
NOOOOO!!!!!,neither,0.03945320844208391,0.33037608806864915,0.630170703489267
Bidet from McKinney TX,neither,0.04081748366884477,0.3072207769958956,0.6519617393352596
HI EVERYONE,neither,0.032490659208996964,0.4485487193596734,0.5189606214313296
ya boy,offensive_language,0.021337432762314312,0.6773393571665041,0.30132321007118174
AAAAAAAAAAAAAAAAAHHHHHHHHHHHHHHHHHHHHHHHHHHHHHHH,neither,0.03945320844208391,0.33037608806864915,0.630170703489267
and break our hearts,neither,0.03872020658718504,0.29358263697138276,0.6676971564414323
oshiE oshiW juliaK,neither,0.03945320844208391,0.33037608806864915,0.630170703489267
its STARTED,neither,0.03136499154802464,0.33315799674857516,0.6354770117034002
AHHH!!!,neither,0.03945320844208391,0.33037608806864915,0.630170703489267
gandsLessthanthree gandsLessthanthree gandsLessthanthree gandsLessthanthree gandsLessthanthree gandsLessthanthree gandsLessthanthree gandsLessthanthree gandsLessthanthree gandsLessthanthree gandsLessthanthree gandsLessthanthree gandsLessthanthree gandsLessthanthree gandsLessthanthree gandsLessthanthree gandsLessthanthree gandsLessthanthree,neither,0.03945320844208391,0.33037608806864915,0.630170703489267
NO THE FEELS,neither,0.03728540064203975,0.3277821018800681,0.6349324974778923
It's showtime!,neither,0.037828236809968684,0.3309349903269868,0.6312367728630445
gandsRaid gandsRaid gandsRaid gandsRaid gandsRaid gandsRaid gandsRaid gandsRaid gandsRaid gandsRaid gandsRaid gandsRaid,neither,0.03945320844208391,0.33037608806864915,0.630170703489267
WWOOOOO,neither,0.03945320844208391,0.33037608806864915,0.630170703489267
wooooo,neither,0.03945320844208391,0.33037608806864915,0.630170703489267
gandsSubHype gandsSubHype gandsSubHype gandsSubHype,neither,0.03945320844208391,0.33037608806864915,0.630170703489267
holy shit it's actually the last episode of Vox Machina BibleThump,offensive_language,0.04664452483620893,0.9430415231983571,0.010313951965434092
oh lord,neither,0.046192855847311955,0.26685084782252855,0.6869562963301595
Yesßsss,neither,0.03945320844208391,0.33037608806864915,0.630170703489267
"ohhhhh boy, here we go",neither,0.08222093712823977,0.3020999009445042,0.615679161927256
dont say it!,neither,0.03728308538045459,0.331122492901844,0.6315944217177014
bidet from st petersburg!,neither,0.0408948396164547,0.30590784468201904,0.6531973157015263
bidet from idnianpolis,neither,0.04228451509352876,0.2823214250720796,0.6753940598343917
Its lit fam,neither,0.033419918738826146,0.332451213057734,0.6341288682034397
woo,neither,0.03945320844208391,0.33037608806864915,0.630170703489267
BibleThump,neither,0.03945320844208391,0.33037608806864915,0.630170703489267
woohoo,neither,0.03945320844208391,0.33037608806864915,0.630170703489267
<3 <3 <3,neither,0.03945320844208391,0.33037608806864915,0.630170703489267
PogChamp,neither,0.03945320844208391,0.33037608806864915,0.630170703489267
gandsSubHype gandsSubHype gandsSubHype,neither,0.03945320844208391,0.33037608806864915,0.630170703489267
I'm not ready!!!!,neither,0.03741288854270606,0.3380962759290845,0.6244908355282094
<3 <3 <3 <3,neither,0.03945320844208391,0.33037608806864915,0.630170703489267
woooo,neither,0.03945320844208391,0.33037608806864915,0.630170703489267
HOLY MOLY,neither,0.03945320844208391,0.33037608806864915,0.630170703489267
gandsNopeNopeNope gandsNopeNopeNope gandsNopeNopeNope gandsNopeNopeNope,neither,0.03945320844208391,0.33037608806864915,0.630170703489267
AHHHHHHHHHHHHH,neither,0.03945320844208391,0.33037608806864915,0.630170703489267
maaaaatt,neither,0.03945320844208391,0.33037608806864915,0.630170703489267
FUUUUUUUCKKKKKK,neither,0.03945320844208391,0.33037608806864915,0.630170703489267
gandsSubHype gandsSubHype gandsSubHype gandsSubHype gandsSubHype gandsSubHype gandsSubHype gandsSubHype gandsSubHype gandsSubHype gandsSubHype gandsSubHype gandsSubHype gandsSubHype gandsSubHype,neither,0.03945320844208391,0.33037608806864915,0.630170703489267
bidet,neither,0.03945320844208391,0.33037608806864915,0.630170703489267
It's the final countdown.,neither,0.036466366492476206,0.30979339092760133,0.6537402425799225
Here we go. BibleThump,neither,0.13156755280784707,0.2765461283225309,0.5918863188696221
GO CUUUUUBS,neither,0.04276165647058889,0.34190019769565555,0.6153381458337556
AHHH,neither,0.03945320844208391,0.33037608806864915,0.630170703489267
woooot,neither,0.03945320844208391,0.33037608806864915,0.630170703489267
Woo!,neither,0.03945320844208391,0.33037608806864915,0.630170703489267
IM CRYING ALREADY,neither,0.03724067899830996,0.3883292761012358,0.5744300449004544
gandsSubHype gandsSubHype gandsSubHype gandsSubHype gandsSubHype gandsCrit gandsCrit gandsCrit gandsCrit gandsSubHype gandsSubHype gandsSubHype gandsSubHype gandsCrit gandsCrit,neither,0.03945320844208391,0.33037608806864915,0.630170703489267
AAAHHHG,neither,0.03945320844208391,0.33037608806864915,0.630170703489267
WOOOOOOO!!!!!,neither,0.03945320844208391,0.33037608806864915,0.630170703489267
*starts crying*,neither,0.03945320844208391,0.33037608806864915,0.630170703489267
im going to cry,neither,0.0441800547021316,0.3950300542208986,0.5607898910769697
gandsSubHype gandsSubHype gandsSubHype gandsSubHype gandsSubHype gandsSubHype gandsSubHype gandsSubHype gandsSubHype gandsSubHype gandsSubHype gandsSubHype gandsSubHype gandsSubHype gandsSubHype,neither,0.03945320844208391,0.33037608806864915,0.630170703489267
AHHHHHHHHHH NOOOOOOOOOOOO,neither,0.03945320844208391,0.33037608806864915,0.630170703489267
HEYYYYY,neither,0.03945320844208391,0.33037608806864915,0.630170703489267
woooooooo,neither,0.03945320844208391,0.33037608806864915,0.630170703489267
SHIT YUN,offensive_language,0.04372077427743313,0.9557473944474577,0.0005318312751092344
:(,neither,0.03945320844208391,0.33037608806864915,0.630170703489267
Love you guys!!,neither,0.06167918433826641,0.4366455781003419,0.5016752375613917
Here we go!,neither,0.13156755280784707,0.2765461283225309,0.5918863188696221
NOT GONNA CRY,neither,0.03651101226253444,0.39711198710585005,0.5663770006316156
WOOT!,neither,0.03945320844208391,0.33037608806864915,0.630170703489267
I'm going to cry at least 7 times,neither,0.043001312590277584,0.37158269372832925,0.5854159936813932
Ahhhhhhhhhhhhhhhh! TT_TT,neither,0.03945320844208391,0.33037608806864915,0.630170703489267
<3 <3 <3 <3 <3 <3,neither,0.03945320844208391,0.33037608806864915,0.630170703489267
BibleThump BibleThump BibleThump BibleThump BibleThump BibleThump BibleThump BibleThump,neither,0.03945320844208391,0.33037608806864915,0.630170703489267
epilogue O.O,neither,0.03945320844208391,0.33037608806864915,0.630170703489267
AAAAAAAAAAAAAAAAAHHHHHH!!!!!,neither,0.03945320844208391,0.33037608806864915,0.630170703489267
Wait woah on time,neither,0.03574824309971174,0.36148681797816906,0.6027649389221192
watching the first hour at work. must... not... cry,neither,0.03311558519737435,0.32962921431946585,0.6372552004831598
"bidet, and beep beep",neither,0.03763944115734239,0.1918412352459551,0.7705193235967025
gandsMatt gandsMatt gandsMatt gandsMatt gandsMatt,neither,0.03945320844208391,0.33037608806864915,0.630170703489267
YAY! and BOO!,neither,0.03866548506946083,0.29053499393182153,0.6707995209987176
crying!!!!!!,neither,0.03945320844208391,0.33037608806864915,0.630170703489267
YEAAH,neither,0.03945320844208391,0.33037608806864915,0.630170703489267
THE CHAPTER CLOSES :'(,neither,0.03843498882663835,0.31168514531390124,0.6498798658594604
Nooooooooooo,neither,0.03945320844208391,0.33037608806864915,0.630170703489267
oh god oh god oh god,neither,0.047523175703714664,0.25506489023357065,0.6974119340627147
WOOOOOOOOO!,neither,0.03945320844208391,0.33037608806864915,0.630170703489267
Fuck yeah!!!,offensive_language,0.10370730243492932,0.8962908387340361,1.8588310345579474e-06
so ready for this,neither,0.03150411019602629,0.3479540858914938,0.6205418039124799
EPILOGUE!!!!!!!!!!!!!!!!!!!!!!!!!!!!!!!,neither,0.03945320844208391,0.33037608806864915,0.630170703489267
gandsSubHype gandsSubHype gandsSubHype gandsSubHype gandsSubHype gandsSubHype gandsSubHype gandsSubHype gandsSubHype gandsSubHype gandsSubHype gandsSubHype gandsSubHype gandsSubHype gandsSubHype gandsSubHype,neither,0.03945320844208391,0.33037608806864915,0.630170703489267
Bidet BibleThump,neither,0.03945320844208391,0.33037608806864915,0.630170703489267
gandsMatt gandsLessthanthree,neither,0.03945320844208391,0.33037608806864915,0.630170703489267
gandsSubHype gandsSubHype gandsSubHype,neither,0.03945320844208391,0.33037608806864915,0.630170703489267
YEESSSSSS,neither,0.03945320844208391,0.33037608806864915,0.630170703489267
gandsLessthanthree gandsLessthanthree gandsLessthanthree,neither,0.03945320844208391,0.33037608806864915,0.630170703489267
Bidet from Nebraska!!!,neither,0.04062582848913359,0.31047366557575606,0.6489005059351104
Yay!,neither,0.03945320844208391,0.33037608806864915,0.630170703489267
the tears won't stop!!,neither,0.03836506650826527,0.3886614692942983,0.5729734641974363
KILLL MEE,neither,0.03945320844208391,0.33037608806864915,0.630170703489267
It's been an honor and a privelege,neither,0.037245972630092654,0.2908727210494263,0.671881306320481
WOOOOOO,neither,0.03945320844208391,0.33037608806864915,0.630170703489267
ooouhw,neither,0.03945320844208391,0.33037608806864915,0.630170703489267
Wooooooooot,neither,0.03945320844208391,0.33037608806864915,0.630170703489267
TwitchUnity TwitchUnity TwitchUnity,neither,0.03945320844208391,0.33037608806864915,0.630170703489267
Yay!,neither,0.03945320844208391,0.33037608806864915,0.630170703489267
NOOOOOOOOOOOOO,neither,0.03945320844208391,0.33037608806864915,0.630170703489267
gandsSubHype gandsSubHype gandsSubHype gandsSubHype gandsSubHype,neither,0.03945320844208391,0.33037608806864915,0.630170703489267
"Oh, the feelings...",neither,0.0449503926431614,0.24522485221566864,0.70982475514117
IM NOT READY,neither,0.036615750487804924,0.38017749597190786,0.5832067535402872
Does anyone else hear that echo?,neither,0.02725140034957133,0.44853739936638193,0.5242112002840467
AHHHHHH!,neither,0.03945320844208391,0.33037608806864915,0.630170703489267
I'm a sad,neither,0.03945320844208391,0.33037608806864915,0.630170703489267
gandsLessthanthree gandsLessthanthree gandsLessthanthree gandsLessthanthree gandsLessthanthree,neither,0.03945320844208391,0.33037608806864915,0.630170703489267
I am so not ready,neither,0.03761775429796561,0.3905700091390665,0.571812236562968
YEAHHHHHHHHHHHH,neither,0.03945320844208391,0.33037608806864915,0.630170703489267
bidet from Oakland CA!,neither,0.04043211762049359,0.3137614445616591,0.6458064378178473
gandsSCANLAN gandsAJinSpace gandsJesstatorship gandsTrinket gandsSubHype gandsMatt gandsGandsVaxSigil,neither,0.03945320844208391,0.33037608806864915,0.630170703489267
Hype!,neither,0.03945320844208391,0.33037608806864915,0.630170703489267
ahhhhhhhhhhhhhhhhhhhhhhh,neither,0.03945320844208391,0.33037608806864915,0.630170703489267
OMG OMG OMG OMG OMG,neither,0.03945320844208391,0.33037608806864915,0.630170703489267
FULLSCREEN!!,neither,0.03945320844208391,0.33037608806864915,0.630170703489267
Oh god Im not ready!!!,neither,0.04242458514920562,0.3182899270470689,0.6392854878037255
woooooooooo!,neither,0.03945320844208391,0.33037608806864915,0.630170703489267
mehdiREE mehdiREE mehdiREE mehdiREE mehdiREE mehdiREE mehdiREE mehdiREE mehdiREE mehdiREE mehdiREE mehdiREE mehdiREE mehdiREE mehdiREE mehdiREE mehdiREE mehdiREE mehdiREE mehdiREE mehdiREE mehdiREE,neither,0.03945320844208391,0.33037608806864915,0.630170703489267
no ashley!,neither,0.038465455673613855,0.34714083037889465,0.6143937139474915
"just got done playing mccree on overwatch, match ended just in time",neither,0.030218562925889494,0.4162032308367022,0.5535782062374082
IM READY,neither,0.03818232412599748,0.37856242343539415,0.5832552524386084
gandsSubHype gandsSubHype gandsSubHype,neither,0.03945320844208391,0.33037608806864915,0.630170703489267
gandsRaid gandsRaid gandsRaid gandsRaid gandsRaid gandsRaid gandsRaid gandsRaid gandsRaid gandsRaid gandsRaid gandsRaid gandsRaid gandsRaid gandsRaid gandsRaid gandsRaid,neither,0.03945320844208391,0.33037608806864915,0.630170703489267
gandsSubHype gandsSubHype gandsSubHype gandsSubHype gandsSubHype gandsSubHype gandsSubHype,neither,0.03945320844208391,0.33037608806864915,0.630170703489267
Holy hell!!!,offensive_language,0.04183669911814072,0.8081177332907072,0.15004556759115203
NNNNNNNOOOOOOOOOOOOO!!!,neither,0.03945320844208391,0.33037608806864915,0.630170703489267
Aaaaaahhhhhhhhh!,neither,0.03945320844208391,0.33037608806864915,0.630170703489267
ASHLEY?????,neither,0.03945320844208391,0.33037608806864915,0.630170703489267
Beginning of the end.,neither,0.03856961010827435,0.31421922815916076,0.6472111617325649
Oh boy,neither,0.04768565599480007,0.25364348607606696,0.698670857929133
:D,neither,0.03945320844208391,0.33037608806864915,0.630170703489267
gandsSubHype gandsSubHype gandsSubHype gandsSubHype gandsSubHype gandsSubHype gandsSubHype gandsSubHype gandsSubHype,neither,0.03945320844208391,0.33037608806864915,0.630170703489267
nooooo,neither,0.03945320844208391,0.33037608806864915,0.630170703489267
PogChamp,neither,0.03945320844208391,0.33037608806864915,0.630170703489267
Congratulations to all of you guys!,neither,0.06975119254179017,0.461609463286581,0.4686393441716288
gandsSubHype gandsSubHype gandsSubHype gandsSubHype,neither,0.03945320844208391,0.33037608806864915,0.630170703489267
Bidet one last time!,neither,0.036693396636826775,0.3999981672741537,0.5633084360890196
OMG SO LONG,neither,0.039096541910118486,0.38463887444625183,0.5762645836436298
gandsNatTwenty gandsNatTwenty gandsNatTwenty gandsNatTwenty gandsNatTwenty gandsNatTwenty gandsNatTwenty gandsNatTwenty gandsNatTwenty gandsNatTwenty gandsNatTwenty,neither,0.03945320844208391,0.33037608806864915,0.630170703489267
gandsCrit gandsCrit gandsCrit gandsCrit gandsCrit gandsCrit gandsCrit,neither,0.03945320844208391,0.33037608806864915,0.630170703489267
gandsSubHype gandsSubHype gandsSubHype gandsSubHype gandsSubHype gandsSubHype gandsSubHype gandsSubHype gandsSubHype gandsSubHype gandsSubHype gandsSubHype gandsSubHype,neither,0.03945320844208391,0.33037608806864915,0.630170703489267
"Wooo, first time I get to watch real time!",neither,0.034587389660332576,0.46175973717731056,0.5036528731623567
Omg I'm crying already,neither,0.038322691792099295,0.34956390603223775,0.6121134021756629
They're all gonna cry and we're all gonna cry,neither,0.061420724700356456,0.4099291857050671,0.5286500895945766
gandsLessthanthree gandsLessthanthree gandsLessthanthree gandsLessthanthree gandsLessthanthree gandsLessthanthree gandsLessthanthree gandsLessthanthree,neither,0.03945320844208391,0.33037608806864915,0.630170703489267
wow so long,neither,0.03909859497024413,0.3843012668765919,0.576600138153164
<3,neither,0.03945320844208391,0.33037608806864915,0.630170703489267
He is going to make me cry already ;-;,neither,0.047982124987626176,0.39517448367819596,0.5568433913341778
T_T,neither,0.03945320844208391,0.33037608806864915,0.630170703489267
I'M NOT READYYYYY,neither,0.03554889144452836,0.3454295093440936,0.619021599211378
NNNNNNOOOO,neither,0.03945320844208391,0.33037608806864915,0.630170703489267
START OF THE YEAR!!?!!?,neither,0.03833444444419794,0.3097773226178745,0.6518882329379275
AAAAAAGH!,neither,0.03945320844208391,0.33037608806864915,0.630170703489267
how does a 4 hour epilogue work?...,neither,0.02628612471123431,0.45359730165006784,0.5201165736386979
bidet from Edmonton,neither,0.04228451509352876,0.2823214250720796,0.6753940598343917
QAQ,neither,0.03945320844208391,0.33037608806864915,0.630170703489267
Enjoy Grog,neither,0.03945320844208391,0.33037608806864915,0.630170703489267
T.T,neither,0.03945320844208391,0.33037608806864915,0.630170703489267
Missing the second half of the eagles game for this,neither,0.034321558787935434,0.2684574126544066,0.6972210285576579
aaaaahhbh,neither,0.03945320844208391,0.33037608806864915,0.630170703489267
Im not crying your crying :C,neither,0.06072997956516613,0.35360560207262176,0.585664418362212
shows over folks,neither,0.03643514544948235,0.3322162645077778,0.6313485900427399
bidet from a somber sailor in san diego!!!,neither,0.04023633729525311,0.31708434762692367,0.6426793150778233
noooooooooooooooooooo,neither,0.03945320844208391,0.33037608806864915,0.630170703489267
Def gonna cryyyy,neither,0.03814406573651775,0.39076528293150214,0.57109065133198
hrpgHyperHype hrpgHyperHype hrpgHyperHype hrpgHyperHype,neither,0.03945320844208391,0.33037608806864915,0.630170703489267
bidet from Pittsburgh,neither,0.04066490145509902,0.30981049537100724,0.6495246031738937
Time for the Animal House Ending,neither,0.03329768846393953,0.3103535009178731,0.6563488106181873
aaaaaaand already crying,neither,0.03807420675512067,0.3537813456040356,0.6081444476408437
omg. ITS HERE. LOVE YOU EVERYONE,neither,0.08173771852016233,0.44750061561959853,0.47076166586023915
Hiiiiiiiiiiiiiiiiiiii,neither,0.03945320844208391,0.33037608806864915,0.630170703489267
Lets go!!,neither,0.039984317429425154,0.35542799280679366,0.6045876897637812
when?,neither,0.016601608815981862,0.4643139322190191,0.519084458964999
gandsSubHype gandsSubHype gandsSubHype gandsSubHype gandsSubHype gandsSubHype gandsSubHype gandsSubHype gandsSubHype gandsSubHype,neither,0.03945320844208391,0.33037608806864915,0.630170703489267
I'm so ready for the new campaign,neither,0.036190527671599755,0.24845583759410694,0.7153536347342934
oh good,neither,0.04716213370137962,0.24743001978374096,0.7054078465148794
gandsMatt gandsMatt gandsMatt gandsMatt gandsMatt gandsMatt gandsMatt gandsMatt,neither,0.03945320844208391,0.33037608806864915,0.630170703489267
gandsCrit gandsCrit gandsCrit gandsCrit gandsCrit gandsCrit gandsCrit gandsCrit gandsCrit gandsCrit gandsCrit gandsCrit gandsCrit gandsCrit gandsCrit gandsCrit gandsCrit gandsCrit gandsCrit gandsCrit gandsCrit gandsCrit gandsCrit gandsCrit gandsCrit gandsCrit gandsCrit gandsCrit,neither,0.03945320844208391,0.33037608806864915,0.630170703489267
BibleThump BibleThump BibleThump BibleThump BibleThump BibleThump BibleThump BibleThump,neither,0.03945320844208391,0.33037608806864915,0.630170703489267
gandsSCANLAN gandsLessthanthree gandsSCANLAN gandsLessthanthree gandsSCANLAN gandsLessthanthree gandsSCANLAN gandsLessthanthree,neither,0.03945320844208391,0.33037608806864915,0.630170703489267
YAY NEW CAMPAIGN BUT I AM STILL SAD,neither,0.03887244795935735,0.2832374994343062,0.6778900526063364
That long :9,neither,0.032665799283024786,0.39789616412917866,0.5694380365877966
START OF THE NEW YEAR?!?!,neither,0.04232120268665066,0.21416428230338125,0.7435145150099681
"Oh wow, not till Jan?!",neither,0.04244545267832064,0.2947744599789829,0.6627800873426964
The NEW YEAR,neither,0.042953926563477636,0.18480975758673407,0.7722363158497882
Here for this~,neither,0.1189655226784156,0.22564912293348105,0.6553853543881033
NEXT YEAR?,neither,0.03836193217187652,0.34889789437818775,0.6127401734499359
Yes!!!,neither,0.03945320844208391,0.33037608806864915,0.630170703489267
YEEEEE,neither,0.03945320844208391,0.33037608806864915,0.630170703489267
THIS IS FUCKING HORRIFYING. First time watching live. So much emotion,offensive_language,0.09361687540326152,0.8930946948032537,0.013288429793484912
Bidet from Kansas!,neither,0.04071751644889743,0.3089174816120565,0.6503650019390461
SO LONG,neither,0.03898271089116428,0.40399959427884585,0.55701769482999
WOOOOOOOOOOOOOOOOOO,neither,0.03945320844208391,0.33037608806864915,0.630170703489267
BibleThump BibleThump BibleThump BibleThump BibleThump BibleThump BibleThump,neither,0.03945320844208391,0.33037608806864915,0.630170703489267
I'm already crying,neither,0.03807420675512067,0.3537813456040356,0.6081444476408437
NEW YEAR,neither,0.04470596247296536,0.19636215956797595,0.7589318779590587
Nice,neither,0.03945320844208391,0.33037608806864915,0.630170703489267
really 29k for tonigt? wow,neither,0.03190950015325875,0.29275009026383547,0.6753404095829058
#ThanksVoxMachina,neither,0.03945320844208391,0.33037608806864915,0.630170703489267
SO LONG :O,neither,0.03898271089116428,0.40399959427884585,0.55701769482999
...Oh boy. Lets go friends!,neither,0.04479081799434208,0.2999310127071956,0.6552781692984624
Still not ready!!!!!!!!,neither,0.03659845862572244,0.3565468029577686,0.606854738416509
gandsSubHype gandsSubHype gandsSubHype gandsSubHype gandsSubHype,neither,0.03945320844208391,0.33037608806864915,0.630170703489267
please slow the chat!,neither,0.03861820301700926,0.31512850393153075,0.6462532930514601
gandsMatt I was here gandsMatt,neither,0.16237291887918595,0.2531150994017352,0.5845119817190788
must not cry,neither,0.03897669928152881,0.31731736303907326,0.6437059376793981
THATS TOO LONG,neither,0.03885743965756914,0.3333772391089285,0.6277653212335023
Sniffing already. So grateful for this show.,neither,0.04480875232664643,0.2926218115923775,0.662569436080976
So bittersweet,neither,0.03940934168832202,0.38195233036853654,0.5786383279431415
WELCOME TO THE LAST THURSDAY EVER,neither,0.044427952903600805,0.31312184944190774,0.6424501976544914
"you know if they decided to use new characters and travis is no longer grog ""bidet"" wont work anymore lol",neither,0.024145626483817184,0.39119439645458987,0.5846599770615929
AWESOME! :D,neither,0.03945320844208391,0.33037608806864915,0.630170703489267
Yeah Buddy,neither,0.02145469153981289,0.4574245217793169,0.5211207866808701
Bidet from Maryland!!!! NEW YEAR? HOLY SHIT,offensive_language,0.05288832514232175,0.9347206176208538,0.012391057236824503
gandsDrink gandsDrink gandsDrink gandsDrink gandsDrink gandsDrink,neither,0.03945320844208391,0.33037608806864915,0.630170703489267
NOOOO new year!!,neither,0.043105653782674995,0.23923504748319346,0.7176592987341316
BibleThump BibleThump BibleThump BibleThump BibleThump,neither,0.03945320844208391,0.33037608806864915,0.630170703489267
YAY!!!!,neither,0.03945320844208391,0.33037608806864915,0.630170703489267
matt looks like he,neither,0.05761883506832447,0.34407743185301215,0.5983037330786634
WHHHAAAATT!?!,neither,0.03945320844208391,0.33037608806864915,0.630170703489267
waaaaaahhhhhh I'm crying already,neither,0.03807420675512067,0.3537813456040356,0.6081444476408437
We love youuuuuuuuuuuuuuuuuu,neither,0.03385289298597004,0.36076020363390426,0.6053869033801257
dang that's awhile,neither,0.0349751205147877,0.3792120518198444,0.5858128276653679
NEXT YEAR? T_T,neither,0.03836193217187652,0.34889789437818775,0.6127401734499359
Cool one shots,neither,0.038503850413747945,0.3652399293053882,0.5962562202808639
Thank you for letting us join you on this adventure! Thank you so much!,neither,0.08215322623245219,0.4243825867609089,0.4934641870066389
Bidet from the UK,neither,0.039613273355342184,0.2892653269430044,0.6711213997016535
AAAAAA NO ASHLEY,neither,0.038465455673613855,0.34714083037889465,0.6143937139474915
prepare your butts,neither,0.06781516953698714,0.32250249470822684,0.6096823357547859
CRY FOR 4 HOURS,neither,0.033045370580780754,0.29838694776581015,0.6685676816534092
Is it out of synch or is it me?,neither,0.03942144381389616,0.38176953227631244,0.5788090239097915
I'm already crying...,neither,0.03807420675512067,0.3537813456040356,0.6081444476408437
yayyyyyyy,neither,0.03945320844208391,0.33037608806864915,0.630170703489267
next year?!?!,neither,0.03836193217187652,0.34889789437818775,0.6127401734499359
Mercer has already had a cry,neither,0.03877367667333838,0.34190951562085903,0.6193168077058026
already tears,neither,0.03824400498539436,0.350899426498222,0.6108565685163837
gandsSubHype gandsSubHype gandsSubHype,neither,0.03945320844208391,0.33037608806864915,0.630170703489267
new year? aw man,neither,0.04357307111392315,0.29957883645095784,0.656848092435119
gandsSubHype gandsSubHype gandsSubHype gandsSubHype gandsSubHype gandsSubHype gandsSubHype gandsSubHype,neither,0.03945320844208391,0.33037608806864915,0.630170703489267
